h1,h2,h3,h4,h5,h6,h7,h8,h9,h10,h11,h12,h13,h14,h15,h16,h17,h18,h19,h20,h21,h22,h23,h24,h25,h26,h27,h28,h29,h30,h31,h32,h33,h34,h35,h36,h37,h38,h39,h40,h41,h42,h43,h44,h45,h46,h47,h48,label
0,0,0,0,0,100,0,0,0,0,0,0,0,0,0,0,100,0,0,0,0,0,0,0,0,0,0,100,0,0,0,0,0,0,0,1,0,0,0,0,1,0,0,0,0,1,0,0,0
0,0,0,0,0,100,0,0,0,0,0,0,0,0,0,0,100,0,0,0,0,0,0,0,0,0,0,100,0,0,0,0,0,0,0,1,0,0,0,0,1,0,0,0,0,1,0,0,0
0,0,1.0385,0,0,89.442,0,0,9.5196,0,0,2.077,0,0,0,0,90.48,0,0,0,1.0385,6.4041,0,0,1.0385,0,0,89.442,0,0,1.0385,2.077,6.4041,0,0,1,0,0,0,0,1,0,0,0,0,1,0,0,0
0.99134,1.7147,0,1.1158,1.1158,80.9,0.99134,11.621,0.55791,0,0.99134,0.55791,6.0848,0.55791,0.55791,1.1158,79.351,0.55791,2.1072,2.1482,4.2553,2.7061,3.5319,4.2553,7.3661,0.99134,0,79.351,0,1.1158,1.7147,1.6737,0,0,0,1,0,0,0,0,1,0,0,0,0,1,0,0,0
1.1261,0.54702,0,1.094,1.094,81.292,4.0317,9.1416,0.54702,0,1.1261,1.9999,2.2201,0.54702,1.9999,4.7014,78.166,1.9999,2.2201,1.1261,3.3462,1.6731,5.3781,9.8592,3.6409,1.1261,0,76.714,0,1.094,0.54702,1.6411,0,0,0,1,0,0,0,0,1,0,0,0,0,1,0,0,0
0,0,0,0,0,98.862,0,1.1375,0,0,0,0,0,0,0,1.1375,98.862,0,0,0,0,0,0,1.1375,0,0,0,98.862,0,0,0,0,0,0,0,1,0,0,0,0,1,0,0,0,0,1,0,0,0
0,0,0,0,0,100,0,0,0,0,0,0,0,0,0,0,100,0,0,0,0,0,0,0,0,0,0,100,0,0,0,0,0,0,0,1,0,0,0,0,1,0,0,0,0,1,0,0,0
0,0,0,0,0,100,0,0,0,0,0,0,0,0,0,0,100,0,0,0,0,0,0,0,0,0,0,100,0,0,0,0,0,0,0,1,0,0,0,0,1,0,0,0,0,1,0,0,0
0,1.1927,0,0,0,90.94,0,7.8674,0,0,0,0,1.0885,0,0,4.3935,90.94,0,0,1.1927,1.1927,1.1927,0,5.5862,2.2812,0,0,90.94,0,0,1.1927,0,0,0,0,1,0,0,0,0,1,0,0,0,0,1,0,0,0
1.8736,9.2216,1.249,8.5485,4.9286,40.765,5.3951,21.915,4.3021,0.70891,1.092,4.2744,7.7619,5.221,5.9112,8.8015,41.539,4.3574,5.792,4.4888,6.1627,5.6905,10.677,16.672,16.01,1.9029,0.40999,34.002,1.1284,4.5091,6.1282,7.8137,0.74646,0,0.013889,0.98611,0,0,0,0,0.66667,0.083333,0.25,0,0,0.70833,0.29167,0,0
0,1.7422,0,0,0,93.505,0,4.7533,0,0,0,0,0,0,0,0,93.505,0,0,1.7422,1.7422,3.0111,0,1.7422,1.7422,0,0,93.505,0,0,1.7422,0,1.2689,0,0,1,0,0,0,0,1,0,0,0,0,1,0,0,0
2.4019,6.5851,0,6.7292,1.9079,55.458,1.9033,19.675,2.7945,0,2.5449,2.7945,5.8717,4.0188,2.5158,4.4597,57.066,1.8742,4.7315,4.1837,5.0729,7.411,11.342,12.53,7.9439,3.1023,0,52.102,0,1.9079,2.7945,6.0625,2.2145,0,0,1,0,0,0,0,1,0,0,0,0,1,0,0,0
0,0,0,0,0,93.229,5.8105,0.96015,0,0,0,1.5224,0.96015,2.7658,1.5224,2.7658,88.941,1.5224,0,0,0,0,1.5224,8.5763,2.4825,0,0,87.419,0,0,0,0,0,0,0,1,0,0,0,0,1,0,0,0,0,1,0,0,0
0,0,0,0,0,97.666,2.3344,0,0,0,0,0,0,2.3344,0,2.3344,95.331,0,0,0,0,0,0,4.6688,0,0,0,95.331,0,0,0,0,0,0,0,1,0,0,0,0,1,0,0,0,0,1,0,0,0
1.1095,3.755,2.0719,4.3469,4.6954,66.387,6.3891,7.3515,1.3442,1.4398,1.1095,0.59182,5.5981,5.0541,5.1949,7.5546,62.579,1.6278,3.0455,2.8978,4.155,1.7013,8.1844,13.767,5.7373,1.7969,0,58.38,3.1632,3.6594,2.7841,2.5279,0,0,0.028571,0.97143,0,0,0,0,0.88571,0.042857,0.071429,0,0,0.88571,0.11429,0,0
0,2.1264,1.6388,2.1264,2.2923,86.041,5.1221,0,0,0.65347,0,1.7416,1.4729,2.2923,4.5215,2.1264,84.465,2.561,0,0.81941,0,0,4.0339,8.7213,2.561,0.65347,0,79.778,2.1264,1.4729,0.65347,0,0,0,0.046875,0.95312,0,0,0,0,0.90625,0.0625,0.03125,0,0,0.92188,0.078125,0,0
0,0,0,0,0,100,0,0,0,0,0,0,0,0,0,0,100,0,0,0,0,0,0,0,0,0,0,100,0,0,0,0,0,0,0,1,0,0,0,0,1,0,0,0,0,1,0,0,0
0,0,0,0,0,100,0,0,0,0,0,0,0,0,0,0,100,0,0,0,0,0,0,0,0,0,0,100,0,0,0,0,0,0,0,1,0,0,0,0,0.98438,0.015625,0,0,0,1,0,0,0
0,0,0,0,0,98.365,1.6354,0,0,0,0,0,0,1.6354,0,1.6354,96.729,0,0,0,0,0,0,3.2708,0,0,0,96.729,0,0,0,0,0,0,0,1,0,0,0,0,0.77551,0.12245,0.10204,0,0,0.81633,0.18367,0,0
0,0,0,0,0,96.656,0,0,3.344,0,0,1.1147,0,0,0,0,96.656,1.1147,0,0,0,1.1147,0,0,0,0,0,96.656,0,0,0,2.2293,1.1147,0,0,1,0,0,0,0,0.13559,0.10169,0.76271,0,0,0.13559,0.86441,0,1
4.0815,15.787,1.8237,8.2776,2.6849,30.676,8.0528,17.133,4.7463,2.5513,4.1863,2.6541,6.8627,6.7907,7.5238,11.702,34.794,2.9543,6.68,6.9283,7.4082,5.7018,16.942,23.514,13.886,4.4873,1.0076,22.574,2.6377,2.6181,7.2294,3.9885,1.1154,0,0,1,0,0,0,0,0,0,1,0,0,0,1,0,1
2.9039,16.584,1.7676,13.884,7.2797,30.993,5.1812,7.5236,3.7779,9.2724,0.83245,1.3174,7.6313,7.4609,20.022,22.415,23.275,2.8828,5.7582,2.2662,5.7985,1.1731,12.871,29.349,6.1857,6.4429,1.7676,8.4136,11.98,8.6003,10.409,3.7774,0.20212,0,0,1,0,0,0,0,0,0,1,0,0,0,1,0,1
6.1583,19.767,1.6562,6.4152,3.2965,33.166,4.6264,16.421,2.76,1.4052,4.3284,1.9122,9.157,10.279,4.7719,11.239,32.815,2.4413,6.7314,8.8105,7.2876,4.5558,12.5,23.381,16.861,2.1116,1.1925,26.171,1.2789,3.3678,4.5153,8.3309,0.2905,0,0,1,0,0,0,0,0,0,1,0,0,0,1,0,1
4.4037,18.366,4.0794,14.664,9.1783,26.788,6.4234,6.2623,2.9733,5.6141,1.2472,1.2767,10.099,10.995,18.398,18.416,25.52,3.2004,3.7954,3.9894,3.1181,1.1911,13.692,29.808,10.131,6.7542,1.1225,7.9963,11.751,7.6999,8.5875,2.1622,0.29584,0,0,1,0,0,0,0,0,0,1,0,0,0,1,0,1
3.2158,3.2158,0,0,0,93.568,0,0,0,0,0,0,0,3.2158,0,3.2158,93.568,0,0,0,0,0,0,3.2158,3.2158,0,0,93.568,0,0,0,0,0,0,0,1,0,0,0,0,1,0,0,0,0,1,0,0,0
0,0,0,0,0,83.226,0,0,16.774,0,0,4.165,4.2793,0,0,0,83.226,2.0253,2.1397,0,0,4.165,0,0,0,0,0,83.226,0,0,4.2793,8.33,4.165,0,0.016807,0.98319,0,0,0,0,0.96639,0.033613,0,0,0,0.98319,0.016807,0,0
5.1934,4.5406,1.7786,0.65281,0,76.029,0.65281,5.0136,1.7786,2.2516,2.1092,2.1092,3.4148,0.65281,0,7.918,75.556,1.7786,5.0136,0.65281,2.9044,0,2.4314,12.789,1.9584,2.762,1.7786,74.25,0,1.1258,1.7786,1.1258,0,0,0,1,0,0,0,0,1,0,0,0,0,1,0,0,0
0,0,0,0,0,81.484,0,0,18.516,0,0,3.7033,4.6226,1.8498,0,0,81.484,2.784,0.9193,0,0.9342,3.7033,0,0,0,0,0,81.484,0,0,4.6226,10.191,3.7033,0,0,1,0,0,0,0,1,0,0,0,0,1,0,0,0
0,0,0,0,0,100,0,0,0,0,0,0,0,0,0,0,100,0,0,0,0,0,0,0,0,0,0,100,0,0,0,0,0,0,0,1,0,0,0,0,1,0,0,0,0,1,0,0,0
0,0,0,0,0,100,0,0,0,0,0,0,0,0,0,0,100,0,0,0,0,0,0,0,0,0,0,100,0,0,0,0,0,0,0,1,0,0,0,0,1,0,0,0,0,1,0,0,0
0,0,0,0,0,100,0,0,0,0,0,0,0,0,0,0,100,0,0,0,0,0,0,0,0,0,0,100,0,0,0,0,0,0,0,1,0,0,0,0,1,0,0,0,0,1,0,0,0
0,0,0,0,0,100,0,0,0,0,0,0,0,0,0,0,100,0,0,0,0,0,0,0,0,0,0,100,0,0,0,0,0,0,0,1,0,0,0,0,1,0,0,0,0,1,0,0,0
0,0,0,0,0,100,0,0,0,0,0,0,0,0,0,0,100,0,0,0,0,0,0,0,0,0,0,100,0,0,0,0,0,0,0,1,0,0,0,0,1,0,0,0,0,1,0,0,0
0,0,0,0,0,100,0,0,0,0,0,0,0,0,0,0,100,0,0,0,0,0,0,0,0,0,0,100,0,0,0,0,0,0,0,1,0,0,0,0,1,0,0,0,0,1,0,0,0
0,0,0,0,0,100,0,0,0,0,0,0,0,0,0,0,100,0,0,0,0,0,0,0,0,0,0,100,0,0,0,0,0,0,0,1,0,0,0,0,1,0,0,0,0,1,0,0,0
0,0,0,1.1172,1.185,86.119,2.3022,4.6723,4.6044,0,0,5.7216,1.185,1.185,0,1.1172,85.069,1.185,2.3022,0,1.1172,1.1172,3.4872,5.7895,1.1172,2.3022,1.1172,85.002,0,0,1.185,0,0,0,0,1,0,0,0,0,1,0,0,0,0,1,0,0,0
0,0,1.0952,1.9424,0,84.812,1.9424,5.2279,4.98,0,0,6.9225,1.0952,0,1.0952,1.9424,79.832,0,1.9424,0,1.9424,5.2279,1.9424,7.1704,3.0376,4.1328,1.9424,81.774,0,0,0,0,0,0,0,1,0,0,0,0,1,0,0,0,0,1,0,0,0
0,0,10.322,15.388,7.4054,45.882,1.9467,13.609,5.4467,0,0,8.3649,7.0269,3.153,4.4813,10.667,39.852,6.9485,3.123,2.3377,5.1935,8.8523,3.0468,9.9736,2.167,9.2433,2.9374,32.406,5.1514,5.0654,7.4279,14.479,8.1025,0,0,1,0,0,0,0,1,0,0,0,0,1,0,0,0
0,0,2.2523,0.98941,0,80.432,0.98941,9.4258,5.9106,0,0,5.2205,2.2523,0,3.9318,0.98941,76.201,0,2.6689,0,0.98941,7.7463,4.3483,8.7358,3.2417,5.494,0.98941,77.191,0,0,0,0,0,0,0,1,0,0,0,0,1,0,0,0,0,1,0,0,0
0,0,8.0636,14.811,4.1873,52.869,2.7947,10.176,7.0982,0,0,8.1208,4.4358,1.4444,5.3478,7.6238,45.253,4.4149,4.0243,3.7362,8.0927,7.5062,5.612,7.7124,3.5687,5.8744,3.5316,40.864,3.7985,2.8314,7.3313,11.617,7.2589,0,0,1,0,0,0,0,1,0,0,0,0,1,0,0,0
0,0,0.85603,0,0,88.558,0,6.149,4.437,0,0,0.85603,0.85603,0,4.437,0,87.702,0,3.5809,0,0,2.5681,7.1619,2.5681,0.85603,1.7121,0,87.702,0,0,0,0,0,0,0,1,0,0,0,0,1,0,0,0,0,1,0,0,0
0,0,3.3588,3.1652,0.41541,78.846,1.8573,7.2824,5.0754,0,0,2.6466,1.8553,0,2.9829,0.79129,77.186,0.75177,0.79129,2.6486,4.13,6.2164,2.2332,6.867,3.2971,3.3346,1.1672,75.368,0.37589,0,2.6881,2.7102,1.9585,0,0,1,0,0,0,0,1,0,0,0,0,1,0,0,0
0,0,0,0,0,97.507,0,1.2464,1.2464,0,0,0,0,0,1.2464,0,97.507,0,1.2464,0,0,0,2.4929,0,0,0,0,97.507,0,0,0,0,0,0,0,1,0,0,0,0,1,0,0,0,0,1,0,0,0
0,0,0,0,0,96.525,0,1.7373,1.7373,0,0,0,0,0,1.7373,0,96.525,0,1.7373,0,0,0,3.4747,0,0,0,0,96.525,0,0,0,0,0,0,0,1,0,0,0,0,1,0,0,0,0,1,0,0,0
0,0,0,0,0,100,0,0,0,0,0,0,0,0,0,0,100,0,0,0,0,0,0,0,0,0,0,100,0,0,0,0,0,0,0,1,0,0,0,0,1,0,0,0,0,1,0,0,0
0,0,0,0,0,100,0,0,0,0,0,0,0,0,0,0,100,0,0,0,0,0,0,0,0,0,0,100,0,0,0,0,0,0,0,1,0,0,0,0,1,0,0,0,0,1,0,0,0
0,0,0,0,0,100,0,0,0,0,0,0,0,0,0,0,100,0,0,0,0,0,0,0,0,0,0,100,0,0,0,0,0,0,0,1,0,0,0,0,1,0,0,0,0,1,0,0,0
0,0,0,0,0,100,0,0,0,0,0,0,0,0,0,0,100,0,0,0,0,0,0,0,0,0,0,100,0,0,0,0,0,0,0,1,0,0,0,0,1,0,0,0,0,1,0,0,0
0,0,0,0,0,98.603,0,1.3966,0,0,0,0,0,0,0,0,98.603,0,0,0,0,1.3966,0,0,0,0,0,98.603,0,0,0,0,1.3966,0,0,1,0,0,0,0,1,0,0,0,0,1,0,0,0
1.1177,3.7526,0,3.5451,0,80.783,0,9.5881,1.2137,0,0,2.2614,1.7245,2.1653,0.60687,0,82.093,0.60687,0.60687,3.8226,1.5873,4.5256,4.6628,3.9187,3.2419,1.2137,0,79.665,0,0,3.8487,2.8422,0.60687,0,0,1,0,0,0,0,1,0,0,0,0,1,0,0,0
0,0,0,0,0,98.951,0,1.0487,0,0,0,0,0,0,0,0,98.951,0,0,0,0,1.0487,0,0,0,0,0,98.951,0,0,0,0,1.0487,0,0,1,0,0,0,0,1,0,0,0,0,1,0,0,0
0,0.8068,0,0,0,94.575,0,3.6191,0.99951,0,0,1.8063,0,0.8068,0,0,95.574,0,0,0,0,1.8128,0.99951,0,1.8063,0,0,94.575,0,0,0.8068,0,1.8128,0,0,1,0,0,0,0,1,0,0,0,0,1,0,0,0
0,0,0,0,1.232,86.386,1.232,5.3592,5.7904,0,0,7.4536,1.232,1.232,0,0,87.618,1.232,1.232,0,0,0,2.464,5.3592,0,4.5584,0,86.386,0,0,1.232,0,0,0,0,1,0,0,0,0,1,0,0,0,0,1,0,0,0
0,0,0,0,0,92.621,0,2.4598,4.9196,0,0,7.3794,0,0,0,0,92.621,0,0,0,0,0,0,2.4598,0,4.9196,0,92.621,0,0,0,0,0,0,0,1,0,0,0,0,1,0,0,0,0,1,0,0,0
0,0,11.833,14.473,9.868,43.109,3.2009,8.705,8.8115,0,0,13.875,2.1032,3.0052,3.4709,11.958,38.342,6.2658,5.2445,3.37,5.4207,6.945,2.4354,7.7925,1.9337,12.795,5.5336,28.768,4.5457,4.9091,5.7512,17.053,8.4822,0,0,1,0,0,0,0,1,0,0,0,0,1,0,0,0
0,0,9.2318,7.9027,6.3369,58.096,3.3506,8.413,6.6695,0,0,8.0488,1.7118,3.3639,2.7401,6.0177,57.909,6.7976,4.6982,2.1895,2.7401,3.7832,4.2205,8.1218,0.55068,8.5264,3.8282,49.137,2.1445,2.9863,3.6101,10.902,5.9727,0,0,1,0,0,0,0,1,0,0,0,0,1,0,0,0
0,0,0,0,0,99.021,0,0.9785,0,0,0,0,0,0,0,0,99.021,0.9785,0,0,0,0,0,0.9785,0,0,0,99.021,0,0,0,0,0,0,0,1,0,0,0,0,1,0,0,0,0,1,0,0,0
0,0,0,0,0,93.975,0,4.3315,1.6931,0,0,1.6931,0,0,0,0,95.668,2.6385,0,0,0,0,1.6931,2.6385,1.6931,0,0,93.975,0,0,0,0,0,0,0,1,0,0,0,0,1,0,0,0,0,1,0,0,0
0,0,0,0,0,89.394,0,4.6138,5.9918,0,0,8.9877,0,0,0,0,89.394,1.6179,0,0,0,0,0,4.6138,0,5.9918,0,89.394,0,0,0,0,0,0,0,1,0,0,0,0,1,0,0,0,0,1,0,0,0
1.7022,6.7918,6.3573,11.658,9.6288,31.432,4.7611,6.5032,9.8452,8.5654,2.7558,12.267,1.7022,0.3425,8.8998,9.476,26.838,6.0111,6.043,12.709,4.1958,11.516,8.0494,19.256,3.52,9.9077,0.44568,20.172,8.8383,9.732,12.361,3.1205,4.5975,0,0,1,0,0,0,0,0.94286,0.057143,0,0,0,0.94286,0.057143,0,0
3.2253,10.093,0.58036,12.467,1.4808,30.626,2.5517,28.988,6.7154,0.38352,2.8894,8.0465,7.0462,4.5493,4.6197,5.7962,41.583,3.7304,6.8494,2.9549,4.5539,10.27,15.09,17.378,12.533,7.2674,0.58036,28.228,0.38352,1.4808,9.1982,4.6309,3.2303,0,0.045977,0.95402,0,0,0,0,0.75862,0.045977,0.1954,0,0,0.75862,0.24138,0,0
6.5643,10.675,1.4633,5.3797,0,57.804,1.3324,11.398,3.0525,1.2966,1.0349,2.8921,4.3283,7.1414,1.3121,7.3429,60.797,2.2579,3.4237,4.1051,2.629,3.7702,8.7468,13.203,9.2145,2.4042,1.4633,54.954,0,0.64832,4.3554,4.2156,0.79461,0,0.011905,0.9881,0,0,0,0,0.85714,0.059524,0.083333,0,0,0.86905,0.13095,0,0
0,2.3031,0,0,0,88.894,0.83994,5.1153,2.0075,0.83994,0,5.9905,0,2.3031,0,0.83994,90.062,0,0,0,0,0.80473,2.0075,1.6799,4.3106,0.83994,0,88.054,0,0,2.3031,0,0.80473,0,0,1,0,0,0,0,1,0,0,0,0,1,0,0,0
0.62257,1.3941,3.4617,3.4108,6.9744,62.29,5.7574,4.0724,5.4156,4.5332,2.0676,6.8606,0.62257,0,5.9782,3.4617,63.546,2.9901,1.3941,6.7498,4.0125,4.3842,5.4665,13.158,2.95,2.7882,0.62257,56.461,4.0843,7.597,4.0334,1.4451,1.3941,0,0,1,0,0,0,0,0.9596,0.040404,0,0,0,0.92929,0.070707,0,0
1.979,1.979,0,0,0,94.943,0,0.54969,0,0,0.54969,0.54969,0.54969,1.4293,0,1.979,94.943,0,0.54969,0,0,0,0,3.0784,1.4293,0.54969,0,94.943,0,0,0,0,0,0,0,1,0,0,0,0,1,0,0,0,0,1,0,0,0
0,0,0,0,0,90.167,0,0,9.8327,0,0,1.9665,1.9665,0,0,0,90.848,1.2855,0,0,1.9665,1.9665,0,0,0,0,0,90.167,0,0,1.2855,6.5806,1.9665,0,0,1,0,0,0,0,1,0,0,0,0,1,0,0,0
0,0,0,0,0,100,0,0,0,0,0,0,0,0,0,0,100,0,0,0,0,0,0,0,0,0,0,100,0,0,0,0,0,0,0,1,0,0,0,0,1,0,0,0,0,1,0,0,0
0,0,0,0,0,95.308,0,0,4.6921,0,0,0.93843,0.93843,0,0,0,96.246,0,0,0,0.93843,0.93843,0,0,0,0,0,95.308,0,0,0,3.7537,0.93843,0,0,1,0,0,0,0,1,0,0,0,0,1,0,0,0
2.2824,2.5768,5.7713,4.5295,12.77,34.198,13.742,9.3202,4.6345,4.5432,5.6323,9.3308,1.9001,0.27719,6.9345,8.0987,33.317,9.0613,2.2831,7.3122,10.934,10.551,8.0311,28.368,5.1389,2.3108,1.584,19.931,8.1448,13.503,5.967,5.3563,1.6654,0,0,0.72,0.28,0,0,0,0,1,0,0,0,0,1,0,1
1.0283,11.201,9.4955,8.3393,7.8716,31.576,7.7194,2.8696,7.1992,5.9132,6.787,6.4407,0.50946,1.469,6.7184,7.5354,27.448,9.9758,5.0382,11.248,6.9704,16.647,10.098,21.4,7.2,4.9036,1.5472,17.127,6.863,7.1715,12.401,4.5215,6.7672,0,0,0.33871,0.66129,0,0,0,0,1,0,0,0,0,1,0,1
3.8911,4.7367,7.742,11.463,10.089,28.946,5.6984,3.2022,8.5746,11.03,4.6283,10.415,3.4097,0.22772,10.351,9.2541,19.088,12.345,4.5957,12.005,2.7335,15.575,5.3989,23.944,1.9546,7.6803,3.7159,11.031,11.341,12.855,15.254,1.9489,4.8759,0,0,0.11864,0.88136,0,0,0,0,1,0,0,0,0,1,0,1
4.3535,6.6334,13.119,7.7702,9.9875,26.213,4.2304,7.6152,8.9723,5.8461,5.2598,7.9997,4.2057,2.5049,4.2762,11.944,15.566,17.354,5.0125,7.2106,8.2918,15.635,6.7345,23.423,6.9393,4.7281,6.3481,5.4673,10.113,10.236,11.662,7.2578,7.0912,0,0,0.073529,0.91176,0.014706,0,0,0.014706,0.98529,0,0,0,0,0.98529,0.014706,1
0,0,0,0,0,98.014,0.99296,0,0,0.99296,0,1.9859,0,0,0,0.99296,97.021,0,0,0,0,0,0,1.9859,0,0.99296,0,97.021,0,0,0,0,0,0,0,1,0,0,0,0,0.98864,0.011364,0,0,0,0.97727,0.022727,0,0
0,0,1.9851,0,0,86.472,0,0,11.543,0,0,5.9273,1.9002,0,0,0,87.379,0.99256,0,0,1.9002,1.9002,0,0.99256,0.99256,0,0,86.472,0,0,0.99256,4.6232,5.9273,0,0,1,0,0,0,0,1,0,0,0,0,1,0,0,0
1.7132,10.495,16.545,3.4431,10.656,32.107,2.3313,1.0841,10.881,5.6922,5.051,4.4632,6.1241,3.7891,4.6147,10.274,19.499,20.231,5.5852,7.1762,10.693,7.55,9.156,12.467,9.4392,2.353,11.664,5.9957,11.253,12.078,9.1122,8.6434,7.8382,0,0,0,0,1,0,0,1,0,0,0,0,0,0,1,1
0,0,2.9121,0,0,81.503,0,0,15.585,0,0,12.673,1.456,0,0,0,81.503,1.456,0,0,1.456,1.456,0,1.456,1.456,0,0,81.503,0,0,1.456,1.456,12.673,0,0,1,0,0,0,0,1,0,0,0,0,0.97297,0.027027,0,0
0,0,17.675,20.094,7.3523,33.852,3.2075,8.904,8.9151,0,0,11.57,4.4637,4.5636,6.8427,9.5344,28.112,5.7479,6.0166,5.0011,8.2525,9.895,4.7065,10.635,3.9041,8.6932,5.0237,16.232,6.5518,2.977,9.7497,19.235,12.291,0,0,0,0.041667,0.95833,0.95833,0.041667,0,0,0,0,0,0,0.041667,0.95833,1
0,0,13.813,24.409,13.013,28.538,3.1376,11.145,5.9452,0,0,11.799,5.9745,2.2293,4.3244,14.208,27.784,9.7547,5.93,3.6537,5.0612,9.281,4.1619,9.0104,1.0343,10.099,4.4681,10.234,9.0129,6.3631,8.7198,22.706,14.19,0,0,0,0,1,1,0,0,0,0,0,0,0,0,1,1
0,0,16.932,20.863,5.2349,32.042,1.6144,13.226,10.088,0,0,9.364,7.2319,1.8883,9.6546,10.934,28.457,7.6757,4.0392,3.5996,5.3669,11.789,4.3503,10.718,3.7659,8.3394,4.7164,18.573,6.5154,4.4676,6.0033,20.367,12.184,0,0,0.42105,0.21053,0.36842,0.36842,0.26316,0.36842,0,0,0,0,0.36842,0.28947,0.34211,1
0,0,14.95,23.059,5.1727,36.572,2.9572,12.266,5.0238,0,0,8.7304,7.0147,1.6955,5.8917,9.6825,32.803,3.208,3.9502,5.5765,10.573,10.875,4.6782,9.652,3.3679,8.3044,2.7086,20.352,4.9401,2.8,10.992,19.187,13.018,0,0,0,0.054054,0.94595,0.95946,0.040541,0,0,0,0,0,0,0.054054,0.94595,1
0,0,0,0,0,86.515,0,9.0438,4.4414,0,0,0,0,0,0,0,86.515,4.6024,0,0,4.4414,4.4414,0,4.6024,0,4.4414,0,86.515,0,0,4.4414,0,0,0,0,0.77273,0.11364,0.11364,0.11364,0.15909,0.72727,0,0,0,0,0.72727,0.15909,0.11364,0
2.1819,6.0185,11.414,7.2987,5.5495,36.122,2.6578,9.2679,11.246,4.2871,3.9558,7.0231,2.1819,4.4429,3.1378,9.6315,29.338,12.877,4.2035,6.5054,7.5551,13.105,5.4294,21.652,8.4399,5.3841,0,24.036,6.582,3.6494,13.619,5.941,5.2678,0,0,1,0,0,0,0,0.96262,0.037383,0,0,0,0.94393,0.056075,0,0
0,0,0,0,0,97.67,0,1.1648,1.1648,0,0,0,0,0,0,0,97.67,1.1648,0,0,0,1.1648,0,0,0,0,0,97.67,0,0,0,2.3295,0,0,0,0.98571,0,0.014286,0.014286,0.014286,0.97143,0,0,0,0,0.97143,0.014286,0.014286,0
0,0,3.1316,0,0,92.514,0,2.1772,2.1772,0,0,0,0,3.1316,0,0,92.514,0,0,0,2.1772,2.1772,0,0,3.1316,2.1772,0,92.514,0,0,2.1772,0,0,0,0,0.89773,0.056818,0.045455,0.045455,0.068182,0.88636,0,0,0,0,0.88636,0.068182,0.045455,0
0,0,11.556,14.728,2.2797,51.56,0.93461,12.591,6.3506,0,0,6.7811,5.6829,0.34585,9.1705,5.5588,45.359,3.7322,3.3982,3.0628,4.1745,12.734,5.3779,8.1563,2.9184,7.942,3.3217,41.897,2.2055,1.3451,4.8714,13.737,8.2271,0,0,1,0,0,0,0,1,0,0,0,0,1,0,0,0
0,0,7.3149,7.2808,0.49555,69.941,2.2889,6.0985,6.5801,0,0,3.2482,2.8007,0,4.2253,2.8007,70.585,1.4727,1.2319,3.5208,5.0733,5.0415,3.8096,5.603,3.0252,2.5119,1.9682,65.702,0.73633,0,4.0644,7.8105,4.7689,0,0,1,0,0,0,0,1,0,0,0,0,1,0,0,0
0,0,0,0,0,87.978,1.3769,6.6107,4.0346,0,0,0,0,0,1.2808,0,88.067,0,1.2808,1.3769,2.7539,5.2411,3.9384,4.0419,1.3769,1.288,0,87.978,0,0,1.3769,0,0,0,0,1,0,0,0,0,1,0,0,0,0,1,0,0,0
0,0,0,0,0,90.782,0.79893,6.8209,1.5979,0,0,0,0,0,0,0,88.97,0,0,0.79893,1.5979,8.6335,0.79893,4.2094,0.79893,2.6115,0,90.782,0,0,0.79893,0,0,0,0,1,0,0,0,0,1,0,0,0,0,1,0,0,0
0,0,0,0,0,92.548,0,6.3173,1.1344,0,0,0,0,0,0,0,89.957,1.1344,0,0,0,8.9087,0,2.5914,0,2.5914,0,92.548,0,0,0,2.2689,0,0,0,1,0,0,0,0,1,0,0,0,0,1,0,0,0
0,1.7694,0,0,0,93.046,0,2.5921,2.5921,0,0,0,0,0,0,0,92.162,2.5921,0.8847,0,0,4.3615,0,0.8847,0.8847,0.8847,0,92.162,0,0,0,5.1842,0,0,0,1,0,0,0,0,1,0,0,0,0,1,0,0,0
0.76814,0,1.5363,0.76814,0.76814,86.562,0.76814,5.4113,3.4179,0,0,5.1567,2.3044,0,0,0,85.565,1.6077,0,0.76814,0,4.5978,3.0726,1.7648,2.5783,0.9967,0,86.562,0,0,0,5.0255,0,0,0,1,0,0,0,0,1,0,0,0,0,1,0,0,0
1.6206,6.4008,6.4459,2.6944,7.189,32.705,6.8551,18.666,11.713,5.7111,0,10.671,6.608,0,1.2289,2.8751,45.368,11.196,3.7161,1.9948,4.5108,11.831,11.418,9.7565,14.622,11.645,0,27.929,0,4.7936,5.7111,14.124,0,0,0.021053,0.97895,0,0,0,0,0.97895,0.021053,0,0,0.021053,0.97895,0,0,0
0,1.0069,1.8975,2.0139,3.6787,72.476,6.2442,3.301,3.4235,5.0673,0.8906,7.6017,0,0,4.3141,3.5414,70.197,2.4104,1.0069,5.321,3.1908,2.4165,3.3071,15.132,0.8906,3.6577,0,67.525,1.8975,3.6787,2.0139,0.8906,1.0069,0,0,1,0,0,0,0,1,0,0,0,0,1,0,0,0
3.0684,8.8765,6.1903,11.113,6.3,37.224,5.6686,7.6425,5.927,2.3549,5.6348,5.2378,3.3205,2.6662,3.6868,7.9054,27.783,10.963,7.674,6.4069,6.5098,17.847,9.1943,16.499,4.1908,6.099,3.5515,21.149,9.8587,6.9173,11.87,6.5647,4.1059,0,0,0.56579,0.42105,0.013158,0,0,0.013158,0.98684,0,0,0,0,0.98684,0.013158,1
0,6.1024,8.6538,1.9987,1.0525,68.713,1.9987,1.4135,6.481,1.0525,2.5338,2.5338,0,4.0151,0,2.105,68.713,6.12,3.48,1.0525,2.466,9.5146,8.0125,7.69,4.6388,3.4122,0,66.608,0,0,3.5184,4.0151,2.105,0,0,1,0,0,0,0,1,0,0,0,0,1,0,0,0
7.7226,5.0102,10.022,2.5198,6.8149,52.287,2.1987,0,7.7964,4.3371,1.2918,12.02,1.5373,3.8135,0,3.131,46.745,13.413,8.0304,1.8698,4.6872,4.7529,6.6394,8.7099,6.7903,3.9851,9.9803,32.55,6.3065,9.599,2.6563,6.9272,5.8563,0,0,1,0,0,0,0,1,0,0,0,0,1,0,0,0
6.0918,7.174,20.149,1.1927,7.8239,36.066,2.552,0,8.3338,4.7928,5.8244,9.6751,4.2974,2.7622,1.6031,6.1942,27.107,18.055,7.6655,6.6865,9.9017,6.0527,11.392,12.091,9.6142,2.2899,13.726,10.081,7.6237,11.566,4.3794,10.083,7.1543,0,0,0,0,1,0,0,1,0,0,0,0,0,0,1,1
4.8424,4.6837,18.728,2.6969,7.6893,39.735,2.8817,0,12.676,2.84,3.2276,13.328,3.3599,6.3105,0,4.3232,35.208,16.682,5.0449,3.9044,8.9303,2.9083,10.6,13.588,5.9506,5.5786,13.799,23.764,2.1034,4.2393,2.4383,11.957,5.9818,0,0,0.052632,0.078947,0.86842,0,0,1,0,0,0,0,0.052632,0.078947,0.86842,1
9.2072,0,0,3.2401,4.6036,68.709,0,0,12.877,1.3635,0,18.566,0,0,0,2.8783,67.345,2.727,2.727,0,0,5.7567,3.2401,3.2401,1.3635,3.2401,4.6036,63.255,2.727,4.0904,2.8783,4.2418,7.1202,0,0,1,0,0,0,0,1,0,0,0,0,1,0,0,0
0,2.2384,1.5997,0,0,94.718,0,0.72178,0.72178,0,0,0,0,1.5997,0,0,93.599,0.72178,1.1192,0,0,2.9601,0,1.1192,2.7189,1.1192,0,93.599,0,0,0,1.4436,0,0,0,1,0,0,0,0,1,0,0,0,0,1,0,0,0
2.0451,0,5.7891,1.0226,1.0226,86.344,0,0,2.5178,0,1.2589,5.3492,0,4.5302,0,0,86.344,2.5178,1.2589,0,0,0,3.5404,2.2815,3.2713,1.0226,1.0226,86.344,0,0,0,2.5178,0,0,0,1,0,0,0,0,1,0,0,0,0,1,0,0,0
4.4122,2.1871,3.6142,1.072,1.072,68.582,2.9507,7.5813,6.9008,1.6275,0,3.2121,3.6183,0,0.55953,1.1191,73.407,4.0775,0.96799,1.072,3.1891,8.777,7.4709,6.5482,4.3271,6.142,0,68.174,0,0,1.6275,5.7106,0,0,0,1,0,0,0,0,1,0,0,0,0,1,0,0,0
0.91597,2.5499,0,0,0,94.702,0,0.91597,0.91597,0,0,0,0,0,0,0,93.427,0,1.2749,0,0.91597,4.3818,0.91597,2.1909,1.2749,2.1909,0,93.427,0,0,0,0,0,0,0,1,0,0,0,0,1,0,0,0,0,1,0,0,0
6.5122,0,2.0754,2.5178,2.5178,84.301,0,0,1.3836,0,0.69181,12.24,0,1.3836,0,0,84.301,1.3836,0.69181,0,0,0,3.9014,3.2096,2.1685,2.5178,2.5178,84.301,0,0,0,1.3836,0,0,0,1,0,0,0,0,1,0,0,0,0,1,0,0,0
7.1631,0,1.3912,1.3121,1.3121,83.257,0,0,5.5649,0,0,11.179,0,0,0,1.3912,83.257,0,0,0,2.7825,1.3912,1.3121,2.7033,4.539,1.3121,1.3121,83.257,0,0,1.3912,2.7825,1.3912,0,0,1,0,0,0,0,1,0,0,0,0,1,0,0,0
0,0,0,0,0,100,0,0,0,0,0,0,0,0,0,0,100,0,0,0,0,0,0,0,0,0,0,100,0,0,0,0,0,0,0,1,0,0,0,0,1,0,0,0,0,1,0,0,0
0,0,1.2205,0,0,83.039,0,0,15.741,0,0,3.3922,0,0,2.1717,1.2205,83.039,0,0,0,6.7844,3.3922,0,1.2205,0,0,0,83.039,0,0,5.5639,6.7844,3.3922,0,0,1,0,0,0,0,1,0,0,0,0,1,0,0,0
5.688,17.815,5.0866,10.28,6.6962,18.451,6.7816,18.507,4.6409,3.1184,2.9353,2.8439,10.477,10.747,8.6913,15.424,21.054,5.9931,8.0626,5.0568,7.9854,3.6648,14.776,30.403,17.877,4.076,2.2673,8.0289,3.8918,6.2252,5.8819,6.0458,0.52783,0,0,1,0,0,0,0,0,0,1,0,0,0,1,0,1
4.7828,11.503,12.285,6.7756,9.84,19.387,11.946,10.192,5.262,7.4995,0.52741,0.88099,6.1224,10.29,7.0087,22.397,20.316,8.7496,8.8836,5.8975,8.7119,0.7426,16.058,36.14,9.3314,0.83694,3.7956,8.4197,5.1402,8.8973,6.1575,5.0519,0.17168,0,0,1,0,0,0,0,0,0,1,0,0,0,1,0,1
7.8587,9.5461,3.1329,13.685,4.7247,20.476,5.4816,23.953,8.1115,2.3992,0.63062,4.946,10.124,5.1496,6.6419,13.311,25.011,5.6465,8.8491,5.4232,7.6792,7.2188,17.671,19.588,15.004,6.2102,2.4996,12.006,2.2425,4.8231,10.288,8.0984,1.5691,0,0,1,0,0,0,0,0,0,1,0,0,0,1,0,1
2.8593,22.552,2.2248,8.7856,4.4379,19.266,6.4395,18.565,5.0334,4.4994,5.3372,2.9423,6.9694,10.137,9.3569,17.64,23.257,3.231,8.9802,5.5077,7.8464,4.1321,14.17,30.106,17.125,3.3288,1.1762,11.137,3.4009,5.0898,7.1804,6.3761,0.90936,0,0,1,0,0,0,0,0.018519,0.074074,0.90741,0,0,0.018519,0.98148,0,1
1.7182,5.1833,10.578,5.8395,16.687,24.015,10.42,6.3627,6.1861,5.1388,7.8698,10.157,1.4506,1.0859,8.5164,10.91,22.516,8.7661,3.8776,12.344,13.036,7.34,8.3313,20.053,7.6046,3.7964,4.4668,5.4213,10.794,16.971,8.3177,8.4321,5.8113,0,0,0.14516,0.85484,0,0,0,0.016129,0.98387,0,0,0,0.016129,0.98387,0,1
0.72594,2.8047,0,0,0,89.355,1.0481,3.5486,0.74394,1.0481,0.72594,5.6448,0.72594,2.0787,0,1.774,89.051,0,0.72594,0,0,0,0.74394,4.274,2.8227,1.774,0,88.307,0,0,2.0787,0,0,0,0,1,0,0,0,0,1,0,0,0,0,1,0,0,0
1.0367,6.5464,4.6014,4.5517,1.8317,70.062,2.4782,4.6747,2.6267,0.79501,0.79501,1.8317,1.0367,2.2164,0,3.6635,67.989,6.0229,3.5149,0.79501,1.8317,11.098,5.7514,10.333,3.8064,3.5149,0,66.399,2.0735,1.0367,3.6635,1.8317,1.59,0,0,0.90588,0.035294,0.058824,0.058824,0.058824,0.88235,0,0,0,0,0.88235,0.070588,0.047059,0
4.965,8.4575,26.034,1.7373,4.2841,36.032,1.6304,0,4.4634,4.5415,7.8556,7.0829,6.3688,2.9318,2.4543,5.6644,22.694,17.414,7.2654,7.5566,11.243,9.3243,12.94,14.465,8.679,1.2956,15.568,9.2209,7.1354,7.618,4.2865,8.5763,10.216,0,0,0,0,1,0,0,1,0,0,0,0,0,0,1,1
1.8917,8.7732,26.89,0.48866,10.778,31.019,1.0406,0,10.485,5.7351,2.8991,7.3176,8.092,4.6192,2.4331,10.152,21.191,19.354,5.9082,6.6275,10.918,3.3877,13.744,12.482,9.9888,1.5293,10.997,11.213,6.8045,11.808,4.2573,8.0909,9.0853,0,0,0,0.02,0.98,0,0,1,0,0,0,0,0.02,0.04,0.94,1
0,0,16.108,32.756,12.874,24.842,1.7122,6.8869,4.8212,0,0,8.7154,6.3298,3.9034,6.8999,13.331,27.862,7.9086,4.6984,5.7637,7.6532,6.9348,2.7014,6.9614,1.4624,6.2242,1.9991,8.088,10.882,7.8451,11.86,23.907,18.069,0,0,0,0,1,1,0,0,0,0,0,0,0,0,1,1
0,0,22.732,26.517,13.845,25.535,1.3396,5.7951,4.2355,0,0,8.6231,5.9269,5.0652,5.5308,12.575,30.601,8.3076,6.8349,2.7395,5.9025,7.8933,3.6017,7.887,0.67499,4.1557,2.5963,5.9626,12.538,3.7644,11.784,30.779,16.255,0,0,0,0,1,1,0,0,0,0,0,0,0,0,1,1
0,0,19.689,30.153,8.5561,28.081,1.3127,6.4096,5.799,0,0,8.5279,7.0614,2.414,6.1892,12.907,30.203,5.9217,5.5008,5.6569,5.2227,10.395,3.7521,6.3284,1.7984,4.9272,3.0728,9.0504,12.54,4.9675,10.483,23.301,19.78,0,0,0,0,1,1,0,0,0,0,0,0,0,0,1,1
0,0,25.192,31.471,7.6139,25.165,0.66415,5.3163,4.5776,0,0,9.1007,8.3378,2.8609,8.6454,11.787,33.13,8.0571,2.3528,3.4385,5.9899,6.3,3.5339,6.1099,0.82101,4.5482,1.5519,8.62,10.732,4.2626,9.7987,29.428,20.594,0,0,0.038462,0.038462,0.92308,0.92308,0.057692,0.019231,0,0,0,0,0.019231,0.076923,0.90385,1
0,0,21.147,25.342,23.327,20.557,2.6059,2.5743,4.4468,0,0,6.3888,2.7163,3.9011,4.6052,13.3,32.832,10.972,8.6902,5.3792,4.7424,6.4736,4.336,3.9586,0.46065,3.6883,1.5312,4.4636,13.891,6.6605,13.04,31.087,16.883,0,0,0,0,1,1,0,0,0,0,0,0,0,0,1,1
0,0,27.723,29.668,12.307,23.592,0.76601,2.031,3.9135,0,0,6.3537,7.2092,4.4408,5.987,12.89,32.885,6.9684,8.3335,4.5485,4.2143,6.17,2.6259,3.626,0.58315,2.4991,1.2006,8.8223,12.006,3.4719,10.834,33.462,20.869,0,0,0,0,1,1,0,0,0,0,0,0,0,0,1,1
0,0,23.851,28.38,5.3643,28.697,0.95475,7.3857,5.367,0,0,7.4961,4.7877,2.2206,8.6616,8.3776,31.251,6.1,7.5116,5.59,8.8141,9.19,2.383,7.1557,2.2809,4.3801,3.1677,12.001,10.686,3.034,8.4974,27.703,18.712,0,0,0.078431,0.058824,0.86275,0.86275,0.078431,0.058824,0,0,0,0,0.058824,0.078431,0.86275,1
0,0,5.8648,0,0,77.033,0,0,17.103,0,0,8.3705,2.3582,0,0,0,80.539,1.3572,0,0,1.1485,6.2265,0,2.3582,3.5066,0,0,77.033,0,0,3.5066,7.3695,6.2265,0,0,1,0,0,0,0,1,0,0,0,0,1,0,0,0
0.72738,0,0,1.4548,0.72738,83.93,2.0535,5.7677,4.3129,1.0267,0,2.784,0.72738,0,1.0267,1.4548,82.478,2.4815,0.72738,1.0267,3.2831,4.0104,2.0566,7.3158,1.0299,2.2563,0,81.448,1.4548,0.72738,2.9837,0.72738,0,0,0,1,0,0,0,0,1,0,0,0,0,1,0,0,0
3.7079,9.8597,26.83,0.47115,5.9107,36.343,2.8907,0,5.294,4.2442,4.4495,6.5879,5.579,4.2757,1.7582,6.9023,24.433,18.447,9.9623,4.4238,12.71,4.9207,19.142,13.028,7.3219,3.3618,15.601,9.9731,6.1194,9.6216,5.1851,6.5993,4.0464,0,0,0,0.032258,0.96774,0,0,1,0,0,0,0,0,0.064516,0.93548,1
1.796,13.584,24.399,0.45852,6.7416,32.708,1.6956,0,10.581,5.7159,2.3208,5.9039,7.7957,1.6636,3.8514,4.2526,28.213,16.64,6.4537,6.1769,16.271,2.7794,12.082,14.543,12.595,2.1541,9.6151,14.541,6.4235,7.6844,3.1265,7.8212,9.4144,0,0,0,0,1,0,0,1,0,0,0,0,0.037736,0.037736,0.92453,1
7.6233,9.6841,16.576,1.6504,5.652,38.401,2.1624,0,8.7568,6.7413,2.753,11.825,5.1553,4.4031,0.66458,3.3611,27.808,18.668,11.446,2.8098,10.538,3.3213,12.81,8.2352,9.7991,3.8129,13.993,13.008,6.8658,10.944,4.3882,7.7748,8.369,0,0,0.044444,0.022222,0.93333,0,0,1,0,0,0,0,0.044444,0.022222,0.93333,1
0,0,9.6311,0,0,62.575,0,0,27.794,0,0,11.858,0.61946,0,0,8.8049,68.128,0,0,0,4.0783,6.5116,4.9334,0,4.6977,0,0,62.575,0,0,6.8725,14.41,6.5116,0,0,0,0.030769,0.96923,0,0,1,0,0,0,0,1,0,0,0
0,0,3.6543,0,0,71.58,0,0,24.766,0,0,12.134,0.59636,0,0,1.8896,74.638,0,0,0,2.1384,8.6034,0.91951,0,2.7348,0,0,71.58,0,0,4.9557,7.0941,12.716,0,0,0.97101,0,0.028986,0,0,1,0,0,0,0,1,0,0,0
0,0,8.8379,0,0,73.087,0,0,18.075,0,0,10.552,0.82473,0,0,1.6299,79.47,0,0,0,2.936,4.5874,5.0772,0,3.7607,0,0,73.087,0,0,1.7194,6.2853,10.07,0,0,0.018519,0.38889,0.59259,0,0,1,0,0,0,0,1,0,0,0
0,0,10.895,0,0,64.755,0,0,24.351,0,0,11.404,2.2246,0,0,3.1791,71.29,0,0,0,5.067,6.8357,2.4463,1.1568,7.2916,0,0,64.755,0,0,3.5669,11.998,8.7854,0,0,0.081967,0.11475,0.80328,0,0,1,0,0,0,0,1,0,0,0
0,0,9.0745,0,0,66.695,0,0,24.23,0,0,10.245,2.3165,0,0,2.3558,71.233,0,0,0,2.9313,10.918,1.7298,2.0969,5.2478,0,0,66.695,0,0,3.6586,9.6532,10.918,0,0,0.98851,0,0.011494,0,0,1,0,0,0,0,1,0,0,0
0,0,6.3042,0,0,73.952,0,0,19.743,0,0,10.236,0.57018,0,0,1.7464,78.053,0,0,0,2.3461,7.0489,1.8549,1.533,2.9163,0,0,73.952,0,0,3.9977,7.8682,7.8774,0,0,0.029851,0.16418,0.80597,0,0,1,0,0,0,0,1,0,0,0
0,0,13.071,0,0,59.674,0,0,27.255,0,0,15.373,3.9473,0,0,0,66.852,0,0,0,4.5055,9.3224,0,4.6178,8.4527,0,0,59.674,0,0,7.6866,10.246,9.3224,0,0,0.046875,0.28125,0.67188,0,0,1,0,0,0,0,1,0,0,0
0,0,4.3387,0,0,69.509,0,0,26.152,0,0,12.931,0.48556,0,0,0,72.365,1.7934,0,0,2.855,9.5703,0,0.99812,3.3406,0,0,69.509,0,0,3.9484,12.633,9.5703,0,0,0.97297,0,0.027027,0,0,1,0,0,0,0,1,0,0,0
0,0,4.5745,0,0,74.426,0,0,21,0,0,10.414,3.1256,0,0,0,76.949,1.0747,0,0,1.3978,7.0389,0,1.126,3.4486,0,0,74.426,0,0,4.9504,9.0105,7.0389,0,0,0,0.20253,0.79747,0,0,1,0,0,0,0,1,0,0,0
0,0,7.3698,0,0,63.622,0,0,29.008,0,0,10.714,7.2188,0,0,0,67.307,3.7542,0.72092,0,1.6278,8.6571,0,3.6849,3.6849,0,0,63.622,0,0,7.2188,13.132,8.6571,0,0,0,0.29167,0.70833,0,0,1,0,0,0,0,1,0,0,0
0,0,4.6573,0,0,66.707,0,0,28.636,0,0,11.958,8.4714,0,0,0,69.035,0.99146,1.9779,0,0,7.5658,0,2.3286,2.3286,0,0,66.707,0,0,10.535,10.535,7.5658,0,0,0.98182,0,0.018182,0,0,1,0,0,0,0,1,0,0,0
0,0,2.2102,0,0,76.187,0,0,21.603,0,0,8.1029,4.6804,0,0,0,77.292,0.8857,2.1991,0,1.1051,5.735,0,1.1051,1.1051,0,0,76.187,0,0,5.5464,10.322,5.735,0,0,0.023256,0.17442,0.80233,0,0,1,0,0,0,0,1,0,0,0
0,0,0,0,0,64.237,0,0,35.763,0,0,9.0169,9.0934,2.2787,0,0,64.237,3.7126,4.4781,0,0,7.1838,0,0,0,0,0,64.237,0,0,8.4357,20.144,7.1838,0,0,0.013158,0.31579,0.67105,0,0,1,0,0,0,0,1,0,0,0
0,0,0,0,0,67.23,0,0,32.77,0,0,9.311,6.2103,2.9219,0,0,67.23,4.7738,1.2093,0,0,8.3436,0,0,0,0,0,67.23,0,0,5.9684,18.458,8.3436,0,0,1,0,0,0,0,1,0,0,0,0,1,0,0,0
0,0,0,0,0,73.882,0,0,26.118,0,0,5.551,7.8867,2.3969,0,0,73.882,3.812,0.9206,0,0,5.551,0,0,0,0,0,73.882,0,0,7.8867,12.681,5.551,0,0,0,0.12,0.88,0,0,1,0,0,0,0,1,0,0,0
0,0,0,0,0,62.013,0,0,37.987,0,0,6.8283,11.132,2.0579,0,0,62.013,6.0366,2.7146,0,2.3894,6.8283,0,0,0,0,0,62.013,0,0,8.4606,22.698,6.8283,0,0,0.015152,0.090909,0.89394,0,0,1,0,0,0,0,1,0,0,0
0,0,0,0,0,63.687,0,0,36.313,0,0,8.1887,8.6137,2.3947,0,0,63.687,3.065,2.8085,0,3.0538,8.1887,0,0,0,0,0,63.687,0,0,7.6006,20.524,8.1887,0,0,1,0,0,0,0,1,0,0,0,0,1,0,0,0
0,0,0,0,0,75.687,0,0,24.313,0,0,4.8128,4.9374,3.0742,0,0,75.687,3.1822,1.7553,0,1.7387,4.8128,0,0,0,0,0,75.687,0,0,1.5069,17.994,4.8128,0,0,0.014085,0.12676,0.85915,0,0,1,0,0,0,0,1,0,0,0
0,0,0.79811,0,0,65.488,0,0,33.714,0,0,6.1778,7.9893,2.3371,0,0,66.96,6.5169,0,0,3.8406,6.1778,0,0,0.79811,0,0,65.488,0,0,3.6225,23.914,6.1778,0,0,0,0.04918,0.95082,0,0,1,0,0,0,0,1,0,0,0
0,0,0,0,0,66.314,0,0,33.686,0,0,7.6185,5.4154,3.0478,0,0,67.827,3.902,0,0,4.5707,7.6185,0,0,0,0,0,66.314,0,0,2.8203,23.248,7.6185,0,0,1,0,0,0,0,1,0,0,0,0,1,0,0,0
0,0,1.2432,0,0,73.348,0,0,25.409,0,0,6.0849,4.1987,0.83926,0,0,75.03,2.5172,0,0,5.2456,6.0849,0,0,1.2432,0,0,73.348,0,0,2.5172,16.807,6.0849,0,0,0.070423,0.25352,0.67606,0,0,1,0,0,0,0,1,0,0,0
0,0,5.7455,0,0,65.548,0,0,28.706,0,0,6.7997,6.4492,0,0,0,69.055,4.0966,0,0,6.7997,6.7997,0,2.3321,3.4134,0,0,65.548,0,0,1.9119,17.976,8.819,0,0,0.11538,0.14103,0.74359,0,0,1,0,0,0,0,1,0,0,0
0,0,3.805,0,0,68.95,0,0,27.245,0,0,8.3018,4.5716,0,0,0,69.718,3.8033,0,0,6.8027,6.8027,0,1.5184,2.2866,0,0,68.95,0,0,3.1855,14.862,9.1981,0,0,1,0,0,0,0,1,0,0,0,0,1,0,0,0
0,0,2.476,0,0,77.432,0,0,20.092,0,0,5.3899,2.5348,0,0,0,78.029,3.2662,0,0,5.3899,5.3899,0,1.9026,0.57341,0,0,77.432,0,0,0.57341,13.201,6.3184,0,0,0.012195,0.15854,0.82927,0,0,1,0,0,0,0,1,0,0,0
0,0,9.2644,0,0,69.183,0,0,21.553,0,0,6.6475,4.1499,0,0,0,70.578,5.7128,0,0,5.2097,7.7025,0,5.7128,3.5516,0,0,69.183,0,0,5.248,9.6572,6.6475,0,0,0.027778,0.33333,0.63889,0,0,1,0,0,0,0,0.98611,0,0.013889,0
0,0,1.677,0,0,73.81,0,0,24.513,0,0,9.9907,1.6539,0,0,0,75.464,1.1367,0,0,5.3299,6.4248,0,1.1367,0.54035,0,0,73.81,0,0,1.0949,10.4,13.018,0,0,1,0,0,0,0,1,0,0,0,0,1,0,0,0
0,0,3.2866,0,0,77.763,0,0,18.95,0,0,5.1755,2.2271,0,0,0,78.931,1.0595,0,0,5.1755,7.4318,0,1.0595,2.2271,0,0,77.763,0,0,3.3159,7.43,8.2046,0,0,0.024096,0.16867,0.80723,0,0,1,0,0,0,0,1,0,0,0
0,0,6.6956,0,0,75.908,0,0,17.396,0,0,5.2723,4.1375,0,0,0,76.698,3.3478,0,0,5.2723,5.2723,0,3.3478,3.3478,0,0,75.908,0,0,3.3478,7.6415,6.407,0,0,0.95385,0.046154,0,0,0,1,0,0,0,0,0.95385,0.046154,0,0
0,0,4.8047,0,0,83.209,0,0,11.986,0,0,3.9953,1.141,0,0,0,83.209,3.6636,0,0,3.9953,3.9953,0,3.6636,1.141,0,0,83.209,0,0,1.141,3.9953,6.8496,0,0,0.012195,0.19512,0.79268,0,0,1,0,0,0,0,1,0,0,0
0,0,0,0,0,77.784,0,0,22.216,0,0,6.5993,0,0,0,6.5666,77.784,0,0,0,0,9.0498,0,0,0,0,0,77.784,0,0,2.4505,10.715,9.0498,0,0,0.047619,0.063492,0.88889,0,0,1,0,0,0,0,1,0,0,0
0,0,0,0,0,89.429,0,0,10.571,0,0,4.8406,0,0,0,2.2944,89.429,0,0,0,0,3.4356,0,0,0,0,0,89.429,0,0,3.4356,2.2944,4.8406,0,0,0,0.19565,0.80435,0,0,1,0,0,0,0,1,0,0,0
0,0,3.3249,0,0,66.859,0,0,29.816,0,0,10.486,0,0,0,8.5399,66.859,0,0,0,5.0038,9.1121,0,3.3249,0,0,0,66.859,0,0,6.4573,10.219,13.14,0,0,0.039474,0.11842,0.84211,0,0,1,0,0,0,0,1,0,0,0
2.8128,0,2.488,0,0,67.374,0,0,27.325,0,0,14.121,0,0,0,4.3032,67.374,0,0,0,6.3933,7.8091,0,2.488,2.8128,0,0,67.374,0,0,3.9053,12.112,11.308,0,0,0.98347,0,0.016529,0,0,1,0,0,0,0,1,0,0,0
0,0,1.6578,0,0,83.869,0,0,14.473,0,0,8.0231,0,0,0,2.929,83.869,0,0,0,0,5.1789,0,1.6578,0,0,0,83.869,0,0,1.2712,3.9076,9.2944,0,0,0.012987,0.18182,0.80519,0,0,1,0,0,0,0,1,0,0,0
0,0,3.915,0,0,62.086,0,0,33.999,0,0,9.2087,0,0,3.1814,4.9689,62.086,0,0,0,10.292,10.263,0,3.915,0,0,0,62.086,0,0,7.5791,16.157,10.263,0,0,0.10294,0.088235,0.80882,0,0,1,0,0,0,0,1,0,0,0
0,0,1.0858,0,0,62.416,0,0,36.499,0,0,10.03,0,0,2.8277,3.6852,62.416,0,0,0,8.4125,12.629,0,1.0858,0,0,0,62.416,0,0,10.17,13.699,12.629,0,0,0.98413,0,0.015873,0,0,1,0,0,0,0,1,0,0,0
0,0,0.81544,0,0,79.327,0,0,19.858,0,0,5.4972,0,0,1.5717,2.6728,79.327,0,0,0,5.4343,5.4972,0,0.81544,0,0,0,79.327,0,0,3.0472,11.313,5.4972,0,0,0.011765,0.2,0.78824,0,0,1,0,0,0,0,1,0,0,0
0,0,0.7774,0,0,59.569,0,0,39.653,0,0,8.5705,0,0,4.5313,3.4214,59.569,0,0,0,12.151,11.757,0,0.7774,0,0,0,59.569,0,0,14.291,16.792,8.5705,0,0,0.031746,0.26984,0.69841,0,0,1,0,0,0,0,1,0,0,0
0,0,1.801,0,0,62.525,0,0,35.674,0,0,9.346,0,0,1.1225,4.6417,62.525,0,0,0,9.844,12.521,0,1.801,0,0,0,62.525,0,0,11.179,15.149,9.346,0,0,0.99,0,0.01,0,0,1,0,0,0,0,1,0,0,0
0,0,2.2465,0,0,74.956,0,0,22.797,0,0,6.0982,0,0,0.94765,3.2281,74.956,0,0,0,8.6718,6.0982,0,2.2465,0,0,0,74.956,0,0,8.0275,8.6718,6.0982,0,0,0.038462,0.21795,0.74359,0,0,1,0,0,0,0,1,0,0,0
0,0,3.9099,0,0,79.665,0,0,16.426,0,0,8.1043,1.0435,0,0,4.8731,81.62,0,0,0,1.9549,2.4047,0.91148,0,2.9984,0,0,79.665,0,0,4.7082,7.5746,4.1427,0,0,0,0.13333,0.86667,0,0,1,0,0,0,0,1,0,0,0
0,0,4.9589,0,0,92.383,0,0,2.6583,0,0,0.97915,0.70003,0,0,0.97915,96.642,0,0,0,0.70003,0,3.5588,0,1.4001,0,0,92.383,0,0,0.97915,1.6792,0,0,0,0,0.17241,0.82759,0,0,1,0,0,0,0,1,0,0,0
0,0,6.6099,0,0,90.296,0,0,3.0937,0,0,0.73733,1.619,0,0,0.73733,94.427,0,0,0,2.4794,0,1.6511,0.86034,4.0984,0,0,90.296,0,0,0.73733,2.3564,0,0,0,0,0.17949,0.82051,0,0,1,0,0,0,0,1,0,0,0
0,0,0,0,0,100,0,0,0,0,0,0,0,0,0,0,100,0,0,0,0,0,0,0,0,0,0,100,0,0,0,0,0,0,0,0,0.20253,0.79747,0,0,1,0,0,0,0,1,0,0,0
0,0,0,0,0,100,0,0,0,0,0,0,0,0,0,0,100,0,0,0,0,0,0,0,0,0,0,100,0,0,0,0,0,0,0,0,0.078125,0.92188,0,0,1,0,0,0,0,1,0,0,0
0,0,0,0,0,100,0,0,0,0,0,0,0,0,0,0,100,0,0,0,0,0,0,0,0,0,0,100,0,0,0,0,0,0,0,0.014493,0.23188,0.75362,0,0,1,0,0,0,0,1,0,0,0
0,0,0,0,0,100,0,0,0,0,0,0,0,0,0,0,100,0,0,0,0,0,0,0,0,0,0,100,0,0,0,0,0,0,0,0,0.17308,0.82692,0,0,1,0,0,0,0,1,0,0,0
0,0,5.2105,0,0,92.715,0,0,2.0745,0,0,0,1.3926,0,0,0,95.32,0.68186,0,0,2.6053,0,0,1.8945,3.316,0,0,92.715,0,0,0.68186,1.3926,0,0,0,0.014925,0.29851,0.68657,0,0,1,0,0,0,0,1,0,0,0
0,0,0,0,0,100,0,0,0,0,0,0,0,0,0,0,100,0,0,0,0,0,0,0,0,0,0,100,0,0,0,0,0,0,0,0,0.27907,0.72093,0,0,1,0,0,0,0,1,0,0,0
0,0,2.29,0,0,93.564,0,0,4.1464,0,0,0,2.0732,0,0,0,94.709,2.0732,0,0,1.145,0,0,1.145,1.145,0,0,93.564,0,0,2.0732,2.0732,0,0,0,0,0.26966,0.73034,0,0,1,0,0,0,0,1,0,0,0
0,0,0,0,0,100,0,0,0,0,0,0,0,0,0,0,100,0,0,0,0,0,0,0,0,0,0,100,0,0,0,0,0,0,0,0,0.26531,0.73469,0,0,1,0,0,0,0,1,0,0,0
0,0,0,0,0,100,0,0,0,0,0,0,0,0,0,0,100,0,0,0,0,0,0,0,0,0,0,100,0,0,0,0,0,0,0,0.013514,0.21622,0.77027,0,0,1,0,0,0,0,1,0,0,0
0,0,0,0,0,100,0,0,0,0,0,0,0,0,0,0,100,0,0,0,0,0,0,0,0,0,0,100,0,0,0,0,0,0,0,0,0.14286,0.85714,0,0,1,0,0,0,0,1,0,0,0
0,0,0,0,0,100,0,0,0,0,0,0,0,0,0,0,100,0,0,0,0,0,0,0,0,0,0,100,0,0,0,0,0,0,0,0.042254,0.16901,0.78873,0,0,1,0,0,0,0,1,0,0,0
0,0,0,0,0,100,0,0,0,0,0,0,0,0,0,0,100,0,0,0,0,0,0,0,0,0,0,100,0,0,0,0,0,0,0,0,0.12195,0.87805,0,0,1,0,0,0,0,1,0,0,0
0,0,0,0,0,89.114,0,0,10.886,0,0,0.72772,5.0794,0,0,0,89.114,2.0781,2.2736,0,0,0.72772,0,0,0,0,0,89.114,0,0,2.8058,7.3529,0.72772,0,0,0.025316,0.29114,0.68354,0,0,1,0,0,0,0,1,0,0,0
0,0,0,0,0,100,0,0,0,0,0,0,0,0,0,0,100,0,0,0,0,0,0,0,0,0,0,100,0,0,0,0,0,0,0,0,0.15306,0.84694,0,0,1,0,0,0,0,1,0,0,0
0,0,0,0,0,91.491,0,0,8.5086,0,0,0,4.2543,0,0,0,91.491,2.7875,1.4668,0,0,0,0,0,0,0,0,91.491,0,0,2.1075,6.4012,0,0,0,0,0.21951,0.78049,0,0,1,0,0,0,0,1,0,0,0
0,0,0,0,0,100,0,0,0,0,0,0,0,0,0,0,100,0,0,0,0,0,0,0,0,0,0,100,0,0,0,0,0,0,0,0,0.175,0.825,0,0,1,0,0,0,0,1,0,0,0
0,0,0,0,0,100,0,0,0,0,0,0,0,0,0,0,100,0,0,0,0,0,0,0,0,0,0,100,0,0,0,0,0,0,0,0.10714,0.071429,0.82143,0,0,1,0,0,0,0,1,0,0,0
0,0,0,0,0,100,0,0,0,0,0,0,0,0,0,0,100,0,0,0,0,0,0,0,0,0,0,100,0,0,0,0,0,0,0,0,0.22093,0.77907,0,0,1,0,0,0,0,1,0,0,0
0,0,0,0,0,100,0,0,0,0,0,0,0,0,0,0,100,0,0,0,0,0,0,0,0,0,0,100,0,0,0,0,0,0,0,0.012346,0.074074,0.91358,0,0,1,0,0,0,0,1,0,0,0
0,0,0,0,0,100,0,0,0,0,0,0,0,0,0,0,100,0,0,0,0,0,0,0,0,0,0,100,0,0,0,0,0,0,0,0,0.13953,0.86047,0,0,1,0,0,0,0,1,0,0,0
0,0,0,0,0,100,0,0,0,0,0,0,0,0,0,0,100,0,0,0,0,0,0,0,0,0,0,100,0,0,0,0,0,0,0,0,0.17241,0.82759,0,0,1,0,0,0,0,1,0,0,0
0,0,0,0,0,100,0,0,0,0,0,0,0,0,0,0,100,0,0,0,0,0,0,0,0,0,0,100,0,0,0,0,0,0,0,0.10169,0.22034,0.67797,0,0,1,0,0,0,0,1,0,0,0
0,0,0,0,0,100,0,0,0,0,0,0,0,0,0,0,100,0,0,0,0,0,0,0,0,0,0,100,0,0,0,0,0,0,0,0.014493,0.30435,0.68116,0,0,1,0,0,0,0,1,0,0,0
0,0,0,0,0,100,0,0,0,0,0,0,0,0,0,0,100,0,0,0,0,0,0,0,0,0,0,100,0,0,0,0,0,0,0,0.038961,0.19481,0.76623,0,0,1,0,0,0,0,1,0,0,0
0,0,0,0,0,100,0,0,0,0,0,0,0,0,0,0,100,0,0,0,0,0,0,0,0,0,0,100,0,0,0,0,0,0,0,0.022989,0.26437,0.71264,0,0,1,0,0,0,0,1,0,0,0
0,0,0,0,0,100,0,0,0,0,0,0,0,0,0,0,100,0,0,0,0,0,0,0,0,0,0,100,0,0,0,0,0,0,0,0.10959,0.20548,0.68493,0,0,1,0,0,0,0,1,0,0,0
0,0,0,0,0,100,0,0,0,0,0,0,0,0,0,0,100,0,0,0,0,0,0,0,0,0,0,100,0,0,0,0,0,0,0,0.014706,0.22059,0.76471,0,0,1,0,0,0,0,1,0,0,0
0,0,0,0,0,100,0,0,0,0,0,0,0,0,0,0,100,0,0,0,0,0,0,0,0,0,0,100,0,0,0,0,0,0,0,0.037975,0.11392,0.8481,0,0,1,0,0,0,0,1,0,0,0
0,0,1.132,0,0,91.703,0,0,7.1651,0,0,0,4.1486,0,0,0,92.835,3.0166,0,0,0,0,0,0,1.132,0,0,91.703,0,0,1.2913,5.8739,0,0,0,0,0.15385,0.84615,0,0,1,0,0,0,0,1,0,0,0
0,0,0,0,0,100,0,0,0,0,0,0,0,0,0,0,100,0,0,0,0,0,0,0,0,0,0,100,0,0,0,0,0,0,0,0,0.24242,0.75758,0,0,1,0,0,0,0,1,0,0,0
0,0,3.5471,0,0,92.904,0,0,3.5488,0,0,0,2.8753,0,0,0,95.106,2.019,0,0,0,0,0,1.3454,2.2017,0,0,92.904,0,0,0,3.5488,0,0,0,0.010753,0.26882,0.72043,0,0,1,0,0,0,0,1,0,0,0
0,0,0,0,0,100,0,0,0,0,0,0,0,0,0,0,100,0,0,0,0,0,0,0,0,0,0,100,0,0,0,0,0,0,0,0,0.20792,0.79208,0,0,1,0,0,0,0,1,0,0,0
0,0,0,0,0,100,0,0,0,0,0,0,0,0,0,0,100,0,0,0,0,0,0,0,0,0,0,100,0,0,0,0,0,0,0,0,0.096154,0.90385,0,0,1,0,0,0,0,1,0,0,0
0,0,0,0,0,100,0,0,0,0,0,0,0,0,0,0,100,0,0,0,0,0,0,0,0,0,0,100,0,0,0,0,0,0,0,0.010526,0.30526,0.68421,0,0,1,0,0,0,0,1,0,0,0
0,0,0,0,0,100,0,0,0,0,0,0,0,0,0,0,100,0,0,0,0,0,0,0,0,0,0,100,0,0,0,0,0,0,0,0,0.13483,0.86517,0,0,1,0,0,0,0,1,0,0,0
0,0,0,0,0,100,0,0,0,0,0,0,0,0,0,0,100,0,0,0,0,0,0,0,0,0,0,100,0,0,0,0,0,0,0,0,0.26596,0.73404,0,0,1,0,0,0,0,1,0,0,0
0,0,3.3279,0,0,94.681,0,0,1.991,0,0,0,0.68972,0,0,0,95.371,2.6382,0,0,0,1.3013,0,2.6382,0.68972,0,0,94.681,0,0,1.3013,0.68972,0,0,0,0,0.32143,0.67857,0,0,1,0,0,0,0,1,0,0,0
0,0,0,0,0,100,0,0,0,0,0,0,0,0,0,0,100,0,0,0,0,0,0,0,0,0,0,100,0,0,0,0,0,0,0,0,0.28,0.72,0,0,1,0,0,0,0,1,0,0,0
0,0,1.1958,0,0,96.096,0,0,2.7077,0,0,0,0,0,0,0,96.096,1.1958,0,0,0,2.7077,0,1.1958,0,0,0,96.096,0,0,2.7077,0,0,0,0,0.036145,0.21687,0.74699,0,0,1,0,0,0,0,1,0,0,0
0,0,0,0,0,100,0,0,0,0,0,0,0,0,0,0,100,0,0,0,0,0,0,0,0,0,0,100,0,0,0,0,0,0,0,0,0.18812,0.81188,0,0,1,0,0,0,0,1,0,0,0
0,0,0,0,0,100,0,0,0,0,0,0,0,0,0,0,100,0,0,0,0,0,0,0,0,0,0,100,0,0,0,0,0,0,0,0.012346,0.20988,0.77778,0,0,1,0,0,0,0,1,0,0,0
0,0,0,0,0,100,0,0,0,0,0,0,0,0,0,0,100,0,0,0,0,0,0,0,0,0,0,100,0,0,0,0,0,0,0,0,0.21348,0.78652,0,0,1,0,0,0,0,1,0,0,0
0,0,0,0,0,100,0,0,0,0,0,0,0,0,0,0,100,0,0,0,0,0,0,0,0,0,0,100,0,0,0,0,0,0,0,0.08642,0.14815,0.76543,0,0,1,0,0,0,0,1,0,0,0
0,0,0,0,0,100,0,0,0,0,0,0,0,0,0,0,100,0,0,0,0,0,0,0,0,0,0,100,0,0,0,0,0,0,0,0,0.18681,0.81319,0,0,1,0,0,0,0,1,0,0,0
0,0,0,0,0,100,0,0,0,0,0,0,0,0,0,0,100,0,0,0,0,0,0,0,0,0,0,100,0,0,0,0,0,0,0,0,0.072165,0.92784,0,0,1,0,0,0,0,1,0,0,0
0,0,0,0,0,100,0,0,0,0,0,0,0,0,0,0,100,0,0,0,0,0,0,0,0,0,0,100,0,0,0,0,0,0,0,0.15789,0.23684,0.60526,0,0,1,0,0,0,0,1,0,0,0
0,0,0,0,0,100,0,0,0,0,0,0,0,0,0,0,100,0,0,0,0,0,0,0,0,0,0,100,0,0,0,0,0,0,0,0.01087,0.16304,0.82609,0,0,1,0,0,0,0,1,0,0,0
0,0,0,0,0,100,0,0,0,0,0,0,0,0,0,0,100,0,0,0,0,0,0,0,0,0,0,100,0,0,0,0,0,0,0,0.013514,0.35135,0.63514,0,0,1,0,0,0,0,1,0,0,0
0,0,0,0,0,100,0,0,0,0,0,0,0,0,0,0,100,0,0,0,0,0,0,0,0,0,0,100,0,0,0,0,0,0,0,0.010753,0.27957,0.70968,0,0,1,0,0,0,0,1,0,0,0
0,0,0,0,0,100,0,0,0,0,0,0,0,0,0,0,100,0,0,0,0,0,0,0,0,0,0,100,0,0,0,0,0,0,0,0.011628,0.24419,0.74419,0,0,1,0,0,0,0,1,0,0,0
0,0,0,0,0,100,0,0,0,0,0,0,0,0,0,0,100,0,0,0,0,0,0,0,0,0,0,100,0,0,0,0,0,0,0,0.029412,0.32353,0.64706,0,0,1,0,0,0,0,1,0,0,0
0,0,0,0,0,100,0,0,0,0,0,0,0,0,0,0,100,0,0,0,0,0,0,0,0,0,0,100,0,0,0,0,0,0,0,0.025316,0.25316,0.72152,0,0,1,0,0,0,0,1,0,0,0
0,0,0,0,0,96.508,0,0,3.4925,0,0,1.4183,0,0,0,2.0741,96.508,0,0,0,0,0,0,0,0,0,0,96.508,0,0,0,2.0741,1.4183,0,0,0,0.26882,0.73118,0,0,1,0,0,0,0,1,0,0,0
0,0,0,0,0,100,0,0,0,0,0,0,0,0,0,0,100,0,0,0,0,0,0,0,0,0,0,100,0,0,0,0,0,0,0,0,0.14953,0.85047,0,0,1,0,0,0,0,1,0,0,0
0,0,1.6256,0,0,95.265,0,0,3.1095,0,0,0,0,0,0,4.7351,95.265,0,0,0,0,0,0,1.6256,0,0,0,95.265,0,0,0,3.1095,0,0,0,0,0.16279,0.83721,0,0,1,0,0,0,0,1,0,0,0
0,0,0,0,0,100,0,0,0,0,0,0,0,0,0,0,100,0,0,0,0,0,0,0,0,0,0,100,0,0,0,0,0,0,0,0,0.17476,0.82524,0,0,1,0,0,0,0,1,0,0,0
0,0,0,0,0,100,0,0,0,0,0,0,0,0,0,0,100,0,0,0,0,0,0,0,0,0,0,100,0,0,0,0,0,0,0,0.067416,0.05618,0.8764,0,0,1,0,0,0,0,1,0,0,0
0,0,0,0,0,100,0,0,0,0,0,0,0,0,0,0,100,0,0,0,0,0,0,0,0,0,0,100,0,0,0,0,0,0,0,0,0.16495,0.83505,0,0,1,0,0,0,0,1,0,0,0
0,0,0,0,0,100,0,0,0,0,0,0,0,0,0,0,100,0,0,0,0,0,0,0,0,0,0,100,0,0,0,0,0,0,0,0,0.085106,0.91489,0,0,1,0,0,0,0,1,0,0,0
0,0,0,0,0,100,0,0,0,0,0,0,0,0,0,0,100,0,0,0,0,0,0,0,0,0,0,100,0,0,0,0,0,0,0,0.011111,0.27778,0.71111,0,0,1,0,0,0,0,1,0,0,0
0,0,2.3876,0,0,95.309,0,0,2.3033,0,0,0,0,0,1.1516,2.3876,95.309,0,0,0,1.1516,0,0,2.3876,0,0,0,95.309,0,0,0,2.3033,0,0,0,0,0.11765,0.88235,0,0,1,0,0,0,0,1,0,0,0
0,0,0,0,0,100,0,0,0,0,0,0,0,0,0,0,100,0,0,0,0,0,0,0,0,0,0,100,0,0,0,0,0,0,0,0,0.23333,0.76667,0,0,1,0,0,0,0,1,0,0,0
0,0,0.97319,0,0,92.043,0,0,6.9838,0,0,0,0,0,2.4944,1.9707,92.043,0,0,0,3.4919,0,0,0.97319,0,0,0,92.043,0,0,0.9975,5.9863,0,0,0,0.013514,0.32432,0.66216,0,0,1,0,0,0,0,1,0,0,0
0,0,0,0,0,100,0,0,0,0,0,0,0,0,0,0,100,0,0,0,0,0,0,0,0,0,0,100,0,0,0,0,0,0,0,0,0.20879,0.79121,0,0,1,0,0,0,0,1,0,0,0
0,0,0,0,0,100,0,0,0,0,0,0,0,0,0,0,100,0,0,0,0,0,0,0,0,0,0,100,0,0,0,0,0,0,0,0,0.074468,0.92553,0,0,1,0,0,0,0,1,0,0,0
0,0,0,0,0,100,0,0,0,0,0,0,0,0,0,0,100,0,0,0,0,0,0,0,0,0,0,100,0,0,0,0,0,0,0,0,0.26437,0.73563,0,0,1,0,0,0,0,1,0,0,0
0,0,0,0,0,100,0,0,0,0,0,0,0,0,0,0,100,0,0,0,0,0,0,0,0,0,0,100,0,0,0,0,0,0,0,0.012658,0.18987,0.79747,0,0,1,0,0,0,0,1,0,0,0
0,0,0,0,0,100,0,0,0,0,0,0,0,0,0,0,100,0,0,0,0,0,0,0,0,0,0,100,0,0,0,0,0,0,0,0,0.19101,0.80899,0,0,1,0,0,0,0,1,0,0,0
0,0,0,0,0,100,0,0,0,0,0,0,0,0,0,0,100,0,0,0,0,0,0,0,0,0,0,100,0,0,0,0,0,0,0,0.011765,0.23529,0.75294,0,0,1,0,0,0,0,1,0,0,0
0,0,0,0,0,100,0,0,0,0,0,0,0,0,0,0,100,0,0,0,0,0,0,0,0,0,0,100,0,0,0,0,0,0,0,0,0.1383,0.8617,0,0,1,0,0,0,0,1,0,0,0
0,0,0,0,0,100,0,0,0,0,0,0,0,0,0,0,100,0,0,0,0,0,0,0,0,0,0,100,0,0,0,0,0,0,0,0,0.13793,0.86207,0,0,1,0,0,0,0,1,0,0,0
0,0,0,0,0,100,0,0,0,0,0,0,0,0,0,0,100,0,0,0,0,0,0,0,0,0,0,100,0,0,0,0,0,0,0,0.025641,0.24359,0.73077,0,0,1,0,0,0,0,1,0,0,0
0,0,0,0,0,100,0,0,0,0,0,0,0,0,0,0,100,0,0,0,0,0,0,0,0,0,0,100,0,0,0,0,0,0,0,0,0.043011,0.95699,0,0,1,0,0,0,0,1,0,0,0
0,0,0,0,0,100,0,0,0,0,0,0,0,0,0,0,100,0,0,0,0,0,0,0,0,0,0,100,0,0,0,0,0,0,0,0.013889,0.29167,0.69444,0,0,1,0,0,0,0,1,0,0,0
0,0,0,0,0,100,0,0,0,0,0,0,0,0,0,0,100,0,0,0,0,0,0,0,0,0,0,100,0,0,0,0,0,0,0,0.027778,0.25,0.72222,0,0,1,0,0,0,0,1,0,0,0
0,0,0,0,0,100,0,0,0,0,0,0,0,0,0,0,100,0,0,0,0,0,0,0,0,0,0,100,0,0,0,0,0,0,0,0,0.3,0.7,0,0,1,0,0,0,0,1,0,0,0
0,0,0,0,0,100,0,0,0,0,0,0,0,0,0,0,100,0,0,0,0,0,0,0,0,0,0,100,0,0,0,0,0,0,0,1,0,0,0,0,1,0,0,0,0,1,0,0,0
0,0,0,0,0,100,0,0,0,0,0,0,0,0,0,0,100,0,0,0,0,0,0,0,0,0,0,100,0,0,0,0,0,0,0,1,0,0,0,0,1,0,0,0,0,1,0,0,0
0,0,0,0,0,100,0,0,0,0,0,0,0,0,0,0,100,0,0,0,0,0,0,0,0,0,0,100,0,0,0,0,0,0,0,1,0,0,0,0,1,0,0,0,0,1,0,0,0
0,0,0,0,0,100,0,0,0,0,0,0,0,0,0,0,100,0,0,0,0,0,0,0,0,0,0,100,0,0,0,0,0,0,0,1,0,0,0,0,1,0,0,0,0,1,0,0,0
0,0,0,0,0,100,0,0,0,0,0,0,0,0,0,0,100,0,0,0,0,0,0,0,0,0,0,100,0,0,0,0,0,0,0,1,0,0,0,0,1,0,0,0,0,1,0,0,0
0,0,0,0,0,100,0,0,0,0,0,0,0,0,0,0,100,0,0,0,0,0,0,0,0,0,0,100,0,0,0,0,0,0,0,1,0,0,0,0,1,0,0,0,0,1,0,0,0
0,0,0,0,0,100,0,0,0,0,0,0,0,0,0,0,100,0,0,0,0,0,0,0,0,0,0,100,0,0,0,0,0,0,0,1,0,0,0,0,1,0,0,0,0,1,0,0,0
0,0,0,0,0,100,0,0,0,0,0,0,0,0,0,0,100,0,0,0,0,0,0,0,0,0,0,100,0,0,0,0,0,0,0,1,0,0,0,0,1,0,0,0,0,1,0,0,0
0,0,0,0,0,100,0,0,0,0,0,0,0,0,0,0,100,0,0,0,0,0,0,0,0,0,0,100,0,0,0,0,0,0,0,1,0,0,0,0,1,0,0,0,0,1,0,0,0
0,0,0,0,0,96.212,0,1.8941,1.8941,0,0,3.7882,0,0,0,0,96.212,0,0,0,0,0,0,0,1.8941,0,0,96.212,0,0,0,1.8941,0,0,0,1,0,0,0,0,1,0,0,0,0,1,0,0,0
0,0,0,0,0,100,0,0,0,0,0,0,0,0,0,0,100,0,0,0,0,0,0,0,0,0,0,100,0,0,0,0,0,0,0,1,0,0,0,0,1,0,0,0,0,1,0,0,0
0,0,0,0,1.9722,92.691,0,2.2678,3.0688,0,0,4.1654,0,0,0,0,92.691,1.9722,0,1.1712,0,0,1.9722,0,1.0966,1.9722,0,92.691,0,0,0,1.0966,1.1712,0,0,1,0,0,0,0,1,0,0,0,0,1,0,0,0
1.086,2.3258,3.7103,2.6243,4.9217,66.944,2.7829,7.6463,7.2077,0.75096,0,8.4556,5.9008,0,0,1.7334,68.953,5.9938,0.75096,1.8369,2.6793,3.6965,11.964,2.5879,8.3804,4.5138,0,64.301,0,1.5748,0.75096,5.9275,0,0,0,1,0,0,0,0,1,0,0,0,0,1,0,0,0
2.9998,6.9803,10.029,3.3474,12.08,26.324,8.9532,5.0317,17.58,6.6747,0,8.9324,10.656,0,2.0621,4.4327,49.175,8.5328,2.2748,1.5995,5.8701,6.4652,19.327,9.1848,14.374,4.9047,0,22.818,0,9.8913,6.6747,12.826,0,0,1,0,0,0,0,0,0,0.82609,0.17391,1,0,0,0,0,1
0,4.0095,2.4587,1.339,2.2188,67.899,2.532,10.59,8.4944,0.45912,0,7.5395,3.9339,1.1197,0,2.2818,69.073,3.1371,0.45912,4.0531,4.3547,4.0479,8.4975,3.8287,9.8718,1.8365,0,63.516,1.1197,1.7597,0.45912,7.3078,1.8033,0,0,1,0,0,0,0,1,0,0,0,0,1,0,0,0
1.5067,4.2519,9.8932,2.5996,17.938,23.425,11.212,12.81,7.8063,8.5577,0,7.6657,12.766,0,2.5755,5.2467,43.97,8.8418,3.8339,2.0972,7.5601,5.4433,19.673,13.617,10.796,7.2208,0,16.617,0,13.872,8.5577,9.6461,0,0,1,0,0,0,0,0,0,1,0,1,0,0,0,0,1
0,0,0,0,0,100,0,0,0,0,0,0,0,0,0,0,100,0,0,0,0,0,0,0,0,0,0,100,0,0,0,0,0,0,0,1,0,0,0,0,1,0,0,0,0,1,0,0,0
0,0,0,0,0.86647,96.041,0,2.2257,0.86647,0,0,0.86647,0,0,0,0,96.041,0.86647,0,2.2257,0,0,0.86647,0,0,0.86647,0,96.041,0,0,0,0,2.2257,0,0,1,0,0,0,0,1,0,0,0,0,1,0,0,0
0,0,0,0,0,100,0,0,0,0,0,0,0,0,0,0,100,0,0,0,0,0,0,0,0,0,0,100,0,0,0,0,0,0,0,1,0,0,0,0,1,0,0,0,0,1,0,0,0
0,1.1281,0,1.1281,0,92.424,0,4.1916,1.1281,0,0,3.5295,2.2562,0,1.1281,1.1281,88.895,0,1.2733,1.7901,0,0,2.2562,3.5295,1.1281,1.2733,0,90.023,0,0,0,0,1.7901,0,0,1,0,0,0,0,1,0,0,0,0,1,0,0,0
0,3.5651,1.7593,2.3431,1.5988,76.517,1.4564,7.0152,4.6702,0.5373,0.5373,4.4823,4.149,2.8339,1.615,1.615,74.935,2.8643,0.5373,3.7529,0,3.2156,7.1688,7.6676,2.534,4.5116,0.5373,71.34,2.2966,0,0,3.2156,0.72818,0,0,1,0,0,0,0,1,0,0,0,0,1,0,0,0
0,6.1465,3.6716,2.3954,0.91257,51.754,8.0793,12.249,10.307,2.0229,2.4614,4.5504,7.6119,3.5527,1.524,2.6971,55.366,4.2454,1.4554,7.0666,2.574,9.3567,16.205,8.8628,7.8649,10.661,0.88784,46.371,0.88784,0,0,5.771,2.4886,0,0,1,0,0,0,0,1,0,0,0,0,1,0,0,0
0,7.4583,2.2537,5.6254,1.4631,48.064,7.1079,17.006,6.2157,2.8243,1.9811,3.986,6.3965,4.4622,1.8969,2.5323,56.2,5.3305,3.6984,6.6328,0,8.8646,11.328,14.576,9.1518,11.037,1.625,40.224,1.655,0,1.3102,6.6491,2.4436,0,0,1,0,0,0,0,1,0,0,0,0,1,0,0,0
0,12.745,4.3543,7.131,1.4823,34.988,10.435,11.745,8.3304,4.7129,4.0763,4.3899,7.5604,6.7948,3.5212,4.9125,48.002,6.262,4.4008,4.9109,0,9.2459,18.656,18.427,11.937,11.388,1.7573,27.453,1.9033,0,1.7646,6.344,0.36923,0,0,0,0.40625,0.59375,0,0,1,0,0,0,0,0,0.28125,0.71875,1
5.7667,9.0882,7.5895,3.8037,13.663,18.681,8.0504,18.501,4.8538,10.002,0,7.7219,9.674,0,4.3564,7.0813,38.513,10.219,6.2734,2.2614,6.6153,7.2841,17.927,11.539,14.541,9.4983,0,13.233,0,10.839,10.002,12.421,0,0,1,0,0,0,0,0,0,0.90698,0.093023,1,0,0,0,0,1
2.5814,1.9578,0,0,0,90.298,0,2.5814,2.5814,0,0,0,0,0,0,0,89.319,0,0.9789,0,2.5814,7.1205,2.5814,3.5603,0.9789,3.5603,0,89.319,0,0,0,0,0,0,0.018519,0.98148,0,0,0,0,0.98148,0,0.018519,0.018519,0,0.98148,0,0,0
0.79911,7.8046,8.6481,4.4362,13.831,28.608,6.2364,11.61,14.157,3.8695,0,11.499,7.3453,0.52407,0.80758,3.5055,48.457,10.457,1.765,3.3225,4.7876,7.5291,14.733,9.0861,15.371,5.7971,0,25.752,0.52407,10.26,3.8695,14.608,0,0,0.041667,0.95833,0,0,0,0,0.96875,0.010417,0.020833,0.03125,0,0.96875,0,0,0
0,0,2.0645,0,0,96.791,0,0,1.145,0,0,0,0,0,0,0,95.646,1.145,0,0,0,3.2094,0,0,1.145,2.0645,0,96.791,0,0,0,0,0,0,0,1,0,0,0,0,1,0,0,0,0,1,0,0,0
0,0,0,0,0,100,0,0,0,0,0,0,0,0,0,0,100,0,0,0,0,0,0,0,0,0,0,100,0,0,0,0,0,0,0,1,0,0,0,0,1,0,0,0,0,1,0,0,0
0,0,0,0,0,95.063,0,0,4.9372,0,0,1.2343,0,0,0,1.2343,95.063,0,0,0,0,2.4686,0,0,0,0,0,95.063,0,0,1.2343,2.4686,1.2343,0,0,1,0,0,0,0,1,0,0,0,0,1,0,0,0
0,0,0,0,0,100,0,0,0,0,0,0,0,0,0,0,100,0,0,0,0,0,0,0,0,0,0,100,0,0,0,0,0,0,0,1,0,0,0,0,1,0,0,0,0,1,0,0,0
0,0,0.85887,0,0,96.565,0,0,2.5766,0,0,0.85887,0,0,0,1.7177,96.565,0,0,0,0,0.85887,0,0.85887,0,0,0,96.565,0,0,0.85887,0.85887,0.85887,0,0,1,0,0,0,0,1,0,0,0,0,1,0,0,0
0,3.4125,3.3643,0,0,76.55,3.5285,4.5726,6.9475,0,1.6241,0.58005,1.7884,1.1601,0,0,76.612,4.4631,0,2.3684,1.7884,11.24,6.1967,3.9926,5.7874,3.9443,0,76.55,0,0,0,3.5285,0,0,0,1,0,0,0,0,1,0,0,0,0,1,0,0,0
0,0.43768,2.0085,0,0,94.382,0,0.43768,2.2965,0,0.43768,0,0,0,0,0,92.086,2.7342,0,0,0,5.1803,0.87537,0.43768,2.2965,2.0085,0,94.382,0,0,0,0,0,0,0,1,0,0,0,0,1,0,0,0,0,1,0,0,0
0,6.3866,6.0162,2.9337,0,50.873,8.9117,9.0115,11.382,2.0677,2.4175,2.5205,5.7773,5.577,1.4437,1.9193,58.347,5.1592,1.5921,5.9645,0.90041,10.799,12.807,10.162,8.8135,12.013,1.1165,45.591,2.0576,0,0,6.7752,0.66469,0,0,1,0,0,0,0,1,0,0,0,0,0.95161,0.048387,0,0
0,0,0.90321,0,0,96.213,0,0,2.8842,0,0,0,0,0,0,0,93.328,2.8842,0,0,0,3.7874,0,0,2.8842,0.90321,0,96.213,0,0,0,0,0,0,0,1,0,0,0,0,1,0,0,0,0,1,0,0,0
0,0,0,0,0,100,0,0,0,0,0,0,0,0,0,0,100,0,0,0,0,0,0,0,0,0,0,100,0,0,0,0,0,0,0,1,0,0,0,0,1,0,0,0,0,1,0,0,0
0,0,0,0,0,93.266,0,0,6.7335,0,0,1.6834,0,1.6834,0,0,94.95,0,0,0,0,1.6834,0,0,0,0,0,93.266,0,0,0,5.0502,1.6834,0,0,1,0,0,0,0,1,0,0,0,0,1,0,0,0
0,0,0,0,0,100,0,0,0,0,0,0,0,0,0,0,100,0,0,0,0,0,0,0,0,0,0,100,0,0,0,0,0,0,0,1,0,0,0,0,1,0,0,0,0,1,0,0,0
0,0,0,0,0,92.95,0,0,7.0495,0,0,1.7624,1.7624,0,0,0,94.713,0,0,0,0,1.7624,0,0,0,0,0,92.95,0,0,0,5.2871,1.7624,0,0,1,0,0,0,0,1,0,0,0,0,1,0,0,0
0,0,0,0,0,100,0,0,0,0,0,0,0,0,0,0,100,0,0,0,0,0,0,0,0,0,0,100,0,0,0,0,0,0,0,1,0,0,0,0,1,0,0,0,0,1,0,0,0
0,0.75715,0,0.75715,0,90.303,0,7.4252,0.75715,0,0,6.0103,1.5143,0,0.75715,0.75715,84.293,0,4.496,0,0,2.172,1.5143,6.0103,2.9292,4.496,0,85.05,0,0,0,0,0,0,0,1,0,0,0,0,1,0,0,0,0,1,0,0,0
0,3.7597,0,5.2362,2.6636,67.454,2.7588,12.994,2.663,2.0435,0.42821,3.8026,6.9848,1.9047,1.5195,2.5678,69.895,2.6152,1.4765,1.5717,0,7.6622,6.5107,12.226,9.8018,2.287,2.0435,62.891,0.42821,0,1.0483,2.1918,0.57176,0,0,1,0,0,0,0,1,0,0,0,0,1,0,0,0
0,15.785,1.6744,5.7095,0.7923,29.439,15.042,13.775,9.3781,5.0423,3.3628,4.0829,10.967,2.1456,5.4315,3.022,45.55,12.007,3.1917,5.8126,0,7.7902,19.309,15.182,14.997,16.35,1.3069,19.941,0.51464,0,2.1386,8.8238,1.4361,0,0,0.02,0,0.98,0,0,1,0,0,0,0,0.02,0,0.98,1
0,1.6473,0,2.471,3.3657,78.537,2.5421,8.8947,0,2.5421,0,3.8817,5.0841,0.82366,0,0.82366,78.774,2.5421,3.8817,0,0,4.1894,2.5421,12.26,5.013,3.0581,2.5421,72.937,0,0,0.82366,0.82366,0,0,0,1,0,0,0,0,1,0,0,0,0,1,0,0,0
0,0,0,0,1.0874,93.079,1.0874,3.6587,0,1.0874,0,0,2.1748,0,0,0,93.079,1.0874,0,0,0,3.6587,1.0874,2.1748,3.6587,0,1.0874,91.992,0,0,0,0,0,0,0,1,0,0,0,0,1,0,0,0,0,1,0,0,0
0,6.9446,0,6.0867,1.1846,62.231,3.4029,14.333,3.159,1.5727,1.0846,4.9233,4.073,2.3775,2.5932,2.8933,66.097,3.7697,4.1337,2.3367,0,6.8027,7.8917,12.349,10.472,5.8333,0.59644,55.955,0.59644,0,1.8709,3.8094,0.62607,0,0,0.97015,0.014925,0.014925,0,0,1,0,0,0,0,0.95522,0.029851,0.014925,0
0,0,0,0,0,100,0,0,0,0,0,0,0,0,0,0,100,0,0,0,0,0,0,0,0,0,0,100,0,0,0,0,0,0,0,1,0,0,0,0,1,0,0,0,0,1,0,0,0
0,0,0,0,0,100,0,0,0,0,0,0,0,0,0,0,100,0,0,0,0,0,0,0,0,0,0,100,0,0,0,0,0,0,0,1,0,0,0,0,1,0,0,0,0,1,0,0,0
0,0,0,0,0,100,0,0,0,0,0,0,0,0,0,0,100,0,0,0,0,0,0,0,0,0,0,100,0,0,0,0,0,0,0,1,0,0,0,0,1,0,0,0,0,1,0,0,0
0,0,0,0,0,100,0,0,0,0,0,0,0,0,0,0,100,0,0,0,0,0,0,0,0,0,0,100,0,0,0,0,0,0,0,1,0,0,0,0,1,0,0,0,0,1,0,0,0
0,0,0,0,0,83.899,0,0,16.101,0,0,3.4835,1.3168,0,0,2.1666,87.383,0,0,0,2.1666,3.4835,0,0,0,0,0,83.899,0,0,4.3333,8.2838,3.4835,0,0,1,0,0,0,0,1,0,0,0,0,1,0,0,0
0,0,0,0,0,100,0,0,0,0,0,0,0,0,0,0,100,0,0,0,0,0,0,0,0,0,0,100,0,0,0,0,0,0,0,1,0,0,0,0,1,0,0,0,0,1,0,0,0
0,0,0,0,0,92.372,0,0,7.6283,0,0,1.5257,0,0,0,1.5257,92.372,0,1.5257,0,1.5257,1.5257,0,0,0,0,0,92.372,0,0,1.5257,4.577,1.5257,0,0,1,0,0,0,0,1,0,0,0,0,1,0,0,0
0,0,0,0,0,100,0,0,0,0,0,0,0,0,0,0,100,0,0,0,0,0,0,0,0,0,0,100,0,0,0,0,0,0,0,1,0,0,0,0,1,0,0,0,0,1,0,0,0
0,0,0,0,0,100,0,0,0,0,0,0,0,0,0,0,100,0,0,0,0,0,0,0,0,0,0,100,0,0,0,0,0,0,0,1,0,0,0,0,1,0,0,0,0,1,0,0,0
0,0,0,0,0,100,0,0,0,0,0,0,0,0,0,0,100,0,0,0,0,0,0,0,0,0,0,100,0,0,0,0,0,0,0,1,0,0,0,0,1,0,0,0,0,1,0,0,0
0,0,0,0,0,100,0,0,0,0,0,0,0,0,0,0,100,0,0,0,0,0,0,0,0,0,0,100,0,0,0,0,0,0,0,1,0,0,0,0,1,0,0,0,0,1,0,0,0
0,0,0,0,0,85.079,0,0,14.921,0,0,2.9842,0,0,0,2.9842,85.079,0,0.87577,0,2.9842,5.0927,0,0,0,0,0,85.079,0,0,5.0927,6.8442,2.9842,0,0,1,0,0,0,0,1,0,0,0,0,1,0,0,0
0,0,0,0,0,100,0,0,0,0,0,0,0,0,0,0,100,0,0,0,0,0,0,0,0,0,0,100,0,0,0,0,0,0,0,1,0,0,0,0,1,0,0,0,0,1,0,0,0
0,0,0,0,0,95.336,0,0,4.6642,0,0,1.233,0,0,0,0.48263,96.086,0,0,0,0.48263,1.7156,0,0,0,0,0,95.336,0,0,0.96526,0.96526,2.7337,0,0,1,0,0,0,0,1,0,0,0,0,1,0,0,0
0,0,0,0,0,91.919,0,0,8.0806,0,0,2.2729,0,0,0,0.63098,93.561,0,0,0,0.63098,2.9039,0,0,0,0,0,91.919,0,0,1.262,1.262,5.5567,0,0,1,0,0,0,0,1,0,0,0,0,1,0,0,0
3.5181,10.735,13.212,4.9433,16.063,7.6908,9.8798,13.813,16.154,3.9908,0,8.316,9.4635,0,1.5899,9.07,40.474,14.355,2.5339,1.2822,5.6764,7.239,17.274,15.779,18.133,8.2796,0,3.8505,0,12.917,3.9908,19.776,0,0,0.51163,0.48837,0,0,0,0,0,1,0,1,0,0,0,0,1
1.9015,10.604,4.8987,6.2806,19.386,14.108,6.1294,11.642,15.582,9.4673,0,7.0063,6.5869,0,3.3532,7.6765,47.677,10.933,3.8609,1.1708,6.7374,4.998,18.685,4.4292,17.356,3.9564,0,6.5035,0,18.627,9.4673,20.975,0,0,0.88095,0.11905,0,0,0,0,0.11905,0.88095,0,0.88095,0,0.11905,0,0,1
0,14.454,4.3085,11.199,1.7425,18.011,13.895,19.447,13.177,0.65394,3.111,4.8794,6.976,5.0627,4.9488,2.2219,46.969,11.154,1.8779,4.8823,0,11.028,18.616,18.97,17.117,15.986,0.65394,10.234,0.70576,0,3.5882,12.66,1.4685,0,0,0,0,1,0,0,1,0,0,0,0,0,0,1,1
0.78153,7.6677,9.4699,4.4046,18.425,13.054,10.001,8.1747,17.947,10.074,0,6.1159,8.2096,0,2.3317,4.3482,50.11,11.686,3.2243,0.94891,4.2374,8.7882,15.348,10.791,12.553,8.104,0,6.9437,0,16.584,10.074,19.603,0,0,1,0,0,0,0,0,0,1,0,1,0,0,0,0,1
4.8623,7.7341,15.02,1.2624,23.08,5.3432,13.961,9.1516,7.8689,11.716,0,4.0916,13.478,0,5.1094,9.2321,38.268,10.248,5.5611,0.45179,9.7953,3.7636,20.841,20.336,11.69,5.8359,0,1.5808,0,19.385,11.716,8.6148,0,0,0.91892,0.081081,0,0,0,0,0.081081,0.91892,0,0.86486,0.054054,0.081081,0,0,1
0,18.178,6.7583,6.2601,0.79584,13.289,17.996,14.911,13.021,5.3943,3.3972,3.68,6.9867,5.7946,5.7414,3.6987,38.206,12.188,3.6987,6.5833,0,13.422,20.996,16.04,18.469,19.505,0.41141,5.9285,0.41141,0,3.4608,13.982,0.7962,0,0,0.066667,0.21667,0.71667,0,0,1,0,0,0,0,0.05,0.13333,0.81667,1
0,21.919,2.1936,10.837,2.5276,9.2663,18.27,14.637,8.2705,5.9549,6.1238,4.1607,11.696,4.2427,0.64834,5.3085,45.565,7.3217,5.0099,5.1627,0,10.884,16.554,28.606,18.306,20.057,0.79633,6.7207,0.34967,0,2.0809,5.7771,0.75127,0,0,0.08,0.08,0.84,0,0,1,0,0,0,0,0.06,0.1,0.84,1
0,0,2.5362,0,0,64.095,0,0,33.369,0,0,8.2529,0,0,0.8448,10.402,64.095,0,0,0,6.04,10.365,0,2.5362,0,0,0,64.095,0,0,11.502,13.614,8.2529,0,0,0,0.31944,0.68056,0,0,1,0,0,0,0,1,0,0,0
0,0,1.5912,0,0,66.3,0,0,32.109,0,0,8.6588,0,0,2.0278,5.1989,66.3,0,0,0,6.5291,11.286,0,1.5912,0,0,0,66.3,0,0,14.352,9.0982,8.6588,0,0,1,0,0,0,0,1,0,0,0,0,1,0,0,0
0,0,1.0257,0,0,73.703,0,0,25.271,0,0,6.9211,0,0,1.7607,2.7417,73.703,0,0,0,4.1261,10.747,0,1.0257,0,0,0,73.703,0,0,10.451,7.8991,6.9211,0,0,0.02439,0.19512,0.78049,0,0,1,0,0,0,0,1,0,0,0
0,0,5.0172,0,0,66.422,0,0,28.561,0,0,8.2909,0,2.8211,0,8.9833,68.105,0,0,0,0.61273,11.187,0,5.0172,0,0,0,66.422,0,0,8.199,12.071,8.2909,0,0,0.015385,0.30769,0.67692,0,0,1,0,0,0,0,1,0,0,0
0,0,1.097,0,0,70.706,0,0,28.197,0,0,8.3565,0,2.9902,0,5.1811,72.485,0,0,0,0,10.987,0,1.097,0,0,0,70.706,0,0,6.6485,13.192,8.3565,0,0,1,0,0,0,0,1,0,0,0,0,1,0,0,0
0,0,1.1207,0,0,77.31,0,0,21.569,0,0,6.202,0,1.0061,0,5.8302,78.402,0,0,0,0.93537,7.6238,0,1.1207,0,0,0,77.31,0,0,7.5531,7.8142,6.202,0,0,0,0.17647,0.82353,0,0,1,0,0,0,0,1,0,0,0
0,0,2.1916,0,0,69.248,0,0,28.561,0,0,7.537,2.5097,1.7077,0,5.5112,75.198,0,0,0,0,7.537,0,2.1916,0,0,0,69.248,0,0,5.016,16.008,7.537,0,0,0.014286,0.057143,0.92857,0,0,1,0,0,0,0,1,0,0,0
0,0,2.2369,0,0,68.091,0,0,29.672,0,0,8.8226,3.3231,2.152,0,5.5844,71.295,0,0,0,0,8.8226,0,2.2369,0,0,0,68.091,0,0,4.5209,16.328,8.8226,0,0,1,0,0,0,0,1,0,0,0,0,1,0,0,0
0,0,1.1173,0,0,80.177,0,0,18.706,0,0,5.4637,1.059,3.4583,0,2.0637,82.492,0,0,0,0,5.4637,0,1.1173,0,0,0,80.177,0,0,2.0054,11.236,5.4637,0,0,0.011905,0.13095,0.85714,0,0,1,0,0,0,0,1,0,0,0
0,0,0,0,0,70.217,0,0,29.783,0,0,6.7351,1.896,2.7204,0,2.1188,78.998,0,0,0,0.79676,6.7351,0,0,0,0,0,70.217,0,0,1.5935,21.455,6.7351,0,0,0,0.029851,0.97015,0,0,1,0,0,0,0,1,0,0,0
0,0,0,0,0,66.75,0,0,33.25,0,0,8.6537,2.4141,3.3209,0,2.9188,72.191,0,0,0,1.8479,8.6537,0,0,0,0,0,66.75,0,0,6.1098,18.486,8.6537,0,0,1,0,0,0,0,1,0,0,0,0,1,0,0,0
0,0,0,0,0,77.26,0,0,22.74,0,0,6.3125,4.2975,0.99205,0,1.023,81.062,0,0,0,0,6.3125,0,0,0,0,0,77.26,0,0,3.247,13.181,6.3125,0,0,0.069444,0.26389,0.66667,0,0,1,0,0,0,0,1,0,0,0
0,0,0,0,0,66.569,0,0,33.431,0,0,6.8538,2.2575,0,0,4.1582,73.317,0,2.4018,0,4.1582,6.8538,0,0,0,0,0,66.569,0,0,7.7324,18.845,6.8538,0,0,0.12162,0.13514,0.74324,0,0,1,0,0,0,0,1,0,0,0
0,0,0,0,0,66.387,0,0,33.613,0,0,8.4333,2.8024,0,0,5.2814,69.38,0,3.0096,0,2.6603,8.4333,0,0,0,0,0,66.387,0,0,3.6535,21.527,8.4333,0,0,1,0,0,0,0,1,0,0,0,0,1,0,0,0
0,0,0,0,0,78.427,0,0,21.573,0,0,5.0871,0.81872,0,0,4.9866,80.73,0,0.80945,0,2.4815,5.0871,0,0,0,0,0,78.427,0,0,4.2539,12.232,5.0871,0,0,0.013158,0.15789,0.82895,0,0,1,0,0,0,0,1,0,0,0
0,0,0,0,0,63.791,0,0,36.209,0,0,6.8419,0,0,0,8.9473,65.512,0,1.8227,0,7.4347,9.4413,0,0,0,0,0,63.791,0,0,9.5043,19.863,6.8419,0,0,0.013333,0.32,0.66667,0,0,1,0,0,0,0,1,0,0,0
0,0,0,0,0,63.573,0,0,36.427,0,0,8.2752,0,0,0,6.8098,65.476,0,2.2656,0,5.8009,11.373,0,0,0,0,0,63.573,0,0,10.037,18.115,8.2752,0,0,0.9913,0,0.0086957,0,0,1,0,0,0,0,1,0,0,0
0,0,0,0,0,76.912,0,0,23.088,0,0,5.3627,0,0,0,3.8268,79.115,0,2.999,0,2.7166,5.9797,0,0,0,0,0,76.912,0,0,2.6713,15.054,5.3627,0,0,0,0.22667,0.77333,0,0,1,0,0,0,0,1,0,0,0
0,0,0,0,0,64.247,0,0,35.753,0,0,7.7872,0,0,0,7.6064,64.247,0,2.1078,0,7.6064,10.645,0,0,0,0,0,64.247,0,0,11.194,16.772,7.7872,0,0,0,0.27692,0.72308,0,0,1,0,0,0,0,1,0,0,0
0,0,0,0,0,65.736,0,0,34.264,0,0,8.3553,0,0,0,5.2842,65.736,0,3.0896,0,5.2842,12.251,0,0,0,0,0,65.736,0,0,9.4951,16.414,8.3553,0,0,0.9802,0,0.019802,0,0,1,0,0,0,0,1,0,0,0
0,0,0,0,0,74.102,0,0,25.898,0,0,6.2204,0,0,0,4.0977,74.102,0,2.0563,0,4.0977,9.4262,0,0,0,0,0,74.102,0,0,8.2618,11.416,6.2204,0,0,0.024691,0.24691,0.7284,0,0,1,0,0,0,0,1,0,0,0
0,0,3.776,0,0,66.956,0,0,29.267,0,0,7.3892,0,2.084,0,3.7295,68.932,0,0,1.6921,4.908,11.265,0,3.776,0,0,0,66.956,0,0,10.105,8.3865,10.776,0,0,0.016393,0.18033,0.80328,0,0,1,0,0,0,0,1,0,0,0
0,0,2.2399,0,0,68.558,0,0,29.202,0,0,9.4953,0,1.3618,0,2.3898,71.033,0,0,0.87817,2.8734,11.968,0,2.2399,0,0,0,68.558,0,0,9.4987,6.0111,13.692,0,0,0.9798,0,0.020202,0,0,1,0,0,0,0,1,0,0,0
0,0,1.2035,0,0,76.217,0,0,22.579,0,0,6.0652,0,1.2035,0,2.4063,77.421,0,0,0,3.6098,9.2943,0,1.2035,0,0,0,76.217,0,0,8.4982,6.2359,7.845,0,0,0,0.2,0.8,0,0,1,0,0,0,0,1,0,0,0
0,0,8.8075,0,0,66.784,0,0,24.408,0,0,8.3714,0,3.8535,0,0.83541,68.937,0,0,4.954,2.19,10.859,0,8.8075,0,0,0,66.784,0,0,7.2643,8.3207,8.8232,0,0,0,0.020833,0.97917,0,0,1,0,0,0,0,1,0,0,0
0,0,2.3625,0,0,70.944,0,0,26.693,0,0,7.3446,0,0.74077,0,0.57182,74.632,0,0,1.6217,1.3126,13.776,0,2.3625,0,0,0,70.944,0,0,5.7103,4.4875,16.495,0,0,0.96875,0,0.03125,0,0,1,0,0,0,0,1,0,0,0
0,0,4.1247,0,0,76.885,0,0,18.99,0,0,6.4372,0,0.89231,0,1.4996,77.462,0,0,3.2324,1.4996,8.977,0,4.1247,0,0,0,76.885,0,0,6.4676,4.1811,8.3415,0,0,0,0.17241,0.82759,0,0,1,0,0,0,0,1,0,0,0
0,0,12.085,0,0,66.755,0,0,21.16,0,0,9.1203,0,3.6395,0,0,67.698,0,0,8.4452,0.94366,10.153,0,12.085,0,0,0,66.755,0,0,7.3681,2.6959,11.097,0,0,0,0.051282,0.94872,0,0,1,0,0,0,0,1,0,0,0
0,0,4.775,0,0,71.679,0,0,23.546,0,0,6.3099,0,3.2818,0,0,73.468,0,0,1.4931,1.7887,13.659,0,4.775,0,0,0,71.679,0,0,6.6054,8.0591,8.8813,0,0,0.042553,0.34043,0.61702,0,0,1,0,0,0,0,1,0,0,0
0,0,1.0678,0,0,93.231,0,0,5.7008,0,0,0,0,0,0.75593,3.1623,93.231,0,0,0,2.8504,0,0,1.0678,0,0,0,93.231,0,0,2.0945,3.6064,0,0,0,0,0.2449,0.7551,0,0,1,0,0,0,0,1,0,0,0
0,0,0,0,0,100,0,0,0,0,0,0,0,0,0,0,100,0,0,0,0,0,0,0,0,0,0,100,0,0,0,0,0,0,0,0,0.25714,0.74286,0,0,1,0,0,0,0,1,0,0,0
0,0,2.4145,0,0,95.259,0,0,2.3268,0,0,0,0,0,0,3.1343,96.146,0,0,0,0.71984,0,0,2.4145,0,0,0,95.259,0,0,0.71984,1.6069,0,0,0,0.02381,0.29762,0.67857,0,0,1,0,0,0,0,1,0,0,0
0,0,0,0,0,100,0,0,0,0,0,0,0,0,0,0,100,0,0,0,0,0,0,0,0,0,0,100,0,0,0,0,0,0,0,0,0.1875,0.8125,0,0,1,0,0,0,0,1,0,0,0
0,0,0,0,0,100,0,0,0,0,0,0,0,0,0,0,100,0,0,0,0,0,0,0,0,0,0,100,0,0,0,0,0,0,0,0.045455,0.14773,0.80682,0,0,1,0,0,0,0,1,0,0,0
0,0,0,0,0,100,0,0,0,0,0,0,0,0,0,0,100,0,0,0,0,0,0,0,0,0,0,100,0,0,0,0,0,0,0,0,0.19149,0.80851,0,0,1,0,0,0,0,1,0,0,0
0,0,0,0,0,100,0,0,0,0,0,0,0,0,0,0,100,0,0,0,0,0,0,0,0,0,0,100,0,0,0,0,0,0,0,0.1087,0.065217,0.82609,0,0,1,0,0,0,0,1,0,0,0
0,0,0,0,0,100,0,0,0,0,0,0,0,0,0,0,100,0,0,0,0,0,0,0,0,0,0,100,0,0,0,0,0,0,0,0,0.21739,0.78261,0,0,1,0,0,0,0,1,0,0,0
0,0,0.94667,0,0,95.895,0,0,3.1579,0,0,0,0,0,0,0.94667,99.053,0,0,0,0,0,0,0.94667,0,0,0,95.895,0,0,0,3.1579,0,0,0,0,0.22727,0.77273,0,0,1,0,0,0,0,1,0,0,0
0,0,0,0,0,100,0,0,0,0,0,0,0,0,0,0,100,0,0,0,0,0,0,0,0,0,0,100,0,0,0,0,0,0,0,0,0.12632,0.87368,0,0,1,0,0,0,0,1,0,0,0
0,0,0,0,0,95.774,0,0,4.2262,0,0,0,0,0,0,0,100,0,0,0,0,0,0,0,0,0,0,95.774,0,0,0,4.2262,0,0,0,0,0.13084,0.86916,0,0,1,0,0,0,0,1,0,0,0
0,0,0,0,0,100,0,0,0,0,0,0,0,0,0,0,100,0,0,0,0,0,0,0,0,0,0,100,0,0,0,0,0,0,0,0,0.24706,0.75294,0,0,1,0,0,0,0,1,0,0,0
0,0,0,0,0,100,0,0,0,0,0,0,0,0,0,0,100,0,0,0,0,0,0,0,0,0,0,100,0,0,0,0,0,0,0,0.01087,0.054348,0.93478,0,0,1,0,0,0,0,1,0,0,0
0,0,0,0,0,100,0,0,0,0,0,0,0,0,0,0,100,0,0,0,0,0,0,0,0,0,0,100,0,0,0,0,0,0,0,0,0.12766,0.87234,0,0,1,0,0,0,0,1,0,0,0
0,0,0,0,0,100,0,0,0,0,0,0,0,0,0,0,100,0,0,0,0,0,0,0,0,0,0,100,0,0,0,0,0,0,0,0,0.094118,0.90588,0,0,1,0,0,0,0,1,0,0,0
0,0,0,0,0,100,0,0,0,0,0,0,0,0,0,0,100,0,0,0,0,0,0,0,0,0,0,100,0,0,0,0,0,0,0,0.012346,0.30864,0.67901,0,0,1,0,0,0,0,1,0,0,0
0,0,0,0,0,100,0,0,0,0,0,0,0,0,0,0,100,0,0,0,0,0,0,0,0,0,0,100,0,0,0,0,0,0,0,0,0.30233,0.69767,0,0,1,0,0,0,0,1,0,0,0
0,0,0,0,0,100,0,0,0,0,0,0,0,0,0,0,100,0,0,0,0,0,0,0,0,0,0,100,0,0,0,0,0,0,0,0,0.25,0.75,0,0,1,0,0,0,0,1,0,0,0
0,0,0,0,0,100,0,0,0,0,0,0,0,0,0,0,100,0,0,0,0,0,0,0,0,0,0,100,0,0,0,0,0,0,0,0.024096,0.27711,0.6988,0,0,1,0,0,0,0,1,0,0,0
0,0,0,0,0,100,0,0,0,0,0,0,0,0,0,0,100,0,0,0,0,0,0,0,0,0,0,100,0,0,0,0,0,0,0,0.021739,0.20652,0.77174,0,0,1,0,0,0,0,1,0,0,0
0,0,0,0,0,100,0,0,0,0,0,0,0,0,0,0,100,0,0,0,0,0,0,0,0,0,0,100,0,0,0,0,0,0,0,0.012195,0.18293,0.80488,0,0,1,0,0,0,0,1,0,0,0
0,0,0,0,0,100,0,0,0,0,0,0,0,0,0,0,100,0,0,0,0,0,0,0,0,0,0,100,0,0,0,0,0,0,0,0.031915,0.085106,0.88298,0,0,1,0,0,0,0,1,0,0,0
0,0,0,0,0,100,0,0,0,0,0,0,0,0,0,0,100,0,0,0,0,0,0,0,0,0,0,100,0,0,0,0,0,0,0,0,0.079545,0.92045,0,0,1,0,0,0,0,1,0,0,0
0,0,0,0,0,100,0,0,0,0,0,0,0,0,0,0,100,0,0,0,0,0,0,0,0,0,0,100,0,0,0,0,0,0,0,0.16923,0.21538,0.61538,0,0,1,0,0,0,0,1,0,0,0
0,0,0,0,0,94.709,0,0,5.2906,0,0,0,0,0,0,1.0691,97.862,0,0,0,1.0691,0,0,0,0,0,0,94.709,0,0,1.0691,4.2214,0,0,0,0,0.21839,0.78161,0,0,1,0,0,0,0,1,0,0,0
0,0,0,0,0,100,0,0,0,0,0,0,0,0,0,0,100,0,0,0,0,0,0,0,0,0,0,100,0,0,0,0,0,0,0,0,0.1954,0.8046,0,0,1,0,0,0,0,1,0,0,0
0,0,0,0,0,93.271,0,0,6.7293,0,0,0,0,0,0,2.9402,94.12,0,0,0,2.9402,0,0,0,0,0,0,93.271,0,0,1.9072,4.8222,0,0,0,0.011765,0.29412,0.69412,0,0,1,0,0,0,0,1,0,0,0
0,0,0,0,0,100,0,0,0,0,0,0,0,0,0,0,100,0,0,0,0,0,0,0,0,0,0,100,0,0,0,0,0,0,0,0,0.25,0.75,0,0,1,0,0,0,0,1,0,0,0
0,0,0,0,0,100,0,0,0,0,0,0,0,0,0,0,100,0,0,0,0,0,0,0,0,0,0,100,0,0,0,0,0,0,0,0,0.10989,0.89011,0,0,1,0,0,0,0,1,0,0,0
0,0,0,0,0,100,0,0,0,0,0,0,0,0,0,0,100,0,0,0,0,0,0,0,0,0,0,100,0,0,0,0,0,0,0,0,0.22892,0.77108,0,0,1,0,0,0,0,1,0,0,0
0,0,0,0,0,100,0,0,0,0,0,0,0,0,0,0,100,0,0,0,0,0,0,0,0,0,0,100,0,0,0,0,0,0,0,0.011364,0.22727,0.76136,0,0,1,0,0,0,0,1,0,0,0
0,0,0,0,0,100,0,0,0,0,0,0,0,0,0,0,100,0,0,0,0,0,0,0,0,0,0,100,0,0,0,0,0,0,0,0,0.22917,0.77083,0,0,1,0,0,0,0,1,0,0,0
0,0,0,0,0,92.437,0,0,7.5629,0,0,0,0,0,0,3.7815,92.437,0,0,0,3.7815,0,0,0,0,0,0,92.437,0,0,1.9923,5.5706,0,0,0,0.023256,0.27907,0.69767,0,0,1,0,0,0,0,1,0,0,0
0,0,0,0,0,100,0,0,0,0,0,0,0,0,0,0,100,0,0,0,0,0,0,0,0,0,0,100,0,0,0,0,0,0,0,0,0.29348,0.70652,0,0,1,0,0,0,0,1,0,0,0
0,0,1.127,0,0,89.824,0,0,9.0493,0,0,0.98823,0,1.127,0,2.4094,90.951,0,0,0,3.5364,0.98823,0,1.127,0,0,0,89.824,0,0,3.9816,2.9525,2.1152,0,0,0,0.28571,0.71429,0,0,1,0,0,0,0,1,0,0,0
0,0,0,0,0,100,0,0,0,0,0,0,0,0,0,0,100,0,0,0,0,0,0,0,0,0,0,100,0,0,0,0,0,0,0,0,0.18391,0.81609,0,0,1,0,0,0,0,1,0,0,0
0,0,0,0,0,100,0,0,0,0,0,0,0,0,0,0,100,0,0,0,0,0,0,0,0,0,0,100,0,0,0,0,0,0,0,0.078947,0.092105,0.82895,0,0,1,0,0,0,0,1,0,0,0
0,0,0,0,0,100,0,0,0,0,0,0,0,0,0,0,100,0,0,0,0,0,0,0,0,0,0,100,0,0,0,0,0,0,0,0,0.16667,0.83333,0,0,1,0,0,0,0,1,0,0,0
0,0,0,0,0,100,0,0,0,0,0,0,0,0,0,0,100,0,0,0,0,0,0,0,0,0,0,100,0,0,0,0,0,0,0,0.088608,0.13924,0.77215,0,0,1,0,0,0,0,1,0,0,0
0,0,0,0,0,100,0,0,0,0,0,0,0,0,0,0,100,0,0,0,0,0,0,0,0,0,0,100,0,0,0,0,0,0,0,0,0.22727,0.77273,0,0,1,0,0,0,0,1,0,0,0
0,0,0,0,0,100,0,0,0,0,0,0,0,0,0,0,100,0,0,0,0,0,0,0,0,0,0,100,0,0,0,0,0,0,0,0,0.084337,0.91566,0,0,1,0,0,0,0,1,0,0,0
0,0,0,0,0,100,0,0,0,0,0,0,0,0,0,0,100,0,0,0,0,0,0,0,0,0,0,100,0,0,0,0,0,0,0,0.125,0.19444,0.68056,0,0,1,0,0,0,0,1,0,0,0
0,0,0,0,0,100,0,0,0,0,0,0,0,0,0,0,100,0,0,0,0,0,0,0,0,0,0,100,0,0,0,0,0,0,0,0.032787,0.37705,0.59016,0,0,1,0,0,0,0,1,0,0,0
0,0,0,0,0,100,0,0,0,0,0,0,0,0,0,0,100,0,0,0,0,0,0,0,0,0,0,100,0,0,0,0,0,0,0,0.11628,0.17442,0.7093,0,0,1,0,0,0,0,1,0,0,0
0,0,0,0,0,100,0,0,0,0,0,0,0,0,0,0,100,0,0,0,0,0,0,0,0,0,0,100,0,0,0,0,0,0,0,0.013889,0.30556,0.68056,0,0,1,0,0,0,0,1,0,0,0
0,0,0,0,0,100,0,0,0,0,0,0,0,0,0,0,100,0,0,0,0,0,0,0,0,0,0,100,0,0,0,0,0,0,0,0.023529,0.24706,0.72941,0,0,1,0,0,0,0,1,0,0,0
0,0,0,0,0,100,0,0,0,0,0,0,0,0,0,0,100,0,0,0,0,0,0,0,0,0,0,100,0,0,0,0,0,0,0,0.073529,0.23529,0.69118,0,0,1,0,0,0,0,1,0,0,0
0,0,5.8119,0,0,85.243,0,0,8.9448,0,0,0.91808,0,2.3019,0,0.79343,87.545,0,0,3.51,3.0953,1.8362,0,5.8119,0,0,0,85.243,0,0,4.0134,0.79343,4.138,0,0,0,0.16129,0.83871,0,0,1,0,0,0,0,1,0,0,0
0,0,0.74984,0,0,97.75,0,0,1.4997,0,0,0,0,0.74984,0,0,98.5,0,0,0,0.74984,0,0,0.74984,0,0,0,97.75,0,0,0.74984,0,0.74984,0,0,0,0.059701,0.9403,0,0,1,0,0,0,0,1,0,0,0
0,0,0,0,0,100,0,0,0,0,0,0,0,0,0,0,100,0,0,0,0,0,0,0,0,0,0,100,0,0,0,0,0,0,0,0,0.19048,0.80952,0,0,1,0,0,0,0,1,0,0,0
4.3874,9.5497,19.683,1.5824,8.4048,32.033,2.3004,0,11.549,7.0302,3.4796,8.6267,5.4955,2.6924,2.1286,6.4274,23.234,19.597,6.3176,7.0575,13.745,4.6787,8.3011,12.668,10.816,2.68,12.712,9.5105,6.5623,9.8235,4.6432,9.9961,12.287,0,0,0,0,1,0,0,1,0,0,0,0,0,0,1,1
0,4.8683,10.539,1.665,6.4356,49.692,5.4046,9.3693,9.7025,0.79497,1.5285,5.5761,5.4515,3.5733,0.39795,3.5963,56.145,6.016,0.79497,2.984,4.6125,10.852,15.692,9.7684,8.6765,7.748,0.39795,43.672,1.9986,4.4823,0.39702,7.1671,0,0,0,1,0,0,0,0,1,0,0,0,0,1,0,0,0
1.1672,3.162,4.2271,1.6867,1.6867,75.522,3.0599,4.2431,4.0394,1.2061,0,5.7927,4.7078,0,0,0,78.496,2.9316,1.4975,1.6867,0,4.8876,5.875,4.5573,5.6834,4.4291,0,74.024,0,0,1.2061,4.2248,0,0,0,1,0,0,0,0,1,0,0,0,0,1,0,0,0
0,0,0,0,2.1013,89.523,2.1013,4.1727,0,2.1013,0,0,4.2026,0,0,0,89.523,2.1013,0,0,0,4.1727,2.1013,4.2026,4.1727,0,2.1013,87.422,0,0,0,0,0,0,0,1,0,0,0,0,1,0,0,0,0,1,0,0,0
0,0,3.0277,0,0,74.773,0,0,22.199,0,0,6.3067,0,1.0734,0,8.261,75.847,0,0,0,0,8.5123,0,3.0277,0,0,0,74.773,0,0,5.2333,10.659,6.3067,0,0,1,0,0,0,0,1,0,0,0,0,1,0,0,0
2.4915,8.8723,21.417,0.86102,10.135,32.886,2.3004,0,13.297,4.4306,3.3096,9.4959,8.7136,3.4278,0.81084,5.8548,29.882,16.643,4.4985,7.1519,9.9649,3.5562,9.8089,12.072,11.727,3.1614,12.391,14.3,4.4395,9.651,2.146,11.612,8.6915,0,0,0.045455,0.18182,0.77273,0,0,1,0,0,0,0,0.045455,0.18182,0.77273,1
0,0,6.0233,0,0,74.128,0,0,19.849,0,0,8.646,0,3.238,0,1.2258,74.58,0,0,2.7853,1.6785,7.8459,0,6.0233,0,0,0,74.128,0,0,7.5391,5.237,7.0728,0,0,1,0,0,0,0,1,0,0,0,0,1,0,0,0
0.56654,0,0,0,0,87.046,6.0685,5.7526,0,0,0.56654,2.2308,4.2932,1.0403,2.2308,1.9333,83.208,2.2308,0.56654,0.56654,1.1331,0.56654,3.9304,8.5683,5.9574,0.56654,0,80.977,0,0,0,0,0,0,0,1,0,0,0,0,1,0,0,0,0,1,0,0,0
0,0,0,0,0,99.236,0.76408,0,0,0,0,0,0,0.76408,0,0.76408,98.472,0,0,0,0,0,0,1.5282,0,0,0,98.472,0,0,0,0,0,0,0,1,0,0,0,0,1,0,0,0,0,1,0,0,0
0,0,9.9852,0,0,65.626,0,0,24.389,0,0,10.307,0,0,0,3.7748,71.837,0,0,0,6.2105,7.8712,3.7748,0,6.2105,0,0,65.626,0,0,3.2661,13.251,7.8712,0,0,1,0,0,0,0,1,0,0,0,0,1,0,0,0
0,0,0,0,0,100,0,0,0,0,0,0,0,0,0,0,100,0,0,0,0,0,0,0,0,0,0,100,0,0,0,0,0,0,0,1,0,0,0,0,1,0,0,0,0,1,0,0,0
0,0,0,0,0,100,0,0,0,0,0,0,0,0,0,0,100,0,0,0,0,0,0,0,0,0,0,100,0,0,0,0,0,0,0,1,0,0,0,0,1,0,0,0,0,1,0,0,0
2.9923,5.9902,0,4.3749,0,73.593,0.42826,9.2199,1.3092,0,2.0923,2.545,4.0752,3.0413,1.0829,2.0923,75.311,0.6546,2.3186,3.9414,0.42826,4.5092,6.5598,9.3427,2.7959,2.545,0,71.836,0,0,1.3092,4.1677,1.4435,0,0,1,0,0,0,0,1,0,0,0,0,1,0,0,0
0,0,27.011,25.437,8.0924,28.66,0.47569,2.8932,7.4307,0,0,8.8223,6.0175,3.9126,4.5687,9.4266,28.784,18.365,4.9134,2.6115,3.4401,9.1383,3.6238,5.9048,0.37107,5.0748,1.4686,8.4225,14.228,5.8139,9.338,24.878,20.877,0,0,0,0,1,1,0,0,0,0,0,0,0,0,1,1
0,0,15.74,23.594,29.624,18.431,3.9653,4.4384,4.2063,0,0,7.3546,4.3013,7.3143,4.4172,18.004,31.343,4.958,8.8546,5.5667,4.0123,3.8734,4.1246,4.5119,0.74858,5.2021,2.4212,6.6963,9.8875,6.2559,14.916,32.968,12.268,0,0,0.12245,0.061224,0.81633,0.81633,0.061224,0.12245,0,0,0,0,0.12245,0.061224,0.81633,1
0,0,20.602,14.086,10.08,30.683,2.4167,8.8586,13.275,0,0,12.931,4.6051,7.3681,5.2421,9.6514,27.171,11.45,5.8157,3.327,5.705,6.7338,5.0903,10.484,2.4533,10.135,2.9444,16.565,7.3504,4.9861,10.308,19.122,10.561,0,0,0.48889,0.2,0.31111,0.31111,0.26667,0.42222,0,0,0,0,0.42222,0.26667,0.31111,1
2.4072,2.4072,0,0,0,95.186,0,0,0,0,0,0,0,2.4072,0,2.4072,95.186,0,0,0,0,0,0,2.4072,2.4072,0,0,95.186,0,0,0,0,0,0,0,1,0,0,0,0,1,0,0,0,0,1,0,0,0
3.3112,4.2501,0,0,0,87.912,0,2.7326,0,0,1.7937,2.7326,1.7937,2.4564,0,3.3112,87.912,0,1.7937,0,0,0,0,6.8986,2.4564,1.7937,0,87.912,0,0,0.93889,0,0,0,0,1,0,0,0,0,1,0,0,0,0,1,0,0,0
0,0,0,0,0,94.802,2.599,0,0,2.599,0,5.1979,0,0,0,2.599,92.203,0,0,0,0,0,0,5.1979,0,2.599,0,92.203,0,0,0,0,0,0,0,1,0,0,0,0,1,0,0,0,0,1,0,0,0
7.6172,1.6518,8.3807,0.44071,4.7924,63.527,1.6994,0,7.6782,3.2102,1.0022,10.154,0.44071,2.8858,0,1.5346,60.53,11.494,6.9818,1.0939,4.445,0.44071,4.9148,5.7708,6.4555,2.1401,6.8849,49.104,4.7686,8.1912,1.0462,7.2375,3.4861,0,0,1,0,0,0,0,1,0,0,0,0,0.98734,0.012658,0,0
0,0,0,0,0,100,0,0,0,0,0,0,0,0,0,0,100,0,0,0,0,0,0,0,0,0,0,100,0,0,0,0,0,0,0,0.055556,0.41667,0.52778,0,0,1,0,0,0,0,1,0,0,0
2.389,7.8845,4.6377,1.368,1.368,66.231,3.8653,5.7854,4.2224,2.2483,0,4.1761,4.5657,0,0.80826,1.6165,70.252,4.2839,3.8178,1.368,0.80826,8.3035,6.1465,7.683,8.2786,7.2934,0,63.222,0,0,2.2483,5.1284,0,0,0.27027,0.72973,0,0,0,0,0.81081,0.027027,0.16216,0.16216,0.081081,0.75676,0,0,0
0,17.122,1.8338,7.3175,0.54231,29.641,13.437,12.798,7.9119,3.7761,5.6203,2.5674,10.048,2.6238,2.5101,3.1087,50.505,9.6962,2.8017,6.0135,0.33599,9.7902,18.021,18.829,12.56,16.431,0.74279,23.638,1.3387,0,1.2725,5.7567,1.4111,0,0,0,0.78571,0.21429,0,0,1,0,0,0,0,0,0.64286,0.35714,1
0,10.347,4.3089,5.7148,1.0553,34.923,10.802,18.882,10.246,1.609,2.1113,5.6642,8.7867,3.0687,1.7043,2.0427,50.365,6.3301,1.5505,6.9421,0.27015,13.275,11.77,16.551,12.288,15.985,0.46083,29.611,0.70793,0,1.0096,9.1652,2.4503,0,0,0.89362,0.10638,0,0,0,1,0,0,0,0,0.87234,0.12766,0,0
0,1.9813,6.3268,0.51046,0,79.498,1.8931,3.7539,3.0346,0.51046,2.4918,0.63104,0.51046,2.283,0.51046,0.51046,81.121,2.4918,0.51046,1.1415,0,10.289,7.777,3.1228,1.2621,6.9578,0.51046,77.966,0.51046,0,0,1.8931,0,0,0,1,0,0,0,0,1,0,0,0,0,0.95918,0.040816,0,0
0.61463,0.94687,0,0,0,97.209,0,0.61463,0.61463,0,0,0,0,0,0,0,96.736,0,0.47343,0,0.61463,2.1761,0.61463,1.0881,0.47343,1.0881,0,96.736,0,0,0,0,0,0,0,1,0,0,0,0,1,0,0,0,0,1,0,0,0
0.7753,0,0,0,0,97.674,0,0.7753,0.7753,0,0,0,0,0,0,0,97.674,0,0,0,0.7753,1.5506,0.7753,0.7753,0,0.7753,0,97.674,0,0,0,0,0,0,0,1,0,0,0,0,1,0,0,0,0,1,0,0,0
0,0,2.4375,0,0,77.867,0,0,19.696,0,0,7.3576,0,1.2187,0,0.63978,82.147,0,0,1.2187,0.63978,6.7786,0,2.4375,0,0,0,77.867,0,0,2.4983,2.4983,14.699,0,0,1,0,0,0,0,1,0,0,0,0,1,0,0,0
