h1,h2,h3,h4,h5,h6,h7,h8,h9,h10,h11,h12,h13,h14,h15,h16,h17,h18,h19,h20,h21,h22,h23,h24,h25,h26,h27,h28,h29,h30,h31,h32,h33,h34,h35,h36,h37,h38,h39,h40,h41,h42,h43,h44,h45,h46,h47,h48,label
0,0,0,0,0,100,0,0,0,0,0,0,0,0,0,0,100,0,0,0,0,0,0,0,0,0,0,100,0,0,0,0,0,0,0,1,0,0,0,0,1,0,0,0,0,1,0,0,0
0,0,0,0,0,100,0,0,0,0,0,0,0,0,0,0,100,0,0,0,0,0,0,0,0,0,0,100,0,0,0,0,0,0,0,1,0,0,0,0,1,0,0,0,0,1,0,0,0
0,0,5.4898,0,0,70.267,0,0,24.244,0,0,6.6325,0,2.2845,2.0625,3.4272,70.267,0,0,2.2845,4.1251,8.917,0,1.1427,4.347,0,0,70.267,0,0,3.4272,11.899,8.917,0,0,1,0,0,0,0,1,0,0,0,0,1,0,0,0
0,0,0,0,0,100,0,0,0,0,0,0,0,0,0,0,100,0,0,0,0,0,0,0,0,0,0,100,0,0,0,0,0,0,0,1,0,0,0,0,1,0,0,0,0,1,0,0,0
0,0,0,0,0,100,0,0,0,0,0,0,0,0,0,0,100,0,0,0,0,0,0,0,0,0,0,100,0,0,0,0,0,0,0,1,0,0,0,0,1,0,0,0,0,1,0,0,0
0,0,0,0,0,100,0,0,0,0,0,0,0,0,0,0,100,0,0,0,0,0,0,0,0,0,0,100,0,0,0,0,0,0,0,1,0,0,0,0,1,0,0,0,0,1,0,0,0
0,0,0,0,0,100,0,0,0,0,0,0,0,0,0,0,100,0,0,0,0,0,0,0,0,0,0,100,0,0,0,0,0,0,0,1,0,0,0,0,1,0,0,0,0,1,0,0,0
0,0,0,0,0,100,0,0,0,0,0,0,0,0,0,0,100,0,0,0,0,0,0,0,0,0,0,100,0,0,0,0,0,0,0,1,0,0,0,0,1,0,0,0,0,1,0,0,0
0,0,0,0,0,100,0,0,0,0,0,0,0,0,0,0,100,0,0,0,0,0,0,0,0,0,0,100,0,0,0,0,0,0,0,1,0,0,0,0,1,0,0,0,0,1,0,0,0
0,0,0,0,0,100,0,0,0,0,0,0,0,0,0,0,100,0,0,0,0,0,0,0,0,0,0,100,0,0,0,0,0,0,0,1,0,0,0,0,1,0,0,0,0,1,0,0,0
0,0,0,0,0,100,0,0,0,0,0,0,0,0,0,0,100,0,0,0,0,0,0,0,0,0,0,100,0,0,0,0,0,0,0,1,0,0,0,0,1,0,0,0,0,1,0,0,0
0,0,0,0,0,100,0,0,0,0,0,0,0,0,0,0,100,0,0,0,0,0,0,0,0,0,0,100,0,0,0,0,0,0,0,1,0,0,0,0,1,0,0,0,0,1,0,0,0
0,0,0,0,0,100,0,0,0,0,0,0,0,0,0,0,100,0,0,0,0,0,0,0,0,0,0,100,0,0,0,0,0,0,0,1,0,0,0,0,1,0,0,0,0,1,0,0,0
0,0,0,0,0,100,0,0,0,0,0,0,0,0,0,0,100,0,0,0,0,0,0,0,0,0,0,100,0,0,0,0,0,0,0,1,0,0,0,0,1,0,0,0,0,1,0,0,0
0,0,0,0,0,100,0,0,0,0,0,0,0,0,0,0,100,0,0,0,0,0,0,0,0,0,0,100,0,0,0,0,0,0,0,1,0,0,0,0,1,0,0,0,0,1,0,0,0
0,0,0,0,0,100,0,0,0,0,0,0,0,0,0,0,100,0,0,0,0,0,0,0,0,0,0,100,0,0,0,0,0,0,0,1,0,0,0,0,1,0,0,0,0,1,0,0,0
0,0,0,0,0,100,0,0,0,0,0,0,0,0,0,0,100,0,0,0,0,0,0,0,0,0,0,100,0,0,0,0,0,0,0,1,0,0,0,0,1,0,0,0,0,1,0,0,0
0,0,2.8358,0,0,85.001,0,0,12.163,0,0,4.8521,0,0.81963,0,1.9815,85.856,0,0,0.81963,0,5.6717,0,2.0162,0.81963,0,0,85.001,0,0,1.9815,4.5098,5.6717,0,0,1,0,0,0,0,1,0,0,0,0,1,0,0,0
0,0,0,0,0,100,0,0,0,0,0,0,0,0,0,0,100,0,0,0,0,0,0,0,0,0,0,100,0,0,0,0,0,0,0,1,0,0,0,0,1,0,0,0,0,1,0,0,0
0,0,1.4415,0,0,92.792,0,0,5.7662,0,0,2.8831,0,0,0,0.53784,93.696,0,0,0,0,2.8831,0,1.4415,0,0,0,92.792,0,0,0.53784,2.3452,2.8831,0,0,1,0,0,0,0,1,0,0,0,0,1,0,0,0
0,0,0,0,0,100,0,0,0,0,0,0,0,0,0,0,100,0,0,0,0,0,0,0,0,0,0,100,0,0,0,0,0,0,0,1,0,0,0,0,1,0,0,0,0,1,0,0,0
0,0,0,0,0,100,0,0,0,0,0,0,0,0,0,0,100,0,0,0,0,0,0,0,0,0,0,100,0,0,0,0,0,0,0,1,0,0,0,0,1,0,0,0,0,1,0,0,0
0,0,0,0,0,100,0,0,0,0,0,0,0,0,0,0,100,0,0,0,0,0,0,0,0,0,0,100,0,0,0,0,0,0,0,1,0,0,0,0,1,0,0,0,0,1,0,0,0
0,0,0,0,0,100,0,0,0,0,0,0,0,0,0,0,100,0,0,0,0,0,0,0,0,0,0,100,0,0,0,0,0,0,0,1,0,0,0,0,1,0,0,0,0,1,0,0,0
0,0,0,0,0,100,0,0,0,0,0,0,0,0,0,0,100,0,0,0,0,0,0,0,0,0,0,100,0,0,0,0,0,0,0,1,0,0,0,0,1,0,0,0,0,1,0,0,0
0,0,1.0166,0,0,92.696,0,0,6.2872,0,0,1.7657,1.2574,0,0,0.74916,93.954,0,0,0,1.0166,1.2574,0,1.0166,0,0,0,92.696,0,0,1.7657,3.2641,1.2574,0,0,1,0,0,0,0,1,0,0,0,0,1,0,0,0
0,0,0,0,0,100,0,0,0,0,0,0,0,0,0,0,100,0,0,0,0,0,0,0,0,0,0,100,0,0,0,0,0,0,0,1,0,0,0,0,1,0,0,0,0,1,0,0,0
0,0,2.2361,0,0,87.194,0,0,10.57,0,0,2.3375,2.3375,0,0,2.3375,88.414,0,0,1.118,0,3.4556,0,2.2361,0,0,0,87.194,0,0,1.2195,5.8946,3.4556,0,0,1,0,0,0,0,1,0,0,0,0,1,0,0,0
0,0,0,0,0,100,0,0,0,0,0,0,0,0,0,0,100,0,0,0,0,0,0,0,0,0,0,100,0,0,0,0,0,0,0,1,0,0,0,0,1,0,0,0,0,1,0,0,0
0,0,0,0,0,100,0,0,0,0,0,0,0,0,0,0,100,0,0,0,0,0,0,0,0,0,0,100,0,0,0,0,0,0,0,1,0,0,0,0,1,0,0,0,0,1,0,0,0
0,0,0,0,0,100,0,0,0,0,0,0,0,0,0,0,100,0,0,0,0,0,0,0,0,0,0,100,0,0,0,0,0,0,0,1,0,0,0,0,1,0,0,0,0,1,0,0,0
0,0,0,0,0,100,0,0,0,0,0,0,0,0,0,0,100,0,0,0,0,0,0,0,0,0,0,100,0,0,0,0,0,0,0,1,0,0,0,0,1,0,0,0,0,1,0,0,0
0,0,0,0,0,100,0,0,0,0,0,0,0,0,0,0,100,0,0,0,0,0,0,0,0,0,0,100,0,0,0,0,0,0,0,1,0,0,0,0,1,0,0,0,0,1,0,0,0
0,0,0,0,0,100,0,0,0,0,0,0,0,0,0,0,100,0,0,0,0,0,0,0,0,0,0,100,0,0,0,0,0,0,0,1,0,0,0,0,1,0,0,0,0,1,0,0,0
0,0,0,0,0,100,0,0,0,0,0,0,0,0,0,0,100,0,0,0,0,0,0,0,0,0,0,100,0,0,0,0,0,0,0,1,0,0,0,0,1,0,0,0,0,1,0,0,0
0,0,0,0,0,100,0,0,0,0,0,0,0,0,0,0,100,0,0,0,0,0,0,0,0,0,0,100,0,0,0,0,0,0,0,1,0,0,0,0,1,0,0,0,0,1,0,0,0
0,0,0,0,0,100,0,0,0,0,0,0,0,0,0,0,100,0,0,0,0,0,0,0,0,0,0,100,0,0,0,0,0,0,0,1,0,0,0,0,1,0,0,0,0,1,0,0,0
0,0,0,0,0,100,0,0,0,0,0,0,0,0,0,0,100,0,0,0,0,0,0,0,0,0,0,100,0,0,0,0,0,0,0,1,0,0,0,0,1,0,0,0,0,1,0,0,0
0,0,0,0,0,100,0,0,0,0,0,0,0,0,0,0,100,0,0,0,0,0,0,0,0,0,0,100,0,0,0,0,0,0,0,1,0,0,0,0,1,0,0,0,0,1,0,0,0
0,0,0,0,0,100,0,0,0,0,0,0,0,0,0,0,100,0,0,0,0,0,0,0,0,0,0,100,0,0,0,0,0,0,0,1,0,0,0,0,1,0,0,0,0,1,0,0,0
0,0,0,0,0,100,0,0,0,0,0,0,0,0,0,0,100,0,0,0,0,0,0,0,0,0,0,100,0,0,0,0,0,0,0,1,0,0,0,0,1,0,0,0,0,1,0,0,0
0,0,0,0,0,100,0,0,0,0,0,0,0,0,0,0,100,0,0,0,0,0,0,0,0,0,0,100,0,0,0,0,0,0,0,1,0,0,0,0,1,0,0,0,0,1,0,0,0
0,0,0,0,0,100,0,0,0,0,0,0,0,0,0,0,100,0,0,0,0,0,0,0,0,0,0,100,0,0,0,0,0,0,0,1,0,0,0,0,1,0,0,0,0,1,0,0,0
0,0,0,0,0,100,0,0,0,0,0,0,0,0,0,0,100,0,0,0,0,0,0,0,0,0,0,100,0,0,0,0,0,0,0,1,0,0,0,0,1,0,0,0,0,1,0,0,0
0,0,0,0,0,100,0,0,0,0,0,0,0,0,0,0,100,0,0,0,0,0,0,0,0,0,0,100,0,0,0,0,0,0,0,1,0,0,0,0,1,0,0,0,0,1,0,0,0
0,0,0,0,0,100,0,0,0,0,0,0,0,0,0,0,100,0,0,0,0,0,0,0,0,0,0,100,0,0,0,0,0,0,0,1,0,0,0,0,1,0,0,0,0,1,0,0,0
0,0,16.352,27.582,6.5928,43.844,1.6817,2.4021,1.5454,0,0,5.6281,5.83,0,9.1933,2.0286,49.465,6.5497,6.0186,5.6845,5.183,4.4195,2.4021,2.7884,0.77269,0.77269,0,40.722,3.1225,6.1634,3.5013,26.289,13.466,0,0,0.083333,0.16667,0.75,0.79167,0.125,0.083333,0,0,0,0,0.083333,0.16667,0.75,1
0,0,0,0,0,100,0,0,0,0,0,0,0,0,0,0,100,0,0,0,0,0,0,0,0,0,0,100,0,0,0,0,0,0,0,1,0,0,0,0,1,0,0,0,0,1,0,0,0
0,0,0,0,0,100,0,0,0,0,0,0,0,0,0,0,100,0,0,0,0,0,0,0,0,0,0,100,0,0,0,0,0,0,0,1,0,0,0,0,1,0,0,0,0,1,0,0,0
0,0,0,0,0,100,0,0,0,0,0,0,0,0,0,0,100,0,0,0,0,0,0,0,0,0,0,100,0,0,0,0,0,0,0,1,0,0,0,0,1,0,0,0,0,1,0,0,0
0,0,0,0,0,100,0,0,0,0,0,0,0,0,0,0,100,0,0,0,0,0,0,0,0,0,0,100,0,0,0,0,0,0,0,1,0,0,0,0,1,0,0,0,0,1,0,0,0
0,0,0,0,0,100,0,0,0,0,0,0,0,0,0,0,100,0,0,0,0,0,0,0,0,0,0,100,0,0,0,0,0,0,0,1,0,0,0,0,1,0,0,0,0,1,0,0,0
0,0,0,0,0,100,0,0,0,0,0,0,0,0,0,0,100,0,0,0,0,0,0,0,0,0,0,100,0,0,0,0,0,0,0,1,0,0,0,0,1,0,0,0,0,1,0,0,0
0,0,0,0,0,100,0,0,0,0,0,0,0,0,0,0,100,0,0,0,0,0,0,0,0,0,0,100,0,0,0,0,0,0,0,1,0,0,0,0,1,0,0,0,0,1,0,0,0
0,0,0,0,0,100,0,0,0,0,0,0,0,0,0,0,100,0,0,0,0,0,0,0,0,0,0,100,0,0,0,0,0,0,0,1,0,0,0,0,1,0,0,0,0,1,0,0,0
0,0,0,0,0,100,0,0,0,0,0,0,0,0,0,0,100,0,0,0,0,0,0,0,0,0,0,100,0,0,0,0,0,0,0,1,0,0,0,0,1,0,0,0,0,1,0,0,0
0,0,0,0,0,100,0,0,0,0,0,0,0,0,0,0,100,0,0,0,0,0,0,0,0,0,0,100,0,0,0,0,0,0,0,1,0,0,0,0,1,0,0,0,0,1,0,0,0
0,0,0,0,0,100,0,0,0,0,0,0,0,0,0,0,100,0,0,0,0,0,0,0,0,0,0,100,0,0,0,0,0,0,0,1,0,0,0,0,1,0,0,0,0,1,0,0,0
0,0,0,0,0,100,0,0,0,0,0,0,0,0,0,0,100,0,0,0,0,0,0,0,0,0,0,100,0,0,0,0,0,0,0,1,0,0,0,0,1,0,0,0,0,1,0,0,0
0,0,0,0,0,100,0,0,0,0,0,0,0,0,0,0,100,0,0,0,0,0,0,0,0,0,0,100,0,0,0,0,0,0,0,1,0,0,0,0,1,0,0,0,0,1,0,0,0
0,0,0,0,0,100,0,0,0,0,0,0,0,0,0,0,100,0,0,0,0,0,0,0,0,0,0,100,0,0,0,0,0,0,0,1,0,0,0,0,1,0,0,0,0,1,0,0,0
0,0,0,0,0,100,0,0,0,0,0,0,0,0,0,0,100,0,0,0,0,0,0,0,0,0,0,100,0,0,0,0,0,0,0,1,0,0,0,0,1,0,0,0,0,1,0,0,0
0,0,0,0,0,100,0,0,0,0,0,0,0,0,0,0,100,0,0,0,0,0,0,0,0,0,0,100,0,0,0,0,0,0,0,1,0,0,0,0,1,0,0,0,0,1,0,0,0
0,0,0,0,0,100,0,0,0,0,0,0,0,0,0,0,100,0,0,0,0,0,0,0,0,0,0,100,0,0,0,0,0,0,0,1,0,0,0,0,1,0,0,0,0,1,0,0,0
0,0,0,0,0,100,0,0,0,0,0,0,0,0,0,0,100,0,0,0,0,0,0,0,0,0,0,100,0,0,0,0,0,0,0,1,0,0,0,0,1,0,0,0,0,1,0,0,0
0,0,3.22,0,0,90.34,0,0,6.4399,0,0,2.4184,0.80154,0,0,1.61,90.34,0,0.80844,1.61,0,2.4115,0,2.4115,0.80844,0,0,90.34,0,0,0.80844,2.4115,3.22,0,0,1,0,0,0,0,1,0,0,0,0,1,0,0,0
0,0,0,0,0,100,0,0,0,0,0,0,0,0,0,0,100,0,0,0,0,0,0,0,0,0,0,100,0,0,0,0,0,0,0,1,0,0,0,0,1,0,0,0,0,1,0,0,0
0,0,0,0,0,100,0,0,0,0,0,0,0,0,0,0,100,0,0,0,0,0,0,0,0,0,0,100,0,0,0,0,0,0,0,1,0,0,0,0,1,0,0,0,0,1,0,0,0
0,0,0,0,0,100,0,0,0,0,0,0,0,0,0,0,100,0,0,0,0,0,0,0,0,0,0,100,0,0,0,0,0,0,0,1,0,0,0,0,1,0,0,0,0,1,0,0,0
0,0,0,0,0,100,0,0,0,0,0,0,0,0,0,0,100,0,0,0,0,0,0,0,0,0,0,100,0,0,0,0,0,0,0,1,0,0,0,0,1,0,0,0,0,1,0,0,0
0,0,0,0,0,100,0,0,0,0,0,0,0,0,0,0,100,0,0,0,0,0,0,0,0,0,0,100,0,0,0,0,0,0,0,1,0,0,0,0,1,0,0,0,0,1,0,0,0
0,0,0,0,0,100,0,0,0,0,0,0,0,0,0,0,100,0,0,0,0,0,0,0,0,0,0,100,0,0,0,0,0,0,0,1,0,0,0,0,1,0,0,0,0,1,0,0,0
0,0,0,0,0,100,0,0,0,0,0,0,0,0,0,0,100,0,0,0,0,0,0,0,0,0,0,100,0,0,0,0,0,0,0,1,0,0,0,0,1,0,0,0,0,1,0,0,0
0,0,0,0,0,100,0,0,0,0,0,0,0,0,0,0,100,0,0,0,0,0,0,0,0,0,0,100,0,0,0,0,0,0,0,1,0,0,0,0,1,0,0,0,0,1,0,0,0
0.9536,0,0,0,0,99.046,0,0,0,0,0,0,0,0,0,0,99.046,0,0,0,0,0.9536,0,0,0,0,0.9536,99.046,0,0,0,0,0,0,0,1,0,0,0,0,1,0,0,0,0,1,0,0,0
1.9455,0,0,0,0,96.731,0,0,0,1.3239,0,0,0,0,0,0,96.731,0,0,0,0,3.2693,0,0,1.3239,0,1.9455,96.731,0,0,0,0,0,0,0,1,0,0,0,0,1,0,0,0,0,1,0,0,0
0,0,0,0,0,100,0,0,0,0,0,0,0,0,0,0,100,0,0,0,0,0,0,0,0,0,0,100,0,0,0,0,0,0,0,1,0,0,0,0,1,0,0,0,0,1,0,0,0
0,0,0,0,0,100,0,0,0,0,0,0,0,0,0,0,100,0,0,0,0,0,0,0,0,0,0,100,0,0,0,0,0,0,0,1,0,0,0,0,1,0,0,0,0,1,0,0,0
0,0,0,0,0,100,0,0,0,0,0,0,0,0,0,0,100,0,0,0,0,0,0,0,0,0,0,100,0,0,0,0,0,0,0,1,0,0,0,0,1,0,0,0,0,1,0,0,0
0,0,0,0,0,100,0,0,0,0,0,0,0,0,0,0,100,0,0,0,0,0,0,0,0,0,0,100,0,0,0,0,0,0,0,1,0,0,0,0,1,0,0,0,0,1,0,0,0
0,0,0,0,0,100,0,0,0,0,0,0,0,0,0,0,100,0,0,0,0,0,0,0,0,0,0,100,0,0,0,0,0,0,0,1,0,0,0,0,1,0,0,0,0,1,0,0,0
0,0,0,0,0,99.541,0.45862,0,0,0,0,0,0,0.45862,0,0,99.541,0,0,0,0,0,0,0,0,0,0.45862,99.541,0,0,0,0,0,0,0,1,0,0,0,0,1,0,0,0,0,1,0,0,0
0,0,0,0,0,98.939,1.0613,0,0,0,0,0,0,1.0613,0,0,98.939,0,0,0,0,0,0,0,0,0,1.0613,98.939,0,0,0,0,0,0,0,1,0,0,0,0,1,0,0,0,0,1,0,0,0
0,0,0,0,0,95.685,2.2418,0,2.0733,0,0,1.67,0,3.1052,0,0.80665,94.418,0,0,0,0,0,0.40332,1.67,0.40332,0,1.8385,94.418,1.2667,0,0,0,0,0,0,1,0,0,0,0,1,0,0,0,0,1,0,0,0
0,0,0,0,0,100,0,0,0,0,0,0,0,0,0,0,100,0,0,0,0,0,0,0,0,0,0,100,0,0,0,0,0,0,0,1,0,0,0,0,1,0,0,0,0,1,0,0,0
0,0,0,0,0,100,0,0,0,0,0,0,0,0,0,0,100,0,0,0,0,0,0,0,0,0,0,100,0,0,0,0,0,0,0,1,0,0,0,0,1,0,0,0,0,1,0,0,0
0,0,0,0,0,100,0,0,0,0,0,0,0,0,0,0,100,0,0,0,0,0,0,0,0,0,0,100,0,0,0,0,0,0,0,1,0,0,0,0,1,0,0,0,0,1,0,0,0
0,0,0,0,0,100,0,0,0,0,0,0,0,0,0,0,100,0,0,0,0,0,0,0,0,0,0,100,0,0,0,0,0,0,0,1,0,0,0,0,1,0,0,0,0,1,0,0,0
0,0,0,0,0,95.427,2.4729,0,2.1004,0,0,1.0502,0,1.4227,0,2.1004,95.427,0,0,0,0,0,1.0502,1.0502,1.0502,0,1.4227,95.427,0,0,0,0,0,0,0,1,0,0,0,0,1,0,0,0,0,1,0,0,0
0,0,2.8094,0.93648,5.1272,70.482,9.1284,3.1377,8.3788,0,0,1.6806,4.0448,3.4953,5.3095,3.507,68.317,5.5336,3.1013,4.0742,0,0.93648,2.7994,6.4236,6.0466,0,3.4953,66.298,3.1013,0,4.9813,4.8353,2.0189,0,0,1,0,0,0,0,1,0,0,0,0,1,0,0,0
0,0,0,0,0,92.123,2.0481,1.1316,4.6975,0,0,1.0543,0,0.42804,1.1316,2.1086,92.123,0.56578,0,2.5888,0,0,3.6432,1.6201,2.1859,0,0.42804,92.123,0,0,0,0,0,0,0,1,0,0,0,0,1,0,0,0,0,1,0,0,0
0,0,5.0968,4.7616,6.0769,55.082,12.98,5.2328,10.77,0,0,4.8126,3.4307,4.1109,7.5329,5.227,49.895,7.7955,5.6609,4.8737,4.0386,2.6224,5.7897,10.645,9.5025,1.6295,4.6922,45.733,6.6549,1.8967,3.1992,6.0952,4.1619,0,0,1,0,0,0,0,1,0,0,0,0,1,0,0,0
0,0,0,0,2.1037,94.732,0,0,3.1647,0,0,1.061,2.1037,1.061,2.1037,0,93.671,0,0,0,0,0,0,1.061,0,0,0,93.671,1.061,0,2.1037,2.1037,0,0,0,1,0,0,0,0,1,0,0,0,0,1,0,0,0
0,0,0,0,0,100,0,0,0,0,0,0,0,0,0,0,100,0,0,0,0,0,0,0,0,0,0,100,0,0,0,0,0,0,0,1,0,0,0,0,1,0,0,0,0,1,0,0,0
0,0,3.0351,1.0117,3.0823,78.35,6.2118,2.047,6.2616,0,0,3.2264,2.047,4.2854,2.0706,2.047,74.065,5.1057,3.0823,3.0587,0,1.0117,1.0117,7.3441,4.1176,0,2.0706,72.018,5.2971,0,3.0587,3.0351,2.047,0,0,0.93023,0.05814,0.011628,0.011628,0.069767,0.9186,0,0,0,0,0.9186,0.069767,0.011628,0
0,0,0,0,0,100,0,0,0,0,0,0,0,0,0,0,100,0,0,0,0,0,0,0,0,0,0,100,0,0,0,0,0,0,0,1,0,0,0,0,1,0,0,0,0,1,0,0,0
2.7216,0,8.4377,0,0,85.15,0,0,3.1872,0.50399,0,1.008,0,0,1.8384,0,85.654,0.50399,0,0.66718,0,10.329,2.699,0.66718,5.0715,0.50399,3.2256,84.142,0.50399,0,0.50399,1.6752,1.008,0,0,1,0,0,0,0,1,0,0,0,0,1,0,0,0
0,0,0,0,0.77527,89.184,4.0683,1.2101,4.7619,0,0,2.6082,0.38763,2.0522,1.5977,3.0502,87.132,1.1865,0.77527,1.2101,0,0,2.1537,4.1823,3.3166,0,0.77527,86.745,2.0522,0,0.38763,0,0.38763,0,0,1,0,0,0,0,1,0,0,0,0,1,0,0,0
0,0,0,0,0,99.48,0.52027,0,0,0,0,0,0,0.52027,0,0,99.48,0,0,0,0,0,0,0,0,0,0.52027,99.48,0,0,0,0,0,0,0,1,0,0,0,0,1,0,0,0,0,1,0,0,0
0.6343,2.4596,42.407,0,0,36.912,0,0,16.953,0.6343,0,5.4625,8.243,1.4927,3.0939,4.1939,38.894,15.648,6.0029,1.7343,3.2269,12.009,10.606,23.256,4.7371,3.0939,7.9221,27.255,2.3686,0,5.9118,2.7613,12.088,0,0,0,0.021277,0.97872,0,0,1,0,0,0,0,0,0.10638,0.89362,1
0.66408,7.6176,42.03,0,0,34.765,0,0,14.259,0.66408,0,12.651,7.1854,2.7894,5.3147,5.389,34.625,14.344,4.6506,0.73845,3.5278,8.7838,17.48,17.899,2.8051,8.2817,11.368,22.658,1.4025,0,1.4025,4.1175,12.586,0,0,0,0,1,0,0,1,0,0,0,0,0,0,1,1
0,0,6.8038,17.19,12.894,37.632,12.388,6.4324,6.6598,0,0,7.1593,4.1279,3.4667,13.109,4.3934,37.044,10.911,5.6175,5.4701,5.6129,3.0885,5.4154,10.57,7.2655,1.7149,2.7428,28.1,8.161,6.7696,4.436,15.412,9.4126,0,0,0,0,1,1,0,0,0,0,0,0,0,0,1,1
1.3009,0,21.208,0,0,56.329,0,0,19.862,1.3009,0,5.0948,5.3007,0,7.4417,2.493,55.137,6.2869,0,5.5634,2.493,10.19,5.5634,10.549,10.395,1.3009,5.0948,48.741,3.7939,0,3.7939,5.6722,5.0948,0,0,0.9589,0,0.041096,0.013699,0.013699,0.9726,0,0,0,0,0.94521,0.013699,0.041096,0
1.2089,2.6,23.619,0,0,42.793,0,0,28.571,1.2089,0,8.9877,2.3492,0.94982,2.2591,1.37,44.561,14.349,5.8706,1.8951,2.3198,15.089,3.3925,13.414,6.253,3.8089,3.7878,37.635,2.5789,0,8.4495,3.8927,16.787,0,0,0,0,1,0,0,1,0,0,0,0,0,0,1,1
0,0,0,0,0,100,0,0,0,0,0,0,0,0,0,0,100,0,0,0,0,0,0,0,0,0,0,100,0,0,0,0,0,0,0,1,0,0,0,0,1,0,0,0,0,1,0,0,0
0,0,0,0,0,100,0,0,0,0,0,0,0,0,0,0,100,0,0,0,0,0,0,0,0,0,0,100,0,0,0,0,0,0,0,1,0,0,0,0,1,0,0,0,0,1,0,0,0
0,0,0,0,0,100,0,0,0,0,0,0,0,0,0,0,100,0,0,0,0,0,0,0,0,0,0,100,0,0,0,0,0,0,0,1,0,0,0,0,1,0,0,0,0,1,0,0,0
0,0,0,0,0,100,0,0,0,0,0,0,0,0,0,0,100,0,0,0,0,0,0,0,0,0,0,100,0,0,0,0,0,0,0,1,0,0,0,0,1,0,0,0,0,1,0,0,0
0,0,0,0,0,100,0,0,0,0,0,0,0,0,0,0,100,0,0,0,0,0,0,0,0,0,0,100,0,0,0,0,0,0,0,1,0,0,0,0,1,0,0,0,0,1,0,0,0
0,0,0,0,0,100,0,0,0,0,0,0,0,0,0,0,100,0,0,0,0,0,0,0,0,0,0,100,0,0,0,0,0,0,0,1,0,0,0,0,1,0,0,0,0,1,0,0,0
0,0,0,0,0,100,0,0,0,0,0,0,0,0,0,0,100,0,0,0,0,0,0,0,0,0,0,100,0,0,0,0,0,0,0,1,0,0,0,0,1,0,0,0,0,1,0,0,0
0,0,0,0,0,100,0,0,0,0,0,0,0,0,0,0,100,0,0,0,0,0,0,0,0,0,0,100,0,0,0,0,0,0,0,1,0,0,0,0,1,0,0,0,0,1,0,0,0
0,0,0,0,0,100,0,0,0,0,0,0,0,0,0,0,100,0,0,0,0,0,0,0,0,0,0,100,0,0,0,0,0,0,0,1,0,0,0,0,1,0,0,0,0,1,0,0,0
0,0,0,0,0,100,0,0,0,0,0,0,0,0,0,0,100,0,0,0,0,0,0,0,0,0,0,100,0,0,0,0,0,0,0,1,0,0,0,0,1,0,0,0,0,1,0,0,0
0,0,0,0,0,100,0,0,0,0,0,0,0,0,0,0,100,0,0,0,0,0,0,0,0,0,0,100,0,0,0,0,0,0,0,1,0,0,0,0,1,0,0,0,0,1,0,0,0
0,0,13.135,26.05,8.2284,37.979,3.4512,4.2812,6.8747,0,0,13.605,3.4586,0.62825,5.6851,2.3073,47.171,12.236,3.8389,4.1698,2.873,4.0273,3.9671,6.2927,3.3828,0.7727,0.62825,32.56,5.1046,6.8836,3.8328,20.931,15.644,0,0,0,0,1,1,0,0,0,0,0,0,0,0,1,1
0,0,16.388,26.509,8.9206,42.447,1.3378,2.2974,2.1002,0,0,6.2129,5.9749,0,8.1254,1.4284,47.867,8.5986,8.2159,6.9688,4.614,1.9946,2.2974,2.8224,0.52506,0,0,39.715,2.7319,5.6857,2.9885,28.729,14.504,0,0,0,0,1,1,0,0,0,0,0,0,0,0,1,1
0,0,9.5229,25.999,19.031,28.618,6.2776,6.4794,4.0724,0,0,4.4449,3.1123,0.47815,12.312,6.635,30.606,13.688,7.6087,7.0454,10.74,3.3293,6.2404,7.9757,2.0278,0.58493,0.47815,20.989,7.3901,10.069,6.9166,25.856,11.472,0,0,0,0,1,1,0,0,0,0,0,0,0,0,1,1
0,0,13.018,24.617,9.585,47.025,1.2901,2.08,2.385,0,0,8.8347,1.0445,0,3.283,5.264,55.171,9.7968,5.1342,1.5251,7.1412,2.8059,2.08,2.6763,0.85082,0.50914,0,44.496,2.5283,4.7602,2.7774,24.89,14.431,0,0,0.13889,0.027778,0.83333,0.83333,0.027778,0.13889,0,0,0,0,0.13889,0.027778,0.83333,1
0,0,0,0,0,100,0,0,0,0,0,0,0,0,0,0,100,0,0,0,0,0,0,0,0,0,0,100,0,0,0,0,0,0,0,1,0,0,0,0,1,0,0,0,0,1,0,0,0
0,0,2.6628,0,0,72.722,0,0,24.615,0,0,6.9239,0,0.76557,7.3387,0.49908,72.722,0,0,0,8.8211,2.9293,0,0,2.6628,0,0,72.722,0,0,0,17.691,6.9239,0,0,0,0.042553,0.95745,0,0,1,0,0,0,0,1,0,0,0
0,0,2.5397,0,0,73.246,0,0,24.214,0,0,8.5892,0,3.0762,2.1426,2.5397,73.246,0,0,1.9177,3.4946,4.9939,0,0,2.5397,0,0,73.246,0,0,1.9177,14.43,7.8665,0,0,0.97561,0,0.02439,0,0,1,0,0,0,0,1,0,0,0
0,0,2.2358,0,0,79.144,0,0,18.62,0,0,9.1303,0,0.76186,1.3545,0.88126,79.144,0,0,0,6.6119,2.1164,0,0,2.2358,0,0,79.144,0,0,0,13.483,5.1379,0,0,0.020408,0.36735,0.61224,0,0,1,0,0,0,0,1,0,0,0
0,0,5.1522,0,0,68.139,0,0,26.709,0,0,11.044,0,1.1109,1.9132,3.5711,68.139,0,0,1.7542,5.2729,7.1945,0,1.2359,3.9163,0,0,68.139,0,0,2.5221,12.788,11.399,0,0,0.125,0.16667,0.70833,0,0,1,0,0,0,0,1,0,0,0
0,0,5.3587,0,0,68.006,0,0,26.635,0,0,10.797,0,1.4405,2.0128,2.8508,68.006,0,0,0.49497,5.623,8.7751,0,2.27,3.0886,0,0,68.006,0,0,2.5417,13.297,10.797,0,0,0.98889,0,0.011111,0,0,1,0,0,0,0,1,0,0,0
0,0,3.3209,0,0,78.974,0,0,17.705,0,0,6.6323,0,2.0802,2.0298,1.6259,78.974,0,0,1.6259,2.386,4.6463,0,1.0688,2.2522,0,0,78.974,0,0,1.1434,9.9858,6.5762,0,0,0.014925,0.16418,0.8209,0,0,1,0,0,0,0,1,0,0,0
0,0,6.182,0,0,68.036,0,0,25.782,0,0,10.199,0.42061,2.71,0,3.6801,68.901,0,0,1.9646,1.1849,10.939,0,3.5991,2.5829,0,0,68.036,0,0,5.685,9.1488,10.948,0,0,0.039216,0.31373,0.64706,0,0,1,0,0,0,0,1,0,0,0
0,0,4.7314,0,0,67.827,0,0,27.442,0,0,11.197,0,2.439,0,2.339,69.582,0,0,2.339,0,12.104,0,2.3924,2.339,0,0,67.827,0,0,4.1229,10.42,12.899,0,0,0.97802,0,0.021978,0,0,1,0,0,0,0,1,0,0,0
0,0,3.8755,0,0,78.988,0,0,17.136,0,0,7.546,0.94952,1.1557,0,1.9765,79.938,0,0,0.43036,0.96873,7.0357,0,2.4764,1.3991,0,0,78.988,0,0,3.4035,5.7567,7.9763,0,0,0,0.18182,0.81818,0,0,1,0,0,0,0,1,0,0,0
0,0,6.8972,0,0,66.791,0,0,26.312,0,0,11.483,2.7388,0,0,1.3505,70.444,0,0,0.43065,3.5179,10.035,0,6.4666,0.43065,0,0,66.791,0,0,6.6337,9.0584,10.62,0,0,0,0.30769,0.69231,0,0,1,0,0,0,0,1,0,0,0
0,0,5.8249,0,0,69.183,0,0,24.992,0,0,11.167,1.9964,0,0,1.8321,71.179,0,0,0,3.538,10.288,0,5.8249,0,0,0,69.183,0,0,7.5069,7.7713,9.7143,0,0,0.98913,0,0.01087,0,0,1,0,0,0,0,1,0,0,0
0,0,4.4816,0,0,79.65,0,0,15.869,0,0,6.5028,1.6031,0,0,0.99624,81.748,0,0,0.99624,1.3698,6.7834,0,3.4854,0.99624,0,0,79.65,0,0,5.1041,4.6522,6.1125,0,0,0.028986,0.23188,0.73913,0,0,1,0,0,0,0,1,0,0,0
0,0,2.9219,0,0,71.38,0,0,25.698,0,0,8.3182,2.3682,0,0,2.0195,75.699,0,0,0,2.205,9.3903,0,2.9219,0,0,0,71.38,0,0,4.3144,13.065,8.3182,0,0,0.9878,0,0.012195,0,0,1,0,0,0,0,1,0,0,0
0,0,5.5678,0,0,70.711,0,0,23.721,0,0,7.2179,3.8923,0,0,2.6792,73.518,0,0,1.1396,4.5932,6.9594,0,5.5678,0,0,0,70.711,0,0,5.0676,11.694,6.9594,0,0,1,0,0,0,0,1,0,0,0,0,1,0,0,0
0,0,3.5196,0,0,77.913,0,0,18.567,0,0,5.4904,2.1586,0,0,1.046,81.38,0,0,0,4.0924,5.8328,0,3.5196,0,0,0,77.913,0,0,4.5862,9.1003,4.8809,0,0,0,0.17143,0.82857,0,0,1,0,0,0,0,1,0,0,0
0,0,5.0001,0,0,71.6,0,0,23.399,0,0,7.4787,1.5123,0,0,5.1112,73.382,0,1.0662,1.9779,1.5424,7.929,0,4.5709,0.42923,0,0,71.6,0,0,2.2112,10.209,10.98,0,0,0,0.053571,0.94643,0,0,1,0,0,0,0,1,0,0,0
0,0,0,0,0,100,0,0,0,0,0,0,0,0,0,0,100,0,0,0,0,0,0,0,0,0,0,100,0,0,0,0,0,0,0,1,0,0,0,0,1,0,0,0,0,1,0,0,0
0,0,3.8044,0,0,83.083,0,0,13.113,0,0,3.6513,1.7765,0,0,2.4624,84.341,0,0.50253,1.9022,1.2585,4.1052,0,3.8044,0,0,0,83.083,0,0,2.5812,5.6144,4.9171,0,0,0,0.25,0.75,0,0,1,0,0,0,0,1,0,0,0
0,0,6.8016,0,0,69.334,0,0,23.864,0,0,11.692,1.0605,0,0,4.645,69.334,0,1.0653,3.6466,0.6216,7.9347,0,4.8679,1.9337,0,0,69.334,0,0,2.8106,8.707,12.346,0,0,0.13462,0.11538,0.75,0,0,1,0,0,0,0,1,0,0,0
0,0,4.7507,0,0,72.22,0,0,23.03,0,0,8.3483,2.511,0,0,4.5336,73.444,0,2.2735,2.1131,0,6.7767,0,3.1792,1.5715,0,0,72.22,0,0,4.0826,9.2786,9.6683,0,0,1,0,0,0,0,1,0,0,0,0,1,0,0,0
0,0,4.4701,0,0,79.048,0,0,16.481,0,0,6.4273,1.2006,0,0,3.4533,79.048,0,2.1187,2.1321,0,5.6196,0,2.7655,1.7046,0,0,79.048,0,0,1.3623,7.6834,7.4358,0,0,0.013158,0.25,0.73684,0,0,1,0,0,0,0,1,0,0,0
0,0,5.6949,0,0,66.186,0,0,28.12,0,0,12.637,0.60559,0,0,5.0083,66.186,0,2.8736,2.6237,2.3846,7.6811,0,3.0533,2.6416,0,0,66.186,0,0,5.5807,9.3274,13.211,0,0,0.1,0.12,0.78,0,0,1,0,0,0,0,1,0,0,0
0,0,4.6241,0,0,70.063,0,0,25.312,0,0,9.633,1.9492,0,0,4.2251,70.063,0,1.4547,2.57,1.6552,8.4494,0,4.1081,0.51592,0,0,70.063,0,0,2.2118,11.919,11.181,0,0,1,0,0,0,0,1,0,0,0,0,1,0,0,0
0,0,4.4241,0,0,76.037,0,0,19.539,0,0,9.0317,1.1482,0,0,3.458,76.037,0,1.5766,1.6379,1.8201,5.2903,0,3.9461,0.47801,0,0,76.037,0,0,4.4654,7.1637,7.9097,0,0,0,0.16667,0.83333,0,0,1,0,0,0,0,1,0,0,0
0,0,6.0361,0,0,65.01,0,0,28.954,0,0,13.467,2.5574,0,0,4.7112,66.01,0,0.53947,0.83777,4.368,7.5088,0,2.8834,3.1527,0,0,65.01,0,0,7.2895,10.171,11.493,0,0,0.035714,0.26786,0.69643,0,0,1,0,0,0,0,1,0,0,0
0,0,1.6787,0,0,65.133,0,0,33.188,0,0,14.541,3.0639,0,0,2.6583,67.471,0,0,0,3.1345,9.1317,0,0.7263,0.95244,0,0,65.133,0,0,11.767,7.5593,13.862,0,0,1,0,0,0,0,1,0,0,0,0,1,0,0,0
0,0,4.6912,0,0,75.116,0,0,20.193,0,0,10.488,1.4801,0,0,2.3559,76.596,0,0,1.1177,2.3034,5.6589,0,0.7215,3.9697,0,0,75.116,0,0,4.6563,5.7446,9.7921,0,0,0.014493,0.11594,0.86957,0,0,1,0,0,0,0,1,0,0,0
0,0,7.4876,0,0,61.016,0,0,31.496,0,0,15.099,4.0255,0.55742,0.44147,2.1613,63.428,1.0502,0,0,3.4167,9.8208,0,3.2114,4.2762,0,0,61.016,0,0,8.5341,7.2108,15.752,0,0,0,0.35088,0.64912,0,0,1,0,0,0,0,1,0,0,0
0,0,9.8929,0,0,60.957,0,0,29.15,0,0,16.148,3.2481,1.6906,1.0667,2.3421,61.555,2.2209,0,0,2.9402,8.7884,0,4.563,5.3299,0,0,60.957,0,0,5.5738,6.1806,17.396,0,0,1,0,0,0,0,1,0,0,0,0,1,0,0,0
0,0,4.0631,0,0,72.99,0,0,22.947,0,0,10.792,2.2422,0.57603,0.93127,1.6315,73.603,1.4305,0,0,1.6315,7.1614,0,3.0621,1.001,0,0,72.99,0,0,7.1879,3.8144,11.944,0,0,0.030303,0.13636,0.83333,0,0,1,0,0,0,0,1,0,0,0
0,0,6.9369,0,0,62.401,0,0,30.663,0,0,9.8624,3.8506,3.8579,2.5362,0,64.73,2.9516,0,0,1.232,10.979,0,2.9516,3.9853,0,0,62.401,0,0,9.3247,5.9714,15.366,0,0,0.018868,0.33962,0.64151,0,0,1,0,0,0,0,1,0,0,0
3.462,0,9.4114,0,0,68.148,0,0,18.005,0.97294,0,7.8063,1.4803,2.8999,3.8728,0,69.121,2.4532,0,0,0,12.366,1.5016,1.4803,6.4294,0.97294,4.4349,66.203,0.97294,0,2.4532,7.7456,7.8063,0,0,0.98131,0.0093458,0.0093458,0,0,1,0,0,0,0,0.97196,0.018692,0.0093458,0
0,0,5.2683,0,0,74.76,0,0,19.972,0,0,7.4288,1.6693,5.0481,0.95474,0,75.666,0.76324,0,0,0.90604,7.5642,0,0.76324,2.5753,0,0,74.76,0,0,3.4032,4.8129,13.686,0,0,0,0.14474,0.85526,0,0,1,0,0,0,0,0.98684,0.013158,0,0
0,0,7.8507,0,0,85.306,0,0,6.8435,0,0,0,0,2.3122,1.8491,0,89.365,2.8202,0,0,0.97111,2.6822,0.97111,2.8202,0,0,0,85.306,0,0,1.3411,2.8202,6.7415,0,0,0,0.36232,0.63768,0,0,1,0,0,0,0,1,0,0,0
0,0,6.2039,0,0,64.612,0,0,29.184,0,0,4.9681,0,3.8712,6.2606,4.6798,67.199,0,0,2.7623,0,10.259,0,5.3315,0,0,0,64.612,0,0,7.0151,9.8925,13.149,0,0,0.20513,0.12821,0.66667,0,0,1,0,0,0,0,1,0,0,0
0,0,5.7808,0,0,62.639,0,0,31.58,0,0,7.6124,2.2339,4.9682,6.5528,1.874,66.197,0,0.59631,0.51535,0,9.4502,0,5.7808,2.2339,0,0,62.639,0,0,8.4216,11.469,9.4554,0,0,0.98276,0,0.017241,0,0,1,0,0,0,0,1,0,0,0
0,0,7.9238,0,0,75.502,0,0,16.574,0,0,4.8276,0,2.0133,5.2776,1.2804,79.468,0,0,2.4115,0,4.7212,0,5.9711,0,0,0,75.502,0,0,2.6297,6.1598,9.7371,0,0,0.016667,0.16667,0.81667,0,0,1,0,0,0,0,1,0,0,0
0,0,7.4358,0,0,64.049,0,0,28.516,0,0,7.5646,0,4.0651,5.4304,4.1843,66.205,0,0.95773,2.1956,0,9.3973,0,7.4358,0,0,0,64.049,0,0,8.2646,9.5752,10.676,0,0,0.078431,0.2549,0.66667,0,0,1,0,0,0,0,1,0,0,0
0,0,8.1255,0,0,60.016,0,0,31.858,0,0,5.6882,1.4006,2.7284,5.3456,5.6929,60.488,0,1.8107,3.5619,0.2957,12.988,0,8.1255,1.4006,0,0,60.016,0,0,7.2681,8.2434,14.946,0,0,0.98485,0,0.015152,0,0,1,0,0,0,0,1,0,0,0
0,0,3.5517,0,0,74.294,0,0,22.154,0,0,5.388,0,3.3621,3.7848,3.5589,74.808,0,1.2327,0.57179,0,7.2932,0,3.5517,0,0,0,74.294,0,0,5.9577,7.2865,8.9102,0,0,0.015873,0.22222,0.7619,0,0,1,0,0,0,0,1,0,0,0
0,0,1.2488,0,0,89.41,0,0,9.3416,0,0,2.2946,0,0,4.702,1.2488,89.41,0,0,0,2.3449,0,0,0,1.2488,0,0,89.41,0,0,0,8.2455,1.0961,0,0,0,0.13115,0.86885,0,0,1,0,0,0,0,1,0,0,0
0,0,0.64166,0,0,98.717,0,0,0.64166,0,0,0,0,0,0,0.64166,98.717,0,0,0,0.64166,0,0,0,0.64166,0,0,98.717,0,0,0,0.64166,0,0,0,0,0.16327,0.83673,0,0,1,0,0,0,0,1,0,0,0
0,0,3.6319,0,0,95.036,0,0,1.3325,0,0,0,0,0,0,2.4822,95.036,0,0,1.1497,1.3325,0,0,1.1497,2.4822,0,0,95.036,0,0,0,1.3325,0,0,0,0,0.2027,0.7973,0,0,1,0,0,0,0,1,0,0,0
0,0,0,0,0,100,0,0,0,0,0,0,0,0,0,0,100,0,0,0,0,0,0,0,0,0,0,100,0,0,0,0,0,0,0,0,0.19481,0.80519,0,0,1,0,0,0,0,1,0,0,0
0,0,0,0,0,100,0,0,0,0,0,0,0,0,0,0,100,0,0,0,0,0,0,0,0,0,0,100,0,0,0,0,0,0,0,0,0.092308,0.90769,0,0,1,0,0,0,0,1,0,0,0
0,0,0,0,0,100,0,0,0,0,0,0,0,0,0,0,100,0,0,0,0,0,0,0,0,0,0,100,0,0,0,0,0,0,0,0.014493,0.2029,0.78261,0,0,1,0,0,0,0,1,0,0,0
0,0,0,0,0,100,0,0,0,0,0,0,0,0,0,0,100,0,0,0,0,0,0,0,0,0,0,100,0,0,0,0,0,0,0,0.032258,0.14516,0.82258,0,0,1,0,0,0,0,1,0,0,0
0,0,5.9459,0,0,91.967,0,0,2.0871,0,0,0.80717,1.0903,0,0,2.119,93.057,0,0,1.6462,0.47271,0.80717,0,3.8269,2.119,0,0,91.967,0,0,0.80717,0.47271,0.80717,0,0,0.014085,0.30986,0.67606,0,0,1,0,0,0,0,1,0,0,0
0,0,0,0,0,100,0,0,0,0,0,0,0,0,0,0,100,0,0,0,0,0,0,0,0,0,0,100,0,0,0,0,0,0,0,0,0.3038,0.6962,0,0,1,0,0,0,0,1,0,0,0
0,0,4.8696,0,0,94.371,0,0,0.75888,0,0,0,2.2695,0,0,0.54473,96.641,0,0,0.54473,0,0,0,4.3249,0.54473,0,0,94.371,0,0,0.75888,0,0,0,0,0,0.18056,0.81944,0,0,1,0,0,0,0,1,0,0,0
0,0,0,0,0,100,0,0,0,0,0,0,0,0,0,0,100,0,0,0,0,0,0,0,0,0,0,100,0,0,0,0,0,0,0,0,0.26437,0.73563,0,0,1,0,0,0,0,1,0,0,0
0,0,0,0,0,100,0,0,0,0,0,0,0,0,0,0,100,0,0,0,0,0,0,0,0,0,0,100,0,0,0,0,0,0,0,0.014286,0.24286,0.74286,0,0,1,0,0,0,0,1,0,0,0
0,0,0,0,0,100,0,0,0,0,0,0,0,0,0,0,100,0,0,0,0,0,0,0,0,0,0,100,0,0,0,0,0,0,0,0,0.14634,0.85366,0,0,1,0,0,0,0,1,0,0,0
0,0,0,0,0,100,0,0,0,0,0,0,0,0,0,0,100,0,0,0,0,0,0,0,0,0,0,100,0,0,0,0,0,0,0,0.043478,0.17391,0.78261,0,0,1,0,0,0,0,1,0,0,0
0,0,0,0,0,100,0,0,0,0,0,0,0,0,0,0,100,0,0,0,0,0,0,0,0,0,0,100,0,0,0,0,0,0,0,0,0.12821,0.87179,0,0,1,0,0,0,0,1,0,0,0
0,0,2.6008,0,0,92.962,0,0,4.4373,0,0,0,0.99199,0,0,1.6089,95.676,0,0,0,1.7226,0,0,2.6008,0,0,0,92.962,0,0,2.7146,1.7226,0,0,0,0,0.25333,0.74667,0,0,1,0,0,0,0,1,0,0,0
0,0,0,0,0,100,0,0,0,0,0,0,0,0,0,0,100,0,0,0,0,0,0,0,0,0,0,100,0,0,0,0,0,0,0,0,0.17172,0.82828,0,0,1,0,0,0,0,1,0,0,0
0,0,0,0,0,100,0,0,0,0,0,0,0,0,0,0,100,0,0,0,0,0,0,0,0,0,0,100,0,0,0,0,0,0,0,1,0,0,0,0,1,0,0,0,0,1,0,0,0
0,0,0,0,0,100,0,0,0,0,0,0,0,0,0,0,100,0,0,0,0,0,0,0,0,0,0,100,0,0,0,0,0,0,0,1,0,0,0,0,1,0,0,0,0,1,0,0,0
0,0,1.0667,0,0,98.933,0,0,0,0,0,0,0,0,0,1.0667,98.933,0,0,0,0,0,0,1.0667,0,0,0,98.933,0,0,0,0,0,0,0,0,0.14444,0.85556,0,0,1,0,0,0,0,1,0,0,0
0,0,0,0,0,100,0,0,0,0,0,0,0,0,0,0,100,0,0,0,0,0,0,0,0,0,0,100,0,0,0,0,0,0,0,0.10588,0.070588,0.82353,0,0,1,0,0,0,0,1,0,0,0
0,0,0,0,0,100,0,0,0,0,0,0,0,0,0,0,100,0,0,0,0,0,0,0,0,0,0,100,0,0,0,0,0,0,0,0,0.21687,0.78313,0,0,1,0,0,0,0,1,0,0,0
0,0,0,0,0,100,0,0,0,0,0,0,0,0,0,0,100,0,0,0,0,0,0,0,0,0,0,100,0,0,0,0,0,0,0,0.011236,0.078652,0.91011,0,0,1,0,0,0,0,1,0,0,0
0,0,0,0,0,100,0,0,0,0,0,0,0,0,0,0,100,0,0,0,0,0,0,0,0,0,0,100,0,0,0,0,0,0,0,0,0.1413,0.8587,0,0,1,0,0,0,0,1,0,0,0
0,0,0,0,0,100,0,0,0,0,0,0,0,0,0,0,100,0,0,0,0,0,0,0,0,0,0,100,0,0,0,0,0,0,0,0,0.32877,0.67123,0,0,1,0,0,0,0,1,0,0,0
0,0,0,0,0,100,0,0,0,0,0,0,0,0,0,0,100,0,0,0,0,0,0,0,0,0,0,100,0,0,0,0,0,0,0,0.098361,0.19672,0.70492,0,0,1,0,0,0,0,1,0,0,0
0,0,0,0,0,100,0,0,0,0,0,0,0,0,0,0,100,0,0,0,0,0,0,0,0,0,0,100,0,0,0,0,0,0,0,0.0125,0.25,0.7375,0,0,1,0,0,0,0,1,0,0,0
0,0,0,0,0,100,0,0,0,0,0,0,0,0,0,0,100,0,0,0,0,0,0,0,0,0,0,100,0,0,0,0,0,0,0,0.027778,0.20833,0.76389,0,0,1,0,0,0,0,1,0,0,0
0,0,0,0,0,100,0,0,0,0,0,0,0,0,0,0,100,0,0,0,0,0,0,0,0,0,0,100,0,0,0,0,0,0,0,0.027778,0.31944,0.65278,0,0,1,0,0,0,0,1,0,0,0
0,0,0,0,0,100,0,0,0,0,0,0,0,0,0,0,100,0,0,0,0,0,0,0,0,0,0,100,0,0,0,0,0,0,0,0.13462,0.28846,0.57692,0,0,1,0,0,0,0,1,0,0,0
0,0,0,0,0,100,0,0,0,0,0,0,0,0,0,0,100,0,0,0,0,0,0,0,0,0,0,100,0,0,0,0,0,0,0,0.014286,0.17143,0.81429,0,0,1,0,0,0,0,1,0,0,0
0,0,0,0,0,100,0,0,0,0,0,0,0,0,0,0,100,0,0,0,0,0,0,0,0,0,0,100,0,0,0,0,0,0,0,0,0.034483,0.96552,0,0,1,0,0,0,0,1,0,0,0
0,0,6.0514,0,0,93.387,0,0,0.56137,0,0,0,0,0,0,4.2587,93.387,0,0,2.3541,0,0,0,5.49,0.56137,0,0,93.387,0,0,0,0.56137,0,0,0,0,0.070588,0.92941,0,0,1,0,0,0,0,1,0,0,0
0,0,0,0,0,100,0,0,0,0,0,0,0,0,0,0,100,0,0,0,0,0,0,0,0,0,0,100,0,0,0,0,0,0,0,0,0.2449,0.7551,0,0,1,0,0,0,0,1,0,0,0
0,0,5.0355,0,0,91.669,0,0,3.2957,0,0,0,0.73717,0,0,3.7971,91.669,0,0,3.0599,0.73717,0,0,3.2141,1.8214,0,0,91.669,0,0,1.4743,1.8214,0,0,0,0,0.24468,0.75532,0,0,1,0,0,0,0,1,0,0,0
0,0,0,0,0,100,0,0,0,0,0,0,0,0,0,0,100,0,0,0,0,0,0,0,0,0,0,100,0,0,0,0,0,0,0,0,0.19792,0.80208,0,0,1,0,0,0,0,1,0,0,0
0,0,0,0,0,100,0,0,0,0,0,0,0,0,0,0,100,0,0,0,0,0,0,0,0,0,0,100,0,0,0,0,0,0,0,0,0.11236,0.88764,0,0,1,0,0,0,0,1,0,0,0
0,0,0,0,0,100,0,0,0,0,0,0,0,0,0,0,100,0,0,0,0,0,0,0,0,0,0,100,0,0,0,0,0,0,0,0.013158,0.39474,0.59211,0,0,1,0,0,0,0,1,0,0,0
0,0,0,0,0,100,0,0,0,0,0,0,0,0,0,0,100,0,0,0,0,0,0,0,0,0,0,100,0,0,0,0,0,0,0,0,0.19512,0.80488,0,0,1,0,0,0,0,1,0,0,0
0,0,0,0,0,100,0,0,0,0,0,0,0,0,0,0,100,0,0,0,0,0,0,0,0,0,0,100,0,0,0,0,0,0,0,0,0.3,0.7,0,0,1,0,0,0,0,1,0,0,0
0,0,4.2957,0,0,90.462,0,0,5.2422,0,0,0,2.6326,0,0,2.6096,91.305,0,0,0.82007,2.6326,0,0,1.7895,2.5061,0,0,90.462,0,0,3.5791,1.6631,0,0,0,0.011111,0.31111,0.67778,0,0,1,0,0,0,0,1,0,0,0
0,0,0,0,0,100,0,0,0,0,0,0,0,0,0,0,100,0,0,0,0,0,0,0,0,0,0,100,0,0,0,0,0,0,0,0,0.27778,0.72222,0,0,1,0,0,0,0,1,0,0,0
0,0,5.315,0,0,90.325,0,0,4.3601,0,0,0,2.5916,0,0.95016,0.81838,92.098,0.95016,0,0,2.5916,0,0,1.7685,3.5465,0,0,90.325,0,0,1.6368,2.7234,0,0,0,0.029851,0.22388,0.74627,0,0,1,0,0,0,0,1,0,0,0
0,0,0,0,0,100,0,0,0,0,0,0,0,0,0,0,100,0,0,0,0,0,0,0,0,0,0,100,0,0,0,0,0,0,0,0,0.23256,0.76744,0,0,1,0,0,0,0,1,0,0,0
0,0,0,0,0,100,0,0,0,0,0,0,0,0,0,0,100,0,0,0,0,0,0,0,0,0,0,100,0,0,0,0,0,0,0,0.024096,0.21687,0.75904,0,0,1,0,0,0,0,1,0,0,0
0,0,0,0,0,100,0,0,0,0,0,0,0,0,0,0,100,0,0,0,0,0,0,0,0,0,0,100,0,0,0,0,0,0,0,0,0.17978,0.82022,0,0,1,0,0,0,0,1,0,0,0
0,0,0,0,0,100,0,0,0,0,0,0,0,0,0,0,100,0,0,0,0,0,0,0,0,0,0,100,0,0,0,0,0,0,0,0.065789,0.11842,0.81579,0,0,1,0,0,0,0,1,0,0,0
0,0,0,0,0,100,0,0,0,0,0,0,0,0,0,0,100,0,0,0,0,0,0,0,0,0,0,100,0,0,0,0,0,0,0,0,0.20238,0.79762,0,0,1,0,0,0,0,1,0,0,0
0,0,0,0,0,100,0,0,0,0,0,0,0,0,0,0,100,0,0,0,0,0,0,0,0,0,0,100,0,0,0,0,0,0,0,0,0.07,0.93,0,0,1,0,0,0,0,1,0,0,0
0,0,0,0,0,100,0,0,0,0,0,0,0,0,0,0,100,0,0,0,0,0,0,0,0,0,0,100,0,0,0,0,0,0,0,0.2,0.31111,0.48889,0,0,1,0,0,0,0,1,0,0,0
0,0,0,0,0,100,0,0,0,0,0,0,0,0,0,0,100,0,0,0,0,0,0,0,0,0,0,100,0,0,0,0,0,0,0,0.011905,0.059524,0.92857,0,0,1,0,0,0,0,1,0,0,0
0,0,0,0,0,100,0,0,0,0,0,0,0,0,0,0,100,0,0,0,0,0,0,0,0,0,0,100,0,0,0,0,0,0,0,0,0.22727,0.77273,0,0,1,0,0,0,0,1,0,0,0
0,0,0,0,0,100,0,0,0,0,0,0,0,0,0,0,100,0,0,0,0,0,0,0,0,0,0,100,0,0,0,0,0,0,0,0.011628,0.24419,0.74419,0,0,1,0,0,0,0,1,0,0,0
0,0,0,0,0,100,0,0,0,0,0,0,0,0,0,0,100,0,0,0,0,0,0,0,0,0,0,100,0,0,0,0,0,0,0,0,0.15094,0.84906,0,0,1,0,0,0,0,1,0,0,0
0,0,0,0,0,100,0,0,0,0,0,0,0,0,0,0,100,0,0,0,0,0,0,0,0,0,0,100,0,0,0,0,0,0,0,0.029412,0.29412,0.67647,0,0,1,0,0,0,0,1,0,0,0
0,0,0,0,0,100,0,0,0,0,0,0,0,0,0,0,100,0,0,0,0,0,0,0,0,0,0,100,0,0,0,0,0,0,0,0.042553,0.3617,0.59574,0,0,1,0,0,0,0,1,0,0,0
0,0,0,0,0,100,0,0,0,0,0,0,0,0,0,0,100,0,0,0,0,0,0,0,0,0,0,100,0,0,0,0,0,0,0,1,0,0,0,0,1,0,0,0,0,1,0,0,0
0,0,4.4959,0,0,93.147,0,0,2.3575,0,0,0,0.67536,1.463,1.6821,0,93.822,1.6821,0,0,0.67536,0,0,1.6821,1.3507,0,0,93.147,0,0,0,2.3575,1.463,0,0,0.012658,0.20253,0.78481,0,0,1,0,0,0,0,1,0,0,0
0,0,0,0,0,100,0,0,0,0,0,0,0,0,0,0,100,0,0,0,0,0,0,0,0,0,0,100,0,0,0,0,0,0,0,0,0.14583,0.85417,0,0,1,0,0,0,0,1,0,0,0
0,0,5.6419,0,0,66.152,0,0,28.206,0,0,8.8949,4.3285,0,0,2.2076,71.551,0,0,0,3.6676,9.3508,0,5.6419,0,0,0,66.152,0,0,8.732,11.93,7.5447,0,0,0.017857,0.35714,0.625,0,0,1,0,0,0,0,1,0,0,0
0,0,4.4596,0,0,94.25,0,0,1.2903,0,0,0,0,2.0835,0,0.64513,97.271,0,0,0,0,0,0,0,0,0,0,94.25,0,0,0.64513,0.64513,4.4596,0,0,0,0.15584,0.84416,0,0,1,0,0,0,0,1,0,0,0
0,0,0,0,0,100,0,0,0,0,0,0,0,0,0,0,100,0,0,0,0,0,0,0,0,0,0,100,0,0,0,0,0,0,0,0,0.15476,0.84524,0,0,1,0,0,0,0,1,0,0,0
0,0,0,0,0,100,0,0,0,0,0,0,0,0,0,0,100,0,0,0,0,0,0,0,0,0,0,100,0,0,0,0,0,0,0,0.083333,0.095238,0.82143,0,0,1,0,0,0,0,1,0,0,0
0,0,0,0,0,100,0,0,0,0,0,0,0,0,0,0,100,0,0,0,0,0,0,0,0,0,0,100,0,0,0,0,0,0,0,0,0.15556,0.84444,0,0,1,0,0,0,0,1,0,0,0
0,0,0,0,0,100,0,0,0,0,0,0,0,0,0,0,100,0,0,0,0,0,0,0,0,0,0,100,0,0,0,0,0,0,0,0,0.087912,0.91209,0,0,1,0,0,0,0,1,0,0,0
0,0,0,0,0,100,0,0,0,0,0,0,0,0,0,0,100,0,0,0,0,0,0,0,0,0,0,100,0,0,0,0,0,0,0,0.013333,0.36,0.62667,0,0,1,0,0,0,0,1,0,0,0
0,0,6.7816,0,0,69.229,0,0,23.989,0,0,10.562,1.5832,0.78263,0,2.3381,71.496,0,0,1.2718,1.3494,10.616,0,5.2482,1.5334,0,0,69.229,0,0,4.084,9.3441,10.561,0,0,0,0.21818,0.78182,0,0,1,0,0,0,0,1,0,0,0
0,0,5.6876,0,0,90.689,0,0,3.6231,0,0,0,0,3.0213,0,1.8116,93.957,0,0,1.2098,0,0,0,3.6294,0,0,0,90.689,0,0,1.8116,1.8116,2.0583,0,0,0,0.1954,0.8046,0,0,1,0,0,0,0,1,0,0,0
0,0,0,0,0,100,0,0,0,0,0,0,0,0,0,0,100,0,0,0,0,0,0,0,0,0,0,100,0,0,0,0,0,0,0,0,0.21348,0.78652,0,0,1,0,0,0,0,1,0,0,0
0,0,7.7329,0,0,90.818,0,0,1.4486,0,0,0,0,3.7019,0,0.72432,92.596,0,1.1997,1.7778,0,0,0,7.7329,0,0,0,90.818,0,0,0.72432,0.72432,0,0,0,0.013333,0.24,0.74667,0,0,1,0,0,0,0,1,0,0,0
0,0,0,0,0,100,0,0,0,0,0,0,0,0,0,0,100,0,0,0,0,0,0,0,0,0,0,100,0,0,0,0,0,0,0,0,0.22892,0.77108,0,0,1,0,0,0,0,1,0,0,0
0,0,0,0,0,100,0,0,0,0,0,0,0,0,0,0,100,0,0,0,0,0,0,0,0,0,0,100,0,0,0,0,0,0,0,0,0.04878,0.95122,0,0,1,0,0,0,0,1,0,0,0
0,0,0,0,0,100,0,0,0,0,0,0,0,0,0,0,100,0,0,0,0,0,0,0,0,0,0,100,0,0,0,0,0,0,0,0,0.29851,0.70149,0,0,1,0,0,0,0,1,0,0,0
0,0,0,0,0,100,0,0,0,0,0,0,0,0,0,0,100,0,0,0,0,0,0,0,0,0,0,100,0,0,0,0,0,0,0,0.012658,0.20253,0.78481,0,0,1,0,0,0,0,1,0,0,0
0,0,0,0,0,100,0,0,0,0,0,0,0,0,0,0,100,0,0,0,0,0,0,0,0,0,0,100,0,0,0,0,0,0,0,0,0.20482,0.79518,0,0,1,0,0,0,0,1,0,0,0
0,0,0,0,0,100,0,0,0,0,0,0,0,0,0,0,100,0,0,0,0,0,0,0,0,0,0,100,0,0,0,0,0,0,0,0.013889,0.27778,0.70833,0,0,1,0,0,0,0,1,0,0,0
0,0,0,0,0,100,0,0,0,0,0,0,0,0,0,0,100,0,0,0,0,0,0,0,0,0,0,100,0,0,0,0,0,0,0,0,0.13846,0.86154,0,0,1,0,0,0,0,1,0,0,0
0,0,0,0,0,100,0,0,0,0,0,0,0,0,0,0,100,0,0,0,0,0,0,0,0,0,0,100,0,0,0,0,0,0,0,0,0.15,0.85,0,0,1,0,0,0,0,1,0,0,0
0,0,0,0,0,100,0,0,0,0,0,0,0,0,0,0,100,0,0,0,0,0,0,0,0,0,0,100,0,0,0,0,0,0,0,0.060606,0.51515,0.42424,0,0,1,0,0,0,0,1,0,0,0
0,0,0,0,0,100,0,0,0,0,0,0,0,0,0,0,100,0,0,0,0,0,0,0,0,0,0,100,0,0,0,0,0,0,0,0,0.035714,0.96429,0,0,1,0,0,0,0,1,0,0,0
0,0,0,0,0,100,0,0,0,0,0,0,0,0,0,0,100,0,0,0,0,0,0,0,0,0,0,100,0,0,0,0,0,0,0,0.02439,0.36585,0.60976,0,0,1,0,0,0,0,1,0,0,0
0,0,0,0,0,100,0,0,0,0,0,0,0,0,0,0,100,0,0,0,0,0,0,0,0,0,0,100,0,0,0,0,0,0,0,0.029851,0.25373,0.71642,0,0,1,0,0,0,0,1,0,0,0
0,0,0,0,0,100,0,0,0,0,0,0,0,0,0,0,100,0,0,0,0,0,0,0,0,0,0,100,0,0,0,0,0,0,0,0,0.47368,0.52632,0,0,1,0,0,0,0,1,0,0,0
0,0,0,0,0,100,0,0,0,0,0,0,0,0,0,0,100,0,0,0,0,0,0,0,0,0,0,100,0,0,0,0,0,0,0,1,0,0,0,0,1,0,0,0,0,1,0,0,0
0,0,0,0,0,100,0,0,0,0,0,0,0,0,0,0,100,0,0,0,0,0,0,0,0,0,0,100,0,0,0,0,0,0,0,1,0,0,0,0,1,0,0,0,0,1,0,0,0
0,0,0,0,0,100,0,0,0,0,0,0,0,0,0,0,100,0,0,0,0,0,0,0,0,0,0,100,0,0,0,0,0,0,0,1,0,0,0,0,1,0,0,0,0,1,0,0,0
0,0,0,0,0,100,0,0,0,0,0,0,0,0,0,0,100,0,0,0,0,0,0,0,0,0,0,100,0,0,0,0,0,0,0,1,0,0,0,0,1,0,0,0,0,1,0,0,0
0,0,0,0,0,100,0,0,0,0,0,0,0,0,0,0,100,0,0,0,0,0,0,0,0,0,0,100,0,0,0,0,0,0,0,1,0,0,0,0,1,0,0,0,0,1,0,0,0
0,0,0,0,0,100,0,0,0,0,0,0,0,0,0,0,100,0,0,0,0,0,0,0,0,0,0,100,0,0,0,0,0,0,0,1,0,0,0,0,1,0,0,0,0,1,0,0,0
0,0,0,0,0,100,0,0,0,0,0,0,0,0,0,0,100,0,0,0,0,0,0,0,0,0,0,100,0,0,0,0,0,0,0,1,0,0,0,0,1,0,0,0,0,1,0,0,0
0,0,0,0,0,100,0,0,0,0,0,0,0,0,0,0,100,0,0,0,0,0,0,0,0,0,0,100,0,0,0,0,0,0,0,1,0,0,0,0,1,0,0,0,0,1,0,0,0
0,0,0,0,0,100,0,0,0,0,0,0,0,0,0,0,100,0,0,0,0,0,0,0,0,0,0,100,0,0,0,0,0,0,0,1,0,0,0,0,1,0,0,0,0,1,0,0,0
0,0,0,0,0,100,0,0,0,0,0,0,0,0,0,0,100,0,0,0,0,0,0,0,0,0,0,100,0,0,0,0,0,0,0,1,0,0,0,0,1,0,0,0,0,1,0,0,0
0,0,0,0,0,100,0,0,0,0,0,0,0,0,0,0,100,0,0,0,0,0,0,0,0,0,0,100,0,0,0,0,0,0,0,1,0,0,0,0,1,0,0,0,0,1,0,0,0
0,0,0,0,0,100,0,0,0,0,0,0,0,0,0,0,100,0,0,0,0,0,0,0,0,0,0,100,0,0,0,0,0,0,0,1,0,0,0,0,1,0,0,0,0,1,0,0,0
0,0,0,0,0,97.834,0,0.34646,1.8198,0,0,0,0,0,0,0,97.487,0,0.34646,1.4733,0.69292,0,1.8198,0,0.34646,0,0.34646,97.487,0,0,0,0,0,0,0,1,0,0,0,0,1,0,0,0,0,1,0,0,0
0,0,5.0222,5.0564,2.087,66.935,6.4643,6.403,8.032,0,0,3.1552,1.9728,1.1634,7.7565,1.3278,63.976,4.688,1.6309,6.4249,1.3911,6.5133,5.8232,7.4382,6.3853,4.7178,1.1634,61.536,4.8174,1.3911,0.58171,3.7057,2.4402,0,0,1,0,0,0,0.030769,0.96923,0,0,0,0,0.96923,0.030769,0,0
0,0,0,0,0,99.546,0,0,0.45442,0,0,0,0,0,0,0,99.546,0,0,0.45442,0,0,0.45442,0,0,0,0,99.546,0,0,0,0,0,0,0,1,0,0,0,0,1,0,0,0,0,1,0,0,0
0,1.025,0,0,1.025,92.893,1.025,3.5399,0.49224,0,0,1.025,0,0,0,1.025,93.426,0,0.49224,0,0.98448,3.0476,0.49224,0,1.5172,2.0226,0.49224,91.376,1.025,0,1.025,1.025,1.025,0,0,1,0,0,0,0,1,0,0,0,0,1,0,0,0
0,0,0,0,0,100,0,0,0,0,0,0,0,0,0,0,100,0,0,0,0,0,0,0,0,0,0,100,0,0,0,0,0,0,0,1,0,0,0,0,1,0,0,0,0,1,0,0,0
0,0,0,0,0,100,0,0,0,0,0,0,0,0,0,0,100,0,0,0,0,0,0,0,0,0,0,100,0,0,0,0,0,0,0,1,0,0,0,0,1,0,0,0,0,1,0,0,0
0,0,0,0,0,100,0,0,0,0,0,0,0,0,0,0,100,0,0,0,0,0,0,0,0,0,0,100,0,0,0,0,0,0,0,1,0,0,0,0,1,0,0,0,0,1,0,0,0
0,0,0,0,0,100,0,0,0,0,0,0,0,0,0,0,100,0,0,0,0,0,0,0,0,0,0,100,0,0,0,0,0,0,0,1,0,0,0,0,1,0,0,0,0,1,0,0,0
0,0,0,0,0,100,0,0,0,0,0,0,0,0,0,0,100,0,0,0,0,0,0,0,0,0,0,100,0,0,0,0,0,0,0,1,0,0,0,0,1,0,0,0,0,1,0,0,0
0,2.6827,0,0,2.6827,89.269,2.6827,2.6827,0,0,0,2.6827,1.2147,2.4295,0,1.468,90.737,0,0,0,0,1.468,0,1.2147,2.6827,0,0,86.586,2.6827,1.2147,1.468,1.468,2.6827,0,0,1,0,0,0,0,1,0,0,0,0,1,0,0,0
0,0,0,0,0,100,0,0,0,0,0,0,0,0,0,0,100,0,0,0,0,0,0,0,0,0,0,100,0,0,0,0,0,0,0,1,0,0,0,0,1,0,0,0,0,1,0,0,0
0,1.2945,0,0,2.2467,92.917,1.2945,2.2467,0,0,0,2.2467,1.2945,2.5891,0,0.95221,91.965,0.95221,0,0,0,0,0,1.2945,2.2467,0,0.95221,91.623,1.2945,1.2945,0,0,1.2945,0,0,1,0,0,0,0,1,0,0,0,0,1,0,0,0
0,0,6.3594,16.406,7.4572,44.671,9.6443,8.2583,7.2041,0,0,5.0602,3.8402,2.1892,9.562,3.2285,41.418,10.381,6.8401,6.7661,5.5649,5.1491,7.367,10.466,6.9864,1.1606,3.0086,34.076,8.6808,3.977,4.5056,11.555,8.2171,0,0,0.020833,0.0625,0.91667,0.91667,0.083333,0,0,0,0,0,0,0.083333,0.91667,1
3.703,6.4696,2.3744,5.3738,3.5443,57.155,6.533,13.233,1.6135,0,0,2.3785,5.8515,2.105,2.5634,4.7616,52.934,1.5911,4.1217,9.2137,0.94989,13.53,1.9729,10.448,8.6122,7.9373,1.4414,54.302,2.8532,4.9326,2.0698,3.0197,2.4116,0,0,1,0,0,0,0,1,0,0,0,0,1,0,0,0
1.9113,6.5366,0.45257,3.5576,9.198,36.156,16.507,18.964,4.5808,1.1703,0.9651,8.5481,7.0078,7.7449,4.9751,11.084,33.145,1.8071,3.1206,11.831,2.6632,8.073,2.1029,12.702,9.8667,10.944,5.0789,32.758,2.6381,6.4435,4.2103,5.1656,8.0893,0,0,1,0,0,0,0,1,0,0,0,0,1,0,0,0
6.8713,12.847,0,2.6288,9.0736,31.425,14.887,11.762,6.7375,2.5914,1.176,3.8628,9.7207,9.4777,7.6458,12.261,28.338,3.6921,5.2692,14.844,0.6822,4.206,4.823,18.306,11.621,10.256,3.2201,29.312,0.82767,4.3712,6.7912,4.6646,5.8072,0.57353,0.42647,0,0,0,0,0,1,0,0,0,0,1,0,0,1
0,0,4.1837,0,0,78.873,0,0,16.944,0,0,6.351,2.394,0,0,0.92384,82.51,0,0,0,2.9402,4.8809,0,4.1837,0,0,0,78.873,0,0,3.8641,8.1987,4.8809,0,0,1,0,0,0,0,1,0,0,0,0,1,0,0,0
3.294,8.2099,0,4.0666,5.6108,48.702,9.788,17.203,3.1256,0,0,3.3591,8.2769,4.0418,4.8052,9.3934,46.87,1.6238,4.5936,7.6674,2.918,6.4508,1.2932,12.432,9.623,8.5413,2.5957,48.702,0,7.1346,1.6238,3.3033,4.7504,0.21127,0.098592,0.69014,0,0,0,0,1,0,0,0,0,1,0,0,0
0,0,3.4243,0,0,70.831,0,0,25.745,0,0,8.8594,0,2.5186,5.2756,1.4438,70.831,0,0,0.66769,4.7371,5.6666,0,0,3.4243,0,0,70.831,0,0,0.66769,18.911,6.1663,0,0,0.022222,0.066667,0.91111,0,0,1,0,0,0,0,1,0,0,0
3.4555,8.2506,0,6.9153,4.5546,27.056,20.261,21.254,3.3422,3.2837,1.6279,11.766,11.819,5.1351,5.4428,12.466,26.69,3.1091,1.7173,10.845,2.7219,8.2871,4.1155,17.256,12.087,12.453,5.8484,23.012,1.9733,2.558,7.2678,6.9347,6.4943,0.58333,0.020833,0.39583,0,0,0,0,1,0,0,0,0,1,0,0,1
1.1257,8.3182,0,4.8488,9.2519,31.759,17.505,12.323,5.4986,5.7418,3.6279,10.304,11.777,9.896,7.2674,11.986,27.046,6.2146,2.9578,8.4079,2.413,1.7302,6.9074,19.229,8.4826,10.941,4.1442,21.3,5.0666,3.1191,10.036,4.767,6.0074,0.85075,0.14925,0,0,0,0,0,1,0,0,0,0,1,0,0,1
0.34334,4.5044,0,3.7533,9.3226,25.862,26.579,19.517,6.029,3.4275,0.66138,14.587,10.752,8.2322,5.1035,11.714,25.489,3.8304,1.3541,9.753,2.76,6.4239,2.1047,13.271,11.677,6.8325,10.232,22.722,1.5365,2.8745,9.466,8.8889,10.395,0.15854,0.036585,0.80488,0,0,0,0,1,0,0,0,0,1,0,0,0
0,7.7582,0,4.2973,7.0006,29.164,23.897,14.543,4.735,5.454,3.1508,16.492,6.8295,9.74,7.5483,9.9809,26.207,4.8642,2.2039,11.068,1.1071,3.96,5.1449,14.944,9.6902,11.136,9.7627,19.264,3.6478,1.7539,10.134,6.6598,7.8625,0,0.56604,0.43396,0,0,0,0,1,0,0,0,0,1,0,0,1
1.8537,7.365,0,9.7847,4.8542,22.624,20.059,24.556,3.3718,4.2532,1.2782,8.9744,9.8952,5.4674,9.6551,10.747,22.223,3.045,2.8032,14.325,3.5252,9.3396,3.0196,15.673,11.365,15.598,5.1244,20.927,0,5.8675,7.7572,6.8931,7.7745,0.030769,0.55385,0.41538,0,0,0,0,1,0,0,0,0,1,0,0,1
0,0,4.0256,0,0,82.455,0,0,13.519,0,0,7.7389,1.0335,0,0,0,84.414,1.9108,1.0335,0,0,3.8694,0,4.0256,0,0,0,82.455,0,0,1.0335,6.7054,5.7802,0,0,1,0,0,0,0,1,0,0,0,0,1,0,0,0
0,0,0,0,0,100,0,0,0,0,0,0,0,0,0,0,100,0,0,0,0,0,0,0,0,0,0,100,0,0,0,0,0,0,0,1,0,0,0,0,1,0,0,0,0,1,0,0,0
0,0,0,0,0,100,0,0,0,0,0,0,0,0,0,0,100,0,0,0,0,0,0,0,0,0,0,100,0,0,0,0,0,0,0,1,0,0,0,0,1,0,0,0,0,1,0,0,0
0,0,0,0,0,100,0,0,0,0,0,0,0,0,0,0,100,0,0,0,0,0,0,0,0,0,0,100,0,0,0,0,0,0,0,1,0,0,0,0,1,0,0,0,0,1,0,0,0
0,0,0,0,0.96077,98.078,0,0.96077,0,0,0,0.96077,0,0,0,0.96077,97.118,0.96077,0,0,0,0,0,0,0.96077,0,0.96077,98.078,0,0,0,0,0,0,0,1,0,0,0,0,1,0,0,0,0,1,0,0,0
0,0,0,0,0,100,0,0,0,0,0,0,0,0,0,0,100,0,0,0,0,0,0,0,0,0,0,100,0,0,0,0,0,0,0,1,0,0,0,0,1,0,0,0,0,1,0,0,0
0,0,0,0,0.90875,98.183,0,0.90875,0,0,0,0.90875,0,0,0,0.90875,97.274,0.90875,0,0,0,0,0,0,0.90875,0,0.90875,98.183,0,0,0,0,0,0,0,1,0,0,0,0,1,0,0,0,0,1,0,0,0
0,0.85642,0,0.93479,3.2717,75.433,8.5673,7.5864,1.4252,0.93479,0.99,7.6968,5.1412,3.1933,0.93479,3.8405,72.463,1.9248,0,0.9809,2.8434,0.9809,2.9148,7.1051,4.6807,1.4805,4.37,68.708,2.8364,0.85642,2.36,1.9157,2.7721,0,0,1,0,0,0,0,1,0,0,0,0,1,0,0,0
0,0,0,1.433,5.1147,72.17,8.0125,8.483,2.0782,1.433,1.2758,8.1685,6.22,1.9209,1.433,7.1928,66.582,4.4695,0,1.2902,1.433,1.2902,3.9846,6.0628,4.484,1.9209,4.9718,67.067,2.5516,0,3.5112,2.7233,2.7233,0.060241,0.096386,0.84337,0,0,0,0,1,0,0,0,0,1,0,0,0
0,0,0,0,1.2142,94.861,1.3552,2.5694,0,0,0,2.5694,0,0,0,1.2142,93.647,1.2142,0,0,1.3552,0,0,1.3552,2.5694,0,2.5694,93.506,0,0,0,0,0,0,0,1,0,0,0,0,1,0,0,0,0,1,0,0,0
0,0,0,0,0.55963,94.924,1.9783,2.5379,0,0,0,2.5379,0,0,0,0.55963,94.365,0.55963,0,0,1.9783,0,0,1.9783,2.5379,0,2.5379,92.946,0,0,0,0,0,0,0,1,0,0,0,0,1,0,0,0,0,1,0,0,0
0,0,0,0,0,94.788,2.6059,2.6059,0,0,0,2.6059,0,0,0,0,94.788,0,0,0,2.6059,0,0,2.6059,2.6059,0,2.6059,92.182,0,0,0,0,0,0,0.12346,0.87654,0,0,0,0,1,0,0,0,0,1,0,0,0
0,0,0.81154,0,0,96.754,0,0,2.4346,0,0,1.6231,0,0,0,0,97.565,0,0,0,0,0.81154,0,0.81154,0,0,0,96.754,0,0,0,1.6231,0.81154,0.02381,0.13095,0.84524,0,0,0,0,1,0,0,0,0,1,0,0,0
0,0,0,0,0,100,0,0,0,0,0,0,0,0,0,0,100,0,0,0,0,0,0,0,0,0,0,100,0,0,0,0,0,0,0,1,0,0,0,0,1,0,0,0,0,1,0,0,0
0,0,0,0,0,96.143,0,0,3.8574,0,0,1.9287,0,0,0,0,96.143,0.96434,0,0,0,0.96434,0,0,0,0,0,96.143,0,0,0,1.9287,1.9287,0,0,1,0,0,0,0,1,0,0,0,0,1,0,0,0
0,0,0,0,0,100,0,0,0,0,0,0,0,0,0,0,100,0,0,0,0,0,0,0,0,0,0,100,0,0,0,0,0,0,0,1,0,0,0,0,1,0,0,0,0,1,0,0,0
0,0,0,0,0,100,0,0,0,0,0,0,0,0,0,0,100,0,0,0,0,0,0,0,0,0,0,100,0,0,0,0,0,0,0,1,0,0,0,0,1,0,0,0,0,1,0,0,0
0,0,0,0,0,100,0,0,0,0,0,0,0,0,0,0,100,0,0,0,0,0,0,0,0,0,0,100,0,0,0,0,0,0,0,1,0,0,0,0,1,0,0,0,0,1,0,0,0
0,0,0,0,0,100,0,0,0,0,0,0,0,0,0,0,100,0,0,0,0,0,0,0,0,0,0,100,0,0,0,0,0,0,0,1,0,0,0,0,1,0,0,0,0,1,0,0,0
0,0,2.1199,0,0,89.847,0,0,8.033,0,0,4.0165,1.0599,0,0,0,89.847,2.0082,0,0,0,3.0682,0,1.0599,1.0599,0,0,89.847,0,0,2.1199,1.8966,4.0165,0,0,1,0,0,0,0,1,0,0,0,0,1,0,0,0
0,0,0,0,0,100,0,0,0,0,0,0,0,0,0,0,100,0,0,0,0,0,0,0,0,0,0,100,0,0,0,0,0,0,0,1,0,0,0,0,1,0,0,0,0,1,0,0,0
0,0,4.0003,0,0,87.999,0,0,8.0006,0,0,2.9298,2.0002,0,0,0,89.07,0.92966,0,0,1.0705,4.0003,0,2.0002,2.0002,0,0,87.999,0,0,4.0003,0,4.0003,0,0,1,0,0,0,0,1,0,0,0,0,1,0,0,0
0,0,7.8711,0,0,69.981,0,0,22.148,0,0,5.5371,2.334,0,3.203,3.203,72.315,0,0,3.203,2.334,7.8711,0,5.5371,2.334,0,0,69.981,0,0,4.6681,9.6091,7.8711,0,0,1,0,0,0,0,1,0,0,0,0,1,0,0,0
0,0,13.627,18.459,12.533,38.111,4.7915,4.3432,8.1358,0,0,5.3908,2.7177,0.70636,7.7504,2.7302,42.516,12.838,4.2467,5.6358,8.3799,7.0877,3.99,6.5856,4.9444,2.6503,1.0462,33.29,4.1272,7.9652,6.2932,18.579,10.528,0,0,0,0.13514,0.86486,0.86486,0.13514,0,0,0,0,0,0,0.13514,0.86486,1
0,0,10.916,30.536,8.8522,34.602,4.0892,7.0728,3.9316,0,0,10.401,4.9458,0,12.666,2.3501,35.918,10.741,7.6799,3.9169,7.3483,4.0334,7.0728,8.0557,1.5078,1.0499,0,25.003,9.5984,6.622,1.9547,24.564,14.572,0,0,0,0.11364,0.88636,0.88636,0.11364,0,0,0,0,0,0,0.11364,0.88636,1
0,0,0,0,0,100,0,0,0,0,0,0,0,0,0,0,100,0,0,0,0,0,0,0,0,0,0,100,0,0,0,0,0,0,0,1,0,0,0,0,1,0,0,0,0,1,0,0,0
0,0,0,0,0,100,0,0,0,0,0,0,0,0,0,0,100,0,0,0,0,0,0,0,0,0,0,100,0,0,0,0,0,0,0,1,0,0,0,0,1,0,0,0,0,1,0,0,0
0,0,0,0,0,100,0,0,0,0,0,0,0,0,0,0,100,0,0,0,0,0,0,0,0,0,0,100,0,0,0,0,0,0,0,1,0,0,0,0,1,0,0,0,0,1,0,0,0
0,0,0,0,0,100,0,0,0,0,0,0,0,0,0,0,100,0,0,0,0,0,0,0,0,0,0,100,0,0,0,0,0,0,0,1,0,0,0,0,1,0,0,0,0,1,0,0,0
2.1954,7.8411,0,11.592,7.2829,16.29,22.645,21.179,5.1473,5.3431,0.48378,9.6186,15.04,5.8456,17.01,11.278,13.528,7.0085,1.6991,11.631,2.0316,5.3097,7.215,16.428,9.1181,11.271,6.5442,9.6137,1.5474,2.7403,13.619,10.598,11.306,0,0.43333,0.56667,0,0,0,0,1,0,0,0,0,1,0,0,1
2.5013,16.759,0,3.0774,5.6853,4.7539,27.702,14.979,9.4464,10.272,4.8239,10.966,10.859,13.339,4.9269,20.103,10.624,2.7572,6.2551,14.511,2.3389,3.3214,3.8273,24.673,17.345,19.803,4.6618,2.8016,0.97618,2.0758,13.463,4.8519,5.5206,0.2,0.67273,0.12727,0,0,0,0,1,0,0,0,0,1,0,0,1
0,0,0,0,0,100,0,0,0,0,0,0,0,0,0,0,100,0,0,0,0,0,0,0,0,0,0,100,0,0,0,0,0,0,0,1,0,0,0,0,1,0,0,0,0,1,0,0,0
0,0,6.667,0,0,63.986,0,0,29.347,0,0,8.8945,0,5.5118,0.76989,2.3915,64.573,0,4.2093,0.3035,1.4548,11.892,0,6.667,0,0,0,63.986,0,0,11.31,5.2172,12.82,0,0,0,0.425,0.575,0,0,1,0,0,0,0,1,0,0,0
0,0,8.4637,0,0,63.037,0,0,28.499,0,0,7.5363,1.2407,6.2192,1.0643,2.3827,64.102,0,3.6997,0,1.3171,12.438,0,8.4637,1.2407,0,0,63.037,0,0,7.1454,5.8283,14.285,0,0,1,0,0,0,0,1,0,0,0,0,1,0,0,0
0,0,5.9698,0,0,74.654,0,0,19.376,0,0,6.6683,0,3.5293,0.54215,1.539,75.535,0,1.8718,0.88104,1.2259,8.2074,0,5.9698,0,0,0,74.654,0,0,6.8612,2.9316,9.5835,0,0,0.025974,0.25974,0.71429,0,0,1,0,0,0,0,1,0,0,0
0,0,6.4221,0,0,64.174,0,0,29.403,0,0,9.3429,0.79831,5.709,0,0,64.174,0,4.0006,2.8135,1.3435,11.818,0,6.4221,0,0,0,64.174,0,0,9.71,4.2252,15.468,0,0,0.022727,0.36364,0.61364,0,0,1,0,0,0,0,1,0,0,0
0,0,4.738,0,0,66.775,0,0,28.487,0,0,9.4629,0,4.7462,0.3031,1.5188,67.078,0,2.7735,0.83573,0.36627,12.916,0,4.738,0,0,0,66.775,0,0,7.9221,3.6785,16.887,0,0,1,0,0,0,0,1,0,0,0,0,1,0,0,0
0,0,5.2289,0,0,75.966,0,0,18.806,0,0,6.6891,1.1594,3.4296,0,0,75.966,0,3.9055,1.0797,0.3764,7.3947,0,5.2289,0,0,0,75.966,0,0,6.5553,2.7214,9.5289,0,0,0,0.2,0.8,0,0,1,0,0,0,0,1,0,0,0
0,0,7.5736,0,0,64.103,0,0,28.324,0,0,8.9136,2.9002,2.0621,0,0,64.103,0.67789,3.9275,2.5143,0.25941,14.642,0,7.5736,0,0,0,64.103,0,0,8.0993,4.864,15.361,0,0,0,0,1,0,0,1,0,0,0,0,1,0,0,0
0,0,5.561,0,0,66.564,0,0,27.875,0,0,8.1872,1.847,5.2226,0,0,66.564,0.93076,3.4078,1.6822,0,12.158,0,5.561,0,0,0,66.564,0,0,6.8943,4.8158,16.165,0,0,1,0,0,0,0,1,0,0,0,0,1,0,0,0
0,0,6.6213,0,0,75.215,0,0,18.164,0,0,5.7553,1.7491,4.1916,0,0,75.215,0,2.5441,1.5854,1.1391,7.8204,0,6.6213,0,0,0,75.215,0,0,5.531,3.5114,9.1213,0,0,0.015873,0.28571,0.69841,0,0,1,0,0,0,0,1,0,0,0
0,0,7.4652,0,0,66.21,0,0,26.324,0,0,11.085,2.4468,1.65,0,0,67.482,2.5348,2.4468,0,0,12.355,0,7.4652,0,0,0,66.21,0,0,5.2223,6.9384,14.164,0,0,0.093023,0.046512,0.86047,0,0,1,0,0,0,0,1,0,0,0
0,0,4.7386,0,0,71.082,0,0,24.18,0,0,9.1301,1.524,2.9913,0,0,72.15,0.62256,3.242,0,0,10.34,0,4.7386,0,0,0,71.082,0,0,5.3156,7.0406,11.824,0,0,1,0,0,0,0,1,0,0,0,0,1,0,0,0
0,0,6.0122,0,0,78.637,0,0,15.351,0,0,6.0187,2.3417,0.90363,0,0,79.965,0.58997,4.0555,0,0,6.1252,0,6.0122,0,0,0,78.637,0,0,3.5688,4.6155,7.167,0,0,0,0.19672,0.80328,0,0,1,0,0,0,0,1,0,0,0
0,0,6.4222,0,0,68.805,0,0,24.772,0,0,12.225,1.2221,0,0,0,72.368,2.6706,2.9044,0,0,8.6104,0,5.9552,0.46707,0,0,68.805,0,0,5.3449,9.4964,9.9312,0,0,0.13333,0.1,0.76667,0,0,1,0,0,0,0,1,0,0,0
0,0,3.3198,0,0,72.388,0,0,24.292,0,0,13.332,1.1668,0,0,0,73.374,2.9344,2.0731,0,0,7.1193,0,3.3198,0,0,0,72.388,0,0,3.4556,10.783,10.054,0,0,1,0,0,0,0,1,0,0,0,0,1,0,0,0
0,0,3.1726,0,0,79.776,0,0,17.051,0,0,9.8148,1.0018,0,0,0,80.627,2.3224,0.8848,0,0,5.3498,0,2.1708,1.0018,0,0,79.776,0,0,2.4044,9.2969,5.3498,0,0,0.013699,0.19178,0.79452,0,0,1,0,0,0,0,1,0,0,0
0,0,6.4576,0,0,69.865,0,0,23.677,0,0,12.592,2.6923,0,0,0,72.542,4.0749,0,0,0,8.0985,0,3.7653,2.6923,0,0,69.865,0,0,1.1728,10.591,11.913,0,0,0.028571,0.31429,0.65714,0,0,1,0,0,0,0,1,0,0,0
0,0,6.093,0,0,69.521,0,0,24.386,0,0,14.111,2.4318,0,0,0,71.515,2.4318,0,0,0,9.5097,0,3.6612,2.4318,0,0,69.521,0,0,5.1667,8.1354,11.084,0,0,0.99091,0,0.0090909,0,0,1,0,0,0,0,1,0,0,0
0,0,4.3383,0,0,78.922,0,0,16.739,0,0,9.5787,1.5961,0,0,0,80.069,2.2646,0,0,0,6.492,0,2.7422,1.5961,0,0,78.922,0,0,2.8295,4.3146,9.595,0,0,0.012821,0.20513,0.78205,0,0,1,0,0,0,0,1,0,0,0
0,0,7.9224,0,0,68.829,0,0,23.248,0,0,12.005,4.4132,0,0,0,69.354,5.4823,0,0,0,8.7456,0,3.5092,4.4132,0,0,68.829,0,0,5.1729,5.7572,12.318,0,0,0,0.35,0.65,0,0,1,0,0,0,0,1,0,0,0
0,0,4.8311,0,0,71.121,0,0,24.048,0,0,10.464,2.6865,0,0,0,72.511,2.9238,0,0,1.39,10.025,0,2.1446,2.6865,0,0,71.121,0,0,4.0963,5.1127,14.839,0,0,0.98131,0,0.018692,0,0,1,0,0,0,0,1,0,0,0
0,0,4.5117,0,0,79.506,0,0,15.982,0,0,7.0108,2.1521,0,0,0,81.225,1.6927,0,0,0.45946,7.4597,0,2.3596,2.1521,0,0,79.506,0,0,3.2907,2.1435,10.548,0,0,0.014286,0.14286,0.84286,0,0,1,0,0,0,0,1,0,0,0
0,0,7.8781,0,0,70.043,0,0,22.079,0,0,5.2893,2.1196,0,2.2672,3.1223,72.636,0.89774,0,1.8524,2.3746,9.4406,0,5.7586,2.1196,0,0,70.043,0,0,6.4426,5.0028,10.634,0,0,0.019231,0.17308,0.80769,0,0,1,0,0,0,0,1,0,0,0
0,0,6.4909,0,0,72.164,0,0,21.346,0,0,7.2913,1.8298,0,2.061,2.3309,72.934,1.8298,0,1.4996,0.56141,9.6625,0,4.6611,1.8298,0,0,72.164,0,0,5.5663,6.0387,9.7406,0,0,0.98039,0,0.019608,0,0,1,0,0,0,0,1,0,0,0
0,0,4.9949,0,0,80.877,0,0,14.128,0,0,4.0429,1.7551,0,1.4848,0.67608,81.498,1.134,0,0.56897,2.1059,6.734,0,3.2398,1.7551,0,0,80.877,0,0,4.797,1.9629,7.368,0,0,0,0.13115,0.86885,0,0,1,0,0,0,0,1,0,0,0
0,0,5.168,0,0,71.156,0,0,23.676,0,0,4.3242,0.51937,0,3.6053,2.2237,72.199,0,0,4.6074,1.901,10.62,0,4.6486,0.51937,0,0,71.156,0,0,4.0014,14.831,4.8435,0,0,0,0.022222,0.97778,0,0,1,0,0,0,0,1,0,0,0
0,0,3.5379,0,0,76.135,0,0,20.328,0,0,2.4829,1.2821,0,0.97373,3.043,77.417,0,0,1.656,2.2558,10.89,0,2.2558,1.2821,0,0,76.135,0,0,7.7817,5.7378,6.808,0,0,0.97778,0,0.022222,0,0,1,0,0,0,0,1,0,0,0
0,0,3.1111,0,0,80.877,0,0,16.012,0,0,2.9134,0.42566,0,0.86353,2.5402,82.699,0,0,2.9332,0.42566,7.1991,0,2.6854,0.42566,0,0,80.877,0,0,3.6296,6.8436,5.5384,0,0,0,0.18868,0.81132,0,0,1,0,0,0,0,1,0,0,0
0,0,3.0783,0,0,71.806,0,0,25.116,0,0,2.9081,0,0,3.0783,6.4721,71.806,0,0,6.8567,0.91567,7.9631,0,3.0783,0,0,0,71.806,0,0,5.9707,11.927,7.2176,0,0,0,0.051282,0.94872,0,0,1,0,0,0,0,1,0,0,0
0,0,3.5852,0,0,77.588,0,0,18.827,0,0,1.9133,0,0,3.1143,3.8387,78.058,0,0,1.2926,1.8217,9.961,0,3.5852,0,0,0,77.588,0,0,4.9885,9.3794,4.4594,0,0,0.042553,0.34043,0.61702,0,0,1,0,0,0,0,1,0,0,0
0,0,4.6567,0,0,93.422,0,0,1.9213,0,0,0.48034,0,2.8087,0,0,93.422,0,1.8636,0,0.9451,0.48034,0,4.6567,0,0,0,93.422,0,0,0.96067,0,0.96067,0,0,0,0.2561,0.7439,0,0,1,0,0,0,0,1,0,0,0
0,0,0,0,0,100,0,0,0,0,0,0,0,0,0,0,100,0,0,0,0,0,0,0,0,0,0,100,0,0,0,0,0,0,0,0,0.23404,0.76596,0,0,1,0,0,0,0,1,0,0,0
0,0,6.684,0,0,91.634,0,0,1.6819,0,0,0.42048,1.2317,2.5308,0,0,91.634,0,2.1474,0,1.6151,0.42048,0,6.684,0,0,0,91.634,0,0,0.84097,0,0.84097,0,0,0.028169,0.30986,0.66197,0,0,1,0,0,0,0,1,0,0,0
0,0,0,0,0,100,0,0,0,0,0,0,0,0,0,0,100,0,0,0,0,0,0,0,0,0,0,100,0,0,0,0,0,0,0,0,0.18478,0.81522,0,0,1,0,0,0,0,1,0,0,0
0,0,0,0,0,100,0,0,0,0,0,0,0,0,0,0,100,0,0,0,0,0,0,0,0,0,0,100,0,0,0,0,0,0,0,0.045977,0.14943,0.8046,0,0,1,0,0,0,0,1,0,0,0
0,0,0,0,0,100,0,0,0,0,0,0,0,0,0,0,100,0,0,0,0,0,0,0,0,0,0,100,0,0,0,0,0,0,0,0,0.18889,0.81111,0,0,1,0,0,0,0,1,0,0,0
0,0,0,0,0,100,0,0,0,0,0,0,0,0,0,0,100,0,0,0,0,0,0,0,0,0,0,100,0,0,0,0,0,0,0,0.12821,0.064103,0.80769,0,0,1,0,0,0,0,1,0,0,0
0,0,0,0,0,100,0,0,0,0,0,0,0,0,0,0,100,0,0,0,0,0,0,0,0,0,0,100,0,0,0,0,0,0,0,0,0.20879,0.79121,0,0,1,0,0,0,0,1,0,0,0
0,0,7.2554,0,0,92.745,0,0,0,0,0,0,2.8496,0.50919,0,0,92.745,0.53775,2.8496,0,0.50919,0,0,7.2554,0,0,0,92.745,0,0,0,0,0,0,0,0,0.11111,0.88889,0,0,1,0,0,0,0,1,0,0,0
0,0,0,0,0,100,0,0,0,0,0,0,0,0,0,0,100,0,0,0,0,0,0,0,0,0,0,100,0,0,0,0,0,0,0,0,0.15385,0.84615,0,0,1,0,0,0,0,1,0,0,0
0,0,5.4279,0,0,94.572,0,0,0,0,0,0,1.4976,0,0,0,95.242,1.7631,1.4976,0,0,0,0,5.4279,0,0,0,94.572,0,0,0,0,0,0,0,0,0.08642,0.91358,0,0,1,0,0,0,0,1,0,0,0
0,0,0,0,0,100,0,0,0,0,0,0,0,0,0,0,100,0,0,0,0,0,0,0,0,0,0,100,0,0,0,0,0,0,0,0,0.23864,0.76136,0,0,1,0,0,0,0,1,0,0,0
0,0,0,0,0,100,0,0,0,0,0,0,0,0,0,0,100,0,0,0,0,0,0,0,0,0,0,100,0,0,0,0,0,0,0,0.011765,0.058824,0.92941,0,0,1,0,0,0,0,1,0,0,0
0,0,0,0,0,100,0,0,0,0,0,0,0,0,0,0,100,0,0,0,0,0,0,0,0,0,0,100,0,0,0,0,0,0,0,0,0.14118,0.85882,0,0,1,0,0,0,0,1,0,0,0
0,0,0,0,0,100,0,0,0,0,0,0,0,0,0,0,100,0,0,0,0,0,0,0,0,0,0,100,0,0,0,0,0,0,0,0,0.10526,0.89474,0,0,1,0,0,0,0,1,0,0,0
0,0,0,0,0,100,0,0,0,0,0,0,0,0,0,0,100,0,0,0,0,0,0,0,0,0,0,100,0,0,0,0,0,0,0,0.015385,0.38462,0.6,0,0,1,0,0,0,0,1,0,0,0
0,0,0,0,0,100,0,0,0,0,0,0,0,0,0,0,100,0,0,0,0,0,0,0,0,0,0,100,0,0,0,0,0,0,0,0,0.23256,0.76744,0,0,1,0,0,0,0,1,0,0,0
0,0,0,0,0,100,0,0,0,0,0,0,0,0,0,0,100,0,0,0,0,0,0,0,0,0,0,100,0,0,0,0,0,0,0,0,0.28358,0.71642,0,0,1,0,0,0,0,1,0,0,0
0,0,0,0,0,100,0,0,0,0,0,0,0,0,0,0,100,0,0,0,0,0,0,0,0,0,0,100,0,0,0,0,0,0,0,0.022727,0.22727,0.75,0,0,1,0,0,0,0,1,0,0,0
0,0,0,0,0,100,0,0,0,0,0,0,0,0,0,0,100,0,0,0,0,0,0,0,0,0,0,100,0,0,0,0,0,0,0,0.040816,0.26531,0.69388,0,0,1,0,0,0,0,1,0,0,0
0,0,0,0,0,100,0,0,0,0,0,0,0,0,0,0,100,0,0,0,0,0,0,0,0,0,0,100,0,0,0,0,0,0,0,0.014493,0.2029,0.78261,0,0,1,0,0,0,0,1,0,0,0
0,0,0,0,0,100,0,0,0,0,0,0,0,0,0,0,100,0,0,0,0,0,0,0,0,0,0,100,0,0,0,0,0,0,0,0,0,1,0,0,1,0,0,0,0,1,0,0,0
0,0,0,0,0,100,0,0,0,0,0,0,0,0,0,0,100,0,0,0,0,0,0,0,0,0,0,100,0,0,0,0,0,0,0,0,0.10465,0.89535,0,0,1,0,0,0,0,1,0,0,0
0,0,0,0,0,100,0,0,0,0,0,0,0,0,0,0,100,0,0,0,0,0,0,0,0,0,0,100,0,0,0,0,0,0,0,0.015625,0.125,0.85938,0,0,1,0,0,0,0,1,0,0,0
0,0,4.1351,0,0,95.179,0,0,0.68575,0,0,0,0.68575,0,0,0,97.437,1.8769,0,0,0,0,0,3.4494,0.68575,0,0,95.179,0,0,0,0.68575,0,0,0,0,0.22472,0.77528,0,0,1,0,0,0,0,1,0,0,0
0,0,0,0,0,100,0,0,0,0,0,0,0,0,0,0,100,0,0,0,0,0,0,0,0,0,0,100,0,0,0,0,0,0,0,0,0.1954,0.8046,0,0,1,0,0,0,0,1,0,0,0
0,0,4.1805,0,0,94.031,0,0,1.789,0,0,0,2.4414,0,0,0,95.117,2.4414,0,0,0,0,0,1.7392,2.4414,0,0,94.031,0,0,0,1.789,0,0,0,0.012821,0.24359,0.74359,0,0,1,0,0,0,0,1,0,0,0
0,0,0,0,0,100,0,0,0,0,0,0,0,0,0,0,100,0,0,0,0,0,0,0,0,0,0,100,0,0,0,0,0,0,0,0,0.26136,0.73864,0,0,1,0,0,0,0,1,0,0,0
0,0,0,0,0,100,0,0,0,0,0,0,0,0,0,0,100,0,0,0,0,0,0,0,0,0,0,100,0,0,0,0,0,0,0,0,0.1087,0.8913,0,0,1,0,0,0,0,1,0,0,0
0,0,0,0,0,100,0,0,0,0,0,0,0,0,0,0,100,0,0,0,0,0,0,0,0,0,0,100,0,0,0,0,0,0,0,0,0.22619,0.77381,0,0,1,0,0,0,0,1,0,0,0
0,0,0,0,0,100,0,0,0,0,0,0,0,0,0,0,100,0,0,0,0,0,0,0,0,0,0,100,0,0,0,0,0,0,0,0.011236,0.22472,0.76404,0,0,1,0,0,0,0,1,0,0,0
0,0,0,0,0,100,0,0,0,0,0,0,0,0,0,0,100,0,0,0,0,0,0,0,0,0,0,100,0,0,0,0,0,0,0,0,0.23158,0.76842,0,0,1,0,0,0,0,1,0,0,0
0,0,5.1316,0,0,93.892,0,0,0.97622,0,0,0,2.6984,0,0,0,94.603,2.6984,0,0,0,0,0,2.4332,2.6984,0,0,93.892,0,0,0,0.97622,0,0,0,0,0.30337,0.69663,0,0,1,0,0,0,0,1,0,0,0
0,0,0,0,0,100,0,0,0,0,0,0,0,0,0,0,100,0,0,0,0,0,0,0,0,0,0,100,0,0,0,0,0,0,0,0,0.28409,0.71591,0,0,1,0,0,0,0,1,0,0,0
0,0,4.7582,0,0,94.217,0,0,1.0244,0,0,0,0.87522,0,1.0244,0,96.201,0.87522,0,0,1.0244,0,0,3.883,0.87522,0,0,94.217,0,0,1.0244,0,0,0,0,0.024691,0.2963,0.67901,0,0,1,0,0,0,0,1,0,0,0
0,0,0,0,0,100,0,0,0,0,0,0,0,0,0,0,100,0,0,0,0,0,0,0,0,0,0,100,0,0,0,0,0,0,0,0,0.19048,0.80952,0,0,1,0,0,0,0,1,0,0,0
0,0,0,0,0,100,0,0,0,0,0,0,0,0,0,0,100,0,0,0,0,0,0,0,0,0,0,100,0,0,0,0,0,0,0,0.083333,0.083333,0.83333,0,0,1,0,0,0,0,1,0,0,0
0,0,0,0,0,100,0,0,0,0,0,0,0,0,0,0,100,0,0,0,0,0,0,0,0,0,0,100,0,0,0,0,0,0,0,0,0.16667,0.83333,0,0,1,0,0,0,0,1,0,0,0
0,0,0,0,0,100,0,0,0,0,0,0,0,0,0,0,100,0,0,0,0,0,0,0,0,0,0,100,0,0,0,0,0,0,0,0.088608,0.1519,0.75949,0,0,1,0,0,0,0,1,0,0,0
0,0,0,0,0,100,0,0,0,0,0,0,0,0,0,0,100,0,0,0,0,0,0,0,0,0,0,100,0,0,0,0,0,0,0,0,0.22727,0.77273,0,0,1,0,0,0,0,1,0,0,0
0,0,0,0,0,100,0,0,0,0,0,0,0,0,0,0,100,0,0,0,0,0,0,0,0,0,0,100,0,0,0,0,0,0,0,0,0.074074,0.92593,0,0,1,0,0,0,0,1,0,0,0
0,0,0,0,0,100,0,0,0,0,0,0,0,0,0,0,100,0,0,0,0,0,0,0,0,0,0,100,0,0,0,0,0,0,0,0.1831,0.19718,0.61972,0,0,1,0,0,0,0,1,0,0,0
0,0,0,0,0,100,0,0,0,0,0,0,0,0,0,0,100,0,0,0,0,0,0,0,0,0,0,100,0,0,0,0,0,0,0,0.03125,0.375,0.59375,0,0,1,0,0,0,0,1,0,0,0
0,0,0,0,0,100,0,0,0,0,0,0,0,0,0,0,100,0,0,0,0,0,0,0,0,0,0,100,0,0,0,0,0,0,0,0.075,0.1625,0.7625,0,0,1,0,0,0,0,1,0,0,0
0,0,0,0,0,100,0,0,0,0,0,0,0,0,0,0,100,0,0,0,0,0,0,0,0,0,0,100,0,0,0,0,0,0,0,0.013889,0.30556,0.68056,0,0,1,0,0,0,0,1,0,0,0
0,0,0,0,0,100,0,0,0,0,0,0,0,0,0,0,100,0,0,0,0,0,0,0,0,0,0,100,0,0,0,0,0,0,0,0.023529,0.24706,0.72941,0,0,1,0,0,0,0,1,0,0,0
0,0,0,0,0,100,0,0,0,0,0,0,0,0,0,0,100,0,0,0,0,0,0,0,0,0,0,100,0,0,0,0,0,0,0,0.073529,0.23529,0.69118,0,0,1,0,0,0,0,1,0,0,0
0,0,3.3936,0,0,89.137,0,0,7.4699,0,0,0,0,0,2.5001,1.0198,90.03,0,0,2.9303,2.5001,1.0198,0,3.3936,0,0,0,89.137,0,0,3.5198,2.9303,1.0198,0,0,0,0.16393,0.83607,0,0,1,0,0,0,0,1,0,0,0
0,0,0.8025,0,0,98.395,0,0,0.8025,0,0,0,0,0,0.8025,0,98.395,0,0,0,0.8025,0,0,0.8025,0,0,0,98.395,0,0,0.8025,0,0,0,0,0,0.058824,0.94118,0,0,1,0,0,0,0,1,0,0,0
0,0,0,0,0,100,0,0,0,0,0,0,0,0,0,0,100,0,0,0,0,0,0,0,0,0,0,100,0,0,0,0,0,0,0,0,0.19048,0.80952,0,0,1,0,0,0,0,1,0,0,0
0,0,0,0,0,100,0,0,0,0,0,0,0,0,0,0,100,0,0,0,0,0,0,0,0,0,0,100,0,0,0,0,0,0,0,1,0,0,0,0,1,0,0,0,0,1,0,0,0
0,0,3.4451,0,0,68.105,0,0,28.45,0,0,7.3547,4.6211,0,0,2.2153,72.641,0,0,0.50085,5.0168,7.6503,0,3.4451,0,0,0,68.105,0,0,7.2404,13.449,7.7604,0,0,0.021739,0.17391,0.80435,0,0,1,0,0,0,0,1,0,0,0
0,0,3.1897,0,0,76.52,0,0,20.29,0,0,6.1827,3.597,0,0,3.6582,78.917,0,0,0,1.9195,5.7254,0,3.1897,0,0,0,76.52,0,0,4.0544,10.068,6.1681,0,0,0.016129,0.12903,0.85484,0,0,1,0,0,0,0,1,0,0,0
0,0,4.3183,0,0,80.087,0,0,15.595,0,0,6.4623,0.63922,0,0,3.5507,80.087,0,1.5199,2.1591,1.3916,4.19,0,2.7984,1.5199,0,0,80.087,0,0,2.9115,5.5816,7.1015,0,0,1,0,0,0,0,1,0,0,0,0,1,0,0,0
0,0,2.2664,0,0,87.635,0,0,10.099,0,0,4.946,0,0,0,2.473,87.635,0,0,0,2.473,2.473,0,1.1332,1.1332,0,0,87.635,0,0,1.3398,3.8128,4.946,0,0,1,0,0,0,0,1,0,0,0,0,1,0,0,0
0,0,8.4447,0,0,66.902,0,0,24.654,0,0,13.388,0.54577,0,0,4.8407,66.902,0,2.3854,2.2677,2.573,7.0981,0,4.1498,4.2949,0,0,66.902,0,0,3.9067,8.8064,11.941,0,0,1,0,0,0,0,1,0,0,0,0,1,0,0,0
0,0,0,0,0,100,0,0,0,0,0,0,0,0,0,0,100,0,0,0,0,0,0,0,0,0,0,100,0,0,0,0,0,0,0,1,0,0,0,0,1,0,0,0,0,1,0,0,0
0.70712,0,0,0,0,97.112,0,0,2.1814,0,0,0,0,0,0,0,97.112,0,0,0,0,2.8885,0,0,0,0,0.70712,97.112,0,0,2.1814,0,0,0,0,1,0,0,0,0,1,0,0,0,0,1,0,0,0
0.49977,0,5.4246,0,0,86.339,0,0,5.114,2.6226,0,0.99955,0,0,0.49977,0,86.839,0.49977,0,0,0,11.162,1.475,0,6.0725,0.49977,0.99955,85.339,0.49977,0,3.1149,0.99955,0.99955,0,0,1,0,0,0,0,1,0,0,0,0,1,0,0,0
0,0,10.821,0,0,56.496,0,0,30.696,1.9863,0,14.377,5.9001,1.8906,0.79647,0,57.384,5.8089,0,0,0,13.843,0,5.8089,6.9988,0,0,56.496,0,0,9.5659,2.9724,18.158,0,0,1,0,0,0,0,1,0,0,0,0,0.93443,0.065574,0,0
0,0,4.5028,0,0,92.21,0,0,3.2873,0,0,0,0,0,1.5979,0,92.21,0,0,0.79893,0,5.3933,1.7672,0.79893,1.9366,0,0,92.21,0,0,2.4884,0.79893,0,0,0,1,0,0,0,0,1,0,0,0,0,1,0,0,0
3.2587,0.7881,14.455,0,0,62.912,0,0,15.498,3.0879,0,5.285,1.3606,0,6.478,1.3606,63.513,3.8953,0.7881,2.4364,0.57252,14.31,4.8007,5.1576,6.1951,2.7503,7.3696,56.266,2.5347,0,4.6407,5.7882,4.4969,0,0,0.98734,0.012658,0,0,0,1,0,0,0,0,0.97468,0.025316,0,0
0,0,5.7689,0,1.8435,88.041,0,0,4.347,0,0,0,1.8435,0,5.1193,0,88.041,0,0,1.6379,0,3.3588,2.4689,1.6379,1.6621,0,0,88.041,0,0,2.7091,3.4814,0,0,0,1,0,0,0,0,1,0,0,0,0,1,0,0,0
1.6364,0.72664,23.792,0,0,60.241,0,0,11.968,1.6364,0,11.347,1.767,0,2.363,1.767,60.11,4.4438,0.72664,1.0404,1.0404,15.395,8.1663,4.5744,8.938,5.5168,5.7664,53.434,2.6767,0,3.3417,3.2728,4.3131,0,0,0.9759,0.024096,0,0,0,1,0,0,0,0,0.96386,0.036145,0,0
0.69531,0,4.142,0,0,79.578,0,0,14.511,1.0739,0,6.9081,2.1389,0,0,1.3151,80.961,0.75587,0,0,1.3151,6.6063,0,2.071,3.1449,0,0.69531,79.578,0,0,4.905,2.6982,6.9081,0,0,1,0,0,0,0,1,0,0,0,0,1,0,0,0
0,0,1.4413,0,0,59.53,0,0,38.019,1.0099,0,13.295,2.2441,6.3351,5.6265,0,61.774,0.63416,0,0,0.40358,9.6874,0,0.63416,1.817,0,0,59.53,0,0,7.4101,14.628,15.981,0,0,0.98529,0,0.014706,0,0,1,0,0,0,0,1,0,0,0
2.6346,2.9065,0,0,0,88.918,0,5.5411,0,0,0,0,0,0,0,0,86.283,0,2.9065,5.2691,0,5.5411,2.6346,0,5.5411,0,0,88.918,0,2.9065,0,0,0,0,0,1,0,0,0,0,1,0,0,0,0,1,0,0,0
0.51572,4.6457,3.6887,4.8494,5.251,60.429,5.2464,10.297,5.077,0,0,2.9815,3.0622,1.08,5.5523,3.2731,57.392,4.0086,4.4336,4.711,7.0003,6.505,3.4476,8.8818,6.2494,4.0239,2.4682,54.793,3.7079,5.6207,1.0557,4.4194,5.3324,0,0,1,0,0,0,0,1,0,0,0,0,1,0,0,0
1.6577,4.4568,27.835,0,0,45.769,0,0,18.624,1.6577,0,15.472,3.9032,0.59702,5.6558,1.9061,47.117,9.0081,3.2031,1.046,0.59702,11.494,10.49,8.7516,5.4197,8.6891,7.1276,38.641,1.6577,0,2.9546,4.9583,11.31,0,0,0,0.075758,0.92424,0,0,1,0,0,0,0,0.015152,0.075758,0.90909,1
0,0,0,0,0,100,0,0,0,0,0,0,0,0,0,0,100,0,0,0,0,0,0,0,0,0,0,100,0,0,0,0,0,0,0,1,0,0,0,0,1,0,0,0,0,1,0,0,0
0,0,7.5078,0,0,62.676,0,0,29.816,0,0,14.826,2.6544,3.4767,4.2013,0,63.797,3.5847,0,0,0.53152,6.9283,0,3.5847,2.5958,0,0,62.676,0,0,3.8737,11.117,16.153,0,0,0.056604,0.15094,0.79245,0,0,1,0,0,0,0,1,0,0,0
0,0,6.2891,0,0,87.683,0,0,6.028,0,0,1.086,1.1237,4.846,1.086,1.928,88.807,1.1237,0,0,0,0,0,2.2474,0,0,0,87.683,0,0,1.928,3.014,5.1277,0,0,0.015385,0.27692,0.70769,0,0,1,0,0,0,0,1,0,0,0
0,0,0,0,0,100,0,0,0,0,0,0,0,0,0,0,100,0,0,0,0,0,0,0,0,0,0,100,0,0,0,0,0,0,0,0.074627,0.16418,0.76119,0,0,1,0,0,0,0,1,0,0,0
0,0,0,0,0,100,0,0,0,0,0,0,0,0,0,0,100,0,0,0,0,0,0,0,0,0,0,100,0,0,0,0,0,0,0,0.0625,0.23438,0.70312,0,0,1,0,0,0,0,1,0,0,0
0,0,0,0,0,100,0,0,0,0,0,0,0,0,0,0,100,0,0,0,0,0,0,0,0,0,0,100,0,0,0,0,0,0,0,0.026316,0.55263,0.42105,0,0,1,0,0,0,0,1,0,0,0
0,0,6.554,0,0,71.961,0,0,21.485,0,0,7.5275,2.7903,4.1572,0,0,72.935,1.8788,2.7903,0,0,7.921,0,6.554,0,0,0,71.961,0,0,3.7017,4.7373,13.046,0,0,1,0,0,0,0,1,0,0,0,0,1,0,0,0
0.43419,2.6733,31.853,0,0,52.19,0,0,12.128,0.72092,0,8.0687,3.4143,0.5534,5.0837,3.4143,49.329,7.8085,2.912,3.3767,2.2481,13.791,12.402,11.951,7.9891,4.0468,5.568,45.362,1.6947,0,3.4034,2.2354,5.348,0,0,0,0.066667,0.93333,0,0,1,0,0,0,0,0,0.066667,0.93333,1
0,0,0,0,0,100,0,0,0,0,0,0,0,0,0,0,100,0,0,0,0,0,0,0,0,0,0,100,0,0,0,0,0,0,0,1,0,0,0,0,1,0,0,0,0,1,0,0,0
0.89325,0,0,0,0,97.968,0,0,1.1392,0,0,0,0,0,0,0,97.968,0,0,0,0,2.0324,0,0,0,0,0.89325,97.968,0,0,1.1392,0,0,0,0,1,0,0,0,0,1,0,0,0,0,1,0,0,0
0,0,4.7183,0,0,94.47,0,0,0.81212,0,0,0,0,2.6336,0.81212,0,95.742,0.81212,0,0,0,0,0,0.81212,0,0,0,94.47,0,0,0,0.81212,3.9061,0,0,0,0.088608,0.91139,0,0,1,0,0,0,0,1,0,0,0
0,0,0,0,0,100,0,0,0,0,0,0,0,0,0,0,100,0,0,0,0,0,0,0,0,0,0,100,0,0,0,0,0,0,0,0,0.29032,0.70968,0,0,1,0,0,0,0,1,0,0,0
0,0,0,0,0,100,0,0,0,0,0,0,0,0,0,0,100,0,0,0,0,0,0,0,0,0,0,100,0,0,0,0,0,0,0,0,0,1,0,0,1,0,0,0,0,1,0,0,0
0,0,0,0,0,100,0,0,0,0,0,0,0,0,0,0,100,0,0,0,0,0,0,0,0,0,0,100,0,0,0,0,0,0,0,0,0.09375,0.90625,0,0,1,0,0,0,0,1,0,0,0
0,0,0,0,0,100,0,0,0,0,0,0,0,0,0,0,100,0,0,0,0,0,0,0,0,0,0,100,0,0,0,0,0,0,0,1,0,0,0,0,1,0,0,0,0,1,0,0,0
0,0,0,0,0,100,0,0,0,0,0,0,0,0,0,0,100,0,0,0,0,0,0,0,0,0,0,100,0,0,0,0,0,0,0,1,0,0,0,0,1,0,0,0,0,1,0,0,0
0,0,0,0,0,100,0,0,0,0,0,0,0,0,0,0,100,0,0,0,0,0,0,0,0,0,0,100,0,0,0,0,0,0,0,1,0,0,0,0,1,0,0,0,0,1,0,0,0
0,0,0,0,0,98.73,0.42321,0,0.84641,0,0,0.42321,0,0,0,0.84641,98.73,0,0,0,0,0,0.42321,0.42321,0.42321,0,0,98.73,0,0,0,0,0,0,0,1,0,0,0,0,1,0,0,0,0,1,0,0,0
0,0,2.6129,0.76688,2.1386,74.558,7.298,4.8172,7.8082,0,0,1.8169,1.4527,3.4847,5.2991,1.1404,72.075,4.8553,2.2003,5.5363,1.0602,1.0792,4.7698,5.8243,6.5012,0.62459,3.121,70.622,2.8763,0.31229,1.595,2.3007,1.4527,0,0,1,0,0,0,0,1,0,0,0,0,1,0,0,0
0,0,0,0,0,99.264,0,0,0.73608,0,0,0,0,0,0,0,99.264,0,0,0.73608,0,0,0.73608,0,0,0,0,99.264,0,0,0,0,0,0,0,1,0,0,0,0,1,0,0,0,0,1,0,0,0
0,0,1.2803,0.32008,0.32008,87.668,1.8189,3.2224,5.3698,0,0,1.2337,0.32008,0,2.7707,1.1871,86.577,1.5454,1.0919,2.1306,2.5038,0.64017,3.816,2.139,4.1361,0.64017,1.0919,86.256,0.32008,0.32008,0,0.96025,0.32008,0,0,1,0,0,0,0,1,0,0,0,0,1,0,0,0
0,0,0,0,0,100,0,0,0,0,0,0,0,0,0,0,100,0,0,0,0,0,0,0,0,0,0,100,0,0,0,0,0,0,0,1,0,0,0,0,1,0,0,0,0,1,0,0,0
0,0,0,0,0,100,0,0,0,0,0,0,0,0,0,0,100,0,0,0,0,0,0,0,0,0,0,100,0,0,0,0,0,0,0,1,0,0,0,0,1,0,0,0,0,1,0,0,0
0,0,0,0,0,99.662,0,0,0.33763,0,0,0,0,0,0,0,99.662,0,0,0.33763,0,0,0.33763,0,0,0,0,99.662,0,0,0,0,0,0,0,1,0,0,0,0,1,0,0,0,0,1,0,0,0
0,0,0,0,0,93.093,0.37199,3.168,3.3667,0,0,0,0,0,0.74399,0,91.997,0.37199,1.0966,2.2701,2.1931,1.3275,3.3667,0.37199,1.8406,1.3275,1.0966,91.997,0,0,0,0,0,0,0,1,0,0,0,0,1,0,0,0,0,1,0,0,0
0,0,0,0,0,100,0,0,0,0,0,0,0,0,0,0,100,0,0,0,0,0,0,0,0,0,0,100,0,0,0,0,0,0,0,1,0,0,0,0,1,0,0,0,0,1,0,0,0
0,0,0,0,0,100,0,0,0,0,0,0,0,0,0,0,100,0,0,0,0,0,0,0,0,0,0,100,0,0,0,0,0,0,0,1,0,0,0,0,1,0,0,0,0,1,0,0,0
0,0.42841,0,0,0.42841,98.286,0.42841,0.42841,0,0,0,0.42841,0.42841,0.85681,0,0,98.286,0,0,0,0,0,0,0.42841,0.42841,0,0,97.858,0.42841,0.42841,0,0,0.42841,0,0,1,0,0,0,0,1,0,0,0,0,1,0,0,0
0,0,0,0,0,100,0,0,0,0,0,0,0,0,0,0,100,0,0,0,0,0,0,0,0,0,0,100,0,0,0,0,0,0,0,1,0,0,0,0,1,0,0,0,0,1,0,0,0
0,0,0,0,0,100,0,0,0,0,0,0,0,0,0,0,100,0,0,0,0,0,0,0,0,0,0,100,0,0,0,0,0,0,0,1,0,0,0,0,1,0,0,0,0,1,0,0,0
0,0,9.7041,8.2749,5.7516,47.218,4.4989,7.5932,16.959,0,0,6.8635,3.8207,1.2733,9.4211,3.1876,45.764,10.093,2.927,8.2151,3.4618,4.9729,8.1859,10.057,7.9306,2.5847,0.84989,41.006,5.708,2.8765,4.3336,11.71,4.7573,0,0,0.33333,0.28571,0.38095,0.38095,0.30952,0.30952,0,0,0,0,0.30952,0.30952,0.38095,0
0,0,13.42,0,2.6693,78.517,0,0,5.3943,0,0,7.9699,2.6693,0,8.1193,0,78.517,0,0,2.725,0,0,6.71,2.725,0,3.985,0,78.517,0,0,2.6693,5.3943,0,0,0,1,0,0,0,0.052632,0.94737,0,0,0,0,0.94737,0.052632,0,0
4.9266,6.1697,1.2945,3.5301,3.7701,63.089,3.8682,12.552,0.79986,0,0,1.6653,4.4057,0.79986,1.6325,7.2647,59.038,0.5703,0.79986,12.21,4.0324,7.5811,3.5565,10.27,6.8215,5.3922,0.83267,61.794,1.2945,4.0324,0.5703,1.403,4.0324,0,0,1,0,0,0,0,1,0,0,0,0,1,0,0,0
0.59581,2.7003,3.6836,3.0371,3.1144,77.608,2.0859,4.0186,3.1566,0,0,1.9042,1.6057,0,1.2424,2.1045,75.156,1.4241,1.5,4.0656,4.4427,6.5543,1.9142,5.6713,3.4043,2.8554,1.5,72.59,3.5172,1.4426,1.6718,2.9142,2.5186,0,0,1,0,0,0,0,1,0,0,0,0,1,0,0,0
1.2552,4.5812,0,2.2894,6.3761,60.182,11.405,9.6473,2.2266,1.0198,1.0174,6.7442,6.4311,6.2191,1.6175,4.9281,58.579,2.3129,1.0601,6.2592,1.1009,4.7476,1.015,10.857,4.4991,5.9806,3.4237,56.94,2.2274,3.4138,3.4415,3.5551,4.6463,0,0,1,0,0,0,0,1,0,0,0,0,1,0,0,0
2.1686,0,0,0,0,95.663,0,2.1686,0,0,0,0,0,0,0,0,93.494,0,0,4.3372,0,2.1686,2.1686,0,2.1686,0,0,95.663,0,0,0,0,0,0,0.043478,0.95652,0,0,0,0,1,0,0,0,0,1,0,0,0
0,0,21.58,0,0,48.733,0,0,29.687,0,0,12.12,1.3737,2.7596,5.0882,5.3381,49.301,2.7473,0.81794,4.5202,1.3737,14.56,5.3672,10.845,2.7473,3.9936,1.3737,45.986,1.3737,0,9.2215,7.8478,11.244,0,0,1,0,0,0,0,1,0,0,0,0,1,0,0,0
0,0,6.2152,0,0,64.723,0,0,29.061,0,0,7.7684,0.629,4.1938,3.0221,1.7079,66.733,0,1.7515,1.0402,0.98394,12.17,0,6.2152,0.629,0,0,64.723,0,0,9.4817,6.6832,12.267,0,0,1,0,0,0,0,1,0,0,0,0,1,0,0,0
0,0,7.9574,0,0,63.656,0,0,28.387,0,0,9.4759,0,4.5818,3.4979,1.6895,65.04,0,2.8377,1.2303,0.5065,11.14,0,7.9574,0,0,0,63.656,0,0,6.9601,5.8478,15.579,0,0,0,0.22917,0.77083,0,0,1,0,0,0,0,1,0,0,0
0,0,1.1812,0,0,88.812,0,0,10.007,0,0,2.9446,0,2.354,0,0,88.812,0,0.59062,0,0.59062,4.708,0,1.1812,0,0,0,88.812,0,0,1.1812,0.59062,8.2348,0,0,1,0,0,0,0,1,0,0,0,0,1,0,0,0
0,0,6.7291,0,0,68.164,0,0,25.107,0,0,9.199,0,4.3827,0,0.46506,68.164,0,3.8098,1.8646,1.4566,10.659,0,6.7291,0,0,0,68.164,0,0,8.6102,4.3728,12.124,0,0,1,0,0,0,0,1,0,0,0,0,1,0,0,0
0,0,3.7152,0,0,75.176,0,0,21.109,0,0,5.2925,0.70286,6.1907,0,0,75.176,0,1.8576,1.1548,0,9.6255,0,3.7152,0,0,0,75.176,0,0,3.7152,1.8576,15.536,0,0.2,0.8,0,0,0,0,1,0,0,0,0,1,0,0,0
0,0,4.8174,0,0,65.545,0,0,29.638,0,0,9.0809,1.4717,6.0297,0,0,65.545,0,2.4304,1.1444,0.937,13.361,0,4.8174,0,0,0,65.545,0,0,7.1052,4.3433,18.19,0,0,1,0,0,0,0,1,0,0,0,0,1,0,0,0
0,0,6.872,0,0,67.462,0,0,25.666,0,0,10.672,0.30527,3.4603,0,0.82254,67.462,0,2.3967,0.78579,1.8023,12.292,0,6.872,0,0,0,67.462,0,0,7.429,3.9007,14.336,0,0,0,0.15686,0.84314,0,0,1,0,0,0,0,1,0,0,0
0,0,7.0241,0,0,64.184,0,0,28.792,0,0,10.307,1.9234,6.9228,0,0,64.184,0,3.4196,0.81395,0.77473,11.654,0,7.0241,0,0,0,64.184,0,0,8.5773,5.5363,14.678,0,0,0.020408,0.12245,0.85714,0,0,1,0,0,0,0,1,0,0,0
0.44682,3.1894,0,1.2627,7.5777,56.504,14.062,9.7528,3.3267,1.8691,2.0087,11.151,6.3469,4.9802,1.7374,8.6805,52.588,3.97,0.98733,5.0077,0.81592,3.7351,3.7801,9.5004,5.9218,4.5854,5.8954,49.413,4.127,0.92144,5.8181,5.0117,5.0256,0,0,1,0,0,0,0,1,0,0,0,0,1,0,0,0
0,0,0,0,0,100,0,0,0,0,0,0,0,0,0,0,100,0,0,0,0,0,0,0,0,0,0,100,0,0,0,0,0,0,0,1,0,0,0,0,1,0,0,0,0,1,0,0,0
0,0,7.8631,0,0,67.136,0,0,25.001,0,0,9.4405,2.9477,4.52,0,0,67.136,0.96613,3.9316,0.9838,0,10.075,0,7.8631,0,0,0,67.136,0,0,7.9394,4.4413,12.62,0.015625,0.046875,0.9375,0,0,0,0,1,0,0,0,0,1,0,0,0
0,0,0,0,0,100,0,0,0,0,0,0,0,0,0,0,100,0,0,0,0,0,0,0,0,0,0,100,0,0,0,0,0,0,0,1,0,0,0,0,1,0,0,0,0,1,0,0,0
0,0,7.0457,0,0,64.54,0,0,28.414,0,0,9.7759,2.9331,5.3468,0,0,64.54,1.4031,5.6683,0.83014,0,9.5025,0,7.0457,0,0,0,64.54,0,0,8.0736,7.7922,12.548,0,0,0.021739,0.1087,0.86957,0,0,1,0,0,0,0,1,0,0,0
0,0,6.075,0,0,76.237,0,0,17.688,0,0,5.4542,2.2254,2.6823,0,0,76.237,2.0531,3.0932,0.57786,0,7.6768,0,6.075,0,0,0,76.237,0,0,5.0254,3.4733,9.1891,0,0,0,0.24638,0.75362,0,0,1,0,0,0,0,1,0,0,0
0,0,0,0,0.80867,96.689,0.56163,0,1.9411,0,0,1.1324,0.80867,1.694,0.80867,0,95.556,0,0,0,0,0,0,1.1324,0,0,0.56163,95.556,1.1324,0,0.80867,0.80867,0,0,0,1,0,0,0,0,1,0,0,0,0,1,0,0,0
0,0,0,0,0,100,0,0,0,0,0,0,0,0,0,0,100,0,0,0,0,0,0,0,0,0,0,100,0,0,0,0,0,0,0,1,0,0,0,0,1,0,0,0,0,1,0,0,0
0,0,0,0,0,100,0,0,0,0,0,0,0,0,0,0,100,0,0,0,0,0,0,0,0,0,0,100,0,0,0,0,0,0,0,1,0,0,0,0,1,0,0,0,0,1,0,0,0
0,0,9.7034,0,0,69.579,0,0,20.718,0,0,7.7501,4.1796,0,0.49811,0,72.049,3.0103,0,0,1.6674,10.845,0,5.5238,4.1796,0,0,69.579,0,0,6.9548,2.381,11.382,0,0,0,0.32787,0.67213,0,0,1,0,0,0,0,1,0,0,0
0,0,0,0,0,100,0,0,0,0,0,0,0,0,0,0,100,0,0,0,0,0,0,0,0,0,0,100,0,0,0,0,0,0,0,0,0.12727,0.87273,0,0,1,0,0,0,0,1,0,0,0
0,0,0,0,0,100,0,0,0,0,0,0,0,0,0,0,100,0,0,0,0,0,0,0,0,0,0,100,0,0,0,0,0,0,0,0,0.23438,0.76562,0,0,1,0,0,0,0,1,0,0,0
0,0,0,0,0,100,0,0,0,0,0,0,0,0,0,0,100,0,0,0,0,0,0,0,0,0,0,100,0,0,0,0,0,0,0,0.016393,0.14754,0.83607,0,0,1,0,0,0,0,1,0,0,0
0,0,0,0,0,100,0,0,0,0,0,0,0,0,0,0,100,0,0,0,0,0,0,0,0,0,0,100,0,0,0,0,0,0,0,1,0,0,0,0,1,0,0,0,0,1,0,0,0
0,0,0,0,0,100,0,0,0,0,0,0,0,0,0,0,100,0,0,0,0,0,0,0,0,0,0,100,0,0,0,0,0,0,0,1,0,0,0,0,1,0,0,0,0,1,0,0,0
0,0,0,0,0,100,0,0,0,0,0,0,0,0,0,0,100,0,0,0,0,0,0,0,0,0,0,100,0,0,0,0,0,0,0,0.31579,0.26316,0.42105,0,0,1,0,0,0,0,1,0,0,0
0,0,3.2809,0,0,93.538,0,0,3.1806,0,0,0,2.4423,0,0,0,96.769,0,0,0,0.78843,0,0,3.2809,0,0,0,93.538,0,0,2.3922,0.78843,0,0,0,0.031746,0.31746,0.65079,0,0,1,0,0,0,0,1,0,0,0
0.53586,3.4815,30.999,0,0,45.949,0,0,18.498,0.53586,0,7.3175,6.7979,0.8856,1.8441,1.8992,49.484,14.948,6.1581,0.591,0.591,9.4835,4.5157,19.037,2.2537,4.0174,4.2792,41.079,1.1269,0,5.9767,1.0717,16.643,0,0,0,0,1,0,0,1,0,0,0,0,0.028571,0,0.97143,1
0,6.2085,26.222,0,0,45.368,0,0,22.201,0,0,12.109,2.0041,4.1984,1.156,2.0041,48.492,14.78,3.8327,0.84813,5.0465,5.529,8.5144,11.731,1.6963,6.2085,3.1601,41.36,0.84813,0,3.5249,4.1984,18.758,0,0,0,0,1,0,0,1,0,0,0,0,0,0,1,1
0,0,6.3573,0,0,68.392,0,0,25.251,0,0,8.8107,3.3917,0,0,4.1669,68.8,0,3.035,3.0505,0.40819,8.337,0,5.1972,1.16,0,0,68.392,0,0,3.7308,12.384,9.1361,0,0,0.038462,0.11538,0.84615,0,0,1,0,0,0,0,1,0,0,0
0,0,0,0,0,100,0,0,0,0,0,0,0,0,0,0,100,0,0,0,0,0,0,0,0,0,0,100,0,0,0,0,0,0,0,0,0.23333,0.76667,0,0,1,0,0,0,0,1,0,0,0
