h1,h2,h3,h4,h5,h6,h7,h8,h9,h10,h11,h12,h13,h14,h15,h16,h17,h18,h19,h20,h21,h22,h23,h24,h25,h26,h27,h28,h29,h30,h31,h32,h33,h34,h35,h36,h37,h38,h39,h40,h41,h42,h43,h44,h45,h46,h47,h48,label
0,0,0,0,0,100,0,0,0,0,0,0,0,0,0,0,100,0,0,0,0,0,0,0,0,0,0,100,0,0,0,0,0,0,0,1,0,0,0,0,1,0,0,0,0,1,0,0,0
0,0,0,0,0,100,0,0,0,0,0,0,0,0,0,0,100,0,0,0,0,0,0,0,0,0,0,100,0,0,0,0,0,0,0,1,0,0,0,0,1,0,0,0,0,1,0,0,0
0,0,0,0,0,100,0,0,0,0,0,0,0,0,0,0,100,0,0,0,0,0,0,0,0,0,0,100,0,0,0,0,0,0,0,1,0,0,0,0,1,0,0,0,0,1,0,0,0
0,0,0,0,0,100,0,0,0,0,0,0,0,0,0,0,100,0,0,0,0,0,0,0,0,0,0,100,0,0,0,0,0,0,0,1,0,0,0,0,1,0,0,0,0,1,0,0,0
0,0,0,0,0,100,0,0,0,0,0,0,0,0,0,0,100,0,0,0,0,0,0,0,0,0,0,100,0,0,0,0,0,0,0,1,0,0,0,0,1,0,0,0,0,1,0,0,0
0,0,0,0,0,100,0,0,0,0,0,0,0,0,0,0,100,0,0,0,0,0,0,0,0,0,0,100,0,0,0,0,0,0,0,1,0,0,0,0,1,0,0,0,0,1,0,0,0
0,0,0,0.32433,0,97.852,0,1.2631,0.28029,0.28029,0,1.5874,0.32433,0,0.28029,0,97.528,0.28029,0,0,0,0,0,0.88491,0.98282,0.60462,0,97.528,0,0,0,0,0,0,0,1,0,0,0,0,1,0,0,0,0,1,0,0,0
0,0,0.25555,0.86012,0.25555,97.012,0.25555,1.1059,0.25555,0,0,2.4771,1.1157,0,0.25555,0,95.641,0.25555,0,0,0.25555,0,0.76664,1.3712,1.1059,1.1157,0,95.641,0,0,0,0,0,0,0,1,0,0,0,0,1,0,0,0,0,1,0,0,0
0,0,0,0,0,100,0,0,0,0,0,0,0,0,0,0,100,0,0,0,0,0,0,0,0,0,0,100,0,0,0,0,0,0,0,1,0,0,0,0,1,0,0,0,0,1,0,0,0
0,0,0,0,0,100,0,0,0,0,0,0,0,0,0,0,100,0,0,0,0,0,0,0,0,0,0,100,0,0,0,0,0,0,0,1,0,0,0,0,1,0,0,0,0,1,0,0,0
0,0,0,0.3995,0,99.601,0,0,0,0,0,0.3995,0.3995,0,0,0,99.201,0,0,0,0,0,0,0.3995,0,0.3995,0,99.201,0,0,0,0,0,0,0,1,0,0,0,0,1,0,0,0,0,1,0,0,0
0,0,0,0,0,99.426,0,0,0.57378,0,0,0.57378,0,0,0,0,99.426,0,0,0,0,0,0,0,0,0.57378,0,99.426,0,0,0,0,0,0,0,1,0,0,0,0,1,0,0,0,0,1,0,0,0
0,0,0,0,0,100,0,0,0,0,0,0,0,0,0,0,100,0,0,0,0,0,0,0,0,0,0,100,0,0,0,0,0,0,0,1,0,0,0,0,1,0,0,0,0,1,0,0,0
0,0,0,0,0,100,0,0,0,0,0,0,0,0,0,0,100,0,0,0,0,0,0,0,0,0,0,100,0,0,0,0,0,0,0,1,0,0,0,0,1,0,0,0,0,1,0,0,0
0,0,0,0,0,100,0,0,0,0,0,0,0,0,0,0,100,0,0,0,0,0,0,0,0,0,0,100,0,0,0,0,0,0,0,1,0,0,0,0,1,0,0,0,0,1,0,0,0
0,0,0,0,0,100,0,0,0,0,0,0,0,0,0,0,100,0,0,0,0,0,0,0,0,0,0,100,0,0,0,0,0,0,0,1,0,0,0,0,1,0,0,0,0,1,0,0,0
0,0,0,0,0,100,0,0,0,0,0,0,0,0,0,0,100,0,0,0,0,0,0,0,0,0,0,100,0,0,0,0,0,0,0,1,0,0,0,0,1,0,0,0,0,1,0,0,0
0,0,0,0,0,100,0,0,0,0,0,0,0,0,0,0,100,0,0,0,0,0,0,0,0,0,0,100,0,0,0,0,0,0,0,1,0,0,0,0,1,0,0,0,0,1,0,0,0
0,0,0,0,0,100,0,0,0,0,0,0,0,0,0,0,100,0,0,0,0,0,0,0,0,0,0,100,0,0,0,0,0,0,0,1,0,0,0,0,1,0,0,0,0,1,0,0,0
0,0,0,0,0,100,0,0,0,0,0,0,0,0,0,0,100,0,0,0,0,0,0,0,0,0,0,100,0,0,0,0,0,0,0,1,0,0,0,0,1,0,0,0,0,1,0,0,0
0,0,0,0,0,100,0,0,0,0,0,0,0,0,0,0,100,0,0,0,0,0,0,0,0,0,0,100,0,0,0,0,0,0,0,1,0,0,0,0,1,0,0,0,0,1,0,0,0
0,0,0,0,0,100,0,0,0,0,0,0,0,0,0,0,100,0,0,0,0,0,0,0,0,0,0,100,0,0,0,0,0,0,0,1,0,0,0,0,1,0,0,0,0,1,0,0,0
0,0,0,0,0,99.507,0,0,0.49335,0,0,0.49335,0,0,0,0,99.507,0,0,0,0,0,0,0,0,0.49335,0,99.507,0,0,0,0,0,0,0,1,0,0,0,0,1,0,0,0,0,1,0,0,0
0,0,0,0,0,100,0,0,0,0,0,0,0,0,0,0,100,0,0,0,0,0,0,0,0,0,0,100,0,0,0,0,0,0,0,1,0,0,0,0,1,0,0,0,0,1,0,0,0
0,0,0,0,0,100,0,0,0,0,0,0,0,0,0,0,100,0,0,0,0,0,0,0,0,0,0,100,0,0,0,0,0,0,0,1,0,0,0,0,1,0,0,0,0,1,0,0,0
0,0,0,0,0,100,0,0,0,0,0,0,0,0,0,0,100,0,0,0,0,0,0,0,0,0,0,100,0,0,0,0,0,0,0,1,0,0,0,0,1,0,0,0,0,1,0,0,0
0,0,0,0,0,100,0,0,0,0,0,0,0,0,0,0,100,0,0,0,0,0,0,0,0,0,0,100,0,0,0,0,0,0,0,1,0,0,0,0,1,0,0,0,0,1,0,0,0
0,0,0,0,0,100,0,0,0,0,0,0,0,0,0,0,100,0,0,0,0,0,0,0,0,0,0,100,0,0,0,0,0,0,0,1,0,0,0,0,1,0,0,0,0,1,0,0,0
0,0,0,0,0,100,0,0,0,0,0,0,0,0,0,0,100,0,0,0,0,0,0,0,0,0,0,100,0,0,0,0,0,0,0,1,0,0,0,0,1,0,0,0,0,1,0,0,0
0,0,0,0,0,98.212,0,0.42018,0.94758,0.42018,0,0.68388,0,0,0.42018,0,98.212,0.42018,0,0.2637,0,0,0,1.3678,0,0.42018,0,98.212,0,0,0,0,0,0,0,1,0,0,0,0,1,0,0,0,0,1,0,0,0
0,0,0,0,0,100,0,0,0,0,0,0,0,0,0,0,100,0,0,0,0,0,0,0,0,0,0,100,0,0,0,0,0,0,0,1,0,0,0,0,1,0,0,0,0,1,0,0,0
0,0,0,0,0,95.621,0,0.83888,2.7017,0.83888,0,1.7703,0,0,0.83888,0,95.621,0.83888,0,0.93139,0,0,0,3.5405,0,0.83888,0,95.621,0,0,0,0,0,0,0,1,0,0,0,0,1,0,0,0,0,1,0,0,0
0,0,0,0,0,97.895,0,0.34588,1.7594,0,0,0.65358,0,0.45227,0,0.45227,97.788,0,0,0.3077,0,0.34588,0.79815,0.61541,0.34588,0.34588,0.45227,97.442,0,0,0,0,0,0,0,1,0,0,0,0,1,0,0,0,0,1,0,0,0
0,0,0,0,0,93.076,0.53256,1.0315,4.5151,0.57836,0.26628,2.0717,0.26628,0.41744,0.31207,0.68372,93.112,0.31207,0,1.3065,0.26628,1.252,2.202,3.2371,0.71944,1.0315,0.41744,92.392,0,0,0,0,0,0,0,1,0,0,0,0,1,0,0,0,0,1,0,0,0
0,0,0,0,0,97.778,0,0.36123,1.8606,0,0,0.36123,0,1.1381,0,1.1381,97.001,0,0,0,0,0.36123,1.4993,0,0.36123,0.36123,1.639,96.139,0,0,0,0,0,0,0,1,0,0,0,0,1,0,0,0,0,1,0,0,0
0,0.22528,0.61817,0.45056,0.84345,87.571,0.45056,4.7322,5.1086,0,0,2.6893,1.1851,0.53794,0.31265,2.7413,86.5,2.8863,0,0.39289,0.53794,2.2162,4.6738,0.70554,4.0195,1.453,3.4898,83.543,0.76322,0.22528,0.22528,0.45056,0.45056,0,0,1,0,0,0,0,1,0,0,0,0,1,0,0,0
0,0,0,0,0,98.859,0,0,1.1412,0,0,0,0,0.5854,0,0.5854,97.718,1.1117,0,0,0,0,1.1412,0,0,0,2.7682,96.091,0,0,0,0,0,0,0,1,0,0,0,0,1,0,0,0,0,1,0,0,0
0,0,0,0,0,91.455,0.62362,3.2856,4.6354,0,0,0,0.96346,1.2589,0.50257,3.2275,84.917,6.8306,0,0,0.50257,1.7973,5.5931,1.1737,1.466,0.31181,6.1848,84.768,0.50257,0,0,0,0,0,0,1,0,0,0,0,1,0,0,0,0,1,0,0,0
0,0,0,0,0,100,0,0,0,0,0,0,0,0,0,0,100,0,0,0,0,0,0,0,0,0,0,100,0,0,0,0,0,0,0,1,0,0,0,0,1,0,0,0,0,1,0,0,0
0,0,0,0,0,97.584,0,0,2.4157,0,0,0,0,0,0,0,95.169,3.3041,0,0,0,1.5274,0.88834,1.5274,0,0,2.9208,94.664,0,0,0,0,0,0,0,1,0,0,0,0,1,0,0,0,0,1,0,0,0
0,0.64173,3.0652,3.8093,4.1125,67.548,1.9603,11.846,7.0165,0,0,5.8387,0.81128,3.9781,1.7032,7.1566,59.427,9.4871,0.40564,1.2065,2.6879,7.2984,9.0771,3.7792,7.0399,2.8236,9.6421,55.218,4.4838,1.0474,0.98464,3.1862,2.7178,0,0,1,0,0,0,0,1,0,0,0,0,1,0,0,0
0,0,0,0,0,100,0,0,0,0,0,0,0,0,0,0,100,0,0,0,0,0,0,0,0,0,0,100,0,0,0,0,0,0,0,1,0,0,0,0,1,0,0,0,0,1,0,0,0
0,0,0,0,0,98.597,0,0,1.4032,0,0,0,0,0,0,0,97.194,2.3043,0,0,0,0.50208,0.90111,0.50208,0,0,2.756,95.841,0,0,0,0,0,0,0,1,0,0,0,0,1,0,0,0,0,1,0,0,0
0,0,0,0,0,100,0,0,0,0,0,0,0,0,0,0,100,0,0,0,0,0,0,0,0,0,0,100,0,0,0,0,0,0,0,1,0,0,0,0,1,0,0,0,0,1,0,0,0
0,0,0.32064,0,0.32064,94.421,0.32064,1.8424,1.8286,0.94569,0,2.7648,0.32064,0,1.2663,0,93.78,1.2663,0,0.28112,0.32064,0,0.96191,3.0949,0.89668,1.2663,0,93.78,0,0,0,0,0,0,0,1,0,0,0,0,1,0,0,0,0,1,0,0,0
0,0,1.1737,2.3934,1.4638,89.202,1.1737,1.3333,2.507,0.75315,0,4.6238,2.1169,0,1.9269,0,87.362,1.9269,0,0.29006,1.1737,0.58012,2.941,5.9571,0.29006,3.4501,0,85.911,0,0.58012,0.58012,0.29006,0,0,0,1,0,0,0,0,1,0,0,0,0,1,0,0,0
0,0.32589,3.2114,3.8709,3.5385,75.71,3.3249,2.1898,6.4111,0.87148,0.54559,6.6551,2.626,0,1.9078,0.54559,78.08,2.8855,0,2.0697,2.4534,2.7767,7.1298,10.601,2.2566,3.0461,0,71.502,0,2.5416,1.3597,1.5626,0,0,0,1,0,0,0,0,1,0,0,0,0,1,0,0,0
1.0901,2.074,12.294,13.13,11.238,31.366,7.0322,4.3106,8.0875,7.986,1.391,7.125,6.5521,0.80009,3.2828,3.1142,56.025,8.7996,0,2.7357,6.5843,4.9811,16.083,20.014,5.6787,5.8446,0,21.827,0,9.4858,11.637,8.2347,1.1958,0,0,0,0,1,0,0,1,0,0,0,0,0,0,1,1
0,0,0,1.441,0,98.15,0,0.40928,0,0,0,1.8503,1.441,0,0,0,96.709,0,0,0,0,0,0,1.441,0.40928,1.441,0,96.709,0,0,0,0,0,0,0,1,0,0,0,0,1,0,0,0,0,1,0,0,0
0.45589,0,0,0,0,96.509,0.45589,0.45589,2.1238,0,0,2.5797,0.45589,0.45589,0,0,96.053,0,0,0,0.45589,0,0.45589,0.91177,0.45589,2.1238,0,96.053,0,0,0,0,0,0,0,1,0,0,0,0,1,0,0,0,0,1,0,0,0
0.35329,0.96841,6.1369,9.2391,5.464,55.589,4.0212,5.5525,7.5948,4.3776,0.70284,8.3314,3.9079,0.23876,2.8231,1.9003,66.631,4.8492,0,2.4949,3.9393,4.8839,8.823,14.766,4.3648,5.464,0,49.972,0,5.0588,6.4351,4.4003,0.71629,0,0,0.96923,0.030769,0,0,0,1,0,0,0,0,0.95385,0.046154,0,0
0.95465,0,3.6906,3.1666,4.2958,60.448,7.1845,6.7265,8.5836,2.5366,2.4136,5.1093,5.4674,0.83303,0,1.2152,69.898,2.2274,0,1.3789,7.8659,6.0047,16.737,4.3179,4.8416,3.4212,0,57.61,0,3.8934,4.691,4.0637,0.42424,0,0.092593,0.90741,0,0,0,0,0.92593,0.074074,0,0.018519,0.055556,0.92593,0,0,0
1.4237,2.4683,13.564,9.0824,6.3582,37.758,4.457,5.3353,13.864,5.1373,0.55155,13.209,4.3262,0.70424,2.5467,1.4965,53.372,7.9325,0,4.0837,4.7929,7.5365,12.188,17.073,9.4385,7.9763,0,33.331,0,4.76,7.3119,6.6358,1.2854,0,0,1,0,0,0,0,1,0,0,0,0,0.9878,0.012195,0,0
1.5659,2.2728,11.649,12.037,7.7486,31.138,7.3627,6.7787,8.6872,8.6481,2.1116,9.0279,4.8741,1.6666,3.3077,4.374,49.116,5.0523,0,6.036,7.9554,8.5899,16.144,18.957,6.5502,6.1711,0,23.508,0.30851,5.8923,12.162,6.8207,3.4864,0,0,0,0.25,0.75,0,0,1,0,0,0,0,0,0.15385,0.84615,1
0.97749,2.5072,9.1173,6.5792,4.568,44.035,4.6015,11.205,13.273,2.4552,0.68077,8.8063,4.1617,3.3965,1.4914,5.9407,47.864,8.8523,0.32829,2.7894,5.7087,10.661,15.918,6.3751,11.536,3.8746,4.5466,35.174,4.8942,2.0016,3.4996,7.0065,5.1741,0,0,0.89286,0.089286,0.017857,0.017857,0.10714,0.875,0,0,0,0,0.875,0.10714,0.017857,0
0.39023,0.78795,10.084,14.331,8.3772,41.034,1.6752,13.84,7.4958,1.4119,0.57292,7.592,6.007,3.5362,3.8869,7.8271,40.218,11.034,0.90754,4.0336,5.3627,9.5948,12.791,6.6587,7.8752,3.8933,5.9192,30.01,7.0632,2.2904,3.6652,11.615,8.2189,0,0,0,0,1,1,0,0,0,0,0,0,0,0,1,1
3.9228,1.5065,13.174,15.991,8.8296,21.586,6.4828,5.6736,9.1358,10.205,3.4935,8.9016,5.5655,2.2118,2.0254,4.0564,46.96,9.4969,0,6.7341,7.1077,6.9402,15.081,18.577,7.2872,7.3472,0,13.556,1.6022,6.0676,16.417,11.85,2.2154,0,0,0.08,0.32,0.6,0,0,1,0,0,0,0,0.04,0.34,0.62,1
1.6462,1.3211,4.6851,3.4967,12.414,30.819,13.241,16.468,4.8923,7.6601,3.3565,5.0505,7.1218,3.8422,0.51365,5.0325,49.118,5.79,0,2.1822,13.772,7.5773,25.595,12.941,6.8515,1.4085,0,23.755,0,10.059,10.67,5.802,2.9177,0,1,0,0,0,0,0,0,1,0,1,0,0,0,0,1
2.0859,3.7271,14.358,8.2575,5.4027,27.669,7.1507,7.6264,12.194,9.313,2.2153,13.2,4.1955,3.0527,1.8702,4.255,43.363,8.1001,0,5.3708,4.57,12.023,14.152,17.976,13.098,7.4846,0,23.869,0.86794,2.9982,8.5563,6.8281,4.1695,0,0,0.95385,0.015385,0.030769,0.030769,0.061538,0.90769,0,0,0,0,0.90769,0.061538,0.030769,0
0.61168,0,0,0,0,96.646,0.61168,0.61168,1.5188,0,0,2.1305,0.61168,0.61168,0,0,96.035,0,0,0,0.61168,0,0.61168,1.2234,0.61168,1.5188,0,96.035,0,0,0,0,0,0,0,1,0,0,0,0,1,0,0,0,0,1,0,0,0
0,0,0,0,0,100,0,0,0,0,0,0,0,0,0,0,100,0,0,0,0,0,0,0,0,0,0,100,0,0,0,0,0,0,0,1,0,0,0,0,1,0,0,0,0,1,0,0,0
2.3139,0,0,0,0,88.369,3.494,2.9039,2.3296,0,0.59001,4.0535,3.494,2.3139,0,0,86.055,0,0,0,3.494,0.59001,5.264,4.6279,2.9039,1.7395,0,85.465,0,0,0,0,0,0,0.069444,0.93056,0,0,0,0,1,0,0,0,0.041667,0.95833,0,0,0
0,0,0,0,0,100,0,0,0,0,0,0,0,0,0,0,100,0,0,0,0,0,0,0,0,0,0,100,0,0,0,0,0,0,0.057971,0.94203,0,0,0,0,0.95652,0.043478,0,0.014493,0.028986,0.95652,0,0,0
0,0,0,0,0,100,0,0,0,0,0,0,0,0,0,0,100,0,0,0,0,0,0,0,0,0,0,100,0,0,0,0,0,0,0,1,0,0,0,0,1,0,0,0,0,1,0,0,0
0,0,0,0,0,100,0,0,0,0,0,0,0,0,0,0,100,0,0,0,0,0,0,0,0,0,0,100,0,0,0,0,0,0,0,1,0,0,0,0,1,0,0,0,0,1,0,0,0
0,0,0,0,0,100,0,0,0,0,0,0,0,0,0,0,100,0,0,0,0,0,0,0,0,0,0,100,0,0,0,0,0,0,0,1,0,0,0,0,1,0,0,0,0,1,0,0,0
0,0,0,0,0,100,0,0,0,0,0,0,0,0,0,0,100,0,0,0,0,0,0,0,0,0,0,100,0,0,0,0,0,0,0,1,0,0,0,0,1,0,0,0,0,1,0,0,0
3.4443,2.056,4.9154,3.6041,5.4428,32.507,7.7434,20.486,9.4694,7.6663,2.665,9.9364,7.2523,3.2502,0.79379,3.094,49.005,4.4042,0,3.472,8.1284,10.663,17.891,12.76,11.929,3.098,0,27.608,0,4.8821,10.946,8.2552,2.6309,0,0.020833,0.95833,0.020833,0,0,0.10417,0.875,0.020833,0,0.020833,0,0.875,0.10417,0,0
2.2449,0.47661,0,0,0,93.604,0.47661,2.7215,0.47661,0,0,2.7215,2.2449,0.47661,0,0,93.604,0,0,0.95322,0,0,0.47661,2.7215,2.2449,0,0,93.127,0,0,0,0.47661,0.95322,0,0,1,0,0,0,0,1,0,0,0,0,1,0,0,0
3.6741,3.7181,5.3843,4.9865,8.8214,31.146,9.8936,10.457,8.9207,8.5054,4.4928,4.6894,7.5574,3.5815,1.6891,4.0807,48.108,8.0988,0,4.3475,11.143,6.7046,22.585,12.269,5.9715,1.6378,0,24.41,0,9.3112,10.551,9.4439,3.8205,0,1,0,0,0,0,0,0,0.77465,0.22535,1,0,0,0,0,1
1.8775,1.9438,0,0,1.3674,90.909,0.57641,2.454,0.87223,0,0,3.8213,1.8775,0.57641,1.3674,0,90.613,0.29583,0,1.1528,0,0.29583,0.57641,3.8213,1.8775,1.3674,0,90.037,0,0,0.29583,0.87223,1.1528,0,0,1,0,0,0,0,1,0,0,0,0,1,0,0,0
0,0,0,0,0,100,0,0,0,0,0,0,0,0,0,0,100,0,0,0,0,0,0,0,0,0,0,100,0,0,0,0,0,0,0,1,0,0,0,0,1,0,0,0,0,1,0,0,0
0,0,0,0,0,98.846,0,0,1.1542,0,0,0,0,0,0,0,98.846,0,0,0,0,1.1542,0,0,0,0,0,98.846,0,0,0,0,1.1542,0,0,1,0,0,0,0,1,0,0,0,0,1,0,0,0
0,0.40588,0,0,0.40588,99.188,0,0,0,0,0,0,0,0,0,0,99.188,0,0,0,0.40588,0.40588,0,0,0.40588,0,0.40588,99.188,0,0,0,0,0,0,0,1,0,0,0,0,1,0,0,0,0,1,0,0,0
0,0,0,0,0,100,0,0,0,0,0,0,0,0,0,0,100,0,0,0,0,0,0,0,0,0,0,100,0,0,0,0,0,0,0,1,0,0,0,0,1,0,0,0,0,1,0,0,0
0,0.91999,5.5916,8.5494,9.0732,50.348,4.3257,10.231,10.961,0,0,6.0784,4.6217,2.8399,0.8178,3.4206,55.778,10.322,1.2425,1.3837,1.6762,11.819,10.29,5.6197,9.1292,3.7514,3.1221,44.535,6.4742,3.0419,1.7378,7.2032,5.0962,0,0,0.85185,0.11111,0.037037,0.037037,0.12963,0.83333,0,0,0,0,0.83333,0.12963,0.037037,0
0,0.86537,4.0117,16.793,7.1471,48.646,4.7937,12.96,4.3331,0,0.45026,4.1626,3.9604,2.8234,3.7427,7.8602,42.121,15.466,0.41002,3.5902,5.2356,10.628,11.744,2.7067,6.4632,2.4816,7.527,33.476,8.3091,3.534,4.2018,10.106,9.4497,0,0,0,0,1,1,0,0,0,0,0,0,0,0,1,1
0,0,0.84717,1.1103,1.1296,89.827,1.8677,2.9629,2.2552,0,0,0.28239,0.56478,0.64844,0.36606,1.0982,85.507,6.3245,0.28239,0,0.36606,4.5604,3.3564,2.1471,1.4764,1.2163,3.6454,85.27,1.4764,0.28239,0,0.84717,0.28239,0,0,1,0,0,0,0,1,0,0,0,0,1,0,0,0
0,0.30391,3.1065,6.2764,5.6473,69.192,1.0421,8.1824,6.2492,0,0,1.8459,3.0897,2.3919,1.5881,4.1181,62.335,13.567,0.93419,0.43425,1.4577,8.2381,6.7859,4.8289,6.6539,1.2381,8.2811,56.55,6.1275,2.1066,0.73816,4.2789,2.4105,0,0,0.98333,0,0.016667,0.016667,0,0.98333,0,0,0,0,0.98333,0,0.016667,0
0,0,0.70416,3.5189,0,94.485,0.86135,0.43067,0,0,0,0,0,0,0,0.70416,90.535,3.2455,0.70416,0.70416,0.70416,3.4027,1.1348,0.43067,2.1106,0.43067,0,90.262,3.5189,0,0,1.4083,0.70416,0,0,1,0,0,0,0,1,0,0,0,0,1,0,0,0
0,0,0,0,0,100,0,0,0,0,0,0,0,0,0,0,97.805,2.1955,0,0,0,0,2.1955,0,0,0,0,97.805,0,0,0,0,0,0,0,1,0,0,0,0,1,0,0,0,0,1,0,0,0
0,0,0,1.4426,0,98.557,0,0,0,0,0,0,0,0,0,0,95.112,3.4456,0,0,0,1.4426,2.003,0,1.4426,0,0,95.112,1.4426,0,0,0,0,0,0,1,0,0,0,0,1,0,0,0,0,1,0,0,0
0,0,0,0,0,100,0,0,0,0,0,0,0,0,0,0,99.059,0.94139,0,0,0,0,0.94139,0,0,0,0,99.059,0,0,0,0,0,0,0,1,0,0,0,0,1,0,0,0,0,1,0,0,0
0,0,0,0,0,98.719,0,0,1.281,0,0,0,0,0,0,0,97.438,1.281,0,0,0,1.281,0,1.281,0,0,1.281,97.438,0,0,0,0,0,0,0,1,0,0,0,0,1,0,0,0,0,1,0,0,0
0,0,0,0,0,99.545,0,0,0.45475,0,0,0,0,0,0,0,99.09,0.45475,0,0,0,0.45475,0,0.45475,0,0,0.45475,99.09,0,0,0,0,0,0,0,1,0,0,0,0,1,0,0,0,0,1,0,0,0
0,0,0,0,0,100,0,0,0,0,0,0,0,0,0,0,100,0,0,0,0,0,0,0,0,0,0,100,0,0,0,0,0,0,0,1,0,0,0,0,1,0,0,0,0,1,0,0,0
0,0,0,0,0,100,0,0,0,0,0,0,0,0,0,0,100,0,0,0,0,0,0,0,0,0,0,100,0,0,0,0,0,0,0,1,0,0,0,0,1,0,0,0,0,1,0,0,0
0,0,0,0,0,100,0,0,0,0,0,0,0,0,0,0,100,0,0,0,0,0,0,0,0,0,0,100,0,0,0,0,0,0,0,1,0,0,0,0,1,0,0,0,0,1,0,0,0
0,0,0,0,0,100,0,0,0,0,0,0,0,0,0,0,100,0,0,0,0,0,0,0,0,0,0,100,0,0,0,0,0,0,0,1,0,0,0,0,1,0,0,0,0,1,0,0,0
0,0,0,0,0,100,0,0,0,0,0,0,0,0,0,0,100,0,0,0,0,0,0,0,0,0,0,100,0,0,0,0,0,0,0,1,0,0,0,0,1,0,0,0,0,1,0,0,0
0,0,0,0,0,100,0,0,0,0,0,0,0,0,0,0,100,0,0,0,0,0,0,0,0,0,0,100,0,0,0,0,0,0,0,1,0,0,0,0,1,0,0,0,0,1,0,0,0
0.42919,2.3292,0,0,1.9423,93.376,0.38687,0.81606,0.72044,0,0,2.7584,0.42919,0.38687,1.9423,0,93.042,0.33357,0,0.77374,0,0.33357,0.38687,2.7584,0.42919,1.9423,0,92.656,0,0,0.33357,0.72044,0.77374,0,0,1,0,0,0,0,1,0,0,0,0,1,0,0,0
0.42421,1.2366,0.29591,0,1.2366,95.42,0,0.42421,0.9627,0,0,1.0435,0.42421,0.29591,0.61934,0,94.161,0.9627,0,0.59182,0.32138,1.58,0,1.0435,1.3374,0.61934,0.32138,94.161,0,0.29591,0.9627,0.9627,0.29591,0,0,1,0,0,0,0,1,0,0,0,0,1,0,0,0
0,1.6988,0.57017,0,1.1345,95.734,0.56434,0,0.29859,0,0,0.56434,0.56434,0.57017,0,0,94.3,1.4273,0,1.1403,0,1.4331,0,0,2.269,0,0,94.3,0,0.57017,0.86293,0.86293,1.1345,0,0,1,0,0,0,0,1,0,0,0,0,1,0,0,0
1.5592,5.3044,1.9969,0.59826,5.5905,66.911,7.6432,4.5877,2.612,2.4263,0.77007,3.5822,3.4134,4.311,3.5361,2.7113,57.735,6.3227,1.008,5.9486,2.047,9.3843,3.2362,4.6613,9.863,6.0509,3.5372,57.493,0.39075,0.66636,5.0658,3.9907,5.0446,0,0,1,0,0,0,0,1,0,0,0,0,1,0,0,0
0.76284,1.5947,1.9504,0.25742,1.651,82.199,4.2862,2.3304,1.5829,1.7078,1.6773,0.77225,0.92196,1.8521,1.0717,2.321,77.074,2.2474,0.76284,3.8304,1.5581,7.5878,2.8264,3.0838,5.8869,3.6311,1.5351,77.837,0,0.3733,1.5829,1.8403,1.403,0,0,1,0,0,0,0,1,0,0,0,0,1,0,0,0
0,0.83468,0,0,0.83468,94.425,0.99905,0.49952,0,0.49952,1.9076,0,0,0,0,0.49952,94.425,0,0,0.49952,1.3342,3.2418,0.49952,0.49952,2.7423,0.99905,0.83468,94.425,0,0,0,0,0,0,0,1,0,0,0,0,1,0,0,0,0,1,0,0,0
1.9493,3.3781,1.1158,3.5174,13.338,38.842,14.422,10.267,2.7632,9.5437,0.86417,4.2639,3.9932,5.3411,6.2426,13.93,25.093,7.6928,3.7837,10.87,5.5687,13.221,9.1009,7.6731,7.1148,9.2719,5.4436,21.395,4.0142,5.8435,6.4009,11.19,12.552,0,0,1,0,0,0,0,0,0.68293,0.31707,0,0,0,1,0,1
0.55032,2.2973,1.3439,0,1.6572,79.844,6.3746,2.7137,1.7117,3.1105,0.3968,0,0.3968,1.1904,2.1085,3.2641,78.193,0.7936,0.55032,3.8144,3.8206,5.8684,3.8144,3.8144,4.4348,5.4275,1.6572,78.743,0,0,0.3968,0.3968,1.3149,0,0,1,0,0,0,0,0.96,0.04,0,0,0,1,0,0,0
0,2.6596,0,0,1.8938,93.553,0.7658,1.128,0,0,0,3.0218,0.7658,0,2.256,0,91.659,1.5316,0,0,0,0.7658,0,0,3.7876,0,0,90.531,0,0,3.0218,0.7658,1.8938,0,0,1,0,0,0,0,1,0,0,0,0,1,0,0,0
2.308,4.9581,1.6235,4.185,7.6553,35.98,17.514,13.248,5.5703,5.6242,1.3333,9.0686,7.7365,7.1033,6.7937,9.2695,25.81,8.1172,1.5848,8.0073,3.5927,12.916,5.2333,9.2576,12.337,11.91,7.299,20.878,1.4769,4.9346,4.6533,13.166,8.855,0,0.021277,0.97872,0,0,0,0,0.70213,0.10638,0.19149,0,0,0.70213,0.29787,0,0
0.39912,1.6317,0,0,1.3277,93.856,1.0327,1.7522,0,0,0,3.479,1.1023,0.39912,2.4463,0.32955,91.331,0.60816,0,0,0,0.30408,0.39912,0.79824,2.9849,0,0.39912,90.308,0.39912,0.32955,2.3512,0.7032,1.3277,0,0,1,0,0,0,0,1,0,0,0,0,1,0,0,0
0.67369,2.6443,0,2.4858,6.4271,45.573,17.735,14.341,6.1436,2.6212,1.355,9.0397,5.2109,7.3061,6.5391,7.2968,40.468,6.5997,1.5886,6.8009,2.3908,6.7595,4.3871,4.5732,11.266,9.1367,5.2403,35.463,0.59711,5.0938,4.9213,11.724,7.5979,0,0,1,0,0,0,0,0.9863,0,0.013699,0,0,0.9863,0.013699,0,0
2.6025,7.8498,4.0629,2.1478,10.141,34.029,16.783,7.6418,4.5301,8.2125,1.999,2.1123,4.1464,12.253,8.1927,8.4532,28.612,7.4986,2.16,13.207,3.4934,9.8716,7.638,9.6501,17.476,9.7684,3.185,24.127,2.5015,5.2144,6.5082,7.5285,6.403,0,0,1,0,0,0,0,0,0,1,0,0,0,1,0,1
0.57966,6.0601,2.7587,2.3566,8.0361,46.472,13.092,9.3131,3.7859,5.8121,1.7331,4.2014,4.367,8.3921,5.4011,6.4725,37.36,7.1317,0.57712,9.295,4.8203,11.982,4.1592,5.9047,13.363,11.994,4.9697,34.792,1.3735,3.0338,4.9794,6.88,8.55,0,0,1,0,0,0,0,1,0,0,0,0,1,0,0,0
3.1025,4.7606,0.65109,3.2572,11.561,36.055,13.683,12.723,5.4551,7.1291,1.6216,7.2576,7.7706,11.626,8.5259,8.9338,28.587,8.0505,2.4367,8.4608,3.3608,4.9898,7.8224,10.679,13.391,8.0049,3.9646,21.307,3.0495,7.2713,6.4573,9.4346,8.6188,0,0,1,0,0,0,0,0,0,1,0,0,0,1,0,1
0,0,0,0,0,100,0,0,0,0,0,0,0,0,0,0,100,0,0,0,0,0,0,0,0,0,0,100,0,0,0,0,0,0,0,1,0,0,0,0,1,0,0,0,0,1,0,0,0
0,0,0,0,0,100,0,0,0,0,0,0,0,0,0,0,100,0,0,0,0,0,0,0,0,0,0,100,0,0,0,0,0,0,0,1,0,0,0,0,1,0,0,0,0,1,0,0,0
0,0,0,0,0,100,0,0,0,0,0,0,0,0,0,0,100,0,0,0,0,0,0,0,0,0,0,100,0,0,0,0,0,0,0,1,0,0,0,0,1,0,0,0,0,1,0,0,0
0,0,0,0,0,100,0,0,0,0,0,0,0,0,0,0,100,0,0,0,0,0,0,0,0,0,0,100,0,0,0,0,0,0,0,1,0,0,0,0,1,0,0,0,0,1,0,0,0
0,0,0,0,0,100,0,0,0,0,0,0,0,0,0,0,100,0,0,0,0,0,0,0,0,0,0,100,0,0,0,0,0,0,0,1,0,0,0,0,1,0,0,0,0,1,0,0,0
0,0,0,0,0,100,0,0,0,0,0,0,0,0,0,0,100,0,0,0,0,0,0,0,0,0,0,100,0,0,0,0,0,0,0,1,0,0,0,0,1,0,0,0,0,1,0,0,0
0,0,0,0,0,100,0,0,0,0,0,0,0,0,0,0,100,0,0,0,0,0,0,0,0,0,0,100,0,0,0,0,0,0,0,1,0,0,0,0,1,0,0,0,0,1,0,0,0
0,0,0,0,0,100,0,0,0,0,0,0,0,0,0,0,100,0,0,0,0,0,0,0,0,0,0,100,0,0,0,0,0,0,0,1,0,0,0,0,1,0,0,0,0,1,0,0,0
0,0,0,0,0,100,0,0,0,0,0,0,0,0,0,0,100,0,0,0,0,0,0,0,0,0,0,100,0,0,0,0,0,0,0,1,0,0,0,0,1,0,0,0,0,1,0,0,0
0,0,0,0,0,100,0,0,0,0,0,0,0,0,0,0,100,0,0,0,0,0,0,0,0,0,0,100,0,0,0,0,0,0,0,1,0,0,0,0,1,0,0,0,0,1,0,0,0
0,0,0,0,0,100,0,0,0,0,0,0,0,0,0,0,100,0,0,0,0,0,0,0,0,0,0,100,0,0,0,0,0,0,0,1,0,0,0,0,1,0,0,0,0,1,0,0,0
0,0,0,0,0,100,0,0,0,0,0,0,0,0,0,0,100,0,0,0,0,0,0,0,0,0,0,100,0,0,0,0,0,0,0,1,0,0,0,0,1,0,0,0,0,1,0,0,0
0,0,0,0,0,100,0,0,0,0,0,0,0,0,0,0,100,0,0,0,0,0,0,0,0,0,0,100,0,0,0,0,0,0,0,1,0,0,0,0,1,0,0,0,0,1,0,0,0
0,0,0,0,0,100,0,0,0,0,0,0,0,0,0,0,100,0,0,0,0,0,0,0,0,0,0,100,0,0,0,0,0,0,0,1,0,0,0,0,1,0,0,0,0,1,0,0,0
0,0,0,0,0,100,0,0,0,0,0,0,0,0,0,0,100,0,0,0,0,0,0,0,0,0,0,100,0,0,0,0,0,0,0,1,0,0,0,0,1,0,0,0,0,1,0,0,0
0,0,0,0,0,100,0,0,0,0,0,0,0,0,0,0,100,0,0,0,0,0,0,0,0,0,0,100,0,0,0,0,0,0,0,1,0,0,0,0,1,0,0,0,0,1,0,0,0
0,0,0,0,0,100,0,0,0,0,0,0,0,0,0,0,100,0,0,0,0,0,0,0,0,0,0,100,0,0,0,0,0,0,0,1,0,0,0,0,1,0,0,0,0,1,0,0,0
0,0,0,0,0,100,0,0,0,0,0,0,0,0,0,0,100,0,0,0,0,0,0,0,0,0,0,100,0,0,0,0,0,0,0,1,0,0,0,0,1,0,0,0,0,1,0,0,0
0,0,0,0,0,100,0,0,0,0,0,0,0,0,0,0,100,0,0,0,0,0,0,0,0,0,0,100,0,0,0,0,0,0,0,1,0,0,0,0,1,0,0,0,0,1,0,0,0
0,0,0,0,0,100,0,0,0,0,0,0,0,0,0,0,100,0,0,0,0,0,0,0,0,0,0,100,0,0,0,0,0,0,0,1,0,0,0,0,1,0,0,0,0,1,0,0,0
0,0,0,0,0,100,0,0,0,0,0,0,0,0,0,0,100,0,0,0,0,0,0,0,0,0,0,100,0,0,0,0,0,0,0,1,0,0,0,0,1,0,0,0,0,1,0,0,0
0,0,0,0,0,100,0,0,0,0,0,0,0,0,0,0,100,0,0,0,0,0,0,0,0,0,0,100,0,0,0,0,0,0,0,1,0,0,0,0,1,0,0,0,0,1,0,0,0
0,0,0,0,0,100,0,0,0,0,0,0,0,0,0,0,100,0,0,0,0,0,0,0,0,0,0,100,0,0,0,0,0,0,0,1,0,0,0,0,1,0,0,0,0,1,0,0,0
0.51618,0.50268,0,0,0.50268,91.756,2.4954,3.8431,0,0,0.38382,4.017,1.4162,0.9,1.5215,1.5954,89.321,0.38382,0.46118,0,0.38382,0,1.2838,1.0324,3.4458,0.38382,0.9,88.818,0.51618,1.5954,1.0054,0.51618,0.50268,0,0,1,0,0,0,0,1,0,0,0,0,1,0,0,0
0.62925,0.33029,0,0.80808,0.84227,82.664,4.5298,7.1798,1.6162,0.51197,0.88852,4.4238,2.9551,2.3258,1.5859,2.1281,78.618,1.6966,2.4464,0.5922,1.4005,1.8276,2.9183,2.4939,5.8275,1.7768,2.11,77.48,0.62925,0.80808,0.66059,3.6457,1.6503,0,0,1,0,0,0,0,1,0,0,0,0,1,0,0,0
0,0,0,0,0,100,0,0,0,0,0,0,0,0,0,0,100,0,0,0,0,0,0,0,0,0,0,100,0,0,0,0,0,0,0,1,0,0,0,0,1,0,0,0,0,1,0,0,0
0,0,0,0,0,96.558,1.0644,2.3776,0,0,0,1.0644,0,0,0,1.0644,96.558,0,1.3133,0,0,0,0,0,2.3776,0,0,96.558,0,1.0644,0,0,0,0,0,1,0,0,0,0,1,0,0,0,0,1,0,0,0
1.6422,1.0741,0,2.014,4.9446,56.384,13.25,12.145,5.2843,3.0015,0.25985,7.6037,5.4278,5.7826,4.9253,7.6407,49.924,4.1793,4.2998,3.6587,1.5729,4.9855,4.0812,7.3449,11.008,3.9246,2.8718,46.099,1.4699,5.3103,2.4527,10.124,5.3129,0,0.083333,0.91667,0,0,0,0,0.66667,0.125,0.20833,0,0,0.72917,0.27083,0,0
0,0,0,0,0,97.842,2.1578,0,0,0,0,0,0,0,0,0,95.684,0,2.1578,0,0,2.1578,0,2.1578,2.1578,0,0,95.684,0,0,0,0,0,0,0.026667,0.97333,0,0,0,0,0.97333,0.026667,0,0,0,1,0,0,0
0,0,0,0,0,97.149,0.90654,1.944,0,0,0,0.34955,0,0,0,0.34955,96.592,0,2.1515,0,0,0.55699,0,0.55699,2.501,0,0,96.592,0,0.34955,0,0,0,0,0,1,0,0,0,0,1,0,0,0,0,1,0,0,0
0,0,0,0,0,99.507,0.49332,0,0,0,0,0,0,0,0,0,99.013,0,0.49332,0,0,0.49332,0,0.49332,0.49332,0,0,99.013,0,0,0,0,0,0,0,1,0,0,0,0,1,0,0,0,0,1,0,0,0
0,0,0,0,0,100,0,0,0,0,0,0,0,0,0,0,100,0,0,0,0,0,0,0,0,0,0,100,0,0,0,0,0,0,0,1,0,0,0,0,1,0,0,0,0,1,0,0,0
0,0,0,0,0,100,0,0,0,0,0,0,0,0,0,0,100,0,0,0,0,0,0,0,0,0,0,100,0,0,0,0,0,0,0,1,0,0,0,0,1,0,0,0,0,1,0,0,0
0,0,0,0,0,100,0,0,0,0,0,0,0,0,0,0,100,0,0,0,0,0,0,0,0,0,0,100,0,0,0,0,0,0,0,1,0,0,0,0,1,0,0,0,0,1,0,0,0
0,0,0,0,0,100,0,0,0,0,0,0,0,0,0,0,100,0,0,0,0,0,0,0,0,0,0,100,0,0,0,0,0,0,0,1,0,0,0,0,1,0,0,0,0,1,0,0,0
0,0,0,0,0,100,0,0,0,0,0,0,0,0,0,0,100,0,0,0,0,0,0,0,0,0,0,100,0,0,0,0,0,0,0,1,0,0,0,0,1,0,0,0,0,1,0,0,0
1.8226,2.141,1.8226,2.0567,5.0393,78.128,2.2908,4.2688,2.43,0,0,2.0567,1.5553,0.73551,1.3212,0.73551,77.945,0.50138,5.914,2.1903,4.8545,2.1903,3.7456,2.3239,2.8765,1.9724,0.36775,75.889,0.50138,1.3212,3.1162,1.6046,6.2817,0,0,1,0,0,0,0,1,0,0,0,0,1,0,0,0
0,0,0,0,0,100,0,0,0,0,0,0,0,0,0,0,100,0,0,0,0,0,0,0,0,0,0,100,0,0,0,0,0,0,0,1,0,0,0,0,1,0,0,0,0,1,0,0,0
0,0,0,0,0,96.651,0,0.51492,2.8336,0,0,0,0.51492,1.4401,0,1.955,94.848,1.2423,0,0,0,0,2.8336,0,0.51492,0,3.67,92.982,0,0,0,0,0,0,0,1,0,0,0,0,1,0,0,0,0,1,0,0,0
0,0,0,0,0,100,0,0,0,0,0,0,0,0,0,0,100,0,0,0,0,0,0,0,0,0,0,100,0,0,0,0,0,0,0,1,0,0,0,0,1,0,0,0,0,1,0,0,0
0,0,0,0,0,100,0,0,0,0,0,0,0,0,0,0,100,0,0,0,0,0,0,0,0,0,0,100,0,0,0,0,0,0,0,1,0,0,0,0,1,0,0,0,0,1,0,0,0
0,0,0,0,0,100,0,0,0,0,0,0,0,0,0,0,100,0,0,0,0,0,0,0,0,0,0,100,0,0,0,0,0,0,0,1,0,0,0,0,1,0,0,0,0,1,0,0,0
0,0,0,0,0,100,0,0,0,0,0,0,0,0,0,0,100,0,0,0,0,0,0,0,0,0,0,100,0,0,0,0,0,0,0,1,0,0,0,0,1,0,0,0,0,1,0,0,0
0,0,0,0,0,100,0,0,0,0,0,0,0,0,0,0,100,0,0,0,0,0,0,0,0,0,0,100,0,0,0,0,0,0,0,1,0,0,0,0,1,0,0,0,0,1,0,0,0
0,0,0,0,0,100,0,0,0,0,0,0,0,0,0,0,100,0,0,0,0,0,0,0,0,0,0,100,0,0,0,0,0,0,0,1,0,0,0,0,1,0,0,0,0,1,0,0,0
0,0,0,0,0,100,0,0,0,0,0,0,0,0,0,0,100,0,0,0,0,0,0,0,0,0,0,100,0,0,0,0,0,0,0,1,0,0,0,0,1,0,0,0,0,1,0,0,0
0,0,0,0,0,100,0,0,0,0,0,0,0,0,0,0,100,0,0,0,0,0,0,0,0,0,0,100,0,0,0,0,0,0,0,1,0,0,0,0,1,0,0,0,0,1,0,0,0
0,0,0,0,0,100,0,0,0,0,0,0,0,0,0,0,100,0,0,0,0,0,0,0,0,0,0,100,0,0,0,0,0,0,0,1,0,0,0,0,1,0,0,0,0,1,0,0,0
0.70617,3.0936,2.3874,0.70617,3.0936,87.473,0.70617,1.8336,0,0,0,4.221,0.70617,1.6813,0.70617,1.6813,86.498,0,2.3874,0.70617,0.70617,0.70617,1.4123,0.70617,4.7749,0,0,85.792,0,0.70617,2.3874,0,4.221,0,0,1,0,0,0,0,1,0,0,0,0,1,0,0,0
0.36179,0.71952,3.9646,2.5028,2.6028,71.243,2.6901,4.5806,9.5381,1.1015,0.69553,7.2963,2.1339,1.3235,0.26594,3.7274,72.172,2.7815,0,3.2258,1.9986,5.0752,8.9614,6.7059,5.8461,2.6951,1.6805,67.925,0.62718,1.2514,1.6132,2.0668,0.62718,0,0,1,0,0,0,0,1,0,0,0,0,1,0,0,0
0,0.47774,0.47774,0,0.47774,98.567,0,0,0,0,0,0.47774,0,0.47774,0,0.47774,98.089,0,0.47774,0,0,0,0,0,0.95549,0,0,98.089,0,0,0.47774,0,0.47774,0,0,1,0,0,0,0,1,0,0,0,0,1,0,0,0
2.7783,2.2921,4.3223,0.70636,4.2038,67.56,9.6368,4.3107,0.83777,1.7645,1.5877,7.0453,3.731,4.642,4.6399,5.1012,61.472,2.0719,3.4949,3.108,2.5682,2.1256,4.3224,8.1727,5.075,7.8659,3.5171,58.993,2.6532,2.7839,1.1489,0.88507,4.5829,0,0,1,0,0,0,0,1,0,0,0,0,1,0,0,0
0,0,0,0,0,100,0,0,0,0,0,0,0,0,0,0,100,0,0,0,0,0,0,0,0,0,0,100,0,0,0,0,0,0,0,1,0,0,0,0,1,0,0,0,0,1,0,0,0
0,0,0,0,0,100,0,0,0,0,0,0,0,0,0,0,100,0,0,0,0,0,0,0,0,0,0,100,0,0,0,0,0,0,0,1,0,0,0,0,1,0,0,0,0,1,0,0,0
0,0,0.3932,0,0.3932,99.214,0,0,0,0,0,0.3932,0.3932,0,0.3932,0,98.82,0,0,0,0,0,0,0.3932,0,0,0.3932,98.82,0.3932,0,0,0,0,0,0,1,0,0,0,0,1,0,0,0,0,1,0,0,0
1.0508,0,1.1803,0,1.1803,94.819,0,0.3539,0.70779,0.70779,0,2.939,1.5342,0,1.8881,0,93.285,0,0,0,0,0.3539,0,1.8881,1.0508,0.3539,1.5342,93.285,1.1803,0,0,0,0.70779,0,0,1,0,0,0,0,1,0,0,0,0,1,0,0,0
0,0,0.49706,0,0.49706,99.006,0,0,0,0,0,0.49706,0.49706,0,0.49706,0,98.509,0,0,0,0,0,0,0.49706,0,0,0.49706,98.509,0.49706,0,0,0,0,0,0,1,0,0,0,0,1,0,0,0,0,1,0,0,0
1.0734,0,0.50766,0,0.50766,95.957,0,0,1.9545,0,0,1.5811,0.50766,0,0.50766,0,95.449,0,0,0,0,1.9545,0,0.50766,1.0734,0,0.50766,95.449,0.50766,0,0,0,1.9545,0,0,1,0,0,0,0,1,0,0,0,0,1,0,0,0
1.3246,1.233,11.096,21.671,11.457,18.703,5.9088,7.4591,8.1752,11.382,1.5911,8.3196,3.577,1.0209,2.5462,6.0779,53.281,9.0032,0,4.2616,6.3319,5.5811,13.412,17.906,4.2728,8.0041,0,8.5763,0,9.2677,25.592,11.893,1.0758,0,0,0,0,1,0,0,1,0,0,0,0,0,0,1,1
3.6948,1.4276,12.743,18.442,16.038,13.868,9.0169,5.2384,4.5517,11.284,3.6948,4.8645,6.4904,2.341,4.8189,2.4038,50.666,9.8348,0,6.7149,8.6393,3.226,15.767,31.41,3.4809,6.7496,0,2.0764,0,13.869,15.538,9.6285,1.4808,0,0,0.028571,0,0.97143,0,0,1,0,0,0,0,0.028571,0,0.97143,1
3.3151,2.8933,18.155,15.973,10.296,13.378,6.8655,6.8133,8.1748,10.607,3.5292,8.1786,4.8384,2.5117,4.09,3.3955,46.722,11.457,0,7.2794,4.9718,6.5554,14.232,25.886,6.9151,6.5848,0,5.8844,0,9.8946,12.97,14.202,3.4314,0,0,0,0,1,0,0,1,0,0,0,0,0,0,1,1
0.59682,0.96346,12.251,31.024,8.4694,26.037,2.7054,11.158,2.5482,3.6512,0.59682,6.152,4.652,3.9745,5.3091,7.2122,37.565,10.983,0.88389,6.3298,8.767,8.1713,13.097,3.6231,3.1692,1.6121,0,14.799,13.877,3.0803,8.0436,21.223,17.475,0,0,0,0,1,1,0,0,0,0,0,0,0,0,1,1
0.78354,3.204,16.114,19.332,11.146,18.036,5.7711,6.8123,5.7471,12.496,0.55831,6.8209,6.6353,1.7268,3.4567,7.0957,49.883,7.1712,0,2.7246,8.2508,6.2349,14.874,14.604,7.192,5.6963,0,7.5824,0.49644,8.6971,22.188,13.514,5.1557,0,0,0.14,0.16,0.7,0,0,1,0,0,0,0,0.08,0.12,0.8,1
3.497,3.1335,9.1731,5.3614,13.125,16.454,6.4828,19.043,10.68,9.4043,3.6454,7.8004,3.8802,4.7025,1.4374,3.3955,53.501,3.2345,0,1.9889,11.268,8.7916,22.867,12.626,9.6591,2.8084,0,8.9862,0,10.425,14.631,15.421,2.5761,0,0.5,0.5,0,0,0,0,0,1,0,1,0,0,0,0,1
1.1568,1.0976,13.084,27.343,4.6632,39.567,2.1568,3.8213,1.3291,2.9134,2.8678,2.3654,4.9377,1.9268,3.3088,5.6385,51.568,7.8624,1.2358,10.605,6.2821,4.2701,6.2776,4.0701,2.4267,2.9943,0,27.663,9.913,1.435,6.1208,19.592,19.507,0,0,0,0.11765,0.88235,0.88235,0.11765,0,0,0,0,0,0,0.11765,0.88235,1
3.114,1.5924,7.6439,6.0521,12.045,21.376,9.288,15.345,8.4506,12.632,2.4611,6.0034,9.026,1.3223,0.79618,8.6162,45.918,9.9937,0,4.2603,7.3371,6.7274,20.714,11.649,7.2869,2.423,0,8.369,0,15.293,15.055,13.694,5.5164,0,1,0,0,0,0,0,0,1,0,1,0,0,0,0,1
3.0084,4.7856,5.8832,7.2141,15.722,8.9934,14.898,13.887,9.2648,11.243,5.0995,3.8549,8.2459,5.9066,2.2436,5.3153,40.552,9.968,0,3.6815,15.75,4.4822,26.265,15.895,6.0989,1.4404,0,5.7628,0,14.454,16.048,11.12,2.9167,0,0.97436,0.025641,0,0,0,0,0.025641,0.97436,0,0.92308,0.051282,0.025641,0,0,1
1.0808,0.97248,7.1201,4.4259,15.194,26.591,9.794,19.057,4.5956,10.44,0.72936,7.1768,5.6926,1.6485,0.41459,8.2904,51.778,6.6922,0,3.7884,7.5698,6.9489,19.213,12.057,6.5004,2.5643,0,14.942,0,14.441,13.68,10.691,5.9095,0,0.96667,0.033333,0,0,0,0,0.1,0.81667,0.083333,0.9,0.066667,0.033333,0,0,1
0,1.3708,10.209,23.037,11.114,33.975,3.3341,7.4822,5.3233,1.3174,2.8376,5.1592,10.546,1.9783,5.3243,7.4923,39.66,9.8245,0.89424,5.6336,5.7007,7.7871,7.3477,3.0302,6.5302,4.8178,1.8807,24.594,6.2501,4.1144,6.3808,20.648,14.407,0,0,0,0,1,1,0,0,0,0,0,0,0,0,1,1
0,0.29689,9.3347,30.221,13.695,30.893,3.5187,7.304,2.5213,0.86355,1.352,3.0982,10.504,1.6409,5.9409,5.058,41.546,10.076,2.2886,8.605,4.9949,6.2466,11.134,1.6306,2.2746,2.1924,0,16.837,13.143,6.6902,5.3743,22.458,18.266,0,0,0,0,1,1,0,0,0,0,0,0,0,0,1,1
0.51268,5.201,1.6505,9.7909,16.771,25.344,16.81,11.089,5.1286,6.9087,0.79339,5.8328,4.9322,13.022,6.9688,14.105,23.58,7.4489,2.3914,9.9934,2.8012,8.9245,8.7584,12.747,12.11,8.2008,4.9424,10.572,4.3323,10.567,4.6184,14.011,9.1419,0,0,1,0,0,0,0,0,0.83099,0.16901,0,0,0,1,0,1
2.1192,4.0552,0,8.4811,9.9376,22.912,14.956,18.536,9.0068,8.6427,1.3532,9.6137,7.2942,10.356,4.3599,15.813,21.199,7.2385,3.6512,7.3262,4.892,8.2564,6.9266,12.535,18.715,7.7761,3.7978,9.4414,2.6377,8.3678,3.0281,17.327,9.4471,0,0,1,0,0,0,0,0,0.33333,0.66667,0,0,0,1,0,1
0,0.38353,2.573,2.343,1.8164,77.055,2.7019,3.2651,6.8564,2.2149,0.79086,5.7972,1.517,0,1.7771,1.0931,79.602,2.9277,0,1.4871,1.5275,4.2711,6.4867,7.7708,2.9812,4.0725,0,75.185,0,1.1715,1.1715,1.161,0,0,0,1,0,0,0,0,1,0,0,0,0,1,0,0,0
0,0,0,0,0,94.816,0,1.0516,4.1321,0,0,1.0598,0.33613,1.3403,0,1.6765,94.191,0.33613,0,0.34431,0,0.71546,2.7281,0.68863,1.0516,0.71546,1.6765,93.14,0,0,0,0,0,0,0,1,0,0,0,0,1,0,0,0,0,1,0,0,0
0,0,5.3427,0,0,73.665,0,0,20.992,0,0,4.623,8.8665,0,0,0,78.789,0,0,0,1.5493,6.1722,2.2442,0,1.5493,0,0,73.665,0,0,2.8798,15.039,4.623,0,0,0,0.037037,0.96296,0,0,1,0,0,0,0,1,0,0,0
0,0,10.681,0,0,76.207,0,0,13.112,0,0,8.7881,3.6536,0,0,0.33554,82.07,0,0,0,1.2927,3.8596,2.2103,0.33554,1.2927,0,0,76.207,0,0,3.6536,13.399,2.9025,0,0,0,0.25806,0.74194,0,0,1,0,0,0,0,1,0,0,0
0,0,12.56,0,0,67.74,0,0,19.7,0,0,4.9251,4.9251,0,0,2.215,73.16,0,0,2.215,4.9251,7.6351,2.71,2.215,4.9251,0,0,67.74,0,0,7.1401,10.345,4.9251,0,0,1,0,0,0,0,1,0,0,0,0,1,0,0,0
0,0,6.1456,0,0,78.024,0,0,15.83,0,0,7.0891,3.8404,0,0,1.4804,79.796,0,0,1.8098,1.4804,4.5043,0.59991,1.4804,1.4804,0,0,78.024,0,0,4.026,9.8846,4.5043,0,0,0.9697,0,0.030303,0,0,1,0,0,0,0,1,0,0,0
0,0,4.8837,0,0,86.402,0,0,8.7148,0,0,2.4419,1.3891,0,0,2.4419,86.402,1.0527,0,1.3891,2.4419,2.4419,0,2.4419,2.4419,0,0,86.402,0,0,2.7783,3.4946,2.4419,0,0,1,0,0,0,0,1,0,0,0,0,1,0,0,0
0,0,7.9483,0,0,73.429,0,0,18.623,0,0,5.7671,1.7076,0,0,2.2214,76.305,1.8282,0,1.8455,3.3899,6.9356,1.1685,2.2214,3.3899,0,0,73.429,0,0,4.9049,9.1196,5.7671,0,0,0.98701,0,0.012987,0,0,1,0,0,0,0,1,0,0,0
0,0,11.87,0,0,68.751,0,0,19.379,0,0,6.9624,6.8357,0,0,1.0987,75.249,0,0,1.6153,2.9405,5.2988,2.484,1.0987,2.9405,0,0,68.751,0,0,6.1944,15.074,3.457,0,0,0,0.02381,0.97619,0,0,1,0,0,0,0,1,0,0,0
0,0,8.16,0,0,78.264,0,0,13.576,0,0,5.3357,4.1979,0,0,1.0737,81.992,0,0,0.90918,1.863,4.629,2.938,1.0737,1.863,0,0,78.264,0,0,2.0233,9.9979,3.8397,0,0,0.047619,0.33333,0.61905,0,0,1,0,0,0,0,1,0,0,0
0,0,11.639,0,0,68.06,0,0,20.3,0,0,5.9293,3.1556,0,0,4.7166,70.365,2.1306,0,1.5867,5.4519,6.6646,0.7353,4.7166,5.4519,0,0,68.06,0,0,7.4911,7.6153,5.9293,0,0,0.1,0.17143,0.72857,0,0,1,0,0,0,0,1,0,0,0
0,0,5.0425,0,0,79.869,0,0,15.089,0,0,3.9797,2.8006,0,0,1.384,82.856,0.49185,0,2.2047,1.8436,4.4392,1.3553,1.384,1.8436,0,0,79.869,0,0,5.388,6.1808,3.9797,0,0,0.016129,0.17742,0.80645,0,0,1,0,0,0,0,1,0,0,0
0,0,4.215,0,0,88.482,0,0,7.3026,0,0,2.5894,0.4982,0,0,2.1075,88.482,1.1275,0,0.4982,2.1075,2.5894,0,2.1075,2.1075,0,0,88.482,0,0,1.9601,2.7531,2.5894,0,0,1,0,0,0,0,1,0,0,0,0,1,0,0,0
0,0,6.5279,0,0,74.713,0,0,18.759,0,0,7.348,1.1643,0,0,3.2639,74.713,1.7401,0,2.053,3.2639,6.4534,0,3.2639,3.2639,0,0,74.713,0,0,9.3579,2.9476,6.4534,0,0,0.97849,0,0.021505,0,0,1,0,0,0,0,1,0,0,0
0,0,5.8364,0,0,83.4,0,0,10.764,0,0,4.9273,0,0,0,2.3287,83.989,0.90917,0,0,2.9182,4.9273,0,2.9182,2.9182,0,0,83.4,0,0,4.0181,1.8183,4.9273,0,0,1,0,0,0,0,1,0,0,0,0,1,0,0,0
0,0,6.0372,0,0,76.511,0,0,17.451,0,0,8.4363,0,0,0,1.6041,77.926,1.5907,0,0,3.0186,7.4245,0,3.0186,3.0186,0,0,76.511,0,0,5.2995,3.9553,8.1966,0,0,0.97778,0,0.022222,0,0,1,0,0,0,0,1,0,0,0
0,0,10.984,0,0,69.659,0,0,19.357,0,0,8.413,0.6078,0,0,5.492,69.659,1.5485,0,2.0451,5.492,6.7424,0,5.492,5.492,0,0,69.659,0,0,5.3249,6.8128,7.2191,0,0,0.017857,0.33929,0.64286,0,0,1,0,0,0,0,1,0,0,0
0,0,5.2618,0,0,81.118,0,0,13.62,0,0,5.0903,0.4136,0,0,2.6309,81.118,2.3944,0,1.32,2.6309,4.4023,0,2.6309,2.6309,0,0,81.118,0,0,5.8452,3.3729,4.4023,0,0,0,0.2,0.8,0,0,1,0,0,0,0,1,0,0,0
0,0,9.9514,0,0,70.779,0,0,19.27,0,0,8.169,0,0,0,4.1173,71.637,2.4621,0,0,4.9757,8.6385,0,4.9757,4.9757,0,0,70.779,0,0,7.1054,2.0587,10.105,0,0,0,0.34615,0.65385,0,0,1,0,0,0,0,1,0,0,0
0,0,4.8757,0,0,83.149,0,0,11.975,0,0,6.1935,0,0,0,1.7618,83.825,1.0593,0,0,2.4378,4.7221,0,2.4378,2.4378,0,0,83.149,0,0,3.8484,2.2837,5.8428,0,0,0.027397,0.15068,0.82192,0,0,1,0,0,0,0,1,0,0,0
0,0,6.7213,0,0,80.996,0,0,12.282,0,0,5.5609,0,0,1.1605,0.51705,82.68,0,0,2.321,2.2002,5.5609,0,4.5211,2.2002,0,0,80.996,0,0,4.4004,2.321,5.5609,0,0,1,0,0,0,0,1,0,0,0,0,1,0,0,0
0,0,6.2419,0,0,75.788,0,0,17.97,0,0,7.6579,0,0,1.4642,1.0159,76.429,0,0,2.5832,2.1314,8.7183,0,4.1105,2.1314,0,0,75.788,0,0,5.357,4.0961,8.5167,0,0,1,0,0,0,0,1,0,0,0,0,1,0,0,0
0,0,3.0371,0,0,91.941,0,0,5.022,0,0,1.9849,0,0.4663,1.0523,0,91.941,0,0,2.5708,0,1.9849,0,3.0371,0,0,0,91.941,0,0,0.4663,2.5708,1.9849,0,0,1,0,0,0,0,1,0,0,0,0,1,0,0,0
0,0,6.2322,0,0,74.519,0,0,19.249,0,0,8.638,0,1.4444,0.70386,0,75.487,0,0,3.3099,1.6717,8.7453,0,4.5605,1.6717,0,0,74.519,0,0,8.6306,2.9638,7.6544,0,0,1,0,0,0,0,1,0,0,0,0,1,0,0,0
0,0,10.099,0,0,69.616,0,0,20.285,0,0,9.0392,0,0,2.108,0.40666,72.151,0,0,3.594,4.1351,8.5663,0,5.9637,4.1351,0,0,69.616,0,0,7.4217,2.3015,10.562,0,0,0.017241,0.17241,0.81034,0,0,1,0,0,0,0,1,0,0,0
0,0,5.3109,0,0,81.194,0,0,13.495,0,0,6.0756,0,0,1.0546,1.037,81.758,0,0,0.4842,2.6554,6.9352,0,2.6554,2.6554,0,0,81.194,0,0,4.5618,1.7854,7.1479,0,0,0,0.17143,0.82857,0,0,1,0,0,0,0,1,0,0,0
0,0,10.662,0,0,67.632,0,0,21.706,0,0,10.471,0,1.6155,2.8356,0,68.512,0,0,4.5221,2.262,9.7813,0,8.3996,2.262,0,0,67.632,0,0,5.4514,8.1141,8.1404,0,0,0,0.071429,0.92857,0,0,1,0,0,0,0,1,0,0,0
0,0,6.3165,0,0,79.132,0,0,14.552,0,0,5.893,0,1.1331,0.60897,0,80.548,0,0,3.8861,1.4162,6.5148,0,4.9003,1.4162,0,0,79.132,0,0,5.7161,3.0605,5.7753,0,0,0.018868,0.16981,0.81132,0,0,1,0,0,0,0,1,0,0,0
0,0,6.7784,0,0,80.333,0,0,12.888,0,0,5.5967,0,2.7207,1.1818,0,80.333,0,0.51329,4.0577,0,5.5967,0,6.7784,0,0,0,80.333,0,0,2.2074,5.0843,5.5967,0,0,1,0,0,0,0,1,0,0,0,0,1,0,0,0
0,0,5.5668,0,0,76.262,0,0,18.171,0,0,8.3792,0,3.2948,0.88416,0,76.262,0,0.78082,3.6,0,6.7992,0,5.5668,0,0,0,76.262,0,0,4.4022,6.9701,6.7992,0,0,1,0,0,0,0,1,0,0,0,0,1,0,0,0
0,0,3.5624,0,0,86.046,0,0,10.392,0,0,3.5624,0.46665,2.6872,0,0,86.046,0.46665,0.90595,0.40863,0,5.4567,0,3.5624,0,0,0,86.046,0,0,2.2479,3.1538,4.9901,0,0,1,0,0,0,0,1,0,0,0,0,1,0,0,0
0,0,4.8999,0,0,76.541,0,0,18.559,0,0,7.661,1.131,3.7372,0,0,76.541,0.67114,0.45981,1.319,0,8.4799,0,4.8999,0,0,0,76.541,0,0,4.3833,6.367,7.8088,0,0,1,0,0,0,0,1,0,0,0,0,1,0,0,0
0,0,8.9889,0,0,69.838,0,0,21.173,0,0,8.7899,0,4.2749,1.1369,0,69.838,0,0.3098,6.3858,0.47487,8.7899,0,8.5141,0.47487,0,0,69.838,0,0,6.0149,6.3683,8.7899,0,0,0.057692,0.076923,0.86538,0,0,1,0,0,0,0,1,0,0,0
0,0,6.4818,0,0,80.58,0,0,12.938,0,0,6.3809,0,1.6166,1.6243,0,80.58,0,0,3.7649,1.1408,4.8925,0,5.341,1.1408,0,0,80.58,0,0,4.3151,3.7307,4.8925,0,0,0,0.21333,0.78667,0,0,1,0,0,0,0,1,0,0,0
0,0,6.5107,0,0,73.104,0,0,20.385,0,0,9.4108,1.2734,3.5769,0,0,73.104,0.5602,1.4721,1.223,0,9.3796,0,6.2401,0.27064,0,0,73.104,0,0,2.8578,8.4375,9.09,0,0,0.069767,0.11628,0.81395,0,0,1,0,0,0,0,1,0,0,0
0,0,4.902,0,0,82.092,0,0,13.006,0,0,5.1318,1.1073,3.5101,0,0,82.092,1.1073,0.36813,0.97555,0,5.7082,0,4.0897,0.81235,0,0,82.092,0,0,2.4614,5.1318,5.4133,0,0,0.016949,0.18644,0.79661,0,0,1,0,0,0,0,1,0,0,0
0,0,5.6075,0,0,80.244,0,0,14.148,0,0,5.5825,1.885,3.2388,0,0,80.703,1.4262,0.6894,0,0.45875,6.0162,0,4.69,0.9175,0,0,80.244,0,0,4.8931,4.665,4.59,0,0,1,0,0,0,0,1,0,0,0,0,1,0,0,0
0,0,5.138,0,0,75.774,0,0,19.088,0,0,6.7345,1.5893,3.0239,0,0,76.503,0.52272,0.95304,0,0.72881,9.9453,0,3.1576,1.9803,0,0,75.774,0,0,4.2314,5.2769,9.5801,0,0,1,0,0,0,0,1,0,0,0,0,1,0,0,0
0,0,6.9553,0,0,81.661,0,0,11.384,0,0,4.6592,3.6633,0.47809,0,0,83.957,0.47809,0,0,1.407,5.3576,0,3.2523,3.7031,0,0,81.661,0,0,3.7701,2.7344,4.8795,0,0,1,0,0,0,0,1,0,0,0,0,1,0,0,0
0,0,6.0094,0,0,76.967,0,0,17.023,0,0,5.9792,4.1949,1.2777,0,0,78.848,1.1244,0,0,0.39193,8.1842,0,3.7658,2.2435,0,0,76.967,0,0,4.6169,6.1735,6.2328,0,0,0.98701,0,0.012987,0,0,1,0,0,0,0,1,0,0,0
0,0,7.0245,0,0,73.055,0,0,19.92,0,0,8.6784,3.0071,2.1905,0,0,73.768,1.8314,0.79493,0,0.34727,9.3828,0,5.0902,1.9344,0,0,73.055,0,0,3.8978,7.9839,8.0385,0,0,0,0.29268,0.70732,0,0,1,0,0,0,0,1,0,0,0
0,0,5.5538,0,0,79.579,0,0,14.867,0,0,5.6483,2.617,1.996,0,0,80.861,0.4805,0.85506,0,0.31972,7.2228,0,3.9526,1.6012,0,0,79.579,0,0,3.5452,5.0089,6.3131,0,0,0.028986,0.15942,0.81159,0,0,1,0,0,0,0,1,0,0,0
0,0,9.7274,0,0,69.886,0,0,20.387,0,0,8.1077,6.5639,0.74007,0,0,73.619,0.67138,0,0,1.7454,8.5531,0,4.6986,5.0288,0,0,69.886,0,0,7.4076,4.7206,8.2584,0,0,0.022222,0.28889,0.68889,0,0,1,0,0,0,0,1,0,0,0
0,0,6.401,0,0,79.802,0,0,13.797,0,0,5.1894,2.9404,0.45766,0,0,81.828,0.92111,0,0,1.632,7.031,0,2.9475,3.4534,0,0,79.802,0,0,4.3026,3.8474,5.6471,0,0,0,0.19298,0.80702,0,0,1,0,0,0,0,1,0,0,0
0,0,5.1276,0,0,85.255,0,0,8.9369,0,0.68075,3.7198,3.5055,0,0,0,87.263,0.60038,0,0,0.51087,4.4005,0,2.6085,3.1998,0,0,85.255,0,0,2.2225,2.9946,3.7198,0,0,1,0,0,0,0,1,0,0,0,0,1,0,0,0
0,0,5.9241,0,0,75.694,0,0,18.381,0,0,7.7947,3.1873,0,0,0,77.725,1.0388,0,0,1.5955,8.6591,0,3.0689,2.8552,0,0,75.694,0,0,8.4475,2.1393,7.7947,0,0,0.98889,0,0.011111,0,0,1,0,0,0,0,1,0,0,0
0,0,3.1276,0,0,79.561,1.1066,0.5533,13.378,0.5533,1.7197,3.7068,1.699,0,5.115,0.5533,80.411,1.4287,0,0.5533,0.5533,5.9798,0.5533,2.8315,2.5692,1.1066,0,79.561,0,0,2.8573,1.699,8.8219,0,0,1,0,0,0,0,1,0,0,0,0,1,0,0,0
0,0,6.7776,0,0,70.557,0,0,22.666,0,0,7.1499,4.5886,0,4.9851,0,72.696,0.70828,0,0,1.0818,8.79,0,2.8479,3.9297,0,0,70.557,0,0,3.0059,7.5248,12.135,0,0,0.97895,0,0.021053,0,0,1,0,0,0,0,1,0,0,0
0,0,10.055,0,0,69.181,0,0,20.764,0,0,8.5435,4.5761,0,0,0,73.299,0.91958,0,0,1.9644,10.697,0,5.038,5.0174,0,0,69.181,0,0,4.2321,7.9882,8.5435,0,0,0.061224,0.16327,0.77551,0,0,1,0,0,0,0,1,0,0,0
0,0,6.1259,0,0,79.365,0,0,14.509,0,0,5.5482,5.3634,0,0,0,81.614,0.64178,0,0,0.34466,6.4883,0,2.8906,3.2353,0,0,79.365,0,0,5.1163,3.8449,5.5482,0,0,0,0.20779,0.79221,0,0,1,0,0,0,0,1,0,0,0
0,0,11.6,0,0,66.349,0,0,22.051,0,0,8.7332,4.305,0,1.1405,0,69.062,3.1534,0,0,1.4287,12.177,0,5.8662,5.7338,0,0,66.349,0,0,6.5665,5.6108,9.8737,0,0,0.061538,0.10769,0.83077,0,0,1,0,0,0,0,1,0,0,0
0,0,6.1958,0,0,76.367,0,0,17.437,0,0,6.8693,2.2947,0,2.0741,0,78.853,0.71858,0,0,1.2065,7.9839,0,3.2041,2.9917,0,0,76.367,0,0,3.5708,4.9227,8.9435,0,0,0.014286,0.21429,0.77143,0,0,1,0,0,0,0,1,0,0,0
0,0,9.5756,0,0,68.766,0,0,20.439,0,1.2195,8.4317,2.3825,0,1.193,0,71.149,2.4281,0,0,2.3825,12.034,0,4.8106,5.9845,0,0,68.766,0,0,7.2387,3.5754,9.6246,0,0.02381,0.97619,0,0,0,0,0.33333,0.28571,0.38095,0,0,0.40476,0.59524,0,1
0,0,8.1361,0,0,62.89,0,0,28.974,0,0,9.3703,3.0612,0,4.6488,0,65.943,1.5441,0,0,2.1855,13.248,0,4.5964,3.5397,0,0,62.89,0,0,7.5783,7.3763,14.019,0,0,0.97619,0,0.02381,0,0,1,0,0,0,0,1,0,0,0
0,0,9.6975,0,0,57.498,0,0,32.805,0,0,10.474,6.2266,0,0,3.3847,59.889,0,0,0,8.4419,11.584,0,7.3059,2.3916,0,0,57.498,0,0,8.7422,15.119,8.9439,0,0,1,0,0,0,0,1,0,0,0,0,1,0,0,0
0,0,8.3913,0,0,58.067,0,0,33.542,0,0,11.45,3.4949,0,0,3.8341,60.855,0,0,0,4.264,16.102,0,3.9912,4.4001,0,0,58.067,0,0,8.3929,8.6122,16.536,0,0,0.98571,0,0.014286,0,0,1,0,0,0,0,1,0,0,0
0,0,14.023,0,0,59.693,0,0,26.284,0,0,9.3595,5.4738,0,2.1555,0.47294,65.047,0.96457,0,0,4.2464,12.28,0,6.3186,7.7043,0,0,59.693,0,0,7.2041,7.0921,11.988,0,0,0.12698,0.11111,0.7619,0,0,1,0,0,0,0,1,0,0,0
0,0,8.1979,0,0,74.805,0,0,16.997,0,0,5.8885,2.545,0,1.5575,0,77.294,1.1909,0,0,2.4889,9.0351,0,3.6798,4.5181,0,0,74.805,0,0,4.331,5.22,7.446,0,0,0.012987,0.15584,0.83117,0,0,1,0,0,0,0,1,0,0,0
0,0,10.009,0,0,62.437,0,0,27.554,0,0,7.4154,5.0318,0,0,3.2053,66.472,0,0,0,5.9455,11.93,0,5.2831,4.7261,0,0,62.437,0,0,6.2561,11.177,10.12,0,0,0.042553,0.29787,0.65957,0,0,1,0,0,0,0,1,0,0,0
0,0,5.5204,0,0,77.683,0,0,16.796,0,0,5.1228,3.5208,0,0,1.7932,79.946,0,0,0,2.3967,7.2199,0,2.7988,2.7216,0,0,77.683,0,0,5.1228,5.293,6.3805,0,0,0.016949,0.25424,0.72881,0,0,1,0,0,0,0,1,0,0,0
0,0,3.279,0,0,76.606,0.64357,0,19.471,0,0,5.6054,2.0332,0,0,4.3595,75.963,0,0.64357,0,3.279,8.1168,0,3.9226,0.64357,0,0,75.963,0,0,2.8206,7.6385,9.0122,0,0,1,0,0,0,0,0.82432,0.040541,0.13514,0,0,0.82432,0.17568,0,0
0,0,3.2332,0,0,67.491,0,0,29.275,0,0,7.9592,2.9448,0,0,4.5622,68.087,0,0,0,3.2375,13.209,0,2.6375,0.59566,0,0,67.491,0,0,6.0716,10.18,13.024,0,0,1,0,0,0,0,1,0,0,0,0,1,0,0,0
0,0,3.7719,0,0,81.683,0,0,14.545,0,0,3.7719,1.9746,0,1.168,1.9746,81.683,0,0,1.168,2.6039,5.6561,0,3.7719,0,0,0,81.683,0,0,3.32,8.0826,3.1427,0,0,1,0,0,0,0,1,0,0,0,0,1,0,0,0
0,0,4.3628,0,0,70.46,0,0,25.177,0,0,7.6943,1.7861,0,2.0495,1.9918,70.46,0,0,1.4319,3.8692,10.717,0,4.3628,0,0,0,70.46,0,0,3.2134,14.882,7.081,0,0,1,0,0,0,0,1,0,0,0,0,1,0,0,0
0,0,5.9463,0,0,66.59,0,0,27.463,0,0,6.3459,5.1452,0,0,4.8685,67.42,0,0,0,6.9927,9.2275,0,5.1164,0.82992,0,0,66.59,0,0,4.1309,15.337,7.9954,0,0,0,0.35294,0.64706,0,0,1,0,0,0,0,1,0,0,0
0,0,3.1137,0,0,80.954,0,0,15.933,0,0,3.6608,3.0224,0,0,2.5085,81.417,0,0,0,4.5792,4.8124,0,2.6506,0.46317,0,0,80.954,0,0,2.8488,8.431,4.6529,0,0,0.037037,0.24074,0.72222,0,0,1,0,0,0,0,1,0,0,0
0,0,5.4388,0,0,68.191,0,0,26.37,0,0,6.7356,3.4682,0,2.2829,2.8819,68.191,0,0,0.9834,6.0321,9.4251,0,5.4388,0,0,0,68.191,0,0,6.7396,14.743,4.8882,0,0,0.019608,0.29412,0.68627,0,0,1,0,0,0,0,1,0,0,0
0,0,2.2939,0,0,80.856,0,0,16.85,0,0,4.1239,2.2548,0,1.5964,1.6784,80.856,0,0,0.30097,3.8361,5.3533,0,2.2939,0,0,0,80.856,0,0,3.4326,10.602,2.8149,0,0,0,0.17544,0.82456,0,0,1,0,0,0,0,1,0,0,0
0,0,0,0,0,99.129,0,0,0.87051,0,0,0.43526,0,0,0,0,99.129,0,0,0.43526,0,0,0,0.87051,0,0,0,99.129,0,0,0,0,0,0,0,1,0,0,0,0,1,0,0,0,0,1,0,0,0
0,1.1963,4.5804,0,2.0625,67.549,0,2.745,21.867,0,0,6.8419,1.3496,0,2.3364,1.3496,66.866,0,3.7799,4.5217,3.1056,9.8492,0,4.5804,1.1963,0,0,66.352,1.1963,0,9.6585,9.5081,7.5082,0,0,1,0,0,0,0,1,0,0,0,0,1,0,0,0
2.4783,0,0.87246,0.87246,0,86.154,3.2105,3.0625,2.3292,0.43623,0.58423,2.9145,3.6468,2.0421,0,0,85.857,0.43623,0,0.43623,3.2105,1.4567,5.3995,4.5204,3.4988,0.43623,0,83.528,0,0.43623,0.87246,1.3087,0,0,0,1,0,0,0,0,1,0,0,0,0,1,0,0,0
1.9034,2.879,5.6184,2.264,4.1675,60.7,3.2345,7.0247,11.904,0.30491,0,8.3286,1.5173,1.1074,3.8641,1.7172,57.803,0.74673,3.9905,8.6609,4.3267,7.9377,4.1268,6.6701,4.2913,2.6566,0.70614,55.43,2.669,1.4616,6.0773,8.08,7.8313,0,0,1,0,0,0,0,1,0,0,0,0,1,0,0,0
0,0.87118,6.2942,0.34749,3.9577,61.942,0.7214,2.3024,23.564,0,0,7.5762,1.1368,0.34749,4.6123,0.7887,62.876,0,2.6763,6.2892,2.9566,10.74,0,6.2942,0.87118,0,0,61.071,0.87118,0,7.1939,16.311,7.3874,0,0,0.018519,0.018519,0.96296,0,0,1,0,0,0,0,1,0,0,0
0,0.45618,3.7692,2.1807,3.7913,72.301,1.2319,1.376,14.894,0,0,5.2388,1.2458,0.87887,3.4463,0.32828,73.686,0,1.729,3.6097,2.8759,6.9615,0,3.7692,0.45618,0,0,71.478,0.45618,0,6.6965,11.67,5.4734,0,0,0,0.15152,0.84848,0,0,1,0,0,0,0,1,0,0,0
1.0289,2.0304,7.0003,2.9706,5.6277,57.738,3.8796,3.9066,15.605,0.21354,0,7.101,2.99,1.4076,4.9061,0.73742,56.947,0.83476,4.3542,6.7918,3.7995,10.131,2.0282,8.0486,2.5543,2.0961,0.26194,54.281,1.6033,0.40767,9.043,10.12,9.5559,0,0,0.054545,0.12727,0.81818,0,0,1,0,0,0,0,1,0,0,0
1.0122,1.5186,3.2309,6.2118,8.3205,61.085,4.5084,5.4843,8.0021,0.62646,0,4.4433,5.4929,1.7572,3.8946,1.9623,61.275,1.5528,3.7236,4.3449,4.4374,7.1156,3.4017,5.0066,2.5449,3.0374,0.51312,56.499,1.0565,0.48938,7.1719,10.179,10.1,0,0,0,0.11864,0.88136,0,0,1,0,0,0,0,1,0,0,0
2.4839,3.1929,4.9304,1.2651,7.562,44.713,16.13,9.5873,3.6725,6.0371,0.42567,9.3439,7.3838,5.3269,8.5317,10.665,36.527,1.6311,6.6852,5.4442,4.9235,3.5378,4.942,11.794,9.0304,11.944,6.5822,32.931,3.5498,2.9804,3.2104,3.36,9.6754,0,0,1,0,0,0,0,1,0,0,0,0,1,0,0,0
3.7233,0.96344,6.8521,0,2.7289,62.383,8.425,4.3667,6.9956,2.0592,1.5026,9.9556,3.2229,4.5982,6.263,4.9179,56.807,2.1905,3.1043,3.5064,2.4322,3.0024,3.0139,10.631,5.4683,6.9444,3.3079,53.669,3.0476,2.3228,0.54788,5.1852,5.8623,0,0,1,0,0,0,0,1,0,0,0,0,1,0,0,0
1.2599,1.1915,1.5397,4.4889,7.9114,51.418,16.199,7.9561,5.2304,2.5046,0.30045,5.3646,6.9699,7.6937,5.1522,8.1116,47.986,1.5341,3.1657,3.6543,6.8681,3.4993,6.2602,5.9845,3.5651,7.4851,2.4484,43.589,1.6761,1.2448,4.0731,9.54,14.133,0,0,0.019608,0.35294,0.62745,0,0,1,0,0,0,0,1,0,0,0
1.8174,1.718,1.3427,7.9747,8.3953,54.678,12.626,6.4013,2.7775,2.04,0.22951,4.3929,8.4141,4.8795,4.0917,5.0262,52.706,3.3428,2.7054,4.1357,7.0478,3.2578,7.8268,5.4754,3.4905,6.584,1.5643,47.508,1.074,0.80668,5.5086,9.5181,10.644,0,0,0.033333,0.16667,0.8,0,0,1,0,0,0,0,1,0,0,0
0,0,4.0796,1.5083,3.6013,71.869,6.4341,3.2073,7.6115,1.6892,0,3.1761,4.0504,2.5066,4.9836,2.5518,72.344,1.2386,0.58461,2.631,3.0392,2.8936,5.7862,6.0611,0,1.1369,0.84461,67.234,0.58461,0.58461,0.29231,6.3073,11.169,0,0,0,0.40741,0.59259,0,0,0.98148,0.018519,0,0,0,0.98148,0.018519,0,0
1.2182,0.87851,2.5958,3.8096,5.0584,69.431,7.9917,3.6589,3.904,1.2182,0.23542,3.9358,3.2953,4.6129,2.8044,2.534,70.48,2.2723,0.8423,2.2723,5.1888,1.7624,7.4324,4.0856,2.2597,2.5675,0.53886,66.337,0,0,1.1949,6.6551,8.9285,0,0,0.016949,0.28814,0.69492,0,0,0.94915,0.050847,0,0,0,0.94915,0.050847,0,0
0.85121,0.35498,5.745,0,1.1207,77.422,1.0649,2.0483,7.8649,3.0317,0.49623,7.0314,2.8141,1.3474,6.3332,0.70996,74.143,0.85121,0.70996,1.8865,0.35498,3.8185,0.85121,8.9179,1.4199,2.5445,2.8141,73.119,1.617,0.49623,0,3.0631,5.1569,0,0,1,0,0,0,0,1,0,0,0,0,1,0,0,0
1.0724,0,4.9374,0,0,73.74,0.68866,1.1716,16.047,2.3432,0,7.988,1.1716,0,8.3175,0,73.92,0,0,2.1835,0.68866,5.7306,0,7.2806,1.0724,1.1716,1.1716,72.568,0,0,0.78385,7.0091,8.9428,0,0,0.98485,0,0.015152,0,0,1,0,0,0,0,1,0,0,0
1.8546,0,5.1458,0,0.3873,79.094,0,0.46647,12.119,0.93295,0,6.4231,0.85377,0.57932,4.5651,0,79.175,0,0.57932,2.0896,0,5.7351,0,6.0787,1.8546,0.46647,0.85377,78.24,0.3873,0,0.57932,5.3378,6.2016,0,0,1,0,0,0,0,1,0,0,0,0,1,0,0,0
0.50169,0,6.7043,0,0,71.745,0,0,21.049,0,0,7.9022,0,1.9509,3.5258,0,74.098,0,1.4156,2.6443,0,8.4633,0,6.7043,0.50169,0,0,71.745,0,0,2.8324,9.0476,9.1686,0,0,0.98529,0,0.014706,0,0,1,0,0,0,0,1,0,0,0
0,0,8.2259,0,0,73.275,1.9416,0.3701,15.447,0.7402,0,6.0612,0.71293,0.74481,8.6711,0.34283,73.926,0,0,3.4559,1.2559,4.8298,0,8.9661,0,0.3701,0.3701,72.562,0,0,1.5521,9.0381,7.1415,0,0,0.018519,0.33333,0.64815,0,0,1,0,0,0,0,1,0,0,0
0,0,2.8264,0.32287,1.0299,82.152,3.8096,0.32287,9.5364,0,0,3.658,1.5701,0.86313,3.2791,0.86313,83.404,0.32287,0,1.7361,2.0833,2.2204,1.2915,2.8264,0,0,0,80.966,0,0,0.42831,7.2114,7.2764,0,0,0.016129,0.17742,0.80645,0,0,0.98387,0.016129,0,0,0,0.98387,0.016129,0,0
0,0,9.3956,0,0,71.038,0,0,19.567,0,0,6.6316,0,1.735,5.0178,0,73.281,0,1.3288,4.0951,0,7.9103,0,9.3956,0,0,0,71.038,0,0,0.77293,10.059,8.735,0,0,0.019231,0.17308,0.80769,0,0,1,0,0,0,0,1,0,0,0
0,0,5.1255,0,0,83.037,0.3615,0,11.476,0,0,3.8102,0,1.0893,3.8644,0,84.493,0,0.40747,2.0783,0.3615,3.8958,0,5.1255,0,0,0,83.037,0,0,1.0214,5.5681,5.2484,0,0,0,0.13115,0.86885,0,0,1,0,0,0,0,1,0,0,0
0,0,3.8786,0,0,85.474,0,0,10.647,0,0,2.2481,4.9269,0,0,0.70689,89.13,0,0,0,1.2066,1.782,0.49968,0.70689,1.2066,0,0,85.474,0,0,3.1555,7.6746,1.2823,0,0,0,0.14583,0.85417,0,0,1,0,0,0,0,1,0,0,0
0,0,0.66427,0,0,99.336,0,0,0,0,0,0,0,0,0,0,100,0,0,0,0,0,0.66427,0,0,0,0,99.336,0,0,0,0,0,0,0,0,0.26316,0.73684,0,0,1,0,0,0,0,1,0,0,0
0,0,4.3986,0,0,93.398,0,0,2.203,0,0,0.44533,0.43352,0,0,1.8834,94.464,0,0,0.44533,1.8834,0.44533,0.63175,1.8834,1.8834,0,0,93.398,0,0,0.87885,0.87885,0.44533,0,0,0,0.20968,0.79032,0,0,1,0,0,0,0,1,0,0,0
0,0,0,0,0,100,0,0,0,0,0,0,0,0,0,0,100,0,0,0,0,0,0,0,0,0,0,100,0,0,0,0,0,0,0,0,0.16667,0.83333,0,0,1,0,0,0,0,1,0,0,0
0,0,0,0,0,100,0,0,0,0,0,0,0,0,0,0,100,0,0,0,0,0,0,0,0,0,0,100,0,0,0,0,0,0,0,0,0.069767,0.93023,0,0,1,0,0,0,0,1,0,0,0
0,0,0,0,0,100,0,0,0,0,0,0,0,0,0,0,100,0,0,0,0,0,0,0,0,0,0,100,0,0,0,0,0,0,0,0,0.26316,0.73684,0,0,1,0,0,0,0,1,0,0,0
0,0,0,0,0,100,0,0,0,0,0,0,0,0,0,0,100,0,0,0,0,0,0,0,0,0,0,100,0,0,0,0,0,0,0,0.033898,0.20339,0.76271,0,0,1,0,0,0,0,1,0,0,0
0,0,4.3712,0,0,93.534,0,0,2.0947,0,0,1.0313,0,0,0,2.1856,93.534,0.36517,0,0,2.1856,0.69823,0,2.1856,2.1856,0,0,93.534,0,0,1.0634,0.33306,0.69823,0,0,0,0.24528,0.75472,0,0,1,0,0,0,0,1,0,0,0
0,0,0,0,0,100,0,0,0,0,0,0,0,0,0,0,100,0,0,0,0,0,0,0,0,0,0,100,0,0,0,0,0,0,0,0,0.16327,0.83673,0,0,1,0,0,0,0,1,0,0,0
0,0,3.6728,0,0,95.403,0,0,0.92464,0,0,0.46232,0,0,0,1.05,96.189,0,0,0,1.8364,0.46232,0,1.8364,1.8364,0,0,95.403,0,0,0,0,0.92464,0,0,0.017857,0.30357,0.67857,0,0,1,0,0,0,0,1,0,0,0
0,0,0,0,0,100,0,0,0,0,0,0,0,0,0,0,100,0,0,0,0,0,0,0,0,0,0,100,0,0,0,0,0,0,0,0,0.23881,0.76119,0,0,1,0,0,0,0,1,0,0,0
0,0,0,0,0,100,0,0,0,0,0,0,0,0,0,0,100,0,0,0,0,0,0,0,0,0,0,100,0,0,0,0,0,0,0,0.013889,0.18056,0.80556,0,0,1,0,0,0,0,1,0,0,0
0,0,0,0,0,100,0,0,0,0,0,0,0,0,0,0,100,0,0,0,0,0,0,0,0,0,0,100,0,0,0,0,0,0,0,0,0.18841,0.81159,0,0,1,0,0,0,0,1,0,0,0
0,0,0,0,0,100,0,0,0,0,0,0,0,0,0,0,100,0,0,0,0,0,0,0,0,0,0,100,0,0,0,0,0,0,0,0.085714,0.18571,0.72857,0,0,1,0,0,0,0,1,0,0,0
0,0,0,0,0,100,0,0,0,0,0,0,0,0,0,0,100,0,0,0,0,0,0,0,0,0,0,100,0,0,0,0,0,0,0,0,0.12329,0.87671,0,0,1,0,0,0,0,1,0,0,0
0,0,6.1842,0,0,92.234,0,0,1.5822,0,0,0.52741,0,0.43198,1.377,0,93.517,0,0,0.43198,2.6601,1.0548,0,3.5241,2.6601,0,0,92.234,0,0,0.52741,0.52741,0.52741,0,0,0,0.28814,0.71186,0,0,1,0,0,0,0,1,0,0,0
0,0,0,0,0,100,0,0,0,0,0,0,0,0,0,0,100,0,0,0,0,0,0,0,0,0,0,100,0,0,0,0,0,0,0,0,0.16,0.84,0,0,1,0,0,0,0,1,0,0,0
0,0,5.6459,0,0,94.354,0,0,0,0,0,0,0,1.206,1.2218,0,94.749,0,0,1.206,1.6169,0,0,4.029,1.6169,0,0,94.354,0,0,0,0,0,0,0,0,0.18033,0.81967,0,0,1,0,0,0,0,1,0,0,0
0,0,0,0,0,100,0,0,0,0,0,0,0,0,0,0,100,0,0,0,0,0,0,0,0,0,0,100,0,0,0,0,0,0,0,0,0.13636,0.86364,0,0,1,0,0,0,0,1,0,0,0
0,0,0,0,0,100,0,0,0,0,0,0,0,0,0,0,100,0,0,0,0,0,0,0,0,0,0,100,0,0,0,0,0,0,0,0.092308,0.076923,0.83077,0,0,1,0,0,0,0,1,0,0,0
0,0,0,0,0,100,0,0,0,0,0,0,0,0,0,0,100,0,0,0,0,0,0,0,0,0,0,100,0,0,0,0,0,0,0,0.014085,0.098592,0.88732,0,0,1,0,0,0,0,1,0,0,0
0,0,0,0,0,100,0,0,0,0,0,0,0,0,0,0,100,0,0,0,0,0,0,0,0,0,0,100,0,0,0,0,0,0,0,0,0.13636,0.86364,0,0,1,0,0,0,0,1,0,0,0
0,0,0,0,0,100,0,0,0,0,0,0,0,0,0,0,100,0,0,0,0,0,0,0,0,0,0,100,0,0,0,0,0,0,0,0.015625,0.28125,0.70312,0,0,1,0,0,0,0,1,0,0,0
0,0,0,0,0,100,0,0,0,0,0,0,0,0,0,0,100,0,0,0,0,0,0,0,0,0,0,100,0,0,0,0,0,0,0,0.016667,0.25,0.73333,0,0,1,0,0,0,0,1,0,0,0
0,0,0,0,0,100,0,0,0,0,0,0,0,0,0,0,100,0,0,0,0,0,0,0,0,0,0,100,0,0,0,0,0,0,0,0.039216,0.17647,0.78431,0,0,1,0,0,0,0,1,0,0,0
0,0,0,0,0,100,0,0,0,0,0,0,0,0,0,0,100,0,0,0,0,0,0,0,0,0,0,100,0,0,0,0,0,0,0,0,0.25758,0.74242,0,0,1,0,0,0,0,1,0,0,0
0,0,0,0,0,100,0,0,0,0,0,0,0,0,0,0,100,0,0,0,0,0,0,0,0,0,0,100,0,0,0,0,0,0,0,0.018182,0.12727,0.85455,0,0,1,0,0,0,0,1,0,0,0
0,0,0,0,0,100,0,0,0,0,0,0,0,0,0,0,100,0,0,0,0,0,0,0,0,0,0,100,0,0,0,0,0,0,0,0.017241,0.18966,0.7931,0,0,1,0,0,0,0,1,0,0,0
0,0,0,0,0,100,0,0,0,0,0,0,0,0,0,0,100,0,0,0,0,0,0,0,0,0,0,100,0,0,0,0,0,0,0,0.14545,0.34545,0.50909,0,0,1,0,0,0,0,1,0,0,0
0,0,0,0,0,100,0,0,0,0,0,0,0,0,0,0,100,0,0,0,0,0,0,0,0,0,0,100,0,0,0,0,0,0,0,0,0.15068,0.84932,0,0,1,0,0,0,0,1,0,0,0
0,0,0,0,0,100,0,0,0,0,0,0,0,0,0,0,100,0,0,0,0,0,0,0,0,0,0,100,0,0,0,0,0,0,0,0,0.016667,0.98333,0,0,1,0,0,0,0,1,0,0,0
0,0,4.2331,0,0,95.767,0,0,0,0,0,0,0,1.6887,0.42781,0,95.767,0,0,1.6887,0.42781,0,0,3.8052,0.42781,0,0,95.767,0,0,0,0,0,0,0,0,0.047619,0.95238,0,0,1,0,0,0,0,1,0,0,0
0,0,0,0,0,100,0,0,0,0,0,0,0,0,0,0,100,0,0,0,0,0,0,0,0,0,0,100,0,0,0,0,0,0,0,0,0.26316,0.73684,0,0,1,0,0,0,0,1,0,0,0
0,0,5.8224,0,0,92.092,0,0,2.0856,0,0,0.85387,2.2214,1.0677,0,0,92.092,0.61567,1.6057,0.68979,0,0.85387,0,5.2068,0.61567,0,0,92.092,0,0,0.37788,0.85387,0.85387,0,0,0.018519,0.37037,0.61111,0,0,1,0,0,0,0,1,0,0,0
0,0,0.7871,0,0,99.213,0,0,0,0,0,0,0.39355,0,0,0,99.213,0,0.39355,0,0,0,0,0.7871,0,0,0,99.213,0,0,0,0,0,0,0,0,0.23171,0.76829,0,0,1,0,0,0,0,1,0,0,0
0,0,0,0,0,100,0,0,0,0,0,0,0,0,0,0,100,0,0,0,0,0,0,0,0,0,0,100,0,0,0,0,0,0,0,0,0.073171,0.92683,0,0,1,0,0,0,0,1,0,0,0
0,0,0,0,0,100,0,0,0,0,0,0,0,0,0,0,100,0,0,0,0,0,0,0,0,0,0,100,0,0,0,0,0,0,0,0,0.27143,0.72857,0,0,1,0,0,0,0,1,0,0,0
0,0,0,0,0,100,0,0,0,0,0,0,0,0,0,0,100,0,0,0,0,0,0,0,0,0,0,100,0,0,0,0,0,0,0,0.011905,0.20238,0.78571,0,0,1,0,0,0,0,1,0,0,0
0,0,0,0,0,100,0,0,0,0,0,0,0,0,0,0,100,0,0,0,0,0,0,0,0,0,0,100,0,0,0,0,0,0,0,0,0.24051,0.75949,0,0,1,0,0,0,0,1,0,0,0
0,0,5.4508,0,0,94.549,0,0,0,0,0,0,2.7254,0,0,0,95.206,1.365,0.70342,0,0,0,0,3.4288,2.022,0,0,94.549,0,0,0,0,0,0,0,0,0.25882,0.74118,0,0,1,0,0,0,0,1,0,0,0
0,0,0,0,0,100,0,0,0,0,0,0,0,0,0,0,100,0,0,0,0,0,0,0,0,0,0,100,0,0,0,0,0,0,0,0,0.25287,0.74713,0,0,1,0,0,0,0,1,0,0,0
0,0,6.7434,0,0,90.926,0,0,2.3307,0,0,0.94192,2.6358,0,0,0,93.508,0.7898,0,0,0.7359,1.3888,0,3.3717,3.3717,0,0,90.926,0,0,0.44691,0.94192,0.94192,0,0,0.046875,0.26562,0.6875,0,0,1,0,0,0,0,1,0,0,0
0,0,0,0,0,100,0,0,0,0,0,0,0,0,0,0,100,0,0,0,0,0,0,0,0,0,0,100,0,0,0,0,0,0,0,0,0.20238,0.79762,0,0,1,0,0,0,0,1,0,0,0
0,0,0,0,0,100,0,0,0,0,0,0,0,0,0,0,100,0,0,0,0,0,0,0,0,0,0,100,0,0,0,0,0,0,0,0.025641,0.17949,0.79487,0,0,1,0,0,0,0,1,0,0,0
0,0,0,0,0,100,0,0,0,0,0,0,0,0,0,0,100,0,0,0,0,0,0,0,0,0,0,100,0,0,0,0,0,0,0,0,0.1978,0.8022,0,0,1,0,0,0,0,1,0,0,0
0,0,0,0,0,100,0,0,0,0,0,0,0,0,0,0,100,0,0,0,0,0,0,0,0,0,0,100,0,0,0,0,0,0,0,0.089744,0.10256,0.80769,0,0,1,0,0,0,0,1,0,0,0
0,0,0,0,0,100,0,0,0,0,0,0,0,0,0,0,100,0,0,0,0,0,0,0,0,0,0,100,0,0,0,0,0,0,0,0,0.1978,0.8022,0,0,1,0,0,0,0,1,0,0,0
0,0,0,0,0,100,0,0,0,0,0,0,0,0,0,0,100,0,0,0,0,0,0,0,0,0,0,100,0,0,0,0,0,0,0,0,0.04878,0.95122,0,0,1,0,0,0,0,1,0,0,0
0,0,0,0,0,100,0,0,0,0,0,0,0,0,0,0,100,0,0,0,0,0,0,0,0,0,0,100,0,0,0,0,0,0,0,0.15094,0.24528,0.60377,0,0,1,0,0,0,0,1,0,0,0
0,0,0,0,0,100,0,0,0,0,0,0,0,0,0,0,100,0,0,0,0,0,0,0,0,0,0,100,0,0,0,0,0,0,0,0.028169,0.15493,0.8169,0,0,1,0,0,0,0,1,0,0,0
0,0,0,0,0,100,0,0,0,0,0,0,0,0,0,0,100,0,0,0,0,0,0,0,0,0,0,100,0,0,0,0,0,0,0,0,0.19298,0.80702,0,0,1,0,0,0,0,1,0,0,0
0,0,0,0,0,100,0,0,0,0,0,0,0,0,0,0,100,0,0,0,0,0,0,0,0,0,0,100,0,0,0,0,0,0,0,0,0.26829,0.73171,0,0,1,0,0,0,0,1,0,0,0
0,0,0,0,0,100,0,0,0,0,0,0,0,0,0,0,100,0,0,0,0,0,0,0,0,0,0,100,0,0,0,0,0,0,0,0.019608,0.29412,0.68627,0,0,1,0,0,0,0,1,0,0,0
0,0,0,0,0,100,0,0,0,0,0,0,0,0,0,0,100,0,0,0,0,0,0,0,0,0,0,100,0,0,0,0,0,0,0,0.03125,0.34375,0.625,0,0,1,0,0,0,0,1,0,0,0
0,0,0,0,0,100,0,0,0,0,0,0,0,0,0,0,100,0,0,0,0,0,0,0,0,0,0,100,0,0,0,0,0,0,0,0,0.13208,0.86792,0,0,1,0,0,0,0,1,0,0,0
0,0,5.0557,0,0,94.944,0,0,0,0,0,0,0.90762,0,0,0,97.472,0,0,0,1.6202,0,0,2.5278,2.5278,0,0,94.944,0,0,0,0,0,0,0,0,0.21333,0.78667,0,0,1,0,0,0,0,1,0,0,0
0,0,0,0,0,100,0,0,0,0,0,0,0,0,0,0,100,0,0,0,0,0,0,0,0,0,0,100,0,0,0,0,0,0,0,0,0.16495,0.83505,0,0,1,0,0,0,0,1,0,0,0
0,0,5.2915,0,0,94.708,0,0,0,0,0,0,2.6458,0,0,0,95.857,1.4977,0,0,0,0,0,2.6458,2.6458,0,0,94.708,0,0,0,0,0,0,0,0,0.15789,0.84211,0,0,1,0,0,0,0,1,0,0,0
0,0,0,0,0,100,0,0,0,0,0,0,0,0,0,0,100,0,0,0,0,0,0,0,0,0,0,100,0,0,0,0,0,0,0,0,0.17978,0.82022,0,0,1,0,0,0,0,1,0,0,0
0,0,0,0,0,100,0,0,0,0,0,0,0,0,0,0,100,0,0,0,0,0,0,0,0,0,0,100,0,0,0,0,0,0,0,0.045455,0.068182,0.88636,0,0,1,0,0,0,0,1,0,0,0
0,0,0,0,0,100,0,0,0,0,0,0,0,0,0,0,100,0,0,0,0,0,0,0,0,0,0,100,0,0,0,0,0,0,0,0,0.12632,0.87368,0,0,1,0,0,0,0,1,0,0,0
0,0,0,0,0,100,0,0,0,0,0,0,0,0,0,0,100,0,0,0,0,0,0,0,0,0,0,100,0,0,0,0,0,0,0,0,0.085106,0.91489,0,0,1,0,0,0,0,1,0,0,0
0,0,0,0,0,100,0,0,0,0,0,0,0,0,0,0,100,0,0,0,0,0,0,0,0,0,0,100,0,0,0,0,0,0,0,0.011905,0.33333,0.65476,0,0,1,0,0,0,0,1,0,0,0
0,0,6.6026,0,0,93.397,0,0,0,0,0,0,2.3294,0,0,0,96.104,0.59459,0,0,0.97186,0,0,3.3013,3.3013,0,0,93.397,0,0,0,0,0,0,0,0,0.21429,0.78571,0,0,1,0,0,0,0,1,0,0,0
0,0,0,0,0,100,0,0,0,0,0,0,0,0,0,0,100,0,0,0,0,0,0,0,0,0,0,100,0,0,0,0,0,0,0,0,0.26923,0.73077,0,0,1,0,0,0,0,1,0,0,0
0,0,4.8209,0,0,93.221,0,0,1.9583,0,0,0,1.191,0,0,1.3614,95.277,0,0,0,2.1706,0,0,2.7648,2.0561,0,0,93.221,0,0,0,1.3055,0.65276,0,0,0.017241,0.34483,0.63793,0,0,1,0,0,0,0,1,0,0,0
0,0,0.9268,0,0,99.073,0,0,0,0,0,0,0,0,0,0,99.537,0,0,0,0.4634,0,0,0.4634,0.4634,0,0,99.073,0,0,0,0,0,0,0,0,0.18966,0.81034,0,0,1,0,0,0,0,1,0,0,0
0,0,0,0,0,100,0,0,0,0,0,0,0,0,0,0,100,0,0,0,0,0,0,0,0,0,0,100,0,0,0,0,0,0,0,0,0.1,0.9,0,0,1,0,0,0,0,1,0,0,0
0,0,0,0,0,100,0,0,0,0,0,0,0,0,0,0,100,0,0,0,0,0,0,0,0,0,0,100,0,0,0,0,0,0,0,0,0.2619,0.7381,0,0,1,0,0,0,0,1,0,0,0
0,0,0,0,0,100,0,0,0,0,0,0,0,0,0,0,100,0,0,0,0,0,0,0,0,0,0,100,0,0,0,0,0,0,0,0.013333,0.2,0.78667,0,0,1,0,0,0,0,1,0,0,0
0,0,0,0,0,100,0,0,0,0,0,0,0,0,0,0,100,0,0,0,0,0,0,0,0,0,0,100,0,0,0,0,0,0,0,0,0.25,0.75,0,0,1,0,0,0,0,1,0,0,0
0,0,0,0,0,100,0,0,0,0,0,0,0,0,0,0,100,0,0,0,0,0,0,0,0,0,0,100,0,0,0,0,0,0,0,0.012346,0.22222,0.76543,0,0,1,0,0,0,0,1,0,0,0
0,0,0,0,0,100,0,0,0,0,0,0,0,0,0,0,100,0,0,0,0,0,0,0,0,0,0,100,0,0,0,0,0,0,0,0,0.11864,0.88136,0,0,1,0,0,0,0,1,0,0,0
0,0,0,0,0,100,0,0,0,0,0,0,0,0,0,0,100,0,0,0,0,0,0,0,0,0,0,100,0,0,0,0,0,0,0,0,0.1358,0.8642,0,0,1,0,0,0,0,1,0,0,0
0,0,0,0,0,100,0,0,0,0,0,0,0,0,0,0,100,0,0,0,0,0,0,0,0,0,0,100,0,0,0,0,0,0,0,0,0.18182,0.81818,0,0,1,0,0,0,0,1,0,0,0
0,0,0,0,0,100,0,0,0,0,0,0,0,0,0,0,100,0,0,0,0,0,0,0,0,0,0,100,0,0,0,0,0,0,0,0,0.023256,0.97674,0,0,1,0,0,0,0,1,0,0,0
0,0,0,0,0,100,0,0,0,0,0,0,0,0,0,0,100,0,0,0,0,0,0,0,0,0,0,100,0,0,0,0,0,0,0,0.016129,0.27419,0.70968,0,0,1,0,0,0,0,1,0,0,0
0,0,0,0,0,100,0,0,0,0,0,0,0,0,0,0,100,0,0,0,0,0,0,0,0,0,0,100,0,0,0,0,0,0,0,0.03125,0.28125,0.6875,0,0,1,0,0,0,0,1,0,0,0
0,0,0,0,0,100,0,0,0,0,0,0,0,0,0,0,100,0,0,0,0,0,0,0,0,0,0,100,0,0,0,0,0,0,0,0,0.33333,0.66667,0,0,1,0,0,0,0,1,0,0,0
0,0,3.5712,0,0,93.56,0,0,2.8683,0,0,0,0.9561,0,0,2.7423,93.942,0,0,0,1.9005,0.4592,0,3.1897,0.38151,0,0,93.56,0,0,0,2.3714,0.4969,0,0,0,0.31944,0.68056,0,0,1,0,0,0,0,1,0,0,0
0,0,0.46601,0,0,99.534,0,0,0,0,0,0,0,0,0,0.46601,99.534,0,0,0,0,0,0,0.46601,0,0,0,99.534,0,0,0,0,0,0,0,0,0.18919,0.81081,0,0,1,0,0,0,0,1,0,0,0
0,0,4.412,0,0,91.793,0,0,3.7952,0,0,0.80945,0.45563,0,1.2278,2.0299,91.793,0,0,0.41837,2.8104,0.45563,0,4.412,0,0,0,91.793,0,0,0.80945,2.9858,0,0,0,0.028986,0.36232,0.6087,0,0,1,0,0,0,0,1,0,0,0
0,0,0.89852,0,0,99.101,0,0,0,0,0,0,0,0,0,0.44926,99.101,0,0,0,0.44926,0,0,0.89852,0,0,0,99.101,0,0,0,0,0,0,0,0,0.13415,0.86585,0,0,1,0,0,0,0,1,0,0,0
0,0,0,0,0,100,0,0,0,0,0,0,0,0,0,0,100,0,0,0,0,0,0,0,0,0,0,100,0,0,0,0,0,0,0,0.083333,0.125,0.79167,0,0,1,0,0,0,0,1,0,0,0
0,0,0,0,0,100,0,0,0,0,0,0,0,0,0,0,100,0,0,0,0,0,0,0,0,0,0,100,0,0,0,0,0,0,0,0,0.15663,0.84337,0,0,1,0,0,0,0,1,0,0,0
0,0,0,0,0,100,0,0,0,0,0,0,0,0,0,0,100,0,0,0,0,0,0,0,0,0,0,100,0,0,0,0,0,0,0,0.10588,0.094118,0.8,0,0,1,0,0,0,0,1,0,0,0
0,0,0,0,0,100,0,0,0,0,0,0,0,0,0,0,100,0,0,0,0,0,0,0,0,0,0,100,0,0,0,0,0,0,0,0,0.24675,0.75325,0,0,1,0,0,0,0,1,0,0,0
0,0,1.8438,2.3417,3.1411,85.121,1.8438,2.8747,2.45,0.38448,0,4.7905,1.4957,0,2.2283,0,86.369,2.2283,0,0.34814,1.8438,0.69628,4.3606,6.4501,1.6675,2.1019,0,81.781,0,2.12,0.69628,0.8227,0,0,0,0.92308,0.057692,0.019231,0,0,1,0,0,0,0,0.88462,0.096154,0.019231,0
0,0,4.446,2.5425,0.43512,89.705,0.43512,0,2.4361,0,0,0.81205,0.43512,0.43512,2.545,0.49007,91.813,0,0,1.7329,1.7372,0,0,4.446,0,0,0,89.705,0,0,3.3546,2.4943,0,0,0,0,0.20548,0.79452,0,0,1,0,0,0,0,1,0,0,0
0,0,0,1.3317,0,98.668,0,0,0,0,0,0,0,0,0,0,100,0,0,0,0,0,0,0,0,0,0,98.668,0,0,1.3317,0,0,0,0,0,0.13684,0.86316,0,0,1,0,0,0,0,1,0,0,0
0.30146,0.60291,3.4608,5.4374,2.6911,84.214,1.7849,0.90437,0.30146,0.30146,0,0.30146,4.9686,0.8805,3.541,0.30146,83.308,1.6746,0.30146,1.7304,2.3896,0.60291,0.60291,4.3652,0.60291,0.90437,0,82.705,0,0,3.158,5.851,1.8106,0,0,0,0.13333,0.86667,0,0,1,0,0,0,0,1,0,0,0
0,0,0,4.2777,0.45284,95.27,0,0,0,0,0,0,1.327,0,0.45284,0,96.893,0.87418,0,0,0.45284,0,0,0,0,0,0,94.817,0,0,2.9506,1.7799,0.45284,0,0,0,0.25333,0.74667,0,0,1,0,0,0,0,1,0,0,0
0,0,0,0,0,100,0,0,0,0,0,0,0,0,0,0,100,0,0,0,0,0,0,0,0,0,0,100,0,0,0,0,0,0,0,0,0.012821,0.98718,0,0,1,0,0,0,0,1,0,0,0
0,0,0,0,0,100,0,0,0,0,0,0,0,0,0,0,100,0,0,0,0,0,0,0,0,0,0,100,0,0,0,0,0,0,0,0,0.14286,0.85714,0,0,1,0,0,0,0,1,0,0,0
0,0,0,0,0,100,0,0,0,0,0,0,0,0,0,0,100,0,0,0,0,0,0,0,0,0,0,100,0,0,0,0,0,0,0,0,0.10811,0.89189,0,0,1,0,0,0,0,1,0,0,0
0,0,0,0,0,100,0,0,0,0,0,0,0,0,0,0,100,0,0,0,0,0,0,0,0,0,0,100,0,0,0,0,0,0,0,0.014286,0.38571,0.6,0,0,1,0,0,0,0,1,0,0,0
0,0,0,0,0,100,0,0,0,0,0,0,0,0,0,0,100,0,0,0,0,0,0,0,0,0,0,100,0,0,0,0,0,0,0,0,0.27397,0.72603,0,0,1,0,0,0,0,1,0,0,0
0,0,0,0,0,100,0,0,0,0,0,0,0,0,0,0,100,0,0,0,0,0,0,0,0,0,0,100,0,0,0,0,0,0,0,0,0.26786,0.73214,0,0,1,0,0,0,0,1,0,0,0
0,0,0,0,0,100,0,0,0,0,0,0,0,0,0,0,100,0,0,0,0,0,0,0,0,0,0,100,0,0,0,0,0,0,0,0.015625,0.21875,0.76562,0,0,1,0,0,0,0,1,0,0,0
0,0,0,0,0,100,0,0,0,0,0,0,0,0,0,0,100,0,0,0,0,0,0,0,0,0,0,100,0,0,0,0,0,0,0,0,0.038462,0.96154,0,0,1,0,0,0,0,1,0,0,0
0,0,0,0,0,100,0,0,0,0,0,0,0,0,0,0,100,0,0,0,0,0,0,0,0,0,0,100,0,0,0,0,0,0,0,0,0.12698,0.87302,0,0,1,0,0,0,0,1,0,0,0
0,0,0,0,0,100,0,0,0,0,0,0,0,0,0,0,100,0,0,0,0,0,0,0,0,0,0,100,0,0,0,0,0,0,0,0,0,1,0,0,1,0,0,0,0,1,0,0,0
0,0,0,0,0,100,0,0,0,0,0,0,0,0,0,0,100,0,0,0,0,0,0,0,0,0,0,100,0,0,0,0,0,0,0,0,0.10938,0.89062,0,0,1,0,0,0,0,1,0,0,0
0,0,0,0,0,100,0,0,0,0,0,0,0,0,0,0,100,0,0,0,0,0,0,0,0,0,0,100,0,0,0,0,0,0,0,0.023256,0.093023,0.88372,0,0,1,0,0,0,0,1,0,0,0
0.8052,0.85636,1.1885,6.5008,4.3801,79.957,2.9656,2.2386,0.30251,0.8052,0,1.4287,5.1759,3.5099,2.8236,1.2194,79.085,1.1077,0.30251,0.88986,3.1866,1.2705,2.4387,2.8501,0.85636,1.6616,0,76.534,0,0,3.7525,6.4358,5.4706,0,0,0,0.21875,0.78125,0,0,1,0,0,0,0,1,0,0,0
0,0,0.22784,4.9941,1.9488,92.146,0.22784,0.45569,0,0,0,1.0187,3.3943,1.7022,0.40095,0.22784,90.726,1.6733,0,0,0.62879,0.22784,0.45569,0.22784,0,0,0,90.498,0,0,2.692,3.7952,2.331,0,0,0,0.24242,0.75758,0,0,1,0,0,0,0,1,0,0,0
0.45538,0.22769,0.62957,3.4659,0.93704,90.134,2.7579,0.93704,0,0.45538,0,1.5917,1.8607,3.6865,0.61644,1.3855,88.309,0.93057,0,0.45538,0.69621,0.46852,1.3924,1.3126,0.22769,0.68307,0,87.612,0,0,2.0669,2.3161,4.3889,0,0,0,0.32203,0.67797,0,0,1,0,0,0,0,1,0,0,0
0,0,0,0.58573,1.6888,97.725,0,0,0,0,0,0.58573,1.6888,0.58573,0,0,97.14,0,0,0,0,0,0,0,0,0,0,97.14,0,0,0.58573,1.6888,0.58573,0,0,0,0.18919,0.81081,0,0,1,0,0,0,0,1,0,0,0
0,0,0,0,0,100,0,0,0,0,0,0,0,0,0,0,100,0,0,0,0,0,0,0,0,0,0,100,0,0,0,0,0,0,0,0,0.12,0.88,0,0,1,0,0,0,0,1,0,0,0
0,0,0,0,0,100,0,0,0,0,0,0,0,0,0,0,100,0,0,0,0,0,0,0,0,0,0,100,0,0,0,0,0,0,0,0,0.29851,0.70149,0,0,1,0,0,0,0,1,0,0,0
0,0,0,0,0,100,0,0,0,0,0,0,0,0,0,0,100,0,0,0,0,0,0,0,0,0,0,100,0,0,0,0,0,0,0,0.021739,0.23913,0.73913,0,0,1,0,0,0,0,1,0,0,0
0,0,0,0,0,100,0,0,0,0,0,0,0,0,0,0,100,0,0,0,0,0,0,0,0,0,0,100,0,0,0,0,0,0,0,0,0.17333,0.82667,0,0,1,0,0,0,0,1,0,0,0
0,0,3.4135,0,0.47349,94.208,0.73393,0,1.1707,0,0,0.39023,0.84046,0.69676,1.9813,0.36696,94.232,0,0,1.1024,0,0.39023,0,3.4135,0,0,0,93.841,0,0,0,1.2307,1.5144,0,0,0.035714,0.35714,0.60714,0,0,1,0,0,0,0,1,0,0,0
0,0,0,0,0.94571,99.054,0,0,0,0,0,0,0.94571,0,0,0,99.054,0,0,0,0,0,0,0,0,0,0,99.054,0,0,0,0.94571,0,0,0,0,0.25581,0.74419,0,0,1,0,0,0,0,1,0,0,0
0,0,4.1766,0,0,94.301,0,0,1.5227,0,0,0.34961,0,0.8475,1.8125,0,94.301,0,0.47391,1.8663,0,0.34961,0,4.1766,0,0,0,94.301,0,0,0.34961,0.82352,0.34961,0,0,0,0.3,0.7,0,0,1,0,0,0,0,1,0,0,0
0,0,0.61533,0,0,99.385,0,0,0,0,0,0,0,0,0.30766,0,99.385,0,0,0.30766,0,0,0,0.61533,0,0,0,99.385,0,0,0,0,0,0,0,0,0.12121,0.87879,0,0,1,0,0,0,0,1,0,0,0
0,0,0,0,0,100,0,0,0,0,0,0,0,0,0,0,100,0,0,0,0,0,0,0,0,0,0,100,0,0,0,0,0,0,0,0.097222,0.11111,0.79167,0,0,1,0,0,0,0,1,0,0,0
0,0,0,0,0,100,0,0,0,0,0,0,0,0,0,0,100,0,0,0,0,0,0,0,0,0,0,100,0,0,0,0,0,0,0,0,0.14667,0.85333,0,0,1,0,0,0,0,1,0,0,0
0,0,0,0,0,100,0,0,0,0,0,0,0,0,0,0,100,0,0,0,0,0,0,0,0,0,0,100,0,0,0,0,0,0,0,0,0,1,0,0,1,0,0,0,0,1,0,0,0
0,0,0,0,0,100,0,0,0,0,0,0,0,0,0,0,100,0,0,0,0,0,0,0,0,0,0,100,0,0,0,0,0,0,0,0,0.2,0.8,0,0,1,0,0,0,0,1,0,0,0
0,0,0,0,0,100,0,0,0,0,0,0,0,0,0,0,100,0,0,0,0,0,0,0,0,0,0,100,0,0,0,0,0,0,0,0.017241,0.068966,0.91379,0,0,1,0,0,0,0,1,0,0,0
0,0,0,0,0,100,0,0,0,0,0,0,0,0,0,0,100,0,0,0,0,0,0,0,0,0,0,100,0,0,0,0,0,0,0,0.0625,0.10417,0.83333,0,0,1,0,0,0,0,1,0,0,0
0,0,0,0,0,100,0,0,0,0,0,0,0,0,0,0,100,0,0,0,0,0,0,0,0,0,0,100,0,0,0,0,0,0,0,0.017857,0.39286,0.58929,0,0,1,0,0,0,0,1,0,0,0
0,0,0,0,0,100,0,0,0,0,0,0,0,0,0,0,100,0,0,0,0,0,0,0,0,0,0,100,0,0,0,0,0,0,0,0.047619,0.22222,0.73016,0,0,1,0,0,0,0,1,0,0,0
0,0,0,0,0,100,0,0,0,0,0,0,0,0,0,0,100,0,0,0,0,0,0,0,0,0,0,100,0,0,0,0,0,0,0,0.014493,0.28986,0.69565,0,0,1,0,0,0,0,1,0,0,0
0,0,0,0,0,100,0,0,0,0,0,0,0,0,0,0,100,0,0,0,0,0,0,0,0,0,0,100,0,0,0,0,0,0,0,0.037037,0.22222,0.74074,0,0,1,0,0,0,0,1,0,0,0
0,0,0,0,0,100,0,0,0,0,0,0,0,0,0,0,100,0,0,0,0,0,0,0,0,0,0,100,0,0,0,0,0,0,0,0.014706,0.20588,0.77941,0,0,1,0,0,0,0,1,0,0,0
0.66245,0,7.6822,0,0,72.045,0,0,19.61,0,0,8.8329,0,2.4507,4.5125,0,72.764,0,2.4507,2.6157,0,6.373,0,7.6822,0.66245,0,0,72.045,0,0,2.4507,10.786,6.373,0,0,1,0,0,0,0,1,0,0,0,0,1,0,0,0
0,0,4.3482,0,0,76.462,0,0,19.189,0,0,4.3889,0,0.73858,3.6356,0,76.462,0,1.353,2.1741,0,11.247,0,4.3482,0,0,0,76.462,0,0,0.76462,9.6479,8.7768,0,0,0.96825,0,0.031746,0,0,1,0,0,0,0,1,0,0,0
0,0,6.5488,0,0,73.539,0,0,19.912,0,0,6.1748,0,3.1705,3.0236,0,73.872,0,3.758,2.3003,0,7.7011,0,6.5488,0,0,0,73.539,0,0,3.1717,11.659,5.0812,0,0,0,0.021739,0.97826,0,0,1,0,0,0,0,1,0,0,0
0,0,3.6923,0,0,81.364,0,0,14.943,0,0,4.625,0,0.72283,2.9473,0,81.737,0,2.3822,1.4847,0,6.1008,0,3.6923,0,0,0,81.364,0,0,1.6542,7.6702,5.6189,0,0,0,0.16667,0.83333,0,0,1,0,0,0,0,1,0,0,0
0,0,3.7788,0,0,72.877,0,0,23.344,0,0,7.9868,0,2.9963,0.58676,0,72.877,0,6.0251,0.78252,0,8.7456,0,3.7788,0,0,0,72.877,0,0,2.8005,11.798,8.7456,0,0,0,0.051282,0.94872,0,0,1,0,0,0,0,1,0,0,0
0,0,4.9496,0,0,79.301,0,0,15.75,0,0,4.7834,0,2.757,0.82688,0,79.301,0,1.2236,1.863,0,9.2455,0,4.9496,0,0,0,79.301,0,0,1.7209,8.6302,5.3988,0,0,0.044444,0.35556,0.6,0,0,1,0,0,0,0,1,0,0,0
0,0,4.9426,0,0,89.434,0,0,5.6229,0,0,0.72902,0,1.9024,0.56891,0,89.434,0,2.4498,2.4713,0,2.4441,0,4.9426,0,0,0,89.434,0,0,0,4.1649,1.458,0,0,0,0.16667,0.83333,0,0,1,0,0,0,0,1,0,0,0
0,0,1.1242,0,0,98.876,0,0,0,0,0,0,0,0.56208,0,0,98.876,0,0,0.56208,0,0,0,1.1242,0,0,0,98.876,0,0,0,0,0,0,0,0,0.061224,0.93878,0,0,1,0,0,0,0,1,0,0,0
0,0,1.3187,0.87911,1.7582,84.156,1.9041,6.0391,3.945,0,0,0.43956,1.5377,1.3269,0.88733,3.3206,77.442,7.3482,0.43956,0,0.88733,6.3712,4.4835,4.4671,2.4251,1.3916,8.082,75.186,1.7664,0.43956,0,1.3187,0.43956,0,0,1,0,0,0,0,1,0,0,0,0,1,0,0,0
4.4794,0.96161,7.1185,4.8601,6.2092,38.298,6.6498,13.343,9.9324,5.7578,2.3903,8.7039,4.7744,3.6832,0.30308,1.9957,52.57,4.3787,0,3.0529,10.056,10.482,18.067,12.767,8.839,2.9686,0,32.891,0,5.482,8.8778,8.5104,1.5976,0,0.06,0.94,0,0,0,0,0.96,0.04,0,0.04,0.02,0.94,0,0,0
3.9375,1.1834,12.627,4.485,4.3571,29.249,8.0684,14.975,7.788,8.8739,4.455,7.8404,7.254,1.3395,0.59169,3.27,42.779,5.7342,0,6.1066,12.606,12.479,24.416,13.067,9.7127,3.5165,0,24.176,0,3.6468,10.404,8.4559,2.6047,0,0,0.98246,0,0.017544,0.017544,0.035088,0.94737,0,0,0,0,0.94737,0.035088,0.017544,0
2.8485,3.1404,3.4395,1.4162,5.5932,55.188,3.2657,13.913,3.0622,5.2681,2.8653,7.3438,4.6417,0.70548,2.4349,2.3804,65.79,2.5571,0,0.93681,6.7895,6.4203,12.716,10.205,6.7591,3.2061,0,51.872,0,2.7881,6.7449,4.783,0.92567,0,0,1,0,0,0,0,1,0,0,0,0,1,0,0,0
0,0.61647,0,0,0.61647,98.767,0,0,0,0,0,0.61647,0,0,0.61647,0,98.254,0.5127,0,0,0,0,0.5127,0.61647,0,0.61647,0,98.254,0,0,0,0,0,0,0,1,0,0,0,0,1,0,0,0,0,1,0,0,0
0,0,2.4219,0,0,92.734,0,0,4.8439,0,0,2.4219,0,0,0,0.53879,93.406,0,0,0,1.211,2.4219,0,1.211,1.211,0,0,92.734,0,0,2.4219,0,2.4219,0,0,1,0,0,0,0,1,0,0,0,0,1,0,0,0
0,0,0,0,0,100,0,0,0,0,0,0,0,0,0,0,100,0,0,0,0,0,0,0,0,0,0,100,0,0,0,0,0,0,0,1,0,0,0,0,1,0,0,0,0,1,0,0,0
0,0,2.0957,0,0,92.705,0,0,5.1993,0,0,2.0957,0,1.5502,0,0,92.705,0,0.50234,0.5455,0,2.6013,0,2.0957,0,0,0,92.705,0,0,1.0478,1.5502,2.6013,0,0,1,0,0,0,0,1,0,0,0,0,1,0,0,0
0,0,9.5196,0,0,70.206,0,0,20.274,0,0,9.8949,0,0,0.44059,1.9487,72.577,0.44239,0,0,4.7598,9.9368,0,4.7598,4.7598,0,0,70.206,0,0,8.5368,3.6428,8.0944,0,0,0.015625,0.3125,0.67188,0,0,1,0,0,0,0,1,0,0,0
0,0,7.2729,0,0,69.924,0,0,22.803,0,0,10.927,0.40669,6.0451,0,0,69.924,0,0.94731,3.1937,0,8.5563,0,7.2729,0,0,0,69.924,0,0,7.0396,7.2072,8.5563,0,0,0.17949,0.12821,0.69231,0,0,1,0,0,0,0,1,0,0,0
0,0,5.6555,0,0,79.855,0,0,14.49,0,0,7.0281,0.92839,3.306,0,0,79.855,0,1.3117,1.516,0,6.0547,0,5.6555,0,0,0,79.855,0,0,2.8488,5.586,6.0547,0,0,0.015385,0.15385,0.83077,0,0,1,0,0,0,0,1,0,0,0
0,0,0,0,0,99.57,0,0,0.42986,0,0,0,0,0,0,0,99.57,0,0,0,0,0.42986,0,0,0,0,0,99.57,0,0,0,0,0.42986,0,0,1,0,0,0,0,1,0,0,0,0,1,0,0,0
0,0,2.3706,0,0,91.646,0,0,5.9836,0,0,1.8995,0.94974,0.47865,0,0,92.117,0.47865,0,0,0.47108,3.6054,0,1.4284,0.94216,0,0,91.646,0,0,1.8995,0.95731,3.1268,0,0,1,0,0,0,0,1,0,0,0,0,1,0,0,0
0,0,6.2024,0,0,70.997,0,0,22.801,0,0,7.657,2.1128,6.3423,0,0,70.997,1.1487,1.5305,0.42201,0,9.7898,0,5.6157,0.58666,0,0,70.997,0,0,5.916,7.657,9.2278,0,0,0.068182,0.29545,0.63636,0,0,1,0,0,0,0,1,0,0,0
0,0,8.3416,0,0,69.285,0,0,22.374,0,0,7.7647,4.2739,2.7589,0,0,71.106,1.664,0.27852,0,0.81438,11.34,0,4.7432,3.5984,0,0,69.285,0,0,7.6265,5.6256,9.1215,0,0,0,0.27451,0.72549,0,0,1,0,0,0,0,1,0,0,0
0,0,8.6548,0,0,67.434,0,0,23.911,0,0,8.9053,5.7275,0,2.2111,0,69.702,2.7607,0,0,1.2361,9.4573,0,5.0286,3.6262,0,0,67.434,0,0,7.9681,4.8266,11.116,0,0,0,0.027397,0.9726,0,0,1,0,0,0,0,1,0,0,0
0,0,0,1.1861,0,93.83,2.017,1.0085,1.9583,0,0,0,0,0,0,0,89.677,4.6296,0,0,0,5.693,1.4852,2.49,1.1861,1.0085,1.9583,90.686,1.1861,0,0,0,0,0,0,1,0,0,0,0,1,0,0,0,0,1,0,0,0
0,0,0,0,0,100,0,0,0,0,0,0,0,0,0,0,100,0,0,0,0,0,0,0,0,0,0,100,0,0,0,0,0,0,0,1,0,0,0,0,1,0,0,0,0,1,0,0,0
0,0,0,0,0,100,0,0,0,0,0,0,0,0,0,0,100,0,0,0,0,0,0,0,0,0,0,100,0,0,0,0,0,0,0,1,0,0,0,0,1,0,0,0,0,1,0,0,0
0,0,0,0,0,99.035,0.48231,0.48231,0,0,0,0.48231,0,0,0,0.48231,99.035,0,0,0,0,0,0,0,0.48231,0,0,99.035,0,0.48231,0,0,0,0,0,1,0,0,0,0,1,0,0,0,0,1,0,0,0
0,0,0,0,0,100,0,0,0,0,0,0,0,0,0,0,100,0,0,0,0,0,0,0,0,0,0,100,0,0,0,0,0,0,0,1,0,0,0,0,1,0,0,0,0,1,0,0,0
0,0,0,0,0,100,0,0,0,0,0,0,0,0,0,0,100,0,0,0,0,0,0,0,0,0,0,100,0,0,0,0,0,0,0,1,0,0,0,0,1,0,0,0,0,1,0,0,0
0,0,0,0,0,100,0,0,0,0,0,0,0,0,0,0,100,0,0,0,0,0,0,0,0,0,0,100,0,0,0,0,0,0,0,1,0,0,0,0,1,0,0,0,0,1,0,0,0
0,0,0,0,0,100,0,0,0,0,0,0,0,0,0,0,100,0,0,0,0,0,0,0,0,0,0,100,0,0,0,0,0,0,0,1,0,0,0,0,1,0,0,0,0,1,0,0,0
1.4916,3.4377,3.3516,0.57108,6.7752,63.638,7.9243,4.5473,2.0025,3.0767,3.1841,1.7132,1.9066,5.0072,3.5986,5.1488,52.828,4.1119,2.2655,7.5665,2.9227,12.931,5.6578,4.6811,11.671,4.9002,4.3804,53.957,1.1362,1.4673,3.1387,3.759,5.2502,0,0,1,0,0,0,0,0.090909,0.33333,0.57576,0,0,0.18182,0.81818,0,1
1.5608,2.1152,0,2.9533,12.207,35.163,21.521,11.702,6.0821,5.2336,1.4622,5.9859,7.6658,8.9475,9.7917,10.147,32.301,9.5218,3.7252,5.3291,1.6382,4.9466,9.424,9.2889,6.551,7.3008,4.7748,24.628,1.5286,12.068,5.0616,13.491,5.8837,0,0,1,0,0,0,0,0,0.8125,0.1875,0,0,0,1,0,1
0,0,0,0.65152,2.2779,80.264,4.2301,8.0038,1.8452,1.1937,1.5343,3.2552,2.7279,2.7279,1.0843,3.4567,78.078,3.27,2.5628,0,2.1858,0.65152,4.8043,1.1937,5.9274,1.5343,1.5343,76.884,0,2.6958,0.54214,3.0388,1.8452,0,0,1,0,0,0,0,0.97101,0,0.028986,0,0,0.97101,0.028986,0,0
0.35196,0,0,0.478,0.478,86.256,4.3345,5.6254,0.956,0.478,1.0426,3.9787,2.2245,1.8726,0.35196,2.7102,82.493,1.5206,1.6637,0,1.5206,1.6637,2.9152,2.3676,5.4165,1.0426,1.3946,82.015,0.35196,1.7542,0,1.786,0.956,0,0,1,0,0,0,0,1,0,0,0,0,1,0,0,0
0,0,0,0,0,100,0,0,0,0,0,0,0,0,0,0,100,0,0,0,0,0,0,0,0,0,0,100,0,0,0,0,0,0,0,1,0,0,0,0,1,0,0,0,0,1,0,0,0
0,0,0,0,0.78512,95.605,0,2.825,0.78512,0,0,2.0399,0,0,0,0,95.605,0,1.5702,0,0.78512,0,0,0,0,0,0,95.605,0,0,0.78512,0,3.6101,0,0,1,0,0,0,0,1,0,0,0,0,1,0,0,0
1.3179,2.594,2.5094,6.5144,14.686,32.144,16.517,14.143,7.102,2.2718,0.2005,8.372,7.9961,5.7717,4.198,8.6045,29.61,1.2064,8.2215,8.5504,10.984,6.486,9.3209,6.2995,8.0665,10.836,3.5842,23.375,3.0412,1.887,10.149,9.8516,13.589,0,0,1,0,0,0,0,1,0,0,0,0,1,0,0,0
2.9582,2.5932,3.4537,3.8608,9.5895,36.697,20.352,12.935,3.0204,3.5408,0.99903,9.5911,7.303,7.0467,5.5209,11.906,27.582,2.6847,7.2349,7.9017,9.1712,4.0574,7.8501,10.001,8.728,15.483,5.9527,22.431,3.8309,3.043,5.3603,5.3966,11.923,0,0,1,0,0,0,0,1,0,0,0,0,1,0,0,0
4.4492,4.6371,4.1004,7.9902,10.318,33.916,14.684,10.096,6.266,3.245,0.29779,6.4853,9.6057,3.6856,6.5952,7.4187,29.395,4.0302,5.9852,8.9288,10.571,7.2987,9.9718,11.518,7.7663,9.4672,2.599,23.236,4.0075,3.0611,9.5232,7.9328,10.917,0,0,0.775,0.225,0,0,0,0,1,0,0,0,0,1,0,1
4.3424,4.423,4.8951,3.7565,11.471,26.924,20.795,10.789,4.0876,6.4891,2.0279,7.7005,7.2005,8.5039,10.175,12.801,23.062,3.8402,7.5218,6.8098,8.1911,4.193,11.254,14.955,10.498,13.703,4.3926,15.842,4.5397,4.6414,4.6415,6.2096,9.3224,0,0,0.93846,0.061538,0,0,0,0,1,0,0,0,0,1,0,1
4.1275,3.9423,4.5333,6.7386,11.717,30.973,17.498,13.653,3.8563,2.3797,0.58041,8.5033,8.7281,6.2784,5.536,8.234,27.469,3.1362,7.741,7.4849,9.7503,7.1384,11.544,10.323,8.2258,14.269,4.1145,19.345,2.3846,2.8751,5.1101,8.5391,13.269,0,0,1,0,0,0,0,0.5,0.5,0,0,0,0.5,0.5,0,0
1.9196,2.1478,5.5454,6.0688,10.278,47.268,7.4052,8.8843,9.5822,0.90071,0,5.7829,6.1188,3.647,4.337,3.3732,45.466,1.93,4.8049,8.3741,8.017,8.1494,7.1848,8.0118,4.2364,4.6566,1.0443,40.223,2.3334,1.2546,8.1684,12.549,10.337,0,0,0.11111,0.17778,0.71111,0,0,0.93333,0.066667,0,0,0,0.93333,0.066667,0,0
0.9767,0.86258,2.7952,0,2.2789,92.57,0,0,0,0,0.51628,3.7719,1.4163,1.8951,1.9326,0.86258,88.743,0.51628,0.86258,0,0,0,0.51628,2.4489,2.1856,0.51628,1.4163,88.743,1.9326,0.51628,0.86258,0,0.86258,0,0,1,0,0,0,0,1,0,0,0,0,1,0,0,0
0,0,0,0,0,100,0,0,0,0,0,0,0,0,0,0,100,0,0,0,0,0,0,0,0,0,0,100,0,0,0,0,0,0,0,1,0,0,0,0,1,0,0,0,0,1,0,0,0
0,0,0,0,0,100,0,0,0,0,0,0,0,0,0,0,100,0,0,0,0,0,0,0,0,0,0,100,0,0,0,0,0,0,0,1,0,0,0,0,1,0,0,0,0,1,0,0,0
0,0,0,0,0,100,0,0,0,0,0,0,0,0,0,0,100,0,0,0,0,0,0,0,0,0,0,100,0,0,0,0,0,0,0,0.022727,0.11364,0.86364,0,0,1,0,0,0,0,1,0,0,0
0,0,0,0,0,100,0,0,0,0,0,0,0,0,0,0,100,0,0,0,0,0,0,0,0,0,0,100,0,0,0,0,0,0,0,0.078431,0.29412,0.62745,0,0,1,0,0,0,0,1,0,0,0
0,0,0,0,0,100,0,0,0,0,0,0,0,0,0,0,100,0,0,0,0,0,0,0,0,0,0,100,0,0,0,0,0,0,0,0,0.35,0.65,0,0,1,0,0,0,0,1,0,0,0
0,0,0,0,0,100,0,0,0,0,0,0,0,0,0,0,100,0,0,0,0,0,0,0,0,0,0,100,0,0,0,0,0,0,0,0.043478,0.34783,0.6087,0,0,1,0,0,0,0,1,0,0,0
0,0,0,0,0,100,0,0,0,0,0,0,0,0,0,0,100,0,0,0,0,0,0,0,0,0,0,100,0,0,0,0,0,0,0,0,0,1,0,0,1,0,0,0,0,1,0,0,0
2.1554,13.019,6.1714,6.5482,9.72,15.217,17.32,8.6476,5.5994,11.886,3.7155,2.5157,6.5283,16.016,9.7194,10.362,16.655,10.069,0.82131,10.572,4.8724,11.868,7.1842,14.047,27.004,13.651,3.2694,6.9508,2.1784,6.2997,6.2096,9.0192,4.1871,0,0,1,0,0,0,0,0,0.19231,0.80769,0,0,0,1,0,1
4.9738,9.0403,1.5515,1.4628,10.584,12.914,21.03,12.169,7.1044,16.157,3.0134,3.3907,8.5643,8.8869,12.133,14.232,9.2175,12.688,3.8121,11.106,5.7805,10.189,8.1852,11.33,17.468,12.972,3.0902,2.114,2.212,9.3545,9.683,14.22,9.3717,0,0,1,0,0,0,0,0.054054,0.054054,0.89189,0,0,0.054054,0.94595,0,1
0,0,0,0,0,100,0,0,0,0,0,0,0,0,0,0,100,0,0,0,0,0,0,0,0,0,0,100,0,0,0,0,0,0,0,0,0.2069,0.7931,0,0,1,0,0,0,0,1,0,0,0
0,0,0,0,0,100,0,0,0,0,0,0,0,0,0,0,100,0,0,0,0,0,0,0,0,0,0,100,0,0,0,0,0,0,0,0.052632,0.47368,0.47368,0,0,1,0,0,0,0,1,0,0,0
2.3908,1.9405,3.0063,7.8189,12.631,38.159,16.054,11.905,3.5646,2.1467,0.38237,6.5723,7.0148,7.5496,3.7945,7.8108,36.69,2.2628,5.4808,7.1744,10.213,5.4368,10.504,6.8963,6.4553,11.14,3.1767,29.579,1.8162,1.4277,5.4605,11.012,12.532,0,0,0.21818,0.78182,0,0,0,0,1,0,0,0,0,1,0,1
4.3136,3.5816,3.7114,6.1089,9.1164,26.148,26.149,14.121,1.5382,4.8636,0.34793,9.8576,11.002,8.7463,5.0827,12.842,18.784,4.2028,6.182,9.1008,8.7142,5.486,10.005,11.995,9.0701,19.507,7.3762,12.195,2.0549,2.1359,3.3434,7.7052,14.612,0,0,0,1,0,0,0,0,1,0,0,0,0,1,0,1
3.5717,3.896,4.6118,5.0762,9.7321,31.818,22.495,10.327,2.9129,3.6765,1.8827,9.0597,8.2199,7.9124,5.0771,11.539,29.808,4.1825,5.9346,5.7927,7.4216,5.052,9.4689,11.636,10.835,15.49,4.9768,22.732,1.6187,1.5697,4.4161,4.9043,12.353,0,0,0,1,0,0,0,0,1,0,0,0,0,1,0,1
0,0,0,0,0,100,0,0,0,0,0,0,0,0,0,0,100,0,0,0,0,0,0,0,0,0,0,100,0,0,0,0,0,0,0,0.042553,0.21277,0.74468,0,0,1,0,0,0,0,1,0,0,0
0,0,0,0,0,100,0,0,0,0,0,0,0,0,0,0,100,0,0,0,0,0,0,0,0,0,0,100,0,0,0,0,0,0,0,0.27273,0.27273,0.45455,0,0,1,0,0,0,0,1,0,0,0
0,0,0,0,0,100,0,0,0,0,0,0,0,0,0,0,100,0,0,0,0,0,0,0,0,0,0,100,0,0,0,0,0,0,0,0.20408,0.20408,0.59184,0,0,1,0,0,0,0,1,0,0,0
4.2503,2.967,3.4492,2.5326,8.0854,39.408,20.251,8.106,3.3918,5.3351,2.2238,10.198,6.2543,8.9367,7.7126,10.868,33.29,3.5388,4.3425,5.891,5.2766,3.6914,7.7982,12.674,7.5622,15.076,5.725,27.781,3.1971,2.8446,2.1446,4.445,10.753,0,0,0.20339,0.79661,0,0,0,0.016949,0.98305,0,0,0,0.016949,0.98305,0,1
0,0,0,0,0,99.648,0,0.35192,0,0,0,0.35192,0,0,0,0,99.648,0,0,0,0,0,0,0,0.35192,0,0,99.648,0,0,0,0,0,0,0,1,0,0,0,0,1,0,0,0,0,1,0,0,0
0,0,0,0,0,99.598,0,0.40231,0,0,0,0.40231,0,0,0,0,99.598,0,0,0,0,0,0,0,0.40231,0,0,99.598,0,0,0,0,0,0,0,1,0,0,0,0,1,0,0,0,0,1,0,0,0
0,0,0,0,0,99.709,0,0.29104,0,0,0,0.29104,0,0,0,0,99.709,0,0,0,0,0,0,0,0.29104,0,0,99.709,0,0,0,0,0,0,0,1,0,0,0,0,1,0,0,0,0,1,0,0,0
0,0,0,0,0,100,0,0,0,0,0,0,0,0,0,0,100,0,0,0,0,0,0,0,0,0,0,100,0,0,0,0,0,0,0,1,0,0,0,0,1,0,0,0,0,1,0,0,0
0,0,0,0,0,100,0,0,0,0,0,0,0,0,0,0,100,0,0,0,0,0,0,0,0,0,0,100,0,0,0,0,0,0,0,1,0,0,0,0,1,0,0,0,0,1,0,0,0
0,0,0,0,0,100,0,0,0,0,0,0,0,0,0,0,100,0,0,0,0,0,0,0,0,0,0,100,0,0,0,0,0,0,0,1,0,0,0,0,1,0,0,0,0,1,0,0,0
0,0,0,0,0,100,0,0,0,0,0,0,0,0,0,0,100,0,0,0,0,0,0,0,0,0,0,100,0,0,0,0,0,0,0,1,0,0,0,0,1,0,0,0,0,1,0,0,0
0,0,0,0,0,100,0,0,0,0,0,0,0,0,0,0,100,0,0,0,0,0,0,0,0,0,0,100,0,0,0,0,0,0,0,1,0,0,0,0,1,0,0,0,0,1,0,0,0
0,0,0,1.4649,0,97.25,0,0,1.2847,0,0,2.7497,1.4649,0,0,0,95.785,0,0,0,0,0,0,1.4649,0,2.7497,0,95.785,0,0,0,0,0,0,0,1,0,0,0,0,1,0,0,0,0,1,0,0,0
0,0,2.1264,1.4176,2.8352,81.498,3.8088,5.7167,2.5968,0,0,0.70879,1.4176,1.3075,0.59868,1.7961,75.934,8.0213,0.70879,0,0.59868,8.9088,5.6447,5.0999,2.0163,2.6132,3.4639,75.602,2.0163,0.70879,0,2.1264,0.70879,0,0,1,0,0,0,0,1,0,0,0,0,1,0,0,0
0,0,0,1.1595,0,97.225,0.84432,0.42216,0.34874,0,0,0,0,0,0,0,94.804,2.421,0,0,0,2.7747,0.91275,0.7709,1.1595,0.42216,0.34874,95.226,1.1595,0,0,0,0,0,0,1,0,0,0,0,1,0,0,0,0,1,0,0,0
0,0,14.075,27.389,3.7244,47.901,0.52531,2.15,0.77303,2.7141,0.74798,3.3415,5.776,0.62745,4.3571,10.588,41.294,10.432,5.2737,6.659,8.2435,3.4081,7.4336,0.77303,0.51536,1.0057,0,28.126,14.896,1.3083,3.383,29.175,13.384,0,0,0.10714,0,0.89286,0.89286,0,0.10714,0,0,0,0,0.10714,0,0.89286,1
0,0,12.871,28.929,4.2227,48.385,0.67239,2.3522,0.97392,1.0306,0.56348,1.6987,4.1516,0.66815,2.6099,4.201,62.984,7.35,0.32464,8.2447,3.5139,4.2532,3.1856,0.97392,0.64928,0.88812,0,38.281,10.048,1.6694,3.8428,20.011,20.452,0,0,0.090909,0.18182,0.72727,0.72727,0.18182,0.090909,0,0,0,0,0.090909,0.18182,0.72727,1
0.61228,0.63274,0,0,0.63274,96.832,0,0.61228,0.6776,0,0,0.61228,0.61228,0,0,0,96.155,0.6776,0,0,0.63274,1.3103,0,0.61228,1.245,0,0.63274,96.155,0,0,0.6776,0.6776,0,0,0,1,0,0,0,0,1,0,0,0,0,1,0,0,0
0,1.9091,0.77844,0,1.5626,94.528,0.34655,0,0.87486,0,0,0.78415,0.34655,0.77844,0.43759,0,92.529,1.568,0,1.5569,0,1.9998,0,0.43759,2.25,0.43759,0,92.529,0,0.77844,1.2214,1.2214,1.125,0,0,1,0,0,0,0,1,0,0,0,0,1,0,0,0
0.64035,3.4168,2.2691,0.25316,3.2974,83.378,3.1016,1.6949,0.59096,1.02,0.3378,1.0122,1.0968,2.2197,0.92877,1.5757,78.732,1.6873,0.64035,4.1223,1.8803,6.1044,1.9629,2.2161,6.6146,2.3771,2.3447,79.373,0,0.95312,0.84365,1.0968,2.2185,0,0,1,0,0,0,0,1,0,0,0,0,1,0,0,0
0,0,0,0,0,100,0,0,0,0,0,0,0,0,0,0,99.48,0.51952,0,0,0,0,0.51952,0,0,0,0,99.48,0,0,0,0,0,0,0,1,0,0,0,0,1,0,0,0,0,1,0,0,0
0,0.59773,0,0,0.29887,98.805,0.29887,0,0,0,0,0.29887,0.29887,0,0,0,98.506,0.59773,0,0,0,0.29887,0,0,0.59773,0,0,98.506,0,0,0.29887,0.29887,0.29887,0,0,1,0,0,0,0,1,0,0,0,0,1,0,0,0
0,0,0,0,0,100,0,0,0,0,0,0,0,0,0,0,100,0,0,0,0,0,0,0,0,0,0,100,0,0,0,0,0,0,0,1,0,0,0,0,1,0,0,0,0,1,0,0,0
1.3964,4.1733,2.2954,0.78931,5.493,67.6,7.564,5.7875,2.4812,1.818,0.60242,4.8968,2.9238,6.0639,5.4307,2.1382,59.736,3.1481,0.38403,7.8295,1.0293,6.4196,1.9355,4.0438,9.6749,5.7231,3.2611,57.626,0.87158,2.4609,4.6279,3.9224,5.8529,0,0,1,0,0,0,0,1,0,0,0,0,1,0,0,0
1.8348,3.2332,0.33383,1.1757,3.8914,67.079,9.9969,7.4838,2.8119,1.5351,0.62461,6.7378,5.8457,5.4849,3.5013,3.0506,59.536,4.7865,0.35223,4.7567,1.2335,4.7151,2.6749,4.9711,7.1534,5.2076,3.8975,57.604,1.6649,2.2779,2.6972,6.9493,4.9024,0,0,1,0,0,0,0,1,0,0,0,0,1,0,0,0
0,0,0,0,0,100,0,0,0,0,0,0,0,0,0,0,100,0,0,0,0,0,0,0,0,0,0,100,0,0,0,0,0,0,0,1,0,0,0,0,1,0,0,0,0,1,0,0,0
0,0,0,0,0,100,0,0,0,0,0,0,0,0,0,0,100,0,0,0,0,0,0,0,0,0,0,100,0,0,0,0,0,0,0,1,0,0,0,0,1,0,0,0,0,1,0,0,0
0,0,0,0,0,100,0,0,0,0,0,0,0,0,0,0,100,0,0,0,0,0,0,0,0,0,0,100,0,0,0,0,0,0,0,1,0,0,0,0,1,0,0,0,0,1,0,0,0
0,0,0,0,0,100,0,0,0,0,0,0,0,0,0,0,100,0,0,0,0,0,0,0,0,0,0,100,0,0,0,0,0,0,0,1,0,0,0,0,1,0,0,0,0,1,0,0,0
0,0,0,0,0,99.278,0.36108,0.36108,0,0,0,0.36108,0,0,0,0.36108,99.278,0,0,0,0,0,0,0,0.36108,0,0,99.278,0,0.36108,0,0,0,0,0,1,0,0,0,0,1,0,0,0,0,1,0,0,0
0,0,0,0,0,100,0,0,0,0,0,0,0,0,0,0,100,0,0,0,0,0,0,0,0,0,0,100,0,0,0,0,0,0,0,1,0,0,0,0,1,0,0,0,0,1,0,0,0
0,0,0,0,0,99.411,0,0.58892,0,0,0,0,0,0,0,0,99.411,0,0.58892,0,0,0,0,0,0.58892,0,0,99.411,0,0,0,0,0,0,0,1,0,0,0,0,1,0,0,0,0,1,0,0,0
0,1.4737,0,0,1.4737,95.968,0,0,0.41015,0,0.67458,0,0,0,0,0,95.558,0.41015,0,0,1.4737,2.5584,0,0,2.1482,0,1.4737,95.558,0,0,0.41015,0.41015,0,0,0,1,0,0,0,0,1,0,0,0,0,1,0,0,0
0,0,0,0,0,95.879,1.8261,1.9014,0,0,0.39368,0.39368,0.39368,0.39368,0,0,94.053,0.39368,2.5465,0,0.39368,1.4324,0.78737,1.4324,2.9402,0.39368,0.39368,94.053,0,0,0,0,0,0,0,1,0,0,0,0,1,0,0,0,0,1,0,0,0
0,0.43977,2.3731,0,1.6735,82.479,0,3.1871,9.8476,0,0,3.4469,0.44094,0,1.4924,0.44094,82.039,0,3.7867,2.3719,2.1144,3.8666,0,2.3731,0.43977,0,0,82.039,0.43977,0,3.8746,4.4794,6.3541,0,0,1,0,0,0,0,1,0,0,0,0,1,0,0,0
0,0,0,0,0,98.44,0,1.56,0,0,0,1.56,0,0,0,0,98.44,0,0,0,0,0,0,0,0,0,0,98.44,0,0,0,0,1.56,0,0,1,0,0,0,0,1,0,0,0,0,1,0,0,0
0,0,0,0,0,100,0,0,0,0,0,0,0,0,0,0,100,0,0,0,0,0,0,0,0,0,0,100,0,0,0,0,0,0,0,1,0,0,0,0,1,0,0,0,0,1,0,0,0
0,0,0,0,0,100,0,0,0,0,0,0,0,0,0,0,100,0,0,0,0,0,0,0,0,0,0,100,0,0,0,0,0,0,0,1,0,0,0,0,1,0,0,0,0,1,0,0,0
0,1.4639,1.8897,0,1.8897,94.757,0,0,0,0,0,1.8897,0.42584,1.4639,0.42584,1.4639,92.867,0,1.4639,0,0,0,0,0.42584,2.9278,0,0.42584,92.867,0.42584,0,1.4639,0,1.4639,0,0,1,0,0,0,0,1,0,0,0,0,1,0,0,0
3.5329,3.0249,4.3943,3.2486,8.2668,35.917,23.585,11.088,2.5025,2.8491,1.5903,12.963,7.9046,7.8087,4.4268,11.128,26.369,3.2198,5.3874,8.054,7.7674,4.9714,8.0075,10.673,9.0483,18.518,7.9268,20.93,2.3839,2.2415,3.0719,3.3158,13.883,0,0,1,0,0,0,0,0.94286,0.057143,0,0,0,0.94286,0.057143,0,0
2.673,1.0094,2.8645,0,1.2742,80.682,3.5553,2.9606,1.66,2.3398,0.98084,6.7302,2.0642,3.4303,3.3688,2.8242,74.644,1.418,2.1484,1.1129,0.89636,1.3623,1.6606,5.6349,4.3647,4.3485,2.0381,74.185,1.4662,1.4662,0.81494,0.48533,3.5356,0,0,1,0,0,0,0,1,0,0,0,0,1,0,0,0
0,0,3.8194,0,0,94.127,0,0,2.0537,0,0,0,1.3321,0,0,0.56607,97.536,0,0,0,0.56607,0,2.6873,0.56607,0.56607,0,0,94.127,0,0,0.72164,1.3321,0,0,0,0,0.078431,0.92157,0,0,1,0,0,0,0,1,0,0,0
0,0,0,0,0,100,0,0,0,0,0,0,0,0,0,0,100,0,0,0,0,0,0,0,0,0,0,100,0,0,0,0,0,0,0,0,0.27778,0.72222,0,0,1,0,0,0,0,1,0,0,0
0,0,0,0,0,100,0,0,0,0,0,0,0,0,0,0,100,0,0,0,0,0,0,0,0,0,0,100,0,0,0,0,0,0,0,0.021739,0.23913,0.73913,0,0,1,0,0,0,0,1,0,0,0
0,0,0,0,0,100,0,0,0,0,0,0,0,0,0,0,100,0,0,0,0,0,0,0,0,0,0,100,0,0,0,0,0,0,0,0,0.2807,0.7193,0,0,1,0,0,0,0,1,0,0,0
0,0,0,0,0,100,0,0,0,0,0,0,0,0,0,0,100,0,0,0,0,0,0,0,0,0,0,100,0,0,0,0,0,0,0,0,0.17308,0.82692,0,0,1,0,0,0,0,1,0,0,0
0,0,0,0,0,100,0,0,0,0,0,0,0,0,0,0,100,0,0,0,0,0,0,0,0,0,0,100,0,0,0,0,0,0,0,0.016949,0.28814,0.69492,0,0,1,0,0,0,0,1,0,0,0
0,0,0,0,0,100,0,0,0,0,0,0,0,0,0,0,100,0,0,0,0,0,0,0,0,0,0,100,0,0,0,0,0,0,0,0,0.32,0.68,0,0,1,0,0,0,0,1,0,0,0
0,0,0,0,0,100,0,0,0,0,0,0,0,0,0,0,100,0,0,0,0,0,0,0,0,0,0,100,0,0,0,0,0,0,0,0.18519,0.25926,0.55556,0,0,1,0,0,0,0,1,0,0,0
0,0,0,0,0,100,0,0,0,0,0,0,0,0,0,0,100,0,0,0,0,0,0,0,0,0,0,100,0,0,0,0,0,0,0,0,0.11111,0.88889,0,0,1,0,0,0,0,1,0,0,0
0,0,0,0,0,100,0,0,0,0,0,0,0,0,0,0,100,0,0,0,0,0,0,0,0,0,0,100,0,0,0,0,0,0,0,0,0.098592,0.90141,0,0,1,0,0,0,0,1,0,0,0
0,0,0,0,0,100,0,0,0,0,0,0,0,0,0,0,100,0,0,0,0,0,0,0,0,0,0,100,0,0,0,0,0,0,0,0,0.15152,0.84848,0,0,1,0,0,0,0,1,0,0,0
0,0,0,2.0109,0,97.989,0,0,0,0,0,0,1.0054,0,0,0,97.989,1.0054,0,0,0,0,0,0,0,0,0,97.989,0,0,1.0054,1.0054,0,0,0,0,0.15,0.85,0,0,1,0,0,0,0,1,0,0,0
0,0,0,0,0,100,0,0,0,0,0,0,0,0,0,0,100,0,0,0,0,0,0,0,0,0,0,100,0,0,0,0,0,0,0,0.088889,0.24444,0.66667,0,0,1,0,0,0,0,1,0,0,0
0,0,0,0,0,100,0,0,0,0,0,0,0,0,0,0,100,0,0,0,0,0,0,0,0,0,0,100,0,0,0,0,0,0,0,0,0.26667,0.73333,0,0,1,0,0,0,0,1,0,0,0
0,0,0,0,0,100,0,0,0,0,0,0,0,0,0,0,100,0,0,0,0,0,0,0,0,0,0,100,0,0,0,0,0,0,0,0.11364,0.18182,0.70455,0,0,1,0,0,0,0,1,0,0,0
0,0,0,0,0,100,0,0,0,0,0,0,0,0,0,0,100,0,0,0,0,0,0,0,0,0,0,100,0,0,0,0,0,0,0,1,0,0,0,0,1,0,0,0,0,1,0,0,0
0,0,0,0,0,100,0,0,0,0,0,0,0,0,0,0,100,0,0,0,0,0,0,0,0,0,0,100,0,0,0,0,0,0,0,0,0.08,0.92,0,0,1,0,0,0,0,1,0,0,0
0,0,0,0,0,100,0,0,0,0,0,0,0,0,0,0,100,0,0,0,0,0,0,0,0,0,0,100,0,0,0,0,0,0,0,0.1087,0.28261,0.6087,0,0,1,0,0,0,0,1,0,0,0
0,0,0,0,0,99.638,0,0.36155,0,0,0,0.36155,0,0,0,0,99.638,0,0,0,0,0,0,0,0.36155,0,0,99.638,0,0,0,0,0,0,0,1,0,0,0,0,1,0,0,0,0,1,0,0,0
0.49225,3.6489,0.74264,0,1.8578,80.234,1.9056,5.9796,2.0414,1.7569,1.3409,3.8229,0.49225,2.0414,1.6074,0.38619,83.748,0.49225,0,3.0984,2.44,1.8715,5.1944,5.1639,1.6508,1.5014,0,78.328,0,0,2.1431,2.9199,3.0984,0,0,1,0,0,0,0,1,0,0,0,0,1,0,0,0
1.5789,2.5474,0.87155,0,0.87155,78.987,1.9849,7.8248,2.0666,1.9066,1.3605,4.1016,1.5789,2.0666,0.48076,0.47253,82.8,0.48076,0,3.1717,2.6311,2.2156,5.4958,5.4622,2.9965,0.47253,0,77.002,0,0,2.3791,3.0199,3.1717,0,0,1,0,0,0,0,1,0,0,0,0,1,0,0,0
0,0,0,0,0,100,0,0,0,0,0,0,0,0,0,0,100,0,0,0,0,0,0,0,0,0,0,100,0,0,0,0,0,0,0,1,0,0,0,0,1,0,0,0,0,1,0,0,0
0,0,6.2275,0,0,71.98,0,0,21.792,0,0,8.3028,1.7231,0,0,2.6844,73.69,0,0,0,3.4944,10.105,0,4.5175,1.71,0,0,71.98,0,0,7.2249,5.5517,9.0154,0,0,0,0.18,0.82,0,0,1,0,0,0,0,1,0,0,0
0,0,5.0451,0,0,72.998,0,0,21.957,0,0,7.4882,1.7341,0,0.55408,4.2357,72.998,0,0,0,4.0042,8.9862,0,5.0451,0,0,0,72.998,0,0,5.5146,8.8809,7.5617,0,0,0,0.25,0.75,0,0,1,0,0,0,0,1,0,0,0
1.674,1.1556,4.2645,2.8711,7.8825,55.645,3.8941,6.0741,16.084,0.45504,0,6.2028,2.5651,1.2906,3.7613,1.6073,55.559,1.1556,6.2118,5.8358,5.6295,10.182,3.3722,5.8752,2.3079,2.9448,0.57614,51.846,1.2161,0.97343,6.6913,12.887,11.31,0,0,1,0,0,0,0,1,0,0,0,0,1,0,0,0
0,0.32085,6.1919,0,0.85713,74.647,0,0.74942,17.233,0,0,4.8126,1.106,0,2.0034,1.6536,74.755,0,0.74942,3.0737,2.2583,9.5881,0,6.1919,0.32085,0,0,74.326,0.32085,0,3.7459,10.174,4.9203,0,0,0.016667,0.15,0.83333,0,0,1,0,0,0,0,1,0,0,0
0,0.42766,11.87,27.315,7.3423,36.689,1.4803,8.9757,4.3966,0.45994,1.0432,4.0731,4.6221,3.1147,3.1524,8.6812,37.389,14.078,1.6984,3.6818,8.7998,10.71,7.457,3.783,4.1432,2.8213,1.7844,27.365,9.6316,1.4655,6.4901,20.984,14.075,0,0,0,0,1,1,0,0,0,0,0,0,0,0,1,1
0,0,5.0338,0,0,94.966,0,0,0,0,0,0,0.64362,1.8733,0,0,94.966,0,0.64362,1.8733,0,0,0,5.0338,0,0,0,94.966,0,0,0,0,0,0,0,0,0.25676,0.74324,0,0,1,0,0,0,0,1,0,0,0
0,0,6.3056,0,0,91.81,0,0,1.8849,0,0,0.94246,1.618,0,0,0,93.344,1.618,0,0,1.5348,0.94246,0,3.1528,3.1528,0,0,91.81,0,0,0,0.94246,0.94246,0,0,0,0.13415,0.86585,0,0,1,0,0,0,0,1,0,0,0
0,0,0,0,0,100,0,0,0,0,0,0,0,0,0,0,100,0,0,0,0,0,0,0,0,0,0,100,0,0,0,0,0,0,0,0.035088,0.31579,0.64912,0,0,1,0,0,0,0,1,0,0,0
0.98796,1.2875,3.866,10.106,6.5336,62.958,6.1167,4.8944,2.2626,0.98796,0,2.3464,7.6451,4.9446,2.9132,2.128,65.229,3.0803,1.7683,2.6532,3.6995,3.5926,3.9932,6.1414,1.8129,3.3262,0.2627,60.711,0,0,7.6903,8.8852,7.1775,0,0,0.022222,0.31111,0.66667,0,0,1,0,0,0,0,1,0,0,0
1.0678,0.92967,0.83881,6.1297,5.8235,73.642,6.5701,3.6667,0.26383,1.0678,0,0.26383,7.7642,4.7937,1.4726,2.9779,73.489,2.7718,0.26383,1.1976,3.2368,1.7685,5.3877,2.8363,0.92967,1.9975,0,70.532,0,0,2.1018,8.0558,8.1596,0,0,0.019608,0.35294,0.62745,0,0,1,0,0,0,0,1,0,0,0
0,0,0,0,0,100,0,0,0,0,0,0,0,0,0,0,100,0,0,0,0,0,0,0,0,0,0,100,0,0,0,0,0,0,0,0,0.10909,0.89091,0,0,1,0,0,0,0,1,0,0,0
0,0,0,0,0,100,0,0,0,0,0,0,0,0,0,0,100,0,0,0,0,0,0,0,0,0,0,100,0,0,0,0,0,0,0,0.13158,0.23684,0.63158,0,0,1,0,0,0,0,1,0,0,0
0,0,1.8352,0.65177,1.7477,92.281,2.4983,0,0.98588,0,0,1.1447,2.7504,1.6544,2.0203,1.0027,90.627,0,0,0.30785,0.49294,0,0,1.8352,0,0,0,90.627,0,0,0.65177,3.7363,3.15,0,0,0,0.27273,0.72727,0,0,1,0,0,0,0,1,0,0,0
0,0,0,0,0,100,0,0,0,0,0,0,0,0,0,0,100,0,0,0,0,0,0,0,0,0,0,100,0,0,0,0,0,0,0,1,0,0,0,0,1,0,0,0,0,1,0,0,0
0,0,0,0,0,100,0,0,0,0,0,0,0,0,0,0,100,0,0,0,0,0,0,0,0,0,0,100,0,0,0,0,0,0,0,1,0,0,0,0,1,0,0,0,0,1,0,0,0
0,0,2.2561,0,0,97.744,0,0,0,0,0,0,0,0,0,1.128,97.744,0,0,0,1.128,0,0,1.128,1.128,0,0,97.744,0,0,0,0,0,0,0,0.023256,0.34884,0.62791,0,0,1,0,0,0,0,1,0,0,0
0,0,1.7043,0,0,98.296,0,0,0,0,0,0,0,0,0,0.85217,98.296,0,0,0,0.85217,0,0,0.85217,0.85217,0,0,98.296,0,0,0,0,0,0,0,0,0.31818,0.68182,0,0,1,0,0,0,0,1,0,0,0
0,0,1.7898,0,0,98.21,0,0,0,0,0,0,0,0,0,0.35667,98.748,0,0,0,0.89488,0,0,0.89488,0.89488,0,0,98.21,0,0,0,0,0,0,0,0.019231,0.25,0.73077,0,0,1,0,0,0,0,1,0,0,0
0,0,0,0,0,100,0,0,0,0,0,0,0,0,0,0,100,0,0,0,0,0,0,0,0,0,0,100,0,0,0,0,0,0,0,0,0.18421,0.81579,0,0,1,0,0,0,0,1,0,0,0
0,0,0,0,0,100,0,0,0,0,0,0,0,0,0,0,100,0,0,0,0,0,0,0,0,0,0,100,0,0,0,0,0,0,0,0.066667,0.56667,0.36667,0,0,1,0,0,0,0,1,0,0,0
0,0,0,0,0,100,0,0,0,0,0,0,0,0,0,0,100,0,0,0,0,0,0,0,0,0,0,100,0,0,0,0,0,0,0,0,0.32143,0.67857,0,0,1,0,0,0,0,1,0,0,0
