h1,h2,h3,h4,h5,h6,h7,h8,h9,h10,h11,h12,h13,h14,h15,h16,h17,h18,h19,h20,h21,h22,h23,h24,h25,h26,h27,h28,h29,h30,h31,h32,h33,h34,h35,h36,h37,h38,h39,h40,h41,h42,h43,h44,h45,h46,h47,h48,label
1.5656,3.045,1.2066,2.4151,0.30164,64.893,7.1421,10.533,4.5323,4.0593,0.3058,7.1982,0,2.0419,1.2755,1.9028,63.088,7.129,4.6757,4.6933,4.0253,3.9699,3.6637,7.2241,12.061,4.3563,0,58.956,5.3259,0,0.65457,2.8193,4.9392,0,0,1,0,0,0,0,1,0,0,0,0,1,0,0,0
0,0,0,0,0,100,0,0,0,0,0,0,0,0,0,0,100,0,0,0,0,0,0,0,0,0,0,100,0,0,0,0,0,0,0,1,0,0,0,0,1,0,0,0,0,1,0,0,0
0,0,0,0,0,95.658,0,0,4.3422,0,0,1.5821,0.40421,0,0,0,96.431,0.40421,0,0,0,1.1779,0,0,0,0,0,95.658,0,0,0,1.2126,3.1296,0,0,1,0,0,0,0,1,0,0,0,0,1,0,0,0
1.5435,0,0,0,0,98.456,0,0,0,0,0,0.77177,0,0.77177,0,0,98.456,0,0,0,0,0,0,0.77177,0.77177,0,0,98.456,0,0,0,0,0,0,0,1,0,0,0,0,1,0,0,0,0,1,0,0,0
10.651,8.1299,5.52,1.8529,5.1157,10.119,29.434,11.418,6.872,5.9423,4.9453,15.189,4.8894,4.2022,9.8058,2.1232,17.813,8.6616,7.3084,9.6599,4.5811,15.767,12.328,17.592,15.212,21.955,6.8829,6.901,2.1456,2.4351,6.7017,4.3545,3.4924,0,1,0,0,0,0,0,0,0.83721,0.16279,1,0,0,0,0,1
4.6956,7.6651,7.5294,3.0093,2.3144,26.517,19.238,9.8718,8.0587,9.2065,1.8942,10.001,4.3493,3.1965,6.5224,5.1622,25.198,9.2684,6.4388,12.511,5.8706,11.482,12.055,12.467,16.956,16.994,1.1112,15.53,10.8,0.65544,3.2071,4.8945,5.3308,0,1,0,0,0,0,0,0,0.61765,0.38235,1,0,0,0,0,1
8.3045,9.0432,4.0502,2.4974,2.169,18.817,19.912,19.731,4.0526,8.8129,2.6108,13.045,6.1129,4.028,7.2403,3.8749,26.922,8.1589,8.754,6.5201,6.8882,8.4559,13.756,19.455,15.126,14.512,2.2247,13.282,4.8299,1.7362,7.0626,3.2317,4.7844,0,0.82759,0.17241,0,0,0,0,0.17241,0.13793,0.68966,0.7931,0.034483,0.17241,0,0,1
13.182,8.6025,2.7021,1.0642,5.3019,15.925,27.341,8.0253,8.285,3.2665,6.3043,15.238,6.5016,2.7317,11.4,1.6564,18.113,10.461,8.8673,5.2571,3.1322,16.642,13.786,17.901,14.641,17.952,9.739,14.28,0.35366,0.68463,7.7009,1.8232,1.1386,0,0.91176,0.088235,0,0,0,0,0.088235,0.76471,0.14706,0.85294,0.058824,0.088235,0,0,1
6.8944,0.78366,0,0,0.78366,76.013,6.4066,2.203,2.203,1.0907,3.6224,5.8254,4.2581,1.0907,1.5673,1.4194,74.265,1.5673,1.8743,3.6007,1.0907,3.4416,6.1324,5.4967,4.0773,5.168,2.658,74.593,0,1.0907,0.78366,0,0,0.11364,0.56818,0.31818,0,0,0,0,1,0,0,0,0,1,0,0,1
18.592,6.0077,3.4203,1.2801,1.6623,19.491,24.219,8.8913,6.0089,7.7929,2.6347,9.6424,7.7441,5.4437,4.7819,2.5777,24.766,4.9042,10.468,12.82,7.4364,9.4153,16.087,15.674,12.244,19.041,5.4183,16.349,1.7849,3.4972,5.049,2.6439,2.212,0,0.97826,0.021739,0,0,0,0,0.043478,0.086957,0.86957,0.93478,0.043478,0.021739,0,0,1
4.7638,0,0,0,0,93.795,0,0.36023,0.36023,0,0.72045,3.1023,1.0807,2.0217,0,0.36023,93.075,0,0,0.36023,0,0,1.0807,2.7421,2.3819,0.36023,0,93.435,0,0,0,0,0,0,0,1,0,0,0,0,1,0,0,0,0,1,0,0,0
0,0,0,0,0,100,0,0,0,0,0,0,0,0,0,0,100,0,0,0,0,0,0,0,0,0,0,100,0,0,0,0,0,0,0,1,0,0,0,0,1,0,0,0,0,1,0,0,0
0,0,0,0,0,100,0,0,0,0,0,0,0,0,0,0,100,0,0,0,0,0,0,0,0,0,0,100,0,0,0,0,0,0,0,1,0,0,0,0,1,0,0,0,0,1,0,0,0
0,0,0,0,0,100,0,0,0,0,0,0,0,0,0,0,100,0,0,0,0,0,0,0,0,0,0,100,0,0,0,0,0,0,0,1,0,0,0,0,1,0,0,0,0,1,0,0,0
0,0,0,0,0,99.508,0,0,0,0,0.49225,0,0,0,0,0,99.016,0.49225,0,0,0,0.49225,0.49225,0,0,0,0,99.508,0,0,0,0,0,0,0,1,0,0,0,0,1,0,0,0,0,1,0,0,0
0,0,0,0,0,100,0,0,0,0,0,0,0,0,0,0,100,0,0,0,0,0,0,0,0,0,0,100,0,0,0,0,0,0,0,1,0,0,0,0,1,0,0,0,0,1,0,0,0
0,0,0,0,0,98.012,0,0,1.9877,0,0,0.79507,0.39753,0,0,0,98.012,0.39753,0,0,0,0.39753,0,0,0,0,0,98.012,0,0,0,1.1926,0.79507,0,0,1,0,0,0,0,1,0,0,0,0,1,0,0,0
0,0,0,0,0,100,0,0,0,0,0,0,0,0,0,0,100,0,0,0,0,0,0,0,0,0,0,100,0,0,0,0,0,0,0,1,0,0,0,0,1,0,0,0,0,1,0,0,0
1.2052,0,0,0,0,97.59,0,0,1.2052,0,0,1.8078,0,0,0,0,97.59,0.60261,0,0,0,0,0,0,0,0,0,98.795,0,0,0,0.60261,0.60261,0,0,1,0,0,0,0,1,0,0,0,0,1,0,0,0
1.0882,0,0,0,0,98.524,0,0,0,0,0.38785,0.54411,0,0.54411,0,0,98.136,0.38785,0,0,0,0.38785,0.38785,0.54411,0.54411,0,0,98.524,0,0,0,0,0,0,0,1,0,0,0,0,1,0,0,0,0,1,0,0,0
0,1.0077,0,0,0,97.298,0,0,0,0,1.6947,0,0,0,0,0,95.603,2.1986,0,0,0.50386,1.6947,2.1986,0.50386,0,0,0,97.298,0,0,0,0,0,0,0,1,0,0,0,0,1,0,0,0,0,1,0,0,0
0,2.4845,0,0,0,96.629,0,0,0,0,0.88667,0,0,0,0,0,95.742,2.1289,0,0,1.2423,0.88667,2.1289,1.2423,0,0,0,96.629,0,0,0,0,0,0,0,1,0,0,0,0,1,0,0,0,0,1,0,0,0
0.49358,0,6.6513,35.988,11.059,30.107,2.6138,11.208,1.3415,0.53668,0,4.1994,14.83,1.1951,3.5998,5.5546,40.841,6.3772,3.839,4.5644,6.672,8.3276,0.4001,10.632,1.3319,2.9455,1.9488,15.648,9.8422,10.116,10.392,25.578,11.164,0,0,0,0,1,0,0,1,0,0,0,0,0,0,1,1
0,0,0,0,0,98.228,0,0,0,0,1.7724,0,0,0,0,0,93.094,5.1339,0,0,0,1.7724,1.7724,0,0,0,0,98.228,0,0,0,0,0,0,0,1,0,0,0,0,1,0,0,0,0,1,0,0,0
0,0,0,0,0,100,0,0,0,0,0,0,0,0,0,0,96.402,3.598,0,0,0,0,0,0,0,0,0,100,0,0,0,0,0,0,0,0.98529,0.014706,0,0,0.029412,0.97059,0,0,0,0,0.97059,0.029412,0,0
0.5119,2.7273,0,0,0,90.929,0,0,0,3.7278,2.1041,0,3.6838,0,0,0.55593,87.074,4.9189,0.55593,0,1.1077,2.1041,7.4515,1.6196,0,0,0.5119,87.713,2.7041,0,0,0,0,0,0,1,0,0,0,0,1,0,0,0,0,1,0,0,0
0,0,0,0,0,99.366,0,0,0.63419,0,0,0,0,0.63419,0,0,99.366,0,0,0,0,0,0.63419,0,0,0,0,99.366,0,0,0,0,0,0,0,1,0,0,0,0,1,0,0,0,0,1,0,0,0
0.34905,0,1.0079,0.34905,0,95.266,0.34905,1.0079,1.3216,0.34905,0,0,0,1.3216,0,0,94.259,1.706,0,0,1.0079,1.706,1.6706,0,0.34905,1.706,0,94.259,1.0079,0,0,0,1.0079,0,0,1,0,0,0,0,1,0,0,0,0,1,0,0,0
0,0,0,0,0,100,0,0,0,0,0,0,0,0,0,0,100,0,0,0,0,0,0,0,0,0,0,100,0,0,0,0,0,0,0,1,0,0,0,0,1,0,0,0,0,1,0,0,0
0.40673,0,0,0.40673,0,97.669,0.40673,0,0.7037,0.40673,0,0,0,0.7037,0,0,97.669,0.81345,0,0,0,0.81345,1.1104,0,0.40673,0.81345,0,97.669,0,0,0,0,0,0,0,1,0,0,0,0,1,0,0,0,0,1,0,0,0
0,0,0,0,0,100,0,0,0,0,0,0,0,0,0,0,100,0,0,0,0,0,0,0,0,0,0,100,0,0,0,0,0,0,0,1,0,0,0,0,1,0,0,0,0,1,0,0,0
0,0,0,0,0,100,0,0,0,0,0,0,0,0,0,0,100,0,0,0,0,0,0,0,0,0,0,100,0,0,0,0,0,0,0,1,0,0,0,0,1,0,0,0,0,1,0,0,0
0,0,0,0,0,100,0,0,0,0,0,0,0,0,0,0,100,0,0,0,0,0,0,0,0,0,0,100,0,0,0,0,0,0,0,1,0,0,0,0,1,0,0,0,0,1,0,0,0
0,0,0,0,0,100,0,0,0,0,0,0,0,0,0,0,100,0,0,0,0,0,0,0,0,0,0,100,0,0,0,0,0,0,0,1,0,0,0,0,1,0,0,0,0,1,0,0,0
0,0,0,0,0,100,0,0,0,0,0,0,0,0,0,0,100,0,0,0,0,0,0,0,0,0,0,100,0,0,0,0,0,0,0,1,0,0,0,0,1,0,0,0,0,1,0,0,0
0,0,0,0,0,100,0,0,0,0,0,0,0,0,0,0,100,0,0,0,0,0,0,0,0,0,0,100,0,0,0,0,0,0,0,1,0,0,0,0,1,0,0,0,0,1,0,0,0
0,0,0,0,0,100,0,0,0,0,0,0,0,0,0,0,100,0,0,0,0,0,0,0,0,0,0,100,0,0,0,0,0,0,0,1,0,0,0,0,1,0,0,0,0,1,0,0,0
0,0,0,0,0,100,0,0,0,0,0,0,0,0,0,0,100,0,0,0,0,0,0,0,0,0,0,100,0,0,0,0,0,0,0,1,0,0,0,0,1,0,0,0,0,1,0,0,0
0,0,0,0,0,100,0,0,0,0,0,0,0,0,0,0,100,0,0,0,0,0,0,0,0,0,0,100,0,0,0,0,0,0,0,1,0,0,0,0,1,0,0,0,0,1,0,0,0
0,0,0,0,0,100,0,0,0,0,0,0,0,0,0,0,100,0,0,0,0,0,0,0,0,0,0,100,0,0,0,0,0,0,0,1,0,0,0,0,1,0,0,0,0,1,0,0,0
0,0,0,0,0,100,0,0,0,0,0,0,0,0,0,0,100,0,0,0,0,0,0,0,0,0,0,100,0,0,0,0,0,0,0,1,0,0,0,0,1,0,0,0,0,1,0,0,0
0,0,0,0,0,100,0,0,0,0,0,0,0,0,0,0,100,0,0,0,0,0,0,0,0,0,0,100,0,0,0,0,0,0,0,1,0,0,0,0,1,0,0,0,0,1,0,0,0
6.6397,7.5574,6.7461,4.9033,3.0319,33.04,12.172,10.81,6.1274,7.5385,1.4334,10.875,3.4937,5.9415,4.3282,5.0174,33.168,7.7424,7.9324,5.6077,5.8982,9.9954,10.608,11.352,14.872,11.348,0.78906,27.637,5.111,2.6636,4.4435,3.1477,8.0278,0,0,1,0,0,0,0,1,0,0,0,0,1,0,0,0
12.372,10.78,9.8373,8.6332,5.0867,25.32,13.296,6.4072,4.0132,1.7817,2.4727,7.7429,2.7188,8.0948,10.472,7.9498,30.283,6.3236,9.0654,7.9295,3.8438,5.5763,7.8644,16.46,14.852,10.982,0.15836,23.697,2.0008,4.3777,4.4362,4.8078,10.364,0.78261,0.21739,0,0,0,0,0,1,0,0,0,0,1,0,0,1
6.8415,4.4702,3.2091,3.1704,1.5177,61.735,4.5087,4.9357,4.5086,3.7082,1.3947,3.0941,1.095,3.8031,3.2226,3.2411,63.584,1.8477,4.8442,5.1465,3.2664,6.8552,4.0844,8.4335,8.394,5.8238,0.717,60.823,0.75071,1.6943,1.2716,2.8096,5.1976,0,0,1,0,0,0,0,1,0,0,0,0,1,0,0,0
10.427,25.668,6.8908,8.4777,3.3391,23.73,9.3822,3.0326,1.3548,3.3597,4.3376,3.0987,5.7873,7.4268,12.27,3.0835,34.493,10.475,7.8357,5.2382,6.2353,4.057,7.0843,27.291,15.188,10.829,1.1935,25.193,1.4499,2.2838,2.1115,1.5515,5.8253,0.73469,0.26531,0,0,0,0,0,1,0,0,0,0,1,0,0,1
6.1903,17.804,14.254,13.486,8.5648,4.7058,20.361,4.3266,4.1282,4.694,1.4852,9.8958,4.6416,12.457,11.471,10.218,14.038,8.2859,10.439,7.2537,2.8877,8.4133,10.892,24.889,18.889,9.8714,0.63492,3.37,0.48359,9.0661,8.2146,3.562,10.128,0.55932,0.37288,0.067797,0,0,0,0,1,0,0,0,0,1,0,0,1
0.72916,0.85106,0,0,0,98.42,0,0,0,0,0,0,0,0.72916,0,0,98.42,0.42553,0,0,0.42553,0,0.42553,1.1547,0,0,0,98.42,0,0,0,0,0,0,0,1,0,0,0,0,1,0,0,0,0,1,0,0,0
11.781,18.838,8.3064,14.767,5.3401,12.033,8.8222,16.348,0.92506,1.8714,0.96818,6.81,5.1341,6.7951,13.029,2.7977,32.294,8.6416,6.322,8.7225,0.53513,8.919,16.62,27.383,10.642,15.142,0.59528,12.313,0.81805,1.8755,2.1399,3.337,9.1332,0.16667,0.28571,0.54762,0,0,0,0,1,0,0,0,0,1,0,0,1
1.9461,5.8957,0,2.4613,0.97303,85.29,0.97303,0.97303,0,0,1.4883,1.4883,2.4613,0.97303,1.9461,0,88.209,2.4613,1.4883,0.97303,0,0,4.4074,5.3804,0.97303,2.4613,0,85.29,1.4883,0,0,0,0,0.26316,0.078947,0.65789,0,0,0,0,1,0,0,0,0,1,0,0,0
2.0526,1.1363,0,0.47137,0,92.433,1.1628,1.1363,0,1.6077,0,0,0,0,0,0,92.878,1.3876,0.69139,1.5812,0.69139,2.7704,0.47137,1.5812,1.8541,1.6341,0.4449,92.878,0,0,0,0.69139,0.4449,0,0,1,0,0,0,0,1,0,0,0,0,1,0,0,0
5.8868,11.878,4.4971,7.4551,1.4655,47.837,5.1386,9.6274,1.0015,2.9024,2.3112,5.5178,2.8876,2.4754,6.5216,0.88222,54.593,5.5093,5.8289,3.8416,3.1831,8.7594,5.2848,13.532,9.7136,11.97,0.17912,48.209,1.4276,0.77637,0.53737,3.1594,5.2115,0,0,1,0,0,0,0,1,0,0,0,0,1,0,0,0
0,0,0,0,0,100,0,0,0,0,0,0,0,0,0,0,100,0,0,0,0,0,0,0,0,0,0,100,0,0,0,0,0,0,0,1,0,0,0,0,1,0,0,0,0,1,0,0,0
0,1.4414,0,0,0,97.117,0,1.4414,0,0,0,1.4414,0,0,1.4414,0,97.117,0,0,0,0,0,0,0,1.4414,0,0,97.117,0,0,0,0,1.4414,0,0,1,0,0,0,0,1,0,0,0,0,1,0,0,0
9.1495,13.105,4.3772,6.1201,1.8535,47.829,4.4955,10.088,0,1.5754,1.4071,4.255,2.3488,4.1228,8.6073,0.4559,57.509,5.7381,3.5144,5.4113,2.2967,5.7411,4.5382,17.776,8.0377,9.6345,1.1811,49.922,0.4559,0.4559,0,2.1074,5.892,0.13514,0.063063,0.8018,0,0,0,0,1,0,0,0,0,1,0,0,0
2.5024,4.1478,0,1.6732,0,89.202,0,0.80132,0,0,1.6732,2.4746,1.6732,2.5024,0.80132,0,89.202,1.6732,1.6732,0,0,0,1.6732,4.1757,0.80132,1.6732,0,89.202,1.6732,0,0,0,0.80132,0,0,1,0,0,0,0,1,0,0,0,0,1,0,0,0
0,4.1789,0,0.77579,0,91.642,0,2.6273,0,0,0.77579,3.4031,0.77579,0,2.6273,0,91.642,0.77579,0.77579,0,0,0,0.77579,0.77579,2.6273,0.77579,0,91.642,0.77579,0,0,0,2.6273,0,0,1,0,0,0,0,1,0,0,0,0,1,0,0,0
0,0.80383,0,0,0,98.392,0,0.80383,0,0,0,0.80383,0,0,0.80383,0,98.392,0,0,0,0,0,0,0,0.80383,0,0,98.392,0,0,0,0,0.80383,0,0,1,0,0,0,0,1,0,0,0,0,1,0,0,0
0.81034,4.6173,0,0,0,93.353,0,0,0,0.60984,0.60984,0,1.4202,0.81034,0,0,93.353,1.9035,0,0,1.9035,0.60984,3.9335,2.7138,0,0,0,91.933,1.4202,0,0,0,0,0,0,1,0,0,0,0,1,0,0,0,0,1,0,0,0
0,0,0,0,0,93.337,1.055,4.4695,1.1382,0,0,1.1382,1.6657,0.52751,0,0,92.282,0,0,0,1.6657,2.7207,0.52751,3.3314,1.1382,1.6657,1.055,92.282,0,0,0,0,0,0,0,1,0,0,0,0,1,0,0,0,0,1,0,0,0
1.8311,0,0,0,0,98.169,0,0,0,0,0,0,0,1.8311,0,0,98.169,0,0,0,0,0,0,1.8311,0,0,0,98.169,0,0,0,0,0,0,0,1,0,0,0,0,1,0,0,0,0,1,0,0,0
1.3732,1.3732,0,0,0,96.3,0,0,0,0,0.9538,0.9538,1.3732,1.3732,0,0,96.3,0,0,0,0,0,1.3732,2.327,0,0,0,94.927,1.3732,0,0,0,0,0,0,1,0,0,0,0,1,0,0,0,0,1,0,0,0
0,0,0,0,0,100,0,0,0,0,0,0,0,0,0,0,100,0,0,0,0,0,0,0,0,0,0,100,0,0,0,0,0,0,0,1,0,0,0,0,1,0,0,0,0,1,0,0,0
0.74793,0.74793,0,0,0,89.267,0,0,2.8433,4.4171,1.9767,3.2036,3.2646,0.74793,0,1.9005,83.566,4.301,1.9005,0,0,1.1163,5.7813,2.1084,0,0,0,84.102,5.1651,0,0,0.5001,2.3432,0,0,1,0,0,0,0,1,0,0,0,0,1,0,0,0
1.5468,2.548,0,0,0,93.144,0,0,0,1.7598,1.0012,0.50062,2.1764,2.0474,0,3.462,88.423,1.2592,1.1302,0,0.50062,0.50062,4.3079,2.548,0,0,1.0012,89.337,2.806,0,0,0,0,0,0,1,0,0,0,0,1,0,0,0,0,1,0,0,0
0,0,0,0,0,95.453,0,0,2.5811,0,1.9661,3.3397,0,0,0,1.7316,93.721,0.60377,0,0,0,0.60377,0,1.9661,0,0,0,95.453,0,0,0,0.60377,1.9774,0,0,1,0,0,0,0,1,0,0,0,0,1,0,0,0
1.1922,0,0,0,0,98.808,0,0,0,0,0,0,0,1.1922,0,0,98.808,0,0,0,0,0,0,1.1922,0,0,0,98.808,0,0,0,0,0,0,0,1,0,0,0,0,1,0,0,0,0,1,0,0,0
0,0,0,0,0,100,0,0,0,0,0,0,0,0,0,0,100,0,0,0,0,0,0,0,0,0,0,100,0,0,0,0,0,0,0,1,0,0,0,0,1,0,0,0,0,1,0,0,0
0,0,0,0,0,100,0,0,0,0,0,0,0,0,0,0,100,0,0,0,0,0,0,0,0,0,0,100,0,0,0,0,0,0,0,1,0,0,0,0,1,0,0,0,0,1,0,0,0
0,0,0,0,0,100,0,0,0,0,0,0,0,0,0,0,100,0,0,0,0,0,0,0,0,0,0,100,0,0,0,0,0,0,0,1,0,0,0,0,1,0,0,0,0,1,0,0,0
0,0,0,0,0,98.97,0,0,0,0,1.0302,1.0302,0,0,0,0,98.97,0,0,0,0,0,0,1.0302,0,0,0,98.97,0,0,0,0,0,0,0,1,0,0,0,0,1,0,0,0,0,1,0,0,0
0,0,0,0,0,96.695,0,0,2.464,0,0.8407,1.4567,0,0,0,0,97.311,0,0,0,0,1.232,0,0.8407,0,0,0,96.695,0,0,0,1.232,1.232,0,0,1,0,0,0,0,1,0,0,0,0,1,0,0,0
0,0,0,0,0,100,0,0,0,0,0,0,0,0,0,0,100,0,0,0,0,0,0,0,0,0,0,100,0,0,0,0,0,0,0,1,0,0,0,0,1,0,0,0,0,1,0,0,0
0,0,0,0,0,100,0,0,0,0,0,0,0,0,0,0,100,0,0,0,0,0,0,0,0,0,0,100,0,0,0,0,0,0,0,1,0,0,0,0,1,0,0,0,0,1,0,0,0
0,0,0,0,0,100,0,0,0,0,0,0,0,0,0,0,100,0,0,0,0,0,0,0,0,0,0,100,0,0,0,0,0,0,0,1,0,0,0,0,1,0,0,0,0,1,0,0,0
0,0,0,0,0,97.9,0,1.0502,1.0502,0,0,0,1.0502,1.0502,0,0,97.9,0,0,0,0,0,0,2.1005,0,0,0,97.9,0,0,0,0,0,0,0,1,0,0,0,0,1,0,0,0,0,1,0,0,0
0,0,0,0,0,100,0,0,0,0,0,0,0,0,0,0,100,0,0,0,0,0,0,0,0,0,0,100,0,0,0,0,0,0,0,1,0,0,0,0,1,0,0,0,0,1,0,0,0
0,0,0,0.93331,0,90.541,0,5.6628,2.8629,0,0,1.8666,1.9296,2.8629,0,0,91.474,0,0,0.93331,0.93331,0,0,8.5257,0.93331,0,0,90.541,0,0,0,0,0,0,0,1,0,0,0,0,1,0,0,0,0,1,0,0,0
0,0,0,0,1.1682,94.626,0,2.1027,2.1027,0,0,2.3364,2.1027,2.1027,0,0,93.458,0,0,0,0,0,0,5.3737,0,1.1682,0,93.458,0,0,0,0,0,0,0,1,0,0,0,0,1,0,0,0,0,1,0,0,0
0,0,0,0,2.2656,95.38,0,1.1773,1.1773,0,0,4.5312,1.1773,1.1773,0,0,93.114,0,0,0,0,0,0,4.6201,0,2.2656,0,93.114,0,0,0,0,0,0,0,1,0,0,0,0,1,0,0,0,0,1,0,0,0
0,0,2.7889,7.0668,4.5518,74.563,0,8.4292,2.5999,0,0,9.0822,1.9295,1.9918,0,0.96473,73.576,1.8241,0,3.2079,4.886,2.5375,0,13.043,1.3838,4.3004,2.5375,67.726,0.96473,1.5728,2.1808,2.5375,3.7536,0,0,1,0,0,0,0,1,0,0,0,0,1,0,0,0
0,0,3.642,7.5118,2.858,75.708,0,6.2908,3.9892,0,0,2.074,5.0009,3.2051,0,1.2899,75.708,2.3521,0,2.3521,4.6538,3.3639,0,9.7741,0,2.5798,3.3639,69.765,1.2899,2.074,2.858,3.3639,4.9319,0,0,0.992,0.008,0,0,0,1,0,0,0,0,0.952,0.048,0,0
0,0,0,0.48312,0,97.101,0,1.9325,0.48312,0,0,0.96624,0,0.48312,0,0,97.584,0,0,0.48312,0.48312,0,0,2.4156,0.48312,0,0,97.101,0,0,0,0,0,0,0,1,0,0,0,0,1,0,0,0,0,1,0,0,0
0,0,3.511,16.497,4.4373,54.642,2.7508,14.209,3.9523,0,0,3.3727,8.973,3.3509,2.9025,2.3851,54.961,2.6493,1.034,3.3135,7.1664,9.8911,0.86118,13.653,2.186,4.4023,3.2793,46.102,2.8757,5.948,4.2025,9.6862,6.8039,0,0,1,0,0,0,0,1,0,0,0,0,1,0,0,0
0,0,0,0,0,98.042,0,1.4687,0.48955,0,0,0.48955,0.48955,0,0,0,98.042,0,0,0,0.48955,0.48955,0,0.9791,0.48955,0.48955,0,98.042,0,0,0,0,0,0,0,1,0,0,0,0,1,0,0,0,0,1,0,0,0
0,0,1.8613,9.3818,3.044,66.029,5.433,12.276,1.9753,0,0,2.9269,5.0391,3.3159,2.7981,1.5817,63.381,0.67708,1.3944,3.3189,5.5302,10.036,1.9579,11.724,3.4414,2.7381,4.2478,59.295,0.90463,3.5432,2.5632,5.8629,3.7215,0,0,1,0,0,0,0,1,0,0,0,0,1,0,0,0
0,0,7.6705,24.867,11.728,30.467,4.7067,16.322,4.2387,0,0,5.9397,9.6369,2.2928,4.0053,3.8422,33.822,5.386,4.5296,9.6123,9.5492,11.384,1.4222,15.443,6.6311,3.0277,4.6611,19.962,3.1883,7.7259,8.8189,19.572,9.5472,0,0,0,0.037037,0.96296,0,0,1,0,0,0,0,0,0.037037,0.96296,1
0,0,7.1581,24.511,8.7366,37.193,3.6858,13.211,5.1327,0.3719,0,6.267,9.0698,4.726,4.3786,3.3137,39.033,6.4617,2.3557,8.2061,6.3278,9.8608,0.61691,17.211,3.2694,2.8655,2.3799,27.584,4.208,7.6692,7.451,15.624,11.121,0,0,0,0.066667,0.93333,0,0,1,0,0,0,0,0,0.066667,0.93333,1
0.52038,0,4.3548,27.758,15.876,28.98,5.093,14.054,3.1232,0.241,0,3.6516,7.5558,2.3533,9.2194,5.9022,34.05,6.1355,4.2822,5.4061,8.2577,13.186,2.18,12.563,3.2412,2.0424,2.7906,18.561,3.3647,12.856,10.211,21.639,10.551,0,0,0,0,1,0,0,1,0,0,0,0,0,0,1,1
1.6601,0,5.2453,18.533,8.0415,43.826,6.2408,13.489,2.9643,0,0,4.6923,6.6116,2.4349,5.5183,2.7594,44.545,2.1011,6.3158,6.9501,6.1715,11.9,1.0853,12.441,7.6641,2.3483,3.0235,36.857,1.9621,6.6329,8.0186,13.151,6.8168,0,0,0.42424,0,0.57576,0,0,1,0,0,0,0,0.30303,0.12121,0.57576,1
0,0,0,0,0,100,0,0,0,0,0,0,0,0,0,0,100,0,0,0,0,0,0,0,0,0,0,100,0,0,0,0,0,0,0,1,0,0,0,0,1,0,0,0,0,1,0,0,0
0,0,0,0,0,100,0,0,0,0,0,0,0,0,0,0,100,0,0,0,0,0,0,0,0,0,0,100,0,0,0,0,0,0,0,1,0,0,0,0,1,0,0,0,0,1,0,0,0
0,0,0,0,1.3948,98.605,0,0,0,0,0,2.7897,0,0,0,0,97.21,0,0,0,0,0,0,1.3948,0,1.3948,0,97.21,0,0,0,0,0,0,0,1,0,0,0,0,1,0,0,0,0,1,0,0,0
0,0,0,0,0,100,0,0,0,0,0,0,0,0,0,0,100,0,0,0,0,0,0,0,0,0,0,100,0,0,0,0,0,0,0,1,0,0,0,0,1,0,0,0,0,1,0,0,0
0,0,0,0,0,100,0,0,0,0,0,0,0,0,0,0,100,0,0,0,0,0,0,0,0,0,0,100,0,0,0,0,0,0,0,1,0,0,0,0,1,0,0,0,0,1,0,0,0
0,0,0,0.93798,0,86.145,0.86266,9.4906,2.5633,0,0,3.5013,2.0567,1.3693,0,0,86.221,0,0,0.93798,2.9947,2.9193,0.43133,8.8032,2.5633,2.0567,0.86266,85.283,0,0,0,0,0,0,0,1,0,0,0,0,1,0,0,0,0,1,0,0,0
0,0,0,0,0,100,0,0,0,0,0,0,0,0,0,0,100,0,0,0,0,0,0,0,0,0,0,100,0,0,0,0,0,0,0,1,0,0,0,0,1,0,0,0,0,1,0,0,0
0,0,0,0,0,100,0,0,0,0,0,0,0,0,0,0,100,0,0,0,0,0,0,0,0,0,0,100,0,0,0,0,0,0,0,1,0,0,0,0,1,0,0,0,0,1,0,0,0
0,0,0,0,2.4604,97.54,0,0,0,0,0,4.9209,0,0,0,0,95.079,0,0,0,0,0,0,2.4604,0,2.4604,0,95.079,0,0,0,0,0,0,0,0.98551,0.014493,0,0,0,1,0,0,0,0,0.94203,0.057971,0,0
0,0,0,0,0,100,0,0,0,0,0,0,0,0,0,0,100,0,0,0,0,0,0,0,0,0,0,100,0,0,0,0,0,0,0,1,0,0,0,0,1,0,0,0,0,1,0,0,0
2.6588,7.6299,1.5332,3.4319,0,75.296,1.8857,4.1902,0,1.5354,1.8391,2.4297,1.8391,0.47133,1.4736,0,78.955,3.9647,2.7821,3.1897,1.3548,3.5404,1.8987,8.4474,2.7691,4.8463,1.1233,76.419,1.3678,0,0,0.94304,2.1852,0,0,1,0,0,0,0,1,0,0,0,0,1,0,0,0
3.1394,3.4024,0,0,0,87.166,0.88025,3.4024,0,2.0098,0,1.3926,0,0,1.3926,0,88.295,1.1296,0.88025,3.1394,0.88025,2.8901,0,3.1394,3.1531,0.88025,1.1296,88.295,0,0,0,0.88025,2.5221,0,0,1,0,0,0,0,1,0,0,0,0,1,0,0,0
0,0,0,0,0,100,0,0,0,0,0,0,0,0,0,0,100,0,0,0,0,0,0,0,0,0,0,100,0,0,0,0,0,0,0,1,0,0,0,0,1,0,0,0,0,1,0,0,0
2.1086,13.645,1.4963,0,1.8984,66.672,2.118,0.89713,6.0023,1.5075,3.6547,1.7999,0,5.2002,4.5204,1.8984,68.76,1.2021,2.531,4.0145,7.2705,2.8031,6.4502,9.1304,11.164,1.5075,0,62.34,0,0,2.3902,1.1895,5.8286,0,0,1,0,0,0,0,1,0,0,0,0,1,0,0,0
6.4026,6.1717,7.6299,3.4078,3.7945,13.164,23.034,20.218,9.0098,6.2327,0.93418,18.381,3.141,4.3702,4.3114,2.2666,18.906,9.8387,10.593,11.271,5.1844,11.737,11.062,13.381,15.501,20.569,2.9529,8.9337,3.3863,1.6355,5.9281,7.9629,8.6886,0,1,0,0,0,0,0,0,0.92,0.08,1,0,0,0,0,1
10.033,10.966,9.8079,6.9439,3.0267,14.479,19.113,9.293,6.9622,6.9659,2.4088,11.725,4.8987,6.7304,7.3124,5.0128,22.9,7.311,10.429,9.7182,4.0088,9.9544,12.513,15.676,14.761,15.964,3.0316,11.409,2.6277,2.8794,6.7872,4.7624,9.589,0.033333,0.6,0.36667,0,0,0,0,1,0,0,0,0,1,0,0,1
7.5957,7.052,3.7893,5.7724,1.3168,57.225,4.3191,5.4897,1.7437,4.1564,1.5396,3.3419,1.5876,2.7222,4.1528,1.9703,61.751,6.9822,3.5835,4.5672,1.5648,7.7763,4.4797,10.175,6.6671,8.5509,1.6325,58.706,0.75723,1.3725,0.9112,1.0918,5.6556,0,0,1,0,0,0,0,1,0,0,0,0,1,0,0,0
2.9037,1.1191,0,1.188,0,87.221,2.2496,1.3886,1.3536,2.3072,0.26946,0,0,0.81469,0,0.53891,87.278,2.7031,1.0616,1.7156,1.331,4.5568,2.2722,1.9851,3.3112,3.4377,0.32703,87.009,0,0,0,0.79212,0.86594,0,0,1,0,0,0,0,1,0,0,0,0,1,0,0,0
0,0,0,0,0,89.838,0,0,0,6.4646,3.6978,0,4.1671,0,0,2.2975,81.117,6.4232,2.2975,0,0,3.6978,10.162,0,0,0,0,83.373,6.4646,0,0,0,0,0,0,0.95385,0.015385,0.030769,0.030769,0.015385,0.95385,0,0,0,0,0.95385,0.015385,0.030769,0
9.3797,17.617,11.387,16.017,4.8329,13.153,7.7186,4.7453,5.6828,7.8003,1.6665,7.9125,4.9583,10.021,10.299,4.1837,22.9,8.2482,10.812,6.969,2.9206,10.776,10.823,19.261,14.415,10.614,1.1391,9.8978,0.81834,3.862,10.281,5.8401,13.05,0,0.48598,0.51402,0,0,0,0,1,0,0,0,0,1,0,0,1
1.7853,0,0,0,0,98.215,0,0,0,0,0,0,0,1.7853,0,0,98.215,0,0,0,0,0,0,1.7853,0,0,0,98.215,0,0,0,0,0,0.072727,0.054545,0.87273,0,0,0,0,1,0,0,0,0,1,0,0,0
4.4632,33.044,11.726,13.457,1.6517,9.4813,12.692,5.7753,0.71678,1.7334,5.2589,4.5059,5.7367,8.6293,13.227,3.412,23.926,12.902,10.454,3.6809,8.7458,4.7797,4.3342,35.278,18.693,14.951,0.53873,9.5577,0.88599,2.2536,3.2765,2.3684,7.8637,0.45946,0.54054,0,0,0,0,0,1,0,0,0,0,1,0,0,1
1.3443,2.1577,0,0,0,89.413,0,0,0,3.0449,4.04,0.40668,3.9826,1.2414,0,1.22,87.095,1.6077,0.40668,0,0.40668,3.6333,8.4292,2.1577,0,0,1.323,85.636,2.4537,0,0,0,0,0,0,1,0,0,0,0,1,0,0,0,0,1,0,0,0
0,1.9588,0,0,0,98.041,0,0,0,0,0,0,0,0,0,0,98.041,0.97942,0,0,0.97942,0,0.97942,0.97942,0,0,0,98.041,0,0,0,0,0,0,0,1,0,0,0,0,1,0,0,0,0,1,0,0,0
5.2969,13.576,7.8633,10.965,2.8238,27.462,8.7125,7.4778,6.0913,7.8939,1.8382,8.0909,3.9328,7.188,4.7818,4.7778,35.117,6.4199,7.99,5.8675,3.7814,12.053,9.575,18.73,13.472,9.6677,1.4616,24.653,0.91008,3.8645,5.6803,2.8924,9.0937,0.15,0.175,0.675,0,0,0,0,1,0,0,0,0,1,0,0,0
0.51669,0,10.599,32.351,16.208,23.038,2.2522,10.026,4.6241,0.38487,0,5.2216,9.0278,2.5241,7.2656,6.4932,30.325,7.4836,4.2562,8.7372,9.3808,9.285,1.4336,12.315,2.7361,1.6246,2.8528,13.227,4.005,11.122,13.558,22.695,14.431,0,0,0,0,1,0,0,1,0,0,0,0,0,0,1,1
1.0466,0,13.19,31.768,15.221,23.81,2.341,6.5755,4.4689,1.5793,0,4.7914,6.6613,2.2367,5.0162,4.2096,33.635,9.5624,5.3787,11.373,8.6585,8.4771,0.38396,11.318,1.0554,1.125,2.7093,14.212,5.2834,9.2746,12.653,24.285,17.701,0,0,0,0,1,0,0,1,0,0,0,0,0,0,1,1
0.44501,0,10.307,31.352,11.693,23.852,5.6047,13.684,3.062,0,0,5.2064,11.598,1.9063,4.9485,3.9767,27.852,5.7101,7.6257,12.937,7.4378,10.802,0.30618,11.812,7.9504,1.84,2.0019,15.199,4.7638,7.1932,12.182,25.09,11.662,0,0,0,0,1,0,0,1,0,0,0,0,0,0,1,1
1.7875,0,10.604,32.616,21.016,19.379,3.5234,8.0904,2.1809,0.80345,0,5.1552,10.129,0.99921,6.5655,4.7642,31.767,9.9437,5.4108,11.739,6.7759,6.7505,0.73407,7.9502,2.7892,0.75736,1.3313,7.6607,6.777,10.652,20.381,27.713,13.255,0,0,0,0,1,0,0,1,0,0,0,0,0,0,1,1
1.6591,0,0,0,0,98.341,0,0,0,0,0,0.82955,0,0.82955,0,0,98.341,0,0,0,0,0,0,0.82955,0.82955,0,0,98.341,0,0,0,0,0,0,0,1,0,0,0,0,1,0,0,0,0,1,0,0,0
7.6099,5.9309,6.5519,3.4516,3.793,20.665,19.796,13.125,9.3425,6.9402,2.7941,14.791,4.486,4.2638,6.4494,3.6085,23.045,8.2278,7.6846,11.968,4.3549,11.121,10.353,14.265,15.675,17.57,2.4989,14.145,5.2873,1.9167,4.8601,6.6982,6.7309,0.25,0.25,0.5,0,0,0,0,1,0,0,0,0,1,0,0,1
13.982,6.8976,3.3065,1.0309,3.4084,28.254,22.053,8.9838,5.0517,4.5685,2.4637,12.585,2.6884,5.7366,6.8272,2.1426,30.853,7.502,7.8712,6.9388,4.5187,12.337,11.259,13.686,14.124,14.982,6.3058,25.639,2.8705,1.8988,4.8125,2.312,2.1107,0,0.31034,0.68966,0,0,0,0,1,0,0,0,0,1,0,0,0
5.6782,0,0,0,0,92.927,0,0.34865,0.34865,0,0.69731,3.5364,1.046,2.4904,0,0.34865,92.23,0,0,0.34865,0,0,1.046,3.1877,2.8391,0.34865,0,92.579,0,0,0,0,0,0,0,1,0,0,0,0,1,0,0,0,0,1,0,0,0
11.392,9.7551,8.1239,8.6533,4.1966,31.733,7.5016,3.9748,5.5301,7.8686,1.2709,8.6914,3.6568,8.535,7.7889,2.9775,36.036,6.7779,7.1906,5.9125,1.8081,10.625,7.6667,12.041,12.826,10.769,1.2045,32.081,2.5293,4.2149,4.6902,4.3522,7.6259,0,0,1,0,0,0,0,1,0,0,0,0,1,0,0,0
5.8796,0,13.443,31.641,15.821,22.749,3.7805,2.9705,1.5554,2.1602,0,10.366,9.7533,0.63218,4.0766,6.4464,33.657,7.4772,7.3334,7.7507,8.5954,3.9114,0.72008,7.1236,1.1642,1.3855,1.2975,12.389,7.9153,8.454,18.69,20.05,20.811,0,0,0.02439,0.04878,0.92683,0,0,1,0,0,0,0,0.02439,0.04878,0.92683,1
2.9888,1.9765,1.7776,2.3967,0.2457,77.459,3.4269,3.0473,2.6693,3.4907,0.52174,2.0639,0.49141,1.1814,0.44433,1.0435,76.148,4.851,1.8082,2.2117,3.1248,6.6314,2.4803,3.9087,5.919,5.2978,0.2457,74.247,2.1686,0.49141,0.73711,1.2456,3.2592,0,0,1,0,0,0,0,1,0,0,0,0,1,0,0,0
2.6745,0,14.407,27.877,19.911,18.879,3.8966,4.7603,2.7241,4.8703,0,5.2967,7.7379,2.5728,8.5398,7.4407,30.622,9.162,6.9339,9.935,6.9596,4.7995,1.6606,9.1488,2.6718,1.8251,0.87241,10.934,4.5723,7.3845,17.931,29.954,13.045,0,0.11111,0.074074,0.14815,0.66667,0,0,0.88889,0.11111,0,0.11111,0,0.074074,0.18519,0.62963,1
0,0.60286,2.5675,0.60286,0,90.951,0.60286,3.1704,0.89984,0.60286,0,0.60286,0,0.89984,0,0,87.78,3.7732,0.60286,0,3.1704,3.1704,0.89984,0.60286,1.8086,2.5675,0,87.78,3.1704,0,0,0,3.1704,0,0,1,0,0,0,0,1,0,0,0,0,1,0,0,0
5.1255,6.7181,5.0476,2.5326,1.6939,21.056,17.784,28.546,4.3784,5.6839,1.4348,19.829,3.2196,2.9743,2.9953,1.1486,30.732,10.347,9.3376,5.8261,6.2106,7.3787,9.4185,15.901,15.523,16.463,1.0562,18.239,2.8713,0.37796,4.647,6.1707,9.3323,0,0.13793,0.86207,0,0,0,0,0.96552,0,0.034483,0.034483,0.034483,0.93103,0,0,0
0,0,10.106,0,0,64.802,0,0,25.092,0,0,12.505,0.68317,0,0.68317,8.2141,69.73,0,0,0,3.7188,4.4659,4.2447,0.68317,0,5.1785,0,64.802,0,0,3.7188,16.224,5.1491,0,0,0,0.031746,0.96825,0,0,1,0,0,0,0,1,0,0,0
0,0,6.2035,0,0,74.79,0,0,19.007,0,0,12.15,0.57009,0,2.2459,1.5998,77.585,0,0,0,1.408,4.4417,1.5198,2.2459,0,2.4378,0,74.79,0,0.83791,0.57009,7.5139,10.085,0,0,0.97101,0,0.028986,0,0,1,0,0,0,0,1,0,0,0
0,0,7.1868,0,0,74.106,0,0,18.707,0,0,10.542,0.87884,0,2.174,1.387,79.267,0,0,0,2.6314,3.1203,5.2113,1.6099,0,0.36555,0,74.106,0,0.36555,2.2658,7.3906,8.6851,0,0,0.017857,0.375,0.60714,0,0,1,0,0,0,0,1,0,0,0
0.38227,0,10.488,0,0,65.186,0,0,23.945,0,0,10.247,1.8148,0.38227,4.3802,2.346,69.089,0.67746,0,0,4.3364,6.7274,3.3772,4.7415,0,2.3688,0,65.568,0,1.2287,2.7255,10.927,9.0631,0,0,0,0.11111,0.88889,0,0,1,0,0,0,0,1,0,0,0
0.31117,0,8.7281,0,0,72.31,0,0,18.651,0,0,8.8722,1.0204,0.31117,3.5822,1.2709,73.91,0.69095,0,0,3.8491,6.4931,2.8973,4.2045,0,1.6264,0,72.621,0,1.6264,1.6004,10.852,4.572,0,0,1,0,0,0,0,1,0,0,0,0,1,0,0,0
0.66919,0,7.7415,0,0,72.859,0,0,18.73,0,0,11.61,0.24003,0.66919,2.6428,1.5978,74.699,0.90922,0,0,1.8951,5.7372,3.4282,2.6399,0,1.6735,0,73.528,0,0.65077,0.57514,11.19,6.3145,0,0,0.13559,0.18644,0.67797,0,0,1,0,0,0,0,1,0,0,0
5.3249,0,10.385,0,0,62.103,0,0,22.187,0,0,14.361,1.2956,2.1834,3.4055,0,63.308,2.0452,0,0,6.6566,6.7449,1.4841,7.7569,0,1.1441,0,67.428,0,2.3903,0.77735,10.186,8.8337,0,0,0.018182,0.25455,0.72727,0,0,1,0,0,0,0,1,0,0,0
4.0885,0,7.7706,0,0,72.004,0,0,16.137,0,0,11.616,0.24246,1.7111,2.2954,0,73.102,1.0933,0,0,4.7865,5.1534,1.0265,5.7176,0,1.0265,0,76.093,0,1.4369,0.24246,6.8196,7.6376,0,0,1,0,0,0,0,1,0,0,0,0,1,0,0,0
7.7377,0,4.9748,0,0,68.892,0,0,18.396,0,0,14.935,1.0329,0.6576,2.153,0,69.596,0.97688,0,0,4.1794,6.4695,4.6384,3.5264,0,0.42901,0,73.01,0,1.511,0.70458,7.7963,8.384,0,0,0.014925,0.26866,0.71642,0,0,1,0,0,0,0,1,0,0,0
25.032,0,7.9084,0,0,52.372,0,0,14.688,0,0,31.394,0.37509,2.7822,0.68144,0,52.372,2.9413,0,0,5.9374,3.5173,19.356,7.2269,0,0.34072,0,58.388,0,0.34072,0,8.667,5.6805,0,0,0,0.33962,0.66038,0.018868,0.056604,0.92453,0,0,0,0,0.92453,0.075472,0,0
18.049,0,4.5692,0,0,65.601,0,0,11.781,0,0,22.518,0.84076,2.0354,0,0,65.601,1.3391,0,0,5.3211,2.3445,13.513,4.5692,0,0,0,70.137,0,0.75189,0,5.0561,5.9726,0,0,0.98462,0.015385,0,0,0.015385,0.98462,0,0,0,0,0.98462,0.015385,0,0
25.42,0,2.4631,0,0,63.195,0,0,8.9226,0,0,28.39,0,1.2316,0,0,63.195,1.1673,0,0,2.9491,3.0679,18.294,2.4631,0,0,0,70.321,0,1.1563,0,2.4839,5.2824,0,0,0.025316,0.12658,0.8481,0,0.012658,0.98734,0,0,0,0,0.98734,0.012658,0,0
48.723,0,1.3972,0,0,43.385,0,0,6.4946,0,0,51.701,0,0.59461,0,0,43.385,1.4673,0,0,1.4857,1.3661,38.84,1.3972,0,0,0,53.268,0,0.68306,0.81517,1.4673,3.529,0,0,0,1,0,0,0,1,0,0,0,0,1,0,0,0
4.381,0,0,0,0,91.238,0,0,4.381,0,0,6.5715,0,0,0,0,91.238,2.1905,0,0,0,0,0,0,0,0,0,95.619,0,0,0,2.1905,2.1905,0,0,0.96825,0.031746,0,0,0.031746,0.96825,0,0,0,0,0.95238,0.047619,0,0
27.529,0,1.7115,0,0,68.764,0,0,1.9953,0,0,28.635,0,0.82167,0,0,68.764,0.88981,0,0,0.88981,0,22.283,1.7115,0,0,0,74.01,0,0,0.55277,0.88981,0.55277,0,0,0,0.19403,0.80597,0,0.014925,0.98507,0,0,0,0,0.98507,0.014925,0,0
9.5723,0,6.4777,0,0,66.514,0,0,17.436,0,0,19.403,0,5.8662,0,0,66.514,0,0,3.2038,0.61145,4.4014,6.3971,5.8662,0.61145,0,0,69.689,0,1.6061,0.61145,5.4213,9.7973,0,0,0,0.085106,0.91489,0,0,1,0,0,0,0,1,0,0,0
2.777,0,4.7749,0,0,73.141,0,0,19.307,0,0,17.278,0,3.1922,0,0,73.141,0.52366,0,0.8199,1.5828,3.4627,0,3.1922,1.5828,0,0,75.918,0,1.3562,3.5702,4.2826,10.098,0,0,1,0,0,0,0,1,0,0,0,0,1,0,0,0
8.6586,0,1.7971,0,0,79.054,0,0,10.49,0,0,15.908,0,1.7971,0,0,79.054,0,0,1.7971,0,1.4435,4.5918,1.7971,0,0,0,83.121,0,0.58986,2.0183,2.387,5.4952,0,0,0.016393,0.13115,0.85246,0,0,1,0,0,0,0,1,0,0,0
1.9668,0,7.8616,0,0,69.863,0,0,20.309,0,0,12.551,0,5.9168,0,0,69.863,0.84053,0,3.071,2.3113,5.4466,0,5.9168,1.9448,0,0,71.83,0,0.36653,3.2541,7.1887,9.4995,0,0,0,0.036364,0.96364,0,0,1,0,0,0,0,1,0,0,0
0,0,4.2397,0,0,79.764,0,0,15.996,0,0,7.8409,0,2.9456,0,0.97947,78.784,1.5824,0,1.2072,1.7384,4.9216,0,2.9456,1.2941,0,0,79.764,0,0.83794,1.7384,4.9216,8.4985,0,0,1,0,0,0,0,1,0,0,0,0,1,0,0,0
1.7791,0,4.2545,0,0,75.948,0,0,18.018,0,0,13.984,0,2.9633,0,0,75.948,0.59667,0,0.81,1.2912,4.4069,0,2.9633,1.2912,0,0,77.727,0,1.7564,1.6116,4.4069,10.243,0,0,0.086957,0.26087,0.65217,0,0,1,0,0,0,0,1,0,0,0
0,0,7.1961,0,0,69.095,0,0,23.709,0,0,10.575,0.56482,4.5891,0,0,70.127,2.1348,0,0.53112,4.6228,6.8551,0,4.5891,2.607,0,0,69.095,0,2.3598,3.029,7.9511,10.369,0,0,0,0.17241,0.82759,0,0,1,0,0,0,0,1,0,0,0
0,0,5.4254,0,0,73.808,0,0,20.767,0,0,11.384,0,3.6966,0,0.41984,74.122,0.31135,0,0.5153,3.1813,6.3693,0,3.6966,1.7288,0,0,73.808,0,1.805,2.8699,6.3693,9.7225,0,0,1,0,0,0,0,1,0,0,0,0,1,0,0,0
0,0,2.6659,0,0,77.778,0,0,19.556,0,0,9.1437,0.63114,1.8468,0,0.27408,78.409,0.33871,0,0.64655,1.8313,6.8787,0,2.1208,0.5451,0,0,77.778,0,1.1899,1.8313,8.1564,8.3786,0,0,0.15714,0.22857,0.61429,0,0,1,0,0,0,0,1,0,0,0
0,0,3.3156,0,0,70.574,0,0,26.11,0,0,7.2707,2.4079,1.9576,0,1.2359,73.194,0.47695,0,3.0889,3.3467,7.0211,0,2.8386,0.47695,0,0,70.574,0,1.1258,2.8698,12.873,9.242,0,0,0,0.19149,0.80851,0,0,1,0,0,0,0,1,0,0,0
0,0,3.4746,0,0,70.974,0,0,25.551,0,0,8.6675,1.9989,1.9591,0,1.5156,71.458,0.7417,0,3.5888,2.4424,7.6286,0,3.4746,0,0,0,70.974,0,1.9591,2.4424,13.216,7.9335,0,0,1,0,0,0,0,1,0,0,0,0,1,0,0,0
0,0,3.3993,0,0,78.753,0,0,17.847,0,0,5.9211,0.3777,1.5417,0,1.6006,79.248,0.60004,0,1.8186,1.1986,7.6933,0,2.7992,0.60004,0,0,78.753,0,0.59857,0.59857,10.233,6.4176,0,0,0.015152,0.21212,0.77273,0,0,1,0,0,0,0,1,0,0,0
0,0,2.3058,0,0,72.745,0,0,24.949,0,0,5.1652,1.8692,2.0662,0.32561,1.9802,74.002,0,0,4.728,2.6696,7.1938,0,2.3058,0,0,0,72.745,0,0,0.70112,17.826,6.4223,0,0,0,0.30189,0.69811,0,0,1,0,0,0,0,1,0,0,0
0,0,1.0025,0,0,72.43,0,0,26.568,0,0,6.9999,0.43316,2.3337,0,0.45773,74.643,0,0,3.1649,2.9134,9.0541,0,1.0025,0,0,0,72.43,0,0.54473,0.9779,16.377,8.6683,0,0,1,0,0,0,0,1,0,0,0,0,1,0,0,0
0,0,2.1128,0,0,81.029,0,0,16.858,0,0,4.4263,0.82072,0.50951,0.56455,1.5483,81.383,0,0.34646,3.4765,2.104,4.8204,0,2.1128,0,0,0,81.029,0,0,0.35425,11.723,4.7806,0,0,0,0.32692,0.67308,0,0,1,0,0,0,0,1,0,0,0
0,0,2.748,0,0,71.867,0,0,25.385,0,0,5.7331,0.53219,2.4529,2.2158,0.53219,71.867,0,2.6363,5.9917,2.306,5.7331,0,2.748,0,0,0,71.867,0,0,0.95621,18.696,5.7331,0,0,0.017241,0.22414,0.75862,0,0,1,0,0,0,0,1,0,0,0
0,0,3.3749,0,0,72.848,0,0,23.778,0,0,6.017,1.2439,0.55392,2.1311,1.2439,72.848,0,2.3386,4.3662,3.241,6.017,0,3.3749,0,0,0,72.848,0,0,1.591,16.17,6.017,0,0,0.98837,0,0.011628,0,0,1,0,0,0,0,1,0,0,0
0,0,0.677,0,0,79.961,0,0,19.362,0,0,5.5261,0.52595,1.0531,0.677,0.5976,79.961,0,2.1616,1.3958,3.1729,4.9285,0,0.677,0,0,0,79.961,0,0,2.3981,12.035,4.9285,0,0,0,0.15493,0.84507,0,0,1,0,0,0,0,1,0,0,0
0,0,1.7766,0,0,69.859,0,0,28.364,0,0,7.5885,1.3326,0,4.2603,2.9652,69.859,0,2.4519,0.96157,5.1571,5.4237,0,1.7766,0,0,0,69.859,0,0,5.677,17.263,5.4237,0,0,0,0.055556,0.94444,0,0,1,0,0,0,0,1,0,0,0
0,0.59079,2.5795,0,0,71.559,0,0,25.271,0,0,7.5821,1.6994,0,4.9857,0.64619,71.559,0,2.8304,1.1267,3.7617,5.8092,0,2.5795,0.59079,0,0,71.559,0,0,7.8246,11.637,5.8092,0,0,0.98837,0,0.011628,0,0,1,0,0,0,0,1,0,0,0
0,0,1.8497,0,0,78.83,0,0,19.32,0,0,5.0773,2.5552,0,3.2769,0.60527,78.83,0,1.4696,1.106,2.2806,4.7989,0,1.8497,0,0,0,78.83,0,0,3.2841,11.237,4.7989,0,0,0.057692,0.32692,0.61538,0,0,1,0,0,0,0,1,0,0,0
0.60297,0,3.8571,0,0,70.441,0,0,25.099,0,0,5.5058,1.822,0,5.4547,1.076,70.441,3.3169,0,2.5869,5.1926,4.6039,0,3.8571,0.60297,0,0,70.441,0,0,6.684,11.959,6.4556,0,0,0.054545,0.090909,0.85455,0,0,1,0,0,0,0,1,0,0,0
1.844,1.413,3.6895,0,0,71.07,0,0,21.984,0,0,5.255,1.8901,0,4.1233,1.4907,71.49,4.1283,0.99233,1.8447,3.9919,4.7931,0,4.1102,2.8363,0,0,71.07,0,0,1.7628,12.572,7.6488,0,0,0.975,0,0.025,0,0,1,0,0,0,0,1,0,0,0
0,0,2.5644,0,0,79.482,0,0,17.953,0,0,5.023,1.4353,0,3.7411,1.3302,79.482,0.96513,0,1.5577,2.3193,4.1458,0,2.5644,0,0,0,79.482,0,0,4.756,8.6133,4.5839,0,0,0.067797,0.15254,0.77966,0,0,1,0,0,0,0,1,0,0,0
1.1762,0,5.2671,0,0,75.787,0,0,17.77,0,0,3.9293,0,0,5.1613,0,75.787,4.8582,0,3.3441,4.834,2.0864,0,5.2671,1.1762,0,0,75.787,0,0,4.5061,6.3193,6.9446,0,0,0.020833,0.1875,0.79167,0,0,1,0,0,0,0,1,0,0,0
1.7588,6.4399,2.9836,0,0,67.901,0.84088,0.84088,17.331,0.84088,1.0638,3.8379,0,2.5226,6.2181,0,70.5,2.3766,1.9355,2.5082,5.2599,4.8409,1.9046,7.488,4.7581,0.84088,0,66.837,0,0,6.1729,6.2407,5.758,0,0,0.98684,0,0.013158,0,0,1,0,0,0,0,1,0,0,0
0.53629,0,5.7175,0,0,82.919,0,0,10.828,0,0,1.7686,0,0,3.59,0,82.919,3.4508,0,3.7426,1.2383,3.2913,0,5.7175,0.53629,0,0,82.919,0,0,0.95753,5.5063,4.3639,0,0,0.15789,0.44737,0.39474,0,0,1,0,0,0,0,1,0,0,0
0,0,6.3622,0,0,80.888,0,0,12.75,0,0,7.3969,0.88659,0,2.1854,4.1769,82.483,0,0,0,1.5949,1.2765,2.0072,0.88659,0,3.4685,0,80.888,0,0,1.5949,7.4763,3.6786,0,0,0,0.11864,0.88136,0,0,1,0,0,0,0,1,0,0,0
0,0,4.7844,0,0,94.408,0,0,0.80785,0,0,0.80785,0,0,1.3383,0.80785,97.046,0,0,0,0,0,3.9765,0,0,0.80785,0,94.408,0,0,0,0.80785,0,0,0,0,0.14583,0.85417,0,0,1,0,0,0,0,1,0,0,0
0.56408,0,5.5208,0,0,84.685,0,0,9.2302,0,0,3.7577,1.3492,0.56408,1.9064,0.6603,87.303,0.56408,0,0,2.1919,1.7035,1.5474,3.0345,0,0.93889,0,85.249,0,0.27859,1.3492,5.1069,2.4956,0,0,0,0.1875,0.8125,0,0,1,0,0,0,0,1,0,0,0
0,0,0.39291,0,0,99.607,0,0,0,0,0,0,0,0,0.39291,0,99.607,0,0,0,0,0,0.39291,0,0,0,0,99.607,0,0,0,0,0,0,0,0,0.079365,0.92063,0,0,1,0,0,0,0,1,0,0,0
0,0,0,0,0,100,0,0,0,0,0,0,0,0,0,0,100,0,0,0,0,0,0,0,0,0,0,100,0,0,0,0,0,0,0,0,0.071429,0.92857,0,0,1,0,0,0,0,1,0,0,0
0,0,0,0,0,100,0,0,0,0,0,0,0,0,0,0,100,0,0,0,0,0,0,0,0,0,0,100,0,0,0,0,0,0,0,0,0.19298,0.80702,0,0,1,0,0,0,0,1,0,0,0
0,0,0,0,0,100,0,0,0,0,0,0,0,0,0,0,100,0,0,0,0,0,0,0,0,0,0,100,0,0,0,0,0,0,0,0.040816,0.12245,0.83673,0,0,1,0,0,0,0,1,0,0,0
2.8016,0,4.0046,0,0,87.493,0,0,5.7013,0,0,3.8775,0.41208,1.1092,1.2979,0,87.905,1.5975,0,0,2.3675,1.4337,0.88584,3.1188,0,0,0,90.294,0,0.35786,0.41208,2.7276,2.2037,0,0,0.013699,0.28767,0.69863,0,0,1,0,0,0,0,1,0,0,0
0,0,0.33884,0,0,99.661,0,0,0,0,0,0,0,0,0.33884,0,99.661,0,0,0,0,0,0.33884,0,0,0,0,99.661,0,0,0,0,0,0,0,0,0.37736,0.62264,0,0,1,0,0,0,0,1,0,0,0
6.2507,0,2.6233,0,0,87.383,0,0,3.7435,0,0,6.6768,0,0.58415,0,0,87.383,2.0391,0,0,2.4652,0.85221,0,2.6233,0,0,0,93.633,0,0.4261,0,2.0391,1.2783,0,0,0,0.32787,0.67213,0,0,1,0,0,0,0,1,0,0,0
0.38343,0,0,0,0,99.617,0,0,0,0,0,0.38343,0,0,0,0,99.617,0,0,0,0,0,0,0,0,0,0,100,0,0,0,0,0,0,0,0,0.24615,0.75385,0,0,1,0,0,0,0,1,0,0,0
0,0,0,0,0,100,0,0,0,0,0,0,0,0,0,0,100,0,0,0,0,0,0,0,0,0,0,100,0,0,0,0,0,0,0,0.040816,0.32653,0.63265,0,0,1,0,0,0,0,1,0,0,0
0,0,0,0,0,100,0,0,0,0,0,0,0,0,0,0,100,0,0,0,0,0,0,0,0,0,0,100,0,0,0,0,0,0,0,0,0.19403,0.80597,0,0,1,0,0,0,0,1,0,0,0
0,0,0,0,0,100,0,0,0,0,0,0,0,0,0,0,100,0,0,0,0,0,0,0,0,0,0,100,0,0,0,0,0,0,0,0.03125,0.1875,0.78125,0,0,1,0,0,0,0,1,0,0,0
0,0,0,0,0,100,0,0,0,0,0,0,0,0,0,0,100,0,0,0,0,0,0,0,0,0,0,100,0,0,0,0,0,0,0,0,0.17391,0.82609,0,0,1,0,0,0,0,1,0,0,0
9.0212,0,1.0011,0,0,89.33,0,0,0.64742,0,0,9.0212,0,0.35364,0,0,89.33,0.64742,0,0,0.64742,0,3.7078,1.0011,0,0,0,94.644,0,0,0,0.64742,0,0,0,0.034483,0.2931,0.67241,0,0,1,0,0,0,0,1,0,0,0
0.62999,0,0,0,0,99.37,0,0,0,0,0,0.62999,0,0,0,0,99.37,0,0,0,0,0,0,0,0,0,0,100,0,0,0,0,0,0,0,0,0.2,0.8,0,0,1,0,0,0,0,1,0,0,0
5.0974,0,2.1946,0,0,91.253,0,0,1.4553,0,0,6.1479,0,2.1946,0,0,91.253,0,0,0.40483,0,0,0,2.1946,0,0,0,96.35,0,0,0.52525,0.40483,0.52525,0,0,0,0.22951,0.77049,0,0,1,0,0,0,0,1,0,0,0
0.3605,0,0,0,0,99.64,0,0,0,0,0,0.3605,0,0,0,0,99.64,0,0,0,0,0,0,0,0,0,0,100,0,0,0,0,0,0,0,0,0.078431,0.92157,0,0,1,0,0,0,0,1,0,0,0
0,0,0,0,0,100,0,0,0,0,0,0,0,0,0,0,100,0,0,0,0,0,0,0,0,0,0,100,0,0,0,0,0,0,0,0.13636,0.090909,0.77273,0,0,1,0,0,0,0,1,0,0,0
0,0,0,0,0,100,0,0,0,0,0,0,0,0,0,0,100,0,0,0,0,0,0,0,0,0,0,100,0,0,0,0,0,0,0,0,0.22535,0.77465,0,0,1,0,0,0,0,1,0,0,0
0,0,0,0,0,100,0,0,0,0,0,0,0,0,0,0,100,0,0,0,0,0,0,0,0,0,0,100,0,0,0,0,0,0,0,0,0.02439,0.97561,0,0,1,0,0,0,0,1,0,0,0
0,0,0,0,0,100,0,0,0,0,0,0,0,0,0,0,100,0,0,0,0,0,0,0,0,0,0,100,0,0,0,0,0,0,0,0,0.19048,0.80952,0,0,1,0,0,0,0,1,0,0,0
0,0,0,0,0,100,0,0,0,0,0,0,0,0,0,0,100,0,0,0,0,0,0,0,0,0,0,100,0,0,0,0,0,0,0,0,0.34146,0.65854,0,0,1,0,0,0,0,1,0,0,0
0,0,0,0,0,100,0,0,0,0,0,0,0,0,0,0,100,0,0,0,0,0,0,0,0,0,0,100,0,0,0,0,0,0,0,0.090909,0.16364,0.74545,0,0,1,0,0,0,0,1,0,0,0
0,0,0,0,0,100,0,0,0,0,0,0,0,0,0,0,100,0,0,0,0,0,0,0,0,0,0,100,0,0,0,0,0,0,0,0.013333,0.22667,0.76,0,0,1,0,0,0,0,1,0,0,0
0,0,0,0,0,100,0,0,0,0,0,0,0,0,0,0,100,0,0,0,0,0,0,0,0,0,0,100,0,0,0,0,0,0,0,0.044118,0.20588,0.75,0,0,1,0,0,0,0,1,0,0,0
0,0,0,0,0,100,0,0,0,0,0,0,0,0,0,0,100,0,0,0,0,0,0,0,0,0,0,100,0,0,0,0,0,0,0,0.029412,0.27941,0.69118,0,0,1,0,0,0,0,1,0,0,0
0,0,0,0,0,100,0,0,0,0,0,0,0,0,0,0,100,0,0,0,0,0,0,0,0,0,0,100,0,0,0,0,0,0,0,0.14035,0.26316,0.59649,0,0,1,0,0,0,0,1,0,0,0
0,0,0,0,0,100,0,0,0,0,0,0,0,0,0,0,100,0,0,0,0,0,0,0,0,0,0,100,0,0,0,0,0,0,0,0.017241,0.12069,0.86207,0,0,1,0,0,0,0,1,0,0,0
0,0,0,0,0,100,0,0,0,0,0,0,0,0,0,0,100,0,0,0,0,0,0,0,0,0,0,100,0,0,0,0,0,0,0,0.0625,0.10938,0.82812,0,0,1,0,0,0,0,1,0,0,0
1.211,0,3.1305,0,0,90.499,0,0,5.1596,0,0,3.9513,0,2.7184,0,0,90.499,0.41209,0,1.5492,0.41209,0.45811,0,2.7184,0.41209,0,0,91.71,0,0.45811,0.45391,2.0073,2.2403,0,0,0,0.1831,0.8169,0,0,1,0,0,0,0,1,0,0,0
0,0,0,0,0,100,0,0,0,0,0,0,0,0,0,0,100,0,0,0,0,0,0,0,0,0,0,100,0,0,0,0,0,0,0,0,0.27778,0.72222,0,0,1,0,0,0,0,1,0,0,0
0,0,3.7628,0,0,90.646,0,0,5.5916,0,0,1.087,0.47743,1.9852,0,0.35124,91.123,1.4264,0,0.55876,1.9039,1.087,0,2.3364,1.4264,0,0,90.646,0,0,0.47743,2.1232,2.9909,0,0,0,0.23529,0.76471,0,0,1,0,0,0,0,1,0,0,0
0,0,0,0,0,100,0,0,0,0,0,0,0,0,0,0,100,0,0,0,0,0,0,0,0,0,0,100,0,0,0,0,0,0,0,0,0.087719,0.91228,0,0,1,0,0,0,0,1,0,0,0
0,0,0,0,0,100,0,0,0,0,0,0,0,0,0,0,100,0,0,0,0,0,0,0,0,0,0,100,0,0,0,0,0,0,0,0,0.14286,0.85714,0,0,1,0,0,0,0,1,0,0,0
0,0,0,0,0,100,0,0,0,0,0,0,0,0,0,0,100,0,0,0,0,0,0,0,0,0,0,100,0,0,0,0,0,0,0,0,0.32,0.68,0,0,1,0,0,0,0,1,0,0,0
0,0,0,0,0,100,0,0,0,0,0,0,0,0,0,0,100,0,0,0,0,0,0,0,0,0,0,100,0,0,0,0,0,0,0,0,0.083333,0.91667,0,0,1,0,0,0,0,1,0,0,0
0,0,0,0,0,100,0,0,0,0,0,0,0,0,0,0,100,0,0,0,0,0,0,0,0,0,0,100,0,0,0,0,0,0,0,0,0.10606,0.89394,0,0,1,0,0,0,0,1,0,0,0
0,0,2.2041,0,0,93.387,0,0,4.4087,0,0,0.3732,0.77652,0.6761,0,1.4188,94.164,0.39266,0,0.28344,1.1692,0.74639,0,1.8114,0.39266,0,0,93.387,0,0,0.77652,2.0898,1.5424,0,0,0.014925,0.20896,0.77612,0,0,1,0,0,0,0,1,0,0,0
0,0,0,0,0,100,0,0,0,0,0,0,0,0,0,0,100,0,0,0,0,0,0,0,0,0,0,100,0,0,0,0,0,0,0,0,0.14035,0.85965,0,0,1,0,0,0,0,1,0,0,0
0,0,1.6433,0,0,92.399,0,0,5.9572,0,0,0.84548,0.27917,1.0954,0.39239,1.2509,92.679,0,0,1.9134,0.69905,0.84548,0,1.6433,0,0,0,92.399,0,0,0.27917,4.5534,1.1247,0,0,0.035088,0.19298,0.77193,0,0,1,0,0,0,0,1,0,0,0
0,0,0,0,0,100,0,0,0,0,0,0,0,0,0,0,100,0,0,0,0,0,0,0,0,0,0,100,0,0,0,0,0,0,0,0,0.17021,0.82979,0,0,1,0,0,0,0,1,0,0,0
0,0,0,0,0,100,0,0,0,0,0,0,0,0,0,0,100,0,0,0,0,0,0,0,0,0,0,100,0,0,0,0,0,0,0,0,0.125,0.875,0,0,1,0,0,0,0,1,0,0,0
0,0,0,0,0,100,0,0,0,0,0,0,0,0,0,0,100,0,0,0,0,0,0,0,0,0,0,100,0,0,0,0,0,0,0,0,0.1194,0.8806,0,0,1,0,0,0,0,1,0,0,0
0,0,0,0,0,100,0,0,0,0,0,0,0,0,0,0,100,0,0,0,0,0,0,0,0,0,0,100,0,0,0,0,0,0,0,0.071429,0.14286,0.78571,0,0,1,0,0,0,0,1,0,0,0
0,0,0,0,0,100,0,0,0,0,0,0,0,0,0,0,100,0,0,0,0,0,0,0,0,0,0,100,0,0,0,0,0,0,0,0,0.19149,0.80851,0,0,1,0,0,0,0,1,0,0,0
0,0,0,0,0,100,0,0,0,0,0,0,0,0,0,0,100,0,0,0,0,0,0,0,0,0,0,100,0,0,0,0,0,0,0,0,0.025974,0.97403,0,0,1,0,0,0,0,1,0,0,0
0,0,0,0,0,100,0,0,0,0,0,0,0,0,0,0,100,0,0,0,0,0,0,0,0,0,0,100,0,0,0,0,0,0,0,0.17188,0.28125,0.54688,0,0,1,0,0,0,0,1,0,0,0
0,0,0,0,0,100,0,0,0,0,0,0,0,0,0,0,100,0,0,0,0,0,0,0,0,0,0,100,0,0,0,0,0,0,0,0.014085,0.16901,0.8169,0,0,1,0,0,0,0,1,0,0,0
0,0,0,0,0,100,0,0,0,0,0,0,0,0,0,0,100,0,0,0,0,0,0,0,0,0,0,100,0,0,0,0,0,0,0,0.013333,0.36,0.62667,0,0,1,0,0,0,0,1,0,0,0
0,0,0,0,0,100,0,0,0,0,0,0,0,0,0,0,100,0,0,0,0,0,0,0,0,0,0,100,0,0,0,0,0,0,0,0.013514,0.28378,0.7027,0,0,1,0,0,0,0,1,0,0,0
0,0,0,0,0,100,0,0,0,0,0,0,0,0,0,0,100,0,0,0,0,0,0,0,0,0,0,100,0,0,0,0,0,0,0,0.013333,0.24,0.74667,0,0,1,0,0,0,0,1,0,0,0
0,0,0,0,0,100,0,0,0,0,0,0,0,0,0,0,100,0,0,0,0,0,0,0,0,0,0,100,0,0,0,0,0,0,0,0.017241,0.24138,0.74138,0,0,1,0,0,0,0,1,0,0,0
0,0,0,0,0,100,0,0,0,0,0,0,0,0,0,0,100,0,0,0,0,0,0,0,0,0,0,100,0,0,0,0,0,0,0,0.033333,0.36667,0.6,0,0,1,0,0,0,0,1,0,0,0
0,0,1.3755,0,0,92.352,0,0,6.2727,0,0,1.3071,0,0.48792,1.3755,0.34823,92.352,0,0.43887,1.8635,0.86824,0.95888,0,1.3755,0,0,0,92.352,0,0,0.69646,4.6174,0.95888,0,0,0,0.27419,0.72581,0,0,1,0,0,0,0,1,0,0,0
0,0,0,0,0,100,0,0,0,0,0,0,0,0,0,0,100,0,0,0,0,0,0,0,0,0,0,100,0,0,0,0,0,0,0,0,0.089286,0.91071,0,0,1,0,0,0,0,1,0,0,0
0,0,0.61138,0,0,90.035,0,0,9.3539,0,0,2.5047,0.59588,0,1.2256,1.4162,90.035,0,0.49263,0.61138,2.0304,1.0885,0,0.61138,0,0,0,90.035,0,0,3.4283,4.8371,1.0885,0,0,0,0.18421,0.81579,0,0,1,0,0,0,0,1,0,0,0
0,0,0,0,0,100,0,0,0,0,0,0,0,0,0,0,100,0,0,0,0,0,0,0,0,0,0,100,0,0,0,0,0,0,0,0,0.23077,0.76923,0,0,1,0,0,0,0,1,0,0,0
0,0,0,0,0,100,0,0,0,0,0,0,0,0,0,0,100,0,0,0,0,0,0,0,0,0,0,100,0,0,0,0,0,0,0,0.081633,0.040816,0.87755,0,0,1,0,0,0,0,1,0,0,0
0,0,0,0,0,100,0,0,0,0,0,0,0,0,0,0,100,0,0,0,0,0,0,0,0,0,0,100,0,0,0,0,0,0,0,0,0.20339,0.79661,0,0,1,0,0,0,0,1,0,0,0
0,0,0,0,0,100,0,0,0,0,0,0,0,0,0,0,100,0,0,0,0,0,0,0,0,0,0,100,0,0,0,0,0,0,0,0,0.14894,0.85106,0,0,1,0,0,0,0,1,0,0,0
0,0,0,0,0,100,0,0,0,0,0,0,0,0,0,0,100,0,0,0,0,0,0,0,0,0,0,100,0,0,0,0,0,0,0,0.014925,0.28358,0.70149,0,0,1,0,0,0,0,1,0,0,0
0,0,2.1254,0,0,92.852,0,0,5.0228,0,0,0.80257,0,0,2.4269,0.40514,92.852,0.34078,0,1.0627,1.7127,0.39742,0,2.1254,0,0,0,92.852,0,0,1.1511,3.1335,0.7382,0,0,0,0.19048,0.80952,0,0,1,0,0,0,0,1,0,0,0
0,0,0,0,0,100,0,0,0,0,0,0,0,0,0,0,100,0,0,0,0,0,0,0,0,0,0,100,0,0,0,0,0,0,0,0,0.22222,0.77778,0,0,1,0,0,0,0,1,0,0,0
0,0,3.0805,0,0,94.532,0,0,2.3871,0,0,0,0,0,1.2568,0,94.532,0.93011,0,2.0872,0.84771,0.34586,0,3.0805,0,0,0,94.532,0,0,0.58424,0.87279,0.93011,0,0,0.022727,0.40909,0.56818,0,0,1,0,0,0,0,1,0,0,0
0,0,0,0,0,100,0,0,0,0,0,0,0,0,0,0,100,0,0,0,0,0,0,0,0,0,0,100,0,0,0,0,0,0,0,0,0.26531,0.73469,0,0,1,0,0,0,0,1,0,0,0
0,0,0,0,0,100,0,0,0,0,0,0,0,0,0,0,100,0,0,0,0,0,0,0,0,0,0,100,0,0,0,0,0,0,0,0,0.058824,0.94118,0,0,1,0,0,0,0,1,0,0,0
0,0,0,0,0,100,0,0,0,0,0,0,0,0,0,0,100,0,0,0,0,0,0,0,0,0,0,100,0,0,0,0,0,0,0,0,0.25926,0.74074,0,0,1,0,0,0,0,1,0,0,0
0,0,0,0,0,100,0,0,0,0,0,0,0,0,0,0,100,0,0,0,0,0,0,0,0,0,0,100,0,0,0,0,0,0,0,0.026316,0.31579,0.65789,0,0,1,0,0,0,0,1,0,0,0
0,0,0,0,0,100,0,0,0,0,0,0,0,0,0,0,100,0,0,0,0,0,0,0,0,0,0,100,0,0,0,0,0,0,0,0,0.30233,0.69767,0,0,1,0,0,0,0,1,0,0,0
0,0,0,0,0,100,0,0,0,0,0,0,0,0,0,0,100,0,0,0,0,0,0,0,0,0,0,100,0,0,0,0,0,0,0,0.014493,0.26087,0.72464,0,0,1,0,0,0,0,1,0,0,0
0,0,0,0,0,100,0,0,0,0,0,0,0,0,0,0,100,0,0,0,0,0,0,0,0,0,0,100,0,0,0,0,0,0,0,0,0.12195,0.87805,0,0,1,0,0,0,0,1,0,0,0
0,0,0,0,0,100,0,0,0,0,0,0,0,0,0,0,100,0,0,0,0,0,0,0,0,0,0,100,0,0,0,0,0,0,0,0,0.075949,0.92405,0,0,1,0,0,0,0,1,0,0,0
0,0,0,0,0,100,0,0,0,0,0,0,0,0,0,0,100,0,0,0,0,0,0,0,0,0,0,100,0,0,0,0,0,0,0,0.033333,0.33333,0.63333,0,0,1,0,0,0,0,1,0,0,0
0,0,0,0,0,100,0,0,0,0,0,0,0,0,0,0,100,0,0,0,0,0,0,0,0,0,0,100,0,0,0,0,0,0,0,0,0.054795,0.94521,0,0,1,0,0,0,0,1,0,0,0
0,0,0,0,0,100,0,0,0,0,0,0,0,0,0,0,100,0,0,0,0,0,0,0,0,0,0,100,0,0,0,0,0,0,0,0.015625,0.29688,0.6875,0,0,1,0,0,0,0,1,0,0,0
0,0,0,0,0,100,0,0,0,0,0,0,0,0,0,0,100,0,0,0,0,0,0,0,0,0,0,100,0,0,0,0,0,0,0,0.038462,0.32692,0.63462,0,0,1,0,0,0,0,1,0,0,0
0,0,0,0,0,100,0,0,0,0,0,0,0,0,0,0,100,0,0,0,0,0,0,0,0,0,0,100,0,0,0,0,0,0,0,0,0.35385,0.64615,0,0,1,0,0,0,0,1,0,0,0
0,0,0,0,0,100,0,0,0,0,0,0,0,0,0,0,100,0,0,0,0,0,0,0,0,0,0,100,0,0,0,0,0,0,0,1,0,0,0,0,1,0,0,0,0,1,0,0,0
0,0,0,0,0,100,0,0,0,0,0,0,0,0,0,0,100,0,0,0,0,0,0,0,0,0,0,100,0,0,0,0,0,0,0,1,0,0,0,0,1,0,0,0,0,1,0,0,0
0,0,0,0,0,100,0,0,0,0,0,0,0,0,0,0,100,0,0,0,0,0,0,0,0,0,0,100,0,0,0,0,0,0,0,1,0,0,0,0,1,0,0,0,0,1,0,0,0
0,0,0,0,0,100,0,0,0,0,0,0,0,0,0,0,100,0,0,0,0,0,0,0,0,0,0,100,0,0,0,0,0,0,0,1,0,0,0,0,1,0,0,0,0,1,0,0,0
0,0,0,0,0,100,0,0,0,0,0,0,0,0,0,0,100,0,0,0,0,0,0,0,0,0,0,100,0,0,0,0,0,0,0,1,0,0,0,0,1,0,0,0,0,1,0,0,0
0,0,0,0,0,100,0,0,0,0,0,0,0,0,0,0,100,0,0,0,0,0,0,0,0,0,0,100,0,0,0,0,0,0,0,1,0,0,0,0,1,0,0,0,0,1,0,0,0
0,0,0,0,0,100,0,0,0,0,0,0,0,0,0,0,100,0,0,0,0,0,0,0,0,0,0,100,0,0,0,0,0,0,0,1,0,0,0,0,1,0,0,0,0,1,0,0,0
0,0,0,0,0,100,0,0,0,0,0,0,0,0,0,0,100,0,0,0,0,0,0,0,0,0,0,100,0,0,0,0,0,0,0,1,0,0,0,0,1,0,0,0,0,1,0,0,0
0,0,0,0,0,100,0,0,0,0,0,0,0,0,0,0,100,0,0,0,0,0,0,0,0,0,0,100,0,0,0,0,0,0,0,1,0,0,0,0,1,0,0,0,0,1,0,0,0
0,0,0,0.65064,0,92.701,1.8329,3.5821,1.2337,0,0,0.5831,1.1742,0.59111,0.65064,0,91.518,0,0.65064,0,1.1742,3.6577,0.59111,3.6497,1.2337,1.1742,1.1822,91.518,0,0.65064,0,0,0,0,0,1,0,0,0,0,1,0,0,0,0,1,0,0,0
0,0,0,0,0,100,0,0,0,0,0,0,0,0,0,0,100,0,0,0,0,0,0,0,0,0,0,100,0,0,0,0,0,0,0,1,0,0,0,0,1,0,0,0,0,1,0,0,0
0,0,0,0,0,100,0,0,0,0,0,0,0,0,0,0,100,0,0,0,0,0,0,0,0,0,0,100,0,0,0,0,0,0,0,1,0,0,0,0,1,0,0,0,0,1,0,0,0
0.55076,0,3.239,7.3126,4.6961,62.395,8.5974,11.964,1.2461,0,0,2.3071,5.4846,3.376,2.6232,1.9105,55.661,1.5178,3.8499,6.6957,4.9016,11.673,1.5547,7.1685,9.3134,2.0432,5.4159,54.675,0.39269,2.0653,3.4413,8.2102,5.7194,0,0,1,0,0,0,0,1,0,0,0,0,1,0,0,0
2.5045,0,2.5026,4.5113,2.9317,68.522,7.0231,9.0986,2.0087,0.89725,0,4.0929,2.5353,4.003,2.7833,2.0175,61.126,2.0175,3.4745,7.5931,2.1897,8.1672,2.1728,10.68,6.4062,0.37825,5.5015,61.901,0,1.6631,2.157,5.0887,4.0519,0,0,1,0,0,0,0,1,0,0,0,0,1,0,0,0
0,0,0,0.78905,0,94.832,1.795,1.795,0.78905,0,0,0,0,0,0.78905,0,94.832,0,1.795,0,0,2.584,0,1.5781,2.8009,0,0,94.832,0,0.78905,0,0,0,0,0,1,0,0,0,0,1,0,0,0,0,1,0,0,0
1.0167,0,0,0,0,89.223,2.9642,5.6997,0,1.0966,0,2.1133,0,1.0167,0,1.0966,88.206,1.0966,1.8676,1.0167,1.7188,1.8676,2.1932,3.1299,5.454,0,1.0167,88.206,0,0,0,0,0,0,0,1,0,0,0,0,1,0,0,0,0,1,0,0,0
0,0,0,0,0,100,0,0,0,0,0,0,0,0,0,0,100,0,0,0,0,0,0,0,0,0,0,100,0,0,0,0,0,0,0,1,0,0,0,0,1,0,0,0,0,1,0,0,0
0,0,0,0,0,100,0,0,0,0,0,0,0,0,0,0,100,0,0,0,0,0,0,0,0,0,0,100,0,0,0,0,0,0,0,1,0,0,0,0,1,0,0,0,0,1,0,0,0
0,0,0,0,0,100,0,0,0,0,0,0,0,0,0,0,100,0,0,0,0,0,0,0,0,0,0,100,0,0,0,0,0,0,0,1,0,0,0,0,1,0,0,0,0,1,0,0,0
0,0,0,0,0,100,0,0,0,0,0,0,0,0,0,0,100,0,0,0,0,0,0,0,0,0,0,100,0,0,0,0,0,0,0,1,0,0,0,0,1,0,0,0,0,1,0,0,0
0,0,0,0,0,100,0,0,0,0,0,0,0,0,0,0,100,0,0,0,0,0,0,0,0,0,0,100,0,0,0,0,0,0,0,1,0,0,0,0,1,0,0,0,0,1,0,0,0
0,0,0,0,0,99.057,0,0.94274,0,0,0,0,0,0,0,0,99.057,0,0,0,0.94274,0,0,0,0.94274,0,0,99.057,0,0,0,0,0,0,0,1,0,0,0,0,1,0,0,0,0,1,0,0,0
0,0,0,0,0,100,0,0,0,0,0,0,0,0,0,0,100,0,0,0,0,0,0,0,0,0,0,100,0,0,0,0,0,0,0,1,0,0,0,0,1,0,0,0,0,1,0,0,0
0,0,0,0,0,100,0,0,0,0,0,0,0,0,0,0,100,0,0,0,0,0,0,0,0,0,0,100,0,0,0,0,0,0,0,1,0,0,0,0,1,0,0,0,0,1,0,0,0
4.1316,0,4.8195,0,6.1469,62.186,7.2419,9.7252,1.4826,4.2664,0,6.3024,2.8898,5.7201,0.98019,3.151,61.894,2.1708,5.7593,2.755,3.7843,4.5932,8.5343,16.873,4.9142,0.68828,2.755,59.431,0,3.9453,0,1.4826,1.3766,0,0,1,0,0,0,0,1,0,0,0,0,1,0,0,0
2.2645,0,5.9876,0,4.5648,62.189,7.7217,9.3135,3.2521,4.7069,0,7.0278,2.4525,3.8637,1.4792,6.2425,64.433,4.7633,3.7016,0.77808,3.7157,1.5428,10.199,14.593,2.9725,0.7432,0.77808,61.411,0,4.5648,0,3.2521,1.4864,0,0,1,0,0,0,0,1,0,0,0,0,1,0,0,0
0.74851,0,0.71629,0,2.9666,82.326,4.1984,4.8454,0.71629,3.4821,0,3.4129,1.5341,2.1811,0,2.6644,82.294,2.6644,1.5341,0.74851,0.71629,2.2504,7.6806,7.128,0.71629,0,0.74851,81.578,0,1.4326,0,0.71629,0,0,0,1,0,0,0,0,1,0,0,0,0,1,0,0,0
0,0,1.1064,0,2.3142,84.232,3.0479,3.8453,2.4062,3.0479,0,0.73365,6.4121,0,0,1.84,83.126,0.73365,2.3142,0,2.5264,2.3142,6.0958,3.0479,2.5264,0,0,83.126,1.1064,0,0,2.4062,1.6916,0,0,1,0,0,0,0,1,0,0,0,0,1,0,0,0
1.0744,0,4.2785,1.792,3.8039,75.777,2.3686,7.1021,2.153,1.6509,0,2.5097,6.2434,4.3018,1.0744,4.2785,70.424,0,2.3686,0,3.9217,4.8783,5.4507,5.9527,8.5844,0,0,70.424,3.2041,1.0744,0,0.71766,4.5924,0,0,1,0,0,0,0,1,0,0,0,0,1,0,0,0
4.889,2.7519,4.4518,4.3551,3.6961,39.67,7.3552,11.677,11.655,6.9449,2.5538,9.9815,3.0377,6.8693,3.458,18.932,25.64,7.3876,5.5859,4.5591,3.915,10.634,12.24,16.866,15.581,3.8407,5.81,21.006,2.932,6.9259,4.4696,2.1421,8.1863,0,0,1,0,0,0,0,1,0,0,0,0,1,0,0,0
1.8096,1.2854,2.8869,3.3399,1.0773,71.549,2.7557,7.1848,6.0239,1.6784,0.40933,6.0381,5.7546,3.0949,2.5857,5.9842,66.843,1.8908,1.3691,1.046,0.61052,4.7828,7.4453,6.9279,5.9413,2.1546,0.871,65.867,0.4355,2.6231,0.46679,3.635,3.6325,0,0,1,0,0,0,0,1,0,0,0,0,1,0,0,0
1.3963,4.6901,4.3817,3.1657,3.7681,45.639,7.537,12.054,11.076,4.1913,2.1006,9.4894,4.6896,4.0572,2.3005,13.965,39.552,6.4348,3.8464,2.8627,2.9516,9.8504,13.277,11.94,15.323,4.1452,2.9431,33.394,2.5768,4.5901,2.3379,2.7946,6.6779,0,0,1,0,0,0,0,1,0,0,0,0,1,0,0,0
0,0,0,0,0,97.931,0,2.0689,0,0,0,0,0,0,0,0,97.931,0,0,0,2.0689,0,0,0,2.0689,0,0,97.931,0,0,0,0,0,0,0,1,0,0,0,0,1,0,0,0,0,1,0,0,0
0,0,0.81638,0,0,95.688,0,2.6605,0.8349,0,0,0,2.7029,0,0,0.81638,94.872,0,0,0,1.6089,0,0,0,1.6089,0,0,94.872,0.81638,0,0,0.8349,1.868,0,0,1,0,0,0,0,1,0,0,0,0,1,0,0,0
0,0,0,0,0,100,0,0,0,0,0,0,0,0,0,0,100,0,0,0,0,0,0,0,0,0,0,100,0,0,0,0,0,0,0,1,0,0,0,0,1,0,0,0,0,1,0,0,0
0,0,0,0,0,99.114,0,0.88595,0,0,0,0,0.88595,0,0,0,99.114,0,0,0,0,0,0,0,0,0,0,99.114,0,0,0,0,0.88595,0,0,1,0,0,0,0,1,0,0,0,0,1,0,0,0
0.51711,0,2.7719,2.5597,1.2231,84.238,1.5027,4.9312,1.2935,0.96286,0,4.7456,3.0084,1.0342,1.48,4.2746,80.526,0.53984,0,0.53984,2.2547,1.5968,3.4998,3.0768,4.3914,1.7629,0,81.489,1.7149,0.51711,0,0.75363,2.7946,0,0,1,0,0,0,0,1,0,0,0,0,1,0,0,0
1.5867,1.4668,5.4746,4.525,3.1938,51.496,8.2106,15.546,6.5383,1.5385,0.42385,10.998,3.8842,3.1386,2.3662,13.947,43.556,4.8209,2.1576,5.4134,2.4893,7.2299,10.638,9.4726,14.814,5.5916,3.7746,40.69,1.63,3.2303,1.3986,1.3986,7.3618,0,0,1,0,0,0,0,1,0,0,0,0,1,0,0,0
0,0,0,0.67679,1.8453,94.174,0.67679,1.9508,0,0.67679,0,3.1988,1.9508,0,0.67679,0.67679,93.497,0,0,0,0,0,1.3536,0.67679,0,1.8453,0,94.174,0,0,0,0,1.9508,0,0,1,0,0,0,0,1,0,0,0,0,1,0,0,0
0.71855,0,0.49343,1.9574,0.49343,84.178,3.792,5.4664,1.9305,0.97053,0,6.4679,1.1647,0,0.97053,4.2854,81.598,0.49343,0,2.8214,0.49343,1.7054,4.7625,1.9574,4.3017,0.98685,2.328,82.568,0,0,0,0,3.0952,0,0,1,0,0,0,0,1,0,0,0,0,1,0,0,0
0,0,0,0,0,100,0,0,0,0,0,0,0,0,0,0,100,0,0,0,0,0,0,0,0,0,0,100,0,0,0,0,0,0,0,1,0,0,0,0,1,0,0,0,0,1,0,0,0
0,0,0,0,0,100,0,0,0,0,0,0,0,0,0,0,100,0,0,0,0,0,0,0,0,0,0,100,0,0,0,0,0,0,0,1,0,0,0,0,1,0,0,0,0,1,0,0,0
0,0,0,0,0,100,0,0,0,0,0,0,0,0,0,0,100,0,0,0,0,0,0,0,0,0,0,100,0,0,0,0,0,0,0,1,0,0,0,0,1,0,0,0,0,1,0,0,0
0,0,0,0,0,100,0,0,0,0,0,0,0,0,0,0,100,0,0,0,0,0,0,0,0,0,0,100,0,0,0,0,0,0,0,1,0,0,0,0,1,0,0,0,0,1,0,0,0
0,0,0,0,0,100,0,0,0,0,0,0,0,0,0,0,100,0,0,0,0,0,0,0,0,0,0,100,0,0,0,0,0,0,0,1,0,0,0,0,1,0,0,0,0,1,0,0,0
0,0,0,0,0,100,0,0,0,0,0,0,0,0,0,0,100,0,0,0,0,0,0,0,0,0,0,100,0,0,0,0,0,0,0,1,0,0,0,0,1,0,0,0,0,1,0,0,0
0,0,0,0,0,100,0,0,0,0,0,0,0,0,0,0,100,0,0,0,0,0,0,0,0,0,0,100,0,0,0,0,0,0,0,1,0,0,0,0,1,0,0,0,0,1,0,0,0
0,0,0,0,0,100,0,0,0,0,0,0,0,0,0,0,100,0,0,0,0,0,0,0,0,0,0,100,0,0,0,0,0,0,0,1,0,0,0,0,1,0,0,0,0,1,0,0,0
0,0,0,0,0,100,0,0,0,0,0,0,0,0,0,0,100,0,0,0,0,0,0,0,0,0,0,100,0,0,0,0,0,0,0,1,0,0,0,0,1,0,0,0,0,1,0,0,0
0,0,0,0,0,100,0,0,0,0,0,0,0,0,0,0,100,0,0,0,0,0,0,0,0,0,0,100,0,0,0,0,0,0,0,1,0,0,0,0,1,0,0,0,0,1,0,0,0
0,0,0,0,0.62848,99.372,0,0,0,0,0,0.62848,0,0,0,0,99.372,0,0,0,0,0,0,0,0,0.62848,0,99.372,0,0,0,0,0,0,0,1,0,0,0,0,1,0,0,0,0,1,0,0,0
0,0,0,0,1.3898,98.61,0,0,0,0,0,1.3898,0,0,0,0,98.61,0,0,0,0,0,0,0,0,1.3898,0,98.61,0,0,0,0,0,0,0,1,0,0,0,0,1,0,0,0,0,1,0,0,0
0,0,0,0,0,100,0,0,0,0,0,0,0,0,0,0,100,0,0,0,0,0,0,0,0,0,0,100,0,0,0,0,0,0,0,1,0,0,0,0,1,0,0,0,0,1,0,0,0
0,0,0,0,0,100,0,0,0,0,0,0,0,0,0,0,100,0,0,0,0,0,0,0,0,0,0,100,0,0,0,0,0,0,0,1,0,0,0,0,1,0,0,0,0,1,0,0,0
0,0,0,0,0,100,0,0,0,0,0,0,0,0,0,0,100,0,0,0,0,0,0,0,0,0,0,100,0,0,0,0,0,0,0,1,0,0,0,0,1,0,0,0,0,1,0,0,0
0,0,0,0,0,100,0,0,0,0,0,0,0,0,0,0,100,0,0,0,0,0,0,0,0,0,0,100,0,0,0,0,0,0,0,1,0,0,0,0,1,0,0,0,0,1,0,0,0
0,0,0,0,0,100,0,0,0,0,0,0,0,0,0,0,100,0,0,0,0,0,0,0,0,0,0,100,0,0,0,0,0,0,0,1,0,0,0,0,1,0,0,0,0,1,0,0,0
0,0,0,0,0,100,0,0,0,0,0,0,0,0,0,0,100,0,0,0,0,0,0,0,0,0,0,100,0,0,0,0,0,0,0,1,0,0,0,0,1,0,0,0,0,1,0,0,0
0,0,0.69821,0,0,97.905,0,0,1.3964,0,0,0.69821,0,0,0.3491,0,97.905,0.3491,0,0,0,0.69821,0,0.3491,0,0,0,97.905,0,0,0.69821,0.3491,0.69821,0,0,1,0,0,0,0,1,0,0,0,0,1,0,0,0
0,0,0,0,0,100,0,0,0,0,0,0,0,0,0,0,100,0,0,0,0,0,0,0,0,0,0,100,0,0,0,0,0,0,0,1,0,0,0,0,1,0,0,0,0,1,0,0,0
0,0,0.42694,0,0,97.572,0,0,2.001,0,0,0.42694,0,0,0,0.42694,97.572,0,0,0,0,1.574,0,0,0,0,0,97.572,0,0,0,0.85388,1.574,0,0,1,0,0,0,0,1,0,0,0,0,1,0,0,0
0,0,2.4674,0,0,87.606,0,0,9.9264,0,0,2.1947,0.6164,0.65195,0,1.5783,87.606,0.3082,0,0.65195,0.3082,6.084,0.3082,0.6164,0.3082,0,0,87.606,0,0.6164,0,4.425,6.1196,0,0,1,0,0,0,0,1,0,0,0,0,1,0,0,0
2.9809,0,11.849,33.524,15.547,21.981,4.2838,7.1539,2.0148,0.66551,0,6.9798,7.4198,0.99733,7.6332,7.1874,30.035,3.5231,9.2336,8.5955,10.163,8.2326,0.66395,6.1369,4.2669,0.32848,1.052,14.904,4.6499,9.3404,13.148,25.492,20.017,0,0,0.028571,0,0.97143,0,0,1,0,0,0,0,0.028571,0,0.97143,1
3.4681,4.1067,5.0098,1.336,1.2066,37.635,12.136,21.215,6.1015,7.1191,0.66523,11.813,1.8623,3.2555,3.8446,4.5297,36.786,9.0976,6.3959,8.5821,6.4736,7.3598,9.2978,12.359,13.559,11.668,0.16031,27.321,9.9519,0.703,3.2272,4.8604,6.8926,0,0,1,0,0,0,0,1,0,0,0,0,1,0,0,0
5.8816,0,0.57206,0,0,83.834,0,0,8.7546,0,0.95767,5.8816,0.95767,0,0,0,82.876,0.95767,2.8381,0.57206,0.95767,4.9589,0,2.4874,0,0,0.95767,88.758,0,0,0,2.8381,4.9589,0,0,0,0.18182,0.81818,0,0,1,0,0,0,0,1,0,0,0
0,0,0,0,0,100,0,0,0,0,0,0,0,0,0,0,100,0,0,0,0,0,0,0,0,0,0,100,0,0,0,0,0,0,0,1,0,0,0,0,1,0,0,0,0,1,0,0,0
1.2556,0,1.6633,0,0,90.801,0,0,6.2806,0,0,1.2556,3.1625,0,0,0,90.801,0.93127,0.55736,1.6633,0.46931,1.1602,0,1.6633,0,0,0,92.056,0,0,0.46931,1.0193,4.792,0,0,0.037736,0.20755,0.75472,0,0,1,0,0,0,0,1,0,0,0
17.992,0,0,0,0,68.049,0,0,12.392,0,1.5674,17.992,5.206,0,0,0,66.482,1.5674,4.051,0,1.5674,3.1347,13.239,3.1347,0,0,1.5674,71.235,0,0,0,4.051,6.7733,0,0,0.023256,0.34884,0.62791,0,0,1,0,0,0,0,0.95349,0.046512,0,0
14.137,3.7699,1.4559,0,1.6309,52.504,3.8864,4.1246,12.457,4.0614,1.9725,15.831,2.7313,1.9725,0.72796,10.172,49.031,5.0275,4.1078,1.5275,0.90293,7.9685,17.54,7.4897,5.9221,2.3589,3.0551,46.594,1.5275,4.1246,2.5338,1.8523,7.0015,0,0,1,0,0,0,0,1,0,0,0,0,1,0,0,0
11.658,0,0,0,0,79.738,0,0,7.9079,0,0.69587,11.658,3.1305,0,0,0,79.042,0.69587,0.69587,0,0.69587,4.0815,6.6983,1.3917,0,0,0.69587,84.002,0,0,0,0.69587,6.5161,0,0,0,0.30508,0.69492,0,0,1,0,0,0,0,1,0,0,0
10.436,0,0.98656,0,0,73.4,0,0,14.257,0,0.92113,13.19,0.92113,0.98656,0,0,74.381,0.92113,2.075,0,0.92113,6.6046,0,1.8423,0.98656,0,0.92113,82.915,0,0,0,3.452,9.8835,0,0,0,0,1,0,0,1,0,0,0,0,1,0,0,0
2.2468,0,2.0869,4.0064,2.96,63.964,6.9552,6.6321,8.4145,2.7338,0,11.947,1.0197,1.0672,3.0342,9.9747,60.41,3.6205,0.76676,2.8537,1.0197,4.2862,7.8549,5.8404,6.6796,3.9797,1.5335,61.31,0.76676,1.5335,1.0672,1.0672,8.3669,0,0,1,0,0,0,0,1,0,0,0,0,1,0,0,0
18.517,0,1.2075,0,0,75.74,0,0,4.5354,0,0,19.62,0,0.89942,0,0,76.64,0.30804,1.1137,0,0,1.4189,13.478,0,0.89942,0,0,81.087,0,0,0,1.6654,2.87,0,0,0.014085,0.12676,0.85915,0,0,1,0,0,0,0,1,0,0,0
11.856,0,8.9808,0,0,65.155,0,0,14.008,0,0,16.755,0.51449,3.9519,0,0.94709,68.037,2.5459,0,0,2.9155,4.3327,11.008,0,6.4349,0,0,68.549,0,0,0.51449,6.2786,7.2152,0,0,0,0,1,0,0,1,0,0,0,0,1,0,0,0
7.5371,0,9.549,0,0.63529,64.408,2.3834,2.3834,13.104,0,0,16.938,0,3.5604,0,3.1169,62.591,2.9943,0,2.3834,3.7278,4.6883,11.388,0,8.9381,0.63529,2.3834,63.551,0,0,0,6.8888,6.215,0,0,1,0,0,0,0,1,0,0,0,0,1,0,0,0
10.205,0,3.7555,0,0,75.02,0,0,11.019,0,0,16.004,0.41921,0.76036,0,0.41921,75.571,1.8156,0,0,1.1796,3.8306,8.1169,0,1.9399,0,0,78.924,0,0,0.41921,4.1569,6.4429,0,0,0.084746,0.27119,0.64407,0,0,1,0,0,0,0,1,0,0,0
1.5243,0,7.5675,0,0,68.548,0,0,22.36,0,0,9.2867,2.1108,1.791,0,3.8763,69.004,1.8423,0.48829,0,6.1838,5.4167,1.8423,0.48829,4.7486,0,0,70.073,0,0,3.3005,13.095,6.4527,0,0,0,0.15,0.85,0,0,1,0,0,0,0,1,0,0,0
1.3239,0,8.2526,0,0,69.973,0,0,20.45,0,0,8.8,1.6932,1.804,0,2.1238,70.786,1.804,1.1474,0,4.5653,7.2767,1.804,1.1474,4.1538,0,0,71.297,0,0,3.2712,10.873,7.4532,0,0,1,0,0,0,0,1,0,0,0,0,1,0,0,0
0.97173,0,4.4635,0,0,78.803,0,0,15.761,0,0,8.4694,0.27545,1.0334,0.27119,1.5069,79.23,1.7304,0.54664,0,2.5994,4.3368,1.7304,0.81783,1.6398,0,0,79.775,0,0,1.2939,9.7099,5.033,0,0,0.12698,0.12698,0.74603,0,0,1,0,0,0,0,1,0,0,0
0,0,8.9085,0,0,69.519,0,0,21.572,0,0,9.3242,2.1881,0,1.1628,4.0054,69.519,1.0747,1.8031,0,4.0054,6.9171,0,2.9659,0.47309,0,0,69.519,0,0.76466,6.171,14.332,5.7739,0,0,0.018519,0.24074,0.74074,0,0,1,0,0,0,0,1,0,0,0
0,0,6.3331,0,0,72.517,0,0,21.15,0,0,9.5155,1.0882,0,1.4977,2.1567,72.942,1.4441,0.39409,0,3.958,7.0036,0.42498,1.8918,0.32275,0,0,72.517,0,0.433,3.5012,13.906,7.0036,0,0,0.98936,0,0.010638,0,0,1,0,0,0,0,1,0,0,0
0,0,6.3898,0,0,77.58,0,0,16.03,0,0,6.0531,1.6674,0,1.385,1.6595,77.58,0.88117,1.6697,0,3.5355,5.5684,0.2383,3.0547,0.73978,0,0,77.58,0,0.31394,2.7059,10.335,5.0324,0,0,0.015625,0.32812,0.65625,0,0,1,0,0,0,0,1,0,0,0
0,0,7.6444,0,0,69.578,0,0,22.778,0,0,6.1802,4.6606,0,1.0944,1.5473,71.228,2.5017,0.7971,0,3.5278,8.4628,1.8768,2.7526,0.2265,0,0,69.578,0,0.45299,5.0476,12.428,7.6379,0,0,0,0.30189,0.69811,0,0,1,0,0,0,0,1,0,0,0
0,0,11.51,0,0,70.487,0,0,18.003,0,0,6.8117,3.9734,0,0.32255,2.1396,72.192,0.70942,1.374,0,4.1225,8.355,1.9285,2.1441,0.22376,0,0,70.487,0,1.1898,3.1543,14.016,6.856,0,0,0.98765,0,0.012346,0,0,1,0,0,0,0,1,0,0,0
0,0,14.107,0,0,74.768,0,0,11.125,0,0,8.1282,2.2702,0,1.3857,1.1872,76.22,0.60625,1.2502,0,2.3448,6.6078,1.65,3.6796,0,0,0,74.768,0,1.498,2.55,9.5197,6.3351,0,0,0,0.26667,0.73333,0,0,1,0,0,0,0,1,0,0,0
0,0,12.784,0,0,63.886,0,0,23.33,0,0,7.0783,4.5954,2.2189,0,2.8269,64.866,1.5823,0.78154,0.75601,3.6424,11.652,2.3033,5.2187,1.2571,0,0,63.886,0,2.6073,2.2292,12.548,9.951,0,0,0.021277,0.23404,0.74468,0,0,1,0,0,0,0,1,0,0,0
0,0,10.755,0,0,69.409,0,0,19.835,0,0,8.057,3.5814,1.3092,0.42975,1.0012,70.667,1.4305,0.36868,0.67843,2.5807,9.8967,2.2579,3.5373,1.0007,0,0,69.409,0,2.2558,1.9274,10.669,8.9423,0,0,1,0,0,0,0,1,0,0,0,0,1,0,0,0
0,0,10.87,0,0,72.624,0,0,16.507,0,0,9.161,2.9089,0.85621,0.21302,0.76336,74.192,1.8908,0,0,1.5597,8.4553,2.7594,3.6745,0.42731,0,0,72.624,0,1.3367,2.3541,9.2235,7.6007,0,0,0,0.070175,0.92982,0,0,1,0,0,0,0,1,0,0,0
0,0,12.794,0,0,63.482,0,0,23.724,0,0,9.1091,1.3365,3.475,0,2.4719,63.482,0.85443,2.6987,1.8359,2.0544,12.683,0.85443,9.5994,1.6317,0,0,63.482,0,2.744,2.628,7.9969,11.064,0,0,0,0.025,0.975,0,0,1,0,0,0,0,1,0,0,0
0,0,15.218,0,0,61.552,0,0,23.23,0,0,12.777,1.5102,4.0719,0,0.85134,61.552,0.75511,3.5649,0.47248,1.1246,13.32,0.75511,11.999,1.2276,0,0,61.552,0,2.1418,3.3916,5.1345,13.799,0,0,1,0,0,0,0,1,0,0,0,0,1,0,0,0
0,0,10.043,0,0,71.099,0,0,18.858,0,0,6.473,1.1888,2.2021,0,0.81549,71.297,1.4825,2.5932,2.3853,0.69791,10.865,1.6809,5.8024,2.2677,0,0,71.099,0,1.3236,1.4435,7.7895,8.5938,0,0,0,0.076923,0.92308,0,0,1,0,0,0,0,1,0,0,0
0,0,14.861,0,0,59.307,0,0,25.832,0,0,10.647,0.58496,5.568,0,1.5695,59.307,0.29248,4.8195,3.435,1.0979,12.679,0.29248,11.312,2.9635,0,0,59.307,0,0.58496,2.4825,10.721,12.336,0,0,0,0.051282,0.94872,0,0,1,0,0,0,0,1,0,0,0
0,0,9.1548,0,0,68.018,0,0,22.827,0,0,6.4755,0.47174,4.6113,0,2.4975,68.018,0.72755,1.0149,0.52386,2.2095,13.45,0.72755,7.9555,0.23587,0,0,68.018,0,2.9197,1.2964,6.7778,12.069,0,0,0.051282,0.38462,0.5641,0,0,1,0,0,0,0,1,0,0,0
0.34911,0,1.0957,0,0,96.815,0,0,1.7405,0,0,0.34911,0.82051,0,0,0,96.815,0.28545,0.34911,1.0957,0.28545,0,0,1.0957,0,0,0,97.164,0,0,0.28545,0.34911,1.106,0,0,0,0.29825,0.70175,0,0,1,0,0,0,0,1,0,0,0
0,0,0,0,0,100,0,0,0,0,0,0,0,0,0,0,100,0,0,0,0,0,0,0,0,0,0,100,0,0,0,0,0,0,0,0,0.32692,0.67308,0,0,1,0,0,0,0,1,0,0,0
3.7344,0,0,0,0,92.746,0,0,3.5197,0,0,3.7344,1.2037,0,0,0,92.746,0,1.5994,0,0,0.71661,0,0,0,0,0,96.48,0,0,0,1.5994,1.9203,0,0,0.027778,0.22222,0.75,0,0,1,0,0,0,0,1,0,0,0
0.34671,0,0,0,0,99.653,0,0,0,0,0,0.34671,0,0,0,0,99.653,0,0,0,0,0,0,0,0,0,0,100,0,0,0,0,0,0,0,0,0.23529,0.76471,0,0,1,0,0,0,0,1,0,0,0
0,0,0,0,0,100,0,0,0,0,0,0,0,0,0,0,100,0,0,0,0,0,0,0,0,0,0,100,0,0,0,0,0,0,0,0.068182,0.22727,0.70455,0,0,1,0,0,0,0,1,0,0,0
0,0,0,0,0,100,0,0,0,0,0,0,0,0,0,0,100,0,0,0,0,0,0,0,0,0,0,100,0,0,0,0,0,0,0,0,0.30159,0.69841,0,0,1,0,0,0,0,1,0,0,0
0,0,0,0,0,100,0,0,0,0,0,0,0,0,0,0,100,0,0,0,0,0,0,0,0,0,0,100,0,0,0,0,0,0,0,0.18,0.1,0.72,0,0,1,0,0,0,0,1,0,0,0
0,0,0,0,0,100,0,0,0,0,0,0,0,0,0,0,100,0,0,0,0,0,0,0,0,0,0,100,0,0,0,0,0,0,0,0,0.23077,0.76923,0,0,1,0,0,0,0,1,0,0,0
6.4655,0,0.39666,0,0,92.125,0,0,1.0124,0,0,6.4655,0,0.39666,0,0,92.522,0,0.61576,0,0,0,3.7246,0,0.39666,0,0,94.866,0,0,0,0.61576,0.39666,0,0,0,0.25424,0.74576,0,0,1,0,0,0,0,1,0,0,0
0.69598,0,0,0,0,99.304,0,0,0,0,0,0.69598,0,0,0,0,99.304,0,0,0,0,0,0,0,0,0,0,100,0,0,0,0,0,0,0,0,0.14035,0.85965,0,0,1,0,0,0,0,1,0,0,0
2.6857,0,2.3539,0,0,92.279,0,0,2.6811,0,0,3.4737,0.29476,0.90958,0,0.29476,93.189,1.1496,0,0,0.29476,0.39398,1.1496,0,1.2043,0,0,94.965,0,0,0.29476,0.68874,1.6975,0,0,0,0.19672,0.80328,0,0,1,0,0,0,0,1,0,0,0
0.3245,0,0.23988,0,0,99.436,0,0,0,0,0,0.3245,0,0,0,0,99.436,0.23988,0,0,0,0,0.23988,0,0,0,0,99.76,0,0,0,0,0,0,0,0,0.30612,0.69388,0,0,1,0,0,0,0,1,0,0,0
0,0,0,0,0,100,0,0,0,0,0,0,0,0,0,0,100,0,0,0,0,0,0,0,0,0,0,100,0,0,0,0,0,0,0,0.015152,0.090909,0.89394,0,0,1,0,0,0,0,1,0,0,0
0,0,0,0,0,100,0,0,0,0,0,0,0,0,0,0,100,0,0,0,0,0,0,0,0,0,0,100,0,0,0,0,0,0,0,0,0.17105,0.82895,0,0,1,0,0,0,0,1,0,0,0
0,0,0,0,0,100,0,0,0,0,0,0,0,0,0,0,100,0,0,0,0,0,0,0,0,0,0,100,0,0,0,0,0,0,0,0,0.14,0.86,0,0,1,0,0,0,0,1,0,0,0
0,0,0,0,0,100,0,0,0,0,0,0,0,0,0,0,100,0,0,0,0,0,0,0,0,0,0,100,0,0,0,0,0,0,0,0.020408,0.34694,0.63265,0,0,1,0,0,0,0,1,0,0,0
0,0,0,0,0,100,0,0,0,0,0,0,0,0,0,0,100,0,0,0,0,0,0,0,0,0,0,100,0,0,0,0,0,0,0,0,0.27848,0.72152,0,0,1,0,0,0,0,1,0,0,0
0,0,0,0,0,100,0,0,0,0,0,0,0,0,0,0,100,0,0,0,0,0,0,0,0,0,0,100,0,0,0,0,0,0,0,0,0.2619,0.7381,0,0,1,0,0,0,0,1,0,0,0
0,0,0,0,0,100,0,0,0,0,0,0,0,0,0,0,100,0,0,0,0,0,0,0,0,0,0,100,0,0,0,0,0,0,0,0.027778,0.27778,0.69444,0,0,1,0,0,0,0,1,0,0,0
0,0,0,0,0,100,0,0,0,0,0,0,0,0,0,0,100,0,0,0,0,0,0,0,0,0,0,100,0,0,0,0,0,0,0,0.024691,0.22222,0.75309,0,0,1,0,0,0,0,1,0,0,0
0,0,0,0,0,100,0,0,0,0,0,0,0,0,0,0,100,0,0,0,0,0,0,0,0,0,0,100,0,0,0,0,0,0,0,0.013158,0.14474,0.84211,0,0,1,0,0,0,0,1,0,0,0
0,0,0,0,0,100,0,0,0,0,0,0,0,0,0,0,100,0,0,0,0,0,0,0,0,0,0,100,0,0,0,0,0,0,0,0.041667,0.097222,0.86111,0,0,1,0,0,0,0,1,0,0,0
0,0,0,0,0,100,0,0,0,0,0,0,0,0,0,0,100,0,0,0,0,0,0,0,0,0,0,100,0,0,0,0,0,0,0,0,0.043478,0.95652,0,0,1,0,0,0,0,1,0,0,0
0,0,0,0,0,100,0,0,0,0,0,0,0,0,0,0,100,0,0,0,0,0,0,0,0,0,0,100,0,0,0,0,0,0,0,0.23404,0.21277,0.55319,0,0,1,0,0,0,0,1,0,0,0
0.26123,0,2.542,0,0,93.114,0,0,4.0832,0,0,1.3523,0.79663,0.26123,0.29984,1.1914,93.375,0.88444,0.29984,0,1.1914,0.34818,0.88444,0.59968,1.0579,0,0,93.375,0,0,1.1914,2.2824,0.6094,0,0,0,0.21311,0.78689,0,0,1,0,0,0,0,1,0,0,0
0,0,0.30553,0,0,99.694,0,0,0,0,0,0,0,0,0,0,99.694,0.30553,0,0,0,0,0.30553,0,0,0,0,99.694,0,0,0,0,0,0,0,0,0.10448,0.89552,0,0,1,0,0,0,0,1,0,0,0
0,0,2.9777,0,0,91.953,0,0,5.0694,0,0,1.1335,0.70685,0,1.1245,1.2153,91.953,0.532,1.1245,0,1.5853,0.62508,0.27689,2.2491,0.45173,0,0,91.953,0,0,1.4704,2.9739,0.62508,0,0,0.014706,0.22059,0.76471,0,0,1,0,0,0,0,1,0,0,0
0,0,0,0,0,100,0,0,0,0,0,0,0,0,0,0,100,0,0,0,0,0,0,0,0,0,0,100,0,0,0,0,0,0,0,0,0.24638,0.75362,0,0,1,0,0,0,0,1,0,0,0
0,0,0,0,0,100,0,0,0,0,0,0,0,0,0,0,100,0,0,0,0,0,0,0,0,0,0,100,0,0,0,0,0,0,0,0,0.061224,0.93878,0,0,1,0,0,0,0,1,0,0,0
0,0,0,0,0,100,0,0,0,0,0,0,0,0,0,0,100,0,0,0,0,0,0,0,0,0,0,100,0,0,0,0,0,0,0,0,0.13636,0.86364,0,0,1,0,0,0,0,1,0,0,0
0,0,0,0,0,100,0,0,0,0,0,0,0,0,0,0,100,0,0,0,0,0,0,0,0,0,0,100,0,0,0,0,0,0,0,0,0.17021,0.82979,0,0,1,0,0,0,0,1,0,0,0
0,0,0,0,0,100,0,0,0,0,0,0,0,0,0,0,100,0,0,0,0,0,0,0,0,0,0,100,0,0,0,0,0,0,0,0,0.16667,0.83333,0,0,1,0,0,0,0,1,0,0,0
0,0,5.485,0,0,91.085,0,0,3.4304,0,0,0.97587,1.7817,0,1.1595,0.52715,92.075,0.52889,1.1595,0,0.52715,1.2651,0.99054,3.3095,0,0,0,91.085,0,0.237,1.056,2.0572,1.2651,0,0,0,0.16364,0.83636,0,0,1,0,0,0,0,1,0,0,0
0,0,0,0,0,100,0,0,0,0,0,0,0,0,0,0,100,0,0,0,0,0,0,0,0,0,0,100,0,0,0,0,0,0,0,0,0.15789,0.84211,0,0,1,0,0,0,0,1,0,0,0
0,0,5.3804,0,0,91.752,0,0,2.8676,0,0,1.3844,1.5691,0.40682,0,0.8572,92.651,1.6042,0,0,0.8572,0.67014,2.2834,3.097,0,0,0,91.752,0,0,0.67014,1.5273,0.67014,0,0,0,0.21667,0.78333,0,0,1,0,0,0,0,1,0,0,0
0,0,0.94611,0,0,99.054,0,0,0,0,0,0.22854,0.24452,0,0,0,99.298,0.22854,0,0,0,0,0.47306,0.47306,0,0,0,99.054,0,0,0,0,0,0,0,0,0.075472,0.92453,0,0,1,0,0,0,0,1,0,0,0
0,0,0,0,0,100,0,0,0,0,0,0,0,0,0,0,100,0,0,0,0,0,0,0,0,0,0,100,0,0,0,0,0,0,0,0.061224,0.061224,0.87755,0,0,1,0,0,0,0,1,0,0,0
0,0,0,0,0,100,0,0,0,0,0,0,0,0,0,0,100,0,0,0,0,0,0,0,0,0,0,100,0,0,0,0,0,0,0,0,0.1129,0.8871,0,0,1,0,0,0,0,1,0,0,0
0,0,0,0,0,100,0,0,0,0,0,0,0,0,0,0,100,0,0,0,0,0,0,0,0,0,0,100,0,0,0,0,0,0,0,0.14706,0.14706,0.70588,0,0,1,0,0,0,0,1,0,0,0
0,0,0,0,0,100,0,0,0,0,0,0,0,0,0,0,100,0,0,0,0,0,0,0,0,0,0,100,0,0,0,0,0,0,0,0,0.16,0.84,0,0,1,0,0,0,0,1,0,0,0
0,0,0,0,0,100,0,0,0,0,0,0,0,0,0,0,100,0,0,0,0,0,0,0,0,0,0,100,0,0,0,0,0,0,0,0,0.084746,0.91525,0,0,1,0,0,0,0,1,0,0,0
0,0,0,0,0,100,0,0,0,0,0,0,0,0,0,0,100,0,0,0,0,0,0,0,0,0,0,100,0,0,0,0,0,0,0,0.14815,0.18519,0.66667,0,0,1,0,0,0,0,1,0,0,0
0,0,0,0,0,100,0,0,0,0,0,0,0,0,0,0,100,0,0,0,0,0,0,0,0,0,0,100,0,0,0,0,0,0,0,0,0.27869,0.72131,0,0,1,0,0,0,0,1,0,0,0
0,0,0,0,0,100,0,0,0,0,0,0,0,0,0,0,100,0,0,0,0,0,0,0,0,0,0,100,0,0,0,0,0,0,0,0.16129,0.19355,0.64516,0,0,1,0,0,0,0,1,0,0,0
0,0,0,0,0,100,0,0,0,0,0,0,0,0,0,0,100,0,0,0,0,0,0,0,0,0,0,100,0,0,0,0,0,0,0,0.017857,0.25,0.73214,0,0,1,0,0,0,0,1,0,0,0
0,0,0,0,0,100,0,0,0,0,0,0,0,0,0,0,100,0,0,0,0,0,0,0,0,0,0,100,0,0,0,0,0,0,0,0.033898,0.25424,0.71186,0,0,1,0,0,0,0,1,0,0,0
0,0,0,0,0,100,0,0,0,0,0,0,0,0,0,0,100,0,0,0,0,0,0,0,0,0,0,100,0,0,0,0,0,0,0,0.08,0.24,0.68,0,0,1,0,0,0,0,1,0,0,0
0,0,8.6987,0,0,82.713,0,0,8.5884,0,0,1.7697,0.33937,1.8393,0,1.7096,82.713,1.3006,1.6785,1.6785,1.7096,5.2619,1.3006,5.7196,1.6785,0,0,82.713,0,0.61226,0.33937,4.6656,2.9711,0,0,0,0.17308,0.82692,0,0,1,0,0,0,0,1,0,0,0
0,0,1.9675,0,0,97.647,0,0,0.38521,0,0,0.59855,0,0.38521,0,0.38521,97.647,0.59855,0,0,0.38521,0,0.59855,1.369,0,0,0,97.647,0,0,0,0.38521,0,0,0,0,0.078431,0.92157,0,0,1,0,0,0,0,1,0,0,0
0,0,0,0,0,100,0,0,0,0,0,0,0,0,0,0,100,0,0,0,0,0,0,0,0,0,0,100,0,0,0,0,0,0,0,0,0.05,0.95,0,0,1,0,0,0,0,1,0,0,0
0,0,0,0,0,100,0,0,0,0,0,0,0,0,0,0,100,0,0,0,0,0,0,0,0,0,0,100,0,0,0,0,0,0,0,1,0,0,0,0,1,0,0,0,0,0.98214,0.017857,0,0
0,0,3.0361,13.327,4.5152,54.319,5.1134,15.471,4.2181,0,0,4.0616,6.6859,1.7484,4.2798,2.0234,53.795,1.5437,3.6728,5.2223,5.9343,11.033,0.42556,12.461,8.0826,2.7575,1.703,49.117,1.4755,5.2399,3.6618,9.4936,5.5827,0,0,0.98361,0.016393,0,0,0,1,0,0,0,0,0.93443,0.065574,0,0
0,0,0,1.7321,0,88.819,3.8586,3.8586,1.7321,0,0,0,0.63092,0.63092,1.7321,0,87.557,0,2.5967,0,0.63092,6.2216,0.63092,4.7261,3.4613,0.63092,1.2618,87.557,0,1.7321,0,0,0,0,0,1,0,0,0,0,1,0,0,0,0,1,0,0,0
1.4263,0,3.3831,1.5288,4.6293,58.747,11.333,11.639,1.6056,5.707,0,6.0081,2.3689,2.9736,1.5288,5.5217,56.004,5.5217,5.5845,2.8199,3.3117,8.3569,8.8651,10.648,10.321,0.71315,1.88,55.927,0,2.6224,0.93998,3.8367,4.2462,0,0,1,0,0,0,0,1,0,0,0,0,1,0,0,0
9.7368,0,21.043,2.2006,12.076,11.916,20.374,10.068,11.12,1.4654,0,13.837,0.98152,14.637,11.948,7.3789,21.044,11.603,8.7708,1.5846,4.7167,3.4976,12.653,26.826,3.0333,8.0862,0.48433,10.331,1.1003,10.511,10.353,12.671,3.9498,0,0.61538,0.38462,0,0,0,0,0,1,0,1,0,0,0,0,1
13.867,0,26.657,1.061,10.302,1.5915,19.723,5.6921,1.8974,19.21,0,22.698,6.4032,3.7948,5.4459,13.746,9.9957,8.3006,17.826,0.53048,9.3616,1.8974,19.192,42.197,1.8974,6.4032,0,1.061,0.53048,9.7711,1.5915,1.8974,15.459,0,0.98462,0.015385,0,0,0,0,0,1,0,0.98462,0,0,0.015385,0,1
10.687,0,21.688,0.75167,7.673,22.015,20.197,2.3335,2.6008,12.055,0,15.487,4.3387,3.3504,8.4759,10.299,27.892,7.0246,16.465,1.1254,4.4968,1.0462,19.398,31.197,0.45269,5.8933,0.74956,20.889,0.37583,6.2509,3.7283,2.6008,8.4641,0,0.90196,0.098039,0,0,0,0,0.019608,0.98039,0,0.98039,0,0.019608,0,0,1
12.663,0,17.358,0,10.19,7.5934,15.408,14.681,10.659,11.447,0,21.305,4.1508,15.354,5.9648,8.6414,12.288,14.606,4.1508,0,8.0437,5.496,10.842,34.844,4.6944,9.3141,0,7.5934,0,9.3889,5.9648,10.659,6.6986,0,0.83871,0.16129,0,0,0,0,0.064516,0.93548,0,0.83871,0.080645,0.064516,0.016129,0,1
0,0,4.7592,0,0,73.586,0,0,21.654,0,0,7.4182,0.48806,0,1.3918,1.9756,78.637,0.48806,0,0,2.6715,6.9302,2.6715,1.3918,0,0.69591,0,73.586,0,0.69591,1.9756,6.8072,12.176,0,0,1,0,0,0,0,1,0,0,0,0,1,0,0,0
0.38017,0,2.9723,0,0,84.511,0,0,12.137,0,0,5.4541,1.0458,0.38017,1.106,0,86.007,1.0458,0,0,1.3133,3.648,0.55299,1.8663,0,0.55299,0,84.891,0,0.55299,0,4.6236,6.9603,0,0,1,0,0,0,0,1,0,0,0,0,1,0,0,0
1.5472,0,3.7347,0,0,68.287,0,0,26.431,0,0,12.61,1.4774,0.8931,0.82223,1.1262,71.379,1.2618,0,0,3.0781,7.3523,0.99468,2.363,0,0.37701,0,69.834,0,0.32706,1.326,11.558,13.22,0,0,0.96491,0,0.035088,0,0,1,0,0,0,0,1,0,0,0
4.1456,0,1.4261,0,0,82.955,0,0,11.473,0,0,9.1364,1.07,0.71304,0,0,83.377,2.7863,0,0,1.4261,1.4914,0,1.4261,0,0,0,87.101,0,0,0,5.6393,5.8335,0,0,1,0,0,0,0,1,0,0,0,0,1,0,0,0
14.867,0,3.628,0,0,58.108,0,0,23.397,0,0,23.833,1.2037,0.54394,1.0455,0,58.44,3.8214,0,0,3.2452,7.867,7.2395,2.5826,0,0.52273,0,66.259,0,2.252,0,9.1015,12.043,0,0,0.98246,0,0.017544,0,0,1,0,0,0,0,1,0,0,0
2.2801,6.6677,0,0,0,81.542,0,0,0,5.9092,3.601,0.6823,5.6564,2.1995,0,4.4471,69.85,9.5193,2.5329,0,2.1938,2.9187,13.302,5.1562,0,0,2.1275,74.196,5.2183,0,0,0,0,0,0,1,0,0,0,0,1,0,0,0,0,1,0,0,0
1.5579,2.8491,0,0,0,86.307,0,0,0,3.9346,5.3509,1.3343,4.8469,1.6686,0,3.9697,78.67,4.2027,0.6456,0,0.6456,4.0166,10.155,3.5378,0,0,1.8261,81.239,3.2422,0,0,0,0,0,0,0.90909,0.012987,0.077922,0.077922,0.025974,0.8961,0,0,0,0,0.8961,0.025974,0.077922,0
0.36999,3.6736,0,0,0,89.657,0,0,0,2.734,3.5652,1.2152,1.4794,1.5852,0,9.3473,77.047,3.7001,1.6245,0,1.6518,2.35,7.1058,3.237,0,0,11.227,76.541,1.8888,0,0,0,0,0,0,0,0,1,1,0,0,0,0,0,0,0,0.90323,0.096774,1
0.46668,4.0785,0,0,0,84.223,0,0,0,5.5682,5.6636,2.5369,4.1436,0.9039,0,4.4714,77.777,3.3435,1.8913,0,1.8059,3.1267,10.968,4.8095,0,0,2.2745,78.218,3.731,0,0,0,0,0,0,1,0,0,0,0,1,0,0,0,0,1,0,0,0
1.7333,2.3585,0,0,0,90.251,0,0,0,3.629,2.0281,0.37598,4.919,0.643,0,4.4826,81.503,5.6686,0.44329,0,0.31262,1.6521,7.327,2.4219,0,0,13.82,74.34,2.0914,0,0,0,0,0,0,0,0,1,1,0,0,0,0,0,0,0,0.7,0.3,1
0.39414,2.8497,0,0,0,91.89,0,0,0,2.0161,2.8497,1.2278,1.1824,1.2278,0,4.8917,85.825,1.5679,1.2278,0,1.2278,1.6219,5.26,2.8497,0,0,6.9957,84.895,0,0,0,0,0,0,0,0,0,1,1,0,0,0,0,0,0,0,0,1,1
0,0,3.3705,0,0,80,0,0,14.4,2.2301,0,8.6422,1.1151,2.568,0,3.0519,74.718,2.9421,1.1151,1.7656,0.80244,3.2799,2.2301,2.568,0.80244,0,0,77.77,2.2301,0,0.80244,3.2799,10.317,0,0,1,0,0,0,0,1,0,0,0,0,1,0,0,0
0.50459,0,3.7561,0,0,70.247,0,0,25.492,0,0,14.541,0,3.2944,0,0,70.247,1.7679,0,2.0727,1.2217,6.8546,0,3.2944,0.46172,0,0,70.752,0,2.1067,1.2646,7.4921,14.628,0,0,1,0,0,0,0,1,0,0,0,0,1,0,0,0
43.853,0,3.8583,0,0,39.834,0,0,12.455,0,0,47.434,0,1.2933,0,0,39.834,2.5452,0,0,5.2712,3.6231,32.825,3.8583,0,0,0,50.861,0,1.8116,0,3.4398,7.204,0,0,0,1,0,0,0,1,0,0,0,0,1,0,0,0
0.95269,0.95269,0,0,0,95.499,0,0,0,0,2.5961,2.5961,0.95269,0.95269,0,0,95.499,0,0,0,0,0,0.95269,3.5488,0,0,0,94.546,0.95269,0,0,0,0,0,0,1,0,0,0,0,1,0,0,0,0,1,0,0,0
0,0,1.678,0,0,83.252,0,0,15.07,0,0,6.1337,0,1.2349,0,0.67694,83.889,1.4836,0,0,1.2349,5.3469,0,1.2349,0.44311,0,0,83.252,0,0.79179,1.2349,5.3469,7.6966,0,0,1,0,0,0,0,1,0,0,0,0,1,0,0,0
0,0,3.002,0,0,68.614,0,0,28.384,0,0,10.668,0.9405,1.293,0,0.41611,70.896,1.8617,0,0.83223,1.8173,11.275,0,1.7091,1.293,0,0,68.614,0,0.33353,1.2717,13.048,13.731,0,0,1,0,0,0,0,1,0,0,0,0,1,0,0,0
0,0,1.2677,0,0,83.36,0,0,15.372,0,0,3.3683,1.2677,0.63126,0,1.2677,84.829,0,0,3.1667,0.63126,4.8377,0,1.2677,0,0,0,83.36,0,0,0,10.535,4.8377,0,0,1,0,0,0,0,1,0,0,0,0,1,0,0,0
0,0,0,0,0,100,0,0,0,0,0,0,0,0,0,0,100,0,0,0,0,0,0,0,0,0,0,100,0,0,0,0,0,0,0,1,0,0,0,0,1,0,0,0,0,1,0,0,0
0,0,1.6117,0,0,82.861,0,0,15.527,0,0,3.2601,0.83816,1.6484,0.77358,0.83816,82.861,0,0.77358,3.3247,2.4219,3.2601,0,1.6117,0,0,0,82.861,0,0,0.77358,11.493,3.2601,0,0,1,0,0,0,0,1,0,0,0,0,1,0,0,0
0,0,1.7751,0,0,79.658,0,0,18.567,0,0,4.0683,1.1522,1.1411,1.7751,1.1522,79.658,0,1.7751,1.1411,4.0683,4.0683,0,1.7751,0,0,0,79.658,0,0,1.7751,12.723,4.0683,0,0,1,0,0,0,0,1,0,0,0,0,1,0,0,0
0,0,0.64804,0,0,72.045,0,0,27.307,0,0,7.0689,2.2921,1.3901,0.64804,1.8259,72.045,0,1.8757,2.0381,4.2372,6.5792,0,0.64804,0,0,0,72.045,0,0,1.9354,18.793,6.5792,0,0,0.97143,0,0.028571,0,0,1,0,0,0,0,1,0,0,0
0,0,0.84925,0,0,87.737,0,0,11.414,0,0,1.7058,1.4968,1.2074,0,0.36831,88.866,0.24047,0,2.4732,1.369,2.2735,0,0.60878,0.24047,0,0,87.737,0,0,1.1285,7.2105,3.0747,0,0,0.044444,0.31111,0.64444,0,0,1,0,0,0,0,1,0,0,0
0,0,2.9336,0,0,69.955,0,0,27.112,0,0,7.0474,2.3522,0.87405,2.9336,1.4922,69.955,0,1.6691,2.1386,5.3391,6.1991,0,2.9336,0,0,0,69.955,0,0,5.074,15.839,6.1991,0,0,0.06383,0.06383,0.87234,0,0,1,0,0,0,0,1,0,0,0
0,0.80308,0,0,0,99.197,0,0,0,0,0,0,0,0,0,0,99.197,0,0.80308,0,0,0,0,0,0.80308,0,0,99.197,0,0,0,0,0,0,0,1,0,0,0,0,1,0,0,0,0,1,0,0,0
0,6.3015,0,0,0.74865,92.95,0,0,0,0,0,0,0,0.74865,0,0.74865,97.005,0,0,0.74865,0,0.74865,0.74865,0.74865,5.5529,0,0,92.201,0,0,0,0,0.74865,0,0,1,0,0,0,0,1,0,0,0,0,0.98851,0.011494,0,0
1.5958,9.7961,0,0,1.4862,85.887,0,0,0.6174,0,0.6174,0,0,1.4862,0.6174,1.4862,89.368,0,1.2392,1.4862,1.2348,3.082,2.1036,3.6994,8.3099,0,0,83.783,0,0,0,0,2.1036,0,0,1,0,0,0,0,1,0,0,0,0,1,0,0,0
0.60985,2.3672,1.3814,0,0,81.128,0,0,14.513,0,0,3.6049,1.5135,0,2.0914,1.5135,81.738,0,2.4288,0.70995,2.895,3.5048,0,1.9913,2.3672,0,0,81.128,0,0,2.8014,8.817,2.895,0,0,1,0,0,0,0,1,0,0,0,0,1,0,0,0
3.8868,6.9454,2.9395,0,0.65599,70.304,0.63917,0.63917,12.532,0.63917,0.81939,3.5057,0.59764,2.5735,4.3666,1.2536,73.183,1.9806,0.63917,2.6052,4.8248,4.4698,2.1146,8.5897,6.0014,0.63917,0,68.828,0,0,3.5158,5.2986,5.0125,0,0,1,0,0,0,0,1,0,0,0,0,1,0,0,0
2.3272,9.3291,0,0,2.8864,79.312,2.4581,0,0,1.2291,2.4581,1.2291,0,4.1154,0,2.8864,79.982,0,0,5.3445,1.2291,5.2136,5.3445,5.2136,7.6718,1.2291,0,76.426,0,0,1.2291,0,2.8864,0,0.041667,0.95833,0,0,0,0,0.97917,0.020833,0,0,0.020833,0.97917,0,0,0
4.8953,13.134,0,1.0651,1.5757,61.921,4.0155,2.3861,3.0665,3.7698,4.1706,2.3904,0.52524,5.8867,2.3012,0.53982,70.852,0.53982,1.8872,3.2196,5.6572,6.2004,4.981,10.122,16.005,2.1503,0,58.811,0,0,4.3096,0.52524,3.0957,0,0.023256,0.97674,0,0,0,0,0.97674,0.023256,0,0.023256,0,0.95349,0.023256,0,0
4.5482,11.886,0,5.4161,10.353,31.672,4.7069,11.253,10.388,8.631,1.145,6.5465,3.0811,17.95,2.3864,3.445,33.112,2.7194,4.7069,3.445,6.2281,16.379,4.6495,21.633,26.011,1.6258,0,22.028,0,0.38438,10.966,3.0811,9.6217,0,0,0.325,0.675,0,0,0,0,1,0,0,0,0,1,0,1
8.4806,15.953,1.8288,2.2374,1.7426,27.925,11.556,2.8096,5.1185,12.063,10.286,6.5606,1.3287,11.314,2.4988,6.4125,35.57,3.5737,2.4097,11.26,6.6071,12.465,16.837,16.708,18.912,6.8587,0.76586,17.496,0.38293,2.0139,13.32,1.3287,5.3768,0,0,0.25806,0.74194,0,0,0,0,1,0,0,0,0,1,0,1
7.0631,15.845,1.6498,1.193,2.8115,52.932,3.9602,3.3081,4.1255,4.8808,2.2316,2.9814,0.43051,9.8414,2.4822,2.2824,58.719,2.7715,2.7902,4.9796,3.8489,8.8734,6.1275,15.136,15.354,2.5935,0,48.406,0,0.35929,5.6433,1.2554,5.1251,0,0,1,0,0,0,0,0.82609,0.17391,0,0,0,0.82609,0.17391,0,0
7.4086,8.7702,1.2819,4.4439,2.8748,44.123,4.6214,2.0626,5.6145,13.236,5.563,3.9829,0.68753,8.5981,2.27,4.5686,44.533,5.0382,1.2261,9.1434,6.5536,13.399,6.3752,16.31,14.691,1.9669,0,30.413,0,0,16.992,1.3285,11.923,0,0,0.43678,0.56322,0,0,0,0,1,0,0,0,0,1,0,1
7.8871,24.896,1.0764,1.4258,6.0856,12.528,12.694,8.5486,8.5885,8.6128,7.6569,6.7238,1.964,20.222,5.0727,2.534,28.484,1.2167,6.2825,6.2303,10.283,10.987,15.491,24.042,27.463,8.4253,0,10.247,0,0.49108,8.6128,1.964,3.2626,0,0,0.021739,0.97826,0,0,0,0,1,0,0,0,0,1,0,1
0.35133,0,1.7191,0,0,85.843,0,0,12.087,0,0,1.8846,0,0,2.6032,0.21608,85.843,2.9845,0,1.3678,3.3634,1.7377,0,1.7191,0.35133,0,0,85.843,0,0,2.9587,5.1591,3.969,0,0,0,0.15094,0.84906,0,0,1,0,0,0,0,1,0,0,0
0.36407,0,2.0432,0,0,91.391,0,0,6.2021,0,0,0.36407,0.687,0,1.0216,0,91.391,2.9396,0,1.0216,1.844,0.73149,0,2.0432,0.36407,0,0,91.391,0,0,1.48,1.0956,3.6266,0,0,0,0.125,0.875,0,0,1,0,0,0,0,1,0,0,0
0,0,0,0,0,100,0,0,0,0,0,0,0,0,0,0,100,0,0,0,0,0,0,0,0,0,0,100,0,0,0,0,0,0,0,1,0,0,0,0,1,0,0,0,0,1,0,0,0
0,0,0,0,0,100,0,0,0,0,0,0,0,0,0,0,100,0,0,0,0,0,0,0,0,0,0,100,0,0,0,0,0,0,0,1,0,0,0,0,1,0,0,0,0,1,0,0,0
0,0,0,0,0,100,0,0,0,0,0,0,0,0,0,0,100,0,0,0,0,0,0,0,0,0,0,100,0,0,0,0,0,0,0,1,0,0,0,0,1,0,0,0,0,1,0,0,0
0,0,0,0,0,100,0,0,0,0,0,0,0,0,0,0,100,0,0,0,0,0,0,0,0,0,0,100,0,0,0,0,0,0,0,1,0,0,0,0,1,0,0,0,0,1,0,0,0
0,0,0,0,0,100,0,0,0,0,0,0,0,0,0,0,100,0,0,0,0,0,0,0,0,0,0,100,0,0,0,0,0,0,0,1,0,0,0,0,1,0,0,0,0,1,0,0,0
4.0876,3.8719,4.4537,5.8834,5.7021,25.383,10.651,14.471,14.174,7.7637,3.5593,10.22,2.9895,7.8681,2.6834,18.592,25.144,9.2609,1.7229,4.7412,5.5387,11.24,17.871,19.321,15.915,6.3725,2.2696,14.694,1.2757,3.3558,8.2156,2.2156,8.4955,0,0,0,0.11905,0.88095,0,0,1,0,0,0,0,0,0.047619,0.95238,1
3.6949,3.7504,7.3258,2.1632,3.2286,40.404,14.219,4.5122,13.306,6.077,1.3184,7.9525,2.7864,4.9629,6.2599,15.759,38.572,5.162,4.908,3.7431,1.3347,8.5589,18.135,15.068,8.689,5.2424,2.5406,30.307,1.3148,2.9597,5.8971,4.0967,5.7495,0,0,0,0.14754,0.85246,0,0,1,0,0,0,0,0,0.065574,0.93443,1
3.9347,6.1127,5.4517,4.334,3.5579,39.218,7.3086,10.154,13.124,3.1418,3.6623,11.092,3.4987,7.0661,3.8476,8.607,38.007,5.2256,3.3061,2.1957,3.0476,14.106,17.77,15.952,13.977,4.7211,1.464,30.512,0.33423,3.5629,2.985,2.8288,5.8934,0,0,0.71053,0.28947,0,0,0,1,0,0,0,0,0.65789,0.34211,0,0
4.8547,4.1773,10.716,3.7081,5.5155,17.012,17.13,8.96,20.935,5.9464,1.0446,9.408,5.1887,6.2945,6.4952,15.676,17.686,7.0696,7.9888,5.3264,2.0277,16.839,16.273,20.364,15.737,8.4413,1.9337,6.6205,0.69861,2.367,8.8159,7.0017,11.747,0,0,0,0.015152,0.98485,0,0,1,0,0,0,0,0.015152,0,0.98485,1
5.1687,4.6723,6.5491,6.1105,7.1229,17.997,11.267,15.049,14.266,8.9261,2.8713,12.705,4.2516,3.864,3.0103,17.963,24.199,6.6612,4.2717,4.0807,5.3219,13.672,18.715,21.293,14.4,11.375,2.2997,12.696,0.66964,1.8357,7.5436,1.801,7.3719,0,0,0,0,1,0,0,1,0,0,0,0,0,0.086957,0.91304,1
0,0,0,0,0.54688,98.939,0,0.51428,0,0,0,0.54688,0.51428,0,0,0,98.939,0,0,0,0,0,0,0,0,0.54688,0,98.939,0,0,0,0,0.51428,0,0,1,0,0,0,0,1,0,0,0,0,1,0,0,0
2.4533,0,3.5893,0,1.5408,76.318,1.902,1.902,12.294,0,0,9.0905,0,1.1964,0,2.901,76.869,1.1964,0,1.902,2.1954,4.6487,3.0984,0,4.2949,1.5408,1.902,76.869,0,0,0,5.1925,7.102,0,0,1,0,0,0,0,1,0,0,0,0,1,0,0,0
5.0382,0,1.6255,0,0,70.552,0,0,22.784,0,0,13.799,0.52441,0.66983,0,1.9208,73.788,0.43128,0,0,1.9208,6.9462,0.43128,0,1.1942,0,0,75.59,0,0,0.52441,10.275,11.984,0,0,1,0,0,0,0,1,0,0,0,0,1,0,0,0
0,0,4.0306,0,0,81.583,0,0,14.386,0,0,4.8787,1.0099,0.67024,0,2.6092,81.583,0.67024,1.0099,0,3.2794,4.2893,0.67024,1.0099,1.3405,0,0,81.583,0,0,2.0199,10.097,3.2794,0,0,1,0,0,0,0,1,0,0,0,0,1,0,0,0
1.9483,0,3.6194,0,0,86.175,0,0,8.257,0,0,4.8857,1.1011,1.5414,0,1.3355,87.228,0.48849,0,0,1.824,1.5957,0.48849,0,3.1309,0,0,88.124,0,0,1.3355,3.674,3.2475,0,0,0.02439,0.26829,0.70732,0,0,1,0,0,0,0,1,0,0,0
0,0,0,0,0,100,0,0,0,0,0,0,0,0,0,0,100,0,0,0,0,0,0,0,0,0,0,100,0,0,0,0,0,0,0,1,0,0,0,0,1,0,0,0,0,1,0,0,0
0,0,0,0,0,100,0,0,0,0,0,0,0,0,0,0,100,0,0,0,0,0,0,0,0,0,0,100,0,0,0,0,0,0,0,1,0,0,0,0,1,0,0,0,0,1,0,0,0
0,0,4.2646,0,0,83.773,0,0,11.962,0,0,4.183,1.0391,0,1.0932,1.5179,83.773,1.0932,1.0391,0,1.5179,4.7434,0,2.1323,0,0,0,83.773,0,0,4.2646,6.1256,3.7043,0,0,1,0,0,0,0,1,0,0,0,0,1,0,0,0
0,0,5.3073,0,0,84.587,0,0,10.106,0,0,3.8205,1.222,0,0.73063,1.1373,85.279,0.99541,0,0,0.95723,5.8579,0.95723,1.2602,0.26477,0,0,84.587,0,0.52954,1.4613,5.6121,5.3283,0,0,1,0,0,0,0,1,0,0,0,0,1,0,0,0
0,0,13.187,0,0,66.475,0,0,20.338,0,0,10.219,3.0641,0,1.2774,2.1113,66.829,2.4197,0.30339,0,1.5681,12.208,0.95567,3.1385,0.60201,0,0,66.475,0,2.2366,5.0026,10.889,10.701,0,0,0.96226,0,0.037736,0,0,1,0,0,0,0,1,0,0,0
0,0,8.0926,0,0,66.444,0,0,25.464,0,0,9.5651,1.3208,2.7594,0.18637,2.94,67.29,0.45422,0.99464,1.3797,1.5194,11.59,1.1141,3.76,0.30327,0,0,66.444,0,0.55393,2.4879,12.627,12.71,0,0,0.95652,0,0.043478,0,0,1,0,0,0,0,1,0,0,0
0,0,7.4403,0,0,68.59,0,0,23.97,0,0,8.0654,1.645,3.7021,0,3.7045,68.96,0.63746,0.79452,2.5752,1.0076,8.9079,1.0076,3.6585,0.63746,0,0,68.59,0,1.2749,0.79452,13.034,11.003,0,0,1,0,0,0,0,1,0,0,0,0,1,0,0,0
0,0,5.9461,0,0,60.772,0,0,33.282,0,0,6.7096,0.94752,4.8959,0,3.8207,60.772,0.69632,0.89421,3.9151,1.0177,16.331,0.69632,3.1522,1.368,0,0,60.772,0,2.6824,0.31057,15.243,15.775,0,0,0.96774,0,0.032258,0,0,1,0,0,0,0,1,0,0,0
0,0,4.2404,0,0,84.81,0,0,10.949,0,0,3.6626,1.9659,0,0.26468,1.5994,85.266,1.2185,0.30809,0,2.2204,3.4945,0.45553,1.0283,0.24841,0,0,84.81,0,0.38708,3.3907,6.4932,3.1864,0,0,0.042553,0.3617,0.59574,0,0,1,0,0,0,0,1,0,0,0
0,0,6.1473,0,0,83.601,0,0,10.251,0,0,3.3977,2.5918,0.25512,0.46274,1.2606,83.995,1.5916,0.46274,0,1.8312,4.1517,1.1465,2.366,0.17721,0,0,83.601,0,0.73181,2.1579,6.0219,3.7973,0,0,0.020408,0.28571,0.69388,0,0,1,0,0,0,0,1,0,0,0
0,0,7.1672,0,0,81.259,0,0,11.574,0,0,2.9894,1.9843,2.1172,0,2.1884,81.789,0.42698,0.88085,0.5819,2.4349,4.6073,0.77622,5.316,0.82844,0,0,81.259,0,0.49308,1.6567,5.8392,3.8312,0,0,0,0.36842,0.63158,0,0,1,0,0,0,0,1,0,0,0
0,0,0,0,0,100,0,0,0,0,0,0,0,0,0,0,100,0,0,0,0,0,0,0,0,0,0,100,0,0,0,0,0,0,0,0,0.34483,0.65517,0,0,1,0,0,0,0,1,0,0,0
0.31856,0,3.0529,0,0,95.287,0,0,1.3414,0,0,0.31856,0.34094,0.31856,1.8503,0,96.194,0.31856,0,0,0.6595,0,2.0749,0.97805,0,0,0,95.606,0,0,0.34094,0.6595,0.34094,0,0,0,0.20408,0.79592,0,0,1,0,0,0,0,1,0,0,0
0,0,0,0,0,100,0,0,0,0,0,0,0,0,0,0,100,0,0,0,0,0,0,0,0,0,0,100,0,0,0,0,0,0,0,0,0.13725,0.86275,0,0,1,0,0,0,0,1,0,0,0
0,0,0,0,0,100,0,0,0,0,0,0,0,0,0,0,100,0,0,0,0,0,0,0,0,0,0,100,0,0,0,0,0,0,0,0,0.26415,0.73585,0,0,1,0,0,0,0,1,0,0,0
0,0,0,0,0,100,0,0,0,0,0,0,0,0,0,0,100,0,0,0,0,0,0,0,0,0,0,100,0,0,0,0,0,0,0,0.038462,0.26923,0.69231,0,0,1,0,0,0,0,1,0,0,0
0.73204,1.439,0,0,0,94.572,0,0,0,1.8176,1.439,0.3535,2.1961,0.3535,0,7.5531,82.679,5.0718,0.3535,0,0.3535,1.0855,3.9887,1.439,0,0,11.17,83.403,0,0,0,0,0,0,0,0,0,1,1,0,0,0,0,0,0,0,1,0,1
1.4976,2.4917,0,0,0,90.027,0,0,0,3.4923,2.4917,0.49703,4.4928,0.49703,0,6.1452,79.806,5.5736,0.49703,0,0.49703,1.9946,7.4815,2.4917,0,0,10.694,79.332,0,0,0,0,0,0,0,0,0,1,1,0,0,0,0,0,0,0,1,0,1
0.4818,1.26,0,0,0,95.646,0,0,0,1.3527,1.26,0.38908,1.4454,0.38908,0,7.9439,86.469,1.714,0.38908,0,0.38908,0.87088,3.0944,1.26,0,0,15.507,80.138,0,0,0,0,0,0,0,0,0,1,1,0,0,0,0,0,0,0,1,0,1
0.65303,3.3577,0,0,0,89.973,0,0,0,2.6584,3.3577,1.3523,1.9591,1.3523,0,11.05,72.222,7.3549,1.3523,0,1.3523,2.0053,6.6691,3.3577,0,0,27.431,62.542,0,0,0,0,0,0,0,0,0,1,1,0,0,0,0,0,0,0,1,0,1
0.35917,1.3657,0,0,0,95.688,0,0,0,1.2216,1.3657,0.50327,1.0775,0.50327,0,6.9615,81.033,8.0523,0.50327,0,0.50327,0.86244,2.9465,1.3657,0,0,17.196,78.492,0,0,0,0,0,0,0,0,0,1,0.96667,0.033333,0,0,0,0,0,0,0.86667,0.13333,1
3.2269,0,0.40685,0,0,95.959,0,0,0.40685,0,0,3.2269,0,0,0,0,95.959,0.40685,0,0,0.40685,0,0,0.40685,0,0,0,99.186,0,0,0,0.40685,0,0,0,0,0.19298,0.80702,0,0,1,0,0,0,0,1,0,0,0
0,0,0,0,0,100,0,0,0,0,0,0,0,0,0,0,100,0,0,0,0,0,0,0,0,0,0,100,0,0,0,0,0,0,0,0,0.13462,0.86538,0,0,1,0,0,0,0,1,0,0,0
2.8779,0,0.36624,0,0,96.756,0,0,0,0,0,2.8779,0,0.36624,0,0,96.756,0,0,0,0,0,0,0.36624,0,0,0,99.634,0,0,0,0,0,0,0,0,0.26531,0.73469,0,0,1,0,0,0,0,1,0,0,0
0,0,0,0,0,100,0,0,0,0,0,0,0,0,0,0,100,0,0,0,0,0,0,0,0,0,0,100,0,0,0,0,0,0,0,0,0.125,0.875,0,0,1,0,0,0,0,1,0,0,0
0,0,0,0,0,100,0,0,0,0,0,0,0,0,0,0,100,0,0,0,0,0,0,0,0,0,0,100,0,0,0,0,0,0,0,0.040816,0.16327,0.79592,0,0,1,0,0,0,0,1,0,0,0
0,0,0,0,0,100,0,0,0,0,0,0,0,0,0,0,100,0,0,0,0,0,0,0,0,0,0,100,0,0,0,0,0,0,0,0,0.24444,0.75556,0,0,1,0,0,0,0,1,0,0,0
0.53637,0,0.91636,0,0,98.167,0,0,0.37998,0,0,0.53637,0,0.91636,0,0,98.167,0,0,0.37998,0,0,0,0.91636,0,0,0,98.704,0,0,0,0.37998,0,0,0,0,0.071429,0.92857,0,0,1,0,0,0,0,1,0,0,0
0,0,0,0,0,100,0,0,0,0,0,0,0,0,0,0,100,0,0,0,0,0,0,0,0,0,0,100,0,0,0,0,0,0,0,0,0.15217,0.84783,0,0,1,0,0,0,0,1,0,0,0
0,0,1.0132,0,0,98.281,0,0,0.70533,0,0,0,0,0.70533,0,0,98.281,0.30791,0,0.39742,0.30791,0,0,0.70533,0.30791,0,0,98.281,0,0,0,0.39742,0.30791,0,0,0,0.17241,0.82759,0,0,1,0,0,0,0,1,0,0,0
0,0,0,0,0,100,0,0,0,0,0,0,0,0,0,0,100,0,0,0,0,0,0,0,0,0,0,100,0,0,0,0,0,0,0,0,0.21739,0.78261,0,0,1,0,0,0,0,1,0,0,0
0,0,0,0,0,100,0,0,0,0,0,0,0,0,0,0,100,0,0,0,0,0,0,0,0,0,0,100,0,0,0,0,0,0,0,0.02,0.1,0.88,0,0,1,0,0,0,0,1,0,0,0
0,0,0,0,0,100,0,0,0,0,0,0,0,0,0,0,100,0,0,0,0,0,0,0,0,0,0,100,0,0,0,0,0,0,0,0,0.25,0.75,0,0,1,0,0,0,0,1,0,0,0
0,0,0,0,0,100,0,0,0,0,0,0,0,0,0,0,100,0,0,0,0,0,0,0,0,0,0,100,0,0,0,0,0,0,0,0,0.26415,0.73585,0,0,1,0,0,0,0,1,0,0,0
0,0,0,0,0,100,0,0,0,0,0,0,0,0,0,0,100,0,0,0,0,0,0,0,0,0,0,100,0,0,0,0,0,0,0,0,0.13208,0.86792,0,0,1,0,0,0,0,1,0,0,0
0,0,0.89359,0,0,98.066,0,0,1.0407,0,0,0,0.25078,0.28841,0,0.31676,98.316,0.28841,0,0,0.53919,0,0,0.60517,0.28841,0,0,98.066,0,0,0.25078,0.25078,0.53919,0,0,0,0.31481,0.68519,0,0,1,0,0,0,0,1,0,0,0
0,0,0,0,0,100,0,0,0,0,0,0,0,0,0,0,100,0,0,0,0,0,0,0,0,0,0,100,0,0,0,0,0,0,0,0.020408,0.18367,0.79592,0,0,1,0,0,0,0,1,0,0,0
0,0,0.70052,0,0,98.046,0,0,1.2534,0,0,0,0.24256,0.26285,0,0.70052,98.289,0,0,0.26285,0.24256,0,0,0.70052,0,0,0,98.046,0,0,0.24256,0.76826,0.24256,0,0,0,0.34694,0.65306,0,0,1,0,0,0,0,1,0,0,0
0,0,0,0,0,100,0,0,0,0,0,0,0,0,0,0,100,0,0,0,0,0,0,0,0,0,0,100,0,0,0,0,0,0,0,0,0.29545,0.70455,0,0,1,0,0,0,0,1,0,0,0
0,0,0,0,0,100,0,0,0,0,0,0,0,0,0,0,100,0,0,0,0,0,0,0,0,0,0,100,0,0,0,0,0,0,0,0,0.36,0.64,0,0,1,0,0,0,0,1,0,0,0
0,0,0,0,0,100,0,0,0,0,0,0,0,0,0,0,100,0,0,0,0,0,0,0,0,0,0,100,0,0,0,0,0,0,0,0.046512,0.2093,0.74419,0,0,1,0,0,0,0,1,0,0,0
0,0,0,0,0,100,0,0,0,0,0,0,0,0,0,0,100,0,0,0,0,0,0,0,0,0,0,100,0,0,0,0,0,0,0,0,0.36735,0.63265,0,0,1,0,0,0,0,1,0,0,0
0,0,0.62796,0,0,98.466,0,0,0.90627,0,0,0,0,0.30401,0.29825,0.3297,98.466,0,0,0.60226,0,0,0,0.62796,0,0,0,98.466,0,0,0,0.90627,0,0,0,0.021277,0.19149,0.78723,0,0,1,0,0,0,0,1,0,0,0
0,0,0,0,0,100,0,0,0,0,0,0,0,0,0,0,100,0,0,0,0,0,0,0,0,0,0,100,0,0,0,0,0,0,0,0,0.15909,0.84091,0,0,1,0,0,0,0,1,0,0,0
0,0,0.39878,0,0,98.318,0,0,1.2833,0,0,0.29485,0,0,0.39878,0.29485,98.318,0,0,0.39878,0.29485,0,0,0.39878,0,0,0,98.318,0,0,0.5897,0.69362,0,0,0,0,0.11667,0.88333,0,0,1,0,0,0,0,1,0,0,0
0,0,0,0,0,100,0,0,0,0,0,0,0,0,0,0,100,0,0,0,0,0,0,0,0,0,0,100,0,0,0,0,0,0,0,0,0.15686,0.84314,0,0,1,0,0,0,0,1,0,0,0
0,0,0,0,0,100,0,0,0,0,0,0,0,0,0,0,100,0,0,0,0,0,0,0,0,0,0,100,0,0,0,0,0,0,0,0.090909,0.13636,0.77273,0,0,1,0,0,0,0,1,0,0,0
0,0,0,0,0,100,0,0,0,0,0,0,0,0,0,0,100,0,0,0,0,0,0,0,0,0,0,100,0,0,0,0,0,0,0,0.020833,0.16667,0.8125,0,0,1,0,0,0,0,1,0,0,0
0,0,0,0,0,100,0,0,0,0,0,0,0,0,0,0,100,0,0,0,0,0,0,0,0,0,0,100,0,0,0,0,0,0,0,0,0.11321,0.88679,0,0,1,0,0,0,0,1,0,0,0
0,0,0.53952,0,0,97.989,0,0,1.4717,0,0,0.28514,0,0,0.57792,0.28514,97.989,0,0,0.26976,0.5933,0,0,0.53952,0,0,0,97.989,0,0,0.57029,0.90146,0,0,0,0,0.089286,0.91071,0,0,1,0,0,0,0,1,0,0,0
0,0,0,0,0,100,0,0,0,0,0,0,0,0,0,0,100,0,0,0,0,0,0,0,0,0,0,100,0,0,0,0,0,0,0,0,0.083333,0.91667,0,0,1,0,0,0,0,1,0,0,0
0,0,1.4309,0,0,97.512,0,0,1.0572,0,0,0,0,0,0.81771,0,97.512,0.26016,0,0.88165,0.5286,0,0,1.4309,0,0,0,97.512,0,0,0.26016,0.5369,0.26016,0,0,0,0.22,0.78,0,0,1,0,0,0,0,1,0,0,0
0,0,0,0,0,100,0,0,0,0,0,0,0,0,0,0,100,0,0,0,0,0,0,0,0,0,0,100,0,0,0,0,0,0,0,0,0.078431,0.92157,0,0,1,0,0,0,0,1,0,0,0
0,0,0,0,0,100,0,0,0,0,0,0,0,0,0,0,100,0,0,0,0,0,0,0,0,0,0,100,0,0,0,0,0,0,0,0,0.2,0.8,0,0,1,0,0,0,0,1,0,0,0
0,0,0,0,0,100,0,0,0,0,0,0,0,0,0,0,100,0,0,0,0,0,0,0,0,0,0,100,0,0,0,0,0,0,0,0,0.11321,0.88679,0,0,1,0,0,0,0,1,0,0,0
0,0,0,0,0,100,0,0,0,0,0,0,0,0,0,0,100,0,0,0,0,0,0,0,0,0,0,100,0,0,0,0,0,0,0,0,0.22449,0.77551,0,0,1,0,0,0,0,1,0,0,0
0,0,0,0,0,100,0,0,0,0,0,0,0,0,0,0,100,0,0,0,0,0,0,0,0,0,0,100,0,0,0,0,0,0,0,0,0.037736,0.96226,0,0,1,0,0,0,0,1,0,0,0
0,0,1.1842,0,0,98.321,0,0,0.49475,0,0,0,0,0,0.27192,0,98.321,0.24737,0,0.9123,0.24737,0,0,1.1842,0,0,0,98.321,0,0,0.24737,0,0.24737,0,0,0,0.2,0.8,0,0,1,0,0,0,0,1,0,0,0
0,0,0,0,0,100,0,0,0,0,0,0,0,0,0,0,100,0,0,0,0,0,0,0,0,0,0,100,0,0,0,0,0,0,0,0,0.093023,0.90698,0,0,1,0,0,0,0,1,0,0,0
0.31615,0,0.34129,0,0,99.026,0,0,0.31615,0,0,0.31615,0,0,0,0,99.026,0,0.31615,0.34129,0,0,0,0.34129,0,0,0,99.343,0,0,0,0.31615,0,0,0,0,0.23333,0.76667,0,0,1,0,0,0,0,1,0,0,0
0,0,0,0,0,100,0,0,0,0,0,0,0,0,0,0,100,0,0,0,0,0,0,0,0,0,0,100,0,0,0,0,0,0,0,0,0.09434,0.90566,0,0,1,0,0,0,0,1,0,0,0
0,0,0,0,0,100,0,0,0,0,0,0,0,0,0,0,100,0,0,0,0,0,0,0,0,0,0,100,0,0,0,0,0,0,0,0,0.11111,0.88889,0,0,1,0,0,0,0,1,0,0,0
0,0,0,0,0,100,0,0,0,0,0,0,0,0,0,0,100,0,0,0,0,0,0,0,0,0,0,100,0,0,0,0,0,0,0,0,0.14,0.86,0,0,1,0,0,0,0,1,0,0,0
0,0,0,0,0,100,0,0,0,0,0,0,0,0,0,0,100,0,0,0,0,0,0,0,0,0,0,100,0,0,0,0,0,0,0,0.035714,0.035714,0.92857,0,0,1,0,0,0,0,1,0,0,0
2.1063,0,0,0,0,97.489,0,0,0.40451,0,0,2.1063,0,0,0,0,97.489,0,0.40451,0,0,0,0,0,0,0,0,99.595,0,0,0,0.40451,0,0,0,0,0.18519,0.81481,0,0,1,0,0,0,0,1,0,0,0
0,0,0,0,0,100,0,0,0,0,0,0,0,0,0,0,100,0,0,0,0,0,0,0,0,0,0,100,0,0,0,0,0,0,0,0,0.10417,0.89583,0,0,1,0,0,0,0,1,0,0,0
2.0034,0,0.57174,0,0,97.139,0,0,0.28608,0,0,2.0034,0,0.28608,0,0,97.425,0.28566,0,0,0,0,0.28566,0,0.28608,0,0,99.142,0,0,0,0,0.28608,0,0,0,0,1,0,0,1,0,0,0,0,1,0,0,0
0,0,0,0,0,100,0,0,0,0,0,0,0,0,0,0,100,0,0,0,0,0,0,0,0,0,0,100,0,0,0,0,0,0,0,0,0.08,0.92,0,0,1,0,0,0,0,1,0,0,0
0,0,0,0,0,100,0,0,0,0,0,0,0,0,0,0,100,0,0,0,0,0,0,0,0,0,0,100,0,0,0,0,0,0,0,0,0.041667,0.95833,0,0,1,0,0,0,0,1,0,0,0
0,0,0,0,0,100,0,0,0,0,0,0,0,0,0,0,100,0,0,0,0,0,0,0,0,0,0,100,0,0,0,0,0,0,0,0,0.22449,0.77551,0,0,1,0,0,0,0,1,0,0,0
0.27473,0,1.2202,0,0,97.678,0,0,0.82741,0,0,0.27473,0.27634,0.27473,0,0.27634,97.952,0.66918,0,0,0.27634,0,0.66918,0,0.55107,0,0,97.952,0,0,0.27634,0.27634,0.27473,0,0,0,0.23077,0.76923,0,0,1,0,0,0,0,1,0,0,0
0,0,0,0,0,100,0,0,0,0,0,0,0,0,0,0,100,0,0,0,0,0,0,0,0,0,0,100,0,0,0,0,0,0,0,0,0.2619,0.7381,0,0,1,0,0,0,0,1,0,0,0
0,0,0,0,0,100,0,0,0,0,0,0,0,0,0,0,100,0,0,0,0,0,0,0,0,0,0,100,0,0,0,0,0,0,0,0,0.13636,0.86364,0,0,1,0,0,0,0,1,0,0,0
0,0,0,0,0,100,0,0,0,0,0,0,0,0,0,0,100,0,0,0,0,0,0,0,0,0,0,100,0,0,0,0,0,0,0,0,0.275,0.725,0,0,1,0,0,0,0,1,0,0,0
0,0,0,0,0,100,0,0,0,0,0,0,0,0,0,0,100,0,0,0,0,0,0,0,0,0,0,100,0,0,0,0,0,0,0,0,0.11111,0.88889,0,0,1,0,0,0,0,1,0,0,0
0,0,0,0,0,100,0,0,0,0,0,0,0,0,0,0,100,0,0,0,0,0,0,0,0,0,0,100,0,0,0,0,0,0,0,0,0.34615,0.65385,0,0,1,0,0,0,0,1,0,0,0
0,0,0,0,0,100,0,0,0,0,0,0,0,0,0,0,100,0,0,0,0,0,0,0,0,0,0,100,0,0,0,0,0,0,0,0.043478,0.1087,0.84783,0,0,1,0,0,0,0,1,0,0,0
0,0,0,0,0,100,0,0,0,0,0,0,0,0,0,0,100,0,0,0,0,0,0,0,0,0,0,100,0,0,0,0,0,0,0,0.027778,0.27778,0.69444,0,0,1,0,0,0,0,1,0,0,0
0,0,1.6722,0,0,97.618,0,0,0.71001,0,0,0.23667,0.25609,0,0.57999,0.23667,97.874,0,0.57999,0,0.23667,0,0.25609,1.4161,0,0,0,97.618,0,0,0.23667,0.47334,0,0,0,0,0.41667,0.58333,0,0,1,0,0,0,0,1,0,0,0
0,0,0,0,0,100,0,0,0,0,0,0,0,0,0,0,100,0,0,0,0,0,0,0,0,0,0,100,0,0,0,0,0,0,0,0,0.31818,0.68182,0,0,1,0,0,0,0,1,0,0,0
0,0,2.2693,0,0,97.118,0,0,0.61288,0,0,0.27051,0.7949,0,0.27352,0,97.708,0.47481,0.27352,0,0,0.20429,0.86112,1.4082,0,0,0,97.118,0,0,0.20429,0.20429,0.20429,0,0,0.018519,0.35185,0.62963,0,0,1,0,0,0,0,1,0,0,0
0,0,0,0,0,100,0,0,0,0,0,0,0,0,0,0,100,0,0,0,0,0,0,0,0,0,0,100,0,0,0,0,0,0,0,0,0.17391,0.82609,0,0,1,0,0,0,0,1,0,0,0
0,0,0,0,0,100,0,0,0,0,0,0,0,0,0,0,100,0,0,0,0,0,0,0,0,0,0,100,0,0,0,0,0,0,0,0.044444,0.22222,0.73333,0,0,1,0,0,0,0,1,0,0,0
0,0,0,0,0,100,0,0,0,0,0,0,0,0,0,0,100,0,0,0,0,0,0,0,0,0,0,100,0,0,0,0,0,0,0,0,0.43478,0.56522,0,0,1,0,0,0,0,1,0,0,0
0,0,0,0,0,100,0,0,0,0,0,0,0,0,0,0,100,0,0,0,0,0,0,0,0,0,0,100,0,0,0,0,0,0,0,0.076923,0.20513,0.71795,0,0,1,0,0,0,0,1,0,0,0
0,0,0,0,0,100,0,0,0,0,0,0,0,0,0,0,100,0,0,0,0,0,0,0,0,0,0,100,0,0,0,0,0,0,0,0,0.28125,0.71875,0,0,1,0,0,0,0,1,0,0,0
0,0,0,0,0,100,0,0,0,0,0,0,0,0,0,0,100,0,0,0,0,0,0,0,0,0,0,100,0,0,0,0,0,0,0,0.034483,0.2069,0.75862,0,0,1,0,0,0,0,1,0,0,0
0,0,0,0,0,100,0,0,0,0,0,0,0,0,0,0,100,0,0,0,0,0,0,0,0,0,0,100,0,0,0,0,0,0,0,0.029412,0.29412,0.67647,0,0,1,0,0,0,0,1,0,0,0
