h1,h2,h3,h4,h5,h6,h7,h8,h9,h10,h11,h12,h13,h14,h15,h16,h17,h18,h19,h20,h21,h22,h23,h24,h25,h26,h27,h28,h29,h30,h31,h32,h33,h34,h35,h36,h37,h38,h39,h40,h41,h42,h43,h44,h45,h46,h47,h48,label
1.1618,0,5.0239,2.07,2.4486,63.079,4.6233,11.984,6.6405,0,2.9684,6.0403,1.3293,0,1.182,1.8804,64.1,2.998,3.945,2.8198,7.3836,8.3216,9.4974,13.699,8.0455,1.7079,0,60.373,0,2.4486,1.8804,1.864,0.48358,0,0,1,0,0,0,0,1,0,0,0,0,1,0,0,0
0,0,0,0,0,100,0,0,0,0,0,0,0,0,0,0,100,0,0,0,0,0,0,0,0,0,0,100,0,0,0,0,0,0,0,1,0,0,0,0,1,0,0,0,0,1,0,0,0
0,0,0,0,0,100,0,0,0,0,0,0,0,0,0,0,100,0,0,0,0,0,0,0,0,0,0,100,0,0,0,0,0,0,0,1,0,0,0,0,1,0,0,0,0,1,0,0,0
3.2063,0,0,0,3.2063,80.762,0,3.2063,3.2063,6.4126,0,3.2063,3.2063,0,0,0,77.556,3.2063,6.4126,0,6.4126,0,0,3.2063,0,0,3.2063,77.556,0,0,9.6188,3.2063,3.2063,0,0,1,0,0,0,0,0,0.083333,0.91667,0,0,0,1,0,1
0,0,0,0,0,100,0,0,0,0,0,0,10.848,0,0,0,89.152,0,0,0,0,0,0,10.848,0,0,0,89.152,0,0,0,0,0,0,0,1,0,0,0,0,1,0,0,0,0,1,0,0,0
5.7967,2.3716,6.2564,7.6899,8.9515,31.521,11.847,17.291,4.5447,0,3.7305,9.2689,3.1521,2.98,4.0902,1.8602,36.071,7.5722,9.0924,5.9681,9.3666,10.578,21.922,20.833,7.9288,3.9294,1.2169,24.988,0,8.4052,3.0149,7.1528,0.60843,0,0.10256,0.89744,0,0,0,0,0.84615,0.10256,0.051282,0,0,0.92308,0.076923,0,0
3.1515,1.3382,7.7718,4.6853,5.2802,39.547,6.611,20.26,8.1185,0,3.2367,9.6394,3.0817,2.7073,4.2164,3.8254,43.155,6.0728,5.1571,3.5783,8.2277,10.339,13.761,18.824,11.63,5.4287,0.44427,35.21,0,6.151,3.2826,4.4593,0.80908,0,0.086957,0.91304,0,0,0,0,0.84783,0.13043,0.021739,0,0,0.93478,0.065217,0,0
9.1472,4.5731,10.152,2.8982,7.3989,28.63,14.316,12.263,6.2065,0,4.4154,9.608,1.775,6.9053,11.517,3.1816,29.118,6.8591,8.6183,6.8198,9.9592,5.6389,23.236,16.098,13.068,3.2662,1.2102,21.879,0,6.8975,5.594,7.7238,1.0287,0,0.050847,0.94915,0,0,0,0,0.067797,0.016949,0.91525,0.016949,0.033898,0.033898,0.91525,0,1
0,3.3919,2.2446,0,0,94.363,0,0,0,0,0,4.1401,0.7482,0.7482,0,0.7482,93.615,0,0,0,0,0,0.7482,0.7482,3.3919,0,0.7482,94.363,0,0,0,0,0,0,0,1,0,0,0,0,1,0,0,0,0,1,0,0,0
9.0759,7.6727,11.041,5.4006,11.126,14.797,16.615,11.561,6.2492,2.2394,4.2219,6.7165,5.0566,8.6489,10.11,3.273,18.7,11.605,12.031,6.8992,12.03,4.9298,19.962,18.372,16.039,6.2507,1.177,8.091,0.45171,6.8588,8.0985,10.541,4.1586,0,0.023256,0.96512,0.011628,0,0,0,0.05814,0.081395,0.86047,0,0,0.05814,0.94186,0,1
14.527,15.315,0,6.8236,7.164,11.101,16.347,11.248,10.552,4.4722,2.4511,12.172,3.3163,10.742,0,5.3506,14.444,22.839,12.051,8.8225,8.6486,1.6139,5.0991,16.618,24.182,14.974,1.6052,9.3983,0.76384,1.4669,10.243,7.2584,8.392,0,0,1,0,0,0,0,0.37778,0.62222,0,0,0,0.35556,0.64444,0,0
0,0,0,0,0,100,0,0,0,0,0,0,0,0,0,0,100,0,0,0,0,0,0,0,0,0,0,100,0,0,0,0,0,0,0,1,0,0,0,0,1,0,0,0,0,1,0,0,0
0,0,0,0,0,100,0,0,0,0,0,0,0,0,0,0,100,0,0,0,0,0,0,0,0,0,0,100,0,0,0,0,0,0,0,1,0,0,0,0,1,0,0,0,0,1,0,0,0
0,0,0,0,0,100,0,0,0,0,0,0,2.0214,0,0,0,97.979,0,0,0,0,0,0,2.0214,0,0,0,97.979,0,0,0,0,0,0,0,1,0,0,0,0,1,0,0,0,0,1,0,0,0
0,0,0,0,0,100,0,0,0,0,0,0,0,0,0,0.52905,99.471,0,0,0,0,0,0,0,0,0,0,100,0,0,0,0,0,0,0,1,0,0,0,0,1,0,0,0,0,1,0,0,0
0,0,0,0,0,100,0,0,0,0,0,0,0,0,0,0,100,0,0,0,0,0,0,0,0,0,0,100,0,0,0,0,0,0,0,1,0,0,0,0,1,0,0,0,0,1,0,0,0
0,0,0,0,0,100,0,0,0,0,0,0,0,0,0,0,100,0,0,0,0,0,0,0,0,0,0,100,0,0,0,0,0,0,0,1,0,0,0,0,1,0,0,0,0,1,0,0,0
0,0,0,0,0,100,0,0,0,0,0,0,0,0,0,0,100,0,0,0,0,0,0,0,0,0,0,100,0,0,0,0,0,0,0,1,0,0,0,0,1,0,0,0,0,1,0,0,0
0,0,0,0,0,100,0,0,0,0,0,0,0,0,0,0,100,0,0,0,0,0,0,0,0,0,0,100,0,0,0,0,0,0,0,1,0,0,0,0,1,0,0,0,0,1,0,0,0
0,0,0,0,0,100,0,0,0,0,0,0,0,0,0,1.4191,98.581,0,0,0,0,0,0,0,0,0,0,100,0,0,0,0,0,0,0,1,0,0,0,0,1,0,0,0,0,1,0,0,0
0,0,0.74894,0.91141,0,98.34,0,0,0,0,0,2.5717,0,0,0,4.307,93.121,0,0,0,0,0,0,0,1.6603,0,0,98.34,0,0,0,0,0,0,0,1,0,0,0,0,1,0,0,0,0,1,0,0,0
0.88422,7.8474,6.4554,2.9364,2.0761,53.495,11.329,6.3069,6.6751,0.26512,1.7285,10.937,11.827,4.1446,1.521,15.705,29.91,9.4738,2.571,3.3931,3.2493,7.2692,15.36,5.6536,13.681,4.7909,3.1789,49.206,0.41154,0.964,1.2291,4.0314,1.4942,0,0,1,0,0,0,0,1,0,0,0,0,1,0,0,0
0,2.0443,6.0178,0.8488,0.8488,76.417,6.4704,2.5257,3.6617,0,1.1657,8.1004,6.2171,3.3241,0,11.305,61.872,3.0071,1.2162,0.8488,1.3302,2.779,6.7283,2.1286,10.115,1.5835,2.8426,73.207,0,0.36737,0.36737,2.2931,0.36737,0,0,1,0,0,0,0,1,0,0,0,0,0.97959,0.020408,0,0
0,0,0.59002,0,0,99.41,0,0,0,0,0,0.59002,0,0,0,1.1812,98.229,0,0,0,0,0,0,0,0.59002,0,0,99.41,0,0,0,0,0,0,0,1,0,0,0,0,1,0,0,0,0,1,0,0,0
0,0,0,0,0,100,0,0,0,0,0,0,0,0,0,0,100,0,0,0,0,0,0,0,0,0,0,100,0,0,0,0,0,0,0,1,0,0,0,0,1,0,0,0,0,1,0,0,0
0,0,3.6647,1.4666,0,94.869,0,0,0,0,0,6.5979,0,0,0,6.4083,86.994,0,0,0,0,0,0,0,5.1313,0,0,94.869,0,0,0,0,0,0,0,0.98276,0.017241,0,0,0,1,0,0,0,0,0.98276,0.017241,0,0
0,0,1.1113,0,0,98.889,0,0,0,0,0,1.1113,0,0,0,1.1113,97.777,0,0,0,0,0,0,0,1.1113,0,0,98.889,0,0,0,0,0,0,0,0.9726,0.013699,0.013699,0,0,1,0,0,0,0,0.9726,0.013699,0.013699,0
0,0,1.2718,0,0,89.482,0,5.4357,2.5382,0,1.2718,0,0,0,0,1.6257,89.482,0,0.91255,0,4.1693,3.81,0,4.1693,1.2718,4.1639,0,89.482,0,0,0,0,0.91255,0,0,1,0,0,0,0,1,0,0,0,0,1,0,0,0
0,0,0.8997,0,0,94.134,0,2.4831,1.5834,0,0.8997,0,0,0,0,0,94.134,0,1.5834,0,1.7994,2.4831,0,1.7994,0.8997,1.5834,0,94.134,0,0,0,0,1.5834,0,0,1,0,0,0,0,1,0,0,0,0,1,0,0,0
0,0,0,0,0,97.837,0,1.0813,1.0813,0,0,0,0,0,0,0,97.837,0,1.0813,0,0,1.0813,0,0,0,1.0813,0,97.837,0,0,0,0,1.0813,0,0,1,0,0,0,0,1,0,0,0,0,1,0,0,0
0,0,0,0,0,100,0,0,0,0,0,0,0,0,0,0,100,0,0,0,0,0,0,0,0,0,0,100,0,0,0,0,0,0,0,1,0,0,0,0,1,0,0,0,0,1,0,0,0
0,0,0,0,0,100,0,0,0,0,0,0,0,0,0,0,100,0,0,0,0,0,0,0,0,0,0,100,0,0,0,0,0,0,0,1,0,0,0,0,1,0,0,0,0,1,0,0,0
0,0,0,0,0,100,0,0,0,0,0,0,0,0,0,0,100,0,0,0,0,0,0,0,0,0,0,100,0,0,0,0,0,0,0,1,0,0,0,0,1,0,0,0,0,1,0,0,0
0,0,0,0,0,100,0,0,0,0,0,0,0,0,0,0,100,0,0,0,0,0,0,0,0,0,0,100,0,0,0,0,0,0,0,1,0,0,0,0,1,0,0,0,0,1,0,0,0
0,0,0,0,0,100,0,0,0,0,0,0,0,0,0,0,100,0,0,0,0,0,0,0,0,0,0,100,0,0,0,0,0,0,0,1,0,0,0,0,1,0,0,0,0,1,0,0,0
4.6253,2.6911,13.089,4.0368,3.3479,30.829,7.3749,10.368,17.213,0,6.4236,6.0356,5.6298,3.1239,4.6618,2.8523,39.466,5.2214,6.3817,3.8506,11.351,11.426,23.025,15.726,14.568,5.7181,0.56257,27.258,0,3.3027,3.5606,3.7723,2.5069,0,0,1,0,0,0,0,0,0,1,0,0,0,1,0,1
3.7706,3.1946,8.8945,5.9795,5.1271,35.639,4.8431,19.664,3.5798,0,9.3087,7.4948,5.11,2.8225,2.9694,4.1105,38.654,7.3673,2.5982,6.7859,13.728,8.3589,14.738,20.639,11.003,5.2583,0.4514,31.353,0,4.9493,5.3429,5.6428,0.62289,0,0,1,0,0,0,0,0,0,1,0,0,0,1,0,1
0,1.1989,5.467,0.90936,0.84354,75.034,0,6.9993,6.9671,0,2.5812,3.2186,1.242,0,1.1761,1.5979,76.809,1.6207,0.75436,1.8845,5.2975,6.3991,4.4144,7.8275,5.467,1.1761,0,74.124,0,0.84354,3.9958,1.397,0.75436,0,0,1,0,0,0,0,1,0,0,0,0,1,0,0,0
2.335,1.8364,7.641,2.5267,1.4021,59.012,0.83907,8.1526,10.618,0,5.6376,2.4578,4.5154,1.8364,1.5544,2.0061,62.762,3.1271,2.7658,4.1594,7.0564,7.7592,9.8516,10.692,9.4773,3.558,0,57.324,0,0.9034,2.0061,3.4222,2.7658,0,0,1,0,0,0,0,1,0,0,0,0,1,0,0,0
9.9294,10.07,0.99434,4.4965,4.7534,31.28,12.612,10.927,9.738,1.3647,3.8346,9.1728,4.7835,8.0994,0,5.1678,31.886,15.79,5.912,9.1656,8.417,1.6059,9.8607,12.723,16.902,10.49,2.288,28.108,2.7101,0.40102,4.8626,5.5462,6.1082,0,0.017391,0.98261,0,0,0,0,0.92174,0.052174,0.026087,0,0,0.92174,0.078261,0,0
9.4405,13.139,0.4419,2.4095,3.9408,29.926,13.204,9.8107,12.779,1.8802,3.0282,6.8681,5.0352,7.3916,0.99546,2.8985,30.483,20.785,6.9196,8.3637,5.3764,4.8843,6.0235,16.295,21.471,11.669,1.4767,28.449,0.98449,0.4419,3.372,4.4166,5.4011,0,0,1,0,0,0,0,0.99038,0.0096154,0,0,0,0.99038,0.0096154,0,0
3.9196,7.3588,0,0.49767,1.8016,79.867,0,2.2504,3.3094,0,0.99535,3.2378,2.2992,2.1181,0,0.74254,78.627,5.8738,1.059,1.493,1.2402,3.3094,2.4804,5.9252,5.6061,0,0,78.627,0.74254,0,3.5055,2.0544,1.059,0,0,1,0,0,0,0,1,0,0,0,0,1,0,0,0
3.8293,7.5856,1.6634,0,1.9044,71.215,3.0745,1.6602,5.7437,1.6634,1.6602,3.2949,3.5645,1.2194,0.95457,1.2947,67.153,7.7645,1.3153,2.516,3.6636,7.2599,4.9551,8.4761,8.2912,3.3235,0,69.065,2.1506,1.6634,0,0.60968,1.4656,0,0,1,0,0,0,0,1,0,0,0,0,1,0,0,0
0,0,0,0,0,95.721,0,2.1396,2.1396,0,0,0,0,0,0,0,95.721,0,2.1396,0,0,2.1396,0,0,0,2.1396,0,95.721,0,0,0,0,2.1396,0,0,1,0,0,0,0,1,0,0,0,0,1,0,0,0
0,1.3889,0,0,0,93.799,0,2.4059,2.4059,0,0,1.3889,0,0,0,0,93.799,1.3889,1.017,0,0,2.4059,0,1.3889,0,1.017,0,93.799,0,0,2.7777,0,1.017,0,0,1,0,0,0,0,1,0,0,0,0,1,0,0,0
0,0,0,0,0,100,0,0,0,0,0,0,0,0,0,0,100,0,0,0,0,0,0,0,0,0,0,100,0,0,0,0,0,0,0,1,0,0,0,0,1,0,0,0,0,1,0,0,0
0,0,0,0,0,100,0,0,0,0,0,0,0,0,0,0,100,0,0,0,0,0,0,0,0,0,0,100,0,0,0,0,0,0,0,1,0,0,0,0,1,0,0,0,0,1,0,0,0
0,1.5463,0,0,0,96.997,0,0.72829,0.72829,0,0,0.72829,0,0,0,0,96.997,1.5463,0,0,0,0.72829,0,0.72829,0.81796,0,0,96.997,0,0,1.4566,0,0,0,0,1,0,0,0,0,1,0,0,0,0,1,0,0,0
0,2.0018,1.0128,0,0,91.601,1.0128,0,3.3589,1.0128,0,0,0,0,0,0,88.242,5.3606,0,2.3461,1.0128,3.0384,0,2.0256,2.0018,1.0128,0,89.255,2.3461,1.0128,0,0,2.3461,0,0,1,0,0,0,0,1,0,0,0,0,1,0,0,0
0,0,0,0,0,100,0,0,0,0,0,0,0,0,0,0,100,0,0,0,0,0,0,0,0,0,0,100,0,0,0,0,0,0,0,1,0,0,0,0,1,0,0,0,0,1,0,0,0
0,0,0,0,0,98.467,0,0,1.5325,0,0,0,0,0,0,0,96.935,1.5325,0,1.5325,0,0,0,0,0,0,0,96.935,1.5325,0,0,0,1.5325,0,0,1,0,0,0,0,1,0,0,0,0,1,0,0,0
1.5877,8.6665,9.2339,2.0912,3.5028,39.752,13.654,3.9297,12.734,2.4183,2.4293,11.747,11.21,4.4034,0.53208,10.212,28.04,8.2924,4.2648,4.1195,5.9346,11.244,11.537,8.1811,16.974,8.1486,3.2457,33.768,1.2737,3.8838,2.5297,6.6085,3.8499,0,0,1,0,0,0,0,1,0,0,0,0,1,0,0,0
0,4.5094,17.472,2.3251,12.357,31.342,10.823,2.8913,15.27,1.4098,1.6003,9.0869,10.015,7.7407,5.5486,13.826,22.251,8.8281,5.9738,5.1427,4.1943,7.3932,11.165,8.0303,12.307,5.0793,3.3145,26.713,0.66826,4.5429,8.9474,13.093,6.1395,0,0,0,0,1,0,0,1,0,0,0,0,0,0,1,1
0,4.1545,26.165,3.7043,4.0668,32.738,7.6867,1.5973,17.971,1.5506,0.36568,6.6321,7.4486,4.86,6.1527,10.961,19.831,14.487,3.2556,4.4788,5.817,16.077,11.832,11.713,12.856,5.6335,4.4689,20.91,5.3755,4.6466,3.9732,11.297,7.2951,0,0,0,0.87755,0.12245,0,0,1,0,0,0,0,0,0.081633,0.91837,1
0,5.5202,27.21,3.0402,7.1471,20.742,6.2829,0.64445,24.944,3.5243,0.94448,8.7771,9.504,6.4381,4.9801,12.658,17.008,8.6952,5.0135,7.343,9.2677,10.315,9.4781,10.941,10.985,7.8923,4.6265,11.547,2.0807,6.1234,6.4659,17.028,12.832,0,0,0,0.90244,0.097561,0,0,1,0,0,0,0,0,0,1,1
0,7.3801,30.277,1.7599,2.6282,35.405,4.3724,0.33819,15.387,1.7589,0.6931,9.2584,8.7737,4.0493,6.2541,9.4012,29.625,9.7228,3.5164,4.6228,4.6345,10.142,12.996,8.633,12.019,5.5589,5.9527,25.208,3.9257,3.5188,2.9292,11.538,7.7208,0,0,0.098592,0.90141,0,0,0,1,0,0,0,0,0.070423,0.098592,0.83099,1
0,3.96,10.628,1.2524,0,77.898,0,0,6.262,0,0,6.6677,3.96,3.96,0,3.96,73.938,2.5048,0,1.2524,2.5048,1.2524,2.7076,5.2124,5.2124,1.2524,5.2124,74.141,0,0,1.2524,1.2524,3.7572,0,0,1,0,0,0,0,1,0,0,0,0,1,0,0,0
0,6.6849,17.556,1.1943,0.82871,38.079,4.6345,0.43027,23.893,4.9328,1.7658,11.501,7.912,5.5393,2.1948,8.6373,30.675,7.9297,1.2916,7.9732,3.7908,12.555,8.5785,9.1365,6.941,7.8498,7.7013,25.414,4.8663,5.363,1.9912,11.86,10.298,0,0,0.9875,0.0125,0,0,0,1,0,0,0,0,0.975,0.025,0,0
0,6.5481,12.346,2.5525,0,60.675,0.92432,0,15.746,0.80559,0.4028,8.1251,3.2402,3.3581,2.3524,6.1129,52.224,7.7253,0.53845,4.5669,3.5589,8.1977,5.663,5.7757,9.6052,3.3927,5.1363,48.248,4.5857,1.8478,1.5102,6.648,7.5874,0,0,1,0,0,0,0,1,0,0,0,0,0.97778,0.022222,0,0
0,0,0,0,0,95.217,0,0,4.7829,0,0,1.314,0,0,0,1.314,91.748,2.1549,0,3.4689,0,0,0,0,0,0,0,91.748,3.4689,0,0,1.314,3.4689,0,0,1,0,0,0,0,1,0,0,0,0,1,0,0,0
0,3.3403,13.012,2.4824,0,70.631,0,0,9.1492,0.92346,0.46173,5.5666,3.3403,5.1705,1.8302,7.0007,57.313,6.2525,0,2.8633,1.3044,9.3583,6.3485,5.361,4.8992,1.5757,3.9925,60.51,5.4098,2.7537,0.65219,4.3293,4.1677,0,0,1,0,0,0,0,1,0,0,0,0,1,0,0,0
0,0,0,0,0,94.931,0,0,5.069,0,0,2.5345,0,0,0,2.5345,92.396,0,0,2.5345,0,0,0,0,0,0,0,92.396,2.5345,0,0,2.5345,2.5345,0,0,1,0,0,0,0,1,0,0,0,0,1,0,0,0
0,1.7876,6.52,1.3749,0,77.437,1.4165,0,8.5795,2.3952,0.48938,2.8941,0.97876,2.3537,1.3749,5.1546,67.23,4.9751,0,2.4047,1.4165,11.217,3.7286,4.6973,2.1837,2.3952,0.97876,70.418,4.6652,3.7702,0,4.7584,2.4047,0,0,1,0,0,0,0,1,0,0,0,0,1,0,0,0
0.44939,6.7126,12.52,1.9877,1.8038,48.927,4.7284,2.0081,16.154,2.4997,2.2086,6.8386,6.8425,3.743,4.1789,8.1445,37.102,11.125,1.4887,5.7561,1.8038,12.976,9.6201,7.6076,9.0925,5.9965,2.9514,38.859,5.6599,4.4873,1.9645,8.0488,5.7124,0,0,0.97619,0.011905,0.011905,0,0,1,0,0,0,0,0.95238,0.035714,0.011905,0
10.454,17.015,0,3.0123,4.4827,18.706,17.075,10.481,11.632,5.404,1.7384,6.9077,3.0402,5.9426,0.57174,7.6962,22.604,24.233,9.5511,14.568,3.9463,0.93947,8.1774,17.836,17.447,20.859,1.0017,16.605,1.6974,0.76335,7.8215,3.2151,4.5769,0,0,1,0,0,0,0,0.11429,0.88571,0,0,0,0.11429,0.88571,0,1
0,0,0,0,0,100,0,0,0,0,0,0,0,0,0,0,100,0,0,0,0,0,0,0,0,0,0,100,0,0,0,0,0,0,0,1,0,0,0,0,1,0,0,0,0,1,0,0,0
0,0,0,0,0,100,0,0,0,0,0,0,0,0,0,0,100,0,0,0,0,0,0,0,0,0,0,100,0,0,0,0,0,0,0,1,0,0,0,0,1,0,0,0,0,1,0,0,0
0,0,0,0,0,100,0,0,0,0,0,0,0,0,0,0,100,0,0,0,0,0,0,0,0,0,0,100,0,0,0,0,0,0,0,1,0,0,0,0,1,0,0,0,0,1,0,0,0
0,0,0,0,0,100,0,0,0,0,0,0,0,0,0,0,100,0,0,0,0,0,0,0,0,0,0,100,0,0,0,0,0,0,0,1,0,0,0,0,1,0,0,0,0,1,0,0,0
0,0,0,0,0,100,0,0,0,0,0,0,0,0,0,0,100,0,0,0,0,0,0,0,0,0,0,100,0,0,0,0,0,0,0,1,0,0,0,0,1,0,0,0,0,1,0,0,0
0,0,0,0,0,100,0,0,0,0,0,0,0,0,0,0,100,0,0,0,0,0,0,0,0,0,0,100,0,0,0,0,0,0,0,1,0,0,0,0,1,0,0,0,0,1,0,0,0
0,0,0,0,0,100,0,0,0,0,0,0,0,0,0,0,100,0,0,0,0,0,0,0,0,0,0,100,0,0,0,0,0,0,0,1,0,0,0,0,1,0,0,0,0,1,0,0,0
0,0,0,0,0,100,0,0,0,0,0,0,0,0,0,0,100,0,0,0,0,0,0,0,0,0,0,100,0,0,0,0,0,0,0,1,0,0,0,0,1,0,0,0,0,1,0,0,0
0,0,0,0,0,100,0,0,0,0,0,0,0,0,0,0,100,0,0,0,0,0,0,0,0,0,0,100,0,0,0,0,0,0,0,1,0,0,0,0,1,0,0,0,0,1,0,0,0
0,0,0,0,0,100,0,0,0,0,0,0,0,0,0,0,100,0,0,0,0,0,0,0,0,0,0,100,0,0,0,0,0,0,0,1,0,0,0,0,1,0,0,0,0,1,0,0,0
0,0,0,0,0,100,0,0,0,0,0,0,0,0,0,0,100,0,0,0,0,0,0,0,0,0,0,100,0,0,0,0,0,0,0,1,0,0,0,0,1,0,0,0,0,1,0,0,0
0,0,0,0,0,100,0,0,0,0,0,0,0,0,0,0,100,0,0,0,0,0,0,0,0,0,0,100,0,0,0,0,0,0,0,1,0,0,0,0,1,0,0,0,0,1,0,0,0
0,0,0,0,0,100,0,0,0,0,0,0,0,0,0,0,100,0,0,0,0,0,0,0,0,0,0,100,0,0,0,0,0,0,0,1,0,0,0,0,1,0,0,0,0,1,0,0,0
0,0,0,0,0,100,0,0,0,0,0,0,0,0,0,0,100,0,0,0,0,0,0,0,0,0,0,100,0,0,0,0,0,0,0,1,0,0,0,0,1,0,0,0,0,1,0,0,0
0,0,0,0,0,100,0,0,0,0,0,0,0,0,0,0,100,0,0,0,0,0,0,0,0,0,0,100,0,0,0,0,0,0,0,1,0,0,0,0,1,0,0,0,0,1,0,0,0
0,0,0,0,0,100,0,0,0,0,0,0,0,0,0,0,100,0,0,0,0,0,0,0,0,0,0,100,0,0,0,0,0,0,0,1,0,0,0,0,1,0,0,0,0,1,0,0,0
0,0,0,0,0,100,0,0,0,0,0,0,0,0,0,0,100,0,0,0,0,0,0,0,0,0,0,100,0,0,0,0,0,0,0,1,0,0,0,0,1,0,0,0,0,1,0,0,0
0,0,0,0,0,100,0,0,0,0,0,0,0,0,0,0,100,0,0,0,0,0,0,0,0,0,0,100,0,0,0,0,0,0,0,1,0,0,0,0,1,0,0,0,0,1,0,0,0
0,0,0,0,0,100,0,0,0,0,0,0,0,0,0,0,100,0,0,0,0,0,0,0,0,0,0,100,0,0,0,0,0,0,0,1,0,0,0,0,1,0,0,0,0,1,0,0,0
0,0,0,0,0,100,0,0,0,0,0,0,0,0,0,0,100,0,0,0,0,0,0,0,0,0,0,100,0,0,0,0,0,0,0,1,0,0,0,0,1,0,0,0,0,1,0,0,0
0,0,0,0,0,100,0,0,0,0,0,0,0,0,0,0,100,0,0,0,0,0,0,0,0,0,0,100,0,0,0,0,0,0,0,1,0,0,0,0,1,0,0,0,0,1,0,0,0
0,0,0,0,0,100,0,0,0,0,0,0,0,0,0,0,100,0,0,0,0,0,0,0,0,0,0,100,0,0,0,0,0,0,0,1,0,0,0,0,1,0,0,0,0,1,0,0,0
0,0,0,0,0,100,0,0,0,0,0,0,0,0,0,0,100,0,0,0,0,0,0,0,0,0,0,100,0,0,0,0,0,0,0,1,0,0,0,0,1,0,0,0,0,1,0,0,0
0,0,0,0,0,100,0,0,0,0,0,0,0,0,0,0,100,0,0,0,0,0,0,0,0,0,0,100,0,0,0,0,0,0,0,1,0,0,0,0,1,0,0,0,0,1,0,0,0
0,0,0,0,0,100,0,0,0,0,0,0,0,0,0,0,100,0,0,0,0,0,0,0,0,0,0,100,0,0,0,0,0,0,0,1,0,0,0,0,1,0,0,0,0,1,0,0,0
0,0,0,0,0,100,0,0,0,0,0,0,0,0,0,0,100,0,0,0,0,0,0,0,0,0,0,100,0,0,0,0,0,0,0,1,0,0,0,0,1,0,0,0,0,1,0,0,0
0,0,0,0,0,100,0,0,0,0,0,0,0,0,0,0,100,0,0,0,0,0,0,0,0,0,0,100,0,0,0,0,0,0,0,1,0,0,0,0,1,0,0,0,0,1,0,0,0
0,0,0,0,0,100,0,0,0,0,0,0,0,0,0,0,100,0,0,0,0,0,0,0,0,0,0,100,0,0,0,0,0,0,0,1,0,0,0,0,1,0,0,0,0,1,0,0,0
0,0,0,0,0,100,0,0,0,0,0,0,0,0,0,0,100,0,0,0,0,0,0,0,0,0,0,100,0,0,0,0,0,0,0,1,0,0,0,0,1,0,0,0,0,1,0,0,0
0,0,0,0,0,100,0,0,0,0,0,0,0,0,0,0,100,0,0,0,0,0,0,0,0,0,0,100,0,0,0,0,0,0,0,1,0,0,0,0,1,0,0,0,0,1,0,0,0
0,0,0,0,0,100,0,0,0,0,0,0,0,0,0,0,100,0,0,0,0,0,0,0,0,0,0,100,0,0,0,0,0,0,0,1,0,0,0,0,1,0,0,0,0,1,0,0,0
0,0,0,0,0,100,0,0,0,0,0,0,0,0,0,0,100,0,0,0,0,0,0,0,0,0,0,100,0,0,0,0,0,0,0,1,0,0,0,0,1,0,0,0,0,1,0,0,0
0,0,0,0,0,97.486,0,0,1.2572,0,1.2572,0,1.2572,0,1.2572,0,97.486,0,0,0,0,0,0,0,0,0,0,97.486,0,0,1.2572,1.2572,0,0,0,1,0,0,0,0,1,0,0,0,0,1,0,0,0
0,0,0.79056,0,0,88.725,0.79056,2.1426,4.0565,0,3.4951,2.3717,4.2856,0,3.2659,1.352,88.725,0,0,0,0,0,2.704,0.79056,1.5811,0.79056,0,90.306,0,0,1.9139,1.9139,0,0,0,1,0,0,0,0,1,0,0,0,0,1,0,0,0
0,0,1.2165,0,0,79.118,1.2165,6.7819,8.008,0,3.6591,3.6494,4.8756,0,6.7916,5.5654,79.118,0,0,0,0,0,11.131,1.2165,2.433,1.2165,0,81.551,0,0,1.2262,1.2262,0,0,0,1,0,0,0,0,1,0,0,0,0,1,0,0,0
2.0804,2.4747,4.5107,1.3447,1.13,60.929,5.6477,5.1901,12.401,0,4.2919,11.195,6.5145,2.0804,4.6448,1.5876,60.256,1.13,2.9957,2.538,5.0127,2.0452,3.2104,10.051,10.623,3.5673,0.67236,62.199,0.45762,1.13,1.2196,5.0672,1.8023,0,0,1,0,0,0,0,1,0,0,0,0,1,0,0,0
0,0,1.7636,0,0,92.646,0,0,2.5011,1.1758,1.9132,1.1758,2.5011,0.58788,2.5011,0,92.058,0,1.1758,0,0,0,0.58788,0.58788,0.58788,0,0,92.058,0,0.58788,3.089,2.5011,0,0,0,1,0,0,0,0,1,0,0,0,0,1,0,0,0
0,0,3.0298,0,0,85.889,0,0,5.0357,3.6094,2.4361,2.0199,1.8565,1.0099,1.8565,0,84.879,0,5.199,1.5896,0,1.5896,1.0099,1.0099,1.0099,0,0,84.879,0,2.5995,4.456,3.4461,1.5896,0,0,1,0,0,0,0,1,0,0,0,0,1,0,0,0
1.3651,1.049,7.2498,0.36642,2.7804,68.936,1.8405,3.004,5.1185,2.6124,5.6783,7.4513,6.4361,1.3313,3.1774,1.9467,68.337,1.3651,3.7116,1.049,3.0966,2.0979,3.0261,3.9047,6.0613,2.1566,0.73283,71.918,0,3.6951,4.0277,4.4782,0,0,0,1,0,0,0,0,1,0,0,0,0,1,0,0,0
3.6904,5.5704,9.3727,1.7066,10.346,33.817,3.0448,2.4793,12.679,5.8861,11.408,5.8073,7.3305,2.9754,5.3768,4.5423,34.343,8.2951,7.5221,3.1274,10.911,9.7697,2.5651,5.8208,7.2628,4.0087,3.239,37.036,1.854,7.34,9.4386,15.414,6.0205,0,0,1,0,0,0,0,1,0,0,0,0,1,0,0,0
0,0.84669,0.84669,0.84669,0,85.841,0,0,4.9626,2.4813,4.1747,0,0,0,0,0,85.841,0,4.9626,2.4813,1.6934,5.0213,0.84669,0.84669,0.84669,0,0,86.688,0.84669,2.4813,2.4813,2.4813,2.4813,0,0,1,0,0,0,0,1,0,0,0,0,1,0,0,0
0,0,0,0,0,97.203,0,0,1.3984,0.69922,0.69922,0,0,0,0,0,97.203,0,1.3984,0.69922,0,0.69922,0,0,0,0,0,97.203,0,0.69922,0.69922,0.69922,0.69922,0,0,1,0,0,0,0,1,0,0,0,0,1,0,0,0
3.6762,3.4643,8.2746,0.28159,9.6338,40.747,2.202,0.36723,16.54,8.4157,6.3975,3.4622,6.6296,4.4945,3.1997,4.4029,40.877,9.0959,9.5159,2.3019,7.4652,8.5555,2.0041,4.7268,3.5662,4.3343,5.0327,41.158,1.6378,4.802,10.089,13.18,9.4695,0,0,1,0,0,0,0,1,0,0,0,0,1,0,0,0
2.4431,1.6485,1.6485,1.6485,0,83.634,0,0,4.0616,0.80926,4.1063,0,0,0,0,0,83.634,0,1.6185,0.80926,5.7401,8.1979,1.6485,1.6485,1.6485,2.4431,2.4431,85.283,1.6485,0.80926,0.80926,0.80926,0.80926,0,0,1,0,0,0,0,1,0,0,0,0,1,0,0,0
3.7502,5.0201,9.4088,2.1784,7.0952,39.276,3.67,6.6007,13.173,3.2654,6.5623,8.5663,4.4369,3.047,9.5522,5.6418,37.937,5.0654,5.7898,3.0961,10.392,6.4745,6.7679,8.2983,9.0219,3.734,2.4286,37.667,1.1444,6.9242,7.2559,13.517,3.2404,0,0,1,0,0,0,0,1,0,0,0,0,1,0,0,0
3.1842,6.6143,18.262,2.1704,13.48,19.438,5.2111,3.4677,16.172,5.661,6.3393,7.2988,9.048,3.5668,8.4964,10.175,19.511,9.7908,8.1456,3.5161,11.422,9.0296,5.798,10.416,7.8544,5.3918,2.7534,18.307,2.0259,7.3907,8.5029,22.996,8.5631,0,0,0,0,1,1,0,0,0,0,0,0,0,0,1,1
1.3969,6.8139,11.37,3.9284,8.0084,32.34,5.7561,13.419,12.288,0.89103,3.789,14.397,5.2258,1.897,9.9604,8.168,23.594,4.9999,3.6455,1.7389,9.2761,17.097,7.3401,11.17,13.192,6.8118,3.6201,24.435,1.7831,6.0116,4.1417,15.687,5.8084,0,0,1,0,0,0,0,1,0,0,0,0,1,0,0,0
3.2073,5.487,17.775,3.5119,17.693,17.722,5.779,6.5611,15.469,3.9862,2.8096,9.6452,7.1873,4.9418,9.3718,12.46,17.292,7.0353,9.667,4.445,9.7947,8.16,6.9088,12.546,9.8927,3.9858,4.1269,14.254,1.1647,6.0197,8.9911,24.213,7.8979,0,0,0,0,1,1,0,0,0,0,0,0,0,0,1,1
3.3928,8.4245,16.993,3.2035,13.8,20.504,3.819,0.92816,11.777,9.2667,7.8919,5.3734,6.7144,6.0246,4.7696,11.572,21.817,11.105,7.8547,2.8768,11.807,10.086,6.5373,9.4264,7.1329,2.6982,4.84,22.1,3.0844,3.7953,10.503,22.683,7.1999,0,0,0,0,1,1,0,0,0,0,0,0,0,0,1,1
0.66796,2.3282,3.5205,1.6602,3.244,76.29,0.62008,0,5.0086,2.0039,4.6563,0.62008,2.5282,1.3359,0.62008,1.288,76.29,3.244,1.9081,0,5.2764,6.8887,1.6602,2.9004,2.2803,1.2402,1.288,77.998,2.3282,0.62008,2.624,3.244,3.8163,0,0,0.97674,0.011628,0.011628,0.011628,0.05814,0.93023,0,0,0,0,0.93023,0.05814,0.011628,0
2.6364,0,0,0,0,94.727,0,0,2.6364,0,0,0,0,0,0,0,94.727,0,0,0,2.6364,2.6364,0,0,0,2.6364,2.6364,94.727,0,0,0,0,0,0,0,0.98462,0,0.015385,0.015385,0.015385,0.96923,0,0,0,0,0.96923,0.015385,0.015385,0
0,0,0,0,0,100,0,0,0,0,0,0,0,0,0,0,100,0,0,0,0,0,0,0,0,0,0,100,0,0,0,0,0,0,0,1,0,0,0,0,1,0,0,0,0,1,0,0,0
0,0,0,0,0,100,0,0,0,0,0,0,0,0,0,0,100,0,0,0,0,0,0,0,0,0,0,100,0,0,0,0,0,0,0,1,0,0,0,0,1,0,0,0,0,1,0,0,0
1.2643,0,0,0,0,97.471,0,0,1.2643,0,0,0,0,0,0,0,97.471,0,0,0,1.2643,1.2643,0,0,0,1.2643,1.2643,97.471,0,0,0,0,0,0,0,1,0,0,0,0,1,0,0,0,0,1,0,0,0
0,0,0,0,0,100,0,0,0,0,0,0,0,0,0,0,100,0,0,0,0,0,0,0,0,0,0,100,0,0,0,0,0,0,0,1,0,0,0,0,1,0,0,0,0,1,0,0,0
0,0,0,0,0,100,0,0,0,0,0,0,0,0,0,0,100,0,0,0,0,0,0,0,0,0,0,100,0,0,0,0,0,0,0,1,0,0,0,0,1,0,0,0,0,1,0,0,0
0,0,0,0,0,100,0,0,0,0,0,0,0,0,0,0,100,0,0,0,0,0,0,0,0,0,0,100,0,0,0,0,0,0,0,1,0,0,0,0,1,0,0,0,0,1,0,0,0
0,0,0,0,0,100,0,0,0,0,0,0,0,0,0,0,100,0,0,0,0,0,0,0,0,0,0,100,0,0,0,0,0,0,0,1,0,0,0,0,1,0,0,0,0,1,0,0,0
0,0,0,0,0,100,0,0,0,0,0,0,0,0,0,0,100,0,0,0,0,0,0,0,0,0,0,100,0,0,0,0,0,0,0,1,0,0,0,0,1,0,0,0,0,1,0,0,0
2.0111,0,0,0,0,95.978,0,0,2.0111,0,0,0,0,0,0,0,95.978,0,0,0,2.0111,2.0111,0,0,0,2.0111,2.0111,95.978,0,0,0,0,0,0,0,1,0,0,0,0,1,0,0,0,0,1,0,0,0
0,0,0,0,0,100,0,0,0,0,0,0,0,0,0,0,100,0,0,0,0,0,0,0,0,0,0,100,0,0,0,0,0,0,0,1,0,0,0,0,1,0,0,0,0,1,0,0,0
0,0,0,0,0,100,0,0,0,0,0,0,0,0,0,0,100,0,0,0,0,0,0,0,0,0,0,100,0,0,0,0,0,0,0,1,0,0,0,0,1,0,0,0,0,1,0,0,0
0,0,0,0,0,100,0,0,0,0,0,0,0,0,0,0,100,0,0,0,0,0,0,0,0,0,0,100,0,0,0,0,0,0,0,1,0,0,0,0,1,0,0,0,0,1,0,0,0
0,0,0,0,0,100,0,0,0,0,0,0,0,0,0,0,100,0,0,0,0,0,0,0,0,0,0,100,0,0,0,0,0,0,0,1,0,0,0,0,1,0,0,0,0,1,0,0,0
0,0,0,0,0,100,0,0,0,0,0,0,0,0,0,0,100,0,0,0,0,0,0,0,0,0,0,100,0,0,0,0,0,0,0,1,0,0,0,0,1,0,0,0,0,1,0,0,0
0,0,0,0,0,100,0,0,0,0,0,0,0,0,0,0,100,0,0,0,0,0,0,0,0,0,0,100,0,0,0,0,0,0,0,1,0,0,0,0,1,0,0,0,0,1,0,0,0
0,0,0,0,0,100,0,0,0,0,0,0,0,0,0,0,100,0,0,0,0,0,0,0,0,0,0,100,0,0,0,0,0,0,0,1,0,0,0,0,1,0,0,0,0,1,0,0,0
3.2107,4.8226,18.517,2.7384,5.6411,22.284,6.6641,16.62,19.502,0,0,14.329,4.2719,6.7676,13.778,9.9129,17.357,5.6411,4.6407,3.9257,8.7483,10.628,8.8518,20.26,11.959,7.0103,4.9261,11.001,4.2719,5.6411,4.2719,14.796,7.0103,0,0,0.93548,0.032258,0.032258,0.032258,0.064516,0.90323,0,0,0,0,0.90323,0.064516,0.032258,0
0,0,0,0,0,100,0,0,0,0,0,0,0,0,0,0,100,0,0,0,0,0,0,0,0,0,0,100,0,0,0,0,0,0,0,1,0,0,0,0,1,0,0,0,0,1,0,0,0
0,0,0,0,0,100,0,0,0,0,0,0,0,0,0,0,100,0,0,0,0,0,0,0,0,0,0,100,0,0,0,0,0,0,0,1,0,0,0,0,1,0,0,0,0,1,0,0,0
0,0,0,0,0,100,0,0,0,0,0,0,0,0,0,0,100,0,0,0,0,0,0,0,0,0,0,100,0,0,0,0,0,0,0,1,0,0,0,0,1,0,0,0,0,1,0,0,0
0,0,0,0,0,100,0,0,0,0,0,0,0,0,0,0,100,0,0,0,0,0,0,0,0,0,0,100,0,0,0,0,0,0,0,1,0,0,0,0,1,0,0,0,0,1,0,0,0
0,0,0,0,0,100,0,0,0,0,0,0,0,0,0,0,100,0,0,0,0,0,0,0,0,0,0,100,0,0,0,0,0,0,0,1,0,0,0,0,1,0,0,0,0,1,0,0,0
0,0,0,0,0,100,0,0,0,0,0,0,0,0,0,0,100,0,0,0,0,0,0,0,0,0,0,100,0,0,0,0,0,0,0,1,0,0,0,0,1,0,0,0,0,1,0,0,0
0,0,0,0,0,100,0,0,0,0,0,0,0,0,0,0,100,0,0,0,0,0,0,0,0,0,0,100,0,0,0,0,0,0,0,1,0,0,0,0,1,0,0,0,0,1,0,0,0
0,0,0,0,0,100,0,0,0,0,0,0,0,0,0,0,100,0,0,0,0,0,0,0,0,0,0,100,0,0,0,0,0,0,0,1,0,0,0,0,1,0,0,0,0,1,0,0,0
0,0,0,0,0,100,0,0,0,0,0,0,0,0,0,0,100,0,0,0,0,0,0,0,0,0,0,100,0,0,0,0,0,0,0,1,0,0,0,0,1,0,0,0,0,1,0,0,0
0,0,0,0,0,100,0,0,0,0,0,0,0,0,0,0,100,0,0,0,0,0,0,0,0,0,0,100,0,0,0,0,0,0,0,1,0,0,0,0,1,0,0,0,0,1,0,0,0
0,0,0,0,0,100,0,0,0,0,0,0,0,0,0,0,100,0,0,0,0,0,0,0,0,0,0,100,0,0,0,0,0,0,0,1,0,0,0,0,1,0,0,0,0,1,0,0,0
0,0,0,0,0,100,0,0,0,0,0,0,0,0,0,0,100,0,0,0,0,0,0,0,0,0,0,100,0,0,0,0,0,0,0,1,0,0,0,0,1,0,0,0,0,1,0,0,0
0,0,0,0,0,100,0,0,0,0,0,0,0,0,0,0,100,0,0,0,0,0,0,0,0,0,0,100,0,0,0,0,0,0,0,1,0,0,0,0,1,0,0,0,0,1,0,0,0
0,0,0,0,0,100,0,0,0,0,0,0,0,0,0,0,100,0,0,0,0,0,0,0,0,0,0,100,0,0,0,0,0,0,0,1,0,0,0,0,1,0,0,0,0,1,0,0,0
0,0,0,0,0,98.704,0,0,1.2956,0,0,0,0,0,0,0,98.704,0,0,0,0,1.2956,0,0,0,0,0,98.704,0,0,0,0,1.2956,0,0,1,0,0,0,0,1,0,0,0,0,1,0,0,0
11.883,5.1658,7.8593,11.668,7.285,14.84,8.6298,19.095,6.0088,0.31638,7.2494,11.888,5.3494,7.7595,1.9275,4.3601,26.22,10.065,6.3484,5.6357,10.739,9.7081,25.035,21.973,9.3721,7.4139,3.6653,9.7168,0,9.8787,4.0437,6.3143,2.5873,0,0,1,0,0,0,0,0,0,1,0,0,0,1,0,1
0,5.2521,16.843,2.4806,4.5206,34.959,7.6787,3.8624,19.09,2.6609,2.653,10.693,10.583,7.2131,3.703,11.961,22.373,10.902,2.1309,5.4089,4.8856,10.146,11.736,11.535,12.708,5.2362,4.9307,27.825,1.897,3.8371,3.0212,12.133,5.1398,0,0,0.02439,0.14634,0.82927,0,0,1,0,0,0,0,0,0.17073,0.82927,1
5.9773,3.6825,14.557,4.672,6.1911,22.172,5.2945,15.371,18.442,0,3.6408,9.0936,3.9221,3.8046,6.5819,5.4668,30.456,5.5867,6.405,6.2595,9.4642,12.96,21.205,16.258,15.276,4.8515,1.4141,18.101,0,5.5427,7.6641,6.4124,3.2754,0,0.014493,0.98551,0,0,0,0,0.043478,0.014493,0.94203,0,0,0.043478,0.95652,0,1
0,4.9198,34.262,4.264,7.3839,18.199,6.529,2.0928,20.675,1.4189,0.25571,7.4467,10.467,3.1214,6.2557,13.858,18.605,10.578,5.8387,6.1782,12.797,4.8543,11.302,9.4148,12.833,4.8864,2.5203,14.537,0.81419,4.3768,5.941,22.741,10.633,0,0,0,0,1,0,0,1,0,0,0,0,0,0,1,1
0,6.0361,27.877,3.073,8.5492,23.316,7.6533,2.2339,17.958,1.8925,1.4106,6.8555,8.9719,6.0921,6.127,9.2571,19.388,13.356,5.6996,5.9155,6.9241,11.414,13.711,10.087,13.369,6.3376,5.843,14.235,2.8547,4.8293,4.8707,17.714,6.1486,0,0,0,0,1,0,0,1,0,0,0,0,0,0,1,1
0,3.4206,37.472,1.0801,16.542,14.06,7.3795,0.73356,17.695,1.339,0.27802,5.7865,10.532,8.2599,10.234,9.1001,17.258,13.914,7.7927,5.6548,5.4054,6.0624,13.405,12.42,13.318,5.348,4.5572,7.4136,1.3316,3.6374,12.389,17.721,8.459,0,0,0,0,1,0,0,1,0,0,0,0,0,0,1,1
0,3.8801,33.591,3.2769,16.8,14.393,5.1396,0.84399,21.574,0.50202,0,4.1908,9.4255,7.3387,6.7445,11.014,20.702,8.9223,9.8297,6.5331,12.353,2.946,7.8739,10.355,14.118,3.6249,2.9033,10.12,0.53741,4.32,9.4102,24.169,12.568,0,0,0.027397,0.027397,0.94521,0,0,1,0,0,0,0,0.027397,0.027397,0.94521,1
0,6.8366,39.678,2.6728,7.8454,18.291,5.568,0.29532,17.749,0.82315,0.24163,3.6246,8.1688,3.6239,9.1377,8.3007,20.37,15.648,6.5933,7.4537,10.749,6.33,17.188,10.173,13.801,8.4543,6.4028,7.6513,0.87672,3.1633,6.755,15.281,10.253,0,0,0.058824,0.058824,0.88235,0,0,1,0,0,0,0,0.058824,0.058824,0.88235,1
10.903,25.286,0,4.7804,5.6597,6.7779,18.281,10.638,9.752,2.2095,5.7137,10.352,6.0297,8.06,0,3.6943,11.94,23.243,12.523,10.69,9.2029,4.2649,9.7024,18.536,32.251,12.425,1.2027,5.0131,1.2669,1.7769,6.2741,4.5343,7.0161,0,0,0.25,0.75,0,0,0,0.057692,0.94231,0,0,0,0.057692,0.94231,0,1
14.087,18.85,0,2.8287,5.8784,15.398,16.39,10.098,9.644,4.1064,2.7208,5.9095,6.2956,11.335,0,8.3694,17.247,18.229,10.876,11.978,7.4866,2.2744,10.023,19.495,17.801,12.943,3.4466,11.377,3.5429,1.1518,5.7365,5.5699,8.913,0,0,0.79121,0.20879,0,0,0,0.010989,0.98901,0,0,0,0.010989,0.98901,0,1
11.304,18.031,0.6534,6.1153,9.5945,7.7465,15.267,10.588,10.987,4.7534,4.9604,7.3832,4.4341,10.701,0.9801,3.7497,10.678,19.85,16.803,16.178,8.2694,0.97275,7.7574,19.609,15.467,13.671,4.1675,3.9585,1.8007,4.1958,12.339,6.4315,10.603,0,0,0.041667,0.95833,0,0,0,0,0.95833,0.041667,0,0,0,1,0,1
16.055,14.903,0,5.2551,4.5214,3.4045,20.778,13.366,9.9278,10.333,1.4561,9.5001,4.1608,11.109,0,10.41,7.0452,23.053,13.589,8.9396,11.438,0.75628,6.0955,18.945,19.948,17.701,4.1043,0,1.0327,0.34989,14.172,8.3098,9.3424,0,0,0.22727,0.77273,0,0,0,0.11364,0.88636,0,0,0,0.11364,0.88636,0,1
0.88132,7.3328,33.197,4.3867,10.019,15.366,4.6689,3.3901,17.752,1.9882,1.0191,6.8077,10.845,2.2246,6.045,18.349,15.487,6.7555,6.5439,5.4532,12.26,9.23,6.0221,18.025,10.276,4.3505,2.9714,9.8277,2.2976,5.9822,6.8199,23.071,10.357,0,0,0,0,1,1,0,0,0,0,0,0,0,0,1,1
2.0693,3.7156,28.745,2.4469,20.613,12.543,5.1827,3.8889,16.674,4.1222,0,5.2503,6.5309,4.0725,9.0862,18.058,14.127,10.874,11.442,5.3342,8.7529,6.4718,8.4512,13.613,4.6014,3.5688,2.9396,7.6764,1.809,4.4721,9.1164,35.161,8.591,0,0,0.056604,0.018868,0.92453,0.92453,0.037736,0.037736,0,0,0,0,0.037736,0.037736,0.92453,1
1.1647,12.282,29.028,2.011,17.845,8.4209,8.8896,1.3312,13.63,4.8505,0.54808,6.6249,8.4806,5.3316,9.9761,14.673,12.38,15.87,7.481,4.3252,7.5413,7.3158,13.053,16.262,7.9518,5.2518,5.3068,5.944,0.98447,3.4955,7.3048,27.485,6.9613,0,0,0,0.0375,0.9625,0.9625,0.0375,0,0,0,0,0,0,0.0375,0.9625,1
0.84761,6.5561,31.334,5.7993,15.261,14.076,3.9928,2.1275,15.846,4.1605,0,3.6762,14.865,2.8251,5.8954,24.684,15.482,5.7653,5.5769,4.689,11.097,5.4441,5.085,15.54,6.8084,3.1079,2.8627,10.872,1.1593,5.5566,7.131,26.911,14.966,0,0,0.09434,0.15094,0.75472,0.75472,0.16981,0.075472,0,0,0,0,0.075472,0.16981,0.75472,1
0,0,23.194,0,0,41.116,0,0,35.691,0,0,18.109,0.31003,7.386,0.89708,2.0194,41.116,0,3.7555,2.9227,9.2027,14.282,4.3364,4.6659,0.31618,0,0,41.116,0,7.5944,0,28.124,13.848,0.27273,0.090909,0.090909,0.36364,0.18182,0,0,1,0,0,0,0,1,0,0,0
0,0,4.4075,0,0,65.999,0,0,29.594,0,0,7.6939,2.8102,3.72,0.83902,5.4407,65.999,0,0.90983,1.7489,2.1543,8.6845,0.83902,2.6587,0.90983,0,0,65.999,0,0.90983,0,21.971,6.7133,0,0,1,0,0,0,0,1,0,0,0,0,1,0,0,0
12.288,19.757,0,8.7857,5.9497,10.553,18.791,8.8661,6.2167,3.5867,5.2055,6.0274,4.4044,14.853,0,8.3241,14.941,17.438,13.984,14.36,5.6683,0,5.3,22.733,16.125,15.749,2.8463,6.1491,1.3298,4.4473,8.9647,5.6683,10.687,0,0,0.32143,0.67857,0,0,0,0,0.73214,0.26786,0,0,0,1,0,1
0,0,6.7989,0,0,61.113,0,0,32.088,0,0,10.712,0.96608,3.476,0.49282,2.7067,63.219,0,1.5973,2.6551,4.9717,9.2029,0.49282,4.2524,1.5973,0,0,61.113,0,1.5973,1.6193,21.317,8.0104,0,0,0.98718,0,0.012821,0,0,1,0,0,0,0,1,0,0,0
0,0,13.918,0,0,59.071,0,0,27.011,0,0,11.589,2.2712,4.3823,2.5466,1.5913,59.071,0,1.7061,1.9058,3.096,11.841,1.856,2.3719,2.3967,0,0,59.071,0,4.9369,0,19.331,10.037,0,0,0.017857,0.16071,0.82143,0,0,1,0,0,0,0,1,0,0,0
0,0,7.6768,0,0,63.172,0,0,29.152,0,0,9.1767,0.45921,3.9281,0,4.9314,64.898,0,1.1825,3.3903,5.6471,6.387,0,5.0917,1.1825,0,0,63.172,0,1.1825,0.73252,21.828,6.8116,0,0,0.081081,0.22973,0.68919,0,0,1,0,0,0,0,1,0,0,0
0,0,6.8953,0,0,71.637,0,0,21.468,0,0,6.6214,0.46573,2.9833,0.46573,3.7907,72.796,0,0.63141,1.6355,3.3822,7.2284,0,3.271,1.0971,0,0,71.637,0,1.4806,0,17.156,5.3585,0,0,0,0.15942,0.84058,0,0,1,0,0,0,0,1,0,0,0
0,0,0,0,0,82.91,0,0,17.09,0,0,3.5822,0,0,0,2.4218,85.281,0,0,0,5.1327,3.5822,0,0,0,0,0,82.91,0,0,2.3713,11.137,3.5822,0,0,1,0,0,0,0,1,0,0,0,0,1,0,0,0
4.7414,3.5061,12.565,2.953,3.442,33.409,4.862,13.336,16.784,0,4.4021,7.9899,4.4071,3.149,4.1829,3.9962,41.03,5.8597,5.1483,2.3322,10.03,11.875,18.057,15.85,14.646,5.3209,0.50393,30.721,0,3.3832,6.0709,2.5298,2.9171,0,0.017857,0.98214,0,0,0,0,0.089286,0.17857,0.73214,0,0,0.10714,0.89286,0,1
0,0,0,0,0,90.276,0,0,9.7244,0,0,2.2125,0,0,0,0,92.488,0,0,0,3.0871,2.2125,0,0,0,0,0,90.276,0,0,2.2125,5.2995,2.2125,0,0,1,0,0,0,0,1,0,0,0,0,1,0,0,0
0,0,1.8294,0,0,69.806,0,0,28.365,0,0,7.6671,0,0,0,0,74.317,0,0,0,10.349,7.6671,0,1.8294,0,0,0,69.806,0,0,5.4089,15.289,7.6671,0,0,0.98058,0,0.019417,0,0,1,0,0,0,0,1,0,0,0
0,0,0.62216,0,0,66.471,0,0,32.906,0,0,6.341,0,0,0,3.3952,72.241,0,0,0.62216,9.6334,7.7672,0,0.62216,0,0,0,66.471,0,0,3.7101,22.855,6.341,0,0,0,0.34921,0.65079,0,0,1,0,0,0,0,1,0,0,0
0,0,1.1567,0,0,76.605,0,0,22.238,0,0,5.074,0,0,0,3.0895,78.569,0,0,1.1567,6.0425,6.0687,0,1.1567,0,0,0,76.605,0,0,1.9631,15.201,5.074,0,0,0,0.12676,0.87324,0,0,1,0,0,0,0,1,0,0,0
0,0,2.0373,0,0,67.84,0,0,30.122,0,0,6.9637,0.93754,0,0,0,74.848,0,0,0,10.287,6.9637,0,2.0373,0,0,0,67.84,0,0,8.1954,14.963,6.9637,0,0,0.014925,0.35821,0.62687,0,0,1,0,0,0,0,1,0,0,0
0,0,1.0197,0,0,77.527,0,0,21.454,0,0,5.3792,1.0197,0,0,0,81.099,0,0,0,7.1227,5.3792,0,1.0197,0,0,0,77.527,0,0,3.0919,12.983,5.3792,0,0,0.025974,0.16883,0.80519,0,0,1,0,0,0,0,1,0,0,0
0,0,1.8226,0,0,84.667,0,0,13.51,0,0,3.6504,0.73119,0,0,0,87.586,0.73119,0,0,2.9192,4.3816,0,1.8226,0,0,0,84.667,0,0,3.6504,6.2094,3.6504,0,0,1,0,0,0,0,1,0,0,0,0,1,0,0,0
0,0,0.97787,0,0,68.931,0,0,30.092,0,0,8.6143,2.6119,0,0,0,71.593,1.634,0,0,5.2985,10.248,0,0.97787,0,0,0,68.931,0,0,7.5903,14.728,7.7734,0,0,1,0,0,0,0,1,0,0,0,0,1,0,0,0
0,0,1.5576,0,0,85.762,0,0,12.68,0,0,3.1591,1.6015,0,0,0,87.32,1.6015,0,0,1.5576,4.7605,0,1.5576,0,0,0,85.762,0,0,3.1591,6.362,3.1591,0,0,1,0,0,0,0,1,0,0,0,0,1,0,0,0
0,0,6.9617,0,0,62.82,0,0,30.218,0,0,10.423,3.2814,0,0,2.3413,65.236,0.90986,1.8182,0,5.567,10.423,0,4.2336,2.7281,0,0,62.82,0,0,6.9623,12.164,11.092,0,0,1,0,0,0,0,1,0,0,0,0,1,0,0,0
0,0,5.294,0,0,65.164,0,0,29.542,0,0,8.5145,3.9147,0,0,0,71.037,1.7297,0,0,5.4529,9.3515,0,4.4013,0.89269,0,0,65.164,0,0,8.1838,14.318,7.0401,0,0,0.015625,0.20312,0.78125,0,0,1,0,0,0,0,1,0,0,0
0,0,2.0036,0,0,76.252,0,0,21.744,0,0,6.3778,1.5094,0,0,0,78.284,1.5094,0,0,5.4537,6.8654,0,0.98177,1.0218,0,0,76.252,0,0,5.691,10.419,5.6344,0,0,0.0125,0.1375,0.85,0,0,1,0,0,0,0,1,0,0,0
0,0,8.0847,0,0,61.408,0,0,30.508,0,0,7.6415,6.5496,0,0,2.5087,62.861,3.7581,2.1112,0,5.58,8.9903,0,4.1626,3.922,0,0,61.408,0,0,5.8131,14.544,10.15,0,0,0,0.056604,0.9434,0,0,1,0,0,0,0,1,0,0,0
0,0,4.7755,0,0,70.067,0,0,25.158,0,0,8.8262,3.6362,0,0,1.1916,71.039,0.76248,1.9018,0,3.0545,9.5887,0,3.856,0.91945,0,0,70.067,0,0,6.102,11.543,7.5132,0,0,0,0.23288,0.76712,0,0,1,0,0,0,0,1,0,0,0
0,0,13.672,0,0,49.003,0,0,37.324,0,0,11.447,8.0496,0,0,3.8825,49.003,1.2134,4.9304,1.9058,6.162,13.406,0,8.742,4.9304,0,0,49.003,0,0,7.5994,17.011,12.713,0,0,1,0,0,0,0,1,0,0,0,0,1,0,0,0
0,0,4.0479,0,0,56.446,0,0,39.506,0,0,11.762,3.4696,0,0,8.3593,56.446,1.7808,0.69838,0.99046,2.8434,13.65,0,3.3777,0.67018,0,0,56.446,0,0,3.0338,18.487,17.985,0,0,1,0,0,0,0,1,0,0,0,0,1,0,0,0
0,1.0506,0,0,0,90.515,0,0,8.4343,0,0,2.7375,1.6869,0,1.6869,0,90.515,0,0,1.6869,0,1.6869,0,0,1.0506,0,0,90.515,0,0,0,5.9495,2.4847,0,0,1,0,0,0,0,1,0,0,0,0,1,0,0,0
0,0,16.115,0,0,53.124,0,0,30.761,0,0,14.233,0.47265,4.524,2.5824,2.5357,53.124,0,2.8587,4.2976,5.4661,9.906,3.1645,6.4855,2.2766,0,0,53.124,0,3.5122,0,19.608,11.829,0,0,1,0,0,0,0,1,0,0,0,0,1,0,0,0
0,0,11.985,0,0,56.096,0,0,31.918,0,0,10.371,7.0454,0,0,3.5842,56.096,1.538,4.7125,0.79493,3.1777,12.681,0,7.8371,4.1484,0,0,56.096,0,0,7.0085,13.271,11.639,0,0,0.090909,0.075758,0.83333,0,0,1,0,0,0,0,1,0,0,0
0,0,5.1464,0,0,71.84,0,0,23.014,0,0,6.3636,2.6943,0,0.82123,3.979,71.84,1.0635,1.0373,1.4148,3.077,7.7093,0,3.0457,2.1007,0,0,71.84,0,0,3.0567,10.882,9.0754,0,0,0.011765,0.16471,0.82353,0,0,1,0,0,0,0,1,0,0,0
0,0,9.3672,0,0,61.005,0,0,29.628,0,0,8.2262,6.5873,0,2.2464,4.4594,61.005,0,2.2613,3.8496,3.1391,8.2262,0,8.3232,1.044,0,0,61.005,0,0,1.044,17.502,11.082,0,0,0.10667,0.08,0.81333,0,0,1,0,0,0,0,1,0,0,0
0,0,2.9316,0,0,74.345,0,0,22.724,0,0,5.7421,4.8,0,1.887,2.4079,74.345,0,0.78144,2.5714,0,7.4656,0,2.9316,0,0,0,74.345,0,0,1.7235,13.535,7.4656,0,0,0.041667,0.18056,0.77778,0,0,1,0,0,0,0,1,0,0,0
0,0,3.8776,0,0,67.932,0,0,28.19,0,0,7.2754,6.5413,0,3.1424,2.3456,67.932,0,0,4.7539,0,8.0095,0,3.8776,0,0,0,67.932,0,0,0.73407,17.62,9.8361,0,0,1,0,0,0,0,1,0,0,0,0,1,0,0,0
0,0,9.0769,0,0,52.301,0,0,38.622,0,0,11.593,2.0993,5.4158,1.6419,6.3025,52.654,0,0.74695,2.2176,5.1915,12.138,1.9462,2.6999,0.44266,0,0,52.301,0,1.3337,0.3529,29.145,11.778,0,0,0.95349,0,0.046512,0,0,1,0,0,0,0,1,0,0,0
0,0,0,0,0,85.672,0,0,14.328,0,0,3.0675,1.9003,1.1672,0.89077,2.1767,85.672,0,0,0.89077,1.1672,3.0675,0,0,0,0,0,85.672,0,0,1.1672,9.2024,3.9582,0,0,1,0,0,0,0,1,0,0,0,0,1,0,0,0
0,0,0,0,0,68.048,0,0,31.952,0,0,7.8018,5.6332,2.1686,1.8418,3.2366,68.048,0,0,2.8303,0.63786,7.8018,0,0,0,0,0,68.048,0,0,1.7714,18.368,11.812,0,0,0.9875,0,0.0125,0,0,1,0,0,0,0,1,0,0,0
0,0,0.63816,0,0,65.312,0,0,34.05,0,0,7.2004,4.5531,2.6473,4.403,2.1403,65.312,0,0,5.6702,0.87311,7.2004,0,0.63816,0,0,0,65.312,0,0,0.87311,23.275,9.9011,0,0,0,0.37255,0.62745,0,0,1,0,0,0,0,1,0,0,0
0,0,1.2798,0,0,76.091,0,0,22.629,0,0,5.6249,4.9624,0.66254,2.3411,1.176,76.091,0,0,3.5171,0,5.6249,0,1.2798,0,0,0,76.091,0,0,0,15.841,6.7888,0,0,0.028169,0.14085,0.83099,0,0,1,0,0,0,0,1,0,0,0
0,0,0,0,0,66.429,0,0,33.571,0,0,6.7993,4.8688,1.9306,1.2637,5.6717,66.429,0,0,3.4654,2.7724,6.7993,0,0,0,0,0,66.429,0,0,4.4,21.723,7.4478,0,0,0,0.24138,0.75862,0,0,1,0,0,0,0,1,0,0,0
0,0,0,0,0,75.508,0,0,24.492,0,0,5.8283,2.6648,3.1635,1.5958,1.9075,75.508,0,0,1.5958,1.9075,5.8283,0,0,0,0,0,75.508,0,0,2.7079,13.221,8.5633,0,0,0,0.21875,0.78125,0,0,1,0,0,0,0,1,0,0,0
0,0,0.89262,0,0,90.626,0,0,8.481,0,0,2.3434,2.3434,0,0,1.4508,91.519,0,0,0,0,2.3434,0,0.89262,0,0,0,90.626,0,0,0.89262,5.245,2.3434,0,0,1,0,0,0,0,1,0,0,0,0,1,0,0,0
0,0,1.532,0,0,70.554,0,0,27.914,0,0,7.4381,4.7372,2.7009,0,2.8001,72.086,0,0,0,2.8001,7.4381,0,1.532,0,0,0,70.554,0,0,7.5373,12.055,8.3222,0,0,0.98148,0,0.018519,0,0,1,0,0,0,0,1,0,0,0
0,0,2.348,0,0,85.747,0,0,11.905,0,0,3.9358,2.4456,0,0,0.84273,88.095,0,0,0,0,4.6809,0,2.348,0,0,0,85.747,0,0,3.8382,4.131,3.9358,0,0,1,0,0,0,0,1,0,0,0,0,1,0,0,0
0,0,2.1743,0,0,72.397,0,0,25.428,0,0,9.0693,4.6044,0,0,1.532,74.572,0,0,0,0,10.223,0,2.1743,0,0,0,72.397,0,0,6.5329,9.8263,9.0693,0,0,0.98077,0,0.019231,0,0,1,0,0,0,0,1,0,0,0
0,0,1.5735,0,0,67.837,0,0,30.589,0,0,6.864,4.1845,2.6795,0,5.8781,69.411,0,0,0.79236,3.3267,6.864,0,1.5735,0,0,0,67.837,0,0,5.7521,16.319,8.518,0,0,0.055556,0.074074,0.87037,0,0,1,0,0,0,0,1,0,0,0
0,0,1.1688,0,0,76.613,0,0,22.218,0,0,5.9507,4.3595,1.5912,0,2.6207,77.782,0,0,1.1041,0.64096,5.9507,0,1.1688,0,0,0,76.613,0,0,4.1247,11.192,6.9009,0,0,0,0.13333,0.86667,0,0,1,0,0,0,0,1,0,0,0
0,0,4.8033,0,0,69.189,0,0,26.008,0,0,9.3708,4.2562,0,0,1.6791,73.992,0,0,0,0.852,9.85,0,4.8033,0,0,0,69.189,0,0,5.7189,10.919,9.3708,0,0,0.029412,0.10294,0.86765,0,0,1,0,0,0,0,1,0,0,0
0,0,1.9106,0,0,79.84,0,0,18.249,0,0,5.9869,3.9623,0,0,1.1567,81.751,0,0,0,1.1567,5.9869,0,1.9106,0,0,0,79.84,0,0,5.1189,7.1436,5.9869,0,0,0.011765,0.17647,0.81176,0,0,1,0,0,0,0,1,0,0,0
0,0,3.0876,0,0,83.957,0,0,12.956,0,0,4.5223,0.82944,0,0,0,87.044,0,0,0,1.6468,5.9571,0,2.2642,0.8234,0,0,83.957,0,0,5.1337,3.2996,4.5223,0,0,1,0,0,0,0,1,0,0,0,0,1,0,0,0
0,0,3.208,0,0,74.187,0,0,22.605,0,0,8.6173,1.8715,0,0,0,77.898,0,0,0,2.996,8.6173,0,2.0666,1.1415,0,0,74.187,0,0,3.5901,10.9,8.1145,0,0,0.98182,0,0.018182,0,0,1,0,0,0,0,1,0,0,0
0,0,3.0305,0,0,83.408,0,0,13.562,0,0,4.4706,0,0,0,1.4465,85.715,0,0,0,3.9039,4.4643,0,1.4401,1.5903,0,0,83.408,0,0,4.3204,5.4942,3.7474,0,0,1,0,0,0,0,1,0,0,0,0,1,0,0,0
0,0,3.3574,0,0,71.171,0,0,25.472,0,0,9.6863,0,0,0,3.758,73.232,0,0,0,3.6715,9.6526,0,2.7902,0.56725,0,0,71.171,0,0,11.511,6.3688,7.5917,0,0,1,0,0,0,0,1,0,0,0,0,1,0,0,0
0,0,4.0212,0,0,67.175,0,0,28.804,0,0,11.078,0.61599,0,0,0,72.369,0,0,0,3.5254,12.412,0,3.1628,0.85848,0,0,67.175,0,0,8.7711,10.128,9.905,0,0,0.12069,0.086207,0.7931,0,0,1,0,0,0,0,1,0,0,0
0,0,1.6569,0,0,78.618,0,0,19.725,0,0,8.4478,0.60768,0,0,0,81.201,0,0,0,0.63188,9.112,0,1.6569,0,0,0,78.618,0,0,5.0834,7.1196,7.5221,0,0,0.0125,0.15,0.8375,0,0,1,0,0,0,0,1,0,0,0
0,0,4.8379,0,0,67.418,0,0,27.744,0,0,9.8575,0,0,0,3.5749,72.349,0,0,0,4.4499,9.7689,0,2.5189,2.3191,0,0,67.418,0,0,9.5829,11.228,6.9334,0,0,0.020833,0.20833,0.77083,0,0,1,0,0,0,0,1,0,0,0
0,0,4.5521,0,0,75.562,0,0,19.886,0,0,7.1288,0,0,0,2.6417,77.638,0,0,0,5.4476,7.1437,0,2.7167,1.8354,0,0,75.562,0,0,5.5955,7.5394,6.7514,0,0,0.016949,0.40678,0.57627,0,0,1,0,0,0,0,1,0,0,0
0,0,2.1667,0,0,83.435,0,0,14.399,0,0,4.4028,0,0,0,3.5983,84.239,0,0.87391,0,3.8451,3.0406,0,1.3622,0.80449,0,0,83.435,0,0,5.8344,5.5235,3.0406,0,0,1,0,0,0,0,1,0,0,0,0,1,0,0,0
0,0,2.9708,0,0,70.791,0,0,26.238,0,0,7.0273,0,0,0,5.0697,72.505,0,2.2311,0,6.1393,7.0273,0,0.87787,2.0929,0,0,70.791,0,0,8.2825,11.428,6.5278,0,0,1,0,0,0,0,1,0,0,0,0,1,0,0,0
0,0,0.71396,0,0,82.693,0,0,16.593,0,0,4.0326,0,0,0,4.0326,82.693,0,2.6047,0,3.3186,3.3186,0,0.71396,0,0,0,82.693,0,0,6.4643,6.8102,3.3186,0,0,1,0,0,0,0,1,0,0,0,0,1,0,0,0
0,0,1.2476,0,0,68.809,0,0,29.944,0,0,8.2922,0,0,0,6.6344,68.809,0,4.8153,0,4.4051,7.0446,0,1.2476,0,0,0,68.809,0,0,10.322,12.577,7.0446,0,0,1,0,0,0,0,1,0,0,0,0,1,0,0,0
0,0,6.8625,0,0,64.454,0,0,28.684,0,0,8.646,0,0,0,7.3456,66.018,0,2.193,0,8.7943,7.0033,0,3.8807,2.9819,0,0,64.454,0,0,12.187,10.313,6.1832,0,0,0,0.37143,0.62857,0,0,1,0,0,0,0,1,0,0,0
0,0,1.1966,0,0,75.371,0,0,23.432,0,0,7.0748,0,0,0,5.0545,76.978,0,0.72067,0,3.8028,6.3692,0,0.70564,0.49101,0,0,75.371,0,0,9.6167,8.5624,5.2532,0,0,0.025641,0.16667,0.80769,0,0,1,0,0,0,0,1,0,0,0
0,0,2.0373,0,0,64.791,0,0,33.172,0,0,7.1179,0,0,0,9.7125,64.791,0,4.3333,0,7.5956,6.4502,0,1.3525,0.68477,0,0,64.791,0,0,11.722,15,6.4502,0,0,0.028571,0.21429,0.75714,0,0,1,0,0,0,0,1,0,0,0
0,0,2.9572,0,0,74.766,0,0,22.277,0,0,6.2712,0,0,0,5.3493,74.766,0,4.1322,0,3.7108,5.7707,0,1.7288,1.2284,0,0,74.766,0,0,8.0846,8.4217,5.7707,0,0,0,0.21951,0.78049,0,0,1,0,0,0,0,1,0,0,0
0,0,0,0,0,85.801,0,0,14.199,0,0,3.904,0,0,0,1.7755,86.865,0,1.7755,0,2.8398,2.8398,0,0,0,0,0,85.801,0,0,3.904,7.455,2.8398,0,0,1,0,0,0,0,1,0,0,0,0,1,0,0,0
0,0,0,0,0,70.3,0,0,29.7,0,0,9.3821,0,0,0,2.437,72.408,0,4.3583,0,4.5447,6.8702,0,0,0,0,0,70.3,0,0,9.5939,13.236,6.8702,0,0,1,0,0,0,0,1,0,0,0,0,1,0,0,0
0,0,0,0,0,82.092,0,0,17.908,0,0,5.3546,0,0,0.93316,0.87546,84.798,0,0.87546,0,3.5816,3.5816,0,0,0,0,0,82.092,0,0,6.2877,8.0387,3.5816,0,0,1,0,0,0,0,1,0,0,0,0,1,0,0,0
0,0,0,0,0,69.631,0,0,30.369,0,0,9.7037,0,0,2.2613,1.4013,72.671,0,2.3597,0,4.441,7.1624,0,0,0,0,0,69.631,0,0,10.242,12.964,7.1624,0,0,1,0,0,0,0,1,0,0,0,0,1,0,0,0
0,0,0,0,0,66.58,0,0,33.42,0,0,9.2996,0,0,0,5.0292,68.403,0,3.8437,0,6.8527,6.5716,0,0,0,0,0,66.58,0,0,11.942,14.907,6.5716,0,0,0,0.0625,0.9375,0,0,1,0,0,0,0,1,0,0,0
0,0,0,0,0,76.97,0,0,23.03,0,0,6.2477,0,0,0,2.3877,77.944,0,4.6231,0,3.3617,5.4354,0,0,0,0,0,76.97,0,0,5.8737,11.72,5.4354,0,0,0.012658,0.1519,0.83544,0,0,1,0,0,0,0,1,0,0,0
0,0,0,0,0,65.428,0,0,34.572,0,0,8.5029,0,0,1.9312,1.4771,71.546,0,2.4868,0,7.5953,6.4604,0,0,0,0,0,65.428,0,0,12.879,15.233,6.4604,0,0,0,0.019231,0.98077,0,0,1,0,0,0,0,1,0,0,0
0,0,0,0,0,73.829,0,0,26.171,0,0,10.385,0,0,0.86796,1.4639,75.884,0,1.5025,0,3.519,6.3778,0,0,0,0,0,73.829,0,0,9.2623,10.531,6.3778,0,0,0.10843,0.21687,0.6747,0,0,1,0,0,0,0,1,0,0,0
0,0,0.96504,0,0,86.309,0,0,12.726,0,0,2.7383,0,0,1.7732,0.96504,88.082,0.96504,0,0,2.7383,2.7383,0,0,0.96504,0,0,86.309,0,0,4.5115,5.4765,2.7383,0,0,1,0,0,0,0,1,0,0,0,0,1,0,0,0
0,0,1.3141,0,0,71.051,0,0,27.635,0,0,8.9958,0,0,2.2226,1.935,73.497,2.2399,0,0,4.3809,6.7291,0,0,1.3141,0,0,71.051,0,0,11.093,9.8132,6.7291,0,0,1,0,0,0,0,1,0,0,0,0,1,0,0,0
0,0,3.0434,0,0,84.755,0,0,12.202,0,0,3.049,0,0.77084,0.77646,2.2726,85.531,1.5017,0,0,3.049,3.049,0,0.77084,2.2726,0,0,84.755,0,0,3.0547,6.0981,3.049,0,0,1,0,0,0,0,1,0,0,0,0,1,0,0,0
0,0,3.62,0,0,71.779,0,0,24.601,0,0,6.7313,0,2.2303,2.1636,2.7679,73.025,2.3374,0,0,4.0136,6.7313,0,1.81,1.81,0,0,71.779,0,0,5.2851,12.585,6.7313,0,0,0.98039,0,0.019608,0,0,1,0,0,0,0,1,0,0,0
0,0,0.7403,0,0,65.964,0,0,33.296,0,0,8.3818,0,0,1.6992,1.6794,72.086,2.2081,0,0,7.8012,6.1445,0,0,0.7403,0,0,65.964,0,0,11.738,15.413,6.1445,0,0,0.015152,0.15152,0.83333,0,0,1,0,0,0,0,1,0,0,0
0,0,0,0,0,74.944,0,0,25.056,0,0,7.3296,0,0,3.6846,1.2368,77.343,0.84168,0,0,3.636,5.9279,0,0,0,0,0,74.944,0,0,11.579,7.5491,5.9279,0,0,0.08,0.26667,0.65333,0,0,1,0,0,0,0,1,0,0,0
0,0,5.2048,0,0,65.833,0,0,28.962,0,0,6.53,0,2.5788,2.1169,5.813,67.309,1.8343,0,0,7.2884,6.53,0,1.6852,3.5195,0,0,65.833,0,0,9.1482,13.284,6.53,0,0,0,0.29231,0.70769,0,0,1,0,0,0,0,1,0,0,0
0,0,2.9672,0,0,76.081,0,0,20.952,0,0,5.561,0,0.82786,1.4729,1.886,77.813,3.2603,0,0,3.6181,5.561,0,1.0812,1.886,0,0,76.081,0,0,4.9881,10.403,5.561,0,0,0.02381,0.20238,0.77381,0,0,1,0,0,0,0,1,0,0,0
0,0,3.8669,0,0,85.76,0,0,10.373,0,0,2.6552,0.70295,1.2117,0,2.6552,85.76,0.7405,0,0.70295,1.9522,3.6188,0,1.9147,1.9522,0,0,85.76,0,0,0.7405,6.0133,3.6188,0,0,1,0,0,0,0,1,0,0,0,0,1,0,0,0
0,0,5.2356,0,0,72.446,0,0,22.319,0,0,6.3289,2.2171,2.0576,0,3.9181,72.446,2.0542,0,1.4249,2.4931,7.0602,0,2.7425,2.4931,0,0,72.446,0,0,1.9678,13.291,7.0602,0,0,0.98039,0,0.019608,0,0,1,0,0,0,0,1,0,0,0
0,0,2.5763,0,0,86.373,0,0,11.05,0,0,1.866,1.1557,0.71029,0,1.866,86.373,0,0,1.1557,0.71029,6.1625,0,1.866,0.71029,0,0,86.373,0,0,0,4.8878,6.1625,0,0,1,0,0,0,0,1,0,0,0,0,1,0,0,0
0,0,7.36,0,0,70.136,0,0,22.504,0,0,7.568,1.4394,1.9889,2.2543,1.7754,71.691,0,0,2.2543,1.7754,9.2531,1.555,4.0296,1.7754,0,0,70.136,0,0,2.9945,10.256,9.2531,0,0,0.9875,0,0.0125,0,0,1,0,0,0,0,1,0,0,0
0,0,10.445,0,0,68.027,0,0,21.527,0,0,6.2071,2.2482,1.5103,0,6.6757,68.027,2.4486,0,0.75578,5.9199,6.2071,0,5.2323,5.2132,0,0,68.027,0,0,2.9358,12.384,6.2071,0,0,0,0.33333,0.66667,0,0,1,0,0,0,0,1,0,0,0
0,0,4.1791,0,0,77.519,0,0,18.302,0,0,5.2538,0.69385,3.0781,0,3.3599,77.519,1.4818,0,0,3.3599,5.2538,0,1.8472,2.332,0,0,77.519,0,0,2.2065,10.842,5.2538,0,0,0,0.18182,0.81818,0,0,1,0,0,0,0,1,0,0,0
0,0,9.2441,0,0,68.443,0,0,22.313,0,0,6.702,1.4034,2.2321,1.8297,4.0352,69.191,0,0,3.7821,2.6318,8.1931,0.74748,5.8649,2.6318,0,0,68.443,0,0,0.74748,14.039,7.526,0,0,0.017857,0.17857,0.80357,0,0,1,0,0,0,0,1,0,0,0
0,0,5.849,0,0,80.076,0,0,14.075,0,0,3.8144,1.9101,1.2389,1.5159,2.0888,80.827,0,0,2.6319,1.4931,4.4797,0.75116,3.6047,1.4931,0,0,80.076,0,0,1.3144,8.2809,4.4797,0,0,0,0.16129,0.83871,0,0,1,0,0,0,0,1,0,0,0
1.1326,1.0115,6.7671,1.8561,1.5542,56.346,2.2869,13.207,12.548,0,3.2906,5.1098,2.6124,0.4603,1.8502,4.0143,59.195,2.7309,3.5529,3.3055,7.3584,9.8101,10.377,11.047,8.1915,6.41,0,54.278,0,1.5542,3.7296,2.0145,2.3986,0,0,1,0,0,0,0,1,0,0,0,0,1,0,0,0
0.56973,0,0.89923,0,0,79.645,2.0311,10.178,5.2089,0,1.469,1.4614,0,0,0,3.7475,79.075,0.89164,1.4614,0.56973,6.6854,6.1081,2.2789,8.4687,2.6825,7.495,0,79.075,0,0,0,0,0,0,0,1,0,0,0,0,1,0,0,0,0,1,0,0,0
0,0,15.246,0,0,69.36,0,0,15.394,0,0,4.0686,1.6989,4.9219,1.6989,3.2911,69.36,0,1.1334,3.2911,4.8189,5.7172,1.1334,5.8433,1.6989,0,0,69.36,0,1.1334,0,15.629,5.202,0,0,0,0.14516,0.85484,0,0,1,0,0,0,0,1,0,0,0
0,0,5.8664,0,0,93.371,0,0,0.76256,0,0,0,0,0.76256,0,0.76256,93.371,0,0,0.76256,0.76256,3.5787,0,1.5251,0,0,0,93.371,0,3.5787,0,1.5251,0,0,0,0,0.16949,0.83051,0,0,1,0,0,0,0,1,0,0,0
0,0,5.3643,0,0,88.593,0,0,6.043,0,0,0.49946,0,0.72711,0,3.0229,89.354,0,0,2.5235,1.4879,2.3855,0,3.2506,0,0,0,88.593,0,1.3866,0,6.2706,0.49946,0,0,0,0.26667,0.73333,0,0,1,0,0,0,0,1,0,0,0
0,0,0,0,0,100,0,0,0,0,0,0,0,0,0,0,100,0,0,0,0,0,0,0,0,0,0,100,0,0,0,0,0,0,0,0,0.20253,0.79747,0,0,1,0,0,0,0,1,0,0,0
0,0,0,0,0,100,0,0,0,0,0,0,0,0,0,0,100,0,0,0,0,0,0,0,0,0,0,100,0,0,0,0,0,0,0,0,0.21569,0.78431,0,0,1,0,0,0,0,1,0,0,0
0,0,0,0,0,100,0,0,0,0,0,0,0,0,0,0,100,0,0,0,0,0,0,0,0,0,0,100,0,0,0,0,0,0,0,0.013333,0.093333,0.89333,0,0,1,0,0,0,0,1,0,0,0
0,0,0,0,0,100,0,0,0,0,0,0,0,0,0,0,100,0,0,0,0,0,0,0,0,0,0,100,0,0,0,0,0,0,0,0,0.27143,0.72857,0,0,1,0,0,0,0,1,0,0,0
0,0,0,0,0,100,0,0,0,0,0,0,0,0,0,0,100,0,0,0,0,0,0,0,0,0,0,100,0,0,0,0,0,0,0,0.030769,0.26154,0.70769,0,0,1,0,0,0,0,1,0,0,0
0,0,0.77816,0,0,92.588,0,0,6.6336,0,0,0,0,0,0,0.77816,95.516,0,0,0.77816,2.9277,0,0,0.77816,0,0,0,92.588,0,0,0.95424,5.6793,0,0,0,0.011236,0.29213,0.69663,0,0,1,0,0,0,0,1,0,0,0
0,0,0,0,0,100,0,0,0,0,0,0,0,0,0,0,100,0,0,0,0,0,0,0,0,0,0,100,0,0,0,0,0,0,0,0,0.23333,0.76667,0,0,1,0,0,0,0,1,0,0,0
0,0,0.89318,0,0,90.66,0,0,8.4467,0,0,0.62702,0.89318,0,0,0,94.39,0,0,0,3.4633,0.62702,0,0.89318,0,0,0,90.66,0,0,2.9665,4.8532,0.62702,0,0,0.025,0.275,0.7,0,0,1,0,0,0,0,1,0,0,0
0,0,0,0,0,100,0,0,0,0,0,0,0,0,0,0,100,0,0,0,0,0,0,0,0,0,0,100,0,0,0,0,0,0,0,0,0.24468,0.75532,0,0,1,0,0,0,0,1,0,0,0
0,0,0,0,0,100,0,0,0,0,0,0,0,0,0,0,100,0,0,0,0,0,0,0,0,0,0,100,0,0,0,0,0,0,0,0.012821,0.24359,0.74359,0,0,1,0,0,0,0,1,0,0,0
0,0,0,0,0,100,0,0,0,0,0,0,0,0,0,0,100,0,0,0,0,0,0,0,0,0,0,100,0,0,0,0,0,0,0,0,0.2,0.8,0,0,1,0,0,0,0,1,0,0,0
0,0,0,0,0,100,0,0,0,0,0,0,0,0,0,0,100,0,0,0,0,0,0,0,0,0,0,100,0,0,0,0,0,0,0,0.066667,0.14444,0.78889,0,0,1,0,0,0,0,1,0,0,0
0,0,0,0,0,100,0,0,0,0,0,0,0,0,0,0,100,0,0,0,0,0,0,0,0,0,0,100,0,0,0,0,0,0,0,0,0.15909,0.84091,0,0,1,0,0,0,0,1,0,0,0
0,0,3.0748,0,0,92.338,0,0,4.5871,0,0,0,3.0748,0,0,0,95.332,0.83685,0,0,0.75613,0,0,2.238,0.83685,0,0,92.338,0,0,2.9941,1.593,0,0,0,0,0.29268,0.70732,0,0,1,0,0,0,0,1,0,0,0
0,0,0,0,0,100,0,0,0,0,0,0,0,0,0,0,100,0,0,0,0,0,0,0,0,0,0,100,0,0,0,0,0,0,0,0,0.17172,0.82828,0,0,1,0,0,0,0,1,0,0,0
0,0,5.0498,0,0,92.092,0,0,2.8582,0,0,0,3.954,0,0,0,92.936,2.0137,1.0958,0,0,0,0,3.0361,2.0137,0,0,92.092,0,0,0.84446,2.0137,0,0,0,0,0.17722,0.82278,0,0,1,0,0,0,0,1,0,0,0
0,0,0,0,0,100,0,0,0,0,0,0,0,0,0,0,100,0,0,0,0,0,0,0,0,0,0,100,0,0,0,0,0,0,0,0,0.15385,0.84615,0,0,1,0,0,0,0,1,0,0,0
0,0,0,0,0,100,0,0,0,0,0,0,0,0,0,0,100,0,0,0,0,0,0,0,0,0,0,100,0,0,0,0,0,0,0,0.076923,0.087912,0.83516,0,0,1,0,0,0,0,1,0,0,0
0,0,0,0,0,100,0,0,0,0,0,0,0,0,0,0,100,0,0,0,0,0,0,0,0,0,0,100,0,0,0,0,0,0,0,0,0.2069,0.7931,0,0,1,0,0,0,0,1,0,0,0
0,0,0,0,0,100,0,0,0,0,0,0,0,0,0,0,100,0,0,0,0,0,0,0,0,0,0,100,0,0,0,0,0,0,0,0,0.11111,0.88889,0,0,1,0,0,0,0,1,0,0,0
0,0,0,0,0,100,0,0,0,0,0,0,0,0,0,0,100,0,0,0,0,0,0,0,0,0,0,100,0,0,0,0,0,0,0,0.011236,0.20225,0.78652,0,0,1,0,0,0,0,1,0,0,0
0,0,0,0,0,100,0,0,0,0,0,0,0,0,0,0,100,0,0,0,0,0,0,0,0,0,0,100,0,0,0,0,0,0,0,0.013333,0.28,0.70667,0,0,1,0,0,0,0,1,0,0,0
0,0,0,0,0,100,0,0,0,0,0,0,0,0,0,0,100,0,0,0,0,0,0,0,0,0,0,100,0,0,0,0,0,0,0,0.076923,0.16667,0.75641,0,0,1,0,0,0,0,1,0,0,0
0,0,0,0,0,100,0,0,0,0,0,0,0,0,0,0,100,0,0,0,0,0,0,0,0,0,0,100,0,0,0,0,0,0,0,0.030769,0.30769,0.66154,0,0,1,0,0,0,0,1,0,0,0
0,0,0,0,0,100,0,0,0,0,0,0,0,0,0,0,100,0,0,0,0,0,0,0,0,0,0,100,0,0,0,0,0,0,0,0.028986,0.17391,0.7971,0,0,1,0,0,0,0,1,0,0,0
0,0,0,0,0,100,0,0,0,0,0,0,0,0,0,0,100,0,0,0,0,0,0,0,0,0,0,100,0,0,0,0,0,0,0,0.012821,0.26923,0.71795,0,0,1,0,0,0,0,1,0,0,0
0,0,0,0,0,100,0,0,0,0,0,0,0,0,0,0,100,0,0,0,0,0,0,0,0,0,0,100,0,0,0,0,0,0,0,0,0.035088,0.96491,0,0,1,0,0,0,0,1,0,0,0
0,0,0,0,0,100,0,0,0,0,0,0,0,0,0,0,100,0,0,0,0,0,0,0,0,0,0,100,0,0,0,0,0,0,0,0,0.16438,0.83562,0,0,1,0,0,0,0,1,0,0,0
0,0,0,0,0,100,0,0,0,0,0,0,0,0,0,0,100,0,0,0,0,0,0,0,0,0,0,100,0,0,0,0,0,0,0,0.10938,0.17188,0.71875,0,0,1,0,0,0,0,1,0,0,0
0,0,5.4101,0,0,93.258,0,0,1.3323,0,0,0,2.7285,0,0.64272,0,93.258,0.68961,2.0389,0.64272,0,0,0,4.7205,0.68961,0,0,93.258,0,0,0,1.3323,0,0,0,0,0.15116,0.84884,0,0,1,0,0,0,0,1,0,0,0
0,0,0,0,0,100,0,0,0,0,0,0,0,0,0,0,100,0,0,0,0,0,0,0,0,0,0,100,0,0,0,0,0,0,0,0,0.25253,0.74747,0,0,1,0,0,0,0,1,0,0,0
0,0,4.1949,0,0,89.145,0,0,6.6604,0,0,0.72816,0.95321,0,3.0181,0.72816,89.145,0,0.95321,3.0181,0,1.4563,0,4.1949,0,0,0,89.145,0,0,0.72816,4.4759,1.4563,0,0,0.012048,0.27711,0.71084,0,0,1,0,0,0,0,1,0,0,0
0,0,0,0,0,100,0,0,0,0,0,0,0,0,0,0,100,0,0,0,0,0,0,0,0,0,0,100,0,0,0,0,0,0,0,0,0.19608,0.80392,0,0,1,0,0,0,0,1,0,0,0
0,0,0,0,0,100,0,0,0,0,0,0,0,0,0,0,100,0,0,0,0,0,0,0,0,0,0,100,0,0,0,0,0,0,0,0,0.073684,0.92632,0,0,1,0,0,0,0,1,0,0,0
0,0,0,0,0,100,0,0,0,0,0,0,0,0,0,0,100,0,0,0,0,0,0,0,0,0,0,100,0,0,0,0,0,0,0,0,0.27778,0.72222,0,0,1,0,0,0,0,1,0,0,0
0,0,0,0,0,100,0,0,0,0,0,0,0,0,0,0,100,0,0,0,0,0,0,0,0,0,0,100,0,0,0,0,0,0,0,0.01087,0.16304,0.82609,0,0,1,0,0,0,0,1,0,0,0
0,0,0,0,0,100,0,0,0,0,0,0,0,0,0,0,100,0,0,0,0,0,0,0,0,0,0,100,0,0,0,0,0,0,0,0,0.22826,0.77174,0,0,1,0,0,0,0,1,0,0,0
0,0,1.055,0,0,92.069,0,0,6.8764,0,0,0,0,0,3.1938,0.77191,92.069,0,0,3.9657,0,0,0,1.055,0,0,0,92.069,0,0,0,6.8764,0,0,0,0,0.28261,0.71739,0,0,1,0,0,0,0,1,0,0,0
0,0,0,0,0,100,0,0,0,0,0,0,0,0,0,0,100,0,0,0,0,0,0,0,0,0,0,100,0,0,0,0,0,0,0,0,0.2381,0.7619,0,0,1,0,0,0,0,1,0,0,0
0,0,0,0,0,89.644,0,0,10.356,0,0,0.6913,0,0.6913,0.99795,3.1432,89.644,0,0,3.2701,0.87105,0.6913,0,0,0,0,0,89.644,0,0,0.87105,8.1025,1.3826,0,0,0,0.28169,0.71831,0,0,1,0,0,0,0,1,0,0,0
0,0,0,0,0,100,0,0,0,0,0,0,0,0,0,0,100,0,0,0,0,0,0,0,0,0,0,100,0,0,0,0,0,0,0,0,0.16667,0.83333,0,0,1,0,0,0,0,1,0,0,0
0,0,0,0,0,100,0,0,0,0,0,0,0,0,0,0,100,0,0,0,0,0,0,0,0,0,0,100,0,0,0,0,0,0,0,0.025,0.175,0.8,0,0,1,0,0,0,0,1,0,0,0
0,0,0,0,0,100,0,0,0,0,0,0,0,0,0,0,100,0,0,0,0,0,0,0,0,0,0,100,0,0,0,0,0,0,0,0,0.18557,0.81443,0,0,1,0,0,0,0,1,0,0,0
0,0,0,0,0,100,0,0,0,0,0,0,0,0,0,0,100,0,0,0,0,0,0,0,0,0,0,100,0,0,0,0,0,0,0,0.098765,0.049383,0.85185,0,0,1,0,0,0,0,1,0,0,0
0,0,0,0,0,100,0,0,0,0,0,0,0,0,0,0,100,0,0,0,0,0,0,0,0,0,0,100,0,0,0,0,0,0,0,0,0.14286,0.85714,0,0,1,0,0,0,0,1,0,0,0
0,0,0,0,0,100,0,0,0,0,0,0,0,0,0,0,100,0,0,0,0,0,0,0,0,0,0,100,0,0,0,0,0,0,0,0,0.032967,0.96703,0,0,1,0,0,0,0,1,0,0,0
0,0,0,0,0,100,0,0,0,0,0,0,0,0,0,0,100,0,0,0,0,0,0,0,0,0,0,100,0,0,0,0,0,0,0,0.089552,0.23881,0.67164,0,0,1,0,0,0,0,1,0,0,0
0,0,0,0,0,100,0,0,0,0,0,0,0,0,0,0,100,0,0,0,0,0,0,0,0,0,0,100,0,0,0,0,0,0,0,0.021053,0.21053,0.76842,0,0,1,0,0,0,0,1,0,0,0
0,0,0,0,0,100,0,0,0,0,0,0,0,0,0,0,100,0,0,0,0,0,0,0,0,0,0,100,0,0,0,0,0,0,0,0,0.33803,0.66197,0,0,1,0,0,0,0,1,0,0,0
0,0,0,0,0,100,0,0,0,0,0,0,0,0,0,0,100,0,0,0,0,0,0,0,0,0,0,100,0,0,0,0,0,0,0,0,0.2875,0.7125,0,0,1,0,0,0,0,1,0,0,0
0,0,0,0,0,100,0,0,0,0,0,0,0,0,0,0,100,0,0,0,0,0,0,0,0,0,0,100,0,0,0,0,0,0,0,0.010989,0.20879,0.78022,0,0,1,0,0,0,0,1,0,0,0
0,0,0,0,0,100,0,0,0,0,0,0,0,0,0,0,100,0,0,0,0,0,0,0,0,0,0,100,0,0,0,0,0,0,0,0.015625,0.28125,0.70312,0,0,1,0,0,0,0,1,0,0,0
0,0,0,0,0,100,0,0,0,0,0,0,0,0,0,0,100,0,0,0,0,0,0,0,0,0,0,100,0,0,0,0,0,0,0,0.012346,0.20988,0.77778,0,0,1,0,0,0,0,1,0,0,0
0,0,1.1039,0,0,93.148,0,0,5.7485,0,0,0,0,0,0,2.8742,94.252,0,0,0.81793,2.0563,0,0,1.1039,0,0,0,93.148,0,0,2.0563,3.6922,0,0,0,0,0.22727,0.77273,0,0,1,0,0,0,0,1,0,0,0
0,0,0,0,0,100,0,0,0,0,0,0,0,0,0,0,100,0,0,0,0,0,0,0,0,0,0,100,0,0,0,0,0,0,0,0,0.15094,0.84906,0,0,1,0,0,0,0,1,0,0,0
0,0,3.2364,0,0,95.37,0,0,1.3932,0,0,0,0,0,0,0.6966,98.607,0,0,0,0.6966,0,0,3.2364,0,0,0,95.37,0,0,0.6966,0.6966,0,0,0,0,0.15625,0.84375,0,0,1,0,0,0,0,1,0,0,0
0,0,0,0,0,100,0,0,0,0,0,0,0,0,0,0,100,0,0,0,0,0,0,0,0,0,0,100,0,0,0,0,0,0,0,0,0.21,0.79,0,0,1,0,0,0,0,1,0,0,0
0,0,0,0,0,100,0,0,0,0,0,0,0,0,0,0,100,0,0,0,0,0,0,0,0,0,0,100,0,0,0,0,0,0,0,0.030928,0.072165,0.89691,0,0,1,0,0,0,0,1,0,0,0
0,0,0,0,0,100,0,0,0,0,0,0,0,0,0,0,100,0,0,0,0,0,0,0,0,0,0,100,0,0,0,0,0,0,0,0,0.13889,0.86111,0,0,1,0,0,0,0,1,0,0,0
0,0,0,0,0,100,0,0,0,0,0,0,0,0,0,0,100,0,0,0,0,0,0,0,0,0,0,100,0,0,0,0,0,0,0,0,0.082474,0.91753,0,0,1,0,0,0,0,1,0,0,0
0,0,0,0,0,100,0,0,0,0,0,0,0,0,0,0,100,0,0,0,0,0,0,0,0,0,0,100,0,0,0,0,0,0,0,0.010753,0.31183,0.67742,0,0,1,0,0,0,0,1,0,0,0
0,0,3.0983,0,0,94.875,0,0,2.0264,0,0,0.67548,0,0,0,0,98.649,0,0,0,0,0.67548,0,3.0983,0,0,0,94.875,0,0,1.351,0.67548,0,0,0,0,0.21348,0.78652,0,0,1,0,0,0,0,1,0,0,0
0,0,0,0,0,100,0,0,0,0,0,0,0,0,0,0,100,0,0,0,0,0,0,0,0,0,0,100,0,0,0,0,0,0,0,0,0.18812,0.81188,0,0,1,0,0,0,0,1,0,0,0
0,0,3.4436,0,0,87.342,0,0,9.2147,0,0,3.0716,0,0,0,1.1609,90.715,0,0,0,1.9814,3.0716,0,2.2826,1.1609,0,0,87.342,0,0,5.3227,3.0716,0.82047,0,0,0.012658,0.25316,0.73418,0,0,1,0,0,0,0,1,0,0,0
0,0,0,0,0,100,0,0,0,0,0,0,0,0,0,0,100,0,0,0,0,0,0,0,0,0,0,100,0,0,0,0,0,0,0,0,0.23232,0.76768,0,0,1,0,0,0,0,1,0,0,0
0,0,0,0,0,100,0,0,0,0,0,0,0,0,0,0,100,0,0,0,0,0,0,0,0,0,0,100,0,0,0,0,0,0,0,0,0.11236,0.88764,0,0,1,0,0,0,0,1,0,0,0
0,0,0,0,0,100,0,0,0,0,0,0,0,0,0,0,100,0,0,0,0,0,0,0,0,0,0,100,0,0,0,0,0,0,0,0,0.20192,0.79808,0,0,1,0,0,0,0,1,0,0,0
0,0,0,0,0,100,0,0,0,0,0,0,0,0,0,0,100,0,0,0,0,0,0,0,0,0,0,100,0,0,0,0,0,0,0,0.012346,0.18519,0.80247,0,0,1,0,0,0,0,1,0,0,0
0,0,0,0,0,100,0,0,0,0,0,0,0,0,0,0,100,0,0,0,0,0,0,0,0,0,0,100,0,0,0,0,0,0,0,0,0.2,0.8,0,0,1,0,0,0,0,1,0,0,0
0,0,0,0,0,100,0,0,0,0,0,0,0,0,0,0,100,0,0,0,0,0,0,0,0,0,0,100,0,0,0,0,0,0,0,0.012195,0.2439,0.7439,0,0,1,0,0,0,0,1,0,0,0
0,0,0,0,0,100,0,0,0,0,0,0,0,0,0,0,100,0,0,0,0,0,0,0,0,0,0,100,0,0,0,0,0,0,0,0,0.10638,0.89362,0,0,1,0,0,0,0,1,0,0,0
0,0,0,0,0,100,0,0,0,0,0,0,0,0,0,0,100,0,0,0,0,0,0,0,0,0,0,100,0,0,0,0,0,0,0,0,0.091837,0.90816,0,0,1,0,0,0,0,1,0,0,0
0,0,0,0,0,100,0,0,0,0,0,0,0,0,0,0,100,0,0,0,0,0,0,0,0,0,0,100,0,0,0,0,0,0,0,0.032787,0.34426,0.62295,0,0,1,0,0,0,0,1,0,0,0
0,0,0,0,0,100,0,0,0,0,0,0,0,0,0,0,100,0,0,0,0,0,0,0,0,0,0,100,0,0,0,0,0,0,0,0,0.078652,0.92135,0,0,1,0,0,0,0,1,0,0,0
0,0,0,0,0,100,0,0,0,0,0,0,0,0,0,0,100,0,0,0,0,0,0,0,0,0,0,100,0,0,0,0,0,0,0,0.014286,0.25714,0.72857,0,0,1,0,0,0,0,1,0,0,0
0,0,0,0,0,100,0,0,0,0,0,0,0,0,0,0,100,0,0,0,0,0,0,0,0,0,0,100,0,0,0,0,0,0,0,0.03125,0.32812,0.64062,0,0,1,0,0,0,0,1,0,0,0
0,0,0,0,0,100,0,0,0,0,0,0,0,0,0,0,100,0,0,0,0,0,0,0,0,0,0,100,0,0,0,0,0,0,0,0,0.17241,0.82759,0,0,1,0,0,0,0,1,0,0,0
0,0,4.1848,0,0,91.871,0,0,3.9438,0,0,0.68722,0,0,0,3.0335,92.559,0,0,0,3.0335,0.68722,0,2.0924,2.0924,0,0,91.871,0,0,2.3155,1.6283,0,0,0,0,0.28723,0.71277,0,0,1,0,0,0,0,1,0,0,0
0,0,0,0,0,100,0,0,0,0,0,0,0,0,0,0,100,0,0,0,0,0,0,0,0,0,0,100,0,0,0,0,0,0,0,0,0.25743,0.74257,0,0,1,0,0,0,0,1,0,0,0
0,0,1.5767,0,0,92.07,0,0,6.3533,0,0,0,0,0,0,3.965,92.07,0,0,0,3.965,0,0,0.78835,0.78835,0,0,92.07,0,0,3.1767,3.1767,0,0,0,0.021739,0.31522,0.66304,0,0,1,0,0,0,0,1,0,0,0
0,0,0,0,0,100,0,0,0,0,0,0,0,0,0,0,100,0,0,0,0,0,0,0,0,0,0,100,0,0,0,0,0,0,0,0,0.18627,0.81373,0,0,1,0,0,0,0,1,0,0,0
0,0,0,0,0,100,0,0,0,0,0,0,0,0,0,0,100,0,0,0,0,0,0,0,0,0,0,100,0,0,0,0,0,0,0,0.083333,0.13095,0.78571,0,0,1,0,0,0,0,1,0,0,0
0,0,0,0,0,100,0,0,0,0,0,0,0,0,0,0,100,0,0,0,0,0,0,0,0,0,0,100,0,0,0,0,0,0,0,0,0.17708,0.82292,0,0,1,0,0,0,0,1,0,0,0
0,0,0,0,0,100,0,0,0,0,0,0,0,0,0,0,100,0,0,0,0,0,0,0,0,0,0,100,0,0,0,0,0,0,0,0.084211,0.11579,0.8,0,0,1,0,0,0,0,1,0,0,0
0,0,0,0,0,100,0,0,0,0,0,0,0,0,0,0,100,0,0,0,0,0,0,0,0,0,0,100,0,0,0,0,0,0,0,0,0.22472,0.77528,0,0,1,0,0,0,0,1,0,0,0
0,0,0,0,0,90.765,0,0,9.2347,0,0,0.65531,0,0,0,2.773,91.627,0,0.65531,0,3.6344,0.65531,0,0,0,0,0,90.765,0,0,3.6344,4.945,0.65531,0,0,0,0.16471,0.83529,0,0,1,0,0,0,0,1,0,0,0
0,0,0,0,0,100,0,0,0,0,0,0,0,0,0,0,100,0,0,0,0,0,0,0,0,0,0,100,0,0,0,0,0,0,0,0,0.13,0.87,0,0,1,0,0,0,0,1,0,0,0
0,0,0,0,0,92.998,0,0,7.0016,0,0,0,0,0,0,0.79541,95.704,0,0,0,3.5008,0,0,0,0,0,0,92.998,0,0,3.5008,3.5008,0,0,0,0,0.125,0.875,0,0,1,0,0,0,0,1,0,0,0
0,0,0,0,0,100,0,0,0,0,0,0,0,0,0,0,100,0,0,0,0,0,0,0,0,0,0,100,0,0,0,0,0,0,0,0,0.24731,0.75269,0,0,1,0,0,0,0,1,0,0,0
0,0,0,0,0,100,0,0,0,0,0,0,0,0,0,0,100,0,0,0,0,0,0,0,0,0,0,100,0,0,0,0,0,0,0,0,0.057471,0.94253,0,0,1,0,0,0,0,1,0,0,0
0,0,0,0,0,100,0,0,0,0,0,0,0,0,0,0,100,0,0,0,0,0,0,0,0,0,0,100,0,0,0,0,0,0,0,0.010101,0.16162,0.82828,0,0,1,0,0,0,0,1,0,0,0
0,0,0,0,0,100,0,0,0,0,0,0,0,0,0,0,100,0,0,0,0,0,0,0,0,0,0,100,0,0,0,0,0,0,0,0,0.095238,0.90476,0,0,1,0,0,0,0,1,0,0,0
0,0,0,0,0,100,0,0,0,0,0,0,0,0,0,0,100,0,0,0,0,0,0,0,0,0,0,100,0,0,0,0,0,0,0,0,0.31707,0.68293,0,0,1,0,0,0,0,1,0,0,0
0,0,0,0,0,100,0,0,0,0,0,0,0,0,0,0,100,0,0,0,0,0,0,0,0,0,0,100,0,0,0,0,0,0,0,0,0.27632,0.72368,0,0,1,0,0,0,0,1,0,0,0
0,0,0,0,0,100,0,0,0,0,0,0,0,0,0,0,100,0,0,0,0,0,0,0,0,0,0,100,0,0,0,0,0,0,0,0,0.28986,0.71014,0,0,1,0,0,0,0,1,0,0,0
0,0,0,0,0,100,0,0,0,0,0,0,0,0,0,0,100,0,0,0,0,0,0,0,0,0,0,100,0,0,0,0,0,0,0,0.013158,0.22368,0.76316,0,0,1,0,0,0,0,1,0,0,0
0,0,0,0,0,100,0,0,0,0,0,0,0,0,0,0,100,0,0,0,0,0,0,0,0,0,0,100,0,0,0,0,0,0,0,0.028169,0.21127,0.76056,0,0,1,0,0,0,0,1,0,0,0
0,0,0,0,0,100,0,0,0,0,0,0,0,0,0,0,100,0,0,0,0,0,0,0,0,0,0,100,0,0,0,0,0,0,0,0,0.15385,0.84615,0,0,1,0,0,0,0,1,0,0,0
0,0,0,0,0,100,0,0,0,0,0,0,0,0,0,0,100,0,0,0,0,0,0,0,0,0,0,100,0,0,0,0,0,0,0,0.082192,0.13699,0.78082,0,0,1,0,0,0,0,1,0,0,0
0,0,0,0,0,100,0,0,0,0,0,0,0,0,0,0,100,0,0,0,0,0,0,0,0,0,0,100,0,0,0,0,0,0,0,0,0.024691,0.97531,0,0,1,0,0,0,0,1,0,0,0
0,0,0,0,0,100,0,0,0,0,0,0,0,0,0,0,100,0,0,0,0,0,0,0,0,0,0,100,0,0,0,0,0,0,0,0.16176,0.13235,0.70588,0,0,1,0,0,0,0,1,0,0,0
0,0,0,0,0,92.312,0,0,7.688,0,0,0,0,0,0,1.0137,95.142,0,0,0,3.844,0,0,0,0,0,0,92.312,0,0,3.844,3.844,0,0,0,0.011628,0.25581,0.73256,0,0,1,0,0,0,0,1,0,0,0
0,0,0,0,0,100,0,0,0,0,0,0,0,0,0,0,100,0,0,0,0,0,0,0,0,0,0,100,0,0,0,0,0,0,0,0,0.19388,0.80612,0,0,1,0,0,0,0,1,0,0,0
0,0,1.8534,0,0,92.485,0,0,5.6615,0,0,0,0,0,0,2.9809,93.262,0,0,0,3.7575,0,0,0.92669,0.92669,0,0,92.485,0,0,2.8308,2.8308,0,0,0,0,0.32143,0.67857,0,0,1,0,0,0,0,1,0,0,0
0,0,0,0,0,100,0,0,0,0,0,0,0,0,0,0,100,0,0,0,0,0,0,0,0,0,0,100,0,0,0,0,0,0,0,0,0.25773,0.74227,0,0,1,0,0,0,0,1,0,0,0
0,0,0,0,0,100,0,0,0,0,0,0,0,0,0,0,100,0,0,0,0,0,0,0,0,0,0,100,0,0,0,0,0,0,0,0,0.16667,0.83333,0,0,1,0,0,0,0,1,0,0,0
0,0,0,0,0,100,0,0,0,0,0,0,0,0,0,0,100,0,0,0,0,0,0,0,0,0,0,100,0,0,0,0,0,0,0,0,0.24096,0.75904,0,0,1,0,0,0,0,1,0,0,0
0,0,0,0,0,100,0,0,0,0,0,0,0,0,0,0,100,0,0,0,0,0,0,0,0,0,0,100,0,0,0,0,0,0,0,0.032967,0.1978,0.76923,0,0,1,0,0,0,0,1,0,0,0
0,0,0,0,0,100,0,0,0,0,0,0,0,0,0,0,100,0,0,0,0,0,0,0,0,0,0,100,0,0,0,0,0,0,0,0,0.2,0.8,0,0,1,0,0,0,0,1,0,0,0
0,0,5.3873,0,0,93.108,0,0,1.5052,0,0,0,0,0,0,3.4462,93.108,0,0,0,3.4462,0,0,2.6937,2.6937,0,0,93.108,0,0,0.75258,0.75258,0,0,0,0.022989,0.25287,0.72414,0,0,1,0,0,0,0,1,0,0,0
0,0,0,0,0,100,0,0,0,0,0,0,0,0,0,0,100,0,0,0,0,0,0,0,0,0,0,100,0,0,0,0,0,0,0,0,0.2449,0.7551,0,0,1,0,0,0,0,1,0,0,0
0,0,6.3777,0,0,91.561,0,0,2.0611,0,0,0.40506,0.40506,0,0.84587,2.197,92.699,0,0,0.84587,2.197,0.40506,1.1378,3.0429,2.197,0,0,91.561,0,0,0.40506,1.2509,0.40506,0,0,0,0.3125,0.6875,0,0,1,0,0,0,0,1,0,0,0
0,0,0,0,0,100,0,0,0,0,0,0,0,0,0,0,100,0,0,0,0,0,0,0,0,0,0,100,0,0,0,0,0,0,0,0,0.097222,0.90278,0,0,1,0,0,0,0,1,0,0,0
0,0,0,0,0,100,0,0,0,0,0,0,0,0,0,0,100,0,0,0,0,0,0,0,0,0,0,100,0,0,0,0,0,0,0,0.10448,0.10448,0.79104,0,0,1,0,0,0,0,1,0,0,0
0,0,0,0,0,100,0,0,0,0,0,0,0,0,0,0,100,0,0,0,0,0,0,0,0,0,0,100,0,0,0,0,0,0,0,0,0.15476,0.84524,0,0,1,0,0,0,0,1,0,0,0
0,0,0,0,0,100,0,0,0,0,0,0,0,0,0,0,100,0,0,0,0,0,0,0,0,0,0,100,0,0,0,0,0,0,0,0.058824,0.10294,0.83824,0,0,1,0,0,0,0,1,0,0,0
0,0,0,0,0,100,0,0,0,0,0,0,0,0,0,0,100,0,0,0,0,0,0,0,0,0,0,100,0,0,0,0,0,0,0,0,0.1194,0.8806,0,0,1,0,0,0,0,1,0,0,0
0,0,0,0,0,100,0,0,0,0,0,0,0,0,0,0,100,0,0,0,0,0,0,0,0,0,0,100,0,0,0,0,0,0,0,0.019231,0.13462,0.84615,0,0,1,0,0,0,0,1,0,0,0
0,0,0,0,0,100,0,0,0,0,0,0,0,0,0,0,100,0,0,0,0,0,0,0,0,0,0,100,0,0,0,0,0,0,0,0.1875,0.20312,0.60938,0,0,1,0,0,0,0,1,0,0,0
0,0,0,0,0,100,0,0,0,0,0,0,0,0,0,0,100,0,0,0,0,0,0,0,0,0,0,100,0,0,0,0,0,0,0,0.012658,0.35443,0.63291,0,0,1,0,0,0,0,1,0,0,0
0,0,0,0,0,100,0,0,0,0,0,0,0,0,0,0,100,0,0,0,0,0,0,0,0,0,0,100,0,0,0,0,0,0,0,0.070423,0.19718,0.73239,0,0,1,0,0,0,0,1,0,0,0
0,0,0,0,0,100,0,0,0,0,0,0,0,0,0,0,100,0,0,0,0,0,0,0,0,0,0,100,0,0,0,0,0,0,0,0.054795,0.20548,0.73973,0,0,1,0,0,0,0,1,0,0,0
0,0,0,0,0,100,0,0,0,0,0,0,0,0,0,0,100,0,0,0,0,0,0,0,0,0,0,100,0,0,0,0,0,0,0,0.032258,0.29032,0.67742,0,0,1,0,0,0,0,1,0,0,0
0,0,0,0,0,100,0,0,0,0,0,0,0,0,0,0,100,0,0,0,0,0,0,0,0,0,0,100,0,0,0,0,0,0,0,0.016667,0.2,0.78333,0,0,1,0,0,0,0,1,0,0,0
0,0,8.1612,0,0,69.413,0,0,22.426,0,0,8.3122,2.2281,0.59719,2.3694,2.8253,71.782,0,0,4.5975,0.59719,6.691,2.3694,5.1946,0.59719,0,0,69.413,0,0,2.3694,13.366,6.691,0,0,1,0,0,0,0,1,0,0,0,0,1,0,0,0
0,0,3.0591,0,0,75.05,0,0,21.891,0,0,4.4499,2.0713,0,1.0202,1.3873,75.701,0,0,3.8476,0,11.522,0.65164,2.4075,0,0,0,75.05,0,0,0.68397,12.281,8.9258,0,0,0.96491,0,0.035088,0,0,1,0,0,0,0,1,0,0,0
0,0,8.1792,0,0,70.447,0,0,21.374,0,0,5.9068,1.9567,0,3.7697,1.2763,73.067,0,0,6.2061,0.5136,7.304,2.6196,5.046,0.5136,0,0,70.447,0,0,3.169,13.723,4.4816,0,0,0,0.02381,0.97619,0,0,1,0,0,0,0,1,0,0,0
0,0,6.4091,0,0,77.502,0,0,16.089,0,0,4.6978,1.3038,0,0.82404,1.6423,80.306,0,0,3.3947,1.1384,6.6925,2.8044,2.4664,1.1384,0,0,77.502,0,0,1.624,8.8452,5.6197,0,0,0,0.1087,0.8913,0,0,1,0,0,0,0,1,0,0,0
0,0,6.2714,0,0,69.815,0,0,23.913,0,0,7.6249,0.50581,0,3.2518,0,72.835,0,0,7.4927,0,8.2899,3.0196,3.2518,0,0,0,69.815,0,0,2.6571,12.966,8.2899,0,0,0,0.051282,0.94872,0,0,1,0,0,0,0,1,0,0,0
0,0,7.2981,0,0,75.682,0,0,17.019,0,0,4.3768,0.40731,0,3.242,0.39213,78.954,0,0,3.242,0.39213,8.9934,3.2718,3.6341,0.39213,0,0,75.682,0,0,1.5749,10.601,4.8434,0,0,0.057143,0.42857,0.51429,0,0,1,0,0,0,0,1,0,0,0
0,0,4.9382,0,0,84.489,0,0,10.573,0,0,1.9934,0,0,2.9747,0.66941,85.113,0,0,5.4625,0.66941,3.1174,0.62465,3.6441,0.66941,0,0,84.489,0,0,0.62465,7.8358,2.1128,0,0,0,0.1875,0.8125,0,0,1,0,0,0,0,1,0,0,0
0,0,4.9348,0,0,93.523,0,0,1.542,0,0,0,0,0,0.82852,0.60397,96.422,0,0,1.542,0.60397,0,2.8984,1.4325,0.60397,0,0,93.523,0,0,0,1.542,0,0,0,0,0.020833,0.97917,0,0,1,0,0,0,0,1,0,0,0
0,0,20.563,0,0,36.143,0,0,43.294,0,0,18.624,2.3676,8.6527,0.93119,2.5085,36.143,0,4.4946,1.3618,7.9833,16.934,3.6055,2.7235,1.8203,0,0,36.143,0,6.3532,0,34.48,14.875,0,0,0.97778,0,0.022222,0,0,1,0,0,0,0,1,0,0,0
0,0,1.3804,0,0,67.522,0,0,31.098,0,0,8.242,0,0.46012,0,4.277,70.6,0,0.46012,0.46012,7.3653,8.1351,0,0.92024,0.46012,0,0,67.522,0,0.46012,2.2926,21.024,7.3217,0,0,0.98889,0,0.011111,0,0,1,0,0,0,0,1,0,0,0
0,0,23.523,0,0,39.33,0,0,37.147,0,0,12.369,3.2731,7.4086,4.7184,1.1023,39.33,0,3.5011,2.9924,8.6604,16.645,4.9567,4.0846,3.2629,0,0,39.33,0,3.5011,0,28.429,16.436,0.25806,0.096774,0.032258,0.12903,0.48387,0,0,1,0,0,0,0,1,0,0,1
0,0,17.53,0,0,48.115,0,0,34.355,0,0,15.935,1.7668,4.2193,2.6237,3.5729,48.115,0,2.5606,4.2115,5.647,11.348,2.7929,6.4949,2.3914,0,0,48.115,0,4.8253,0,24.112,11.269,0,0,0.057143,0.1,0.84286,0,0,1,0,0,0,0,1,0,0,0
0,0,4.8412,0,0,61.104,0,0,34.054,0,0,9.1882,4.8077,0,2.1917,4.9732,61.104,0,2.0615,2.1917,2.5237,10.958,0,3.3723,1.4689,0,0,61.104,0,0,3.2385,16.654,14.161,0,0,1,0,0,0,0,1,0,0,0,0,1,0,0,0
0,0,4.4488,0,0,74.748,0,0,20.803,0,0,5.7404,4.0151,0,1.7907,3.9497,74.748,0,0,4.0151,0,5.7404,0,4.4488,0,0,0,74.748,0,0,0,13.337,7.4657,0,0,1,0,0,0,0,1,0,0,0,0,1,0,0,0
0,5.0172,2.0535,0,0,92.929,0,0,0,0,0,5.7017,0.6845,0.6845,0,0.6845,92.245,0,0,0,0,0,0.6845,0.6845,5.0172,0,0.6845,92.929,0,0,0,0,0,0,0,1,0,0,0,0,1,0,0,0,0,1,0,0,0
0,0.73306,2.0387,3.8579,0.33978,87.568,2.2819,1.0728,1.6316,0,0.47601,9.4008,2.6217,1.5489,0,7.1869,75.737,1.4126,0.33978,0.33978,0.67956,0.73306,2.8788,1.1556,6.6985,0.33978,1.2091,86.359,0,0,0,1.3591,0,0,0,0.88462,0.11538,0,0,0,1,0,0,0,0,0.80769,0.19231,0,0
0,2.6145,10.284,4.0856,4.7087,47.39,9.7663,3.1732,13.613,0.74655,3.6181,14.12,9.0835,5.3326,1.5072,8.2359,38.044,5.6815,4.3303,4.2675,3.6231,5.7736,6.2813,7.7358,17.448,6.5535,2.9841,42.868,0.22119,2.4112,2.9685,7.8575,2.6717,0,0,0.88,0.04,0.08,0,0,1,0,0,0,0,0.8,0.12,0.08,0
0,0.64149,1.1443,2.963,0,90.065,2.0984,0.64149,1.6308,0,0.8154,9.3425,2.0984,1.4569,0,6.0318,79.787,0.64149,0,0,0,0.64149,1.9245,0.8154,7.195,0,1.4569,88.608,0,0,0,0,0,0,0,1,0,0,0,0,1,0,0,0,0,1,0,0,0
0,0,0,0,0,68.811,0,0,31.189,0,0,6.9585,4.0119,2.9466,2.4498,2.7072,68.811,0,0,3.0454,2.1115,6.9585,0,0,0,0,0,68.811,0,0,2.1115,21.284,7.7935,0,0,1,0,0,0,0,1,0,0,0,0,1,0,0,0
4.5233,0.48213,5.1943,3.1733,4.4575,48.469,9.1287,13.911,7.1603,0,3.5002,8.9094,1.7914,2.0183,3.9577,3.3974,47.504,2.2287,4.9701,4.4689,11.145,9.609,20.597,16.465,4.0581,5.7353,0,41.909,0,5.5115,2.0676,3.2918,0.3647,0,0,1,0,0,0,0,1,0,0,0,0,1,0,0,0
0,0,13.382,0,0,51.341,0,0,35.277,0,0,18.44,3.3295,3.4635,5.5714,1.2963,51.341,0,0.43001,3.9682,3.5382,8.6217,2.7995,5.1369,3.202,0,0,51.341,0,3.3874,0,20.717,13.417,1,0,0,0,0,0,0,1,0,0,0,0,1,0,0,1
0,2.4263,3.7604,0,0,90.864,0,0,2.9491,0,0,5.1543,1.2535,1.2535,0,2.728,88.136,0,0,1.4745,0,0,1.2535,1.2535,2.4263,0,1.2535,89.39,1.4745,0,0,1.4745,1.4745,0,0,1,0,0,0,0,1,0,0,0,0,1,0,0,0
0,0,0,0,0,100,0,0,0,0,0,0,0,0,0,0,100,0,0,0,0,0,0,0,0,0,0,100,0,0,0,0,0,0,0,1,0,0,0,0,1,0,0,0,0,1,0,0,0
0,0,0,0,0,100,0,0,0,0,0,0,0,0,0,0,100,0,0,0,0,0,0,0,0,0,0,100,0,0,0,0,0,0,0,1,0,0,0,0,1,0,0,0,0,1,0,0,0
4.4979,3.4987,16.563,1.0267,10.102,24.74,4.7615,8.0174,17.25,3.4145,6.1287,7.987,7.9421,4.7132,8.359,8.3541,21.888,6.1161,8.0598,4.6824,9.9087,11.99,6.1214,15.43,11.817,4.0003,2.5875,22.991,1.9996,6.6803,7.3707,16.225,4.7771,0,0,0.045455,0.11364,0.84091,0.84091,0.15909,0,0,0,0,0,0,0.15909,0.84091,1
2.7506,5.6942,17.814,3.861,10.508,27.276,5.6361,7.6405,15.314,1.5474,1.9572,8.9735,5.9686,2.4292,6.4119,9.9585,19.848,4.5362,7.5839,5.5666,12.023,16.7,4.9545,17.418,14.792,3.5335,1.5984,20.55,1.0133,5.2536,5.6876,18.216,6.9824,0,0,0.041096,0,0.9589,0.9589,0,0.041096,0,0,0,0,0.041096,0,0.9589,1
2.3448,5.3558,16.861,2.9391,8.9129,25.786,4.1923,1.9673,19.849,4.0695,7.7221,8.2248,9.3488,1.7873,6.1485,6.5843,25.502,6.9379,9.295,2.3967,10.994,12.781,4.5236,10.06,9.4321,6.2536,3.8673,25.387,1.5759,7.5654,7.2075,15.373,8.7546,0,0,0.26923,0.15385,0.57692,0.57692,0.23077,0.19231,0,0,0,0,0.19231,0.23077,0.57692,0
1.4665,3.0371,26.494,5.6101,13.995,16.415,2.8734,0.62421,20.961,6.174,2.3486,4.6272,13.128,2.2386,3.5451,25.087,17.24,5.8199,7.9713,3.0185,11.209,6.1161,2.9492,12.272,6.1108,2.7769,2.7792,14.73,1.0219,3.8069,7.0228,32.292,14.239,0,0,0.016949,0,0.98305,0.98305,0,0.016949,0,0,0,0,0.016949,0,0.98305,1
0,4.6199,35.319,2.7375,8.4615,21.64,2.4246,0,23.411,1.0526,0.33406,5.1083,11.42,4.1292,8.3233,11.132,24.505,9.768,5.6162,3.8753,9.8619,6.2611,7.1833,11.139,12.318,2.0647,5.4771,14.1,2.2652,3.224,7.8321,20.089,14.306,0,0,0.040816,0.73469,0.22449,0,0,1,0,0,0,0,0.020408,0.040816,0.93878,1
1.7034,6.055,14.672,2.9769,8.931,27.696,5.6983,4.2221,17.102,5.7736,5.1703,13.91,8.2474,5.0565,6.2687,6.8323,26.727,6.3207,8.8547,2.2337,8.0559,7.4934,5.3024,10.98,11.701,4.5783,4.4346,25.384,1.9434,3.6191,8.8766,16.583,6.5971,0,0,0.41176,0.17647,0.41176,0.41176,0.23529,0.35294,0,0,0,0,0.35294,0.29412,0.35294,0
0,0,0,0,0,86.818,0,0,13.182,0,0,2.6364,1.9456,0.69075,1.9456,0.69075,86.818,0,0,1.9456,0.69075,2.6364,0,0,0,0,0,86.818,0,0,0.69075,8.5505,3.9405,0,0,1,0,0,0,0,1,0,0,0,0,1,0,0,0
1.6265,3.2643,8.8449,2.0232,5.447,58.224,0.86197,0.38551,7.431,5.1481,6.7433,3.6143,4.3686,3.0872,2.4528,2.2738,57.404,4.5052,5.4391,0.66367,7.6052,8.5857,3.1212,5.1233,4.925,1.5531,1.9956,59.636,2.6006,3.2239,6.6737,7.1013,4.0463,0,0,1,0,0,0,0,1,0,0,0,0,1,0,0,0
0,0,0,0,0,100,0,0,0,0,0,0,0,0,0,0,100,0,0,0,0,0,0,0,0,0,0,100,0,0,0,0,0,0,0,1,0,0,0,0,1,0,0,0,0,1,0,0,0
0,0,3.7396,0,0,62.47,0,0,33.791,0,0,7.7563,5.8801,0,5.1699,2.899,62.47,0,0,6.1927,0,9.6324,0,3.7396,0,0,0,62.47,0,0,1.8762,21.639,10.276,0,0,0,0.26154,0.73846,0,0,1,0,0,0,0,1,0,0,0
0,0,0,0,0,100,0,0,0,0,0,0,0,0,0,0,100,0,0,0,0,0,0,0,0,0,0,100,0,0,0,0,0,0,0,0.33333,0.51852,0.14815,0,0,1,0,0,0,0,1,0,0,0
0,0,0,0,0,100,0,0,0,0,0,0,0,0,0,0,100,0,0,0,0,0,0,0,0,0,0,100,0,0,0,0,0,0,0,0.066667,0.22222,0.71111,0,0,1,0,0,0,0,1,0,0,0
0,0,5.4805,0,0,70.476,0,0,24.044,0,0,9.5943,3.673,0,0,0,75.956,0,0,0,0,10.777,0,5.4805,0,0,0,70.476,0,0,7.22,7.2297,9.5943,0,0,0.085106,0.14894,0.76596,0,0,1,0,0,0,0,1,0,0,0
0,0,0,0,0,100,0,0,0,0,0,0,0,0,0,0,100,0,0,0,0,0,0,0,0,0,0,100,0,0,0,0,0,0,0,0,0.43478,0.56522,0,0,1,0,0,0,0,1,0,0,0
0,0,0,0,0,100,0,0,0,0,0,0,0,0,0,0,100,0,0,0,0,0,0,0,0,0,0,100,0,0,0,0,0,0,0,0.037736,0.32075,0.64151,0,0,1,0,0,0,0,1,0,0,0
0,0,0,0,0,100,0,0,0,0,0,0,0,0,0,0,100,0,0,0,0,0,0,0,0,0,0,100,0,0,0,0,0,0,0,0,0.21951,0.78049,0,0,1,0,0,0,0,1,0,0,0
