h1,h2,h3,h4,h5,h6,h7,h8,h9,h10,h11,h12,h13,h14,h15,h16,h17,h18,h19,h20,h21,h22,h23,h24,h25,h26,h27,h28,h29,h30,h31,h32,h33,h34,h35,h36,h37,h38,h39,h40,h41,h42,h43,h44,h45,h46,h47,h48,label
3.6018,8.5708,0,0,2.2284,46.256,6.6087,13.947,3.3664,3.5907,11.83,3.087,0.51541,1.2643,1.1667,0.65128,50.183,4.9816,3.9105,8.738,8.2588,17.243,10.899,17.025,14.759,4.3972,0.65128,39.781,0,0,3.5907,2.4909,6.406,0,0.15152,0.84848,0,0,0,0,1,0,0,0,0.060606,0.93939,0,0,0
0,0,0,0,0,100,0,0,0,0,0,0,0,0,0,0,100,0,0,0,0,0,0,0,0,0,0,100,0,0,0,0,0,0,0,1,0,0,0,0,1,0,0,0,0,1,0,0,0
0,0,0,0,0,92.913,0,0,7.0868,0,0,1.7888,0,0,0,0,93.808,0,0,0,0,4.4037,0,0,0,0,0,92.913,0,0,0.89439,1.7888,4.4037,0,0,1,0,0,0,0,1,0,0,0,0,1,0,0,0
0,0,0,0,0,100,0,0,0,0,0,0,0,0,0,0,100,0,0,0,0,0,0,0,0,0,0,100,0,0,0,0,0,0,0,1,0,0,0,0,1,0,0,0,0,1,0,0,0
0,0,0,0,0,100,0,0,0,0,0,0,0,0,0,0,100,0,0,0,0,0,0,0,0,0,0,100,0,0,0,0,0,0,0,1,0,0,0,0,1,0,0,0,0,1,0,0,0
1.1039,2.6482,0,0,0,96.248,0,0,0,0,0,0,0.55196,2.0962,0.55196,0,96.8,0,0,0,0,0,0.55196,3.2001,0,0,0,96.248,0,0,0,0,0,0,0,1,0,0,0,0,1,0,0,0,0,1,0,0,0
6.0819,13.19,0,0,0.28732,69.977,3.0952,3.3233,0.47497,0,3.5702,1.3089,0.65569,3.3438,2.6031,1.5713,73.76,5.417,2.5638,3.8301,3.3507,1.5962,4.1915,11.499,9.01,1.7864,1.5713,68.406,0,0,0,0.47497,3.0608,0,0,1,0,0,0,0,1,0,0,0,0,1,0,0,0
5.2335,5.8948,0,0,0,86.671,0.37446,1.452,0,0,0.37446,0.37446,1.8793,0.72598,2.6109,0.72598,88.573,2.9095,0,1.1004,0.72598,0.37446,2.9798,5.9595,3.2895,0,0.72598,85.945,0,0,0,0,1.1004,0,0,1,0,0,0,0,1,0,0,0,0,1,0,0,0
0,0.41731,0,0,0,99.583,0,0,0,0,0,0,0,0.41731,0,0,99.583,0,0,0,0,0,0,0.41731,0,0,0,99.583,0,0,0,0,0,0,0,1,0,0,0,0,1,0,0,0,0,1,0,0,0
0,0,0,0,0,100,0,0,0,0,0,0,0,0,0,0,100,0,0,0,0,0,0,0,0,0,0,100,0,0,0,0,0,0,0,1,0,0,0,0,1,0,0,0,0,1,0,0,0
0,0.86554,0,0,0,99.134,0,0,0,0,0,0,0,0.86554,0,0,99.134,0,0,0,0,0,0,0.86554,0,0,0,99.134,0,0,0,0,0,0,0,1,0,0,0,0,1,0,0,0,0,1,0,0,0
0,0,0,0,0,100,0,0,0,0,0,0,0,0,0,0,100,0,0,0,0,0,0,0,0,0,0,100,0,0,0,0,0,0,0,1,0,0,0,0,1,0,0,0,0,1,0,0,0
0,0,0,0,0,100,0,0,0,0,0,0,0,0,0,0,100,0,0,0,0,0,0,0,0,0,0,100,0,0,0,0,0,0,0,1,0,0,0,0,1,0,0,0,0,1,0,0,0
0,0,0,0,0,100,0,0,0,0,0,0,0,0,0,0,100,0,0,0,0,0,0,0,0,0,0,100,0,0,0,0,0,0,0,1,0,0,0,0,1,0,0,0,0,1,0,0,0
0,0,0,0,0,100,0,0,0,0,0,0,0,0,0,0,100,0,0,0,0,0,0,0,0,0,0,100,0,0,0,0,0,0,0,1,0,0,0,0,1,0,0,0,0,1,0,0,0
0,0,0,0,0,100,0,0,0,0,0,0,0,0,0,0,100,0,0,0,0,0,0,0,0,0,0,100,0,0,0,0,0,0,0,1,0,0,0,0,1,0,0,0,0,1,0,0,0
0,0,0,0,0,100,0,0,0,0,0,0,0,0,0,0,100,0,0,0,0,0,0,0,0,0,0,100,0,0,0,0,0,0,0,1,0,0,0,0,1,0,0,0,0,1,0,0,0
0,0,0,0,0,100,0,0,0,0,0,0,0,0,0,0,100,0,0,0,0,0,0,0,0,0,0,100,0,0,0,0,0,0,0,1,0,0,0,0,1,0,0,0,0,1,0,0,0
0,0,0,0,0,100,0,0,0,0,0,0,0,0,0,0,100,0,0,0,0,0,0,0,0,0,0,100,0,0,0,0,0,0,0,1,0,0,0,0,1,0,0,0,0,1,0,0,0
0,0,0,0,0,100,0,0,0,0,0,0,0,0,0,0,100,0,0,0,0,0,0,0,0,0,0,100,0,0,0,0,0,0,0,1,0,0,0,0,1,0,0,0,0,1,0,0,0
0,0,0,0,0,100,0,0,0,0,0,0,0,0,0,0,100,0,0,0,0,0,0,0,0,0,0,100,0,0,0,0,0,0,0,1,0,0,0,0,1,0,0,0,0,1,0,0,0
0,0,0,0,0,100,0,0,0,0,0,0,0,0,0,0,100,0,0,0,0,0,0,0,0,0,0,100,0,0,0,0,0,0,0,1,0,0,0,0,1,0,0,0,0,1,0,0,0
0,0,0,0,0,100,0,0,0,0,0,0,0,0,0,0,100,0,0,0,0,0,0,0,0,0,0,100,0,0,0,0,0,0,0,1,0,0,0,0,1,0,0,0,0,1,0,0,0
0,0,0,0,0,100,0,0,0,0,0,0,0,0,0,0,100,0,0,0,0,0,0,0,0,0,0,100,0,0,0,0,0,0,0,1,0,0,0,0,1,0,0,0,0,1,0,0,0
0,0,0,0,0,100,0,0,0,0,0,0,0,0,0,0,100,0,0,0,0,0,0,0,0,0,0,100,0,0,0,0,0,0,0,1,0,0,0,0,1,0,0,0,0,1,0,0,0
0,0,0,0,0,100,0,0,0,0,0,0,0,0,0,0,100,0,0,0,0,0,0,0,0,0,0,100,0,0,0,0,0,0,0,1,0,0,0,0,1,0,0,0,0,1,0,0,0
0,0,0,0,0,100,0,0,0,0,0,0,0,0,0,0,100,0,0,0,0,0,0,0,0,0,0,100,0,0,0,0,0,0,0,1,0,0,0,0,1,0,0,0,0,1,0,0,0
0,0,0,0,0,100,0,0,0,0,0,0,0,0,0,0,100,0,0,0,0,0,0,0,0,0,0,100,0,0,0,0,0,0,0,1,0,0,0,0,1,0,0,0,0,1,0,0,0
0.40704,7.1464,0,0,1.7777,57.904,4.1703,8.9089,2.7997,5.5778,11.309,4.8483,0,1.1365,0,0,53.067,4.2587,1.7777,9.6333,12.877,12.402,16.068,11.152,10.73,2.7997,0,50.238,0,0,3.5292,1.3707,4.112,0,0,1,0,0,0,0,1,0,0,0,0,1,0,0,0
3.6652,8.5921,0,0,2.2467,48.885,6.3669,11.219,3.7235,5.3511,9.9497,4.6144,0.4541,2.142,0.90707,0.45297,52.907,6.0918,3.6079,6.9394,10.229,11.655,10.655,14.225,14.914,4.6317,0.45297,44.16,0,0,4.4541,1.7413,4.766,0,0,1,0,0,0,0,1,0,0,0,0,1,0,0,0
0.50144,3.9438,0,0,1.1402,70.443,4.1256,6.2613,3.4868,2.4363,7.6617,1.8842,0,1.0536,0,0,71.532,4.5911,1.1402,3.2553,4.9155,11.628,6.4785,9.1115,7.1416,3.4868,0,67.187,0,0,4.039,0.63878,1.9163,0,0,1,0,0,0,0,1,0,0,0,0,1,0,0,0
1.0779,7.4898,0,0,1.5165,76.129,1.4212,5.7663,0.98258,1.5266,4.0901,0.98258,0,1.6219,0,0,76.537,2.0706,2.0532,4.0424,5.7697,6.9223,3.5834,7.7625,10.22,0.98258,0,74.171,0,0,1.5266,0.43857,1.3157,0,0,1,0,0,0,0,1,0,0,0,0,1,0,0,0
0,2.1084,0,0,0,92.05,1.8665,2.1084,1.8665,0,0,0,0,0,0,0,92.05,1.8665,0,2.1084,2.1084,1.8665,0,0,4.2168,1.8665,0,92.05,0,0,1.8665,0,0,0,0,1,0,0,0,0,1,0,0,0,0,1,0,0,0
0,0.66433,0,0,0,96.119,1.2763,0.66433,1.2763,0,0,0,0,0,0,0,96.119,1.2763,0,0.66433,0.66433,1.2763,0,0,1.3287,1.2763,0,96.119,0,0,1.2763,0,0,0,0,1,0,0,0,0,1,0,0,0,0,1,0,0,0
0,0,0,0,0,100,0,0,0,0,0,0,0,0,0,0,100,0,0,0,0,0,0,0,0,0,0,100,0,0,0,0,0,0,0,1,0,0,0,0,1,0,0,0,0,1,0,0,0
0,0,0,0,0,100,0,0,0,0,0,0,0,0,0,0,100,0,0,0,0,0,0,0,0,0,0,100,0,0,0,0,0,0,0,1,0,0,0,0,1,0,0,0,0,1,0,0,0
0,0,0,0,0,99.214,0,0.78602,0,0,0,0,0.78602,0,0,0,99.214,0,0,0,0,0,0.78602,0,0,0,0,99.214,0,0,0,0,0,0,0,1,0,0,0,0,1,0,0,0,0,1,0,0,0
0,0,0,0,0,98.304,0,1.6963,0,0,0,0,1.6963,0,0,0,98.304,0,0,0,0,0,1.6963,0,0,0,0,98.304,0,0,0,0,0,0,0,1,0,0,0,0,1,0,0,0,0,1,0,0,0
0,0,0,0,0,98.856,0,1.1442,0,0,0,0,1.1442,0,0,0,98.856,0,0,0,0,0,1.1442,0,0,0,0,98.856,0,0,0,0,0,0,0,1,0,0,0,0,1,0,0,0,0,1,0,0,0
0,0,0,0,0,88.2,0,5.6385,6.1617,0,0,1.7786,3.8599,1.0958,0.68286,2.1915,88.2,0,0,1.0958,1.0958,0,4.2728,3.9702,1.7786,1.7786,0,88.2,0,0,0,0,0,0,0,1,0,0,0,0,1,0,0,0,0,1,0,0,0
0,0,0,0.73152,0.73152,76.881,0.73152,8.6718,11.522,0,0.73152,2.786,2.1946,5.354,0,2.9858,76.881,0,0,2.0545,5.354,2.3904,7.5486,6.5034,7.9402,1.1272,0.73152,76.149,0,0,0,0,0,0,0,1,0,0,0,0,1,0,0,0,0,1,0,0,0
0,1.3576,6.3025,8.4072,1.9326,56.106,4.0256,14.143,6.7063,0.3296,0.68968,8.7027,6.3943,2.5337,3.2422,8.1489,52.355,3.2457,0,1.301,4.0808,9.9955,9.7316,11.132,9.925,3.8184,3.1835,45.951,2.3203,2.3552,3.1909,5.3855,3.0063,0,0,1,0,0,0,0,1,0,0,0,0,1,0,0,0
0,2.1863,9.2847,13.767,5.7936,38.084,3.4998,11.261,15.537,0.29376,0.29376,8.6556,2.4306,4.815,1.4871,8.9619,49.243,4.4652,0.29376,4.0234,4.9092,10.715,11.981,13.132,15.192,3.51,1.0201,31.544,0.88157,7.2698,7.099,6.7143,1.6566,0,0.04878,0.95122,0,0,0,0,0.9878,0,0.012195,0.012195,0.012195,0.97561,0,0,0
0,3.5491,6.4402,22.821,12.098,24.089,7.3411,12.313,9.4232,0.79909,1.1258,7.8421,4.3535,3.0072,2.1749,11.76,42.307,8.6306,1.2017,2.4471,5.4056,10.871,13.216,12.966,16.592,0.66022,1.4821,16.833,1.9336,11.638,12.308,9.0814,3.2899,0,1,0,0,0,0,0,0,1,0,1,0,0,0,0,1
6.9116,15.155,0,0,1.3389,57.573,3.7347,5.4728,1.5242,2.0209,6.269,1.4079,2.2997,2.6406,3.9153,1.1879,61.009,6.1558,4.8859,4.0743,7.4573,4.9665,8.3151,15.586,11.776,3.3621,1.1879,54.576,0,0,1.5987,0.91117,2.6863,0,0,1,0,0,0,0,1,0,0,0,0,1,0,0,0
6.4068,8.3635,0,0,0.32009,79.647,1.9005,1.4615,0,0,1.9005,1.0532,1.9425,1.6261,1.9425,0.51894,83.601,1.9805,2.2802,1.5721,2.11,1.3733,3.9383,9.2003,4.3712,0.8473,0.51894,79.128,0,0,0,0,1.9958,0,0,1,0,0,0,0,1,0,0,0,0,1,0,0,0
5.1622,8.4685,0,0,1.2353,79.138,2.7527,0.49067,0.57957,0,2.1731,1.1918,1.017,1.2353,2.1755,0,83.029,2.2288,2.2167,1.1918,2.7073,3.0067,2.6995,8.6142,5.7255,1.5609,0,79.138,0,0,0.57957,0,1.6824,0,0,1,0,0,0,0,1,0,0,0,0,1,0,0,0
0,4.5443,0,0,0,95.456,0,0,0,0,0,0,0,0,1.2973,0,95.456,1.2973,1.9498,0,0,0,0,0,4.5443,0,0,95.456,0,0,0,0,0,0,0,1,0,0,0,0,1,0,0,0,0,1,0,0,0
0.85905,3.289,0,0,0,95.852,0,0,0,0,0,0,0.42953,0.53177,1.5934,0,96.281,1.1639,0,0,0,0,0.42953,1.3908,2.3277,0,0,95.852,0,0,0,0,0,0,0,1,0,0,0,0,1,0,0,0,0,1,0,0,0
0,0,0,0,0,100,0,0,0,0,0,0,0,0,0,0,100,0,0,0,0,0,0,0,0,0,0,100,0,0,0,0,0,0,0,1,0,0,0,0,1,0,0,0,0,1,0,0,0
0,0,2.125,0,0,69.823,0,0,28.051,0,0,7.5249,5.6073,0,0,0,71.938,3.4929,0,0,0.95325,10.484,0,0.5208,1.6042,0,0,69.823,0,0,10.082,9.4912,8.4781,0,0,0.022222,0.2,0.77778,0,0,1,0,0,0,0,1,0,0,0
0,0,0,0,0,100,0,0,0,0,0,0,0,0,0,0,100,0,0,0,0,0,0,0,0,0,0,100,0,0,0,0,0,0,0,1,0,0,0,0,1,0,0,0,0,1,0,0,0
0,1.7017,0,0,0,98.298,0,0,0,0,0,0,0,0,0,0,98.298,0,1.7017,0,0,0,0,0,1.7017,0,0,98.298,0,0,0,0,0,0,0,1,0,0,0,0,1,0,0,0,0,1,0,0,0
0,0,0,0,0,100,0,0,0,0,0,0,0,0,0,0,100,0,0,0,0,0,0,0,0,0,0,100,0,0,0,0,0,0,0,1,0,0,0,0,1,0,0,0,0,1,0,0,0
0,0,0,0,0,100,0,0,0,0,0,0,0,0,0,0,100,0,0,0,0,0,0,0,0,0,0,100,0,0,0,0,0,0,0,1,0,0,0,0,1,0,0,0,0,1,0,0,0
0,0,4.0948,9.5039,1.7102,60.625,3.1197,12.846,7.6238,0,0.47713,6.0325,3.553,1.3446,1.0142,4.5717,64.273,0,0,5.9506,2.4796,10.78,11.262,9.3828,14.095,0.98658,0.47713,56.398,0,2.4662,2.4662,2.4662,0,0,0,1,0,0,0,0,1,0,0,0,0,1,0,0,0
0,0.43348,3.9308,4.9695,2.877,60.047,2.2642,10.929,13.151,0,1.3973,7.2174,4.8046,1.6675,0.43348,5.1042,64.412,1.7339,0,4.3404,1.0547,9.2324,6.472,12.673,11.624,2.6522,1.3973,58.037,0,2.526,1.659,2.0925,0.86695,0,0,1,0,0,0,0,1,0,0,0,0,1,0,0,0
0,0,0,0,0,100,0,0,0,0,0,0,0,0,0,0,100,0,0,0,0,0,0,0,0,0,0,100,0,0,0,0,0,0,0,1,0,0,0,0,1,0,0,0,0,1,0,0,0
0,0,0,0,0,100,0,0,0,0,0,0,0,0,0,0,100,0,0,0,0,0,0,0,0,0,0,100,0,0,0,0,0,0,0,1,0,0,0,0,1,0,0,0,0,1,0,0,0
0,0,0,0,0,100,0,0,0,0,0,0,0,0,0,0,97.719,2.2807,0,0,0,0,0,0,0,0,0,100,0,0,0,0,0,0,0,1,0,0,0,0,1,0,0,0,0,1,0,0,0
0,0,0,0,0,100,0,0,0,0,0,0,0,0,0,0,100,0,0,0,0,0,0,0,0,0,0,100,0,0,0,0,0,0,0,1,0,0,0,0,1,0,0,0,0,1,0,0,0
0,0,0,0,0,100,0,0,0,0,0,0,0,0,0,0,100,0,0,0,0,0,0,0,0,0,0,100,0,0,0,0,0,0,0,1,0,0,0,0,1,0,0,0,0,1,0,0,0
0,0,0,0,0,100,0,0,0,0,0,0,0,0,0,0,100,0,0,0,0,0,0,0,0,0,0,100,0,0,0,0,0,0,0,1,0,0,0,0,1,0,0,0,0,1,0,0,0
0,0,0,0,0,100,0,0,0,0,0,0,0,0,0,0,100,0,0,0,0,0,0,0,0,0,0,100,0,0,0,0,0,0,0,1,0,0,0,0,1,0,0,0,0,1,0,0,0
0,0,0,0,0,100,0,0,0,0,0,0,0,0,0,0,100,0,0,0,0,0,0,0,0,0,0,100,0,0,0,0,0,0,0,1,0,0,0,0,1,0,0,0,0,1,0,0,0
0,0,0,0,0,100,0,0,0,0,0,0,0,0,0,0,100,0,0,0,0,0,0,0,0,0,0,100,0,0,0,0,0,0,0,1,0,0,0,0,1,0,0,0,0,1,0,0,0
0,0,0,0,0,100,0,0,0,0,0,0,0,0,0,0,100,0,0,0,0,0,0,0,0,0,0,100,0,0,0,0,0,0,0,1,0,0,0,0,1,0,0,0,0,1,0,0,0
0,0,0,0,0,100,0,0,0,0,0,0,0,0,0,0,100,0,0,0,0,0,0,0,0,0,0,100,0,0,0,0,0,0,0,1,0,0,0,0,1,0,0,0,0,1,0,0,0
0,0,0,0,0,100,0,0,0,0,0,0,0,0,0,0,100,0,0,0,0,0,0,0,0,0,0,100,0,0,0,0,0,0,0,1,0,0,0,0,1,0,0,0,0,1,0,0,0
0,0,0,0,0,99.042,0,0,0,0.95815,0,0,0,0,0,0,99.042,0,0,0,0,0.95815,0,0,0.95815,0,0,99.042,0,0,0,0,0,0,0,1,0,0,0,0,1,0,0,0,0,1,0,0,0
0,0.95449,0.95449,0,0,95.699,0,0,0,2.3922,0,0,0,0,0,0,94.19,1.5087,0,0,0,4.3012,0,0.95449,2.3922,0.95449,0,95.699,0,0,0,0,0,0,0,1,0,0,0,0,1,0,0,0,0,1,0,0,0
0,1.6378,4.0014,0,0,88.595,0,0,5.1747,0.59091,0,0.59091,0.59091,0.59091,0,0.59091,87.788,1.989,0,0,3.402,4.4573,0,7.4033,0.59091,1.6378,0.59091,88.004,0,0,0,1.1818,0.59091,0,0,1,0,0,0,0,1,0,0,0,0,1,0,0,0
0,0,0,0,0,100,0,0,0,0,0,0,0,0,0,0,100,0,0,0,0,0,0,0,0,0,0,100,0,0,0,0,0,0,0,1,0,0,0,0,1,0,0,0,0,1,0,0,0
0,0,0,0,0,100,0,0,0,0,0,0,0,0,0,0,100,0,0,0,0,0,0,0,0,0,0,100,0,0,0,0,0,0,0,1,0,0,0,0,1,0,0,0,0,1,0,0,0
0,0,0,0,0,96.663,0,0,2.2225,1.1149,0,0,0,0,0,0,96.663,0,0,0,2.2225,1.1149,0,2.2225,1.1149,0,0,96.663,0,0,0,0,0,0,0,1,0,0,0,0,1,0,0,0,0,1,0,0,0
0,0,0,0,0,100,0,0,0,0,0,0,0,0,0,0,100,0,0,0,0,0,0,0,0,0,0,100,0,0,0,0,0,0,0,1,0,0,0,0,1,0,0,0,0,1,0,0,0
0,0,0.92106,0,0,92.605,0,5.4091,1.0652,0,0,2.9073,4.3439,0,1.0652,0,91.684,0,0,0,0,0,3.2787,1.0652,1.9862,1.0652,0,91.684,0,0,0.92106,0,0,0,0,1,0,0,0,0,1,0,0,0,0,1,0,0,0
0,0,1.9412,0,0,95.367,0,2.0186,0.67288,0,0,4.5553,1.3458,0,0.67288,0,93.426,0,0,0,0,0,0.67288,0.67288,2.6141,0.67288,0,93.426,0,0,1.9412,0,0,0,0,1,0,0,0,0,1,0,0,0,0,1,0,0,0
0,0.37868,5.2113,9.6326,0.57572,60.761,4.2147,14.335,4.8909,0,0,7.9545,7.9796,0.91643,1.857,14.365,47.763,1.8753,0,2.3429,8.2433,6.7021,6.8084,8.6605,7.2377,8.2433,3.6908,44.864,3.4237,0.57572,5.04,6.6657,4.7904,0,0,0.9697,0.030303,0,0,0.040404,0.9596,0,0,0,0,0.9596,0.040404,0,0
0,0.53236,10.747,10.511,0.95518,48.725,3.4312,15.097,9.4038,0.59704,0,11.747,7.0778,0.93198,6.2468,10.765,42.094,4.3071,0.50319,4.356,4.6922,7.278,6.8173,11.726,9.8921,6.1853,1.64,35.54,7.325,2.0699,4.014,10.232,4.5587,0,0,0.045455,0.11364,0.84091,0.84091,0.13636,0.022727,0,0,0,0,0.022727,0.15909,0.81818,1
0,0,1.933,0,0,98.067,0,0,0,0,0,3.866,0,0,0,0,96.134,0,0,0,0,0,0,0,1.933,0,0,96.134,0,0,1.933,0,0,0,0,1,0,0,0,0,1,0,0,0,0,1,0,0,0
0,0.52043,0.52043,0,0,96.251,0,0,2.7078,0,0,0,0,0,0,1.3539,94.322,1.9292,0,0,1.3539,1.0409,0,0.52043,0,0.52043,0,94.207,2.0443,0,0,2.7078,0,0,0,1,0,0,0,0,1,0,0,0,0,1,0,0,0
0,0,2.8059,2.9826,0,82.373,1.842,7.4762,2.5206,0,0,2.9597,5.2179,0,1.8192,4.8246,78.25,0.70148,0,1.403,2.9826,1.842,2.2582,3.6612,3.6612,4.1003,1.1405,78.25,0.70148,0,1.842,2.5435,1.842,0,0,1,0,0,0,0,1,0,0,0,0,1,0,0,0
0,0,0.569,0,0,96.605,0,0,2.8261,0,0,1.138,0,0,0.4751,1.6506,94.986,0.57532,0,0,1.1755,0,0,0,0.569,0,0,93.028,3.008,0,0.569,2.8261,0,0,0,1,0,0,0,0,1,0,0,0,0,1,0,0,0
0,3.468,10.372,16.064,2.3214,37.65,4.6974,15.385,7.8265,1.6255,0.58983,12.551,4.5514,3.2574,6.6381,11.143,31.882,4.8841,1.2027,2.7325,6.5034,14.655,12.309,14.669,12.355,4.2416,4.4573,19.801,5.6083,4.2648,5.5269,11.854,4.9127,0,0,0.032258,0.016129,0.95161,0.95161,0.016129,0.032258,0,0,0,0,0.032258,0.032258,0.93548,1
0,0.35861,5.0559,22.659,2.7377,46.035,3.93,14.696,3.4099,1.119,0,11.745,5.0002,0.62412,5.6802,17.69,35.151,4.8504,0.86048,0.66728,8.9061,8.8252,7.991,7.2302,5.9682,7.6257,3.5999,20.786,12.704,4.9879,4.0564,16.411,8.6404,0,0,0,0,1,1,0,0,0,0,0,0,0,0,1,1
0,3.8079,11.917,19.456,9.6846,24.729,5.5783,7.4587,14.074,1.8696,1.425,9.2165,5.0151,3.6945,2.2384,13.592,41.437,5.4196,2.0876,2.6101,5.8083,8.8816,14.088,15.398,11.664,3.2446,2.4199,12.591,2.9873,9.9044,15.35,10.74,1.614,0,1,0,0,0,0,0,0,0.93023,0.069767,1,0,0,0,0,1
0,1.6448,8.201,14.468,2.6037,37.319,6.5168,15.303,11.854,1.2044,0.88585,14.042,4.7286,1.7515,2.7366,17.964,31.782,6.4504,1.0373,1.9699,7.3714,10.167,8.8153,16.584,10.556,5.932,4.4386,18.38,6.8409,3.7046,7.7815,11.658,5.3088,0,0.12346,0.83951,0.024691,0.012346,0.012346,0.024691,0.93827,0.024691,0,0,0.037037,0.92593,0.024691,0.012346,0
0,0,2.3229,0,0,92.237,0,0,5.4406,0,0,1.4639,0,0,2.3715,6.6942,86.218,0.85899,0,0.85899,1.5345,0,0.85899,0.85899,0.60488,0,0,88.984,3.2525,0,0,5.4406,0,0,0,0.96296,0.037037,0,0,0.074074,0.92593,0,0,0,0,0.92593,0.074074,0,0
0,0,0,0,0,100,0,0,0,0,0,0,0,0,0,0,100,0,0,0,0,0,0,0,0,0,0,100,0,0,0,0,0,0,0,1,0,0,0,0,1,0,0,0,0,1,0,0,0
0,0,0,0,0,100,0,0,0,0,0,0,0,0,0,0,100,0,0,0,0,0,0,0,0,0,0,100,0,0,0,0,0,0,0,1,0,0,0,0,1,0,0,0,0,1,0,0,0
0,0.61607,11.087,0,0,71.633,0,0,12.685,3.9791,0,3.9764,1.5671,1.5671,0.61607,5.7456,66.923,6.1058,0,2.4094,5.5434,5.5462,1.7933,11.781,4.5952,0.61607,2.1831,65.888,3.5624,0,0,7.3983,2.1831,0,0,0.95402,0.045977,0,0,0,1,0,0,0,0,0.93103,0.068966,0,0
0,3.244,15.442,0,0,58.252,0,0,17.076,5.9859,0,4.6233,2.0684,1.0442,1.7926,8.9008,50.965,10.596,0,5.9512,8.7622,5.2954,2.8307,11.811,4.1853,3.244,1.7926,37.725,18.735,0,0,12.222,7.4541,0,0,0,0.028302,0.9717,0,0,1,0,0,0,0,0,0.028302,0.9717,1
0,2.6398,12.599,0,0,66.157,0,0,16.015,2.589,0,6.0021,1.0103,1.0103,3.3145,6.5249,64.949,2.5069,0,3.1574,5.803,5.7214,1.5787,9.2698,6.0021,2.6398,2.589,61.07,2.4988,0,0,11.763,2.589,0,0,1,0,0,0,0,1,0,0,0,0,1,0,0,0
0,0.59391,16.548,0,0,62.542,0,0,16.998,3.3185,0,5.5946,4.534,3.0339,0.76633,11.203,53.24,10.343,0,2.538,3.827,4.9196,1.6886,15.647,3.906,0.59391,1.8659,44.514,16.162,0,0,9.6359,5.9866,0,0,0,0.10101,0.89899,0,0,1,0,0,0,0,0,0.10101,0.89899,1
0,1.5104,5.724,0,0,84.468,0,0,4.2136,4.0842,0,1.0534,1.0534,1.0534,0,1.0534,84.468,2.1068,0,0,1.0534,8.1583,0,6.7774,4.0842,1.5104,1.0534,83.414,0,0,0,2.1068,1.0534,0,0,0.93506,0.064935,0,0,0,1,0,0,0,0,0.93506,0.064935,0,0
0,0,0,0,0,96.874,0,0,3.1262,0,0,0,0,0,0,0,96.874,0,0,0,3.1262,0,0,3.1262,0,0,0,96.874,0,0,0,0,0,0,0,0.95775,0.028169,0.014085,0,0,1,0,0,0,0,0.95775,0.028169,0.014085,0
0,0.98301,6.2365,0,0,83.829,0,0,7.9685,0.98301,0,5.0049,0,0,3.1328,7.1174,77.525,1.1522,0,3.1183,1.966,0.98301,2.1353,3.1183,3.8527,0.98301,0.98301,79.949,2.8973,0,0,5.0988,0.98301,0,0,0.97468,0.025316,0,0,0,1,0,0,0,0,0.97468,0.025316,0,0
0,1.0463,7.9554,0,0,85.767,0,0,4.1852,1.0463,0,5.1034,0,0,1.0463,2.5652,84.535,0.75943,0,2.852,2.0926,1.0463,1.8057,2.852,4.344,1.0463,1.0463,83.202,1.5189,0,0,3.1389,1.0463,0,0,1,0,0,0,0,1,0,0,0,0,1,0,0,0
0,0,0.6118,0,0,98.734,0,0,0.65398,0,0,0.6118,0,0,0.65398,4.5298,94.204,0,0,0,0,0,0,0,0.6118,0,0,98.734,0,0,0,0.65398,0,0,0,1,0,0,0,0,1,0,0,0,0,1,0,0,0
0,0,0,1.1404,0,87.813,0.57018,6.3742,4.1026,0,0,2.4888,3.8855,0.546,1.3726,2.8026,86.102,0,0,0.546,1.6864,0.57018,2.4888,3.5808,2.4888,3.0589,0.57018,86.102,0,0,0.57018,0.57018,0.57018,0,0,1,0,0,0,0,1,0,0,0,0,1,0,0,0
0,0,0,0,0,99.045,0,0.95458,0,0,0,0,0.95458,0,0,0,99.045,0,0,0,0,0,0.95458,0,0,0,0,99.045,0,0,0,0,0,0,0,1,0,0,0,0,1,0,0,0,0,1,0,0,0
0,0,0,0,0,97.135,0,0,2.8653,0,0,2.8653,0,0,0,0,97.135,0,0,0,0,0,0,0,2.8653,0,0,97.135,0,0,0,0,0,0,0,1,0,0,0,0,1,0,0,0,0,1,0,0,0
0,0,1.2977,0,0,95.509,0,0,3.1937,0,0,1.654,0.82702,0,0,0,95.509,0.82702,0,0,0,1.1834,0,0.47068,0.82702,0,0,95.509,0,0,1.1834,0.82702,1.1834,0,0,1,0,0,0,0,1,0,0,0,0,1,0,0,0
0,4.2771,15.055,20.313,17.148,10.327,6.3015,8.2782,14.22,2.6292,1.4501,9.1208,5.6005,1.9984,3.5022,15.57,37.099,11.203,3.091,1.7363,1.5649,9.5134,11.559,14.921,11.878,1.8317,2.0009,3.7737,4.5525,15.063,13.688,16.541,4.1915,0,0.71698,0.28302,0,0,0,0,0,1,0,1,0,0,0,0,1
0,0,0,0,0,100,0,0,0,0,0,0,0,0,0,0,100,0,0,0,0,0,0,0,0,0,0,100,0,0,0,0,0,0,0,1,0,0,0,0,1,0,0,0,0,1,0,0,0
0,0,0,0,0,100,0,0,0,0,0,0,0,0,0,0,100,0,0,0,0,0,0,0,0,0,0,100,0,0,0,0,0,0,0,1,0,0,0,0,1,0,0,0,0,1,0,0,0
0,0.34657,5.3503,10.608,3.122,53.112,2.7903,9.029,14.558,0,1.0829,4.468,4.9917,4.0323,0.34657,7.9181,59.471,1.3863,0,2.3602,4.3179,10.708,13.301,10.542,10.714,4.2396,1.0829,49.272,0,3.7316,3.0385,3.385,0.69313,0,0,1,0,0,0,0,1,0,0,0,0,1,0,0,0
0,0,0,0,0,100,0,0,0,0,0,0,0,0,0,0,100,0,0,0,0,0,0,0,0,0,0,100,0,0,0,0,0,0,0,1,0,0,0,0,1,0,0,0,0,1,0,0,0
0,0,0,0,0,100,0,0,0,0,0,0,0,0,0,0,100,0,0,0,0,0,0,0,0,0,0,100,0,0,0,0,0,0,0,1,0,0,0,0,1,0,0,0,0,1,0,0,0
0,0,15.856,28.256,0.62254,36.811,4.3511,7.2999,5.4734,1.3298,0,16.057,3.9184,0,5.248,14.889,35.47,7.2829,1.2451,4.583,5.9924,5.3138,2.6165,6.7248,6.7518,3.8831,1.6185,21.739,11.008,6.1625,4.2664,24.419,10.81,0,0,0,0,1,1,0,0,0,0,0,0,0,0,1,1
0,2.5538,10.561,25.003,4.7736,35.008,3.2293,8.3798,6.7368,2.9908,0.76376,10.911,2.3284,1.2371,4.3606,13.305,35.965,6.9128,4.8763,2.4614,9.151,8.4922,7.8661,9.4244,6.7744,3.5106,2.3245,14.437,11.368,7.887,8.2677,19.835,8.3045,0,0,0,0,1,1,0,0,0,0,0,0,0,0,1,1
0,0,10.453,27.456,5.0578,41.277,2.9261,8.321,2.8275,1.6809,0,7.6032,1.7517,0,9.79,17.75,33.991,5.9015,2.0704,2.9977,9.8755,8.2686,6.3897,3.7983,3.8747,6.0589,1.3318,13.04,20.475,6.7387,3.3157,21.684,13.293,0,0,0,0,1,1,0,0,0,0,0,0,0,0,1,1
0,3.3032,10.803,25.019,15.291,18.483,8.6835,7.274,7.9029,3.0341,0.20741,7.5788,2.5182,3.0574,3.1604,17.928,34.255,9.744,3.5243,0.76462,7.3875,10.081,9.9938,10.788,11.889,1.1409,1.5495,4.6186,6.3847,15.536,19.046,13.413,5.641,0,0.90385,0.096154,0,0,0,0,0.096154,0.73077,0.17308,0.90385,0,0.096154,0,0,1
0,1.6829,15.651,22.868,2.0436,33.235,5.5432,9.3941,6.0257,2.9499,0.60609,14.057,1.7037,0.47072,9.3868,17.981,29.653,7.6828,0.98908,3.0658,6.5438,8.4665,5.7319,7.529,7.8222,2.3675,3.5194,14.196,12.746,5.7214,5.7393,24.308,10.32,0,0,0,0,1,1,0,0,0,0,0,0,0,0,1,1
0,0,19.159,31.132,2.4283,38.539,1.8542,3.2184,2.0525,1.616,0,11.167,0.75027,0,7.1376,13.653,40.233,6.5149,2.1281,5.4198,8.7138,4.2825,2.9802,2.0525,2.6044,2.1145,0.55196,19.716,15.843,7.8928,2.3663,32.38,11.498,0,0,0.04,0.1,0.86,0.86,0.1,0.04,0,0,0,0,0.04,0.1,0.86,1
0,0,9.5587,33.927,3.21,41.137,2.5145,4.221,2.328,3.1041,0,14.416,0.57379,0,7.1696,12.924,41.134,4.4945,4.6876,1.1476,7.3081,6.1447,4.3904,3.1682,3.0883,1.8601,1.1804,19.602,16.304,8.1883,4.098,22.864,15.256,0,0,0.056604,0.11321,0.83019,0.83019,0.13208,0.037736,0,0,0,0,0.037736,0.15094,0.81132,1
0,0.93978,29.008,0,0,42.638,0,0,24.054,3.3595,0,4.2993,7.7277,5.011,0.93978,16.453,35.793,12.625,0,7.0734,4.2993,5.7793,0.93978,29.548,4.2993,0.93978,3.3595,13.093,26.186,0,0,12.967,8.6675,0,0,0,0,1,0,0,1,0,0,0,0,0,0,1,1
0,1.7157,28.762,0,0,43.47,0,0,17.676,8.3759,0,4.8159,1.3845,6.8736,1.7157,11.281,31.729,21.501,0,6.1231,10.092,4.4846,1.7157,26.715,4.8159,1.7157,3.1002,13.457,26.913,0,0,13.192,8.3759,0,0,0,0.039216,0.96078,0,0,1,0,0,0,0,0,0.058824,0.94118,1
0,0.68394,20.058,0,0,50.606,0,0,20.392,8.2604,0,2.4807,4.4832,7.5485,0.68394,11.603,38.39,21.589,0,1.3679,8.9444,2.9097,0.68394,19.803,2.4807,0.68394,1.7968,16.27,32.539,0,0,14.112,11.631,0,0,0.10909,0,0.89091,0,0,1,0,0,0,0,0.10909,0,0.89091,1
0,0.92412,19.785,0,0,50.525,0,0,23.813,4.953,0,2.7082,7.6139,0.85996,0.92412,14.862,41.956,14.382,0,8.1724,5.8771,2.644,0.92412,18.796,2.7082,0.92412,1.7841,16.247,32.494,0,0,14.415,11.707,0,0,0.015873,0.063492,0.92063,0,0,1,0,0,0,0,0.015873,0.063492,0.92063,1
1.0214,3.7408,0,0,1.0214,90.862,1.6772,0,1.6772,0,0,0,0,1.0214,0,0,90.862,1.6772,2.7194,0,1.0214,2.6986,0,3.0641,2.7194,1.6772,0,90.862,0,0,1.6772,0,0,0,0,1,0,0,0,0,1,0,0,0,0,1,0,0,0
2.255,5.3529,0,0,0,91.808,0.29202,0,0,0,0.29202,0.29202,0.83548,1.9728,1.9617,0,93.228,1.1263,0,0.29202,0,0.29202,1.1275,4.2278,2.5445,0,0,91.808,0,0,0,0,0.29202,0,0,1,0,0,0,0,1,0,0,0,0,1,0,0,0
4.2298,9.4995,0,0,0.46398,61.233,5.2588,5.3701,2.8211,2.5311,8.593,2.7088,0.80315,0.80835,1.519,0.38179,65.092,4.8839,3.0718,5.4071,6.3604,8.9639,8.5616,11.469,10.746,3.8088,0.38179,58.068,0,0,3.2476,0.84577,2.8718,0,0,1,0,0,0,0,1,0,0,0,0,1,0,0,0
0,0.62468,0,0,0,99.375,0,0,0,0,0,0,0,0.62468,0,0,99.375,0,0,0,0,0,0,0.62468,0,0,0,99.375,0,0,0,0,0,0,0,1,0,0,0,0,1,0,0,0,0,1,0,0,0
0,0,9.6493,0,0,61.823,0,0,28.527,0,0,11.695,0.66081,0,0,8.8211,67.658,0,0,0,4.4759,6.6893,5.1734,0,4.4759,0,0,61.823,0,0,7.1039,14.734,6.6893,0,0,0,0.045455,0.95455,0,0,1,0,0,0,0,1,0,0,0
0,0,1.4765,0,0,73.582,0,0,24.942,0,0,12.463,0.61641,0,0,1.8201,76.777,0,0,0,0.61641,7.707,0.86004,0,0.61641,0,0,73.582,0,0,5.5556,7.2742,12.112,0,0,0.96825,0,0.031746,0,0,1,0,0,0,0,1,0,0,0
0,0,7.6458,0,0,73.714,0,0,18.64,0,0,10.281,0.8753,0,0,1.6882,80.224,0,0,0,2.5635,4.3673,5.0823,0,2.5635,0,0,73.714,0,0,2.4912,6.4203,9.7287,0,0,0.018182,0.36364,0.61818,0,0,1,0,0,0,0,1,0,0,0
0,0,7.0503,0,0,66.228,0,0,26.722,0,0,12.381,2.6124,0,0,2.957,71.64,1.0191,0,0,3.2194,6.1715,2.3497,1.0191,3.6815,0,0,66.228,0,0,7.2297,11.394,8.0982,0,0,0.035088,0.12281,0.84211,0,0,1,0,0,0,0,1,0,0,0
0,0,5.9594,0,0,66.905,0,0,27.136,0,0,11.223,2.3499,0,0,2.4304,69.464,1.5952,0,0,2.5595,10.378,1.8047,1.5952,2.5595,0,0,66.905,0,0,7.3718,9.3861,10.378,0,0,0.98734,0,0.012658,0,0,1,0,0,0,0,1,0,0,0
0,0,4.9231,0,0,73.561,0,0,21.516,0,0,11.628,1.4205,0,0,1.7931,76.265,1.4205,0,0,0.7085,6.7645,1.8782,1.4205,1.6243,0,0,73.561,0,0,6.0682,7.8066,7.6414,0,0,0.088235,0.16176,0.75,0,0,1,0,0,0,0,1,0,0,0
0,0,8.2057,0,0,62.721,0,0,29.074,0,0,14.546,5.7332,0,0,0,65.322,4.4494,0,0,1.2838,8.6662,0,4.4494,3.7563,0,0,62.721,0,0,10.534,9.8738,8.6662,0,0,0.031746,0.28571,0.68254,0,0,1,0,0,0,0,1,0,0,0
0,0,4.6277,0,0,70.127,0,0,25.246,0,0,14.661,2.5621,0,0,0,72.341,2.0655,0,0,0.49662,7.8731,0,2.0655,2.5621,0,0,70.127,0,0,7.8273,9.5452,7.8731,0,0,0.97917,0,0.020833,0,0,1,0,0,0,0,1,0,0,0
0,0,4.7533,0,0,74.813,0,0,20.434,0,0,11.561,3.2565,0,0,0,75.701,2.3676,0,0,0.88888,6.2245,0,2.3676,2.3857,0,0,74.813,0,0,7.5402,6.6694,6.2245,0,0,0,0.20253,0.79747,0,0,1,0,0,0,0,1,0,0,0
0,0,11.656,0,0,65.189,0,0,23.155,0,0,13.117,6.7589,0,0,0,65.189,6.7589,0,0,0,8.176,0,6.19,5.4656,0,0,65.189,0,0,7.3723,7.6071,8.176,0,0,0,0.29167,0.70833,0,0,1,0,0,0,0,1,0,0,0
0,0,5.1227,0,0,72.729,0,0,22.149,0,0,11.856,3.83,0,0,0,72.729,3.83,0,0,0,7.7551,0,2.6372,2.4855,0,0,72.729,0,0,7.8313,6.5624,7.7551,0,0,0.97849,0,0.021505,0,0,1,0,0,0,0,1,0,0,0
0,0,3.8668,0,0,78.376,0,0,17.757,0,0,8.8845,3.3224,0,0,0,78.376,3.3224,0,0,0,6.0947,0,1.6963,2.1705,0,0,78.376,0,0,4.8903,6.1302,6.7368,0,0,0.026667,0.14667,0.82667,0,0,1,0,0,0,0,1,0,0,0
0,0,6.0965,0,0,68.62,0,0,25.283,0,0,11.612,5.2889,0,0,0,68.62,5.2889,0,0,0,9.1902,0,2.4005,3.696,0,0,68.62,0,0,7.6991,6.4035,11.181,0,0,0.017241,0.32759,0.65517,0,0,1,0,0,0,0,1,0,0,0
0,0,3.4363,0,0,74.98,0,0,21.584,0,0,8.666,3.5191,0,0,0,75.979,2.5201,0,0,0.99907,8.3168,0,1.7181,1.7181,0,0,74.98,0,0,6.279,6.0177,9.2872,0,0,1,0,0,0,0,1,0,0,0,0,1,0,0,0
0,0,2.762,0,0,79.352,0,0,17.886,0,0,6.2348,3.3234,0,0,0,80.973,1.7019,0,0,0.43259,7.334,0,1.0601,1.7019,0,0,79.352,0,0,4.4368,4.6389,8.8104,0,0,0,0.19118,0.80882,0,0,1,0,0,0,0,1,0,0,0
0,0,0.45594,0,0,66.498,0,0,33.046,0,0,7.6646,5.0859,0,0,0,71.472,1.1271,0,2.5492,3.1153,8.9858,0,0,0.45594,0,0,66.498,0,0,12.528,9.2405,11.277,0,0,0,0.04,0.96,0,0,1,0,0,0,0,1,0,0,0
0,0,1.0438,0,0,73.362,0,0,25.594,0,0,7.0298,3.4878,0,0,0,75.752,1.6086,0,1.817,1.5616,8.7428,0,0,1.0438,0,0,73.362,0,0,9.6232,7.5286,8.4419,0,0,1,0,0,0,0,1,0,0,0,0,1,0,0,0
0,0,0,0,0,77.112,0,0,22.888,0,0,5.3238,2.4064,0,0,0,79.436,1.2764,0,1.2468,2.3243,7.9862,0,0,0,0,0,77.112,0,0,8.6399,6.8286,7.4196,0,0,0.014925,0.13433,0.85075,0,0,1,0,0,0,0,1,0,0,0
0,0,0,0,0,63.425,0,0,36.575,0,0,6.269,3.9503,0,0,1.6913,69.015,0,0,1.7541,6.5368,10.784,0,0,0,0,0,63.425,0,0,16.756,12.962,6.8564,0,0,0,0.066667,0.93333,0,0,1,0,0,0,0,1,0,0,0
0,0,0,0,0,70.171,0,0,29.829,0,0,6.4404,2.091,0,0,1.9191,72.726,0,0,2.2329,3.9423,10.648,0,0,0,0,0,70.171,0,0,12.474,9.8898,7.4659,0,0,1,0,0,0,0,1,0,0,0,0,1,0,0,0
0,0,0,0,0,72.959,0,0,27.041,0,0,5.8468,3.5702,0,0,1.0816,75.448,0,0,3.5746,2.3596,8.119,0,0,0,0,0,72.959,0,0,11.777,8.9912,6.2726,0,0,0.064935,0.23377,0.7013,0,0,1,0,0,0,0,1,0,0,0
0,0,0,0,0,61.402,0,0,38.598,0,0,6.4815,4.8967,0,0,4.1542,64.874,0,0,2.1315,7.6265,9.8353,0,0,0,0,0,61.402,0,0,18.009,12.741,7.8487,0,0,0.057143,0.18571,0.75714,0,0,1,0,0,0,0,1,0,0,0
0,0,0,0,0,67.782,0,0,32.218,0,0,6.9031,4.3914,0,0,0.87634,71.297,0,0,2.2893,4.3914,9.8514,0,0,0,0,0,67.782,0,0,14.02,10.549,7.6487,0,0,1,0,0,0,0,1,0,0,0,0,1,0,0,0
0,0,0,0,0,72.671,0,0,27.329,0,0,5.9376,1.9369,0,0,0.88547,75.809,0,0,1.5498,4.0236,9.8576,0,0,0,0,0,72.671,0,0,11.43,9.3552,6.5437,0,0,0.085366,0.17073,0.7439,0,0,1,0,0,0,0,1,0,0,0
0,0,1.4917,0,0,63.378,0,0,35.13,0,0,6.5992,7.1546,0,0,1.2277,67.029,2.956,0,0,6.3706,8.6628,0,0,1.4917,0,0,63.378,0,0,14.097,11.515,9.5183,0,0,0,0.27941,0.72059,0,0,1,0,0,0,0,1,0,0,0
0,0,0.56521,0,0,69.91,0,0,29.525,0,0,6.4405,3.6719,0,0,2.1663,70.727,2.3836,0,0,3.5485,11.063,0,0,0.56521,0,0,69.91,0,0,11.277,8.1861,10.062,0,0,1,0,0,0,0,1,0,0,0,0,1,0,0,0
0,0,1.3265,0,0,72.361,0,0,26.313,0,0,5.9998,3.7062,0,0,1.5257,73.176,1.9218,0,0,3.6678,10.003,0,0,1.3265,0,0,72.361,0,0,10.05,6.8157,9.447,0,0,0.024096,0.20482,0.77108,0,0,1,0,0,0,0,1,0,0,0
0,0,10.16,0,0,65.299,0,0,24.541,0,0,8.9158,6.3425,0,0,0,65.822,3.6456,3.972,0,2.7392,8.5632,0,3.972,6.1882,0,0,65.299,0,0,6.1374,10.48,7.924,0,0,0.014925,0.32836,0.65672,0,0,1,0,0,0,0,1,0,0,0
0,0,5.0776,0,0,71.006,0,0,23.916,0,0,6.8039,5.2996,0,0,0,73.277,0.97977,2.0489,0,3.2507,8.3399,0,2.0489,3.0287,0,0,71.006,0,0,7.0576,7.0097,9.8488,0,0,1,0,0,0,0,1,0,0,0,0,1,0,0,0
0,0,4.3165,0,0,75.141,0,0,20.542,0,0,7.3647,3.4564,0,0,0,76.853,0.94197,2.1583,0,1.7124,7.5128,0,2.1583,2.1583,0,0,75.141,0,0,5.8712,3.9674,10.704,0,0,0.027778,0.19444,0.77778,0,0,1,0,0,0,0,1,0,0,0
0,0,21.999,0,0,59.475,0,0,18.526,0,0,15.713,1.4901,0,0,0,59.475,6.1187,3.9271,0,0,13.276,6.1187,3.9271,11.953,0,0,59.475,0,0,0,13.845,4.6811,0,0,0.041096,0.082192,0.87671,0,0,1,0,0,0,0,1,0,0,0
0,0,7.3581,0,0,70.394,0,0,22.247,0,0,10.655,3.0586,0,0,0,70.394,4.3519,1.2967,0,0.88494,9.3583,1.2932,1.2967,4.7681,0,0,70.394,0,0,3.0586,9.9725,9.2164,0,0,0.94595,0.040541,0.013514,0,0,1,0,0,0,0,0.95946,0.040541,0,0
0,0,8.4742,0,0,75.064,0,0,16.462,0,0,7.9836,2.4062,0,0,0,75.064,4.1564,1.117,0,1.2892,7.9836,2.8672,1.117,4.49,0,0,75.064,0,0,1.2892,10.586,4.5864,0,0,0,0.1519,0.8481,0,0,1,0,0,0,0,1,0,0,0
0,0,20.901,0,0,58.301,0,0,20.797,0,0,14.015,0,0,0,2.8058,58.301,6.8807,0,0,1.1758,16.821,6.8807,2.8058,11.215,0,0,58.301,0,0,1.1758,16.153,3.4684,0,0,0.027778,0.11111,0.86111,0,0,1,0,0,0,0,1,0,0,0
0,0,12.338,0,0,72.75,0,0,14.911,0,0,11.129,0,0,0,1.4808,72.75,2.0293,1.6444,0,0,10.966,2.0293,3.1252,7.1839,0,0,72.75,0,0,0,14.911,0,0,0,0.012346,0.16049,0.82716,0,0,1,0,0,0,0,1,0,0,0
0,0,14.051,0,0,62.988,0,0,22.961,0,0,8.0937,0,0,3.1714,4.4822,62.988,0,0,0,5.4751,15.79,0,7.6535,6.3973,0,0,62.988,0,0,6.774,10.67,5.5178,0,0,0.097222,0.083333,0.81944,0,0,1,0,0,0,0,1,0,0,0
0,0,8.9953,0,0,69.25,0,0,21.755,0,0,10.15,0,0,2.3207,1.1053,69.25,1.2174,0,0,2.3207,13.636,1.2174,3.4261,4.3518,0,0,69.25,0,0,3.8905,12.094,5.771,0,0,0.98058,0,0.019417,0,0,1,0,0,0,0,1,0,0,0
0,0,8.8172,0,0,76.981,0,0,14.202,0,0,7.4714,0,0,1.3573,0.91723,76.981,2.6097,0,0,2.2746,8.3887,2.6097,2.2746,3.933,0,0,76.981,0,0,0.91723,9.7075,3.577,0,0,0.02439,0.17073,0.80488,0,0,1,0,0,0,0,1,0,0,0
0,0,8.7332,0,0,64.103,0,0,27.163,0,0,7.9051,0,0,6.5542,0.7116,64.103,0,0,0,9.8864,10.839,0,5.0581,3.6751,0,0,64.103,0,0,8.3058,10.952,7.9051,0,0,0.032258,0.27419,0.69355,0,0,1,0,0,0,0,1,0,0,0
0,0,6.0156,0,0,70.382,0,0,23.602,0,0,7.6194,0,0,2.8425,1.3859,70.382,0,0,0,6.2626,11.507,0,2.4537,3.562,0,0,70.382,0,0,5.4801,10.503,7.6194,0,0,0.98925,0,0.010753,0,0,1,0,0,0,0,1,0,0,0
0,0,4.9321,0,0,76.445,0,0,18.623,0,0,6.0216,0,0,1.8997,1.9927,76.445,0,0,0,2.5605,11.081,0,2.9394,1.9927,0,0,76.445,0,0,5.6269,6.9745,6.0216,0,0,0.038462,0.21795,0.74359,0,0,1,0,0,0,0,1,0,0,0
0,0,2.8537,0,0,80.474,0,0,16.672,0,0,7.6443,1.0608,0,0,4.7105,82.432,0,0,0,1.9572,2.1955,0.89646,0,1.9572,0,0,80.474,0,0,5.5243,7.3172,3.8303,0,0,0,0.12698,0.87302,0,0,1,0,0,0,0,1,0,0,0
0,0,3.8734,0,0,93.2,0,0,2.9266,0,0,0.87689,0.58639,0,0,0.87689,97.073,0,0,0,0.58639,0,3.287,0,0.58639,0,0,93.2,0,0,1.4633,1.4633,0,0,0,0,0.16667,0.83333,0,0,1,0,0,0,0,1,0,0,0
0,0,5.0592,0,0,88.51,0,0,6.4303,0,0,1.6718,2.4289,0,0,0.73977,91.799,0.88559,0,0,1.5433,0.93204,1.7447,0.88559,2.4289,0,0,88.51,0,0,2.7491,2.7491,0.93204,0,0,0,0.19737,0.80263,0,0,1,0,0,0,0,1,0,0,0
0,0,0,0,0,100,0,0,0,0,0,0,0,0,0,0,100,0,0,0,0,0,0,0,0,0,0,100,0,0,0,0,0,0,0,0,0.19277,0.80723,0,0,1,0,0,0,0,1,0,0,0
0,0,0,0,0,100,0,0,0,0,0,0,0,0,0,0,100,0,0,0,0,0,0,0,0,0,0,100,0,0,0,0,0,0,0,0,0.09375,0.90625,0,0,1,0,0,0,0,1,0,0,0
0,0,0,0,0,100,0,0,0,0,0,0,0,0,0,0,100,0,0,0,0,0,0,0,0,0,0,100,0,0,0,0,0,0,0,0.014286,0.18571,0.8,0,0,1,0,0,0,0,1,0,0,0
0,0,0,0,0,100,0,0,0,0,0,0,0,0,0,0,100,0,0,0,0,0,0,0,0,0,0,100,0,0,0,0,0,0,0,0.034483,0.15517,0.81034,0,0,1,0,0,0,0,1,0,0,0
0,0,5.6835,0,0,93.031,0,0,1.2853,0,0,0,3.1631,0,0,0,93.674,2.5204,0,0,0.64267,0,0,2.5204,3.1631,0,0,93.031,0,0,0.64267,0.64267,0,0,0,0.014925,0.29851,0.68657,0,0,1,0,0,0,0,1,0,0,0
0,0,0,0,0,100,0,0,0,0,0,0,0,0,0,0,100,0,0,0,0,0,0,0,0,0,0,100,0,0,0,0,0,0,0,0,0.27711,0.72289,0,0,1,0,0,0,0,1,0,0,0
0,0,6.0415,0,0,92.717,0,0,1.2414,0,0,0,3.6415,0,0,0,92.717,3.6415,0,0,0,0,0,3.0208,3.0208,0,0,92.717,0,0,0.62069,0.62069,0,0,0,0,0.29114,0.70886,0,0,1,0,0,0,0,1,0,0,0
0,0,0,0,0,100,0,0,0,0,0,0,0,0,0,0,100,0,0,0,0,0,0,0,0,0,0,100,0,0,0,0,0,0,0,0,0.26882,0.73118,0,0,1,0,0,0,0,1,0,0,0
0,0,0,0,0,100,0,0,0,0,0,0,0,0,0,0,100,0,0,0,0,0,0,0,0,0,0,100,0,0,0,0,0,0,0,0.013158,0.22368,0.76316,0,0,1,0,0,0,0,1,0,0,0
0,0,0,0,0,100,0,0,0,0,0,0,0,0,0,0,100,0,0,0,0,0,0,0,0,0,0,100,0,0,0,0,0,0,0,0,0.17073,0.82927,0,0,1,0,0,0,0,1,0,0,0
0,0,0,0,0,100,0,0,0,0,0,0,0,0,0,0,100,0,0,0,0,0,0,0,0,0,0,100,0,0,0,0,0,0,0,0.038462,0.15385,0.80769,0,0,1,0,0,0,0,1,0,0,0
0,0,0,0,0,100,0,0,0,0,0,0,0,0,0,0,100,0,0,0,0,0,0,0,0,0,0,100,0,0,0,0,0,0,0,0,0.17073,0.82927,0,0,1,0,0,0,0,1,0,0,0
0,0,2.2982,0,0,89.804,0,0,7.8978,0,0,1.3213,3.7766,0,0,0,90.453,3.1278,0,0,0,1.3213,0,1.1491,1.1491,0,0,89.804,0,0,2.6275,3.3193,1.9509,0,0,0.027397,0.30137,0.67123,0,0,1,0,0,0,0,1,0,0,0
0,0,0,0,0,100,0,0,0,0,0,0,0,0,0,0,100,0,0,0,0,0,0,0,0,0,0,100,0,0,0,0,0,0,0,0,0.1413,0.8587,0,0,1,0,0,0,0,1,0,0,0
0,0,0,0,0,92.611,0,0,7.3889,0,0,0,3.0165,0,0,0,95.24,1.0657,0,0,0.67792,0,0,0,0,0,0,92.611,0,0,3.6945,3.6945,0,0,0,0,0.23171,0.76829,0,0,1,0,0,0,0,1,0,0,0
0,0,0,0,0,100,0,0,0,0,0,0,0,0,0,0,100,0,0,0,0,0,0,0,0,0,0,100,0,0,0,0,0,0,0,0,0.11111,0.88889,0,0,1,0,0,0,0,1,0,0,0
0,0,0,0,0,100,0,0,0,0,0,0,0,0,0,0,100,0,0,0,0,0,0,0,0,0,0,100,0,0,0,0,0,0,0,0.11538,0.076923,0.80769,0,0,1,0,0,0,0,1,0,0,0
0,0,0,0,0,100,0,0,0,0,0,0,0,0,0,0,100,0,0,0,0,0,0,0,0,0,0,100,0,0,0,0,0,0,0,0,0.2125,0.7875,0,0,1,0,0,0,0,1,0,0,0
0,0,0,0,0,100,0,0,0,0,0,0,0,0,0,0,100,0,0,0,0,0,0,0,0,0,0,100,0,0,0,0,0,0,0,0.012048,0.084337,0.90361,0,0,1,0,0,0,0,1,0,0,0
0,0,0,0,0,100,0,0,0,0,0,0,0,0,0,0,100,0,0,0,0,0,0,0,0,0,0,100,0,0,0,0,0,0,0,0,0.14634,0.85366,0,0,1,0,0,0,0,1,0,0,0
0,0,0,0,0,100,0,0,0,0,0,0,0,0,0,0,100,0,0,0,0,0,0,0,0,0,0,100,0,0,0,0,0,0,0,0,0.28571,0.71429,0,0,1,0,0,0,0,1,0,0,0
0,0,0,0,0,100,0,0,0,0,0,0,0,0,0,0,100,0,0,0,0,0,0,0,0,0,0,100,0,0,0,0,0,0,0,0.10169,0.22034,0.67797,0,0,1,0,0,0,0,1,0,0,0
0,0,0,0,0,100,0,0,0,0,0,0,0,0,0,0,100,0,0,0,0,0,0,0,0,0,0,100,0,0,0,0,0,0,0,0.0125,0.275,0.7125,0,0,1,0,0,0,0,1,0,0,0
0,0,0,0,0,100,0,0,0,0,0,0,0,0,0,0,100,0,0,0,0,0,0,0,0,0,0,100,0,0,0,0,0,0,0,0.04,0.2,0.76,0,0,1,0,0,0,0,1,0,0,0
0,0,0,0,0,100,0,0,0,0,0,0,0,0,0,0,100,0,0,0,0,0,0,0,0,0,0,100,0,0,0,0,0,0,0,0.022727,0.26136,0.71591,0,0,1,0,0,0,0,1,0,0,0
0,0,0,0,0,100,0,0,0,0,0,0,0,0,0,0,100,0,0,0,0,0,0,0,0,0,0,100,0,0,0,0,0,0,0,0.11594,0.21739,0.66667,0,0,1,0,0,0,0,1,0,0,0
0,0,0,0,0,100,0,0,0,0,0,0,0,0,0,0,100,0,0,0,0,0,0,0,0,0,0,100,0,0,0,0,0,0,0,0.015152,0.21212,0.77273,0,0,1,0,0,0,0,1,0,0,0
0,0,0,0,0,100,0,0,0,0,0,0,0,0,0,0,100,0,0,0,0,0,0,0,0,0,0,100,0,0,0,0,0,0,0,0.029412,0.10294,0.86765,0,0,1,0,0,0,0,1,0,0,0
0,0,0,0,0,91.117,0,0,8.8833,0,0,0,1.9194,0,0,0.92229,94.175,0,0,0,2.9833,0,0,0,0,0,0,91.117,0,0,4.9028,3.9805,0,0,0,0,0.16495,0.83505,0,0,1,0,0,0,0,1,0,0,0
0,0,0,0,0,100,0,0,0,0,0,0,0,0,0,0,100,0,0,0,0,0,0,0,0,0,0,100,0,0,0,0,0,0,0,0,0.23,0.77,0,0,1,0,0,0,0,1,0,0,0
0,0,0,0,0,89.815,0,0,10.185,0,0,0,2.8783,0,0,1.9213,91.547,0,0,0,3.6535,0,0,0,0,0,0,89.815,0,0,6.5318,3.6535,0,0,0,0,0.26136,0.73864,0,0,1,0,0,0,0,1,0,0,0
0,0,0,0,0,100,0,0,0,0,0,0,0,0,0,0,100,0,0,0,0,0,0,0,0,0,0,100,0,0,0,0,0,0,0,0,0.19231,0.80769,0,0,1,0,0,0,0,1,0,0,0
0,0,0,0,0,100,0,0,0,0,0,0,0,0,0,0,100,0,0,0,0,0,0,0,0,0,0,100,0,0,0,0,0,0,0,0,0.098039,0.90196,0,0,1,0,0,0,0,1,0,0,0
0,0,0,0,0,100,0,0,0,0,0,0,0,0,0,0,100,0,0,0,0,0,0,0,0,0,0,100,0,0,0,0,0,0,0,0.010417,0.30208,0.6875,0,0,1,0,0,0,0,1,0,0,0
0,0,0,0,0,100,0,0,0,0,0,0,0,0,0,0,100,0,0,0,0,0,0,0,0,0,0,100,0,0,0,0,0,0,0,0,0.17708,0.82292,0,0,1,0,0,0,0,1,0,0,0
0,0,0,0,0,100,0,0,0,0,0,0,0,0,0,0,100,0,0,0,0,0,0,0,0,0,0,100,0,0,0,0,0,0,0,0,0.2551,0.7449,0,0,1,0,0,0,0,1,0,0,0
0,0,1.3576,0,0,88.646,0,0,9.9963,0,0,0,3.7846,0,0,0.63059,90.442,1.3576,0,0,3.7846,0,0,0,1.3576,0,0,88.646,0,0,6.2117,3.7846,0,0,0,0.010638,0.32979,0.65957,0,0,1,0,0,0,0,1,0,0,0
0,0,0,0,0,100,0,0,0,0,0,0,0,0,0,0,100,0,0,0,0,0,0,0,0,0,0,100,0,0,0,0,0,0,0,0,0.27,0.73,0,0,1,0,0,0,0,1,0,0,0
0,0,4.8644,0,0,87.769,0,0,7.3666,0,0,2.136,2.653,0,0,0,88.339,2.0833,1.3905,0,2.653,0.74552,0,1.3905,3.4739,0,0,87.769,0,0,3.2226,2.653,1.491,0,0,0.041096,0.23288,0.72603,0,0,1,0,0,0,0,1,0,0,0
0,0,0,0,0,100,0,0,0,0,0,0,0,0,0,0,100,0,0,0,0,0,0,0,0,0,0,100,0,0,0,0,0,0,0,0,0.20213,0.79787,0,0,1,0,0,0,0,1,0,0,0
0,0,0,0,0,100,0,0,0,0,0,0,0,0,0,0,100,0,0,0,0,0,0,0,0,0,0,100,0,0,0,0,0,0,0,0.022222,0.18889,0.78889,0,0,1,0,0,0,0,1,0,0,0
0,0,0,0,0,100,0,0,0,0,0,0,0,0,0,0,100,0,0,0,0,0,0,0,0,0,0,100,0,0,0,0,0,0,0,0,0.21277,0.78723,0,0,1,0,0,0,0,1,0,0,0
0,0,0,0,0,100,0,0,0,0,0,0,0,0,0,0,100,0,0,0,0,0,0,0,0,0,0,100,0,0,0,0,0,0,0,0.078947,0.13158,0.78947,0,0,1,0,0,0,0,1,0,0,0
0,0,0,0,0,100,0,0,0,0,0,0,0,0,0,0,100,0,0,0,0,0,0,0,0,0,0,100,0,0,0,0,0,0,0,0,0.19767,0.80233,0,0,1,0,0,0,0,1,0,0,0
0,0,0,0,0,100,0,0,0,0,0,0,0,0,0,0,100,0,0,0,0,0,0,0,0,0,0,100,0,0,0,0,0,0,0,0,0.076087,0.92391,0,0,1,0,0,0,0,1,0,0,0
0,0,0,0,0,100,0,0,0,0,0,0,0,0,0,0,100,0,0,0,0,0,0,0,0,0,0,100,0,0,0,0,0,0,0,0.10145,0.18841,0.71014,0,0,1,0,0,0,0,1,0,0,0
0,0,0,0,0,100,0,0,0,0,0,0,0,0,0,0,100,0,0,0,0,0,0,0,0,0,0,100,0,0,0,0,0,0,0,0.011236,0.13483,0.85393,0,0,1,0,0,0,0,1,0,0,0
0,0,0,0,0,100,0,0,0,0,0,0,0,0,0,0,100,0,0,0,0,0,0,0,0,0,0,100,0,0,0,0,0,0,0,0,0.34848,0.65152,0,0,1,0,0,0,0,1,0,0,0
0,0,0,0,0,100,0,0,0,0,0,0,0,0,0,0,100,0,0,0,0,0,0,0,0,0,0,100,0,0,0,0,0,0,0,0.012195,0.32927,0.65854,0,0,1,0,0,0,0,1,0,0,0
0,0,0,0,0,100,0,0,0,0,0,0,0,0,0,0,100,0,0,0,0,0,0,0,0,0,0,100,0,0,0,0,0,0,0,0.0125,0.1875,0.8,0,0,1,0,0,0,0,1,0,0,0
0,0,0,0,0,100,0,0,0,0,0,0,0,0,0,0,100,0,0,0,0,0,0,0,0,0,0,100,0,0,0,0,0,0,0,0.029851,0.23881,0.73134,0,0,1,0,0,0,0,1,0,0,0
0,0,0,0,0,100,0,0,0,0,0,0,0,0,0,0,100,0,0,0,0,0,0,0,0,0,0,100,0,0,0,0,0,0,0,0.03125,0.28125,0.6875,0,0,1,0,0,0,0,1,0,0,0
0,0,7.3081,0,0,92.692,0,0,0,0,0,2.6983,0,0,0,0,92.692,1.9115,2.6983,0,0,0,1.9115,2.6983,2.6983,0,0,92.692,0,0,0,0,0,0,0,0,0.26087,0.73913,0,0,1,0,0,0,0,1,0,0,0
0,0,0,0,0,100,0,0,0,0,0,0,0,0,0,0,100,0,0,0,0,0,0,0,0,0,0,100,0,0,0,0,0,0,0,0,0.15385,0.84615,0,0,1,0,0,0,0,1,0,0,0
0,0,5.8147,0,0,94.185,0,0,0,0,0,0,0,0,0,1.5018,94.185,2.8111,0,0,0,1.5018,2.8111,1.5018,1.5018,0,0,94.185,0,0,0,0,0,0,0,0,0.15385,0.84615,0,0,1,0,0,0,0,1,0,0,0
0,0,0,0,0,100,0,0,0,0,0,0,0,0,0,0,100,0,0,0,0,0,0,0,0,0,0,100,0,0,0,0,0,0,0,0,0.15741,0.84259,0,0,1,0,0,0,0,1,0,0,0
0,0,0,0,0,100,0,0,0,0,0,0,0,0,0,0,100,0,0,0,0,0,0,0,0,0,0,100,0,0,0,0,0,0,0,0.070588,0.070588,0.85882,0,0,1,0,0,0,0,1,0,0,0
0,0,0,0,0,100,0,0,0,0,0,0,0,0,0,0,100,0,0,0,0,0,0,0,0,0,0,100,0,0,0,0,0,0,0,0,0.14773,0.85227,0,0,1,0,0,0,0,1,0,0,0
0,0,0,0,0,100,0,0,0,0,0,0,0,0,0,0,100,0,0,0,0,0,0,0,0,0,0,100,0,0,0,0,0,0,0,0,0.081633,0.91837,0,0,1,0,0,0,0,1,0,0,0
0,0,0,0,0,100,0,0,0,0,0,0,0,0,0,0,100,0,0,0,0,0,0,0,0,0,0,100,0,0,0,0,0,0,0,0.011236,0.26966,0.7191,0,0,1,0,0,0,0,1,0,0,0
0,0,7.3454,0,0,92.655,0,0,0,0,0,0,0,0,1.4347,2.238,92.655,0,0,0,1.4347,2.238,0,3.6727,3.6727,0,0,92.655,0,0,0,0,0,0,0,0,0.17241,0.82759,0,0,1,0,0,0,0,1,0,0,0
0,0,0,0,0,100,0,0,0,0,0,0,0,0,0,0,100,0,0,0,0,0,0,0,0,0,0,100,0,0,0,0,0,0,0,0,0.23711,0.76289,0,0,1,0,0,0,0,1,0,0,0
0,0,5.8442,0,0,90.102,0,0,4.0535,0,0,0.72445,0,0,3.1645,0.6977,90.102,0,0,0,3.1645,2.1466,0,2.9221,2.9221,0,0,90.102,0,0,1.6645,1.6645,0.72445,0,0,0.014085,0.30986,0.67606,0,0,1,0,0,0,0,1,0,0,0
0,0,0,0,0,100,0,0,0,0,0,0,0,0,0,0,100,0,0,0,0,0,0,0,0,0,0,100,0,0,0,0,0,0,0,0,0.20879,0.79121,0,0,1,0,0,0,0,1,0,0,0
0,0,0,0,0,100,0,0,0,0,0,0,0,0,0,0,100,0,0,0,0,0,0,0,0,0,0,100,0,0,0,0,0,0,0,0,0.072917,0.92708,0,0,1,0,0,0,0,1,0,0,0
0,0,0,0,0,100,0,0,0,0,0,0,0,0,0,0,100,0,0,0,0,0,0,0,0,0,0,100,0,0,0,0,0,0,0,0,0.25556,0.74444,0,0,1,0,0,0,0,1,0,0,0
0,0,0,0,0,100,0,0,0,0,0,0,0,0,0,0,100,0,0,0,0,0,0,0,0,0,0,100,0,0,0,0,0,0,0,0.012987,0.20779,0.77922,0,0,1,0,0,0,0,1,0,0,0
0,0,0,0,0,100,0,0,0,0,0,0,0,0,0,0,100,0,0,0,0,0,0,0,0,0,0,100,0,0,0,0,0,0,0,0,0.2,0.8,0,0,1,0,0,0,0,1,0,0,0
0,0,0,0,0,100,0,0,0,0,0,0,0,0,0,0,100,0,0,0,0,0,0,0,0,0,0,100,0,0,0,0,0,0,0,0.011765,0.22353,0.76471,0,0,1,0,0,0,0,1,0,0,0
0,0,0,0,0,100,0,0,0,0,0,0,0,0,0,0,100,0,0,0,0,0,0,0,0,0,0,100,0,0,0,0,0,0,0,0,0.13793,0.86207,0,0,1,0,0,0,0,1,0,0,0
0,0,0,0,0,100,0,0,0,0,0,0,0,0,0,0,100,0,0,0,0,0,0,0,0,0,0,100,0,0,0,0,0,0,0,0,0.12121,0.87879,0,0,1,0,0,0,0,1,0,0,0
0,0,0,0,0,100,0,0,0,0,0,0,0,0,0,0,100,0,0,0,0,0,0,0,0,0,0,100,0,0,0,0,0,0,0,0.033898,0.33898,0.62712,0,0,1,0,0,0,0,1,0,0,0
0,0,0,0,0,100,0,0,0,0,0,0,0,0,0,0,100,0,0,0,0,0,0,0,0,0,0,100,0,0,0,0,0,0,0,0,0.044444,0.95556,0,0,1,0,0,0,0,1,0,0,0
0,0,0,0,0,100,0,0,0,0,0,0,0,0,0,0,100,0,0,0,0,0,0,0,0,0,0,100,0,0,0,0,0,0,0,0.014085,0.28169,0.70423,0,0,1,0,0,0,0,1,0,0,0
0,0,0,0,0,100,0,0,0,0,0,0,0,0,0,0,100,0,0,0,0,0,0,0,0,0,0,100,0,0,0,0,0,0,0,0.026316,0.25,0.72368,0,0,1,0,0,0,0,1,0,0,0
0,0,0,0,0,100,0,0,0,0,0,0,0,0,0,0,100,0,0,0,0,0,0,0,0,0,0,100,0,0,0,0,0,0,0,0,0.3,0.7,0,0,1,0,0,0,0,1,0,0,0
0,1.2304,6.007,18.133,8.4908,39.493,5.4158,9.3735,11.248,0,0.60923,6.3839,3.7792,1.405,1.9453,8.6924,58.086,3.394,1.1225,3.1467,1.4281,10.617,8.1247,13.049,13.434,3.0932,0.60923,36.498,1.23,8.2854,7.9609,6.5466,1.1693,0,0.026316,0.97368,0,0,0,0,1,0,0,0,0,1,0,0,0
0,2.7447,13.504,15.15,19.109,23.445,8.3976,4.0502,12.053,0.93819,0.60852,4.3269,6.6099,2.2135,2.0411,13.382,47.798,7.8874,2.2078,2.4084,3.4059,7.7192,12.387,14.513,8.4404,2.7304,0.60852,16.19,4.0842,14.38,13.269,11.055,2.3418,0,0.97222,0.027778,0,0,0,0,0.055556,0.94444,0,0.94444,0.027778,0.027778,0,0,1
0,0,0.97108,0.97108,0,84.079,4.0074,4.0074,5.9644,0,0,0,0.97108,0,3.0363,3.9533,82.136,0,0,0.97108,0.97108,7.9607,3.8843,6.9896,4.0074,2.9822,0,82.136,0,0,0,0,0,0,0,1,0,0,0,0,1,0,0,0,0,1,0,0,0
0,0.57582,2.3174,8.8885,1.7353,76.559,4.2196,2.9166,2.788,0,0,1.1672,1.7416,0,0.57582,3.4352,80.032,1.1516,2.478,1.7494,1.1658,6.5032,6.4062,6.4812,5.4024,1.1022,0,73.651,0.57582,1.7431,2.3189,1.7431,0.57582,0,0,1,0,0,0,0,1,0,0,0,0,1,0,0,0
0,0,0,0,0,97.51,1.2452,1.2452,0,0,0,0,0,0,1.2452,0,97.51,0,0,0,0,1.2452,0,1.2452,1.2452,0,0,97.51,0,0,0,0,0,0,0,1,0,0,0,0,1,0,0,0,0,1,0,0,0
0,0,0,0.78243,0,95.596,2.2021,1.4197,0,0,0,0,0,0,1.4197,0,95.596,0,0.78243,0,0,2.2021,0,2.2021,2.2021,0,0,95.596,0,0,0,0,0,0,0,1,0,0,0,0,1,0,0,0,0,1,0,0,0
0,0,0,0,0,100,0,0,0,0,0,0,0,0,0,0,100,0,0,0,0,0,0,0,0,0,0,100,0,0,0,0,0,0,0,1,0,0,0,0,1,0,0,0,0,1,0,0,0
0,0,0,0,0,100,0,0,0,0,0,0,0,0,0,0,100,0,0,0,0,0,0,0,0,0,0,100,0,0,0,0,0,0,0,1,0,0,0,0,1,0,0,0,0,1,0,0,0
0,1.8612,12.768,21.933,25.545,12.69,5.9949,4.3994,10.772,3.5442,0.49293,3.8309,4.4178,1.196,1.0265,23.491,41.904,8.921,3.8867,1.4899,2.4574,7.3788,9.3877,8.6623,7.9998,0.64138,0.49293,6.3004,6.3522,20.365,19.247,17.028,3.523,0,0.63158,0.36842,0,0,0,0,0.42105,0.57895,0,0.42105,0.21053,0.36842,0,0,1
0,0,0,0.9096,0,98.181,0.9096,0,0,0,0,0,0,0,0,0,98.181,0,0.9096,0,0,0.9096,0,0.9096,0.9096,0,0,98.181,0,0,0,0,0,0,0,1,0,0,0,0,1,0,0,0,0,1,0,0,0
0,0.75427,2.2112,6.0176,1.9843,79.884,4.3768,4.2957,0.4758,0,0,0.9516,1.4569,0,2.9199,1.6543,84.351,1.5085,0.75427,1.1785,0.70266,4.5225,4.5165,5.6069,4.7715,0,0,77.725,0.75427,1.7059,2.4601,1.7059,0.75427,0,0,1,0,0,0,0,1,0,0,0,0,1,0,0,0
0,0,0,2.7745,0,94.451,2.7745,0,0,0,0,0,0,0,0,0,94.451,0,2.7745,0,0,2.7745,0,2.7745,2.7745,0,0,94.451,0,0,0,0,0,0,0,1,0,0,0,0,1,0,0,0,0,1,0,0,0
0,0,0,0,0,100,0,0,0,0,0,0,0,0,0,0,100,0,0,0,0,0,0,0,0,0,0,100,0,0,0,0,0,0,0,1,0,0,0,0,1,0,0,0,0,1,0,0,0
0,0,0,0,0,100,0,0,0,0,0,0,0,0,0,0,100,0,0,0,0,0,0,0,0,0,0,100,0,0,0,0,0,0,0,1,0,0,0,0,1,0,0,0,0,1,0,0,0
0,0,0,0,0,100,0,0,0,0,0,0,0,0,0,0,100,0,0,0,0,0,0,0,0,0,0,100,0,0,0,0,0,0,0,1,0,0,0,0,1,0,0,0,0,1,0,0,0
0,0,0,0,0,100,0,0,0,0,0,0,0,0,0,0,100,0,0,0,0,0,0,0,0,0,0,100,0,0,0,0,0,0,0,1,0,0,0,0,1,0,0,0,0,1,0,0,0
0,0,0,1.2607,0,96.038,1.9811,0.72033,0,0,0,0,0,0,0.72033,0,96.038,0,1.2607,0,0,1.9811,0,1.9811,1.9811,0,0,96.038,0,0,0,0,0,0,0,1,0,0,0,0,1,0,0,0,0,1,0,0,0
0,0,0,0.53209,0,98.936,0.53209,0,0,0,0,0,0,0,0,0,98.936,0,0.53209,0,0,0.53209,0,0.53209,0.53209,0,0,98.936,0,0,0,0,0,0,0,1,0,0,0,0,1,0,0,0,0,1,0,0,0
0,0,0,0,0,100,0,0,0,0,0,0,0,0,0,0,100,0,0,0,0,0,0,0,0,0,0,100,0,0,0,0,0,0,0,1,0,0,0,0,1,0,0,0,0,1,0,0,0
0,0,0,0,0,100,0,0,0,0,0,0,0,0,0,0,100,0,0,0,0,0,0,0,0,0,0,100,0,0,0,0,0,0,0,1,0,0,0,0,1,0,0,0,0,1,0,0,0
0,0,0,0,0,100,0,0,0,0,0,0,0,0,0,0,100,0,0,0,0,0,0,0,0,0,0,100,0,0,0,0,0,0,0,1,0,0,0,0,1,0,0,0,0,1,0,0,0
0,0,0,0,0,100,0,0,0,0,0,0,0,0,0,0,100,0,0,0,0,0,0,0,0,0,0,100,0,0,0,0,0,0,0,1,0,0,0,0,1,0,0,0,0,1,0,0,0
0,0,0,0,0,100,0,0,0,0,0,0,0,0,0,0,100,0,0,0,0,0,0,0,0,0,0,100,0,0,0,0,0,0,0,1,0,0,0,0,1,0,0,0,0,1,0,0,0
0,0,0,0,0,100,0,0,0,0,0,0,0,0,0,0,100,0,0,0,0,0,0,0,0,0,0,100,0,0,0,0,0,0,0,1,0,0,0,0,1,0,0,0,0,1,0,0,0
0,0,0,0,0,100,0,0,0,0,0,0,0,0,0,0,100,0,0,0,0,0,0,0,0,0,0,100,0,0,0,0,0,0,0,1,0,0,0,0,1,0,0,0,0,1,0,0,0
0,0,0,0,0,100,0,0,0,0,0,0,0,0,0,0,100,0,0,0,0,0,0,0,0,0,0,100,0,0,0,0,0,0,0,1,0,0,0,0,1,0,0,0,0,1,0,0,0
0,0,0,0,0,100,0,0,0,0,0,0,0,0,0,0,100,0,0,0,0,0,0,0,0,0,0,100,0,0,0,0,0,0,0,1,0,0,0,0,1,0,0,0,0,1,0,0,0
0,0,0,0,0,100,0,0,0,0,0,0,0,0,0,0,100,0,0,0,0,0,0,0,0,0,0,100,0,0,0,0,0,0,0,1,0,0,0,0,1,0,0,0,0,1,0,0,0
0,0,0,0,0,100,0,0,0,0,0,0,0,0,0,0,100,0,0,0,0,0,0,0,0,0,0,100,0,0,0,0,0,0,0,1,0,0,0,0,1,0,0,0,0,1,0,0,0
0,0,0,0,0,100,0,0,0,0,0,0,0,0,0,0,100,0,0,0,0,0,0,0,0,0,0,100,0,0,0,0,0,0,0,1,0,0,0,0,1,0,0,0,0,1,0,0,0
0,0,0,0,0,100,0,0,0,0,0,0,0,0,0,0,100,0,0,0,0,0,0,0,0,0,0,100,0,0,0,0,0,0,0,1,0,0,0,0,1,0,0,0,0,1,0,0,0
0,0,0,0,0,100,0,0,0,0,0,0,0,0,0,0,100,0,0,0,0,0,0,0,0,0,0,100,0,0,0,0,0,0,0,1,0,0,0,0,1,0,0,0,0,1,0,0,0
0,0,0,0,0,100,0,0,0,0,0,0,0,0,0,0,100,0,0,0,0,0,0,0,0,0,0,100,0,0,0,0,0,0,0,1,0,0,0,0,1,0,0,0,0,1,0,0,0
0,0,0,0,0,100,0,0,0,0,0,0,0,0,0,0,100,0,0,0,0,0,0,0,0,0,0,100,0,0,0,0,0,0,0,1,0,0,0,0,1,0,0,0,0,1,0,0,0
0,0,0,0,0,100,0,0,0,0,0,0,0,0,0,0,100,0,0,0,0,0,0,0,0,0,0,100,0,0,0,0,0,0,0,1,0,0,0,0,1,0,0,0,0,1,0,0,0
0,0,0,0,0,100,0,0,0,0,0,0,0,0,0,0,100,0,0,0,0,0,0,0,0,0,0,100,0,0,0,0,0,0,0,1,0,0,0,0,1,0,0,0,0,1,0,0,0
0,0,0,0,0,100,0,0,0,0,0,0,0,0,0,0,100,0,0,0,0,0,0,0,0,0,0,100,0,0,0,0,0,0,0,1,0,0,0,0,1,0,0,0,0,1,0,0,0
0,0,0,0,0,100,0,0,0,0,0,0,0,0,0,0,100,0,0,0,0,0,0,0,0,0,0,100,0,0,0,0,0,0,0,1,0,0,0,0,1,0,0,0,0,1,0,0,0
0,0,0,0,0,100,0,0,0,0,0,0,0,0,0,0,100,0,0,0,0,0,0,0,0,0,0,100,0,0,0,0,0,0,0,1,0,0,0,0,1,0,0,0,0,1,0,0,0
0,0,0,0,0,100,0,0,0,0,0,0,0,0,0,0,100,0,0,0,0,0,0,0,0,0,0,100,0,0,0,0,0,0,0,1,0,0,0,0,1,0,0,0,0,1,0,0,0
0,0,0,0,0,100,0,0,0,0,0,0,0,0,0,0,100,0,0,0,0,0,0,0,0,0,0,100,0,0,0,0,0,0,0,1,0,0,0,0,1,0,0,0,0,1,0,0,0
0,0,0,0,0,100,0,0,0,0,0,0,0,0,0,0,100,0,0,0,0,0,0,0,0,0,0,100,0,0,0,0,0,0,0,1,0,0,0,0,1,0,0,0,0,1,0,0,0
0,0,0,0,0,100,0,0,0,0,0,0,0,0,0,0,100,0,0,0,0,0,0,0,0,0,0,100,0,0,0,0,0,0,0,1,0,0,0,0,1,0,0,0,0,1,0,0,0
0,0,0,0,0,100,0,0,0,0,0,0,0,0,0,0,100,0,0,0,0,0,0,0,0,0,0,100,0,0,0,0,0,0,0,1,0,0,0,0,1,0,0,0,0,1,0,0,0
0,0,0,0,0,100,0,0,0,0,0,0,0,0,0,0,100,0,0,0,0,0,0,0,0,0,0,100,0,0,0,0,0,0,0,1,0,0,0,0,1,0,0,0,0,1,0,0,0
0,0,0,0,0,100,0,0,0,0,0,0,0,0,0,0,100,0,0,0,0,0,0,0,0,0,0,100,0,0,0,0,0,0,0,1,0,0,0,0,1,0,0,0,0,1,0,0,0
0,0,0,0,0,100,0,0,0,0,0,0,0,0,0,0,100,0,0,0,0,0,0,0,0,0,0,100,0,0,0,0,0,0,0,1,0,0,0,0,1,0,0,0,0,1,0,0,0
0,0,0,0,0,100,0,0,0,0,0,0,0,0,0,0,100,0,0,0,0,0,0,0,0,0,0,100,0,0,0,0,0,0,0,1,0,0,0,0,1,0,0,0,0,1,0,0,0
0,0,0,0,0,100,0,0,0,0,0,0,0,0,0,0,100,0,0,0,0,0,0,0,0,0,0,100,0,0,0,0,0,0,0,1,0,0,0,0,1,0,0,0,0,1,0,0,0
0,0,0,0,0,100,0,0,0,0,0,0,0,0,0,0,100,0,0,0,0,0,0,0,0,0,0,100,0,0,0,0,0,0,0,1,0,0,0,0,1,0,0,0,0,1,0,0,0
0,0,0,0,0,100,0,0,0,0,0,0,0,0,0,0,100,0,0,0,0,0,0,0,0,0,0,100,0,0,0,0,0,0,0,1,0,0,0,0,1,0,0,0,0,1,0,0,0
0,0,0,0,0,100,0,0,0,0,0,0,0,0,0,0,100,0,0,0,0,0,0,0,0,0,0,100,0,0,0,0,0,0,0,1,0,0,0,0,1,0,0,0,0,1,0,0,0
0,0,0,0,0,100,0,0,0,0,0,0,0,0,0,0,100,0,0,0,0,0,0,0,0,0,0,100,0,0,0,0,0,0,0,1,0,0,0,0,1,0,0,0,0,1,0,0,0
0,0,0,0,0,100,0,0,0,0,0,0,0,0,0,0,100,0,0,0,0,0,0,0,0,0,0,100,0,0,0,0,0,0,0,1,0,0,0,0,1,0,0,0,0,1,0,0,0
0,0,0,0,0,100,0,0,0,0,0,0,0,0,0,0,100,0,0,0,0,0,0,0,0,0,0,100,0,0,0,0,0,0,0,1,0,0,0,0,1,0,0,0,0,1,0,0,0
0,0,0,0,0,100,0,0,0,0,0,0,0,0,0,0,100,0,0,0,0,0,0,0,0,0,0,100,0,0,0,0,0,0,0,1,0,0,0,0,1,0,0,0,0,1,0,0,0
0,0,0,0,0,100,0,0,0,0,0,0,0,0,0,0,100,0,0,0,0,0,0,0,0,0,0,100,0,0,0,0,0,0,0,1,0,0,0,0,1,0,0,0,0,1,0,0,0
0,0,0,0,0,100,0,0,0,0,0,0,0,0,0,0,100,0,0,0,0,0,0,0,0,0,0,100,0,0,0,0,0,0,0,1,0,0,0,0,1,0,0,0,0,1,0,0,0
0,0,0,0,0,100,0,0,0,0,0,0,0,0,0,0,100,0,0,0,0,0,0,0,0,0,0,100,0,0,0,0,0,0,0,1,0,0,0,0,1,0,0,0,0,1,0,0,0
0,0,0,0,0,100,0,0,0,0,0,0,0,0,0,0,100,0,0,0,0,0,0,0,0,0,0,100,0,0,0,0,0,0,0,1,0,0,0,0,1,0,0,0,0,1,0,0,0
0,0,0,0,0,100,0,0,0,0,0,0,0,0,0,0,100,0,0,0,0,0,0,0,0,0,0,100,0,0,0,0,0,0,0,1,0,0,0,0,1,0,0,0,0,1,0,0,0
0,0,2.9479,0,0,77.264,0,0,19.788,0,0,4.9943,3.9615,0,0,0.88232,79.31,0,1.0328,0,2.9287,6.8902,0,2.0655,0.88232,0,0,77.264,0,0,2.7974,9.9503,7.0407,0,0,1,0,0,0,0,1,0,0,0,0,1,0,0,0
0,5.0988,12.585,29.858,13.788,12.576,8.7386,6.6963,7.9157,2.1074,0.63618,5.8634,4.2231,2.1725,3.2596,14.619,40.54,10.125,4.5857,2.3545,4.6797,7.5773,12.221,14.68,12.447,1.0076,0.63618,2.6673,4.1098,13.525,22.066,11.92,4.7206,0,0.89189,0.10811,0,0,0,0,0,1,0,1,0,0,0,0,1
0,7.0272,13.144,21.854,20.271,9.9234,11.247,4.2976,9.0953,1.8017,1.3383,5.8985,6.7056,1.7202,5.0602,10.342,43.815,13.28,4.7679,0.82908,4.2549,3.326,12.323,18.379,8.2487,0.6369,1.5613,0.70384,5.9756,14.742,18.496,14.867,4.0664,0,0.83784,0.16216,0,0,0,0,0.18919,0.81081,0,0.81081,0.027027,0.16216,0,0,1
0,0,6.5049,0,0,64.449,0,0,29.047,0,0,7.1724,0,2.8836,5.104,1.9131,64.449,0,0,0,8.9522,9.5261,0,2.6567,3.8482,0,0,64.449,0,0,7.6381,14.236,7.1724,0,0,0,0.31343,0.68657,0,0,1,0,0,0,0,1,0,0,0
0,0,4.2369,0,0,73.218,0,0,22.545,0,0,6.5173,0,1.8959,2.0705,1.5446,73.218,0,0,0,6.11,8.6438,0,2.6923,1.5446,0,0,73.218,0,0,7.6069,8.4209,6.5173,0,0,1,0,0,0,0,1,0,0,0,0,1,0,0,0
0,0,5.3493,0,0,73.555,0,0,21.096,0,0,6.5394,0,0.7359,2.4974,0.91611,73.555,0,0,0,7.1239,8.6326,0,2.5681,2.7813,0,0,73.555,0,0,6.3262,8.2304,6.5394,0,0,0.023256,0.2093,0.76744,0,0,1,0,0,0,0,1,0,0,0
0,0,10.911,0,0,64.508,0,0,24.581,0,0,9.9672,0,1.6559,1.3701,5.4804,64.508,0,0,0,9.7549,7.2637,0,5.4804,5.431,0,0,64.508,0,0,6.2977,11.019,7.2637,0,0,0.015625,0.29688,0.6875,0,0,1,0,0,0,0,1,0,0,0
0,0,4.7567,0,0,74.498,0,0,20.745,0,0,8.4539,0,2.0024,0.94574,2.5377,74.498,0,0,0,5.384,6.1784,0,2.5377,2.2191,0,0,74.498,0,0,6.497,8.0699,6.1784,0,0,1,0,0,0,0,1,0,0,0,0,1,0,0,0
0,0,3.863,0,0,76.129,0,0,20.008,0,0,6.7996,0,3.1915,1.3963,1.6798,76.129,0,0,0,4.8977,5.9064,0,1.6798,2.1832,0,0,76.129,0,0,5.581,8.5209,5.9064,0,0,0,0.18605,0.81395,0,0,1,0,0,0,0,1,0,0,0
0,0,9.6634,0,0,64.759,0,0,25.578,0,0,11.382,0,2.7325,0,5.8361,66.324,0,0,0,6.6681,7.0573,0,5.8361,3.8273,0,0,64.759,0,0,9.8034,8.717,7.0573,0,0,0.014925,0.059701,0.92537,0,0,1,0,0,0,0,1,0,0,0
0,0,4.0312,0,0,72.472,0,0,23.497,0,0,11.811,0,1.9859,0,2.0156,74.659,0,0,0,2.6292,6.8986,0,2.0156,2.0156,0,0,72.472,0,0,7.9484,8.6502,6.8986,0,0,1,0,0,0,0,1,0,0,0,0,1,0,0,0
0,0,3.7545,0,0,75.787,0,0,20.458,0,0,10.097,0,1.3953,0,2.3278,76.947,0,0,0,3.4875,5.7459,0,2.3278,1.4266,0,0,75.787,0,0,7.3433,7.3691,5.7459,0,0,0.011905,0.13095,0.85714,0,0,1,0,0,0,0,1,0,0,0
0,0,4.1993,0,0,67.041,0,0,28.76,0,0,11.175,0,0,0,5.204,71.798,0,0,0,5.301,6.5213,0,3.3368,0.86251,0,0,67.041,0,0,14.816,7.4226,6.5213,0,0,0,0.030769,0.96923,0,0,1,0,0,0,0,1,0,0,0
0,0,2.8197,0,0,71.714,0,0,25.467,0,0,11.65,0,0,0,4.8791,72.755,0,0,0,3.8615,6.8545,0,2.8197,0,0,0,71.714,0,0,12.775,5.8369,6.8545,0,0,1,0,0,0,0,1,0,0,0,0,1,0,0,0
0,0,4.0407,0,0,75.332,0,0,20.627,0,0,11.813,0,0,0,3.7967,76.31,0,0,0,1.7345,6.3462,0,2.9169,1.1238,0,0,75.332,0,0,8.8145,5.4664,6.3462,0,0,0.068493,0.26027,0.67123,0,0,1,0,0,0,0,1,0,0,0
0,0,4.4947,0,0,68.303,0,0,27.202,0,0,8.4979,0,0,0,8.2292,70.012,0,2.3194,0,4.602,6.3397,0,4.4947,0,0,0,68.303,0,0,14.442,6.4206,6.3397,0,0,0.12857,0.14286,0.72857,0,0,1,0,0,0,0,1,0,0,0
0,0,0.97015,0,0,74.916,0,0,24.114,0,0,8.3785,0,0,0,5.0378,76.162,0,2.1696,0,1.8881,6.3639,0,0.97015,0,0,0,74.916,0,0,12.956,4.7939,6.3639,0,0,1,0,0,0,0,1,0,0,0,0,1,0,0,0
0,0,0.82366,0,0,78.094,0,0,21.082,0,0,5.9322,0,0,0,5.603,79.253,0,0.80269,0,3.3217,5.0874,0,0.82366,0,0,0,78.094,0,0,11.849,4.1455,5.0874,0,0,0.013514,0.14865,0.83784,0,0,1,0,0,0,0,1,0,0,0
0,0,1.4792,0,0,65.116,0,0,33.405,0,0,6.3948,1.0954,0,0,9.836,65.116,0,1.9554,0,6.9216,8.6811,0,1.4792,0,0,0,65.116,0,0,18.52,8.4903,6.3948,0,0,0.014286,0.3,0.68571,0,0,1,0,0,0,0,1,0,0,0
0,0,1.1761,0,0,72.147,0,0,26.677,0,0,6.4232,0.57076,0,0,6.0406,72.147,0,2.2334,0,4.0063,8.5786,0,1.1761,0,0,0,72.147,0,0,13.035,7.219,6.4232,0,0,0.98913,0,0.01087,0,0,1,0,0,0,0,1,0,0,0
0,0,1.9095,0,0,75.833,0,0,22.258,0,0,5.6174,1.058,0,0,5.4481,75.833,0,3.3273,0,2.4397,6.2765,0,1.9095,0,0,0,75.833,0,0,11.596,5.0443,5.6174,0,0,0,0.2625,0.7375,0,0,1,0,0,0,0,1,0,0,0
0,0,0.87051,0,0,63.07,0,0,36.06,0,0,6.9678,4.1566,0,0,7.1178,63.07,0,2.0058,0,7.1178,9.5642,0,0,0.87051,0,0,63.07,0,0,16.805,12.287,6.9678,0,0,0,0.26316,0.73684,0,0,1,0,0,0,0,1,0,0,0
0,0,1.1895,0,0,71.001,0,0,27.809,0,0,6.5384,2.5947,0,0,3.9189,71.001,0,2.2855,0,3.9189,9.7423,0,0,1.1895,0,0,71.001,0,0,12.637,8.6341,6.5384,0,0,0.97753,0,0.022472,0,0,1,0,0,0,0,1,0,0,0
0,0,0.39701,0,0,72.43,0,0,27.173,0,0,6.3089,1.5615,0,0,4.0174,72.43,0,1.7433,0,4.0174,9.9212,0,0,0.39701,0,0,72.43,0,0,10.873,9.9913,6.3089,0,0,0.025974,0.24675,0.72727,0,0,1,0,0,0,0,1,0,0,0
0,0,5.4537,0,0,62.882,0,0,31.664,0,0,6.8347,5.7787,0,0,3.6864,64.715,0,1.425,0,6.181,11.379,0,3.2342,2.2196,0,0,62.882,0,0,9.4353,13.09,9.1389,0,0,0.017241,0.18966,0.7931,0,0,1,0,0,0,0,1,0,0,0
0,0,2.2476,0,0,67.24,0,0,30.513,0,0,8.126,3.7061,0,0,2.3551,69.142,0,0.66753,0,4.2572,11.746,0,1.7913,0.45628,0,0,67.24,0,0,8.7803,11.578,10.154,0,0,0.97619,0,0.02381,0,0,1,0,0,0,0,1,0,0,0
0,0,2.9577,0,0,72.312,0,0,24.73,0,0,6.5511,3.3411,0,0,2.2925,73.878,0,0,0,3.8583,10.079,0,1.1466,1.8111,0,0,72.312,0,0,9.5351,7.6418,7.5531,0,0,0,0.21918,0.78082,0,0,1,0,0,0,0,1,0,0,0
0,0,9.5534,0,0,60.076,0,0,30.37,0,0,7.9504,5.1851,0,0,0.82877,62.18,0,4.3874,0,5.0667,14.402,0,7.8986,1.6548,0,0,60.076,0,0,5.681,12.162,12.527,0,0,0,0.021739,0.97826,0,0,1,0,0,0,0,1,0,0,0
0,0,9.5538,0,0,63.67,0,0,26.776,0,0,10.253,5.4484,0,0,1.6624,64.237,0,3.9375,0,2.9478,11.514,0,7.7235,1.8303,0,0,63.67,0,0,8.6964,5.6761,12.404,0,0,1,0,0,0,0,1,0,0,0,0,1,0,0,0
0,0,3.968,0,0,72.754,0,0,23.278,0,0,5.9113,2.7562,0,0,1.4302,73.298,0,2.8034,0,3.9957,9.8051,0,3.5854,0.38266,0,0,72.754,0,0,6.0154,8.1576,9.1049,0,0,0,0.17857,0.82143,0,0,1,0,0,0,0,1,0,0,0
0,0,11.698,0,0,59.82,0,0,28.482,0,0,9.9641,4.4758,0,0,0,61.384,0,7.1662,0,5.8179,11.192,0,10.888,0.81003,0,0,59.82,0,0,6.2984,8.079,14.104,0,0,0,0.051282,0.94872,0,0,1,0,0,0,0,1,0,0,0
0,0,6.3392,0,0,65.997,0,0,27.664,0,0,6.7201,3.7412,0,0,0,68.245,0,1.4937,0,2.2475,17.553,0,4.6633,1.6759,0,0,65.997,0,0,4.6547,8.7499,14.259,0,0,0.042553,0.34043,0.61702,0,0,1,0,0,0,0,1,0,0,0
0,0,3.4877,0,0,92.304,0,0,4.2085,0,0,0,0,0,2.8498,0.99831,92.304,0,0,0,3.8481,0,0,1.7438,1.7438,0,0,92.304,0,0,2.1043,2.1043,0,0,0,0,0.25556,0.74444,0,0,1,0,0,0,0,1,0,0,0
0,0,0,0,0,100,0,0,0,0,0,0,0,0,0,0,100,0,0,0,0,0,0,0,0,0,0,100,0,0,0,0,0,0,0,0,0.26923,0.73077,0,0,1,0,0,0,0,1,0,0,0
0,0,6.3489,0,0,92.28,0,0,1.3712,0,0,0,0,0,0.6856,3.1744,92.28,0,0,0,3.86,0,0,3.1744,3.1744,0,0,92.28,0,0,0.6856,0.6856,0,0,0,0.025316,0.3038,0.67089,0,0,1,0,0,0,0,1,0,0,0
0,0,0,0,0,100,0,0,0,0,0,0,0,0,0,0,100,0,0,0,0,0,0,0,0,0,0,100,0,0,0,0,0,0,0,0,0.17476,0.82524,0,0,1,0,0,0,0,1,0,0,0
0,0,0,0,0,100,0,0,0,0,0,0,0,0,0,0,100,0,0,0,0,0,0,0,0,0,0,100,0,0,0,0,0,0,0,0.041237,0.13402,0.82474,0,0,1,0,0,0,0,1,0,0,0
0,0,0,0,0,100,0,0,0,0,0,0,0,0,0,0,100,0,0,0,0,0,0,0,0,0,0,100,0,0,0,0,0,0,0,0,0.19149,0.80851,0,0,1,0,0,0,0,1,0,0,0
0,0,0,0,0,100,0,0,0,0,0,0,0,0,0,0,100,0,0,0,0,0,0,0,0,0,0,100,0,0,0,0,0,0,0,0.1087,0.065217,0.82609,0,0,1,0,0,0,0,1,0,0,0
0,0,0,0,0,100,0,0,0,0,0,0,0,0,0,0,100,0,0,0,0,0,0,0,0,0,0,100,0,0,0,0,0,0,0,0,0.21739,0.78261,0,0,1,0,0,0,0,1,0,0,0
0,0,5.8211,0,0,92.708,0,0,1.4713,0,0,0,0,0,0,2.9105,93.443,0,0,0,3.6462,0,0,2.9105,2.9105,0,0,92.708,0,0,0.73566,0.73566,0,0,0,0,0.21348,0.78652,0,0,1,0,0,0,0,1,0,0,0
0,0,0,0,0,100,0,0,0,0,0,0,0,0,0,0,100,0,0,0,0,0,0,0,0,0,0,100,0,0,0,0,0,0,0,0,0.1413,0.8587,0,0,1,0,0,0,0,1,0,0,0
0,0,3.0876,0,0,92.828,0,0,4.0844,0,0,0,0,0,0,2.0704,94.87,0,0,0,3.0594,0,0,2.0704,1.0172,0,0,92.828,0,0,2.0422,2.0422,0,0,0,0,0.1573,0.8427,0,0,1,0,0,0,0,1,0,0,0
0,0,0,0,0,100,0,0,0,0,0,0,0,0,0,0,100,0,0,0,0,0,0,0,0,0,0,100,0,0,0,0,0,0,0,0,0.21649,0.78351,0,0,1,0,0,0,0,1,0,0,0
0,0,0,0,0,100,0,0,0,0,0,0,0,0,0,0,100,0,0,0,0,0,0,0,0,0,0,100,0,0,0,0,0,0,0,0.010989,0.054945,0.93407,0,0,1,0,0,0,0,1,0,0,0
0,0,0,0,0,100,0,0,0,0,0,0,0,0,0,0,100,0,0,0,0,0,0,0,0,0,0,100,0,0,0,0,0,0,0,0,0.13684,0.86316,0,0,1,0,0,0,0,1,0,0,0
0,0,0,0,0,100,0,0,0,0,0,0,0,0,0,0,100,0,0,0,0,0,0,0,0,0,0,100,0,0,0,0,0,0,0,0,0.083333,0.91667,0,0,1,0,0,0,0,1,0,0,0
0,0,0,0,0,100,0,0,0,0,0,0,0,0,0,0,100,0,0,0,0,0,0,0,0,0,0,100,0,0,0,0,0,0,0,0.012346,0.30864,0.67901,0,0,1,0,0,0,0,1,0,0,0
0,0,0,0,0,100,0,0,0,0,0,0,0,0,0,0,100,0,0,0,0,0,0,0,0,0,0,100,0,0,0,0,0,0,0,0,0.27174,0.72826,0,0,1,0,0,0,0,1,0,0,0
0,0,0,0,0,100,0,0,0,0,0,0,0,0,0,0,100,0,0,0,0,0,0,0,0,0,0,100,0,0,0,0,0,0,0,0,0.26374,0.73626,0,0,1,0,0,0,0,1,0,0,0
0,0,0,0,0,100,0,0,0,0,0,0,0,0,0,0,100,0,0,0,0,0,0,0,0,0,0,100,0,0,0,0,0,0,0,0.025641,0.29487,0.67949,0,0,1,0,0,0,0,1,0,0,0
0,0,0,0,0,100,0,0,0,0,0,0,0,0,0,0,100,0,0,0,0,0,0,0,0,0,0,100,0,0,0,0,0,0,0,0.021739,0.20652,0.77174,0,0,1,0,0,0,0,1,0,0,0
0,0,0,0,0,100,0,0,0,0,0,0,0,0,0,0,100,0,0,0,0,0,0,0,0,0,0,100,0,0,0,0,0,0,0,0.012048,0.18072,0.80723,0,0,1,0,0,0,0,1,0,0,0
0,0,0,0,0,100,0,0,0,0,0,0,0,0,0,0,100,0,0,0,0,0,0,0,0,0,0,100,0,0,0,0,0,0,0,0.032609,0.076087,0.8913,0,0,1,0,0,0,0,1,0,0,0
0,0,0,0,0,100,0,0,0,0,0,0,0,0,0,0,100,0,0,0,0,0,0,0,0,0,0,100,0,0,0,0,0,0,0,0,0.079545,0.92045,0,0,1,0,0,0,0,1,0,0,0
0,0,0,0,0,100,0,0,0,0,0,0,0,0,0,0,100,0,0,0,0,0,0,0,0,0,0,100,0,0,0,0,0,0,0,0.16923,0.21538,0.61538,0,0,1,0,0,0,0,1,0,0,0
0,0,2.5206,0,0,94.059,0,0,3.4204,0,0,0,0,0,0,3.5119,94.778,0,0,0,1.7102,0,0,2.5206,0,0,0,94.059,0,0,1.7102,1.7102,0,0,0,0,0.22892,0.77108,0,0,1,0,0,0,0,1,0,0,0
0,0,0,0,0,100,0,0,0,0,0,0,0,0,0,0,100,0,0,0,0,0,0,0,0,0,0,100,0,0,0,0,0,0,0,0,0.19355,0.80645,0,0,1,0,0,0,0,1,0,0,0
0,0,0.88645,0,0,92.592,0,0,6.5219,0,0,0,0.8664,0,0,3.7142,92.592,0,0,0,2.8278,0,0,0.88645,0,0,0,92.592,0,0,3.6942,2.8278,0,0,0,0.011111,0.28889,0.7,0,0,1,0,0,0,0,1,0,0,0
0,0,0,0,0,100,0,0,0,0,0,0,0,0,0,0,100,0,0,0,0,0,0,0,0,0,0,100,0,0,0,0,0,0,0,0,0.24719,0.75281,0,0,1,0,0,0,0,1,0,0,0
0,0,0,0,0,100,0,0,0,0,0,0,0,0,0,0,100,0,0,0,0,0,0,0,0,0,0,100,0,0,0,0,0,0,0,0,0.10638,0.89362,0,0,1,0,0,0,0,1,0,0,0
0,0,0,0,0,100,0,0,0,0,0,0,0,0,0,0,100,0,0,0,0,0,0,0,0,0,0,100,0,0,0,0,0,0,0,0,0.22619,0.77381,0,0,1,0,0,0,0,1,0,0,0
0,0,0,0,0,100,0,0,0,0,0,0,0,0,0,0,100,0,0,0,0,0,0,0,0,0,0,100,0,0,0,0,0,0,0,0.011236,0.22472,0.76404,0,0,1,0,0,0,0,1,0,0,0
0,0,0,0,0,100,0,0,0,0,0,0,0,0,0,0,100,0,0,0,0,0,0,0,0,0,0,100,0,0,0,0,0,0,0,0,0.2268,0.7732,0,0,1,0,0,0,0,1,0,0,0
0,0,0,0,0,90.509,0,0,9.491,0,0,0,2.649,0,0,3.421,90.509,0,0,0,3.421,0,0,0,0,0,0,90.509,0,0,5.0522,4.4388,0,0,0,0.021739,0.27174,0.70652,0,0,1,0,0,0,0,1,0,0,0
0,0,0,0,0,100,0,0,0,0,0,0,0,0,0,0,100,0,0,0,0,0,0,0,0,0,0,100,0,0,0,0,0,0,0,0,0.29474,0.70526,0,0,1,0,0,0,0,1,0,0,0
0,0,2.5978,0,0,87.126,0,0,10.276,0,0,1.0774,3.5729,0,0,2.274,88.425,0,0,0,3.5729,1.0774,0,1.2989,1.2989,0,0,87.126,0,0,3.9527,5.2457,1.0774,0,0,0,0.26829,0.73171,0,0,1,0,0,0,0,1,0,0,0
0,0,0,0,0,100,0,0,0,0,0,0,0,0,0,0,100,0,0,0,0,0,0,0,0,0,0,100,0,0,0,0,0,0,0,0,0.16854,0.83146,0,0,1,0,0,0,0,1,0,0,0
0,0,0,0,0,100,0,0,0,0,0,0,0,0,0,0,100,0,0,0,0,0,0,0,0,0,0,100,0,0,0,0,0,0,0,0.076923,0.089744,0.83333,0,0,1,0,0,0,0,1,0,0,0
0,0,0,0,0,100,0,0,0,0,0,0,0,0,0,0,100,0,0,0,0,0,0,0,0,0,0,100,0,0,0,0,0,0,0,0,0.16279,0.83721,0,0,1,0,0,0,0,1,0,0,0
0,0,0,0,0,100,0,0,0,0,0,0,0,0,0,0,100,0,0,0,0,0,0,0,0,0,0,100,0,0,0,0,0,0,0,0.088608,0.13924,0.77215,0,0,1,0,0,0,0,1,0,0,0
0,0,0,0,0,100,0,0,0,0,0,0,0,0,0,0,100,0,0,0,0,0,0,0,0,0,0,100,0,0,0,0,0,0,0,0,0.23438,0.76562,0,0,1,0,0,0,0,1,0,0,0
0,0,0,0,0,100,0,0,0,0,0,0,0,0,0,0,100,0,0,0,0,0,0,0,0,0,0,100,0,0,0,0,0,0,0,0,0.082353,0.91765,0,0,1,0,0,0,0,1,0,0,0
0,0,0,0,0,100,0,0,0,0,0,0,0,0,0,0,100,0,0,0,0,0,0,0,0,0,0,100,0,0,0,0,0,0,0,0.12329,0.19178,0.68493,0,0,1,0,0,0,0,1,0,0,0
0,0,0,0,0,100,0,0,0,0,0,0,0,0,0,0,100,0,0,0,0,0,0,0,0,0,0,100,0,0,0,0,0,0,0,0.030769,0.35385,0.61538,0,0,1,0,0,0,0,1,0,0,0
0,0,0,0,0,100,0,0,0,0,0,0,0,0,0,0,100,0,0,0,0,0,0,0,0,0,0,100,0,0,0,0,0,0,0,0.12048,0.18072,0.6988,0,0,1,0,0,0,0,1,0,0,0
0,0,0,0,0,100,0,0,0,0,0,0,0,0,0,0,100,0,0,0,0,0,0,0,0,0,0,100,0,0,0,0,0,0,0,0.014286,0.34286,0.64286,0,0,1,0,0,0,0,1,0,0,0
0,0,0,0,0,100,0,0,0,0,0,0,0,0,0,0,100,0,0,0,0,0,0,0,0,0,0,100,0,0,0,0,0,0,0,0.024096,0.25301,0.72289,0,0,1,0,0,0,0,1,0,0,0
0,0,0,0,0,100,0,0,0,0,0,0,0,0,0,0,100,0,0,0,0,0,0,0,0,0,0,100,0,0,0,0,0,0,0,0.074627,0.20896,0.71642,0,0,1,0,0,0,0,1,0,0,0
0,0,7.8197,0,0,82.01,0,0,10.17,0,0,0.91227,3.0878,0,0,0.67545,84.422,0,2.9949,0,6.0828,1.8245,0,5.4073,2.4124,0,0,82.01,0,0,1.5877,6.7582,1.8245,0,0,0,0.16949,0.83051,0,0,1,0,0,0,0,1,0,0,0
0,0,1.6599,0,0,97.51,0,0,0.82997,0,0,0,0.82997,0,0,0,98.34,0,0,0,0.82997,0,0,0.82997,0.82997,0,0,97.51,0,0,0,0.82997,0,0,0,0,0.0625,0.9375,0,0,1,0,0,0,0,1,0,0,0
0,0,0,0,0,100,0,0,0,0,0,0,0,0,0,0,100,0,0,0,0,0,0,0,0,0,0,100,0,0,0,0,0,0,0,0,0.19048,0.80952,0,0,1,0,0,0,0,1,0,0,0
15.59,11.99,0,0,0.92405,30.115,7.0082,12.303,5.8025,3.6862,12.581,2.933,0.44794,3.3217,4.572,5.5035,39.065,9.9163,5.0796,15.808,6.4609,6.8925,11.098,26.251,16.908,5.8025,5.5035,22.589,0,0,3.3073,4.4541,4.0871,0,0.69697,0.30303,0,0,0,0,0.33333,0.15152,0.51515,0.66667,0.030303,0.30303,0,0,1
14.071,15.848,0,0,0.54249,32.316,10.149,8.7735,3.9109,1.9578,12.432,1.8904,3.6678,1.4953,6.8518,2.6608,45.986,5.7162,8.2582,9.7075,9.5402,4.2255,11.289,24.532,14.026,8.9659,2.6608,28.57,0,0,1.9578,3.2033,4.7953,0,0.90196,0.098039,0,0,0,0,0.098039,0.5098,0.39216,0.82353,0.078431,0.098039,0,0,1
7.3709,9.7249,0,0,3.0759,37.307,10.02,14.894,4.3452,3.2076,10.055,3.6074,1.358,0.98474,2.7675,1.8776,39.463,5.698,7.2014,12.319,10.37,14.353,14.274,19.029,12.396,7.0612,1.8776,28.554,0,0,2.9357,3.9688,9.9037,0,0.93443,0.065574,0,0,0,0,0.065574,0.63934,0.29508,0.90164,0.032787,0.065574,0,0,1
0,0,0,0,0,100,0,0,0,0,0,0,0,0,0,0,100,0,0,0,0,0,0,0,0,0,0,100,0,0,0,0,0,0,0,1,0,0,0,0,1,0,0,0,0,1,0,0,0
0,0,0,0,0,100,0,0,0,0,0,0,0,0,0,0,100,0,0,0,0,0,0,0,0,0,0,100,0,0,0,0,0,0,0,1,0,0,0,0,1,0,0,0,0,1,0,0,0
0,0,0,0,0,99.056,0,0,0.94363,0,0,0,0,0,0,0,99.056,0,0,0,0,0.94363,0,0,0,0,0,99.056,0,0,0,0,0.94363,0,0,1,0,0,0,0,1,0,0,0,0,1,0,0,0
0,0,6.1632,0,0,71.448,0,0,22.389,0,0,9.6535,0,0,0,3.0816,77.152,0,0,0,3.0816,7.031,3.0816,0,3.0816,0,0,71.448,0,0,3.286,12.072,7.031,0,0,1,0,0,0,0,1,0,0,0,0,1,0,0,0
0,0,1.9655,0,0,87.305,0,0,10.73,0,0,4.9745,1.5738,0,0,0,88.218,1.5738,0,0,0,3.6598,0,1.5738,0.39173,0,0,87.305,0,0,3.6693,3.4007,3.6598,0,0,1,0,0,0,0,1,0,0,0,0,1,0,0,0
0,0,3.541,0,0,88.245,0,0,8.2135,0,0,4.7018,2.3509,0,0,0,88.245,2.3509,0,0,0,2.3509,0,2.3509,1.1901,0,0,88.245,0,0,3.5117,2.3509,2.3509,0,0,1,0,0,0,0,1,0,0,0,0,1,0,0,0
0,0,0,0,0,100,0,0,0,0,0,0,0,0,0,0,100,0,0,0,0,0,0,0,0,0,0,100,0,0,0,0,0,0,0,1,0,0,0,0,1,0,0,0,0,1,0,0,0
0,0,0,0,0,100,0,0,0,0,0,0,0,0,0,0,100,0,0,0,0,0,0,0,0,0,0,100,0,0,0,0,0,0,0,1,0,0,0,0,1,0,0,0,0,1,0,0,0
0,0,0,0,0,100,0,0,0,0,0,0,0,0,0,0,100,0,0,0,0,0,0,0,0,0,0,100,0,0,0,0,0,0,0,1,0,0,0,0,1,0,0,0,0,1,0,0,0
0,0.92822,0,0,0,99.072,0,0,0,0,0,0,0,0,0.46411,0,99.072,0.46411,0,0,0,0,0,0,0.92822,0,0,99.072,0,0,0,0,0,0,0,1,0,0,0,0,1,0,0,0,0,1,0,0,0
0,0,0,0,0,100,0,0,0,0,0,0,0,0,0,0,100,0,0,0,0,0,0,0,0,0,0,100,0,0,0,0,0,0,0,1,0,0,0,0,1,0,0,0,0,1,0,0,0
0,0,2.1445,0,0,89.031,0,0,8.8245,0,0,3.4717,1.9284,0,0,0,89.416,1.5433,0,0,0.38501,3.2556,0,0.60115,1.5433,0,0,89.031,0,0,3.6406,1.9284,3.2556,0,0,1,0,0,0,0,1,0,0,0,0,1,0,0,0
0,0,0.91831,0,0,87.323,0,0,11.758,0,0,3.0311,2.1128,0,0,0,88.518,0.91831,0,0,1.1945,4.2255,0,0,0.91831,0,0,87.323,0,0,5.42,2.1128,4.2255,0,0,1,0,0,0,0,1,0,0,0,0,1,0,0,0
0,0,0,0,0,100,0,0,0,0,0,0,0,0,0,0,100,0,0,0,0,0,0,0,0,0,0,100,0,0,0,0,0,0,0,1,0,0,0,0,1,0,0,0,0,1,0,0,0
0,0,0,0,0,84.946,0,0,15.054,0,0,2.5089,2.5089,0,0,0,87.455,0,0,1.4605,2.5089,3.5573,0,0,0,0,0,84.946,0,0,7.5268,3.9695,3.5573,0,0,1,0,0,0,0,1,0,0,0,0,1,0,0,0
0,0,0,0,0,100,0,0,0,0,0,0,0,0,0,0,100,0,0,0,0,0,0,0,0,0,0,100,0,0,0,0,0,0,0,1,0,0,0,0,1,0,0,0,0,1,0,0,0
0,0,0,0,0,83.934,0,0,16.066,0,0,3.0255,1.4964,0,0,1.5291,85.43,0,0,0.93846,3.0255,4.5546,0,0,0,0,0,83.934,0,0,6.9895,6.051,3.0255,0,0,1,0,0,0,0,1,0,0,0,0,1,0,0,0
4.9931,14.742,0,0,0.32006,37.505,5.7122,9.6574,4.1222,6.9946,15.954,4.4947,0.66383,3.4696,1.6963,1.4197,45.016,10.44,2.6801,6.9526,12.899,10.268,12.787,19.209,19.623,5.4498,1.4197,33.312,0,0,5.852,1.0324,1.3135,0,0.81609,0.18391,0,0,0,0,0,0.94253,0.057471,1,0,0,0,0,1
0,0,0,0,0,100,0,0,0,0,0,0,0,0,0,0,100,0,0,0,0,0,0,0,0,0,0,100,0,0,0,0,0,0,0,1,0,0,0,0,1,0,0,0,0,1,0,0,0
0,0,0,0,0,100,0,0,0,0,0,0,0,0,0,0,100,0,0,0,0,0,0,0,0,0,0,100,0,0,0,0,0,0,0,1,0,0,0,0,1,0,0,0,0,1,0,0,0
0,0,0,0,0,100,0,0,0,0,0,0,0,0,0,0,99.041,0.95874,0,0,0,0,0,0,0,0,0,100,0,0,0,0,0,0,0,1,0,0,0,0,1,0,0,0,0,1,0,0,0
0,1.6308,2.6115,0,0,92.478,0,0,2.475,0.80444,0,0.49037,0,0,0,2.2182,91.007,0.49037,0,0.49037,1.2375,4.066,0.49037,2.1211,0.80444,1.6308,0,90.26,2.2182,0,0,2.475,0,0,0,1,0,0,0,0,1,0,0,0,0,1,0,0,0
0,1.5701,8.5962,0,0,83.618,0,0,5.1606,1.0551,0,3.1738,0.57782,0.57782,1.4176,5.2785,76.998,4.0291,0,2.596,1.5323,3.8186,2.1188,6.578,1.5323,1.5701,1.0551,77.732,4.8313,0,0,3.5277,1.0551,0,0,1,0,0,0,0,1,0,0,0,0,1,0,0,0
0,0,0,0,0,86.472,0,0,13.528,0,0,2.8463,1.9688,0,0,0.87747,87.737,0.7031,0,0,2.1432,3.7237,0,0,0,0,0,86.472,0,0,4.9894,4.9894,3.5494,0,0,1,0,0,0,0,1,0,0,0,0,1,0,0,0
0,0,1.7581,0,0,86.051,0,0,12.191,0,0,3.2804,3.2804,0,0,0,86.878,1.5739,0.87906,0,0.82744,3.2804,0,0.87906,0.87906,0,0,86.051,0,0,3.2288,4.1079,4.8544,0,0,1,0,0,0,0,1,0,0,0,0,1,0,0,0
0,0,4.6044,0,0,85.357,0,0,10.039,0,0,3.6608,3.6608,0,0,0,85.357,1.3586,2.3022,0,0,3.6608,0,2.3022,2.3022,0,0,85.357,0,0,1.3586,3.6608,5.0194,0,0,0.98387,0,0.016129,0,0,1,0,0,0,0,0.98387,0,0.016129,0
0,0,9.0253,0,0,67.675,0,0,23.3,0,0,12.171,1.0094,0,0,1.5387,67.675,2.0411,1.9535,0,0.84505,12.766,2.0411,3.4921,3.4921,0,0,67.675,0,0,0.84505,20.6,1.8545,0,0,0.90909,0,0.090909,0,0,1,0,0,0,0,1,0,0,0
0,0,1.9422,0,0,96.623,0,0,1.4347,0,0,3.8843,0,0,0,0.71733,94.681,0,0,0,0.71733,0,0,0,1.9422,0,0,91.671,3.0097,0,1.9422,1.4347,0,0,0,0.98361,0,0.016393,0.016393,0.016393,0.96721,0,0,0,0,0.96721,0.016393,0.016393,0
0,0.64323,7.669,0,0,86.79,0,0,4.255,0.64323,0,4.8242,0,0,0.64323,6.9226,80.436,1.5583,0,2.8448,2.1275,0.64323,2.2016,2.8448,3.2658,0.64323,0.64323,80.049,6.0978,0,0,3.6117,0.64323,0,0,0.97872,0.021277,0,0,0.021277,0.97872,0,0,0,0,0.97872,0.021277,0,0
0,0,1.7459,0,0,96.328,0,0,1.9263,0,0,3.0359,0,0,0.63625,2.0012,94.327,0,0,0,0,0,0,0,3.0359,0,0,96.328,0,0,0,0.63625,0,0,0,1,0,0,0,0,1,0,0,0,0,1,0,0,0
0,0,0.75595,0,0,96.754,0,0,2.4904,0,0,3.2463,0,0,0,0,96.754,0,0,0,0,0,0,0,3.2463,0,0,96.754,0,0,0,0,0,0,0,1,0,0,0,0,1,0,0,0,0,1,0,0,0
0,0,0,0,0,100,0,0,0,0,0,0,0,0,0,0.68676,99.313,0,0,0,0,0,0,0,0,0,0,100,0,0,0,0,0,0,0,1,0,0,0,0,1,0,0,0,0,1,0,0,0
0,0,0,0,0,100,0,0,0,0,0,0,0,0,0,0,100,0,0,0,0,0,0,0,0,0,0,100,0,0,0,0,0,0,0,1,0,0,0,0,1,0,0,0,0,1,0,0,0
0,0,4.2947,0,0,89.263,0,0,6.442,0,0,2.1473,0,0,0,2.1473,89.263,0,0,0,2.1473,4.2947,0,2.1473,2.1473,0,0,89.263,0,0,2.1473,2.1473,2.1473,0,0,1,0,0,0,0,1,0,0,0,0,1,0,0,0
0,0,0,0,0,99.258,0,0,0.74161,0,0,0.74161,0,0,0,0,99.258,0,0,0,0,0,0,0,0.74161,0,0,99.258,0,0,0,0,0,0,0,1,0,0,0,0,1,0,0,0,0,1,0,0,0
0,0,3.6873,0,0,86.793,0,0,9.5199,0,0,2.6415,0,0,1.5956,1.0459,86.793,0,0,0,2.6415,5.2829,0,2.6415,1.0459,0,0,86.793,0,0,4.237,2.6415,2.6415,0,0,1,0,0,0,0,1,0,0,0,0,1,0,0,0
0,0,1.9099,0,0,90.45,0,0,7.6396,0,0,1.9099,0,0,1.9099,0,90.45,0,0,0,2.8966,2.8331,0,0.92318,0.98673,0,0,90.45,0,0,1.8464,3.8834,1.9099,0,0,1,0,0,0,0,1,0,0,0,0,1,0,0,0
0,0,3.4072,0,0,89.071,0,0,7.5217,0,0,2.1858,0,1.2214,0.96437,1.2214,89.071,0,0,0,3.1501,2.1858,0,1.2214,2.1858,0,0,89.071,0,0,0,5.3359,2.1858,0,0,1,0,0,0,0,1,0,0,0,0,1,0,0,0
7.0309,25.847,0,0,1.1673,22.394,11.1,13.648,2.3005,4.1399,12.373,3.1109,4.0816,3.319,4.0816,1.7113,30.141,13.939,8.6949,4.7944,18.261,7.865,15.361,21.709,20.241,9.8281,1.7113,17.941,0,0,3.671,0.93006,8.6068,0,1,0,0,0,0,0,0,1,0,1,0,0,0,0,1
0,0,0,0,0,100,0,0,0,0,0,0,0,0,0,0,100,0,0,0,0,0,0,0,0,0,0,100,0,0,0,0,0,0,0,1,0,0,0,0,1,0,0,0,0,1,0,0,0
0,0,0,0,0,100,0,0,0,0,0,0,0,0,0,0,100,0,0,0,0,0,0,0,0,0,0,100,0,0,0,0,0,0,0,1,0,0,0,0,1,0,0,0,0,1,0,0,0
0,0,0,0,0,100,0,0,0,0,0,0,0,0,0,0,100,0,0,0,0,0,0,0,0,0,0,100,0,0,0,0,0,0,0,1,0,0,0,0,1,0,0,0,0,1,0,0,0
0,0,3.1255,0,0,86.461,0,0,10.414,0,0,4.7879,0,0.83778,0,2.2877,86.986,0,0,0,2.2877,2.8128,0,2.2877,0.83778,0,0,86.461,0,0,3.9501,3.6506,2.8128,0,0,1,0,0,0,0,1,0,0,0,0,1,0,0,0
0,0,0.97415,0,0,89.816,0,0,9.2103,0,0,4.6052,0,0,0,0.97415,91.144,0,0,0,0.97415,2.3026,0,0.97415,0,0,0,89.816,0,0,4.6052,2.3026,2.3026,0,0,1,0,0,0,0,1,0,0,0,0,1,0,0,0
0,0,1.3402,0,0,88.245,0,0,10.414,0,0,3.867,0,0,0,2.6804,89.509,0,0,0,1.3402,2.6036,0,1.3402,0,0,0,88.245,0,0,6.5474,1.2634,2.6036,0,0,1,0,0,0,0,1,0,0,0,0,1,0,0,0
0,0,0.79709,0,0,86.795,0,0,12.408,0,0,2.6409,0,0,0,3.438,86.795,0,1.3134,0,2.6409,3.1714,0,0.79709,0,0,0,86.795,0,0,7.3923,2.3743,2.6409,0,0,1,0,0,0,0,1,0,0,0,0,1,0,0,0
0,0,0,0,0,100,0,0,0,0,0,0,0,0,0,0,100,0,0,0,0,0,0,0,0,0,0,100,0,0,0,0,0,0,0,1,0,0,0,0,1,0,0,0,0,1,0,0,0
0,0,0.46927,0,0,86.224,0,0,13.307,0,0,2.6613,0.46927,0,0,2.6613,86.224,0,0.86426,0,2.6613,4.4584,0,0,0.46927,0,0,86.224,0,0,6.1869,4.4584,2.6613,0,0,1,0,0,0,0,1,0,0,0,0,1,0,0,0
0,0,1.1407,0,0,84.173,0,0,14.687,0,0,2.7872,1.8917,0,0,2.0362,84.923,0,0,0,2.7872,5.5743,0,0,1.1407,0,0,84.173,0,0,4.0724,7.0762,3.5381,0,0,1,0,0,0,0,1,0,0,0,0,1,0,0,0
0,0,0,0,0,100,0,0,0,0,0,0,0,0,0,0,100,0,0,0,0,0,0,0,0,0,0,100,0,0,0,0,0,0,0,1,0,0,0,0,1,0,0,0,0,1,0,0,0
0,0,3.3392,0,0,60.182,0,0,36.479,0,0,6.6267,3.7695,0,0,0.47622,63.475,0,1.5327,0,5.3022,18.817,0,2.1978,1.1414,0,0,60.182,0,0,4.4748,17.025,14.978,0,0,0.95556,0,0.044444,0,0,1,0,0,0,0,1,0,0,0
0,0,0,0,0,100,0,0,0,0,0,0,0,0,0,0,100,0,0,0,0,0,0,0,0,0,0,100,0,0,0,0,0,0,0,1,0,0,0,0,1,0,0,0,0,1,0,0,0
0,0,0,0,0,100,0,0,0,0,0,0,0,0,0,0,100,0,0,0,0,0,0,0,0,0,0,100,0,0,0,0,0,0,0,1,0,0,0,0,1,0,0,0,0,1,0,0,0
0,0,0,0,0,100,0,0,0,0,0,0,0,0,0,0,100,0,0,0,0,0,0,0,0,0,0,100,0,0,0,0,0,0,0,1,0,0,0,0,1,0,0,0,0,1,0,0,0
0,0,0,0,0,97.902,0,0,0.8345,1.2637,0,0,0,0,0,0,97.902,0,0,0,0.8345,1.2637,0,0.8345,1.2637,0,0,97.902,0,0,0,0,0,0,0,1,0,0,0,0,1,0,0,0,0,1,0,0,0
0,0,0,0,0,100,0,0,0,0,0,0,0,0,0,0,100,0,0,0,0,0,0,0,0,0,0,100,0,0,0,0,0,0,0,1,0,0,0,0,1,0,0,0,0,1,0,0,0
0,0,2.3593,0,0,95.502,0,0,2.1388,0,0,1.8922,0,0,2.1388,3.073,91.962,0.46708,0,0.46708,0,0,0.46708,0.46708,1.4251,0,0,93.678,1.8239,0,0,2.1388,0,0,0,1,0,0,0,0,1,0,0,0,0,1,0,0,0
0,0,0,0,0,100,0,0,0,0,0,0,0,0,0,1.0174,98.983,0,0,0,0,0,0,0,0,0,0,100,0,0,0,0,0,0,0,1,0,0,0,0,1,0,0,0,0,1,0,0,0
0,0,0,0,0,100,0,0,0,0,0,0,0,0,0,0,100,0,0,0,0,0,0,0,0,0,0,100,0,0,0,0,0,0,0,1,0,0,0,0,1,0,0,0,0,1,0,0,0
0,0,0,0,0,100,0,0,0,0,0,0,0,0,0,0,100,0,0,0,0,0,0,0,0,0,0,100,0,0,0,0,0,0,0,1,0,0,0,0,1,0,0,0,0,1,0,0,0
0,0,0,0,0,100,0,0,0,0,0,0,0,0,0,0,100,0,0,0,0,0,0,0,0,0,0,100,0,0,0,0,0,0,0,1,0,0,0,0,1,0,0,0,0,1,0,0,0
0,0,1.3647,0,0,95.019,0,0,3.6168,0,0,0.9963,0,0.36842,0.62787,0.36842,95.019,0,0,0,1.6242,0.9963,0,0.36842,0.9963,0,0,95.019,0,0,0,2.6205,0.9963,0,0,1,0,0,0,0,1,0,0,0,0,1,0,0,0
0,0,0,0,0,100,0,0,0,0,0,0,0,0,0,0,100,0,0,0,0,0,0,0,0,0,0,100,0,0,0,0,0,0,0,1,0,0,0,0,1,0,0,0,0,1,0,0,0
0,0,0,0,0,100,0,0,0,0,0,0,0,0,0,0,100,0,0,0,0,0,0,0,0,0,0,100,0,0,0,0,0,0,0,1,0,0,0,0,1,0,0,0,0,1,0,0,0
0,0,0,0,0,100,0,0,0,0,0,0,0,0,0,0,100,0,0,0,0,0,0,0,0,0,0,100,0,0,0,0,0,0,0,1,0,0,0,0,1,0,0,0,0,1,0,0,0
0,0,0,0,0,100,0,0,0,0,0,0,0,0,0,0,100,0,0,0,0,0,0,0,0,0,0,100,0,0,0,0,0,0,0,1,0,0,0,0,1,0,0,0,0,1,0,0,0
0,0,0,0,0,100,0,0,0,0,0,0,0,0,0,0,100,0,0,0,0,0,0,0,0,0,0,100,0,0,0,0,0,0,0,1,0,0,0,0,1,0,0,0,0,1,0,0,0
0,0,0,0,0,100,0,0,0,0,0,0,0,0,0,0,100,0,0,0,0,0,0,0,0,0,0,100,0,0,0,0,0,0,0,1,0,0,0,0,1,0,0,0,0,1,0,0,0
0,0,0.80949,0,0,97.976,0,0,1.2142,0,0,0.40475,0,0.40475,0,0.40475,97.976,0,0,0,0.40475,0.40475,0,0.40475,0.40475,0,0,97.976,0,0,0,0.80949,0.40475,0,0,1,0,0,0,0,1,0,0,0,0,1,0,0,0
0,0,0,0,0,100,0,0,0,0,0,0,0,0,0,0,100,0,0,0,0,0,0,0,0,0,0,100,0,0,0,0,0,0,0,1,0,0,0,0,1,0,0,0,0,1,0,0,0
0,0,0,0,0,100,0,0,0,0,0,0,0,0,0,0,100,0,0,0,0,0,0,0,0,0,0,100,0,0,0,0,0,0,0,1,0,0,0,0,1,0,0,0,0,1,0,0,0
0,0,0.60047,0,0,94.847,0,0,4.5527,0,0,1.0306,0,0,0,1.6311,94.847,0,0.43016,0,1.0306,1.0306,0,0.60047,0,0,0,94.847,0,0,3.0919,0.43016,1.0306,0,0,1,0,0,0,0,1,0,0,0,0,1,0,0,0
0,0,0,0,0,100,0,0,0,0,0,0,0,0,0,0,100,0,0,0,0,0,0,0,0,0,0,100,0,0,0,0,0,0,0,0,0.18182,0.81818,0,0,1,0,0,0,0,1,0,0,0
0,0,0,0,0,100,0,0,0,0,0,0,0,0,0,0,100,0,0,0,0,0,0,0,0,0,0,100,0,0,0,0,0,0,0,0.175,0.3,0.525,0,0,1,0,0,0,0,1,0,0,0
0,0,0,0,0,100,0,0,0,0,0,0,0,0,0,0,100,0,0,0,0,0,0,0,0,0,0,100,0,0,0,0,0,0,0,0,0.32,0.68,0,0,1,0,0,0,0,1,0,0,0
0,0,0,0,0,100,0,0,0,0,0,0,0,0,0,0,100,0,0,0,0,0,0,0,0,0,0,100,0,0,0,0,0,0,0,1,0,0,0,0,1,0,0,0,0,1,0,0,0
