h1,h2,h3,h4,h5,h6,h7,h8,h9,h10,h11,h12,h13,h14,h15,h16,h17,h18,h19,h20,h21,h22,h23,h24,h25,h26,h27,h28,h29,h30,h31,h32,h33,h34,h35,h36,h37,h38,h39,h40,h41,h42,h43,h44,h45,h46,h47,h48,label
0,0,0,0,0,100,0,0,0,0,0,0,0,0,0,0,100,0,0,0,0,0,0,0,0,0,0,100,0,0,0,0,0,0,0,1,0,0,0,0,1,0,0,0,0,1,0,0,0
0,0,0,0,0,99.348,0,0,0.65169,0,0,0.65169,0,0,0,0,99.348,0,0,0,0,0,0,0,0,0,0,99.348,0,0,0,0,0.65169,0,0,1,0,0,0,0,1,0,0,0,0,1,0,0,0
0,0,0.95343,0,0,92.007,0,0,7.0393,0,0,6.0859,0,0,0,0,92.961,0,0,0,0.47671,0.47671,0,0.47671,0.47671,0,0,92.007,0,0,0.47671,0.95343,5.6091,0,0,1,0,0,0,0,1,0,0,0,0,1,0,0,0
0,0,0,0,0,100,0,0,0,0,0,0,0,0,0,0,100,0,0,0,0,0,0,0,0,0,0,100,0,0,0,0,0,0,0,1,0,0,0,0,1,0,0,0,0,1,0,0,0
0,0,0,0,0,100,0,0,0,0,0,0,0,0,0,0,100,0,0,0,0,0,0,0,0,0,0,100,0,0,0,0,0,0,0,1,0,0,0,0,1,0,0,0,0,1,0,0,0
0,0,0,0,0,100,0,0,0,0,0,0,0,0,0,0,100,0,0,0,0,0,0,0,0,0,0,100,0,0,0,0,0,0,0,1,0,0,0,0,1,0,0,0,0,1,0,0,0
0,0,0,0,0,100,0,0,0,0,0,0,0,0,0,0,100,0,0,0,0,0,0,0,0,0,0,100,0,0,0,0,0,0,0,1,0,0,0,0,1,0,0,0,0,1,0,0,0
0,0,0,0,0,100,0,0,0,0,0,0,0,0,0,0,100,0,0,0,0,0,0,0,0,0,0,100,0,0,0,0,0,0,0,1,0,0,0,0,1,0,0,0,0,1,0,0,0
0,0,0,0,0,100,0,0,0,0,0,0,0,0,0,0,100,0,0,0,0,0,0,0,0,0,0,100,0,0,0,0,0,0,0,1,0,0,0,0,1,0,0,0,0,1,0,0,0
0,0,0,0,0,100,0,0,0,0,0,0,0,0,0,0,100,0,0,0,0,0,0,0,0,0,0,100,0,0,0,0,0,0,0,1,0,0,0,0,1,0,0,0,0,1,0,0,0
0,0,0,0,0,100,0,0,0,0,0,0,0,0,0,0,100,0,0,0,0,0,0,0,0,0,0,100,0,0,0,0,0,0,0,1,0,0,0,0,1,0,0,0,0,1,0,0,0
0,0,0,0,0,88.312,5.4357,5.002,1.2505,0,0,6.6862,1.2505,0,0,1.2505,89.562,0,0,0,0,1.2505,1.2505,6.4693,1.2505,2.7178,0,88.312,0,0,0,0,0,0,0,1,0,0,0,0,1,0,0,0,0,1,0,0,0
0,0,0,0,0,100,0,0,0,0,0,0,0,0,0,0,100,0,0,0,0,0,0,0,0,0,0,100,0,0,0,0,0,0,0,1,0,0,0,0,1,0,0,0,0,1,0,0,0
0,0,0,0,0,100,0,0,0,0,0,0,0,0,0,0,100,0,0,0,0,0,0,0,0,0,0,100,0,0,0,0,0,0,0,1,0,0,0,0,1,0,0,0,0,1,0,0,0
0,0,0,0,0,100,0,0,0,0,0,0,0,0,0,0,100,0,0,0,0,0,0,0,0,0,0,100,0,0,0,0,0,0,0,1,0,0,0,0,1,0,0,0,0,1,0,0,0
0,0,0,0,0,100,0,0,0,0,0,0,0,0,0,0,100,0,0,0,0,0,0,0,0,0,0,100,0,0,0,0,0,0,0,1,0,0,0,0,1,0,0,0,0,1,0,0,0
0,0,0,0,0,100,0,0,0,0,0,0,0,0,0,0,100,0,0,0,0,0,0,0,0,0,0,100,0,0,0,0,0,0,0,1,0,0,0,0,1,0,0,0,0,1,0,0,0
0,0,0,0,0,99.345,0,0,0.65466,0,0,0.65466,0,0,0,0,99.345,0,0,0,0,0,0,0,0,0,0,99.345,0,0,0,0,0.65466,0,0,1,0,0,0,0,1,0,0,0,0,1,0,0,0
0,0,0,0,0,100,0,0,0,0,0,0,0,0,0,0,100,0,0,0,0,0,0,0,0,0,0,100,0,0,0,0,0,0,0,1,0,0,0,0,1,0,0,0,0,1,0,0,0
0,0,0,0,0,100,0,0,0,0,0,0,0,0,0,0,100,0,0,0,0,0,0,0,0,0,0,100,0,0,0,0,0,0,0,1,0,0,0,0,1,0,0,0,0,1,0,0,0
0,0,0,0,0,100,0,0,0,0,0,0,0,0,0,0,100,0,0,0,0,0,0,0,0,0,0,100,0,0,0,0,0,0,0,1,0,0,0,0,1,0,0,0,0,1,0,0,0
0,0,0,0,0,100,0,0,0,0,0,0,0,0,0,0,100,0,0,0,0,0,0,0,0,0,0,100,0,0,0,0,0,0,0,1,0,0,0,0,1,0,0,0,0,1,0,0,0
0,0,0,0,0,94.314,5.6856,0,0,0,0,5.6856,0,0,0,0,94.314,0,0,0,0,0,0,2.8428,0,2.8428,0,94.314,0,0,0,0,0,0,0,1,0,0,0,0,1,0,0,0,0,1,0,0,0
0,0,0,0,0,100,0,0,0,0,0,0,0,0,0,0,100,0,0,0,0,0,0,0,0,0,0,100,0,0,0,0,0,0,0,1,0,0,0,0,1,0,0,0,0,1,0,0,0
0,0,0,0,0,100,0,0,0,0,0,0,0,0,0,0,100,0,0,0,0,0,0,0,0,0,0,100,0,0,0,0,0,0,0,1,0,0,0,0,1,0,0,0,0,1,0,0,0
0,0,0,0,0,100,0,0,0,0,0,0,0,0,0,0,100,0,0,0,0,0,0,0,0,0,0,100,0,0,0,0,0,0,0,1,0,0,0,0,1,0,0,0,0,1,0,0,0
0,0,0,0,0,100,0,0,0,0,0,0,0,0,0,0,100,0,0,0,0,0,0,0,0,0,0,100,0,0,0,0,0,0,0,1,0,0,0,0,1,0,0,0,0,1,0,0,0
0,0,0,0,0,100,0,0,0,0,0,0,0,0,0,0,100,0,0,0,0,0,0,0,0,0,0,100,0,0,0,0,0,0,0,1,0,0,0,0,1,0,0,0,0,1,0,0,0
0,0,0,0,0,100,0,0,0,0,0,0,0,0,0,0,100,0,0,0,0,0,0,0,0,0,0,100,0,0,0,0,0,0,0,1,0,0,0,0,1,0,0,0,0,1,0,0,0
0,0,0,0,0,100,0,0,0,0,0,0,0,0,0,0,100,0,0,0,0,0,0,0,0,0,0,100,0,0,0,0,0,0,0,1,0,0,0,0,1,0,0,0,0,1,0,0,0
0,0,0,0,0,100,0,0,0,0,0,0,0,0,0,0,100,0,0,0,0,0,0,0,0,0,0,100,0,0,0,0,0,0,0,1,0,0,0,0,1,0,0,0,0,1,0,0,0
0,0,0,0,0,100,0,0,0,0,0,0,0,0,0,0,100,0,0,0,0,0,0,0,0,0,0,100,0,0,0,0,0,0,0,1,0,0,0,0,1,0,0,0,0,1,0,0,0
0,0,0,0,0,100,0,0,0,0,0,0,0,0,0,0,100,0,0,0,0,0,0,0,0,0,0,100,0,0,0,0,0,0,0,1,0,0,0,0,1,0,0,0,0,1,0,0,0
0,0,0,0,0,100,0,0,0,0,0,0,0,0,0,0,100,0,0,0,0,0,0,0,0,0,0,100,0,0,0,0,0,0,0,1,0,0,0,0,1,0,0,0,0,1,0,0,0
0,0,0,0,0,100,0,0,0,0,0,0,0,0,0,0,100,0,0,0,0,0,0,0,0,0,0,100,0,0,0,0,0,0,0,1,0,0,0,0,1,0,0,0,0,1,0,0,0
0,0,0,0,0,100,0,0,0,0,0,0,0,0,0,0,100,0,0,0,0,0,0,0,0,0,0,100,0,0,0,0,0,0,0,1,0,0,0,0,1,0,0,0,0,1,0,0,0
0,0,0,0,0,100,0,0,0,0,0,0,0,0,0,0,100,0,0,0,0,0,0,0,0,0,0,100,0,0,0,0,0,0,0,1,0,0,0,0,1,0,0,0,0,1,0,0,0
0,0,0,0,0,100,0,0,0,0,0,0,0,0,0,0,100,0,0,0,0,0,0,0,0,0,0,100,0,0,0,0,0,0,0,1,0,0,0,0,1,0,0,0,0,1,0,0,0
0,0,0,0,0,100,0,0,0,0,0,0,0,0,0,0,100,0,0,0,0,0,0,0,0,0,0,100,0,0,0,0,0,0,0,1,0,0,0,0,1,0,0,0,0,1,0,0,0
0,0,6.1046,0,0,60.547,0,0,33.348,0,0,9.7272,0.42665,6.6163,0.357,3.9189,60.547,0,3.099,0,4.6219,10.686,0,6.1046,0,0,0,60.547,0,0.41624,2.8073,21.122,9.0023,0,0,0,0.13636,0.86364,0,0,1,0,0,0,0,1,0,0,0
0,0,0,0,0,100,0,0,0,0,0,0,0,0,0,0,100,0,0,0,0,0,0,0,0,0,0,100,0,0,0,0,0,0,0,1,0,0,0,0,1,0,0,0,0,1,0,0,0
0,0,7.4079,22.995,6.1554,30.162,3.255,18.146,9.423,0,2.4553,6.9086,8.7037,8.985,2.9255,9.8695,35.814,1.6711,4.8153,4.9483,5.6401,9.7191,7.3839,7.9707,4.9613,8.2836,5.0053,15.581,6.5417,4.9689,11.139,19.091,9.0735,0,0,0,0,1,0,0,1,0,0,0,0,0,0,1,1
0,0,0,0,0,100,0,0,0,0,0,0,0,0,0,0,100,0,0,0,0,0,0,0,0,0,0,100,0,0,0,0,0,0,0,1,0,0,0,0,1,0,0,0,0,1,0,0,0
0,0,0.85576,0,0,91.65,1.8102,1.9427,3.7417,0,0,4.4762,0.42788,1.1525,0,2.2938,89.412,0.42788,0,1.4479,0,0.36231,0.7902,2.2381,2.666,0.72463,1.4479,91.222,0,0.42788,0,0,0.48358,0,0,1,0,0,0,0,1,0,0,0,0,1,0,0,0
0,0,0,0,0,100,0,0,0,0,0,0,0,0,0,0,100,0,0,0,0,0,0,0,0,0,0,100,0,0,0,0,0,0,0,1,0,0,0,0,1,0,0,0,0,1,0,0,0
0,0,0,0,0,100,0,0,0,0,0,0,0,0,0,0,100,0,0,0,0,0,0,0,0,0,0,100,0,0,0,0,0,0,0,1,0,0,0,0,1,0,0,0,0,1,0,0,0
0,0,0,0,0,100,0,0,0,0,0,0,0,0,0,0,100,0,0,0,0,0,0,0,0,0,0,100,0,0,0,0,0,0,0,1,0,0,0,0,1,0,0,0,0,1,0,0,0
0,0,0,0,0,95.945,0,2.0274,2.0274,0,0,0,0,0,0,0,97.973,0,0,0,2.0274,0,2.0274,2.0274,0,0,0,95.945,0,0,0,0,0,0,0,1,0,0,0,0,1,0,0,0,0,1,0,0,0
0,0,0,0,0,88.302,0,7.9039,3.7945,0,0,1.3698,1.3698,0,0,1.3698,92.096,0,0,0,2.4247,1.3698,3.7945,6.5341,1.3698,0,0,88.302,0,0,0,0,0,0,0,1,0,0,0,0,1,0,0,0,0,1,0,0,0
0,0.69629,10.95,7.587,0.35233,48.023,6.56,12.699,11.856,0.69629,0.57976,9.9032,4.6326,0.69629,0,7.3142,52.547,0.35233,4.7037,2.6643,8.7176,8.4689,7.4416,12.942,2.6686,5.5354,8.67,41.369,1.1116,0.70465,3.8649,9.3227,6.3691,0,0,1,0,0,0,0,1,0,0,0,0,1,0,0,0
0,0.61435,4.3791,2.388,0,70.987,0.57962,13.912,5.2222,0.61435,1.3027,3.4139,2.1852,0.61435,0,3.9588,73.242,0,1.1592,1.194,5.7165,8.5161,5.405,6.5556,4.7514,2.4967,3.0416,70.516,0.61435,0,0.57962,3.6167,2.4227,0,0,1,0,0,0,0,1,0,0,0,0,1,0,0,0
0,0.81569,22.765,6.8001,4.3556,28.713,1.3852,9.8072,20.746,2.9401,1.6725,10.648,9.9261,1.033,1.8113,5.9393,38.423,3.6661,4.6375,3.3339,10.21,10.372,10.108,15.261,3.6065,3.4746,12.548,17.074,2.4183,3.6078,8.6189,13.636,9.6465,0,0,0,0,1,1,0,0,0,0,0,0,0,0,1,1
0,0,0,0,0,100,0,0,0,0,0,0,0,0,0,0,100,0,0,0,0,0,0,0,0,0,0,100,0,0,0,0,0,0,0,1,0,0,0,0,1,0,0,0,0,1,0,0,0
0,0,0,0,0,98.046,0,0.97723,0.97723,0,0,0,0,0,0,0,99.023,0,0,0,0.97723,0,0.97723,0.97723,0,0,0,98.046,0,0,0,0,0,0,0,1,0,0,0,0,1,0,0,0,0,1,0,0,0
0,0,0,0,0,100,0,0,0,0,0,0,0,0,0,0,100,0,0,0,0,0,0,0,0,0,0,100,0,0,0,0,0,0,0,1,0,0,0,0,1,0,0,0,0,1,0,0,0
0,0,0,0,0,100,0,0,0,0,0,0,0,0,0,0,100,0,0,0,0,0,0,0,0,0,0,100,0,0,0,0,0,0,0,1,0,0,0,0,1,0,0,0,0,1,0,0,0
0,0,3.8403,0.82447,0,82.692,0,6.5927,3.718,0.82447,1.5079,0,0,0,0,0,85.586,0.82447,0,0.82447,6.5927,6.1727,5.0848,2.8935,1.5079,2.3324,1.5079,84.2,0,0,1.6489,0,0.82447,0,0,1,0,0,0,0,1,0,0,0,0,1,0,0,0
0,2.4979,21.05,7.0757,6.492,24.816,0.59117,9.3691,16.642,8.4868,2.9789,10.918,6.7277,3.1861,3.9833,7.1675,33.959,3.6067,2.154,6.3009,10.886,11.111,8.6648,10.467,7.9808,2.8576,7.6111,17.129,3.9859,1.5234,9.7148,16.655,13.411,0,0,0,0,1,1,0,0,0,0,0,0,0,0,1,1
0,0,0.83974,0.83974,0,95.801,0,0,1.6795,0.83974,0,0,0,0,0,0,96.641,0.83974,0,0.83974,0,1.6795,0,0.83974,0,0.83974,0,95.801,0,0,1.6795,0,0.83974,0,0,1,0,0,0,0,1,0,0,0,0,1,0,0,0
0,0.85228,13.744,0.89609,5.2261,50.649,0,5.6552,13.62,6.449,2.9084,7.3429,4.3985,2.1428,2.9807,4.2375,55.829,2.1485,1.331,3.0109,7.4615,9.1167,6.1308,5.9231,3.7288,2.5288,6.3688,47.031,1.3208,3.5304,6.0571,10.905,6.4757,0,0,1,0,0,0,0,1,0,0,0,0,1,0,0,0
0,0,6.1866,4.4864,0,70.449,2.2432,12.085,4.55,0,0,4.007,4.007,0,0,6.7932,73.37,0,2.7862,1.3931,3.0933,4.55,4.8571,12.021,1.7639,1.3931,5.0294,66.813,0,0,2.2432,3.6363,2.2432,0,0,0.94444,0,0.055556,0.055556,0.041667,0.90278,0,0,0,0,0.90278,0.055556,0.041667,0
0,0,0,0,0,92.197,7.8029,0,0,0,0,7.8029,0,0,0,0,92.197,0,0,0,0,0,0,3.9015,0,3.9015,0,92.197,0,0,0,0,0,0,0,0.91176,0.029412,0.058824,0.058824,0.044118,0.89706,0,0,0,0,0.89706,0.044118,0.058824,0
0,1.4196,16.622,8.8072,2.3301,33.643,4.0751,14.622,14.655,2.7601,1.0662,12.645,7.8267,1.9629,0.89463,6.8807,45.232,2.0993,1.2558,2.8379,9.9188,8.4469,10.368,15.269,6.9193,3.3858,5.2531,26.39,3.4715,1.2592,5.6775,12.209,9.7976,0,0,0,0.073529,0.92647,0.92647,0.073529,0,0,0,0,0,0,0.073529,0.92647,1
0,0,0.86834,0,0,85.91,0,0,13.222,0,0,3.1653,0,1.9785,1.8652,0,83.503,2.407,1.5443,0,2.3712,3.1653,0,0.86834,0,0,2.407,83.503,0,0.43417,1.1868,8.4377,3.1629,0,0,1,0,0,0,0,1,0,0,0,0,1,0,0,0
0,0,0.60968,0.60968,0.60968,89.927,1.2194,0.60968,5.8055,0.60968,0,0.91723,0,0,0.91723,1.829,88.098,0.60968,1.829,2.4387,2.4442,0.91723,3.0484,1.2194,0.60968,0,0.60968,87.488,1.829,0,0.91723,3.3614,0.91723,0,0.064516,0.93548,0,0,0,0,0.96774,0.032258,0,0.032258,0.032258,0.93548,0,0,0
0,1.6943,21.28,3.4718,3.3473,35.22,0.27466,5.1335,25.765,2.9041,0.91009,10.732,6.2342,1.637,3.0539,4.1839,43.881,5.898,3.8166,2.9668,6.8703,10.727,6.5053,12.89,4.8898,3.2239,11.53,23.75,1.5288,3.9896,7.1352,13.072,11.486,0,0,0.4375,0.21875,0.34375,0.34375,0.34375,0.3125,0,0,0,0,0.3125,0.375,0.3125,1
0,2.7424,24.4,5.571,7.9271,27.793,0.21647,2.9772,15.776,9.1971,3.3993,12.269,8.0166,2.7782,5.4364,8.9402,34.343,5.5994,2.7605,4.4189,9.5651,5.8731,7.9359,12.174,4.9257,1.6642,8.4871,18.468,4.4535,3.6789,9.1604,17.699,11.354,0,0,0.030303,0.060606,0.90909,0.93939,0.030303,0.030303,0,0,0,0,0.030303,0.060606,0.90909,1
0,1.9348,12.278,2.3422,7.8779,44.982,0,1.4675,15.355,9.4405,4.3223,8.3467,6.1893,1.6966,4.1739,6.8692,48.848,3.9973,1.733,5.0793,7.3891,5.6779,2.9699,6.7146,3.766,1.7856,6.2126,40.554,2.8043,2.4881,9.7225,12.067,10.916,0,0,1,0,0,0,0,1,0,0,0,0,1,0,0,0
0,2.7276,10.363,3.3182,4.3668,57.212,1.3418,3.3203,10.756,5.2106,1.3828,8.025,2.5681,2.7476,4.1809,6.232,56.759,4.8433,1.2658,2.5681,5.5232,5.2872,3.481,9.5879,4.2485,1.0064,3.7973,48.476,3.0032,1.8882,5.9977,8.5809,9.9326,0,0,1,0,0,0,0,1,0,0,0,0,1,0,0,0
1.132,9.2312,5.7062,9.118,4.6115,20.714,12.232,14.466,14.601,5.8654,2.3224,10.594,5.7036,0.74279,1.3522,16.881,31.137,8.1641,7.3003,8.5883,3.6253,5.9107,14.91,15.874,14.499,11.276,2.7031,8.9863,5.5273,5.7586,5.3693,10.306,4.7914,0,1,0,0,0,0,0,0,0.65714,0.34286,1,0,0,0,0,1
1.059,7.8254,4.0544,11.826,4.368,23.913,13.686,15.7,12.309,3.4354,1.8233,11.725,6.5685,0.70193,3.1646,14.048,36.344,6.23,2.1576,4.145,7.8546,7.0609,7.842,19.392,15.793,13.852,1.8558,10.292,1.9757,4.2826,4.8787,9.7485,10.089,0,0.15556,0.84444,0,0,0,0,0.91111,0.044444,0.044444,0.044444,0.11111,0.84444,0,0,0
1.0758,11.934,1.8482,5.038,2.9236,47.816,5.1324,10.328,6.0954,6.2957,1.5128,11.567,11.372,2.3279,1.6587,6.5932,44.679,2.5216,7.911,0.25307,4.0205,7.0953,6.2599,10.522,12.65,3.6989,5.9679,33.352,1.8641,3.9266,5.0859,9.8439,6.8285,0,0,1,0,0,0,0,1,0,0,0,0,1,0,0,0
0,0,0,0,0,86.498,0,0,13.502,0,0,2.7003,0,0.99637,2.7003,0,79.727,6.7717,0.99637,0,3.4079,2.7003,0,0,0,0,6.7717,79.727,0,0,1.704,9.0973,2.7003,0,0.025641,0.97436,0,0,0,0,1,0,0,0,0.025641,0.97436,0,0,0
0,0,0,0,0,100,0,0,0,0,0,0,0,0,0,0,100,0,0,0,0,0,0,0,0,0,0,100,0,0,0,0,0,0,0,1,0,0,0,0,1,0,0,0,0,1,0,0,0
0,0,0,0,0,100,0,0,0,0,0,0,0,0,0,0,100,0,0,0,0,0,0,0,0,0,0,100,0,0,0,0,0,0,0,1,0,0,0,0,1,0,0,0,0,1,0,0,0
0,0,16.999,28.789,7.994,22.864,0.77355,12.024,8.9844,0,1.572,2.8212,8.5383,11.407,6.4658,14.748,31.593,1.0928,7.1091,3.8944,9.4227,2.9079,7.4849,7.2714,2.6195,5.3055,1.6427,2.7586,14.24,5.633,8.3014,31.184,13.559,0,0,0.027778,0.041667,0.93056,0,0,1,0,0,0,0,0.027778,0.041667,0.93056,1
0,0,0,0,0,100,0,0,0,0,0,0,0,0,0,0,100,0,0,0,0,0,0,0,0,0,0,100,0,0,0,0,0,0,0,1,0,0,0,0,1,0,0,0,0,1,0,0,0
0,0,0,0,0,100,0,0,0,0,0,0,0,0,0,0,100,0,0,0,0,0,0,0,0,0,0,100,0,0,0,0,0,0,0,1,0,0,0,0,1,0,0,0,0,1,0,0,0
0,0,0,0,0,98.493,0,0,0.75328,0.75328,0,0,0,0,0,1.5066,98.493,0,0,0,0,0,0,0,0,0,0,98.493,0,0,0,0.75328,0.75328,0,0,1,0,0,0,0,1,0,0,0,0,1,0,0,0
0,0,0,0,0,100,0,0,0,0,0,0,0,0,0,0,100,0,0,0,0,0,0,0,0,0,0,100,0,0,0,0,0,0,0,1,0,0,0,0,1,0,0,0,0,1,0,0,0
0,0,0,0,0,100,0,0,0,0,0,0,0,0,0,0,100,0,0,0,0,0,0,0,0,0,0,100,0,0,0,0,0,0,0,1,0,0,0,0,1,0,0,0,0,1,0,0,0
0,0,6.9263,11.343,3.3502,40.981,1.0253,23.659,11.818,0,0.89793,5.435,5.7272,7.6534,3.0622,10.37,40.634,4.4105,2.9403,5.1899,7.2491,7.3292,9.5562,11.481,8.0359,5.5669,10.106,24.31,5.7823,2.629,6.6302,9.7519,6.1501,0,0,0,0.23404,0.76596,0,0,1,0,0,0,0,0,0.23404,0.76596,1
0,0,11.509,30.881,9.4652,22.302,1.6295,10.703,12.831,0,0.67943,5.194,5.185,7.8828,6.5152,9.8391,33.755,1.6539,9.0346,4.5915,11.423,4.9258,6.0775,5.6992,4.6296,5.6423,4.1321,4.703,11.449,6.169,11.281,25.634,14.584,0,0,0.050847,0.016949,0.9322,0,0,1,0,0,0,0,0.050847,0.016949,0.9322,1
0,0,6.558,10.921,2.3717,48.574,2.8656,11.245,14.263,0,3.2016,7.65,4.9157,5.4268,0.87115,7.3559,54.454,1.2581,2.9776,3.3292,4.5655,7.1965,3.003,9.1088,5.7676,6.0373,3.7642,43.146,2.8432,1.2465,7.9769,10.171,6.935,0,0,0.925,0.0625,0.0125,0,0,1,0,0,0,0,0.875,0.1125,0.0125,0
0,0,1.2925,0,0,94.457,0,1.2925,2.9581,0,0,1.2925,0,0,0,0,94.457,0,0,0,1.2925,2.9581,0,1.2925,2.9581,1.2925,0,94.457,0,0,0,0,0,0,0,1,0,0,0,0,1,0,0,0,0,1,0,0,0
0,0,0,0,0,98.453,0,0,1.5466,0,0,0,0,0,0,0,98.453,0,0,0,0,1.5466,0,0,1.5466,0,0,98.453,0,0,0,0,0,0,0,1,0,0,0,0,1,0,0,0,0,1,0,0,0
0,0,5.5877,0,0,82.995,0,2.6731,6.8007,0,1.9431,2.6731,1.9431,0.97153,0,2.9146,85.91,0,0,0.97153,3.6446,0.97153,0,4.6162,1.9431,2.6731,0,82.995,0.97153,0,1.9431,0.97153,3.8861,0,0,0.95522,0.014925,0.029851,0,0,1,0,0,0,0,0.9403,0.029851,0.029851,0
0,0,0,0,0,96.025,0,0,3.9751,0,0,0,0,0,0,0,96.025,0,0,0,0,3.9751,0,0,3.9751,0,0,96.025,0,0,0,0,0,0,0,1,0,0,0,0,1,0,0,0,0,0.95833,0.041667,0,0
0,0,0.97336,0,0,94.353,0,0.32445,2.1746,2.1746,0,0.64891,0,0.32445,0.32445,3.7002,94.678,0,0,0,0,0.32445,0.32445,0.64891,0,0,0,94.353,0,0.32445,0.32445,2.1746,1.8501,0,0,1,0,0,0,0,1,0,0,0,0,1,0,0,0
0,3.4873,0,1.0686,0,91.556,0,0,3.8876,0,0,2.278,2.4187,1.0686,0,3.3466,88.61,1.0686,0,0,0,1.2093,0,2.4187,1.0686,0,0,85.791,2.278,0,2.4187,3.8876,2.1372,0,0,1,0,0,0,0,1,0,0,0,0,1,0,0,0
0,0,0,0,0,99.518,0,0,0.4818,0,0,0,0,0,0,0,100,0,0,0,0,0,0,0,0,0,0,99.518,0,0,0,0.4818,0,0,0,1,0,0,0,0,1,0,0,0,0,1,0,0,0
0,6.2352,0.64344,0,0,86.296,1.1249,1.9303,2.002,1.7684,0,3.1269,6.0732,0,0,0.71508,86.153,0.64344,1.2869,0,0,2.002,2.4118,4.0039,4.805,0,1.1249,83.026,0.71508,0,1.4302,2.4835,0,0,0,1,0,0,0,0,1,0,0,0,0,1,0,0,0
0,1.6216,5.8002,0,0,79.157,0,0,11.792,1.6288,0,7.1958,1.6216,1.2486,0,1.6515,80.196,0,0,1.2486,1.6515,5.1867,0,4.1487,4.902,0,0,79.157,0,0,1.2486,2.2866,8.2566,0,0,1,0,0,0,0,1,0,0,0,0,1,0,0,0
0.67166,13.98,2.7248,2.5591,1.9512,51.168,1.3433,10.356,8.0698,6.6517,0.52448,11.359,10.923,1.1961,0.67166,3.0019,52.531,2.2003,8.6166,0,1.9512,7.5497,4.4007,13.737,14.398,0.67166,2.6229,42.054,1.2616,2.2451,6.151,7.8154,4.6427,0,0.025,0.975,0,0,0,0,0.9875,0,0.0125,0.0125,0.0125,0.975,0,0,0
0,0,14.365,30.05,6.6517,21.425,1.1594,11.313,12.64,0,2.3959,4.6874,6.0842,10.682,6.5229,10.659,31.818,2.3496,10.245,1.5967,10.032,5.3222,5.186,8.0943,4.4222,5.7187,3.0587,4.4821,12.236,1.9455,11.862,30.859,12.136,0,0,0,0,1,0,0,1,0,0,0,0,0,0,1,1
0,0,18.901,33.708,10.103,12.771,0,7.9689,11.551,0,4.9977,1.6231,4.2282,8.2676,9.9894,10.33,33.102,3.0918,11.493,3.0943,11.476,3.3037,5.3676,6.6562,3.4128,2.272,0.58338,2.1574,9.6427,2.8332,16.33,36.079,14.667,0,0,0.016393,0,0.98361,0,0,1,0,0,0,0,0.016393,0,0.98361,1
0,0,0,0,0,100,0,0,0,0,0,0,0,0,0,0,100,0,0,0,0,0,0,0,0,0,0,100,0,0,0,0,0,0,0,1,0,0,0,0,1,0,0,0,0,1,0,0,0
0,0,0,0,0,99.021,0,0,0.97853,0,0,0,0,0,0,0,100,0,0,0,0,0,0,0,0,0,0,99.021,0,0,0,0.97853,0,0,0,1,0,0,0,0,1,0,0,0,0,1,0,0,0
0,0,0,0,0,100,0,0,0,0,0,0,0,0,0,0,100,0,0,0,0,0,0,0,0,0,0,100,0,0,0,0,0,0,0,1,0,0,0,0,1,0,0,0,0,1,0,0,0
0,0,0,0,0,100,0,0,0,0,0,0,0,0,0,0,100,0,0,0,0,0,0,0,0,0,0,100,0,0,0,0,0,0,0,1,0,0,0,0,1,0,0,0,0,1,0,0,0
0,1.2749,0,0,0,97.279,0,0,1.4459,0,0,0,1.2749,0,0,0,98.725,0,0,0,0,0,0,0,1.2749,0,0,97.279,0,0,0,1.4459,0,0,0,1,0,0,0,0,1,0,0,0,0,1,0,0,0
0,2.3857,0,0,0,96.888,0,0,0.72617,0,0,0,2.3857,0,0,0,97.614,0,0,0,0,0,0,0,2.3857,0,0,96.888,0,0,0,0.72617,0,0,0,1,0,0,0,0,1,0,0,0,0,1,0,0,0
0,0,0,0,0,100,0,0,0,0,0,0,0,0,0,0,100,0,0,0,0,0,0,0,0,0,0,100,0,0,0,0,0,0,0,1,0,0,0,0,1,0,0,0,0,1,0,0,0
0,1.9938,0,0,0,95.155,1.9938,0,0.85717,0,0,0,0,1.1367,0,0,94.018,1.1367,0,0.85717,0.85717,1.9938,0,0,1.9938,0,0,94.018,1.1367,0.85717,0,0.85717,1.1367,0,0,1,0,0,0,0,1,0,0,0,0,1,0,0,0
0.85846,14.337,2.3904,6.2922,2.4428,34.919,6.3045,9.8499,9.1749,9.6847,3.746,9.8104,14.488,1.1879,2.6433,13.499,28.813,2.5453,8.3418,2.7168,5.4728,10.482,9.2717,16.418,13.96,7.1752,4.6115,12.239,4.7934,6.0249,9.1168,9.1847,7.2058,0,0.96053,0.039474,0,0,0,0,0.039474,0.76316,0.19737,0.93421,0.026316,0.039474,0,0,1
0,0,15.551,28.357,8.9102,19.751,0.64066,8.6687,15.579,0,2.5418,3.4256,11.995,12.467,2.432,11.052,36.248,0.77798,4.4301,4.2553,7.7076,5.2097,4.2413,6.6628,4.5172,3.6044,1.319,5.9098,11.011,4.9697,12.516,28.386,16.863,0,0,0,0,1,0,0,1,0,0,0,0,0,0,1,1
0,2.8731,32.37,12.382,3.7107,23.062,1.3442,6.4304,14.787,2.3161,0.72374,9.5168,7.5702,2.7312,1.4829,7.9793,35.917,4.682,1.9226,5.2635,12.293,10.642,14.522,15.106,9.0816,1.9936,10.914,8.2681,5.2799,1.2682,6.643,15.808,11.115,0,0,0,0,1,1,0,0,0,0,0,0,0,0,1,1
0,1.452,23.94,11.326,3.4207,24.352,0.63561,7.6139,23.081,3.2548,0.92406,12.389,10.89,1.9502,2.7486,7.0938,34.547,5.0814,4.51,3.022,11.858,5.9099,8.461,12.494,4.7924,2.2321,9.7329,10.556,5.517,2.205,9.8603,17.87,16.279,0,0,0,0,1,1,0,0,0,0,0,0,0,0,1,1
0,1.3822,23.389,17.029,1.1249,25.688,2.728,10.18,17.407,1.0715,0,11.62,10.227,2.774,0.77654,10.748,33.085,3.7797,4.2183,4.3941,11.554,6.8229,10.483,13.44,6.2922,2.8977,8.0882,11.164,7.591,0.69838,8.331,16.972,14.042,0,0,0,0,1,1,0,0,0,0,0,0,0,0,1,1
0,1.7732,34.721,12.198,1.9783,23.381,2.0765,7.5232,14.938,1.4106,0,13.649,11.486,0.39033,1.8502,9.7157,36.469,6.549,3.6751,1.8481,9.066,5.3017,13.381,18.29,4.6557,1.0976,10.525,8.6996,4.5325,0.66219,6.4596,16.789,14.908,0,0,0,0.014286,0.98571,0.98571,0.014286,0,0,0,0,0,0,0.014286,0.98571,1
0,1.4117,32.716,16.084,1.9043,22.163,1.7067,4.0563,17.525,2.4329,0,8.6016,9.4132,2.2234,3.7965,9.6025,35.821,5.7008,3.0408,3.7592,14.921,3.1198,9.7116,14.659,7.1013,0.50247,9.0969,6.0162,7.552,0,8.4833,18.567,18.31,0,0,0.029412,0.029412,0.94118,0.94118,0.044118,0.014706,0,0,0,0,0.014706,0.044118,0.94118,1
0,1.444,32.979,9.0278,3.8453,22.722,0.26888,2.164,21.068,5.4749,1.0065,11.419,9.8106,1.4997,5.2122,7.8463,36.194,7.8111,1.9444,3.5587,9.0217,5.6824,7.3432,12.881,7.7003,0.69489,7.9383,9.46,6.3298,1.5124,6.6605,20.118,19.362,0,0,0,0.04,0.96,0.96,0.04,0,0,0,0,0,0,0.04,0.96,1
0,3.9523,35.913,9.7825,5.719,22.599,0.39177,2.0491,17.459,1.5926,0.5416,10.005,6.9105,1.6051,4.2292,13.839,27.813,11.52,4.4807,3.1015,12.658,3.8376,14.787,17.327,6.7508,0.56085,14.77,3.6008,4.7703,0.91541,6.13,17.727,12.661,0,0,0.068966,0.017241,0.91379,0.91379,0.034483,0.051724,0,0,0,0,0.051724,0.034483,0.91379,1
3.4081,8.2934,5.1415,13.138,4.9881,9.2929,14.213,9.8304,20.022,8.9922,2.6802,9.4749,6.7099,1.241,2.6474,17.809,32.208,7.3367,4.4722,8.6484,3.3078,6.1447,10.883,19.621,10.776,12.126,1.9475,2.355,1.2068,9.5726,9.7573,15.233,6.5219,0,0.62745,0.37255,0,0,0,0,0,1,0,1,0,0,0,0,1
0,0,2.8092,0,0,61.24,0,0,35.951,0,0,10.072,0.6973,7.5753,0.27294,1.9097,61.24,0,4.7245,0,3.3309,10.177,0,2.8092,0,0,0,61.24,0,0.48793,4.1314,17.834,13.498,0,0,1,0,0,0,0,1,0,0,0,0,1,0,0,0
3.0381,8.3241,5.0424,9.6759,8.479,10.006,14.945,11.856,14.846,11.174,2.6134,9.6656,6.1187,0.59084,2.4734,19.177,29.307,6.3138,7.1832,9.8095,3.5388,5.8219,10.903,16.539,11.57,12.075,2.2744,1.2366,1.2163,11.407,8.9624,14.521,9.2957,0,0.94595,0.027027,0,0.027027,0,0,0.027027,0.97297,0,0.94595,0.027027,0.027027,0,0,1
2.3148,7.8235,2.6345,10.332,7.0232,18.771,13.623,11.601,12.078,9.2353,4.5652,8.9874,7.5305,1.743,3.7127,14.916,34.411,5.175,5.2973,7.2568,6.2036,4.7658,10.998,18.145,12.422,11.817,3.0925,5.9649,2.3356,6.3923,7.8478,10.263,10.723,0,1,0,0,0,0,0,0,0.89286,0.10714,1,0,0,0,0,1
0,0.89403,1.5182,0.89403,0,92.794,0,0.34694,1.746,1.3293,0.47738,2.0653,0.47738,0.76358,0.34694,2.7981,92.308,0.41664,0,0,0.47738,0.34694,0.34694,1.1713,0.89403,0,0,91.961,0.89403,0.34694,0.34694,1.746,2.2931,0,0,1,0,0,0,0,1,0,0,0,0,1,0,0,0
0,0,7.4688,19.98,3.4215,38.709,4.65,16.393,8.885,0,0.49359,5.585,6.5548,7.3957,3.3746,11.046,35.24,2.6239,8.6442,2.7701,9.0688,7.696,8.4391,8.5634,3.2267,9.3724,7.0598,18.498,8.5251,4.1949,5.4564,19.765,6.8988,0,0,0.125,0.041667,0.83333,0,0,1,0,0,0,0,0.125,0.041667,0.83333,1
0,0,11.453,17.704,6.2481,30.492,2.0141,11.076,18.775,0,2.2372,8.3606,5.6949,7.8937,2.7895,8.8921,38.755,3.5724,7.0983,2.9557,9.719,4.2685,7.1897,9.8095,7.6299,4.9556,4.533,16.991,7.3435,5.3483,8.257,18.137,9.8061,0,0,0,0,1,0,0,1,0,0,0,0,0,0,1,1
0,0,6.2578,2.4276,0.40461,70.509,0,3.6868,13.786,0,2.9278,2.473,4.3666,3.105,0,5.5212,74.878,1.0342,0,1.6662,1.2616,5.6941,1.0342,4.3666,7.8102,0.80921,0,69.07,1.6662,1.0342,4.1416,2.88,7.1874,0,0,0.97849,0.010753,0.010753,0,0,1,0,0,0,0,0.97849,0.010753,0.010753,0
0.44125,8.4753,2.9343,6.3932,2.1045,60.672,5.1916,6.0683,4.6498,1.4683,1.6018,9.8766,6.2512,0.44125,1.58,4.9595,56.28,2.3984,3.5144,2.4001,5.8725,6.4264,4.8188,11.778,6.8121,4.172,2.0652,47.943,4.1766,1.9148,4.9793,5.7682,5.5723,0,0,1,0,0,0,0,1,0,0,0,0,1,0,0,0
0,0,5.9528,0,0,83.228,0.52175,4.302,4.8952,0,1.1005,5.3455,2.284,1.7338,0,2.1725,83.173,1.1836,0,1.072,2.4851,0.55024,1.1836,4.7407,3.9894,1.9349,0.52175,82.044,0.55024,1.1836,1.1005,0.55024,2.2009,0,0,1,0,0,0,0,1,0,0,0,0,1,0,0,0
0,0,12.713,24.174,7.0639,34.255,0.97246,10.639,7.9682,0,2.2156,5.9317,6.711,8.1938,3.5912,5.1024,47.02,2.5033,5.9583,1.9276,6.7995,6.2613,4.0579,6.6346,4.7094,4.7926,1.4301,25.442,5.4296,3.3168,11.348,24.021,8.8177,0,0,0,0.018018,0.98198,0,0,1,0,0,0,0,0,0.018018,0.98198,1
0,0,1.3579,0,0,92.8,0.75013,1.3579,3.7344,0,0,2.8582,0.67896,0.67896,0,2.9842,91.371,0.67896,0,0.75013,0,0,0.67896,1.4291,2.1081,0,0.75013,92.121,0,0.67896,0,0,2.2341,0,0,1,0,0,0,0,1,0,0,0,0,1,0,0,0
0,0,11.415,0,0,69.016,0,0,19.569,0,0,14.831,0.56042,0,0,0,77.408,0,0,0,2.6517,4.548,2.1396,1.0972,3.2122,0,0,69.016,0,0,5.1557,14.782,4.5972,0,0,0,0,1,0,0,1,0,0,0,0,1,0,0,0
0,0,6.2054,0,0,73.843,0,0,19.952,0,0,16.114,0.43902,0,0,0,78.411,0,0,0,1.3706,3.6651,0.54048,1.3706,1.8096,0,0,73.843,0,0,2.6575,10.093,9.6866,0,0,0.96875,0,0.03125,0,0,1,0,0,0,0,1,0,0,0
0,0,9.49,0,0,73.493,0,0,17.017,0,0,13.247,0.74645,0,0,0,79.336,0,0,0,1.9408,4.7301,3.056,1.0944,2.6872,0,0,73.493,0,0,1.6924,11.404,6.5731,0,0,0.042553,0.42553,0.53191,0,0,1,0,0,0,0,1,0,0,0
0,0,12.696,0,0,66.928,0,0,20.376,0,0,11.117,2.5853,2.0644,0,0,73.397,1.0505,0,0,3.8616,5.9239,1.0425,4.3051,5.9936,0,0,66.928,0,0,2.6249,11.989,7.1163,0,0,0.125,0.16071,0.71429,0,0,1,0,0,0,0,1,0,0,0
0,0,8.205,0,0,70.129,0,0,21.666,0,0,12.074,2.1418,1.9627,0,0,74.46,1.477,0,0,1.9724,5.9121,0.97447,2.4749,3.7811,0,0,70.129,0,0,2.6915,9.3524,10.597,0,0,0.98438,0,0.015625,0,0,1,0,0,0,0,1,0,0,0
0,0,7.1301,0,0,73.566,0,0,19.304,0,0,9.3203,1.3107,1.4773,0,0,79.308,1.3107,0,0,1.9539,5.3191,1.4406,2.8093,2.425,0,0,73.566,0,0,3.6424,8.9805,7.1362,0,0,0.015152,0.15152,0.83333,0,0,1,0,0,0,0,1,0,0,0
0,0,13.971,0,0,65.04,0,0,20.988,0,0,8.1903,7.3001,2.0842,0,0,68.724,3.1814,1.1307,0,3.2181,6.1707,0,8.2044,5.7671,0,0,65.04,0,0,2.0196,11.521,7.4471,0,0,0.016393,0.34426,0.63934,0,0,1,0,0,0,0,1,0,0,0
0,0,8.5781,0,0,70.338,0,0,21.084,0,0,9.0017,5.058,1.8102,0,0,73.705,0.66983,1.41,0,2.3043,6.0413,0,5.7941,2.784,0,0,70.338,0,0,1.7326,11.505,7.847,0,0,0.97468,0,0.025316,0,0,1,0,0,0,0,1,0,0,0
0,0,6.8239,0,0,75.904,0,0,17.272,0,0,5.992,3.9522,3.4718,0,0,77.985,0.70871,1.4583,0,1.2603,5.1722,0,3.9504,2.8735,0,0,75.904,0,0,0.81975,10.816,5.6362,0,0,0,0.16216,0.83784,0,0,1,0,0,0,0,1,0,0,0
0,0,10.095,0,0,62.736,0,0,27.17,0,0,8.2703,5.5862,7.5869,0,0.45849,62.736,2.0625,3.7572,0,1.0907,8.4519,0,8.0322,2.0625,0,0,62.736,0,0,1.0986,16.702,9.3689,0,0,0,0.32787,0.67213,0,0,1,0,0,0,0,1,0,0,0
0,0,5.9866,0,0,66.843,0,0,27.17,0,0,7.3576,4.0238,6.9996,0,0.87734,66.843,1.9761,2.1284,0,0.95173,8.842,0,4.0105,1.9761,0,0,66.843,0,0,1.4844,16.844,8.842,0,0,0.97531,0,0.024691,0,0,1,0,0,0,0,1,0,0,0
0,0,5.2797,0,0,73.798,0,0,20.922,0,0,6.1281,3.9969,4.3154,0,1.4955,73.798,0.96958,2.1875,0,0.96958,6.1391,0,4.3101,0.96958,0,0,73.798,0,0,0.98387,12.826,7.1119,0,0,0.024691,0.1358,0.83951,0,0,1,0,0,0,0,1,0,0,0
0,0,5.911,0,0,62.686,0,0,31.403,0,0,9.6025,3.6332,4.6497,0,4.8137,62.686,0,4.4149,0,1.3961,8.8037,0,5.911,0,0,0,62.686,0,0,3.5396,15.783,12.081,0,0,0.016667,0.35,0.63333,0,0,1,0,0,0,0,1,0,0,0
0,0,7.2869,0,0,67.732,0,0,24.981,0,0,8.0301,3.5086,2.9313,0,4.7471,67.732,0,2.9592,0,2.7715,7.3197,0,7.2869,0,0,0,67.732,0,0,1.0675,14.895,9.018,0,0,1,0,0,0,0,1,0,0,0,0,1,0,0,0
0,0,3.9885,0,0,72.433,0,0,23.579,0,0,7.3962,0,5.6154,0,2.6894,72.433,0,2.6946,0,2.6605,6.5109,0,3.9885,0,0,0,72.433,0,0,2.6653,12.026,8.8874,0,0,0,0.16176,0.83824,0,0,1,0,0,0,0,1,0,0,0
0,0,7.0139,0,0,61.466,0,0,31.52,0,0,9.6725,0,6.0717,1.9847,3.9654,61.466,0,3.455,0,4.0521,9.3328,0,7.0139,0,0,0,61.466,0,1.1309,3.242,14.703,12.444,0,0,0.022222,0.11111,0.86667,0,0,1,0,0,0,0,1,0,0,0
0,0,7.2532,0,0,66.43,0,0,26.317,0,0,8.5051,0,4.0671,1.1129,4.8423,66.43,0,1.9835,0,4.1508,8.9086,0,7.2532,0,0,0,66.43,0,1.1537,3.0063,13.942,8.215,0,0,1,0,0,0,0,1,0,0,0,0,1,0,0,0
0,0,4.0072,0,0,71.466,0,0,24.527,0,0,7.4735,0,2.3352,2.1302,2.4444,71.466,0,2.6528,0,3.8563,7.6416,0,4.0072,0,0,0,71.466,0,0.63656,2.7309,13.84,7.3197,0,0,0.014493,0.15942,0.82609,0,0,1,0,0,0,0,1,0,0,0
0,0,6.1025,0,0,62.434,0,0,31.464,0,0,8.3015,0,4.0001,2.8294,0.38435,62.434,0,3.1424,0,8.4843,10.424,0,6.1025,0,0,0,62.434,0,2.9093,4.0074,17.124,7.4233,0,0,0.016393,0.098361,0.88525,0,0,1,0,0,0,0,1,0,0,0
0,0,5.4595,0,0,66.619,0,0,27.922,0,0,8.0062,0,3.2216,2.704,0.59878,66.619,0,1.4083,0,7.8302,9.612,0,5.4595,0,0,0,66.619,0,2.4278,3.9947,13.995,7.5041,0,0,1,0,0,0,0,1,0,0,0,0,1,0,0,0
0,0,2.912,0,0,72.349,0,0,24.739,0,0,5.0579,0,2.749,2.7602,0,72.349,0,1.293,0,5.8575,9.9336,0,2.912,0,0,0,72.349,0,2.2417,1.8399,13.501,7.1563,0,0,0.031746,0.25397,0.71429,0,0,1,0,0,0,0,1,0,0,0
0,0,2.7036,0,0,72.623,0,0,24.674,0,0,4.5105,0,1.0678,5.013,0,72.623,0,2.1206,0,7.1795,7.4859,0,2.7036,0,0,0,72.623,0,0.55025,3.6862,15.111,5.3262,0,0,0.10345,0.086207,0.81034,0,0,1,0,0,0,0,1,0,0,0
0,0,2.391,0,0,74.24,0,0,23.369,0,0,4.3446,0,2.6792,3.3605,0,73.263,0.97719,2.5389,0,3.7593,9.0775,0,2.391,0,0,0.97719,73.263,0,2.4222,1.5983,13.448,5.9008,0,0,1,0,0,0,0,1,0,0,0,0,1,0,0,0
0,0,0.87198,0,0,82.59,0,0,16.538,0,0,1.6984,0,0,1.9287,0,82.59,0,0.87198,0,4.1848,8.7256,0,0.87198,0,0,0,82.59,0,2.0436,4.436,6.5356,3.5224,0,0,0.074627,0.23881,0.68657,0,0,1,0,0,0,0,1,0,0,0
0,0,8.6108,0,0,78.124,0,0,13.265,0,0,5.0428,0,0,0,5.3745,78.124,0,0,0,5.6049,5.8539,5.3745,0,3.2363,0,0,78.124,0,0,7.6604,5.6049,0,0,0,0.02,0.26,0.72,0,0,1,0,0,0,0,1,0,0,0
0,0,1.2036,0,0,90.984,0,0,7.8124,0,0,3.0689,0,0,0,1.2036,90.984,0,0,0,1.3525,3.391,1.2036,0,0,0,0,90.984,0,0,6.4599,1.3525,0,0,0,0.015625,0.14062,0.84375,0,0,1,0,0,0,0,1,0,0,0
0,0,20.801,0,0,54.284,0,0,24.915,0,0,13.731,2.7434,0,0,10.24,54.284,0,0.62403,0,7.8172,10.561,10.24,0.62403,9.9366,0,0,54.284,0,0,13.371,8.8516,2.6929,0,0,0,0.30435,0.69565,0,0,1,0,0,0,0,1,0,0,0
0,0,0,0,0,100,0,0,0,0,0,0,0,0,0,0,100,0,0,0,0,0,0,0,0,0,0,100,0,0,0,0,0,0,0,0.057143,0.4,0.54286,0,0,1,0,0,0,0,1,0,0,0
0,0,5.9737,0,0,80.512,0,0,13.515,0,0,7.2375,1.1225,0,0,2.4256,80.512,0,0,0,5.1547,3.5481,2.4256,0,3.5481,0,0,80.512,0,0,8.3601,5.1547,0,0,0,0.014706,0.19118,0.79412,0,0,1,0,0,0,0,1,0,0,0
0,0,9.5072,0,0,69.264,0,0,21.229,0,0,14.29,1.1058,1.6003,0,3.2539,69.264,0,2.7061,0,4.7268,3.0526,3.2539,4.3064,1.9469,0,0,69.264,0,0,8.0441,7.1775,6.0072,0,0,0,0.12195,0.87805,0,0,1,0,0,0,0,1,0,0,0
0,0,14.969,0,0,60.201,0,0,24.83,0,0,13.486,1.5638,3.527,0,2.9047,60.743,0,2.6975,3.5258,1.7722,9.7802,0,13.197,1.7722,0,0,60.201,0,0,8.7424,3.9049,12.182,0,0,0.053333,0.093333,0.85333,0,0,1,0,0,0,0,1,0,0,0
0,0,7.084,0,0,71.322,0,0,21.594,0,0,12.42,2.7472,0.87726,0,1.2911,71.322,0,1.2551,2.1684,0,7.9191,0,5.5919,1.4921,0,0,71.322,0,0,7.8434,3.3186,10.432,0,0,0.0125,0.2,0.7875,0,0,1,0,0,0,0,1,0,0,0
0,0,11.195,0,0,64.279,0,0,24.526,0,0,9.2106,2.348,3.1096,0,2.6,67.042,0,0,2.7158,2.8818,10.092,0,8.3134,2.8818,0,0,64.279,0,0,5.8011,5.1158,13.609,0,0,0.13115,0.098361,0.77049,0,0,1,0,0,0,0,1,0,0,0
0,0,7.7016,0,0,66.263,0,0,25.416,0.61881,0,10.726,1.4753,2.3973,0,0.68653,68.274,0,0.60134,3.0838,0.4663,12.289,0,7.2353,1.0851,0,0,66.263,0,0,8.9526,4.0009,12.463,0,0,0.98611,0,0.013889,0,0,1,0,0,0,0,1,0,0,0
0,0,8.3533,0,0,75.128,0,0,16.518,0,0,6.2805,1.3576,2.1282,0,0.69086,76.486,0,1.4624,0.66586,2.0484,8.8803,0,6.3049,2.0484,0,0,75.128,0,0,5.5897,2.0234,8.9053,0,0,0.012346,0.22222,0.76543,0,0,1,0,0,0,0,1,0,0,0
1.4501,0,13.06,0,2.2041,59.738,0.66388,0.3931,22.099,0.3931,0,7.2689,3.4072,5.2675,1.102,0,62.138,0,1.8882,3.3792,2.2407,13.308,0,11.727,2.9046,0.66388,1.4501,58.288,0.66388,0,9.0832,3.7971,11.422,0,0,0.03125,0.29688,0.67188,0,0,1,0,0,0,0,1,0,0,0
0.59704,0.82597,10.277,0,0,65.83,1.423,0,21.046,0,0,8.7194,2.3266,3.1548,0,1.4614,66.444,0,0,2.9944,3.4976,11.402,0,7.0085,4.0946,0.59704,0.59704,65.233,0.59704,0.82597,7.388,3.4776,10.181,0,0,1,0,0,0,0,1,0,0,0,0,1,0,0,0
0,0,7.8538,0,0,72.22,0,0,19.926,0,0,9.009,0.61735,3.0741,0,1.8441,73.856,0,0,2.9647,0.47368,8.1612,0,7.3801,0.47368,0,0,72.22,0,0,7.0145,2.1382,10.773,0,0,0.012987,0.19481,0.79221,0,0,1,0,0,0,0,1,0,0,0
0,0,4.8732,0,0,79.921,0,0,15.206,0,0,8.9369,1.0354,0,0,0,85.898,0,0,0,1.6244,2.5058,0.58899,1.0354,2.6598,0,0,79.921,0,0,4.3519,8.198,3.2446,0,0,0,0.12308,0.87692,0,0,1,0,0,0,0,1,0,0,0
0,0,3.2655,0,0,96.734,0,0,0,0,0,0,0,0,0,0,100,0,0,0,0,0,3.2655,0,0,0,0,96.734,0,0,0,0,0,0,0,0,0.19355,0.80645,0,0,1,0,0,0,0,1,0,0,0
0,0,9.0246,0,0,87.896,0,0,3.0791,0,0,1.5395,2.5291,0,0,0,92.211,0.77541,0,0,2.5291,0.41631,1.4375,3.3045,4.2827,0,0,87.896,0,0,1.1232,1.1232,0.83262,0,0,0,0.19737,0.80263,0,0,1,0,0,0,0,1,0,0,0
0,0,0,0,0,100,0,0,0,0,0,0,0,0,0,0,100,0,0,0,0,0,0,0,0,0,0,100,0,0,0,0,0,0,0,0,0.16883,0.83117,0,0,1,0,0,0,0,1,0,0,0
0,0,0,0,0,100,0,0,0,0,0,0,0,0,0,0,100,0,0,0,0,0,0,0,0,0,0,100,0,0,0,0,0,0,0,0,0.078125,0.92188,0,0,1,0,0,0,0,1,0,0,0
0,0,0,0,0,100,0,0,0,0,0,0,0,0,0,0,100,0,0,0,0,0,0,0,0,0,0,100,0,0,0,0,0,0,0,0.015873,0.26984,0.71429,0,0,1,0,0,0,0,1,0,0,0
0,0,0,0,0,100,0,0,0,0,0,0,0,0,0,0,100,0,0,0,0,0,0,0,0,0,0,100,0,0,0,0,0,0,0,0,0.12195,0.87805,0,0,1,0,0,0,0,1,0,0,0
0,0,8.0004,0,0,89.661,0,0,2.3388,0,0,0.56573,2.453,1.2073,0,0,90.338,1.7761,0.64156,0,2.453,0.56573,0,4.8706,3.1298,0,0,89.661,0,0,0,1.773,0.56573,0,0,0.013889,0.30556,0.68056,0,0,1,0,0,0,0,1,0,0,0
0,0,0,0,0,100,0,0,0,0,0,0,0,0,0,0,100,0,0,0,0,0,0,0,0,0,0,100,0,0,0,0,0,0,0,0,0.31579,0.68421,0,0,1,0,0,0,0,1,0,0,0
0,0,4.8996,0,0,92.106,0,0,2.9946,0,0,0,0.84643,2.3603,0,0.63429,92.106,0.84643,2.3603,0,0.84643,0,0,4.0532,0.84643,0,0,92.106,0,0,0,2.9946,0,0,0,0,0.26829,0.73171,0,0,1,0,0,0,0,1,0,0,0
0,0,0,0,0,100,0,0,0,0,0,0,0,0,0,0,100,0,0,0,0,0,0,0,0,0,0,100,0,0,0,0,0,0,0,0,0.28916,0.71084,0,0,1,0,0,0,0,1,0,0,0
0,0,0,0,0,100,0,0,0,0,0,0,0,0,0,0,100,0,0,0,0,0,0,0,0,0,0,100,0,0,0,0,0,0,0,0.013158,0.19737,0.78947,0,0,1,0,0,0,0,1,0,0,0
0,0,0,0,0,100,0,0,0,0,0,0,0,0,0,0,100,0,0,0,0,0,0,0,0,0,0,100,0,0,0,0,0,0,0,0,0.13924,0.86076,0,0,1,0,0,0,0,1,0,0,0
0,0,0,0,0,100,0,0,0,0,0,0,0,0,0,0,100,0,0,0,0,0,0,0,0,0,0,100,0,0,0,0,0,0,0,0.04,0.16,0.8,0,0,1,0,0,0,0,1,0,0,0
0,0,0,0,0,100,0,0,0,0,0,0,0,0,0,0,100,0,0,0,0,0,0,0,0,0,0,100,0,0,0,0,0,0,0,0,0.15,0.85,0,0,1,0,0,0,0,1,0,0,0
0,0,4.2105,0,0,89.689,0,0,6.1005,0,0,0,0,4.2105,0,1.89,89.689,0,3.5333,0,0.67713,0,0,4.2105,0,0,0,89.689,0,0,0,6.1005,0,0,0,0.023256,0.26744,0.7093,0,0,1,0,0,0,0,1,0,0,0
0,0,0,0,0,100,0,0,0,0,0,0,0,0,0,0,100,0,0,0,0,0,0,0,0,0,0,100,0,0,0,0,0,0,0,0,0.15,0.85,0,0,1,0,0,0,0,1,0,0,0
0,0,4.769,0,0,88.966,0,0,6.2652,0,0,0,0,4.141,0.62806,0.8681,88.966,0,3.1326,0,2.2645,0,0,4.769,0,0,0,88.966,0,0,0,6.2652,0,0,0,0,0.20455,0.79545,0,0,1,0,0,0,0,1,0,0,0
0,0,0,0,0,100,0,0,0,0,0,0,0,0,0,0,100,0,0,0,0,0,0,0,0,0,0,100,0,0,0,0,0,0,0,0,0.16092,0.83908,0,0,1,0,0,0,0,1,0,0,0
0,0,0,0,0,100,0,0,0,0,0,0,0,0,0,0,100,0,0,0,0,0,0,0,0,0,0,100,0,0,0,0,0,0,0,0.10112,0.067416,0.83146,0,0,1,0,0,0,0,1,0,0,0
0,0,0,0,0,100,0,0,0,0,0,0,0,0,0,0,100,0,0,0,0,0,0,0,0,0,0,100,0,0,0,0,0,0,0,0,0.22785,0.77215,0,0,1,0,0,0,0,1,0,0,0
0,0,0,0,0,100,0,0,0,0,0,0,0,0,0,0,100,0,0,0,0,0,0,0,0,0,0,100,0,0,0,0,0,0,0,0.012346,0.08642,0.90123,0,0,1,0,0,0,0,1,0,0,0
0,0,0,0,0,100,0,0,0,0,0,0,0,0,0,0,100,0,0,0,0,0,0,0,0,0,0,100,0,0,0,0,0,0,0,0,0.1358,0.8642,0,0,1,0,0,0,0,1,0,0,0
0,0,0,0,0,100,0,0,0,0,0,0,0,0,0,0,100,0,0,0,0,0,0,0,0,0,0,100,0,0,0,0,0,0,0,0,0.18644,0.81356,0,0,1,0,0,0,0,1,0,0,0
0,0,0,0,0,100,0,0,0,0,0,0,0,0,0,0,100,0,0,0,0,0,0,0,0,0,0,100,0,0,0,0,0,0,0,0.10169,0.22034,0.67797,0,0,1,0,0,0,0,1,0,0,0
0,0,0,0,0,100,0,0,0,0,0,0,0,0,0,0,100,0,0,0,0,0,0,0,0,0,0,100,0,0,0,0,0,0,0,0.013158,0.28947,0.69737,0,0,1,0,0,0,0,1,0,0,0
0,0,0,0,0,100,0,0,0,0,0,0,0,0,0,0,100,0,0,0,0,0,0,0,0,0,0,100,0,0,0,0,0,0,0,0.026316,0.19737,0.77632,0,0,1,0,0,0,0,1,0,0,0
0,0,0,0,0,100,0,0,0,0,0,0,0,0,0,0,100,0,0,0,0,0,0,0,0,0,0,100,0,0,0,0,0,0,0,0.027027,0.2973,0.67568,0,0,1,0,0,0,0,1,0,0,0
0,0,0,0,0,100,0,0,0,0,0,0,0,0,0,0,100,0,0,0,0,0,0,0,0,0,0,100,0,0,0,0,0,0,0,0.13235,0.22059,0.64706,0,0,1,0,0,0,0,1,0,0,0
0,0,0,0,0,100,0,0,0,0,0,0,0,0,0,0,100,0,0,0,0,0,0,0,0,0,0,100,0,0,0,0,0,0,0,0.015152,0.21212,0.77273,0,0,1,0,0,0,0,1,0,0,0
0,0,0,0,0,100,0,0,0,0,0,0,0,0,0,0,100,0,0,0,0,0,0,0,0,0,0,100,0,0,0,0,0,0,0,0.028986,0.10145,0.86957,0,0,1,0,0,0,0,1,0,0,0
0,0,3.7606,0,0,85.291,0,0,10.948,0,0,0.57925,0,1.8125,2.5274,0,85.291,0,2.8544,0,4.3636,2.5716,0,3.7606,0,0,0,85.291,0,0.70655,0,8.3765,1.865,0,0,0,0.15385,0.84615,0,0,1,0,0,0,0,1,0,0,0
0,0,0,0,0,100,0,0,0,0,0,0,0,0,0,0,100,0,0,0,0,0,0,0,0,0,0,100,0,0,0,0,0,0,0,0,0.2233,0.7767,0,0,1,0,0,0,0,1,0,0,0
0,0,0.69653,0,0,92.997,0,0,6.3062,0,0,0,0,0,0.69653,0,92.997,0,0.69653,0,3.2005,2.4092,0,0.69653,0,0,0,92.997,0,0.66679,1.0756,3.897,0.66679,0,0,0.01,0.23,0.76,0,0,1,0,0,0,0,1,0,0,0
0,0,0,0,0,100,0,0,0,0,0,0,0,0,0,0,100,0,0,0,0,0,0,0,0,0,0,100,0,0,0,0,0,0,0,0,0.19811,0.80189,0,0,1,0,0,0,0,1,0,0,0
0,0,0,0,0,100,0,0,0,0,0,0,0,0,0,0,100,0,0,0,0,0,0,0,0,0,0,100,0,0,0,0,0,0,0,0,0.10101,0.89899,0,0,1,0,0,0,0,1,0,0,0
0,0,0,0,0,100,0,0,0,0,0,0,0,0,0,0,100,0,0,0,0,0,0,0,0,0,0,100,0,0,0,0,0,0,0,0.010526,0.30526,0.68421,0,0,1,0,0,0,0,1,0,0,0
0,0,0,0,0,100,0,0,0,0,0,0,0,0,0,0,100,0,0,0,0,0,0,0,0,0,0,100,0,0,0,0,0,0,0,0,0.14286,0.85714,0,0,1,0,0,0,0,1,0,0,0
0,0,0,0,0,100,0,0,0,0,0,0,0,0,0,0,100,0,0,0,0,0,0,0,0,0,0,100,0,0,0,0,0,0,0,0,0.25,0.75,0,0,1,0,0,0,0,1,0,0,0
0,0,1.206,0,0,97.169,0,0,1.6248,0,0,0.97356,0,0,0,1.206,97.169,0,0,0,0.65124,0,1.206,0,0,0,0,97.169,0,0,0.97356,0.65124,0,0,0,0,0.31633,0.68367,0,0,1,0,0,0,0,1,0,0,0
0,0,0,0,0,100,0,0,0,0,0,0,0,0,0,0,100,0,0,0,0,0,0,0,0,0,0,100,0,0,0,0,0,0,0,0,0.28283,0.71717,0,0,1,0,0,0,0,1,0,0,0
0,0,3.6447,0,0,93.147,0,0,3.2086,0,0,1.6003,0.73849,0,0,2.9063,93.147,0,0,0,0.86981,0.73849,2.9063,0,0.73849,0,0,93.147,0,0,2.3388,0.86981,0,0,0,0.044118,0.25,0.70588,0,0,1,0,0,0,0,1,0,0,0
0,0,0,0,0,100,0,0,0,0,0,0,0,0,0,0,100,0,0,0,0,0,0,0,0,0,0,100,0,0,0,0,0,0,0,0,0.19792,0.80208,0,0,1,0,0,0,0,1,0,0,0
0,0,0,0,0,100,0,0,0,0,0,0,0,0,0,0,100,0,0,0,0,0,0,0,0,0,0,100,0,0,0,0,0,0,0,0.012658,0.21519,0.77215,0,0,1,0,0,0,0,1,0,0,0
0,0,0,0,0,100,0,0,0,0,0,0,0,0,0,0,100,0,0,0,0,0,0,0,0,0,0,100,0,0,0,0,0,0,0,0,0.2069,0.7931,0,0,1,0,0,0,0,1,0,0,0
0,0,0,0,0,100,0,0,0,0,0,0,0,0,0,0,100,0,0,0,0,0,0,0,0,0,0,100,0,0,0,0,0,0,0,0.079545,0.13636,0.78409,0,0,1,0,0,0,0,1,0,0,0
0,0,0,0,0,100,0,0,0,0,0,0,0,0,0,0,100,0,0,0,0,0,0,0,0,0,0,100,0,0,0,0,0,0,0,0,0.19767,0.80233,0,0,1,0,0,0,0,1,0,0,0
0,0,0,0,0,100,0,0,0,0,0,0,0,0,0,0,100,0,0,0,0,0,0,0,0,0,0,100,0,0,0,0,0,0,0,0,0.076087,0.92391,0,0,1,0,0,0,0,1,0,0,0
0,0,0,0,0,100,0,0,0,0,0,0,0,0,0,0,100,0,0,0,0,0,0,0,0,0,0,100,0,0,0,0,0,0,0,0.10145,0.18841,0.71014,0,0,1,0,0,0,0,1,0,0,0
0,0,0,0,0,100,0,0,0,0,0,0,0,0,0,0,100,0,0,0,0,0,0,0,0,0,0,100,0,0,0,0,0,0,0,0.01087,0.16304,0.82609,0,0,1,0,0,0,0,1,0,0,0
0,0,0,0,0,100,0,0,0,0,0,0,0,0,0,0,100,0,0,0,0,0,0,0,0,0,0,100,0,0,0,0,0,0,0,0,0.35821,0.64179,0,0,1,0,0,0,0,1,0,0,0
0,0,0,0,0,100,0,0,0,0,0,0,0,0,0,0,100,0,0,0,0,0,0,0,0,0,0,100,0,0,0,0,0,0,0,0.01087,0.27174,0.71739,0,0,1,0,0,0,0,1,0,0,0
0,0,0,0,0,100,0,0,0,0,0,0,0,0,0,0,100,0,0,0,0,0,0,0,0,0,0,100,0,0,0,0,0,0,0,0.011905,0.22619,0.7619,0,0,1,0,0,0,0,1,0,0,0
0,0,0,0,0,100,0,0,0,0,0,0,0,0,0,0,100,0,0,0,0,0,0,0,0,0,0,100,0,0,0,0,0,0,0,0.027778,0.29167,0.68056,0,0,1,0,0,0,0,1,0,0,0
0,0,0,0,0,100,0,0,0,0,0,0,0,0,0,0,100,0,0,0,0,0,0,0,0,0,0,100,0,0,0,0,0,0,0,0.028571,0.27143,0.7,0,0,1,0,0,0,0,1,0,0,0
0,0,5.9693,0,0,92.18,0,0,1.8503,0,0,0,1.8503,1.482,0,1.1549,92.18,0,1.482,0,0,1.8503,1.1549,2.9641,1.8503,0,0,92.18,0,0,1.8503,0,0,0,0,0,0.26042,0.73958,0,0,1,0,0,0,0,1,0,0,0
0,0,0,0,0,100,0,0,0,0,0,0,0,0,0,0,100,0,0,0,0,0,0,0,0,0,0,100,0,0,0,0,0,0,0,0,0.14706,0.85294,0,0,1,0,0,0,0,1,0,0,0
0,0,0,0,0,98.816,0,0,1.1842,0,0,0,0,0,0,1.1842,98.816,0,0,0,0,0,0,0,0,0,0,98.816,0,0,0,0,1.1842,0,0,1,0,0,0,0,1,0,0,0,0,1,0,0,0
0,0,8.7609,0,0,90.516,0,0,0.72289,0,0,0,0.72289,2.4948,0,1.5242,90.516,0,2.4948,1.5242,0,0.72289,0,8.038,0.72289,0,0,90.516,0,0,0.72289,0,0,0,0,0,0.16867,0.83133,0,0,1,0,0,0,0,1,0,0,0
0,0,0,0,0,100,0,0,0,0,0,0,0,0,0,0,100,0,0,0,0,0,0,0,0,0,0,100,0,0,0,0,0,0,0,0,0.17143,0.82857,0,0,1,0,0,0,0,1,0,0,0
0,0,0,0,0,100,0,0,0,0,0,0,0,0,0,0,100,0,0,0,0,0,0,0,0,0,0,100,0,0,0,0,0,0,0,0.066667,0.077778,0.85556,0,0,1,0,0,0,0,1,0,0,0
0,0,0,0,0,100,0,0,0,0,0,0,0,0,0,0,100,0,0,0,0,0,0,0,0,0,0,100,0,0,0,0,0,0,0,0,0.14607,0.85393,0,0,1,0,0,0,0,1,0,0,0
0,0,0,0,0,100,0,0,0,0,0,0,0,0,0,0,100,0,0,0,0,0,0,0,0,0,0,100,0,0,0,0,0,0,0,0,0.081633,0.91837,0,0,1,0,0,0,0,1,0,0,0
0,0,0,0,0,100,0,0,0,0,0,0,0,0,0,0,100,0,0,0,0,0,0,0,0,0,0,100,0,0,0,0,0,0,0,0.010526,0.26316,0.72632,0,0,1,0,0,0,0,1,0,0,0
0,0,6.6002,0,0,92.285,0,0,1.1147,0,0,0,1.1147,0,0,2.1854,93.4,0,0,2.1854,1.1147,0,0,5.4855,1.1147,0,0,92.285,0,0,0,1.1147,0,0,0,0,0.10465,0.89535,0,0,1,0,0,0,0,1,0,0,0
0,0,0,0,0,100,0,0,0,0,0,0,0,0,0,0,100,0,0,0,0,0,0,0,0,0,0,100,0,0,0,0,0,0,0,0,0.24468,0.75532,0,0,1,0,0,0,0,1,0,0,0
0,0,9.0746,0,0,86.209,0,0,4.7164,0,0,1.2742,2.1681,1.6856,0,0.79641,89.426,0,0,1.8449,2.1681,0.63708,0,6.9065,2.1681,0,0,86.209,0,0,0.63708,2.8052,1.2742,0,0,0.013889,0.33333,0.65278,0,0,1,0,0,0,0,1,0,0,0
0,0,0,0,0,100,0,0,0,0,0,0,0,0,0,0,100,0,0,0,0,0,0,0,0,0,0,100,0,0,0,0,0,0,0,0,0.19565,0.80435,0,0,1,0,0,0,0,1,0,0,0
0,0,0,0,0,100,0,0,0,0,0,0,0,0,0,0,100,0,0,0,0,0,0,0,0,0,0,100,0,0,0,0,0,0,0,0,0.045977,0.95402,0,0,1,0,0,0,0,1,0,0,0
0,0,0,0,0,100,0,0,0,0,0,0,0,0,0,0,100,0,0,0,0,0,0,0,0,0,0,100,0,0,0,0,0,0,0,0,0.27059,0.72941,0,0,1,0,0,0,0,1,0,0,0
0,0,0,0,0,100,0,0,0,0,0,0,0,0,0,0,100,0,0,0,0,0,0,0,0,0,0,100,0,0,0,0,0,0,0,0.012048,0.19277,0.79518,0,0,1,0,0,0,0,1,0,0,0
0,0,0,0,0,100,0,0,0,0,0,0,0,0,0,0,100,0,0,0,0,0,0,0,0,0,0,100,0,0,0,0,0,0,0,0,0.19792,0.80208,0,0,1,0,0,0,0,1,0,0,0
0,0,0,0,0,100,0,0,0,0,0,0,0,0,0,0,100,0,0,0,0,0,0,0,0,0,0,100,0,0,0,0,0,0,0,0.011905,0.21429,0.77381,0,0,1,0,0,0,0,1,0,0,0
0,0,0,0,0,100,0,0,0,0,0,0,0,0,0,0,100,0,0,0,0,0,0,0,0,0,0,100,0,0,0,0,0,0,0,0,0.18182,0.81818,0,0,1,0,0,0,0,1,0,0,0
0,0,0,0,0,100,0,0,0,0,0,0,0,0,0,0,100,0,0,0,0,0,0,0,0,0,0,100,0,0,0,0,0,0,0,0,0.13636,0.86364,0,0,1,0,0,0,0,1,0,0,0
0,0,0,0,0,100,0,0,0,0,0,0,0,0,0,0,100,0,0,0,0,0,0,0,0,0,0,100,0,0,0,0,0,0,0,0.037037,0.2963,0.66667,0,0,1,0,0,0,0,1,0,0,0
0,0,0,0,0,100,0,0,0,0,0,0,0,0,0,0,100,0,0,0,0,0,0,0,0,0,0,100,0,0,0,0,0,0,0,0,0.043011,0.95699,0,0,1,0,0,0,0,1,0,0,0
0,0,0,0,0,100,0,0,0,0,0,0,0,0,0,0,100,0,0,0,0,0,0,0,0,0,0,100,0,0,0,0,0,0,0,0.015152,0.30303,0.68182,0,0,1,0,0,0,0,1,0,0,0
0,0,0,0,0,100,0,0,0,0,0,0,0,0,0,0,100,0,0,0,0,0,0,0,0,0,0,100,0,0,0,0,0,0,0,0.028571,0.25714,0.71429,0,0,1,0,0,0,0,1,0,0,0
0,0,0,0,0,100,0,0,0,0,0,0,0,0,0,0,100,0,0,0,0,0,0,0,0,0,0,100,0,0,0,0,0,0,0,0,0.29688,0.70312,0,0,1,0,0,0,0,1,0,0,0
0,0,0,0,0,100,0,0,0,0,0,0,0,0,0,0,100,0,0,0,0,0,0,0,0,0,0,100,0,0,0,0,0,0,0,1,0,0,0,0,1,0,0,0,0,1,0,0,0
0,0,0,0,0,92.263,1.1964,2.7104,3.8303,0,0,3.1415,0.74861,1.1381,0.2546,1.1964,90.318,0.74861,0.2546,0.6274,0.2546,1.3177,2.5755,2.1997,1.1964,1.8867,1.6306,90.511,0,0,0,0,0,0,0,1,0,0,0,0,1,0,0,0,0,1,0,0,0
0,0,0,0,0,100,0,0,0,0,0,0,0,0,0,0,100,0,0,0,0,0,0,0,0,0,0,100,0,0,0,0,0,0,0,1,0,0,0,0,1,0,0,0,0,1,0,0,0
0,0,0,0,0,95.225,0,1.5918,3.1837,0,0,0.77543,0.77543,0,0.81641,0,94.449,0.77543,0.81641,0,0.81641,0.77543,3.1837,1.5918,0,0.77543,2.189,92.26,0,0,0,0,0,0,0,1,0,0,0,0,1,0,0,0,0,1,0,0,0
0,0,0,0,0,100,0,0,0,0,0,0,0,0,0,0,100,0,0,0,0,0,0,0,0,0,0,100,0,0,0,0,0,0,0,1,0,0,0,0,1,0,0,0,0,1,0,0,0
0,0,0,0,0,98.257,0,0.58107,1.1621,0,0,0,0,0,0.58107,0,98.257,0,0.58107,0,0.58107,0,1.1621,0.58107,0,0,1.8529,96.404,0,0,0,0,0,0,0,1,0,0,0,0,1,0,0,0,0,1,0,0,0
0,0,0,0,0,100,0,0,0,0,0,0,0,0,0,0,100,0,0,0,0,0,0,0,0,0,0,100,0,0,0,0,0,0,0,1,0,0,0,0,1,0,0,0,0,1,0,0,0
0,0,0,0,0,100,0,0,0,0,0,0,0,0,0,0,100,0,0,0,0,0,0,0,0,0,0.97243,99.028,0,0,0,0,0,0,0,1,0,0,0,0,1,0,0,0,0,1,0,0,0
0,0,3.3284,8.0373,2.106,59.779,2.9174,12.678,10.685,0,0.4683,8.2798,4.9739,3.3793,0.81122,5.0924,58.231,2.9736,3.1756,3.3404,4.0309,5.7122,7.4595,8.2817,5.1753,4.7198,7.6791,48.016,2.3687,3.2624,3.8548,6.3131,2.8693,0,0,1,0,0,0,0,1,0,0,0,0,1,0,0,0
0,0,4.0092,14.069,1.9659,43.554,9.0179,15.165,11.975,0,0.24491,12.417,7.3787,3.8137,2.0427,8.4536,37.17,1.8456,9.3276,2.1567,5.871,9.524,9.7269,8.0263,4.2234,13.071,10.063,23.827,3.5753,6.9471,1.8845,12.873,5.7831,0,0,1,0,0,0,0,1,0,0,0,0,0.96296,0.037037,0,0
0,0,1.5197,2.9414,0.5877,73.559,2.6444,10.849,7.8987,0,0,4.3739,3.2417,2.247,0.68868,3.617,69.346,3.4292,1.6651,2.2939,3.0724,6.0252,5.9887,5.9204,3.5169,6.2788,6.9603,63.401,1.1754,1.3733,1.1188,2.5971,1.6692,0,0,1,0,0,0,0,1,0,0,0,0,1,0,0,0
0,0,4.5511,9.9037,1.2576,61.072,2.0323,13.083,8.1005,0,0,4.9266,4.297,3.3865,3.4816,7.0148,58.275,1.7297,4.1571,2.029,4.1528,6.5494,8.05,6.561,3.5762,7.6677,8.8029,45.884,4.117,2.6125,1.3506,6.9729,4.405,0,0,1,0,0,0,0,1,0,0,0,0,0.98734,0.012658,0,0
0,0,1.7323,0,0,94.51,0,1.7323,2.0251,0,0,1.7323,0,0,0,0.89795,94.51,0,0,0,1.7323,1.1271,0,1.7323,1.1271,1.7323,0,94.51,0,0,0,0,0.89795,0,0,1,0,0,0,0,1,0,0,0,0,1,0,0,0
0,0,1.0119,0,0,96.279,0,1.0119,1.6971,0,0,1.0119,0,0,0,1.6971,96.279,0,0,0,1.0119,0,0,1.0119,0,1.0119,0,96.279,0,0,0,0,1.6971,0,0,1,0,0,0,0,1,0,0,0,0,1,0,0,0
0,0,2.6668,2.6668,0.88893,79.32,2.5031,4.281,7.6731,0,0,1.7779,0.88893,0.88893,1.7779,1.7779,78.595,2.5031,0,3.3921,2.5031,5.8952,0.88893,3.3921,4.281,6.7841,0.88893,76.654,1.7779,0.88893,0,1.7779,2.6668,0,0,1,0,0,0,0,1,0,0,0,0,1,0,0,0
0,0,0,0,0,100,0,0,0,0,0,0,0,0,0,0,100,0,0,0,0,0,0,0,0,0,0,100,0,0,0,0,0,0,0,1,0,0,0,0,1,0,0,0,0,1,0,0,0
0,0,0,0,0,88.302,1.0407,5.0415,5.6161,0,0,0.37748,0.74972,0.37224,1.3899,0.74447,86.139,1.7904,1.3899,1.4129,2.8028,2.8311,4.2792,3.5525,1.4129,2.4589,2.8841,85.04,0,0,0.37224,0,0,0,0,1,0,0,0,0,1,0,0,0,0,1,0,0,0
0,0,0,2.6285,0,90.196,1.4385,1.9123,3.8245,0,0,0,0,0,0.47375,0,88.758,1.4385,0.47375,1.4385,1.9123,5.5055,0.94749,1.9123,1.4385,5.5055,1.8495,88.347,0,0,0,0,0,0,0,1,0,0,0,0,1,0,0,0,0,1,0,0,0
0,0,0,0,0,100,0,0,0,0,0,0,0,0,0,0,100,0,0,0,0,0,0,0,0,0,2.0062,97.994,0,0,0,0,0,0,0,1,0,0,0,0,1,0,0,0,0,1,0,0,0
0,0,0,0,0,99.075,0,0,0.46259,0.46259,0,0,0,0,0,0.92517,99.075,0,0,0,0,0,0,0,0,0,0,99.075,0,0,0,0.46259,0.46259,0,0,1,0,0,0,0,1,0,0,0,0,1,0,0,0
0,0,0,4.7459,0,95.254,0,0,0,0,0,0,0,0,0,0,95.254,0,0,0,0,4.7459,0,0,0,4.7459,0,95.254,0,0,0,0,0,0,0,1,0,0,0,0,1,0,0,0,0,1,0,0,0
0,0,0,1.3985,0,98.602,0,0,0,0,0,0,0,0,0,0,98.602,0,0,0,0,1.3985,0,0,0,1.3985,0,98.602,0,0,0,0,0,0,0,1,0,0,0,0,1,0,0,0,0,1,0,0,0
0,0,16.365,34.27,10.227,18.519,0,5.5678,12.734,0,2.3179,1.0354,9.9237,13.746,6.4866,14.321,32.528,0.94034,7.96,2.6752,9.1772,1.2065,3.9884,2.957,2.413,2.0971,0.51772,3.1162,13.778,2.7208,13.801,35.582,19.029,0,0,0.055556,0.16667,0.77778,0,0,1,0,0,0,0,0.037037,0.18519,0.77778,1
0,0,0,0,0,100,0,0,0,0,0,0,0,0,0,0,100,0,0,0,0,0,0,0,0,0,0,100,0,0,0,0,0,0,0,1,0,0,0,0,1,0,0,0,0,1,0,0,0
0,0,0,0,0,100,0,0,0,0,0,0,0,0,0,0,100,0,0,0,0,0,0,0,0,0,0,100,0,0,0,0,0,0,0,1,0,0,0,0,1,0,0,0,0,1,0,0,0
0,0,0,0,0.85231,99.148,0,0,0,0,0,0,0,0,0,0,99.148,0,0,0,0,0.85231,0,0,0,0,0,98.295,0.85231,0,0,0,0.85231,0,0,1,0,0,0,0,1,0,0,0,0,1,0,0,0
0,0,0,0,0,100,0,0,0,0,0,0,0,0,0,0,100,0,0,0,0,0,0,0,0,0,0,100,0,0,0,0,0,0,0,1,0,0,0,0,1,0,0,0,0,1,0,0,0
0,0,0,0,1.7067,97.033,0.62996,0.62996,0,0,0,0.62996,0,0,0,0,97.033,0,0.62996,0,0,1.7067,0,0,0,0,0,94.697,2.3367,0,0,0.62996,2.3367,0,0,1,0,0,0,0,1,0,0,0,0,1,0,0,0
0,2.8638,0,0.46119,2.0639,90.825,1.9414,0.92237,0.46119,0,0.46119,0.46119,0.92237,2.4026,0,0.46119,88.884,1.9414,0,0.46119,0,4.4664,0.46119,0.92237,1.9414,0.46119,0,86.82,3.5441,0.46119,0.46119,0.92237,4.0052,0,0,1,0,0,0,0,1,0,0,0,0,1,0,0,0
1.5421,6.6842,0,0.80293,2.9286,66.698,8.3331,6.5054,3.7743,1.3632,1.3678,2.4079,4.0091,3.372,1.605,3.0489,60.655,2.5822,3.3175,5.8813,2.0703,11.051,5.6311,7.0172,9.9649,2.484,3.2992,57.991,1.5477,2.8732,0.80293,5.2313,3.1573,0,0,1,0,0,0,0,1,0,0,0,0,1,0,0,0
0.70522,3.3162,0,1.5747,2.573,80.241,3.7433,6.1077,0.86949,0,0.86949,5.1512,4.1477,2.2407,1.2044,2.2799,75.55,1.3712,1.873,1.3686,0.70522,4.1084,2.2799,3.4425,4.073,2.573,2.2026,70.898,4.3615,0.86949,1.5747,4.1111,3.6145,0,0,1,0,0,0,0,1,0,0,0,0,1,0,0,0
2.2132,4.8615,0.20897,1.1118,6.0611,44.803,18,16.387,2.3594,3.0872,0.90663,7.3216,10.573,6.4881,5.8364,6.009,28.435,6.3229,5.42,4.9498,4.3003,14.344,10.965,10.537,18.452,9.4478,8.5863,21.914,5.494,2.057,1.7013,4.5198,6.3253,0,0,1,0,0,0,0,1,0,0,0,0,1,0,0,0
0,0,0,0,0,100,0,0,0,0,0,0,0,0,0,0,100,0,0,0,0,0,0,0,0,0,0,100,0,0,0,0,0,0,0,1,0,0,0,0,1,0,0,0,0,1,0,0,0
0,0,0,0,1.0522,95.904,1.5218,1.5218,0,0,0,1.5218,0,0,0,0,95.904,0,1.5218,0,0,1.0522,0,0,0,0,0,93.33,2.574,0,0,1.5218,2.574,0,0,1,0,0,0,0,1,0,0,0,0,1,0,0,0
0,0,0,0,0,100,0,0,0,0,0,0,0,0,0,0,100,0,0,0,0,0,0,0,0,0,0,100,0,0,0,0,0,0,0,1,0,0,0,0,1,0,0,0,0,1,0,0,0
0,0,0,0,0,98.607,0.69631,0.69631,0,0,0,0.69631,0,0,0,0,98.607,0,0.69631,0,0,0,0,0,0,0,0,97.911,0.69631,0,0,0.69631,0.69631,0,0,1,0,0,0,0,1,0,0,0,0,1,0,0,0
1.1289,1.8885,0,2.1762,4.4157,75.715,3.3276,9.8697,0.37982,0,1.099,7.0334,6.6743,0.82158,2.9573,3.654,69.247,1.1092,1.1092,0.82158,2.4638,4.1084,4.0243,4.1587,4.6726,5.7812,4.5083,64.052,4.7427,0.37982,3.1926,1.6432,2.845,0,0,1,0,0,0,0,1,0,0,0,0,1,0,0,0
0.50594,2.807,0,2.0939,5.8005,43.535,14.628,25.242,1.0359,1.8696,2.4821,10.866,12.742,3.6478,6.3077,3.3214,35.072,4.554,4.9139,3.6969,4.453,10.425,7.7652,9.9088,14.383,13.796,9.469,27.973,2.3352,1.2971,2.9158,4.6411,5.5156,0.048193,0.012048,0.93976,0,0,0,0,1,0,0,0,0,1,0,0,0
0,0,0,0,0,94.582,1.6549,3.7627,0,0,0,3.7627,0,0,0,2.1079,92.475,0,1.6549,0,0,0,0,0,0,0,0,92.928,1.6549,0,2.1079,1.6549,1.6549,0,0,1,0,0,0,0,1,0,0,0,0,1,0,0,0
0.80178,0.80178,0,1.7789,1.7789,76.599,3.7654,12.464,0,0,2.0102,8.1489,7.5781,0,3.789,1.6036,72.359,0.97709,1.8112,0,2.7559,0.97709,4.5908,3.789,2.7559,8.4672,4.7661,67.967,3.2395,0,1.7789,0.83416,1.8112,0,0,1,0,0,0,0,1,0,0,0,0,1,0,0,0
0,0,0,0,0,100,0,0,0,0,0,0,0,0,0,0,100,0,0,0,0,0,0,0,0,0,0,100,0,0,0,0,0,0,0,1,0,0,0,0,1,0,0,0,0,1,0,0,0
0,0,0,0,0,100,0,0,0,0,0,0,0,0,0,0,100,0,0,0,0,0,0,0,0,0,0,100,0,0,0,0,0,0,0,1,0,0,0,0,1,0,0,0,0,1,0,0,0
0,0,0,0,0,100,0,0,0,0,0,0,0,0,0,0,100,0,0,0,0,0,0,0,0,0,0,100,0,0,0,0,0,0,0,1,0,0,0,0,1,0,0,0,0,1,0,0,0
0,0,0,0,0,100,0,0,0,0,0,0,0,0,0,0,100,0,0,0,0,0,0,0,0,0,0,100,0,0,0,0,0,0,0,1,0,0,0,0,1,0,0,0,0,1,0,0,0
0,0,0,0,0,100,0,0,0,0,0,0,0,0,0,0,100,0,0,0,0,0,0,0,0,0,0,100,0,0,0,0,0,0,0,1,0,0,0,0,1,0,0,0,0,1,0,0,0
0,0,0,0,0,100,0,0,0,0,0,0,0,0,0,0,100,0,0,0,0,0,0,0,0,0,0,100,0,0,0,0,0,0,0,1,0,0,0,0,1,0,0,0,0,1,0,0,0
0,0,0,0,0,100,0,0,0,0,0,0,0,0,0,0,100,0,0,0,0,0,0,0,0,0,0,100,0,0,0,0,0,0,0,1,0,0,0,0,1,0,0,0,0,1,0,0,0
0,0,0,0,0,100,0,0,0,0,0,0,0,0,0,0,100,0,0,0,0,0,0,0,0,0,0,100,0,0,0,0,0,0,0,1,0,0,0,0,1,0,0,0,0,1,0,0,0
0,0,0,0,0,100,0,0,0,0,0,0,0,0,0,0,100,0,0,0,0,0,0,0,0,0,0,100,0,0,0,0,0,0,0,1,0,0,0,0,1,0,0,0,0,1,0,0,0
0,0,0,0,0,98.993,0,1.0072,0,0,0,1.0072,0,0,0,1.0072,97.986,0,0,0,0,0,0,0,0,0,0,98.993,0,0,1.0072,0,0,0,0,1,0,0,0,0,1,0,0,0,0,1,0,0,0
0,0,0,0,0,97.821,0,2.1795,0,0,0,2.1795,0,0,0,1.2145,96.606,0,0,0,0,0,0,0,0,0.965,0,97.821,0,0,1.2145,0,0,0,0,1,0,0,0,0,1,0,0,0,0,1,0,0,0
1.9631,9.182,2.0929,10.52,8.4219,6.1198,13.298,10.366,21.581,11.186,5.2693,7.4954,5.7633,1.5824,2.7449,13.818,38.825,9.4582,6.992,6.4774,1.8602,4.9835,13.726,16.178,12.997,12.877,2.2392,0.27615,0.82845,8.2693,9.8722,16.704,6.0323,0,0.94737,0.052632,0,0,0,0,0,1,0,1,0,0,0,0,1
1.8681,6.162,2.8554,9.7481,5.0271,29.58,12.458,12.444,11.402,5.7011,2.7535,11.27,10.863,2.1948,2.9833,12.75,27.045,4.2599,7.1852,5.0948,7.6767,8.6767,9.1466,14.161,11.114,11.008,6.5723,8.6875,6.1432,5.7328,6.7914,9.7604,10.883,0,0.011364,0.98864,0,0,0,0,1,0,0,0,0.011364,0.98864,0,0,0
0,0,0,0,0,100,0,0,0,0,0,0,0,0,0,0,100,0,0,0,0,0,0,0,0,0,0,100,0,0,0,0,0,0,0,1,0,0,0,0,1,0,0,0,0,1,0,0,0
0,0,0,0,0,100,0,0,0,0,0,0,0,0,0,0,100,0,0,0,0,0,0,0,0,0,0,100,0,0,0,0,0,0,0,1,0,0,0,0,1,0,0,0,0,1,0,0,0
0,0,0,0,0,100,0,0,0,0,0,0,0,0,0,0,100,0,0,0,0,0,0,0,0,0,0,100,0,0,0,0,0,0,0,1,0,0,0,0,1,0,0,0,0,1,0,0,0
0,7.5268,4.1504,9.841,4.1752,34.052,11.777,11.433,11.882,2.9309,2.233,11.032,4.6895,0.87325,1.7676,13.744,39.88,5.506,5.3236,7.2015,6.6405,3.3418,10.657,14.841,13.567,9.8752,1.2284,20.97,5.7144,2.6513,3.3723,9.4107,7.7124,0,0,1,0,0,0,0,1,0,0,0,0,1,0,0,0
0,0,0,0,0,100,0,0,0,0,0,0,0,0,0,0,100,0,0,0,0,0,0,0,0,0,0,100,0,0,0,0,0,0,0,1,0,0,0,0,1,0,0,0,0,1,0,0,0
0,0,0,0,0,100,0,0,0,0,0,0,0,0,0,0,100,0,0,0,0,0,0,0,0,0,0,100,0,0,0,0,0,0,0,1,0,0,0,0,1,0,0,0,0,1,0,0,0
3.5745,0.78736,3.5745,0,0.78736,82.19,0,4.3619,4.7241,0,0,7.9364,0.78736,4.3619,0,5.1493,78.616,0.78736,0.78736,0,0,1.5747,0,4.3619,0,3.5745,0,78.616,0,4.3619,0,6.724,2.3621,0,0,1,0,0,0,0,1,0,0,0,0,1,0,0,0
3.8553,1.7276,2.8297,11.575,3.8412,41.024,3.6006,16.391,13.116,2.0395,0,14.606,5.4693,5.5724,6.2429,7.0268,35.329,7.8138,4.8346,1.8158,1.7416,9.5486,5.0896,5.0441,6.2534,5.7779,4.4477,32.594,2.1136,4.6037,3.1461,11.411,19.519,0,0,1,0,0,0,0,1,0,0,0,0,1,0,0,0
0,0,0,0,0,100,0,0,0,0,0,0,0,0,0,0,98.476,1.5241,0,0,0,0,0,0,0,0,1.5241,98.476,0,0,0,0,0,0,0,1,0,0,0,0,1,0,0,0,0,1,0,0,0
0,0,2.168,0,0,83.002,0,0,14.83,0,0,3.8598,0,2.7758,0.92508,1.0174,83.002,0,2.2005,0,2.3594,3.8598,0,2.168,0,0,0,83.002,0,0.57526,0.57526,9.1194,4.56,0,0,1,0,0,0,0,1,0,0,0,0,1,0,0,0
0,0,0,0,0,100,0,0,0,0,0,0,0,0,0,0,100,0,0,0,0,0,0,0,0,0,0,100,0,0,0,0,0,0,0,0.89583,0.020833,0.083333,0.083333,0.0625,0.85417,0,0,0,0,0.85417,0.0625,0.083333,0
0,0,1.6893,0,0,83.533,0,0,14.778,0,0,3.0544,0,3.4048,0,1.6893,83.533,0,2.2097,0,1.8593,4.2494,0,1.6893,0,0,0,83.533,0,0,1.1951,8.3185,5.2641,0,0,1,0,0,0,0,1,0,0,0,0,1,0,0,0
0,0,3.94,0,0,82.939,0,0,13.121,0,0,3.1719,3.3346,3.0092,0,0,82.939,0.60538,2.5665,0,0,4.3738,0,3.3346,0.60538,0,0,82.939,0,0,1.2019,7.5457,4.3738,0,0,1,0,0,0,0,1,0,0,0,0,1,0,0,0
0,0,5.2784,0,0,84.469,0,0,10.253,0,0,4.9746,2.9735,1.2933,0,0,85.48,1.2933,0.84009,0,0.50578,2.6392,0,3.4793,1.7991,0,0,84.469,0,0,0.50578,5.2784,4.4688,0,0,1,0,0,0,0,1,0,0,0,0,1,0,0,0
0,0,0,0,0,100,0,0,0,0,0,0,0,0,0,0,100,0,0,0,0,0,0,0,0,0,0,100,0,0,0,0,0,0,0,1,0,0,0,0,1,0,0,0,0,1,0,0,0
0,0,0,0,0,100,0,0,0,0,0,0,0,0,0,0,100,0,0,0,0,0,0,0,0,0,0,100,0,0,0,0,0,0,0,1,0,0,0,0,1,0,0,0,0,1,0,0,0
3.8564,0,14.719,0.30056,5.1941,54.939,4.4515,2.1719,13.098,1.2702,0,5.9471,1.8052,11.664,2.0554,0.69034,48.886,0.9909,5.0935,3.0426,5.7435,14.082,3.3313,16.373,5.7978,2.7858,3.7671,45.821,1.2267,0,4.8625,3.5801,12.454,0,0.029412,0.029412,0.35294,0.58824,0,0,1,0,0,0,0,1,0,0,0
4.011,6.0064,4.0384,0.95506,4.1073,42.353,16.11,11.538,7.2459,2.513,1.123,4.7885,6.8956,8.1331,4.1813,4.6356,32.969,5.6988,4.4429,5.7429,5.0981,17.414,8.6112,13.425,16.732,6.4766,5.3527,28.273,2.4464,2.5018,2.9663,5.5853,7.6296,0.10769,0.015385,0.87692,0,0,0,0,1,0,0,0,0,1,0,0,0
1.5143,0,8.4667,0.47284,4.5441,67.791,0.54418,0.48505,15.697,0.48505,0,4.5667,1.6581,7.2708,2.1079,0,65.233,0,3.8791,0.69799,4.5372,10.049,0,6.5994,3.8074,0.54418,1.5143,63.729,0.54418,0,4.9359,5.032,13.294,0,0,0.027027,0.18919,0.78378,0,0,1,0,0,0,0,1,0,0,0
4.5733,2.4791,8.8407,0.1821,3.8431,52.361,4.5945,3.9055,16.919,2.0419,0.25975,5.8247,2.68,9.0597,2.0642,1.0253,46.239,1.5328,6.5894,4.9733,3.7015,16.31,2.7402,16.656,6.6743,1.5586,4.71,44.725,0.1821,0.88965,6.8677,4.6083,10.388,0,0,1,0,0,0,0,1,0,0,0,0,1,0,0,0
4.6552,7.2148,2.1038,2.5928,6.3235,34.686,17.999,16.738,3.8809,2.6567,1.1501,2.9603,10.916,9.6495,7.5562,6.0166,20.654,9.9857,3.8809,6.1696,5.2814,16.93,14.258,16.417,18.168,7.3058,4.9358,13.888,2.0872,1.0713,3.9045,7.3177,10.646,0.33333,0.57143,0.095238,0,0,0,0,1,0,0,0,0,1,0,0,1
2.2448,1.0989,6.0752,1.9779,9.5616,59.981,8.402,2.9843,7.2055,0.46925,0,1.2261,3.4624,9.6955,7.1636,1.2744,57.422,2.6621,3.6857,1.971,2.761,8.6759,7.1991,10.2,2.9631,3.4527,1.5482,54.179,0.60972,0,3.1827,6.2485,10.417,0,0.078947,0.013158,0.23684,0.67105,0,0,1,0,0,0,0,1,0,0,0
5.0065,5.415,3.3196,1.2023,9.729,30.621,20.689,12.022,8.1698,2.9601,0.86546,5.6436,9.9975,9.6195,7.7152,6.1363,17.205,7.3772,9.0938,5.621,7.891,13.7,11.813,17.297,14.504,12.836,5.0651,13.469,2.1287,1.463,3.8635,6.993,10.568,1,0,0,0,0,0,0,1,0,0,0,0,1,0,0,1
0.38136,0.76272,1.0812,1.1792,7.5352,78.771,5.0227,1.1441,4.1227,0,0,3.4656,1.1441,9.1143,5.0578,0.38136,77.308,1.1441,0.54062,0,1.844,0,7.7573,2.0661,0.92198,0.76272,0,76.546,0,0,3.847,2.2177,5.8818,0,0,0.019608,0.29412,0.68627,0,0,1,0,0,0,0,1,0,0,0
0,0,0.83966,0,0,76.338,0,2.1143,20.708,0,0,8.9296,2.8555,4.2699,2.3758,0,76.338,0,0,2.3758,0,2.8555,0,0.83966,0,2.1143,0,76.338,0,0,2.1593,12.574,5.9753,0,0.013699,0.9863,0,0,0,0,1,0,0,0,0,1,0,0,0
0,0,11.638,0,0,72.606,0,0,15.756,0,0,16.761,0,0,0,0,78.248,0,0,0,0.94756,4.0433,1.7858,0,0.94756,0,0,72.606,0,0,3.8566,15.561,5.2439,0,0,0,0.058824,0.94118,0,0,1,0,0,0,0,1,0,0,0
0,0,2.0127,0,0,80.759,0.86495,0,16.363,0,0,8.1244,1.5115,4.933,1.0386,0,80.759,0,0,2.0127,0,1.6206,0,2.0127,0,0,0,80.759,0,0,5.1396,7.483,4.6054,0,0,0.047619,0.25397,0.69841,0,0,1,0,0,0,0,1,0,0,0
0,0,5.8842,0,0,65.667,0,0,28.449,0,0,7.1665,1.6467,7.3446,5.6903,0,65.667,0,0,6.8167,0,5.668,0,5.8842,0,0,0,65.667,0,0,4.0213,17.261,7.1665,0,0,0.1,0.17143,0.72857,0,0,1,0,0,0,0,1,0,0,0
0,0,6.0087,0,0,68.654,0,0.67262,24.664,0,0,7.6897,2.0141,6.5427,3.056,0,68.654,0,0,4.5957,0,7.4474,0,6.0087,0,0.67262,0,68.654,0,0,7.4474,10.2,7.0171,0,0,1,0,0,0,0,1,0,0,0,0,1,0,0,0
0,0,2.1152,0,0,77.61,0,0,20.275,0,0,5.7716,2.7381,5.8103,1.1978,0,77.61,0,0,2.775,0,4.0975,0,2.1152,0,0,0,77.61,0,0,3.4377,11.066,5.7716,0,0,0.013514,0.14865,0.83784,0,0,1,0,0,0,0,1,0,0,0
0,0,9.4043,0.51965,1.2607,62.325,0,0,26.49,0,0,7.6605,4.6489,5.2634,3.0316,0,62.845,0,1.1878,6.5441,0.66817,8.1507,0,8.7362,0.66817,0,0,62.325,0,0,8.4334,13.289,6.5483,0,0,0,0.31429,0.68571,0,0,1,0,0,0,0,1,0,0,0
0,0,3.8823,0,0,71.394,0,0,24.723,0,0,17.633,0,0,0,0,75.639,0,0,0,1.2941,5.4337,1.2941,0,1.2941,0,0,71.394,0,0,2.9507,16.082,6.985,0,0,0,0.1,0.9,0,0,1,0,0,0,0,1,0,0,0
0,0,5.2155,0,0.43478,76.27,0,0,18.08,0,0,5.3631,2.4953,1.9465,4.3893,0,76.27,0,0,3.9027,0,5.6336,0,5.2155,0,0,0,76.27,0,0,4.9999,8.5867,4.9283,0,0,0,0.22368,0.77632,0,0,1,0,0,0,0,1,0,0,0
0,0,4.279,4.0362,1.0055,70.815,0.30854,0.30854,19.247,0,0,6.6469,2.941,3.1991,1.7192,0.48534,72.591,0.30854,2.244,2.2284,1.8029,5.8335,0,3.2699,1.009,0,0,70.815,0,0,8.7126,11.187,5.0063,0,0,0.027027,0.2027,0.77027,0,0,1,0,0,0,0,1,0,0,0
5.1692,0.58231,8.2832,8.2209,3.0712,45.226,3.6044,8.6556,16.668,0.51889,0,15.204,3.4157,5.8249,1.6117,2.6549,43.195,2.916,3.4919,3.9019,6.7733,11.011,5.4226,4.3156,3.3685,3.1952,2.0656,43.432,1.2995,0.86762,7.027,11.725,17.282,0,0,0,0.14815,0.85185,0,0,1,0,0,0,0,1,0,0,0
5.9543,0.33175,9.0648,11.257,2.5415,40.498,3.7479,13.12,12.333,1.1516,0,18.344,3.9108,6.8008,4.1425,4.5724,34.662,5.258,3.6556,3.9455,4.5404,10.168,6.698,5.6412,5.6235,6.7052,3.7283,32.555,1.917,3.0213,6.8931,10.59,16.628,0,0,1,0,0,0,0,1,0,0,0,0,1,0,0,0
3.1686,0.56406,4.4866,10.292,2.2001,55.39,3.6426,5.6725,14.229,0.35536,0,13.573,3.0412,4.0123,0.76942,1.1868,57.297,2.0559,3.0788,3.0181,3.5621,8.4057,3.4542,3.1252,1.0014,1.9368,0.75333,55.663,0.33927,0.2087,9.5026,11.043,12.973,0,0,0,0.089552,0.91045,0,0,1,0,0,0,0,1,0,0,0
9.7695,0.58833,6.9274,14.7,2.8857,39.22,4.6578,8.8292,11.749,0.67261,0,21.726,2.3446,6.1477,2.6435,2.6187,38.08,4.4823,3.3377,3.4446,4.6082,10.567,12.065,3.9095,3.3766,3.589,2.0775,37.193,1.1178,0.87595,7.2959,11.185,17.315,0,0,0.8,0.13333,0.066667,0,0,0.23333,0.13333,0.63333,0,0,0.26667,0.73333,0,1
7.6159,1.0123,5.089,19.963,1.7547,26.681,7.0468,23.216,7.1867,0.43487,0,22.162,1.605,5.3224,10.002,7.7161,20.794,6.7018,5.687,2.3195,2.7307,14.96,12.105,4.379,9.9589,8.2963,5.4741,15.879,0.54956,1.7793,3.9623,11.801,25.816,0,0.3,0.7,0,0,0,0,0.43333,0.23333,0.33333,0,0,0.6,0.4,0,1
8.0911,0.65321,4.8341,17.646,1.2046,45.544,4.0416,9.5108,7.581,0.89349,0,17.884,1.9227,6.6759,3.0232,2.569,46.471,2.7497,3.0875,1.8072,5.9877,7.8222,8.9317,4.8864,3.6065,3.1397,1.423,45.047,0.55143,0.48057,7.8314,9.3665,14.736,0,0,0.44,0.48,0.08,0,0,0.4,0.2,0.4,0,0,0.56,0.44,0,0
9.4902,0,9.3083,19.579,2.2854,35.408,3.059,7.9594,12.041,0.86932,0,17.461,2.3116,8.3437,6.3546,1.4423,37.36,2.9229,6.8898,2.6004,3.4006,10.913,14.182,6.3929,6.3929,3.1996,2.0536,38.699,1.4806,1.7386,2.9416,4.5013,18.417,0,0,0,0,1,0,0,1,0,0,0,0,1,0,0,1
31.456,0.61595,3.4549,10.005,2.566,30.092,4.5641,10.943,5.2132,1.09,0,42.005,2.0258,4.7214,2.6071,2.0794,28.528,2.9053,1.7587,2.9055,3.5593,6.9042,31.412,3.2897,2.4972,3.3546,1.8153,28.804,0.8259,0.94815,5.1238,6.1158,15.814,0,0,0.043478,0.28261,0.67391,0,0,1,0,0,0,0,1,0,0,0
0,0,8.2964,1.4918,1.2097,89.002,0,0,0,0,0,0,0,4.3784,1.4918,0,88.542,0,1.2097,1.959,2.4194,0,0,7.0867,1.2097,0,0,86.583,0,0,0,1.4918,3.6292,0,0,0,0.25806,0.74194,0,0,1,0,0,0,0,1,0,0,0
0,0,0,0.78311,0,99.217,0,0,0,0,0,0,0,0,0.78311,0,99.217,0,0,0,0,0,0,0,0,0,0,99.217,0,0,0,0.78311,0,0,0,0,0.24752,0.75248,0,0,1,0,0,0,0,1,0,0,0
5.1177,4.3179,2.9661,1.0614,10.663,34.147,19.202,12.502,6.1755,2.8998,0.94775,3.7659,9.2962,10.485,7.5077,6.3435,20.088,7.896,7.7038,6.7432,6.2888,13.881,13.948,15.247,15.849,11.445,3.5044,17.864,1.2232,0.62862,3.5732,6.4778,10.24,0,0.45652,0.54348,0,0,0,0,1,0,0,0,0,1,0,0,0
0.53985,1.0797,4.1304,0.53985,4.3275,82.751,5.0118,1.6195,0,0,0,0,2.95,6.6721,2.6016,0.53985,80.165,1.6195,1.2837,0.52101,3.647,0,4.1235,5.0061,1.8235,1.0797,0,78.564,0,0,0.53985,2.4102,6.4526,0,0,0.025641,0.32051,0.65385,0,0,1,0,0,0,0,1,0,0,0
0,0,0,2.1518,0,97.848,0,0,0,0,0,0,0,0,2.1518,0,97.848,0,0,0,0,0,0,0,0,0,0,97.848,0,0,0,2.1518,0,0,0,0,0.17143,0.82857,0,0,1,0,0,0,0,1,0,0,0
0,0,0,0,0,100,0,0,0,0,0,0,0,0,0,0,100,0,0,0,0,0,0,0,0,0,0,100,0,0,0,0,0,0,0,0.045455,0.14773,0.80682,0,0,1,0,0,0,0,1,0,0,0
0,0,0,0,0,100,0,0,0,0,0,0,0,0,0,0,100,0,0,0,0,0,0,0,0,0,0,100,0,0,0,0,0,0,0,0,0.20225,0.79775,0,0,1,0,0,0,0,1,0,0,0
0,0,0,0,0,100,0,0,0,0,0,0,0,0,0,0,100,0,0,0,0,0,0,0,0,0,0,100,0,0,0,0,0,0,0,0.1087,0.065217,0.82609,0,0,1,0,0,0,0,1,0,0,0
0,0,0,0,0,100,0,0,0,0,0,0,0,0,0,0,100,0,0,0,0,0,0,0,0,0,0,100,0,0,0,0,0,0,0,0,0.21739,0.78261,0,0,1,0,0,0,0,1,0,0,0
0,0,4.1205,1.721,0,83.196,0,1.9893,5.0921,3.3711,0.50976,0.92001,0,0.46,0.46,2.3802,85.377,1.721,0,1.721,1.5293,5.4313,1.4795,2.641,0.50976,2.2308,0.50976,83.706,0,0.46,3.902,1.6501,2.9111,0,0,1,0,0,0,0,1,0,0,0,0,1,0,0,0
0,0,0,1.0997,1.8838,91.385,3.3894,0,2.2424,0,0,1.5514,2.4475,2.5747,2.0416,0,91.385,0,0,0,0,0,1.8838,0,0,0,0,91.385,0,0,1.5514,4.2382,0.94189,0,0,0,0.14286,0.85714,0,0,1,0,0,0,0,1,0,0,0
0,0,0,0.80591,0,99.194,0,0,0,0,0,0,0,0,0.80591,0,99.194,0,0,0,0,0,0,0,0,0,0,99.194,0,0,0,0.80591,0,0,0,0,0.15957,0.84043,0,0,1,0,0,0,0,1,0,0,0
0,0,0.84104,0,0,92.448,0.87805,0,5.8326,0,0,2.3372,0.87805,2.6544,0.84104,0,92.448,0,0,0.84104,0,0,0,0.84104,0,0,0,92.448,0,0,1.5459,4.3735,0.79134,0,0,0,0.16667,0.83333,0,0,1,0,0,0,0,1,0,0,0
0,0,0,0,0,100,0,0,0,0,0,0,0,0,0,0,100,0,0,0,0,0,0,0,0,0,0,100,0,0,0,0,0,0,0,0,0.22105,0.77895,0,0,1,0,0,0,0,1,0,0,0
0,0,0,0,0,100,0,0,0,0,0,0,0,0,0,0,100,0,0,0,0,0,0,0,0,0,0,100,0,0,0,0,0,0,0,0.011236,0.044944,0.94382,0,0,1,0,0,0,0,1,0,0,0
0,0,0,0,0,100,0,0,0,0,0,0,0,0,0,0,100,0,0,0,0,0,0,0,0,0,0,100,0,0,0,0,0,0,0,0,0.12766,0.87234,0,0,1,0,0,0,0,1,0,0,0
0,0,0,0,0,100,0,0,0,0,0,0,0,0,0,0,100,0,0,0,0,0,0,0,0,0,0,100,0,0,0,0,0,0,0,0,0.083333,0.91667,0,0,1,0,0,0,0,1,0,0,0
0,0,0,0,0,100,0,0,0,0,0,0,0,0,0,0,100,0,0,0,0,0,0,0,0,0,0,100,0,0,0,0,0,0,0,0.012346,0.30864,0.67901,0,0,1,0,0,0,0,1,0,0,0
0,0,0,0,0,100,0,0,0,0,0,0,0,0,0,0,100,0,0,0,0,0,0,0,0,0,0,100,0,0,0,0,0,0,0,0,0.21839,0.78161,0,0,1,0,0,0,0,1,0,0,0
0,0,0,0,0,100,0,0,0,0,0,0,0,0,0,0,100,0,0,0,0,0,0,0,0,0,0,100,0,0,0,0,0,0,0,0,0.28571,0.71429,0,0,1,0,0,0,0,1,0,0,0
0,0,0,0,0,100,0,0,0,0,0,0,0,0,0,0,100,0,0,0,0,0,0,0,0,0,0,100,0,0,0,0,0,0,0,0.025974,0.2987,0.67532,0,0,1,0,0,0,0,1,0,0,0
0,0,0,0,0,100,0,0,0,0,0,0,0,0,0,0,100,0,0,0,0,0,0,0,0,0,0,100,0,0,0,0,0,0,0,0.013333,0.18667,0.8,0,0,1,0,0,0,0,1,0,0,0
0,0,0,0,0,100,0,0,0,0,0,0,0,0,0,0,100,0,0,0,0,0,0,0,0,0,0,100,0,0,0,0,0,0,0,0.012195,0.18293,0.80488,0,0,1,0,0,0,0,1,0,0,0
0,0,0,0,0,100,0,0,0,0,0,0,0,0,0,0,100,0,0,0,0,0,0,0,0,0,0,100,0,0,0,0,0,0,0,0.034091,0.10227,0.86364,0,0,1,0,0,0,0,1,0,0,0
0,0,0,0,0,100,0,0,0,0,0,0,0,0,0,0,100,0,0,0,0,0,0,0,0,0,0,100,0,0,0,0,0,0,0,0,0.079545,0.92045,0,0,1,0,0,0,0,1,0,0,0
0,0,0,0,0,100,0,0,0,0,0,0,0,0,0,0,100,0,0,0,0,0,0,0,0,0,0,100,0,0,0,0,0,0,0,0.17188,0.20312,0.625,0,0,1,0,0,0,0,1,0,0,0
0,0,3.32,0,0,92.572,0,0,4.1079,0,0,0,0,1.8573,2.2506,0,92.572,0,0,3.32,0,0,0,3.32,0,0,0,92.572,0,0,0,4.1079,0,0,0,0,0.2375,0.7625,0,0,1,0,0,0,0,1,0,0,0
0,0,0,0,0,100,0,0,0,0,0,0,0,0,0,0,100,0,0,0,0,0,0,0,0,0,0,100,0,0,0,0,0,0,0,0,0.18478,0.81522,0,0,1,0,0,0,0,1,0,0,0
0,0,10.231,0,0,67.963,0,0,21.806,0,0,13.047,0,0,0,0,75.873,0,0,0,3.9547,7.1253,2.3216,1.6331,3.9547,0,0,67.963,0,0,3.9547,11.08,9.0927,0,0,1,0,0,0,0,1,0,0,0,0,1,0,0,0
0,0,4.71,0,0,92.727,0,0,2.5631,0,0,0,0,2.9076,0.729,0,92.727,0,0,3.6366,0,0,0,4.71,0,0,0,92.727,0,0,0,2.5631,0,0,0,0.011628,0.27907,0.7093,0,0,1,0,0,0,0,1,0,0,0
0,0,0,0,0,100,0,0,0,0,0,0,0,0,0,0,100,0,0,0,0,0,0,0,0,0,0,100,0,0,0,0,0,0,0,0,0.25287,0.74713,0,0,1,0,0,0,0,1,0,0,0
0,0,0,0,0,100,0,0,0,0,0,0,0,0,0,0,100,0,0,0,0,0,0,0,0,0,0,100,0,0,0,0,0,0,0,0,0.11702,0.88298,0,0,1,0,0,0,0,1,0,0,0
0,0,0,0,0,100,0,0,0,0,0,0,0,0,0,0,100,0,0,0,0,0,0,0,0,0,0,100,0,0,0,0,0,0,0,0,0.22353,0.77647,0,0,1,0,0,0,0,1,0,0,0
0,0,0,0,0,100,0,0,0,0,0,0,0,0,0,0,100,0,0,0,0,0,0,0,0,0,0,100,0,0,0,0,0,0,0,0.011364,0.22727,0.76136,0,0,1,0,0,0,0,1,0,0,0
0,0,0,0,0,100,0,0,0,0,0,0,0,0,0,0,100,0,0,0,0,0,0,0,0,0,0,100,0,0,0,0,0,0,0,0,0.21875,0.78125,0,0,1,0,0,0,0,1,0,0,0
0,0,5.1274,4.1868,0,86.532,0,0,4.1532,0,0,1.8292,0.72654,3.501,0,0.6275,88.362,0,0.72654,2.246,1.255,0.72654,0,4.4999,0.6275,0,0,86.532,0,0,3.2823,5.0578,0,0,0,0.02381,0.27381,0.70238,0,0,1,0,0,0,0,1,0,0,0
0,0,0,0,0,100,0,0,0,0,0,0,0,0,0,0,100,0,0,0,0,0,0,0,0,0,0,100,0,0,0,0,0,0,0,0,0.29348,0.70652,0,0,1,0,0,0,0,1,0,0,0
2.1726,0.42451,4.5732,10.018,1.1536,69.434,2.4787,4.2266,5.0947,0.42451,0,7.519,1.2236,7.4567,0.73056,1.9348,70.351,0.73056,0.78151,1.8714,4.1404,3.2602,2.0718,3.7257,1.6288,1.3427,0.30605,70.145,0,0,6.4216,7.8082,6.5501,0,0,0,0.28571,0.71429,0,0,1,0,0,0,0,1,0,0,0
0,0,0,5.0061,0,94.994,0,0,0,0,0,1.3492,0,2.3077,0,0,96.343,0,0,0,0,0,0,0,0,0,0,94.994,0,0,3.6569,1.3492,0,0,0,0,0.18605,0.81395,0,0,1,0,0,0,0,1,0,0,0
0,0,0,0,0,100,0,0,0,0,0,0,0,0,0,0,100,0,0,0,0,0,0,0,0,0,0,100,0,0,0,0,0,0,0,0.077922,0.090909,0.83117,0,0,1,0,0,0,0,1,0,0,0
0,0,0,0,0,100,0,0,0,0,0,0,0,0,0,0,100,0,0,0,0,0,0,0,0,0,0,100,0,0,0,0,0,0,0,0,0.15476,0.84524,0,0,1,0,0,0,0,1,0,0,0
0,0,0,0,0,100,0,0,0,0,0,0,0,0,0,0,100,0,0,0,0,0,0,0,0,0,0,100,0,0,0,0,0,0,0,0.0875,0.1375,0.775,0,0,1,0,0,0,0,1,0,0,0
0,0,0,0,0,100,0,0,0,0,0,0,0,0,0,0,100,0,0,0,0,0,0,0,0,0,0,100,0,0,0,0,0,0,0,0,0.25373,0.74627,0,0,1,0,0,0,0,1,0,0,0
0,0,0,0,0,100,0,0,0,0,0,0,0,0,0,0,100,0,0,0,0,0,0,0,0,0,0,100,0,0,0,0,0,0,0,0,0.084337,0.91566,0,0,1,0,0,0,0,1,0,0,0
0,0,0,0,0,100,0,0,0,0,0,0,0,0,0,0,100,0,0,0,0,0,0,0,0,0,0,100,0,0,0,0,0,0,0,0.125,0.19444,0.68056,0,0,1,0,0,0,0,1,0,0,0
0,0,0,0,0,100,0,0,0,0,0,0,0,0,0,0,100,0,0,0,0,0,0,0,0,0,0,100,0,0,0,0,0,0,0,0.032787,0.37705,0.59016,0,0,1,0,0,0,0,1,0,0,0
0,0,0,0,0,100,0,0,0,0,0,0,0,0,0,0,100,0,0,0,0,0,0,0,0,0,0,100,0,0,0,0,0,0,0,0.11905,0.16667,0.71429,0,0,1,0,0,0,0,1,0,0,0
0,0,0,0,0,100,0,0,0,0,0,0,0,0,0,0,100,0,0,0,0,0,0,0,0,0,0,100,0,0,0,0,0,0,0,0.014085,0.32394,0.66197,0,0,1,0,0,0,0,1,0,0,0
0,0,0,0,0,100,0,0,0,0,0,0,0,0,0,0,100,0,0,0,0,0,0,0,0,0,0,100,0,0,0,0,0,0,0,0.023529,0.24706,0.72941,0,0,1,0,0,0,0,1,0,0,0
0,0,0,0,0,100,0,0,0,0,0,0,0,0,0,0,100,0,0,0,0,0,0,0,0,0,0,100,0,0,0,0,0,0,0,0.071429,0.22857,0.7,0,0,1,0,0,0,0,1,0,0,0
6.1007,0.80705,5.5266,16.418,2.8708,50.66,4.9988,5.892,5.9188,0.80705,0,12.485,1.2347,10.284,2.7644,1.7737,53.885,1.2347,1.9952,3.2985,4.0507,6.9939,7.2131,5.2967,2.8756,2.0901,0.4277,54.292,0,0,6.1213,8.7381,12.946,0,0,0,0.15385,0.84615,0,0,1,0,0,0,0,1,0,0,0
1.7798,0.53561,0.70857,9.1394,1.2442,79.018,1.7798,4.5503,0.70857,0.53561,0,10.048,0.53561,2.3154,0.53561,0.53561,81.399,0.53561,0,1.2442,1.0712,1.7798,1.2442,2.1424,0.53561,0.53561,0,79.727,0,0,5.6871,4.1608,5.9675,0,0,0,0.061538,0.93846,0,0,1,0,0,0,0,1,0,0,0
0,0,0,5.6072,0,94.393,0,0,0,0,0,0.75885,0,4.0895,0,0,95.152,0,0,0,0,0,0,0,0,0,0,94.393,0,0,4.8484,0.75885,0,0,0,0,0.18182,0.81818,0,0,1,0,0,0,0,1,0,0,0
0,1.5247,12.493,5.2037,3.5193,42.718,0.44905,9.4016,18.359,5.2565,1.0744,8.9957,5.7954,1.9321,1.355,4.125,51.769,2.5461,2.3089,4.2237,6.3357,10.613,6.6585,10.488,4.753,3.6991,5.9095,36.23,2.1022,2.738,7.0911,11.977,8.3542,0,0,0.98947,0.010526,0,0,0.042105,0.95789,0,0,0,0,0.95789,0.042105,0,0
0.74255,3.1938,3.0857,0,0.36675,81.062,2.8361,0,8.7129,0,0,2.4743,0.46206,1.1061,0,0.5171,80.437,1.0108,0.73351,3.0118,2.7091,7.538,0.36675,2.5505,4.0957,0.37579,0.74255,79.309,1.0198,1.8162,0.92412,4.0449,4.7547,0,0,1,0,0,0,0,1,0,0,0,0,1,0,0,0
5.3988,5.4698,2.3152,1.194,6.666,36.007,19.015,15.594,5.4881,2.375,0.47707,3.8759,10.206,7.6001,5.8036,7.1691,20.671,9.5524,5.8131,5.3664,6.6467,17.295,13.232,14.492,15.124,11.734,6.0692,16.607,1.6221,1.9421,3.6674,7.6259,7.8852,0,0.55882,0.44118,0,0,0,0,1,0,0,0,0,1,0,0,1
4.5046,8.7047,1.2314,1.8311,6.7432,35.507,15.769,14.574,5.2502,4.0092,1.8749,5.7156,11.828,8.5288,5.6111,6.0323,21.108,8.0197,6.4673,8.3032,4.5558,13.83,11.675,17.239,17.652,8.9937,4.5441,18.042,3.4062,1.8221,3.2953,6.1467,7.1831,0.73077,0.26923,0,0,0,0,0,1,0,0,0,0,1,0,0,1
2.8085,6.8567,0.19305,2.9643,5.5428,39.705,16.817,16.489,2.6308,3.7796,2.2139,7.2329,13.876,5.3886,7.3308,7.533,24.738,5.7889,5.2597,5.3236,6.6111,10.918,13.549,13.009,15.037,12.981,6.4953,18.017,5.9142,2.2177,3.6778,3.5312,5.5713,0.78,0.22,0,0,0,0,0,1,0,0,0,0,1,0,0,1
3.2633,8.4946,0.66436,2.2216,6.5937,25.552,25.023,19.234,4.1327,2.6947,2.1247,6.1775,11.198,8.0812,9.0349,6.8488,15.395,8.0139,6.0641,7.715,6.0826,15.389,13.497,16.285,22.931,12.106,6.3084,6.3146,1.9771,1.6161,2.886,7.2214,8.8575,0.025316,0.55696,0.39241,0.025316,0,0,0,1,0,0,0,0,1,0,0,1
3.1182,3.8775,0.23823,3.6041,7.4088,29.115,18.39,29.371,1.6582,1.9285,1.2902,11.099,15.967,5.3027,7.3503,5.3185,18.319,8.6599,5.0686,3.9417,7.6326,11.34,11.458,13.518,17.927,17.113,10.697,9.089,2.821,1.022,4.6822,4.8855,6.7859,0.011364,0.52273,0.46591,0,0,0,0,1,0,0,0,0,1,0,0,1
0,0,0,0,0,100,0,0,0,0,0,0,0,0,0,0,100,0,0,0,0,0,0,0,0,0,0,100,0,0,0,0,0,0,0,1,0,0,0,0,1,0,0,0,0,1,0,0,0
0,0,0,0,0,100,0,0,0,0,0,0,0,0,0,0,100,0,0,0,0,0,0,0,0,0,0.66347,99.337,0,0,0,0,0,0,0,1,0,0,0,0,1,0,0,0,0,1,0,0,0
0,0,0,0,0,100,0,0,0,0,0,0,0,0,0,0,100,0,0,0,0,0,0,0,0,0,0,100,0,0,0,0,0,0,0,1,0,0,0,0,1,0,0,0,0,1,0,0,0
0,0,0,0,0,100,0,0,0,0,0,0,0,0,0,0,100,0,0,0,0,0,0,0,0,0,0,100,0,0,0,0,0,0,0,1,0,0,0,0,1,0,0,0,0,1,0,0,0
0,0,0,0,0,100,0,0,0,0,0,0,0,0,0,0,100,0,0,0,0,0,0,0,0,0,0,100,0,0,0,0,0,0,0,1,0,0,0,0,1,0,0,0,0,1,0,0,0
0,0,0,0,0,100,0,0,0,0,0,0,0,0,0,0,100,0,0,0,0,0,0,0,0,0,0,100,0,0,0,0,0,0,0,1,0,0,0,0,1,0,0,0,0,1,0,0,0
0,0,0,0,0,100,0,0,0,0,0,0,0,0,0,0,100,0,0,0,0,0,0,0,0,0,0,100,0,0,0,0,0,0,0,1,0,0,0,0,1,0,0,0,0,1,0,0,0
0,0,1.6312,0,0,79.743,0,3.3703,15.256,0,0,6.7477,1.7461,3.2625,1.7461,1.0704,78.672,0,0,3.3774,0,3.3774,0,1.6312,0,2.2999,0,79.743,0,0,2.7017,10.247,3.3774,0,0,1,0,0,0,0,1,0,0,0,0,1,0,0,0
0,0,0,0,0,100,0,0,0,0,0,0,0,0,0,0,100,0,0,0,0,0,0,0,0,0,0,100,0,0,0,0,0,0,0,1,0,0,0,0,1,0,0,0,0,1,0,0,0
0,0,3.1453,0,0,84.636,0,0,12.219,0,0,2.7583,1.1857,1.5726,2.7583,0,84.636,0,0,2.7583,0,4.331,0,3.1453,0,0,0,84.636,0,0,3.1453,6.3153,2.7583,0,0,1,0,0,0,0,1,0,0,0,0,1,0,0,0
1.123,0.92942,5.9252,0,0.92942,72.443,0,2.0524,16.597,0,0,5.5765,2.3457,4.4535,0.98479,2.9818,71.32,0.92942,2.3457,2.4011,1.4163,5.2447,0,5.4383,1.4163,1.123,0,71.32,0,2.0524,3.3859,8.6581,6.6057,0,0,1,0,0,0,0,1,0,0,0,0,1,0,0,0
8.6318,1.3797,5.6609,13.853,5.4279,24.223,4.1995,17.644,14.915,4.0663,0,22.458,9.0657,10.305,5.3693,7.4313,16.5,9.7818,4.658,3.0184,3.6968,7.715,6.139,8.7626,4.8464,8.746,4.8765,15.159,3.8389,8.3383,5.8278,13.107,20.358,0,0,1,0,0,0,0,0,0,1,0,0,0,1,0,1
0,0,0,0,0,100,0,0,0,0,0,0,0,0,0,0,100,0,0,0,0,0,0,0,0,0,0,100,0,0,0,0,0,0,0,0,0.15152,0.84848,0,0,1,0,0,0,0,1,0,0,0
0,0,3.3777,0,0,78.128,0,0,18.494,0,0,9.8574,1.3782,0,0,1.9995,78.128,0,0,0,7.2588,1.3782,1.9995,0,1.3782,0,0,78.128,0,0,11.236,7.2588,0,0,0,1,0,0,0,0,1,0,0,0,0,1,0,0,0
0,0,4.027,0,0,70.169,0,0,25.804,0,0,6.6785,2.7481,8.1387,2.1584,0,70.169,0,0,4.759,0,5.3487,0,4.027,0,0,0,70.169,0,0,5.9465,14.509,5.3487,0,0.14286,0.16327,0.20408,0.4898,0,0,1,0,0,0,0,1,0,0,0
0,0,4.6146,0.38038,0.77659,67.727,0,0,26.502,0,0,7.4603,4.6629,2.6952,3.4097,0,68.107,0,1.6387,4.0841,1.2583,6.6837,0,3.3562,1.2583,0,0,67.727,0,0,6.0555,14.042,7.5617,0,0,0.97701,0,0.022989,0,0,1,0,0,0,0,1,0,0,0
0.99569,0.28982,8.4647,5.5153,0.6426,56.266,1.1448,2.0775,24.604,0,0,8.7102,3.2344,4.8545,1.7751,1.0746,57.231,1.4973,4.3792,3.9276,4.0508,9.265,1.0583,5.928,2.121,0.35278,0.35278,55.85,0.35278,0.28982,10.24,12.688,10.766,0,0,0,0.25455,0.74545,0,0,1,0,0,0,0,1,0,0,0
1.476,0.90286,7.184,4.9671,2.9446,55.352,1.28,3.0913,22.803,0,0,11.591,3.4175,4.6519,2.2097,2.5304,54.916,2.4098,2.2013,3.2081,2.2749,10.589,2.7251,5.3186,0.95159,1.5898,0.90836,53.876,0.56765,0.90286,9.3575,13.199,10.604,0,0,0.97826,0,0.021739,0,0,1,0,0,0,0,1,0,0,0
8.8219,1.8101,5.8394,15.621,3.7745,32.474,5.3751,13.942,10.379,1.9629,0,17.481,3.4359,8.0147,5.0713,4.9621,29.712,5.7088,4.0195,3.8287,5.7925,11.973,8.6568,8.5946,6.5274,4.6235,2.921,27.504,1.5232,2.0378,6.1839,11.871,19.556,0,0,1,0,0,0,0,0,0,1,0,0,0,1,0,1
4.9712,0.30301,7.2196,18.134,1.9314,35.706,5.9421,15.327,9.9021,0.56396,0,21.022,3.1247,7.3851,5.2895,4.8536,33.024,5.0248,3.2655,3.1428,3.7674,10.101,9.2162,2.511,4.3349,7.6653,3.8965,30.788,0.94864,1.8123,7.7004,11.445,19.682,0,0,1,0,0,0,0,0,0,1,0,0,0,1,0,1
0,0,6.9867,0,0,76.033,0,0,16.98,0,0,9.8315,1.1066,1.1066,0,0,80.602,1.1066,0,0,2.1011,4.1457,0.57144,2.6362,3.2076,0,0,76.033,0,0,2.4677,7.3533,7.7305,0,0,1,0,0,0,0,1,0,0,0,0,1,0,0,0
0,6.3286,0.84275,0,0,77.487,2.7723,2.5282,5.0255,5.0159,0,7.7735,7.4154,0,0,0.51401,79.569,0.84275,1.6855,0,0,2.1995,4.4578,4.399,6.7014,0,2.7723,73.172,0.51401,0,1.028,5.5542,1.4009,0,0,1,0,0,0,0,1,0,0,0,0,1,0,0,0
0,0,0,0,0,100,0,0,0,0,0,0,0,0,0,0,100,0,0,0,0,0,0,0,0,0,0,100,0,0,0,0,0,0,0,1,0,0,0,0,1,0,0,0,0,1,0,0,0
1.8564,5.686,0,1.6453,4.2208,49.03,12.893,17.601,0.56771,2.6491,3.8505,9.5698,12.903,2.6913,8.3678,6.518,35.379,2.7255,3.6419,5.3216,3.7647,9.1179,10.868,10.996,15.476,12.386,7.1803,29.043,4.9469,0.76908,2.5519,3.231,2.553,0.39394,0.45455,0.15152,0,0,0,0,1,0,0,0,0,1,0,0,1
0.50936,0.50936,2.1331,1.3223,1.3223,65.828,2.4389,11.762,11.565,0,2.6094,9.6591,8.4699,4.2663,4.5382,2.6842,60.329,0.81297,0.81297,2.7396,2.1353,3.5526,4.4411,6.0648,2.1353,6.3706,4.7447,59.35,1.5281,0,5.121,6.6921,3.5526,0,0.030769,0.96923,0,0,0,0,1,0,0,0,0,1,0,0,0
0,0,0,0,0,100,0,0,0,0,0,0,0,0,0,0,100,0,0,0,0,0,0,0,0,0,0,100,0,0,0,0,0,0,0,1,0,0,0,0,1,0,0,0,0,1,0,0,0
0,0,2.3491,0,0,63.066,0,0,34.585,0,0,8.3108,0,3.6385,4.3655,1.3465,63.066,0,3.6797,0,5.3,10.293,0,2.3491,0,0,0,63.066,0,0.45133,2.1483,21.412,10.574,0,0,1,0,0,0,0,1,0,0,0,0,1,0,0,0
1.156,6.6971,3.145,11.262,8.1783,18.78,13.876,8.2431,18.328,8.245,2.0893,7.8224,2.92,0.36184,2.0563,14.212,35.433,6.8747,7.6134,9.6275,6.4457,6.6329,13.739,17.57,10.279,9.5729,1.5123,4.917,4.1498,6.8574,7.633,16.195,7.5737,0,1,0,0,0,0,0,0,0.97222,0.027778,1,0,0,0,0,1
3.5476,6.2831,6.9363,10.201,7.4345,5.9495,15.184,17.229,13.343,11.001,2.8913,8.2704,4.8939,0.57724,1.1353,26.461,32.907,6.7156,3.4697,10.978,2.4588,2.1336,13.294,19.573,16.793,13.536,1.0097,1.8412,1.6495,9.1259,7.2908,8.5752,7.3108,0,0.90476,0.095238,0,0,0,0,0,1,0,1,0,0,0,0,1
0,0.55174,6.2218,1.3901,2.0257,77.61,0,1.1334,5.5867,4.0836,1.3964,4.5514,1.7328,1.5558,2.3145,1.181,79.919,1.511,0.33632,2.0194,1.7328,3.1465,1.1334,4.3296,0.88806,0.83836,1.009,77.024,0.97409,1.5558,5.1722,3.4955,3.5801,0,0,1,0,0,0,0,1,0,0,0,0,1,0,0,0
0,3.3914,3.8933,3.3914,0,82.554,0,1.1527,2.6668,1.3936,1.5572,6.1319,1.5572,1.8648,0.59168,4.1502,80.038,1.8342,0,0,2.1182,1.7138,1.1527,3.8626,3.3914,0,0,78.885,3.3914,0.59168,0.59168,2.6668,5.4665,0,0,1,0,0,0,0,1,0,0,0,0,1,0,0,0
0,0,0,0,0,99.156,0,0,0.84353,0,0,0,0,0,0,0,100,0,0,0,0,0,0,0,0,0,0,99.156,0,0,0,0.84353,0,0,0,1,0,0,0,0,1,0,0,0,0,1,0,0,0
2.5612,11.269,4.2401,6.5726,4.434,28.522,8.6624,13.649,8.4789,7.9415,3.6692,14.366,12.359,3.9479,3.847,7.245,28.464,3.528,10.752,2.4952,5.2326,7.7625,7.2275,16.389,9.1693,6.6547,6.6219,8.5122,1.8193,9.8991,6.2065,14.578,12.923,0,0.82192,0.17808,0,0,0,0,0,1,0,1,0,0,0,0,1
1.2386,11.731,1.4879,5.8995,3.803,46.95,5.1363,7.884,3.356,10.998,1.5167,8.5946,16.896,1.9557,1.624,7.1964,42.397,0.38541,9.4301,0.77082,4.2172,6.5329,3.4587,9.0354,13.846,2.0672,7.3152,28.726,1.8721,4.9603,10.887,10.882,6.95,0,0.92647,0.073529,0,0,0,0,0.014706,0.94118,0.044118,0.98529,0,0.014706,0,0,1
3.2228,12.346,2.5736,9.72,6.1152,28.87,9.984,12.929,6.3062,5.176,2.7572,14.651,12.171,2.8472,6.0291,8.2053,23.087,2.7186,9.848,4.3016,8.335,7.8055,7.5115,17.177,9.8368,7.5853,8.0609,8.9177,1.4525,7.1513,7.3965,12.237,12.674,0,0.090909,0.90909,0,0,0,0,0.93939,0,0.060606,0.060606,0,0.93939,0,0,0
2.5087,9.8228,3.3886,8.4031,4.6164,21.315,10.398,11.162,11.056,11.67,5.659,11.547,11.499,3.3935,2.6673,13.522,27.34,3.3048,9.7098,4.7753,5.1158,7.1252,9.2958,15.911,10.023,9.6117,5.484,2.2107,2.7328,10.905,10.436,13.274,10.116,0,1,0,0,0,0,0,0,1,0,1,0,0,0,0,1
0,0,0,0,0,87.218,0,0,12.782,0,0,3.2059,0,0,0.64706,0,87.218,0,0,0,5.4271,3.5016,0,0,0,0,0,87.218,0,1.4273,3.2059,6.0741,2.0743,0,0,0.073171,0.14634,0.78049,0,0,1,0,0,0,0,1,0,0,0
2.8902,15.039,2.926,10.852,5.4737,19.89,8.1529,13.274,8.2527,11.351,1.8973,8.8692,17.064,1.3387,4.7702,9.5866,20.532,3.7297,12.346,3.9067,6.3961,11.461,7.3178,18.559,18.428,6.1589,7.92,5.4884,1.5412,4.4451,12.044,9.4797,8.6183,0,0.98246,0,0.017544,0,0,0,0.017544,0.98246,0,0.96491,0.017544,0.017544,0,0,1
0,5.6344,8.251,0,0,57.988,1.9112,2.1892,21.385,2.641,0,13.817,8.7275,1.7563,0,0.6837,59.448,0.72973,4.1007,1.7563,0.6837,8.2971,3.3707,9.7565,6.3181,0,1.9112,56.077,0,0,9.6801,5.3053,7.581,0,0,1,0,0,0,0,1,0,0,0,0,1,0,0,0
0,0,8.8592,0,0,63.631,0,0,25.455,2.0544,0,18.841,0.99719,3.4142,0,0.51677,63.631,0,1.214,2.2002,1.2549,7.9298,0,7.3452,3.5683,0,0,63.631,0,0,4.9433,6.3616,14.15,0,0,0.98113,0,0.018868,0,0,1,0,0,0,0,1,0,0,0
0,0,12.157,0,0,61.188,0,0,25.971,0.68334,0,11.686,5.4506,3.3532,0,0,61.188,0,5.597,1.0684,1.1839,10.473,0,10.019,2.8217,0,0,61.188,0,0,15.77,2.2523,7.9491,0,0,0.046875,0.0625,0.89062,0,0,1,0,0,0,0,1,0,0,0
0,0,0,0,0,100,0,0,0,0,0,0,0,0,0,0,100,0,0,0,0,0,0,0,0,0,0,100,0,0,0,0,0,0,0,1,0,0,0,0,1,0,0,0,0,1,0,0,0
0,0,0,0,0,95.545,0.98084,1.2617,2.2124,0,0,2.2494,0.2877,0.64935,0,0.98084,94.276,0.2877,0,0.65616,0,0.61238,0.90008,1.2685,0.98084,0.93705,0.94386,94.97,0,0,0,0,0,0,0,1,0,0,0,0,1,0,0,0,0,1,0,0,0
0,0,0,0,0,95.931,0.27132,1.7181,2.0796,0,0,1.1384,0.59572,0.54263,0.30843,0.27132,95.064,0.59572,0.30843,0,0.30843,0.86704,2.0796,1.1755,0.27132,1.1384,0.90415,94.431,0,0,0,0,0,0,0,1,0,0,0,0,1,0,0,0,0,1,0,0,0
0,0,3.1279,4.7503,0.83216,71.545,2.1965,11.539,5.5324,0,0.47684,7.1116,3.2166,5.3555,0,3.0297,70.278,2.0694,1.5339,0.80668,1.6702,4.9286,4.7353,5.7112,4.831,5.2927,2.5821,65.842,1.1875,1.8744,2.5925,3.7966,1.5546,0,0,1,0,0,0,0,1,0,0,0,0,1,0,0,0
0,0,1.5173,4.0001,0.74815,69.968,3.0233,12.456,8.0771,0,0.21061,5.4631,2.2057,4.0164,1.608,4.3465,67.561,1.4822,2.8803,2.0184,3.6134,4.8052,6.3104,6.5967,3.9888,5.3136,5.9516,62.381,1.2857,1.2867,1.952,3.3472,1.586,0,0,1,0,0,0,0,1,0,0,0,0,1,0,0,0
0,0,0,0,0,100,0,0,0,0,0,0,0,0,0,0,100,0,0,0,0,0,0,0,0,0,0,100,0,0,0,0,0,0,0,1,0,0,0,0,1,0,0,0,0,1,0,0,0
0,0,0,0,0,100,0,0,0,0,0,0,0,0,0,0,100,0,0,0,0,0,0,0,0,0,0,100,0,0,0,0,0,0,0,1,0,0,0,0,1,0,0,0,0,1,0,0,0
0,0,8.6022,0,0,63.398,0,0,26.61,1.39,0,15.936,2.2387,0.86338,0,2.3184,63.819,0,3.1021,0.57858,1.7398,9.4044,0,6.8624,3.1298,0,0,63.398,0,0,9.8637,1.5442,15.202,0,0,0.96667,0,0.033333,0,0,1,0,0,0,0,1,0,0,0
3.819,4.5201,5.4856,0,2.2114,62.682,6.6469,3.3052,9.9342,0.95285,0.44234,3.9937,1.7014,4.2986,1.2611,1.292,57.487,3.0306,4.5731,4.6143,2.2614,15.487,3.4514,9.7694,9.2334,2.5696,3.9946,55.543,1.8033,0.29353,2.1789,4.9225,6.24,0,0,1,0,0,0,0,1,0,0,0,0,1,0,0,0
2.8729,1.0284,9.0636,0,1.5641,58.997,2.1886,0.49905,23.287,0.49905,0,9.3295,0.46456,4.2871,0.66299,0.3116,59.668,0.23815,2.1374,1.5628,3.4639,17.874,0.23815,6.9878,5.3386,1.6366,2.8729,55.886,1.6366,0.55206,4.5682,7.2686,13.015,0,0,0.96667,0,0.033333,0,0,1,0,0,0,0,1,0,0,0
3.6964,3.4534,9.2485,0.68925,6.9152,45.967,11.04,4.3476,13.512,0.77315,0.35738,4.5796,3.9826,6.8037,4.43,2.3136,38.934,3.6362,5.1753,4.8038,5.2459,20.095,5.8045,11.007,11.397,5.8506,3.8283,34.998,2.7149,0.87308,3.8032,7.7605,11.964,0.16667,0.083333,0.75,0,0,0,0,1,0,0,0,0,1,0,0,0
2.7897,5.2626,0.66421,2.4612,7.3227,36.02,17.792,22.014,2.6719,1.2087,1.7937,7.9728,11.371,6.6094,6.6112,6.3241,23.444,6.7841,3.9632,5.3884,4.1426,17.39,11.78,12.073,19.014,11.399,9.1221,14.203,2.2905,1.7609,3.3729,7.7452,7.2403,0.13333,0.16667,0.7,0,0,0,0,1,0,0,0,0,1,0,0,0
0.92119,1.1427,3.5719,1.9499,5.0497,71.722,9.0595,2.643,3.9404,0,0,1.5752,6.7791,5.6676,4.0857,1.2308,65.68,2.6832,3.2158,0.65949,5.0644,3.3583,3.0809,5.2556,3.4611,2.8517,0.30964,63.918,0.30964,0,3.0113,8.1817,9.6198,0,0,0,0.076923,0.92308,0,0,1,0,0,0,0,1,0,0,0
1.369,3.5301,0,3.6815,5.3206,49.556,12.205,21.347,0.65633,1.4603,0.87334,12.876,10.462,1.6831,5.7292,5.3452,41.12,3.0973,4.5306,2.5316,6.556,6.0688,7.1422,7.6542,11.927,15.223,7.7616,33.489,5.3233,0.65633,5.0009,2.096,3.7267,0.34211,0.13158,0.52632,0,0,0,0,1,0,0,0,0,1,0,0,1
0,0,0.59824,0,2.316,84.467,4.9939,0,7.6246,0,0,1.7345,3.8359,7.6079,1.158,0,84.467,0,0,0.59824,0,0.59824,2.316,0.59824,0,0,0,84.467,0,0,0.59824,9.1278,2.8925,0,0,0,0.051724,0.94828,0,0,1,0,0,0,0,1,0,0,0
0,0,0,0,0,100,0,0,0,0,0,0,0,0,0,0,100,0,0,0,0,0,0,0,0,0,0,100,0,0,0,0,0,0,0,0.175,0.3,0.525,0,0,1,0,0,0,0,1,0,0,0
0,0,0,0,0,100,0,0,0,0,0,0,0,0,0,0,100,0,0,0,0,0,0,0,0,0,0,100,0,0,0,0,0,0,0,0,0.15686,0.84314,0,0,1,0,0,0,0,1,0,0,0
0,0,0,0,0,100,0,0,0,0,0,0,0,0,0,0,100,0,0,0,0,0,0,0,0,0,0,100,0,0,0,0,0,0,0,0,0.2619,0.7381,0,0,1,0,0,0,0,1,0,0,0
0,0,0,0,0,100,0,0,0,0,0,0,0,0,0,0,100,0,0,0,0,0,0,0,0,0,0,100,0,0,0,0,0,0,0,0.018182,0.25455,0.72727,0,0,1,0,0,0,0,1,0,0,0
1.344,0.2107,8.678,6.8977,2.3251,60.326,1.7044,2.7102,15.804,0,0,10.048,2.5767,5.9574,0.96447,1.9703,60.158,1.4024,1.7413,3.1601,4.9552,7.067,1.8055,5.4364,2.1581,0.97953,0.51124,60.093,0.2771,0.2107,5.4688,12.786,10.274,0,0,0,0.47059,0.52941,0,0,1,0,0,0,0,1,0,0,0
6.5994,1.2474,4.4438,15.147,2.4724,33.828,5.5186,12.856,16.9,0.98706,0,19.003,4.5019,6.6174,3.8481,5.3104,32.217,5.3058,4.9443,2.0715,5.1648,11.016,7.5802,4.3131,3.532,5.258,2.4508,30.839,0.64105,2.59,6.1766,15.315,21.305,0,0.0625,0.91667,0,0.020833,0,0,1,0,0,0,0,1,0,0,0
