h1,h2,h3,h4,h5,h6,h7,h8,h9,h10,h11,h12,h13,h14,h15,h16,h17,h18,h19,h20,h21,h22,h23,h24,h25,h26,h27,h28,h29,h30,h31,h32,h33,h34,h35,h36,h37,h38,h39,h40,h41,h42,h43,h44,h45,h46,h47,h48,label
0,0,0,0,0,100,0,0,0,0,0,0,0,0,0,0,100,0,0,0,0,0,0,0,0,0,0,100,0,0,0,0,0,0,0,1,0,0,0,0,1,0,0,0,0,1,0,0,0
0,0,0.56276,0,0,95.018,0,0,4.4194,0,0,3.2939,0,0.56276,0,0,95.018,0,0,0.56276,0,0.56276,0,0,0,0,0,95.018,0,0,0,1.6883,3.2939,0,0,1,0,0,0,0,1,0,0,0,0,1,0,0,0
0,0,0,0,0,100,0,0,0,0,0,0,0,0,0,0,100,0,0,0,0,0,0,0,0,0,0,100,0,0,0,0,0,0,0,1,0,0,0,0,1,0,0,0,0,1,0,0,0
0,0,0,0,0,100,0,0,0,0,0,0,0,0,0,0,100,0,0,0,0,0,0,0,0,0,0,100,0,0,0,0,0,0,0,1,0,0,0,0,1,0,0,0,0,1,0,0,0
0,0,0,0,0,100,0,0,0,0,0,0,0,0,0,0,100,0,0,0,0,0,0,0,0,0,0,100,0,0,0,0,0,0,0,1,0,0,0,0,1,0,0,0,0,1,0,0,0
0,0,0,0,0,100,0,0,0,0,0,0,0,0,0,0,100,0,0,0,0,0,0,0,0,0,0,100,0,0,0,0,0,0,0,1,0,0,0,0,1,0,0,0,0,1,0,0,0
0,0,0,0,0,100,0,0,0,0,0,0,0,0,0,0,100,0,0,0,0,0,0,0,0,0,0,100,0,0,0,0,0,0,0,1,0,0,0,0,1,0,0,0,0,1,0,0,0
0,0,0,0,0,100,0,0,0,0,0,0,0,0,0,0,100,0,0,0,0,0,0,0,0,0,0,100,0,0,0,0,0,0,0,1,0,0,0,0,1,0,0,0,0,1,0,0,0
0,0,0,0,0,100,0,0,0,0,0,0,0,0,0,0,100,0,0,0,0,0,0,0,0,0,0,100,0,0,0,0,0,0,0,1,0,0,0,0,1,0,0,0,0,1,0,0,0
0,0,0,0,0,100,0,0,0,0,0,0,0,0,0,0,100,0,0,0,0,0,0,0,0,0,0,100,0,0,0,0,0,0,0,1,0,0,0,0,1,0,0,0,0,1,0,0,0
0,0,0,0,0,100,0,0,0,0,0,0,0,0,0,0,100,0,0,0,0,0,0,0,0,0,0,100,0,0,0,0,0,0,0,1,0,0,0,0,1,0,0,0,0,1,0,0,0
0,0,0,0,0,100,0,0,0,0,0,0,0,0,0,0,100,0,0,0,0,0,0,0,0,0,0,100,0,0,0,0,0,0,0,1,0,0,0,0,1,0,0,0,0,1,0,0,0
0,0,0,0,0,100,0,0,0,0,0,0,0,0,0,0,100,0,0,0,0,0,0,0,0,0,0,100,0,0,0,0,0,0,0,1,0,0,0,0,1,0,0,0,0,1,0,0,0
0,0,0,0,0,100,0,0,0,0,0,0,0,0,0,0,100,0,0,0,0,0,0,0,0,0,0,100,0,0,0,0,0,0,0,1,0,0,0,0,1,0,0,0,0,1,0,0,0
0,0,0,0,0,100,0,0,0,0,0,0,0,0,0,0,100,0,0,0,0,0,0,0,0,0,0,100,0,0,0,0,0,0,0,1,0,0,0,0,1,0,0,0,0,1,0,0,0
0,0,0,0,0,99.294,0,0,0.70569,0,0,0.70569,0,0,0,0,99.294,0,0,0,0,0,0,0,0,0,0,99.294,0,0,0,0,0.70569,0,0,1,0,0,0,0,1,0,0,0,0,1,0,0,0
0,0,0,0,0,100,0,0,0,0,0,0,0,0,0,0,99.545,0.45494,0,0,0,0,0,0,0,0,0,99.545,0.45494,0,0,0,0,0.27907,0.18605,0.53488,0,0,0,0,1,0,0,0,0,1,0,0,1
0,0,0,0,0,100,0,0,0,0,0,0,0,0,0,0,100,0,0,0,0,0,0,0,0,0,0,100,0,0,0,0,0,0,0,1,0,0,0,0,1,0,0,0,0,1,0,0,0
0,0,0,0,0,100,0,0,0,0,0,0,0,0,0,0,100,0,0,0,0,0,0,0,0,0,0,100,0,0,0,0,0,0,0,1,0,0,0,0,1,0,0,0,0,1,0,0,0
0,0,0,0,0,100,0,0,0,0,0,0,0,0,0,0,100,0,0,0,0,0,0,0,0,0,0,100,0,0,0,0,0,0,0,1,0,0,0,0,1,0,0,0,0,1,0,0,0
0,0,0,0,0,100,0,0,0,0,0,0,0,0,0,0,100,0,0,0,0,0,0,0,0,0,0,100,0,0,0,0,0,0,0,1,0,0,0,0,1,0,0,0,0,1,0,0,0
0,0,0,0,0,100,0,0,0,0,0,0,0,0,0,0,100,0,0,0,0,0,0,0,0,0,0,100,0,0,0,0,0,0,0,1,0,0,0,0,1,0,0,0,0,1,0,0,0
0,0,0,0,0,100,0,0,0,0,0,0,0,0,0,0,100,0,0,0,0,0,0,0,0,0,0,100,0,0,0,0,0,0,0,1,0,0,0,0,1,0,0,0,0,1,0,0,0
0,0,0,0,0,100,0,0,0,0,0,0,0,0,0,0,100,0,0,0,0,0,0,0,0,0,0,100,0,0,0,0,0,0,0,1,0,0,0,0,1,0,0,0,0,1,0,0,0
0,0,0,0,0,100,0,0,0,0,0,0,0,0,0,0,100,0,0,0,0,0,0,0,0,0,0,100,0,0,0,0,0,0,0,1,0,0,0,0,1,0,0,0,0,1,0,0,0
0,0,0,0,0,100,0,0,0,0,0,0,0,0,0,0,100,0,0,0,0,0,0,0,0,0,0,100,0,0,0,0,0,0,0,1,0,0,0,0,1,0,0,0,0,1,0,0,0
0,0,0,0,0,100,0,0,0,0,0,0,0,0,0,0,100,0,0,0,0,0,0,0,0,0,0,100,0,0,0,0,0,0,0,1,0,0,0,0,1,0,0,0,0,1,0,0,0
0,0,0,0,0,100,0,0,0,0,0,0,0,0,0,0,100,0,0,0,0,0,0,0,0,0,0,100,0,0,0,0,0,0,0,1,0,0,0,0,1,0,0,0,0,1,0,0,0
0,0.3989,4.0119,19.27,24.736,28.185,15.163,5.4954,2.7404,0,0,7.5056,4.4074,12.369,10.355,5.2966,20.197,11.652,10.504,3.4571,6.6247,7.6325,7.1868,13.383,10.635,4.7666,4.5263,5.7406,5.4155,18.93,13.664,5.6022,10.15,0.27941,0.72059,0,0,0,0,0,0.25,0.75,0,0.70588,0.058824,0.23529,0,0,1
0,0,0,0,0,100,0,0,0,0,0,0,0,0,0,0,100,0,0,0,0,0,0,0,0,0,0,100,0,0,0,0,0,0,0,1,0,0,0,0,1,0,0,0,0,1,0,0,0
0,0,1.9737,21.082,20.527,25.882,19.048,9.6026,1.885,0,0,9.3858,13.174,13.621,6.866,5.916,17.362,12.485,10.766,2.4057,2.4866,5.5319,7.3626,18.002,10.819,4.5888,4.2926,2.0021,4.8524,22.472,14.519,3.9853,7.1031,0,1,0,0,0,0,0,0.018868,0.98113,0,0.98113,0.018868,0,0,0,1
0,0,0,0,0,100,0,0,0,0,0,0,0,0,0,0,100,0,0,0,0,0,0,0,0,0,0,100,0,0,0,0,0,0,0,1,0,0,0,0,1,0,0,0,0,1,0,0,0
0,0,0,0.61746,0,98.765,0.61746,0,0,0,0,0.61746,0,0,0,0.61746,98.765,0,0,0,0,0,0,0.61746,0.61746,0,0,98.765,0,0,0,0,0,0,0,1,0,0,0,0,1,0,0,0,0,1,0,0,0
0,0,0,0,0,100,0,0,0,0,0,0,0,0,0,0,100,0,0,0,0,0,0,0,0,0,0,100,0,0,0,0,0,0,0,1,0,0,0,0,1,0,0,0,0,1,0,0,0
0,0,0,0,0,100,0,0,0,0,0,0,0,0,0,0,100,0,0,0,0,0,0,0,0,0,0,100,0,0,0,0,0,0,0,1,0,0,0,0,1,0,0,0,0,1,0,0,0
0,0,0,0,0,100,0,0,0,0,0,0,0,0,0,0,100,0,0,0,0,0,0,0,0,0,0,100,0,0,0,0,0,0,0,1,0,0,0,0,1,0,0,0,0,1,0,0,0
0,0,0,0,0,100,0,0,0,0,0,0,0,0,0,0,100,0,0,0,0,0,0,0,0,0,0,100,0,0,0,0,0,0,0,1,0,0,0,0,1,0,0,0,0,1,0,0,0
0,0,0,0,0,98.782,0,0.3051,0.91255,0,0,0,0.3051,0,0,0.60745,98.782,0,0,0,0,0.3051,0.60745,0.3051,0.3051,0,0,98.782,0,0,0,0,0,0,0,1,0,0,0,0,1,0,0,0,0,1,0,0,0
0,0,0,0,0,99.023,0,0.48852,0.48852,0,0,0,0.48852,0,0,0,99.023,0,0,0,0,0.48852,0,0.48852,0.48852,0,0,99.023,0,0,0,0,0,0,0,1,0,0,0,0,1,0,0,0,0,1,0,0,0
0,0,0,0,0,97.6,0,1.0127,1.387,0,0,0,1.0127,0,0,0.37437,97.6,0,0,0,0,1.0127,0.37437,1.0127,1.0127,0,0,97.6,0,0,0,0,0,0,0,1,0,0,0,0,1,0,0,0,0,1,0,0,0
0,0,0,0,0,99.098,0,0.45078,0.45078,0,0,0,0.45078,0,0,0,99.098,0,0,0,0,0.45078,0,0.45078,0.45078,0,0,99.098,0,0,0,0,0,0,0,1,0,0,0,0,1,0,0,0,0,1,0,0,0
0,0,0,0,0,96.947,0.40068,1.4828,1.1693,0,0,0,0.76861,0,0.40068,0,96.947,0,0,0.7142,0,1.1693,0,1.8835,0.76861,0.40068,0,96.947,0,0,0,0,0,0,0,1,0,0,0,0,1,0,0,0,0,1,0,0,0
0,0,0,0,0,100,0,0,0,0,0,0,0,0,0,0,100,0,0,0,0,0,0,0,0,0,0,100,0,0,0,0,0,0,0,1,0,0,0,0,1,0,0,0,0,1,0,0,0
0,0,0,0,0,100,0,0,0,0,0,0,0,0,0,0,100,0,0,0,0,0,0,0,0,0,0,100,0,0,0,0,0,0,0,1,0,0,0,0,1,0,0,0,0,1,0,0,0
0,0,0,0,0,100,0,0,0,0,0,0,0,0,0,0,100,0,0,0,0,0,0,0,0,0,0,100,0,0,0,0,0,0,0,1,0,0,0,0,1,0,0,0,0,1,0,0,0
0,0,0,0,0,100,0,0,0,0,0,0,0,0,0,0,100,0,0,0,0,0,0,0,0,0,0,100,0,0,0,0,0,0,0,1,0,0,0,0,1,0,0,0,0,1,0,0,0
0,0,0,0,0,100,0,0,0,0,0,0,0,0,0,0,100,0,0,0,0,0,0,0,0,0,0,100,0,0,0,0,0,0,0,1,0,0,0,0,1,0,0,0,0,1,0,0,0
0,0,0,0,0,100,0,0,0,0,0,0,0,0,0,0,100,0,0,0,0,0,0,0,0,0,0,100,0,0,0,0,0,0,0,1,0,0,0,0,1,0,0,0,0,1,0,0,0
0,0,0,0,0,100,0,0,0,0,0,0,0,0,0,0,100,0,0,0,0,0,0,0,0,0,0,100,0,0,0,0,0,0,0,1,0,0,0,0,1,0,0,0,0,1,0,0,0
0,0,0,0,0,100,0,0,0,0,0,0,0,0,0,0,100,0,0,0,0,0,0,0,0,0,0,100,0,0,0,0,0,0,0,1,0,0,0,0,1,0,0,0,0,1,0,0,0
0,0,0,0,0,100,0,0,0,0,0,0,0,0,0,0,100,0,0,0,0,0,0,0,0,0,0,100,0,0,0,0,0,0,0,1,0,0,0,0,1,0,0,0,0,1,0,0,0
0,0,0,0,0,99.811,0,0.18866,0,0,0,0,0.18866,0,0,0,99.811,0,0,0,0,0,0,0,0.18866,0,0,99.811,0,0,0,0,0,0,0,1,0,0,0,0,1,0,0,0,0,1,0,0,0
0,0,0,0,0,99.525,0,0.47497,0,0,0,0,0.21828,0,0,0,99.782,0,0,0,0,0,0,0.25668,0.21828,0,0,99.525,0,0,0,0,0,0,0,1,0,0,0,0,1,0,0,0,0,1,0,0,0
0,0,0,0,0,97.662,0.47426,1.8639,0,0,0,0.69493,1.0477,0,0,0,98.02,0,0.23713,0,0,0,0,0.83261,0.81059,0.4578,0,97.662,0,0,0.23713,0,0,0,0,1,0,0,0,0,1,0,0,0,0,1,0,0,0
0,0,0,0,0,99.581,0,0.41945,0,0,0,0.41945,0,0,0,0,99.581,0,0,0,0,0,0,0,0,0.41945,0,99.581,0,0,0,0,0,0,0,1,0,0,0,0,1,0,0,0,0,1,0,0,0
0,0,0,0,0,100,0,0,0,0,0,0,0,0,0,0,100,0,0,0,0,0,0,0,0,0,0,100,0,0,0,0,0,0,0,1,0,0,0,0,1,0,0,0,0,1,0,0,0
0,0,0.23663,2.8755,0.54331,89.651,3.0062,3.6873,0,0,0,2.4326,2.8261,0.30668,0,1.149,89.496,0.23663,1.3536,0.23663,0.77995,1.1832,0.85,4.0776,2.7881,0.7099,0,88.494,0,0.23663,1.5902,0.77995,0.47327,0,0,1,0,0,0,0,1,0,0,0,0,1,0,0,0
0,0,0,1.7776,0,94.246,2.4789,1.4978,0,0,0,3.2754,0.35065,0,0,1.7776,94.246,0,0.35065,0,0,0,0,2.4789,1.7776,1.1472,0,94.246,0,0,0.35065,0,0,0,0,1,0,0,0,0,1,0,0,0,0,1,0,0,0
0,0,0,0,0,100,0,0,0,0,0,0,0,0,0,0,100,0,0,0,0,0,0,0,0,0,0,100,0,0,0,0,0,0,0,1,0,0,0,0,1,0,0,0,0,1,0,0,0
0,0,0,0,0,100,0,0,0,0,0,0,0,0,0,0,100,0,0,0,0,0,0,0,0,0,0,100,0,0,0,0,0,0,0,1,0,0,0,0,1,0,0,0,0,1,0,0,0
0,0,0,0,0,100,0,0,0,0,0,0,0,0,0,0,100,0,0,0,0,0,0,0,0,0,0,100,0,0,0,0,0,0,0,1,0,0,0,0,1,0,0,0,0,1,0,0,0
0,0,0,0,0,100,0,0,0,0,0,0,0,0,0,0,100,0,0,0,0,0,0,0,0,0,0,100,0,0,0,0,0,0,0,1,0,0,0,0,1,0,0,0,0,1,0,0,0
0,0,0,0,0,100,0,0,0,0,0,0,0,0,0,0,100,0,0,0,0,0,0,0,0,0,0,100,0,0,0,0,0,0,0,1,0,0,0,0,1,0,0,0,0,1,0,0,0
0,0,0,0,0,100,0,0,0,0,0,0,0,0,0,0,100,0,0,0,0,0,0,0,0,0,0,100,0,0,0,0,0,0,0,1,0,0,0,0,1,0,0,0,0,1,0,0,0
0,0,0,0,0,100,0,0,0,0,0,0,0,0,0,0,100,0,0,0,0,0,0,0,0,0,0,100,0,0,0,0,0,0,0,1,0,0,0,0,1,0,0,0,0,1,0,0,0
0,0,0,0,0,98.549,0,0,1.4511,0,0,0.48369,0,0.48369,0,0,98.549,0,0,0,0,0.48369,0,0,0,0,0,98.549,0,0,0,0.48369,0.96737,0,0,1,0,0,0,0,1,0,0,0,0,1,0,0,0
0,0,0,0,0,100,0,0,0,0,0,0,0,0,0,0,100,0,0,0,0,0,0,0,0,0,0,100,0,0,0,0,0,0,0,1,0,0,0,0,1,0,0,0,0,1,0,0,0
0,0,0,0,0,100,0,0,0,0,0,0,0,0,0,0,100,0,0,0,0,0,0,0,0,0,0,100,0,0,0,0,0,0,0,1,0,0,0,0,1,0,0,0,0,1,0,0,0
0,0,0,0,0,100,0,0,0,0,0,0,0,0,0,0,100,0,0,0,0,0,0,0,0,0,0,100,0,0,0,0,0,0,0,1,0,0,0,0,1,0,0,0,0,1,0,0,0
0,0,0,0,0,100,0,0,0,0,0,0,0,0,0,0,100,0,0,0,0,0,0,0,0,0,0,100,0,0,0,0,0,0,0,1,0,0,0,0,1,0,0,0,0,1,0,0,0
0,0,0,0,0,100,0,0,0,0,0,0,0,0,0,0,100,0,0,0,0,0,0,0,0,0,0,100,0,0,0,0,0,0,0,1,0,0,0,0,1,0,0,0,0,1,0,0,0
0,0,0,0,0,100,0,0,0,0,0,0,0,0,0,0,100,0,0,0,0,0,0,0,0,0,0,100,0,0,0,0,0,0,0,1,0,0,0,0,1,0,0,0,0,1,0,0,0
0,0,0,0,0,100,0,0,0,0,0,0,0,0,0,0,100,0,0,0,0,0,0,0,0,0,0,100,0,0,0,0,0,0,0,1,0,0,0,0,1,0,0,0,0,1,0,0,0
0,0,0,0,0,100,0,0,0,0,0,0,0,0,0,0,100,0,0,0,0,0,0,0,0,0,0,100,0,0,0,0,0,0,0,1,0,0,0,0,1,0,0,0,0,1,0,0,0
0,0,0,0,0,98.585,0,0.92684,0.48828,0,0,0,0.23999,0,0,0.48828,99.272,0,0,0,0,0,0.48828,0.68685,0.23999,0,0,98.585,0,0,0,0,0,0,0,1,0,0,0,0,1,0,0,0,0,1,0,0,0
0,0,0.25253,1.8435,0.58087,88.205,2.8692,4.8919,1.3575,0,0,3.1977,3.5311,1.0325,0,0.3118,86.103,0.25253,1.3664,1.8744,0.8334,1.4974,1.221,4.2788,3.8566,2.0885,0,85.345,0,0.25253,1.6189,0.8334,0.50507,0,0,1,0,0,0,0,1,0,0,0,0,1,0,0,0
0,0.25867,0.77601,1.2934,0,86.957,4.1193,2.8739,3.7222,0,0,2.889,1.7125,1.9401,0,2.2087,86.479,0,0.56049,2.5275,0,1.6824,0.25867,4.5522,4.5549,2.3416,0,85.663,0,0,1.8538,0.25867,0.51734,0,0,1,0,0,0,0,1,0,0,0,0,1,0,0,0
0,0.66363,3.8039,9.8225,5.4281,55.745,9.6523,7.2283,7.6564,0,0,8.1481,4.4467,5.2182,2.1756,6.3843,53.164,2.7218,1.9843,8.4365,2.1858,5.1346,8.2208,10.764,8.813,5.6219,0,47.551,0.4809,1.2207,8.6248,3.8917,4.8119,0,0.014925,0.98507,0,0,0,0,1,0,0,0,0,1,0,0,0
0,0,1.2652,7.5028,3.0205,75.629,3.8476,7.7535,0.98182,0,0,5.0518,5.5171,1.9328,0.18523,2.3927,72.476,1.08,2.9303,2.264,2.6422,3.5276,4.169,7.3691,6.0624,3.3487,0,68.685,0.48868,1.08,3.5293,3.1232,2.1445,0,0,1,0,0,0,0,1,0,0,0,0,1,0,0,0
0,0,1.0541,6.0002,2.4024,80.712,3.6836,6.1481,0,0,0,3.277,4.5566,1.3483,0,1.6726,78.775,1.0541,3.9959,1.0541,1.7839,2.4827,2.6356,6.025,2.4356,2.7375,0,75.613,0.55754,1.0541,4.4925,2.3414,2.1082,0,0.10145,0.89855,0,0,0,0,0.92754,0.072464,0,0.057971,0.043478,0.89855,0,0,0
0,0.32241,2.8561,12.326,12.16,41.89,14.408,10.831,5.2076,0,0,7.7176,7.2447,10.55,2.7511,6.4943,34.218,5.6831,5.1747,7.4749,4.6345,8.0572,11.242,14.311,11.416,4.4957,0.29626,26.238,2.0185,3.6761,11.678,6.3306,8.2973,0.014493,0.072464,0.91304,0,0,0,0,1,0,0,0,0,1,0,0,0
0,0.40682,3.4487,17.401,15.769,34.11,16.237,9.9164,2.7114,0,0,8.4533,10.017,9.5093,6.3024,4.9348,26.504,8.5325,8.6825,4.419,5.8765,6.7688,11.209,12.906,12.636,4.2398,1.541,15.081,4.408,9.9867,12.914,6.7246,8.3544,0.093023,0.11628,0.7907,0,0,0,0,1,0,0,0,0,1,0,0,0
0,0.75863,3.838,9.4121,4.2415,56.207,8.1684,8.6483,8.7266,0,0,5.9338,3.9343,6.5336,2.7088,4.3693,57.672,2.7354,1.7571,6.6495,1.1874,6.5193,6.7012,10.875,7.5187,4.8861,0,52.233,0.16921,0.54093,9.9821,2.8385,4.2552,0,0.015873,0.98413,0,0,0,0,1,0,0,0,0,1,0,0,0
0,0.17203,2.9891,16.105,10.6,40.672,16.218,10.221,3.0238,0,0,5.9997,3.4269,10.376,4.7946,6.6178,38.219,8.4028,3.3115,10.134,3.8243,4.8929,10.642,15.855,9.2666,3.7183,0.14594,28.664,1.3114,2.1913,16.941,5.3473,5.9166,1,0,0,0,0,0,0,1,0,0,0,0,1,0,0,1
0,0.34929,2.4055,6.9636,2.9963,67.679,7.0382,7.2435,5.325,0,0,4.3557,2.6179,3.3244,1.6811,3.4665,68.963,2.0315,0.83021,6.6486,1.0531,5.0275,3.8401,10.394,6.841,2.7505,0,64.35,0,0,7.1982,1.9421,2.6842,0,0,1,0,0,0,0,1,0,0,0,0,1,0,0,0
0,1.0651,5.0452,17.607,8.156,41.952,14.06,4.0884,8.0262,0,0,4.8108,3.1892,9.6076,4.3417,9.047,37.755,8.9447,1.7077,11.447,3.9363,5.2125,10.2,16.692,6.2104,4.7322,0,29.807,1.3882,1.9617,18.977,3.7131,6.3185,1,0,0,0,0,0,0,1,0,0,0,0,1,0,0,1
0,0.74105,4.9776,19.571,9.9231,30.967,17.041,10.46,6.3196,0,0,8.337,7.3952,8.8541,4.0024,8.0893,24.671,10.969,6.0687,8.3234,5.0604,8.2303,12.624,16.572,11.506,4.7888,0.57995,15.314,2.4943,4.4823,16.902,6.7744,7.9624,1,0,0,0,0,0,0,1,0,0,0,0,1,0,0,1
0,1.5342,3.3332,22.114,18.607,25.192,17.875,8.6135,2.7313,0,0,6.7231,11.791,11.581,6.529,5.9001,17.463,13.005,12.013,4.497,5.9356,4.5623,10.231,16.609,9.826,4.5932,0.96548,3.374,5.5084,12.211,17.296,7.21,12.176,0.55224,0.44776,0,0,0,0,0,1,0,0,0,0,1,0,0,1
0,1.5105,3.9981,22.887,14.931,25.185,16.119,10.199,5.1703,0,0,6.7515,6.0532,10.698,5.2527,6.3752,23.904,11.713,6.8217,9.899,5.3611,7.1703,11.549,17.919,8.6218,5.3706,0.42192,11.204,1.9169,3.5826,23.058,8.4393,7.9169,0.68333,0.21667,0.1,0,0,0,0,1,0,0,0,0,1,0,0,1
0,0.5122,0,2.0488,3.3924,91.166,2.8802,0,0,0,0,0,1.0244,0.5122,0,0,91.166,2.8802,2.0488,0,0.5122,1.8558,0,3.3924,0,2.368,0,90.142,0.5122,0.5122,1.0244,1.0244,1.0244,0,0,1,0,0,0,0,1,0,0,0,0,1,0,0,0
0,0,0,0,0,100,0,0,0,0,0,0,0,0,0,0,100,0,0,0,0,0,0,0,0,0,0,100,0,0,0,0,0,0,0,1,0,0,0,0,1,0,0,0,0,1,0,0,0
0,0,0,0,0,100,0,0,0,0,0,0,0,0,0,0,100,0,0,0,0,0,0,0,0,0,0,100,0,0,0,0,0,0,0,1,0,0,0,0,1,0,0,0,0,1,0,0,0
0,0,0,1.7953,0,96.409,1.7953,0,0,0,0,1.7953,0,0,0,1.7953,96.409,0,0,0,0,0,0,1.7953,1.7953,0,0,96.409,0,0,0,0,0,0,0.028169,0.97183,0,0,0,0,0.98592,0.014085,0,0.014085,0.014085,0.97183,0,0,0
0,0,0,0,0,99.483,0,0,0,0,0.51746,0,0,0,0,0,99.525,0.47536,0,0,0,0,0,0,0,0,0,99.007,0.47536,0,0.51746,0,0,0,0,1,0,0,0,0,1,0,0,0,0,1,0,0,0
0,0,0,0,0,100,0,0,0,0,0,0,0,0,0,0,100,0,0,0,0,0,0,0,0,0,0,100,0,0,0,0,0,0,0,1,0,0,0,0,1,0,0,0,0,1,0,0,0
0,0,0,0,0,100,0,0,0,0,0,0,0,0,0,0,100,0,0,0,0,0,0,0,0,0,0,100,0,0,0,0,0,0,0,1,0,0,0,0,1,0,0,0,0,1,0,0,0
0,0,0,0,0,98.847,0,0,0,0,1.1528,0,0,0,0,0,100,0,0,0,0,0,0,0,0,0,0,98.847,0,0,1.1528,0,0,0,0,1,0,0,0,0,1,0,0,0,0,1,0,0,0
0.33364,0,1.4893,0,0,91.341,0,0,2.8834,0,3.9527,0.75139,0.33364,0,0.57783,0.33364,92.429,0.91148,1.709,1.4648,0.57783,0.91148,0.33364,0.91148,0,0.57783,0.66729,91.007,0.24419,2.0426,1.9101,0.33364,1.972,0,0,1,0,0,0,0,1,0,0,0,0,1,0,0,0
0,0,0,0,0,100,0,0,0,0,0,0,0,0,0,0,99.42,0.58006,0,0,0,0,0,0,0,0,0,99.42,0.58006,0,0,0,0,0,0.69697,0.30303,0,0,0,0,1,0,0,0,0,1,0,0,1
0,0,0,0,0,100,0,0,0,0,0,0,0,0,0,0,98.608,1.3922,0,0,0,0,0,0,0,0,0,98.608,1.3922,0,0,0,0,0,0,1,0,0,0,0,1,0,0,0,0,1,0,0,0
0,0,0,0,0,99.567,0.43259,0,0,0,0,0,0,0,0,0,100,0,0,0,0,0,0,0.43259,0,0,0,99.288,0.27964,0,0,0,0,0,0,1,0,0,0,0,1,0,0,0,0,1,0,0,0
0,0.40747,0.40747,0,0,97.963,0,0,0.40747,0,0.81494,0.40747,0,0.40747,0.40747,0,96.218,1.7451,0,0,0.81494,0,0,0.40747,0,0,0.40747,95.274,3.0966,0.40747,0,0.40747,0,0,0,1,0,0,0,0,1,0,0,0,0,1,0,0,0
0.29203,0.32446,2.5472,0,0,91.508,0,0,1.5818,0,3.7469,0.99777,0.29203,0.32446,1.2898,0.29203,90.27,2.9894,0.67331,0,1.6143,1.2574,0.29203,1.5818,0,0.96534,0.90852,89.483,2.7298,1.2898,2.1327,0.61649,0,0,0,1,0,0,0,0,1,0,0,0,0,1,0,0,0
3.1872,1.1391,8.8517,1.7923,6.817,42.284,4.9753,2.5841,14.945,1.0182,12.406,9.6559,2.4637,7.8994,4.793,2.5376,41.495,5.5723,6.7946,5.1064,6.9711,6.7113,5.3072,8.8953,4.8692,4.8926,5.8141,38.141,6.0735,6.6942,8.616,3.8258,6.8709,0,0,1,0,0,0,0,1,0,0,0,0,1,0,0,0
2.7071,0.15695,5.772,1.6038,3.2451,66.105,2.3896,1.8374,8.8401,2.6049,4.7377,6.541,1.6296,4.6518,2.8688,5.2256,57.506,7.3578,2.7734,2.014,4.9973,4.4352,3.9545,5.3289,4.4404,2.7903,4.18,56.464,9.0051,3.5344,3.0042,3.9579,3.34,0,0,1,0,0,0,0,1,0,0,0,0,1,0,0,0
3.4682,2.0785,11.925,1.3912,5.0432,31.8,4.8395,3.2245,29.59,2.2479,4.3915,9.9133,6.2036,9.4826,5.2837,5.4605,26.445,7.5201,4.1503,5.1785,9.5306,10.831,7.8925,14.734,9.6881,2.9324,9.3519,23.408,4.5989,3.2949,7.6821,6.5779,9.8395,0,0,0.52174,0.17391,0.30435,0.30435,0.26087,0.43478,0,0,0,0,0.43478,0.26087,0.30435,1
0,0,0,0,0,100,0,0,0,0,0,0,0,0,0,0,100,0,0,0,0,0,0,0,0,0,0,100,0,0,0,0,0,0,0,1,0,0,0,0,1,0,0,0,0,1,0,0,0
0,0,0,0,0,100,0,0,0,0,0,0,0,0,0,0,100,0,0,0,0,0,0,0,0,0,0,100,0,0,0,0,0,0,0,1,0,0,0,0,1,0,0,0,0,1,0,0,0
0,0,0,0,0.95918,96.126,1.8014,0.69782,0.41587,0,0,0,0,0,0.41587,0,96.136,0.95918,0,0.28195,0.41587,1.7909,0,2.4992,0.41587,0.95918,0,95.71,0,0,0.41587,0,0,0,0,1,0,0,0,0,1,0,0,0,0,1,0,0,0
0,0.24892,2.6754,8.3666,4.0586,69.137,6.8355,5.8675,2.8108,0,0,3.1615,1.1262,3.1187,2.2047,2.8858,70.603,4.5417,0.62834,7.1145,0.78877,3.8266,4.4555,9.8952,3.1413,3.479,0,65.664,0.47506,0.47506,7.0654,1.8193,3.5299,0,0.054545,0.94545,0,0,0,0,1,0,0,0,0,1,0,0,0
0,0,0,0,0,94.267,1.1008,2.953,1.6787,0,0,0,0.57791,0,1.1008,0,93.908,0,0,2.0153,0.35973,2.0385,0,4.0538,0.93765,0.7411,0,93.908,0,0,0.35973,0,0,0,0,1,0,0,0,0,1,0,0,0,0,1,0,0,0
0,0.22706,1.2347,2.7723,0.82437,83.072,4.4199,3.4131,4.0368,0,0,2.4976,0.72499,0.78057,1.5245,2.6517,83.833,0.55351,0.27086,4.6872,0,2.4765,1.7629,6.1443,2.8319,2.9824,0,82.012,0,0,2.2188,0.76879,1.2785,0,0,1,0,0,0,0,1,0,0,0,0,1,0,0,0
0,0.40773,3.4794,17.861,14.819,34.851,15.137,11.039,2.4055,0,0,6.4161,9.5634,9.8295,5.5748,5.9934,26.382,8.3624,8.9266,5.7755,5.0325,8.144,9.7943,13.203,11.691,4.9182,1.1375,15.214,3.9495,8.3923,13.985,6.3987,11.316,0,0.97436,0.025641,0,0,0,0,0,0.98291,0.017094,1,0,0,0,0,1
0,0,2.6339,11.13,9.5622,56.803,11.225,6.1299,2.5159,0,0,6.1453,7.6769,6.4249,2.2201,6.333,48.748,4.0273,7.4221,3.6485,3.9552,3.3987,9.0218,12.799,8.5487,1.6493,0.18619,41.132,2.8241,3.4723,9.6298,5.1072,5.6297,0,0.86076,0.13924,0,0,0,0,0,1,0,1,0,0,0,0,1
0,0,0,0,0,100,0,0,0,0,0,0,0,0,0,0,100,0,0,0,0,0,0,0,0,0,0,100,0,0,0,0,0,0,0,1,0,0,0,0,1,0,0,0,0,1,0,0,0
0,0,0,0,0,100,0,0,0,0,0,0,0,0,0,0,100,0,0,0,0,0,0,0,0,0,0,100,0,0,0,0,0,0,0,1,0,0,0,0,1,0,0,0,0,1,0,0,0
0,0,0,0,0,100,0,0,0,0,0,0,0,0,0,0,100,0,0,0,0,0,0,0,0,0,0,100,0,0,0,0,0,0,0,1,0,0,0,0,1,0,0,0,0,1,0,0,0
0,0,0,0,0,100,0,0,0,0,0,0,0,0,0,0,100,0,0,0,0,0,0,0,0,0,0,100,0,0,0,0,0,0,0,1,0,0,0,0,1,0,0,0,0,1,0,0,0
0,1.3764,7.5502,23.112,7.4643,24.579,12.707,13.369,9.8416,0,0,10.783,5.9699,7.8767,5.1143,8.2089,25.574,9.9623,4.0942,9.8766,3.6515,8.888,9.9676,15.524,10.515,7.1283,0.18817,13.833,2.1228,3.4583,20.08,6.3585,10.824,0.34884,0.65116,0,0,0,0,0,1,0,0,0,0,1,0,0,1
0,0.98554,3.8037,20.699,16.73,25.979,18.426,8.749,4.627,0,0,6.8366,5.9905,13.825,6.2314,9.1861,19.313,10.689,4.9924,9.3178,6.7765,6.8417,12.975,15.208,10.306,4.5147,0.48849,7.5282,4.0629,5.7613,20.507,7.6746,10.973,0.57812,0.42188,0,0,0,0,0,1,0,0,0,0,1,0,0,1
0,0.22409,3.4993,21.78,13.892,26.852,20.608,8.4042,4.7415,0,0,7.0731,6.5593,11.177,7.07,8.8065,18.338,14.537,3.5401,7.6686,6.044,9.1863,11.067,15.974,11.556,2.9416,2.5422,7.5274,4.6977,9.5296,20.279,5.6946,8.1918,0.64516,0.32258,0.032258,0,0,0,0,1,0,0,0,0,1,0,0,1
2.3672,1.3147,16.118,3.6257,6.7165,24.501,4.0245,1.9572,31.227,2.8583,5.2898,10.541,5.7618,12.116,3.7203,8.3939,20.289,7.4609,6.2877,7.7481,7.8373,9.8445,11.865,15.411,6.467,5.972,7.663,16.486,3.863,4.1806,6.225,8.8076,13.06,0,0,0,0,1,1,0,0,0,0,0,0,0,0,1,1
0,0,6.9316,0,0,64.902,0,0,28.167,0,0,15.253,8.6303,1.5898,0,2.5823,64.902,0,0,0.38725,1.3797,5.276,0,2.5823,2.5823,0,0,64.902,0,0,3.509,18.422,8.0025,0,0,0,0.038462,0.96154,0,0,1,0,0,0,0,1,0,0,0
0,0,24.049,0,0,63.951,0,0,12.001,0,0,22.619,0.93861,2.9641,0.31161,3.6161,63.951,0,0,0.5982,1.2502,3.7514,0,3.9277,3.9277,0,0,63.951,0,0,2.5262,18.017,7.651,0,0,0,0.083333,0.91667,0,0,1,0,0,0,0,1,0,0,0
0,0,13.399,0,0,68.566,0,0,18.035,0,0,11.124,2.8787,0.48312,1.4357,2.7175,68.566,1.5248,0,0.37529,3.6702,7.2249,0,4.1533,5.2137,0,0,68.566,0,0,6.051,7.9298,8.0863,0,0,1,0,0,0,0,1,0,0,0,0,1,0,0,0
0,0,11.349,0,0,63.489,0,0,25.162,0,0,20.153,1.6367,2.7016,1.0452,0.9684,63.489,1.1131,0,2.157,1.0452,5.6907,0,2.0136,2.635,0,0,63.489,0,0,4.5789,13.864,13.419,0,0,0.96154,0,0.038462,0,0,1,0,0,0,0,1,0,0,0
0,0,8.9587,0,0,74.247,0,0,16.795,0,0,8.7507,0.47763,1.1391,1.48,2.4242,74.247,1.9413,0,1.1391,2.931,5.4702,0,2.931,4.411,0,0,74.247,0,0,5.3336,5.3458,7.732,0,0,1,0,0,0,0,1,0,0,0,0,1,0,0,0
0,0,8.4543,0,0,66.534,0,0,25.012,0,0,11.991,1.1617,1.3313,0.66169,4.1368,66.534,1.6767,0,1.6181,2.7931,8.096,0,3.1681,3.6073,0,0,66.534,0,0,7.0779,5.9455,13.667,0,0,0.97015,0,0.029851,0,0,1,0,0,0,0,1,0,0,0
0,0,18.756,0,0,60.573,0,0,20.671,0,0,16.297,4.2386,2.1229,1.1556,3.5778,60.573,1.3032,0,1.142,3.1028,6.4875,0,4.7333,5.2393,0,0,60.573,0,0,4.5538,16.948,7.9529,0,0,0.02381,0.02381,0.95238,0,0,1,0,0,0,0,1,0,0,0
0,0,8.9306,0,0,70.076,0,0,20.993,0,0,14.436,4.9053,0.32609,1.0145,0.84263,70.076,0.67887,0,1.06,1.8572,4.8026,0,1.8572,2.1378,0,0,70.076,0,0,3.9145,15.29,6.7245,0,0,0.019231,0.36538,0.61538,0,0,1,0,0,0,0,1,0,0,0
0,0,14.912,0,0,64.753,0,0,20.334,0,0,10.305,1.3188,0.9506,3.2308,4.3678,64.753,1.6763,0,1.9732,5.2174,6.2068,0,5.7493,8.173,0,0,64.753,0,0,8.0747,4.6211,8.6286,0,0,0.061538,0.16923,0.76923,0,0,1,0,0,0,0,1,0,0,0
0,0,8.6704,0,0,70.48,0,0,20.849,0,0,10.608,2.0352,1.4158,0.71022,2.951,70.48,2.3792,0,0.36328,2.0674,6.9898,0,3.1199,4.6585,0,0,70.48,0,0,7.3493,3.5036,10.888,0,0,0.061538,0.2,0.73846,0,0,1,0,0,0,0,1,0,0,0
0,0,6.7315,0,0,82.376,0,0,10.892,0,0,5.2548,1.1495,0,0.54699,3.3662,82.951,0.54699,0,0,2.8049,3.3796,0,2.8049,3.9266,0,0,82.376,0,0,3.9266,2.2579,4.7078,0,0,1,0,0,0,0,1,0,0,0,0,1,0,0,0
0,0,9.031,0,0,72.512,0,0,18.457,0,0,7.657,3.8592,0,0.9258,2.442,73.894,1.5635,0,0,3.0103,6.6485,0,3.0103,6.0207,0,0,72.512,0,0,9.3135,1.7747,7.3688,0,0,0.98611,0,0.013889,0,0,1,0,0,0,0,1,0,0,0
0,0,7.9519,0,0,81.841,0,0,10.207,0,0,3.602,3.5163,0,0,1.6673,83.936,0,0,0,2.9285,4.3499,0,2.9285,5.0234,0,0,81.841,0,0,4.3499,2.255,3.602,0,0,1,0,0,0,0,1,0,0,0,0,1,0,0,0
0,0,8.5537,0,0,73.255,0,0,18.191,0,0,8.483,3.3904,0,0,3.0987,75.178,0.31013,0,0,3.3344,6.2056,0,3.3344,5.2194,0,0,73.255,0,0,5.1038,5.9512,7.1362,0,0,0.97297,0,0.027027,0,0,1,0,0,0,0,1,0,0,0
0,0,14.976,0,0,63.451,0,0,21.573,0,0,8.3402,4.9369,0,1.1245,5.1526,64.672,1.7785,0,0.48679,5.7403,7.768,0,5.7403,9.2356,0,0,63.451,0,0,7.9329,5.2699,8.3704,0,0,0.016667,0.31667,0.66667,0,0,1,0,0,0,0,1,0,0,0
0,0,8.3566,0,0,74.208,0,0,17.436,0,0,6.1622,2.2894,0,1.2902,3.3748,75.454,1.2644,0,0.82225,3.3211,6.0213,0,3.3211,5.0355,0,0,74.208,0,0,8.2953,2.6495,6.4907,0,0,0,0.19178,0.80822,0,0,1,0,0,0,0,1,0,0,0
0,0,14.255,0,0,64.787,0,0,20.958,0,0,9.3478,5.1121,0,0,3.6683,68.569,0,0,0,5.1952,8.1079,0,5.1952,9.0602,0,0,64.787,0,0,7.1468,6.4415,7.3694,0,0,0,0.36538,0.63462,0,0,1,0,0,0,0,1,0,0,0
0,0,8.518,0,0,76.043,0,0,15.44,0,0,6.4494,4.0903,0,0,2.566,78.022,0,0,0,3.3423,5.5295,0,3.3423,5.1756,0,0,76.043,0,0,5.1352,4.9729,5.3314,0,0,0.025974,0.14286,0.83117,0,0,1,0,0,0,0,1,0,0,0
0,0,6.6298,0,0,80.094,0,0,13.276,0,0,6.5167,2.7817,0,0,0,81.935,1.8873,0,0,1.8413,5.0377,0,2.5786,4.0512,0,0,80.094,0,0,2.7817,5.4964,4.9981,0,0,1,0,0,0,0,1,0,0,0,0,1,0,0,0
0,0,7.0803,0,0,71.52,0,0,21.4,0,0,9.8814,3.5207,0,0,0,73.281,2.3261,0,0,2.272,8.7189,0,3.1718,3.9085,0,0,71.52,0,0,3.7898,10.618,6.9919,0,0,1,0,0,0,0,1,0,0,0,0,1,0,0,0
0,0,4.0087,0,0,81.825,0,0,14.166,0,0,5.828,1.4541,0,1.7065,0,82.504,2.2998,0,0,0.32538,5.8818,0,2.2292,1.7795,0,0,81.825,0,0,1.8078,5.9947,6.3635,0,0,1,0,0,0,0,1,0,0,0,0,1,0,0,0
0,0,5.5865,0,0,68.297,0,0,26.116,0,0,11.558,2.1711,0.26736,1.9808,0,69.877,3.1208,0,0,1.0332,9.9914,0,2.4385,3.148,0,0,68.297,0,0,5.2377,8.7314,12.147,0,0,1,0,0,0,0,1,0,0,0,0,1,0,0,0
0,0,12.805,0,0,64.407,0,0,22.788,0,0,10.912,5.0958,0,0.47403,0,66.795,3.5756,0,0,4.068,9.0805,0,6.0844,6.7211,0,0,64.407,0,0,3.9433,10.526,8.3183,0,0,0.018868,0.18868,0.79245,0,0,1,0,0,0,0,1,0,0,0
0,0,10.081,0,0,74.179,0,0,15.741,0,0,7.2212,4.9951,0,0.34911,0,76.084,2.1833,0,0,3.7388,5.4289,0,4.0879,5.9926,0,0,74.179,0,0,2.8504,7.2186,5.6716,0,0,0,0.16923,0.83077,0,0,1,0,0,0,0,1,0,0,0
0,0,12.317,0,0,63.962,0,0,23.721,0,0,8.9383,4.492,0.54654,1.8275,0,65.917,5.4574,0,0,0.91569,11.906,0,6.7316,5.585,0,0,63.962,0,0,6.6059,7.2433,9.8718,0,0,0,0.11111,0.88889,0,0,1,0,0,0,0,1,0,0,0
0,0,8.2779,0,0,75.72,0,0,16.003,0,0,6.6964,2.4349,0.70936,0.35122,0,76.96,3.1443,0,0,1.9257,7.7779,0,4.0546,4.2233,0,0,75.72,0,0,4.1284,5.0029,6.8712,0,0,0,0.2069,0.7931,0,0,1,0,0,0,0,1,0,0,0
0,0,2.3128,0,0,86.884,0,0,10.804,0,0,4.2719,0.65338,1.2777,1.3347,0,87.537,0.98874,0,0,0,3.9365,0,0.98874,1.3241,0,0,86.884,0,0,1.6421,2.9478,6.2136,0,0,1,0,0,0,0,1,0,0,0,0,1,0,0,0
0,0,5.6401,0,0,68.533,0,0,25.827,0,0,11.748,0.90942,1.6659,1.7941,0,70.096,1.9793,0,0,0,11.807,0,2.591,3.0492,0,0,68.533,0,0,6.189,5.3042,14.333,0,0,1,0,0,0,0,1,0,0,0,0,1,0,0,0
0,0,3.5087,0,0,82.342,0,0,14.15,0,0,5.3709,0.63725,1.2468,1.2527,0,82.979,0.97958,0,1.2527,1.2527,5.0286,0,1.2814,2.2273,0,0,82.342,0,0,1.9186,5.649,6.5822,0,0,1,0,0,0,0,1,0,0,0,0,1,0,0,0
0,0,5.1077,0,0,68.13,0,0,26.762,0,0,11.522,1.5666,1.6066,1.6428,0,69.865,1.3187,0,1.3726,1.8448,9.2607,0,2.0519,3.0559,0,0,68.13,0,0.68675,5.8537,7.1536,13.068,0,0,1,0,0,0,0,1,0,0,0,0,1,0,0,0
0,0,11.66,0,0,64.464,0,0,23.875,0,0,11.818,3.0325,1.6676,1.4182,0,66.119,4.7294,0,0,0,11.215,0,5.234,6.4264,0,0,64.464,0,0,7.8863,5.3517,10.637,0,0,0.12069,0.12069,0.75862,0,0,1,0,0,0,0,1,0,0,0
0,0,6.0644,0,0,74.055,0,0,19.881,0,0,8.7333,2.3703,0.30834,1.4042,0,76.167,2.7048,0,0,0,8.3117,0,3.0252,3.0392,0,0,74.055,0,0,7.0048,3.0365,9.8396,0,0,0.012195,0.14634,0.84146,0,0,1,0,0,0,0,1,0,0,0
0,0,11.817,0,0,63.624,0,0,24.559,0,0,13.018,2.1245,1.4098,1.5152,0,66.093,3.8946,0,0.68409,1.4057,9.8551,0,4.5308,7.2857,0,0,63.624,0,1.0093,5.8551,7.5172,10.178,0,0,0.092308,0.12308,0.78462,0,0,1,0,0,0,0,1,0,0,0
0,0,6.7188,0,0,71.363,0,0,21.918,0,0,12.146,0.77482,1.2968,0.32608,0,72.811,1.2465,0,0.98821,1.22,9.1909,0,2.2396,4.4792,0,0,71.363,0,0.89396,4.8436,6.2245,9.9562,0,0,0.053333,0.17333,0.77333,0,0,1,0,0,0,0,1,0,0,0
0,0,3.6002,0,0,79.399,0,0,17.001,0,0,5.8468,1.848,1.495,1.3605,0.26486,80.008,0.32626,0,1.3605,1.6254,5.8646,0.26486,0.93519,2.4001,0,0,79.399,0,0.26486,1.809,7.4068,7.5201,0,0,1,0,0,0,0,1,0,0,0,0,1,0,0,0
0,0,5.2701,0,0,66.885,0,0,27.845,0,0,11.626,2.5432,1.3789,1.3994,0.73543,67.283,0.80324,0,1.5277,2.9723,9.7308,0.73543,1.2013,3.3333,0,0,66.885,0,1.526,2.3071,12.122,11.89,0,0,1,0,0,0,0,1,0,0,0,0,1,0,0,0
0,0,3.1941,0,0,82.711,0,0,14.095,0,0,5.3728,1.5412,1.632,0,0.54912,83.348,0,0,1.5474,0.9129,5.0968,0.54912,0.63684,2.0081,0,0,82.711,0,0.54912,1.459,4.9967,7.0901,0,0,1,0,0,0,0,1,0,0,0,0,1,0,0,0
0,0,5.1848,0,0,68.436,0,0,26.379,0,0,9.0806,2.7193,2.3381,0,0.51375,70.025,0,0,1.652,2.2836,11.388,0.51375,1.5889,3.0821,0,0,68.436,0,0.26418,5.4914,6.954,13.67,0,0,0.98077,0,0.019231,0,0,1,0,0,0,0,1,0,0,0
0,0,11.018,0,0,61.556,0,0,27.426,0,0,12.293,3.8961,1.1469,1.2617,0.58082,63.505,1.5014,0,1.338,1.0773,13.4,0.58082,3.4502,6.9869,0,0,61.556,0,0.26811,5.8936,8.992,12.273,0,0,0,0.2623,0.7377,0,0,1,0,0,0,0,1,0,0,0
0,0,6.0591,0,0,73.149,0,0,20.792,0,0,9.2655,2.7291,0.26525,0.94227,1.0635,73.645,0.94699,0,0.27009,1.9214,8.9506,1.0635,1.4429,3.5528,0,0,73.149,0,1.274,2.9913,7.1516,9.3746,0,0,0.029412,0.14706,0.82353,0,0,1,0,0,0,0,1,0,0,0
0,0,11.236,0,0,63.49,0,0,25.274,0,0,10.226,2.7517,2.4899,0,2.5738,65.252,0,0,1.3453,2.2743,13.086,2.5738,1.7625,6.8999,0,0,63.49,0,1.6879,5.1225,7.9932,10.47,0,0,0.017544,0.31579,0.66667,0,0,1,0,0,0,0,1,0,0,0
0,0,6.7015,0,0,72.846,0,0,20.452,0,0,8.302,2.0753,1.2643,0,0.56016,74.52,0,0,1.3697,2.2105,9.6984,0.56016,1.6737,4.4677,0,0,72.846,0,0.89613,4.9035,5.5379,9.1149,0,0,0,0.18182,0.81818,0,0,1,0,0,0,0,1,0,0,0
0,0,6.0052,0,0,80.598,0,0,13.397,0,0,5.6915,0.81585,1.2807,0,1.148,81.878,0.81585,0,1.5903,2.4286,4.351,0.33212,2.0965,3.5766,0,0,80.598,0,0.33212,3.2445,3.203,6.6175,0,0,1,0,0,0,0,1,0,0,0,0,1,0,0,0
0,0,7.3651,0,0,68.6,0,0,24.035,0,0,9.2097,1.8817,1.7753,0,2.3922,69.16,1.3218,0,2.0834,2.4557,9.7205,0.57331,1.8817,4.9101,0,0,68.6,0,0.57331,7.2289,4.3105,11.922,0,0,0.98333,0,0.016667,0,0,1,0,0,0,0,1,0,0,0
0.5764,0.5764,10.516,0,0,70.037,0,0,15.971,0,2.3242,4.8961,2.7886,1.0655,0,1.9554,70.526,4.7191,2.9006,2.3242,1.9236,6.9009,0.97468,5.4052,4.7121,0,0.5764,70.037,0.97468,1.3496,4.9091,4.8158,6.2457,0,0,1,0,0,0,0,1,0,0,0,0,1,0,0,0
0,0,7.951,0,0,70.04,0,0,22.009,0,0,9.0361,2.0258,2.1496,0,1.7535,71.541,3.8837,0,0.74656,2.0565,6.8072,0,3.5306,4.4204,0,0,70.04,0,0,3.5128,8.4069,10.089,0,0,0.97368,0,0.026316,0,0,1,0,0,0,0,1,0,0,0
0,0,13.298,0,0,63.042,0,0,23.66,0,0,9.6184,2.3725,1.8101,0,2.9086,66.188,1.0365,0,1.8895,4.5968,9.5799,1.0157,4.1826,8.0997,0,0,63.042,0,0.52898,5.9031,6.8931,10.335,0,0,0.050847,0.10169,0.84746,0,0,1,0,0,0,0,1,0,0,0
0,0,7.1425,0,0,74.286,0,0,18.572,0,0,6.9217,1.1164,2.3465,0,2.1839,74.988,1.1164,0,0.36117,2.7963,8.1697,1.0339,1.8188,4.2898,0,0,74.286,0,0.32079,6.3481,2.961,8.942,0,0,0,0.15,0.85,0,0,1,0,0,0,0,1,0,0,0
0,0,15.555,0,0,63.618,0,0,20.828,0,0,6.383,4.4568,2.8364,0,1.571,65.146,6.4879,0,0.66003,4.5173,7.9411,0,5.9206,9.6342,0,0,63.618,0,0,8.7039,4.368,7.7556,0,0,0.027397,0.082192,0.89041,0,0,1,0,0,0,0,1,0,0,0
0,0,7.7107,0,0,74.538,0,0,17.751,0,0,6.304,1.7882,1.9816,0,2.3181,75.685,3.3142,0,0.74087,1.9865,5.8812,0,3.1951,4.5156,0,0,74.538,0,0,4.5143,6.3582,6.8788,0,0,0.013158,0.18421,0.80263,0,0,1,0,0,0,0,1,0,0,0
4.4615,3.2445,10.95,0.57015,4.5243,39.96,3.0482,1.296,25.786,0,6.1593,9.1399,5.0451,6.5676,3.515,3.2871,39.842,8.4081,6.0863,3.5486,5.0872,9.4737,5.987,11.717,4.3374,2.9692,8.354,36.793,1.1403,4.4489,7.2529,7.0289,9.9708,0,0,0.9589,0.027397,0.013699,0.013699,0.027397,0.9589,0,0,0,0,0.9589,0.027397,0.013699,0
1.9734,1.9734,9.6262,0,0,61.936,0,0,23.022,0,1.4685,7.5854,1.4357,2.6107,0,1.7847,61.936,5.8704,4.5254,1.4685,2.073,10.71,1.0355,7.0553,3.5088,0,1.9734,61.936,1.0355,0.43294,7.5331,6.3874,9.102,0,0,0.97333,0,0.026667,0,0,1,0,0,0,0,1,0,0,0
4.2275,1.3197,15.626,2.576,9.7022,22.759,7.1379,3.0414,18.899,1.6903,13.021,11.48,4.0236,10.353,4.8241,6.112,22.159,9.363,8.5644,5.9794,8.1498,8.992,10.349,13.368,5.9463,7.0071,7.556,17.102,5.6166,7.8534,8.5476,7.2178,9.4366,0,0,0,0,1,1,0,0,0,0,0,0,0,0,1,1
0.35739,1.0249,12.208,0,1.0249,57.282,1.0249,0.35739,24.754,0,1.9669,5.6043,4.2413,1.624,0.71478,1.335,57.282,8.1366,5.579,2.3243,2.2915,10.867,4.6369,7.9021,4.4831,0,1.7397,56.257,1.9669,0,6.008,8.7672,8.2388,0,0,0.95522,0.029851,0.014925,0.014925,0.059701,0.92537,0,0,0,0,0.92537,0.059701,0.014925,0
0.94069,0.94069,12.246,0,0,64.33,0,0,21.543,0,0,5.9787,3.057,2.5349,0,1.9534,64.33,8.0597,3.2708,0,2.8903,7.9257,0,7.2395,5.9473,0,0.94069,64.33,0,0,3.7942,9.4399,8.3087,0,0,0.079365,0.12698,0.79365,0,0,1,0,0,0,0,1,0,0,0
0.5377,0.5377,7.0036,0,0,76.611,0,0,15.31,0,0,4.6549,1.961,0.5377,0,0.98829,76.611,6.2475,1.8627,0,1.2714,5.865,0,4.3089,3.2324,0,0.5377,76.611,0,0,2.9958,6.3338,5.9799,0,0,0.014925,0.14925,0.83582,0,0,1,0,0,0,0,1,0,0,0
2.0043,2.0043,9.7822,0,0,68.744,0,0,17.465,0,0,5.4227,1.9748,3.2013,0,0,68.744,10.029,2.0043,0,1.197,7.4269,0,8.6147,2.2562,0,2.0043,68.744,0,0,5.5604,6.4819,6.3383,0,0,0.11667,0.15,0.73333,0.05,0.016667,0.93333,0,0,0,0,0.95,0,0.05,0
0.69051,0.69051,5.3949,0,0,83.157,0,0,10.068,0,0,1.4062,1.8775,1.84,0,0,83.157,2.5557,3.0402,0,1.1495,4.9744,0,2.5305,1.1495,0,0.69051,83.157,0,0,2.5557,3.7559,6.1614,0,0,0.016129,0.24194,0.74194,0,0,1,0,0,0,0,1,0,0,0
0,0,8.8495,0,0,80.52,0,0,10.631,0,0,6.6802,1.6801,3.1028,1.322,3.1028,80.52,0,0,1.322,1.322,0.94869,0,4.4248,4.4248,0,0,80.52,0,0,0.94869,4.6821,5.0002,0,0,0,0.12857,0.87143,0,0,1,0,0,0,0,1,0,0,0
0,0,0,0,0,100,0,0,0,0,0,0,0,0,0,0,100,0,0,0,0,0,0,0,0,0,0,100,0,0,0,0,0,0,0,0,0.22727,0.77273,0,0,1,0,0,0,0,1,0,0,0
0,0,7.4252,0,0,87.843,0,0,4.7317,0,0,1.6605,1.1135,0.58475,1.4576,1.6983,87.843,0.53788,0,1.4576,2.5711,1.0758,0,3.1559,4.2694,0,0,87.843,0,0,1.0758,1.4576,2.1984,0,0,0,0.21839,0.78161,0,0,1,0,0,0,0,1,0,0,0
0,0,0,0,0,100,0,0,0,0,0,0,0,0,0,0,100,0,0,0,0,0,0,0,0,0,0,100,0,0,0,0,0,0,0,0,0.15,0.85,0,0,1,0,0,0,0,1,0,0,0
0,0,0,0,0,100,0,0,0,0,0,0,0,0,0,0,100,0,0,0,0,0,0,0,0,0,0,100,0,0,0,0,0,0,0,0,0.1194,0.8806,0,0,1,0,0,0,0,1,0,0,0
0,0,0,0,0,100,0,0,0,0,0,0,0,0,0,0,100,0,0,0,0,0,0,0,0,0,0,100,0,0,0,0,0,0,0,0,0.24286,0.75714,0,0,1,0,0,0,0,1,0,0,0
0,0,0,0,0,100,0,0,0,0,0,0,0,0,0,0,100,0,0,0,0,0,0,0,0,0,0,100,0,0,0,0,0,0,0,0.03125,0.15625,0.8125,0,0,1,0,0,0,0,1,0,0,0
0,0,8.0649,0,0,90.061,0,0,1.8741,0,0,0.48988,2.4186,0,0.40448,1.971,90.999,0,0,0.40448,2.8231,0.48988,0,2.8231,5.2418,0,0,90.061,0,0,0.97976,0.40448,0.48988,0,0,0.013514,0.27027,0.71622,0,0,1,0,0,0,0,1,0,0,0
0,0,0,0,0,100,0,0,0,0,0,0,0,0,0,0,100,0,0,0,0,0,0,0,0,0,0,100,0,0,0,0,0,0,0,0,0.28378,0.71622,0,0,1,0,0,0,0,1,0,0,0
0,0,8.2997,0,0,90.294,0,0,1.406,0,0,0.46865,2.5827,0,0,0.49674,92.89,0,0,0,3.0928,0.46865,0,3.0928,5.2069,0,0,90.294,0,0,0.46865,0.46865,0.46865,0,0,0.028169,0.33803,0.6338,0,0,1,0,0,0,0,1,0,0,0
0,0,0,0,0,100,0,0,0,0,0,0,0,0,0,0,100,0,0,0,0,0,0,0,0,0,0,100,0,0,0,0,0,0,0,0,0.19481,0.80519,0,0,1,0,0,0,0,1,0,0,0
0,0,0,0,0,100,0,0,0,0,0,0,0,0,0,0,100,0,0,0,0,0,0,0,0,0,0,100,0,0,0,0,0,0,0,0.025974,0.22078,0.75325,0,0,1,0,0,0,0,1,0,0,0
0,0,0,0,0,100,0,0,0,0,0,0,0,0,0,0,100,0,0,0,0,0,0,0,0,0,0,100,0,0,0,0,0,0,0,0,0.15068,0.84932,0,0,1,0,0,0,0,1,0,0,0
0,0,0,0,0,100,0,0,0,0,0,0,0,0,0,0,100,0,0,0,0,0,0,0,0,0,0,100,0,0,0,0,0,0,0,0.028571,0.11429,0.85714,0,0,1,0,0,0,0,1,0,0,0
0,0,0,0,0,100,0,0,0,0,0,0,0,0,0,0,100,0,0,0,0,0,0,0,0,0,0,100,0,0,0,0,0,0,0,0,0.19048,0.80952,0,0,1,0,0,0,0,1,0,0,0
0,0,6.9947,0,0,91.475,0,0,1.5305,0,0,0,1.9849,0,0.44163,0,93.214,1.5305,0,0,2.8286,0,0,3.2702,3.7246,0,0,91.475,0,0,0,1.5305,0,0,0,0,0.28049,0.71951,0,0,1,0,0,0,0,1,0,0,0
0,0,0,0,0,100,0,0,0,0,0,0,0,0,0,0,100,0,0,0,0,0,0,0,0,0,0,100,0,0,0,0,0,0,0,0,0.19643,0.80357,0,0,1,0,0,0,0,1,0,0,0
0,0,7.081,0,0,88.301,0,0,4.618,0,0,1.2557,2.5068,0.40012,1.4431,0,88.735,2.9069,0,0,1.4972,1.2557,0,3.3405,3.7406,0,0,88.301,0,0,0.42779,3.3347,0.85557,0,0,0,0.21818,0.78182,0,0,1,0,0,0,0,1,0,0,0
0,0,0.84278,0,0,98.736,0,0,0.42139,0,0,0,0.42139,0,0.42139,0,98.736,0.42139,0,0,0,0,0,0.42139,0.42139,0,0,98.736,0,0,0,0.42139,0,0,0,0,0.075758,0.92424,0,0,1,0,0,0,0,1,0,0,0
0,0,0,0,0,100,0,0,0,0,0,0,0,0,0,0,100,0,0,0,0,0,0,0,0,0,0,100,0,0,0,0,0,0,0,0,0.016667,0.98333,0,0,1,0,0,0,0,1,0,0,0
0,0,0,0,0,100,0,0,0,0,0,0,0,0,0,0,100,0,0,0,0,0,0,0,0,0,0,100,0,0,0,0,0,0,0,0,0.18033,0.81967,0,0,1,0,0,0,0,1,0,0,0
0,0,0,0,0,100,0,0,0,0,0,0,0,0,0,0,100,0,0,0,0,0,0,0,0,0,0,100,0,0,0,0,0,0,0,0,0,1,0,0,1,0,0,0,0,1,0,0,0
0,0,0,0,0,100,0,0,0,0,0,0,0,0,0,0,100,0,0,0,0,0,0,0,0,0,0,100,0,0,0,0,0,0,0,0,0.083333,0.91667,0,0,1,0,0,0,0,1,0,0,0
0,0,0,0,0,100,0,0,0,0,0,0,0,0,0,0,100,0,0,0,0,0,0,0,0,0,0,100,0,0,0,0,0,0,0,0.016129,0.27419,0.70968,0,0,1,0,0,0,0,1,0,0,0
0,0,0,0,0,100,0,0,0,0,0,0,0,0,0,0,100,0,0,0,0,0,0,0,0,0,0,100,0,0,0,0,0,0,0,0.081967,0.16393,0.7541,0,0,1,0,0,0,0,1,0,0,0
0,0,0,0,0,100,0,0,0,0,0,0,0,0,0,0,100,0,0,0,0,0,0,0,0,0,0,100,0,0,0,0,0,0,0,0,0.18644,0.81356,0,0,1,0,0,0,0,1,0,0,0
0,0,0,0,0,100,0,0,0,0,0,0,0,0,0,0,100,0,0,0,0,0,0,0,0,0,0,100,0,0,0,0,0,0,0,0.028169,0.21127,0.76056,0,0,1,0,0,0,0,1,0,0,0
0,0,0,0,0,100,0,0,0,0,0,0,0,0,0,0,100,0,0,0,0,0,0,0,0,0,0,100,0,0,0,0,0,0,0,0.018182,0.2,0.78182,0,0,1,0,0,0,0,1,0,0,0
0,0,0,0,0,100,0,0,0,0,0,0,0,0,0,0,100,0,0,0,0,0,0,0,0,0,0,100,0,0,0,0,0,0,0,0.18182,0.29545,0.52273,0,0,1,0,0,0,0,1,0,0,0
0,0,0,0,0,100,0,0,0,0,0,0,0,0,0,0,100,0,0,0,0,0,0,0,0,0,0,100,0,0,0,0,0,0,0,0,0.20408,0.79592,0,0,1,0,0,0,0,1,0,0,0
0,0,0,0,0,100,0,0,0,0,0,0,0,0,0,0,100,0,0,0,0,0,0,0,0,0,0,100,0,0,0,0,0,0,0,0,0,1,0,0,1,0,0,0,0,1,0,0,0
0,0,5.964,0,0,89.652,0,0,4.3845,0,0,2.035,1.1394,1.2284,1.1394,0,90.055,2.3678,0,0,0,2.035,0,2.3678,3.5962,0,0,89.652,0,0,0.80668,2.3678,1.21,0,0,0,0.14706,0.85294,0,0,1,0,0,0,0,1,0,0,0
0,0,1.1097,0,0,98.52,0,0,0.36989,0,0,0.36989,0,0.36989,0,0,98.52,0.36989,0,0,0,0.36989,0,0.36989,0.73977,0,0,98.52,0,0,0,0.36989,0,0,0,0,0.22222,0.77778,0,0,1,0,0,0,0,1,0,0,0
0,0,6.1121,0,0,88.681,0,0,5.2072,0,0,2.5305,1.3777,1.1189,1.3777,0,89.039,2.1387,0,0.35785,0,2.06,0,2.4966,3.6155,0,0,88.681,0,0,0.9411,2.8544,1.4116,0,0,0.012658,0.29114,0.6962,0,0,1,0,0,0,0,1,0,0,0
0,0,0.77518,0,0,98.837,0,0,0.38759,0,0,0,0.38759,0,0.38759,0,98.837,0.38759,0,0,0,0,0,0.38759,0.38759,0,0,98.837,0,0,0,0.38759,0,0,0,0,0.19403,0.80597,0,0,1,0,0,0,0,1,0,0,0
0,0,0,0,0,100,0,0,0,0,0,0,0,0,0,0,100,0,0,0,0,0,0,0,0,0,0,100,0,0,0,0,0,0,0,0,0.065574,0.93443,0,0,1,0,0,0,0,1,0,0,0
0,0,0,0,0,100,0,0,0,0,0,0,0,0,0,0,100,0,0,0,0,0,0,0,0,0,0,100,0,0,0,0,0,0,0,0,0.24615,0.75385,0,0,1,0,0,0,0,1,0,0,0
0,0,0,0,0,100,0,0,0,0,0,0,0,0,0,0,100,0,0,0,0,0,0,0,0,0,0,100,0,0,0,0,0,0,0,0.012658,0.20253,0.78481,0,0,1,0,0,0,0,1,0,0,0
0,0,0,0,0,100,0,0,0,0,0,0,0,0,0,0,100,0,0,0,0,0,0,0,0,0,0,100,0,0,0,0,0,0,0,0,0.22059,0.77941,0,0,1,0,0,0,0,1,0,0,0
0,0,6.1167,0,0,88.737,0,0,5.1467,0,0,2.4404,0.66133,1.2541,0.66133,0.51579,89.991,0.66133,0,1.2541,0.39542,2.1654,0.51579,1.9155,3.6854,0,0,88.737,0,0.39542,0,3.9605,0.79084,0,0,0,0.32468,0.67532,0,0,1,0,0,0,0,1,0,0,0
0,0,1.0451,0,0,98.258,0,0,0.6967,0,0,0.34835,0,0.34835,0,0,98.607,0,0,0.34835,0,0.34835,0,0.34835,0.6967,0,0,98.258,0,0,0,0.6967,0,0,0,0,0.20896,0.79104,0,0,1,0,0,0,0,1,0,0,0
0,0,6.0142,0,0,90.641,0,0,3.3452,0,0,1.2472,0.46503,0.47555,0,1.5962,91.581,0,0,0.94058,0.38581,3.3084,1.5962,0.94058,3.4774,0,0,90.641,0,0,0.77162,1.4161,1.1574,0,0,0.046875,0.28125,0.67188,0,0,1,0,0,0,0,1,0,0,0
0,0,0.90419,0,0,99.096,0,0,0,0,0,0,0,0,0,0.4521,99.096,0,0,0,0,0.4521,0.4521,0,0.4521,0,0,99.096,0,0,0,0,0,0,0,0,0.15789,0.84211,0,0,1,0,0,0,0,1,0,0,0
0,0,0,0,0,100,0,0,0,0,0,0,0,0,0,0,100,0,0,0,0,0,0,0,0,0,0,100,0,0,0,0,0,0,0,0.030769,0.15385,0.81538,0,0,1,0,0,0,0,1,0,0,0
0,0,0,0,0,100,0,0,0,0,0,0,0,0,0,0,100,0,0,0,0,0,0,0,0,0,0,100,0,0,0,0,0,0,0,0,0.18644,0.81356,0,0,1,0,0,0,0,1,0,0,0
0,0,0,0,0,100,0,0,0,0,0,0,0,0,0,0,100,0,0,0,0,0,0,0,0,0,0,100,0,0,0,0,0,0,0,0.072727,0.16364,0.76364,0,0,1,0,0,0,0,1,0,0,0
0,0,0,0,0,100,0,0,0,0,0,0,0,0,0,0,100,0,0,0,0,0,0,0,0,0,0,100,0,0,0,0,0,0,0,0,0.22807,0.77193,0,0,1,0,0,0,0,1,0,0,0
0,0,0,0,0,100,0,0,0,0,0,0,0,0,0,0,100,0,0,0,0,0,0,0,0,0,0,100,0,0,0,0,0,0,0,0,0,1,0,0,1,0,0,0,0,1,0,0,0
0,0,0,0,0,100,0,0,0,0,0,0,0,0,0,0,100,0,0,0,0,0,0,0,0,0,0,100,0,0,0,0,0,0,0,0.1,0.16,0.74,0,0,1,0,0,0,0,1,0,0,0
0,0,0,0,0,100,0,0,0,0,0,0,0,0,0,0,100,0,0,0,0,0,0,0,0,0,0,100,0,0,0,0,0,0,0,0.047619,0.33333,0.61905,0,0,1,0,0,0,0,1,0,0,0
0,0,0,0,0,100,0,0,0,0,0,0,0,0,0,0,100,0,0,0,0,0,0,0,0,0,0,100,0,0,0,0,0,0,0,0,0.34545,0.65455,0,0,1,0,0,0,0,1,0,0,0
0,0,0,0,0,100,0,0,0,0,0,0,0,0,0,0,100,0,0,0,0,0,0,0,0,0,0,100,0,0,0,0,0,0,0,0,0.21875,0.78125,0,0,1,0,0,0,0,1,0,0,0
0,0,0,0,0,100,0,0,0,0,0,0,0,0,0,0,100,0,0,0,0,0,0,0,0,0,0,100,0,0,0,0,0,0,0,0.020833,0.22917,0.75,0,0,1,0,0,0,0,1,0,0,0
0,0,0,0,0,100,0,0,0,0,0,0,0,0,0,0,100,0,0,0,0,0,0,0,0,0,0,100,0,0,0,0,0,0,0,0.020833,0.20833,0.77083,0,0,1,0,0,0,0,1,0,0,0
0,0,0,0,0,100,0,0,0,0,0,0,0,0,0,0,100,0,0,0,0,0,0,0,0,0,0,100,0,0,0,0,0,0,0,0.032258,0.41935,0.54839,0,0,1,0,0,0,0,1,0,0,0
0,0,7.3671,0,0,89.256,0,0,3.3768,0,0,0.47905,2.0889,0.47905,0,0.5502,90.717,0.62834,0,1.4606,0.62834,2.9689,0.5502,2.0889,4.728,0,0,89.256,0,0,0.9581,1.4606,0.9581,0,0,0,0.26582,0.73418,0,0,1,0,0,0,0,1,0,0,0
0,0,1.1598,0,0,98.454,0,0,0.3866,0,0,0,0.3866,0,0,0,98.84,0,0,0.3866,0,0.3866,0,0.3866,0.7732,0,0,98.454,0,0,0,0.3866,0,0,0,0,0.090909,0.90909,0,0,1,0,0,0,0,1,0,0,0
0,0,7.1374,0,0,91.743,0,0,1.1195,0,0,0,1.9059,0.70977,0,0,92.153,2.2059,0,0.40976,2.2059,0.40976,0,2.6157,4.5216,0,0,91.743,0,0,0.70977,0.40976,0,0,0,0,0.19481,0.80519,0,0,1,0,0,0,0,1,0,0,0
0,0,1.2232,0,0,98.777,0,0,0,0,0,0,0.40773,0,0,0,98.777,0.40773,0,0,0.40773,0,0,0.40773,0.81546,0,0,98.777,0,0,0,0,0,0,0,0,0.18333,0.81667,0,0,1,0,0,0,0,1,0,0,0
0,0,0,0,0,100,0,0,0,0,0,0,0,0,0,0,100,0,0,0,0,0,0,0,0,0,0,100,0,0,0,0,0,0,0,0.020408,0.10204,0.87755,0,0,1,0,0,0,0,1,0,0,0
0,0,0,0,0,100,0,0,0,0,0,0,0,0,0,0,100,0,0,0,0,0,0,0,0,0,0,100,0,0,0,0,0,0,0,0,0.17647,0.82353,0,0,1,0,0,0,0,1,0,0,0
0,0,0,0,0,100,0,0,0,0,0,0,0,0,0,0,100,0,0,0,0,0,0,0,0,0,0,100,0,0,0,0,0,0,0,0,0.25806,0.74194,0,0,1,0,0,0,0,1,0,0,0
0,0,0,0,0,100,0,0,0,0,0,0,0,0,0,0,100,0,0,0,0,0,0,0,0,0,0,100,0,0,0,0,0,0,0,0.027027,0.59459,0.37838,0,0,1,0,0,0,0,1,0,0,0
1.3217,1.5842,19.147,1.086,4.0996,24.854,5.5073,2.4349,33.482,1.9787,4.5038,9.221,7.3136,9.8966,3.1744,10.223,21.594,7.5762,5.3905,7.116,7.5791,10.916,10.104,13.883,9.5907,2.5515,4.2426,20.31,1.5656,2.2174,5.57,11.551,18.415,0,0,0,0,1,1,0,0,0,0,0,0,0,0,1,1
0.46474,1.0986,29.125,0.82585,6.0805,21.405,5.4998,1.7406,29.929,2.9158,0.91584,7.0227,5.0137,14.229,3.5841,10.561,18.578,10.07,6.4554,7.2634,7.2376,9.9839,17.839,22.46,7.1084,3.9781,6.1293,14.661,0.26167,1.8629,4.4794,6.3653,14.854,0,0,0,0,1,1,0,0,0,0,0,0,0,0,1,1
0,0,5.5275,0,0,90.763,0,0,3.7097,0,0,0.43355,0.86933,1.2348,0,0,90.763,3.4279,0.58711,0,1.6638,1.0207,0,2.9943,2.0927,0,0,90.763,0,0,1.6684,1.0207,1.461,0,0,0,0.22857,0.77143,0,0,1,0,0,0,0,1,0,0,0
0,0,1.3127,0,0,98.299,0,0,0.38877,0,0,0,0,0.38877,0,0,98.299,0.92391,0,0,0.38877,0,0,0.92391,0.38877,0,0,98.299,0,0,0.38877,0,0,0,0,0,0.1791,0.8209,0,0,1,0,0,0,0,1,0,0,0
0,0,4.7721,0,0,94.871,0,0,0.35729,0,0,0,1.7788,0.35729,0,0,94.871,1.9185,0,0,0.35729,0.71756,0,1.9185,0.35729,0,0,94.871,0,0,0.35729,0,2.4964,0,0,0.015625,0.26562,0.71875,0,0,1,0,0,0,0,1,0,0,0
0,0,0.98716,0,0,99.013,0,0,0,0,0,0,0.56414,0,0,0,99.013,0,0,0,0,0.42301,0,0,0,0,0,99.013,0,0,0,0,0.98716,0,0,0,0.3,0.7,0,0,1,0,0,0,0,1,0,0,0
0,0,0,0,0,100,0,0,0,0,0,0,0,0,0,0,100,0,0,0,0,0,0,0,0,0,0,100,0,0,0,0,0,0,0,0,0.10204,0.89796,0,0,1,0,0,0,0,1,0,0,0
0,0,0,0,0,100,0,0,0,0,0,0,0,0,0,0,100,0,0,0,0,0,0,0,0,0,0,100,0,0,0,0,0,0,0,0,0.30508,0.69492,0,0,1,0,0,0,0,1,0,0,0
0,0,0,0,0,100,0,0,0,0,0,0,0,0,0,0,100,0,0,0,0,0,0,0,0,0,0,100,0,0,0,0,0,0,0,0,0.21818,0.78182,0,0,1,0,0,0,0,1,0,0,0
0,0,0,0,0,100,0,0,0,0,0,0,0,0,0,0,100,0,0,0,0,0,0,0,0,0,0,100,0,0,0,0,0,0,0,0,0.12281,0.87719,0,0,1,0,0,0,0,1,0,0,0
0,0,0,0,0,100,0,0,0,0,0,0,0,0,0,0,100,0,0,0,0,0,0,0,0,0,0,100,0,0,0,0,0,0,0,0.02,0.28,0.7,0,0,1,0,0,0,0,1,0,0,0
0,0,0,0,0,100,0,0,0,0,0,0,0,0,0,0,100,0,0,0,0,0,0,0,0,0,0,100,0,0,0,0,0,0,0,0,0.095238,0.90476,0,0,1,0,0,0,0,1,0,0,0
0,0,0,0,0,100,0,0,0,0,0,0,0,0,0,0,100,0,0,0,0,0,0,0,0,0,0,100,0,0,0,0,0,0,0,0,0.27027,0.72973,0,0,1,0,0,0,0,1,0,0,0
0,0,0,0,0,100,0,0,0,0,0,0,0,0,0,0,100,0,0,0,0,0,0,0,0,0,0,100,0,0,0,0,0,0,0,0.0625,0.46875,0.46875,0,0,1,0,0,0,0,1,0,0,0
0,0,0,0,0,100,0,0,0,0,0,0,0,0,0,0,100,0,0,0,0,0,0,0,0,0,0,100,0,0,0,0,0,0,0,0,0.057692,0.94231,0,0,1,0,0,0,0,1,0,0,0
0,0,0,0,0,100,0,0,0,0,0,0,0,0,0,0,100,0,0,0,0,0,0,0,0,0,0,100,0,0,0,0,0,0,0,0.020408,0.28571,0.69388,0,0,1,0,0,0,0,1,0,0,0
0,0,0,0,0,100,0,0,0,0,0,0,0,0,0,0,100,0,0,0,0,0,0,0,0,0,0,100,0,0,0,0,0,0,0,0.060606,0.39394,0.54545,0,0,1,0,0,0,0,1,0,0,0
0,0,0,0,0,100,0,0,0,0,0,0,0,0,0,0,100,0,0,0,0,0,0,0,0,0,0,100,0,0,0,0,0,0,0,0,0.41463,0.58537,0,0,1,0,0,0,0,1,0,0,0
0,0,0,0,0,100,0,0,0,0,0,0,0,0,0,0,100,0,0,0,0,0,0,0,0,0,0,100,0,0,0,0,0,0,0,1,0,0,0,0,1,0,0,0,0,1,0,0,0
0,0,0,0,0,99.654,0,0.34559,0,0,0,0,0,0,0,0,99.654,0,0,0.34559,0,0,0,0.34559,0,0,0,99.654,0,0,0,0,0,0,0,1,0,0,0,0,1,0,0,0,0,1,0,0,0
0,0,0,0,0,100,0,0,0,0,0,0,0,0,0,0,100,0,0,0,0,0,0,0,0,0,0,100,0,0,0,0,0,0,0,1,0,0,0,0,1,0,0,0,0,1,0,0,0
0,0,0,0,0,100,0,0,0,0,0,0,0,0,0,0,100,0,0,0,0,0,0,0,0,0,0,100,0,0,0,0,0,0,0,1,0,0,0,0,1,0,0,0,0,1,0,0,0
0,0,0,0,0,100,0,0,0,0,0,0,0,0,0,0,100,0,0,0,0,0,0,0,0,0,0,100,0,0,0,0,0,0,0,1,0,0,0,0,1,0,0,0,0,1,0,0,0
0,0,0,0,0,100,0,0,0,0,0,0,0,0,0,0,100,0,0,0,0,0,0,0,0,0,0,100,0,0,0,0,0,0,0,1,0,0,0,0,1,0,0,0,0,1,0,0,0
0,0,0,0,0,100,0,0,0,0,0,0,0,0,0,0,100,0,0,0,0,0,0,0,0,0,0,100,0,0,0,0,0,0,0,1,0,0,0,0,1,0,0,0,0,1,0,0,0
0,0,0,0,0,99.171,0,0.82874,0,0,0,0,0,0,0,0,99.171,0,0,0.82874,0,0,0,0.82874,0,0,0,99.171,0,0,0,0,0,0,0,1,0,0,0,0,1,0,0,0,0,1,0,0,0
0,0,0,0,0.68312,93.82,1.9321,2.3155,1.249,0,0,0,0,0,1.249,0,92.865,0.68312,0,1.3605,0.95504,2.8872,0,4.2477,0.95504,0.97711,0,92.865,0,0,0.95504,0,0,0,0,1,0,0,0,0,1,0,0,0,0,1,0,0,0
0,0,0,0,0,100,0,0,0,0,0,0,0,0,0,0,100,0,0,0,0,0,0,0,0,0,0,100,0,0,0,0,0,0,0,1,0,0,0,0,1,0,0,0,0,1,0,0,0
0,0,0,0,0,99.751,0,0.24897,0,0,0,0,0,0,0,0,99.751,0,0,0.24897,0,0,0,0.24897,0,0,0,99.751,0,0,0,0,0,0,0,1,0,0,0,0,1,0,0,0,0,1,0,0,0
0,0,1.308,4.271,1.108,83.251,5.4415,3.4956,1.1248,0,0,1.0128,0.33759,1.308,2,1.0751,84.44,2.3831,0.33759,2.5189,1.6624,2.9248,2.1736,7.1539,2.2328,0.33759,0,80.081,0.53756,0.53756,4.0879,0.67518,2.1831,0.026316,0.052632,0.92105,0,0,0,0,1,0,0,0,0,1,0,0,0
0,0,0,0,0.76277,96.569,2.6679,0,0,0,0,0,0,0,0,0,98.474,0.76277,0,0,0,0.76277,0,2.6679,0,0.76277,0,96.569,0,0,0,0,0,0,0,1,0,0,0,0,1,0,0,0,0,1,0,0,0
0,0,0,0,0,100,0,0,0,0,0,0,0,0,0,0,100,0,0,0,0,0,0,0,0,0,0,100,0,0,0,0,0,0,0,1,0,0,0,0,1,0,0,0,0,1,0,0,0
0,0,0,0,0,100,0,0,0,0,0,0,0,0,0,0,100,0,0,0,0,0,0,0,0,0,0,100,0,0,0,0,0,0,0,1,0,0,0,0,1,0,0,0,0,1,0,0,0
0,0,0,0,0,100,0,0,0,0,0,0,0,0,0,0,100,0,0,0,0,0,0,0,0,0,0,100,0,0,0,0,0,0,0,1,0,0,0,0,1,0,0,0,0,1,0,0,0
0,0,0,0,0,97.343,0,0,1.6925,0.96456,0,0.72791,0,0,0.96456,0.96456,97.343,0,0,0,0,0,0,0,0,0,0,97.343,0,0,1.6925,0,0.96456,0,0,1,0,0,0,0,1,0,0,0,0,1,0,0,0
0,0,0,0,0,97.344,0,0,2.6561,0,0,2.6561,0,0,0,0,97.344,0,0,0,0,0,0,0,0,0,0,97.344,0,0,2.6561,0,0,0,0,1,0,0,0,0,1,0,0,0,0,1,0,0,0
0,0,1.6336,0,0,87.965,0,0,5.7749,2.1343,2.4921,5.7034,1.2321,0.83071,1.7329,1.7329,88.367,0,0.40142,0,0,0,0.40142,0.83071,1.2321,0,0.83071,87.965,0.83071,0,5.7749,0.40142,1.7329,0,0,1,0,0,0,0,1,0,0,0,0,1,0,0,0
0,0,0.73329,0,0,92.06,0,0,4.3629,2.8435,0,0.73329,1.5195,0,1.324,1.324,92.427,1.1528,0.36664,0,0,1.1528,0.36664,0,0.36664,0,0,92.06,0,0,3.2101,1.5195,2.4768,0,0,1,0,0,0,0,1,0,0,0,0,1,0,0,0
0,0,2.8644,0.68867,0,89.043,0,0,4.7063,2.0088,0.68867,0.79842,2.0088,0,0,0.68867,90.131,1.6096,0.39921,1.3773,0.68867,2.2983,2.4652,0,0.39921,0.68867,0,89.043,0,0.68867,2.408,2.6975,1.6096,0,0,1,0,0,0,0,1,0,0,0,0,1,0,0,0
0.76472,0,6.6279,1.648,8.1839,49.164,4.217,0,10.391,8.7165,10.287,6.6871,4.5903,6.5478,4.5607,4.0622,47.839,3.9656,2.4742,6.8093,6.5468,5.917,3.4526,1.9006,3.5826,4.0115,6.5583,40.775,7.2134,8.8871,10.184,10.021,3.4141,0,0,1,0,0,0,0,1,0,0,0,0,1,0,0,0
2.2652,0,8.7611,0.51176,5.2215,55.184,4.5415,0,11.913,7.3707,4.2314,7.1806,4.3407,2.46,3.1543,5.4136,50.728,3.5351,2.4106,4.2314,5.4041,11.141,3.8975,0.6148,6.6331,3.4309,9.136,40.107,9.8276,8.6661,7.4205,7.3124,2.9537,0,0,0.98765,0.012346,0,0,0,1,0,0,0,0,0.98765,0.012346,0,0
0,0,0,0,0,99.582,0.41831,0,0,0,0,0,0,0,0,0,100,0,0,0,0,0,0,0.41831,0,0,0,99.582,0,0,0,0,0,0,0,1,0,0,0,0,1,0,0,0,0,1,0,0,0
0.34843,0.21012,0.74819,0,0,96.449,0,0,1.2863,0.53808,0.42024,0.55854,0.18965,0.55854,0.58942,2.0722,94.704,0.55854,0,0,0.76866,0,0,0.39977,0.34843,0,0.55854,93.378,3.2812,0.21012,0,1.2863,0.53808,0,0,1,0,0,0,0,1,0,0,0,0,1,0,0,0
0,0,0,0,0,100,0,0,0,0,0,0,0,0,0,0,100,0,0,0,0,0,0,0,0,0,0,100,0,0,0,0,0,0,0,1,0,0,0,0,1,0,0,0,0,1,0,0,0
0,0,0,0,0,100,0,0,0,0,0,0,0,0,0,1.0312,98.969,0,0,0,0,0,0,0,0,0,0,98.969,1.0312,0,0,0,0,0,0,1,0,0,0,0,1,0,0,0,0,1,0,0,0
1.7889,0.88335,4.7684,1.9565,3.6743,65.363,2.0291,1.8702,9.4926,3.5446,4.6286,6.629,3.3551,4.5693,3.7653,5.8937,57.314,5.7303,1.9341,2.0565,5.0315,3.7215,5.3222,5.6376,3.9685,1.9738,3.6059,54.52,10.094,3.4832,2.6603,5.0808,3.6547,0,0,1,0,0,0,0,1,0,0,0,0,1,0,0,0
2.8151,1.3755,17.493,0.97865,7.5062,25.994,7.6452,4.5398,20.984,5.047,5.6221,11.143,5.884,11.755,4.8629,8.332,21.541,9.2471,4.747,4.2001,9.2044,9.0832,11.714,15.964,11.791,2.7648,6.5161,16.503,5.5206,5.0944,6.0063,7.7546,10.371,0,0,0,0,1,1,0,0,0,0,0,0,0,0,1,1
0.34693,0.31654,1.3388,0.31654,0,92.622,0,0,2.8824,1.0222,1.1544,1.2965,2.6676,0.34693,1.3506,2.7153,90.929,0.34693,0,0,0.34693,0,0.94961,0.67531,0.66347,0,0.34693,90.254,2.3684,0.83786,0.83786,2.0445,1.0222,0,0,1,0,0,0,0,1,0,0,0,0,1,0,0,0
1.4268,1.123,2.8082,1.123,1.5807,80.881,0.55095,0.55095,5.6162,2.259,2.0805,5.2517,3.6428,1.6013,1.8435,3.052,79.826,1.0503,0.23938,0.31156,2.08,1.1019,3.9922,2.2155,2.9335,0.55095,1.7383,77.849,2.9592,0.71815,1.3413,3.226,2.4755,0,0,1,0,0,0,0,1,0,0,0,0,1,0,0,0
0,0,0,0,0,100,0,0,0,0,0,0,0,0,0,0,100,0,0,0,0,0,0,0,0,0,0,100,0,0,0,0,0,0,0,1,0,0,0,0,1,0,0,0,0,1,0,0,0
0,0,0,0,0,100,0,0,0,0,0,0,0,0,0,0,100,0,0,0,0,0,0,0,0,0,0,100,0,0,0,0,0,0,0,1,0,0,0,0,1,0,0,0,0,1,0,0,0
0.68813,0,4.733,0.83395,0,87.822,0,0,2.4127,2.6765,0.83395,0,0.44529,0,0,0.83395,88.656,0.44529,0,1.6679,0.83395,7.1179,2.5018,0,2.9193,0.83395,0.68813,87.822,0,3.0651,0.44529,1.2792,0.44529,0,0,1,0,0,0,0,1,0,0,0,0,1,0,0,0
0,0,0.83675,0,0,98.326,0,0,0,0.83675,0,0,0,0,0,0,98.326,0,0,0,0,1.6735,0,0,0.83675,0,0,98.326,0,0.83675,0,0,0,0,0,1,0,0,0,0,1,0,0,0,0,1,0,0,0
0,0,0,0,0,99.335,0,0,0.33249,0,0.33249,0,0.66498,0,0,0,99.335,0,0,0,0,0,0,0,0,0,0,99.335,0,0.33249,0.33249,0,0,0,0,1,0,0,0,0,1,0,0,0,0,1,0,0,0
0.38588,0.27196,0.50299,0.27196,0,95.074,0,0,2.0859,0.23103,1.1768,1.2017,2.6985,0,0.46206,0.50299,94.802,0,0.33312,0,0,0,0.81587,0.23103,0.65784,0,0.38588,94.571,0.50299,0.90481,0.90481,0.46206,0.56415,0,0,1,0,0,0,0,1,0,0,0,0,1,0,0,0
0,0,0,0,0,100,0,0,0,0,0,0,0,0,0,0,100,0,0,0,0,0,0,0,0,0,0,100,0,0,0,0,0,0,0,1,0,0,0,0,1,0,0,0,0,1,0,0,0
0,0,0,0,0,99.698,0,0,0.30166,0,0,0,0,0,0,0,99.698,0,0.30166,0,0,0,0,0,0,0,0,99.698,0,0,0,0,0.30166,0,0,1,0,0,0,0,1,0,0,0,0,1,0,0,0
0.5761,0,5.5183,1.5645,8.6805,48.59,5.8519,0,14.134,9.5696,5.5142,7.9975,4.502,5.9204,4.9991,3.4033,49.233,3.1446,5.1059,5.5142,5.5142,4.6658,2.559,0.58218,2.9592,4.6936,5.4396,41.379,5.0706,7.686,14.438,11.987,3.2056,0,0,0.98333,0,0.016667,0,0,1,0,0,0,0,0.98333,0,0.016667,0
1.2277,0,10.008,0.37253,11.631,40.312,3.5895,0,7.5626,11.934,13.363,9.3932,5.2334,7.5393,4.6119,5.6247,35.155,5.6572,2.4405,9.83,10.113,4.4019,6.5752,2.9214,4.0884,1.7699,8.0019,24.851,13.482,12.84,13.172,10.542,1.7565,0,0,0,0.62791,0.37209,0,0,1,0,0,0,0,0,0.62791,0.37209,1
0.37227,0,15.984,2.2789,10.812,39.424,5.4561,0,9.9214,7.8431,7.9089,6.41,3.58,5.9223,3.3104,7.2808,38.025,5.6207,3.9945,7.7004,8.6349,9.5207,9.1902,1.5516,9.2334,7.5528,7.1978,24.957,8.7182,10.161,9.1214,10.887,1.4295,0,0,0,1,0,0,0,1,0,0,0,0,0,1,0,1
4.197,0,5.5884,0.99964,0.86315,78.514,0.55576,0,7.1713,0.55576,1.5554,1.9747,0.55576,0,0.55576,2.4185,77.539,0.86315,0,2.555,2.4185,11.12,3.8621,0,6.2307,1.8628,6.1717,73.701,2.5304,2.9743,0.55576,1.5554,0.55576,0,0,1,0,0,0,0,1,0,0,0,0,1,0,0,0
1.0282,0,1.1945,0,0,95.555,0,0,1.0282,1.1945,0,0,0,0,0,0,95.555,0,0,0,0,4.4454,0,0,2.2227,0,1.0282,95.555,0,1.1945,0,0,0,0,0,1,0,0,0,0,1,0,0,0,0,1,0,0,0
2.5189,0,1.1024,0,0,92.757,0,0,2.5189,1.1024,0,0,0,0,0,0,92.757,0,0,0,0,7.2426,0,0,3.6213,0,2.5189,92.757,0,1.1024,0,0,0,0,0,0.96154,0.038462,0,0,0,1,0,0,0,0,0.96154,0.038462,0,0
0.42518,0,0,0,0,99.15,0,0,0.42518,0,0,0,0,0,0,0,99.15,0,0,0,0,0.85037,0,0,0.42518,0,0.42518,99.15,0,0,0,0,0,0,0,1,0,0,0,0,1,0,0,0,0,1,0,0,0
0,0,0,0,0,100,0,0,0,0,0,0,0,0,0,0,100,0,0,0,0,0,0,0,0,0,0,100,0,0,0,0,0,0,0,1,0,0,0,0,1,0,0,0,0,1,0,0,0
0,0,0,0,0,100,0,0,0,0,0,0,0,0,0,0,100,0,0,0,0,0,0,0,0,0,0,100,0,0,0,0,0,0,0,1,0,0,0,0,1,0,0,0,0,1,0,0,0
0,0,0,0,0,100,0,0,0,0,0,0,0,0,0,0,100,0,0,0,0,0,0,0,0,0,0,100,0,0,0,0,0,0,0,1,0,0,0,0,1,0,0,0,0,1,0,0,0
0,0,0,0,0,100,0,0,0,0,0,0,0,0,0,0,100,0,0,0,0,0,0,0,0,0,0,100,0,0,0,0,0,0,0,1,0,0,0,0,1,0,0,0,0,1,0,0,0
0,0,0,0,0,100,0,0,0,0,0,0,0,0,0,0,100,0,0,0,0,0,0,0,0,0,0,100,0,0,0,0,0,0,0,1,0,0,0,0,1,0,0,0,0,0.98148,0.018519,0,0
0,0,0,0,0,100,0,0,0,0,0,0,0,0,0,0,100,0,0,0,0,0,0,0,0,0,0,100,0,0,0,0,0,0,0,1,0,0,0,0,1,0,0,0,0,1,0,0,0
0,0,0,0,0,99.022,0,0,0.97847,0,0,0.24356,0,0,0,0,99.022,0.24356,0,0.2478,0,0.24356,0,0,0,0,0,99.022,0,0,0,0.24356,0.73491,0,0,1,0,0,0,0,1,0,0,0,0,1,0,0,0
0,0,0,0,0,100,0,0,0,0,0,0,0,0,0,0,100,0,0,0,0,0,0,0,0,0,0,100,0,0,0,0,0,0,0,1,0,0,0,0,1,0,0,0,0,1,0,0,0
0,0,0,0,0,98.049,0,0,1.9515,0,0,0.39661,0,0,0,0,98.445,0,0,0.76162,0,0.39661,0,0,0,0,0,98.049,0,0,0,0,1.9515,0,0,1,0,0,0,0,1,0,0,0,0,1,0,0,0
0.88457,0.46954,18.381,1.8316,4.0257,28.665,3.5843,1.7495,31.887,6.2261,2.296,8.1834,6.9184,15.472,3.4144,11.706,24.308,6.9102,5.2245,4.911,6.6862,6.266,10.073,15.638,5.5124,2.9906,2.9939,23.43,1.7783,2.5926,5.3137,9.719,19.959,0,0,0,0,1,1,0,0,0,0,0,0,0,0,1,1
1.2806,0,15.519,2.2369,6.753,38.968,10.969,0,14.417,4.6118,5.2446,8.4423,4.0277,4.184,3.9869,14.518,36.974,3.0931,3.9756,4.1565,5.8116,10.83,8.4933,0.52415,9.1655,12.312,14.441,11.428,16.32,8.0459,6.8348,9.4004,3.0333,0,0,0,0.88136,0.11864,0,0,1,0,0,0,0,0,0.88136,0.11864,1
1.0952,0,23.47,1.4168,9.3127,38.098,8.1557,0,11.099,1.0952,6.2567,11.503,6.4978,0.82895,1.9241,10.996,24.267,8.4837,6.2315,6.8446,10.167,12.256,14.821,4.5736,12.559,6.9848,13.427,12.011,16.343,6.6883,1.9241,8.7436,1.9241,0,0,0,0.34146,0.65854,0,0,1,0,0,0,0,0,0.34146,0.65854,1
2.4799,1.4015,10.443,3.89,5.4404,39.292,3.9649,2.9731,23.6,2.4274,4.0872,13.647,4.6911,9.053,3.2819,8.68,31.474,7.4485,3.8348,4.8516,6.1109,6.9272,11.594,11.047,8.33,4.1391,6.3505,27.358,7.8885,3.5857,4.7205,6.7803,8.2066,0,0,0.1,0.2,0.7,0.73333,0.16667,0.1,0,0,0,0,0.1,0.23333,0.66667,1
0.49053,0.90515,3.3121,0.90515,1.6868,77.665,0.59815,0.59815,9.8439,1.4691,2.5262,3.7741,4.4889,1.4416,0.7309,1.5009,77.951,0.84342,0.94956,0.35289,2.4182,5.5482,3.4212,3.2504,1.8562,0.59815,0.84342,75.919,1.6385,1.3758,2.5677,2.1681,6.3621,0,0,1,0,0,0,0,1,0,0,0,0,1,0,0,0
0.52203,0,6.4582,0,0,74.525,0,0,18.495,0,0,6.9964,4.8288,0,0,1.265,75.506,0,1.6687,0,1.5266,8.2088,0,4.5356,2.4447,0,0.52203,74.525,0,0.28722,5.1075,1.0539,11.524,0,0,1,0,0,0,0,1,0,0,0,0,1,0,0,0
0,0,7.8525,0,0,92.147,0,0,0,0,0,0,4.4908,0.80032,0,0.40016,92.548,0.9608,0,0.40016,0,0.40016,1.6006,2.5767,0,0,0,92.147,0,0,0,0,3.6752,0,0,0.017857,0.39286,0.58929,0,0,1,0,0,0,0,1,0,0,0
0,0,12.885,0,0,71.837,0,0,15.278,0,0,5.135,7.2617,0,0,1.0218,75.417,0,1.5385,0,2.5138,7.1125,0,10.317,2.5677,0,0,71.837,0,0.36596,4.3566,3.0305,7.525,0,0,0.019608,0.17647,0.80392,0,0,1,0,0,0,0,1,0,0,0
0,0,8.5008,0,0,84.184,0,0,7.315,0,0,2.2181,5.321,0,0,0.40451,86.664,0,0.40371,0,0.89382,4.0944,0,4.6723,1.9909,0,0,84.184,0,0,2.3038,0.89302,5.9558,0,0,0,0.23188,0.76812,0,0,1,0,0,0,0,1,0,0,0
0.76385,0,7.2721,0,0,79.563,0,0,12.401,0,0,4.5294,4.0729,0,0,1.1153,80.872,0,0.34377,0,2.424,6.6425,0,5.733,2.3029,0,0.76385,79.563,0,0,4.3068,1.6525,5.6776,0,0,1,0,0,0,0,1,0,0,0,0,1,0,0,0
0,0,8.6376,0,0,71.281,0,0,20.081,0,0,7.1341,4.325,0,0.60107,0.36806,74.042,0,2.4243,0,2.7054,8.4003,0,7.1812,1.4564,0,0,71.281,0,0.6687,5.4995,3.8565,10.056,0,0,1,0,0,0,0,1,0,0,0,0,1,0,0,0
0,0,5.611,0,0,79.953,0,0,14.436,0,0,5.2236,1.6576,0.31913,1.2702,1.0071,80.922,0,2.3995,0,1.9767,5.2236,0,3.9534,1.6576,0,0,79.953,0,0.63827,3.3151,2.8781,7.6046,0,0,1,0,0,0,0,1,0,0,0,0,1,0,0,0
0,0,7.0532,0,0,69.207,0,0,23.74,0,0,9.4396,1.8356,0.84042,1.7611,2.0109,69.941,0,2.1628,0,2.7445,9.2644,0,5.7593,1.2939,0,0,69.207,0,1.926,5.3059,4.395,12.113,0,0,1,0,0,0,0,1,0,0,0,0,1,0,0,0
0,0,12.142,0,0,68.337,0,0,19.521,0,0,7.9555,6.669,0,0.30742,1.7406,71.045,0,0.32274,0,3.3601,8.5993,0,9.7709,2.3715,0,0,68.337,0,1.1662,6.3744,1.7737,10.207,0,0,0,0,1,0,0,1,0,0,0,0,1,0,0,0
0,0,8.4018,0,0,79.151,0,0,12.447,0,0,5.4599,3.9286,0,0.25375,0.35258,82.356,0,0.90926,0,1.8238,4.9161,0,6.0652,2.3366,0,0,79.151,0,0.53173,3.8089,1.9891,6.1172,0,0,0,0.12727,0.87273,0,0,1,0,0,0,0,1,0,0,0
0,0,11.382,0,0,65.506,0,0,23.112,0,0,8.9593,3.5347,0.67368,1.47,1.7623,68.205,0,1.8579,0,4.0754,9.4618,0,9.0519,2.3298,0,0,65.506,0,0.52954,7.173,5.9863,9.4235,0,0,0.052632,0.12281,0.82456,0,0,1,0,0,0,0,1,0,0,0
0,0,7.4022,0,0,75.716,0,0,16.882,0,0,7.5646,2.1695,0.37077,0.91118,1.9391,76.599,0,1.167,0,2.4105,6.8685,0,5.5356,1.8665,0,0,75.716,0,1.0928,4.8645,3.4608,7.4639,0,0,0,0.18644,0.81356,0,0,1,0,0,0,0,1,0,0,0
0,0,2.3146,0,0,83.668,0,0,14.017,0,0,4.4058,0.25591,0.51101,1.576,0.51101,84.958,0,2.3472,0,1.0293,4.4058,0,2.0586,0.25591,0,0,83.668,0,1.022,1.0366,3.8875,8.0709,0,0,1,0,0,0,0,1,0,0,0,0,1,0,0,0
0,0,3.5828,0,0,68.346,0,0,28.071,0,0,9.6378,0.42308,1.3245,2.6366,0.42507,70.704,0,2.8126,0,1.5799,10.456,0,2.7347,0.84815,0,0,68.346,0,0.58021,5.7089,7.1596,14.622,0,0,1,0,0,0,0,1,0,0,0,0,1,0,0,0
0,0,2.2559,0,0,84.712,0,0,13.032,0,0,4.3949,0.28833,0.26347,0.86449,0.26347,85.975,1.1641,1.2633,0,1.128,4.3949,0,2.2559,0,0,0,84.712,0,0.52694,1.4406,3.8188,7.2459,0,0,1,0,0,0,0,1,0,0,0,0,1,0,0,0
0,0,3.6095,0,0,68.583,0,0,27.808,0,0,9.3034,1.0519,0.81923,1.3602,0.44456,70.724,1.5049,1.4832,0,1.8047,11.503,0,3.6095,0,0,0,68.583,0,2.5556,4.0014,6.6629,14.588,0,0,0.96667,0,0.033333,0,0,1,0,0,0,0,1,0,0,0
0,0,6.5053,0,0,64.084,0,0,29.411,0,0,9.9222,0.29949,1.1118,2.966,1.8365,67.096,0,1.753,0,3.1029,11.912,0,5.4811,1.0242,0,0,64.084,0,2.939,3.8741,12.696,9.9017,0,0,0.081081,0.081081,0.83784,0,0,1,0,0,0,0,1,0,0,0
0,0,4.6509,0,0,75.573,0,0,19.776,0,0,7.0112,0.28122,1.4885,2.1718,0.49106,77.533,0,1.0361,0,2.1848,7.8023,0,4.3697,0.28122,0,0,75.573,0,1.3267,4.0375,6.5569,7.8552,0,0,0.014286,0.17143,0.81429,0,0,1,0,0,0,0,1,0,0,0
0,0,8.4865,0,0,63.788,0,0,27.726,0,0,9.3376,2.0236,0.74094,3.9359,0.30736,65.965,1.4091,1.2643,0,4.2432,10.773,0,8.4865,0,0,0,63.788,0,0.61472,7.4585,9.0583,10.594,0,0,0,0.375,0.625,0,0,1,0,0,0,0,1,0,0,0
0,0,4.992,0,0,72.74,0,0,22.268,0,0,7.6931,0.4416,0.87365,1.3952,1.1007,74.814,0.82441,1.0824,0,2.496,9.2787,0,4.2362,0.75572,0,0,72.74,0,1.8341,4.2261,6.6633,9.5448,0,0,0,0.19481,0.80519,0,0,1,0,0,0,0,1,0,0,0
0,0,2.8086,0,0,86.598,0,0,10.593,0,0,3.2384,1.1274,0,1.4043,0,86.977,1.1783,0,1.4314,1.4043,3.2384,0,2.8086,0,0,0,86.598,0,0,1.6812,2.5826,6.3291,0,0,1,0,0,0,0,1,0,0,0,0,1,0,0,0
0,0,4.953,0,0,71.002,0,0,24.045,0,0,7.8449,3.281,0,2.4765,0,71.349,1.7424,0,1.3827,2.4765,9.4469,0,4.953,0,0,0,71.002,0,0.63273,6.5982,3.911,12.903,0,0,0.9697,0,0.030303,0,0,1,0,0,0,0,1,0,0,0
0,0,4.8213,0,0,80.858,0,0,14.321,0,0,5.4329,2.1928,0.54896,1.8617,0,82.226,0.44294,0.54896,0.33109,1.8617,4.5529,0,4.8213,0,0,0,80.858,0,0,2.7418,3.1847,8.3944,0,0,1,0,0,0,0,1,0,0,0,0,1,0,0,0
0,0,6.5029,0,0,69.285,0,0,24.212,0,0,8.913,2.9397,1.7244,1.5271,0,70.981,0.3034,1.1502,2.4948,2.1013,7.8653,0,6.5029,0,0,0,69.285,0,0,4.6901,4.6682,14.854,0,0,0.98214,0,0.017857,0,0,1,0,0,0,0,1,0,0,0
0,0,10.239,0,0,64.83,0,0,24.932,0,0,9.0039,3.324,0,5.1193,0,64.83,1.7505,0.35875,1.1585,5.1193,9.3361,0,10.239,0,0,0,64.83,0,1.4906,5.8561,5.954,11.631,0,0,0,0.33898,0.66102,0,0,1,0,0,0,0,1,0,0,0
0,0,5.642,0,0,73.714,0,0,20.644,0,0,6.9206,2.5397,0,2.821,0,74.212,0.3676,0.80069,0.45882,2.821,9.059,0,5.642,0,0,0,73.714,0,1.1007,5.9926,3.6341,9.9164,0,0,0.025641,0.16667,0.80769,0,0,1,0,0,0,0,1,0,0,0
0,0,11.543,0,0,68.097,0,0,20.36,0,0,6.4876,3.4129,1.6398,3.8544,0,69.437,0.41683,1.2455,0.34494,4.8035,8.358,0,11.543,0,0,0,68.097,0,0,5.3618,4.565,10.433,0,0,0.016393,0.16393,0.81967,0,0,1,0,0,0,0,1,0,0,0
0,0,7.1505,0,0,75.76,0,0,17.09,0,0,5.0813,3.2097,1.3278,1.9693,0,77.088,0.90128,0.55626,1.2625,3.2971,5.307,0,7.1505,0,0,0,75.76,0,0,4.0888,3.841,9.1598,0,0,0,0.13846,0.86154,0,0,1,0,0,0,0,1,0,0,0
0,0,9.3807,0,0,71.712,0,0,18.907,0,0,8.294,2.1131,3.0018,1.6885,0,72.189,0,2.5255,1.9743,2.1648,6.0491,0,9.3807,0,0,0,71.712,0,0,4.6386,5.3439,8.9243,0,0,1,0,0,0,0,1,0,0,0,0,1,0,0,0
0,0,5.2746,0,0,70.659,0,0,24.067,0,0,6.5201,1.5851,0.88464,1.0118,0,73.471,0,1.4816,1.0479,1.8965,12.101,0,5.2746,0,0,0,70.659,0,0,1.5851,7.7394,14.742,0,0,0.96429,0,0.035714,0,0,1,0,0,0,0,1,0,0,0
0,0,11.998,0,0,66.616,0,0,21.386,0,0,7.7352,1.7171,3.8496,1.1906,0,68.708,0,4.1753,1.003,2.7824,8.839,0,11.998,0,0,0,66.616,0,0,3.9749,8.3395,9.0711,0,0,0,0.021739,0.97826,0,0,1,0,0,0,0,1,0,0,0
0,0,7.4718,0,0,76.595,0,0,15.933,0,0,5.9284,1.2926,0.8845,1.6246,0,76.959,0,3.3381,0.78756,1.6246,7.5607,0,7.4718,0,0,0,76.595,0,0,2.1771,5.4815,8.2742,0,0,0,0.15094,0.84906,0,0,1,0,0,0,0,1,0,0,0
0,0,12.843,0,0,67.303,0,0,19.854,0,0,8.9763,0,3.9239,0,0,68.477,0,7.7447,0,1.1743,9.7039,0,12.843,0,0,0,67.303,0,0,2.7496,6.2267,10.878,0,0,0,0.051282,0.94872,0,0,1,0,0,0,0,1,0,0,0
0,0,8.1307,0,0,71.416,0,0,20.453,0,0,5.4925,0.42492,3.6324,0.43297,0,73.681,0,1.3675,0.42492,2.6979,11.846,0,8.1307,0,0,0,71.416,0,0,1.7924,9.9383,8.7226,0,0,0.047619,0.35714,0.59524,0,0,1,0,0,0,0,1,0,0,0
0.37507,1.9558,25.188,0.77328,4.2787,25.465,4.3285,2.6342,27.826,5.1918,1.9834,9.5513,8.323,12.754,3.8527,11.784,23.094,4.389,3.8835,6.2109,5.384,10.774,18.177,15.46,9.8113,2.0652,5.392,17.101,0.24011,5.0525,3.5607,8.8182,14.322,0,0,0,0,1,1,0,0,0,0,0,0,0,0,1,1
0,0.96563,23.446,0.66343,2.8245,34.177,2.9694,1.215,28.525,4.4077,0.8064,6.2497,6.2505,10.904,2.363,10.202,31.013,7.9158,4.1262,4.0234,8.8683,8.084,12.514,15.498,5.2621,3.2709,2.7946,29.311,0,2.343,3.4472,7.5542,18.005,0,0,0,0,1,0.95455,0.045455,0,0,0,0,0,0,0.045455,0.95455,1
0,0,3.8898,0,0,96.11,0,0,0,0,0,0,1.6441,0,0,0,96.11,0,0,0,0,2.2457,0,0.60067,0,0,0,96.11,0,0,0,0,3.2892,0,0,0,0.275,0.725,0,0,1,0,0,0,0,1,0,0,0
0,0,0.44336,0,0,99.557,0,0,0,0,0,0,0,0,0,0,99.557,0,0,0,0,0.44336,0,0,0,0,0,99.557,0,0,0,0,0.44336,0,0,0,0.25806,0.74194,0,0,1,0,0,0,0,1,0,0,0
0,0,5.6287,0,0,92.952,0,0,1.419,0,0,0.47301,3.4362,0,0,0.41161,94.042,0,0,0,0.41161,1.2258,0,3.7864,1.0896,0,0,92.952,0,0,0.47301,0,1.6988,0,0,0.029412,0.36765,0.60294,0,0,1,0,0,0,0,1,0,0,0
0,0,0.84335,0,0,99.157,0,0,0,0,0,0,0.42307,0,0,0,99.157,0,0,0,0,0.42028,0,0.42307,0,0,0,99.157,0,0,0,0,0.42028,0,0,0,0.088235,0.91176,0,0,1,0,0,0,0,1,0,0,0
0,0,0,0,0,100,0,0,0,0,0,0,0,0,0,0,100,0,0,0,0,0,0,0,0,0,0,100,0,0,0,0,0,0,0,0.088235,0.11765,0.79412,0,0,1,0,0,0,0,1,0,0,0
0,0,0,0,0,100,0,0,0,0,0,0,0,0,0,0,100,0,0,0,0,0,0,0,0,0,0,100,0,0,0,0,0,0,0,0,0.1,0.9,0,0,1,0,0,0,0,1,0,0,0
0,0,0,0,0,100,0,0,0,0,0,0,0,0,0,0,100,0,0,0,0,0,0,0,0,0,0,100,0,0,0,0,0,0,0,0.13208,0.09434,0.77358,0,0,1,0,0,0,0,1,0,0,0
0,0,0,0,0,100,0,0,0,0,0,0,0,0,0,0,100,0,0,0,0,0,0,0,0,0,0,100,0,0,0,0,0,0,0,0,0.16667,0.83333,0,0,1,0,0,0,0,1,0,0,0
0,0,7.225,0,0,91.44,0,0,1.3351,0,0,0.66754,2.686,0,0,1.2932,92.908,0,0.33377,0,1.778,0.33377,0,6.242,0.98301,0,0,91.44,0,0,0.33377,0.33377,0.66754,0,0,0,0.16418,0.83582,0,0,1,0,0,0,0,1,0,0,0
0,0,1.1258,0,0,98.874,0,0,0,0,0,0,0.37526,0,0,0.37526,98.874,0,0,0,0.37526,0,0,1.1258,0,0,0,98.874,0,0,0,0,0,0,0,0,0.014706,0.98529,0,0,1,0,0,0,0,1,0,0,0
0,0,5.5862,0,0,93.869,0,0,0.5448,0,0,0,0.64251,0,0,1.1873,95.153,0,0.5448,0,2.4719,0,0,5.0414,0.5448,0,0,93.869,0,0,0,0.5448,0,0,0,0,0.21127,0.78873,0,0,1,0,0,0,0,1,0,0,0
0,0,0.71759,0,0,99.282,0,0,0,0,0,0,0,0,0,0,99.641,0,0,0,0.3588,0,0,0.71759,0,0,0,99.282,0,0,0,0,0,0,0,0,0.24528,0.75472,0,0,1,0,0,0,0,1,0,0,0
0,0,0,0,0,100,0,0,0,0,0,0,0,0,0,0,100,0,0,0,0,0,0,0,0,0,0,100,0,0,0,0,0,0,0,0,0,1,0,0,1,0,0,0,0,1,0,0,0
0,0,0,0,0,100,0,0,0,0,0,0,0,0,0,0,100,0,0,0,0,0,0,0,0,0,0,100,0,0,0,0,0,0,0,0,0.066667,0.93333,0,0,1,0,0,0,0,1,0,0,0
0,0,0,0,0,100,0,0,0,0,0,0,0,0,0,0,100,0,0,0,0,0,0,0,0,0,0,100,0,0,0,0,0,0,0,0,0.089286,0.91071,0,0,1,0,0,0,0,1,0,0,0
0,0,0,0,0,100,0,0,0,0,0,0,0,0,0,0,100,0,0,0,0,0,0,0,0,0,0,100,0,0,0,0,0,0,0,0.020408,0.34694,0.63265,0,0,1,0,0,0,0,1,0,0,0
0,0,0,0,0,100,0,0,0,0,0,0,0,0,0,0,100,0,0,0,0,0,0,0,0,0,0,100,0,0,0,0,0,0,0,0,0.16981,0.83019,0,0,1,0,0,0,0,1,0,0,0
0,0,0,0,0,100,0,0,0,0,0,0,0,0,0,0,100,0,0,0,0,0,0,0,0,0,0,100,0,0,0,0,0,0,0,0,0.24194,0.75806,0,0,1,0,0,0,0,1,0,0,0
0,0,0,0,0,100,0,0,0,0,0,0,0,0,0,0,100,0,0,0,0,0,0,0,0,0,0,100,0,0,0,0,0,0,0,0,0.17778,0.82222,0,0,1,0,0,0,0,1,0,0,0
0,0,0,0,0,100,0,0,0,0,0,0,0,0,0,0,100,0,0,0,0,0,0,0,0,0,0,100,0,0,0,0,0,0,0,0.037037,0.27778,0.68519,0,0,1,0,0,0,0,1,0,0,0
0,0,0,0,0,100,0,0,0,0,0,0,0,0,0,0,100,0,0,0,0,0,0,0,0,0,0,100,0,0,0,0,0,0,0,0,0.068966,0.93103,0,0,1,0,0,0,0,1,0,0,0
0,0,0,0,0,100,0,0,0,0,0,0,0,0,0,0,100,0,0,0,0,0,0,0,0,0,0,100,0,0,0,0,0,0,0,0.04918,0.065574,0.88525,0,0,1,0,0,0,0,1,0,0,0
0,0,0,0,0,100,0,0,0,0,0,0,0,0,0,0,100,0,0,0,0,0,0,0,0,0,0,100,0,0,0,0,0,0,0,0,0.051724,0.94828,0,0,1,0,0,0,0,1,0,0,0
0,0,0,0,0,100,0,0,0,0,0,0,0,0,0,0,100,0,0,0,0,0,0,0,0,0,0,100,0,0,0,0,0,0,0,0.18,0.24,0.58,0,0,1,0,0,0,0,1,0,0,0
0,0,5.7645,0,0,90.148,0,0,4.0878,0,0,0.42683,0,0,1.186,1.6213,90.649,0,2.3805,0,2.8823,0.85366,0,4.1432,1.6213,0,0,90.148,0,0,0.42683,3.2341,0.42683,0,0,0.012346,0.28395,0.7037,0,0,1,0,0,0,0,1,0,0,0
0,0,0.85284,0,0,98.721,0,0,0.42642,0,0,0,0,0,0,0.42642,98.721,0,0.42642,0,0.42642,0,0,0.42642,0.42642,0,0,98.721,0,0,0,0.42642,0,0,0,0,0.20732,0.79268,0,0,1,0,0,0,0,1,0,0,0
0,0,6.1247,0,0,90.813,0,0,3.0623,0,0,0,0,0,2.5734,0.48889,90.813,0.91049,2.1518,0,3.0623,0,0,5.6358,0.48889,0,0,90.813,0,0,0,3.0623,0,0,0,0,0.29032,0.70968,0,0,1,0,0,0,0,1,0,0,0
0,0,0,0,0,100,0,0,0,0,0,0,0,0,0,0,100,0,0,0,0,0,0,0,0,0,0,100,0,0,0,0,0,0,0,0,0.27381,0.72619,0,0,1,0,0,0,0,1,0,0,0
0,0,0,0,0,100,0,0,0,0,0,0,0,0,0,0,100,0,0,0,0,0,0,0,0,0,0,100,0,0,0,0,0,0,0,0,0.20896,0.79104,0,0,1,0,0,0,0,1,0,0,0
0,0,0,0,0,100,0,0,0,0,0,0,0,0,0,0,100,0,0,0,0,0,0,0,0,0,0,100,0,0,0,0,0,0,0,0,0.25424,0.74576,0,0,1,0,0,0,0,1,0,0,0
0,0,0,0,0,100,0,0,0,0,0,0,0,0,0,0,100,0,0,0,0,0,0,0,0,0,0,100,0,0,0,0,0,0,0,0.041667,0.19444,0.76389,0,0,1,0,0,0,0,1,0,0,0
0,0,0,0,0,100,0,0,0,0,0,0,0,0,0,0,100,0,0,0,0,0,0,0,0,0,0,100,0,0,0,0,0,0,0,0,0.18056,0.81944,0,0,1,0,0,0,0,1,0,0,0
0,0,6.5974,0,0,89.057,0,0,4.3453,0,0,0.55292,0.55292,0,3.2987,0,89.057,1.6162,0.51748,0,3.2987,1.1058,0,6.5974,0,0,0,89.057,0,0,1.1058,2.1337,1.1058,0,0,0.028571,0.3,0.67143,0,0,1,0,0,0,0,1,0,0,0
0,0,0,0,0,100,0,0,0,0,0,0,0,0,0,0,100,0,0,0,0,0,0,0,0,0,0,100,0,0,0,0,0,0,0,0,0.22222,0.77778,0,0,1,0,0,0,0,1,0,0,0
0,0,6.589,0,0,89.733,0,0,3.6777,0,0,0.83542,0.41771,1.099,2.1955,0,90.832,0.49021,0,0.41771,3.2945,0.41771,0,6.589,0,0,0,89.733,0,0,0.41771,0.90792,2.3521,0,0,0,0.29412,0.70588,0,0,1,0,0,0,0,1,0,0,0
0,0,0,0,0,100,0,0,0,0,0,0,0,0,0,0,100,0,0,0,0,0,0,0,0,0,0,100,0,0,0,0,0,0,0,0,0.2,0.8,0,0,1,0,0,0,0,1,0,0,0
0,0,0,0,0,100,0,0,0,0,0,0,0,0,0,0,100,0,0,0,0,0,0,0,0,0,0,100,0,0,0,0,0,0,0,0.08,0.093333,0.82667,0,0,1,0,0,0,0,1,0,0,0
0,0,0,0,0,100,0,0,0,0,0,0,0,0,0,0,100,0,0,0,0,0,0,0,0,0,0,100,0,0,0,0,0,0,0,0,0.12048,0.87952,0,0,1,0,0,0,0,1,0,0,0
0,0,0,0,0,100,0,0,0,0,0,0,0,0,0,0,100,0,0,0,0,0,0,0,0,0,0,100,0,0,0,0,0,0,0,0.013158,0.092105,0.89474,0,0,1,0,0,0,0,1,0,0,0
0,0,0,0,0,100,0,0,0,0,0,0,0,0,0,0,100,0,0,0,0,0,0,0,0,0,0,100,0,0,0,0,0,0,0,0.05,0.1375,0.8125,0,0,1,0,0,0,0,1,0,0,0
0,0,0,0,0,100,0,0,0,0,0,0,0,0,0,0,100,0,0,0,0,0,0,0,0,0,0,100,0,0,0,0,0,0,0,0.030303,0.12121,0.84848,0,0,1,0,0,0,0,1,0,0,0
0,0,0,0,0,100,0,0,0,0,0,0,0,0,0,0,100,0,0,0,0,0,0,0,0,0,0,100,0,0,0,0,0,0,0,0.23913,0.19565,0.56522,0,0,1,0,0,0,0,1,0,0,0
0,0,0,0,0,100,0,0,0,0,0,0,0,0,0,0,100,0,0,0,0,0,0,0,0,0,0,100,0,0,0,0,0,0,0,0,0.29032,0.70968,0,0,1,0,0,0,0,1,0,0,0
0,0,0,0,0,100,0,0,0,0,0,0,0,0,0,0,100,0,0,0,0,0,0,0,0,0,0,100,0,0,0,0,0,0,0,0.064516,0.20968,0.72581,0,0,1,0,0,0,0,1,0,0,0
0,0,0,0,0,100,0,0,0,0,0,0,0,0,0,0,100,0,0,0,0,0,0,0,0,0,0,100,0,0,0,0,0,0,0,0.017241,0.25862,0.72414,0,0,1,0,0,0,0,1,0,0,0
0,0,0,0,0,100,0,0,0,0,0,0,0,0,0,0,100,0,0,0,0,0,0,0,0,0,0,100,0,0,0,0,0,0,0,0.035088,0.24561,0.7193,0,0,1,0,0,0,0,1,0,0,0
0,0,0,0,0,100,0,0,0,0,0,0,0,0,0,0,100,0,0,0,0,0,0,0,0,0,0,100,0,0,0,0,0,0,0,0.014925,0.26866,0.71642,0,0,1,0,0,0,0,1,0,0,0
0,0,9.9312,0,0,84.82,0,0,5.2486,0,0,0.86392,0,2.6568,0.85121,0,87.477,0,2.9152,0,3.508,1.7278,0,9.9312,0,0,0,84.82,0,0,0,0.86392,4.3846,0,0,0,0.16667,0.83333,0,0,1,0,0,0,0,1,0,0,0
0,0,0,0,0,100,0,0,0,0,0,0,0,0,0,0,100,0,0,0,0,0,0,0,0,0,0,100,0,0,0,0,0,0,0,0,0.1194,0.8806,0,0,1,0,0,0,0,1,0,0,0
0,0,0,0,0,100,0,0,0,0,0,0,0,0,0,0,100,0,0,0,0,0,0,0,0,0,0,100,0,0,0,0,0,0,0,1,0,0,0,0,1,0,0,0,0,1,0,0,0
0,0,0,0,0,100,0,0,0,0,0,0,0,0,0,0,100,0,0,0,0,0,0,0,0,0,0,100,0,0,0,0,0,0,0,1,0,0,0,0,1,0,0,0,0,1,0,0,0
0,0,0,0,0,100,0,0,0,0,0,0,0,0,0,0,100,0,0,0,0,0,0,0,0,0,0,100,0,0,0,0,0,0,0,1,0,0,0,0,1,0,0,0,0,1,0,0,0
0,0,0,0,0,100,0,0,0,0,0,0,0,0,0,0,100,0,0,0,0,0,0,0,0,0,0,100,0,0,0,0,0,0,0,1,0,0,0,0,1,0,0,0,0,1,0,0,0
0,0,0,0,0,100,0,0,0,0,0,0,0,0,0,0,100,0,0,0,0,0,0,0,0,0,0,100,0,0,0,0,0,0,0,1,0,0,0,0,1,0,0,0,0,1,0,0,0
0,0,0,0,0,100,0,0,0,0,0,0,0,0,0,0,100,0,0,0,0,0,0,0,0,0,0,100,0,0,0,0,0,0,0,1,0,0,0,0,1,0,0,0,0,1,0,0,0
0,0,0,0,0,100,0,0,0,0,0,0,0,0,0,0,100,0,0,0,0,0,0,0,0,0,0,100,0,0,0,0,0,0,0,1,0,0,0,0,1,0,0,0,0,1,0,0,0
0,0,0,0,0,100,0,0,0,0,0,0,0,0,0,0,100,0,0,0,0,0,0,0,0,0,0,100,0,0,0,0,0,0,0,1,0,0,0,0,1,0,0,0,0,1,0,0,0
0,0,0,0,0,99.79,0,0.20974,0,0,0,0,0.20974,0,0,0,99.79,0,0,0,0,0,0,0,0.20974,0,0,99.79,0,0,0,0,0,0,0,1,0,0,0,0,1,0,0,0,0,1,0,0,0
0,0,0,0,0,97.837,0.4589,1.7045,0,0,0,1.2125,0.72142,0,0,0,97.837,0,0.22945,0,0,0,0,0.4589,0.49197,0.98309,0,97.837,0,0,0.22945,0,0,0,0,1,0,0,0,0,1,0,0,0,0,1,0,0,0
0,0,0,0,0,100,0,0,0,0,0,0,0,0,0,0,100,0,0,0,0,0,0,0,0,0,0,100,0,0,0,0,0,0,0,1,0,0,0,0,1,0,0,0,0,1,0,0,0
0,0,0,0,0,100,0,0,0,0,0,0,0,0,0,0,100,0,0,0,0,0,0,0,0,0,0,100,0,0,0,0,0,0,0,1,0,0,0,0,1,0,0,0,0,1,0,0,0
0,0,0,0,0,100,0,0,0,0,0,0,0,0,0,0,100,0,0,0,0,0,0,0,0,0,0,100,0,0,0,0,0,0,0,1,0,0,0,0,1,0,0,0,0,1,0,0,0
0,0,0,0,0,100,0,0,0,0,0,0,0,0,0,0,100,0,0,0,0,0,0,0,0,0,0,100,0,0,0,0,0,0,0,1,0,0,0,0,1,0,0,0,0,1,0,0,0
0,0,0,0,0,100,0,0,0,0,0,0,0,0,0,0,100,0,0,0,0,0,0,0,0,0,0,100,0,0,0,0,0,0,0,1,0,0,0,0,1,0,0,0,0,1,0,0,0
0,0,0,0,0,100,0,0,0,0,0,0,0,0,0,0,100,0,0,0,0,0,0,0,0,0,0,100,0,0,0,0,0,0,0,1,0,0,0,0,1,0,0,0,0,1,0,0,0
0,0,0,0,0,100,0,0,0,0,0,0,0,0,0,0,100,0,0,0,0,0,0,0,0,0,0,100,0,0,0,0,0,0,0,1,0,0,0,0,1,0,0,0,0,1,0,0,0
0,0,0,0,0,100,0,0,0,0,0,0,0,0,0,0,100,0,0,0,0,0,0,0,0,0,0,100,0,0,0,0,0,0,0,1,0,0,0,0,1,0,0,0,0,1,0,0,0
0,0,0,0.45564,0,97.627,0.45564,1.4617,0,0,0,1.6773,0.24002,0,0,0.45564,97.627,0,0,0,0,0,0,0.45564,0.69566,1.2217,0,97.627,0,0,0,0,0,0,0,1,0,0,0,0,1,0,0,0,0,1,0,0,0
0,0,0,0,0,100,0,0,0,0,0,0,0,0,0,0,100,0,0,0,0,0,0,0,0,0,0,100,0,0,0,0,0,0,0,1,0,0,0,0,1,0,0,0,0,1,0,0,0
0,0,0,0,0,98.617,0,0.28822,1.0949,0,0,0,0,0,0,1.0949,98.905,0,0,0,0,0,1.0949,0.28822,0,0,0,98.617,0,0,0,0,0,0,0,1,0,0,0,0,1,0,0,0,0,1,0,0,0
0,0,0,0,0,96.936,0.72948,2.1044,0.22967,0,0,0.70925,1.0844,0,0,0,97.497,0,0.2499,0.45934,0,0,0,1.9791,1.0642,0.22967,0,96.477,0,0,0.2499,0,0,0,0,1,0,0,0,0,1,0,0,0,0,1,0,0,0
0,0,0.22231,2.0014,0.50713,89.342,2.916,4.7044,0.3066,0,0,3.4371,2.323,0.28482,0,0.38273,89.164,0.22231,1.5093,0.83551,0.72944,1.1116,0.79195,4.7971,1.6629,1.9679,0,87.652,0,0.22231,1.7316,0.72944,0.44462,0,0,1,0,0,0,0,1,0,0,0,0,1,0,0,0
0,0,0,0,0,88.988,3.8375,4.1247,3.05,0,0,2.5546,1.7682,1.6762,0,2.0925,88.478,0,0.80587,2.0658,0,0.55872,1.4583,4.9166,3.9885,1.5916,0,87.239,0,0,0.80587,0,0,0,0,1,0,0,0,0,1,0,0,0,0,1,0,0,0
0,0.19305,2.1339,7.7191,5.3101,64.448,7.6556,9.752,2.7882,0,0,5.1123,6.2389,6.081,0.94703,3.2687,61.14,1.4817,4.6724,2.3316,3.0902,5.6359,6.9736,9.3915,6.8237,3.5588,0,56.382,0.70947,1.4755,5.9338,4.2457,4.5064,0,0,1,0,0,0,0,1,0,0,0,0,1,0,0,0
0,0,0,0,0,90.963,3.1067,2.0504,3.8795,0,0,0.91948,1.1816,0.78071,0.3483,3.0088,90.304,0,0.26024,1.6668,0,1.5299,1.6903,3.457,3.0206,1.2678,0,90.304,0,0,0.26024,0,0,0,0,1,0,0,0,0,1,0,0,0,0,1,0,0,0
0,0.81329,4.7452,15.83,6.4045,40.104,11.217,12.332,8.554,0,0,8.8389,4.1693,6.9658,4.7122,6.753,41.593,5.464,2.3174,8.0296,2.6085,8.5481,6.3263,15.593,9.0493,6.4083,0,32.766,0.81928,1.3814,16.173,4.7884,6.6952,0.72414,0.17241,0.10345,0,0,0,0,1,0,0,0,0,1,0,0,1
0,0,2.4837,11.689,6.4135,51.994,11.14,14.302,1.9771,0,0,8.8676,6.9857,4.7612,1.1508,4.2427,49.271,3.0122,5.2834,4.6684,3.5251,8.2317,6.2335,13.53,10.471,5.4793,0,42.238,1.2642,2.8152,6.5644,4.854,6.5493,0,0.20513,0.79487,0,0,0,0,0.89744,0.10256,0,0.051282,0.10256,0.84615,0,0,0
0,0,4.1215,18.591,14.154,34.556,12.132,13.723,2.7239,0,0,9.2407,8.3822,6.3033,5.6778,4.2044,31.656,7.0534,6.8308,3.0887,7.4735,10.089,8.7585,13.826,12.929,4.8297,0.96561,18.931,3.9604,8.4909,12.069,6.3783,8.863,0,1,0,0,0,0,0,0,1,0,1,0,0,0,0,1
0,0,0,0,0,100,0,0,0,0,0,0,0,0,0,0,100,0,0,0,0,0,0,0,0,0,0,100,0,0,0,0,0,0,0,1,0,0,0,0,1,0,0,0,0,1,0,0,0
0,0,0,0,0,100,0,0,0,0,0,0,0,0,0,0,100,0,0,0,0,0,0,0,0,0,0,100,0,0,0,0,0,0,0,1,0,0,0,0,1,0,0,0,0,1,0,0,0
0,0,0,0,0,100,0,0,0,0,0,0,0,0,0,0,100,0,0,0,0,0,0,0,0,0,0,100,0,0,0,0,0,0,0,1,0,0,0,0,1,0,0,0,0,1,0,0,0
0,0,0,0,0.48099,96.616,2.9026,0,0,0,0,0,0,0,0,0,99.038,0.48099,0,0,0,0.48099,0,2.9026,0,0.48099,0,96.616,0,0,0,0,0,0,0,1,0,0,0,0,1,0,0,0,0,1,0,0,0
0.20596,0.82185,2.1356,0.20596,0.20596,90.732,0,0.20596,1.8907,0.20596,3.3898,2.0966,0,1.0278,1.4787,0.82384,87.832,2.3026,0.6569,0.20596,2.5066,1.0688,0.82384,1.4787,0.41192,0.6569,1.2338,87.665,4.1338,1.6847,1.0892,0.82185,0,0,0,1,0,0,0,0,1,0,0,0,0,1,0,0,0
0,0,6.0566,0,0,76.978,0,0,16.965,0,0,10.767,0.66356,2.1096,0.6521,0.66356,76.978,0.6521,0,2.1096,1.3157,4.0889,0,1.3157,1.9678,0,0,76.978,0,0,1.9678,7.6561,10.115,0,0,1,0,0,0,0,1,0,0,0,0,1,0,0,0
0,0,0,0,0,100,0,0,0,0,0,0,0,0,0,0,100,0,0,0,0,0,0,0,0,0,0,100,0,0,0,0,0,0,0,1,0,0,0,0,1,0,0,0,0,1,0,0,0
0,0,0,0,0,100,0,0,0,0,0,0,0,0,0,0,100,0,0,0,0,0,0,0,0,0,0,100,0,0,0,0,0,0,0,1,0,0,0,0,1,0,0,0,0,1,0,0,0
0,0,0,0,0,97.2,0,0,2.7996,0,0,1.3998,0,0,0,0,97.2,0.6999,0,0,0,0.6999,0,0,0,0,0,97.2,0,0,0,2.0997,0.6999,0,0,1,0,0,0,0,1,0,0,0,0,1,0,0,0
0,0,12.817,0,0,64.608,0,0,22.576,0,0,9.7208,6.1973,0,0,0.40272,68.86,1.0667,0,0,4.9293,8.8229,0,4.9293,7.8873,0,0,64.608,0,0,7.1315,6.1137,9.3307,0,0,0.018868,0.33962,0.64151,0,0,1,0,0,0,0,1,0,0,0
0,0,9.4624,0,0,73.38,0,0,17.158,0,0,8.1021,3.5888,0,0.63187,0,75.058,1.6285,0,0,2.1364,8.8545,0,4.4772,4.9852,0,0,73.38,0,0,4.2693,4.6289,8.2599,0,0,1,0,0,0,0,1,0,0,0,0,1,0,0,0
0,0,0,0,0,100,0,0,0,0,0,0,0,0,0,0,100,0,0,0,0,0,0,0,0,0,0,100,0,0,0,0,0,0,0,1,0,0,0,0,1,0,0,0,0,1,0,0,0
0,0,0,0,0,94.942,0,0,5.0577,0,0,1.8934,0,0.31616,0.9547,0,94.942,0.31128,0,0,0,1.5821,0,0,0,0,0,94.942,0,0,0,2.2047,2.853,0,0,1,0,0,0,0,1,0,0,0,0,1,0,0,0
0,0,7.2449,0,0,75.801,0,0,16.954,0,0,6.4538,2.9695,0.60271,0.28495,0,77.654,3.5041,0,0,0,8.5309,0,4.2754,2.9695,0,0,75.801,0,0,5.5861,4.3718,6.9961,0,0,1,0,0,0,0,1,0,0,0,0,1,0,0,0
0,0,6.6359,0,0,76.629,0,0,16.736,0,0,8.4606,1.2019,0.25686,1.252,0,78.253,2.6126,0,0.56879,0.56879,6.8256,0,2.6126,4.0233,0,0,76.629,0,0,5.3649,3.8002,7.5705,0,0,1,0,0,0,0,1,0,0,0,0,1,0,0,0
0,0,0,0,0,95.229,0,0,4.7715,0,0,1.1354,0.30799,0.60682,0.52861,0,95.229,0,0,0.52861,0.52861,1.1354,0,0,0,0,0,95.229,0,0,0,2.5006,2.2709,0,0,1,0,0,0,0,1,0,0,0,0,1,0,0,0
0,0,0,0,0,100,0,0,0,0,0,0,0,0,0,0,100,0,0,0,0,0,0,0,0,0,0,100,0,0,0,0,0,0,0,1,0,0,0,0,1,0,0,0,0,1,0,0,0
0,0,0,0,0,95.182,0,0,4.8181,0,0,1.2221,0.59141,0.59141,0.28019,0,95.182,0,0,0.63069,0.28019,1.2221,0,0,0,0,0,95.182,0,0,0,2.3739,2.4442,0,0,1,0,0,0,0,1,0,0,0,0,1,0,0,0
0,0,6.1798,0,0,75.973,0,0,17.847,0,0,8.0851,1.5324,0.20747,0.54808,0.89679,77.136,0,0,1.3862,2.0615,8.1464,0.89679,1.1631,4.1199,0,0,75.973,0,1.1839,3.4672,5.3143,7.8819,0,0,1,0,0,0,0,1,0,0,0,0,1,0,0,0
0,0,0,0,0,100,0,0,0,0,0,0,0,0,0,0,100,0,0,0,0,0,0,0,0,0,0,100,0,0,0,0,0,0,0,1,0,0,0,0,1,0,0,0,0,1,0,0,0
0,0,0,0,0,96.256,0,0,3.7435,0,0,1.1387,0.32756,0.32756,0,0,96.256,0,0,0.81109,0,1.1387,0,0,0,0,0,96.256,0,0,0,1.4662,2.2773,0,0,1,0,0,0,0,1,0,0,0,0,1,0,0,0
0,0,0,0,0,98.802,0,0,0.33506,0,0.86333,0,0,0,0,0,99.33,0,0.33506,0.33506,0,0,0,0,0,0,0,98.802,0,0.33506,0.52827,0,0.33506,0,0,1,0,0,0,0,1,0,0,0,0,1,0,0,0
0,0,1.2009,0,0,93.891,0,0,3.459,0,1.4488,1.6582,0.40029,0,0,0.40029,94.34,0.40029,1.0003,1.0003,0.40029,0.40029,0,0.40029,0.80059,0,0,93.891,0,1.0003,1.2492,0,2.6584,0,0,1,0,0,0,0,1,0,0,0,0,1,0,0,0
0,0,7.8356,0,0,75.68,0,0,16.485,0,0,6.9043,1.2069,2.5724,0,1.3673,77.409,0.33262,0,0.27484,3.2695,6.6628,1.0347,2.062,4.7388,0,0,75.68,0,1.0347,5.0865,3.963,6.4004,0,0,1,0,0,0,0,1,0,0,0,0,1,0,0,0
1.0916,0,3.3407,0.22379,0.89515,86.37,0.44758,0.22379,2.8905,0,4.5172,1.5994,0.64404,0.67136,1.7959,0.64404,85.048,2.6366,2.05,1.1219,1.7959,1.9923,0.64404,1.9923,0,2.0197,1.7356,85.305,1.5723,3.1416,1.3756,0.86782,1.3457,0,0,1,0,0,0,0,1,0,0,0,0,1,0,0,0
1.6474,0.25843,6.8081,0.27625,1.3634,73.643,0.81092,0.53468,8.8651,0,5.7923,3.9536,1.8044,1.604,2.2301,0.8365,74.035,3.1756,2.2507,1.9087,2.4885,5.7132,2.2105,4.5976,1.2263,1.9895,3.0008,72.548,2.2507,2.2657,4.3018,2.2733,3.3353,0,0,1,0,0,0,0,1,0,0,0,0,1,0,0,0
3.2339,1.1271,6.7498,1.5044,3.9498,58.698,3.2497,1.9833,9.9081,1.4772,8.119,6.6795,2.2217,5.8945,3.8896,3.4801,54.248,7.2817,2.7565,2.4117,6.518,4.6188,3.5509,7.1205,4.066,3.291,6.184,51.58,6.661,5.1375,3.8735,4.6154,3.9201,0,0,1,0,0,0,0,1,0,0,0,0,1,0,0,0
2.3219,1.5781,23.702,1.0051,5.291,24.205,4.7808,2.0589,30.388,0.58611,4.0827,8.364,4.0906,11.678,3.7872,6.129,22.717,8.3654,5.041,8.2468,8.6053,12.976,11.881,18.995,7.2707,4.4419,7.2976,19.546,1.4342,2.0317,5.6591,6.9689,14.474,0,0,0,0,1,1,0,0,0,0,0,0,0,0,1,1
0,0,0,0,0,100,0,0,0,0,0,0,0,0,0,0,100,0,0,0,0,0,0,0,0,0,0,100,0,0,0,0,0,0,0,0,0.28125,0.71875,0,0,1,0,0,0,0,1,0,0,0
0,0,0,0,0,100,0,0,0,0,0,0,0,0,0,0,100,0,0,0,0,0,0,0,0,0,0,100,0,0,0,0,0,0,0,0,0.23729,0.76271,0,0,1,0,0,0,0,1,0,0,0
0,0,0,0,0,100,0,0,0,0,0,0,0,0,0,0,100,0,0,0,0,0,0,0,0,0,0,100,0,0,0,0,0,0,0,0.16,0.18,0.66,0,0,1,0,0,0,0,1,0,0,0
0,0,0,0,0,100,0,0,0,0,0,0,0,0,0,0,100,0,0,0,0,0,0,0,0,0,0,100,0,0,0,0,0,0,0,0.056604,0.16981,0.77358,0,0,1,0,0,0,0,1,0,0,0
0,0,0,0,0,100,0,0,0,0,0,0,0,0,0,0,100,0,0,0,0,0,0,0,0,0,0,100,0,0,0,0,0,0,0,0,0.2766,0.7234,0,0,1,0,0,0,0,1,0,0,0
0,0,0,0,0,100,0,0,0,0,0,0,0,0,0,0,100,0,0,0,0,0,0,0,0,0,0,100,0,0,0,0,0,0,0,0.022222,0.35556,0.62222,0,0,1,0,0,0,0,1,0,0,0
0,0,0,0,0,100,0,0,0,0,0,0,0,0,0,0,100,0,0,0,0,0,0,0,0,0,0,100,0,0,0,0,0,0,0,0.037037,0.2963,0.66667,0,0,1,0,0,0,0,1,0,0,0
0,0,0,0,0,100,0,0,0,0,0,0,0,0,0,0,100,0,0,0,0,0,0,0,0,0,0,100,0,0,0,0,0,0,0,0.086957,0.17391,0.73913,0,0,1,0,0,0,0,1,0,0,0
0,0,0,0,0,100,0,0,0,0,0,0,0,0,0,0,100,0,0,0,0,0,0,0,0,0,0,100,0,0,0,0,0,0,0,0,0.24138,0.75862,0,0,1,0,0,0,0,1,0,0,0
0,0,0,0,0,100,0,0,0,0,0,0,0,0,0,0,100,0,0,0,0,0,0,0,0,0,0,100,0,0,0,0,0,0,0,0,0.16667,0.83333,0,0,1,0,0,0,0,1,0,0,0
0,0,0,0,0,100,0,0,0,0,0,0,0,0,0,0,100,0,0,0,0,0,0,0,0,0,0,100,0,0,0,0,0,0,0,0.018868,0.26415,0.71698,0,0,1,0,0,0,0,1,0,0,0
0,0,0,0,0,100,0,0,0,0,0,0,0,0,0,0,100,0,0,0,0,0,0,0,0,0,0,100,0,0,0,0,0,0,0,0,0.24,0.76,0,0,1,0,0,0,0,1,0,0,0
0,0,0,0,0,100,0,0,0,0,0,0,0,0,0,0,100,0,0,0,0,0,0,0,0,0,0,100,0,0,0,0,0,0,0,0,0.16667,0.83333,0,0,1,0,0,0,0,1,0,0,0
0,0,0,0,0,100,0,0,0,0,0,0,0,0,0,0,100,0,0,0,0,0,0,0,0,0,0,100,0,0,0,0,0,0,0,0,0.17742,0.82258,0,0,1,0,0,0,0,1,0,0,0
0,0,0,0,0,100,0,0,0,0,0,0,0,0,0,0,100,0,0,0,0,0,0,0,0,0,0,100,0,0,0,0,0,0,0,0,0.26786,0.73214,0,0,1,0,0,0,0,1,0,0,0
0,0,0,0,0,100,0,0,0,0,0,0,0,0,0,0,100,0,0,0,0,0,0,0,0,0,0,100,0,0,0,0,0,0,0,0.21622,0.40541,0.37838,0,0,1,0,0,0,0,1,0,0,0
0,0,0,0,0,100,0,0,0,0,0,0,0,0,0,0,100,0,0,0,0,0,0,0,0,0,0,100,0,0,0,0,0,0,0,0,0.20833,0.79167,0,0,1,0,0,0,0,1,0,0,0
0,0,0,0,0,100,0,0,0,0,0,0,0,0,0,0,100,0,0,0,0,0,0,0,0,0,0,100,0,0,0,0,0,0,0,0,0.21739,0.78261,0,0,1,0,0,0,0,1,0,0,0
0,0,0,0,0,100,0,0,0,0,0,0,0,0,0,0,100,0,0,0,0,0,0,0,0,0,0,100,0,0,0,0,0,0,0,0.021739,0.34783,0.63043,0,0,1,0,0,0,0,1,0,0,0
0,0,0,0,0,100,0,0,0,0,0,0,0,0,0,0,100,0,0,0,0,0,0,0,0,0,0,100,0,0,0,0,0,0,0,0,0.22857,0.77143,0,0,1,0,0,0,0,1,0,0,0
0,0,0,0,0,100,0,0,0,0,0,0,0,0,0,0,100,0,0,0,0,0,0,0,0,0,0,100,0,0,0,0,0,0,0,0,0.15517,0.84483,0,0,1,0,0,0,0,1,0,0,0
0,0,0,0,0,100,0,0,0,0,0,0,0,0,0,0,100,0,0,0,0,0,0,0,0,0,0,100,0,0,0,0,0,0,0,0,0.16949,0.83051,0,0,1,0,0,0,0,1,0,0,0
0,0,0,0,0,100,0,0,0,0,0,0,0,0,0,0,100,0,0,0,0,0,0,0,0,0,0,100,0,0,0,0,0,0,0,0.11321,0.056604,0.83019,0,0,1,0,0,0,0,1,0,0,0
0,0,0,0,0,100,0,0,0,0,0,0,0,0,0,0,100,0,0,0,0,0,0,0,0,0,0,100,0,0,0,0,0,0,0,0,0.21429,0.78571,0,0,1,0,0,0,0,1,0,0,0
0,0,0,0,0,100,0,0,0,0,0,0,0,0,0,0,100,0,0,0,0,0,0,0,0,0,0,100,0,0,0,0,0,0,0,0,0,1,0,0,1,0,0,0,0,1,0,0,0
0,0,0,0,0,100,0,0,0,0,0,0,0,0,0,0,100,0,0,0,0,0,0,0,0,0,0,100,0,0,0,0,0,0,0,0,0.14815,0.85185,0,0,1,0,0,0,0,1,0,0,0
0,0,0,0,0,100,0,0,0,0,0,0,0,0,0,0,100,0,0,0,0,0,0,0,0,0,0,100,0,0,0,0,0,0,0,0,0.21053,0.78947,0,0,1,0,0,0,0,1,0,0,0
0.29087,1.8597,28.706,0.60238,4.1402,23.904,4.2765,1.1337,31.463,2.1502,1.4741,7.0328,8.1405,12.775,2.3103,12.441,21.609,7.5453,5.6788,8.248,3.7306,10.488,18.739,16.701,7.2339,1.5116,4.7807,18.622,0,1.1418,4.718,9.3247,17.228,0,0,0,0,1,1,0,0,0,0,0,0,0,0,1,1
0,0,0,0,0,100,0,0,0,0,0,0,0,0,0,0,100,0,0,0,0,0,0,0,0,0,0,100,0,0,0,0,0,0,0,0,0.067797,0.9322,0,0,1,0,0,0,0,1,0,0,0
0,0,0,0,0,100,0,0,0,0,0,0,0,0,0,0,100,0,0,0,0,0,0,0,0,0,0,100,0,0,0,0,0,0,0,0,0,1,0,0,1,0,0,0,0,1,0,0,0
0,0,0,0,0,100,0,0,0,0,0,0,0,0,0,0,100,0,0,0,0,0,0,0,0,0,0,100,0,0,0,0,0,0,0,0,0.072727,0.92727,0,0,1,0,0,0,0,1,0,0,0
0,0,0,0,0,100,0,0,0,0,0,0,0,0,0,0,100,0,0,0,0,0,0,0,0,0,0,100,0,0,0,0,0,0,0,0.017857,0.25,0.73214,0,0,1,0,0,0,0,1,0,0,0
0,0,0,0,0,100,0,0,0,0,0,0,0,0,0,0,100,0,0,0,0,0,0,0,0,0,0,100,0,0,0,0,0,0,0,0,0.10526,0.89474,0,0,1,0,0,0,0,1,0,0,0
0,0,0,0,0,100,0,0,0,0,0,0,0,0,0,0,100,0,0,0,0,0,0,0,0,0,0,100,0,0,0,0,0,0,0,0,0.19149,0.80851,0,0,1,0,0,0,0,1,0,0,0
0,0,0,0,0,100,0,0,0,0,0,0,0,0,0,0,100,0,0,0,0,0,0,0,0,0,0,100,0,0,0,0,0,0,0,0.030303,0.21212,0.75758,0,0,1,0,0,0,0,1,0,0,0
0,0,0,0,0,100,0,0,0,0,0,0,0,0,0,0,100,0,0,0,0,0,0,0,0,0,0,100,0,0,0,0,0,0,0,0,0,1,0,0,1,0,0,0,0,1,0,0,0
0,0,0,0,0,100,0,0,0,0,0,0,0,0,0,0,100,0,0,0,0,0,0,0,0,0,0,100,0,0,0,0,0,0,0,0,0.17647,0.82353,0,0,1,0,0,0,0,1,0,0,0
0,0,0,0,0,100,0,0,0,0,0,0,0,0,0,0,100,0,0,0,0,0,0,0,0,0,0,100,0,0,0,0,0,0,0,0,0.043478,0.95652,0,0,1,0,0,0,0,1,0,0,0
0,0,0,0,0,100,0,0,0,0,0,0,0,0,0,0,100,0,0,0,0,0,0,0,0,0,0,100,0,0,0,0,0,0,0,0,0.28571,0.71429,0,0,1,0,0,0,0,1,0,0,0
0,0,0,0,0,100,0,0,0,0,0,0,0,0,0,0,100,0,0,0,0,0,0,0,0,0,0,100,0,0,0,0,0,0,0,0,0.15217,0.84783,0,0,1,0,0,0,0,1,0,0,0
0,0,0.55662,1.6618,1.1472,87.767,2.9772,3.774,2.1162,0,0,0.82891,0.56651,0.55662,2.1023,0,87.823,0.87092,0.2763,1.8941,1.0492,4.0323,1.1173,5.3657,2.1723,1.3675,0,86.437,0,0,2.1544,0.55261,0.83293,0,0,1,0,0,0,0,1,0,0,0,0,1,0,0,0
0,0,0,0,0,98.642,0.26882,0.82032,0.26882,0,0,0,0,0,0.26882,0,98.373,0,0,0.5515,0.26882,0.53763,0,1.0891,0.26882,0,0,98.373,0,0,0.26882,0,0,0,0,1,0,0,0,0,1,0,0,0,0,1,0,0,0
0,0,0,0,0,100,0,0,0,0,0,0,0,0,0,0,100,0,0,0,0,0,0,0,0,0,0,100,0,0,0,0,0,0,0,1,0,0,0,0,1,0,0,0,0,1,0,0,0
0,0,0,0,0,97.606,0,0,1.3499,1.0441,0,0,0.30572,0,0.73843,0.73843,97.606,0.30572,0,0,0,0.30572,0,0,0,0,0,97.606,0,0,1.0441,0.30572,1.0441,0,0,1,0,0,0,0,1,0,0,0,0,1,0,0,0
0,0,2.6836,0.34782,1.7038,82.397,1.0435,0,5.6595,3.0349,3.1304,4.3361,2.7689,1.994,0.79982,0.34782,83.541,1.3341,1.4924,0.904,0.904,1.5777,0.7968,0.74215,1.8868,1.0435,1.4378,81.597,1.1941,1.356,5.0899,3.6264,1.2299,0,0,1,0,0,0,0,1,0,0,0,0,1,0,0,0
0,0,0,0,0.65355,98.077,1.269,0,0,0,0,0,0,0,0,0,98.693,0.65355,0,0,0,0.65355,0,1.269,0,0.65355,0,98.077,0,0,0,0,0,0,0,1,0,0,0,0,1,0,0,0,0,1,0,0,0
0,0,0,0,0,99.581,0.41919,0,0,0,0,0,0,0,0,0,100,0,0,0,0,0,0,0.41919,0,0,0,99.581,0,0,0,0,0,0,0,1,0,0,0,0,1,0,0,0,0,1,0,0,0
0,0,0,0,0,100,0,0,0,0,0,0,0,0,0,0.35488,99.349,0.29584,0,0,0,0,0,0,0,0,0,98.594,1.4065,0,0,0,0,0,0,1,0,0,0,0,1,0,0,0,0,1,0,0,0
1.242,0.91009,2.6302,0.3175,0.3175,86.193,0,0.3175,4.2141,1.5235,2.3343,3.0442,0.28147,2.1521,1.7301,4.1247,79.933,3.9491,0.25707,0.3175,3.3192,0.89207,1.27,1.4486,1.5595,0.25707,2.4696,80.226,6.4999,1.4847,0.25707,3.322,1.206,0,0,1,0,0,0,0,1,0,0,0,0,1,0,0,0
0,0,0,0,0,100,0,0,0,0,0,0,0,0,0,0.5465,99.453,0,0,0,0,0,0,0,0,0,0,99.122,0.87844,0,0,0,0,0,0,1,0,0,0,0,1,0,0,0,0,1,0,0,0
0.99293,0.22688,1.6019,0.20727,0.20727,90.552,0,0.20727,3.6801,1.5823,0.74229,1.6343,1.1664,1.2198,1.4057,2.9898,87.674,1.8416,0,0.20727,1.4467,0.41453,0.82907,0.81628,1.2002,0,1.4271,86.544,3.8203,0.72267,0.28852,2.977,1.3751,0,0,1,0,0,0,0,1,0,0,0,0,1,0,0,0
0,0,0,0,0,97.57,0,0,1.4979,0.93229,0,0,0.56562,0,0.36668,0.36668,97.57,0.56562,0,0,0,0.56562,0,0,0,0,0,97.57,0,0,0.93229,0.56562,0.93229,0,0,1,0,0,0,0,1,0,0,0,0,1,0,0,0
0,0,0,0,0,100,0,0,0,0,0,0,0,0,0,0,100,0,0,0,0,0,0,0,0,0,0,100,0,0,0,0,0,0,0,1,0,0,0,0,1,0,0,0,0,1,0,0,0
0.44806,0,5.6877,1.2173,2.1461,73.601,1.6121,0,7.0573,4.3677,3.8628,4.5672,2.4776,2.0312,2.4132,2.6564,75.093,0.58604,1.9464,3.2787,2.4494,2.5014,3.6582,0.47112,2.0295,1.9933,2.5913,70.835,2.4013,3.4835,5.9261,4.7838,1.8271,0,0,1,0,0,0,0,1,0,0,0,0,1,0,0,0
0,0,0,0,0,100,0,0,0,0,0,0,0,0,0,0,100,0,0,0,0,0,0,0,0,0,0,100,0,0,0,0,0,0,0,1,0,0,0,0,1,0,0,0,0,1,0,0,0
0,0,0,0,0,99.528,0,0,0.2362,0,0.2362,0,0.47239,0,0,0.49798,99.03,0,0,0,0,0,0,0,0,0,0,99.03,0.49798,0.2362,0.2362,0,0,0,0,1,0,0,0,0,1,0,0,0,0,1,0,0,0
0,0,0,0,0,100,0,0,0,0,0,0,0,0,0,0,100,0,0,0,0,0,0,0,0,0,0,100,0,0,0,0,0,0,0,1,0,0,0,0,1,0,0,0,0,1,0,0,0
0,0,3.5437,0.52352,0.52352,82.486,1.5705,0,3.9936,1.3851,5.9738,5.535,3.0292,2.5148,1.3941,1.3941,83.524,0,1.5615,0,0,1.047,0.51444,1.9913,3.0292,1.5705,3.0383,81.963,1.9913,0,2.423,2.085,1.3941,0,0,1,0,0,0,0,1,0,0,0,0,1,0,0,0
1.7896,0,11.194,2.9529,3.6455,40.113,9.687,0,19.69,3.7178,7.2099,12.731,7.9354,3.8037,4.4614,6.248,38.923,1.5466,6.8469,3.5634,3.5762,10.364,4.9158,2.0777,6.8384,8.3244,12.818,27.51,8.6859,4.6859,7.4791,11.896,4.7684,0,0,0.36,0.4,0.24,0,0,1,0,0,0,0,0.32,0.44,0.24,1
2.9159,0,12.36,1.5375,4.9006,44.538,9.8425,0,11.669,5.615,6.6213,7.8948,5.2886,2.1466,3.6651,12.944,37.878,2.7541,3.6983,7.4911,6.6213,9.6182,10.554,2.0146,2.4645,6.4398,14.349,19.369,18.676,8.3946,5.8405,8.9727,2.9257,0,0,0,1,0,0,0,1,0,0,0,0,0,1,0,1
0.49548,0,8.0893,0.53956,0.80199,81.155,0.49548,0,2.828,4.5602,1.035,1.793,0.49548,0,0.49548,1.837,79.902,0.80199,0,1.5746,1.837,11.264,2.4207,0,6.4707,1.3415,2.2884,76.767,2.2884,6.3972,0.49548,1.035,0.49548,0,0,0.97561,0.02439,0,0,0,1,0,0,0,0,0.95122,0.04878,0,0
0,0,0,0,0,100,0,0,0,0,0,0,0,0,0,0,100,0,0,0,0,0,0,0,0,0,0,100,0,0,0,0,0,0,0,1,0,0,0,0,1,0,0,0,0,1,0,0,0
0.71755,0,0,0,0,98.565,0,0,0.71755,0,0,0,0,0,0,0,98.565,0,0,0,0,1.4351,0,0,0.71755,0,0.71755,98.565,0,0,0,0,0,0,0,0.94737,0.052632,0,0,0,1,0,0,0,0,0.94737,0.052632,0,0
0,0,0,0,0,100,0,0,0,0,0,0,0,0,0,0,100,0,0,0,0,0,0,0,0,0,0,100,0,0,0,0,0,0,0,1,0,0,0,0,1,0,0,0,0,1,0,0,0
3.8268,1.2731,9.5516,2.3426,7.4997,37.392,4.8709,2.7194,15.896,5.6345,8.9934,8.9845,5.1462,9.7971,4.7753,4.2716,36.265,6.5519,4.7262,3.3562,10.018,6.1078,5.0534,11.314,6.4191,4.8204,6.5607,31.489,6.1281,5.9387,6.3292,8.3362,7.6117,0,0,1,0,0,0,0,1,0,0,0,0,1,0,0,0
2.6077,1.2027,4.3712,1.8496,3.1689,66.696,1.1607,1.3537,10.134,3.774,3.6817,7.3138,4.844,4.4832,0.96862,6.1825,61.073,4.3163,1.2151,1.3827,5.0986,3.1221,6.1042,3.6793,4.8789,1.3982,4.1285,58.943,6.4672,2.9951,3.147,4.6069,3.6517,0,0,1,0,0,0,0,1,0,0,0,0,1,0,0,0
2.9936,0.22229,5.1469,1.0397,5.5655,54.292,2.1014,2.1509,16.49,5.923,4.075,6.0947,7.7479,6.3748,2.7059,4.6004,52.792,4.1261,1.7326,1.9035,6.6244,5.2981,5.0496,7.0421,5.1651,2.3742,4.8467,48.068,4.3555,4.3125,5.5049,6.3452,6.936,0,0,1,0,0,0,0,1,0,0,0,0,1,0,0,0
2.8897,1.6794,13.497,3.1771,6.1093,35.068,3.9347,2.5454,18.485,6.9706,5.644,10.053,8.1669,10.962,4.0843,8.0545,30.547,5.4436,4.7306,3.9936,7.1816,6.7835,11.756,11.955,7.7226,3.3279,5.8204,26.635,5,5.4847,5.3296,7.2306,9.7377,0,0,0,0,1,1,0,0,0,0,0,0,0,0.035088,0.96491,1
2.8644,0.44193,8.5897,0.44193,0,72.27,0,0,14.951,0,0.44193,5.9499,9.0132,0,0,0.93686,74.049,0,1.1337,0,2.7159,6.2018,1.3258,7.6529,3.8012,0,2.8644,71.828,0.44193,0,3.9808,2.221,5.8844,0,0,1,0,0,0,0,1,0,0,0,0,1,0,0,0
1.4588,0.41821,1.45,0.41821,0,89.419,0,0,5.3744,0.2017,1.2601,2.7135,4.3159,0,0.40339,0.61991,89.277,0,0.95283,0,0.27668,1.4408,1.2546,1.0317,1.8771,0,1.4588,88.799,0.61991,0.84187,1.1186,0.68008,2.3186,0,0,1,0,0,0,0,1,0,0,0,0,1,0,0,0
0,0,0,0,0,99.566,0,0,0.21695,0,0.21695,0,0.43389,0,0,0,99.566,0,0,0,0,0,0,0,0,0,0,99.566,0,0.21695,0.21695,0,0,0,0,1,0,0,0,0,1,0,0,0,0,1,0,0,0
0.38414,0,0.83699,0,0,95.63,0,0,2.8557,0,0.29352,0.94213,1.2502,0,0,0.279,95.63,0,1.0621,0,0.279,0.55799,0,0.55799,0.66314,0,0.38414,95.63,0,0.29352,0.85151,0,1.6201,0,0,1,0,0,0,0,1,0,0,0,0,1,0,0,0
0,0,0,0,0,100,0,0,0,0,0,0,0,0,0,0,100,0,0,0,0,0,0,0,0,0,0,100,0,0,0,0,0,0,0,1,0,0,0,0,1,0,0,0,0,1,0,0,0
0,0,0,0,0,96.119,0,0,3.8807,0,0,0.97018,0,0,0.68976,0,96.4,0,0.97018,0,0,0.97018,0,0,0,0,0,96.119,0,0,0,0.97018,2.9105,0,0,1,0,0,0,0,1,0,0,0,0,1,0,0,0
0,0,0,0,0,100,0,0,0,0,0,0,0,0,0,0,100,0,0,0,0,0,0,0,0,0,0,100,0,0,0,0,0,0,0,1,0,0,0,0,1,0,0,0,0,1,0,0,0
0,0,0,0,0,96.801,0,0,3.1994,0,0,0.79986,0,0,0.30498,0,97.295,0,0.79986,0,0,0.79986,0,0,0,0,0,96.801,0,0,0,0.79986,2.3996,0,0,1,0,0,0,0,1,0,0,0,0,1,0,0,0
0,0,6.5931,0,0,74.549,0,0,18.858,0,0,7.5934,1.2429,1.5834,0.45933,1.7269,76.095,0,0.86609,0,2.6751,7.7581,0,5.0816,1.5115,0,0,74.549,0,2.6218,4.0795,5.0601,7.0964,0,0,1,0,0,0,0,1,0,0,0,0,1,0,0,0
0,0,7.751,0,0,64.738,0,0,27.511,0,0,11.717,1.066,2.7113,0.40792,1.9911,66.754,0,1.5614,0,3.3425,10.449,0,6.0282,1.7228,0,0,64.738,0,2.316,7.0597,4.8309,13.305,0,0,0.16667,0.095238,0.7381,0,0,1,0,0,0,0,1,0,0,0
0,0,4.4547,0,0,76.815,0,0,18.73,0,0,7.1956,0,1.3107,1.8821,0.94311,77.415,0.56526,0.87074,0,2.2274,7.5899,0,4.4547,0,0,0,76.815,0,2.2805,3.1523,5.5331,7.764,0,0,1,0,0,0,0,1,0,0,0,0,1,0,0,0
0,0,7.5659,0,0,61.447,0,0,30.987,0,0,11.269,0,2.737,2.9223,1.4409,61.911,0.33118,2.2623,0,3.7829,13.343,0,6.8981,0.6678,0,0,61.447,0,3.0407,7.7637,6.181,14.002,0,0,0.035088,0.36842,0.59649,0,0,1,0,0,0,0,1,0,0,0
0,0,0,0,0,100,0,0,0,0,0,0,0,0,0,0,100,0,0,0,0,0,0,0,0,0,0,100,0,0,0,0,0,0,0,1,0,0,0,0,1,0,0,0,0,1,0,0,0
0,0,0,0,0,96.312,0,0,3.6876,0,0,1.0212,0,0,0,0,96.642,0.69133,0.32988,0.29414,0,1.0212,0,0,0,0,0,96.312,0,0,0,1.0212,2.6664,0,0,1,0,0,0,0,1,0,0,0,0,1,0,0,0
0,0,5.8677,0,0,77.432,0,0,16.7,0,0,5.8975,2.0059,0,2.9339,0,77.987,0.31025,0.55479,0.42872,2.9339,6.9482,0,5.8677,0,0,0,77.432,0,0.54755,5.2983,3.4887,7.3657,0,0,1,0,0,0,0,1,0,0,0,0,1,0,0,0
0,0,0,0,0,99.639,0,0,0.36108,0,0,0,0,0,0,0,99.639,0,0,0.36108,0,0,0,0,0,0,0,99.639,0,0,0,0,0.36108,0,0,1,0,0,0,0,1,0,0,0,0,1,0,0,0
0,0,0.9056,0,0,91.862,0,0,7.2322,0,0,1.9287,0.4528,0,0.4528,0,93.338,0,0,1.446,0.4528,1.9287,0,0.9056,0,0,0,91.862,0,0,0.4528,0.4528,6.3266,0,0,1,0,0,0,0,1,0,0,0,0,1,0,0,0
0.353,1.7281,26.542,1.0031,4.1822,25.436,3.7451,2.5975,28.37,4.5482,1.4948,7.3831,8.1644,11.915,5.5658,11.084,24.131,6.2061,5.3067,4.3214,7.3385,8.5845,15.524,17.451,8.2598,2.1578,4.646,19.03,0.5668,3.5581,5.4346,6.6701,16.702,0,0,0,0.038462,0.96154,0.88462,0.11538,0,0,0,0,0,0,0.15385,0.84615,1
0,0,0,0,0,100,0,0,0,0,0,0,0,0,0,0,100,0,0,0,0,0,0,0,0,0,0,100,0,0,0,0,0,0,0,0,0.19672,0.80328,0,0,1,0,0,0,0,1,0,0,0
0,0,0,0,0,100,0,0,0,0,0,0,0,0,0,0,100,0,0,0,0,0,0,0,0,0,0,100,0,0,0,0,0,0,0,0,0.40426,0.59574,0,0,1,0,0,0,0,1,0,0,0
0,0,0,0,0,100,0,0,0,0,0,0,0,0,0,0,100,0,0,0,0,0,0,0,0,0,0,100,0,0,0,0,0,0,0,0.021739,0.26087,0.71739,0,0,1,0,0,0,0,1,0,0,0
0,0,0,0,0,100,0,0,0,0,0,0,0,0,0,0,100,0,0,0,0,0,0,0,0,0,0,100,0,0,0,0,0,0,0,0,0.2,0.8,0,0,1,0,0,0,0,1,0,0,0
0,0,0,0,0,100,0,0,0,0,0,0,0,0,0,0,100,0,0,0,0,0,0,0,0,0,0,100,0,0,0,0,0,0,0,0,0.25424,0.74576,0,0,1,0,0,0,0,1,0,0,0
0,0,0,0,0,100,0,0,0,0,0,0,0,0,0,0,100,0,0,0,0,0,0,0,0,0,0,100,0,0,0,0,0,0,0,0.044444,0.15556,0.8,0,0,1,0,0,0,0,1,0,0,0
0,0,0,0,0,100,0,0,0,0,0,0,0,0,0,0,100,0,0,0,0,0,0,0,0,0,0,100,0,0,0,0,0,0,0,0,0.33962,0.66038,0,0,1,0,0,0,0,1,0,0,0
0,0,0,0,0,100,0,0,0,0,0,0,0,0,0,0,100,0,0,0,0,0,0,0,0,0,0,100,0,0,0,0,0,0,0,0,0.2449,0.7551,0,0,1,0,0,0,0,1,0,0,0
0,0,0,0,0,100,0,0,0,0,0,0,0,0,0,0,100,0,0,0,0,0,0,0,0,0,0,100,0,0,0,0,0,0,0,0,0.33333,0.66667,0,0,1,0,0,0,0,1,0,0,0
0,0,0,0,0,100,0,0,0,0,0,0,0,0,0,0,100,0,0,0,0,0,0,0,0,0,0,100,0,0,0,0,0,0,0,0.02,0.26,0.72,0,0,1,0,0,0,0,1,0,0,0
0,0,0,0,0,100,0,0,0,0,0,0,0,0,0,0,100,0,0,0,0,0,0,0,0,0,0,100,0,0,0,0,0,0,0,0.021739,0.17391,0.80435,0,0,1,0,0,0,0,1,0,0,0
0,0,0,0,0,100,0,0,0,0,0,0,0,0,0,0,100,0,0,0,0,0,0,0,0,0,0,100,0,0,0,0,0,0,0,0,0.2037,0.7963,0,0,1,0,0,0,0,1,0,0,0
0,0,0,0,0,100,0,0,0,0,0,0,0,0,0,0,100,0,0,0,0,0,0,0,0,0,0,100,0,0,0,0,0,0,0,0,0.19231,0.80769,0,0,1,0,0,0,0,1,0,0,0
0,0,0,0,0,100,0,0,0,0,0,0,0,0,0,0,100,0,0,0,0,0,0,0,0,0,0,100,0,0,0,0,0,0,0,0,0.06,0.94,0,0,1,0,0,0,0,1,0,0,0
0,0,0,0,0,100,0,0,0,0,0,0,0,0,0,0,100,0,0,0,0,0,0,0,0,0,0,100,0,0,0,0,0,0,0,0.13953,0.23256,0.62791,0,0,1,0,0,0,0,1,0,0,0
0,0,0,0,0,100,0,0,0,0,0,0,0,0,0,0,100,0,0,0,0,0,0,0,0,0,0,100,0,0,0,0,0,0,0,0,0.28571,0.71429,0,0,1,0,0,0,0,1,0,0,0
0,0,0,0,0,100,0,0,0,0,0,0,0,0,0,0,100,0,0,0,0,0,0,0,0,0,0,100,0,0,0,0,0,0,0,0.1,0.25,0.65,0,0,1,0,0,0,0,1,0,0,0
0,0.48963,4.3971,24.274,17.082,26.338,17.101,8.7011,1.6176,0,0,5.3091,15.765,6.8605,11.369,3.7363,20.267,14.113,10.9,1.6967,5.7301,4.2534,6.6705,13.906,14.26,0.48963,0.82664,2.3005,9.0095,12.306,22.52,3.4668,14.244,0.090909,0.72727,0.18182,0,0,0,0,0.36364,0.63636,0,0.63636,0.090909,0.27273,0,0,1
0,0,8.7763,0,0,73.657,0,0,17.566,0,0,8.4528,2.2804,0,1.2935,0,75.725,2.224,0,0,2.0678,7.9564,0,4.4281,4.3481,0,0,73.657,0,0,3.3833,6.8401,7.343,0,0,0.019608,0.17647,0.80392,0,0,1,0,0,0,0,1,0,0,0
0,0,7.6033,0,0,74.992,0,0,17.405,0,0,9.4869,2.1989,1.2583,0.24809,0,76.249,1.3601,0,0.20242,0.4456,8.5509,0,2.6171,4.9862,0,0,74.992,0,0.4456,3.9383,4.9792,8.0419,0,0,1,0,0,0,0,1,0,0,0,0,1,0,0,0
0,0,11.028,0,0,61.369,0,0,27.604,0,0,13.523,1.9557,1.421,0.66091,1.7222,63.4,0.3149,0,1.2516,3.955,11.796,1.7222,2.346,6.9598,0,0,61.369,0,2.2877,5.7539,7.9097,11.652,0,0,0,0.33333,0.66667,0,0,1,0,0,0,0,1,0,0,0
0,0,8.4265,0,0,89.697,0,0,1.8767,0,0,0,0.88899,0.8109,0,0.40545,90.102,2.3297,0.93836,0.40545,0,4.1189,1.6218,3.2187,0,0,0,89.697,0,0,0,0.93836,4.5243,0,0,0.025,0.225,0.75,0,0,1,0,0,0,0,1,0,0,0
0,0,8.9245,0,0,77.412,0,0,13.663,0,0,5.2167,6.1084,0,0,1.7161,78.298,0,0.91782,0,2.6014,5.1419,0,8.5993,0.32524,0,0,77.412,0,0.30615,4.2612,1.4924,7.6034,0,0,0.021739,0.17391,0.80435,0,0,1,0,0,0,0,1,0,0,0
0,0,0,0,0,100,0,0,0,0,0,0,0,0,0,0,100,0,0,0,0,0,0,0,0,0,0,100,0,0,0,0,0,0,0,0,0.17391,0.82609,0,0,1,0,0,0,0,1,0,0,0
