h1,h2,h3,h4,h5,h6,h7,h8,h9,h10,h11,h12,h13,h14,h15,h16,h17,h18,h19,h20,h21,h22,h23,h24,h25,h26,h27,h28,h29,h30,h31,h32,h33,h34,h35,h36,h37,h38,h39,h40,h41,h42,h43,h44,h45,h46,h47,h48,label
0,0,0,0,0,100,0,0,0,0,0,0,0,0,0,0,100,0,0,0,0,0,0,0,0,0,0,100,0,0,0,0,0,0,0,1,0,0,0,0,1,0,0,0,0,1,0,0,0
0,0,0,0,0,100,0,0,0,0,0,0,0,0,0,0,100,0,0,0,0,0,0,0,0,0,0,100,0,0,0,0,0,0,0,1,0,0,0,0,1,0,0,0,0,1,0,0,0
0,0,0,0,0,84.768,0,0,15.232,0,0,2.3936,0.85416,0,2.3936,0,84.768,0.85416,0,1.5395,0,7.1964,0,0,0,0,0,84.768,0,0,0,6.4956,8.7359,0,0,1,0,0,0,0,1,0,0,0,0,1,0,0,0
0,0,0,0,0,87.398,5.6915,0,6.9109,0,0,0,0,0,0,4.0652,86.379,0,2.8457,0,2.8457,3.8638,4.0652,2.8457,2.8457,0,0,86.379,0,0,0,2.8457,1.0181,0,0,1,0,0,0,0,1,0,0,0,0,1,0,0,0
0,0,1.6185,1.982,1.6185,69.073,7.9225,5.5274,11.003,0.62746,0.62746,4.9,2.918,0,0,2.973,70.428,1.982,3.1298,2.8734,5.3757,5.4202,5.7468,9.9567,4.4843,2.918,0,68.446,0,0.99101,2.973,2.5023,1.982,0,0,1,0,0,0,0,1,0,0,0,0,1,0,0,0
0,0,0,0,0,100,0,0,0,0,0,0,0,0,0,0,100,0,0,0,0,0,0,0,0,0,0,100,0,0,0,0,0,0,0,1,0,0,0,0,1,0,0,0,0,1,0,0,0
0,0,0,0,0,100,0,0,0,0,0,0,0,0,0,0,100,0,0,0,0,0,0,0,0,0,0,100,0,0,0,0,0,0,0,1,0,0,0,0,1,0,0,0,0,1,0,0,0
0,0,0,0,0,100,0,0,0,0,0,0,0,0,0,0,100,0,0,0,0,0,0,0,0,0,0,100,0,0,0,0,0,0,0,1,0,0,0,0,1,0,0,0,0,1,0,0,0
0,0,0,0,0,95.951,2.6991,0,1.3496,0,0,0,0,0,0,0,94.846,0,1.3496,0,1.3496,2.4547,0,1.3496,1.3496,0,0,94.846,0,0,0,1.3496,1.1052,0,0,1,0,0,0,0,1,0,0,0,0,1,0,0,0
0,0,1.5879,1.612,3.3162,68.782,3.4115,6.8895,12.26,1.358,0.78196,3.8713,1.3446,0,0.74541,7.7766,69.421,2.7641,1.358,3.8973,3.728,5.0934,10.341,5.0225,2.3574,3.0047,0,64.421,0,2.5342,3.7394,4.1338,4.4461,0,0,1,0,0,0,0,1,0,0,0,0,1,0,0,0
0,0,0,0,0,100,0,0,0,0,0,0,0,0,0,0,98.324,0,0,0,0,1.676,0,0,0,0,0,98.324,0,0,0,0,1.676,0,0,1,0,0,0,0,1,0,0,0,0,1,0,0,0
0,0,0.73302,0,0.73302,77.934,6.7477,4.8981,7.4881,0.73302,0.73302,3.3812,0,0,0.83301,1.666,76.319,0,4.9891,3.0321,4.7399,5.0399,5.2311,4.1069,3.3739,2.499,0,73.82,0,0,0.83301,9.3033,0.83301,0,0,1,0,0,0,0,1,0,0,0,0,1,0,0,0
0,0,0,7.3704,0,82.333,3.0092,3.0092,4.2786,0,0,10.38,3.0092,0,0,1.2694,82.333,0,0,0,0,3.0092,1.2694,6.0184,7.3704,3.0092,0,82.333,0,0,0,0,0,0,0,1,0,0,0,0,1,0,0,0,0,1,0,0,0
0,0,0,3.7412,0,94.218,0.6804,0.6804,0.6804,0,0,4.4216,0.6804,0,0,0,94.218,0,0,0,0,0.6804,0,1.3608,3.7412,0.6804,0,94.218,0,0,0,0,0,0,0,1,0,0,0,0,1,0,0,0,0,1,0,0,0
0,0,1.6858,5.2876,3.7722,64.842,3.8867,5.2702,13.289,1.3309,0.63543,6.3012,0.69546,0,0.5068,8.6094,68.205,3.4917,2.072,3.4635,4.3932,2.2615,10.169,4.3246,6.5355,1.5204,0,63.193,0,3.1368,4.3534,4.1592,2.6076,0,0,1,0,0,0,0,1,0,0,0,0,1,0,0,0
0,0,0.67618,1.3524,0.67618,85.816,2.2487,3.6011,5.6296,0,0,3.6011,2.2487,0,0,2.0285,87.168,1.3524,0,0.67618,0.67618,2.2487,1.3524,5.1736,1.3524,2.2487,0,85.816,0,0.67618,2.0285,0,1.3524,0,0.22642,0.77358,0,0,0,0,0.90566,0.09434,0,0.037736,0.13208,0.83019,0,0,0
0,0,0,0,0,100,0,0,0,0,0,0,0,0,0,0,100,0,0,0,0,0,0,0,0,0,0,100,0,0,0,0,0,0,0.032258,0.96774,0,0,0,0,0.96774,0.032258,0,0,0.032258,0.96774,0,0,0
0,0,0,0,0,93.612,0,0,6.3884,0,0,1.2777,1.2777,0,1.2777,0,93.612,1.2777,0,0,0,1.2777,0,0,0,0,0,93.612,0,0,0,5.1107,1.2777,0,0,1,0,0,0,0,1,0,0,0,0,1,0,0,0
0,0,0,2.6441,0,97.356,0,0,0,0,0,2.6441,0,0,0,0,97.356,0,0,0,0,0,0,0,2.6441,0,0,97.356,0,0,0,0,0,0,0.17073,0.82927,0,0,0,0,0.85366,0.14634,0,0.04878,0.097561,0.85366,0,0,0
0,0,0,0,0,70.454,0,0,29.546,0,0,10.669,5.9093,0,1.1496,0,70.454,5.9093,0,0,0,5.9093,0,0,0,0,0,70.454,0,0,3.0246,20.612,5.9093,0,0,1,0,0,0,0,1,0,0,0,0,1,0,0,0
0.61076,0,0.70044,1.7666,11.633,20.657,15.548,14.416,21.463,11.894,1.3112,4.2391,4.4185,0.61076,2.4324,12.454,40.543,12.357,6.1414,3.957,8.0079,4.8391,12.774,11.938,5.6285,9.3574,0,16.279,0,12.586,12.584,14.74,4.1141,0,1,0,0,0,0,0,0,1,0,1,0,0,0,0,1
0.94622,0,0.9963,2.5,3.2763,25.3,13.172,23.659,24.739,4.9246,0.48673,10.862,1.9897,0.94622,3.5414,12.255,41.385,6.5934,3.0828,4.5171,4.032,10.796,8.1201,9.2382,9.2704,14.188,0,17.741,0,4.2204,10.998,17.999,8.2255,0,0.0081967,0.9918,0,0,0,0,0.9918,0.0081967,0,0,0.0081967,0.9918,0,0,0
0.97545,0,3.2529,3.02,6.2833,26.026,10.347,14.048,22.573,10.766,2.7094,5.2055,2.5718,0.97545,0.62237,7.8273,46.638,9.2167,5.77,8.0164,12.059,1.0975,18.806,8.9713,8.7429,8.225,0,22.566,0,6.2324,11.583,7.8653,7.0079,0,0.96774,0.032258,0,0,0,0,0.032258,0.64516,0.32258,0.96774,0,0.032258,0,0,1
2.9135,0,1.2282,2.0988,4.3694,18.821,12.934,20.067,20.322,14.385,2.8611,6.4689,1.6478,2.9135,2.5965,10.429,41.319,14.114,2.9168,6.3946,6.2297,4.9699,13.564,9.4783,8.6993,13.824,0,13.325,0,6.691,17.314,11.137,5.9677,0,0.92683,0.073171,0,0,0,0,0.073171,0.5122,0.41463,0.85366,0.073171,0.073171,0,0,1
4.7945,0,0,0,0,85.616,0,4.7945,4.7945,0,0,9.589,0,4.7945,0,0,85.616,0,0,0,0,0,0,4.7945,4.7945,4.7945,0,85.616,0,0,0,0,0,0,0,1,0,0,0,0,1,0,0,0,0,1,0,0,0
0,0,0,0,0,84.543,0,0,15.457,0,0,6.183,3.0915,0,0,0,85.799,1.835,0,0,0,3.0915,0,0,0,0,0,84.543,0,0,0,12.366,3.0915,0,0,1,0,0,0,0,1,0,0,0,0,1,0,0,0
1.2021,0,0.74685,0,0.74685,59.393,5.7353,11.488,16.79,1.9489,1.9489,3.0353,5.3418,1.2021,0.76868,1.5374,72.008,3.6062,2.2448,4.2113,3.7385,2.306,6.4518,5.4176,4.9666,6.5039,0,57.108,0,0,3.1728,11.412,4.9666,0,0,1,0,0,0,0,1,0,0,0,0,1,0,0,0
0,0,0,0,0,92.097,0,0,7.9027,0,0,3.1611,1.5805,0,0,0,93.678,0,0,0,0,1.5805,0,0,0,0,0,92.097,0,0,0,6.3222,1.5805,0,0,1,0,0,0,0,1,0,0,0,0,1,0,0,0
0,0,0,0,0,100,0,0,0,0,0,0,0,0,0,0,100,0,0,0,0,0,0,0,0,0,0,100,0,0,0,0,0,0,0,1,0,0,0,0,1,0,0,0,0,1,0,0,0
0,0,0,0,0,100,0,0,0,0,0,0,0,0,0,0,100,0,0,0,0,0,0,0,0,0,0,100,0,0,0,0,0,0,0,1,0,0,0,0,1,0,0,0,0,1,0,0,0
0,0,0,0,0,100,0,0,0,0,0,0,0,0,0,0,100,0,0,0,0,0,0,0,0,0,0,100,0,0,0,0,0,0,0,1,0,0,0,0,1,0,0,0,0,1,0,0,0
0,0,0,0,0,100,0,0,0,0,0,0,0,0,0,0,100,0,0,0,0,0,0,0,0,0,0,100,0,0,0,0,0,0,0,1,0,0,0,0,1,0,0,0,0,1,0,0,0
0,0,0,0,0,100,0,0,0,0,0,0,0,0,0,0,100,0,0,0,0,0,0,0,0,0,0,100,0,0,0,0,0,0,0,1,0,0,0,0,1,0,0,0,0,1,0,0,0
0,0,0,0,0,99.255,0,0,0.74466,0,0,0.74466,0,0,0,0,99.255,0,0,0,0,0,0,0,0.74466,0,0,99.255,0,0,0,0,0,0,0,1,0,0,0,0,1,0,0,0,0,1,0,0,0
0,0,0,0,0,98.53,0,0,1.47,0,0,0,0,0,0,0,98.53,1.47,0,0,0,0,1.47,0,0,0,0,98.53,0,0,0,0,0,0,0,1,0,0,0,0,1,0,0,0,0,1,0,0,0
0,0,0,0,0,95.323,0.41156,0,4.2653,0,0,1.8584,0.41156,0,0,0,94.088,2.4069,0.41156,0.41156,0,0.41156,3.23,1.2347,1.4469,0,0,94.088,0,0,0,0,0,0,0,1,0,0,0,0,1,0,0,0,0,1,0,0,0
0,0,0.87931,0,0,93.247,1.7623,0,4.1113,0,0,0.88302,0.88302,0,0.87931,0,91.477,2.349,0.88302,0.88302,0,1.7623,4.115,4.4077,0.87931,0,0,90.598,0,0,0,0,0,0,0,1,0,0,0,0,1,0,0,0,0,1,0,0,0
0,0.55315,11.901,10.713,7.5366,52.675,3.9986,0,12.622,0,0,5.851,4.0492,0,1.7254,0.57145,73.875,5.1266,0.93326,0.57145,0.55315,6.7435,9.8935,9.7348,10.933,0,0,48.27,0,5.7767,9.687,5.7045,0,0,0,0.99038,0,0.0096154,0,0,1,0,0,0,0,0.99038,0,0.0096154,0
0,0,1.9573,0,0,92.592,2.7254,0,2.7254,0,0,0.76816,0.76816,0,1.9573,0,92.245,0,0.76816,0.76816,0,2.7254,1.5363,6.219,1.9573,0,0,90.287,0,0,0,0,0,0,0,1,0,0,0,0,1,0,0,0,0,1,0,0,0
0.939,0.80075,7.2597,7.9656,3.9439,67.464,2.0331,0,9.594,0,0,4.3756,3.6436,0,0.80075,0,74.703,3.1776,1.2324,2.1714,1.7397,8.1562,7.4426,10.13,8.4909,0,0,59.616,0,3.1776,6.3551,4.788,0,0,0,1,0,0,0,0,1,0,0,0,0,1,0,0,0
0,0,0.85911,0,0,97.423,0.85911,0,0.85911,0,0,0,0,0,0.85911,0,98.282,0,0,0,0,0.85911,0,1.7182,0.85911,0,0,97.423,0,0,0,0,0,0,0,1,0,0,0,0,1,0,0,0,0,1,0,0,0
0,0,1.3982,0,0,93.91,1.3982,0,3.2936,0,0,0,0,0,1.3982,0,95.308,0,0,0,0,3.2936,0,2.7964,3.2936,0,0,93.91,0,0,0,0,0,0,0,1,0,0,0,0,1,0,0,0,0,1,0,0,0
0,0,0,0,0,100,0,0,0,0,0,0,0,0,0,0,100,0,0,0,0,0,0,0,0,0,0,100,0,0,0,0,0,0,0,1,0,0,0,0,1,0,0,0,0,1,0,0,0
0,0,0,0,0,98.992,0,0,1.0076,0,0,0,0,0,0,0,98.992,0,0,0,0,1.0076,0,0,1.0076,0,0,98.992,0,0,0,0,0,0,0,1,0,0,0,0,1,0,0,0,0,1,0,0,0
0,0,0,0,0,100,0,0,0,0,0,0,0,0,0,0,100,0,0,0,0,0,0,0,0,0,0,100,0,0,0,0,0,0,0,1,0,0,0,0,1,0,0,0,0,1,0,0,0
0,0,0,0,0,100,0,0,0,0,0,0,0,0,0,0,100,0,0,0,0,0,0,0,0,0,0,100,0,0,0,0,0,0,0,1,0,0,0,0,1,0,0,0,0,1,0,0,0
0,0,0,0,0,100,0,0,0,0,0,0,0,0,0,0,100,0,0,0,0,0,0,0,0,0,0,100,0,0,0,0,0,0,0,1,0,0,0,0,1,0,0,0,0,1,0,0,0
0,0,0,0,0,100,0,0,0,0,0,0,0,0,0,0,100,0,0,0,0,0,0,0,0,0,0,100,0,0,0,0,0,0,0,1,0,0,0,0,1,0,0,0,0,1,0,0,0
0,0,0,0,0,100,0,0,0,0,0,0,0,0,0,0,100,0,0,0,0,0,0,0,0,0,0,100,0,0,0,0,0,0,0,1,0,0,0,0,1,0,0,0,0,1,0,0,0
0,0,0,0,0,97.705,0,0,2.2949,0,0,2.2949,0,0,0,0,93.069,0,2.2949,0,0,2.3408,0,0,0,0,0,93.069,0,0,0,4.5898,2.3408,0,0,1,0,0,0,0,1,0,0,0,0,1,0,0,0
0,0,0,0,0,100,0,0,0,0,0,0,0,0,0,0,100,0,0,0,0,0,0,0,0,0,0,100,0,0,0,0,0,0,0,1,0,0,0,0,1,0,0,0,0,1,0,0,0
0,0,0,0,0,100,0,0,0,0,0,0,0,0,0,0,100,0,0,0,0,0,0,0,0,0,0,100,0,0,0,0,0,0,0,1,0,0,0,0,1,0,0,0,0,1,0,0,0
0,0,0,0,0,98.259,0,0,1.7406,0,0,1.7406,0,0,0,0,98.259,0,0,0,0,0,0,0,1.7406,0,0,98.259,0,0,0,0,0,0,0,1,0,0,0,0,1,0,0,0,0,1,0,0,0
0,0,0,0,0,99.026,0,0,0.97409,0,0,0.97409,0,0,0,0,99.026,0,0,0,0,0,0,0,0.97409,0,0,99.026,0,0,0,0,0,0,0,1,0,0,0,0,1,0,0,0,0,1,0,0,0
0,0,4.6031,1.5264,1.5264,83.139,2.8568,0,6.3487,0,0,4.3832,5.1703,0,0,0,85.325,1.9654,0.54332,0.54332,0,2.0697,6.892,3.9434,4.6031,0,0,79.195,0,0.76321,1.5264,3.0767,0,0,0,1,0,0,0,0,1,0,0,0,0,1,0,0,0
0,0,2.0987,0,0,91.999,2.0987,0,3.8032,0,0,3.8032,4.1973,0,0,0,91.999,0,0,0,0,0,2.0987,2.0987,3.8032,0,0,89.901,0,0,0,2.0987,0,0,0,1,0,0,0,0,1,0,0,0,0,1,0,0,0
0,0,0,0,0,100,0,0,0,0,0,0,0,0,0,0,100,0,0,0,0,0,0,0,0,0,0,100,0,0,0,0,0,0,0,1,0,0,0,0,1,0,0,0,0,1,0,0,0
0,0,0,0,0,100,0,0,0,0,0,0,0,0,0,0,100,0,0,0,0,0,0,0,0,0,0,100,0,0,0,0,0,0,0,1,0,0,0,0,1,0,0,0,0,1,0,0,0
0,0,0.98054,0,0,97.058,0.98054,0,0.98054,0,0,0.98054,1.9611,0,0,0,97.058,0,0,0,0,0,0.98054,0.98054,0.98054,0,0,96.078,0,0,0,0.98054,0,0,0,1,0,0,0,0,1,0,0,0,0,1,0,0,0
0,0,0,0,0,100,0,0,0,0,0,0,0,0,0,0,100,0,0,0,0,0,0,0,0,0,0,100,0,0,0,0,0,0,0,1,0,0,0,0,1,0,0,0,0,1,0,0,0
0,0,0.75253,0,0.75253,69.597,4.2618,8.9761,14.155,0.75253,0.75253,3.0463,5.7942,0,0.91541,1.8308,75.235,0,1.968,3.173,3.4731,4.5642,5.4306,2.8834,3.3464,5.1772,0,65.196,0,0,0.91541,11.887,5.1644,0,0,1,0,0,0,0,1,0,0,0,0,1,0,0,0
3.1293,0,0,0,0,70.821,3.1793,7.8982,14.972,0,0,11.743,1.5896,3.1293,0,0,76.464,0,5.4845,0,1.5896,0,0,4.7189,6.3085,6.3085,0,66.926,0,0,0,12.559,3.1793,0,0,1,0,0,0,0,1,0,0,0,0,1,0,0,0
0,0,0,0,0,97.882,0,0,2.1181,0,0,2.1181,0,0,0,0,95.764,0,2.1181,0,0,0,0,0,0,0,0,95.764,0,0,0,4.2363,0,0,0,1,0,0,0,0,1,0,0,0,0,1,0,0,0
0,0,0,0,0,96.888,0,0,3.1123,0,0,0,3.1123,0,0,0,96.888,0,0,0,0,0,0,0,0,0,0,96.888,0,0,0,3.1123,0,0,0,1,0,0,0,0,1,0,0,0,0,1,0,0,0
2.3359,0,0,0,0,89.61,0,2.3359,5.7181,0,0,4.6719,3.3821,2.3359,0,0,89.61,0,0,0,0,0,0,2.3359,2.3359,2.3359,0,89.61,0,0,0,3.3821,0,0,0,1,0,0,0,0,1,0,0,0,0,1,0,0,0
0,0,0,0,0,92.547,0,0,7.4529,0,0,1.8632,1.8632,0,0,0,94.41,0,0,0,0,1.8632,0,0,0,0,0,92.547,0,0,0,3.7264,3.7264,0,0,1,0,0,0,0,1,0,0,0,0,1,0,0,0
0,0,0,0,0,100,0,0,0,0,0,0,0,0,0,0,100,0,0,0,0,0,0,0,0,0,0,100,0,0,0,0,0,0,0,1,0,0,0,0,1,0,0,0,0,1,0,0,0
0,0,0,0,0,91.488,0,0,8.5118,0,0,4.2559,0,0,0,2.128,91.488,0,0,0,0,2.128,0,0,0,0,0,91.488,0,0,0,4.2559,4.2559,0,0,1,0,0,0,0,1,0,0,0,0,1,0,0,0
0,0,0,0,0,100,0,0,0,0,0,0,0,0,0,0,100,0,0,0,0,0,0,0,0,0,0,100,0,0,0,0,0,0,0,1,0,0,0,0,1,0,0,0,0,1,0,0,0
0,0,0,0,0,100,0,0,0,0,0,0,0,0,0,0,100,0,0,0,0,0,0,0,0,0,0,100,0,0,0,0,0,0,0,1,0,0,0,0,1,0,0,0,0,1,0,0,0
0,0,0,0,0,100,0,0,0,0,0,0,0,0,0,0,100,0,0,0,0,0,0,0,0,0,0,100,0,0,0,0,0,0,0,1,0,0,0,0,1,0,0,0,0,1,0,0,0
0,0,0,0,0,100,0,0,0,0,0,0,0,0,0,0,100,0,0,0,0,0,0,0,0,0,0,100,0,0,0,0,0,0,0,1,0,0,0,0,1,0,0,0,0,1,0,0,0
0,0,0,0,0,100,0,0,0,0,0,0,0,0,0,0,100,0,0,0,0,0,0,0,0,0,0,100,0,0,0,0,0,0,0,1,0,0,0,0,1,0,0,0,0,1,0,0,0
0,0,0,0,0,91.297,0,0,8.7029,0,0,2.1757,0,0,0,2.1757,91.297,0,0,0,0,4.3514,0,0,0,0,0,91.297,0,0,0,4.3514,4.3514,0,0,1,0,0,0,0,1,0,0,0,0,1,0,0,0
0,0,0,0,0,100,0,0,0,0,0,0,0,0,0,0,100,0,0,0,0,0,0,0,0,0,0,100,0,0,0,0,0,0,0,1,0,0,0,0,1,0,0,0,0,1,0,0,0
0,0,0,0,0,92.711,0,0,7.2892,0,0,3.6446,0,0,0,1.8223,92.711,0,0,0,0,1.8223,0,0,0,0,0,92.711,0,0,0,3.6446,3.6446,0,0,1,0,0,0,0,1,0,0,0,0,1,0,0,0
0.8617,1.8233,13.807,18.166,12.86,36.126,8.7797,0,7.5759,0,0,3.6718,9.0136,0,1.3925,2.3827,65.022,4.7464,5.0922,3.4229,0.96157,4.2945,11.762,22.263,8.6802,0,0,23.323,0,11.998,15.893,6.08,0,0,0,0,0,1,0,0,1,0,0,0,0,0,0,1,1
0,0,9.228,9.5562,7.0485,60.475,3.2367,0,10.455,0,0,6.8851,2.6189,0,0,1.2478,77.23,2.9403,1.9889,2.0949,0,4.9942,9.2812,7.9627,9.3593,0,0,54.914,0,5.6049,8.9262,3.9513,0,0,0,0.98592,0,0.014085,0,0,1,0,0,0,0,0.90141,0.084507,0.014085,0
2.1237,4.5665,16.48,16.606,12.503,32.675,8.0572,0,6.9885,0,0,4.0462,6.4785,0,4.1064,2.4015,59.464,7.515,2.619,3.7439,3.8252,5.8008,16.532,18.299,13.996,0,0,20.463,0,9.5547,15.174,5.9819,0,0,0,0.088235,0.058824,0.85294,0,0,1,0,0,0,0,0.073529,0.058824,0.86765,1
1.5612,2.8164,8.0135,7.9392,4.1056,66.066,2.3128,0,7.1855,0,0,1.2892,2.5444,0,2.3128,1.5612,77.913,5.6667,0,1.5612,1.2552,5.8963,4.3775,11.616,10.274,0,0,62.266,0,2.5444,5.0889,3.8336,0,0,0,1,0,0,0,0,1,0,0,0,0,1,0,0,0
0,0,0,0,0,100,0,0,0,0,0,0,0,0,0,0,100,0,0,0,0,0,0,0,0,0,0,100,0,0,0,0,0,0,0,1,0,0,0,0,1,0,0,0,0,1,0,0,0
0,0,0,0,0,100,0,0,0,0,0,0,0,0,0,0,100,0,0,0,0,0,0,0,0,0,0,100,0,0,0,0,0,0,0,1,0,0,0,0,1,0,0,0,0,1,0,0,0
1.5713,0,1.5713,0,0,96.857,0,0,0,0,0,0,0,0,0,0,95.286,0,0,1.5713,1.5713,1.5713,3.1427,0,1.5713,0,0,95.286,0,0,0,0,0,0,0,1,0,0,0,0,1,0,0,0,0,1,0,0,0
0,0,0,0,0,100,0,0,0,0,0,0,0,0,0,0,100,0,0,0,0,0,0,0,0,0,0,100,0,0,0,0,0,0,0,1,0,0,0,0,1,0,0,0,0,1,0,0,0
1.9985,0,4.7212,2.2449,0.74832,85.59,1.2261,0,3.471,0,0,0.74832,0.74832,0,1.2261,0,87.811,0.74832,0,1.9985,1.9985,4.7212,3.9971,4.6971,4.7212,0,0,82.843,0,0.74832,1.4966,1.4966,0,0,0,1,0,0,0,0,1,0,0,0,0,1,0,0,0
2.4354,0,2.4354,0,0,93.225,0,0,1.9043,0,0,0,0,0,0,0,90.79,0,0,2.4354,2.4354,4.3397,4.8708,0,4.3397,0,0,90.79,0,0,0,0,0,0,0,1,0,0,0,0,1,0,0,0,0,1,0,0,0
0,0,0,0,0,98.146,0,0,1.8542,0,0,0,0,0,0,0,98.146,0,0,0,0,1.8542,0,0,1.8542,0,0,98.146,0,0,0,0,0,0,0,1,0,0,0,0,1,0,0,0,0,1,0,0,0
0,0,0,0,0,98.952,0,0,1.048,0,0,0,0,0,0,0,98.952,0,0,0,0,1.048,0,0,1.048,0,0,98.952,0,0,0,0,0,0,0,1,0,0,0,0,1,0,0,0,0,1,0,0,0
0.92525,0,0.92525,0,0,98.15,0,0,0,0,0,0,0,0,0,0,97.224,0,0,0.92525,0.92525,0.92525,1.8505,0,0.92525,0,0,97.224,0,0,0,0,0,0,0,1,0,0,0,0,1,0,0,0,0,1,0,0,0
0,0,0,0,0,100,0,0,0,0,0,0,0,0,0,0,100,0,0,0,0,0,0,0,0,0,0,100,0,0,0,0,0,0,0,1,0,0,0,0,1,0,0,0,0,1,0,0,0
0,0,0,0,0,100,0,0,0,0,0,0,0,0,0,0,100,0,0,0,0,0,0,0,0,0,0,100,0,0,0,0,0,0,0,1,0,0,0,0,1,0,0,0,0,1,0,0,0
0,0,0,0,0,100,0,0,0,0,0,0,0,0,0,0,100,0,0,0,0,0,0,0,0,0,0,100,0,0,0,0,0,0,0,1,0,0,0,0,1,0,0,0,0,1,0,0,0
0,0,0,0,0,100,0,0,0,0,0,0,0,0,0,0,100,0,0,0,0,0,0,0,0,0,0,100,0,0,0,0,0,0,0,1,0,0,0,0,1,0,0,0,0,1,0,0,0
0,0,0,0,0,100,0,0,0,0,0,0,0,0,0,0,100,0,0,0,0,0,0,0,0,0,0,100,0,0,0,0,0,0,0,1,0,0,0,0,1,0,0,0,0,1,0,0,0
0,0,0,0,0,100,0,0,0,0,0,0,0,0,0,0,100,0,0,0,0,0,0,0,0,0,0,100,0,0,0,0,0,0,0,1,0,0,0,0,1,0,0,0,0,1,0,0,0
0,0,0,0,0,100,0,0,0,0,0,0,0,0,0,0,100,0,0,0,0,0,0,0,0,0,0,100,0,0,0,0,0,0,0,1,0,0,0,0,1,0,0,0,0,1,0,0,0
0,0,0,0,0,100,0,0,0,0,0,0,0,0,0,0,100,0,0,0,0,0,0,0,0,0,0,100,0,0,0,0,0,0,0,1,0,0,0,0,1,0,0,0,0,1,0,0,0
0,0,0,0,0,88.158,0,0,11.842,0,0,4.7367,0,0,0,2.3683,88.158,0,0,0,0,4.7367,0,0,0,0,0,88.158,0,0,2.3683,4.7367,4.7367,0,0,1,0,0,0,0,1,0,0,0,0,1,0,0,0
0,0,0,0,0,100,0,0,0,0,0,0,0,0,0,0,100,0,0,0,0,0,0,0,0,0,0,100,0,0,0,0,0,0,0,1,0,0,0,0,1,0,0,0,0,1,0,0,0
0,0,0,0,0,92.777,0,0,7.2227,0,0,3.6113,0,0,0,1.8057,92.777,0,0,0,0,1.8057,0,0,0,0,0,92.777,0,0,0,3.6113,3.6113,0,0,1,0,0,0,0,1,0,0,0,0,1,0,0,0
0,0,0,0,0,100,0,0,0,0,0,0,0,0,0,0,100,0,0,0,0,0,0,0,0,0,0,100,0,0,0,0,0,0,0,1,0,0,0,0,1,0,0,0,0,1,0,0,0
0,0,0,0,0,100,0,0,0,0,0,0,0,0,0,0,100,0,0,0,0,0,0,0,0,0,0,100,0,0,0,0,0,0,0,1,0,0,0,0,1,0,0,0,0,1,0,0,0
0,0,0,0,0,100,0,0,0,0,0,0,0,0,0,0,100,0,0,0,0,0,0,0,0,0,0,100,0,0,0,0,0,0,0,1,0,0,0,0,1,0,0,0,0,1,0,0,0
0,0,0,0,0,100,0,0,0,0,0,0,0,0,0,0,100,0,0,0,0,0,0,0,0,0,0,100,0,0,0,0,0,0,0,1,0,0,0,0,1,0,0,0,0,1,0,0,0
0,0,0,0,0,100,0,0,0,0,0,0,0,0,0,0,100,0,0,0,0,0,0,0,0,0,0,100,0,0,0,0,0,0,0,1,0,0,0,0,1,0,0,0,0,1,0,0,0
0,0,0,0,0,92.011,0,0,7.9888,0,0,3.1955,0,0,0,1.5978,92.011,0,0,0,0,3.1955,0,0,0,0,0,92.011,0,0,0,4.7933,3.1955,0,0,1,0,0,0,0,1,0,0,0,0,1,0,0,0
0,0,0,0,0,100,0,0,0,0,0,0,0,0,0,0,100,0,0,0,0,0,0,0,0,0,0,100,0,0,0,0,0,0,0,1,0,0,0,0,1,0,0,0,0,1,0,0,0
0,0,0,0,0,94.852,0,0,5.148,0,0,1.287,0,0,1.287,0,96.139,0,0,0,0,1.287,0,0,0,0,0,94.852,0,0,0,2.574,2.574,0,0,1,0,0,0,0,1,0,0,0,0,1,0,0,0
0.9599,0,2.7098,8.6103,6.515,10.544,9.0938,22.086,21.701,16.513,1.2671,6.8504,0.81237,0.9599,4.4218,14.791,35.533,17.84,4.8623,4.9007,6.6193,2.4086,14.575,6.6176,10.178,9.2137,0,5.1982,0,8.753,26.25,8.0241,11.19,0,0.76316,0.23684,0,0,0,0,0,1,0,1,0,0,0,0,1
2.6875,0,1.1898,1.8299,13.081,2.9196,17.67,14.337,29.315,14.007,2.9623,3.4948,4.6329,2.6875,0.49793,14.029,34.419,20.18,4.9077,4.9248,8.7327,1.4938,12.988,15.659,8.7139,10.24,0,1.649,0,15.167,17.302,11.927,6.3535,0,1,0,0,0,0,0,0,1,0,1,0,0,0,0,1
2.224,0,1.4469,3.9781,9.8072,7.4129,12.548,22.391,28.939,8.6141,2.6384,6.377,3.8631,2.224,3.2124,11.907,33.53,16.861,6.1909,5.7989,6.139,3.8971,12.137,13.206,9.016,9.5493,0,2.487,0,9.3927,16.733,16.55,10.929,0,0.72222,0.27778,0,0,0,0,0,1,0,1,0,0,0,0,1
0.49782,0,0.91242,4.5095,7.9801,8.9277,14.523,21.214,22.629,18.479,0.32764,5.4257,3.2,0.49782,3.9914,12.292,41.63,13.744,6.8676,2.2192,8.1775,1.9546,11.779,6.5044,9.6435,13.187,0,3.9571,0,11.062,20.488,14.303,9.0758,0,0.93878,0.061224,0,0,0,0,0.081633,0.87755,0.040816,0.87755,0.061224,0.061224,0,0,1
1.5447,3.4056,23.922,22.328,14.051,15.471,6.5914,0,12.687,0,0,7.4841,4.2937,0,1.8609,5.4905,55.551,8.9177,0.37192,5.8625,1.8609,8.3067,18.249,15.992,19.976,0,0,5.0393,0,9.7741,19.548,11.422,0,0,0,0,0,1,0,0,1,0,0,0,0,0,0,1,1
3.1885,4.8766,19.548,22.115,18.819,16.281,7.7991,0,7.3739,0,0,4.411,9.1991,0,1.6882,3.1885,55.978,10.224,5.5149,3.4894,1.6882,4.6188,18.542,24.092,14.334,0,0,5.3877,0,14.275,18.122,5.2471,0,0,0,0.016129,0.032258,0.95161,0,0,1,0,0,0,0,0.016129,0.032258,0.95161,1
5.7309,5.2257,23.631,21.34,15.107,14.577,4.3793,0,10.01,0,0,4.1667,4.8414,0,0.36297,6.7533,52.393,13.579,2.4887,7.5221,0.50519,7.3875,18.067,25.004,19.878,0,0,7.1755,0,9.1058,13.761,7.0081,0,0,0,0.027778,0.027778,0.94444,0,0,1,0,0,0,0,0.013889,0.027778,0.95833,1
0.64338,5.3509,18.131,25.12,14.612,20.509,10.197,0,5.4374,0,0,2.5238,8.3434,0,5.3509,2.9545,57.912,7.1634,1.8914,3.5978,5.9943,4.2683,13.618,20.742,13.285,0,0,3.2169,0,13.901,24.018,11.219,0,0,0,0.2381,0.14286,0.61905,0,0,1,0,0,0,0,0.21429,0.11905,0.66667,1
0,0,8.1207,0,0,67.149,0,0,24.73,0,0,5.9371,0,0,9.7608,0,71.344,0,0,0,3.9261,9.0323,4.1945,0,3.9261,0,0,67.149,0,0,3.0952,15.698,5.9371,0,0,0,0.032258,0.96774,0,0,1,0,0,0,0,1,0,0,0
0,0,1.4108,0,0,74.443,0,0,24.147,0,0,8.4958,0.47403,0,4.4411,0,75.14,0,0,2.2843,0.7136,8.4514,0.69721,0,0.7136,0,0,74.443,0,0,0.47403,9.3909,14.282,0,0,0.96923,0,0.030769,0,0,1,0,0,0,0,1,0,0,0
0,0,6.9767,0,0,74.63,0,0,18.393,0,0,9.3385,0.46125,0,2.73,0,78.877,0,0,0.46125,2.73,5.4021,4.2467,0,2.73,0,0,74.63,0,0,1.9507,6.6427,9.7998,0,0,0.018868,0.37736,0.60377,0,0,1,0,0,0,0,1,0,0,0
0,0,4.8652,0,0,69.414,0,0,25.721,0,0,5.843,2.1218,0,6.8096,0,71.349,0.77369,0,2.6837,2.9306,7.4887,1.9345,0,2.9306,0,0,69.414,0,0,3.0998,13.271,9.3501,0,0,0,0.11765,0.88235,0,0,1,0,0,0,0,1,0,0,0
0,0,4.2654,0,0,65.639,0,0,30.095,0,0,6.888,2.542,0,5.084,0,67.404,1.6374,0,0.90464,2.5005,13.039,1.7648,0,2.5005,0,0,65.639,0,0,2.6695,16.151,11.275,0,0,0.98936,0,0.010638,0,0,1,0,0,0,0,1,0,0,0
0,0,2.4938,0,0,76.401,0,0,21.105,0,0,5.6158,2.2233,0,3.3152,0,78.247,0.46527,0,2.4435,0.6481,7.0418,1.8457,0,0.6481,0,0,76.401,0,0,2.8714,10.174,8.0592,0,0,0.098039,0.19608,0.70588,0,0,1,0,0,0,0,1,0,0,0
0,0,0.55278,0,0,68.359,0,0,31.088,0,0,8.2046,5.8597,0,2.4806,0,68.359,3.9516,0,2.8251,0.55278,7.7669,0,0,0.55278,0,0,68.359,0,0,4.2408,18.164,8.6838,0,0,0,0.24528,0.75472,0,0,1,0,0,0,0,1,0,0,0
0,0,0,0,0,68.885,0,0,31.115,0,0,9.8091,3.1221,0,3.7162,0,68.885,2.4134,0,2.9789,0,9.0757,0,0,0,0,0,68.885,0,0,3.1221,16.647,11.346,0,0,0.98198,0,0.018018,0,0,1,0,0,0,0,1,0,0,0
0,0,0.52064,0,0,77.643,0,0,21.837,0,0,6.0549,3.5786,0,2.6959,0,77.643,2.147,0,1.4316,0.52064,5.9284,0,0,0.52064,0,0,77.643,0,0,2.0126,13.895,5.9284,0,0,0.012987,0.27273,0.71429,0,0,1,0,0,0,0,1,0,0,0
0,0,0,0,0,65.958,0,0,34.042,0,0,10.166,7.4223,0,2.3207,0,65.958,6.9561,0,0.46625,0,6.7098,0,0,0,0,0,65.958,0,0,3.3834,23.948,6.7098,0,0,0,0.29091,0.70909,0,0,1,0,0,0,0,1,0,0,0
0,0,0,0,0,68.777,0,0,31.223,0,0,11.981,4.8031,0,2.43,0,68.777,4.8031,0,0,0,7.2056,0,0,0,0,0,68.777,0,0,0.65723,23.36,7.2056,0,0,0.98214,0,0.017857,0,0,1,0,0,0,0,1,0,0,0
0,0,0,0,0,75.559,0,0,24.441,0,0,10.548,3.8036,0,0.67465,0,75.559,3.8036,0,0,0,5.6114,0,0,0,0,0,75.559,0,0,2.0851,16.745,5.6114,0,0,0.02439,0.19512,0.78049,0,0,1,0,0,0,0,1,0,0,0
0,0,0,0,0,67.808,0,0,32.192,0,0,11.891,6.8146,0,0,0,69.156,6.1938,0,0,0,5.9453,0,0,0,0,0,67.808,0,0,0.996,25.25,5.9453,0,0,0.017241,0.2931,0.68966,0,0,1,0,0,0,0,1,0,0,0
0,0,0,0,0,67.31,0,0,32.69,0,0,14.65,5.3577,0,0,0,69.05,3.6175,0,0,0,7.3248,0,0,0,0,0,67.31,0,0,1.8372,23.528,7.3248,0,0,1,0,0,0,0,1,0,0,0,0,1,0,0,0
0,0,0,0,0,76.595,0,0,23.405,0,0,11.283,2.5737,0,0,0,78.465,2.0368,0,0,0,5.6414,0,0,0,0,0,76.595,0,0,0,17.764,5.6414,0,0,0,0.22667,0.77333,0,0,1,0,0,0,0,1,0,0,0
0,0,0,0,0,69.394,0,0,30.606,0,0,10.077,5.9643,0,0,0,75.697,2.1011,0,0,0,6.1605,0,0,0,0,0,69.394,0,0,0,22.599,8.0073,0,0,0.018868,0.11321,0.86792,0,0,1,0,0,0,0,1,0,0,0
0,0,0,0,0,67.6,0,0,32.4,0,0,12.821,5.6824,0,0,0,70.931,2.6285,0,0,0,7.9372,0,0,0,0,0,67.6,0,0,0,22.346,10.055,0,0,1,0,0,0,0,1,0,0,0,0,1,0,0,0
0,0,0,0,0,78.236,0,0,21.764,0,0,9.6092,3.1764,0,0,0,80.598,1.3244,0,0,0,5.2917,0,0,0,0,0,78.236,0,0,0,14.988,6.7759,0,0,0.012346,0.11111,0.87654,0,0,1,0,0,0,0,1,0,0,0
0,0,0,0,0,74.05,0,0,25.95,0,0,9.0253,2.4153,0,0,1.6115,80.737,0,0,0,0,6.2106,0,0,0,0,0,74.05,0,0,0,13.951,11.999,0,0,0,0.05,0.95,0,0,1,0,0,0,0,1,0,0,0
0,0,0,0,0,65.395,0,0,34.605,0,0,15.015,4.187,0,0,2.6283,68.877,0,0,0,0,9.2922,0,0,0,0,0,65.395,0,0,0,21.192,13.413,0,0,1,0,0,0,0,1,0,0,0,0,1,0,0,0
0,0,0,0,0,79.476,0,0,20.524,0,0,6.8685,4.0748,0,0,1.1205,81.935,0,0,0,0,6.0009,0,0,0,0,0,79.476,0,0,0,13.451,7.0738,0,0,0.072464,0.27536,0.65217,0,0,1,0,0,0,0,1,0,0,0
0,0,0,0,0,74.316,0,0,25.684,0,0,9.1093,2.3735,0,0,4.7974,76.244,0,0,0,0,7.4758,0,0,0,0,0,74.316,0,0,0,11.868,13.816,0,0,0,0.14545,0.85455,0,0,1,0,0,0,0,1,0,0,0
0,0,0,0,0,67.28,0,0,32.72,0,0,10.131,3.4613,0,0,3.8547,69.786,0,0,0,0,12.767,0,0,0,0,0,67.28,0,0,0,15.711,17.009,0,0,1,0,0,0,0,1,0,0,0,0,1,0,0,0
0,0,0,0,0,81.912,0,0,18.088,0,0,7.5581,0.79135,0,0,1.9689,83.085,0,0,0,0,6.5964,0,0,0,0,0,81.912,0,0,0,7.7999,10.288,0,0,0.11392,0.22785,0.65823,0,0,1,0,0,0,0,1,0,0,0
0,0,0,0,0,73.575,0,0,26.425,0,0,11.772,0,0,0,4.9413,73.575,0,0,0,0,9.7123,0,0,0,0,0,73.575,0,0,2.4546,10.039,13.931,0,0,0,0.37209,0.62791,0,0,1,0,0,0,0,1,0,0,0
0,0,0,0,0,67.621,0,0,32.379,0,0,16.175,0,0,0,6.2506,67.621,0,0,0,0,9.953,0,0,0,0,0,67.621,0,0,1.0527,14.339,16.987,0,0,1,0,0,0,0,1,0,0,0,0,1,0,0,0
0,0,0,0,0,82.898,0,0,17.102,0,0,7.0166,0,0,0,2.9506,82.898,0,0,0,0,7.1352,0,0,0,0,0,82.898,0,0,0.73406,7.1196,9.2488,0,0,0.013158,0.13158,0.85526,0,0,1,0,0,0,0,1,0,0,0
0,0,0,0,0,73.88,0,0,26.12,0,0,10.622,0,0,0,5.3906,73.88,0,0,0,0,10.107,0,0,0,0,0,73.88,0,0,0.50446,11.218,14.397,0,0,0,0.22727,0.77273,0,0,1,0,0,0,0,1,0,0,0
0,0,0,0,0,66.118,0,0,33.882,0,0,13.579,0,0,0,5.8792,66.118,0,0,0,0,14.424,0,0,0,0,0,66.118,0,0,3.9535,13.739,16.189,0,0,1,0,0,0,0,1,0,0,0,0,1,0,0,0
0,0,0,0,0,82.588,0,0,17.412,0,0,8.6161,0,0,0,2.9066,82.588,0,0,0,0,5.8894,0,0,0,0,0,82.588,0,0,1.8597,6.8387,8.7138,0,0,0.027027,0.2027,0.77027,0,0,1,0,0,0,0,1,0,0,0
0,0,0,0,0,71.262,0,0,28.738,0,0,13.564,0,0,0,5.3138,71.262,0,0,0,0,9.8599,0,0,0,0,0,71.262,0,0,2.0022,12.723,14.012,0,0,0.066667,0.088889,0.84444,0,0,1,0,0,0,0,1,0,0,0
0,0,0,0,0,68.426,0,0,31.574,0,0,16.072,0,0,0,5.4421,68.426,0,0,0,0,10.059,0,0,0,0,0,68.426,0,0,0.70209,14.636,16.236,0,0,0.98425,0,0.015748,0,0,1,0,0,0,0,1,0,0,0
0,0,0,0,0,81.232,0,0,18.768,0,0,8.5664,0,0,0,2.9106,81.232,0,0,0,0,7.2908,0,0,0,0,0,81.232,0,0,1.4735,7.8282,9.4661,0,0,0,0.13953,0.86047,0,0,1,0,0,0,0,1,0,0,0
0,0,0,0,0,72.906,0,0,27.094,0,0,11.293,0,0,0,5.9103,72.906,0,0,0,0,9.8902,0,0,0,0,0,72.906,0,0,0.7175,11.683,14.693,0,0,0,0.061224,0.93878,0,0,1,0,0,0,0,1,0,0,0
0,0,0,0,0,64.723,0,0,35.277,0,0,15.657,0,0,0,5.7885,64.723,0,0,0,0,13.831,0,0,0,0,0,64.723,0,0,2.1696,17.794,15.313,0,0,0.98473,0,0.015267,0,0,1,0,0,0,0,1,0,0,0
0,0,0,0,0,82.778,0,0,17.222,0,0,8.5197,0,0,0,3.1392,82.778,0,0,0,0,5.5633,0,0,0,0,0,82.778,0,0,0,9.4458,7.7764,0,0,0.012658,0.21519,0.77215,0,0,1,0,0,0,0,1,0,0,0
0,0,0,0,0,74.852,0,0,25.148,0,0,7.226,0,0,3.7385,2.5717,76.969,0,0,0,0,9.4952,0,0,0,0,0,74.852,0,0,0,12.312,12.836,0,0,0.11364,0.11364,0.77273,0,0,1,0,0,0,0,1,0,0,0
0,0,0,0,0,68.833,0,0,31.167,0,0,12.18,0,0,3.2966,3.4497,71.154,0,0,0,0,9.9203,0,0,0,0,0,68.833,0,0,0,13.056,18.111,0,0,0.98425,0,0.015748,0,0,1,0,0,0,0,1,0,0,0
0,0,0,0,0,82.768,0,0,17.232,0,0,6.7735,0,0,0.70069,1.8782,83.826,0,0,0,0,6.8216,0,0,0,0,0,82.768,0,0,0,6.4424,10.79,0,0,0.040541,0.16216,0.7973,0,0,1,0,0,0,0,1,0,0,0
0,0,0,0,0,74.538,0,0,25.462,0,0,9.5924,0,0,1.4243,1.7768,77.614,0,0,0,0,9.5924,0,0,0,0,0,74.538,0,0,0,10.674,14.788,0,0,0.025641,0.23077,0.74359,0,0,1,0,0,0,0,1,0,0,0
0,0,0,0,0,72.51,0,0,27.49,0,0,8.4075,0,0,1.9814,3.3291,73.524,0,0,0,1.1847,11.574,0,0,0,0,0,72.51,0,0,1.1847,13.228,13.077,0,0,0.9913,0,0.0086957,0,0,1,0,0,0,0,1,0,0,0
0,0,0,0,0,83.611,0,0,16.389,0,0,4.4021,0,0,2.8558,1.873,84.485,0,0,0,0,6.3837,0,0,0,0,0,83.611,0,0,0,7.0063,9.3827,0,0,0.051282,0.25641,0.69231,0,0,1,0,0,0,0,1,0,0,0
0,0,2.8254,0,0,83.899,0,0,13.276,0,0,3.3669,0.50235,0,5.7956,0,84.625,0,0,0.50235,2.0993,3.1084,0.7261,0,2.0993,0,0,83.899,0,0,1.2284,8.1778,3.8692,0,0,0,0.12903,0.87097,0,0,1,0,0,0,0,1,0,0,0
0,0,3.6503,0,0,95.67,0,0,0.67937,0,0,0,0,0,0.67937,0,98.641,0,0,0,0.67937,0,2.9709,0,0.67937,0,0,95.67,0,0,0,0.67937,0,0,0,0,0.15094,0.84906,0,0,1,0,0,0,0,1,0,0,0
0,0,2.866,0,0,90.95,0,0,6.1843,0,0,0,1.5983,0,2.1397,0,92.454,0.75031,0,0.84797,1.3613,0.84797,1.5047,0,1.3613,0,0,90.95,0,0,1.5983,3.738,0.84797,0,0,0,0.1875,0.8125,0,0,1,0,0,0,0,1,0,0,0
0,0,0,0,0,100,0,0,0,0,0,0,0,0,0,0,100,0,0,0,0,0,0,0,0,0,0,100,0,0,0,0,0,0,0,0,0.19753,0.80247,0,0,1,0,0,0,0,1,0,0,0
0,0,0,0,0,100,0,0,0,0,0,0,0,0,0,0,100,0,0,0,0,0,0,0,0,0,0,100,0,0,0,0,0,0,0,0,0.1129,0.8871,0,0,1,0,0,0,0,1,0,0,0
0,0,0,0,0,100,0,0,0,0,0,0,0,0,0,0,100,0,0,0,0,0,0,0,0,0,0,100,0,0,0,0,0,0,0,0,0.1875,0.8125,0,0,1,0,0,0,0,1,0,0,0
0,0,0,0,0,100,0,0,0,0,0,0,0,0,0,0,100,0,0,0,0,0,0,0,0,0,0,100,0,0,0,0,0,0,0,0.035714,0.10714,0.85714,0,0,1,0,0,0,0,1,0,0,0
0,0,0.50775,0,0,92.593,0,0,6.8992,0,0,0,2.8742,0,0.50775,0,92.593,2.2313,0,0.64291,0.50775,0.64291,0,0,0.50775,0,0,92.593,0,0,2.247,4.0093,0.64291,0,0,0.014085,0.29577,0.69014,0,0,1,0,0,0,0,1,0,0,0
0,0,0,0,0,100,0,0,0,0,0,0,0,0,0,0,100,0,0,0,0,0,0,0,0,0,0,100,0,0,0,0,0,0,0,0,0.25556,0.74444,0,0,1,0,0,0,0,1,0,0,0
0,0,0,0,0,93.039,0,0,6.9607,0,0,0,3.4803,0,0,0,93.039,3.4803,0,0,0,0,0,0,0,0,0,93.039,0,0,1.0163,5.9444,0,0,0,0,0.27381,0.72619,0,0,1,0,0,0,0,1,0,0,0
0,0,0,0,0,100,0,0,0,0,0,0,0,0,0,0,100,0,0,0,0,0,0,0,0,0,0,100,0,0,0,0,0,0,0,0,0.26,0.74,0,0,1,0,0,0,0,1,0,0,0
0,0,0,0,0,100,0,0,0,0,0,0,0,0,0,0,100,0,0,0,0,0,0,0,0,0,0,100,0,0,0,0,0,0,0,0.025316,0.21519,0.75949,0,0,1,0,0,0,0,1,0,0,0
0,0,0,0,0,100,0,0,0,0,0,0,0,0,0,0,100,0,0,0,0,0,0,0,0,0,0,100,0,0,0,0,0,0,0,0,0.20513,0.79487,0,0,1,0,0,0,0,1,0,0,0
0,0,0,0,0,100,0,0,0,0,0,0,0,0,0,0,100,0,0,0,0,0,0,0,0,0,0,100,0,0,0,0,0,0,0,0.036585,0.15854,0.80488,0,0,1,0,0,0,0,1,0,0,0
0,0,0,0,0,100,0,0,0,0,0,0,0,0,0,0,100,0,0,0,0,0,0,0,0,0,0,100,0,0,0,0,0,0,0,0,0.16129,0.83871,0,0,1,0,0,0,0,1,0,0,0
0,0,0,0,0,91.295,0,0,8.7053,0,0,1.3494,2.9204,0,0,0,92.135,2.9204,0,0,0,0.67468,0,0,0,0,0,91.295,0,0,0,8.0306,0.67468,0,0,0.021739,0.25,0.72826,0,0,1,0,0,0,0,1,0,0,0
0,0,0,0,0,100,0,0,0,0,0,0,0,0,0,0,100,0,0,0,0,0,0,0,0,0,0,100,0,0,0,0,0,0,0,0,0.15385,0.84615,0,0,1,0,0,0,0,1,0,0,0
0,0,0,0,0,95.069,0,0,4.9308,0,0,0,0.97899,0,0,0,98.042,0.97899,0,0,0,0,0,0,0,0,0,95.069,0,0,0,4.0717,0.85909,0,0,0,0.21687,0.78313,0,0,1,0,0,0,0,1,0,0,0
0,0,0,0,0,100,0,0,0,0,0,0,0,0,0,0,100,0,0,0,0,0,0,0,0,0,0,100,0,0,0,0,0,0,0,0,0.16092,0.83908,0,0,1,0,0,0,0,1,0,0,0
0,0,0,0,0,100,0,0,0,0,0,0,0,0,0,0,100,0,0,0,0,0,0,0,0,0,0,100,0,0,0,0,0,0,0,0.10465,0.069767,0.82558,0,0,1,0,0,0,0,1,0,0,0
0,0,0,0,0,100,0,0,0,0,0,0,0,0,0,0,100,0,0,0,0,0,0,0,0,0,0,100,0,0,0,0,0,0,0,0,0.18681,0.81319,0,0,1,0,0,0,0,1,0,0,0
0,0,0,0,0,100,0,0,0,0,0,0,0,0,0,0,100,0,0,0,0,0,0,0,0,0,0,100,0,0,0,0,0,0,0,0.012346,0.074074,0.91358,0,0,1,0,0,0,0,1,0,0,0
0,0,0,0,0,100,0,0,0,0,0,0,0,0,0,0,100,0,0,0,0,0,0,0,0,0,0,100,0,0,0,0,0,0,0,0,0.16129,0.83871,0,0,1,0,0,0,0,1,0,0,0
0,0,0,0,0,100,0,0,0,0,0,0,0,0,0,0,100,0,0,0,0,0,0,0,0,0,0,100,0,0,0,0,0,0,0,0,0.29851,0.70149,0,0,1,0,0,0,0,1,0,0,0
0,0,0,0,0,100,0,0,0,0,0,0,0,0,0,0,100,0,0,0,0,0,0,0,0,0,0,100,0,0,0,0,0,0,0,0.1,0.18333,0.71667,0,0,1,0,0,0,0,1,0,0,0
0,0,0,0,0,100,0,0,0,0,0,0,0,0,0,0,100,0,0,0,0,0,0,0,0,0,0,100,0,0,0,0,0,0,0,0.013158,0.28947,0.69737,0,0,1,0,0,0,0,1,0,0,0
0,0,0,0,0,100,0,0,0,0,0,0,0,0,0,0,100,0,0,0,0,0,0,0,0,0,0,100,0,0,0,0,0,0,0,0.042857,0.22857,0.72857,0,0,1,0,0,0,0,1,0,0,0
0,0,0,0,0,100,0,0,0,0,0,0,0,0,0,0,100,0,0,0,0,0,0,0,0,0,0,100,0,0,0,0,0,0,0,0.022222,0.26667,0.71111,0,0,1,0,0,0,0,1,0,0,0
0,0,0,0,0,100,0,0,0,0,0,0,0,0,0,0,100,0,0,0,0,0,0,0,0,0,0,100,0,0,0,0,0,0,0,0.12308,0.23077,0.64615,0,0,1,0,0,0,0,1,0,0,0
0,0,0,0,0,100,0,0,0,0,0,0,0,0,0,0,100,0,0,0,0,0,0,0,0,0,0,100,0,0,0,0,0,0,0,0.013889,0.18056,0.80556,0,0,1,0,0,0,0,1,0,0,0
0,0,0,0,0,100,0,0,0,0,0,0,0,0,0,0,100,0,0,0,0,0,0,0,0,0,0,100,0,0,0,0,0,0,0,0.053333,0.12,0.82667,0,0,1,0,0,0,0,1,0,0,0
0,0,0,0,0,93.58,0,0,6.4195,0,0,0.73472,0.73472,0,0,0.95078,96.845,0,0,0,0,0.73472,0,0,0,0,0,93.58,0,0,0,3.4334,2.9861,0,0,0,0.14679,0.85321,0,0,1,0,0,0,0,1,0,0,0
0,0,0,0,0,100,0,0,0,0,0,0,0,0,0,0,100,0,0,0,0,0,0,0,0,0,0,100,0,0,0,0,0,0,0,0,0.21818,0.78182,0,0,1,0,0,0,0,1,0,0,0
0,0,0,0,0,95.828,0,0,4.1716,0,0,0,0,0,0,3.3101,96.69,0,0,0,0,0,0,0,0,0,0,95.828,0,0,0,3.3101,0.86147,0,0,0.010526,0.23158,0.75789,0,0,1,0,0,0,0,1,0,0,0
0,0,0,0,0,100,0,0,0,0,0,0,0,0,0,0,100,0,0,0,0,0,0,0,0,0,0,100,0,0,0,0,0,0,0,0,0.20192,0.79808,0,0,1,0,0,0,0,1,0,0,0
0,0,0,0,0,100,0,0,0,0,0,0,0,0,0,0,100,0,0,0,0,0,0,0,0,0,0,100,0,0,0,0,0,0,0,0,0.095238,0.90476,0,0,1,0,0,0,0,1,0,0,0
0,0,0,0,0,100,0,0,0,0,0,0,0,0,0,0,100,0,0,0,0,0,0,0,0,0,0,100,0,0,0,0,0,0,0,0.010417,0.30208,0.6875,0,0,1,0,0,0,0,1,0,0,0
0,0,0,0,0,100,0,0,0,0,0,0,0,0,0,0,100,0,0,0,0,0,0,0,0,0,0,100,0,0,0,0,0,0,0,0,0.17708,0.82292,0,0,1,0,0,0,0,1,0,0,0
0,0,0,0,0,100,0,0,0,0,0,0,0,0,0,0,100,0,0,0,0,0,0,0,0,0,0,100,0,0,0,0,0,0,0,0,0.25253,0.74747,0,0,1,0,0,0,0,1,0,0,0
0,0,0,0,0,96.195,0,0,3.8047,0,0,0,0,0,0,3.8047,96.195,0,0,0,0,0,0,0,0,0,0,96.195,0,0,0,3.8047,0,0,0,0,0.32979,0.67021,0,0,1,0,0,0,0,1,0,0,0
0,0,0,0,0,100,0,0,0,0,0,0,0,0,0,0,100,0,0,0,0,0,0,0,0,0,0,100,0,0,0,0,0,0,0,0,0.27551,0.72449,0,0,1,0,0,0,0,1,0,0,0
0,0,0,0,0,96.17,0,0,3.8296,0,0,0,0,0,0,3.8296,96.17,0,0,0,0,0,0,0,0,0,0,96.17,0,0,0,3.8296,0,0,0,0.041096,0.23288,0.72603,0,0,1,0,0,0,0,1,0,0,0
0,0,0,0,0,100,0,0,0,0,0,0,0,0,0,0,100,0,0,0,0,0,0,0,0,0,0,100,0,0,0,0,0,0,0,0,0.20213,0.79787,0,0,1,0,0,0,0,1,0,0,0
0,0,0,0,0,100,0,0,0,0,0,0,0,0,0,0,100,0,0,0,0,0,0,0,0,0,0,100,0,0,0,0,0,0,0,0.022222,0.18889,0.78889,0,0,1,0,0,0,0,1,0,0,0
0,0,0,0,0,100,0,0,0,0,0,0,0,0,0,0,100,0,0,0,0,0,0,0,0,0,0,100,0,0,0,0,0,0,0,0,0.21505,0.78495,0,0,1,0,0,0,0,1,0,0,0
0,0,0,0,0,100,0,0,0,0,0,0,0,0,0,0,100,0,0,0,0,0,0,0,0,0,0,100,0,0,0,0,0,0,0,0.075,0.125,0.8,0,0,1,0,0,0,0,1,0,0,0
0,0,0,0,0,100,0,0,0,0,0,0,0,0,0,0,100,0,0,0,0,0,0,0,0,0,0,100,0,0,0,0,0,0,0,0,0.18478,0.81522,0,0,1,0,0,0,0,1,0,0,0
0,0,0,0,0,100,0,0,0,0,0,0,0,0,0,0,100,0,0,0,0,0,0,0,0,0,0,100,0,0,0,0,0,0,0,0,0.072165,0.92784,0,0,1,0,0,0,0,1,0,0,0
0,0,0,0,0,100,0,0,0,0,0,0,0,0,0,0,100,0,0,0,0,0,0,0,0,0,0,100,0,0,0,0,0,0,0,0.15068,0.24658,0.60274,0,0,1,0,0,0,0,1,0,0,0
0,0,0,0,0,100,0,0,0,0,0,0,0,0,0,0,100,0,0,0,0,0,0,0,0,0,0,100,0,0,0,0,0,0,0,0.011111,0.14444,0.84444,0,0,1,0,0,0,0,1,0,0,0
0,0,0,0,0,100,0,0,0,0,0,0,0,0,0,0,100,0,0,0,0,0,0,0,0,0,0,100,0,0,0,0,0,0,0,0.013333,0.36,0.62667,0,0,1,0,0,0,0,1,0,0,0
0,0,0,0,0,100,0,0,0,0,0,0,0,0,0,0,100,0,0,0,0,0,0,0,0,0,0,100,0,0,0,0,0,0,0,0.010309,0.29897,0.69072,0,0,1,0,0,0,0,1,0,0,0
0,0,0,0,0,100,0,0,0,0,0,0,0,0,0,0,100,0,0,0,0,0,0,0,0,0,0,100,0,0,0,0,0,0,0,0.013158,0.23684,0.75,0,0,1,0,0,0,0,1,0,0,0
0,0,0,0,0,100,0,0,0,0,0,0,0,0,0,0,100,0,0,0,0,0,0,0,0,0,0,100,0,0,0,0,0,0,0,0.027778,0.27778,0.69444,0,0,1,0,0,0,0,1,0,0,0
0,0,0,0,0,100,0,0,0,0,0,0,0,0,0,0,100,0,0,0,0,0,0,0,0,0,0,100,0,0,0,0,0,0,0,0.027027,0.2973,0.67568,0,0,1,0,0,0,0,1,0,0,0
0,0,0,0,0,96.121,0,0,3.8792,0,0,0,0,0,0,3.8792,96.121,0,0,0,0,0,0,0,0,0,0,96.121,0,0,0,3.8792,0,0,0,0,0.27059,0.72941,0,0,1,0,0,0,0,1,0,0,0
0,0,0,0,0,100,0,0,0,0,0,0,0,0,0,0,100,0,0,0,0,0,0,0,0,0,0,100,0,0,0,0,0,0,0,0,0.14706,0.85294,0,0,1,0,0,0,0,1,0,0,0
0,0,0,0,0,95.768,0,0,4.2323,0,0,0,0,0,0,4.2323,95.768,0,0,0,0,0,0,0,0,0,0,95.768,0,0,0,4.2323,0,0,0,0,0.17045,0.82955,0,0,1,0,0,0,0,1,0,0,0
0,0,0,0,0,100,0,0,0,0,0,0,0,0,0,0,100,0,0,0,0,0,0,0,0,0,0,100,0,0,0,0,0,0,0,0,0.17143,0.82857,0,0,1,0,0,0,0,1,0,0,0
0,0,0,0,0,100,0,0,0,0,0,0,0,0,0,0,100,0,0,0,0,0,0,0,0,0,0,100,0,0,0,0,0,0,0,0.063158,0.073684,0.86316,0,0,1,0,0,0,0,1,0,0,0
0,0,0,0,0,100,0,0,0,0,0,0,0,0,0,0,100,0,0,0,0,0,0,0,0,0,0,100,0,0,0,0,0,0,0,0,0.14286,0.85714,0,0,1,0,0,0,0,1,0,0,0
0,0,0,0,0,100,0,0,0,0,0,0,0,0,0,0,100,0,0,0,0,0,0,0,0,0,0,100,0,0,0,0,0,0,0,0,0.07767,0.92233,0,0,1,0,0,0,0,1,0,0,0
0,0,0,0,0,100,0,0,0,0,0,0,0,0,0,0,100,0,0,0,0,0,0,0,0,0,0,100,0,0,0,0,0,0,0,0.010989,0.27473,0.71429,0,0,1,0,0,0,0,1,0,0,0
0,0,0,0,0,96.096,0,0,3.904,0,0,0,0,0,0,2.8475,97.153,0,0,0,0,0,0,0,0,0,0,96.096,0,0,0,3.904,0,0,0,0,0.16667,0.83333,0,0,1,0,0,0,0,1,0,0,0
0,0,0,0,0,100,0,0,0,0,0,0,0,0,0,0,100,0,0,0,0,0,0,0,0,0,0,100,0,0,0,0,0,0,0,0,0.22,0.78,0,0,1,0,0,0,0,1,0,0,0
0,0,0,0,0,96.284,0,0,3.7161,0,0,0,0,0,0,1.6155,98.385,0,0,0,0,0,0,0,0,0,0,96.284,0,0,0,3.7161,0,0,0,0.013158,0.30263,0.68421,0,0,1,0,0,0,0,1,0,0,0
0,0,0,0,0,100,0,0,0,0,0,0,0,0,0,0,100,0,0,0,0,0,0,0,0,0,0,100,0,0,0,0,0,0,0,0,0.2043,0.7957,0,0,1,0,0,0,0,1,0,0,0
0,0,0,0,0,100,0,0,0,0,0,0,0,0,0,0,100,0,0,0,0,0,0,0,0,0,0,100,0,0,0,0,0,0,0,0,0.072917,0.92708,0,0,1,0,0,0,0,1,0,0,0
0,0,0,0,0,100,0,0,0,0,0,0,0,0,0,0,100,0,0,0,0,0,0,0,0,0,0,100,0,0,0,0,0,0,0,0,0.25882,0.74118,0,0,1,0,0,0,0,1,0,0,0
0,0,0,0,0,100,0,0,0,0,0,0,0,0,0,0,100,0,0,0,0,0,0,0,0,0,0,100,0,0,0,0,0,0,0,0.012987,0.20779,0.77922,0,0,1,0,0,0,0,1,0,0,0
0,0,0,0,0,100,0,0,0,0,0,0,0,0,0,0,100,0,0,0,0,0,0,0,0,0,0,100,0,0,0,0,0,0,0,0,0.2,0.8,0,0,1,0,0,0,0,1,0,0,0
0,0,0,0,0,100,0,0,0,0,0,0,0,0,0,0,100,0,0,0,0,0,0,0,0,0,0,100,0,0,0,0,0,0,0,0.012346,0.24691,0.74074,0,0,1,0,0,0,0,1,0,0,0
0,0,0,0,0,100,0,0,0,0,0,0,0,0,0,0,100,0,0,0,0,0,0,0,0,0,0,100,0,0,0,0,0,0,0,0,0.12791,0.87209,0,0,1,0,0,0,0,1,0,0,0
0,0,0,0,0,100,0,0,0,0,0,0,0,0,0,0,100,0,0,0,0,0,0,0,0,0,0,100,0,0,0,0,0,0,0,0,0.11765,0.88235,0,0,1,0,0,0,0,1,0,0,0
0,0,0,0,0,100,0,0,0,0,0,0,0,0,0,0,100,0,0,0,0,0,0,0,0,0,0,100,0,0,0,0,0,0,0,0.032258,0.32258,0.64516,0,0,1,0,0,0,0,1,0,0,0
0,0,0,0,0,100,0,0,0,0,0,0,0,0,0,0,100,0,0,0,0,0,0,0,0,0,0,100,0,0,0,0,0,0,0,0,0.043956,0.95604,0,0,1,0,0,0,0,1,0,0,0
0,0,0,0,0,100,0,0,0,0,0,0,0,0,0,0,100,0,0,0,0,0,0,0,0,0,0,100,0,0,0,0,0,0,0,0.014085,0.28169,0.70423,0,0,1,0,0,0,0,1,0,0,0
0,0,0,0,0,100,0,0,0,0,0,0,0,0,0,0,100,0,0,0,0,0,0,0,0,0,0,100,0,0,0,0,0,0,0,0.027027,0.25676,0.71622,0,0,1,0,0,0,0,1,0,0,0
0,0,0,0,0,100,0,0,0,0,0,0,0,0,0,0,100,0,0,0,0,0,0,0,0,0,0,100,0,0,0,0,0,0,0,0,0.31507,0.68493,0,0,1,0,0,0,0,1,0,0,0
0,0,0,0,0,100,0,0,0,0,0,0,0,0,0,0,100,0,0,0,0,0,0,0,0,0,0,100,0,0,0,0,0,0,0,1,0,0,0,0,1,0,0,0,0,1,0,0,0
0,0,0,0,0,100,0,0,0,0,0,0,0,0,0,0,100,0,0,0,0,0,0,0,0,0,0,100,0,0,0,0,0,0,0,1,0,0,0,0,1,0,0,0,0,1,0,0,0
0,0,0,0,0,100,0,0,0,0,0,0,0,0,0,0,100,0,0,0,0,0,0,0,0,0,0,100,0,0,0,0,0,0,0,1,0,0,0,0,1,0,0,0,0,1,0,0,0
0,0,0,0,0,100,0,0,0,0,0,0,0,0,0,0,100,0,0,0,0,0,0,0,0,0,0,100,0,0,0,0,0,0,0,1,0,0,0,0,1,0,0,0,0,1,0,0,0
0,0,0,0,0,100,0,0,0,0,0,0,0,0,0,0,100,0,0,0,0,0,0,0,0,0,0,100,0,0,0,0,0,0,0,1,0,0,0,0,1,0,0,0,0,1,0,0,0
0,0,0,0,0,100,0,0,0,0,0,0,0,0,0,0,100,0,0,0,0,0,0,0,0,0,0,100,0,0,0,0,0,0,0,1,0,0,0,0,1,0,0,0,0,1,0,0,0
0,0,0,0,0,100,0,0,0,0,0,0,0,0,0,0,100,0,0,0,0,0,0,0,0,0,0,100,0,0,0,0,0,0,0,1,0,0,0,0,1,0,0,0,0,1,0,0,0
0,0,0,0,0,100,0,0,0,0,0,0,0,0,0,0,100,0,0,0,0,0,0,0,0,0,0,100,0,0,0,0,0,0,0,1,0,0,0,0,1,0,0,0,0,1,0,0,0
0,0,0,0,0,100,0,0,0,0,0,0,0,0,0,0,100,0,0,0,0,0,0,0,0,0,0,100,0,0,0,0,0,0,0,1,0,0,0,0,1,0,0,0,0,1,0,0,0
0,0,0,0,0,100,0,0,0,0,0,0,0,0,0,0,100,0,0,0,0,0,0,0,0,0,0,100,0,0,0,0,0,0,0,1,0,0,0,0,1,0,0,0,0,1,0,0,0
0,0,0,0,0,100,0,0,0,0,0,0,0,0,0,0,100,0,0,0,0,0,0,0,0,0,0,100,0,0,0,0,0,0,0,1,0,0,0,0,1,0,0,0,0,1,0,0,0
0,0,0,0,0,100,0,0,0,0,0,0,0,0,0,0,100,0,0,0,0,0,0,0,0,0,0,100,0,0,0,0,0,0,0,1,0,0,0,0,1,0,0,0,0,1,0,0,0
0,0,0,0,0,100,0,0,0,0,0,0,0,0,0,0,100,0,0,0,0,0,0,0,0,0,0,100,0,0,0,0,0,0,0,1,0,0,0,0,1,0,0,0,0,1,0,0,0
0,0,0,0,0,100,0,0,0,0,0,0,0,0,0,0,100,0,0,0,0,0,0,0,0,0,0,100,0,0,0,0,0,0,0,1,0,0,0,0,1,0,0,0,0,1,0,0,0
0,0,0,0,0,100,0,0,0,0,0,0,0,0,0,0,100,0,0,0,0,0,0,0,0,0,0,100,0,0,0,0,0,0,0,1,0,0,0,0,1,0,0,0,0,1,0,0,0
0,0,4.7983,0,0,86.68,0,1.8619,4.7983,1.8619,0,3.7238,1.8619,0,3.3301,1.4682,86.68,0,0,0,1.4682,1.4682,1.4682,3.3301,1.8619,0,0,86.68,0,0,3.3301,1.8619,1.4682,0,0,1,0,0,0,0,1,0,0,0,0,1,0,0,0
0,0,0,0,0,100,0,0,0,0,0,0,0,0,0,0,100,0,0,0,0,0,0,0,0,0,0,100,0,0,0,0,0,0,0,1,0,0,0,0,1,0,0,0,0,1,0,0,0
0,0,0,0,0,100,0,0,0,0,0,0,0,0,0,0,100,0,0,0,0,0,0,0,0,0,0,100,0,0,0,0,0,0,0,1,0,0,0,0,1,0,0,0,0,1,0,0,0
0,0,0,0,0,100,0,0,0,0,0,0,0,0,0,0,100,0,0,0,0,0,0,0,0,0,0,100,0,0,0,0,0,0,0,1,0,0,0,0,1,0,0,0,0,1,0,0,0
0,0,0,0,0,100,0,0,0,0,0,0,0,0,0,0,100,0,0,0,0,0,0,0,0,0,0,100,0,0,0,0,0,0,0,1,0,0,0,0,1,0,0,0,0,1,0,0,0
0,0,1.5186,0,0,93.926,0,1.5186,1.5186,1.5186,0,3.0372,1.5186,0,1.5186,0,93.926,0,0,0,0,0,0,1.5186,1.5186,0,0,93.926,0,0,1.5186,1.5186,0,0,0,1,0,0,0,0,1,0,0,0,0,1,0,0,0
0,0,12.548,1.4192,0,55.11,0.70959,4.3239,18.169,2.0676,5.653,9.5124,5.9542,0,5.4248,4.9824,53.767,2.6701,2.0948,2.0948,7.8072,5.692,4.911,12.405,2.7262,6.3983,4.7665,47.602,2.7415,0,5.0385,6.2843,7.1265,0,0,1,0,0,0,0,1,0,0,0,0,1,0,0,0
0,0,1.1429,0,0,84.111,0,6.3308,3.7368,1.1429,3.5358,7.5894,2.9108,0,3.7368,0,84.937,0,0,0,0.82606,0,0.82606,8.0987,1.1429,3.5358,0,84.111,0,0,1.1429,1.1429,0,0,0,1,0,0,0,0,1,0,0,0,0,1,0,0,0
0,0,14.407,6.5236,0,46.142,2.9954,9.9316,16.726,1.5405,1.7334,8.8311,8.2785,0.53289,6.0165,1.7334,48.085,5.6861,2.6415,3.1744,9.3059,5.7148,7.8063,12.953,6.6158,4.6137,4.9857,38.579,2.5775,0.53289,4.182,11.517,5.6369,0,0,0.94118,0.04902,0.0098039,0,0,1,0,0,0,0,0.94118,0.04902,0.0098039,0
0,0,0,0,0,100,0,0,0,0,0,0,0,0,0,0,100,0,0,0,0,0,0,0,0,0,0,100,0,0,0,0,0,0,0,1,0,0,0,0,1,0,0,0,0,1,0,0,0
0,0,0,0,0,97.548,0,0,0,2.4523,0,0,0,0,0,0,97.548,0,0,0,0,2.4523,0,0,0,0,0,97.548,0,0,2.4523,0,0,0,0,1,0,0,0,0,1,0,0,0,0,1,0,0,0
0,0,11.238,0,0,55.806,0,1.3184,19.55,10.239,1.8484,8.235,7.3043,0,4.1184,7.274,54.906,1.6866,1.2862,1.2862,5.3725,8.5312,3.9226,6.753,2.4427,3.5241,6.8845,42.934,5.9878,0,10.237,6.1268,11.188,0,0,1,0,0,0,0,1,0,0,0,0,0.992,0.008,0,0
0,0,4.6373,0,0,76.583,0,0,10.452,8.3276,0,1.4536,1.4536,0,3.7722,5.2258,75.13,0,0,0,3.7722,9.1927,2.3186,2.3186,0,5.4204,1.4536,72.223,2.9072,0,5.2258,0,8.133,0,0,1,0,0,0,0,1,0,0,0,0,1,0,0,0
0,0,0,0,0,100,0,0,0,0,0,0,0,0,0,0,100,0,0,0,0,0,0,0,0,0,0,100,0,0,0,0,0,0,0,1,0,0,0,0,1,0,0,0,0,1,0,0,0
0,0,0,0,0,100,0,0,0,0,0,0,0,0,0,0,100,0,0,0,0,0,0,0,0,0,0,100,0,0,0,0,0,0,0,1,0,0,0,0,1,0,0,0,0,1,0,0,0
0,0,0,0,0,94.366,0,0,0,5.6344,0,0,0,0,0,0,94.366,0,0,0,0,5.6344,0,0,0,3.2449,0,94.366,0,0,2.3896,0,0,0,0,1,0,0,0,0,1,0,0,0,0,1,0,0,0
0,0,0,0,0,93.609,0,0,6.3908,0,0,1.5977,0,0,0,0,95.207,1.5977,0,0,0,1.5977,0,0,0,0,0,93.609,0,0,0,4.7931,1.5977,0,0,1,0,0,0,0,1,0,0,0,0,1,0,0,0
0,0,22.517,8.1141,0,29.057,2.6015,6.5497,23.273,5.0094,2.8788,12.283,12.751,0.85996,7.3851,5.8271,29.885,8.2636,2.782,2.0591,9.3611,8.5433,7.5766,17.006,7.6158,5.7563,5.7263,15.22,8.1099,1.0941,7.7337,10.278,13.883,0,0,0,0.013514,0.98649,0,0,1,0,0,0,0,0,0.013514,0.98649,1
0,0,23.385,3.5918,0,40.135,0.54823,1.085,25.487,3.2676,2.5009,7.2764,9.6669,0.75905,3.8313,6.4687,44.772,3.736,3.7101,2.3723,8.7983,8.6086,7.8222,13.368,3.7458,3.8236,6.9,28.774,4.461,0.57876,8.7353,12.228,9.564,0,0,0.044776,0.059701,0.89552,0,0,1,0,0,0,0,0.044776,0.059701,0.89552,1
0,0,21.759,10.181,0,30.715,3.2118,8.9144,18.402,1.7799,5.0365,12.317,12.237,1.3579,4.6814,4.2086,32.645,10.252,3.0679,3.3,7.4094,8.5235,11.026,17.78,4.2295,7.4434,8.7518,17.219,4.7444,1.8852,5.0685,12.489,9.3636,0,0,0,0,1,0,0,1,0,0,0,0,0,0,1,1
0,0,0,0,0,84.482,0,0,6.5991,8.9189,0,1.6498,1.6498,0,1.6498,3.2995,82.832,0,0,0,1.6498,7.2691,0,0,0,1.6498,1.6498,79.533,3.2995,0,7.2691,0,6.5991,0,0,0.96552,0.0086207,0.025862,0,0,1,0,0,0,0,0.94828,0.025862,0.025862,0
0,0,0,0,0,91.794,0,0,6.9881,1.2176,0,1.5518,0.78071,0,0,0,92.565,1.5518,0.78071,0,0,2.7695,0,0,0,1.2176,0,91.794,0,0,0.78071,4.6555,1.5518,0,0,1,0,0,0,0,1,0,0,0,0,1,0,0,0
0,0,0,0,0,95.498,0,0,0,4.5016,0,0,0,0,0,0,95.498,0,0,0,0,4.5016,0,0,0,4.5016,0,95.498,0,0,0,0,0,0,0,0.97143,0.028571,0,0,0,1,0,0,0,0,0.95714,0.042857,0,0
0,0,0,0,0,97.094,0,0,2.9061,0,0,0.48436,0.96871,0,0,0,97.578,0,0,0,0.48436,0.48436,0,0,0,0,0,97.094,0,0,1.9374,0.48436,0.48436,0,0,1,0,0,0,0,1,0,0,0,0,0.98214,0.017857,0,0
0,0,0,0,0,100,0,0,0,0,0,0,0,0,0,0,100,0,0,0,0,0,0,0,0,0,0,100,0,0,0,0,0,0,0,1,0,0,0,0,1,0,0,0,0,1,0,0,0
0,0,0,0,0,100,0,0,0,0,0,0,0,0,0,0,100,0,0,0,0,0,0,0,0,0,0,100,0,0,0,0,0,0,0,1,0,0,0,0,1,0,0,0,0,1,0,0,0
0,0,0,0,0,92.282,0,4.017,2.0085,0,1.6922,2.5383,0.8461,0,2.0085,0,93.445,0,0,0,1.1624,0,1.1624,4.8631,0,1.6922,0,92.282,0,0,0,0,0,0,0,1,0,0,0,0,1,0,0,0,0,1,0,0,0
0,0,4.9221,5.479,0,64.94,6.0206,10.109,5.3076,0,3.2214,8.0123,5.2567,0.55694,3.5148,0,66.054,3.7372,0.628,1.1849,2.4409,8.6146,4.3853,9.5023,3.85,8.7746,1.8331,61.922,1.1849,0.55694,0.628,4.274,3.089,0,0,1,0,0,0,0,1,0,0,0,0,1,0,0,0
0,0,0,0,0,93.802,0,4.1323,2.0661,0,0,0,0,0,2.0661,0,95.868,0,0,0,2.0661,0,2.0661,4.1323,0,0,0,93.802,0,0,0,0,0,0,0,1,0,0,0,0,1,0,0,0,0,1,0,0,0
0,0,0,0,0,85.295,4.1211,8.6437,1.9407,0,0,0,0,0,1.9407,0,87.235,0,0,0,1.9407,8.8832,1.9407,5.2552,4.7622,2.7474,0,85.295,0,0,0,0,0,0,0,1,0,0,0,0,1,0,0,0,0,1,0,0,0
0,0,13.365,12.252,0,38.064,9.128,8.9146,15.464,0,2.8123,6.1223,10.693,1.5295,3.6465,1.1173,40.66,8.5306,2.6797,4.5585,9.3896,11.073,5.528,19.548,4.4572,7.8829,3.764,30.308,3.9919,2.1771,3.6767,11.447,7.2186,0,0,0.042254,0.11268,0.84507,0,0,1,0,0,0,0,0.028169,0.12676,0.84507,1
0,0,6.7424,7.3944,0,64.281,3.3712,14.291,3.9194,0,0,4.9843,4.4772,0.65205,3.7167,0,66.583,5.6364,0.45396,1.106,3.0115,9.379,8.4451,5.5112,6.9157,4.9843,2.9172,60.258,1.106,0.65205,0.45396,4.9311,3.8251,0,0,1,0,0,0,0,1,0,0,0,0,0.98667,0.013333,0,0
0,0,1.4973,1.4973,0,81.935,10.066,4.0849,0.91949,0,0,1.4973,0.74864,0,1.6681,0,82.854,1.4973,0,0,0.91949,10.815,3.1654,4.9449,0.74864,7.709,0.74864,81.186,0,0,0,0.74864,0.74864,0,0,1,0,0,0,0,1,0,0,0,0,1,0,0,0
0,0,0,0,0,91.847,6.1546,1.9986,0,0,0,0,0,0,0,0,91.847,0,0,0,0,8.1531,0,2.0515,1.9986,4.103,0,91.847,0,0,0,0,0,0,0,1,0,0,0,0,1,0,0,0,0,1,0,0,0
0,0,1.9812,0,0,78.428,0,0,19.591,0,0,4.1684,3.898,0,0,0.61442,81.368,0,0,0,3.554,6.3975,0,1.9812,0,0,0,78.428,0,0,9.0248,4.1684,6.3975,0,0,1,0,0,0,0,1,0,0,0,0,1,0,0,0
0,0,0,0,0,100,0,0,0,0,0,0,0,0,0,0,100,0,0,0,0,0,0,0,0,0,0,100,0,0,0,0,0,0,0,1,0,0,0,0,1,0,0,0,0,1,0,0,0
0,0,0,0,0,85.088,0,0,14.912,0,0,5.333,0,0,0,1.2704,86.484,0,0,0,1.2704,5.6421,0,0,0,0,0,85.088,0,0,2.5409,5.333,7.0382,0,0,1,0,0,0,0,1,0,0,0,0,1,0,0,0
0,0,0,0,0,92.118,3.7765,4.1055,0,0,0,0,0,0,0,0,92.118,0,0,0,0,7.882,0,1.2588,4.1055,2.5176,0,92.118,0,0,0,0,0,0,0,1,0,0,0,0,1,0,0,0,0,1,0,0,0
0,0,0,0,0,99.037,0,0.96272,0,0,0,0,0,0,0,0,99.037,0,0,0,0,0.96272,0,0,0.96272,0,0,99.037,0,0,0,0,0,0,0,1,0,0,0,0,1,0,0,0,0,1,0,0,0
0,0,0,0,0,100,0,0,0,0,0,0,0,0,0,0,100,0,0,0,0,0,0,0,0,0,0,100,0,0,0,0,0,0,0,1,0,0,0,0,1,0,0,0,0,1,0,0,0
0,0,0,0,0,100,0,0,0,0,0,0,0,0,0,0,100,0,0,0,0,0,0,0,0,0,0,100,0,0,0,0,0,0,0,1,0,0,0,0,1,0,0,0,0,1,0,0,0
0,0,0,0,0,95.389,0,0,4.6115,0,0,2.3057,0,0,0,0,96.541,0,0,0,0,1.1529,0,0,0,0,0,95.389,0,0,0,2.3057,2.3057,0,0,1,0,0,0,0,1,0,0,0,0,1,0,0,0
0,0,0,0,0,100,0,0,0,0,0,0,0,0,0,0,100,0,0,0,0,0,0,0,0,0,0,100,0,0,0,0,0,0,0,1,0,0,0,0,1,0,0,0,0,1,0,0,0
0,0,0,0,0,97.175,0,0,2.825,0,0,1.4125,0,0,0,0,97.175,0,0,0,0,1.4125,0,0,0,0,0,97.175,0,0,0,0,2.825,0,0,1,0,0,0,0,1,0,0,0,0,1,0,0,0
0,0,1.493,0,0,78.79,0,0,19.717,0,0,8.3511,1.0049,0.7465,0.7465,0,79.795,0,0,0.7465,1.0049,7.6046,0,0.7465,0.7465,0,0,78.79,0,0,3.0147,4.2493,12.453,0,0,1,0,0,0,0,1,0,0,0,0,1,0,0,0
0,0,17.659,15.661,0,26.618,2.0155,4.5442,29.46,1.9687,2.0732,9.6438,17.811,1.2763,3.1532,3.9648,30.494,9.9289,5.8255,3.553,8.5529,5.7962,5.2556,14.366,3.5694,4.3971,5.2633,13.916,7.4382,3.3981,8.8679,17.801,15.727,0,0,0,0,1,0,0,1,0,0,0,0,0,0,1,1
0,0,26.991,11.397,0,26.543,0.9547,1.3961,25.235,5.0459,2.4384,7.4448,11.041,2.7879,4.3955,6.5806,28.171,10.531,5.2653,2.815,11.087,9.8817,7.3459,14.854,6.2168,3.2117,7.0002,10.066,9.4762,1.8307,7.905,13.787,18.306,0,0,0,0,1,0,0,1,0,0,0,0,0,0,1,1
0,0,35.934,13.036,0,24.414,2.5018,4.7073,15.313,1.1363,2.9579,8.3836,11.725,2.6818,3.949,4.7416,27.295,15.422,2.7095,4.42,10.628,8.0452,13.169,22,8.0672,2.612,9.0757,7.7534,7.585,1.3043,4.8993,12.62,10.913,0,0,0,0,1,0,0,1,0,0,0,0,0,0,1,1
0,0,25.981,18.154,0,26.486,1.2327,1.9948,22.546,2.1867,1.4181,8.0352,18.716,0.76201,2.0531,5.4188,28.559,16.699,3.0564,4.7518,7.8402,4.1086,9.3845,18.029,2.6485,1.7642,6.87,11.508,8.108,2.7831,10.012,14.169,14.723,0,0,0.049383,0.037037,0.91358,0,0,1,0,0,0,0,0.049383,0.049383,0.90123,1
0,0,22.365,19.649,0,27.975,4.2211,7.1109,16.652,0,2.0283,9.3382,14.261,0.70968,4.0362,1.603,27.162,18.128,4.033,4.3948,8.792,7.5422,10.582,14.24,5.6403,6.4574,4.2145,19.084,4.6759,1.7824,6.6228,14.36,12.34,0,0,0.027027,0.027027,0.94595,0,0,1,0,0,0,0,0,0.054054,0.94595,1
0,0,25.55,19.871,0,21.902,4.0564,8.3799,19.568,0,0.67227,6.66,16.129,5.1025,2.1308,1.4476,32.986,11.373,5.3191,3.1935,7.5618,8.0962,7.9785,20.546,5.9035,2.3214,5.5806,6.9573,9.3646,4.8166,3.5897,18.068,14.874,0,0,0.11765,0.098039,0.78431,0,0,1,0,0,0,0,0.078431,0.15686,0.76471,1
0,0,0,0,0,70.162,0,0,29.838,0,0,7.3426,0.97967,0,0.62313,3.718,71.985,2.9738,0,0,2.6961,9.6821,0,0,0,0,0,70.162,0,0,3.6757,16.48,9.6821,0,0,0,0.33333,0.66667,0,0,1,0,0,0,0,1,0,0,0
0,0,0,0,0,73.64,0,0,26.36,0,0,8.0429,0.60719,0,1.133,1.0223,77.423,3.122,0,0,0.60719,8.0429,0,0,0,0,0,73.64,0,0,1.2144,15.97,9.1758,0,0,1,0,0,0,0,1,0,0,0,0,1,0,0,0
0,0,0,0,0,79.631,0,0,20.369,0,0,6.1458,0.85388,0,0.62579,0.91164,81.259,0.7548,0,0,1.7655,7.6833,0,0,0,0,0,79.631,0,0,2.6194,10.066,7.6833,0,0,0.025316,0.21519,0.75949,0,0,1,0,0,0,0,1,0,0,0
0,0,0,0,0,65.964,0,0,34.036,0,0,7.4261,3.8919,0,0,1.6229,69.734,3.1481,2.6755,0,3.1662,8.3356,0,0,0,0,0,65.964,0,0,8.8762,16.824,8.3356,0,0,0.018519,0.25926,0.72222,0,0,1,0,0,0,0,1,0,0,0
0,0,0,0,0,63.007,0,0,36.993,0,0,8.8094,3.1362,0,0,2.2887,63.947,4.2074,3.2844,0,3.2289,11.098,0,0,0,0,0,63.007,0,0,7.4535,18.442,11.098,0,0,1,0,0,0,0,1,0,0,0,0,1,0,0,0
0,0,0,0,0,75.177,0,0,24.823,0,0,6.731,1.4653,0,0,1.5274,75.996,4.8983,1.4653,0,0.59269,7.3237,0,0,0,0,0,75.177,0,0,3.0061,14.493,7.3237,0,0,0,0.2625,0.7375,0,0,1,0,0,0,0,1,0,0,0
0,0,0,0,0,65.26,0,0,34.74,0,0,6.7131,7.8313,0,0,0,68.489,7.0075,1.7991,0,1.4473,6.7131,0,0,0,0,0,65.26,0,0,9.8664,18.16,6.7131,0,0,0.015625,0.0625,0.92188,0,0,1,0,0,0,0,1,0,0,0
0,0,0,0,0,70.828,0,0,29.172,0,0,6.9656,4.2102,0,0,0,74.315,3.9807,2.0894,0,1.4732,6.9656,0,0,0,0,0,70.828,0,0,8.7016,13.505,6.9656,0,0,1,0,0,0,0,1,0,0,0,0,1,0,0,0
0,0,0,0,0,75.638,0,0,24.362,0,0,5.7689,3.5789,0,0,0,78.297,1.7443,3.503,0,1.339,5.7689,0,0,0,0,0,75.638,0,0,7.9693,10.624,5.7689,0,0,0.011628,0.10465,0.88372,0,0,1,0,0,0,0,1,0,0,0
0,0,1.4673,0,0,67.98,0,0,30.553,0,0,6.0167,6.9273,0,0,0,73.978,1.6765,2.3416,0,3.043,6.0167,0,1.4673,0,0,0,67.98,0,0,14.525,10.011,6.0167,0,0,0,0.032787,0.96721,0,0,1,0,0,0,0,1,0,0,0
0,0,1.3643,0,0,77.3,0,0,21.335,0,0,5.3572,5.0928,0,0,0,79.629,1.4677,1.7321,0,1.3643,5.3572,0,1.3643,0,0,0,77.3,0,0,7.9637,8.0145,5.3572,0,0,1,0,0,0,0,1,0,0,0,0,1,0,0,0
0,0,1.0822,0,0,76.058,0,0,22.859,0,0,5.6474,6.7347,0,0,0,77.926,1.239,0.93737,0,1.8678,5.6474,0,1.0822,0,0,0,76.058,0,0,11.27,5.9419,5.6474,0,0,0.066667,0.25333,0.68,0,0,1,0,0,0,0,1,0,0,0
0,0,4.5346,0,0,65.284,0,0,30.181,0,0,8.2863,4.5857,0,0,1.5157,71.29,0,0,0,6.6388,7.6835,0,4.5346,0,0,0,65.284,0,0,12.416,10.082,7.6835,0,0,0,0.12281,0.87719,0,0,1,0,0,0,0,1,0,0,0
0,0,0.92341,0,0,73.197,0,0,25.88,0,0,7.4261,4.5241,0,0,1.5133,74.877,0,0,0,3.1933,8.4661,0,0.92341,0,0,0,73.197,0,0,11.704,5.7092,8.4661,0,0,1,0,0,0,0,1,0,0,0,0,1,0,0,0
0,0,0.94063,0,0,75.448,0,0,23.611,0,0,6.5918,5.3023,0,0,1.13,77.919,0,0,0,2.4655,6.5918,0,0.94063,0,0,0,75.448,0,0,10.914,6.1047,6.5918,0,0,0.1125,0.175,0.7125,0,0,1,0,0,0,0,1,0,0,0
0,0,1.6176,0,0,68.186,0,0,30.197,0,0,9.2879,2.9901,0,0,3.9988,70.953,0,0,0,6.1688,6.6016,0,1.6176,0,0,0,68.186,0,0,12.197,10.801,7.1989,0,0,0.02,0.24,0.74,0,0,1,0,0,0,0,1,0,0,0
0,0,0.99216,0,0,71.003,0,0,28.005,0,0,10.114,2.1536,0,0,0.9405,74.127,0,0,0,2.3913,10.274,0,0.99216,0,0,0,71.003,0,0,5.2478,10.81,11.947,0,0,0.98039,0,0.019608,0,0,1,0,0,0,0,1,0,0,0
0,0,1.6189,0,0,72.234,0,0,26.147,0,0,10.339,2.3265,0,0,0.85346,74.66,0,0,0,3.2798,8.5404,0,1.6189,0,0,0,72.234,0,0,7.4255,10.181,8.5404,0,0,0.0125,0.3125,0.675,0,0,1,0,0,0,0,1,0,0,0
0,0,0.57127,0,0,68.892,0,0,30.537,0,0,11.072,2.2355,0,0,1.7523,72.82,0,0,0,3.9879,8.1325,0,0,0.57127,0,0,68.892,0,0,7.5472,11.346,11.644,0,0,0,0.33333,0.66667,0,0,1,0,0,0,0,1,0,0,0
0,0,0,0,0,66.887,0,0,33.113,0,0,12.312,2.3509,0,0,1.8581,69.237,0,0,0,4.209,10.032,0,0,0,0,0,66.887,0,0,10.004,11.927,11.182,0,0,0.99083,0,0.0091743,0,0,1,0,0,0,0,1,0,0,0
0,0,1.0467,0,0,76.676,0,0,22.277,0,0,11.1,0.40445,0,0,1.292,78.788,0,0,0,1.6964,6.719,0,0,1.0467,0,0,76.676,0,0,2.9448,10.186,9.1457,0,0,0.027778,0.22222,0.75,0,0,1,0,0,0,0,1,0,0,0
0,0,3.8404,0,0,70.637,0,0,25.523,0,0,8.084,1.1684,2.4571,1.8065,0,73.007,0,0,1.5773,2.1431,9.7564,0,1.8065,2.0339,0,0,70.637,0,0,5.7667,8.1118,11.644,0,0,0.025,0.175,0.8,0,0,1,0,0,0,0,1,0,0,0
0,0,3.1445,0,0,70.608,0,0,26.248,0,0,12.545,0.44378,1.5358,1.4344,0,73.301,0,0,0.96223,0.91594,8.8622,0,1.4344,1.7101,0,0,70.608,0,0,1.9333,9.2915,15.023,0,0,0.98131,0,0.018692,0,0,1,0,0,0,0,1,0,0,0
0,0,1.9248,0,0,77.773,0,0,20.302,0,0,7.384,1.5172,0.96682,1.5016,0,79.29,0,0,0.42327,2.5955,6.3216,0,1.5016,0.42327,0,0,77.773,0,0,5.2546,5.6484,9.3993,0,0,0,0.1194,0.8806,0,0,1,0,0,0,0,1,0,0,0
0,0,5.2664,0,0,71.068,0,0,23.666,0,0,8.5662,0.3884,1.7172,3.0892,0,71.916,0,0,3.8646,1.7605,8.6977,0,3.0892,2.1772,0,0,71.068,0,0,2.5373,13.566,7.562,0,0,0,0.025641,0.97436,0,0,1,0,0,0,0,1,0,0,0
0,0,1.2866,0,0,72.653,0,0,26.061,0,0,7.0066,0.78446,2.0675,0.85532,0,73.869,0,0,1.5293,1.6398,12.249,0,0.85532,0.4313,0,0,72.653,0,0,5.2761,6.7449,14.04,0,0,0.97468,0,0.025316,0,0,1,0,0,0,0,1,0,0,0
0,0,2.5383,0,0,78.662,0,0,18.8,0,0,5.5116,0.34779,2.2653,0.77279,0,80.002,0,0,3.6233,0.34779,7.1293,0,0.77279,1.7655,0,0,78.662,0,0,2.5359,9.0311,7.2331,0,0,0,0.16071,0.83929,0,0,1,0,0,0,0,1,0,0,0
0,0,4.5206,0,0,70.386,0,0,25.093,0,0,4.7489,0,4.9729,2.7811,0,70.386,0,0,7.2282,1.0417,8.8413,0,2.7811,1.7394,0,0,70.386,0,0,4.2751,11.342,9.4763,0,0,0,0.051282,0.94872,0,0,1,0,0,0,0,1,0,0,0
0,0,4.4022,0,0,76.622,0,0,18.976,0,0,3.2321,0,2.9153,3.3187,0,76.622,0,0,1.0835,2.2352,10.593,0,3.3187,1.0835,0,0,76.622,0,0,4.067,9.0968,5.8121,0,0,0.05,0.375,0.575,0,0,1,0,0,0,0,1,0,0,0
0,0,0,0,0,92.275,0,0,7.7249,0,0,1.4527,0.6966,0,0,2.0656,93.636,0,0,0,0.6966,1.4527,0,0,0,0,0,92.275,0,0,1.3932,4.8789,1.4527,0,0,0,0.24731,0.75269,0,0,1,0,0,0,0,1,0,0,0
0,0,0,0,0,100,0,0,0,0,0,0,0,0,0,0,100,0,0,0,0,0,0,0,0,0,0,100,0,0,0,0,0,0,0,0,0.26923,0.73077,0,0,1,0,0,0,0,1,0,0,0
0,0,0,0,0,91.465,0,0,8.5353,0,0,0,2.8572,0,0,0.84945,93.436,0.88574,0,0,1.9715,0,0,0,0,0,0,91.465,0,0,4.8286,3.7066,0,0,0,0.021505,0.26882,0.70968,0,0,1,0,0,0,0,1,0,0,0
0,0,0,0,0,100,0,0,0,0,0,0,0,0,0,0,100,0,0,0,0,0,0,0,0,0,0,100,0,0,0,0,0,0,0,0,0.17476,0.82524,0,0,1,0,0,0,0,1,0,0,0
0,0,0,0,0,100,0,0,0,0,0,0,0,0,0,0,100,0,0,0,0,0,0,0,0,0,0,100,0,0,0,0,0,0,0,0.041237,0.13402,0.82474,0,0,1,0,0,0,0,1,0,0,0
0,0,0,0,0,100,0,0,0,0,0,0,0,0,0,0,100,0,0,0,0,0,0,0,0,0,0,100,0,0,0,0,0,0,0,0,0.18557,0.81443,0,0,1,0,0,0,0,1,0,0,0
0,0,0,0,0,100,0,0,0,0,0,0,0,0,0,0,100,0,0,0,0,0,0,0,0,0,0,100,0,0,0,0,0,0,0,0.1087,0.065217,0.82609,0,0,1,0,0,0,0,1,0,0,0
0,0,0,0,0,100,0,0,0,0,0,0,0,0,0,0,100,0,0,0,0,0,0,0,0,0,0,100,0,0,0,0,0,0,0,0,0.21739,0.78261,0,0,1,0,0,0,0,1,0,0,0
0,0,0,0,0,92.945,0,0,7.0545,0,0,0,2.7286,0,0,0,94.543,1.9788,0,0,0.7498,0,0,0,0,0,0,92.945,0,0,3.4784,3.5761,0,0,0,0,0.22619,0.77381,0,0,1,0,0,0,0,1,0,0,0
0,0,0,0,0,100,0,0,0,0,0,0,0,0,0,0,100,0,0,0,0,0,0,0,0,0,0,100,0,0,0,0,0,0,0,0,0.12871,0.87129,0,0,1,0,0,0,0,1,0,0,0
0,0,0.83221,0,0,93.969,0,0,5.1986,0,0,0,1.0103,0,0,0,97.147,1.0103,0,0,0.83221,0,0,0.83221,0,0,0,93.969,0,0,1.8425,3.3561,0,0,0,0,0.15556,0.84444,0,0,1,0,0,0,0,1,0,0,0
0,0,0,0,0,100,0,0,0,0,0,0,0,0,0,0,100,0,0,0,0,0,0,0,0,0,0,100,0,0,0,0,0,0,0,0,0.22826,0.77174,0,0,1,0,0,0,0,1,0,0,0
0,0,0,0,0,100,0,0,0,0,0,0,0,0,0,0,100,0,0,0,0,0,0,0,0,0,0,100,0,0,0,0,0,0,0,0.011111,0.055556,0.93333,0,0,1,0,0,0,0,1,0,0,0
0,0,0,0,0,100,0,0,0,0,0,0,0,0,0,0,100,0,0,0,0,0,0,0,0,0,0,100,0,0,0,0,0,0,0,0,0.12621,0.87379,0,0,1,0,0,0,0,1,0,0,0
0,0,0,0,0,100,0,0,0,0,0,0,0,0,0,0,100,0,0,0,0,0,0,0,0,0,0,100,0,0,0,0,0,0,0,0,0.081633,0.91837,0,0,1,0,0,0,0,1,0,0,0
0,0,0,0,0,100,0,0,0,0,0,0,0,0,0,0,100,0,0,0,0,0,0,0,0,0,0,100,0,0,0,0,0,0,0,0.012346,0.30864,0.67901,0,0,1,0,0,0,0,1,0,0,0
0,0,0,0,0,100,0,0,0,0,0,0,0,0,0,0,100,0,0,0,0,0,0,0,0,0,0,100,0,0,0,0,0,0,0,0,0.26042,0.73958,0,0,1,0,0,0,0,1,0,0,0
0,0,0,0,0,100,0,0,0,0,0,0,0,0,0,0,100,0,0,0,0,0,0,0,0,0,0,100,0,0,0,0,0,0,0,0,0.2619,0.7381,0,0,1,0,0,0,0,1,0,0,0
0,0,0,0,0,100,0,0,0,0,0,0,0,0,0,0,100,0,0,0,0,0,0,0,0,0,0,100,0,0,0,0,0,0,0,0.023256,0.26744,0.7093,0,0,1,0,0,0,0,1,0,0,0
0,0,0,0,0,100,0,0,0,0,0,0,0,0,0,0,100,0,0,0,0,0,0,0,0,0,0,100,0,0,0,0,0,0,0,0.02439,0.23171,0.7439,0,0,1,0,0,0,0,1,0,0,0
0,0,0,0,0,100,0,0,0,0,0,0,0,0,0,0,100,0,0,0,0,0,0,0,0,0,0,100,0,0,0,0,0,0,0,0.0125,0.1875,0.8,0,0,1,0,0,0,0,1,0,0,0
0,0,0,0,0,100,0,0,0,0,0,0,0,0,0,0,100,0,0,0,0,0,0,0,0,0,0,100,0,0,0,0,0,0,0,0.035714,0.095238,0.86905,0,0,1,0,0,0,0,1,0,0,0
0,0,0,0,0,100,0,0,0,0,0,0,0,0,0,0,100,0,0,0,0,0,0,0,0,0,0,100,0,0,0,0,0,0,0,0,0.076923,0.92308,0,0,1,0,0,0,0,1,0,0,0
0,0,0,0,0,100,0,0,0,0,0,0,0,0,0,0,100,0,0,0,0,0,0,0,0,0,0,100,0,0,0,0,0,0,0,0.17188,0.20312,0.625,0,0,1,0,0,0,0,1,0,0,0
0,0,2.1434,0,0,93.112,0,0,4.7445,0,0,0,0,0,0,0.85605,96.144,0,0,0,2.9995,0,0,2.1434,0,0,0,93.112,0,0,2.9995,1.745,0,0,0,0,0.21348,0.78652,0,0,1,0,0,0,0,1,0,0,0
0,0,0,0,0,100,0,0,0,0,0,0,0,0,0,0,100,0,0,0,0,0,0,0,0,0,0,100,0,0,0,0,0,0,0,0,0.18478,0.81522,0,0,1,0,0,0,0,1,0,0,0
0,0,0.90733,0,0,91.924,0,0,7.1685,0,0,0,0.77933,0,0,1.9616,93.611,0,0,0,3.6483,0,0,0.90733,0,0,0,91.924,0,0,4.4276,2.7409,0,0,0,0.010309,0.26804,0.72165,0,0,1,0,0,0,0,1,0,0,0
0,0,0,0,0,100,0,0,0,0,0,0,0,0,0,0,100,0,0,0,0,0,0,0,0,0,0,100,0,0,0,0,0,0,0,0,0.23529,0.76471,0,0,1,0,0,0,0,1,0,0,0
0,0,0,0,0,100,0,0,0,0,0,0,0,0,0,0,100,0,0,0,0,0,0,0,0,0,0,100,0,0,0,0,0,0,0,0,0.11458,0.88542,0,0,1,0,0,0,0,1,0,0,0
0,0,0,0,0,100,0,0,0,0,0,0,0,0,0,0,100,0,0,0,0,0,0,0,0,0,0,100,0,0,0,0,0,0,0,0,0.22989,0.77011,0,0,1,0,0,0,0,1,0,0,0
0,0,0,0,0,100,0,0,0,0,0,0,0,0,0,0,100,0,0,0,0,0,0,0,0,0,0,100,0,0,0,0,0,0,0,0.011111,0.23333,0.75556,0,0,1,0,0,0,0,1,0,0,0
0,0,0,0,0,100,0,0,0,0,0,0,0,0,0,0,100,0,0,0,0,0,0,0,0,0,0,100,0,0,0,0,0,0,0,0,0.23469,0.76531,0,0,1,0,0,0,0,1,0,0,0
0,0,0.83294,0,0,90.201,0,0,8.9666,0,0,2.0105,1.6317,0,0,0.73607,92.665,0,0,0,2.3678,0.5888,0,0,0.83294,0,0,90.201,0,0,3.9995,4.3783,0.5888,0,0,0.021978,0.28571,0.69231,0,0,1,0,0,0,0,1,0,0,0
0,0,0,0,0,100,0,0,0,0,0,0,0,0,0,0,100,0,0,0,0,0,0,0,0,0,0,100,0,0,0,0,0,0,0,0,0.2766,0.7234,0,0,1,0,0,0,0,1,0,0,0
0,0,2.5981,0,0,90.563,0,0,6.8392,0,0,3.1353,0.59194,0,0.9114,0,92.841,0,0,0,1.5033,1.0167,0,0.9114,1.6867,0,0,90.563,0,0,2.0953,2.7105,2.0335,0,0,0,0.28049,0.71951,0,0,1,0,0,0,0,1,0,0,0
0,0,0,0,0,100,0,0,0,0,0,0,0,0,0,0,100,0,0,0,0,0,0,0,0,0,0,100,0,0,0,0,0,0,0,0,0.16854,0.83146,0,0,1,0,0,0,0,1,0,0,0
0,0,0,0,0,100,0,0,0,0,0,0,0,0,0,0,100,0,0,0,0,0,0,0,0,0,0,100,0,0,0,0,0,0,0,0.072289,0.096386,0.83133,0,0,1,0,0,0,0,1,0,0,0
0,0,0,0,0,100,0,0,0,0,0,0,0,0,0,0,100,0,0,0,0,0,0,0,0,0,0,100,0,0,0,0,0,0,0,0,0.16092,0.83908,0,0,1,0,0,0,0,1,0,0,0
0,0,0,0,0,100,0,0,0,0,0,0,0,0,0,0,100,0,0,0,0,0,0,0,0,0,0,100,0,0,0,0,0,0,0,0.098592,0.15493,0.74648,0,0,1,0,0,0,0,1,0,0,0
0,0,0,0,0,100,0,0,0,0,0,0,0,0,0,0,100,0,0,0,0,0,0,0,0,0,0,100,0,0,0,0,0,0,0,0,0.22727,0.77273,0,0,1,0,0,0,0,1,0,0,0
0,0,0,0,0,100,0,0,0,0,0,0,0,0,0,0,100,0,0,0,0,0,0,0,0,0,0,100,0,0,0,0,0,0,0,0,0.076923,0.92308,0,0,1,0,0,0,0,1,0,0,0
0,0,0,0,0,100,0,0,0,0,0,0,0,0,0,0,100,0,0,0,0,0,0,0,0,0,0,100,0,0,0,0,0,0,0,0.13043,0.2029,0.66667,0,0,1,0,0,0,0,1,0,0,0
0,0,0,0,0,100,0,0,0,0,0,0,0,0,0,0,100,0,0,0,0,0,0,0,0,0,0,100,0,0,0,0,0,0,0,0.028986,0.34783,0.62319,0,0,1,0,0,0,0,1,0,0,0
0,0,0,0,0,100,0,0,0,0,0,0,0,0,0,0,100,0,0,0,0,0,0,0,0,0,0,100,0,0,0,0,0,0,0,0.12821,0.17949,0.69231,0,0,1,0,0,0,0,1,0,0,0
0,0,0,0,0,100,0,0,0,0,0,0,0,0,0,0,100,0,0,0,0,0,0,0,0,0,0,100,0,0,0,0,0,0,0,0.026667,0.29333,0.68,0,0,1,0,0,0,0,1,0,0,0
0,0,0,0,0,100,0,0,0,0,0,0,0,0,0,0,100,0,0,0,0,0,0,0,0,0,0,100,0,0,0,0,0,0,0,0.025974,0.27273,0.7013,0,0,1,0,0,0,0,1,0,0,0
0,0,0,0,0,100,0,0,0,0,0,0,0,0,0,0,100,0,0,0,0,0,0,0,0,0,0,100,0,0,0,0,0,0,0,0.061538,0.21538,0.72308,0,0,1,0,0,0,0,1,0,0,0
0,0,3.3345,0,0,87.765,0,0,8.9003,0,0,0.8178,0,0.77757,2.5167,0,88.583,0,0,3.2331,2.5167,1.5551,0,2.5167,0.8178,0,0,87.765,0,0,3.2943,4.0509,1.5551,0,0,0,0.16393,0.83607,0,0,1,0,0,0,0,1,0,0,0
0,0,0.77817,0,0,98.444,0,0,0.77817,0,0,0,0,0,0.77817,0,98.444,0,0,0,0.77817,0,0,0.77817,0,0,0,98.444,0,0,0.77817,0,0,0,0,0,0.079365,0.92063,0,0,1,0,0,0,0,1,0,0,0
0,0,0,0,0,100,0,0,0,0,0,0,0,0,0,0,100,0,0,0,0,0,0,0,0,0,0,100,0,0,0,0,0,0,0,0,0.16393,0.83607,0,0,1,0,0,0,0,1,0,0,0
0,0,0,0,0,95.949,0.53172,0,3.5194,0,0,0.53172,0.53172,0,0,0,94.354,2.9877,0.53172,0.53172,0,0.53172,4.0511,1.5952,0,0,0,94.354,0,0,0,0,0,0,0,1,0,0,0,0,1,0,0,0,0,1,0,0,0
0,0,3.1368,1.6886,1.6886,86.086,1.977,0,5.4227,0,0,4.5784,2.5809,0,0,0,86.188,0.84431,1.3732,1.3732,0,3.0618,5.8831,4.7233,4.0496,0,0,81.363,0,0.84431,1.6886,1.4482,0,0,0,1,0,0,0,0,1,0,0,0,0,1,0,0,0
0,0,6.9444,0,0,57.809,0,0,35.246,0,0,9.4075,0.80123,0,7.815,0,61.281,0.80123,0,3.5416,3.4722,12.88,3.4722,0,3.4722,0,0,57.809,0,0,3.4722,18.825,12.949,0,0,1,0,0,0,0,1,0,0,0,0,1,0,0,0
0,0,2.97,0,0,73.873,0,0,23.157,0,0,6.597,1.7055,0,5.7132,0,74.717,1.7055,0,0.81873,2.1262,6.6175,0.84383,0,2.1262,0,0,73.873,0,0,1.6611,14.478,7.018,0,0,0.090909,0.11364,0.79545,0,0,1,0,0,0,0,1,0,0,0
0,0,0,0,0,75.355,0,0,24.645,0,0,9.7497,0,0,0,5.6744,75.355,0,0,0,0,9.2205,0,0,0,0,0,75.355,0,0,0.64043,13.705,10.299,0,0,0.073171,0.26829,0.65854,0,0,1,0,0,0,0,1,0,0,0
0,0,0,0,0,71.98,0,0,28.02,0,0,13.285,0,0,0,5.2544,71.98,0,0,0,0,9.48,0,0,0,0,0,71.98,0,0,3.3133,14.07,10.636,0,0,0.022222,0.33333,0.64444,0,0,1,0,0,0,0,1,0,0,0
0,0,0,0,0,73.456,0,0,26.544,0,0,11.398,0,0,0.65133,4.9532,73.931,0,0,0,0,9.067,0,0,0,0,0,73.456,0,0,0,13.732,12.812,0,0,0.061224,0.040816,0.89796,0,0,1,0,0,0,0,1,0,0,0
0,0,0,0,0,100,0,0,0,0,0,0,0,0,0,0,100,0,0,0,0,0,0,0,0,0,0,100,0,0,0,0,0,0,0,1,0,0,0,0,1,0,0,0,0,1,0,0,0
0,0,4.7138,0,0,88.094,0,0,4.7138,2.4782,0,0,0,0,2.3569,2.3569,88.094,0,0,0,2.3569,4.8351,2.3569,2.3569,0,0,0,88.094,0,0,4.8351,0,2.3569,0,0,1,0,0,0,0,1,0,0,0,0,1,0,0,0
0,0,0.56243,0,0,91.524,0,0,7.9132,0,0,1.3861,2.2098,0,0,0,92.91,0,0,0,1.3861,2.1075,0,0.56243,0,0,0,91.524,0,0,4.4196,1.3861,2.1075,0,0,1,0,0,0,0,1,0,0,0,0,1,0,0,0
0,0,0,0,0,75.718,0,0,24.282,0,0,5.484,0,0,3.4573,2.9448,77.876,0,0,0,1.153,9.0849,0,0,0,0,0,75.718,0,0,1.153,12.251,10.878,0,0,0,0.21739,0.78261,0,0,1,0,0,0,0,1,0,0,0
0,0,0,0,0,73.303,0,0,26.697,0,0,5.8343,0,0,2.4744,3.3599,75.777,0,0,0,3.3599,9.1942,0,0,0,0,0,73.303,0,0,3.3599,11.669,11.669,0,0,1,0,0,0,0,1,0,0,0,0,1,0,0,0
0,0,0,0,0,81.901,0,0,18.099,0,0,3.3512,4.6943,0,0,0,83.244,2.008,2.008,0,1.3432,3.3512,0,0,0,0,0,81.901,0,0,7.3807,7.3671,3.3512,0,0,1,0,0,0,0,1,0,0,0,0,1,0,0,0
0,0,1.9145,0,0,71.616,0,0,26.469,0,0,10.063,1.9145,0,0,2.5148,74.33,0,0,0,4.4293,6.7487,0,1.9145,0,0,0,71.616,0,0,8.8587,10.063,7.5478,0,0,1,0,0,0,0,1,0,0,0,0,1,0,0,0
0,0,2.1054,0,0,71.006,0,0,26.888,0,0,11.895,2.0487,0.49826,0.47168,0,75.443,0,0,0,2.5204,7.1238,0,0.47168,1.6337,0,0,71.006,0,0,6.0642,11.162,9.6616,0,0,0,0.36585,0.63415,0,0,1,0,0,0,0,1,0,0,0
0,0,5.9951,0,0,66.708,0,0,27.297,0,0,10.421,1.6096,3.7408,2.9975,0,68.318,0,0,2.9975,1.6096,8.3064,0,2.9975,2.9975,0,0,66.708,0,0,5.5722,12.815,8.9095,0,0,1,0,0,0,0,1,0,0,0,0,1,0,0,0
