h1,h2,h3,h4,h5,h6,h7,h8,h9,h10,h11,h12,h13,h14,h15,h16,h17,h18,h19,h20,h21,h22,h23,h24,h25,h26,h27,h28,h29,h30,h31,h32,h33,h34,h35,h36,h37,h38,h39,h40,h41,h42,h43,h44,h45,h46,h47,h48,label
0,0,0,0,0,100,0,0,0,0,0,0,0,0,0,0,100,0,0,0,0,0,0,0,0,0,0,100,0,0,0,0,0,0,0,1,0,0,0,0,1,0,0,0,0,1,0,0,0
0,0,0,0,0,100,0,0,0,0,0,0,0,0,0,0,100,0,0,0,0,0,0,0,0,0,0,100,0,0,0,0,0,0,0,1,0,0,0,0,1,0,0,0,0,1,0,0,0
0,0,0,0,0,89.547,0,0,10.453,0,0,4.7942,0.86432,0,0,0,91.08,0,0.86432,0,0,2.3971,0,0,0,0,0,89.547,0,0,3.2614,4.7942,2.3971,0,0,1,0,0,0,0,1,0,0,0,0,1,0,0,0
0,0,0,0,0,100,0,0,0,0,0,0,0,0,0,0,100,0,0,0,0,0,0,0,0,0,0,100,0,0,0,0,0,0,0,1,0,0,0,0,1,0,0,0,0,1,0,0,0
0,0,0,0,0,100,0,0,0,0,0,0,0,0,0,0,100,0,0,0,0,0,0,0,0,0,0,100,0,0,0,0,0,0,0,1,0,0,0,0,1,0,0,0,0,1,0,0,0
0,0,0,0,0,100,0,0,0,0,0,0,0,0,0,0,100,0,0,0,0,0,0,0,0,0,0,100,0,0,0,0,0,0,0,1,0,0,0,0,1,0,0,0,0,1,0,0,0
0,0,0,0,0,100,0,0,0,0,0,0,0,0,0,0,100,0,0,0,0,0,0,0,0,0,0,100,0,0,0,0,0,0,0,1,0,0,0,0,1,0,0,0,0,1,0,0,0
0,0,0,0,0,100,0,0,0,0,0,0,0,0,0,0,100,0,0,0,0,0,0,0,0,0,0,100,0,0,0,0,0,0,0,1,0,0,0,0,1,0,0,0,0,1,0,0,0
0,0,0,0,0,100,0,0,0,0,0,0,0,0,0,0,100,0,0,0,0,0,0,0,0,0,0,100,0,0,0,0,0,0,0,1,0,0,0,0,1,0,0,0,0,1,0,0,0
0,0,0,0,0,100,0,0,0,0,0,0,0,0,0,0,100,0,0,0,0,0,0,0,0,0,0,100,0,0,0,0,0,0,0,1,0,0,0,0,1,0,0,0,0,1,0,0,0
0,0,0,0,0,100,0,0,0,0,0,0,0,0,0,0,100,0,0,0,0,0,0,0,0,0,0,100,0,0,0,0,0,0,0,1,0,0,0,0,1,0,0,0,0,1,0,0,0
0,0,0,0,0,100,0,0,0,0,0,0,0,0,0,0,100,0,0,0,0,0,0,0,0,0,0,100,0,0,0,0,0,0,0,1,0,0,0,0,1,0,0,0,0,1,0,0,0
0,0,0,0,0,100,0,0,0,0,0,0,0,0,0,0,100,0,0,0,0,0,0,0,0,0,0,100,0,0,0,0,0,0,0,1,0,0,0,0,1,0,0,0,0,1,0,0,0
0,0,0,0,0,100,0,0,0,0,0,0,0,0,0,0,100,0,0,0,0,0,0,0,0,0,0,100,0,0,0,0,0,0,0,1,0,0,0,0,1,0,0,0,0,1,0,0,0
0,0,0,0,0,100,0,0,0,0,0,0,0,0,0,0,100,0,0,0,0,0,0,0,0,0,0,100,0,0,0,0,0,0,0,1,0,0,0,0,1,0,0,0,0,1,0,0,0
0,0,0,0,0,100,0,0,0,0,0,0,0,0,0,0,100,0,0,0,0,0,0,0,0,0,0,100,0,0,0,0,0,0,0,1,0,0,0,0,1,0,0,0,0,1,0,0,0
0,0,0,0,0,100,0,0,0,0,0,0,0,0,0,0,100,0,0,0,0,0,0,0,0,0,0,100,0,0,0,0,0,0,0,1,0,0,0,0,1,0,0,0,0,1,0,0,0
0,0,0,0,0,88.762,0,0,11.238,0,0,4.4953,2.2476,0,0,0,88.762,0,2.2476,0,0,2.2476,0,0,0,0,0,88.762,0,0,4.4953,4.4953,2.2476,0,0,1,0,0,0,0,1,0,0,0,0,1,0,0,0
0,0,0,0,0,100,0,0,0,0,0,0,0,0,0,0,100,0,0,0,0,0,0,0,0,0,0,100,0,0,0,0,0,0,0,1,0,0,0,0,1,0,0,0,0,1,0,0,0
0,0,0,0,0,88.666,0,0,11.334,0,0,3.926,2.4694,0,0,0,88.666,1.0128,1.4566,0,0,2.4694,0,0,0,0,0,88.666,0,0,2.9132,5.9515,2.4694,0,0,1,0,0,0,0,1,0,0,0,0,1,0,0,0
0,0,0,0,0,98.71,0,1.2898,0,0,0,0,1.2898,0,0,0,98.71,0,0,0,0,0,0,0,1.2898,0,0,98.71,0,0,0,0,0,0,0,1,0,0,0,0,1,0,0,0,0,1,0,0,0
0,0,0,0,0,98.603,0,1.3968,0,0,0,0,1.3968,0,0,0,98.603,0,0,0,0,0,0,0,1.3968,0,0,98.603,0,0,0,0,0,0,0,1,0,0,0,0,1,0,0,0,0,1,0,0,0
1.4136,0,0,0,0,88.615,5.4837,4.4878,0,0,0,0.88551,3.0742,0,0.88551,0,86.316,0,3.7127,1.4136,1.4136,2.2991,0.88551,3.7127,4.4878,0.88551,0.88551,86.316,1.4136,1.4136,0,0,0,0,0,1,0,0,0,0,1,0,0,0,0,1,0,0,0
0.93551,0,0.7802,0,0.7802,83.863,8.0248,3.2761,0.7802,1.5604,0,2.5714,0.7802,0,1.7912,0,82.696,0.7802,4.4424,2.4959,0.93551,3.5069,1.7912,5.2226,1.7157,2.5714,1.7912,81.136,0.93551,1.7157,0,3.1208,0,0,0,1,0,0,0,0,1,0,0,0,0,1,0,0,0
0,0,0,0,0,100,0,0,0,0,0,0,0,0,0,0,100,0,0,0,0,0,0,0,0,0,0,100,0,0,0,0,0,0,0,1,0,0,0,0,1,0,0,0,0,1,0,0,0
0,0,0,0,0,95.035,0,0,4.9646,0,0,1.2412,1.2412,0,0,0,95.035,1.2412,0,0,0,1.2412,0,0,0,0,0,95.035,0,0,0,3.7235,1.2412,0,0,1,0,0,0,0,1,0,0,0,0,1,0,0,0
0,0,0,0,0,94.69,4.3167,0.99324,0,0,0,1.4389,0.99324,0,1.4389,0,93.251,0,1.4389,0,0,1.4389,1.4389,1.4389,0.99324,1.4389,1.4389,93.251,0,0,0,0,0,0,0,1,0,0,0,0,0.98765,0.012346,0,0,0,0.93827,0.061728,0,0
0,0,2.4754,0,0,89.259,0,0,8.2653,0,0,2.3757,2.3757,0,0,0,90.497,1.138,1.2377,0,0,2.3757,0,1.2377,1.2377,0,0,89.259,0,0,2.4754,3.4141,2.3757,0,0,1,0,0,0,0,1,0,0,0,0,1,0,0,0
0,0,0,0,0,100,0,0,0,0,0,0,0,0,0,0,100,0,0,0,0,0,0,0,0,0,0,100,0,0,0,0,0,0,0,1,0,0,0,0,1,0,0,0,0,1,0,0,0
0,0,0,0,0,100,0,0,0,0,0,0,0,0,0,0,100,0,0,0,0,0,0,0,0,0,0,100,0,0,0,0,0,0,0,1,0,0,0,0,1,0,0,0,0,1,0,0,0
0,0,0,0,0,100,0,0,0,0,0,0,0,0,0,0,100,0,0,0,0,0,0,0,0,0,0,100,0,0,0,0,0,0,0,1,0,0,0,0,1,0,0,0,0,1,0,0,0
0,0,0,0,0,100,0,0,0,0,0,0,0,0,0,0,100,0,0,0,0,0,0,0,0,0,0,100,0,0,0,0,0,0,0,1,0,0,0,0,1,0,0,0,0,1,0,0,0
0,0,0,0,0,100,0,0,0,0,0,0,0,0,0,0,100,0,0,0,0,0,0,0,0,0,0,100,0,0,0,0,0,0,0,1,0,0,0,0,1,0,0,0,0,1,0,0,0
0,0,0,0,0,100,0,0,0,0,0,0,0,0,0,0,100,0,0,0,0,0,0,0,0,0,0,100,0,0,0,0,0,0,0,1,0,0,0,0,1,0,0,0,0,1,0,0,0
0,0,0,0,0,100,0,0,0,0,0,0,0,0,0,0,100,0,0,0,0,0,0,0,0,0,0,100,0,0,0,0,0,0,0,1,0,0,0,0,1,0,0,0,0,1,0,0,0
0,0,0,0,0,100,0,0,0,0,0,0,0,0,0,0,100,0,0,0,0,0,0,0,0,0,0,100,0,0,0,0,0,0,0,1,0,0,0,0,1,0,0,0,0,1,0,0,0
0,0,0,0,0,100,0,0,0,0,0,0,0,0,0,0,100,0,0,0,0,0,0,0,0,0,0,100,0,0,0,0,0,0,0,1,0,0,0,0,1,0,0,0,0,1,0,0,0
0,0,0,0,0,98.873,0,0,1.1272,0,0,1.1272,0,0,0,0,98.873,0,0,0,0,0,0,0,1.1272,0,0,98.873,0,0,0,0,0,0,0,1,0,0,0,0,1,0,0,0,0,1,0,0,0
0,0,0,0,0,97.289,0,0,2.7111,0,0,1.3556,0,0,0,0,97.289,0,0,0,1.3556,0,0,1.3556,1.3556,0,0,97.289,0,0,0,0,0,0,0,1,0,0,0,0,1,0,0,0,0,1,0,0,0
0,0,0.86035,0,0,90.72,1.7207,0,5.8383,0.86035,0,5.1666,0.86035,0.86035,0.86035,0,90.72,0,0,0,1.5321,0,2.581,1.5321,4.3062,0,0,90.72,0,0,0,0.86035,0,0,0,1,0,0,0,0,1,0,0,0,0,1,0,0,0
0,0,0,0,0,86.187,0,0,13.813,0,0,5.1436,0,3.5261,0,0,86.187,0,0,0,5.1436,0,3.5261,5.1436,5.1436,0,0,86.187,0,0,0,0,0,0,0,1,0,0,0,0,1,0,0,0,0,1,0,0,0
0,7.5903,16.636,7.8609,5.6817,42.998,4.0158,0.6021,13.821,0.79477,0,10.146,0.44786,4.1372,7.2711,3.5823,59.197,1.5834,2.0374,0.44786,7.4613,3.6894,14.811,13.649,13.829,0.79477,0,41.121,0,5.5212,4.7798,3.4962,1.9984,0,0,0.98851,0.011494,0,0,0,1,0,0,0,0,0.95402,0.045977,0,0
0,0,3.2453,2.2113,1.4742,79.079,1.7711,0.73711,11.482,0,0,3.9918,0,2.5082,2.5082,1.4742,80.256,0,0,0,6.7534,2.5082,8.2618,4.9823,6.5,0,0,77.308,0,0.73711,1.4742,0.73711,0,0,0,1,0,0,0,0,1,0,0,0,0,1,0,0,0
0,4.1221,11.888,11.117,7.5228,35.957,6.5553,3.0645,18.714,1.0586,0,9.7003,1.8986,6.3995,6.0411,5.8428,54.863,0.81596,0.84,3.0441,6.3878,4.1665,16.876,11.374,14.726,0,0,35.142,0,7.2164,6.6588,5.8031,2.2041,0,0,1,0,0,0,0,1,0,0,0,0,0.9878,0.012195,0,0
0,0,0,0,0,100,0,0,0,0,0,0,0,0,0,0,100,0,0,0,0,0,0,0,0,0,0,100,0,0,0,0,0,0,0,1,0,0,0,0,1,0,0,0,0,1,0,0,0
0,0,0,0,0,100,0,0,0,0,0,0,0,0,0,0,100,0,0,0,0,0,0,0,0,0,0,100,0,0,0,0,0,0,0,1,0,0,0,0,1,0,0,0,0,1,0,0,0
0,0,0,0,0,100,0,0,0,0,0,0,0,0,0,0,100,0,0,0,0,0,0,0,0,0,0,100,0,0,0,0,0,0,0,1,0,0,0,0,1,0,0,0,0,1,0,0,0
0,0,0,0,0,100,0,0,0,0,0,0,0,0,0,0,100,0,0,0,0,0,0,0,0,0,0,100,0,0,0,0,0,0,0,0.055556,0.41667,0.52778,0,0,1,0,0,0,0,1,0,0,0
0,0,0,0,0,100,0,0,0,0,0,0,0,0,0,0,100,0,0,0,0,0,0,0,0,0,0,100,0,0,0,0,0,0,0,1,0,0,0,0,1,0,0,0,0,1,0,0,0
0,0,0,0,0,100,0,0,0,0,0,0,0,0,0,0,100,0,0,0,0,0,0,0,0,0,0,100,0,0,0,0,0,0,0,1,0,0,0,0,1,0,0,0,0,1,0,0,0
0,0,0,0,0,100,0,0,0,0,0,0,0,0,0,0,100,0,0,0,0,0,0,0,0,0,0,100,0,0,0,0,0,0,0,1,0,0,0,0,1,0,0,0,0,1,0,0,0
0,1.7257,0,0,3.4514,93.097,0,1.7257,0,0,0,0,0,0,0,0,93.097,1.7257,1.7257,0,0,3.4514,0,0,1.7257,1.7257,0,93.097,0,1.7257,0,0,1.7257,0,0,1,0,0,0,0,1,0,0,0,0,1,0,0,0
0,0,0,0,0,100,0,0,0,0,0,0,0,0,0,0,100,0,0,0,0,0,0,0,0,0,0,100,0,0,0,0,0,0,0,1,0,0,0,0,1,0,0,0,0,1,0,0,0
0,0,0,0,0,93.127,4.3748,2.4985,0,0,0,1.4583,2.4985,0,1.4583,0,91.668,0,1.4583,0,0,1.4583,1.4583,1.4583,2.4985,1.4583,1.4583,91.668,0,0,0,0,0,0,0,1,0,0,0,0,1,0,0,0,0,1,0,0,0
0,0,0,0,0,100,0,0,0,0,0,0,0,0,0,0,100,0,0,0,0,0,0,0,0,0,0,100,0,0,0,0,0,0,0,1,0,0,0,0,1,0,0,0,0,1,0,0,0
0,0,0,0,0,100,0,0,0,0,0,0,0,0,0,0,100,0,0,0,0,0,0,0,0,0,0,100,0,0,0,0,0,0,0,1,0,0,0,0,1,0,0,0,0,1,0,0,0
1.6931,0.26083,2.4883,3.3665,7.6293,56.164,9.9365,5.0341,9.8639,2.1394,1.4237,6.8509,5.7274,1.4744,2.8228,4.8346,52.357,4.0724,5.0945,1.5725,5.7693,9.4243,17.397,13.393,6.6653,3.8223,0,47.328,0.91751,6.7118,1.4847,0.91751,1.3618,0,0,1,0,0,0,0,1,0,0,0,0,1,0,0,0
0,0.70396,0,0,1.4079,97.184,0,0,0.70396,0,0,0.70396,0,0,0.70396,0.70396,97.184,0,0,0,0.70396,0,0,0,0.70396,0,0,96.48,0.70396,0.70396,0,0.70396,0.70396,0,0,1,0,0,0,0,1,0,0,0,0,1,0,0,0
2.0407,1.0813,3.7703,2.3514,5.249,59.157,7.693,2.5358,13.168,2.1427,0.81109,6.6989,7.0498,2.9242,2.8608,3.0993,57.931,3.2197,5.3278,1.2491,2.0844,7.5547,16.384,10.164,6.0804,3.3599,0,54.553,0.81188,4.2603,1.6615,1.2381,1.4878,0,0,1,0,0,0,0,1,0,0,0,0,1,0,0,0
0,0,0,0,0,100,0,0,0,0,0,0,0,0,0,0,100,0,0,0,0,0,0,0,0,0,0,100,0,0,0,0,0,0,0,1,0,0,0,0,1,0,0,0,0,1,0,0,0
0.49663,2.7544,1.9099,0,11.738,43.804,12.648,12.13,5.5422,8.4799,0.49663,5.3772,2.9412,0.77922,5.2638,2.322,43.642,9.8843,11.608,6.1762,2.8238,9.182,7.4011,7.3111,9.0213,8.4142,2.1862,39.291,0.77399,7.6152,2.6103,11.277,4.0988,0,0,1,0,0,0,0,1,0,0,0,0,1,0,0,0
1.4053,3.9439,0.97908,2.1427,12.739,18.346,23.319,18.515,7.9439,9.3718,1.2943,13.571,1.108,5.0906,8.3429,2.6783,13.372,13.709,15.49,2.7263,8.4598,15.452,9.8172,5.6509,14.924,19.143,0.97645,8.8859,2.0342,7.4858,2.9136,13.303,14.866,0,0,1,0,0,0,0,0.94203,0.057971,0,0,0,0.91304,0.086957,0,0
0.57502,4.1221,0,3.5549,6.8703,58.494,6.9083,7.1364,7.0669,3.2418,2.0301,8.4678,2.0724,0.71386,4.2918,7.7962,49.351,6.2755,8.2055,1.6058,6.0445,5.1755,9.9155,3.8829,8.1476,9.4135,2.2579,47.074,4.7354,3.8366,1.15,3.8556,5.7309,0,0,1,0,0,0,0,1,0,0,0,0,1,0,0,0
2.0685,5.1488,1.3102,2.0554,15.712,26.392,11.37,10.447,11.944,11.762,1.792,5.0268,1.2642,0.93694,9.9838,13.323,12.843,15.185,16.062,10.828,12.251,2.2985,21.098,10.444,12.669,7.4892,4.4603,10.952,5.2304,11.032,4.8438,9.9889,1.7924,0,0,0.82278,0.17722,0,0,0,0,1,0,0,0,0,1,0,1
1.4005,0,2.1514,0,8.6036,52.27,10.329,12.339,5.1338,7.7726,0,3.4225,4.1096,0.63557,2.3626,1.8594,53.165,6.8766,10.785,8.0501,3.2756,5.4586,5.3292,8.8308,7.401,4.0581,0.61979,48.374,2.0203,7.6415,2.2144,11.604,1.9067,0,0,1,0,0,0,0,0.93506,0.064935,0,0,0,0.90909,0.090909,0,0
5.0552,10.629,0.73431,2.5297,9.3276,6.0016,18.129,14.39,10.327,19.437,3.4391,8.8683,1.7398,2.9581,12.906,3.1058,10.366,20.043,18.311,6.4356,12.063,3.2041,14.104,12.498,20.86,16.85,1.0353,1.0353,1.5539,6.1888,11.574,10.825,3.4753,0,0,0.083333,0.91667,0,0,0,0,1,0,0,0,0,1,0,1
2.1276,1.2425,4.2762,1.5824,2.4038,65.798,6.5767,1.339,11.312,2.0998,1.2425,6.6581,6.898,4.4743,2.1538,1.4233,66.058,1.8082,3.1556,0.75728,2.7648,3.8486,12.012,8.6106,5.5975,3.0486,0,63.587,0.30199,2.1018,2.1827,1.4254,1.1317,0,0,1,0,0,0,0,1,0,0,0,0,1,0,0,0
2.8588,4.7648,0.56623,9.0191,6.2857,22.088,14.45,14.853,18.453,6.0957,0.56514,12.455,4.9638,3.5774,8.9097,5.9335,21.301,7.6895,10.231,3.4387,19.349,2.1527,11.266,9.6478,16.093,19.942,2.0497,14.871,2.4414,3.8641,2.8167,8.497,8.5106,0,0,1,0,0,0,0,0.90526,0.094737,0,0,0,0.90526,0.094737,0,0
0,0,0.49367,0,0,78.981,4.0272,1.4045,15.094,0,0,7.208,3.5425,0,1.5582,0,81.032,0,1.5582,0,0.91084,4.1899,12.395,4.2573,3.8735,0.49367,0,78.981,0,0,0,0,0,0,0,1,0,0,0,0,1,0,0,0,0,1,0,0,0
0,0,0,0,0,98.073,0,0,1.9267,0,0,0,1.9267,0,0,1.9267,96.147,0,0,0,0,0,0,0,0,0,0,96.147,1.9267,0,0,0,1.9267,0,0,1,0,0,0,0,1,0,0,0,0,1,0,0,0
4.7535,12.569,0.86651,4.2025,4.8647,35.055,7.9339,10.505,4.3253,10.793,4.1317,13.385,0.43238,5.476,4.9608,14.336,20.566,12.028,11.417,5.186,10.257,1.9551,18.676,12.692,11.845,14.859,4.726,12.529,8.1599,3.1576,5.6097,4.0211,3.7256,0,0,0.62264,0.37736,0,0,0,0,1,0,0,0,0,1,0,1
1.464,4.8352,0,5.2269,0,66.665,4.7837,6.2476,5.9428,2.928,1.9072,9.0414,2.6231,1.464,1.6598,6.685,61.196,2.928,5.0311,1.464,7.9075,0,8.8455,6.495,6.2476,9.8147,1.9072,56.165,4.7777,0,1.464,1.6598,2.6231,0,0,1,0,0,0,0,1,0,0,0,0,1,0,0,0
2.9987,0,0,0,0,92.322,0,0,4.6789,0,0,2.9987,1.6802,2.9987,0,4.6789,87.644,0,0,0,0,0,0,2.9987,0,2.9987,2.9987,87.644,1.6802,0,0,0,1.6802,0,0,1,0,0,0,0,1,0,0,0,0,1,0,0,0
2.3321,0,3.7345,0,0,86,0,0,7.9338,0,0,6.0665,0,2.3321,1.8672,2.3321,83.668,0,0,1.8672,0,1.8672,0,4.1993,1.8672,2.3321,2.3321,83.668,0,0,1.8672,0,3.7345,0,0,1,0,0,0,0,1,0,0,0,0,1,0,0,0
0,0,0,0,0,97.698,0,0,2.3023,0,0,2.3023,0,0,0,0,97.698,0,0,0,0,0,0,0,2.3023,0,0,97.698,0,0,0,0,0,0,0,1,0,0,0,0,1,0,0,0,0,1,0,0,0
0,0,0,0,0,100,0,0,0,0,0,0,0,0,0,0,100,0,0,0,0,0,0,0,0,0,0,100,0,0,0,0,0,0,0,1,0,0,0,0,1,0,0,0,0,1,0,0,0
0,4.657,6.2458,0.63447,0.63447,81.28,2.3226,0,3.0647,1.1613,0,6.1381,1.1613,1.7957,2.4302,0,86.364,0,0,0,1.4759,0.63447,6.6649,2.7449,5.6113,0,0,81.28,0,0.63447,0.63447,1.7957,0.63447,0,0,1,0,0,0,0,1,0,0,0,0,1,0,0,0
0,5.9197,9.2336,1.9477,1.9477,68.309,3.9875,0,6.1101,2.5447,0,7.8089,1.4428,2.2887,4.2364,2.2037,72.794,1.1018,2.2037,0,5.0739,0.84587,9.5817,10.071,6.1101,1.1018,0,68.309,0,0.84587,0.84587,2.2887,0.84587,0,0,0.97468,0.025316,0,0,0,1,0,0,0,0,0.97468,0.025316,0,0
0,0,0,0,0,100,0,0,0,0,0,0,0,0,0,0,100,0,0,0,0,0,0,0,0,0,0,100,0,0,0,0,0,0,0,1,0,0,0,0,1,0,0,0,0,1,0,0,0
0,1.8993,8.0098,2.7475,2.1482,68.149,4.5992,0.59927,10.261,1.5866,0,6.2712,1.5866,6.5637,5.5112,1.1985,72.919,0,0,0,2.9749,2.9749,14.387,3.4483,7.6594,0,0,66.723,0,1.5489,2.1482,3.1356,0.94967,0,0,1,0,0,0,0,1,0,0,0,0,1,0,0,0
0,2.9609,0.80589,0,0,96.233,0,0,0,0,0,0.80589,0,0,0,0,97.039,0,0,0,2.155,0,0.80589,2.155,0.80589,0,0,96.233,0,0,0,0,0,0,0,1,0,0,0,0,1,0,0,0,0,1,0,0,0
0,0,0,0,0,100,0,0,0,0,0,0,0,0,0,0,100,0,0,0,0,0,0,0,0,0,0,100,0,0,0,0,0,0,0,1,0,0,0,0,1,0,0,0,0,1,0,0,0
0,8.3138,18.912,15.726,8.6559,25.141,10.923,1.1282,8.3199,2.881,0,8.0995,2.1523,4.0416,8.2775,10.988,46.665,5.8513,4.6939,0.81057,6.5317,1.8892,25.126,14.96,12.493,2.6121,0,21.945,0,9.2335,7.9299,4.8959,0.80482,0,0,0,0.033898,0.9661,0,0,1,0,0,0,0,0,0,1,1
0,18.905,24.078,18.351,7.7207,12.84,10.676,0.46807,6.4837,0.47768,0,5.3292,1.2106,3.0566,11.223,18.221,42.575,8.8224,2.0334,0.73291,4.9494,1.846,16.993,20.235,20.401,4.8815,0,10.2,0,10.626,8.8952,5.09,2.6784,0,0,0.028571,0.28571,0.68571,0,0,1,0,0,0,0,0.028571,0.14286,0.82857,1
0,9.3651,20.127,13.647,9.7129,23.962,13.522,0.54041,8.0877,1.0356,0,4.4789,2.984,6.2191,7.4527,5.7552,51.231,4.2198,4.9533,3.6132,5.7781,3.3144,18.953,17.058,11.766,1.4159,0,20.897,0,13.212,5.6152,8.0293,3.0533,0,0,0.056604,0.037736,0.90566,0,0,1,0,0,0,0,0.056604,0.037736,0.90566,1
0,12.508,26.042,21.45,12.76,1.8145,18.816,0.78234,4.8136,1.0135,0,3.701,3.903,5.2468,9.0117,18.242,37.44,7.1066,5.93,3.903,4.1718,1.3438,23.458,24.698,14.403,5.292,0,0,0,16.682,5.7552,9.1499,0.56142,0,0,0.21951,0.073171,0.70732,0,0,1,0,0,0,0,0.14634,0.14634,0.70732,1
0,3.6667,0.78898,0,0,95.544,0,0,0,0,0,0.78898,0,0,0,0,96.333,0,0,0,2.8777,0,0.78898,2.8777,0.78898,0,0,95.544,0,0,0,0,0,0,0,1,0,0,0,0,1,0,0,0,0,1,0,0,0
0,0.68475,0,0,0,99.315,0,0,0,0,0,0,0,0,0,0,99.315,0,0,0,0.68475,0,0,0.68475,0,0,0,99.315,0,0,0,0,0,0,0,1,0,0,0,0,1,0,0,0,0,1,0,0,0
0,0,0,0,0,100,0,0,0,0,0,0,0,0,0,0,100,0,0,0,0,0,0,0,0,0,0,100,0,0,0,0,0,0,0,1,0,0,0,0,1,0,0,0,0,1,0,0,0
0,0,0,0,0,100,0,0,0,0,0,0,0,0,0,0,100,0,0,0,0,0,0,0,0,0,0,100,0,0,0,0,0,0,0,1,0,0,0,0,1,0,0,0,0,1,0,0,0
0,0,0,0,0,100,0,0,0,0,0,0,0,0,0,0,100,0,0,0,0,0,0,0,0,0,0,100,0,0,0,0,0,0,0,1,0,0,0,0,1,0,0,0,0,1,0,0,0
0,0,0,0,0,99.284,0,0,0.71564,0,0,0,0.71564,0,0,0.71564,98.569,0,0,0,0,0,0,0,0,0,0,98.569,0.71564,0,0,0,0.71564,0,0,1,0,0,0,0,1,0,0,0,0,1,0,0,0
0,0,0,0,0,100,0,0,0,0,0,0,0,0,0,0,100,0,0,0,0,0,0,0,0,0,0,100,0,0,0,0,0,0,0,1,0,0,0,0,1,0,0,0,0,1,0,0,0
0,0,0,0,0,100,0,0,0,0,0,0,0,0,0,0,100,0,0,0,0,0,0,0,0,0,0,100,0,0,0,0,0,0,0,1,0,0,0,0,1,0,0,0,0,1,0,0,0
0,0,0,0,0,100,0,0,0,0,0,0,0,0,0,0,100,0,0,0,0,0,0,0,0,0,0,100,0,0,0,0,0,0,0,1,0,0,0,0,1,0,0,0,0,1,0,0,0
0,0,4.8428,0,0,90.315,0,0,4.8428,0,0,2.4214,0,0,2.4214,0,90.315,0,0,2.4214,0,2.4214,0,2.4214,2.4214,0,0,90.315,0,0,0,2.4214,2.4214,0,0,1,0,0,0,0,1,0,0,0,0,1,0,0,0
0,0,0,0,0,100,0,0,0,0,0,0,0,0,0,0,100,0,0,0,0,0,0,0,0,0,0,100,0,0,0,0,0,0,0,1,0,0,0,0,1,0,0,0,0,1,0,0,0
0,0,4.3026,0,0,89.244,0,0,6.4539,0,0,2.1513,0,0,2.1513,0,89.244,0,0,2.1513,0,4.3026,0,2.1513,2.1513,0,0,89.244,0,0,2.1513,2.1513,2.1513,0,0,1,0,0,0,0,1,0,0,0,0,1,0,0,0
0,0,0,0,0,100,0,0,0,0,0,0,0,0,0,0,100,0,0,0,0,0,0,0,0,0,0,100,0,0,0,0,0,0,0,1,0,0,0,0,1,0,0,0,0,1,0,0,0
0,0,0,0,0,100,0,0,0,0,0,0,0,0,0,0,100,0,0,0,0,0,0,0,0,0,0,100,0,0,0,0,0,0,0,1,0,0,0,0,1,0,0,0,0,1,0,0,0
0,0,0,0,0,100,0,0,0,0,0,0,0,0,0,0,100,0,0,0,0,0,0,0,0,0,0,100,0,0,0,0,0,0,0,1,0,0,0,0,1,0,0,0,0,1,0,0,0
0,0,0,0,0,100,0,0,0,0,0,0,0,0,0,0,100,0,0,0,0,0,0,0,0,0,0,100,0,0,0,0,0,0,0,1,0,0,0,0,1,0,0,0,0,1,0,0,0
0,0,0,0,0,100,0,0,0,0,0,0,0,0,0,0,100,0,0,0,0,0,0,0,0,0,0,100,0,0,0,0,0,0,0,1,0,0,0,0,1,0,0,0,0,1,0,0,0
0,0,0,0,0,91.607,0,0,8.3925,0,0,1.6785,0,0,1.6785,0,91.607,0,0,0,1.6785,3.357,0,0,0,0,0,91.607,0,0,1.6785,5.0355,1.6785,0,0,1,0,0,0,0,1,0,0,0,0,1,0,0,0
0,0,0,0,0,100,0,0,0,0,0,0,0,0,0,0,100,0,0,0,0,0,0,0,0,0,0,100,0,0,0,0,0,0,0,1,0,0,0,0,1,0,0,0,0,1,0,0,0
0,0,0,0,0,87.691,0,0,12.309,0,0,2.4617,0,0,2.4617,0,87.691,0,0,0,4.9235,2.4617,0,0,0,0,0,87.691,0,0,4.9235,4.9235,2.4617,0,0,1,0,0,0,0,1,0,0,0,0,1,0,0,0
0,0,0,0,0,100,0,0,0,0,0,0,0,0,0,0,100,0,0,0,0,0,0,0,0,0,0,100,0,0,0,0,0,0,0,1,0,0,0,0,1,0,0,0,0,1,0,0,0
0,0,0,0,0,100,0,0,0,0,0,0,0,0,0,0,100,0,0,0,0,0,0,0,0,0,0,100,0,0,0,0,0,0,0,1,0,0,0,0,1,0,0,0,0,1,0,0,0
0,0,0,0,0,100,0,0,0,0,0,0,0,0,0,0,100,0,0,0,0,0,0,0,0,0,0,100,0,0,0,0,0,0,0,1,0,0,0,0,1,0,0,0,0,1,0,0,0
1.0737,2.3897,0,3.3205,2.1078,80.698,1.9847,1.9847,5.1046,0,1.3358,8.1196,0.99236,1.0737,2.0463,6.1349,75.274,0,2.3281,0,4.031,0,4.9997,3.4018,3.0386,5.3865,2.4095,71.892,3.7255,1.0539,0,2.0463,2.0463,0,0,1,0,0,0,0,1,0,0,0,0,1,0,0,0
2.1573,3.1262,0.70731,0.70731,16.902,27.507,20.653,7.7841,6.9889,12.535,0.93239,4.4133,0.55162,1.7521,10.273,2.7455,25.006,14.813,21.375,6.944,5.2682,6.8588,14.807,9.8132,8.8292,7.6519,2.0708,20.393,1.9043,12.196,9.878,8.0616,4.3957,0,0,0.27273,0.72727,0,0,0,0,1,0,0,0,0,1,0,1
1.2386,5.6415,3.5278,4.7947,15.239,18.135,15.025,15.561,8.4648,11.903,0.46964,7.7768,1.716,5.3594,7.8233,6.5428,13.674,13.906,16.43,8.6749,10.858,7.238,16.316,10.483,9.6557,14.074,1.2071,5.9324,2.2486,10.83,6.699,13.107,9.4459,0,0,0,1,0,0,0,0,1,0,0,0,0,1,0,1
2.7597,6.2359,5.5465,1.7845,8.9066,14.203,15.039,19.541,7.4076,16.876,1.7006,7.9704,3.762,3.1948,9.039,3.3743,17.891,14.529,14.109,11.427,7.0143,7.689,9.5371,14.395,14.449,13.391,1.2673,6.8871,1.0639,8.0256,5.7109,20.833,4.4401,0,0,0,1,0,0,0,0,1,0,0,0,0,1,0,1
0,0,0,0,0,100,0,0,0,0,0,0,0,0,0,0,100,0,0,0,0,0,0,0,0,0,0,100,0,0,0,0,0,0,0,1,0,0,0,0,1,0,0,0,0,1,0,0,0
0,0,0,0,0,99.317,0,0,0.68339,0,0,0,0.68339,0,0,0.68339,98.633,0,0,0,0,0,0,0,0,0,0,98.633,0.68339,0,0,0,0.68339,0,0,1,0,0,0,0,1,0,0,0,0,1,0,0,0
2.0164,5.6711,2.3149,11.359,6.5952,18.212,14.132,13.59,15.998,7.8766,2.2344,14.46,3.9659,3.7963,11.268,7.9322,13.78,8.9249,13.456,3.8121,16.844,1.7602,16.636,10.445,14.054,20.224,2.4689,5.1528,2.6868,4.9728,5.7064,9.6117,8.041,0,0,0.31148,0.68852,0,0,0,0.032787,0.96721,0,0,0,0.032787,0.96721,0,1
0,14.186,30.304,14.909,11.375,4.5573,11.59,0.96503,9.6949,2.4176,0,8.0991,2.316,5.3644,9.7266,13.736,36.382,6.4262,7.8551,1.9481,5.0981,3.0484,22.494,25.08,15.675,4.6185,0,4.1657,0,10.309,5.4295,8.7285,3.4994,0,0,0,0,1,0,0,1,0,0,0,0,0,0,1,1
0,15.424,30.923,19.42,14.093,2.4197,9.6067,0.48747,4.0567,3.5696,0,5.9491,1.2058,2.3956,7.8813,10.534,40.096,10.004,12.36,1.2058,7.179,1.1897,24.182,25.719,10.004,3.5696,0,0,0,13.661,10.531,7.6163,4.7171,0,0,0.052632,0.21053,0.73684,0,0,1,0,0,0,0,0.026316,0.18421,0.78947,1
0,16.706,24.053,19.722,11.829,8.3906,5.7625,2.2058,10.422,0.90935,0,6.1539,0.24427,3.2156,8.3127,12.144,45.093,8.9838,5.8753,0.72817,5.9136,3.3354,18.883,16.657,18.759,2.1615,0,5.6422,0,11.6,13.441,7.2895,5.5677,0,0,0.056604,0,0.9434,0,0,1,0,0,0,0,0.037736,0.018868,0.9434,1
0,0,0,0,0,100,0,0,0,0,0,0,0,0,0,0,100,0,0,0,0,0,0,0,0,0,0,100,0,0,0,0,0,0,0,1,0,0,0,0,1,0,0,0,0,1,0,0,0
0,0,9.2347,0,0,59.998,0,0,30.767,0,0,14.514,0,0,0,10.325,65.399,0,0,0,3.8338,5.9285,5.4009,0,3.8338,0,0,59.998,0,0,8.5855,16.253,5.9285,0,0,0,0.030769,0.96923,0,0,1,0,0,0,0,1,0,0,0
0,0,1.5069,0,0,73.642,0,0,24.851,0,0,15.444,0.58792,0,0,2.1935,77.204,0,0,0,0.58792,3.9826,0.91895,0,0.58792,0,0,73.642,0,0,6.764,8.8194,9.2677,0,0,0.97059,0,0.029412,0,0,1,0,0,0,0,1,0,0,0
0,0,7.9593,0,0,70.13,0,0,21.911,0,0,13.682,0.84044,0,0,1.7576,76.987,0,0,0,2.598,4.1349,5.3613,0,2.598,0,0,70.13,0,0,3.2177,7.3885,11.305,0,0,0.018182,0.4,0.58182,0,0,1,0,0,0,0,1,0,0,0
0,0,6.3641,0,0,60.725,0,0,32.911,0,0,16.035,2.268,0,0,3.9775,67.07,0,0.60786,0,3.5407,6.5005,2.8234,0,3.5407,0,0,60.725,0,0,8.9847,14.608,9.3184,0,0,0.079365,0.11111,0.80952,0,0,1,0,0,0,0,1,0,0,0
0,0,4.8936,0,0,66.078,0,0,29.029,0,0,13.529,2.6232,0,0,2.8712,68.918,0,1.8372,0,2.8398,7.3825,2.0538,0,2.8398,0,0,66.078,0,0,8.7692,12.877,7.3825,0,0,0.9881,0,0.011905,0,0,1,0,0,0,0,1,0,0,0
0,0,2.5018,0,0,73.952,0,0,23.546,0,0,11.918,1.6176,0,0,1.8162,76.675,0,1.6176,0,0.65236,5.7034,1.8494,0,0.65236,0,0,73.952,0,0,7.8324,10.01,5.7034,0,0,0.026316,0.14474,0.82895,0,0,1,0,0,0,0,1,0,0,0
0,0,1.4966,0,0,63.044,0,0,35.459,0,0,14.057,5.8325,0,0,0,66.006,0,4.3359,0,1.4966,8.2715,0,0,1.4966,0,0,63.044,0,0,11.618,15.57,8.2715,0,0,0.044118,0.29412,0.66176,0,0,1,0,0,0,0,1,0,0,0
0,0,0.56594,0,0,67.04,0,0,32.395,0,0,15.418,3.0613,0,0,0,69.946,0,2.4953,0,0.56594,8.5133,0,0,0.56594,0,0,67.04,0,0,9.9658,13.915,8.5133,0,0,0.9802,0,0.019802,0,0,1,0,0,0,0,1,0,0,0
0,0,1.0179,0,0,76.083,0,0,22.899,0,0,9.5386,3.7027,0,0,0,77.101,0,2.6848,0,1.0179,5.9553,0,0,1.0179,0,0,76.083,0,0,5.954,10.99,5.9553,0,0,0,0.18421,0.81579,0,0,1,0,0,0,0,1,0,0,0
0,0,0,0,0,62.197,0,0,37.803,0,0,15.114,7.5662,0,0,0,62.197,0,7.5662,0,0,7.557,0,0,0,0,0,62.197,0,0,12.839,17.407,7.557,0,0,0,0.3,0.7,0,0,1,0,0,0,0,1,0,0,0
0,0,0,0,0,68.143,0,0,31.857,0,0,12.709,5.2318,0,0,0,68.143,1.7111,3.5208,0,0,8.6836,0,0,0,0,0,68.143,0,0,6.4665,16.707,8.6836,0,0,0.9823,0,0.017699,0,0,1,0,0,0,0,1,0,0,0
0,0,1.4811,0,0,76.152,0,0,22.367,0,0,9.0019,4.3528,0,0,0,76.152,2.1034,2.2494,0,0,6.1408,0,0,1.4811,0,0,76.152,0,0,5.1105,11.116,6.1408,0,0,0.027397,0.13699,0.83562,0,0,1,0,0,0,0,1,0,0,0
0,0,4.1884,0,0,64.656,0,0,31.155,0,0,8.8318,8.1565,0,0,0,67.163,4.1077,4.0488,0,0,7.6923,0,0.91116,3.2772,0,0,64.656,0,0,5.697,17.766,7.6923,0,0,0.013514,0.31081,0.67568,0,0,1,0,0,0,0,1,0,0,0
0,0,4.8109,0,0,67.381,0,0,27.808,0,0,11.322,5.5957,0,0,0,70.343,1.0271,4.5686,0,0,7.1427,0,1.8919,2.919,0,0,67.381,0,0,10.875,9.7911,7.1427,0,0,1,0,0,0,0,1,0,0,0,0,1,0,0,0
0,0,3.1061,0,0,76.874,0,0,20.02,0,0,7.8354,3.0445,0,0,0,79.022,0.79104,3.9192,0,0,5.3875,0,2.3859,0.72021,0,0,76.874,0,0,5.3166,9.3159,5.3875,0,0,0,0.1625,0.8375,0,0,1,0,0,0,0,1,0,0,0
0,0,9.4246,0,0,65.511,0,0,25.065,0,0,10.952,4.5175,0,0,1.7516,67.8,2.2281,4.9203,0,0.80252,7.0283,0,4.9203,4.5043,0,0,65.511,0,0,9.9901,8.0462,7.0283,0,0,0.014286,0.085714,0.9,0,0,1,0,0,0,0,1,0,0,0
0,0,3.1768,0,0,71.084,0,0,25.739,0,0,10.582,2.3991,0,0,1.2319,73.635,2.3991,1.1513,0,1.2319,7.3693,0,1.1513,2.0255,0,0,71.084,0,0,6.7063,11.663,7.3693,0,0,1,0,0,0,0,1,0,0,0,0,1,0,0,0
0,0,3.4462,0,0,79.492,0,0,17.062,0,0,5.7222,2.4873,0,0,1.8504,82.892,1.5285,0.95883,0,0,4.5611,0,0.95883,2.4873,0,0,79.492,0,0,6.681,5.8201,4.5611,0,0,0.014706,0.13235,0.85294,0,0,1,0,0,0,0,1,0,0,0
0,0,8.0672,0,0,66.482,0,0,25.451,0,0,8.8648,3.2006,0,0,6.8306,68.681,0,1.9764,0,3.7122,6.7339,0,3.5579,4.5094,0,0,66.482,0,0,7.5311,11.186,6.7339,0,0,0,0.04918,0.95082,0,0,1,0,0,0,0,1,0,0,0
0,0,7.3253,0,0,68.608,0,0,24.066,0,0,10.074,4.2071,0,0,3.7621,70.711,0,1.2183,0,2.4443,7.5828,0,3.6627,3.6627,0,0,68.608,0,0,11.293,5.1908,7.5828,0,0,1,0,0,0,0,1,0,0,0,0,1,0,0,0
0,0,5.304,0,0,75.456,0,0,19.24,0,0,10.166,1.0655,0,0,2.2873,76.323,0,1.8223,0,2.2873,6.0492,0,3.0168,2.2873,0,0,75.456,0,0,9.0729,4.1183,6.0492,0,0,0.068493,0.24658,0.68493,0,0,1,0,0,0,0,1,0,0,0
0,0,11.426,0,0,62.964,0,0,25.61,0,0,12.471,2.0977,0,0,8.1411,62.964,0,0,0.7291,6.3138,7.2842,0,4.3833,7.0429,0,0,62.964,0,0,8.8885,8.7085,8.0133,0,0,0.12676,0.15493,0.71831,0,0,1,0,0,0,0,1,0,0,0
0,0,6.8958,0,0,61.003,0,0,32.101,0,0,15.562,2.7171,0,0,5.7893,61.003,0,0,1.9275,3.8618,9.1396,0,1.1065,5.7893,0,0,61.003,0,0,10.173,10.862,11.067,0,0,1,0,0,0,0,1,0,0,0,0,1,0,0,0
0,0,3.7405,0,0,75.591,0,0,20.669,0,0,8.2186,3.4129,0,0,4.1502,75.591,0,0,0,2.8119,5.8157,0,0.92857,2.8119,0,0,75.591,0,0,6.6666,8.1865,5.8157,0,0,0.012821,0.15385,0.83333,0,0,1,0,0,0,0,1,0,0,0
0,0,10.798,0,0,63.936,0,0,25.266,0,0,10.435,2.8915,0,1.5108,5.8195,63.936,0,0,3.276,4.0543,8.0772,0,3.4681,7.3303,0,0,63.936,0,0,5.2492,6.7537,13.263,0,0,0.015873,0.30159,0.68254,0,0,1,0,0,0,0,1,0,0,0
0,0,9.6209,0,0,65.726,0,0,24.653,0,0,12.463,2.6945,0,2.5265,2.7594,65.726,0,0,2.5265,2.7594,8.5446,0,4.335,5.2859,0,0,65.726,0,0,6.6128,5.8496,12.191,0,0,1,0,0,0,0,1,0,0,0,0,1,0,0,0
0,0,7.4767,0,0,74.698,0,0,17.825,0,0,9.2645,1.6233,0,1.4036,2.7573,74.698,0,0,2.2487,1.9122,6.0924,0,3.3158,4.1609,0,0,74.698,0,0,4.7954,4.7954,8.2346,0,0,0.026316,0.14474,0.82895,0,0,1,0,0,0,0,1,0,0,0
0,0,14.923,0,0,66.113,0,0,18.964,0,0,10.252,0,0,7.4615,0,66.113,0,0,7.4615,0,8.7122,0,7.4615,7.4615,0,0,66.113,0,0,1.5393,4.356,13.068,0,0,0.016129,0.33871,0.64516,0,0,1,0,0,0,0,1,0,0,0
0,0,9.6758,0,0,67.377,0,0,22.948,0,0,11.879,0,0,3.8985,1.8789,67.377,0,0,5.7774,0,9.1894,0,3.8985,5.7774,0,0,67.377,0,0,2.6899,7.049,13.209,0,0,1,0,0,0,0,1,0,0,0,0,1,0,0,0
0,0,5.8624,0,0,76.664,0,0,17.474,0,0,8.9284,0,0,1.9249,2.0125,76.664,0,0,2.6085,1.3289,6.533,0,1.9249,3.9375,0,0,76.664,0,0,2.3954,4.547,10.532,0,0,0.025974,0.15584,0.81818,0,0,1,0,0,0,0,1,0,0,0
0,0,16.102,0,0,64.08,0,0,19.818,0,0,9.1708,0,0,8.051,0,64.08,0,0,8.051,0,10.647,0,8.051,8.051,0,0,64.08,0,0,1.4763,9.1708,9.1708,0,0,0.04,0.053333,0.90667,0,0,1,0,0,0,0,1,0,0,0
0,0,12.468,0,0,64.315,0,0,23.217,0,0,11.473,0,0,6.2342,0,64.315,0,0,6.2342,0,11.744,0,6.2342,6.2342,0,0,64.315,0,0,4.1346,7.6094,11.473,0,0,0.98214,0,0.017857,0,0,1,0,0,0,0,1,0,0,0
0,0,8.5046,0,0,76.478,0,0,15.017,0,0,7.8165,0,0,4.2523,0,76.478,0,0,4.2523,0,7.2006,0,4.2523,4.2523,0,0,76.478,0,0,0.61597,5.7302,8.6709,0,0,0,0.16216,0.83784,0,0,1,0,0,0,0,1,0,0,0
0,0,10.83,0,0,60.189,0,0,28.981,0,0,8.8103,0,0,8.0192,0,60.189,0,0,6.6633,1.3558,14.963,0,4.1667,6.6633,0,0,60.189,0,0,6.1523,14.019,8.8103,0,0,0.025641,0.12821,0.84615,0,0,1,0,0,0,0,1,0,0,0
0,0,7.9649,0,0,62.729,0,0,29.306,0,0,10.676,0,0,6.4522,0,62.729,0,0,4.4649,1.9873,13.691,0,3.5,4.4649,0,0,62.729,0,0,3.0149,15.615,10.676,0,0,0.98214,0,0.017857,0,0,1,0,0,0,0,1,0,0,0
0,0,8.0529,0,0,74.304,0,0,17.643,0,0,7.5876,0,0,4.7942,0,74.304,0,0,4.7942,0,8.5199,0,3.2587,4.7942,0,0,74.304,0,0,0.93226,9.123,7.5876,0,0,0.012658,0.17722,0.81013,0,0,1,0,0,0,0,1,0,0,0
0,0,3.6253,0,0,59.685,0,0,36.69,0,0,8.7574,0,0,8.4096,0,59.685,0,0,2.8315,8.8702,11.447,0,0.79384,2.8315,0,0,59.685,0,0,7.2651,20.667,8.7574,0,0,0.10294,0.088235,0.80882,0,0,1,0,0,0,0,1,0,0,0
0,0,5.3966,0,0,59.649,0,0,34.954,0,0,9.8183,0,0,6.4543,0,59.649,0,0,3.2899,6.2623,14.526,0,2.1067,3.2899,0,0,59.649,0,0,9.9365,15.199,9.8183,0,0,0.98438,0,0.015625,0,0,1,0,0,0,0,1,0,0,0
0,0,4.5257,0,0,73.221,0,0,22.254,0,0,6.6801,0,0,4.7911,0,73.221,0,0,2.2629,2.5283,10.517,0,2.2629,2.2629,0,0,73.221,0,0,3.837,11.737,6.6801,0,0,0.02439,0.18293,0.79268,0,0,1,0,0,0,0,1,0,0,0
0,0,0,0,0,60.618,0,0,39.382,0,0,8.2322,0,0,5.3433,2.5846,60.618,0,0,0,12.022,11.201,0,0,0,0,0,60.618,0,0,10.667,20.483,8.2322,0,0,0.030769,0.27692,0.69231,0,0,1,0,0,0,0,1,0,0,0
0,0,0,0,0,61.182,0,0,38.818,0,0,9.4971,0,0,3.3254,2.9132,61.182,0,0,0,9.9192,13.163,0,0,0,0,0,61.182,0,0,8.11,21.211,9.4971,0,0,0.99057,0,0.009434,0,0,1,0,0,0,0,1,0,0,0
0,0,1.5551,0,0,72.146,0,0,26.299,0,0,6.4119,0,0,3.3457,0.96338,72.146,0,0,1.5551,5.9827,9.5952,0,0,1.5551,0,0,72.146,0,0,8.4055,11.482,6.4119,0,0,0.0375,0.2125,0.75,0,0,1,0,0,0,0,1,0,0,0
0,0,2.9245,0,0,78.057,0,0,19.019,0,0,9.5344,1.0817,0,0,5.4308,80.06,0,0,0,2.0031,1.8901,0.92141,0,2.0031,0,0,78.057,0,0,6.5597,8.4025,4.0563,0,0,0,0.125,0.875,0,0,1,0,0,0,0,1,0,0,0
0,0,4.4251,0,0,94.002,0,0,1.5732,0,0,0,0.78659,0,0,0,98.427,0,0,0,0.78659,0,3.6385,0,0.78659,0,0,94.002,0,0,0.78659,0.78659,0,0,0,0,0.14815,0.85185,0,0,1,0,0,0,0,1,0,0,0
0,0,3.4956,0,0,89.7,0,0,6.8046,0,0,0.8298,2.5725,0,0,0.8298,93.195,0,0.78895,0,1.7836,0,1.7121,0,1.7836,0,0,89.7,0,0,3.4023,3.4023,0,0,0,0,0.21918,0.78082,0,0,1,0,0,0,0,1,0,0,0
0,0,0,0,0,100,0,0,0,0,0,0,0,0,0,0,100,0,0,0,0,0,0,0,0,0,0,100,0,0,0,0,0,0,0,0,0.20513,0.79487,0,0,1,0,0,0,0,1,0,0,0
0,0,0,0,0,100,0,0,0,0,0,0,0,0,0,0,100,0,0,0,0,0,0,0,0,0,0,100,0,0,0,0,0,0,0,0,0.078125,0.92188,0,0,1,0,0,0,0,1,0,0,0
0,0,0,0,0,100,0,0,0,0,0,0,0,0,0,0,100,0,0,0,0,0,0,0,0,0,0,100,0,0,0,0,0,0,0,0.014493,0.23188,0.75362,0,0,1,0,0,0,0,1,0,0,0
0,0,0,0,0,100,0,0,0,0,0,0,0,0,0,0,100,0,0,0,0,0,0,0,0,0,0,100,0,0,0,0,0,0,0,0,0.17308,0.82692,0,0,1,0,0,0,0,1,0,0,0
0,0,0.88621,0,0,92.087,0,0,7.0272,0,0,0,3.5136,0,0,0,92.973,0,2.6274,0,0.88621,0,0,0,0.88621,0,0,92.087,0,0,2.8668,4.1604,0,0,0,0.014925,0.29851,0.68657,0,0,1,0,0,0,0,1,0,0,0
0,0,0,0,0,100,0,0,0,0,0,0,0,0,0,0,100,0,0,0,0,0,0,0,0,0,0,100,0,0,0,0,0,0,0,0,0.28916,0.71084,0,0,1,0,0,0,0,1,0,0,0
0,0,0.65495,0,0,92.041,0,0,7.3043,0,0,0,3.9796,0,0,0,92.041,0.65495,3.3247,0,0,0,0,0,0.65495,0,0,92.041,0,0,1.4577,5.8466,0,0,0,0,0.2875,0.7125,0,0,1,0,0,0,0,1,0,0,0
0,0,0,0,0,100,0,0,0,0,0,0,0,0,0,0,100,0,0,0,0,0,0,0,0,0,0,100,0,0,0,0,0,0,0,0,0.25773,0.74227,0,0,1,0,0,0,0,1,0,0,0
0,0,0,0,0,100,0,0,0,0,0,0,0,0,0,0,100,0,0,0,0,0,0,0,0,0,0,100,0,0,0,0,0,0,0,0.013333,0.21333,0.77333,0,0,1,0,0,0,0,1,0,0,0
0,0,0,0,0,100,0,0,0,0,0,0,0,0,0,0,100,0,0,0,0,0,0,0,0,0,0,100,0,0,0,0,0,0,0,0,0.13415,0.86585,0,0,1,0,0,0,0,1,0,0,0
0,0,0,0,0,100,0,0,0,0,0,0,0,0,0,0,100,0,0,0,0,0,0,0,0,0,0,100,0,0,0,0,0,0,0,0.04,0.16,0.8,0,0,1,0,0,0,0,1,0,0,0
0,0,0,0,0,100,0,0,0,0,0,0,0,0,0,0,100,0,0,0,0,0,0,0,0,0,0,100,0,0,0,0,0,0,0,0,0.15,0.85,0,0,1,0,0,0,0,1,0,0,0
0,0,2.9299,0,0,92.026,0,0,5.044,0,0,0,3.5797,0,0,0,92.026,2.1154,2.2787,0,0,0,0,0.81449,2.1154,0,0,92.026,0,0,0,5.044,0,0,0,0.022727,0.28409,0.69318,0,0,1,0,0,0,0,1,0,0,0
0,0,0,0,0,100,0,0,0,0,0,0,0,0,0,0,100,0,0,0,0,0,0,0,0,0,0,100,0,0,0,0,0,0,0,0,0.15,0.85,0,0,1,0,0,0,0,1,0,0,0
0,0,3.7982,0,0,94.102,0,0,2.1,0,0,0,1.3216,0,0,0.77841,94.102,1.3216,2.4766,0,0,0,0,2.4766,1.3216,0,0,94.102,0,0,0,2.1,0,0,0,0,0.21429,0.78571,0,0,1,0,0,0,0,1,0,0,0
0,0,0,0,0,100,0,0,0,0,0,0,0,0,0,0,100,0,0,0,0,0,0,0,0,0,0,100,0,0,0,0,0,0,0,0,0.15957,0.84043,0,0,1,0,0,0,0,1,0,0,0
0,0,0,0,0,100,0,0,0,0,0,0,0,0,0,0,100,0,0,0,0,0,0,0,0,0,0,100,0,0,0,0,0,0,0,0.11842,0.065789,0.81579,0,0,1,0,0,0,0,1,0,0,0
0,0,0,0,0,100,0,0,0,0,0,0,0,0,0,0,100,0,0,0,0,0,0,0,0,0,0,100,0,0,0,0,0,0,0,0,0.21429,0.78571,0,0,1,0,0,0,0,1,0,0,0
0,0,0,0,0,100,0,0,0,0,0,0,0,0,0,0,100,0,0,0,0,0,0,0,0,0,0,100,0,0,0,0,0,0,0,0.011494,0.10345,0.88506,0,0,1,0,0,0,0,1,0,0,0
0,0,0,0,0,100,0,0,0,0,0,0,0,0,0,0,100,0,0,0,0,0,0,0,0,0,0,100,0,0,0,0,0,0,0,0,0.12791,0.87209,0,0,1,0,0,0,0,1,0,0,0
0,0,0,0,0,100,0,0,0,0,0,0,0,0,0,0,100,0,0,0,0,0,0,0,0,0,0,100,0,0,0,0,0,0,0,0,0.16949,0.83051,0,0,1,0,0,0,0,1,0,0,0
0,0,0,0,0,100,0,0,0,0,0,0,0,0,0,0,100,0,0,0,0,0,0,0,0,0,0,100,0,0,0,0,0,0,0,0.10169,0.22034,0.67797,0,0,1,0,0,0,0,1,0,0,0
0,0,0,0,0,100,0,0,0,0,0,0,0,0,0,0,100,0,0,0,0,0,0,0,0,0,0,100,0,0,0,0,0,0,0,0.013158,0.28947,0.69737,0,0,1,0,0,0,0,1,0,0,0
0,0,0,0,0,100,0,0,0,0,0,0,0,0,0,0,100,0,0,0,0,0,0,0,0,0,0,100,0,0,0,0,0,0,0,0.038961,0.19481,0.76623,0,0,1,0,0,0,0,1,0,0,0
0,0,0,0,0,100,0,0,0,0,0,0,0,0,0,0,100,0,0,0,0,0,0,0,0,0,0,100,0,0,0,0,0,0,0,0.026667,0.29333,0.68,0,0,1,0,0,0,0,1,0,0,0
0,0,0,0,0,100,0,0,0,0,0,0,0,0,0,0,100,0,0,0,0,0,0,0,0,0,0,100,0,0,0,0,0,0,0,0.10959,0.20548,0.68493,0,0,1,0,0,0,0,1,0,0,0
0,0,0,0,0,100,0,0,0,0,0,0,0,0,0,0,100,0,0,0,0,0,0,0,0,0,0,100,0,0,0,0,0,0,0,0.014706,0.22059,0.76471,0,0,1,0,0,0,0,1,0,0,0
0,0,0,0,0,100,0,0,0,0,0,0,0,0,0,0,100,0,0,0,0,0,0,0,0,0,0,100,0,0,0,0,0,0,0,0.037975,0.11392,0.8481,0,0,1,0,0,0,0,1,0,0,0
0,0,3.5694,0,0,94.242,0,0,2.1885,0,0,0,0,0,0,3.2216,94.242,0,1.503,0,1.0332,0,0,2.5362,1.0332,0,0,94.242,0,0,0,2.1885,0,0,0,0,0.17021,0.82979,0,0,1,0,0,0,0,1,0,0,0
0,0,0,0,0,100,0,0,0,0,0,0,0,0,0,0,100,0,0,0,0,0,0,0,0,0,0,100,0,0,0,0,0,0,0,0,0.2233,0.7767,0,0,1,0,0,0,0,1,0,0,0
0,0,5.2355,0,0,92.901,0,0,1.8632,0,0,0,0,0,0,3.963,92.901,0,0,0,3.1357,0,0,2.0998,3.1357,0,0,92.901,0,0,0,1.8632,0,0,0,0,0.26087,0.73913,0,0,1,0,0,0,0,1,0,0,0
0,0,0,0,0,100,0,0,0,0,0,0,0,0,0,0,100,0,0,0,0,0,0,0,0,0,0,100,0,0,0,0,0,0,0,0,0.19608,0.80392,0,0,1,0,0,0,0,1,0,0,0
0,0,0,0,0,100,0,0,0,0,0,0,0,0,0,0,100,0,0,0,0,0,0,0,0,0,0,100,0,0,0,0,0,0,0,0,0.096154,0.90385,0,0,1,0,0,0,0,1,0,0,0
0,0,0,0,0,100,0,0,0,0,0,0,0,0,0,0,100,0,0,0,0,0,0,0,0,0,0,100,0,0,0,0,0,0,0,0.010526,0.30526,0.68421,0,0,1,0,0,0,0,1,0,0,0
0,0,0,0,0,100,0,0,0,0,0,0,0,0,0,0,100,0,0,0,0,0,0,0,0,0,0,100,0,0,0,0,0,0,0,0,0.15385,0.84615,0,0,1,0,0,0,0,1,0,0,0
0,0,0,0,0,100,0,0,0,0,0,0,0,0,0,0,100,0,0,0,0,0,0,0,0,0,0,100,0,0,0,0,0,0,0,0,0.26596,0.73404,0,0,1,0,0,0,0,1,0,0,0
0,0,6.1423,0,0,91.917,0,0,1.9406,0,0,0,0,0,1.3794,2.6621,91.917,0,0,1.3794,2.6621,0,0,2.1008,4.0415,0,0,91.917,0,0,0,1.9406,0,0,0,0.01087,0.30435,0.68478,0,0,1,0,0,0,0,1,0,0,0
0,0,0,0,0,100,0,0,0,0,0,0,0,0,0,0,100,0,0,0,0,0,0,0,0,0,0,100,0,0,0,0,0,0,0,0,0.29348,0.70652,0,0,1,0,0,0,0,1,0,0,0
0,0,8.1984,0,0,91.158,0,0,0.64399,0,0,0,0,0,3.7772,0.64399,91.158,0,0,3.7772,0.64399,0,0,3.7772,4.4212,0,0,91.158,0,0,0,0.64399,0,0,0,0.044118,0.25,0.70588,0,0,1,0,0,0,0,1,0,0,0
0,0,0,0,0,100,0,0,0,0,0,0,0,0,0,0,100,0,0,0,0,0,0,0,0,0,0,100,0,0,0,0,0,0,0,0,0.2,0.8,0,0,1,0,0,0,0,1,0,0,0
0,0,0,0,0,100,0,0,0,0,0,0,0,0,0,0,100,0,0,0,0,0,0,0,0,0,0,100,0,0,0,0,0,0,0,0.021277,0.20213,0.7766,0,0,1,0,0,0,0,1,0,0,0
0,0,0,0,0,100,0,0,0,0,0,0,0,0,0,0,100,0,0,0,0,0,0,0,0,0,0,100,0,0,0,0,0,0,0,0,0.21429,0.78571,0,0,1,0,0,0,0,1,0,0,0
0,0,0,0,0,100,0,0,0,0,0,0,0,0,0,0,100,0,0,0,0,0,0,0,0,0,0,100,0,0,0,0,0,0,0,0.077922,0.12987,0.79221,0,0,1,0,0,0,0,1,0,0,0
0,0,0,0,0,100,0,0,0,0,0,0,0,0,0,0,100,0,0,0,0,0,0,0,0,0,0,100,0,0,0,0,0,0,0,0,0.18681,0.81319,0,0,1,0,0,0,0,1,0,0,0
0,0,0,0,0,100,0,0,0,0,0,0,0,0,0,0,100,0,0,0,0,0,0,0,0,0,0,100,0,0,0,0,0,0,0,0,0.072165,0.92784,0,0,1,0,0,0,0,1,0,0,0
0,0,0,0,0,100,0,0,0,0,0,0,0,0,0,0,100,0,0,0,0,0,0,0,0,0,0,100,0,0,0,0,0,0,0,0.15789,0.23684,0.60526,0,0,1,0,0,0,0,1,0,0,0
0,0,0,0,0,100,0,0,0,0,0,0,0,0,0,0,100,0,0,0,0,0,0,0,0,0,0,100,0,0,0,0,0,0,0,0.01087,0.16304,0.82609,0,0,1,0,0,0,0,1,0,0,0
0,0,0,0,0,100,0,0,0,0,0,0,0,0,0,0,100,0,0,0,0,0,0,0,0,0,0,100,0,0,0,0,0,0,0,0.013514,0.35135,0.63514,0,0,1,0,0,0,0,1,0,0,0
0,0,0,0,0,100,0,0,0,0,0,0,0,0,0,0,100,0,0,0,0,0,0,0,0,0,0,100,0,0,0,0,0,0,0,0.010753,0.27957,0.70968,0,0,1,0,0,0,0,1,0,0,0
0,0,0,0,0,100,0,0,0,0,0,0,0,0,0,0,100,0,0,0,0,0,0,0,0,0,0,100,0,0,0,0,0,0,0,0.011628,0.24419,0.74419,0,0,1,0,0,0,0,1,0,0,0
0,0,0,0,0,100,0,0,0,0,0,0,0,0,0,0,100,0,0,0,0,0,0,0,0,0,0,100,0,0,0,0,0,0,0,0.029851,0.31343,0.65672,0,0,1,0,0,0,0,1,0,0,0
0,0,0,0,0,100,0,0,0,0,0,0,0,0,0,0,100,0,0,0,0,0,0,0,0,0,0,100,0,0,0,0,0,0,0,0.025316,0.25316,0.72152,0,0,1,0,0,0,0,1,0,0,0
0,0,7.9358,0,0,92.064,0,0,0,0,0,0,0,0,3.9679,0,92.064,0,0,3.9679,0,0,0,3.9679,3.9679,0,0,92.064,0,0,0,0,0,0,0,0,0.25581,0.74419,0,0,1,0,0,0,0,1,0,0,0
0,0,0,0,0,100,0,0,0,0,0,0,0,0,0,0,100,0,0,0,0,0,0,0,0,0,0,100,0,0,0,0,0,0,0,0,0.15534,0.84466,0,0,1,0,0,0,0,1,0,0,0
0,0,5.8915,0,0,92.313,0,0,1.7956,0,0,0,0,0,3.8436,0,92.313,0,0,3.8436,0,0,0,2.0479,3.8436,0,0,92.313,0,0,0,1.7956,0,0,0,0,0.13861,0.86139,0,0,1,0,0,0,0,1,0,0,0
0,0,0,0,0,100,0,0,0,0,0,0,0,0,0,0,100,0,0,0,0,0,0,0,0,0,0,100,0,0,0,0,0,0,0,0,0.17347,0.82653,0,0,1,0,0,0,0,1,0,0,0
0,0,0,0,0,100,0,0,0,0,0,0,0,0,0,0,100,0,0,0,0,0,0,0,0,0,0,100,0,0,0,0,0,0,0,0.065217,0.065217,0.86957,0,0,1,0,0,0,0,1,0,0,0
0,0,0,0,0,100,0,0,0,0,0,0,0,0,0,0,100,0,0,0,0,0,0,0,0,0,0,100,0,0,0,0,0,0,0,0,0.14851,0.85149,0,0,1,0,0,0,0,1,0,0,0
0,0,0,0,0,100,0,0,0,0,0,0,0,0,0,0,100,0,0,0,0,0,0,0,0,0,0,100,0,0,0,0,0,0,0,0,0.083333,0.91667,0,0,1,0,0,0,0,1,0,0,0
0,0,0,0,0,100,0,0,0,0,0,0,0,0,0,0,100,0,0,0,0,0,0,0,0,0,0,100,0,0,0,0,0,0,0,0.011628,0.2907,0.69767,0,0,1,0,0,0,0,1,0,0,0
0,0,2.3699,0,0,91.892,0,0,5.7377,0,0,0,0,0,4.0538,0,91.892,0,0,2.3699,1.6839,0,0,0,2.3699,0,0,91.892,0,0,0,5.7377,0,0,0,0,0.17391,0.82609,0,0,1,0,0,0,0,1,0,0,0
0,0,0,0,0,100,0,0,0,0,0,0,0,0,0,0,100,0,0,0,0,0,0,0,0,0,0,100,0,0,0,0,0,0,0,0,0.24176,0.75824,0,0,1,0,0,0,0,1,0,0,0
0,0,0,0,0,90.269,0,0,9.7311,0,0,0.80504,0,0,2.5228,1.1352,90.269,0,0,0,4.463,0.80504,0,0,0,0,0,90.269,0,0,1.9402,6.9859,0.80504,0,0,0.013699,0.28767,0.69863,0,0,1,0,0,0,0,1,0,0,0
0,0,0,0,0,100,0,0,0,0,0,0,0,0,0,0,100,0,0,0,0,0,0,0,0,0,0,100,0,0,0,0,0,0,0,0,0.20879,0.79121,0,0,1,0,0,0,0,1,0,0,0
0,0,0,0,0,100,0,0,0,0,0,0,0,0,0,0,100,0,0,0,0,0,0,0,0,0,0,100,0,0,0,0,0,0,0,0,0.076087,0.92391,0,0,1,0,0,0,0,1,0,0,0
0,0,0,0,0,100,0,0,0,0,0,0,0,0,0,0,100,0,0,0,0,0,0,0,0,0,0,100,0,0,0,0,0,0,0,0,0.25926,0.74074,0,0,1,0,0,0,0,1,0,0,0
0,0,0,0,0,100,0,0,0,0,0,0,0,0,0,0,100,0,0,0,0,0,0,0,0,0,0,100,0,0,0,0,0,0,0,0.012346,0.19753,0.79012,0,0,1,0,0,0,0,1,0,0,0
0,0,0,0,0,100,0,0,0,0,0,0,0,0,0,0,100,0,0,0,0,0,0,0,0,0,0,100,0,0,0,0,0,0,0,0,0.2,0.8,0,0,1,0,0,0,0,1,0,0,0
0,0,0,0,0,100,0,0,0,0,0,0,0,0,0,0,100,0,0,0,0,0,0,0,0,0,0,100,0,0,0,0,0,0,0,0.012987,0.27273,0.71429,0,0,1,0,0,0,0,1,0,0,0
0,0,0,0,0,100,0,0,0,0,0,0,0,0,0,0,100,0,0,0,0,0,0,0,0,0,0,100,0,0,0,0,0,0,0,0,0.13978,0.86022,0,0,1,0,0,0,0,1,0,0,0
0,0,0,0,0,100,0,0,0,0,0,0,0,0,0,0,100,0,0,0,0,0,0,0,0,0,0,100,0,0,0,0,0,0,0,0,0.13483,0.86517,0,0,1,0,0,0,0,1,0,0,0
0,0,0,0,0,100,0,0,0,0,0,0,0,0,0,0,100,0,0,0,0,0,0,0,0,0,0,100,0,0,0,0,0,0,0,0.025641,0.24359,0.73077,0,0,1,0,0,0,0,1,0,0,0
0,0,0,0,0,100,0,0,0,0,0,0,0,0,0,0,100,0,0,0,0,0,0,0,0,0,0,100,0,0,0,0,0,0,0,0,0.043011,0.95699,0,0,1,0,0,0,0,1,0,0,0
0,0,0,0,0,100,0,0,0,0,0,0,0,0,0,0,100,0,0,0,0,0,0,0,0,0,0,100,0,0,0,0,0,0,0,0.013889,0.29167,0.69444,0,0,1,0,0,0,0,1,0,0,0
0,0,0,0,0,100,0,0,0,0,0,0,0,0,0,0,100,0,0,0,0,0,0,0,0,0,0,100,0,0,0,0,0,0,0,0.025974,0.25974,0.71429,0,0,1,0,0,0,0,1,0,0,0
0,0,0,0,0,100,0,0,0,0,0,0,0,0,0,0,100,0,0,0,0,0,0,0,0,0,0,100,0,0,0,0,0,0,0,0,0.3,0.7,0,0,1,0,0,0,0,1,0,0,0
0,0,0.98965,0,0,88.694,0,0.98965,9.3268,0,0,1.9793,0,4.013,0,0,89.684,0,0,0,4.3241,0,4.013,5.3137,0.98965,0.98965,0,88.694,0,0,0,0,0,0,0,1,0,0,0,0,1,0,0,0,0,1,0,0,0
0.7599,2.3454,4.2497,1.843,1.2287,74.033,3.6011,3.2054,7.9742,0,0.7599,3.9997,1.5198,5.8198,1.87,2.8142,75.48,0,0,3.1711,1.87,3.4555,8.6543,6.245,7.2752,1.7654,0,72.017,0,0.61433,1.2287,0.61433,1.5855,0,0,1,0,0,0,0,1,0,0,0,0,1,0,0,0
0.47754,0.47754,2.7238,0,0,83.788,1.716,2.6591,7.6804,0,0.47754,8.8872,0.95509,1.4326,0.41282,0,85.97,0,0.41282,0,1.9299,0,3.9818,6.4992,3.4848,2.7238,0,83.31,0,0,0,0,0,0,0,1,0,0,0,0,1,0,0,0,0,1,0,0,0
3.9272,4.9284,12.418,2.7826,4.5246,34.047,10.316,4.6399,16.427,4.4879,1.5007,7.9804,8.0549,4.1573,2.757,6.5053,39.321,5.6554,9.0883,5.198,2.9699,8.3127,14.011,16.593,14.879,6.9851,0,32.552,0.51499,3.1869,4.3702,2.859,4.0482,0.1358,0.061728,0.80247,0,0,0,0,1,0,0,0,0,1,0,0,0
0.75473,0.23704,1.7801,0.94817,0.71112,79.803,4.2516,2.3458,8.3172,0.61441,0.23704,5.7801,3.0053,0.85145,1.6542,0.37736,81.771,0.47408,1.751,0.23704,1.5139,2.5843,7.3405,4.1404,5.514,2.1574,0,79.188,0.23704,0.47408,0.47408,0.23704,0.23704,0,0,1,0,0,0,0,1,0,0,0,0,1,0,0,0
2.8391,3.8372,8.1448,6.2511,9.3743,32.872,9.731,4.1989,16.486,3.6627,2.6031,9.6977,6.37,6.085,4.24,4.1982,34.052,6.83,10.989,3.0698,5.1506,9.3174,19.596,14.6,11.939,6.5431,0,27.784,1.8095,6.9115,4.5786,2.9552,3.2822,0.046875,0.0625,0.89062,0,0,0,0,1,0,0,0,0,1,0,0,0
0.93226,0.19878,0.96532,1.3214,1.9122,70.334,9.2611,3.2758,10.425,0.86515,0.509,7.3926,1.926,0.92661,3.6685,1.2398,71.802,1.3244,4.338,0.46195,2.4419,4.4785,8.6184,10.571,8.1135,1.8046,0,67.521,0.46195,1.4502,0.39755,0.46195,0.59926,0,0,1,0,0,0,0,1,0,0,0,0,1,0,0,0
1.7008,1.7158,5.9479,6.0661,14.294,36.752,11.508,5.4689,12.308,2.2566,1.9822,6.9271,6.1571,3.9602,5.5605,6.4031,37.435,5.8484,8.1633,2.8955,7.4835,9.1665,15.083,19.812,7.5443,6.4671,0,28.903,2.686,11.673,3.4303,3.0169,1.3854,0.017241,0.10345,0.87931,0,0,0,0,1,0,0,0,0,1,0,0,0
2.7574,3.7867,10.701,4.8667,3.4553,52.097,7.6882,1.9244,9.7785,1.5423,1.402,4.2199,5.5031,6.3134,2.3076,4.6913,59.081,2.0569,2.8844,3.7284,4.0103,5.2035,12.935,15.148,9.0524,2.4279,0,49.799,0,3.3893,2.8213,3.9138,0.51296,0,0,1,0,0,0,0,1,0,0,0,0,1,0,0,0
5.2783,5.0919,6.6856,1.5636,2.8775,52.046,7.8091,3.3323,9.0719,3.0243,3.2195,3.1126,6.412,5.1998,2.9915,4.5815,54.809,4.2736,6.3849,4.3839,1.5061,6.3454,7.8239,15.768,9.0243,5.6461,0,50.943,0,1.2573,2.5281,1.3817,5.6273,0.013333,0.053333,0.93333,0,0,0,0,1,0,0,0,0,1,0,0,0
6.8066,9.6663,5.8917,5.2261,8.7247,25.726,15.411,4.3577,7.4476,6.6579,4.0844,3.3165,12.679,6.6608,4.3278,8.2332,28.598,9.9488,9.1867,5.4006,4.526,7.1226,13.22,23.93,12.577,6.6243,0,22.147,0.85363,6.7267,6.1764,4.8262,2.9195,0.88636,0.11364,0,0,0,0,0,1,0,0,0,0,1,0,0,1
8.504,6.9033,13.616,4.6035,10.305,13.266,14.501,4.9555,16.114,4.1226,3.1087,5.6468,8.1624,9.35,4.1097,9.0213,21.093,7.4349,17.741,3.2402,6.9853,7.2157,19.056,20.821,14.714,11.202,0,10.923,0.98285,6.5985,5.622,5.8843,4.1962,0.76667,0.23333,0,0,0,0,0,1,0,0,0,0,1,0,0,1
1.8292,0.9394,0.9394,0,0.44488,93.128,1.3843,0,0.88975,0,0.44488,0,1.3843,0.44488,0.88975,0.9394,93.128,0,0.44488,0.9394,0,1.8292,0.44488,2.7685,0.9394,0.44488,0,93.128,0,0,0,0.9394,1.3346,0,0,1,0,0,0,0,1,0,0,0,0,1,0,0,0
0,0,0,0,0,100,0,0,0,0,0,0,0,0,0,0,100,0,0,0,0,0,0,0,0,0,0,100,0,0,0,0,0,0,0,1,0,0,0,0,1,0,0,0,0,1,0,0,0
4.1971,1.0682,1.0682,0,1.5644,84.776,2.6327,0,3.1288,0,1.5644,0,2.6327,1.5644,3.1288,1.0682,84.776,0,1.5644,1.0682,0,4.1971,1.5644,5.2653,1.0682,1.5644,0,84.776,0,0,0,1.0682,4.6932,0,0.027778,0.97222,0,0,0,0,1,0,0,0,0,1,0,0,0
0,0,0,0,0,100,0,0,0,0,0,0,0,0,0,0,100,0,0,0,0,0,0,0,0,0,0,100,0,0,0,0,0,0,0,1,0,0,0,0,1,0,0,0,0,1,0,0,0
4.9171,4.1323,7.3013,3.4314,12.599,32.123,15.428,4.2622,9.8084,4.3131,1.6837,5.7089,10.124,5.5337,5.3423,8.3316,32.594,7.0025,11.197,2.7479,5.3284,6.0895,16.652,19.652,9.7555,5.9105,0,25.724,1.7309,10.06,4.3468,3.4066,2.7616,0.73077,0.26923,0,0,0,0,0,1,0,0,0,0,1,0,0,1
4.0702,8.3422,11.493,6.8912,22.62,15.844,14.528,3.1983,6.5788,3.0308,3.4043,3.1995,5.5983,6.7398,4.5558,15.219,16.321,9.2388,20.95,3.4681,10.345,4.365,13.903,23.904,9.5727,7.9933,0,6.2811,4.9639,16.995,6.2613,5.7224,4.4028,0.78049,0.04878,0.17073,0,0,0,0,1,0,0,0,0,1,0,0,1
2.711,2.4501,7.5812,4.845,17.966,32.817,16.976,2.4713,6.3437,3.6531,2.1852,3.3441,5.9782,2.648,5.2207,10.746,30.671,6.9616,13.733,3.0912,11.471,6.1358,17.41,21.071,6.4041,4.0097,0,22.533,2.2009,15.959,5.5719,2.5406,2.3,0.5,0.5,0,0,0,0,0,1,0,0,0,0,1,0,0,1
1.8142,4.2629,12.381,7.5209,23.079,26.493,8.1193,5.4719,5.9664,1.0098,3.8809,5.3506,3.5067,3.6538,4.2615,13.38,22.491,6.7936,19.362,4.3032,10.891,6.0059,10.934,24.534,4.5911,8.1546,0,11.572,7.7174,17.737,3.8539,7.4176,3.4877,0,1,0,0,0,0,0,1,0,0,0,0,1,0,0,1
1.491,0,0,0,0.74548,94.782,0.74548,0,1.491,0,0.74548,0,0.74548,0.74548,1.491,0,94.782,0,0.74548,0,0,1.491,0.74548,1.491,0,0.74548,0,94.782,0,0,0,0,2.2364,0,0,1,0,0,0,0,1,0,0,0,0,1,0,0,0
0,0,0,0,0,100,0,0,0,0,0,0,0,0,0,0,100,0,0,0,0,0,0,0,0,0,0,100,0,0,0,0,0,0,0,1,0,0,0,0,1,0,0,0,0,1,0,0,0
0,0,0,0,0,100,0,0,0,0,0,0,0,0,0,0,100,0,0,0,0,0,0,0,0,0,0,100,0,0,0,0,0,0,0,1,0,0,0,0,1,0,0,0,0,1,0,0,0
0,0,0,0,0,100,0,0,0,0,0,0,0,0,0,0,100,0,0,0,0,0,0,0,0,0,0,100,0,0,0,0,0,0,0,1,0,0,0,0,1,0,0,0,0,1,0,0,0
0,0,0,0,0,100,0,0,0,0,0,0,0,0,0,0,100,0,0,0,0,0,0,0,0,0,0,100,0,0,0,0,0,0,0,1,0,0,0,0,1,0,0,0,0,1,0,0,0
0,0,0,0,0,100,0,0,0,0,0,0,0,0,0,0,100,0,0,0,0,0,0,0,0,0,0,100,0,0,0,0,0,0,0,1,0,0,0,0,1,0,0,0,0,1,0,0,0
0,0,0,0,0,100,0,0,0,0,0,0,0,0,0,0,100,0,0,0,0,0,0,0,0,0,0,100,0,0,0,0,0,0,0,1,0,0,0,0,1,0,0,0,0,1,0,0,0
0,0,0,0,0,100,0,0,0,0,0,0,0,0,0,0,100,0,0,0,0,0,0,0,0,0,0,100,0,0,0,0,0,0,0,1,0,0,0,0,1,0,0,0,0,1,0,0,0
0,0,0,0,0,100,0,0,0,0,0,0,0,0,0,0,100,0,0,0,0,0,0,0,0,0,0,100,0,0,0,0,0,0,0,1,0,0,0,0,1,0,0,0,0,1,0,0,0
0,0,0,0,0,92.09,0,0,7.9101,0,0,1.9775,0,0,0,1.9775,92.09,0,0,0,1.9775,1.9775,0,0,0,0,0,92.09,0,0,0,5.9325,1.9775,0,0,1,0,0,0,0,1,0,0,0,0,1,0,0,0
0,0,0,0,0,100,0,0,0,0,0,0,0,0,0,0,100,0,0,0,0,0,0,0,0,0,0,100,0,0,0,0,0,0,0,1,0,0,0,0,1,0,0,0,0,1,0,0,0
0,0,0,0,0,91.598,0,0,8.4022,0,0,2.1006,0,0,0,0,93.698,0,2.1006,0,0,2.1006,0,0,0,0,0,91.598,0,0,0,6.3017,2.1006,0,0,1,0,0,0,0,1,0,0,0,0,1,0,0,0
0,0,0,0,0,100,0,0,0,0,0,0,0,0,0,0,100,0,0,0,0,0,0,0,0,0,0,100,0,0,0,0,0,0,0,1,0,0,0,0,1,0,0,0,0,1,0,0,0
0,0,0,0,0,100,0,0,0,0,0,0,0,0,0,0,100,0,0,0,0,0,0,0,0,0,0,100,0,0,0,0,0,0,0,1,0,0,0,0,1,0,0,0,0,1,0,0,0
0,0,0,0,0,100,0,0,0,0,0,0,0,0,0,0,100,0,0,0,0,0,0,0,0,0,0,100,0,0,0,0,0,0,0,1,0,0,0,0,1,0,0,0,0,1,0,0,0
0,0,0,0,0,100,0,0,0,0,0,0,0,0,0,0,100,0,0,0,0,0,0,0,0,0,0,100,0,0,0,0,0,0,0,1,0,0,0,0,1,0,0,0,0,1,0,0,0
0,0,0,0,0,100,0,0,0,0,0,0,0,0,0,0,100,0,0,0,0,0,0,0,0,0,0,100,0,0,0,0,0,0,0,1,0,0,0,0,1,0,0,0,0,1,0,0,0
0,0,1.8962,0,0,80.741,0,0,17.362,0,0,4.3406,1.2575,1.8962,0,0,85.082,0,1.187,0,1.8962,4.3406,0,1.8962,0,0,0,80.741,0,0,1.8962,11.126,4.3406,0,0,1,0,0,0,0,1,0,0,0,0,1,0,0,0
0,0,0,0,0,100,0,0,0,0,0,0,0,0,0,0,100,0,0,0,0,0,0,0,0,0,0,100,0,0,0,0,0,0,0,1,0,0,0,0,1,0,0,0,0,1,0,0,0
0,0,0,0,0,92.925,0,0,7.0746,0,0,1.7686,1.7686,0,0,0,94.694,0,0,0,0,1.7686,0,0,0,0,0,92.925,0,0,0,5.3059,1.7686,0,0,1,0,0,0,0,1,0,0,0,0,1,0,0,0
1.499,0.64001,3.8527,6.3609,12.617,46.892,11.975,4.5642,8.5877,2.3713,0.64001,6.747,4.7804,1.6994,4.1069,6.1324,44.853,5.2755,7.4128,2.0344,8.0241,8.9347,13.749,18.666,6.3557,5.2771,0,36.453,2.1416,10.903,2.5798,2.1416,1.7323,0.023256,0.069767,0.90698,0,0,0,0,1,0,0,0,0,1,0,0,0
0,0,0,4.0554,0,89.786,4.7566,0.70122,0,0,0.70122,0,0,0,0,0.70122,89.084,0,0,0,4.7566,5.4578,0.70122,10.214,0,4.7566,0,84.328,0,0,0,0,0,0,0.77778,0.22222,0,0,0,0,1,0,0,0,0,1,0,0,1
0,0,0,0,0,100,0,0,0,0,0,0,0,0,0,0,100,0,0,0,0,0,0,0,0,0,0,100,0,0,0,0,0,0.033333,0.05,0.91667,0,0,0,0,1,0,0,0,0,1,0,0,0
0,0,0,0,0,100,0,0,0,0,0,0,0,0,0,0,100,0,0,0,0,0,0,0,0,0,0,100,0,0,0,0,0,0,0,1,0,0,0,0,1,0,0,0,0,1,0,0,0
0,0,0,0,0,100,0,0,0,0,0,0,0,0,0,0,100,0,0,0,0,0,0,0,0,0,0,100,0,0,0,0,0,0,0,1,0,0,0,0,1,0,0,0,0,1,0,0,0
0,0,0,0,0,100,0,0,0,0,0,0,0,0,0,0,100,0,0,0,0,0,0,0,0,0,0,100,0,0,0,0,0,0,0,1,0,0,0,0,1,0,0,0,0,1,0,0,0
0,0,0,0,0,100,0,0,0,0,0,0,0,0,0,0,100,0,0,0,0,0,0,0,0,0,0,100,0,0,0,0,0,0,0,1,0,0,0,0,1,0,0,0,0,1,0,0,0
0,0,0,0,0,100,0,0,0,0,0,0,0,0,0,0,100,0,0,0,0,0,0,0,0,0,0,100,0,0,0,0,0,0,0,1,0,0,0,0,1,0,0,0,0,1,0,0,0
0,0,0,0,0,100,0,0,0,0,0,0,0,0,0,0,100,0,0,0,0,0,0,0,0,0,0,100,0,0,0,0,0,0,0,1,0,0,0,0,1,0,0,0,0,1,0,0,0
0,0,0,0,0,100,0,0,0,0,0,0,0,0,0,0,100,0,0,0,0,0,0,0,0,0,0,100,0,0,0,0,0,0,0,1,0,0,0,0,1,0,0,0,0,1,0,0,0
0,0,0,0,0,100,0,0,0,0,0,0,0,0,0,0,100,0,0,0,0,0,0,0,0,0,0,100,0,0,0,0,0,0,0,1,0,0,0,0,1,0,0,0,0,1,0,0,0
0,0,0,0,0,92.816,0,0,7.1838,0,0,1.4368,0,0,0,1.4368,94.253,0,0,0,1.4368,1.4368,0,0,0,0,0,92.816,0,0,2.8735,2.8735,1.4368,0,0,1,0,0,0,0,1,0,0,0,0,1,0,0,0
0,0,0,0,0,100,0,0,0,0,0,0,0,0,0,0,100,0,0,0,0,0,0,0,0,0,0,100,0,0,0,0,0,0,0,1,0,0,0,0,1,0,0,0,0,1,0,0,0
0,0,0,0,0,85.669,0,0,14.331,0,0,2.8662,0,0,0,2.8662,86.743,0,0,1.792,2.8662,2.8662,0,0,0,0,0,85.669,0,0,5.7323,5.7323,2.8662,0,0,1,0,0,0,0,1,0,0,0,0,1,0,0,0
0,0,0,0,0,100,0,0,0,0,0,0,0,0,0,0,100,0,0,0,0,0,0,0,0,0,0,100,0,0,0,0,0,0,0,1,0,0,0,0,1,0,0,0,0,1,0,0,0
0,0,0,0,0,100,0,0,0,0,0,0,0,0,0,0,100,0,0,0,0,0,0,0,0,0,0,100,0,0,0,0,0,0,0,1,0,0,0,0,1,0,0,0,0,1,0,0,0
0,0,0,0,0,100,0,0,0,0,0,0,0,0,0,0,100,0,0,0,0,0,0,0,0,0,0,100,0,0,0,0,0,0,0,1,0,0,0,0,1,0,0,0,0,1,0,0,0
0,0,0,0,0,100,0,0,0,0,0,0,0,0,0,0,100,0,0,0,0,0,0,0,0,0,0,100,0,0,0,0,0,0,0,1,0,0,0,0,1,0,0,0,0,1,0,0,0
0,0,0,0,0,94.882,0,0,5.1176,0,0,1.0235,0,0,0,1.0235,94.882,0,0,0,1.0235,2.047,0,0,0,0,0,94.882,0,0,1.0235,3.0706,1.0235,0,0,1,0,0,0,0,1,0,0,0,0,1,0,0,0
0,0,0,0,0,100,0,0,0,0,0,0,0,0,0,0,100,0,0,0,0,0,0,0,0,0,0,100,0,0,0,0,0,0,0,1,0,0,0,0,1,0,0,0,0,1,0,0,0
0,0,1.1742,0,0,88.818,0,0,10.008,0,0,2.2365,0,0,0,2.2365,88.818,0,0,0,2.2365,4.473,0,1.1742,0,0,0,88.818,0,0,3.4106,4.3611,2.2365,0,0,1,0,0,0,0,1,0,0,0,0,1,0,0,0
0,0,5.626,0,0,71.87,0,0,22.504,0,0,5.626,0,0,6.1035,2.5742,71.87,0,0,3.0518,2.5742,8.2002,0,5.626,0,0,0,71.87,0,0,5.1484,11.729,5.626,0,0,1,0,0,0,0,1,0,0,0,0,1,0,0,0
5.9246,9.5528,13.417,5.9069,10.268,16.977,11.548,4.3586,13.785,4.8038,3.4584,7.147,7.1248,8.7544,3.2184,9.7921,21.383,9.7912,16.311,5.2872,4.1104,7.0799,18.163,24.466,15.068,9.8549,0,13.303,2.293,6.287,4.8419,2.3325,3.392,0,0.8,0.2,0,0,0,0,1,0,0,0,0,1,0,0,1
5.914,11.875,10.208,6.4112,12.804,11.892,15.062,4.8246,9.0918,7.8436,4.0735,3.1757,11.149,6.7815,5.3479,11.033,16.659,13.196,14.301,7.2312,3.971,7.1554,14.06,28.581,14.348,7.6427,0,8.1271,2.7268,9.0632,7.6358,4.1985,3.6167,0.68421,0.21053,0.10526,0,0,0,0,1,0,0,0,0,1,0,0,1
7.5677,5.8287,10.296,6.8106,15.672,12.481,15.178,4.9667,11.928,5.4861,3.7857,4.2664,9.4877,6.3973,6.3212,8.8304,16.944,9.6748,16.817,4.911,9.8943,6.4558,19.913,22.821,10.516,8.7553,0,7.127,2.5941,12.324,6.745,6.4242,2.78,0,0.91667,0.083333,0,0,0,0,1,0,0,0,0,1,0,0,1
0,0,0,0,0,100,0,0,0,0,0,0,0,0,0,0,100,0,0,0,0,0,0,0,0,0,0,100,0,0,0,0,0,0,0,1,0,0,0,0,1,0,0,0,0,1,0,0,0
3.8791,5.8672,7.0822,8.5996,21.478,18.926,11.655,5.8416,9.7909,3.9564,2.9243,6.3242,6.1649,6.8448,6.1591,11.471,20.835,8.6911,14.043,2.8607,10.043,6.563,16.942,20.908,7.8455,8.279,0,9.0014,5.2614,16.158,7.0727,5.4809,3.0519,0,1,0,0,0,0,0,1,0,0,0,0,1,0,0,1
5.1034,3.392,7.3849,7.6426,25.735,14.551,18.633,4.1813,6.1188,5.1511,2.1075,2.8959,7.1962,5.5472,8.3988,11.425,18.955,9.8923,12.411,4.318,15.206,3.7554,19.454,25.293,4.5036,6.2425,0,6.7518,2.5868,22.435,8.7605,2.9505,1.0233,0.38235,0.61765,0,0,0,0,0,1,0,0,0,0,1,0,0,1
0,0,0,0,0,64.159,0,0,35.841,0,0,8.1558,0,0,0.85282,4.7501,66.599,0,3.278,0,8.2086,8.1558,0,0,0,0,0,64.159,0,0,5.9366,21.748,8.1558,0,0,0,0.31944,0.68056,0,0,1,0,0,0,0,1,0,0,0
0,0,0,0,0,61.144,0,0,38.856,0,0,9.9563,0,0,2.1572,1.1835,63.45,0,3.4895,0,9.8075,9.9563,0,0,0,0,0,61.144,0,0,9.8075,19.092,9.9563,0,0,1,0,0,0,0,1,0,0,0,0,1,0,0,0
0,0,0,0,0,73.846,0,0,26.154,0,0,6.8276,0,0,1.7913,1.0587,74.876,0,0.73276,0,7.8862,6.8276,0,0,0,0,0,73.846,0,0,5.721,13.606,6.8276,0,0,0.02439,0.19512,0.78049,0,0,1,0,0,0,0,1,0,0,0
0,0,1.8798,0,0,66.158,0,0,31.963,0,0,8.1079,0,3.0993,0,1.6054,72.448,0,1.7918,0,4.84,8.1079,0,1.8798,0,0,0,66.158,0,0,3.8913,19.964,8.1079,0,0,0.015385,0.30769,0.67692,0,0,1,0,0,0,0,1,0,0,0
0,0,2.0486,0,0,64.615,0,0,33.337,0,0,9.2693,0,3.24,0,2.345,67.798,0,2.2729,0,5.8051,9.2693,0,2.0486,0,0,0,64.615,0,0,3.4601,20.607,9.2693,0,0,1,0,0,0,0,1,0,0,0,0,1,0,0,0
0,0,1.1033,0,0,77.948,0,0,20.948,0,0,6.0477,0,1.0162,0,0.94468,79.967,0,3.5956,0,2.3806,6.0477,0,1.1033,0,0,0,77.948,0,0,2.3806,12.52,6.0477,0,0,0,0.17647,0.82353,0,0,1,0,0,0,0,1,0,0,0
0,0,4.5416,0,0,66.23,0,0,29.228,0,0,7.5778,2.4668,2.0957,0,0,74.312,0,3.0152,0,2.955,7.5778,0,4.5416,0,0,0,66.23,0,0,4.6374,17.013,7.5778,0,0,0.014286,0.057143,0.92857,0,0,1,0,0,0,0,1,0,0,0
0,0,1.1284,0,0,66.616,0,0,32.255,0,0,8.9571,3.3439,2.541,0,0,72.427,0,3.0723,0,0.70129,8.9571,0,1.1284,0,0,0,66.616,0,0,1.9859,21.312,8.9571,0,0,1,0,0,0,0,1,0,0,0,0,1,0,0,0
0,0,0.97666,0,0,77.752,0,0,21.272,0,0,5.5368,1.0526,3.5435,0,0,81.126,0,0.94073,0,2.2636,5.5368,0,0.97666,0,0,0,77.752,0,0,3.3162,12.419,5.5368,0,0,0.011905,0.13095,0.85714,0,0,1,0,0,0,0,1,0,0,0
0,0,2.143,0,0,66.876,0,0,30.981,0,0,6.6775,1.8335,2.8489,0,1.995,75.266,0,0,0,4.7021,6.6775,0,2.143,0,0,0,66.876,0,0,5.3814,18.922,6.6775,0,0,0,0.029851,0.97015,0,0,1,0,0,0,0,1,0,0,0
0,0,2.2583,0,0,64.391,0,0,33.351,0,0,8.432,2.3465,3.3013,0,2.7841,69.547,0,0,0,5.1567,8.432,0,2.2583,0,0,0,64.391,0,0,9.2109,15.708,8.432,0,0,1,0,0,0,0,1,0,0,0,0,1,0,0,0
0,0,1.927,0,0,75.943,0,0,22.13,0,0,6.4403,3.9591,1.5351,0,0.94611,80.062,0,0,0,0.61759,6.4403,0,1.927,0,0,0,75.943,0,0,3.6205,12.07,6.4403,0,0,0.069444,0.26389,0.66667,0,0,1,0,0,0,0,1,0,0,0
0,0,0,0,0,66.722,0,0,33.278,0,0,6.6524,2.2958,0,0,3.9119,73.023,0,0,2.5729,4.8918,6.6524,0,0,0,0,0,66.722,0,0,9.0624,17.564,6.6524,0,0,0.12162,0.13514,0.74324,0,0,1,0,0,0,0,1,0,0,0
0,0,0,0,0,66.91,0,0,33.09,0,0,8.1876,2.7663,0,0,5.1027,69.836,0,0,3.119,2.8004,8.1876,0,0,0,0,0,66.91,0,0,5.814,19.088,8.1876,0,0,1,0,0,0,0,1,0,0,0,0,1,0,0,0
0,0,0,0,0,78.132,0,0,21.868,0,0,4.9295,0.81758,0,0,4.8292,80.146,0,0,0.80832,3.5395,4.9295,0,0,0,0,0,78.132,0,0,5.1591,11.779,4.9295,0,0,0.013158,0.15789,0.82895,0,0,1,0,0,0,0,1,0,0,0
0,0,0,0,0,63.671,0,0,36.329,0,0,6.8667,0,0,0,8.9682,65.249,0,0,2.1487,7.4584,9.3092,0,0,0,0,0,63.671,0,0,11.876,17.586,6.8667,0,0,0.013333,0.32,0.66667,0,0,1,0,0,0,0,1,0,0,0
0,0,0,0,0,63.623,0,0,36.377,0,0,8.36,0,0,0,6.7362,65.4,0,0,2.4895,5.6487,11.366,0,0,0,0,0,63.623,0,0,8.3964,19.621,8.36,0,0,0.99099,0,0.009009,0,0,1,0,0,0,0,1,0,0,0
0,0,0,0,0,76.769,0,0,23.231,0,0,5.3914,0,0,0,3.8551,78.879,0,0,3.1215,2.7447,6.0084,0,0,0,0,0,76.769,0,0,4.8076,13.032,5.3914,0,0,0,0.22667,0.77333,0,0,1,0,0,0,0,1,0,0,0
0,0,2.5575,0,0,64.76,0,0,32.683,0,0,6.6055,0,0,0,7.7119,64.76,0,0,2.2392,7.7119,10.972,0,2.5575,0,0,0,64.76,0,0,9.6525,16.425,6.6055,0,0,0,0.27692,0.72308,0,0,1,0,0,0,0,1,0,0,0
0,0,2.5465,0,0,65.143,0,0,32.311,0,0,7.8627,0,0,0,5.6345,65.143,0,0,3.2235,5.6345,12.502,0,2.5465,0,0,0,65.143,0,0,11.667,12.781,7.8627,0,0,0.98131,0,0.018692,0,0,1,0,0,0,0,1,0,0,0
0,0,1.234,0,0,74.663,0,0,24.103,0,0,5.7458,0,0,0,4.0501,74.663,0,0,2.1493,4.0501,9.3422,0,1.234,0,0,0,74.663,0,0,6.9927,11.365,5.7458,0,0,0.024691,0.24691,0.7284,0,0,1,0,0,0,0,1,0,0,0
0,0,5.673,0,0,67.242,0,0,27.085,0,0,4.9011,0,0,5.38,4.3137,67.242,0,0,1.9258,5.6974,10.54,0,5.673,0,0,0,67.242,0,0,10.748,9.6119,6.725,0,0,0.016393,0.18033,0.80328,0,0,1,0,0,0,0,1,0,0,0
0,0,3.2278,0,0,69.187,0,0,27.585,0,0,6.368,0,0,4.8707,2.6061,69.187,0,0,1.6224,3.3114,12.034,0,3.2278,0,0,0,69.187,0,0,5.5322,14.764,7.2887,0,0,0.98095,0,0.019048,0,0,1,0,0,0,0,1,0,0,0
0,0,2.1223,0,0,78.005,0,0,19.873,0,0,4.3326,0,0,1.9786,2.5203,78.005,0,0,0,3.8484,9.3156,0,2.1223,0,0,0,78.005,0,0,6.721,8.1691,4.983,0,0,0,0.2,0.8,0,0,1,0,0,0,0,1,0,0,0
0,0,5.178,0,0,68.633,0,0,26.189,0,0,4.3518,0,0,6.4291,1.1226,68.633,0,0,5.1446,2.8044,11.514,0,5.178,0,0,0,68.633,0,0,3.4278,18.409,4.3518,0,0,0,0.020833,0.97917,0,0,1,0,0,0,0,1,0,0,0
0,0,2.5607,0,0,75.48,0,0,21.959,0,0,2.5016,0,0,4.2348,1.4424,75.48,0,0,1.9766,2.5607,11.804,0,2.5607,0,0,0,75.48,0,0,7.1195,9.2218,5.6181,0,0,0.97778,0,0.022222,0,0,1,0,0,0,0,1,0,0,0
0,0,2.721,0,0,78.516,0,0,18.763,0,0,2.7307,0,0,3.9218,1.7342,78.516,0,0,3.4536,1.7342,7.9093,0,2.721,0,0,0,78.516,0,0,4.2358,9.848,4.679,0,0,0,0.17241,0.82759,0,0,1,0,0,0,0,1,0,0,0
0,0,3.5075,0,0,70.775,0,0,25.718,0,0,2.407,0,0,10.361,0,70.775,0,0,8.5022,1.1005,6.8539,0,3.5075,0,0,0,70.775,0,0,5.5474,13.316,6.8539,0,0,0,0.051282,0.94872,0,0,1,0,0,0,0,1,0,0,0
0,0,3.4344,0,0,75.145,0,0,21.42,0,0,2.0117,0,0,7.4751,0,75.145,0,0,1.4225,2.012,11.933,0,3.4344,0,0,0,75.145,0,0,4.6302,12.16,4.6299,0,0,0.042553,0.34043,0.61702,0,0,1,0,0,0,0,1,0,0,0
0,0,0,0,0,94.551,0,0,5.4489,0,0,0,0,0,0,2.1425,95.715,0,0,0,2.1425,0,0,0,0,0,0,94.551,0,0,2.1425,3.3063,0,0,0,0,0.26316,0.73684,0,0,1,0,0,0,0,1,0,0,0
0,0,0,0,0,100,0,0,0,0,0,0,0,0,0,0,100,0,0,0,0,0,0,0,0,0,0,100,0,0,0,0,0,0,0,0,0.25714,0.74286,0,0,1,0,0,0,0,1,0,0,0
0,0,0.87645,0,0,95.284,0,0,3.8393,0,0,0,0,0,0,0.71108,98.578,0,0,0,0.71108,0,0,0.87645,0,0,0,95.284,0,0,0.71108,3.1282,0,0,0,0.025,0.2875,0.6875,0,0,1,0,0,0,0,1,0,0,0
0,0,0,0,0,100,0,0,0,0,0,0,0,0,0,0,100,0,0,0,0,0,0,0,0,0,0,100,0,0,0,0,0,0,0,0,0.1875,0.8125,0,0,1,0,0,0,0,1,0,0,0
0,0,0,0,0,100,0,0,0,0,0,0,0,0,0,0,100,0,0,0,0,0,0,0,0,0,0,100,0,0,0,0,0,0,0,0.046512,0.13953,0.81395,0,0,1,0,0,0,0,1,0,0,0
0,0,0,0,0,100,0,0,0,0,0,0,0,0,0,0,100,0,0,0,0,0,0,0,0,0,0,100,0,0,0,0,0,0,0,0,0.19355,0.80645,0,0,1,0,0,0,0,1,0,0,0
0,0,0,0,0,100,0,0,0,0,0,0,0,0,0,0,100,0,0,0,0,0,0,0,0,0,0,100,0,0,0,0,0,0,0,0.1087,0.065217,0.82609,0,0,1,0,0,0,0,1,0,0,0
0,0,0,0,0,100,0,0,0,0,0,0,0,0,0,0,100,0,0,0,0,0,0,0,0,0,0,100,0,0,0,0,0,0,0,0,0.21739,0.78261,0,0,1,0,0,0,0,1,0,0,0
0,0,2.2242,0,0,95.527,0,0,2.2489,0,0,0,0,0,0,0,99.35,0,0,0,0.64955,0,0,2.2242,0,0,0,95.527,0,0,0.64955,1.5994,0,0,0,0,0.21739,0.78261,0,0,1,0,0,0,0,1,0,0,0
0,0,0,0,0,100,0,0,0,0,0,0,0,0,0,0,100,0,0,0,0,0,0,0,0,0,0,100,0,0,0,0,0,0,0,0,0.13636,0.86364,0,0,1,0,0,0,0,1,0,0,0
0,0,1.261,0,0,93.512,0,0,5.227,0,0,0,0,0,0,0,97.93,0,0,0,2.0701,0,0,1.261,0,0,0,93.512,0,0,2.0701,3.157,0,0,0,0,0.16667,0.83333,0,0,1,0,0,0,0,1,0,0,0
0,0,0,0,0,100,0,0,0,0,0,0,0,0,0,0,100,0,0,0,0,0,0,0,0,0,0,100,0,0,0,0,0,0,0,0,0.22105,0.77895,0,0,1,0,0,0,0,1,0,0,0
0,0,0,0,0,100,0,0,0,0,0,0,0,0,0,0,100,0,0,0,0,0,0,0,0,0,0,100,0,0,0,0,0,0,0,0.010989,0.054945,0.93407,0,0,1,0,0,0,0,1,0,0,0
0,0,0,0,0,100,0,0,0,0,0,0,0,0,0,0,100,0,0,0,0,0,0,0,0,0,0,100,0,0,0,0,0,0,0,0,0.12766,0.87234,0,0,1,0,0,0,0,1,0,0,0
0,0,0,0,0,100,0,0,0,0,0,0,0,0,0,0,100,0,0,0,0,0,0,0,0,0,0,100,0,0,0,0,0,0,0,0,0.083333,0.91667,0,0,1,0,0,0,0,1,0,0,0
0,0,0,0,0,100,0,0,0,0,0,0,0,0,0,0,100,0,0,0,0,0,0,0,0,0,0,100,0,0,0,0,0,0,0,0.012346,0.30864,0.67901,0,0,1,0,0,0,0,1,0,0,0
0,0,0,0,0,100,0,0,0,0,0,0,0,0,0,0,100,0,0,0,0,0,0,0,0,0,0,100,0,0,0,0,0,0,0,0,0.26374,0.73626,0,0,1,0,0,0,0,1,0,0,0
0,0,0,0,0,100,0,0,0,0,0,0,0,0,0,0,100,0,0,0,0,0,0,0,0,0,0,100,0,0,0,0,0,0,0,0,0.25806,0.74194,0,0,1,0,0,0,0,1,0,0,0
0,0,0,0,0,100,0,0,0,0,0,0,0,0,0,0,100,0,0,0,0,0,0,0,0,0,0,100,0,0,0,0,0,0,0,0.025974,0.2987,0.67532,0,0,1,0,0,0,0,1,0,0,0
0,0,0,0,0,100,0,0,0,0,0,0,0,0,0,0,100,0,0,0,0,0,0,0,0,0,0,100,0,0,0,0,0,0,0,0.021739,0.20652,0.77174,0,0,1,0,0,0,0,1,0,0,0
0,0,0,0,0,100,0,0,0,0,0,0,0,0,0,0,100,0,0,0,0,0,0,0,0,0,0,100,0,0,0,0,0,0,0,0.012195,0.18293,0.80488,0,0,1,0,0,0,0,1,0,0,0
0,0,0,0,0,100,0,0,0,0,0,0,0,0,0,0,100,0,0,0,0,0,0,0,0,0,0,100,0,0,0,0,0,0,0,0.031915,0.085106,0.88298,0,0,1,0,0,0,0,1,0,0,0
0,0,0,0,0,100,0,0,0,0,0,0,0,0,0,0,100,0,0,0,0,0,0,0,0,0,0,100,0,0,0,0,0,0,0,0,0.079545,0.92045,0,0,1,0,0,0,0,1,0,0,0
0,0,0,0,0,100,0,0,0,0,0,0,0,0,0,0,100,0,0,0,0,0,0,0,0,0,0,100,0,0,0,0,0,0,0,0.16923,0.21538,0.61538,0,0,1,0,0,0,0,1,0,0,0
0,0,0,0,0,94.109,0,0,5.8908,0,0,0,0,0,0,1.0669,97.178,0,0,0,1.7546,0,0,0,0,0,0,94.109,0,0,1.7546,4.1361,0,0,0,0,0.21839,0.78161,0,0,1,0,0,0,0,1,0,0,0
0,0,0,0,0,100,0,0,0,0,0,0,0,0,0,0,100,0,0,0,0,0,0,0,0,0,0,100,0,0,0,0,0,0,0,0,0.19101,0.80899,0,0,1,0,0,0,0,1,0,0,0
0,0,0,0,0,93.29,0,0,6.7096,0,0,0,0,0,0,2.9316,94.137,0,0,0,2.9316,0,0,0,0,0,0,93.29,0,0,2.9316,3.778,0,0,0,0.011765,0.29412,0.69412,0,0,1,0,0,0,0,1,0,0,0
0,0,0,0,0,100,0,0,0,0,0,0,0,0,0,0,100,0,0,0,0,0,0,0,0,0,0,100,0,0,0,0,0,0,0,0,0.25,0.75,0,0,1,0,0,0,0,1,0,0,0
0,0,0,0,0,100,0,0,0,0,0,0,0,0,0,0,100,0,0,0,0,0,0,0,0,0,0,100,0,0,0,0,0,0,0,0,0.10989,0.89011,0,0,1,0,0,0,0,1,0,0,0
0,0,0,0,0,100,0,0,0,0,0,0,0,0,0,0,100,0,0,0,0,0,0,0,0,0,0,100,0,0,0,0,0,0,0,0,0.22892,0.77108,0,0,1,0,0,0,0,1,0,0,0
0,0,0,0,0,100,0,0,0,0,0,0,0,0,0,0,100,0,0,0,0,0,0,0,0,0,0,100,0,0,0,0,0,0,0,0.011364,0.22727,0.76136,0,0,1,0,0,0,0,1,0,0,0
0,0,0,0,0,100,0,0,0,0,0,0,0,0,0,0,100,0,0,0,0,0,0,0,0,0,0,100,0,0,0,0,0,0,0,0,0.22917,0.77083,0,0,1,0,0,0,0,1,0,0,0
0,0,1.2614,0,0,92.459,0,0,6.2797,0,0,0,0,0,0,3.7706,92.459,0,0,0,3.7706,0,0,1.2614,0,0,0,92.459,0,0,3.7706,2.5091,0,0,0,0.023256,0.27907,0.69767,0,0,1,0,0,0,0,1,0,0,0
0,0,0,0,0,100,0,0,0,0,0,0,0,0,0,0,100,0,0,0,0,0,0,0,0,0,0,100,0,0,0,0,0,0,0,0,0.30233,0.69767,0,0,1,0,0,0,0,1,0,0,0
0,0,3.0954,0,0,91.086,0,0,5.8182,0,0,0.54327,0,0,1.2323,2.4095,91.086,0,0,0,3.6419,1.0865,0,3.0954,0,0,0,91.086,0,0,3.6419,1.6331,0.54327,0,0,0,0.28205,0.71795,0,0,1,0,0,0,0,1,0,0,0
0,0,0,0,0,100,0,0,0,0,0,0,0,0,0,0,100,0,0,0,0,0,0,0,0,0,0,100,0,0,0,0,0,0,0,0,0.18889,0.81111,0,0,1,0,0,0,0,1,0,0,0
0,0,0,0,0,100,0,0,0,0,0,0,0,0,0,0,100,0,0,0,0,0,0,0,0,0,0,100,0,0,0,0,0,0,0,0.077922,0.090909,0.83117,0,0,1,0,0,0,0,1,0,0,0
0,0,0,0,0,100,0,0,0,0,0,0,0,0,0,0,100,0,0,0,0,0,0,0,0,0,0,100,0,0,0,0,0,0,0,0,0.16667,0.83333,0,0,1,0,0,0,0,1,0,0,0
0,0,0,0,0,100,0,0,0,0,0,0,0,0,0,0,100,0,0,0,0,0,0,0,0,0,0,100,0,0,0,0,0,0,0,0.088608,0.13924,0.77215,0,0,1,0,0,0,0,1,0,0,0
0,0,0,0,0,100,0,0,0,0,0,0,0,0,0,0,100,0,0,0,0,0,0,0,0,0,0,100,0,0,0,0,0,0,0,0,0.22727,0.77273,0,0,1,0,0,0,0,1,0,0,0
0,0,0,0,0,100,0,0,0,0,0,0,0,0,0,0,100,0,0,0,0,0,0,0,0,0,0,100,0,0,0,0,0,0,0,0,0.084337,0.91566,0,0,1,0,0,0,0,1,0,0,0
0,0,0,0,0,100,0,0,0,0,0,0,0,0,0,0,100,0,0,0,0,0,0,0,0,0,0,100,0,0,0,0,0,0,0,0.125,0.19444,0.68056,0,0,1,0,0,0,0,1,0,0,0
0,0,0,0,0,100,0,0,0,0,0,0,0,0,0,0,100,0,0,0,0,0,0,0,0,0,0,100,0,0,0,0,0,0,0,0.032787,0.37705,0.59016,0,0,1,0,0,0,0,1,0,0,0
0,0,0,0,0,100,0,0,0,0,0,0,0,0,0,0,100,0,0,0,0,0,0,0,0,0,0,100,0,0,0,0,0,0,0,0.11628,0.17442,0.7093,0,0,1,0,0,0,0,1,0,0,0
0,0,0,0,0,100,0,0,0,0,0,0,0,0,0,0,100,0,0,0,0,0,0,0,0,0,0,100,0,0,0,0,0,0,0,0.013889,0.30556,0.68056,0,0,1,0,0,0,0,1,0,0,0
0,0,0,0,0,100,0,0,0,0,0,0,0,0,0,0,100,0,0,0,0,0,0,0,0,0,0,100,0,0,0,0,0,0,0,0.023529,0.24706,0.72941,0,0,1,0,0,0,0,1,0,0,0
0,0,0,0,0,100,0,0,0,0,0,0,0,0,0,0,100,0,0,0,0,0,0,0,0,0,0,100,0,0,0,0,0,0,0,0.073529,0.23529,0.69118,0,0,1,0,0,0,0,1,0,0,0
0,0,3.33,0,0,87.757,0,0,8.9132,0,0,0,0,0,3.5697,0.7945,87.757,0,0,3.5147,3.33,1.0342,0,3.33,0,0,0,87.757,0,0,4.3642,3.5147,1.0342,0,0,0,0.16129,0.83871,0,0,1,0,0,0,0,1,0,0,0
0,0,0.83148,0,0,98.337,0,0,0.83148,0,0,0,0,0,0.83148,0,98.337,0,0,0,0.83148,0,0,0.83148,0,0,0,98.337,0,0,0.83148,0,0,0,0,0,0.059701,0.9403,0,0,1,0,0,0,0,1,0,0,0
0,0,0,0,0,100,0,0,0,0,0,0,0,0,0,0,100,0,0,0,0,0,0,0,0,0,0,100,0,0,0,0,0,0,0,0,0.1875,0.8125,0,0,1,0,0,0,0,1,0,0,0
0,1.2359,0,0,2.4718,93.107,0,0,3.1856,0,0,1.2359,1.9498,0,1.2359,3.1856,91.157,0,0,0,1.2359,0,0,0,1.2359,0,0,89.921,3.1856,1.2359,0,1.2359,3.1856,0,0,1,0,0,0,0,1,0,0,0,0,1,0,0,0
0,0,0,0,0,100,0,0,0,0,0,0,0,0,0,0,100,0,0,0,0,0,0,0,0,0,0,100,0,0,0,0,0,0,0,1,0,0,0,0,1,0,0,0,0,1,0,0,0
0,2.5746,0,0,5.1492,89.702,0,1.0951,1.4795,0,0,1.4795,0,0,1.4795,1.4795,89.702,1.0951,1.0951,0,1.4795,2.1901,0,0,2.5746,1.0951,0,88.222,1.4795,2.5746,0,1.4795,2.5746,0,0,1,0,0,0,0,1,0,0,0,0,1,0,0,0
2.559,2.6064,0.92941,0,9.0414,50.79,11.446,9.6819,6.2216,6.0594,0.66452,4.9989,0.92941,1.0638,5.478,4.7071,45.782,7.3371,10.462,6.0398,7.1867,6.0153,6.3013,7.4556,10.03,5.4499,1.1432,43.125,4.3151,7.4516,1.329,8.9303,4.4687,0,0,1,0,0,0,0,1,0,0,0,0,1,0,0,0
0,3.1624,1.6552,0,0,93.633,0,0,1.5491,0,0,3.2042,0,0,0,0,95.288,0,0,0,1.5073,0,1.6552,1.5073,3.2042,0,0,93.633,0,0,0,0,0,0,0,1,0,0,0,0,1,0,0,0,0,1,0,0,0
0,4.0154,6.8699,0.77557,0.77557,83.172,1.8312,0,1.2571,1.3034,0,5.8003,0.52779,0.52779,1.3034,1.5511,87.187,0.77557,1.5511,0,0.77557,0,7.9255,3.1023,4.4969,0.77557,0,83.172,0,0,0,0.52779,0,0,0,1,0,0,0,0,1,0,0,0,0,0.98438,0.015625,0,0
0,0,0,0,0,100,0,0,0,0,0,0,0,0,0,0,100,0,0,0,0,0,0,0,0,0,0,100,0,0,0,0,0,0,0,1,0,0,0,0,1,0,0,0,0,1,0,0,0
0,0,0,0,0,100,0,0,0,0,0,0,0,0,0,0,100,0,0,0,0,0,0,0,0,0,0,100,0,0,0,0,0,0,0,1,0,0,0,0,1,0,0,0,0,1,0,0,0
0,0,0,0,0,100,0,0,0,0,0,0,0,0,0,0,100,0,0,0,0,0,0,0,0,0,0,100,0,0,0,0,0,0,0,1,0,0,0,0,1,0,0,0,0,1,0,0,0
0,0,0,0,0,100,0,0,0,0,0,0,0,0,0,0,100,0,0,0,0,0,0,0,0,0,0,100,0,0,0,0,0,0,0,1,0,0,0,0,1,0,0,0,0,1,0,0,0
0,0,0,0,0,100,0,0,0,0,0,0,0,0,0,0,100,0,0,0,0,0,0,0,0,0,0,100,0,0,0,0,0,0,0,1,0,0,0,0,1,0,0,0,0,1,0,0,0
0,0,0,0,0,100,0,0,0,0,0,0,0,0,0,0,100,0,0,0,0,0,0,0,0,0,0,100,0,0,0,0,0,0,0,1,0,0,0,0,1,0,0,0,0,1,0,0,0
3.7914,4.6853,2.6428,0,0.5743,77.239,5.2596,2.0424,3.191,0,0.5743,0,3.2171,0.5743,1.1486,4.6853,77.239,0,0.5743,6.7277,0,5.8339,0.5743,8.4767,6.7277,0.5743,0,77.239,0,0,0,2.6428,3.7653,0,0,1,0,0,0,0,1,0,0,0,0,1,0,0,0
5.6821,6.3163,7.3717,2.9307,3.9822,51.076,8.0841,2.3271,6.9426,3.1792,2.1084,2.8506,6.7808,4.8647,1.9706,5.7728,54.195,4.8679,7.3672,3.9791,2.3885,4.9624,9.8141,15.447,8.6768,5.2748,0,49.703,0.83037,2.3626,3.0697,3.5251,1.2968,0.82979,0.10638,0.06383,0,0,0,0,1,0,0,0,0,1,0,0,1
0,0,0,0,0,100,0,0,0,0,0,0,0,0,0,0,100,0,0,0,0,0,0,0,0,0,0,100,0,0,0,0,0,0,0,1,0,0,0,0,1,0,0,0,0,1,0,0,0
0,0,0,0,0,100,0,0,0,0,0,0,0,0,0,0,100,0,0,0,0,0,0,0,0,0,0,100,0,0,0,0,0,0,0,1,0,0,0,0,1,0,0,0,0,1,0,0,0
0.66114,0,0,0,0.33057,97.686,0.33057,0,0.66114,0,0.33057,0,0.33057,0.33057,0.66114,0,97.686,0,0.33057,0,0,0.66114,0.33057,0.66114,0,0.33057,0,97.686,0,0,0,0,0.9917,0,0,1,0,0,0,0,1,0,0,0,0,1,0,0,0
0,0,0,0,0,100,0,0,0,0,0,0,0,0,0,0,100,0,0,0,0,0,0,0,0,0,0,100,0,0,0,0,0,0,0,1,0,0,0,0,1,0,0,0,0,1,0,0,0
0.99095,1.012,0,0,2.0241,91.988,1.9819,2.003,0,0,0,0,0,0,0,0,90.997,1.012,2.9939,0.99095,0.99095,3.015,0,1.9819,2.003,1.012,0,90.997,0.99095,2.003,0,0,1.012,0,0,1,0,0,0,0,1,0,0,0,0,1,0,0,0
0,0,0,0,0,100,0,0,0,0,0,0,0,0,0,0,100,0,0,0,0,0,0,0,0,0,0,100,0,0,0,0,0,0,0,1,0,0,0,0,1,0,0,0,0,1,0,0,0
0,0,0,0,0,100,0,0,0,0,0,0,0,0,0,0,100,0,0,0,0,0,0,0,0,0,0,100,0,0,0,0,0,0,0,1,0,0,0,0,1,0,0,0,0,1,0,0,0
0,0,7.8042,0,0,61.374,0,0,30.822,0,0,13,0.9193,0,0,3.9021,68.906,0,0.9193,0,3.9021,8.4511,3.9021,0,3.9021,0,0,61.374,0,0,5.4683,16.902,8.4511,0,0,1,0,0,0,0,1,0,0,0,0,1,0,0,0
0,0,12.335,0,0,57.717,0,0,29.947,0,0,13.034,3.8789,0,0,4.5777,61.596,0,3.8789,0,4.5777,8.4566,0,3.8789,8.4566,0,0,57.717,0,0,12.335,9.1554,8.4566,0,0,1,0,0,0,0,1,0,0,0,0,1,0,0,0
3.2623,0,9.454,0,0,61.507,0,0,25.777,0,0,14.388,1.6618,3.2623,1.3985,8.2576,58.244,0,0,4.7319,1.6618,6.3937,0,6.3226,6.3937,3.2623,3.2623,58.244,0,0,6.3937,4.9952,11.126,0,0,1,0,0,0,0,1,0,0,0,0,1,0,0,0
0,0,11.133,0,0,64.949,0,0,23.918,0,0,13.416,0,0,4.3388,2.4556,64.949,0,0,5.7377,1.0568,8.0464,0,4.3388,6.7944,0,0,64.949,0,0,5.3697,7.6892,10.859,0,0,0,0.32075,0.67925,0,0,1,0,0,0,0,1,0,0,0
0,0,0,0,0,100,0,0,0,0,0,0,0,0,0,0,100,0,0,0,0,0,0,0,0,0,0,100,0,0,0,0,0,0,0,1,0,0,0,0,1,0,0,0,0,1,0,0,0
0.4939,0.5887,1.7925,2.794,8.742,66.421,7.3347,4.6301,2.8543,1.4691,2.8798,2.8329,2.0841,0.61504,2.1554,7.1165,63.6,2.6992,3.9078,0.61504,7.009,7.3652,7.941,14.65,2.168,4.1098,0,56.386,1.7925,7.5382,2.539,1.7925,1.0826,0.1,0.63333,0.26667,0,0,0,0,1,0,0,0,0,1,0,0,1
0,0,0,0.93215,0,98.136,0.93215,0,0,0,0,0,0,0,0,0,98.136,0,0,0,0.93215,0.93215,0,1.8643,0,0.93215,0,97.204,0,0,0,0,0,0.15556,0.35556,0.48889,0,0,0,0,1,0,0,0,0,1,0,0,0
0,0,0,0,0,100,0,0,0,0,0,0,0,0,0,0,100,0,0,0,0,0,0,0,0,0,0,100,0,0,0,0,0,0,0,1,0,0,0,0,1,0,0,0,0,1,0,0,0
0,0,0,0,0,100,0,0,0,0,0,0,0,0,0,0,100,0,0,0,0,0,0,0,0,0,0,100,0,0,0,0,0,0,0,1,0,0,0,0,1,0,0,0,0,1,0,0,0
0,0,0,0,0,100,0,0,0,0,0,0,0,0,0,0,100,0,0,0,0,0,0,0,0,0,0,100,0,0,0,0,0,0,0,1,0,0,0,0,1,0,0,0,0,1,0,0,0
