h1,h2,h3,h4,h5,h6,h7,h8,h9,h10,h11,h12,h13,h14,h15,h16,h17,h18,h19,h20,h21,h22,h23,h24,h25,h26,h27,h28,h29,h30,h31,h32,h33,h34,h35,h36,h37,h38,h39,h40,h41,h42,h43,h44,h45,h46,h47,h48,label
0,0,0,0,0,100,0,0,0,0,0,0,0,0,0,0,100,0,0,0,0,0,0,0,0,0,0,100,0,0,0,0,0,0,0,1,0,0,0,0,1,0,0,0,0,1,0,0,0
0,0,0,0,0,100,0,0,0,0,0,0,0,0,0,0,100,0,0,0,0,0,0,0,0,0,0,100,0,0,0,0,0,0,0,1,0,0,0,0,1,0,0,0,0,1,0,0,0
0,0,0,0,0,78.699,0,0,21.301,0,0,6.0859,3.043,1.9883,0,0,80.687,1.0547,1.0547,0,0,6.0859,0,0,0,0,0,78.699,0,0,1.0547,11.117,9.1289,0,0,1,0,0,0,0,1,0,0,0,0,1,0,0,0
0,0,0,0,0,100,0,0,0,0,0,0,0,0,0,0,100,0,0,0,0,0,0,0,0,0,0,100,0,0,0,0,0,0,0,1,0,0,0,0,1,0,0,0,0,1,0,0,0
0,0,0,0,0,100,0,0,0,0,0,0,0,0,0,0,100,0,0,0,0,0,0,0,0,0,0,100,0,0,0,0,0,0,0,1,0,0,0,0,1,0,0,0,0,1,0,0,0
0,0,0,0,0,100,0,0,0,0,0,0,0,0,0,0,100,0,0,0,0,0,0,0,0,0,0,100,0,0,0,0,0,0,0,1,0,0,0,0,1,0,0,0,0,1,0,0,0
0,0,0,0,0,100,0,0,0,0,0,0,0,0,0,0,100,0,0,0,0,0,0,0,0,0,0,100,0,0,0,0,0,0,0,1,0,0,0,0,1,0,0,0,0,1,0,0,0
0,0,0,0,0,100,0,0,0,0,0,0,0,0,0,0,100,0,0,0,0,0,0,0,0,0,0,100,0,0,0,0,0,0,0,1,0,0,0,0,1,0,0,0,0,1,0,0,0
0,0,0,0,0,100,0,0,0,0,0,0,0,0,0,0,100,0,0,0,0,0,0,0,0,0,0,100,0,0,0,0,0,0,0,1,0,0,0,0,1,0,0,0,0,1,0,0,0
0,0,0,0,0,100,0,0,0,0,0,0,0,0,0,0,100,0,0,0,0,0,0,0,0,0,0,100,0,0,0,0,0,0,0,1,0,0,0,0,1,0,0,0,0,1,0,0,0
0,0,0,0,0,100,0,0,0,0,0,0,0,0,0,0,100,0,0,0,0,0,0,0,0,0,0,100,0,0,0,0,0,0,0,1,0,0,0,0,1,0,0,0,0,1,0,0,0
0,0,0,0,0,100,0,0,0,0,0,0,0,0,0,0,100,0,0,0,0,0,0,0,0,0,0,100,0,0,0,0,0,0,0,1,0,0,0,0,1,0,0,0,0,1,0,0,0
0,0,0,0,0,100,0,0,0,0,0,0,0,0,0,0,100,0,0,0,0,0,0,0,0,0,0,100,0,0,0,0,0,0,0,1,0,0,0,0,1,0,0,0,0,1,0,0,0
0,0,0,0,0,100,0,0,0,0,0,0,0,0,0,0,100,0,0,0,0,0,0,0,0,0,0,100,0,0,0,0,0,0,0,1,0,0,0,0,1,0,0,0,0,1,0,0,0
0,0,0,0,0,100,0,0,0,0,0,0,0,0,0,0,100,0,0,0,0,0,0,0,0,0,0,100,0,0,0,0,0,0,0,1,0,0,0,0,1,0,0,0,0,1,0,0,0
0,0,0,0,0,100,0,0,0,0,0,0,0,0,0,0,100,0,0,0,0,0,0,0,0,0,0,100,0,0,0,0,0,0,0,1,0,0,0,0,1,0,0,0,0,1,0,0,0
0,0,0,0,0,100,0,0,0,0,0,0,0,0,0,0,100,0,0,0,0,0,0,0,0,0,0,100,0,0,0,0,0,0,0,1,0,0,0,0,1,0,0,0,0,1,0,0,0
0,0,0,0,0,96.059,0,0,3.9411,0,0,1.126,0.56302,0,0,0,96.059,0.56302,0.56302,0,0,1.126,0,0,0,0,0,96.059,0,0,0.56302,1.689,1.689,0,0,1,0,0,0,0,1,0,0,0,0,1,0,0,0
0,0,0,0,0,100,0,0,0,0,0,0,0,0,0,0,100,0,0,0,0,0,0,0,0,0,0,100,0,0,0,0,0,0,0,1,0,0,0,0,1,0,0,0,0,1,0,0,0
0,0,0,0,0,94.981,0,0,5.0194,0,0,2.1512,0,0,0,0,95.698,0,0,0,0.71706,1.4341,0,0,0,0,0,94.981,0,0,1.4341,2.1512,1.4341,0,0,1,0,0,0,0,1,0,0,0,0,1,0,0,0
0,0,0,0,0,100,0,0,0,0,0,0,0,0,0,0,100,0,0,0,0,0,0,0,0,0,0,100,0,0,0,0,0,0,0,1,0,0,0,0,1,0,0,0,0,1,0,0,0
0,0,0,0,0,100,0,0,0,0,0,0,0,0,0,0,100,0,0,0,0,0,0,0,0,0,0,100,0,0,0,0,0,0,0,1,0,0,0,0,1,0,0,0,0,1,0,0,0
0,0,0,0,0,100,0,0,0,0,0,0,0,0,0,0,100,0,0,0,0,0,0,0,0,0,0,100,0,0,0,0,0,0,0,1,0,0,0,0,1,0,0,0,0,1,0,0,0
0,0,0,0,0,100,0,0,0,0,0,0,0,0,0,0,100,0,0,0,0,0,0,0,0,0,0,100,0,0,0,0,0,0,0,1,0,0,0,0,1,0,0,0,0,1,0,0,0
0,0,0,0,0,100,0,0,0,0,0,0,0,0,0,0,100,0,0,0,0,0,0,0,0,0,0,100,0,0,0,0,0,0,0,1,0,0,0,0,1,0,0,0,0,1,0,0,0
0,0,0,0,0,91.244,0,0,8.7558,0,0,2.9186,0,0,0,0,92.703,0,0,0,1.4593,2.9186,0,0,0,0,0,91.244,0,0,0,2.9186,5.8372,0,0,1,0,0,0,0,1,0,0,0,0,1,0,0,0
0,0,0,0,0,100,0,0,0,0,0,0,0,0,0,0,100,0,0,0,0,0,0,0,0,0,0,100,0,0,0,0,0,0,0,1,0,0,0,0,1,0,0,0,0,1,0,0,0
0,0,0,0,0,94.502,0,0,5.4982,0,0,1.5709,0.78545,0,0,0.78545,94.502,0,0,0,0.78545,1.5709,0,0,0,0,0,94.502,0,0,0.78545,3.1418,1.5709,0,0,1,0,0,0,0,1,0,0,0,0,1,0,0,0
0,0,0,0,0,100,0,0,0,0,0,0,0,0,0,0,100,0,0,0,0,0,0,0,0,0,0,100,0,0,0,0,0,0,0,1,0,0,0,0,1,0,0,0,0,1,0,0,0
0,0,0,0,0,100,0,0,0,0,0,0,0,0,0,0,100,0,0,0,0,0,0,0,0,0,0,100,0,0,0,0,0,0,0,1,0,0,0,0,1,0,0,0,0,1,0,0,0
0,0,0,0,0,100,0,0,0,0,0,0,0,0,0,0,100,0,0,0,0,0,0,0,0,0,0,100,0,0,0,0,0,0,0,1,0,0,0,0,1,0,0,0,0,1,0,0,0
0,0,0,0,0,100,0,0,0,0,0,0,0,0,0,0,100,0,0,0,0,0,0,0,0,0,0,100,0,0,0,0,0,0,0,1,0,0,0,0,1,0,0,0,0,1,0,0,0
0,0,0,0,0,100,0,0,0,0,0,0,0,0,0,0,100,0,0,0,0,0,0,0,0,0,0,100,0,0,0,0,0,0,0,1,0,0,0,0,1,0,0,0,0,1,0,0,0
0,0,0,0,0,100,0,0,0,0,0,0,0,0,0,0,100,0,0,0,0,0,0,0,0,0,0,100,0,0,0,0,0,0,0,1,0,0,0,0,1,0,0,0,0,1,0,0,0
0,0,0,0,0,100,0,0,0,0,0,0,0,0,0,0,100,0,0,0,0,0,0,0,0,0,0,100,0,0,0,0,0,0,0,1,0,0,0,0,1,0,0,0,0,1,0,0,0
0,0,0,0,0,100,0,0,0,0,0,0,0,0,0,0,100,0,0,0,0,0,0,0,0,0,0,100,0,0,0,0,0,0,0,1,0,0,0,0,1,0,0,0,0,1,0,0,0
0,0,0,0,0,100,0,0,0,0,0,0,0,0,0,0,100,0,0,0,0,0,0,0,0,0,0,100,0,0,0,0,0,0,0,1,0,0,0,0,1,0,0,0,0,1,0,0,0
0,0,0,0,0,100,0,0,0,0,0,0,0,0,0,0,100,0,0,0,0,0,0,0,0,0,0,100,0,0,0,0,0,0,0,1,0,0,0,0,1,0,0,0,0,1,0,0,0
0,0,0,0,0,100,0,0,0,0,0,0,0,0,0,0,100,0,0,0,0,0,0,0,0,0,0,100,0,0,0,0,0,0,0,1,0,0,0,0,1,0,0,0,0,1,0,0,0
0,0,0,0,0,100,0,0,0,0,0,0,0,0,0,0,100,0,0,0,0,0,0,0,0,0,0,100,0,0,0,0,0,0,0,1,0,0,0,0,1,0,0,0,0,1,0,0,0
0,0,0,0,0,98.586,0,1.4136,0,0,0,0,0,0,1.4136,0,98.586,0,0,0,0,0,0,1.4136,0,0,0,98.586,0,0,0,0,0,0,0,1,0,0,0,0,1,0,0,0,0,1,0,0,0
0.76979,0.76979,0,0,0,94.039,0,2.1611,2.2603,0,0,0.76979,2.3094,0,1.3913,0,95.53,0,0,0,0,0,0.76979,2.9309,0,0,0,93.269,0,0,0,3.0301,0,0,0,1,0,0,0,0,1,0,0,0,0,1,0,0,0
0.89543,0.89543,0.71398,0.71398,0.35699,86.669,0.78613,7.0394,1.1431,0.78613,0,2.3955,2.6863,0.78613,1.1431,1.7849,85.06,0.35699,3.3656,0,2.0644,0.35699,1.6816,9.2998,1.2783,0,0,85.06,0,0.35699,0.35699,1.2524,0.71398,0,0,1,0,0,0,0,1,0,0,0,0,1,0,0,0
1.9513,5.7928,6.3809,6.0327,1.4579,48.427,7.5636,12.062,6.0472,4.2848,0,6.3224,4.002,1.5296,6.4846,10.867,48.746,4.606,3.4422,1.92,5.2806,6.7999,4.9204,25.157,7.3484,2.9172,3.7524,45.511,0.36161,1.0963,1.4579,5.2855,2.1926,0.18367,0.071429,0.7449,0,0,0,0,1,0,0,0,0,1,0,0,0
0,0,0,0,0,100,0,0,0,0,0,0,0,0,0,0,100,0,0,0,0,0,0,0,0,0,0,100,0,0,0,0,0,0,0,1,0,0,0,0,1,0,0,0,0,1,0,0,0
0,0,0,0,0,100,0,0,0,0,0,0,0,0,0,0,100,0,0,0,0,0,0,0,0,0,0,100,0,0,0,0,0,0,0,1,0,0,0,0,1,0,0,0,0,1,0,0,0
0,0,0,0,0,100,0,0,0,0,0,0,0,0,0,0,100,0,0,0,0,0,0,0,0,0,0,100,0,0,0,0,0,0,0,1,0,0,0,0,1,0,0,0,0,1,0,0,0
0,0,0,0,0,97.516,0,2.4845,0,0,0,1.2422,0,1.2422,0,0,97.516,0,0,0,0,0,0,1.2422,0,1.2422,0,97.516,0,0,0,0,0,0,0,1,0,0,0,0,1,0,0,0,0,1,0,0,0
0,0,0,0,0,100,0,0,0,0,0,0,0,0,0,0,100,0,0,0,0,0,0,0,0,0,0,100,0,0,0,0,0,0,0,1,0,0,0,0,1,0,0,0,0,1,0,0,0
0,0,0,0,0,100,0,0,0,0,0,0,0,0,0,0,100,0,0,0,0,0,0,0,0,0,0,100,0,0,0,0,0,0,0,1,0,0,0,0,1,0,0,0,0,1,0,0,0
0,0,0,1.3318,0,92.283,2.5034,3.8818,0,0,0,5.7761,0.83446,1.9409,0,0,91.449,0,0,0,0,0,1.6689,2.7754,1.3318,2.7754,0,91.449,0,0,0,0,0,0,0,1,0,0,0,0,1,0,0,0,0,1,0,0,0
0,0,0,3.5069,0,96.493,0,0,0,0,0,3.5069,0,0,0,0,96.493,0,0,0,0,0,0,0,3.5069,0,0,96.493,0,0,0,0,0,0,0,1,0,0,0,0,1,0,0,0,0,1,0,0,0
0,0,0,0,0,97.761,0,2.2389,0,0,0,0,0,0.74631,0,0.74631,97.761,0,0.74631,0,0,0,0,2.2389,0,0,0,97.761,0,0,0,0,0,0,0,1,0,0,0,0,1,0,0,0,0,1,0,0,0
0,0,0,0,0,90.101,0,9.8993,0,0,0,1.896,0,3.9318,0,2.0357,90.101,0,2.0357,0,0,0,0,8.0032,0,1.896,0,90.101,0,0,0,0,0,0,0,1,0,0,0,0,1,0,0,0,0,1,0,0,0
0,0,0,0,0,91.483,0,8.517,0,0,0,1.6747,0,2.839,0,1.1643,89.808,0,1.1643,0,3.3494,0,0,8.517,1.6747,0,0,89.808,0,0,0,0,0,0,0,1,0,0,0,0,1,0,0,0,0,1,0,0,0
0,0,8.15,5.6063,13.606,58.406,0.38702,13.845,0,0,0,3.7114,4.3674,7.4256,2.4641,6.3809,57.391,1.626,3.0504,3.7456,2.9699,6.8681,6.8123,11.049,6.5101,1.69,0,53.956,0.98513,3.4775,5.8988,5.581,4.0404,0,0,1,0,0,0,0,1,0,0,0,0,1,0,0,0
0,0,4.5248,2.3349,4.1211,71.94,9.3242,7.755,0,0,0,12.063,3.2692,2.693,0.8073,3.5003,69.802,0.72754,3.7444,0.72754,1.1312,1.5348,6.4586,10.217,2.6588,3.6729,0,68.671,0,1.1312,3.3936,1.1312,2.666,0,0,1,0,0,0,0,1,0,0,0,0,1,0,0,0
0,0,2.3171,0.57929,2.3171,83.113,7.7846,3.8889,0,0,0,9.7291,2.4018,1.9445,0,0.57929,81.29,0.57929,1.7379,0.57929,0.57929,0.57929,5.3828,4.9255,1.1586,3.7669,0,80.711,0,0.57929,1.7379,0.57929,1.1586,0,0,0.87324,0.028169,0.098592,0,0,1,0,0,0,0,0.85915,0.056338,0.084507,0
0,0,16.442,11.461,22.343,32.747,4.9168,12.091,0,0,0,7.2066,6.1474,8.6511,3.9731,7.6155,33.95,5.218,5.3885,7.408,6.8759,7.5662,11.772,11.305,7.6893,0.76861,0,24.89,2.944,7.8791,9.6412,16.372,6.7379,0,0,0.84211,0.15789,0,0,0,1,0,0,0,0,0.81579,0.18421,0,1
0,0,11.468,6.0808,12.9,52.823,2.1962,14.533,0,0,0,10.032,2.008,6.7189,2.4854,6.1259,54.626,3.1708,4.7457,3.0967,2.708,4.283,4.066,11.73,5.8161,4.2701,0,51.769,0,4.6572,6.9586,5.5576,5.1755,0,0,0.93939,0.030303,0.030303,0,0,1,0,0,0,0,0.92424,0.045455,0.030303,0
0,0,0,0,0,100,0,0,0,0,0,0,0,0,0,0,100,0,0,0,0,0,0,0,0,0,0,100,0,0,0,0,0,0,0,1,0,0,0,0,1,0,0,0,0,1,0,0,0
0,0,0,0,0,100,0,0,0,0,0,0,0,0,0,0,100,0,0,0,0,0,0,0,0,0,0,100,0,0,0,0,0,0,0,1,0,0,0,0,1,0,0,0,0,1,0,0,0
0,0,0,1.2656,0,98.734,0,0,0,0,0,1.2656,0,0,0,0,98.734,0,0,0,0,0,0,0,1.2656,0,0,98.734,0,0,0,0,0,0,0,1,0,0,0,0,1,0,0,0,0,1,0,0,0
0,0,0,0,0,100,0,0,0,0,0,0,0,0,0,0,100,0,0,0,0,0,0,0,0,0,0,100,0,0,0,0,0,0,0,1,0,0,0,0,1,0,0,0,0,1,0,0,0
0,0,0,0,0,100,0,0,0,0,0,0,0,0,0,0,100,0,0,0,0,0,0,0,0,0,0,100,0,0,0,0,0,0,0,1,0,0,0,0,1,0,0,0,0,1,0,0,0
0,0,0,0,0,100,0,0,0,0,0,0,0,0,0,0,100,0,0,0,0,0,0,0,0,0,0,100,0,0,0,0,0,0,0,1,0,0,0,0,1,0,0,0,0,1,0,0,0
0,0,0,0,0,100,0,0,0,0,0,0,0,0,0,0,100,0,0,0,0,0,0,0,0,0,0,100,0,0,0,0,0,0,0,1,0,0,0,0,1,0,0,0,0,1,0,0,0
0,0,0,0,0,100,0,0,0,0,0,0,0,0,0,0,100,0,0,0,0,0,0,0,0,0,0,100,0,0,0,0,0,0,0,1,0,0,0,0,1,0,0,0,0,1,0,0,0
0,0,0,2.637,0,97.363,0,0,0,0,0,2.637,0,0,0,0,97.363,0,0,0,0,0,0,0,2.637,0,0,97.363,0,0,0,0,0,0,0,0.23684,0.13158,0.63158,0,0,1,0,0,0,0,0.15789,0.28947,0.55263,0
0,0,0,0,0,100,0,0,0,0,0,0,0,0,0,0,100,0,0,0,0,0,0,0,0,0,0,100,0,0,0,0,0,0,0,0.80556,0.041667,0.15278,0,0,1,0,0,0,0,0.80556,0.069444,0.125,0
0,0,32.389,23.696,16.824,17.025,3.5649,6.5017,0,0,0,4.9085,8.5,11.136,10.964,8.7228,24.4,6.7656,8.7667,6.7936,5.9255,3.1169,4.4112,6.7863,2.9313,1.0085,0,8.2439,6.8912,6.6099,13.262,34.833,15.022,0,0,0,0,1,0,0,1,0,0,0,0,0,0,1,1
0,0,0,0,0,100,0,0,0,0,0,0,0,0,0,0,100,0,0,0,0,0,0,0,0,0,0,100,0,0,0,0,0,0,0,0.052632,0.052632,0.89474,0,0,1,0,0,0,0,0,0.13158,0.86842,0
0,0,0,0,0,100,0,0,0,0,0,0,0,0,0,0,100,0,0,0,0,0,0,0,0,0,0,100,0,0,0,0,0,0,0,1,0,0,0,0,1,0,0,0,0,1,0,0,0
0,0,0,0,0,100,0,0,0,0,0,0,0,0,0,0,100,0,0,0,0,0,0,0,0,0,0,100,0,0,0,0,0,0,0,1,0,0,0,0,1,0,0,0,0,1,0,0,0
0,0,0,0,0,100,0,0,0,0,0,0,0,0,0,0,100,0,0,0,0,0,0,0,0,0,0,100,0,0,0,0,0,0,0,0.325,0.175,0.5,0,0,1,0,0,0,0,0.25,0.275,0.475,0
0,0,0,0,0,100,0,0,0,0,0,0,0,0,0,0,100,0,0,0,0,0,0,0,0,0,0,100,0,0,0,0,0,0,0,1,0,0,0,0,1,0,0,0,0,1,0,0,0
0,0,0,0,0,89.62,0,10.38,0,0,0,2.1233,0,4.1284,0,0,87.497,0,0,2.0051,4.2466,0,0,6.3699,6.1336,0,0,87.497,0,0,0,0,0,0,0,1,0,0,0,0,1,0,0,0,0,1,0,0,0
0,0,20.523,20.429,24.796,20.932,3.5927,9.7276,0,0,0,5.5581,7.8856,7.9316,6.4542,10.871,28.785,8.2471,6.8615,7.1444,5.7489,4.5124,6.3579,7.5931,5.0706,2.0282,0,11.902,5.2159,10.886,15.243,26.36,9.343,0,0,0,0.025974,0.97403,0,0,1,0,0,0,0,0,0.025974,0.97403,1
0,0,0,0,0,95.007,0,3.2284,1.7644,0,0,0,0,1.6142,0,0,96.772,0,0,1.6142,0,0,0,0,3.2284,0,0,95.007,0,0,0,1.7644,0,0,0,1,0,0,0,0,1,0,0,0,0,1,0,0,0
0,0,2.7629,3.4023,6.8046,75.499,1.452,10.079,0,0,0,3.0767,2.3756,3.8908,1.3016,0.96325,71.634,1.0267,2.7147,2.6525,4.5285,5.8354,6.4159,6.555,7.1366,0,0,69.195,0.96325,1.54,2.4398,4.1291,1.6258,0,0,1,0,0,0,0,1,0,0,0,0,1,0,0,0
0,0,19.316,15.15,13.108,38.194,4.9887,9.2428,0,0,0,3.8281,9.6363,5.5441,4.7031,8.5351,37.256,4.0883,4.3399,7.9881,7.2556,6.8251,10.234,5.5235,5.0048,0.61013,0,25.187,6.8301,3.8352,11.814,21.187,9.7741,0,0,0.77778,0.055556,0.16667,0,0,1,0,0,0,0,0.69444,0.19444,0.11111,1
0,0,4.3986,4.6191,6.1339,69.166,6.5625,9.1197,0,0,0,4.235,2.6379,3.4581,0.62088,1.548,67.164,0.73944,2.1054,5.6125,5.5353,6.3437,9.9579,3.632,6.679,0,0,63.077,2.1689,1.1092,2.224,6.2838,4.8683,0,0,1,0,0,0,0,1,0,0,0,0,1,0,0,0
0,0,2.5719,3.8578,1.2859,76.186,7.2543,8.8444,0,0,0,4.9131,1.2859,0,2.724,1.2859,73.692,0,2.724,3.6272,3.6272,6.1205,8.3096,2.724,5.448,0,0,69.834,2.5719,0,0,4.9131,6.199,0,0,1,0,0,0,0,1,0,0,0,0,1,0,0,0
2.5329,6.5699,0.79862,1.5972,0,81.177,2.3959,2.5329,0.79862,1.5972,0,3.3315,4.7378,0,3.2384,1.5972,80.662,2.0185,0,0.79862,0.79862,2.8171,2.9103,8.6816,2.8171,0.79862,1.5972,79.864,0,0,0,3.3315,0,0,0,1,0,0,0,0,1,0,0,0,0,1,0,0,0
1.491,4.4729,0,0,0,89.449,0,1.491,3.0962,0,0,1.491,0,0,2.9819,0,92.545,1.491,0,0,0,1.491,0,4.4729,1.491,0,0,89.449,0,0,0,4.5871,0,0,0,1,0,0,0,0,1,0,0,0,0,1,0,0,0
6.8269,6.7143,15.449,5.8099,3.1202,28.624,6.5368,16.482,8.6641,1.4803,0.29176,8.0461,9.6643,1.4595,5.2715,20.784,20.745,9.1614,5.5184,2.1578,6.045,11.147,5.8031,36.585,8.9035,4.7072,4.1217,20.798,1.0643,2.69,3.2806,6.9814,5.0653,1,0,0,0,0,0,0,1,0,0,0,0,1,0,0,1
3.8196,10.666,7.7769,2.9384,0.45863,53.561,5.9275,3.6181,8.0994,2.5773,0.55613,2.7942,6.5053,0,4.5567,12.445,49.926,8.1585,1.4734,4.4398,3.0401,6.6605,5.7833,19.628,3.859,3.5995,6.336,49.803,0,1.5709,0.45863,6.6262,2.3364,0.046729,0.046729,0.90654,0,0,0,0,1,0,0,0,0,1,0,0,0
0,0,0,0,0,95.689,1.0384,3.2727,0,0,0,0,0,0,1.6363,0,94.053,0,1.6363,0,1.0384,1.6363,0,2.6747,3.2727,0,0,94.053,0,0,0,0,0,0,0,1,0,0,0,0,1,0,0,0,0,1,0,0,0
0,0,0,0,0,96.37,2.0359,1.5936,0,0,0,0,0,0,0.79682,0,95.574,0,0.79682,0,2.0359,0.79682,0,2.8327,1.5936,0,0,95.574,0,0,0,0,0,0,0,1,0,0,0,0,1,0,0,0,0,1,0,0,0
1.2714,9.317,0,0,0,88.14,0,1.2714,0,0,0,1.2714,0,0,2.5428,0,88.14,4.0228,0,2.7514,0,1.2714,0,9.317,1.2714,0,0,88.14,0,0,0,1.2714,0,0,0,1,0,0,0,0,1,0,0,0,0,1,0,0,0
0,2.1504,0,0,0,97.85,0,0,0,0,0,0,0,0,0,0,97.85,1.0752,0,1.0752,0,0,0,2.1504,0,0,0,97.85,0,0,0,0,0,0,0,1,0,0,0,0,1,0,0,0,0,1,0,0,0
0,0,0,0,0,98.227,1.7735,0,0,0,0,0,0,0,0,0,98.227,0,0,0,1.7735,0,0,1.7735,0,0,0,98.227,0,0,0,0,0,0,0,1,0,0,0,0,1,0,0,0,0,1,0,0,0
0,0,0,0,0,100,0,0,0,0,0,0,0,0,0,0,100,0,0,0,0,0,0,0,0,0,0,100,0,0,0,0,0,0,0,1,0,0,0,0,1,0,0,0,0,1,0,0,0
0,0,0,0,0,97.359,2.6414,0,0,0,0,0,0,0,0,0,97.359,0,0,0,2.6414,0,0,2.6414,0,0,0,97.359,0,0,0,0,0,0,0,1,0,0,0,0,1,0,0,0,0,1,0,0,0
0,0,0,0,0,100,0,0,0,0,0,0,0,0,0,0,100,0,0,0,0,0,0,0,0,0,0,100,0,0,0,0,0,0,0,1,0,0,0,0,1,0,0,0,0,1,0,0,0
0,0,0,0,0,100,0,0,0,0,0,0,0,0,0,0,100,0,0,0,0,0,0,0,0,0,0,100,0,0,0,0,0,0,0,1,0,0,0,0,1,0,0,0,0,1,0,0,0
0,0,0,0,0,100,0,0,0,0,0,0,0,0,0,0,100,0,0,0,0,0,0,0,0,0,0,100,0,0,0,0,0,0,0,1,0,0,0,0,1,0,0,0,0,1,0,0,0
0,0,0,0,0,100,0,0,0,0,0,0,0,0,0,0,100,0,0,0,0,0,0,0,0,0,0,100,0,0,0,0,0,0,0,1,0,0,0,0,1,0,0,0,0,1,0,0,0
0,0,0,0,0,95.146,0,0,4.8542,0,0,0.97083,0.97083,0,0.97083,0,95.146,0,0,0.97083,0,0.97083,0,0,0,0,0,95.146,0,0,0,3.8833,0.97083,0,0,1,0,0,0,0,1,0,0,0,0,1,0,0,0
0,0,0,0,0,100,0,0,0,0,0,0,0,0,0,0,100,0,0,0,0,0,0,0,0,0,0,100,0,0,0,0,0,0,0,1,0,0,0,0,1,0,0,0,0,1,0,0,0
0,0,0,0,0,100,0,0,0,0,0,0,0,0,0,0,100,0,0,0,0,0,0,0,0,0,0,100,0,0,0,0,0,0,0,1,0,0,0,0,1,0,0,0,0,1,0,0,0
0,0,0,0,0,100,0,0,0,0,0,0,0,0,0,0,100,0,0,0,0,0,0,0,0,0,0,100,0,0,0,0,0,0,0,1,0,0,0,0,1,0,0,0,0,1,0,0,0
0,0,0,0,0,100,0,0,0,0,0,0,0,0,0,0,100,0,0,0,0,0,0,0,0,0,0,100,0,0,0,0,0,0,0,1,0,0,0,0,1,0,0,0,0,1,0,0,0
0,0,0,0,0,100,0,0,0,0,0,0,0,0,0,0,100,0,0,0,0,0,0,0,0,0,0,100,0,0,0,0,0,0,0,1,0,0,0,0,1,0,0,0,0,1,0,0,0
0,0,0,0,0,95.496,0,0,4.5043,0,0,0.90085,0,0.90085,0,0,95.496,0.90085,0,0,0,1.8017,0,0,0,0,0,95.496,0,0,0,3.6034,0.90085,0,0,1,0,0,0,0,1,0,0,0,0,1,0,0,0
0,0,0,0,0,100,0,0,0,0,0,0,0,0,0,0,100,0,0,0,0,0,0,0,0,0,0,100,0,0,0,0,0,0,0,1,0,0,0,0,1,0,0,0,0,1,0,0,0
0,0,0,0,0,100,0,0,0,0,0,0,0,0,0,0,100,0,0,0,0,0,0,0,0,0,0,100,0,0,0,0,0,0,0,1,0,0,0,0,1,0,0,0,0,1,0,0,0
0,0,16.246,16.93,21.005,28.337,5.1813,12.301,0,0,0,5.2898,8.3887,7.6293,5.368,8.9022,31.962,6.6311,4.2408,8.8565,6.2035,6.5283,9.3268,7.3588,7.7449,1.0042,0,17.517,6.0848,8.8303,11.799,21.018,9.3161,0,0,0.96154,0.038462,0,0,0,1,0,0,0,0,0.92308,0.076923,0,1
0,0,15.595,6.0923,13.472,38.973,5.3166,20.552,0,0,0,9.052,4.41,7.1665,4.8892,8.5335,36.803,2.3828,4.2283,6.3037,8.3874,7.8438,7.8747,14.028,7.0766,3.4907,0,29.832,2.2399,4.991,9.9421,10.542,9.9825,0,0,1,0,0,0,0,1,0,0,0,0,1,0,0,0
0,0,22.281,13.627,19.15,29.247,6.0874,9.6077,0,0,0,7.9434,7.1325,7.1611,7.9024,10.381,33.013,7.2551,3.1737,7.1148,4.6815,4.2413,7.3541,9.8324,2.2599,3.455,0,23.056,2.7931,9.9786,9.7526,22.907,8.6117,0,0,0,0.028571,0.97143,0,0,1,0,0,0,0,0,0.028571,0.97143,1
0,0,7.1678,2.4174,8.1074,65.202,3.6433,13.462,0,0,0,9.7092,2.786,5.7547,2.1272,3.731,62.47,0.91646,1.6209,1.2926,5.5157,4.0758,5.1137,12.867,4.0381,4.0719,0,61.243,0,1.98,4.4355,2.3562,3.8952,0,0,1,0,0,0,0,1,0,0,0,0,1,0,0,0
0,0,11.909,9.9506,12.788,49.415,5.0038,10.933,0,0,0,5.7291,6.7879,4.6898,4.2395,4.6717,47.922,1.3836,5.2406,5.5574,6.2503,7.5277,9.1868,9.0151,12.028,1.0213,0,38.955,4.4263,2.3876,5.3348,9.5338,8.1113,0,0,1,0,0,0,0,1,0,0,0,0,1,0,0,0
0,0,0,0,0,100,0,0,0,0,0,0,0,0,0,0,100,0,0,0,0,0,0,0,0,0,0,100,0,0,0,0,0,0,0,1,0,0,0,0,1,0,0,0,0,1,0,0,0
0,0,22.854,12.642,18.712,30.148,3.376,12.268,0,0,0,6.6415,6.9805,5.8512,5.9746,10.526,31.204,4.0891,5.2863,8.0639,8.3575,7.0255,9.1454,9.6163,6.7218,1.8247,0,19.781,4.3317,6.0963,12.419,18.933,11.131,0,0,0.83333,0.11111,0.055556,0,0,1,0,0,0,0,0.83333,0.11111,0.055556,1
0,0,5.9649,0,0,78.028,0,0,16.007,0,0,12.029,1.1892,0.51322,0,1.5871,78.376,0,0,0,0.8994,5.4062,0,0,0.8994,0,0,78.028,0,0,1.0688,13.026,6.9777,0,0,0,0.095238,0.90476,0,0,1,0,0,0,0,1,0,0,0
0,0,1.9939,0,0,74.518,0,0,23.488,0,0,11.63,2.6709,2.1368,0,0.84526,76.343,0,0,0,0.34767,6.0261,0,0,0.34767,0,0,74.518,0,0,0.77364,13.717,10.644,0,0,0.97403,0,0.025974,0,0,1,0,0,0,0,1,0,0,0
0,0,2.9369,0,0,80.706,0,0,16.357,0,0,10.871,0.67788,0.69727,0,0.65182,81.384,0,0,0,1.0787,4.6401,0,0,1.0787,0,0,80.706,0,0,1.328,10.035,6.8524,0,0,0.020408,0.40816,0.57143,0,0,1,0,0,0,0,1,0,0,0
0,0,2.2153,0,0,74.524,0,0,23.261,0,0,9.2473,1.8978,0.46109,0,1.0051,75.682,0.55519,0.76103,0,1.232,9.1584,0,0,1.232,0,0,74.524,0,0,3.8369,8.8399,11.567,0,0,0.17241,0.2069,0.62069,0,0,1,0,0,0,0,1,0,0,0
0,0,4.2055,0,0,64.785,0,0,31.01,0,0,12.161,2.1892,0.72592,0,2.3059,65.211,1.3469,1.8885,0,2.3158,11.856,0,0,2.3158,0,0,64.785,0,0,4.9514,15.377,12.571,0,0,0.98901,0,0.010989,0,0,1,0,0,0,0,1,0,0,0
0,0,0.7866,0,0,80.165,0,0,19.048,0,0,6.9297,1.2891,1.3477,0,1.0195,80.542,0.99538,0.77725,0,0.3933,6.7058,0,0,0.3933,0,0,80.165,0,0,2.0733,9.4136,7.9547,0,0,0.016667,0.16667,0.81667,0,0,1,0,0,0,0,1,0,0,0
0,0,0.32307,0,0,74.73,0,0,24.947,0,0,8.9935,1.2915,0.76498,0,0,75.909,1.5572,0.65337,0,0.57535,10.255,0,0,0.32307,0,0,74.73,0,0,3.5229,9.7104,11.713,0,0,0.033333,0.33333,0.63333,0,0,1,0,0,0,0,1,0,0,0
0,0,0.31308,0,0,74.628,0,0,25.059,0,0,8.7221,1.6178,1.7163,0,0,76.893,0.61079,1.0878,0,0.96069,8.3916,0,0,0.31308,0,0,74.628,0,0,3.4852,11.878,9.6963,0,0,0.98113,0,0.018868,0,0,1,0,0,0,0,1,0,0,0
0,0,0.61154,0,0,82.71,0,0,16.678,0,0,5.7887,1.0925,0.34257,0,0,84.087,0.48093,1.6658,0,0.61154,5.9306,0,0,0.61154,0,0,82.71,0,0,3.002,7.2645,6.4115,0,0,0,0.23684,0.76316,0,0,1,0,0,0,0,1,0,0,0
0,0,0,0,0,75.908,0,0,24.092,0,0,9.1693,0.59029,0,0,0,78.178,0.75036,0.83625,0,1.2559,9.2201,0,0,0,0,0,75.908,0,0,2.6727,9.5757,11.844,0,0,0,0.5,0.5,0,0,1,0,0,0,0,1,0,0,0
0,0,0,0,0,73.8,0,0,26.2,0,0,9.6325,1.0697,0,0,0,76.405,0.66952,1.1037,0,1.9211,9.1985,0,0,0,0,0,73.8,0,0,1.5039,10.976,13.72,0,0,0.98291,0,0.017094,0,0,1,0,0,0,0,1,0,0,0
0,0,0,0,0,81.917,0,0,18.083,0,0,7.4366,0.75927,0,0,0,83.204,0.77538,0.38242,0,1.2867,6.1554,0,0,0,0,0,81.917,0,0,2.1966,8.2153,7.6707,0,0,0.027027,0.13514,0.83784,0,0,1,0,0,0,0,1,0,0,0
0,0,0,0,0,70.491,0,0,29.509,0,0,11.27,1.8454,0,0,1.0863,73.606,0,0,0,3.717,8.4752,0,0,0,0,0,70.491,0,0,4.5458,9.1403,15.822,0,0,0.027778,0.27778,0.69444,0,0,1,0,0,0,0,1,0,0,0
0,0,0,0,0,63.269,0,0,36.731,0,0,13.431,2.4696,0,0,2.2537,65.56,0,0,0,4.5455,11.74,0,0,0,0,0,63.269,0,0,6.5505,17.242,12.939,0,0,1,0,0,0,0,1,0,0,0,0,1,0,0,0
0,0,0,0,0,77.555,0,0,22.445,0,0,8.0439,0.35232,0.29705,0,1.4057,79.243,0,0,0,2.5798,8.0781,0,0,0,0,0,77.555,0,0,1.863,11.077,9.505,0,0,0,0.25397,0.74603,0,0,1,0,0,0,0,1,0,0,0
0,0,0.37337,0.37337,0,69.815,0,0,29.438,0,0,8.3144,1.6779,1.0231,0,2.2176,71.16,0.37337,0,0,4.5859,10.648,0,0.37337,0,0,0,69.815,0,0,2.8901,14.513,12.408,0,0,0.02381,0.14286,0.83333,0,0,1,0,0,0,0,1,0,0,0
0,0,0.84995,0.84995,0,70.262,0,0,28.038,0,0,10.115,0.44384,1.3668,0,0.61576,72.462,0.84995,0,0,4.1819,9.965,0,0.84995,0,0,0,70.262,0,0,3.5076,10.348,15.032,0,0,1,0,0,0,0,1,0,0,0,0,1,0,0,0
0,0,0.7209,0,0,77.849,0,0,21.43,0,0,6.9444,1.9371,1.2595,0,0.49972,79.312,0.36045,0,0,3.2221,6.4645,0,0.36045,0.36045,0,0,77.849,0,0,3.7051,7.7964,9.9282,0,0,0.016129,0.12903,0.85484,0,0,1,0,0,0,0,1,0,0,0
0,0,2.8191,6.1457,0,72.751,0,0,18.284,0,0,8.5614,1.6761,2.7484,0,0.49211,72.751,1.6971,0.64241,0,3.2405,8.1907,0,1.6971,1.122,0,0,72.751,0,0,2.8879,11.125,10.417,0,0,0,0,1,0,0,1,0,0,0,0,1,0,0,0
0,0,1.8123,2.8457,0,76.312,0,0,19.03,0,0,7.2461,1.986,1.8457,0,0.71465,76.312,0.54089,0.73051,0,2.5603,8.0639,0,0.54089,1.2714,0,0,76.312,0,0,5.9093,7.6075,8.359,0,0,1,0,0,0,0,1,0,0,0,0,1,0,0,0
0,0,0.64947,2.046,0,81.299,0,0,16.005,0,0,3.7513,0.63237,4.0636,0,0.28605,81.299,0.4143,0.63237,0,4.3496,4.5712,0,0.4143,0.23518,0,0,81.299,0,0,3.1568,10.54,4.3542,0,0,0.019231,0.11538,0.86538,0,0,1,0,0,0,0,1,0,0,0
0,0,2.4744,5.2395,0,69.436,0,0,22.851,0,0,6.7912,4.5343,1.9315,0,0,70.941,0.33101,2.6981,0,3.4367,9.3365,0,0.33101,2.1434,0,0,69.436,0,0,9.4627,11.836,6.7912,0,0,0,0.17647,0.82353,0,0,1,0,0,0,0,1,0,0,0
0,0,2.3095,3.4237,0,76.113,0,0,18.154,0,0,6.3257,2.2344,1.4056,0,0,77.359,1.1084,0.66085,0,2.6512,8.2553,0,1.1084,1.2011,0,0,76.113,0,0,4.6279,10.624,6.3257,0,0,1,0,0,0,0,1,0,0,0,0,1,0,0,0
0,0,1.8135,2.3291,0,77.957,0,0,17.9,0,0,5.1327,2.4236,2.0465,0,0,79.412,0.44152,0.5267,0,3.5019,6.5147,0,0.44152,1.372,0,0,77.957,0,0,5.4127,9.684,5.1327,0,0,0.10345,0.2069,0.68966,0,0,1,0,0,0,0,1,0,0,0
0,0,4.2839,0.42285,0,64.937,0,0,30.356,0,0,10.086,4.9383,0.42285,0,1.5528,68.112,0,1.0375,0,5.15,8.7012,0,1.5528,2.731,0,0,64.937,0,0,10.343,13.217,7.2194,0,0,0,0.3,0.7,0,0,1,0,0,0,0,1,0,0,0
0,0,3.0015,0.82498,0,72.213,0,0,23.96,0,0,8.5172,3.2091,0.82498,0,1.6628,72.969,0,1.3037,0,3.2441,8.2687,0,1.6628,1.3388,0,0,72.213,0,0,9.4701,8.8497,6.4656,0,0,1,0,0,0,0,1,0,0,0,0,1,0,0,0
0,0,3.472,0.3437,0,74.764,0,0,21.42,0,0,6.883,2.7002,0.7071,0,1.3951,75.503,0,1.5612,0,2.8408,8.41,0,1.3951,2.0769,0,0,74.764,0,0,6.6211,9.4823,5.6605,0,0,0.013333,0.17333,0.81333,0,0,1,0,0,0,0,1,0,0,0
0,0,7.1843,0,0,65.203,0,0,27.613,0,0,9.6429,2.9178,0,0,4.2454,66.604,0,0,0,5.6467,10.943,0,4.2454,2.9389,0,0,65.203,0,0,8.6552,10.831,8.1264,0,0,0,0.24444,0.75556,0,0,1,0,0,0,0,1,0,0,0
0,0,5.2058,0,0,72.343,0,0,22.451,0,0,9.1555,1.5604,0,0,2.2597,73.904,0,0,0,3.8201,9.3006,0,2.2597,2.9461,0,0,72.343,0,0,7.1304,8.0546,7.2659,0,0,1,0,0,0,0,1,0,0,0,0,1,0,0,0
0,0,2.122,0,0,75.945,0,0,21.933,0,0,8.5249,2.2408,0,0,1.6357,77.396,0,0,0,3.0864,7.1167,0,1.6357,0.48637,0,0,75.945,0,0,7.849,8.4056,5.6784,0,0,0.027397,0.21918,0.75342,0,0,1,0,0,0,0,1,0,0,0
0,0,5.9185,0,0,67.749,0,0,26.332,0,0,9.5299,2.6111,0.54638,1.8042,3.2213,67.749,0,0,1.3333,4.2387,8.9661,0,3.2213,2.6971,0,0,67.749,0,0,7.2891,10.077,8.9661,0,0,0.06,0.08,0.86,0,0,1,0,0,0,0,1,0,0,0
0,0,2.2715,0,0,75.406,0,0,22.323,0,0,8.506,2.6432,0,1.4491,1.7996,75.406,0,0,0.97732,2.2715,6.9477,0,1.7996,0.47183,0,0,75.406,0,0,4.055,11.32,6.9477,0,0,0.97849,0,0.021505,0,0,1,0,0,0,0,1,0,0,0
0,0,4.7625,0,0,77.214,0,0,18.024,0,0,8.3525,1.005,0,0.94263,2.137,77.214,0,0,0,3.0796,7.2696,0,2.137,2.6255,0,0,77.214,0,0,3.7021,7.0522,7.2696,0,0,0,0.125,0.875,0,0,1,0,0,0,0,1,0,0,0
0,0,3.5405,0,0,70.006,0,0,26.453,0,0,6.3538,1.9674,2.7193,2.6907,1.1042,70.006,1.2861,0,3.4006,2.3796,8.0921,0,1.1042,2.4364,0,0,70.006,0,0,1.713,18.387,6.3538,0,0,0,0.056604,0.9434,0,0,1,0,0,0,0,1,0,0,0
0,0,2.7074,0,0,71.466,0,0,25.827,0,0,7.479,1.6932,2.8954,0.66469,1.0213,71.466,2.0271,0,0.86836,1.686,10.199,0,1.0213,1.686,0,0,71.466,0,0,3.7359,14.612,7.479,0,0,0.98113,0,0.018868,0,0,1,0,0,0,0,1,0,0,0
0,0,2.4013,0,0,78.801,0,0,18.798,0,0,5.2253,2.5832,1.5595,0.63493,1.4396,78.801,0.49078,0,2.1945,1.4396,5.632,0,1.4396,0.96178,0,0,78.801,0,0,3.3681,10.205,5.2253,0,0,0.013333,0.18667,0.8,0,0,1,0,0,0,0,1,0,0,0
0,0,2.6684,0,0,69.937,0,0,27.394,0,0,8.4068,3.9631,2.7061,0.98609,0,71.605,2.727,0,2.0614,0.37525,7.1693,0,0,2.6684,0,0,69.937,0,0,2.7305,18.75,5.9137,0,0,0.072727,0.090909,0.83636,0,0,1,0,0,0,0,1,0,0,0
0,0,2.0612,0,0,70.744,0,0,27.195,0,0,8.5217,4.9994,0.84136,2.0502,0,72.08,0.7245,0,2.8915,0,7.891,0,0,2.0612,0,0,70.744,0,0,1.6228,19.122,6.4503,0,0,0.98131,0,0.018692,0,0,1,0,0,0,0,1,0,0,0
0,0,0.9291,0,0,80.367,0,0,18.704,0,0,5.0645,1.0559,2.4557,0.44409,0,82.169,0.61918,0,1.8366,0.44409,5.9108,0,0,0.9291,0,0,80.367,0,0,1.3016,13.554,3.8487,0,0,0.041667,0.15278,0.80556,0,0,1,0,0,0,0,1,0,0,0
0,0,3.3957,0,0,71.017,0,0,25.587,0,0,9.1472,2.4159,1.0154,0,0,75.554,1.3264,0,0.40238,0.4805,9.6578,0,0.97979,2.4159,0,0,71.017,0,0,1.4415,16.701,7.4447,0,0,0.022727,0.20455,0.77273,0,0,1,0,0,0,0,1,0,0,0
0,0,1.4724,0,0,75.609,0,0,22.918,0,0,8.9164,0.51538,1.2139,0,0,77.535,1.7293,0,0,0.95702,9.1335,0,0.95702,0.51538,0,0,75.609,0,0,4.7242,11.131,7.0633,0,0,0.9881,0,0.011905,0,0,1,0,0,0,0,1,0,0,0
0,0,3.0189,0,0,80.217,0,0,16.764,0,0,7.8265,2.2338,0.43173,0,0,81.915,1.3205,0,0.43173,0,5.8404,0,0.78509,2.2338,0,0,80.217,0,0,1.9043,9.8509,5.0089,0,0,0.074627,0.28358,0.64179,0,0,1,0,0,0,0,1,0,0,0
0,0,0.76063,0,0,87.796,0,0,11.444,0,0,3.7626,3.0804,0.42391,0,2.3198,88.556,0,0,0,0.76063,1.0964,0,0,0.76063,0,0,87.796,0,0,0.76063,8.2213,2.4617,0,0,0,0.12903,0.87097,0,0,1,0,0,0,0,1,0,0,0
0,0,0.51136,0,0,97.203,0,0,2.2856,0,0,0,1.1428,0,0,0.63144,97.714,0,0,0,0.51136,0,0,0,0.51136,0,0,97.203,0,0,0.51136,1.7742,0,0,0,0,0.15094,0.84906,0,0,1,0,0,0,0,1,0,0,0
0,0,1.0381,0,0,93.097,0,0,5.8652,0,0,0.69509,1.5016,0.3269,0,0.46355,94.135,0.77668,0,0,1.0381,1.0633,0,0,1.0381,0,0,93.097,0,0,1.4063,3.3957,1.0633,0,0,0,0.1875,0.8125,0,0,1,0,0,0,0,1,0,0,0
0,0,0,0,0,100,0,0,0,0,0,0,0,0,0,0,100,0,0,0,0,0,0,0,0,0,0,100,0,0,0,0,0,0,0,0,0.20513,0.79487,0,0,1,0,0,0,0,1,0,0,0
0,0,0,0,0,100,0,0,0,0,0,0,0,0,0,0,100,0,0,0,0,0,0,0,0,0,0,100,0,0,0,0,0,0,0,0,0.1129,0.8871,0,0,1,0,0,0,0,1,0,0,0
0,0,0,0,0,100,0,0,0,0,0,0,0,0,0,0,100,0,0,0,0,0,0,0,0,0,0,100,0,0,0,0,0,0,0,0,0.1875,0.8125,0,0,1,0,0,0,0,1,0,0,0
0,0,0,0,0,100,0,0,0,0,0,0,0,0,0,0,100,0,0,0,0,0,0,0,0,0,0,100,0,0,0,0,0,0,0,0.035714,0.10714,0.85714,0,0,1,0,0,0,0,1,0,0,0
0,0,0.50424,0,0,96.02,0,0,3.4755,0,0,0,0.50424,0,0,0,97.203,1.7889,0,0,0.50424,0,0,0,0.50424,0,0,96.02,0,0,0.50424,2.9712,0,0,0,0.014706,0.30882,0.67647,0,0,1,0,0,0,0,1,0,0,0
0,0,0,0,0,100,0,0,0,0,0,0,0,0,0,0,100,0,0,0,0,0,0,0,0,0,0,100,0,0,0,0,0,0,0,0,0.26136,0.73864,0,0,1,0,0,0,0,1,0,0,0
0,0,0,0,0,94.529,0,0,5.4714,0,0,0.91433,0.50192,0,0,0,96.806,0.81863,0,0,0.50192,0.45717,0,0,0,0,0,94.529,0,0,0.50192,4.0104,0.95908,0,0,0,0.28049,0.71951,0,0,1,0,0,0,0,1,0,0,0
0,0,0,0,0,100,0,0,0,0,0,0,0,0,0,0,100,0,0,0,0,0,0,0,0,0,0,100,0,0,0,0,0,0,0,0,0.26,0.74,0,0,1,0,0,0,0,1,0,0,0
0,0,0,0,0,100,0,0,0,0,0,0,0,0,0,0,100,0,0,0,0,0,0,0,0,0,0,100,0,0,0,0,0,0,0,0.025316,0.21519,0.75949,0,0,1,0,0,0,0,1,0,0,0
0,0,0,0,0,100,0,0,0,0,0,0,0,0,0,0,100,0,0,0,0,0,0,0,0,0,0,100,0,0,0,0,0,0,0,0,0.20253,0.79747,0,0,1,0,0,0,0,1,0,0,0
0,0,0,0,0,100,0,0,0,0,0,0,0,0,0,0,100,0,0,0,0,0,0,0,0,0,0,100,0,0,0,0,0,0,0,0.037037,0.14815,0.81481,0,0,1,0,0,0,0,1,0,0,0
0,0,0,0,0,100,0,0,0,0,0,0,0,0,0,0,100,0,0,0,0,0,0,0,0,0,0,100,0,0,0,0,0,0,0,0,0.18391,0.81609,0,0,1,0,0,0,0,1,0,0,0
0,0,0,0,0,91.585,0,0,8.4153,0,0,0.57963,1.5165,0,0,0.8297,94.148,0,0,0,2.3462,0.57963,0,0,0,0,0,91.585,0,0,1.5165,4.2231,2.6758,0,0,0.023529,0.25882,0.71765,0,0,1,0,0,0,0,1,0,0,0
0,0,0,0,0,100,0,0,0,0,0,0,0,0,0,0,100,0,0,0,0,0,0,0,0,0,0,100,0,0,0,0,0,0,0,0,0.15385,0.84615,0,0,1,0,0,0,0,1,0,0,0
0,0,1.0825,0,0,92.407,0,0,6.5109,0,0,0,1.1447,1.0373,0,1.313,93.01,0.54124,0,0,2.9537,0,0,0.54124,0.54124,0,0,92.407,0,0,0.60344,5.304,0.60344,0,0,0,0.21176,0.78824,0,0,1,0,0,0,0,1,0,0,0
0,0,0,0,0,100,0,0,0,0,0,0,0,0,0,0,100,0,0,0,0,0,0,0,0,0,0,100,0,0,0,0,0,0,0,0,0.15625,0.84375,0,0,1,0,0,0,0,1,0,0,0
0,0,0,0,0,100,0,0,0,0,0,0,0,0,0,0,100,0,0,0,0,0,0,0,0,0,0,100,0,0,0,0,0,0,0,0.10227,0.068182,0.82955,0,0,1,0,0,0,0,1,0,0,0
0,0,0,0,0,100,0,0,0,0,0,0,0,0,0,0,100,0,0,0,0,0,0,0,0,0,0,100,0,0,0,0,0,0,0,0,0.18681,0.81319,0,0,1,0,0,0,0,1,0,0,0
0,0,0,0,0,100,0,0,0,0,0,0,0,0,0,0,100,0,0,0,0,0,0,0,0,0,0,100,0,0,0,0,0,0,0,0.012346,0.098765,0.88889,0,0,1,0,0,0,0,1,0,0,0
0,0,0,0,0,100,0,0,0,0,0,0,0,0,0,0,100,0,0,0,0,0,0,0,0,0,0,100,0,0,0,0,0,0,0,0,0.13793,0.86207,0,0,1,0,0,0,0,1,0,0,0
0,0,0,0,0,100,0,0,0,0,0,0,0,0,0,0,100,0,0,0,0,0,0,0,0,0,0,100,0,0,0,0,0,0,0,0,0.29851,0.70149,0,0,1,0,0,0,0,1,0,0,0
0,0,0,0,0,100,0,0,0,0,0,0,0,0,0,0,100,0,0,0,0,0,0,0,0,0,0,100,0,0,0,0,0,0,0,0.1,0.18333,0.71667,0,0,1,0,0,0,0,1,0,0,0
0,0,0,0,0,100,0,0,0,0,0,0,0,0,0,0,100,0,0,0,0,0,0,0,0,0,0,100,0,0,0,0,0,0,0,0.012048,0.26506,0.72289,0,0,1,0,0,0,0,1,0,0,0
0,0,0,0,0,100,0,0,0,0,0,0,0,0,0,0,100,0,0,0,0,0,0,0,0,0,0,100,0,0,0,0,0,0,0,0.029412,0.22059,0.75,0,0,1,0,0,0,0,1,0,0,0
0,0,0,0,0,100,0,0,0,0,0,0,0,0,0,0,100,0,0,0,0,0,0,0,0,0,0,100,0,0,0,0,0,0,0,0.023529,0.27059,0.70588,0,0,1,0,0,0,0,1,0,0,0
0,0,0,0,0,100,0,0,0,0,0,0,0,0,0,0,100,0,0,0,0,0,0,0,0,0,0,100,0,0,0,0,0,0,0,0.125,0.27083,0.60417,0,0,1,0,0,0,0,1,0,0,0
0,0,0,0,0,100,0,0,0,0,0,0,0,0,0,0,100,0,0,0,0,0,0,0,0,0,0,100,0,0,0,0,0,0,0,0.014706,0.17647,0.80882,0,0,1,0,0,0,0,1,0,0,0
0,0,0,0,0,100,0,0,0,0,0,0,0,0,0,0,100,0,0,0,0,0,0,0,0,0,0,100,0,0,0,0,0,0,0,0.019231,0,0.98077,0,0,1,0,0,0,0,1,0,0,0
0,0,3.0359,0,0,91.716,0,0,5.2484,0,0,0,1.9568,1.7882,0,0.39718,91.716,1.518,0.43885,0,2.1854,0,0,1.518,1.518,0,0,91.716,0,0,0.43885,4.8096,0,0,0,0,0.18391,0.81609,0,0,1,0,0,0,0,1,0,0,0
0,0,0,0,0,100,0,0,0,0,0,0,0,0,0,0,100,0,0,0,0,0,0,0,0,0,0,100,0,0,0,0,0,0,0,0,0.2233,0.7767,0,0,1,0,0,0,0,1,0,0,0
0,0,1.3605,0,0,91.218,0,0,7.4215,0,0,0,2.9613,1.0689,0,0,91.94,0.68023,1.5595,0,1.7905,0,0,0.68023,0.68023,0,0,91.218,0,0,3.0026,4.4189,0,0,0,0.010526,0.22105,0.76842,0,0,1,0,0,0,0,1,0,0,0
0,0,0,0,0,100,0,0,0,0,0,0,0,0,0,0,100,0,0,0,0,0,0,0,0,0,0,100,0,0,0,0,0,0,0,0,0.2,0.8,0,0,1,0,0,0,0,1,0,0,0
0,0,0,0,0,100,0,0,0,0,0,0,0,0,0,0,100,0,0,0,0,0,0,0,0,0,0,100,0,0,0,0,0,0,0,0,0.10526,0.89474,0,0,1,0,0,0,0,1,0,0,0
0,0,0,0,0,100,0,0,0,0,0,0,0,0,0,0,100,0,0,0,0,0,0,0,0,0,0,100,0,0,0,0,0,0,0,0.010417,0.3125,0.67708,0,0,1,0,0,0,0,1,0,0,0
0,0,0,0,0,100,0,0,0,0,0,0,0,0,0,0,100,0,0,0,0,0,0,0,0,0,0,100,0,0,0,0,0,0,0,0,0.17708,0.82292,0,0,1,0,0,0,0,1,0,0,0
0,0,0,0,0,100,0,0,0,0,0,0,0,0,0,0,100,0,0,0,0,0,0,0,0,0,0,100,0,0,0,0,0,0,0,0,0.2449,0.7551,0,0,1,0,0,0,0,1,0,0,0
0,0,2.3063,0,0,91.555,0,0,6.1383,0,0,0,2.3005,0,0,1.1531,93.093,0,0.7633,0,2.6904,0,0,1.1531,1.1531,0,0,91.555,0,0,3.8378,2.3005,0,0,0,0,0.32632,0.67368,0,0,1,0,0,0,0,1,0,0,0
0,0,0,0,0,100,0,0,0,0,0,0,0,0,0,0,100,0,0,0,0,0,0,0,0,0,0,100,0,0,0,0,0,0,0,0,0.27,0.73,0,0,1,0,0,0,0,1,0,0,0
0,0,5.2067,0,0,92.15,0,0,2.6431,0,0,0,0.57336,0,0,3.0648,92.724,0,0,0,3.6382,0,0,3.0648,2.1418,0,0,92.15,0,0,2.0698,0.57336,0,0,0,0.040541,0.22973,0.72973,0,0,1,0,0,0,0,1,0,0,0
0,0,0,0,0,100,0,0,0,0,0,0,0,0,0,0,100,0,0,0,0,0,0,0,0,0,0,100,0,0,0,0,0,0,0,0,0.20213,0.79787,0,0,1,0,0,0,0,1,0,0,0
0,0,0,0,0,100,0,0,0,0,0,0,0,0,0,0,100,0,0,0,0,0,0,0,0,0,0,100,0,0,0,0,0,0,0,0.022222,0.18889,0.78889,0,0,1,0,0,0,0,1,0,0,0
0,0,0,0,0,100,0,0,0,0,0,0,0,0,0,0,100,0,0,0,0,0,0,0,0,0,0,100,0,0,0,0,0,0,0,0,0.20652,0.79348,0,0,1,0,0,0,0,1,0,0,0
0,0,0,0,0,100,0,0,0,0,0,0,0,0,0,0,100,0,0,0,0,0,0,0,0,0,0,100,0,0,0,0,0,0,0,0.075,0.125,0.8,0,0,1,0,0,0,0,1,0,0,0
0,0,0,0,0,100,0,0,0,0,0,0,0,0,0,0,100,0,0,0,0,0,0,0,0,0,0,100,0,0,0,0,0,0,0,0,0.19565,0.80435,0,0,1,0,0,0,0,1,0,0,0
0,0,0,0,0,100,0,0,0,0,0,0,0,0,0,0,100,0,0,0,0,0,0,0,0,0,0,100,0,0,0,0,0,0,0,0,0.072917,0.92708,0,0,1,0,0,0,0,1,0,0,0
0,0,0,0,0,100,0,0,0,0,0,0,0,0,0,0,100,0,0,0,0,0,0,0,0,0,0,100,0,0,0,0,0,0,0,0.02381,0.095238,0.88095,0,0,1,0,0,0,0,1,0,0,0
0,0,0,0,0,100,0,0,0,0,0,0,0,0,0,0,100,0,0,0,0,0,0,0,0,0,0,100,0,0,0,0,0,0,0,0.011765,0.12941,0.85882,0,0,1,0,0,0,0,1,0,0,0
0,0,0,0,0,100,0,0,0,0,0,0,0,0,0,0,100,0,0,0,0,0,0,0,0,0,0,100,0,0,0,0,0,0,0,0,0.35294,0.64706,0,0,1,0,0,0,0,1,0,0,0
0,0,0,0,0,100,0,0,0,0,0,0,0,0,0,0,100,0,0,0,0,0,0,0,0,0,0,100,0,0,0,0,0,0,0,0.010753,0.29032,0.69892,0,0,1,0,0,0,0,1,0,0,0
0,0,0,0,0,100,0,0,0,0,0,0,0,0,0,0,100,0,0,0,0,0,0,0,0,0,0,100,0,0,0,0,0,0,0,0.015625,0.17188,0.8125,0,0,1,0,0,0,0,1,0,0,0
0,0,0,0,0,100,0,0,0,0,0,0,0,0,0,0,100,0,0,0,0,0,0,0,0,0,0,100,0,0,0,0,0,0,0,0.03125,0.32812,0.64062,0,0,1,0,0,0,0,1,0,0,0
0,0,0,0,0,100,0,0,0,0,0,0,0,0,0,0,100,0,0,0,0,0,0,0,0,0,0,100,0,0,0,0,0,0,0,0,0.12766,0.87234,0,0,1,0,0,0,0,1,0,0,0
0,0,4.2102,0,0,92.962,0,0,2.8282,0,0,0,0,0,1.0218,2.4974,92.962,0,0,0,3.5192,0,0,2.4974,1.7128,0,0,92.962,0,0,1.8064,1.0218,0,0,0,0,0.2809,0.7191,0,0,1,0,0,0,0,1,0,0,0
0,0,0,0,0,100,0,0,0,0,0,0,0,0,0,0,100,0,0,0,0,0,0,0,0,0,0,100,0,0,0,0,0,0,0,0,0.14706,0.85294,0,0,1,0,0,0,0,1,0,0,0
0,0,2.9248,0,0,92.187,0,0,4.8886,0,0,0,0.73448,0.98187,1.6175,0.57288,92.187,0.73448,0,0.98187,2.1904,0,0,0.57288,2.352,0,0,92.187,0,0,0.57288,4.3157,0,0,0,0,0.16279,0.83721,0,0,1,0,0,0,0,1,0,0,0
0,0,0,0,0,100,0,0,0,0,0,0,0,0,0,0,100,0,0,0,0,0,0,0,0,0,0,100,0,0,0,0,0,0,0,0,0.17143,0.82857,0,0,1,0,0,0,0,1,0,0,0
0,0,0,0,0,100,0,0,0,0,0,0,0,0,0,0,100,0,0,0,0,0,0,0,0,0,0,100,0,0,0,0,0,0,0,0.0625,0.072917,0.86458,0,0,1,0,0,0,0,1,0,0,0
0,0,0,0,0,100,0,0,0,0,0,0,0,0,0,0,100,0,0,0,0,0,0,0,0,0,0,100,0,0,0,0,0,0,0,0,0.13592,0.86408,0,0,1,0,0,0,0,1,0,0,0
0,0,0,0,0,100,0,0,0,0,0,0,0,0,0,0,100,0,0,0,0,0,0,0,0,0,0,100,0,0,0,0,0,0,0,0,0.07767,0.92233,0,0,1,0,0,0,0,1,0,0,0
0,0,0,0,0,100,0,0,0,0,0,0,0,0,0,0,100,0,0,0,0,0,0,0,0,0,0,100,0,0,0,0,0,0,0,0.01087,0.27174,0.71739,0,0,1,0,0,0,0,1,0,0,0
0,0,2.2488,0,0,93.056,0,0,4.6954,0,0,0,1.7636,0.79934,0.48523,0,93.904,1.7636,0,0.79934,0.48523,0,0,0,2.2488,0,0,93.056,0,0,0,4.6954,0,0,0,0,0.16304,0.83696,0,0,1,0,0,0,0,1,0,0,0
0,0,0,0,0,100,0,0,0,0,0,0,0,0,0,0,100,0,0,0,0,0,0,0,0,0,0,100,0,0,0,0,0,0,0,0,0.22,0.78,0,0,1,0,0,0,0,1,0,0,0
0,0,1.7781,0,0,95.302,0,0,2.9203,0,0,0,0.88967,0,0,0,98.221,0.88967,0,0,0,0,0,0.88846,0.88967,0,0,95.302,0,0,0,2.9203,0,0,0,0.012658,0.29114,0.6962,0,0,1,0,0,0,0,1,0,0,0
0,0,0,0,0,100,0,0,0,0,0,0,0,0,0,0,100,0,0,0,0,0,0,0,0,0,0,100,0,0,0,0,0,0,0,0,0.2043,0.7957,0,0,1,0,0,0,0,1,0,0,0
0,0,0,0,0,100,0,0,0,0,0,0,0,0,0,0,100,0,0,0,0,0,0,0,0,0,0,100,0,0,0,0,0,0,0,0,0.064516,0.93548,0,0,1,0,0,0,0,1,0,0,0
0,0,0,0,0,100,0,0,0,0,0,0,0,0,0,0,100,0,0,0,0,0,0,0,0,0,0,100,0,0,0,0,0,0,0,0,0.3,0.7,0,0,1,0,0,0,0,1,0,0,0
0,0,0,0,0,100,0,0,0,0,0,0,0,0,0,0,100,0,0,0,0,0,0,0,0,0,0,100,0,0,0,0,0,0,0,0.012987,0.20779,0.77922,0,0,1,0,0,0,0,1,0,0,0
0,0,0,0,0,100,0,0,0,0,0,0,0,0,0,0,100,0,0,0,0,0,0,0,0,0,0,100,0,0,0,0,0,0,0,0,0.19355,0.80645,0,0,1,0,0,0,0,1,0,0,0
0,0,0,0,0,100,0,0,0,0,0,0,0,0,0,0,100,0,0,0,0,0,0,0,0,0,0,100,0,0,0,0,0,0,0,0.013333,0.28,0.70667,0,0,1,0,0,0,0,1,0,0,0
0,0,0,0,0,100,0,0,0,0,0,0,0,0,0,0,100,0,0,0,0,0,0,0,0,0,0,100,0,0,0,0,0,0,0,0,0.070175,0.92982,0,0,1,0,0,0,0,1,0,0,0
0,0,0,0,0,100,0,0,0,0,0,0,0,0,0,0,100,0,0,0,0,0,0,0,0,0,0,100,0,0,0,0,0,0,0,0,0.13043,0.86957,0,0,1,0,0,0,0,1,0,0,0
0,0,0,0,0,100,0,0,0,0,0,0,0,0,0,0,100,0,0,0,0,0,0,0,0,0,0,100,0,0,0,0,0,0,0,0.047619,0.40476,0.54762,0,0,1,0,0,0,0,1,0,0,0
0,0,0,0,0,100,0,0,0,0,0,0,0,0,0,0,100,0,0,0,0,0,0,0,0,0,0,100,0,0,0,0,0,0,0,0,0.043478,0.95652,0,0,1,0,0,0,0,1,0,0,0
0,0,0,0,0,100,0,0,0,0,0,0,0,0,0,0,100,0,0,0,0,0,0,0,0,0,0,100,0,0,0,0,0,0,0,0.016393,0.2459,0.7377,0,0,1,0,0,0,0,1,0,0,0
0,0,0,0,0,100,0,0,0,0,0,0,0,0,0,0,100,0,0,0,0,0,0,0,0,0,0,100,0,0,0,0,0,0,0,0.028986,0.26087,0.71014,0,0,1,0,0,0,0,1,0,0,0
0,0,0,0,0,100,0,0,0,0,0,0,0,0,0,0,100,0,0,0,0,0,0,0,0,0,0,100,0,0,0,0,0,0,0,0,0.44828,0.55172,0,0,1,0,0,0,0,1,0,0,0
0.94724,2.1044,4.869,4.0797,2.7956,56.202,4.7608,17.047,5.5816,1.6131,0,4.9043,8.1691,1.5291,2.7718,7.2284,54.824,2.7234,7.1702,1.2293,5.6922,3.758,4.7678,21.441,8.6447,2.5304,1.3852,50.998,0.42276,1.2665,2.1452,3.8658,2.5329,0.095238,0.035714,0.86905,0,0,0,0,1,0,0,0,0,1,0,0,0
3.2813,7.9184,9.7872,8.0294,2.8035,30.459,13.906,9.0577,8.2376,6.5196,0,7.4769,12.929,2.9757,5.0986,10.824,30.853,6.4607,3.314,4.3452,5.8731,9.8491,9.5173,28.577,10.218,6.2209,6.5471,25.388,1.649,0.947,2.3064,7.6156,1.0131,0.90625,0.09375,0,0,0,0,0,1,0,0,0,0,1,0,0,1
0,0,1.1735,0.83798,2.4384,65.123,8.2355,11.235,9.8136,1.1436,0,1.5347,4.4935,1.5705,1.1436,0,64.704,3.2485,3.4783,0,11.218,8.6092,4.2747,11.689,9.627,5.425,1.4668,62.629,0.39115,0.81014,0.83798,2.0393,0.81014,0,0,1,0,0,0,0,1,0,0,0,0,1,0,0,0
0.25069,0,10.366,5.4827,6.9397,37.71,10.537,13.329,11.652,3.7325,0,6.9792,7.8284,2.9068,3.3083,4.6663,36.978,6.5762,8.2008,1.5577,10.875,10.123,7.6418,19.013,8.2322,8.3074,2.2832,29.78,2.2789,3.6754,5.8902,8.2247,4.6729,0.066667,0.066667,0.84444,0.022222,0,0,0.033333,0.96667,0,0,0,0,0.96667,0.033333,0,0
0,0,5.9241,3.4524,7.0252,54.059,9.7802,8.4649,10.29,1.0048,0,2.3819,6.7883,1.3248,1.1548,0.65755,52.736,6.5532,5.164,0.48837,6.1387,16.613,3.6766,12.529,5.5402,9.3352,3.718,47.251,1.0218,3.589,4.7121,5.9302,2.6975,0,0,0.98551,0.014493,0,0,0.014493,0.98551,0,0,0,0,0.98551,0.014493,0,0
0.13792,0.13422,14.658,2.1942,11.412,32.19,7.3207,7.5663,20.616,3.7704,0,7.9152,9.9157,1.8149,3.7882,1.4485,32.261,11.745,7.3409,0.65133,7.9321,15.187,7.6219,9.4295,10.002,15.764,0.59438,29.151,3.7714,5.3503,3.6258,9.8637,4.8255,0,0,0.075,0.25,0.675,0.725,0.225,0.05,0,0,0,0,0.05,0.3,0.65,1
0,0,4.1732,3.8572,1.9105,67.098,7.1839,6.3657,8.9665,0.44532,0,0.89064,2.4205,0,0.44532,0,62.44,2.8658,3.538,0,9.3012,18.098,4.8675,9.6812,5.5894,7.9878,1.0199,60.167,0.44532,3.7926,3.0734,2.4205,0.95526,0,0,1,0,0,0,0,1,0,0,0,0,1,0,0,0
0,0,3.4956,1.7613,5.0821,66.562,9.7194,4.4612,8.3812,0.53704,0,1.8279,4.2814,0.37689,0.53704,0,62.161,3.6878,3.102,0,6.3222,17.704,3.1518,4.3861,5.0733,8.1349,3.7987,59.33,0.91393,1.2293,6.2242,5.7743,1.983,0,0,1,0,0,0,0.017241,0.98276,0,0,0,0,0.98276,0.017241,0,0
2.4622,10.828,12.56,10.708,3.8117,16.432,14.211,11.042,10.392,6.8482,0.7057,8.7196,11.867,2.0226,8.6055,17.601,13.351,8.6292,5.3201,6.8184,7.8292,9.2363,9.2967,31.954,10.608,7.0329,8.69,7.7985,2.2532,3.447,3.5464,11.2,4.1735,0.88889,0.11111,0,0,0,0,0,1,0,0,0,0,1,0,0,1
10.64,12.741,20.26,4.7231,1.7921,20.412,10.835,4.4244,4.3755,6.3996,3.3966,5.1599,8.313,1.303,13.292,16.473,15.635,9.6381,5.6779,6.6051,8.9667,8.9366,8.3824,34.129,7.6809,13.384,6.3878,13.817,1.8186,7.2823,1.9848,3.4467,1.6866,1,0,0,0,0,0,0,1,0,0,0,0,1,0,0,1
2.2258,2.2846,13.04,9.3495,11.447,25.841,13.018,9.7903,9.1889,3.2923,0.52203,6.6733,12.708,4.3681,4.2376,8.0195,25.351,9.8041,8.4816,3.9919,7.6807,8.6849,6.9127,20.667,10.157,9.0748,2.4399,16.362,3.5011,6.0725,6.8144,12.404,5.5949,0,0,0,0,1,1,0,0,0,0,0,0,0,0,1,1
5.6866,7.1552,18.357,6.883,6.0752,25.986,8.482,6.3893,8.8588,3.852,2.2755,4.2376,10.078,3.2512,7.9645,13.601,22.309,8.8799,8.1389,5.8561,9.0405,6.6441,8.4567,23.164,4.603,9.7586,5.3102,16.39,1.423,7.7271,5.1691,11.523,6.4755,0.16129,0.8172,0.021505,0,0,0,0,1,0,0,0,0,1,0,0,1
2.6071,7.5028,3.1261,0,0,78.88,1.8119,1.293,3.4646,0.6571,0.6571,1.293,1.8119,0,5.712,4.7787,75.914,4.2598,0.6571,1.8119,1.3142,2.4478,1.8119,8.8169,1.293,1.9713,2.9668,77.068,0,1.3142,0,3.6027,1.1549,0,0.029703,0.9703,0,0,0,0,1,0,0,0,0,1,0,0,0
0,2.0661,0,0,0,97.934,0,0,0,0,0,0,0,0,0,0,97.934,1.033,0,1.033,0,0,0,2.0661,0,0,0,97.934,0,0,0,0,0,0,0,1,0,0,0,0,1,0,0,0,0,1,0,0,0
1.1663,1.5431,0,0,0,94.958,1.1663,0,1.1663,0,0,0,0,1.1663,0,0,94.958,0.77153,0,3.1042,0,0,1.1663,2.7094,0,0,0,93.792,0,0,0,0,2.3327,0.55263,0.39474,0.052632,0,0,0,0,1,0,0,0,0,1,0,0,1
0,0,0,0,0,100,0,0,0,0,0,0,0,0,0,0,100,0,0,0,0,0,0,0,0,0,0,100,0,0,0,0,0,0,0,1,0,0,0,0,1,0,0,0,0,1,0,0,0
0.20678,0.18332,8.6695,8.7703,12.658,31.566,21.034,10.621,5.0829,1.2081,0,3.1768,13.254,2.6562,1.1276,2.3391,29.719,11.569,8.3308,1.1833,10.549,16.096,5.2317,13.777,9.352,11.578,6.1339,16.921,1.379,5.6301,10.911,13.307,5.7799,0,0,0,0,1,1,0,0,0,0,0,0,0,0,1,1
2.3557,2.3557,13.387,5.3224,2.7225,54.111,6.026,1.5104,4.2329,5.1123,2.8641,5.1466,2.3899,1.9673,5.5008,9.6626,50.492,3.1451,6.3417,6.0434,4.6213,4.6897,6.6228,15.479,4.8482,4.2887,1.933,45.626,2.4241,4.7971,3.4777,4.4087,6.0949,0.026316,0.10526,0.81579,0.052632,0,0,0.15789,0.84211,0,0,0,0,0.84211,0.15789,0,0
0,0,1.6905,2.3953,0.70481,92.39,2.1144,0.70481,0,0,0,0,1.0572,0,0,0,84.752,1.0572,0.3524,0,0.70481,12.076,0,2.3953,0.70481,2.7477,0.70481,83.695,0,2.0429,6.2999,1.0572,0.3524,0,0,1,0,0,0,0,1,0,0,0,0,1,0,0,0
0,0,0,0,2.461,97.539,0,0,0,0,0,0,0,0,0,0,97.539,0,0,0,0,2.461,0,0,0,0,0,97.539,0,0,0,2.461,0,0,0,1,0,0,0,0,1,0,0,0,0,1,0,0,0
1.9401,0,0,0,0,94.18,1.9401,0,1.9401,0,0,0,0,1.9401,0,0,94.18,0,0,3.8801,0,0,1.9401,1.9401,0,0,0,92.24,0,0,0,0,3.8801,0.013889,0.27778,0.68056,0.013889,0.013889,0.013889,0.027778,0.95833,0,0,0,0,0.95833,0.027778,0.013889,0
0,0,0,0,0,100,0,0,0,0,0,0,0,0,0,0,100,0,0,0,0,0,0,0,0,0,0,100,0,0,0,0,0,0,0,1,0,0,0,0.011905,0.9881,0,0,0,0,0.9881,0.011905,0,0
0,0,0,0,0,100,0,0,0,0,0,0,0,0,0,0,100,0,0,0,0,0,0,0,0,0,0,100,0,0,0,0,0,0,0,1,0,0,0,0,1,0,0,0,0,1,0,0,0
0,0,0,0,0,100,0,0,0,0,0,0,0,0,0,0,100,0,0,0,0,0,0,0,0,0,0,100,0,0,0,0,0,0,0,1,0,0,0,0,1,0,0,0,0,1,0,0,0
0,0,0,0,0,100,0,0,0,0,0,0,0,0,0,0,100,0,0,0,0,0,0,0,0,0,0,100,0,0,0,0,0,0,0,1,0,0,0,0,1,0,0,0,0,1,0,0,0
0,0,0,0,0,100,0,0,0,0,0,0,0,0,0,0,100,0,0,0,0,0,0,0,0,0,0,100,0,0,0,0,0,0,0,1,0,0,0,0,1,0,0,0,0,1,0,0,0
0,0,0,0,0,100,0,0,0,0,0,0,0,0,0,0,100,0,0,0,0,0,0,0,0,0,0,100,0,0,0,0,0,0,0,1,0,0,0,0,1,0,0,0,0,1,0,0,0
0,0,0,0,0,100,0,0,0,0,0,0,0,0,0,0,100,0,0,0,0,0,0,0,0,0,0,100,0,0,0,0,0,0,0,1,0,0,0,0,1,0,0,0,0,1,0,0,0
0,0,0,0,0,100,0,0,0,0,0,0,0,0,0,0,100,0,0,0,0,0,0,0,0,0,0,100,0,0,0,0,0,0,0,1,0,0,0,0,1,0,0,0,0,1,0,0,0
0,0,0,0,0,100,0,0,0,0,0,0,0,0,0,0,100,0,0,0,0,0,0,0,0,0,0,100,0,0,0,0,0,0,0,1,0,0,0,0,1,0,0,0,0,1,0,0,0
0,0,0,0,0,100,0,0,0,0,0,0,0,0,0,0,100,0,0,0,0,0,0,0,0,0,0,100,0,0,0,0,0,0,0,1,0,0,0,0,1,0,0,0,0,1,0,0,0
0,0,0,0,0,95.326,0,0,4.6738,0,0,1.8695,0,0,0,0.93475,95.326,0,0,0,0.93475,0.93475,0,0,0,0,0,95.326,0,0,0,3.739,0.93475,0,0,1,0,0,0,0,1,0,0,0,0,1,0,0,0
0,0,0,0,0,100,0,0,0,0,0,0,0,0,0,0,100,0,0,0,0,0,0,0,0,0,0,100,0,0,0,0,0,0,0,1,0,0,0,0,1,0,0,0,0,1,0,0,0
0,0,0,0,0,100,0,0,0,0,0,0,0,0,0,0,100,0,0,0,0,0,0,0,0,0,0,100,0,0,0,0,0,0,0,1,0,0,0,0,1,0,0,0,0,1,0,0,0
0,0,0,0,0,100,0,0,0,0,0,0,0,0,0,0,100,0,0,0,0,0,0,0,0,0,0,100,0,0,0,0,0,0,0,1,0,0,0,0,1,0,0,0,0,1,0,0,0
0,0,0,0,0,100,0,0,0,0,0,0,0,0,0,0,100,0,0,0,0,0,0,0,0,0,0,100,0,0,0,0,0,0,0,1,0,0,0,0,1,0,0,0,0,1,0,0,0
0,0,0,0,0,100,0,0,0,0,0,0,0,0,0,0,100,0,0,0,0,0,0,0,0,0,0,100,0,0,0,0,0,0,0,1,0,0,0,0,1,0,0,0,0,1,0,0,0
0,0,0.90539,0,0,94.568,0,0,4.5269,0,0,1.8108,0,0,0,0.90539,94.568,0,0,0,0.90539,1.8108,0,0,0,0,0,94.568,0,0,0.90539,2.7162,1.8108,0,0,1,0,0,0,0,1,0,0,0,0,1,0,0,0
0,0,0,0,0,100,0,0,0,0,0,0,0,0,0,0,100,0,0,0,0,0,0,0,0,0,0,100,0,0,0,0,0,0,0,1,0,0,0,0,1,0,0,0,0,1,0,0,0
0,0,0.82717,0,0,95.037,0,0,4.1359,0,0,0.82717,0,0.82717,0,0.82717,95.037,0.82717,0,0,0,1.6543,0,0,0,0,0,95.037,0,0,0,2.4815,2.4815,0,0,1,0,0,0,0,1,0,0,0,0,1,0,0,0
0,0,0.64579,0.64579,7.399,91.309,0,0,0,0,0,0,0,0,0,0,88.763,0,0,0,0,11.237,0,0.64579,0,0.64579,0,88.763,0,0.64579,1.9002,7.399,0,0,0,1,0,0,0,0,1,0,0,0,0,1,0,0,0
0,0,0,0,0,100,0,0,0,0,0,0,0,0,0,0,100,0,0,0,0,0,0,0,0,0,0,100,0,0,0,0,0,0,0,1,0,0,0,0,1,0,0,0,0,1,0,0,0
0,0,0,0,0,100,0,0,0,0,0,0,0,0,0,0,100,0,0,0,0,0,0,0,0,0,0,100,0,0,0,0,0,0,0,1,0,0,0,0,1,0,0,0,0,1,0,0,0
0,0,0,0,0,100,0,0,0,0,0,0,0,0,0,0,100,0,0,0,0,0,0,0,0,0,0,100,0,0,0,0,0,0,0,1,0,0,0,0,1,0,0,0,0,1,0,0,0
0,0,0,0,0,100,0,0,0,0,0,0,0,0,0,0,100,0,0,0,0,0,0,0,0,0,0,100,0,0,0,0,0,0,0,1,0,0,0,0,1,0,0,0,0,1,0,0,0
0,0,0,0,0,100,0,0,0,0,0,0,0,0,0,0,100,0,0,0,0,0,0,0,0,0,0,100,0,0,0,0,0,0,0,1,0,0,0,0,1,0,0,0,0,1,0,0,0
0,0,0,0,0,100,0,0,0,0,0,0,0,0,0,0,100,0,0,0,0,0,0,0,0,0,0,100,0,0,0,0,0,0,0,1,0,0,0,0,1,0,0,0,0,1,0,0,0
0,0,0,0,0,100,0,0,0,0,0,0,0,0,0,0,100,0,0,0,0,0,0,0,0,0,0,100,0,0,0,0,0,0,0,1,0,0,0,0,1,0,0,0,0,1,0,0,0
0,0,0,0,0,100,0,0,0,0,0,0,0,0,0,0,100,0,0,0,0,0,0,0,0,0,0,100,0,0,0,0,0,0,0,1,0,0,0,0,1,0,0,0,0,1,0,0,0
0,0,0,0,0,100,0,0,0,0,0,0,0,0,0,0,100,0,0,0,0,0,0,0,0,0,0,100,0,0,0,0,0,0,0,1,0,0,0,0,1,0,0,0,0,1,0,0,0
0,0,0,0,0,100,0,0,0,0,0,0,0,0,0,0,100,0,0,0,0,0,0,0,0,0,0,100,0,0,0,0,0,0,0,1,0,0,0,0,1,0,0,0,0,1,0,0,0
0,0,0,0,0,91.813,0,0,8.1868,0,0,2.7289,1.3645,0,0,0,93.178,0,0,0,0,2.7289,0,0,0,0,0,91.813,0,0,0,4.0934,4.0934,0,0,1,0,0,0,0,1,0,0,0,0,1,0,0,0
0,0,0,0,0,100,0,0,0,0,0,0,0,0,0,0,100,0,0,0,0,0,0,0,0,0,0,100,0,0,0,0,0,0,0,1,0,0,0,0,1,0,0,0,0,1,0,0,0
0,0,0,0,0,91.041,0,0,8.9591,0,0,2.9864,1.4932,0,0,0,92.534,0,0,0,0,2.9864,0,0,0,0,0,91.041,0,0,0,4.4796,4.4796,0,0,1,0,0,0,0,1,0,0,0,0,1,0,0,0
0,0,0,0,0,100,0,0,0,0,0,0,0,0,0,0,100,0,0,0,0,0,0,0,0,0,0,100,0,0,0,0,0,0,0,1,0,0,0,0,1,0,0,0,0,1,0,0,0
0,0,0,0,0,100,0,0,0,0,0,0,0,0,0,0,100,0,0,0,0,0,0,0,0,0,0,100,0,0,0,0,0,0,0,1,0,0,0,0,1,0,0,0,0,1,0,0,0
0,0,0,0,0,100,0,0,0,0,0,0,0,0,0,0,100,0,0,0,0,0,0,0,0,0,0,100,0,0,0,0,0,0,0,1,0,0,0,0,1,0,0,0,0,1,0,0,0
0,0,0,0,0,100,0,0,0,0,0,0,0,0,0,0,100,0,0,0,0,0,0,0,0,0,0,100,0,0,0,0,0,0,0,1,0,0,0,0,1,0,0,0,0,1,0,0,0
0,0,0,0,0,92.922,0,0,7.078,0,0,2.8312,0,0,0,0,94.338,0,0,0,1.4156,1.4156,0,0,0,0,0,92.922,0,0,0,2.8312,4.2468,0,0,1,0,0,0,0,1,0,0,0,0,1,0,0,0
0,0,0,0,0,100,0,0,0,0,0,0,0,0,0,0,100,0,0,0,0,0,0,0,0,0,0,100,0,0,0,0,0,0,0,1,0,0,0,0,1,0,0,0,0,1,0,0,0
0,0,0,0,0,92.418,0,0,7.582,0,0,2.8407,0.63352,0,0,0,93.051,0,0,0,0.63352,2.8407,0,0,0,0,0,92.418,0,0,1.267,1.9006,4.4144,0,0,1,0,0,0,0,1,0,0,0,0,1,0,0,0
0,0,1.7132,0,0,77.454,0,0,20.833,0,0,8.9995,0.94475,0.8566,0.8566,0,78.398,0,0,0.8566,0.94475,8.1429,0,0.8566,0.8566,0,0,77.454,0,0,1.8895,5.4041,13.54,0,0,1,0,0,0,0,1,0,0,0,0,1,0,0,0
0.45189,0.34866,10.236,5.5336,35.973,23.784,10.199,4.4661,6.8361,2.1715,0,3.4163,5.9581,4.977,5.443,6.7194,24.588,17.809,12.326,4.1034,7.4981,7.1617,8.1665,6.6877,4.9416,6.9238,1.0645,18.865,1.7739,11.749,15.532,19.726,4.5701,0,0,0,0.030769,0.96923,0.96923,0.030769,0,0,0,0,0,0,0.030769,0.96923,1
4.2873,5.2783,16.578,8.3407,6.4858,22.282,9.4565,11.369,10.326,5.2328,0.36342,7.5429,8.2143,2.8788,5.7222,16.307,17.264,10.032,7.6314,3.2438,8.5196,12.644,9.5401,28.224,9.5848,6.6771,5.3039,13.656,1.9149,5.1099,5.485,9.1998,5.3036,0.22989,0.72414,0.045977,0,0,0,0,1,0,0,0,0,1,0,0,1
2.7013,11.489,14.172,7.4519,3.3532,24.641,13.091,2.4839,16.15,4.0045,0.46181,6.1039,9.0455,2.9802,6.7186,19.715,16.237,13.018,3.452,9.4917,2.2733,10.964,10.072,25.332,8.2165,2.5616,9.6582,14.378,3.2955,1.921,3.0843,13.746,7.7341,0.75,0.25,0,0,0,0,0,1,0,0,0,0,1,0,0,1
1.1896,2.2772,20.096,8.2148,14.714,26.871,9.9456,6.8172,6.5156,2.6579,0.70055,7.3416,10.789,4.6497,3.6112,8.0249,29.731,9.1314,9.1336,3.5311,7.5854,6.4706,7.8491,16.132,7.4231,6.9514,1.5487,19.184,2.447,5.9527,10.145,15.576,6.7903,0,0,0,0,1,1,0,0,0,0,0,0,0,0,1,1
1.7833,0.61695,15.55,11.293,16.811,32.031,7.7496,5.3091,3.6725,3.4299,1.7533,4.0604,6.7934,3.2659,5.1334,9.1702,31.025,8.4423,14.18,3.9814,8.9696,4.9784,6.0331,13.819,3.8903,4.7638,0.93588,22.092,3.1605,9.6009,10.275,16.081,9.3481,0,0,0,0,1,1,0,0,0,0,0,0,0,0,1,1
0.46767,0.86834,15.103,7.1758,29.051,29.974,7.5806,4.0802,3.6398,1.5454,0.51493,4.4551,7.7893,5.0026,4.5801,4.5362,33.397,10.719,15.213,3.3594,6.6895,4.2594,6.0988,7.9653,3.6677,4.5143,0.61731,24.089,2.1547,8.5955,12.983,21.993,7.3213,0,0,0,0.037736,0.96226,0.96226,0.037736,0,0,0,0,0,0,0.056604,0.9434,1
0.30701,1.1685,16.494,8.9716,15.512,46.335,4.0438,1.5391,1.2223,1.1641,3.2419,2.8823,3.7976,2.6485,1.1832,10.254,49.577,5.7121,9.6544,4.3809,8.2842,1.6266,4.4874,6.7237,2.517,1.938,0.16561,36.608,1.1298,7.7783,6.6371,18.942,13.073,0,0,0.1,0.13333,0.76667,0.76667,0.16667,0.066667,0,0,0,0,0.066667,0.16667,0.76667,1
0.32499,0.74996,20.477,10.51,17.788,38.361,8.2351,1.658,0.50402,0.32499,1.0666,1.758,7.115,2.4205,4.9445,8.0229,41.335,8.6478,16.067,1.9082,6.9521,0.82901,4.7821,7.0066,1.254,1.579,0,33.999,0.82901,7.1612,13.434,18.313,11.642,0,0,0.090909,0.21212,0.69697,0.69697,0.24242,0.060606,0,0,0,0,0.060606,0.27273,0.66667,1
0,0,0,0,0,100,0,0,0,0,0,0,0,0,0,0,100,0,0,0,0,0,0,0,0,0,0,100,0,0,0,0,0,0,0,1,0,0,0,0,1,0,0,0,0,1,0,0,0
0,0,3.4688,0,0,71.468,0,0,25.063,0,0,11.448,0,0,0,1.8284,74.937,0,0,0,3.3943,8.3921,0,3.4688,0,0,0,71.468,0,0,8.1321,8.5389,8.3921,0,0,0,0.33333,0.66667,0,0,1,0,0,0,0,1,0,0,0
0,0,1.9311,0,0,77.372,0,0,20.697,0,0,9.9538,1.0104,0,0,1.4952,79.303,0,0,0,1.4952,6.7427,0,0.92063,1.0104,0,0,77.372,0,0,1.7509,12.204,6.7427,0,0,1,0,0,0,0,1,0,0,0,0,1,0,0,0
0,0,0.8276,0,0,80.57,0,0,18.603,0,0,8.065,0,0,0,0.99955,82.187,0,0,0,1.8272,6.9211,0,0.8276,0,0,0,80.57,0,0,4.6262,7.0555,6.9211,0,0,0.025641,0.21795,0.75641,0,0,1,0,0,0,0,1,0,0,0
0,0,2.7993,0,0,70.293,0,0,26.908,0,0,10.014,0,0,0,4.5368,71.528,0,0,0,5.1446,8.7761,0,1.2358,0,0,0,70.293,0,0,4.512,14.692,9.2678,0,0,0.020833,0.27083,0.70833,0,0,1,0,0,0,0,1,0,0,0
0,0,2.8613,0,0,71.178,0,0,25.961,0,0,10.869,0,0,0,3.2393,72.214,0,0,0,4.2756,9.4017,0,1.0363,0,0,0,71.178,0,0,7.3124,11.072,9.4017,0,0,1,0,0,0,0,1,0,0,0,0,1,0,0,0
0,0,1.4674,0,0,79.085,0,0,19.448,0,0,9.1243,0,0,0,1.8017,80.552,0,0,0,2.2709,6.251,0,1.4674,0,0,0,79.085,0,0,3.5133,9.6836,6.251,0,0,0,0.27397,0.72603,0,0,1,0,0,0,0,1,0,0,0
0,0,5.5945,0,0,70.968,0,0,23.438,0,0,10.074,0,0.97728,0,4.9723,70.968,0,0,0,5.4137,7.5952,0,0,0,0,0,70.968,0,0,4.31,14.924,9.798,0,0,0.018868,0.09434,0.88679,0,0,1,0,0,0,0,1,0,0,0
0,0,3.3147,0,0,72.81,0,0,23.876,0,0,9.5366,0,1.6144,0,3.9764,72.81,0.9611,0,0,3.1808,7.9212,0,0,0,0,0,72.81,0,0,1.1928,15.938,10.059,0,0,1,0,0,0,0,1,0,0,0,0,1,0,0,0
0,0,2.2428,0,0,80.19,0,0,17.567,0,0,6.338,0,1.6331,0,2.4374,80.19,0.43043,0,0,3.705,5.2662,0,0,0,0,0,80.19,0,0,2.6296,11.073,6.1079,0,0,0.013889,0.125,0.86111,0,0,1,0,0,0,0,1,0,0,0
0,0,5.4041,0,0,75.394,0,0,19.202,0,0,8.049,0.93146,1.646,0,1.315,76.068,1.7363,0,0,1.4503,8.8043,0,0,0,0,0,75.394,0,0,0.29787,9.4661,14.842,0,0,0,0,1,0,0,1,0,0,0,0,1,0,0,0
0,0,3.2287,0,0,74.89,0,0,21.881,0,0,8.4547,1.8849,0.67268,0,2.1157,76.16,0.65917,0,0,1.5978,8.4547,0,0,0,0,0,74.89,0,0,2.1157,11.01,11.984,0,0,1,0,0,0,0,1,0,0,0,0,1,0,0,0
0,0,2.0332,0,0,82.089,0,0,15.878,0,0,4.4947,0.51669,2.3043,0,2.1021,82.889,0.51481,0,0,2.1691,5.0095,0,0,0,0,0,82.089,0,0,1.2077,8.9235,7.7798,0,0,0.037037,0.14815,0.81481,0,0,1,0,0,0,0,1,0,0,0
0,0,0.36514,0,0,75.42,0,0,24.215,0,0,9.1466,1.6261,0.36514,0,0.92117,77.671,0.75796,0,0,0,9.5117,0,0,0,0,0,75.42,0,0,0.55604,7.5476,16.476,0,0,0,0.066667,0.93333,0,0,1,0,0,0,0,1,0,0,0
0,0,1.4443,0,0,67.987,0,0,30.568,0,0,9.7787,3.7045,1.4443,0,2.0491,70.356,1.4443,0,0,0,11.223,0,0,0,0,0,67.987,0,0,0.60479,14.715,16.692,0,0,1,0,0,0,0,1,0,0,0,0,1,0,0,0
0,0,0,0,0,82.845,0,0,17.155,0,0,5.7191,2.3254,0.34284,0,0.46688,84.182,0.90137,0,0,0.34284,5.7191,0,0,0,0,0,82.845,0,0,0.46688,8.0419,8.6459,0,0,0.052632,0.15789,0.78947,0,0,1,0,0,0,0,1,0,0,0
0,0,0,0,0,73.703,0,0,26.297,0,0,10.098,2.149,0,0,0,77.044,0,0,0,1.0524,9.6561,0,0,0,0,0,73.703,0,0,0.35747,8.5877,17.352,0,0,0,0.12903,0.87097,0,0,1,0,0,0,0,1,0,0,0
0,0,0,0,0,66.743,0,0,33.257,0,0,12.311,3.555,0,0,0,71.093,0,0,0,2.7303,10.311,0,0,0,0,0,66.743,0,0,0,14.92,18.336,0,0,0.992,0,0.008,0,0,1,0,0,0,0,1,0,0,0
0,0,0,0,0,81.27,0,0,18.731,0,0,6.364,3.2843,0,0,0,83.427,0,0,0,0.56109,6.364,0,0,0,0,0,81.27,0,0,0.76864,8.3106,9.6512,0,0,0,0.22222,0.77778,0,0,1,0,0,0,0,1,0,0,0
0,0,0.5236,0,0,72.861,0,0,26.616,0,0,10.57,2.6126,0,0,0,76.789,0,0,0,1.3819,8.6471,0,0,0.5236,0,0,72.861,0,0,1.9765,8.1556,16.484,0,0,0,0.14706,0.85294,0,0,1,0,0,0,0,1,0,0,0
0,0,0,0,0,64.896,0,0,35.104,0,0,11.487,4.8585,0,0,0,69.059,0,0,0,3.1096,11.487,0,0,0,0,0,64.896,0,0,3.8672,15.427,15.809,0,0,0.9823,0,0.017699,0,0,1,0,0,0,0,1,0,0,0
0,0,0.94101,0,0,79.223,0,0,19.836,0,0,8.2714,0.81063,0,0,0,81.95,0,0,0,2.6786,6.2894,0,0,0.94101,0,0,79.223,0,0,0.64076,8.7059,10.49,0,0,0.028169,0.25352,0.71831,0,0,1,0,0,0,0,1,0,0,0
0,0,3.8391,0,0,72.183,0,0,23.978,0,0,7.2867,0.97952,2.4563,1.8058,0,74.365,0,0,1.5767,2.166,9.364,0,1.8058,2.0333,0,0,72.183,0,0,2.6068,10.289,11.082,0,0,0.025,0.175,0.8,0,0,1,0,0,0,0,1,0,0,0
0,0,2.832,0,0,69.991,0,0,27.177,0,0,11.801,0.40116,1.3813,1.2971,0,72.722,0,0,0.87475,2.7659,8.7571,0,1.2971,1.5349,0,0,69.991,0,0,0.82352,9.7319,16.621,0,0,0.98261,0,0.017391,0,0,1,0,0,0,0,1,0,0,0
0,0,1.9215,0,0,79.479,0,0,18.599,0,0,6.5583,1.3902,0.96515,1.499,0,80.87,0,0,0.42254,2.2616,6.0336,0,1.499,0.42254,0,0,79.479,0,0,2.9658,6.7582,8.8751,0,0,0,0.1194,0.8806,0,0,1,0,0,0,0,1,0,0,0
0,0,5.2678,0,0,71.503,0,0,23.23,0,0,8.4378,0.32535,1.7162,3.0908,0,72.289,0,0,3.8675,1.6999,8.5737,0,3.0908,2.1771,0,0,71.503,0,0,2.0253,13.777,7.4277,0,0,0,0.025641,0.97436,0,0,1,0,0,0,0,1,0,0,0
0,0,1.2719,0,0,73.273,0,0,25.455,0,0,6.9425,0.66785,2.0401,0.84529,0,74.368,0,0,1.5104,1.5131,12.113,0,0.84529,0.42662,0,0,73.273,0,0,2.181,9.1556,14.118,0,0,0.975,0,0.025,0,0,1,0,0,0,0,1,0,0,0
0,0,2.546,0,0,79.076,0,0,18.378,0,0,5.3668,0.29559,2.2727,0.77485,0,80.368,0,0,3.6355,0.29559,6.991,0,0.77485,1.7711,0,0,79.076,0,0,0.59117,10.748,7.039,0,0,0,0.16071,0.83929,0,0,1,0,0,0,0,1,0,0,0
0,0,4.5143,0,0,70.399,0,0,25.087,0,0,4.7427,0,4.9707,2.7782,0,70.399,0,0,7.2268,1.042,8.8405,0,2.7782,1.7362,0,0,70.399,0,0,1.042,14.569,9.4757,0,0,0,0.051282,0.94872,0,0,1,0,0,0,0,1,0,0,0
0,0,4.3995,0,0,76.628,0,0,18.972,0,0,3.2292,0,2.914,3.3175,0,76.628,0,0,1.082,2.2356,10.593,0,3.3175,1.082,0,0,76.628,0,0,2.2356,10.925,5.8113,0,0,0.05,0.375,0.575,0,0,1,0,0,0,0,1,0,0,0
0,0,2.0466,0,0,92.986,0,0,4.9673,0,0,1.3628,0,0,0,0.79061,95.693,0,0,0,0.79061,1.3628,0,2.0466,0,0,0,92.986,0,0,0.79061,2.8138,1.3628,0,0,0,0.25,0.75,0,0,1,0,0,0,0,1,0,0,0
0,0,0,0,0,100,0,0,0,0,0,0,0,0,0,0,100,0,0,0,0,0,0,0,0,0,0,100,0,0,0,0,0,0,0,0,0.26923,0.73077,0,0,1,0,0,0,0,1,0,0,0
0,0,0.85147,0,0,93.135,0,0,6.0132,0,0,0,0,0,0,3.0066,93.987,0,0,0,3.0066,0,0,0.85147,0,0,0,93.135,0,0,2.06,3.9532,0,0,0,0.021978,0.27473,0.7033,0,0,1,0,0,0,0,1,0,0,0
0,0,0,0,0,100,0,0,0,0,0,0,0,0,0,0,100,0,0,0,0,0,0,0,0,0,0,100,0,0,0,0,0,0,0,0,0.17476,0.82524,0,0,1,0,0,0,0,1,0,0,0
0,0,0,0,0,100,0,0,0,0,0,0,0,0,0,0,100,0,0,0,0,0,0,0,0,0,0,100,0,0,0,0,0,0,0,0.041237,0.13402,0.82474,0,0,1,0,0,0,0,1,0,0,0
0,0,0,0,0,100,0,0,0,0,0,0,0,0,0,0,100,0,0,0,0,0,0,0,0,0,0,100,0,0,0,0,0,0,0,0,0.19355,0.80645,0,0,1,0,0,0,0,1,0,0,0
0,0,0,0,0,100,0,0,0,0,0,0,0,0,0,0,100,0,0,0,0,0,0,0,0,0,0,100,0,0,0,0,0,0,0,0.1087,0.065217,0.82609,0,0,1,0,0,0,0,1,0,0,0
0,0,0,0,0,100,0,0,0,0,0,0,0,0,0,0,100,0,0,0,0,0,0,0,0,0,0,100,0,0,0,0,0,0,0,0,0.21739,0.78261,0,0,1,0,0,0,0,1,0,0,0
0,0,0,0,0,93.22,0,0,6.7798,0,0,0,0,0.93949,0,2.1945,93.22,0.51175,0,0,3.134,0,0,0,0,0,0,93.22,0,0,0.68402,6.0958,0,0,0,0,0.21176,0.78824,0,0,1,0,0,0,0,1,0,0,0
0,0,0,0,0,100,0,0,0,0,0,0,0,0,0,0,100,0,0,0,0,0,0,0,0,0,0,100,0,0,0,0,0,0,0,0,0.13265,0.86735,0,0,1,0,0,0,0,1,0,0,0
0,0,0,0,0,94.457,0,0,5.543,0,0,0,0,1.1253,0,0.587,95.063,1.5124,0,0,1.7123,0,0,0,0,0,0,94.457,0,0,0,5.543,0,0,0,0,0.15909,0.84091,0,0,1,0,0,0,0,1,0,0,0
0,0,0,0,0,100,0,0,0,0,0,0,0,0,0,0,100,0,0,0,0,0,0,0,0,0,0,100,0,0,0,0,0,0,0,0,0.23864,0.76136,0,0,1,0,0,0,0,1,0,0,0
0,0,0,0,0,100,0,0,0,0,0,0,0,0,0,0,100,0,0,0,0,0,0,0,0,0,0,100,0,0,0,0,0,0,0,0.011111,0.055556,0.93333,0,0,1,0,0,0,0,1,0,0,0
0,0,0,0,0,100,0,0,0,0,0,0,0,0,0,0,100,0,0,0,0,0,0,0,0,0,0,100,0,0,0,0,0,0,0,0,0.12745,0.87255,0,0,1,0,0,0,0,1,0,0,0
0,0,0,0,0,100,0,0,0,0,0,0,0,0,0,0,100,0,0,0,0,0,0,0,0,0,0,100,0,0,0,0,0,0,0,0,0.081633,0.91837,0,0,1,0,0,0,0,1,0,0,0
0,0,0,0,0,100,0,0,0,0,0,0,0,0,0,0,100,0,0,0,0,0,0,0,0,0,0,100,0,0,0,0,0,0,0,0.012987,0.32468,0.66234,0,0,1,0,0,0,0,1,0,0,0
0,0,0,0,0,100,0,0,0,0,0,0,0,0,0,0,100,0,0,0,0,0,0,0,0,0,0,100,0,0,0,0,0,0,0,0,0.26087,0.73913,0,0,1,0,0,0,0,1,0,0,0
0,0,0,0,0,100,0,0,0,0,0,0,0,0,0,0,100,0,0,0,0,0,0,0,0,0,0,100,0,0,0,0,0,0,0,0,0.25641,0.74359,0,0,1,0,0,0,0,1,0,0,0
0,0,0,0,0,100,0,0,0,0,0,0,0,0,0,0,100,0,0,0,0,0,0,0,0,0,0,100,0,0,0,0,0,0,0,0.02439,0.28049,0.69512,0,0,1,0,0,0,0,1,0,0,0
0,0,0,0,0,100,0,0,0,0,0,0,0,0,0,0,100,0,0,0,0,0,0,0,0,0,0,100,0,0,0,0,0,0,0,0.033898,0.22034,0.74576,0,0,1,0,0,0,0,1,0,0,0
0,0,0,0,0,100,0,0,0,0,0,0,0,0,0,0,100,0,0,0,0,0,0,0,0,0,0,100,0,0,0,0,0,0,0,0.012987,0.18182,0.80519,0,0,1,0,0,0,0,1,0,0,0
0,0,0,0,0,100,0,0,0,0,0,0,0,0,0,0,100,0,0,0,0,0,0,0,0,0,0,100,0,0,0,0,0,0,0,0.014493,0.086957,0.89855,0,0,1,0,0,0,0,1,0,0,0
0,0,0,0,0,100,0,0,0,0,0,0,0,0,0,0,100,0,0,0,0,0,0,0,0,0,0,100,0,0,0,0,0,0,0,0,0.087912,0.91209,0,0,1,0,0,0,0,1,0,0,0
0,0,0,0,0,100,0,0,0,0,0,0,0,0,0,0,100,0,0,0,0,0,0,0,0,0,0,100,0,0,0,0,0,0,0,0.13333,0.13333,0.73333,0,0,1,0,0,0,0,1,0,0,0
0,0,0,0,0,96.512,0,0,3.488,0,0,0,0,0,0,0,99.223,0.77723,0,0,0,0,0,0,0,0,0,96.512,0,0,0,3.488,0,0,0,0,0.23171,0.76829,0,0,1,0,0,0,0,1,0,0,0
0,0,0,0,0,100,0,0,0,0,0,0,0,0,0,0,100,0,0,0,0,0,0,0,0,0,0,100,0,0,0,0,0,0,0,0,0.19149,0.80851,0,0,1,0,0,0,0,1,0,0,0
0,0,0,0,0,96.138,0,0,3.8617,0,0,0,0.67807,0,0,0,99.322,0,0,0,0,0,0,0,0,0,0,96.138,0,0,0.67807,3.1836,0,0,0,0.011111,0.28889,0.7,0,0,1,0,0,0,0,1,0,0,0
0,0,0,0,0,100,0,0,0,0,0,0,0,0,0,0,100,0,0,0,0,0,0,0,0,0,0,100,0,0,0,0,0,0,0,0,0.24468,0.75532,0,0,1,0,0,0,0,1,0,0,0
0,0,0,0,0,100,0,0,0,0,0,0,0,0,0,0,100,0,0,0,0,0,0,0,0,0,0,100,0,0,0,0,0,0,0,0,0.11458,0.88542,0,0,1,0,0,0,0,1,0,0,0
0,0,0,0,0,100,0,0,0,0,0,0,0,0,0,0,100,0,0,0,0,0,0,0,0,0,0,100,0,0,0,0,0,0,0,0,0.22989,0.77011,0,0,1,0,0,0,0,1,0,0,0
0,0,0,0,0,100,0,0,0,0,0,0,0,0,0,0,100,0,0,0,0,0,0,0,0,0,0,100,0,0,0,0,0,0,0,0.011236,0.23596,0.75281,0,0,1,0,0,0,0,1,0,0,0
0,0,0,0,0,100,0,0,0,0,0,0,0,0,0,0,100,0,0,0,0,0,0,0,0,0,0,100,0,0,0,0,0,0,0,0,0.22917,0.77083,0,0,1,0,0,0,0,1,0,0,0
0,0,0.866,0,0,93.913,0,0,5.2208,0,0,0.866,1.7686,0,0,0,97.365,0,0,0,0,0,0,0,0.866,0,0,93.913,0,0,1.7686,3.4522,0,0,0,0.022472,0.2809,0.69663,0,0,1,0,0,0,0,1,0,0,0
0,0,0,0,0,100,0,0,0,0,0,0,0,0,0,0,100,0,0,0,0,0,0,0,0,0,0,100,0,0,0,0,0,0,0,0,0.26882,0.73118,0,0,1,0,0,0,0,1,0,0,0
0,0,2.5929,0,0,91.289,0,0,6.118,0,0,3.0646,0.59673,0,0.9096,0,93.569,0,0,0,0.9096,0.95029,0,0.9096,1.6833,0,0,91.289,0,0,1.5063,2.7111,1.9006,0,0,0,0.28049,0.71951,0,0,1,0,0,0,0,1,0,0,0
0,0,0,0,0,100,0,0,0,0,0,0,0,0,0,0,100,0,0,0,0,0,0,0,0,0,0,100,0,0,0,0,0,0,0,0,0.16854,0.83146,0,0,1,0,0,0,0,1,0,0,0
0,0,0,0,0,100,0,0,0,0,0,0,0,0,0,0,100,0,0,0,0,0,0,0,0,0,0,100,0,0,0,0,0,0,0,0.072289,0.096386,0.83133,0,0,1,0,0,0,0,1,0,0,0
0,0,0,0,0,100,0,0,0,0,0,0,0,0,0,0,100,0,0,0,0,0,0,0,0,0,0,100,0,0,0,0,0,0,0,0,0.16471,0.83529,0,0,1,0,0,0,0,1,0,0,0
0,0,0,0,0,100,0,0,0,0,0,0,0,0,0,0,100,0,0,0,0,0,0,0,0,0,0,100,0,0,0,0,0,0,0,0.098592,0.15493,0.74648,0,0,1,0,0,0,0,1,0,0,0
0,0,0,0,0,100,0,0,0,0,0,0,0,0,0,0,100,0,0,0,0,0,0,0,0,0,0,100,0,0,0,0,0,0,0,0,0.22727,0.77273,0,0,1,0,0,0,0,1,0,0,0
0,0,0,0,0,100,0,0,0,0,0,0,0,0,0,0,100,0,0,0,0,0,0,0,0,0,0,100,0,0,0,0,0,0,0,0,0.081395,0.9186,0,0,1,0,0,0,0,1,0,0,0
0,0,0,0,0,100,0,0,0,0,0,0,0,0,0,0,100,0,0,0,0,0,0,0,0,0,0,100,0,0,0,0,0,0,0,0.096154,0.15385,0.75,0,0,1,0,0,0,0,1,0,0,0
0,0,0,0,0,100,0,0,0,0,0,0,0,0,0,0,100,0,0,0,0,0,0,0,0,0,0,100,0,0,0,0,0,0,0,0.030303,0.34848,0.62121,0,0,1,0,0,0,0,1,0,0,0
0,0,0,0,0,100,0,0,0,0,0,0,0,0,0,0,100,0,0,0,0,0,0,0,0,0,0,100,0,0,0,0,0,0,0,0.020833,0.10417,0.875,0,0,1,0,0,0,0,1,0,0,0
0,0,0,0,0,100,0,0,0,0,0,0,0,0,0,0,100,0,0,0,0,0,0,0,0,0,0,100,0,0,0,0,0,0,0,0.027778,0.27778,0.69444,0,0,1,0,0,0,0,1,0,0,0
0,0,0,0,0,100,0,0,0,0,0,0,0,0,0,0,100,0,0,0,0,0,0,0,0,0,0,100,0,0,0,0,0,0,0,0.029851,0.20896,0.76119,0,0,1,0,0,0,0,1,0,0,0
0,0,0,0,0,100,0,0,0,0,0,0,0,0,0,0,100,0,0,0,0,0,0,0,0,0,0,100,0,0,0,0,0,0,0,0.064516,0.22581,0.70968,0,0,1,0,0,0,0,1,0,0,0
0,0,3.3345,0,0,87.765,0,0,8.9003,0,0,0.8178,0,0.77757,2.5167,0,88.583,0,0,3.2331,2.5167,1.5551,0,2.5167,0.8178,0,0,87.765,0,0,2.5167,4.8285,1.5551,0,0,0,0.16393,0.83607,0,0,1,0,0,0,0,1,0,0,0
0,0,0.77817,0,0,98.444,0,0,0.77817,0,0,0,0,0,0.77817,0,98.444,0,0,0,0.77817,0,0,0.77817,0,0,0,98.444,0,0,0.77817,0,0,0,0,0,0.079365,0.92063,0,0,1,0,0,0,0,1,0,0,0
0,0,0,0,0,100,0,0,0,0,0,0,0,0,0,0,100,0,0,0,0,0,0,0,0,0,0,100,0,0,0,0,0,0,0,0,0.16393,0.83607,0,0,1,0,0,0,0,1,0,0,0
0,0,32.39,16.458,19.473,18.891,4.8581,7.9293,0,0,0,3.7028,11.143,6.2516,8.0854,11.322,23.833,9.6381,4.2254,12.329,5.97,3.4992,7.943,7.15,3.4239,0.70547,0,9.3318,5.8554,10.558,12.836,29.187,13.011,0,0,0,0,1,0,0,1,0,0,0,0,0,0,1,1
0,0,21.855,26.339,22.94,19.012,2.9244,6.9298,0,0,0,3.9142,8.3494,7.8839,7.0502,11.91,26.129,8.5713,6.81,8.0201,7.5886,3.7735,5.4064,5.1483,4.4325,0.54777,0,7.7871,8.4945,8.8067,16.726,32.016,10.635,0,0,0,0.0081967,0.9918,0,0,1,0,0,0,0,0,0.016393,0.98361,1
0,0,29.718,24.079,26.159,10.976,4.9799,4.0881,0,0,0,2.8453,10.557,3.1226,6.8038,12.883,20.339,17.801,5.164,13.305,5.1361,2.0441,5.5663,4.4198,1.6024,0.60745,0,5.3486,4.7371,16.164,15.727,36.028,9.7989,0,0,0,0,1,0,0,1,0,0,0,0,0,0,1,1
0,0,29.506,24.945,18.34,19.922,3.8796,3.4081,0,0,0,2.277,12.486,9.4561,11.184,12.04,28.714,6.2741,5.424,7.3072,3.4747,1.3629,5.6639,3.0499,2.6352,0,0,7.46,10.252,8.8177,12.597,36.712,12.812,0,0,0.012195,0.012195,0.97561,0,0,1,0,0,0,0,0.012195,0.012195,0.97561,1
0,0,30.662,27.882,13.091,18.861,5.2681,4.2361,0,0,0,3.7586,13.304,4.2428,6.5723,7.2436,25.39,11.889,6.78,12.888,6.6835,1.2485,6.9124,3.4083,4.5864,0,0,6.5276,9.2722,6.4144,11.738,35.253,15.888,0,0,0.34375,0.046875,0.60938,0,0,1,0,0,0,0,0.3125,0.078125,0.60938,1
0.50705,0.50705,0,0,0,92.13,0,6.8563,0,0,0,0.50705,1.5211,0,5.1719,0,91.623,0,1.1774,0,0,0,0.50705,7.3634,0,0,0,91.623,0,0,0,0.50705,0,0,0,1,0,0,0,0,1,0,0,0,0,1,0,0,0
0.70756,0.70756,1.017,1.017,0.50851,75.659,2.1959,12.496,3.4951,2.1959,0,3.9205,2.1227,2.1959,5.7756,2.5425,74.726,0.50851,1.8077,0,5.8924,0.50851,3.6942,15.424,3.6964,0,0,73.935,0,0.50851,0.50851,1.2161,1.017,0,0,1,0,0,0,0,1,0,0,0,0,1,0,0,0
0,0,0.74739,0.74739,1.0204,69.156,4.0551,13.519,8.9432,1.8108,0,2.5582,1.9402,2.4576,2.8087,1.8685,71.936,1.0204,7.9555,0,4.9716,2.483,6.9355,18.673,3.6384,1.1221,0,67.762,0,0.37369,0.37369,0.37369,0.74739,0,0,1,0,0,0,0,1,0,0,0,0,1,0,0,0
0,0,1.8882,1.5851,2.0773,62.954,10.634,8.1531,12.318,0.39076,0,0.78153,3.3649,0.4265,0.39076,0,64.532,2.9026,6.3132,0,9.2372,12.051,8.2114,5.9838,8.5747,8.4588,2.9859,60.073,0.39076,1.5412,0.86922,2.0854,0.82537,0,0,1,0,0,0,0,1,0,0,0,0,1,0,0,0
0,0,0,0,0,90.542,0,8.2747,1.1838,0,0,0,0,2.3811,1.7563,0,89.969,0,1.7563,2.3811,0,1.7563,0,1.7563,8.2747,0,0,88.785,0,0,0,1.1838,0,0,0,1,0,0,0,0,1,0,0,0,0,1,0,0,0
0,6.0394,0,0,0,93.961,0,0,0,0,0,0,0,0,0,0,93.961,3.0197,0,3.0197,0,0,0,6.0394,0,0,0,93.961,0,0,0,0,0,0.083333,0.1,0.81667,0,0,0,0,1,0,0,0,0,1,0,0,0
0,0,3.6612,4.3708,7.3725,76.094,4.7073,1.216,2.5784,0,0,0,1.0645,0,0,0,72.078,1.0645,0.86119,0,2.2288,22.703,1.0127,4.3708,1.7224,6.7977,2.2753,71.013,0,4.016,0.70965,7.7273,0.35482,0,0,1,0,0,0,0,1,0,0,0,0,1,0,0,0
0,0,0,0,0,100,0,0,0,0,0,0,0,0,0,0,100,0,0,0,0,0,0,0,0,0,0,100,0,0,0,0,0,0,0,1,0,0,0,0,1,0,0,0,0,1,0,0,0
0,0,0,0,0,100,0,0,0,0,0,0,0,0,0,0,100,0,0,0,0,0,0,0,0,0,0,100,0,0,0,0,0,0,0,1,0,0,0,0,1,0,0,0,0,1,0,0,0
0.49364,0.43008,25.582,8.5468,12.454,28.602,7.9332,8.4108,6.2461,1.3023,0,7.5784,12.163,4.0843,1.4827,4.6782,34.001,7.3595,10.608,0.19753,11.393,6.4551,7.4102,11.934,5.1215,6.6655,0.67379,22.38,3.8703,5.1486,12.58,12.465,11.75,0,0,0,0.047619,0.95238,1,0,0,0,0,0,0,0,0.047619,0.95238,1
2.0685,2.4736,19.932,10.858,11.549,37.416,9.5464,1.1913,2.1504,2.3508,0.46486,3.5862,8.4793,3.4347,6.5351,4.0579,41.196,4.7667,15.941,3.2691,6.6342,2.0997,5.7003,10.933,3.6969,3.5341,0.67865,32.001,1.4583,4.8359,8.7361,19.566,8.8601,0,0,0.0625,0.125,0.8125,0.8125,0.1875,0,0,0,0,0,0,0.1875,0.8125,1
0,0,1.403,0,0,78.626,0,0,19.971,0,0,15.22,0.66661,0.23517,0,1.3681,78.626,0,0,0,0.70148,3.1827,0,0,0.70148,0,0,78.626,0,0,0.70148,12.745,7.226,0,0,0,0,1,0,0,1,0,0,0,0,1,0,0,0
0,0,6.2733,0,0,79.07,0,0,14.657,0,0,12.911,1.7825,0.23402,0,2.2155,79.24,0,0,0,0.77234,2.8453,0,0,0.77234,0,0,79.07,0,0,0.77234,13.756,5.6295,0,0,0,0.047619,0.95238,0,0,1,0,0,0,0,1,0,0,0
0,0,3.3749,0,0,74.183,0,0,22.442,0,0,12.872,1.6268,1.5689,0,1.8946,74.849,0,0.20303,0,1.2567,5.7295,0,0,1.2567,0,0,74.183,0,0,1.8669,14.86,7.8331,0,0,0,0,1,0,0,1,0,0,0,0,1,0,0,0
0,0,0,0,0,66.383,0,0,33.617,0,0,11.742,2.6648,0.72302,0,0,69.244,1.9418,1.9418,0,2.1376,9.6049,0,0,0,0,0,66.383,0,0,6.217,15.13,12.27,0,0,1,0,0,0,0,1,0,0,0,0,1,0,0,0
0,0,1.2197,0,0,73.911,0,0,24.87,0,0,8.498,1.7319,2.1104,0,0.55389,74.932,1.0204,2.5001,0,0.90481,7.748,0,0,0.90481,0,0,73.911,0,0,3.4049,12.675,9.1042,0,0,0.076923,0.12821,0.79487,0,0,1,0,0,0,0,1,0,0,0
0,0,0.18523,0,0,74.773,0,0,25.041,0,0,10.443,0.67764,0.19952,0,0,76.07,1.4326,2.4714,0,0.64077,8.0644,0,0,0.18523,0,0,74.773,0,0,4.0676,11.85,9.1238,0,0,0,0.175,0.825,0,0,1,0,0,0,0,1,0,0,0
0,0,0,0,0,72.382,0,0,27.618,0,0,10.969,0.84798,0,0,0.25356,75.541,0,0.25803,0,2.341,9.79,0,0,0,0,0,72.382,0,0,2.8966,14.466,10.255,0,0,0,0.22727,0.77273,0,0,1,0,0,0,0,1,0,0,0
0,0,2.1163,2.1163,0,71.315,0,0,24.453,0,0,8.1958,1.9816,2.1163,0,1.9816,71.315,2.1163,0,0,4.0979,8.1958,0,2.1163,0,0,0,71.315,0,0,4.0979,14.275,8.1958,0,0,1,0,0,0,0,1,0,0,0,0,1,0,0,0
0,0,3.2107,3.2107,0,75.949,0,0,17.629,0,0,6.4215,1.5756,3.2107,0,0,75.949,1.6352,1.5756,0,3.2107,6.4215,0,1.6352,1.5756,0,0,75.949,0,0,6.3619,8.0567,6.4215,0,0,1,0,0,0,0,1,0,0,0,0,1,0,0,0
0,0,2.0172,2.2346,0,71.255,0,0,24.493,0,0,8.9304,1.1982,2.4914,0,1.2269,71.255,1.4264,0,0,3.7183,9.7533,0,1.4264,0.59088,0,0,71.255,0,0,6.7981,10.999,8.9304,0,0,0,0.083333,0.91667,0,0,1,0,0,0,0,1,0,0,0
0,0,3.7444,1.3542,0,79.429,0,0,15.472,0,0,5.4297,2.2495,0.97161,0,1.4051,79.683,2.1001,0,0,2.6309,5.5297,0,2.1001,1.6443,0,0,79.429,0,0,3.1829,6.6146,7.0287,0,0,0.018182,0.27273,0.70909,0,0,1,0,0,0,0,1,0,0,0
0,0,2.6118,1.4554,0,72.062,0,0,23.871,0,0,7.3601,2.0341,3.1713,0,0,72.062,1.2489,1.456,0,3.1713,9.4961,0,1.2489,1.3628,0,0,72.062,0,0,7.968,9.407,7.9512,0,0,0,0.13793,0.86207,0,0,1,0,0,0,0,1,0,0,0
0,0,4.2015,3.8188,0,78.703,0,0,13.277,0,0,5.0565,3.626,1.2471,0,0,78.962,2.0887,1.6655,0,1.5062,5.8479,0,2.0887,2.1128,0,0,78.703,0,0,4.9758,6.6831,5.4365,0,0,0.19565,0.23913,0.56522,0,0,1,0,0,0,0,1,0,0,0
0,0,3.6403,1.5804,0,74.997,0,0,19.782,0,0,5.2208,3.6403,1.5804,0,0,77.057,0,1.5804,0,3.6403,7.2806,0,0,3.6403,0,0,74.997,0,0,6.8012,9.3405,5.2208,0,0,1,0,0,0,0,1,0,0,0,0,1,0,0,0
0,0,3.7729,0,0,77.362,0,0,18.865,0,0,5.7049,3.7729,0,0,1.9319,79.203,0,0,0,3.7729,5.6139,0,1.9319,1.841,0,0,77.362,0,0,5.7049,9.3869,3.7729,0,0,1,0,0,0,0,1,0,0,0,0,1,0,0,0
0,0,5.7928,0,0,77.274,0,0,16.933,0,0,7.5754,1.7826,0,0,3.7877,77.274,0,0,0,3.7877,5.7928,0,3.7877,2.0051,0,0,77.274,0,0,7.5754,3.5652,5.7928,0,0,1,0,0,0,0,1,0,0,0,0,1,0,0,0
0,0,4.073,0,0,73.614,0,0,22.313,0,0,6.9064,2.8334,0,2.8334,2.0365,73.614,0,0,2.8334,2.0365,6.9064,0,2.0365,2.0365,0,0,73.614,0,0,4.073,11.334,6.9064,0,0,1,0,0,0,0,1,0,0,0,0,1,0,0,0
0,0,7.8247,0,0,67.112,0,0,25.063,0,0,11.772,1.0776,0,0.39254,5.0908,67.112,0,0,0,5.4834,9.0718,0,5.0908,2.7339,0,0,67.112,0,0,8.995,7.5461,8.5222,0,0,0.022222,0.33333,0.64444,0,0,1,0,0,0,0,1,0,0,0
0,0,0,0,0,100,0,0,0,0,0,0,0,0,0,0,100,0,0,0,0,0,0,0,0,0,0,100,0,0,0,0,0,0,0,0.11364,0.25,0.63636,0,0,1,0,0,0,0,1,0,0,0
0,0,0,0,0,100,0,0,0,0,0,0,0,0,0,0,100,0,0,0,0,0,0,0,0,0,0,100,0,0,0,0,0,0,0,0.25926,0.48148,0.25926,0,0,1,0,0,0,0,1,0,0,0
0,0,0,0,0,100,0,0,0,0,0,0,0,0,0,0,100,0,0,0,0,0,0,0,0,0,0,100,0,0,0,0,0,0,0,0.10417,0.3125,0.58333,0,0,1,0,0,0,0,1,0,0,0
0,0,0,0,0,100,0,0,0,0,0,0,0,0,0,0,100,0,0,0,0,0,0,0,0,0,0,100,0,0,0,0,0,0,0,0,0.375,0.625,0,0,1,0,0,0,0,1,0,0,0
0,0,0,0,0,100,0,0,0,0,0,0,0,0,0,0,100,0,0,0,0,0,0,0,0,0,0,100,0,0,0,0,0,0,0,0.076923,0.53846,0.38462,0,0,1,0,0,0,0,1,0,0,0
0,0,0,0,0,100,0,0,0,0,0,0,0,0,0,0,100,0,0,0,0,0,0,0,0,0,0,100,0,0,0,0,0,0,0,0,0.10909,0.89091,0,0,1,0,0,0,0,1,0,0,0
0,0,2.5442,0,0,74.303,0,0,23.152,0,0,7.6835,2.5442,2.5951,0,0,76.848,2.5951,0,0,0,7.7344,0,0,2.5442,0,0,74.303,0,0,0,18.013,5.1393,0,0,1,0,0,0,0,1,0,0,0,0,1,0,0,0
0,0,2.9631,0,0,75.216,0,0,21.821,0,0,5.8239,4.2335,0.65604,1.9723,0,75.609,2.3316,0,0.6848,1.2875,7.4017,0,0,2.9631,0,0,75.216,0,0,2.2491,14.124,5.4479,0,0,0.0625,0.1875,0.75,0,0,1,0,0,0,0,1,0,0,0
0,0,3.7999,0,0,78.983,0,0,17.217,0,0,7.5998,1.782,0,0,0,82.783,0,0,0,2.0179,5.8178,0,2.0179,1.782,0,0,78.983,0,0,6.0536,5.346,5.8178,0,0,1,0,0,0,0,1,0,0,0,0,1,0,0,0
0,0,2.0608,0,0,73.539,0,0,24.4,0,0,9.7601,0,0,0,2.8192,75.6,0,0,0,4.88,6.9408,0,2.0608,0,0,0,73.539,0,0,6.1824,11.277,6.9408,0,0,1,0,0,0,0,1,0,0,0,0,1,0,0,0
0,0,3.8782,0,0,72.097,0,0,24.024,0,0,11.736,1.0352,0,0,0,77.193,0,0,0,1.1774,8.8583,0,2.843,1.0352,0,0,72.097,0,0,5.8105,9.7913,8.4226,0,0,0,0.21277,0.78723,0,0,1,0,0,0,0,1,0,0,0
0,0,5.5798,0,0,66.521,0,0,27.899,0,0,8.2071,0,2.9526,0,5.5798,66.521,2.9526,0,0,2.6273,11.16,0,0,0,0,0,66.521,0,0,2.6273,16.739,14.112,0,0,1,0,0,0,0,1,0,0,0,0,1,0,0,0
0,0,1.4791,0,0,72.988,0,0,25.533,0,0,7.96,0,2.2131,0,4.3144,72.988,1.375,0,0,2.8161,8.3333,0,0,0,0,0,72.988,0,0,3.3258,13.854,9.832,0,0,0,0.064516,0.93548,0,0,1,0,0,0,0,1,0,0,0
0,0,4.1143,0,0,80.782,0,0,15.103,0,0,5.4763,0,0.47433,0,3.2081,81.057,2.09,0,0,1.7438,5.9506,0,0,0,0,0,80.782,0,0,1.4334,9.215,8.5692,0,0,0.018182,0.23636,0.74545,0,0,1,0,0,0,0,1,0,0,0
0,0,1.82,0,0,73.939,0,0,24.24,0,0,7.7646,3.2841,0.99739,0,2.6616,75.153,1.3776,0,0,0.4105,8.3514,0,0,0,0,0,73.939,0,0,2.0747,13.229,10.757,0,0,0.16667,0.13333,0.7,0,0,1,0,0,0,0,1,0,0,0
0,0,0,0,0,73.415,0,0,26.585,0,0,8.7141,5.8306,0,0,0.25729,76.242,0.24151,0,0,0,8.7141,0,0,0,0,0,73.415,0,0,0.25729,14.987,11.34,0,0,0.097561,0.34146,0.56098,0,0,1,0,0,0,0,1,0,0,0
0,0,0,0,0,100,0,0,0,0,0,0,0,0,0,0,100,0,0,0,0,0,0,0,0,0,0,100,0,0,0,0,0,0,0,0,0.24,0.76,0,0,1,0,0,0,0,1,0,0,0
0,0,0,0,0,100,0,0,0,0,0,0,0,0,0,0,100,0,0,0,0,0,0,0,0,0,0,100,0,0,0,0,0,0,0,0,0.22222,0.77778,0,0,1,0,0,0,0,1,0,0,0
0,0,0,0,0,100,0,0,0,0,0,0,0,0,0,0,100,0,0,0,0,0,0,0,0,0,0,100,0,0,0,0,0,0,0,0,0.24074,0.75926,0,0,1,0,0,0,0,1,0,0,0
0,0,0,0,0,100,0,0,0,0,0,0,0,0,0,0,100,0,0,0,0,0,0,0,0,0,0,100,0,0,0,0,0,0,0,0.16667,0.21429,0.61905,0,0,1,0,0,0,0,1,0,0,0
0,0,0,0,0,100,0,0,0,0,0,0,0,0,0,0,100,0,0,0,0,0,0,0,0,0,0,100,0,0,0,0,0,0,0,0.37931,0.31034,0.31034,0,0,1,0,0,0,0,1,0,0,0
0,0,0,0,0,71.303,0,0,28.697,0,0,9.364,4.3083,0,0,0,74.536,0,0,0,3.1989,8.5926,0,0,0,0,0,71.303,0,0,0.88245,15.711,12.103,0,0,0,0.45,0.55,0,0,1,0,0,0,0,1,0,0,0
0,0,1.7529,0,0,71.779,0,0,26.468,0,0,10.373,1.5202,0.42099,0.39656,0,75.403,0,0,0,4.2714,7.6149,0,0.39656,1.3563,0,0,71.779,0,0,2.6023,12.543,11.322,0,0,0,0.35714,0.64286,0,0,1,0,0,0,0,1,0,0,0
0,0,5.9329,0,0,66.607,0,0,27.46,0,0,10.463,1.6509,3.6983,2.9665,0,68.258,0,0,2.9665,1.6509,8.3461,0,2.9665,2.9665,0,0,66.607,0,0,3.3018,15.198,8.9603,0,0,1,0,0,0,0,1,0,0,0,0,1,0,0,0
0,0,0,0,0,100,0,0,0,0,0,0,0,0,0,0,100,0,0,0,0,0,0,0,0,0,0,100,0,0,0,0,0,0,0,0.044444,0.37778,0.57778,0,0,1,0,0,0,0,1,0,0,0
