h1,h2,h3,h4,h5,h6,h7,h8,h9,h10,h11,h12,h13,h14,h15,h16,h17,h18,h19,h20,h21,h22,h23,h24,h25,h26,h27,h28,h29,h30,h31,h32,h33,h34,h35,h36,h37,h38,h39,h40,h41,h42,h43,h44,h45,h46,h47,h48,label
1.3546,1.3546,1.3546,2.7046,4.0592,55.808,6.3898,26.974,0,0,0,11.222,3.6852,0,0.98069,2.3353,60.848,3.6852,2.7046,1.3546,3.6852,9.4986,4.0592,1.3546,10.823,8.3512,0.98069,54.827,0,1.9614,0,0.98069,16.662,0,0.0095238,0.99048,0,0,0,0,0.94286,0.028571,0.028571,0,0,0.95238,0.047619,0,0
0,0,0,0,0,100,0,0,0,0,0,0,0,0,0,0,100,0,0,0,0,0,0,0,0,0,0,100,0,0,0,0,0,0,0,1,0,0,0,0,1,0,0,0,0,1,0,0,0
0,0,0,0,0,96.542,0,0,3.4582,0,0,1.7291,0,0,0,0,96.542,0,0,0,0,1.7291,0,0,0,0,0,96.542,0,0,0,0,3.4582,0,0,1,0,0,0,0,1,0,0,0,0,1,0,0,0
0,0,0,0,0,100,0,0,0,0,0,0,0,0,0,0,100,0,0,0,0,0,0,0,0,0,0,100,0,0,0,0,0,0,0.016393,0.98361,0,0,0,0,0.98361,0.016393,0,0,0,1,0,0,0
4.081,7.3047,1.7296,0.76465,0.76465,14.01,10.368,29.195,9.4947,22.289,0,4.2392,18.769,9.3526,1.8451,19.274,19.431,8.7387,3.9883,4.081,6.6907,3.5901,3.9883,6.9863,8.4229,16.41,11.198,6.9003,0,21.89,3.2237,16.511,4.4702,0,0,1,0,0,0,0,0,0.052632,0.94737,0,0,0,1,0,1
2.578,6.8442,2.5752,1.246,1.4801,27.097,8.1292,40.572,1.6426,7.8353,0,6.3669,7.1837,8.3829,4.711,12.083,28.475,7.5817,3.0202,3.8241,5.8089,12.562,5.7463,3.6745,7.0769,16.308,10.602,20.063,0,11.864,4.2662,5.2586,15.14,0,0,1,0,0,0,0,0,0,1,0,0,0,1,0,1
3.465,8.8601,4.5937,3.4319,4.0972,22.46,11.781,26.357,4.0161,10.938,0,9.4665,8.8614,10.027,2.911,12.449,24.699,8.5464,5.719,4.6793,6.0347,6.6065,8.8129,6.634,15.724,14.581,9.8302,17.148,0,8.4462,4.7156,5.177,8.9313,0,0,1,0,0,0,0,0.015873,0,0.98413,0,0,0.015873,0.98413,0,1
9.7583,16.027,2.3105,5.1022,0,12.879,10.087,28.055,3.4657,12.315,0,2.8859,6.8444,13.47,6.8329,13.823,12.288,8.9318,1.1668,14.86,16.591,2.3062,6.269,15.793,7.2011,26.099,10.099,5.1022,0,8.3521,6.269,7.9882,6.8287,0,0,1,0,0,0,0,0,0,1,0,0,0,1,0,1
1.8794,0,0,0,0,96.241,0,0,1.8794,0,0,1.8794,0,1.8794,0,0,96.241,0,0,0,0,0,0,1.8794,0,1.8794,0,96.241,0,0,0,0,0,0,0.044444,0.95556,0,0,0,0,0.066667,0.13333,0.8,0,0,0.088889,0.91111,0,1
8.4683,12.002,2.659,1.6319,1.1438,25.984,6.649,27.128,3.2207,11.112,0,5.7859,8.0657,7.5495,4.2634,13.166,31.269,6.1924,1.5275,8.9597,9.8455,3.3763,3.3899,15.961,7.3637,17.838,6.8065,20.248,0,13.484,2.2461,6.5382,6.1244,0,0,1,0,0,0,0,0,0,1,0,0,0,1,0,1
2.0465,3.9183,4.3611,0,0,71.894,4.7572,5.163,6.8366,1.0233,0,7.4638,0,2.2679,3.1165,3.2912,73.766,3.5126,0,2.0465,3.2912,1.2447,0,8.0581,2.2679,6.8037,3.5126,69.626,0,7.2424,0,2.4893,0,0,0.090909,0.90909,0,0,0,0,0.66234,0.1039,0.23377,0,0,0.68831,0.31169,0,0
0,0,0,0,0,100,0,0,0,0,0,0,0,0,0,0,100,0,0,0,0,0,0,0,0,0,0,100,0,0,0,0,0,0,0,1,0,0,0,0,1,0,0,0,0,1,0,0,0
0,0,0,0,0,100,0,0,0,0,0,0,0,0,0,0,100,0,0,0,0,0,0,0,0,0,0,100,0,0,0,0,0,0,0,1,0,0,0,0,1,0,0,0,0,1,0,0,0
0,0,0,0,0,100,0,0,0,0,0,0,0,0,0,0,100,0,0,0,0,0,0,0,0,0,0,100,0,0,0,0,0,0,0,1,0,0,0,0,1,0,0,0,0,1,0,0,0
0,0,0,0,0,100,0,0,0,0,0,0,0,0,0,0,100,0,0,0,0,0,0,0,0,0,0,100,0,0,0,0,0,0,0,1,0,0,0,0,1,0,0,0,0,1,0,0,0
0,0,0,0,0,100,0,0,0,0,0,0,0,0,0,0,100,0,0,0,0,0,0,0,0,0,0,100,0,0,0,0,0,0,0,1,0,0,0,0,1,0,0,0,0,1,0,0,0
0,0,0,0,0,100,0,0,0,0,0,0,0,0,0,0,100,0,0,0,0,0,0,0,0,0,0,100,0,0,0,0,0,0,0,1,0,0,0,0,1,0,0,0,0,1,0,0,0
0,0,0,0,0,100,0,0,0,0,0,0,0,0,0,0,100,0,0,0,0,0,0,0,0,0,0,100,0,0,0,0,0,0,0,1,0,0,0,0,1,0,0,0,0,1,0,0,0
0,0,0,0,0,100,0,0,0,0,0,0,0,0,0,0,100,0,0,0,0,0,0,0,0,0,0,100,0,0,0,0,0,0,0,1,0,0,0,0,1,0,0,0,0,1,0,0,0
0,0,0,0,0,100,0,0,0,0,0,0,0,0,0,0,100,0,0,0,0,0,0,0,0,0,0,100,0,0,0,0,0,0,0,1,0,0,0,0,0.9863,0.013699,0,0,0,1,0,0,0
0,0,0,0,0,100,0,0,0,0,0,0,0,0,0,0,100,0,0,0,0,0,0,0,0,0,0,100,0,0,0,0,0,0,0,1,0,0,0,0,1,0,0,0,0,1,0,0,0
2.2582,0,0,0,0,94.32,0,0,3.4218,0,0,3.4218,0,2.2582,0,0,94.32,0,0,0,0,0,0,2.2582,0,2.2582,0,94.32,0,1.1636,0,0,0,0,0,1,0,0,0,0,1,0,0,0,0,1,0,0,0
0,0,0,0,0,100,0,0,0,0,0,0,0,0,0,0,100,0,0,0,0,0,0,0,0,0,0,100,0,0,0,0,0,0,0,1,0,0,0,0,1,0,0,0,0,1,0,0,0
0,0,0,0,0,100,0,0,0,0,0,0,0,0,0,0,100,0,0,0,0,0,0,0,0,0,0,100,0,0,0,0,0,0,0,1,0,0,0,0,1,0,0,0,0,1,0,0,0
0,0,0,0,0,100,0,0,0,0,0,0,0,0,0,0,100,0,0,0,0,0,0,0,0,0,0,100,0,0,0,0,0,0,0,1,0,0,0,0,1,0,0,0,0,1,0,0,0
0,0,0,0,0,100,0,0,0,0,0,0,0,0,0,0,100,0,0,0,0,0,0,0,0,0,0,100,0,0,0,0,0,0,0,1,0,0,0,0,1,0,0,0,0,1,0,0,0
0,0,0,0,0,100,0,0,0,0,0,0,0,0,0,0,100,0,0,0,0,0,0,0,0,0,0,100,0,0,0,0,0,0,0,1,0,0,0,0,1,0,0,0,0,1,0,0,0
3.0945,6.5054,2.4068,5.3719,2.7004,13.04,10.592,44.191,4.1706,7.9276,0,9.3197,11.702,5.4221,7.2355,8.5887,20.401,7.7968,1.961,6.5054,11.552,9.516,6.1113,5.1058,9.3731,22.339,5.8358,8.0381,0,11.332,3.4109,11.408,17.045,0,0,1,0,0,0,0,0,0,1,0,0,0,1,0,1
0.75439,4.1541,6.2589,2.4187,0.67623,19.117,10.438,23.312,15.104,17.767,0,8.0163,17.629,7.4178,5.9959,12.619,26.638,7.439,1.475,2.4094,5.7262,4.6349,3.8844,4.6357,5.4839,14.237,8.2286,14.677,0,19.13,3.2082,21.466,5.0482,0,0,1,0,0,0,0,0,0,1,0,0,0,1,0,1
0,0,0,0,0,96.516,0,3.4841,0,0,0,0,0,0,0,0,96.516,0,0,0,0,3.4841,0,0,0,0,0,96.516,0,1.7421,0,0,1.7421,0,0,1,0,0,0,0,1,0,0,0,0,1,0,0,0
0,0,0,0,0,92.062,0,7.9384,0,0,0,1.9079,0,0,0,0,92.062,0,0,0,0,6.0305,0,0,0,0,0,92.062,0,2.0613,0,0,5.877,0,0,1,0,0,0,0,1,0,0,0,0,1,0,0,0
0,0,0,0,0,100,0,0,0,0,0,0,0,0,0,0,100,0,0,0,0,0,0,0,0,0,0,100,0,0,0,0,0,0,0,1,0,0,0,0,1,0,0,0,0,1,0,0,0
0,0,0,0,0,98.568,0,1.4319,0,0,0,0.71595,0,0,0,0,98.568,0,0,0,0,0.71595,0,0,0,0,0,98.568,0,0,0,0,1.4319,0,0,1,0,0,0,0,1,0,0,0,0,1,0,0,0
0,0,0,0,0,100,0,0,0,0,0,0,0,0,0,0,100,0,0,0,0,0,0,0,0,0,0,100,0,0,0,0,0,0,0,1,0,0,0,0,1,0,0,0,0,1,0,0,0
0,0,0,0,0,100,0,0,0,0,0,0,0,0,0,0,100,0,0,0,0,0,0,0,0,0,0,100,0,0,0,0,0,0,0,1,0,0,0,0,1,0,0,0,0,1,0,0,0
0,0,0,0,0,100,0,0,0,0,0,0,0,0,0,0,100,0,0,0,0,0,0,0,0,0,0,100,0,0,0,0,0,0,0,1,0,0,0,0,1,0,0,0,0,1,0,0,0
0,0,0,0,0,100,0,0,0,0,0,0,0,0,0,0,100,0,0,0,0,0,0,0,0,0,0,100,0,0,0,0,0,0,0,1,0,0,0,0,1,0,0,0,0,1,0,0,0
0,0,0,0,0,100,0,0,0,0,0,0,0,0,0,0,100,0,0,0,0,0,0,0,0,0,0,100,0,0,0,0,0,0,0,1,0,0,0,0,1,0,0,0,0,1,0,0,0
0,0,0,0,0,100,0,0,0,0,0,0,0,0,0,0,100,0,0,0,0,0,0,0,0,0,0,100,0,0,0,0,0,0,0,1,0,0,0,0,1,0,0,0,0,1,0,0,0
0,0,0,0,0,100,0,0,0,0,0,0,0,0,0,0,100,0,0,0,0,0,0,0,0,0,0,100,0,0,0,0,0,0,0,1,0,0,0,0,1,0,0,0,0,1,0,0,0
0,0,0,0,0,100,0,0,0,0,0,0,0,0,0,0,100,0,0,0,0,0,0,0,0,0,0,100,0,0,0,0,0,0,0,1,0,0,0,0,1,0,0,0,0,1,0,0,0
0,0,0,0,0,100,0,0,0,0,0,0,0,0,0,0,100,0,0,0,0,0,0,0,0,0,0,100,0,0,0,0,0,0,0,1,0,0,0,0,1,0,0,0,0,1,0,0,0
0,0.74939,0,0,0,98.501,0,0,0.74939,0,0,0.74939,0,0.74939,0,0,98.501,0,0,0,0,0,0,0,1.4988,0,0,98.501,0,0,0,0,0,0,0,1,0,0,0,0,1,0,0,0,0,1,0,0,0
0,0,0,0,0,97.838,0,0,1.0811,1.0811,0,1.0811,0,0,0,0,97.838,0,1.0811,0,0,0,1.0811,0,1.0811,0,0,97.838,0,0,0,0,0,0,0,1,0,0,0,0,1,0,0,0,0,1,0,0,0
0,2.083,0,0,0,93.025,0,0,3.4876,1.4045,0,3.4876,0,2.083,0,0,93.025,0,1.4045,0,0,0,1.4045,0,5.5706,0,0,93.025,0,0,0,0,0,0,0,1,0,0,0,0,1,0,0,0,0,1,0,0,0
1.7959,1.7959,1.7959,1.1781,2.9741,67.985,3.1319,19.343,0,0,0,4.9278,1.9538,0,0.77562,2.5715,71.734,1.9538,1.1781,1.7959,1.9538,11.155,2.9741,1.7959,7.1262,4.6831,0.77562,67.209,0,4.8663,0,0.77562,9.7941,0,0,1,0,0,0,0,1,0,0,0,0,1,0,0,0
1.2148,3.9912,3.3552,1.683,1.683,30.517,10.891,40.658,2.8105,3.1972,0,11.048,5.7896,4.134,5.2301,7.5531,35.198,8.2707,2.9779,1.2148,6.6464,11.937,2.9779,5.7222,7.8882,17.729,7.8825,24.866,0,11.033,1.2949,4.6853,15.921,0,0.005618,0.99438,0,0,0,0,0.96629,0.016854,0.016854,0,0,0.97191,0.02809,0,0
0,0,0,0,0,96.388,0,3.6124,0,0,0,1.8062,0,0,0,0,96.388,0,0,0,0,1.8062,0,0,0,0,0,96.388,0,0,0,0,3.6124,0,0,1,0,0,0,0,1,0,0,0,0,1,0,0,0
1.0499,1.0499,1.0499,0,1.0499,91.931,0,3.8695,0,0,0,2.4597,0,0,0,1.0499,92.981,0,0,1.0499,0,2.4597,1.0499,1.0499,2.0998,0,0,91.931,0,0,0,0,3.8695,0,0,1,0,0,0,0,1,0,0,0,0,1,0,0,0
5.5992,4.0641,7.5083,0,1.6219,40.994,11.163,15.909,11.92,1.2211,0,11.711,1.1127,5.6994,4.0559,8.12,43.728,8.2202,0,4.0641,6.4981,6.7905,1.6219,9.7635,7.4082,17.366,8.2202,35.717,0,7.9445,0,6.9991,4.96,0,0.0064103,0.99359,0,0,0,0,1,0,0,0,0,1,0,0,0
3.1891,1.9488,3.4957,0,0,80.814,2.3204,2.7222,5.5095,0,0,6.6848,0,3.9626,2.7222,0.77346,82.763,1.5469,0,0,0.77346,0.77346,0,7.8601,0.77346,5.5095,1.5469,80.041,0,2.7222,0,1.5469,0,0,0,1,0,0,0,0,1,0,0,0,0,1,0,0,0
0,2.0095,2.0095,0,0,92.805,0,2.0095,1.1662,0,0,3.1757,0,0,2.0095,0,94.815,0,0,0,0,0,0,4.0189,0,0,0,92.805,0,3.1757,0,0,0,0,0,1,0,0,0,0,1,0,0,0,0,1,0,0,0
0,0,0,0,0,97.789,0,0,2.2109,0,0,2.2109,0,0,0,0,97.789,0,0,0,0,0,0,0,0,0,0,97.789,0,2.2109,0,0,0,0,0,1,0,0,0,0,1,0,0,0,0,1,0,0,0
0,0,0,0,0,100,0,0,0,0,0,0,0,0,0,0,100,0,0,0,0,0,0,0,0,0,0,100,0,0,0,0,0,0,0,1,0,0,0,0,1,0,0,0,0,1,0,0,0
0,0,0,0,0,100,0,0,0,0,0,0,0,0,0,0,100,0,0,0,0,0,0,0,0,0,0,100,0,0,0,0,0,0,0,1,0,0,0,0,1,0,0,0,0,1,0,0,0
0,0,0,0,0,100,0,0,0,0,0,0,0,0,0,0,100,0,0,0,0,0,0,0,0,0,0,100,0,0,0,0,0,0,0,1,0,0,0,0,1,0,0,0,0,1,0,0,0
0,0,0,0,0,100,0,0,0,0,0,0,0,0,0,0,100,0,0,0,0,0,0,0,0,0,0,100,0,0,0,0,0,0,0,1,0,0,0,0,1,0,0,0,0,1,0,0,0
0,0,0,0,0,100,0,0,0,0,0,0,0,0,0,0,100,0,0,0,0,0,0,0,0,0,0,100,0,0,0,0,0,0,0,1,0,0,0,0,1,0,0,0,0,1,0,0,0
0,0,0,0,0,100,0,0,0,0,0,0,0,0,0,0,100,0,0,0,0,0,0,0,0,0,0,100,0,0,0,0,0,0,0,1,0,0,0,0,1,0,0,0,0,1,0,0,0
0,0,0,0,0,100,0,0,0,0,0,0,0,0,0,0,100,0,0,0,0,0,0,0,0,0,0,100,0,0,0,0,0,0,0,1,0,0,0,0,1,0,0,0,0,1,0,0,0
0,0,0,0,0,100,0,0,0,0,0,0,0,0,0,0,100,0,0,0,0,0,0,0,0,0,0,100,0,0,0,0,0,0,0,1,0,0,0,0,1,0,0,0,0,1,0,0,0
1.1849,0,0,0,0,95.694,0,0,3.1209,0,0,3.1209,0,1.1849,0,0,95.694,0,0,0,0,0,0,1.1849,0,1.1849,0,95.694,0,1.9361,0,0,0,0,0,1,0,0,0,0,1,0,0,0,0,1,0,0,0
0,0,0,0,0,100,0,0,0,0,0,0,0,0,0,0,100,0,0,0,0,0,0,0,0,0,0,100,0,0,0,0,0,0,0,1,0,0,0,0,1,0,0,0,0,1,0,0,0
0,0,0,0,0,98.974,0,0,1.0258,0,0,1.0258,0,0,0,0,98.974,0,0,0,0,0,0,0,0,0,0,98.974,0,1.0258,0,0,0,0,0,1,0,0,0,0,1,0,0,0,0,1,0,0,0
0,0,0,0,0,100,0,0,0,0,0,0,0,0,0,0,100,0,0,0,0,0,0,0,0,0,0,100,0,0,0,0,0,0,0,1,0,0,0,0,1,0,0,0,0,1,0,0,0
0,0,0,0,0,100,0,0,0,0,0,0,0,0,0,0,100,0,0,0,0,0,0,0,0,0,0,100,0,0,0,0,0,0,0,1,0,0,0,0,1,0,0,0,0,1,0,0,0
0,0,0,0,0,100,0,0,0,0,0,0,0,0,0,0,100,0,0,0,0,0,0,0,0,0,0,100,0,0,0,0,0,0,0,1,0,0,0,0,1,0,0,0,0,1,0,0,0
0,0,0,0,0,100,0,0,0,0,0,0,0,0,0,0,100,0,0,0,0,0,0,0,0,0,0,100,0,0,0,0,0,0,0,1,0,0,0,0,1,0,0,0,0,1,0,0,0
0,0,0,0,0,100,0,0,0,0,0,0,0,0,0,0,100,0,0,0,0,0,0,0,0,0,0,100,0,0,0,0,0,0,0,1,0,0,0,0,1,0,0,0,0,1,0,0,0
0,0,0,0,0,100,0,0,0,0,0,0,0,0,0,0,100,0,0,0,0,0,0,0,0,0,0,100,0,0,0,0,0,0,0,1,0,0,0,0,1,0,0,0,0,1,0,0,0
0,0,0,0,0,100,0,0,0,0,0,0,0,0,0,0,100,0,0,0,0,0,0,0,0,0,0,100,0,0,0,0,0,0,0,1,0,0,0,0,1,0,0,0,0,1,0,0,0
0,0,0,0,0,100,0,0,0,0,0,0,0,0,0,0,100,0,0,0,0,0,0,0,0,0,0,100,0,0,0,0,0,0,0,1,0,0,0,0,1,0,0,0,0,1,0,0,0
0,0,0,0,0,100,0,0,0,0,0,0,0,0,0,0,100,0,0,0,0,0,0,0,0,0,0,100,0,0,0,0,0,0,0,1,0,0,0,0,1,0,0,0,0,1,0,0,0
0,0,0,0,0,100,0,0,0,0,0,0,0,0,0,0,100,0,0,0,0,0,0,0,0,0,0,100,0,0,0,0,0,0,0,1,0,0,0,0,1,0,0,0,0,1,0,0,0
0,0,0,0,0,100,0,0,0,0,0,0,0,0,0,0,100,0,0,0,0,0,0,0,0,0,0,100,0,0,0,0,0,0,0,1,0,0,0,0,1,0,0,0,0,1,0,0,0
0,0,0,0,0,100,0,0,0,0,0,0,0,0,0,0,100,0,0,0,0,0,0,0,0,0,0,100,0,0,0,0,0,0,0,1,0,0,0,0,1,0,0,0,0,1,0,0,0
0,0,0,0,0,100,0,0,0,0,0,0,0,0,0,0,100,0,0,0,0,0,0,0,0,0,0,100,0,0,0,0,0,0,0,1,0,0,0,0,1,0,0,0,0,1,0,0,0
0,0,0,0,0,100,0,0,0,0,0,0,0,0,0,0,100,0,0,0,0,0,0,0,0,0,0,100,0,0,0,0,0,0,0,1,0,0,0,0,1,0,0,0,0,1,0,0,0
0,0,0,0,0,100,0,0,0,0,0,0,0,0,0,0,100,0,0,0,0,0,0,0,0,0,0,100,0,0,0,0,0,0,0,1,0,0,0,0,1,0,0,0,0,1,0,0,0
0,0,0,0,0,100,0,0,0,0,0,0,0,0,0,0,100,0,0,0,0,0,0,0,0,0,0,100,0,0,0,0,0,0,0,1,0,0,0,0,1,0,0,0,0,1,0,0,0
0,0,0,0,0,100,0,0,0,0,0,0,0,0,0,0,100,0,0,0,0,0,0,0,0,0,0,100,0,0,0,0,0,0,0,1,0,0,0,0,1,0,0,0,0,1,0,0,0
0,0,0,0,0,100,0,0,0,0,0,0,0,0,0,0,100,0,0,0,0,0,0,0,0,0,0,100,0,0,0,0,0,0,0,1,0,0,0,0,1,0,0,0,0,1,0,0,0
0,0,0,0,0,100,0,0,0,0,0,0,0,0,0,0,100,0,0,0,0,0,0,0,0,0,0,100,0,0,0,0,0,0,0,1,0,0,0,0,1,0,0,0,0,1,0,0,0
0,0,0,0,0,100,0,0,0,0,0,0,0,0,0,0,100,0,0,0,0,0,0,0,0,0,0,100,0,0,0,0,0,0,0,1,0,0,0,0,1,0,0,0,0,1,0,0,0
0,0,0,0,0,100,0,0,0,0,0,0,0,0,0,0,100,0,0,0,0,0,0,0,0,0,0,100,0,0,0,0,0,0,0,1,0,0,0,0,1,0,0,0,0,1,0,0,0
0,1.6637,0,0,0,96.673,0,0,1.6637,0,0,1.6637,0,1.6637,0,0,96.673,0,0,0,0,0,0,0,3.3274,0,0,96.673,0,0,0,0,0,0,0,1,0,0,0,0,1,0,0,0,0,1,0,0,0
0,0.99618,1.4459,1.4459,0,95.116,0,0,0.99618,0,0,2.4421,0,0.99618,0,0,95.116,1.4459,0,0,0,0,0,1.4459,3.4383,0,0,95.116,0,0,0,0,0,0,0,1,0,0,0,0,1,0,0,0,0,1,0,0,0
0,2.1587,6.5402,6.3679,2.0439,70.931,0,3.1232,3.8491,3.9065,1.0794,7.1512,0,2.1013,0,3.1232,70.931,7.6196,5.9504,0,0,3.1232,3.9065,7.6196,10.332,1.0219,0,70.931,0,2.0439,3.1232,1.0219,0,0,0,1,0,0,0,0,1,0,0,0,0,1,0,0,0
1.7952,8.7517,8.803,5.3114,3.5409,47.669,0,8.2704,6.4239,4.7048,4.7295,6.4239,0,7.5878,0,8.2704,47.669,11.737,8.2457,0,0,10.066,4.7048,13.533,18.741,1.7705,0,47.669,0,3.5409,6.4752,1.7705,1.7952,0,0.054217,0.94578,0,0,0,0,0.96988,0.024096,0.0060241,0.012048,0.03012,0.95783,0,0,0
0,0,0,0,0,100,0,0,0,0,0,0,0,0,0,0,100,0,0,0,0,0,0,0,0,0,0,100,0,0,0,0,0,0,0,1,0,0,0,0,1,0,0,0,0,1,0,0,0
0,0,0,0,0,100,0,0,0,0,0,0,0,0,0,0,100,0,0,0,0,0,0,0,0,0,0,100,0,0,0,0,0,0,0,1,0,0,0,0,1,0,0,0,0,1,0,0,0
3.2424,0,2.6692,2.6692,0,84.934,0,3.2424,0,0,3.2424,2.6692,0,0,0,3.2424,84.934,2.6692,0,0,0,6.4848,0,5.9116,5.9116,0,0,84.934,0,0,0,0,3.2424,0,0,1,0,0,0,0,1,0,0,0,0,1,0,0,0
1.2638,0,0,0,0,92.299,0,3.2185,1.9547,0,1.2638,0,0,0,0,1.2638,92.299,0,1.9547,0,0,4.4824,0,1.2638,1.2638,0,0,92.299,0,1.9547,1.9547,0,1.2638,0,0,1,0,0,0,0,1,0,0,0,0,1,0,0,0
0,0,0,0,0,100,0,0,0,0,0,0,0,0,0,0,100,0,0,0,0,0,0,0,0,0,0,100,0,0,0,0,0,0,0,1,0,0,0,0,1,0,0,0,0,1,0,0,0
0,0,0,0,0,100,0,0,0,0,0,0,0,0,0,0,100,0,0,0,0,0,0,0,0,0,0,100,0,0,0,0,0,0,0,1,0,0,0,0,1,0,0,0,0,1,0,0,0
0,0,0,0,0,100,0,0,0,0,0,0,0,0,0,0,100,0,0,0,0,0,0,0,0,0,0,100,0,0,0,0,0,0,0,1,0,0,0,0,1,0,0,0,0,1,0,0,0
0,0,0,0,0,100,0,0,0,0,0,0,0,0,0,0,100,0,0,0,0,0,0,0,0,0,0,100,0,0,0,0,0,0,0,1,0,0,0,0,1,0,0,0,0,1,0,0,0
0,0,0,0,0,100,0,0,0,0,0,0,0,0,0,0,100,0,0,0,0,0,0,0,0,0,0,100,0,0,0,0,0,0,0,1,0,0,0,0,1,0,0,0,0,1,0,0,0
0,0,0,0,0,100,0,0,0,0,0,0,0,0,0,0,100,0,0,0,0,0,0,0,0,0,0,100,0,0,0,0,0,0,0,1,0,0,0,0,1,0,0,0,0,1,0,0,0
0,0,0,0,0,100,0,0,0,0,0,0,0,0,0,0,100,0,0,0,0,0,0,0,0,0,0,100,0,0,0,0,0,0,0,1,0,0,0,0,1,0,0,0,0,1,0,0,0
0,0,0,0,0,100,0,0,0,0,0,0,0,0,0,0,100,0,0,0,0,0,0,0,0,0,0,100,0,0,0,0,0,0,0,1,0,0,0,0,1,0,0,0,0,1,0,0,0
0,0,0,0,0,100,0,0,0,0,0,0,0,0,0,0,100,0,0,0,0,0,0,0,0,0,0,100,0,0,0,0,0,0,0,1,0,0,0,0,1,0,0,0,0,1,0,0,0
0,0,0,0,0,100,0,0,0,0,0,0,0,0,0,0,100,0,0,0,0,0,0,0,0,0,0,100,0,0,0,0,0,0,0,1,0,0,0,0,1,0,0,0,0,1,0,0,0
0,0,0,0,0,100,0,0,0,0,0,0,0,0,0,0,100,0,0,0,0,0,0,0,0,0,0,100,0,0,0,0,0,0,0,1,0,0,0,0,1,0,0,0,0,1,0,0,0
0,0,0,0,0,100,0,0,0,0,0,0,0,0,0,0,100,0,0,0,0,0,0,0,0,0,0,100,0,0,0,0,0,0,0,1,0,0,0,0,1,0,0,0,0,1,0,0,0
0,0,0,0,0,98.821,0,0,0,0,1.1792,0,0,0,0,1.1792,98.821,0,0,0,0,0,0,0,0,0,0,98.821,1.1792,0,0,0,0,0,0,1,0,0,0,0,1,0,0,0,0,1,0,0,0
0,0,0,0,0,96.78,0,0,0,0,3.2197,0,0,0,0,2.3078,96.78,0.91187,0,0,0,0,0,0,0,0,0,96.78,3.2197,0,0,0,0,0,0,1,0,0,0,0,1,0,0,0,0,1,0,0,0
1.4956,0,2.9911,0,0,88.073,0,0,1.4956,1.2439,4.7005,0,0,0,1.4956,3.4566,88.073,0,0,1.4956,1.4956,3.9834,1.4956,1.2439,0,2.7395,0,89.569,3.4566,0,1.4956,0,0,0,0,1,0,0,0,0,1,0,0,0,0,1,0,0,0
1.3822,0,0,0,0.6911,83.463,0,0.6911,0,2.2678,11.505,0.6911,0.6911,0,1.3822,3.65,84.154,4.2052,0.6911,0,0,4.5356,0,2.9589,0,2.2678,0,84.845,7.8552,0,0.6911,0,1.3822,0,0,1,0,0,0,0,1,0,0,0,0,1,0,0,0
0,0,0,0,0,89.715,0,2.99,4.3951,2.9001,0,2.9001,1.495,0,0,1.495,89.715,0,2.9001,0,0,1.495,4.3951,0,5.8901,0,0,89.715,0,0,0,0,0,0,0,1,0,0,0,0,1,0,0,0,0,1,0,0,0
0,1.7671,1.4779,4.5507,5.497,69.551,0,7.0875,8.0593,2.0095,0,5.0472,3.0121,3.0376,0.73895,5.5533,70.29,0,6.0286,0.73895,0,5.5533,5.7606,0,13.37,1.2706,0,69.551,0,4.758,3.2801,2.0095,0,0,0,1,0,0,0,0,1,0,0,0,0,1,0,0,0
0,0,0,0,0,88.913,0,5.4832,4.1727,1.4311,0,1.4311,2.7416,0,0,2.7416,88.913,0,1.4311,0,0,2.7416,4.1727,0,6.9143,0,0,88.913,0,0,0,0,0,0,0,1,0,0,0,0,1,0,0,0,0,1,0,0,0
0,0,3.7227,4.293,9.6567,66.413,1.7941,3.2399,6.8641,4.0169,0,4.7399,2.1243,0.72291,2.1243,4.8383,66.217,0.76557,10.979,1.0958,1.7941,4.5986,7.237,5.3822,8.3526,1.7514,0,64.356,1.5311,7.0298,2.5416,1.8187,0,0,0,1,0,0,0,0,1,0,0,0,0,1,0,0,0
0,0,0,0,0,96.489,0,2.3405,1.1702,0,0,0,1.1702,0,0,1.1702,96.489,0,0,0,0,1.1702,1.1702,0,2.3405,0,0,96.489,0,0,0,0,0,0,0,1,0,0,0,0,1,0,0,0,0,1,0,0,0
0,0,0,0.88259,0,90.668,0.88259,5.1039,2.4624,0,0,0,2.4624,0,0.88259,1.5798,88.903,0,0.88259,1.0616,0.88259,3.345,2.4624,2.6478,5.1039,0.88259,0,88.903,0,0,0,0,0,0,0,1,0,0,0,0,1,0,0,0,0,1,0,0,0
0,0,0,1.0544,0,91.621,1.0544,5.2161,1.0544,0,0,0,1.0544,0,1.0544,0,89.512,0,1.0544,4.1616,1.0544,2.1089,1.0544,3.1633,5.2161,1.0544,0,89.512,0,0,0,0,0,0,0,1,0,0,0,0,1,0,0,0,0,1,0,0,0
0.8822,10.076,18.275,6.5874,15.176,20.359,1.4232,8.0876,5.2007,9.9842,3.9488,3.7468,1.8348,5.4675,4.4422,11.195,22.743,22.126,17.232,1.921,3.1876,6.1039,9.5518,27.057,15.694,0.32034,0,18.177,3.7472,10.39,11.377,2.8032,0.8822,0,0.94643,0.053571,0,0,0,0,0,0.98214,0.017857,1,0,0,0,0,1
2.249,2.2698,6.2661,18.303,20.244,16.234,0.80911,11.852,10.649,10.351,0.77274,10.497,0.61594,5.7582,3.9096,14.257,19.136,7.5187,22.975,2.0922,3.7617,9.4795,6.9831,12.862,16.976,3.659,0,14.587,3.2651,16.363,15.827,7.2275,2.249,0,1,0,0,0,0,0,0,0.71154,0.28846,1,0,0,0,0,1
0.61426,2.9409,9.8815,8.1186,30.859,16.438,7.2025,12.075,5.8519,5.4742,0.54371,2.631,4.2477,2.0077,6.2708,16.703,19.416,10.041,21.678,3.0238,7.337,6.6452,6.0929,22.103,13.172,2.0981,0,12.088,10.258,19.832,11.116,2.6252,0.61426,0,1,0,0,0,0,0,0,1,0,1,0,0,0,0,1
0.94283,5.3622,8.448,14.609,30.376,9.2036,3.0156,7.15,9.4234,10.943,0.52664,4.642,5.933,2.1346,12.851,10.508,13.063,11.667,22.73,6.1332,3.505,6.8325,12.597,14.869,12.381,1.104,0,4.017,5.4895,21.791,20.946,5.8625,0.94283,0,0.50877,0.49123,0,0,0,0,0,1,0,1,0,0,0,0,1
1.005,3.954,8.8855,4.2401,1.005,57.422,1.7142,10.822,3.9832,5.4206,1.5485,2.378,0.85709,2.5535,0,3.4106,60.998,11.291,8.3988,1.005,2.8671,6.2408,2.5535,13.301,7.1891,1.7142,0,57.422,0,4.8403,7.3937,2.01,3.5763,0,0.070707,0.92929,0,0,0,0,0.9798,0.010101,0.010101,0.010101,0.030303,0.9596,0,0,0
7.5761,0.89727,1.9393,0.89727,1.042,58.246,6.4243,8.3833,8.7583,1.9393,3.897,0,0.89727,1.042,4.6694,6.3375,68.654,1.7945,3.4826,0,0.89727,12.226,3.1261,9.3189,9.3706,6.4243,0,57.204,0,0.89727,2.4405,4.6297,6.5888,0,0,1,0,0,0,0,1,0,0,0,0,1,0,0,0
2.7871,4.1692,16.889,7.809,7.8496,9.4083,16.31,4.7057,20.607,6.3371,3.1279,2.1134,2.5595,3.0371,18.289,5.1435,45.784,2.2274,13.41,1.576,0.53517,5.325,11.421,24.823,8.7522,14.197,0,6.8001,2.1134,5.7312,5.3072,17.22,3.6337,0,0,0,0.39655,0.60345,0,0,1,0,0,0,0,0,0.25862,0.74138,1
0.77494,4.9099,14.655,8.9499,4.5234,9.9552,18.27,15.948,8.5513,9.253,4.2088,2.1092,2.8008,4.2088,13.096,3.8625,46.419,5.6251,12.935,0.64806,2.042,6.2537,9.5799,21.589,10.306,16.974,0,8.1347,2.1092,5.6258,6.8522,9.99,8.8395,0,0,0,0.76923,0.23077,0,0,1,0,0,0,0,0,0.57692,0.42308,1
0,1.2408,7.1994,6.1204,26.904,30.852,6.2383,9.1126,8.3905,3.9423,0,3.775,6.4301,0.46864,6.712,9.987,36.147,4.5294,15.172,6.5759,3.062,7.1409,10.76,6.6583,15.635,0.46864,0,29.611,5.3673,17.911,10.283,3.3063,0,0,0.054217,0.94578,0,0,0,0,0.96988,0.03012,0,0.024096,0.018072,0.95783,0,0,0
0.53136,3.9795,9.9708,11.152,26.985,20.032,10.889,4.8162,4.6319,7.0129,0,4.4969,8.7764,0.53136,10.62,8.1476,21.31,11.142,17.29,8.8657,4.0363,4.783,9.1287,19.374,10.589,1.2219,0,13.608,7.4829,21.121,11.383,5.5596,0.53136,0,0.90244,0.097561,0,0,0,0,0.097561,0.90244,0,0.87805,0.02439,0.097561,0,0,1
0,0,0,1.15,5.163,74.27,13.245,3.7315,2.4407,0,0,0,2.4407,0,2.4407,1.2908,73.261,5.402,2.4407,1.2908,2.4407,8.9927,2.4407,8.8519,9.1335,1.15,0,71.97,1.2908,2.5815,2.5815,0,0,0,0,1,0,0,0,0,1,0,0,0,0,1,0,0,0
0,0.73567,0.73567,2.3909,7.7099,66.898,6.8024,8.6605,5.3311,0.73567,0,0.73567,3.7666,0,3.7666,1.3757,66.435,1.4713,3.0309,10.872,2.2953,6.2506,3.0309,7.2658,12.432,0.91955,0,64.323,2.1114,4.9585,4.2228,0.73567,0,0,0,1,0,0,0,0,1,0,0,0,0,1,0,0,0
0.78681,4.0519,15.675,5.3711,11.36,7.7843,19.727,13.143,12.924,7.1235,2.0537,2.0376,2.9022,2.0537,14.494,4.9974,41.432,8.5451,11.816,4.1953,2.0144,5.5124,9.0588,24.442,9.4423,12.921,0,5.1441,2.0376,9.5853,5.5821,12.53,9.2571,0,0,0,0,1,0,0,1,0,0,0,0,0,0,1,1
2.6377,5.5148,14.615,8.4261,5.2842,8.8014,16.672,15.828,15.671,5.5087,1.0412,0.9933,4.5215,1.0412,10.022,5.0008,47.719,6.9894,9.6807,0.86373,2.6514,10.517,4.7684,19.875,13.586,14.945,0,7.9785,0.9933,7.7786,6.7487,13.728,9.5999,0,0,0.94737,0.052632,0,0,0,1,0,0,0,0,0.89474,0.10526,0,1
0,1.2313,5.523,2.4627,3.9748,74.722,7.7943,0,4.2917,0,0,0,1.2313,0,4.2917,0,85.451,3.8971,0,0.9145,0,4.214,2.1458,9.4201,6.3598,0,0,74.722,0,3.0603,0,4.2917,0,0,0,1,0,0,0,0,1,0,0,0,0,1,0,0,0
0,0,0,0,0,92.309,3.8456,0,3.8456,0,0,0,0,0,0,0,92.309,0,0,3.8456,0,3.8456,0,3.8456,3.8456,0,0,92.309,0,0,0,0,0,0,0,1,0,0,0,0,1,0,0,0,0,1,0,0,0
4.1266,0,0,0,0,91.442,0,2.2158,2.2158,0,0,0,0,0,0,0,91.442,0,2.2158,0,0,6.3424,0,0,4.1266,0,0,91.442,0,2.2158,2.2158,0,0,0,0,1,0,0,0,0,1,0,0,0,0,1,0,0,0
2.245,0,4.4899,0,0,85.104,0,0,8.161,0,0,0,2.958,0,2.245,0,85.104,0,0,2.245,5.203,2.245,2.245,0,0,2.245,0,87.349,0,0,2.245,0,5.9161,0,0,1,0,0,0,0,1,0,0,0,0,1,0,0,0
1.5725,0,1.3701,0,1.3701,72.312,4.7176,4.0276,11.89,1.3701,1.3701,0,0,1.3701,5.6829,2.9427,80.174,0,5.6001,0,0,4.23,4.1104,5.6829,1.5725,4.7176,0,70.941,0,2.6574,4.23,4.7176,1.3701,0,0,0.98347,0.016529,0,0,0,1,0,0,0,0,0.97521,0.024793,0,0
3.1108,0,5.3279,0.89372,1.1946,66.537,1.7874,0,19.06,2.0883,0,2.9821,7.5962,0,2.2171,3.2829,65.041,2.9821,1.1946,3.1108,5.5,6.0929,2.2171,2.0883,0,6.0929,5.3713,63.383,0,0.89372,3.4117,5.0704,11.472,0,0,1,0,0,0,0,1,0,0,0,0,1,0,0,0
2.2069,0.757,4.3206,0.53562,2.7278,51.42,2.5852,1.5926,19.844,4.3651,9.6453,3.799,8.9299,0.757,2.4282,7.9284,49.007,6.9056,2.7278,2.0496,7.3373,8.1306,2.271,7.4717,0.757,6.1933,8.2617,45.586,5.2797,0.53562,4.2417,5.3911,14.011,0,0,0.99281,0,0.0071942,0,0,1,0,0,0,0,0.98561,0.0071942,0.0071942,0
7.5431,0.48592,5.5938,0,3.8548,47.124,0.97185,3.4664,7.3139,0.87432,22.772,3.8548,5.701,0.48592,8.029,9.5909,48.356,10.814,3.8548,2.5539,3.8166,2.9423,3.0398,5.3126,0.48592,2.9423,3.5948,51.558,16.325,0,6.4088,1.7486,8.584,0,0,1,0,0,0,0,1,0,0,0,0,1,0,0,0
4.6171,3.3794,18.62,1.2008,2.1545,31.539,6.1114,2.9625,17.297,2.4602,9.6581,4.5562,6.7711,1.5059,6.0614,6.6144,33.447,10.098,1.2441,7.6845,9.6905,12.328,7.3869,11.616,3.4449,8.863,7.5073,28.741,4.3536,2.3245,6.4192,6.7766,12.567,0,0,0,0.084337,0.91566,0,0,1,0,0,0,0,0,0.084337,0.91566,1
8.1913,0,0,0,0,76.51,0,0,15.298,0,0,0,10.936,0,0,0,76.51,0,0,0,4.3619,8.1913,0,0,8.1913,0,0,76.51,0,0,0,0,15.298,0,0,1,0,0,0,0,1,0,0,0,0,1,0,0,0
2.5359,3.1551,2.5359,0.95835,1.5775,67.191,5.6955,0,13.815,0.95835,1.5775,8.8505,4.9908,1.5775,0,2.5359,68.149,1.9167,0,0.95835,6.5683,4.4526,4.7326,2.5359,1.5775,4.4526,1.9167,65.274,0,0.95835,0,2.875,15.677,0,0,1,0,0,0,0,1,0,0,0,0,1,0,0,0
0,0,0,0,0,98.76,1.2399,0,0,0,0,1.2399,0,0,0,0,98.76,0,0,0,0,0,0,0,0,0,0,98.76,0,0,0,0,1.2399,0,0,1,0,0,0,0,1,0,0,0,0,1,0,0,0
3.1506,2.3563,2.6972,0,6.1886,66.961,5.0104,6.5294,5.9282,0,1.1782,9.3391,7.9006,1.1782,0,2.6972,71.972,1.519,0,0,2.6972,2.6972,3.5345,8.161,10.746,4.6696,0,66.961,0,0,0,0,5.9282,0,0,1,0,0,0,0,1,0,0,0,0,1,0,0,0
3.1512,5.4255,16.348,0.71461,5.7607,32.691,3.902,6.5607,17.764,3.5383,4.1437,8.1621,7.1474,2.5312,2.1395,9.397,35.05,5.7088,1.469,4.3767,13.825,10.193,11.022,10.781,8.9031,6.4173,9.2793,25.326,0.42021,2.1781,4.8557,8.0815,12.736,0,0,0.076923,0.019231,0.90385,0,0,1,0,0,0,0,0.076923,0.019231,0.90385,1
5.31,2.8136,10.198,3.396,7.6509,19.543,11.52,20.823,12.237,5.4069,1.1014,14.102,5.3944,0.64718,0,7.3292,37.01,8.1022,0,2.9918,13.345,11.078,6.8554,11.632,23.866,10.281,3.4313,16.566,0,3.8479,2.3618,7.2132,13.945,0,0,0.99415,0,0.005848,0,0,1,0,0,0,0,0.99415,0,0.005848,0
7.994,9.7208,10.901,2.1898,6.319,18.887,13.697,18.486,5.4083,4.5629,1.8352,9.5349,4.2883,1.8352,0,8.6595,41.887,8.575,0,6.6288,12.993,5.5985,13.272,14.256,20.67,12.948,0,18.887,0,5.458,2.1898,6.2837,6.0363,0,1,0,0,0,0,0,0,0.83582,0.16418,1,0,0,0,0,1
9.3895,10.598,10.313,0.39265,8.6786,12.637,13.41,16.565,7.9601,6.6084,3.4475,10.097,5.5476,3.1016,0,10.22,28.94,9.8556,0,5.7081,16.404,10.125,12.638,18.263,23.65,12.398,1.823,11.16,0,6.987,0.33364,6.3968,6.3508,0,1,0,0,0,0,0,0,0.64444,0.35556,1,0,0,0,0,1
0,0,0,0,0,81.859,12.35,1.8226,3.9688,0,0,0,0,0,0,0,81.859,4.1906,0,5.7914,0,8.1594,0,8.1594,9.982,0,0,81.859,0,0,0,0,0,0,0,1,0,0,0,0,1,0,0,0,0,1,0,0,0
0,0,0,0,0,93.555,3.2224,0,3.2224,0,0,0,0,0,0,0,93.555,0,0,3.2224,0,3.2224,0,3.2224,3.2224,0,0,93.555,0,0,0,0,0,0,0,1,0,0,0,0,1,0,0,0,0,1,0,0,0
0,0,0,0,0,100,0,0,0,0,0,0,0,0,0,0,100,0,0,0,0,0,0,0,0,0,0,100,0,0,0,0,0,0,0,1,0,0,0,0,1,0,0,0,0,1,0,0,0
0,0,0,0,0,100,0,0,0,0,0,0,0,0,0,0,100,0,0,0,0,0,0,0,0,0,0,100,0,0,0,0,0,0,0,1,0,0,0,0,1,0,0,0,0,1,0,0,0
0,0,0,0,0,100,0,0,0,0,0,0,0,0,0,0,100,0,0,0,0,0,0,0,0,0,0,100,0,0,0,0,0,0,0,1,0,0,0,0,1,0,0,0,0,1,0,0,0
0,0,0,0,0,100,0,0,0,0,0,0,0,0,0,0,100,0,0,0,0,0,0,0,0,0,0,100,0,0,0,0,0,0,0,1,0,0,0,0,1,0,0,0,0,1,0,0,0
1.7121,0,0,0,1.7121,90.683,4.1812,1.7121,0,0,0,5.8933,1.7121,0,0,0,92.395,0,0,0,0,0,0,3.4242,1.7121,1.7121,0,90.683,0,0,0,0,2.4691,0,0,1,0,0,0,0,1,0,0,0,0,1,0,0,0
0,0,0,0,0,100,0,0,0,0,0,0,0,0,0,0,100,0,0,0,0,0,0,0,0,0,0,100,0,0,0,0,0,0,0,1,0,0,0,0,1,0,0,0,0,1,0,0,0
0.64431,0,0,0,0.64431,97.423,0.64431,0.64431,0,0,0,1.2886,0.64431,0,0,0,98.067,0,0,0,0,0,0,1.2886,0.64431,0.64431,0,97.423,0,0,0,0,0,0,0,1,0,0,0,0,1,0,0,0,0,1,0,0,0
1.9001,3.6413,5.6863,0.568,5.0676,54.949,11.906,11.672,3.3772,0.66735,0.56542,7.4211,5.4656,0.56542,0,4.6099,65.35,4.0445,0,5.0079,4.7689,2.7668,7.2722,7.5184,13.515,8.4421,0,54.949,0,1.3347,0.568,1.7437,4.6568,0,0,1,0,0,0,0,1,0,0,0,0,1,0,0,0
2.6156,1.8584,5.4371,0,6.0562,62.904,9.773,7.7766,3.5787,0,0,8.6718,4.3359,0,0,3.5787,74.536,3.5787,0,1.8584,1.7203,1.7203,1.8584,12.389,13.076,6.1943,0,62.904,0,0,0,1.8584,1.7203,0,0,1,0,0,0,0,1,0,0,0,0,1,0,0,0
1.2742,0,0,0,1.2742,90.841,3.3055,3.3055,0,0,0,2.5483,3.3055,0,0,0,92.115,0,0,2.0314,0,0,2.0314,2.5483,1.2742,3.3055,0,90.841,0,0,0,0,0,0,0,1,0,0,0,0,1,0,0,0,0,1,0,0,0
0,0,0,0,0,96.197,1.9015,1.9015,0,0,0,0,1.9015,0,0,0,96.197,0,0,1.9015,0,0,1.9015,0,0,1.9015,0,96.197,0,0,0,0,0,0,0,1,0,0,0,0,1,0,0,0,0,1,0,0,0
0,0,0,0,0,100,0,0,0,0,0,0,0,0,0,0,100,0,0,0,0,0,0,0,0,0,0,100,0,0,0,0,0,0,0,1,0,0,0,0,1,0,0,0,0,1,0,0,0
0,0,0,0,0,100,0,0,0,0,0,0,0,0,0,0,100,0,0,0,0,0,0,0,0,0,0,100,0,0,0,0,0,0,0,1,0,0,0,0,1,0,0,0,0,1,0,0,0
0,0,0,0,0,100,0,0,0,0,0,0,0,0,0,0,100,0,0,0,0,0,0,0,0,0,0,100,0,0,0,0,0,0,0,1,0,0,0,0,1,0,0,0,0,1,0,0,0
0,0,0,0,0,100,0,0,0,0,0,0,0,0,0,0,100,0,0,0,0,0,0,0,0,0,0,100,0,0,0,0,0,0,0,1,0,0,0,0,1,0,0,0,0,1,0,0,0
0,0,0,0,0,100,0,0,0,0,0,0,0,0,0,0,100,0,0,0,0,0,0,0,0,0,0,100,0,0,0,0,0,0,0,1,0,0,0,0,1,0,0,0,0,1,0,0,0
0,0,0,0,0,97.745,0,0,2.255,0,0,0,0,0,0,0,97.745,0,0,0,0,2.255,0,0,0,0,0,97.745,0,0,0,0,2.255,0,0,1,0,0,0,0,1,0,0,0,0,1,0,0,0
0.45402,9.3988,9.7767,15.661,30.802,7.9007,4.5227,7.0236,3.238,9.4323,1.7904,3.0014,2.4955,2.0764,14.002,14.167,11.912,19.404,23.206,2.2064,2.0985,5.4307,5.3557,23.538,10.032,2.375,0,1.8161,9.5575,21.297,22.446,2.2614,1.3214,0,0.90476,0.095238,0,0,0,0,0.12698,0.84127,0.031746,0.84127,0.063492,0.095238,0,0,1
3.5013,2.3733,14.849,8.0083,28.027,2.1024,4.9282,14.069,7.6019,13.598,0.94127,2.9696,2.6033,5.259,2.6033,16.979,9.7056,11.419,27.211,5.8743,10.949,4.4262,9.0634,25.454,11.007,1.0467,0,1.1512,7.378,19.748,12.495,9.1557,3.5013,0,0.71429,0.28571,0,0,0,0,0,1,0,1,0,0,0,0,1
2.0058,2.9943,12.683,7.8055,9.3169,3.2946,18.047,12.864,19.928,7.5402,3.5218,0.25945,3.2538,3.7773,12.659,5.4989,51.049,6.8844,6.2695,2.4326,1.9708,5.9447,7.9718,20.811,12.158,14.212,0,1.0017,0.25945,8.6176,8.7935,17.974,8.2005,0,0,0,0,1,0,0,1,0,0,0,0,0,0,1,1
2.6776,4.4803,20.075,5.169,7.217,4.3627,20.718,7.434,20.228,7.1217,0.51625,2.9707,1.5096,0.51625,13.677,6.8285,43.37,5.5215,18.711,1.066,0.82077,5.0079,6.2743,22.858,6.7627,18.586,0,1.0325,2.9707,6.4555,6.3123,20.141,8.6064,0,0,0.035088,0.19298,0.77193,0,0,1,0,0,0,0,0,0.15789,0.84211,1
0.77678,2.7321,10.329,6.6416,33.211,7.2165,10.741,13.67,9.5169,5.1653,0,1.3232,6.5339,0.77678,11.202,11.422,21.775,6.3915,18.272,6.2563,7.9729,8.0753,9.5925,16.988,15.159,2.8289,0,5.0975,8.5614,20.077,14.371,5.3722,1.9528,0,0.80435,0.19565,0,0,0,0,0.21739,0.78261,0,0.71739,0.086957,0.19565,0,0,1
0.65367,5.6539,22.157,9.8431,7.4973,7.366,13.344,9.1142,14.13,8.3938,1.847,2.3476,3.9706,1.847,13.333,5.3822,46.548,5.6305,13.776,1.1677,0.767,5.2304,7.7927,23.358,9.4196,12.177,0,3.0723,2.3476,7.7349,6.8348,17.569,9.6947,0,0,0.057971,0.014493,0.92754,0,0,1,0,0,0,0,0.057971,0.014493,0.92754,1
0.89722,3.4604,16.484,7.9113,11.745,1.5072,23.263,7.0591,17.263,6.4413,3.9672,1.8558,1.6046,3.9672,18.391,2.018,50.909,4.6557,9.4411,3.4189,0.61838,3.1202,11.233,25.889,10.99,16.425,0,1.0048,1.8558,8.4424,4.9804,16.822,2.3575,0,0,0.22222,0.055556,0.72222,0,0,1,0,0,0,0,0.16667,0.16667,0.66667,1
1.2868,2.8659,25.617,0.20378,1.5744,38.366,4.7789,2.6844,14.809,1.1667,6.6462,1.982,6.405,2.5372,5.2335,6.1687,39.405,11.004,2.691,9.6796,8.7157,6.1787,10.176,15.083,5.511,3.4762,7.0147,31.877,3.6613,1.0823,5.2383,8.106,8.7741,0,0,0,0.064516,0.93548,0,0,1,0,0,0,0,0,0.032258,0.96774,1
1.9894,3.7305,13.614,0.37953,3.0511,42.354,1.5497,1.0958,23.001,2.4462,6.7885,3.8102,4.1015,0.41107,5.4375,8.3213,39.926,6.7289,2.1127,4.655,13.213,11.283,4.0833,8.3841,3.3094,6.3044,6.625,36.532,2.633,1.7139,4.8656,10.639,14.911,0,0,0,0.13043,0.86957,0,0,1,0,0,0,0,0,0.13043,0.86957,1
1.8282,5.6138,20.394,0.25433,1.9879,39.438,3.7859,2.0366,16.349,2.2243,6.0878,2.4966,6.6756,2.2779,3.244,5.7861,39.767,10.571,1.4068,5.5795,12.39,9.8049,10.101,10.355,3.6105,5.199,6.566,32.861,2.0479,2.6241,6.4547,9.0134,11.167,0,0,0,0,1,0,0,1,0,0,0,0,0,0,1,1
4.3387,5.2777,16.861,1.361,1.8395,33.053,5.2683,4.3253,20.294,4.2154,3.1664,4.0774,8.1968,2.2501,2.9451,9.0512,36.699,10.167,0.98806,5.9217,12.379,7.3253,7.6841,9.9144,8.0718,6.7883,5.5151,27.52,0.93574,3.9745,5.3917,10.646,13.558,0,0,0.044444,0.044444,0.91111,0,0,1,0,0,0,0,0.044444,0.044444,0.91111,1
1.5215,3.8701,23.118,0.72769,4.255,35.428,5.0324,5.2692,14.062,1.4926,5.2238,4.9858,2.4064,2.5621,3.5411,7.8414,42.438,6.2753,0.81143,8.3345,11.145,9.6595,11.466,11.672,7.7131,5.6254,7.5445,27.964,2.0539,3.1261,2.3232,11.246,9.2659,0,0,0.051282,0.025641,0.92308,0,0,1,0,0,0,0,0.10256,0.051282,0.84615,1
3.958,7.9457,18.096,1.7577,6.5696,6.0388,19.088,18.963,10.68,3.6748,3.2283,9.4646,2.6127,2.9882,0,11.587,34.431,12.982,0,6.8329,8.8365,10.265,13.1,17.073,27.302,11.112,0.72027,5.5586,0,3.0607,2.017,11.411,8.6461,0,0.57895,0.42105,0,0,0,0,0,1,0,1,0,0,0,0,1
8.9507,10.995,13.475,2.1717,8.4925,8.9785,12.637,19.433,7.9491,5.6927,1.2246,8.5367,5.6841,0.88752,0,10.958,33.811,9.6008,0,6.7762,17.963,5.7832,11.303,17.037,24.488,13.678,1.4916,7.3815,0.44242,8.1221,2.4095,6.5753,7.0715,0,1,0,0,0,0,0,0,0.98214,0.017857,1,0,0,0,0,1
11.366,10.808,6.0412,1.0861,10.285,7.6166,14.953,24.784,4.9551,6.3042,1.8004,7.4255,8.1977,1.8004,0,9.459,29.265,11.259,0,7.3714,18.467,6.7555,10.258,16.061,27.854,15.588,0,7.6166,0,10.808,1.0861,4.6868,6.0412,0,0.94737,0.035088,0.017544,0,0,0,0.017544,0.98246,0,0.96491,0.017544,0.017544,0,0,1
0,0,5.7836,0,0,72.266,0,0,21.951,0,0,7.7246,10.269,0,0,0,75.063,0,0,0,0,6.9438,0,2.7969,1.4933,0,0,72.266,0,0,2.7969,14.226,6.421,0,0,0,0,1,0,0,1,0,0,0,0,1,0,0,0
0,0,16.046,0,0,71.606,0,0,12.348,0,0,17.772,1.0705,0,0,0,75.717,0,0,0,0,5.4413,0,3.8141,1.3668,0,0,71.606,0,0,4.1104,14.165,4.9375,0,0,0,0.04,0.96,0,0,1,0,0,0,0,1,0,0,0
0,0,11.293,0,0,64.044,0,0,24.664,0,0,9.5919,3.1336,0,0,0,69.069,0,0,0,2.6085,15.597,0,3.1336,3.1336,0,0,64.044,0,0,10.242,11.03,8.4168,0,0,1,0,0,0,0,1,0,0,0,0,1,0,0,0
0,0,5.6528,0,0,70.412,0,0,23.936,0,0,14.839,2.0341,0,0,0,72.898,0,0,0,1.5151,8.7137,0,1.173,0.44724,0,0,70.412,0,0,5.5162,9.8149,12.637,0,0,0.96226,0,0.037736,0,0,1,0,0,0,0,1,0,0,0
0,0,4.3256,0,0,75.047,0,0,20.627,0,0,8.8853,0.73454,0,0,0,77.904,0,0,0,1.4027,11.074,0,0.73454,0.73454,0,0,75.047,0,0,7.8197,4.9937,10.67,0,0,1,0,0,0,0,1,0,0,0,0,1,0,0,0
0,0,7.9508,0,0,66.822,0,0,25.227,0,0,11.071,1.0844,0,0,0,70.696,0,0,0,1.7284,15.42,0,1.6071,1.8942,0,0,66.822,0,0,12.321,5.2278,12.128,0,0,0.98795,0,0.012048,0,0,1,0,0,0,0,1,0,0,0
0,0,13.17,0,0,67.259,0,0,19.571,0,0,11.352,4.9461,0,0,0,72.255,0,0,0,1.4173,10.03,0,3.9126,2.5432,0,0,67.259,0,0,7.8305,12.743,5.7113,0,0,0,0.045455,0.95455,0,0,1,0,0,0,0,1,0,0,0
0,0,6.2891,0,0,75.203,0,0,18.507,0,0,9.202,5.3317,0,0,0,77.226,0,0,0,0.86874,7.3717,0,0.97936,1.674,0,0,75.203,0,0,3.7599,12.012,6.3713,0,0,0.018868,0.39623,0.58491,0,0,1,0,0,0,0,1,0,0,0
0,0,11.085,0,0,63.579,0,0,25.337,0,0,13.152,0.73815,0,0,0,69.949,0,0,0,1.5683,14.592,0,1.4465,2.7242,0,0,63.579,0,0,14.763,9.2396,8.2478,0,0,0,0.15686,0.84314,0,0,1,0,0,0,0,1,0,0,0
0,0,6.0783,0,0,70.822,0,0,23.1,0,0,9.4378,1.2433,0,0,0,74.442,0,0,0,2.9464,11.93,0,1.5745,0.55046,0,0,70.822,0,0,13.031,5.5044,8.5183,0,0,0.12676,0.15493,0.71831,0,0,1,0,0,0,0,1,0,0,0
0,0,3.8558,0,0,81.331,0,0,14.813,0,0,6.9673,0,0,0,0,84.443,0,0,0,0.77402,7.8161,0,0,0,0,0,81.331,0,0,11.672,3.8855,3.1115,0,0,1,0,0,0,0,1,0,0,0,0,1,0,0,0
0,0,10.275,0,0,69.633,0,0,20.092,0,0,11.801,0,0,0,0,73.588,0,0,0,1.7575,12.853,0,0,0.43228,0,0,69.633,0,0,18.295,4.9917,6.6477,0,0,0.97753,0,0.022472,0,0,1,0,0,0,0,1,0,0,0
0,0,4.6393,0,0,81.458,0,0,13.903,0,0,7.7297,0,0,0,0,84.548,0,0,0,0,7.7222,0,0,0,0,0,81.458,0,0,12.361,3.0904,3.0904,0,0,1,0,0,0,0,1,0,0,0,0,1,0,0,0
0,0,7.1248,0,0,69.609,0,0,23.267,0,0,12.453,0,0,0,0,73.675,0,0,0,0,13.871,0,0,0,0,0,69.609,0,0,19.493,4.835,6.0637,0,0,0.97753,0,0.022472,0,0,1,0,0,0,0,1,0,0,0
0,0,4.288,0,0,61.044,0,0,34.668,0,0,14.867,0,0,0,0,67.839,0,0,0,1.8275,15.467,0,0,0.60443,0,0,61.044,0,0,23.933,7.4389,6.9795,0,0,0,0.29167,0.70833,0,0,1,0,0,0,0,1,0,0,0
0,0,11.92,0,0,69.564,0,0,18.516,0,0,11.2,0,0,0,0,73.002,0,0,0,1.2819,14.516,0,0,0.84004,0,0,69.564,0,0,18.438,3.9115,7.2463,0,0,0.012048,0.28916,0.6988,0,0,1,0,0,0,0,1,0,0,0
0,0,13.093,0,0,61.366,0,0,25.54,0,0,14.612,0,0,0,0,68.438,0,0,0,0,16.951,0,0,0,0,0,61.366,0,0,24.62,8.2074,5.8064,0,0,0,0.28,0.72,0,0,1,0,0,0,0,1,0,0,0
0,0,7.6926,0,0,69.798,0,0,22.509,0,0,13.994,0,0,0,0,73.373,0,0,0,0,12.632,0,0,0,0,0,69.798,0,0,19.342,4.3673,6.4921,0,0,0.024691,0.23457,0.74074,0,0,1,0,0,0,0,1,0,0,0
0,0,3.8093,0,0,81.577,0,0,14.613,0,0,6.8798,0,0,0,0,84.648,0,0,0,0,8.4725,0,0,0,0,0,81.577,0,0,11.531,3.8213,3.0705,0,0,1,0,0,0,0,1,0,0,0,0,1,0,0,0
0,0,9.7653,0,0,70.1,0,0,20.134,0,0,11.84,0,0,0,0,74.199,0,0,0,0,13.962,0,0,0,0,0,70.1,0,0,15.938,8.0935,5.8681,0,0,1,0,0,0,0,1,0,0,0,0,1,0,0,0
0,0,2.3615,0,0,81.294,0,0,16.344,0,0,6.2353,0,0,0,0,84.412,0,0,0,0.75611,8.5968,0,0,0,0,0,81.294,0,0,10.113,5.4748,3.1176,0,0,1,0,0,0,0,1,0,0,0,0,1,0,0,0
0,0,3.9087,0,0,70.213,0,0,25.879,0,0,9.9291,0,0,0,0,74.2,0,0,0,1.7309,14.14,0,0,0,0,0,70.213,0,0,15.658,8.187,5.9419,0,0,1,0,0,0,0,1,0,0,0,0,1,0,0,0
0,0,3.6299,0,0,61.546,0,0,34.825,0,0,14.619,0,0,0,0,68.766,0,0,0,0,16.615,0,0,0,0,0,61.546,0,0,23.534,9.3226,5.5981,0,0,0.043478,0.34783,0.6087,0,0,1,0,0,0,0,1,0,0,0
0,0,11.548,0,0,69.368,0,0,19.084,0,0,11.57,0,0,0,0,73.024,0,0,0,0,15.407,0,0,0,0,0,69.368,0,0,16.136,7.9416,6.5549,0,0,0,0.20455,0.79545,0,0,1,0,0,0,0,1,0,0,0
0,0,6.3245,0,0,61.898,0,0,31.778,0,0,12.701,0,0,0,0,68.798,0,0,0,2.204,16.297,0,0,0,0,0,61.898,0,0,21.63,10.672,5.8003,0,0,0,0.0625,0.9375,0,0,1,0,0,0,0,1,0,0,0
0,0,4.1322,0,0,70.584,0,0,25.284,0,0,9.8054,0,0,0,0,74.046,0,0,0,1.1957,14.953,0,0,0,0,0,70.584,0,0,14.459,8.6141,6.343,0,0,0.014085,0.21127,0.77465,0,0,1,0,0,0,0,1,0,0,0
0,0,4.2398,0,0,86.059,0,0,9.7014,0,0,6.0314,1.8061,0,0,0,90.299,0,0,0,0,1.8639,0,3.2717,0.96808,0,0,86.059,0,0,4.2398,3.67,1.7916,0,0,0,0.11765,0.88235,0,0,1,0,0,0,0,1,0,0,0
0,0,0,0,0,100,0,0,0,0,0,0,0,0,0,0,100,0,0,0,0,0,0,0,0,0,0,100,0,0,0,0,0,0,0,0,0.16327,0.83673,0,0,1,0,0,0,0,1,0,0,0
0,0,2.2722,0,0,89.536,0,0,8.1916,0,0,3.5678,0,0,0,0,92.526,0,0,0,0.57804,3.3281,0,0.81777,1.4544,0,0,89.536,0,0,4.8635,2.172,1.1561,0,0,0,0.2,0.8,0,0,1,0,0,0,0,1,0,0,0
0,0,0,0,0,100,0,0,0,0,0,0,0,0,0,0,100,0,0,0,0,0,0,0,0,0,0,100,0,0,0,0,0,0,0,0,0.17391,0.82609,0,0,1,0,0,0,0,1,0,0,0
0,0,0,0,0,100,0,0,0,0,0,0,0,0,0,0,100,0,0,0,0,0,0,0,0,0,0,100,0,0,0,0,0,0,0,0.012987,0.1039,0.88312,0,0,1,0,0,0,0,1,0,0,0
0,0,0,0,0,100,0,0,0,0,0,0,0,0,0,0,100,0,0,0,0,0,0,0,0,0,0,100,0,0,0,0,0,0,0,0,0.20833,0.79167,0,0,1,0,0,0,0,1,0,0,0
0,0,0,0,0,100,0,0,0,0,0,0,0,0,0,0,100,0,0,0,0,0,0,0,0,0,0,100,0,0,0,0,0,0,0,0.045455,0.25,0.70455,0,0,1,0,0,0,0,1,0,0,0
0,0,0.72818,0,0,90.487,0,0,8.7847,0,0,3.1709,0,0,0,0,93.658,0,0,0,0,3.1709,0,0,0.72818,0,0,90.487,0,0,5.6137,3.1709,0,0,0,0.01,0.23,0.76,0,0,1,0,0,0,0,1,0,0,0
0,0,0,0,0,100,0,0,0,0,0,0,0,0,0,0,100,0,0,0,0,0,0,0,0,0,0,100,0,0,0,0,0,0,0,0,0.28261,0.71739,0,0,1,0,0,0,0,1,0,0,0
0,0,0,0,0,89.997,0,0,10.003,0,0,3.3343,0,0,0,0,93.331,0,0,0,0,3.3343,0,0,0,0,0,89.997,0,0,6.6687,3.3343,0,0,0,0,0.26471,0.73529,0,0,1,0,0,0,0,1,0,0,0
0,0,0,0,0,100,0,0,0,0,0,0,0,0,0,0,100,0,0,0,0,0,0,0,0,0,0,100,0,0,0,0,0,0,0,0,0.26,0.74,0,0,1,0,0,0,0,1,0,0,0
0,0,0,0,0,100,0,0,0,0,0,0,0,0,0,0,100,0,0,0,0,0,0,0,0,0,0,100,0,0,0,0,0,0,0,0.011494,0.2069,0.78161,0,0,1,0,0,0,0,1,0,0,0
0,0,0,0,0,100,0,0,0,0,0,0,0,0,0,0,100,0,0,0,0,0,0,0,0,0,0,100,0,0,0,0,0,0,0,0,0.17708,0.82292,0,0,1,0,0,0,0,1,0,0,0
0,0,0,0,0,100,0,0,0,0,0,0,0,0,0,0,100,0,0,0,0,0,0,0,0,0,0,100,0,0,0,0,0,0,0,0.054945,0.13187,0.81319,0,0,1,0,0,0,0,1,0,0,0
0,0,0,0,0,100,0,0,0,0,0,0,0,0,0,0,100,0,0,0,0,0,0,0,0,0,0,100,0,0,0,0,0,0,0,0,0.1573,0.8427,0,0,1,0,0,0,0,1,0,0,0
0,0,0,0,0,90.285,0,0,9.7153,0,0,3.2384,0,0,0,0,93.523,0,0,0,0,3.2384,0,0,0,0,0,90.285,0,0,6.4768,3.2384,0,0,0,0.020408,0.2449,0.73469,0,0,1,0,0,0,0,1,0,0,0
0,0,0,0,0,100,0,0,0,0,0,0,0,0,0,0,100,0,0,0,0,0,0,0,0,0,0,100,0,0,0,0,0,0,0,0,0.17,0.83,0,0,1,0,0,0,0,1,0,0,0
0,0,0,0,0,89.79,0,0,10.21,0,0,3.4034,0,0,0,0,93.193,0,0,0,0,3.4034,0,0,0,0,0,89.79,0,0,6.8068,3.4034,0,0,0,0,0.17778,0.82222,0,0,1,0,0,0,0,1,0,0,0
0,0,0,0,0,100,0,0,0,0,0,0,0,0,0,0,100,0,0,0,0,0,0,0,0,0,0,100,0,0,0,0,0,0,0,0,0.15054,0.84946,0,0,1,0,0,0,0,1,0,0,0
0,0,0,0,0,100,0,0,0,0,0,0,0,0,0,0,100,0,0,0,0,0,0,0,0,0,0,100,0,0,0,0,0,0,0,0.087912,0.10989,0.8022,0,0,1,0,0,0,0,1,0,0,0
0,0,0,0,0,100,0,0,0,0,0,0,0,0,0,0,100,0,0,0,0,0,0,0,0,0,0,100,0,0,0,0,0,0,0,0,0.18812,0.81188,0,0,1,0,0,0,0,1,0,0,0
0,0,0,0,0,100,0,0,0,0,0,0,0,0,0,0,100,0,0,0,0,0,0,0,0,0,0,100,0,0,0,0,0,0,0,0,0.079545,0.92045,0,0,1,0,0,0,0,1,0,0,0
0,0,0,0,0,100,0,0,0,0,0,0,0,0,0,0,100,0,0,0,0,0,0,0,0,0,0,100,0,0,0,0,0,0,0,0.011765,0.21176,0.77647,0,0,1,0,0,0,0,1,0,0,0
0,0,0,0,0,100,0,0,0,0,0,0,0,0,0,0,100,0,0,0,0,0,0,0,0,0,0,100,0,0,0,0,0,0,0,0,0.23077,0.76923,0,0,1,0,0,0,0,1,0,0,0
0,0,0,0,0,100,0,0,0,0,0,0,0,0,0,0,100,0,0,0,0,0,0,0,0,0,0,100,0,0,0,0,0,0,0,0.098361,0.21311,0.68852,0,0,1,0,0,0,0,1,0,0,0
0,0,0,0,0,100,0,0,0,0,0,0,0,0,0,0,100,0,0,0,0,0,0,0,0,0,0,100,0,0,0,0,0,0,0,0.034091,0.27273,0.69318,0,0,1,0,0,0,0,1,0,0,0
0,0,0,0,0,100,0,0,0,0,0,0,0,0,0,0,100,0,0,0,0,0,0,0,0,0,0,100,0,0,0,0,0,0,0,0.063492,0.2381,0.69841,0,0,1,0,0,0,0,1,0,0,0
0,0,0,0,0,100,0,0,0,0,0,0,0,0,0,0,100,0,0,0,0,0,0,0,0,0,0,100,0,0,0,0,0,0,0,0.010989,0.26374,0.72527,0,0,1,0,0,0,0,1,0,0,0
0,0,0,0,0,100,0,0,0,0,0,0,0,0,0,0,100,0,0,0,0,0,0,0,0,0,0,100,0,0,0,0,0,0,0,0.1194,0.22388,0.65672,0,0,1,0,0,0,0,1,0,0,0
0,0,0,0,0,100,0,0,0,0,0,0,0,0,0,0,100,0,0,0,0,0,0,0,0,0,0,100,0,0,0,0,0,0,0,0,0.14444,0.85556,0,0,1,0,0,0,0,1,0,0,0
0,0,0,0,0,100,0,0,0,0,0,0,0,0,0,0,100,0,0,0,0,0,0,0,0,0,0,100,0,0,0,0,0,0,0,0.090909,0.21818,0.69091,0,0,1,0,0,0,0,1,0,0,0
0,0,0.7662,0,0,81.172,0,0,18.061,0,0,6.2758,0,0,0,0.74897,84.31,0,0,0,1.6228,7.042,0,0,0,0,0,81.172,0,0,10.163,5.5269,3.1379,0,0,1,0,0,0,0,1,0,0,0,0,1,0,0,0
0,0,1.0103,0,0,71.012,0,0,27.978,0,0,9.1922,0.47059,0,0,1.7227,74.918,0,0,0,2.0278,11.669,0,0,0,0,0,71.012,0,0,17.32,5.9122,5.7563,0,0,1,0,0,0,0,1,0,0,0,0,1,0,0,0
0,0,0,0,0.77756,81.302,0,0,17.921,0,0,6.2328,0.77756,0,0,1.6002,84.418,0,0,0,0.73864,6.2328,0,0,0,0,0,81.302,0,0,11.727,3.855,3.1164,0,0,1,0,0,0,0,1,0,0,0,0,1,0,0,0
0,0,0,0,1.0601,70.946,0,0,27.994,0,0,9.6475,2.0059,0,0,2.0178,74.903,0,0,0,1.7409,9.6846,0,0,0,0,0,70.946,0,0,18.408,4.9188,5.7274,0,0,1,0,0,0,0,1,0,0,0,0,1,0,0,0
0,0,0.57034,0,0,63.845,0,0,35.584,0,0,11.369,0.68231,0,0,1.846,70.365,0,0,0,1.5793,14.158,0,0,0,0,0,63.845,0,0,20.417,10.206,5.532,0,0,0,0.068966,0.93103,0,0,1,0,0,0,0,1,0,0,0
0,0,0.4154,0,0,71.842,0,0,27.742,0,0,8.5525,0.83346,0,0,1.1927,75.188,0,0,0,3.4861,10.748,0,0,0,0,0,71.842,0,0,16.587,5.5305,6.0405,0,0,0.11392,0.20253,0.68354,0,0,1,0,0,0,0,1,0,0,0
0,0,0,0,0.61206,63.901,0,0,35.487,0,0,11.039,3.0277,0,0,1.5797,70.501,0,0,0,1.82,12.033,0,0,0,0,0,63.901,0,0,23.479,7.1867,5.4332,0,0,0,0.15254,0.84746,0,0,1,0,0,0,0,1,0,0,0
0,0,0,0,0.43914,71.958,0,0,27.603,0,0,10.243,0.43914,0,0,3.4707,75.348,0,0,0,1.1517,9.3473,0,0,0,0,0,71.958,0,0,18.292,3.7922,5.9575,0,0,0.12329,0.24658,0.63014,0,0,1,0,0,0,0,1,0,0,0
0,0,1.5027,0,1.5641,81.547,0,0,15.386,0,0,6.9024,1.5641,0,0,0.76004,84.622,0,0,0,0,6.151,0,0,0,0,0,81.547,0,0,12.302,3.0755,3.0755,0,0,1,0,0,0,0,1,0,0,0,0,1,0,0,0
0,0,2.9257,0,1.7414,70.074,0,0,25.259,0,0,13.604,0.49965,0,0,1.8043,74.117,0,0,0,0,9.9754,0,0,0,0,0,70.074,0,0,19.951,4.0429,5.9325,0,0,1,0,0,0,0,1,0,0,0,0,1,0,0,0
0,0,3.9003,0,1.5104,81.427,0,0,13.162,0,0,8.5062,0.78008,0,0,0,84.523,0,0,0,0,6.1909,0,0,0,0,0,81.427,0,0,12.382,3.0954,3.0954,0,0,1,0,0,0,0,1,0,0,0,0,1,0,0,0
0,0,5.8793,0,6.5909,69.879,0,0,17.65,0,0,15.031,1.0417,0,0,0,73.887,0,0,0,0,10.04,0,0,0,0,0,69.879,0,0,20.08,4.0074,6.0328,0,0,0.9878,0,0.012195,0,0,1,0,0,0,0,1,0,0,0
0,0,2.6823,0,4.4883,61.964,0,0,30.865,0,0,13.966,2.423,0,0,1.9899,68.942,0,0,0,0,12.679,0,0,0,0,0,61.964,0,0,25.357,6.9784,5.7003,0,0,0,0.24,0.76,0,0,1,0,0,0,0,1,0,0,0
0,0,1.796,0,2.6524,70.293,0,0,25.259,0,0,13.307,1.746,0,0,1.2006,73.844,0,0,0,0,9.9024,0,0,0,0,0,70.293,0,0,19.805,3.5514,6.351,0,0,0.025641,0.23077,0.74359,0,0,1,0,0,0,0,1,0,0,0
0,0,8.3451,0,1.2783,61.416,0,0,28.961,0,0,18.058,0.65752,0,0,0,68.423,0,0,0,0,12.861,0,0,0,0,0,61.416,0,0,25.723,7.0073,5.8541,0,0,0.022222,0.24444,0.73333,0,0,1,0,0,0,0,1,0,0,0
0,0,7.7452,0,6.8133,70.077,0,0,15.364,0,0,15.973,0.44306,0,0,0,73.61,0,0,0,0,9.9742,0,0,0,0,0,70.077,0,0,19.948,3.5326,6.4415,0,0,0,0.31507,0.68493,0,0,1,0,0,0,0,1,0,0,0
0,0,3.9023,0,1.6191,81.161,0,0,13.318,0,0,8.6613,0,0,0,0,84.301,0,0.75831,0,0,6.2798,0,0,0,0,0,81.161,0,0,12.56,3.1399,3.1399,0,0,1,0,0,0,0,1,0,0,0,0,1,0,0,0
0,0,10.869,0,1.7015,70.281,0,0,17.148,0,0,14.094,0,0,0,0,74.275,0,1.7247,0,0,9.9063,0,0,0,0,0,70.281,0,0,19.813,3.9939,5.9123,0,0,0.9802,0,0.019802,0,0,1,0,0,0,0,1,0,0,0
0,0,2.3715,0,0.75249,81.028,0,0,15.848,0,0,7.0764,0,0,0,0,84.19,0,1.619,0,0,7.1144,0,0,0,0,0,81.028,0,0,12.648,3.162,3.162,0,0,1,0,0,0,0,1,0,0,0,0,1,0,0,0
0,0,3.4355,0,0.98247,70.82,0,0,24.762,0,0,11.04,0.48691,0,0,0,74.84,0,2.0679,0,0,11.565,0,0,0,0,0,70.82,0,0,18.7,4.7741,5.7065,0,0,0.98901,0,0.010989,0,0,1,0,0,0,0,1,0,0,0
0,0,5.2094,0,4.7282,61.736,0,0,28.326,0,0,16.678,0,0,0,0,68.852,0,1.7162,0,0,12.755,0,0,0,0,0,61.736,0,0,25.509,7.1156,5.6391,0,0,0.058824,0.11765,0.82353,0,0,1,0,0,0,0,1,0,0,0
0,0,12.319,0,2.6214,69.904,0,0,15.156,0,0,15.317,0,0,0,0,73.425,0,1.2263,0,0,10.032,0,0,0,0,0,69.904,0,0,20.064,3.5209,6.5111,0,0,0,0.13636,0.86364,0,0,1,0,0,0,0,1,0,0,0
0,0,5.6949,0,0.58588,63.871,0,0,29.849,0,0,13.072,0.71508,0,0,0,70.676,0,1.6348,0,0,13.902,0,0,0,0,0,63.871,0,0,22.889,8.0027,5.2374,0,0,0,0.044776,0.95522,0,0,1,0,0,0,0,1,0,0,0
0,0,3.5446,0,0.42304,71.941,0,0,24.091,0,0,9.6868,0.85192,0,0,0,75.349,0,3.5826,0,0,10.53,0,0,0,0,0,71.941,0,0,17.972,4.1407,5.9455,0,0,0.055556,0.27778,0.66667,0,0,1,0,0,0,0,1,0,0,0
0,0,1.5671,0,0,78.407,0,0,17.235,0,2.7917,5.4383,0.82898,0,0.82898,1.0964,80.711,2.5242,0.73816,0,0,7.8338,0,0,0,0,0,78.407,2.7917,0,10.877,4.7916,3.1336,0,0,1,0,0,0,0,1,0,0,0,0,1,0,0,0
0,0,2.1342,0,0,69.995,0,0,27.286,0,0.58512,7.3262,2.4804,0,1.8973,0,72.478,2.1262,1.8594,0,0,11.832,0,0,0,0,0,69.995,0.58512,0,14.606,9.0318,5.7822,0,0,0.97826,0,0.021739,0,0,1,0,0,0,0,1,0,0,0
1.3607,0,2.3951,0,0.68035,68.465,0,0.68035,14.647,1.1057,10.666,4.3107,3.0754,0,2.7221,4.3137,69.763,6.2806,0.68035,0,0,8.8544,0,1.786,0,1.1057,0,69.826,8.1992,0,6.9073,7.8029,4.3734,0,0,1,0,0,0,0,1,0,0,0,0,1,0,0,0
0,0,4.1317,0,0,67.858,0,0,25.943,0,2.067,7.1806,2.8773,0.4515,1.9565,0,69.389,4.8926,0,0,0,13.253,0,0,0,0,0,67.858,2.067,0,11.643,12.279,6.1528,0,0,0.9875,0,0.0125,0,0,1,0,0,0,0,1,0,0,0
0,0,1.2652,0,0,63.984,0,0,34.75,0,0,8.3393,3.6659,0,2.1686,0,69.115,1.3641,1.7378,0,0,13.609,0,0,0,0,0,63.984,0,0,21.154,9.3511,5.5104,0,0,0,0.076923,0.92308,0,0,1,0,0,0,0,1,0,0,0
0,0,0.88503,0,0,72.07,0,0,27.045,0,0,8.0116,1.2985,0,1.3422,0,74.154,1.2985,1.189,0,0,12.706,0,0,0,0,0,72.07,0,0,14.242,7.7606,5.9275,0,0,0.125,0.175,0.7,0,0,1,0,0,0,0,1,0,0,0
0,0,6.6493,0,0,63.471,0,0,29.88,0,0,6.4272,5.3967,0.61888,1.5587,0,64.831,5.2691,0,0,0,15.898,0,0,0,0,0,63.471,0,0,14.478,16.237,5.8138,0,0,0.02,0.24,0.74,0,0,1,0,0,0,0,1,0,0,0
0,0,4.6766,0,0,71.078,0,0,24.246,0,0,6.6096,2.2627,0.98234,3.3991,0,72.261,2.4485,0,0,0,12.036,0,0,0,0,0,71.078,0,0,9.7135,12.986,6.2225,0,0,0.030769,0.35385,0.61538,0,0,1,0,0,0,0,1,0,0,0
0,0,0,0,0,87.944,0,0,12.056,0,0,3.3007,0.71799,0,0,0,91.236,0,0,0,0.72674,4.0187,0,0,0,0,0,87.944,0,0,8.0374,3.292,0.72674,0,0,0,0.15596,0.84404,0,0,1,0,0,0,0,1,0,0,0
0,0,0,0,0,100,0,0,0,0,0,0,0,0,0,0,100,0,0,0,0,0,0,0,0,0,0,100,0,0,0,0,0,0,0,0,0.27778,0.72222,0,0,1,0,0,0,0,1,0,0,0
0,0,0,0,0,87.947,0,0,12.053,0,0,2.1919,1.8257,0,0,0.72444,91.24,0,0,0,0,4.0175,0,0,0,0,0,87.947,0,0,8.0351,3.2931,0.72444,0,0,0.01,0.21,0.78,0,0,1,0,0,0,0,1,0,0,0
0,0,0,0,0,100,0,0,0,0,0,0,0,0,0,0,100,0,0,0,0,0,0,0,0,0,0,100,0,0,0,0,0,0,0,0,0.19,0.81,0,0,1,0,0,0,0,1,0,0,0
0,0,0,0,0,100,0,0,0,0,0,0,0,0,0,0,100,0,0,0,0,0,0,0,0,0,0,100,0,0,0,0,0,0,0,0,0.09434,0.90566,0,0,1,0,0,0,0,1,0,0,0
0,0,0,0,0,100,0,0,0,0,0,0,0,0,0,0,100,0,0,0,0,0,0,0,0,0,0,100,0,0,0,0,0,0,0,0,0.31683,0.68317,0,0,1,0,0,0,0,1,0,0,0
0,0,0,0,0,100,0,0,0,0,0,0,0,0,0,0,100,0,0,0,0,0,0,0,0,0,0,100,0,0,0,0,0,0,0,0.011111,0.15556,0.83333,0,0,1,0,0,0,0,1,0,0,0
0,0,0,0,0,100,0,0,0,0,0,0,0,0,0,0,100,0,0,0,0,0,0,0,0,0,0,100,0,0,0,0,0,0,0,0,0.21,0.79,0,0,1,0,0,0,0,1,0,0,0
0,0,0,0,0,89.851,0,0,10.149,0,0,2.5399,0.84323,0,0,0,93.234,0,0,0,0,3.3831,0,0,0,0,0,89.851,0,0,6.7663,3.3831,0,0,0,0,0.26,0.74,0,0,1,0,0,0,0,1,0,0,0
0,0,0,0,0,100,0,0,0,0,0,0,0,0,0,0,100,0,0,0,0,0,0,0,0,0,0,100,0,0,0,0,0,0,0,0,0.26,0.74,0,0,1,0,0,0,0,1,0,0,0
0,0,0,0,0,89.797,0,0,10.203,0,0,3.4009,0,0,0,0,93.198,0,0,0,0,3.4009,0,0,0,0,0,89.797,0,0,6.8018,3.4009,0,0,0,0.033333,0.2,0.76667,0,0,1,0,0,0,0,1,0,0,0
0,0,0,0,0,100,0,0,0,0,0,0,0,0,0,0,100,0,0,0,0,0,0,0,0,0,0,100,0,0,0,0,0,0,0,0,0.18889,0.81111,0,0,1,0,0,0,0,1,0,0,0
0,0,0,0,0,100,0,0,0,0,0,0,0,0,0,0,100,0,0,0,0,0,0,0,0,0,0,100,0,0,0,0,0,0,0,0.022222,0.16667,0.81111,0,0,1,0,0,0,0,1,0,0,0
0,0,0,0,0,100,0,0,0,0,0,0,0,0,0,0,100,0,0,0,0,0,0,0,0,0,0,100,0,0,0,0,0,0,0,0,0.19,0.81,0,0,1,0,0,0,0,1,0,0,0
0,0,0,0,0,100,0,0,0,0,0,0,0,0,0,0,100,0,0,0,0,0,0,0,0,0,0,100,0,0,0,0,0,0,0,0.08642,0.098765,0.81481,0,0,1,0,0,0,0,1,0,0,0
0,0,0,0,0,100,0,0,0,0,0,0,0,0,0,0,100,0,0,0,0,0,0,0,0,0,0,100,0,0,0,0,0,0,0,0,0.18889,0.81111,0,0,1,0,0,0,0,1,0,0,0
0,0,0,0,0,100,0,0,0,0,0,0,0,0,0,0,100,0,0,0,0,0,0,0,0,0,0,100,0,0,0,0,0,0,0,0,0.030612,0.96939,0,0,1,0,0,0,0,1,0,0,0
0,0,0,0,0,100,0,0,0,0,0,0,0,0,0,0,100,0,0,0,0,0,0,0,0,0,0,100,0,0,0,0,0,0,0,0.14493,0.24638,0.6087,0,0,1,0,0,0,0,1,0,0,0
0,0,0,0,0,100,0,0,0,0,0,0,0,0,0,0,100,0,0,0,0,0,0,0,0,0,0,100,0,0,0,0,0,0,0,0.020833,0.17708,0.80208,0,0,1,0,0,0,0,1,0,0,0
0,0,0,0,0,100,0,0,0,0,0,0,0,0,0,0,100,0,0,0,0,0,0,0,0,0,0,100,0,0,0,0,0,0,0,0,0.37313,0.62687,0,0,1,0,0,0,0,1,0,0,0
0,0,0,0,0,100,0,0,0,0,0,0,0,0,0,0,100,0,0,0,0,0,0,0,0,0,0,100,0,0,0,0,0,0,0,0,0.27273,0.72727,0,0,1,0,0,0,0,1,0,0,0
0,0,0,0,0,100,0,0,0,0,0,0,0,0,0,0,100,0,0,0,0,0,0,0,0,0,0,100,0,0,0,0,0,0,0,0.014493,0.26087,0.72464,0,0,1,0,0,0,0,1,0,0,0
0,0,0,0,0,100,0,0,0,0,0,0,0,0,0,0,100,0,0,0,0,0,0,0,0,0,0,100,0,0,0,0,0,0,0,0.024691,0.24691,0.7284,0,0,1,0,0,0,0,1,0,0,0
0,0,0,0,0,100,0,0,0,0,0,0,0,0,0,0,100,0,0,0,0,0,0,0,0,0,0,100,0,0,0,0,0,0,0,0.031746,0.30159,0.66667,0,0,1,0,0,0,0,1,0,0,0
0,0,0,0,0,89.613,0,0,10.387,0,0,3.4624,0,0,0,0,93.075,0,0,0,0,3.4624,0,0,0,0,0,89.613,0,0,6.9247,3.4624,0,0,0,0,0.20909,0.79091,0,0,1,0,0,0,0,1,0,0,0
0,0,0,0,0,100,0,0,0,0,0,0,0,0,0,0,100,0,0,0,0,0,0,0,0,0,0,100,0,0,0,0,0,0,0,0,0.15455,0.84545,0,0,1,0,0,0,0,1,0,0,0
0,0,0,0,0,87.621,0,0,12.379,0,0,3.3398,0.78659,0,0,0,90.993,0,0.75419,0,0,4.1264,0,0,0,0,0,87.621,0,0,8.2527,3.3722,0.75419,0,0,0,0.14019,0.85981,0,0,1,0,0,0,0,1,0,0,0
0,0,0,0,0,100,0,0,0,0,0,0,0,0,0,0,100,0,0,0,0,0,0,0,0,0,0,100,0,0,0,0,0,0,0,0,0.17593,0.82407,0,0,1,0,0,0,0,1,0,0,0
0,0,0,0,0,100,0,0,0,0,0,0,0,0,0,0,100,0,0,0,0,0,0,0,0,0,0,100,0,0,0,0,0,0,0,0.040404,0.070707,0.88889,0,0,1,0,0,0,0,1,0,0,0
0,0,0,0,0,100,0,0,0,0,0,0,0,0,0,0,100,0,0,0,0,0,0,0,0,0,0,100,0,0,0,0,0,0,0,0,0.14545,0.85455,0,0,1,0,0,0,0,1,0,0,0
0,0,0,0,0,100,0,0,0,0,0,0,0,0,0,0,100,0,0,0,0,0,0,0,0,0,0,100,0,0,0,0,0,0,0,0,0.074074,0.92593,0,0,1,0,0,0,0,1,0,0,0
0,0,0,0,0,100,0,0,0,0,0,0,0,0,0,0,100,0,0,0,0,0,0,0,0,0,0,100,0,0,0,0,0,0,0,0.010753,0.30108,0.68817,0,0,1,0,0,0,0,1,0,0,0
0,0,0,0,0,88.02,0,0,11.98,0,0,1.4226,2.5705,0,0,0,90.556,0.74378,0,0,0,4.7075,0,0,0,0,0,88.02,0,0,7.272,3.9932,0.71432,0,0,0,0.18627,0.81373,0,0,1,0,0,0,0,1,0,0,0
0,0,0,0,0,100,0,0,0,0,0,0,0,0,0,0,100,0,0,0,0,0,0,0,0,0,0,100,0,0,0,0,0,0,0,0,0.20588,0.79412,0,0,1,0,0,0,0,1,0,0,0
0,0,0,0,0,88.31,0,0,11.691,0,0,0.69915,2.4159,0.78184,0.69915,0,89.032,2.4752,0,0,0,3.8968,0,0,0,0,0,88.31,0,0,6.3127,4.6787,0.69915,0,0,0.011111,0.22222,0.76667,0,0,1,0,0,0,0,1,0,0,0
0,0,0,0,0,100,0,0,0,0,0,0,0,0,0,0,100,0,0,0,0,0,0,0,0,0,0,100,0,0,0,0,0,0,0,0,0.23864,0.76136,0,0,1,0,0,0,0,1,0,0,0
0,0,0,0,0,100,0,0,0,0,0,0,0,0,0,0,100,0,0,0,0,0,0,0,0,0,0,100,0,0,0,0,0,0,0,0,0.1,0.9,0,0,1,0,0,0,0,1,0,0,0
0,0,0,0,0,100,0,0,0,0,0,0,0,0,0,0,100,0,0,0,0,0,0,0,0,0,0,100,0,0,0,0,0,0,0,0,0.23232,0.76768,0,0,1,0,0,0,0,1,0,0,0
0,0,0,0,0,100,0,0,0,0,0,0,0,0,0,0,100,0,0,0,0,0,0,0,0,0,0,100,0,0,0,0,0,0,0,0.012346,0.18519,0.80247,0,0,1,0,0,0,0,1,0,0,0
0,0,0,0,0,100,0,0,0,0,0,0,0,0,0,0,100,0,0,0,0,0,0,0,0,0,0,100,0,0,0,0,0,0,0,0,0.18681,0.81319,0,0,1,0,0,0,0,1,0,0,0
0,0,0,0,0,100,0,0,0,0,0,0,0,0,0,0,100,0,0,0,0,0,0,0,0,0,0,100,0,0,0,0,0,0,0,0.010101,0.20202,0.78788,0,0,1,0,0,0,0,1,0,0,0
0,0,0,0,0,100,0,0,0,0,0,0,0,0,0,0,100,0,0,0,0,0,0,0,0,0,0,100,0,0,0,0,0,0,0,0,0.14474,0.85526,0,0,1,0,0,0,0,1,0,0,0
0,0,0,0,0,100,0,0,0,0,0,0,0,0,0,0,100,0,0,0,0,0,0,0,0,0,0,100,0,0,0,0,0,0,0,0,0.10891,0.89109,0,0,1,0,0,0,0,1,0,0,0
0,0,0,0,0,100,0,0,0,0,0,0,0,0,0,0,100,0,0,0,0,0,0,0,0,0,0,100,0,0,0,0,0,0,0,0.032258,0.35484,0.6129,0,0,1,0,0,0,0,1,0,0,0
0,0,0,0,0,100,0,0,0,0,0,0,0,0,0,0,100,0,0,0,0,0,0,0,0,0,0,100,0,0,0,0,0,0,0,0,0.058252,0.94175,0,0,1,0,0,0,0,1,0,0,0
0,0,0,0,0,100,0,0,0,0,0,0,0,0,0,0,100,0,0,0,0,0,0,0,0,0,0,100,0,0,0,0,0,0,0,0.015385,0.29231,0.69231,0,0,1,0,0,0,0,1,0,0,0
0,0,0,0,0,100,0,0,0,0,0,0,0,0,0,0,100,0,0,0,0,0,0,0,0,0,0,100,0,0,0,0,0,0,0,0.023256,0.24419,0.73256,0,0,1,0,0,0,0,1,0,0,0
0,0,0,0,0,100,0,0,0,0,0,0,0,0,0,0,100,0,0,0,0,0,0,0,0,0,0,100,0,0,0,0,0,0,0,0,0.40351,0.59649,0,0,1,0,0,0,0,1,0,0,0
6.605,0,4.8317,0,2.2764,44.927,0,2.2764,17.993,1.5602,19.53,7.1081,5.0558,2.0523,5.2716,6.9355,47.204,9.2605,4.3287,2.0523,0,10.732,0,3.8366,0,1.5602,0,51.532,13.417,0,5.7746,14.495,9.3844,0,0,1,0,0,0,0,1,0,0,0,0,1,0,0,0
3.263,0,10.407,0,0,58.995,0,0,24.803,0,2.5324,7.135,1.6405,4.1162,1.8569,0,58.995,5.0261,3.263,3.263,0,14.704,0,0,0,0,0,62.258,2.5324,0,4.8928,21.651,8.6651,0,0,1,0,0,0,0,1,0,0,0,0,1,0,0,0
1.612,1.074,6.304,0,0.9441,59.258,0.98209,0.49105,11.835,4.4807,13.019,1.7464,2.8703,1.2934,1.8837,6.1051,56.787,7.1922,2.4599,3.3076,4.3549,12,2.2829,7.3809,0.49105,6.3644,3.8144,56.833,8.4089,0,3.3189,5.5916,5.5141,0,0,0.5814,0.4186,0,0,0,1,0,0,0,0,0.51163,0.48837,0,0
1.1879,0,8.1237,0,0.59395,59.112,0,0.59395,24.934,0,5.4539,5.5566,3.9761,0.90403,1.1879,1.1879,59.706,7.3643,0.59395,1.1031,0,18.42,0,0.59395,0,0,0,60.3,4.266,0,4.8801,20.014,9.9459,0,0,1,0,0,0,0,1,0,0,0,0,0.96078,0.039216,0,0
1.4156,0,3.9132,0,0,59.728,0,0,34.943,0,0,5.1733,3.3368,3.5502,1.8868,0,59.728,5.4714,1.4156,2.118,0,17.319,0,0,0,0,0,61.144,0,0,8.1975,22.148,8.5107,0,0,0,0.30233,0.69767,0,0,1,0,0,0,0,1,0,0,0
0.9933,0,10.209,0,0,69.09,0,0,19.707,0,0,5.6411,2.3055,0.9933,1.0575,0,69.09,2.3055,0.9933,2.142,0,15.472,0,0,0,0,0,70.083,0,0,4.3082,17.514,8.0943,0,0,0.025974,0.23377,0.74026,0,0,1,0,0,0,0,1,0,0,0
2.98,0,13.002,0,0,61.682,0,0,22.336,0,0,7.1508,1.2452,4.733,0,0,61.682,2.9983,2.98,6.1355,0,13.075,0,0,0,0,0,64.662,0,0,2.9983,25.189,7.1508,0,0,0.023256,0.37209,0.60465,0,0,1,0,0,0,0,0.95349,0.046512,0,0
1.2847,0,5.6778,0,0,76.169,0,0,16.869,0,0,3.8511,0,2.5023,0,0,76.169,1.2176,1.2847,1.2847,0,13.691,0,0,1.6531,0,0,77.454,0,0,1.2176,12.797,6.8789,0,0,0,0.20253,0.79747,0,0,1,0,0,0,0,0.98734,0.012658,0,0
5.2867,6.3247,8.5044,2.5233,7.0097,24.087,8.899,15.806,16.058,2.7128,2.7885,10.756,2.779,2.7885,0,7.5171,39.224,7.6559,0,2.7128,9.4417,17.125,10.101,7.7729,19.904,9.6267,1.1473,22.94,0,3.675,1.9496,6.0242,16.86,0,0.12963,0.87037,0,0,0,0,0.90741,0.074074,0.018519,0.037037,0.092593,0.87037,0,0,0
5.5665,0,8.035,0,0,28.328,0,11.133,35.804,11.133,0,13.602,0,0,0,8.035,28.328,0,9.867,0,16.7,23.469,5.5665,11.133,19.168,0,0,28.328,0,0,8.035,16.07,11.699,0,0,1,0,0,0,0,1,0,0,0,0,1,0,0,0
0,0,0.9746,0,0,77.056,0,0,21.97,0,0,0.9746,0,0,0,1.9144,77.056,0,4.0562,0,0,15.999,0,0,0.9746,0,0,77.056,0,0,0.88533,3.9965,17.088,0,0,1,0,0,0,0,1,0,0,0,0,1,0,0,0
0,0,1.2628,0,0,86.622,0,0,12.115,0,0,1.2628,0,0,0,3.4952,86.622,0,2.7311,1.8945,0,3.994,0,0,1.2628,0,0,86.622,0,0,1.2628,6.6525,4.1994,0,0,0.026667,0.14667,0.82667,0,0,1,0,0,0,0,1,0,0,0
0,0,4.3823,0,0,72.127,0,0,23.491,0,0,4.3823,0,0,0,7.1595,72.127,0,3.4254,0,0,12.906,0,0,4.3823,0,0,72.127,0,0,4.4174,13.92,5.1536,0,0,0,0.090909,0.90909,0,0,1,0,0,0,0,1,0,0,0
0,0,3.4325,0,0,78.447,0,0,18.12,0,0,3.4325,0,0,0,1.8066,78.447,0,5.9795,0,0,10.334,0,0,3.4325,0,0,78.447,0,0,2.8275,5.1403,10.152,0,0,0.11268,0.23944,0.64789,0,0,1,0,0,0,0,1,0,0,0
0,0,0,0,0,93.031,3.4846,3.4846,0,0,0,0,3.4846,0,0,0,93.031,0,0,3.4846,0,0,3.4846,0,0,3.4846,0,93.031,0,0,0,0,0,0,0,1,0,0,0,0,1,0,0,0,0,1,0,0,0
0,0,0,0,0,85.036,0,0,14.964,0,0,4.8592,0,2.6228,0,0.74545,85.036,0,0,0,3.3683,3.3683,0,0,0,0,0,85.036,0,0,2.2364,9.3594,3.3683,0,0,1,0,0,0,0,1,0,0,0,0,1,0,0,0
0,0,0,0,0,74.912,0,0,25.088,0,0,15.183,0,1.1463,0,2.743,74.912,0,0,0,2.743,3.2721,0,0,0,0,0,74.912,0,0,11.497,7.9443,5.6471,0,0,0.98649,0,0.013514,0,0,1,0,0,0,0,1,0,0,0
0,0,1.9222,0,0,74.958,0,0,23.12,0,0,4.3759,0,0.72473,0,3.4161,74.958,0,5.5681,0,0,10.957,0,0,1.9222,0,0,74.958,0,0,6.978,6.063,10.079,0,0,0.04878,0.12195,0.82927,0,0,1,0,0,0,0,1,0,0,0
0,0,0.95243,0,0,82.765,0,0,16.283,0,0,4.2941,0,1.4005,0,2.1161,82.765,0,2.2162,0,0,7.2082,0,0,0.95243,0,0,82.765,0,0,3.3235,8.5086,4.4506,0,0,0.075,0.2375,0.6875,0,0,1,0,0,0,0,1,0,0,0
0,0,0,0,0,70.889,0,0,29.111,0,0,11.738,0,5.4811,0,1.5946,70.889,0,0,0,3.8737,6.4241,0,0,0,0,0,70.889,0,0,8.7035,15.797,4.6101,0,0,0,0.38776,0.61224,0,0,1,0,0,0,0,1,0,0,0
0,0,0,0,0,78.465,0,0,21.535,0,0,11.92,0,1.2166,0,1.252,78.465,0,0,0,2.4686,4.6781,0,0,0,0,0,78.465,0,0,7.8102,7.7828,5.9424,0,0,0.012658,0.21519,0.77215,0,0,1,0,0,0,0,1,0,0,0
0,0,0,0,0,80.394,0,0,19.606,0,0,8.2183,0,1.5845,0,1.4556,81.15,0,0,0,3.7957,3.7957,0,0,0,0,0,80.394,0,0,6.6338,9.176,3.7957,0,0,1,0,0,0,0,1,0,0,0,0,1,0,0,0
0,0,0,0,0,69.974,0,0,30.026,0,0,14.305,0,2.5267,0,0.87263,71.672,0,0,0,4.6796,5.9439,0,0,0,0,0,69.974,0,0,9.2899,14.023,6.7129,0,0,0.97297,0,0.027027,0,0,1,0,0,0,0,1,0,0,0
0,0,1.4087,0,0,78.747,0,0,19.845,0,0,7.5061,0.70437,0,0,0.74371,80.74,0,0,0,2.7368,7.5692,0,0.70437,0,0,0,78.747,0,0,7.5061,5.4737,7.5692,0,0,1,0,0,0,0,1,0,0,0,0,1,0,0,0
0,0,2.8387,0,0,69.36,0,0,27.801,0,0,11.909,1.8916,0,0,1.7076,71.839,0,0,0,4.186,8.4677,0,1.6889,0,0,0,69.36,0,0,10.925,9.558,8.4677,0,0,0.98734,0,0.012658,0,0,1,0,0,0,0,1,0,0,0
0,0,0,0,0,65.374,0,0,34.626,0,0,16.855,0,1.9005,0,3.793,66.611,0,0,0,6.253,4.5872,0,0,0,0,0,65.374,0,0,13.498,14.944,6.1845,0,0,0,0.2449,0.7551,0,0,1,0,0,0,0,1,0,0,0
0,0,0,0,0,72.814,0,0,27.186,0,0,14.972,0,1.6698,0,0.86018,74.112,0,0,0,2.9885,5.3979,0,0,0,0,0,72.814,0,0,10.728,10.056,6.4022,0,0,0.012346,0.2963,0.69136,0,0,1,0,0,0,0,1,0,0,0
0,0,2.3163,0,0,64.757,0,0,32.927,0,0,13.137,2.0453,0,0,1.3901,69.743,0,0,0,6.976,6.7087,0,1.548,0,0,0,64.757,0,0,14.665,12.321,6.7087,0,0,0.022222,0.2,0.77778,0,0,1,0,0,0,0,1,0,0,0
0,0,2.3124,0,0,72.931,0,0,24.757,0,0,11.178,1.3944,0,0,1.281,75.462,0,0,0,4.4351,6.2498,0,1.7611,0,0,0,72.931,0,0,9.5916,9.4667,6.2498,0,0,0,0.14865,0.85135,0,0,1,0,0,0,0,1,0,0,0
1.1869,3.2109,20.097,0,1.2306,51.935,1.3639,1.1935,12.98,0.75005,6.0527,1.2306,2.9772,1.5475,4.648,4.1633,51.968,10.332,0.69952,3.7366,13.098,5.6002,14.594,4.9475,2.6185,3.1022,2.8572,49.652,2.5135,0.6949,4.194,6.6742,8.152,0,0,0,0.064516,0.93548,0,0,1,0,0,0,0,0,0.064516,0.93548,1
0.60864,2.1671,21.358,0,0.5733,50.36,1.0606,0.67362,14.011,0.60864,8.5794,0.5733,1.9912,3.5519,2.6373,3.1561,56.092,6.5104,3.856,9.4471,5.3127,6.8725,8.0641,11.707,2.6478,1.5584,1.6339,42.379,7.021,0.8953,2.2674,13.331,8.4951,0,0,0,0,1,0,0,1,0,0,0,0,0.31579,0.052632,0.63158,1
0,0,0,0,0,91.036,0,0,8.9644,0,0,0,0.80339,1.7498,0,0,91.036,2.5532,0,1.3048,0,2.5532,0,0,0,0,0,91.036,0,0,3.3566,5.6078,0,0,0,0,0.27273,0.72727,0,0,1,0,0,0,0,1,0,0,0
0,0,0,0,0,100,0,0,0,0,0,0,0,0,0,0,100,0,0,0,0,0,0,0,0,0,0,100,0,0,0,0,0,0,0,0,0.27451,0.72549,0,0,1,0,0,0,0,1,0,0,0
0,0,1.3734,0,0,93.876,0,0,4.7506,0,0,1.3734,0,0.66015,0,0,93.876,0.66015,0,2.7702,0,0.66015,0,0,1.3734,0,0,93.876,0,0,0.66015,4.0904,0,0,0,0.020408,0.29592,0.68367,0,0,1,0,0,0,0,1,0,0,0
0,0,0,0,0,100,0,0,0,0,0,0,0,0,0,0,100,0,0,0,0,0,0,0,0,0,0,100,0,0,0,0,0,0,0,0,0.17143,0.82857,0,0,1,0,0,0,0,1,0,0,0
0,0,0,0,0,100,0,0,0,0,0,0,0,0,0,0,100,0,0,0,0,0,0,0,0,0,0,100,0,0,0,0,0,0,0,0.065934,0.12088,0.81319,0,0,1,0,0,0,0,1,0,0,0
0,0,0,0,0,100,0,0,0,0,0,0,0,0,0,0,100,0,0,0,0,0,0,0,0,0,0,100,0,0,0,0,0,0,0,0,0.19192,0.80808,0,0,1,0,0,0,0,1,0,0,0
0,0,0,0,0,100,0,0,0,0,0,0,0,0,0,0,100,0,0,0,0,0,0,0,0,0,0,100,0,0,0,0,0,0,0,0.09375,0.09375,0.8125,0,0,1,0,0,0,0,1,0,0,0
0,0,0,0,0,100,0,0,0,0,0,0,0,0,0,0,100,0,0,0,0,0,0,0,0,0,0,100,0,0,0,0,0,0,0,0,0.19231,0.80769,0,0,1,0,0,0,0,1,0,0,0
2.1859,3.4175,22.773,0.25109,0.93524,49.513,2.5862,1.6955,11.45,2.1859,3.0068,1.4374,4.0583,0.80819,2.5755,6.1967,50.444,10.484,1.1045,4.5804,12.569,5.7416,12.402,8.5238,4.7711,2.6556,2.6821,46.582,1.1045,2.6535,2.9186,6.8669,8.8399,0,0,0,0,1,0,0,1,0,0,0,0,0.060606,0.060606,0.87879,1
0,0,3.2203,0,0,94.756,0,0,2.0236,0,0,3.2203,0,0,0,1.0877,94.756,0,0,0.93583,0,0,0,0,3.2203,0,0,94.756,0,0,0,2.0236,0,0,0,0,0.1828,0.8172,0,0,1,0,0,0,0,1,0,0,0
0,0,0,0,0,100,0,0,0,0,0,0,0,0,0,0,100,0,0,0,0,0,0,0,0,0,0,100,0,0,0,0,0,0,0,0,0.11224,0.88776,0,0,1,0,0,0,0,1,0,0,0
0,0,1.2627,0,0,93.538,0,0,5.1992,0,0,1.2627,0,0,0,2.4828,93.538,0,0.95561,0,0,1.7608,0,0,1.2627,0,0,93.538,0,0,0.80519,2.4828,1.9112,0,0,0,0.13953,0.86047,0,0,1,0,0,0,0,1,0,0,0
0,0,0,0,0,100,0,0,0,0,0,0,0,0,0,0,100,0,0,0,0,0,0,0,0,0,0,100,0,0,0,0,0,0,0,0,0.28866,0.71134,0,0,1,0,0,0,0,1,0,0,0
0,0,0,0,0,100,0,0,0,0,0,0,0,0,0,0,100,0,0,0,0,0,0,0,0,0,0,100,0,0,0,0,0,0,0,0,0.023529,0.97647,0,0,1,0,0,0,0,1,0,0,0
0,0,0,0,0,100,0,0,0,0,0,0,0,0,0,0,100,0,0,0,0,0,0,0,0,0,0,100,0,0,0,0,0,0,0,0,0.15152,0.84848,0,0,1,0,0,0,0,1,0,0,0
0,0,0,0,0,100,0,0,0,0,0,0,0,0,0,0,100,0,0,0,0,0,0,0,0,0,0,100,0,0,0,0,0,0,0,0,0.11111,0.88889,0,0,1,0,0,0,0,1,0,0,0
0,0,0,0,0,100,0,0,0,0,0,0,0,0,0,0,100,0,0,0,0,0,0,0,0,0,0,100,0,0,0,0,0,0,0,0.011111,0.34444,0.64444,0,0,1,0,0,0,0,1,0,0,0
0,0,0,0,0,100,0,0,0,0,0,0,0,0,0,0,100,0,0,0,0,0,0,0,0,0,0,100,0,0,0,0,0,0,0,0,0.27778,0.72222,0,0,1,0,0,0,0,1,0,0,0
0,0,0,0,0,100,0,0,0,0,0,0,0,0,0,0,100,0,0,0,0,0,0,0,0,0,0,100,0,0,0,0,0,0,0,0,0.28,0.72,0,0,1,0,0,0,0,1,0,0,0
0,0,0,0,0,100,0,0,0,0,0,0,0,0,0,0,100,0,0,0,0,0,0,0,0,0,0,100,0,0,0,0,0,0,0,0.030612,0.2449,0.72449,0,0,1,0,0,0,0,1,0,0,0
0,0,0,0,0,100,0,0,0,0,0,0,0,0,0,0,100,0,0,0,0,0,0,0,0,0,0,100,0,0,0,0,0,0,0,0.029412,0.23529,0.73529,0,0,1,0,0,0,0,1,0,0,0
0,0,0,0,0,100,0,0,0,0,0,0,0,0,0,0,100,0,0,0,0,0,0,0,0,0,0,100,0,0,0,0,0,0,0,0,0.12644,0.87356,0,0,1,0,0,0,0,1,0,0,0
0,0,0,0,0,100,0,0,0,0,0,0,0,0,0,0,100,0,0,0,0,0,0,0,0,0,0,100,0,0,0,0,0,0,0,0.074627,0.10448,0.8209,0,0,1,0,0,0,0,1,0,0,0
0,0,0,0,0,100,0,0,0,0,0,0,0,0,0,0,100,0,0,0,0,0,0,0,0,0,0,100,0,0,0,0,0,0,0,0,0.076923,0.92308,0,0,1,0,0,0,0,1,0,0,0
0,0,0,0,0,100,0,0,0,0,0,0,0,0,0,0,100,0,0,0,0,0,0,0,0,0,0,100,0,0,0,0,0,0,0,0.17241,0.24138,0.58621,0,0,1,0,0,0,0,1,0,0,0
0,0,0,0,0,94.452,0,0,5.5475,0,0,0.81485,0,0.81485,0,1.0324,94.452,0,0,0,0,2.8854,0,0,0,0,0,94.452,0,0,2.7574,2.7902,0,0,0,0,0.20833,0.79167,0,0,1,0,0,0,0,1,0,0,0
0,0,0,0,0,100,0,0,0,0,0,0,0,0,0,0,100,0,0,0,0,0,0,0,0,0,0,100,0,0,0,0,0,0,0,0,0.18182,0.81818,0,0,1,0,0,0,0,1,0,0,0
0,0,0,0,0,91.642,0,0,8.3582,0,0,4.1524,0,1.786,0,0.7204,91.642,0,0,0,0.7204,0.97903,0,0,0,0,0,91.642,0,0,4.3084,3.2268,0.823,0,0,0.0093458,0.28037,0.71028,0,0,1,0,0,0,0,1,0,0,0
0,0,0,0,0,100,0,0,0,0,0,0,0,0,0,0,100,0,0,0,0,0,0,0,0,0,0,100,0,0,0,0,0,0,0,0,0.28421,0.71579,0,0,1,0,0,0,0,1,0,0,0
0,0,0,0,0,100,0,0,0,0,0,0,0,0,0,0,100,0,0,0,0,0,0,0,0,0,0,100,0,0,0,0,0,0,0,0,0.14607,0.85393,0,0,1,0,0,0,0,1,0,0,0
0,0,0,0,0,100,0,0,0,0,0,0,0,0,0,0,100,0,0,0,0,0,0,0,0,0,0,100,0,0,0,0,0,0,0,0,0.20879,0.79121,0,0,1,0,0,0,0,1,0,0,0
0,0,0,0,0,100,0,0,0,0,0,0,0,0,0,0,100,0,0,0,0,0,0,0,0,0,0,100,0,0,0,0,0,0,0,0.030928,0.21649,0.75258,0,0,1,0,0,0,0,1,0,0,0
0,0,0,0,0,100,0,0,0,0,0,0,0,0,0,0,100,0,0,0,0,0,0,0,0,0,0,100,0,0,0,0,0,0,0,0,0.22449,0.77551,0,0,1,0,0,0,0,1,0,0,0
0,0,0,0,0,89.251,0,0,10.749,0,0,4.5191,0,0.7458,0,1.7009,89.948,0,0,0,2.3985,0.68741,0,0,0,0,0,89.251,0,0,4.5292,5.5325,0.68741,0,0,0.020833,0.22917,0.75,0,0,1,0,0,0,0,1,0,0,0
0,0,0,0,0,100,0,0,0,0,0,0,0,0,0,0,100,0,0,0,0,0,0,0,0,0,0,100,0,0,0,0,0,0,0,0,0.24272,0.75728,0,0,1,0,0,0,0,1,0,0,0
0,0,0.98529,0,0,89.944,0,0,9.0709,0,0,3.2601,0,0,0,0.71968,92.34,0,0,0,3.1156,0.56487,0,0.98529,0,0,0,89.944,0,0,5.0911,3.4149,0.56487,0,0,0,0.25,0.75,0,0,1,0,0,0,0,1,0,0,0
0,0,0,0,0,100,0,0,0,0,0,0,0,0,0,0,100,0,0,0,0,0,0,0,0,0,0,100,0,0,0,0,0,0,0,0,0.13793,0.86207,0,0,1,0,0,0,0,1,0,0,0
0,0,0,0,0,100,0,0,0,0,0,0,0,0,0,0,100,0,0,0,0,0,0,0,0,0,0,100,0,0,0,0,0,0,0,0.083333,0.083333,0.83333,0,0,1,0,0,0,0,1,0,0,0
0,0,0,0,0,100,0,0,0,0,0,0,0,0,0,0,100,0,0,0,0,0,0,0,0,0,0,100,0,0,0,0,0,0,0,0,0.17021,0.82979,0,0,1,0,0,0,0,1,0,0,0
0,0,0,0,0,100,0,0,0,0,0,0,0,0,0,0,100,0,0,0,0,0,0,0,0,0,0,100,0,0,0,0,0,0,0,0.057143,0.12857,0.81429,0,0,1,0,0,0,0,1,0,0,0
0,0,0,0,0,100,0,0,0,0,0,0,0,0,0,0,100,0,0,0,0,0,0,0,0,0,0,100,0,0,0,0,0,0,0,0,0.13235,0.86765,0,0,1,0,0,0,0,1,0,0,0
0,0,0,0,0,100,0,0,0,0,0,0,0,0,0,0,100,0,0,0,0,0,0,0,0,0,0,100,0,0,0,0,0,0,0,0.010417,0.125,0.86458,0,0,1,0,0,0,0,1,0,0,0
0,0,0,0,0,100,0,0,0,0,0,0,0,0,0,0,100,0,0,0,0,0,0,0,0,0,0,100,0,0,0,0,0,0,0,0.21311,0.2459,0.54098,0,0,1,0,0,0,0,1,0,0,0
0,0,0,0,0,100,0,0,0,0,0,0,0,0,0,0,100,0,0,0,0,0,0,0,0,0,0,100,0,0,0,0,0,0,0,0.022727,0.30682,0.67045,0,0,1,0,0,0,0,1,0,0,0
0,0,0,0,0,100,0,0,0,0,0,0,0,0,0,0,100,0,0,0,0,0,0,0,0,0,0,100,0,0,0,0,0,0,0,0.073529,0.20588,0.72059,0,0,1,0,0,0,0,1,0,0,0
0,0,0,0,0,100,0,0,0,0,0,0,0,0,0,0,100,0,0,0,0,0,0,0,0,0,0,100,0,0,0,0,0,0,0,0.038462,0.21795,0.74359,0,0,1,0,0,0,0,1,0,0,0
0,0,0,0,0,100,0,0,0,0,0,0,0,0,0,0,100,0,0,0,0,0,0,0,0,0,0,100,0,0,0,0,0,0,0,0.033333,0.3,0.66667,0,0,1,0,0,0,0,1,0,0,0
0,0,0,0,0,100,0,0,0,0,0,0,0,0,0,0,100,0,0,0,0,0,0,0,0,0,0,100,0,0,0,0,0,0,0,0.043478,0.15217,0.80435,0,0,1,0,0,0,0,1,0,0,0
0,0,6.0439,0,0,67.523,0,0,26.433,0,0,11.82,3.9531,0,0,0,72.47,0,0,0,4.9472,6.8096,0,3.0219,0,0,0,67.523,0,0,11.82,10.826,6.8096,0,0,1,0,0,0,0,1,0,0,0,0,1,0,0,0
0,0,4.1888,0,0,73.024,0,0,22.787,0,0,4.9925,2.3983,0,0,0,75.674,0,0,0,4.2131,12.722,0,1.1448,0,0,0,73.024,0,0,5.8986,10.254,9.6783,0,0,0.96667,0,0.033333,0,0,1,0,0,0,0,1,0,0,0
0,0,10.35,0,0,69.28,0,0,20.37,0,0,7.832,1.8877,0,0,0,74.172,0,0,0,7.3057,8.8029,0,3.7819,0,0,0,69.28,0,0,9.3622,13.453,4.1223,0,0,0,0.069767,0.93023,0,0,1,0,0,0,0,1,0,0,0
0,0,3.818,0,0,76.817,0,0,19.365,0,0,4.9091,2.7722,0,0,0,78.93,0,0,0,5.7559,7.6331,0,0.89358,0,0,0,76.817,0,0,5.1768,11.51,5.6022,0,0,0.021277,0.2766,0.70213,0,0,1,0,0,0,0,1,0,0,0
0,0,4.7399,0,0,71.312,0,0,23.948,0,0,3.3208,4.9041,0,0,0,74.392,0,0,0,9.2353,8.1479,0,3.0795,0,0,0,71.312,0,0,4.7399,12.72,8.1479,0,0,0,0,1,0,0,1,0,0,0,0,1,0,0,0
0,0,12.493,0,0,72.103,0,0,15.405,0,0,3.1658,3.0321,0,0,0,76.55,0,0,0,4.4469,12.806,0,4.0797,0,0,0,72.103,0,0,6.2134,12.188,5.4163,0,0,0.030303,0.18182,0.78788,0,0,1,0,0,0,0,1,0,0,0
0,0,3.2459,0,0,86.528,0,0,10.227,0,0,0.87683,0.83914,0,0,0,90.65,0,0,0,5.9554,1.6783,0,3.2459,0,0,0,86.528,0,0,4.9996,3.5487,1.6783,0,0,0,0.14754,0.85246,0,0,1,0,0,0,0,1,0,0,0
0,0,0,0,0,100,0,0,0,0,0,0,0,0,0,0,100,0,0,0,0,0,0,0,0,0,0,100,0,0,0,0,0,0,0,0,0.072727,0.92727,0,0,1,0,0,0,0,1,0,0,0
