h1,h2,h3,h4,h5,h6,h7,h8,h9,h10,h11,h12,h13,h14,h15,h16,h17,h18,h19,h20,h21,h22,h23,h24,h25,h26,h27,h28,h29,h30,h31,h32,h33,h34,h35,h36,h37,h38,h39,h40,h41,h42,h43,h44,h45,h46,h47,h48,label
0,0,0,0,0,100,0,0,0,0,0,0,0,0,0,0,100,0,0,0,0,0,0,0,0,0,0,100,0,0,0,0,0,0,0,1,0,0,0,0,1,0,0,0,0,1,0,0,0
0,0,0,0,0,99.053,0,0,0.94679,0,0,0,0,0,0.94679,0,99.053,0,0,0,0,0,0,0,0,0,0,99.053,0,0,0,0,0.94679,0,0,1,0,0,0,0,1,0,0,0,0,1,0,0,0
0,0,0.98137,0,0,89.281,0,0,9.7375,0,0,1.9627,0,0,1.9556,0,90.262,0,0,0,0,5.8192,0,0.98137,0,0,0,89.281,0,0,0.98137,0.98137,7.7748,0,0,1,0,0,0,0,1,0,0,0,0,1,0,0,0
0,0,0,0,0,100,0,0,0,0,0,0,0,0,0,0,100,0,0,0,0,0,0,0,0,0,0,100,0,0,0,0,0,0,0,1,0,0,0,0,1,0,0,0,0,1,0,0,0
0,0,0,0,0,100,0,0,0,0,0,0,0,0,0,0,100,0,0,0,0,0,0,0,0,0,0,100,0,0,0,0,0,0,0,1,0,0,0,0,1,0,0,0,0,1,0,0,0
0,0,0,0,0,100,0,0,0,0,0,0,0,0,0,0,100,0,0,0,0,0,0,0,0,0,0,100,0,0,0,0,0,0,0,1,0,0,0,0,1,0,0,0,0,1,0,0,0
0,0,0,0,0,100,0,0,0,0,0,0,0,0,0,0,100,0,0,0,0,0,0,0,0,0,0,100,0,0,0,0,0,0,0,1,0,0,0,0,1,0,0,0,0,1,0,0,0
0,0,0,0,0,100,0,0,0,0,0,0,0,0,0,0,100,0,0,0,0,0,0,0,0,0,0,100,0,0,0,0,0,0,0,1,0,0,0,0,1,0,0,0,0,1,0,0,0
0,0,0,0,0,100,0,0,0,0,0,0,0,0,0,0,100,0,0,0,0,0,0,0,0,0,0,100,0,0,0,0,0,0,0,1,0,0,0,0,1,0,0,0,0,1,0,0,0
0,0,0,0,0,100,0,0,0,0,0,0,0,0,0,0,100,0,0,0,0,0,0,0,0,0,0,100,0,0,0,0,0,0,0,1,0,0,0,0,1,0,0,0,0,1,0,0,0
0,0,0,0,0,100,0,0,0,0,0,0,0,0,0,0,100,0,0,0,0,0,0,0,0,0,0,100,0,0,0,0,0,0,0,1,0,0,0,0,1,0,0,0,0,1,0,0,0
0,0,0,0,0,100,0,0,0,0,0,0,0,0,0,0,100,0,0,0,0,0,0,0,0,0,0,100,0,0,0,0,0,0,0,1,0,0,0,0,1,0,0,0,0,1,0,0,0
0,0,0,0,0,100,0,0,0,0,0,0,0,0,0,0,100,0,0,0,0,0,0,0,0,0,0,100,0,0,0,0,0,0,0,1,0,0,0,0,1,0,0,0,0,1,0,0,0
0,0,0,0,0,100,0,0,0,0,0,0,0,0,0,0,100,0,0,0,0,0,0,0,0,0,0,100,0,0,0,0,0,0,0,1,0,0,0,0,1,0,0,0,0,1,0,0,0
0,0,0,0,0,100,0,0,0,0,0,0,0,0,0,0,100,0,0,0,0,0,0,0,0,0,0,100,0,0,0,0,0,0,0,1,0,0,0,0,1,0,0,0,0,1,0,0,0
0,0,0,0,0,100,0,0,0,0,0,0,0,0,0,0,100,0,0,0,0,0,0,0,0,0,0,100,0,0,0,0,0,0,0,1,0,0,0,0,1,0,0,0,0,1,0,0,0
0,0,0,0,0,100,0,0,0,0,0,0,0,0,0,0,100,0,0,0,0,0,0,0,0,0,0,100,0,0,0,0,0,0,0,1,0,0,0,0,1,0,0,0,0,1,0,0,0
0,0,1.6329,0,0,93.481,0,0,4.8859,0,0,1.6329,0.81646,0,2.4365,0,93.481,0.81646,0,0,0,0.81646,0,0.81646,0.81646,0,0,93.481,0,0,0.81646,0.81646,3.253,0,0,1,0,0,0,0,1,0,0,0,0,1,0,0,0
0,0,0,0,0,100,0,0,0,0,0,0,0,0,0,0,100,0,0,0,0,0,0,0,0,0,0,100,0,0,0,0,0,0,0,1,0,0,0,0,1,0,0,0,0,1,0,0,0
0,0,0,0,0,93.746,0,0,6.2537,0,0,1.3166,1.3166,0,0.9872,0,93.746,1.3166,0,0,0,1.3166,0,0,0,0,0,93.746,0,0,1.3166,2.6333,2.3038,0,0,1,0,0,0,0,1,0,0,0,0,1,0,0,0
0,0,0,0,0,100,0,0,0,0,0,0,0,0,0,0,100,0,0,0,0,0,0,0,0,0,0,100,0,0,0,0,0,0,0,1,0,0,0,0,1,0,0,0,0,1,0,0,0
0,0,0,0,0,100,0,0,0,0,0,0,0,0,0,0,100,0,0,0,0,0,0,0,0,0,0,100,0,0,0,0,0,0,0,1,0,0,0,0,1,0,0,0,0,1,0,0,0
0,0,0,0,0,100,0,0,0,0,0,0,0,0,0,0,100,0,0,0,0,0,0,0,0,0,0,100,0,0,0,0,0,0,0,1,0,0,0,0,1,0,0,0,0,1,0,0,0
0,0,0,0,0,100,0,0,0,0,0,0,0,0,0,0,100,0,0,0,0,0,0,0,0,0,0,100,0,0,0,0,0,0,0,1,0,0,0,0,1,0,0,0,0,1,0,0,0
0,0,0,0,0,100,0,0,0,0,0,0,0,0,0,0,100,0,0,0,0,0,0,0,0,0,0,100,0,0,0,0,0,0,0,1,0,0,0,0,1,0,0,0,0,1,0,0,0
0,0,0,0,0,89.264,0,0,10.736,0,0,2.6841,2.6841,0,0,0,89.264,2.6841,0,0,0,2.6841,0,0,0,0,0,89.264,0,0,0,8.0524,2.6841,0,0,1,0,0,0,0,1,0,0,0,0,1,0,0,0
0,0,0,0,0,100,0,0,0,0,0,0,0,0,0,0,100,0,0,0,0,0,0,0,0,0,0,100,0,0,0,0,0,0,0,1,0,0,0,0,1,0,0,0,0,1,0,0,0
0,0,0,0,0,91.457,0,0,8.5425,0,0,1.4238,1.4238,0,1.4238,0,91.457,1.4238,0,0,1.4238,1.4238,0,0,0,0,0,91.457,0,0,4.2713,2.8475,1.4238,0,0,1,0,0,0,0,1,0,0,0,0,1,0,0,0
0,0,0,0,0,100,0,0,0,0,0,0,0,0,0,0,100,0,0,0,0,0,0,0,0,0,0,100,0,0,0,0,0,0,0,1,0,0,0,0,1,0,0,0,0,1,0,0,0
0,0,0,0,0,100,0,0,0,0,0,0,0,0,0,0,100,0,0,0,0,0,0,0,0,0,0,100,0,0,0,0,0,0,0,1,0,0,0,0,1,0,0,0,0,1,0,0,0
0,0,0,0,0,100,0,0,0,0,0,0,0,0,0,0,100,0,0,0,0,0,0,0,0,0,0,100,0,0,0,0,0,0,0,1,0,0,0,0,1,0,0,0,0,1,0,0,0
0,0,0,0,0,100,0,0,0,0,0,0,0,0,0,0,100,0,0,0,0,0,0,0,0,0,0,100,0,0,0,0,0,0,0,1,0,0,0,0,1,0,0,0,0,1,0,0,0
0,0,0,0,0,100,0,0,0,0,0,0,0,0,0,0,100,0,0,0,0,0,0,0,0,0,0,100,0,0,0,0,0,0,0,1,0,0,0,0,1,0,0,0,0,1,0,0,0
0,0,0,0,0,100,0,0,0,0,0,0,0,0,0,0,100,0,0,0,0,0,0,0,0,0,0,100,0,0,0,0,0,0,0,1,0,0,0,0,1,0,0,0,0,1,0,0,0
0,0,0,0,0,100,0,0,0,0,0,0,0,0,0,0,100,0,0,0,0,0,0,0,0,0,0,100,0,0,0,0,0,0,0,1,0,0,0,0,1,0,0,0,0,1,0,0,0
0,0,0,0,0,100,0,0,0,0,0,0,0,0,0,0,100,0,0,0,0,0,0,0,0,0,0,100,0,0,0,0,0,0,0,1,0,0,0,0,1,0,0,0,0,1,0,0,0
0,0,0,0,0,100,0,0,0,0,0,0,0,0,0,0,100,0,0,0,0,0,0,0,0,0,0,100,0,0,0,0,0,0,0,1,0,0,0,0,1,0,0,0,0,1,0,0,0
0,0,0,0,0,100,0,0,0,0,0,0,0,0,0,0,100,0,0,0,0,0,0,0,0,0,0,100,0,0,0,0,0,0,0,1,0,0,0,0,1,0,0,0,0,1,0,0,0
0,0,0,0,0,100,0,0,0,0,0,0,0,0,0,0,100,0,0,0,0,0,0,0,0,0,0,100,0,0,0,0,0,0,0,1,0,0,0,0,1,0,0,0,0,1,0,0,0
0,0,0,0,0,100,0,0,0,0,0,0,0,0,0,0,100,0,0,0,0,0,0,0,0,0,0,100,0,0,0,0,0,0,0,1,0,0,0,0,1,0,0,0,0,1,0,0,0
0,0,0,0,0,100,0,0,0,0,0,0,0,0,0,0,100,0,0,0,0,0,0,0,0,0,0,100,0,0,0,0,0,0,0,1,0,0,0,0,1,0,0,0,0,1,0,0,0
0,0,0,0,0,100,0,0,0,0,0,0,0,0,0,0,100,0,0,0,0,0,0,0,0,0,0,100,0,0,0,0,0,0,0,1,0,0,0,0,1,0,0,0,0,1,0,0,0
0,0,0,0,0,100,0,0,0,0,0,0,0,0,0,0,100,0,0,0,0,0,0,0,0,0,0,100,0,0,0,0,0,0,0,1,0,0,0,0,1,0,0,0,0,1,0,0,0
0,0,0,0,0,100,0,0,0,0,0,0,0,0,0,0,100,0,0,0,0,0,0,0,0,0,0,100,0,0,0,0,0,0,0,1,0,0,0,0,1,0,0,0,0,1,0,0,0
0,0,0,0,0,100,0,0,0,0,0,0,0,0,0,0,100,0,0,0,0,0,0,0,0,0,0,100,0,0,0,0,0,0,0,1,0,0,0,0,1,0,0,0,0,1,0,0,0
0,0,0,0,0,100,0,0,0,0,0,0,0,0,0,0,100,0,0,0,0,0,0,0,0,0,0,100,0,0,0,0,0,0,0,1,0,0,0,0,1,0,0,0,0,1,0,0,0
0,0,0,0,0,100,0,0,0,0,0,0,0,0,0,0,100,0,0,0,0,0,0,0,0,0,0,100,0,0,0,0,0,0,0,1,0,0,0,0,1,0,0,0,0,1,0,0,0
0,0,0,0,0,100,0,0,0,0,0,0,0,0,0,0,100,0,0,0,0,0,0,0,0,0,0,100,0,0,0,0,0,0,0,1,0,0,0,0,1,0,0,0,0,1,0,0,0
0,0,0,0,0,100,0,0,0,0,0,0,0,0,0,0,100,0,0,0,0,0,0,0,0,0,0,100,0,0,0,0,0,0,0,1,0,0,0,0,1,0,0,0,0,1,0,0,0
0,0,0,0,0,100,0,0,0,0,0,0,0,0,0,0,100,0,0,0,0,0,0,0,0,0,0,100,0,0,0,0,0,0,0,1,0,0,0,0,1,0,0,0,0,1,0,0,0
0,0,0,0,0,99.08,0,0.92004,0,0,0,0,0,0.92004,0,0,99.08,0,0,0,0,0,0,0.92004,0,0,0,99.08,0,0,0,0,0,0,0,1,0,0,0,0,1,0,0,0,0,1,0,0,0
0,0,0,0,0,97.459,0,2.5413,0,0,0,0,0,2.5413,0,0,97.459,0,0,0,0,0,0,2.5413,0,0,0,97.459,0,0,0,0,0,0,0,1,0,0,0,0,1,0,0,0,0,1,0,0,0
0,0,0,0,0,100,0,0,0,0,0,0,0,0,0,0,100,0,0,0,0,0,0,0,0,0,0,100,0,0,0,0,0,0,0,1,0,0,0,0,1,0,0,0,0,1,0,0,0
0,0,0,0,0,98.081,0,1.2793,0,0.63965,0,0.63965,0,0,0,0,98.081,0.63965,0,0,0.63965,0,0,0.63965,0.63965,0.63965,0,98.081,0,0,0,0,0,0,0,1,0,0,0,0,1,0,0,0,0,1,0,0,0
0,0,0,0,0,100,0,0,0,0,0,0,0,0,0,0,100,0,0,0,0,0,0,0,0,0,0,100,0,0,0,0,0,0,0,1,0,0,0,0,1,0,0,0,0,1,0,0,0
0,0,0,0,0,92.238,1.8721,3.6148,0.93605,1.3394,0,2.2754,0.93605,0,0,0,92.238,1.3394,0.93605,0,1.3394,0.93605,0.93605,2.2754,3.2115,1.3394,0,92.238,0,0,0,0,0,0,0,1,0,0,0,0,1,0,0,0,0,1,0,0,0
0,0,0,0,0,92.66,0,5.5379,0,1.802,0,1.802,0,1.934,0,0,92.66,1.802,0,0,1.802,0,0,3.736,1.802,1.802,0,92.66,0,0,0,0,0,0,0,1,0,0,0,0,1,0,0,0,0,1,0,0,0
0,0,10.619,12.162,15.753,34.036,10.347,13.54,2.1631,1.3801,0,7.9699,1.4365,6.678,5.9756,9.2642,31.375,10.357,4.4324,7.6793,6.0404,8.7916,9.1783,11.814,11.563,1.3801,0,29.009,4.3512,12.36,4.0155,9.1822,7.1465,0.029412,0.078431,0.89216,0,0,0,0,1,0,0,0,0,1,0,0,0
0,0,4.63,4.2454,7.0164,64.465,5.8689,8.3229,4.8491,0.60229,0,7.5352,2.7445,3.3094,1.4542,3.2286,62.931,5.798,3.8413,1.0989,1.0989,6.9601,8.6368,7.3386,6.4204,0.60229,0,62.464,0.7373,4.1905,2.5442,3.1758,3.8907,0,0,1,0,0,0,0,1,0,0,0,0,1,0,0,0
0,0,9.3486,19.955,16.907,28.525,12.383,6.4182,5.1745,1.2889,0,7.6066,2.8295,5.8954,8.8179,11.668,24.153,8.5332,8.7182,11.082,3.5664,7.1299,11.39,14.358,7.5732,1.2889,0,13.923,5.285,18.105,9.9976,7.5323,10.547,0.40351,0.59649,0,0,0,0,0,1,0,0,0,0,1,0,0,1
0,0,0,0,0,100,0,0,0,0,0,0,0,0,0,0,100,0,0,0,0,0,0,0,0,0,0,100,0,0,0,0,0,0,0,1,0,0,0,0,1,0,0,0,0,1,0,0,0
0,0,0,0,0,100,0,0,0,0,0,0,0,0,0,0,100,0,0,0,0,0,0,0,0,0,0,100,0,0,0,0,0,0,0,1,0,0,0,0,1,0,0,0,0,1,0,0,0
0,0,0,0,0,94.996,3.5885,1.4159,0,0,0,1.7942,0,1.4159,1.7942,0,94.996,0,0,0,0,0,0,3.2102,1.7942,0,0,94.996,0,0,0,0,0,0,0,1,0,0,0,0,1,0,0,0,0,1,0,0,0
0,0,0,0,0,100,0,0,0,0,0,0,0,0,0,0,100,0,0,0,0,0,0,0,0,0,0,100,0,0,0,0,0,0,0,1,0,0,0,0,1,0,0,0,0,1,0,0,0
0,0,0,0,0,100,0,0,0,0,0,0,0,0,0,0,100,0,0,0,0,0,0,0,0,0,0,100,0,0,0,0,0,0,0,1,0,0,0,0,1,0,0,0,0,1,0,0,0
0,0,0,0,0,85.746,0,0,14.254,0,0,2.4895,0,0,0,2.4895,85.746,0,0,2.4895,2.4895,4.2963,0,0,0,1.8068,0,85.746,0,0,4.9789,4.9789,2.4895,0,0,1,0,0,0,0,1,0,0,0,0,1,0,0,0
0,1.7793,1.7793,0,0,91.39,0,0,2.1561,2.8949,0,0,0,0,0,0,90.727,1.7793,0,1.1156,3.5587,2.8199,1.7793,1.7793,0,1.0406,0,90.275,1.1156,1.7793,0,0,2.2311,0,0,1,0,0,0,0,1,0,0,0,0,1,0,0,0
0,1.2324,1.2324,0,0,92.463,0,0,3.8403,1.2324,0,0,0,0,0,0,91.23,1.2324,0,0,2.4647,5.0727,1.2324,1.2324,0,3.8403,0,92.463,0,1.2324,0,0,0,0,0,1,0,0,0,0,1,0,0,0,0,1,0,0,0
0,0,2.5812,4.2095,7.2931,66.273,6.0025,8.7983,3.1489,1.6936,0,4.2011,0,6.3902,1.6283,2.9189,66.511,5.8295,2.7459,5.9031,2.5812,1.2906,5.8295,7.8455,3.8718,0,0,61.496,4.9502,7.2931,0,2.5812,6.1331,0.15741,0.027778,0.81481,0,0,0,0,1,0,0,0,0,1,0,0,0
0,1.0697,1.0697,0,0,84.058,4.9682,0,3.8823,4.952,0,2.4841,0,0,2.4841,0,86.871,1.0697,0,3.8823,2.1394,1.0697,1.0697,3.5538,2.4841,0,0,80.176,3.8823,1.0697,0,0,7.7646,0,0,1,0,0,0,0,1,0,0,0,0,1,0,0,0
0,0,7.3184,12.185,19.987,31.33,15.578,9.5873,3.3227,0.6909,0,8.0624,1.1677,8.8338,8.9764,11.88,26.317,16.098,3.7581,6.9041,1.1039,6.8977,12.227,16.179,4.057,0.6909,0,20.631,10.788,16.459,4.8595,6.4814,7.6266,0.7381,0.2619,0,0,0,0,0,1,0,0,0,0,1,0,0,1
0.82791,1.9473,9.8231,2.8856,0.82791,67.83,3.7142,0,6.0566,6.0869,0,3.9034,4.9902,0.82791,3.0755,5.865,61.58,4.0519,1.6089,3.7604,6.7803,3.5563,6.1565,9.9662,1.4666,2.39,0,62.461,4.5414,5.259,0,3.7135,4.0458,0.041096,0.58904,0.36986,0,0,0,0,1,0,0,0,0,1,0,0,1
1.1102,1.9103,9.4327,3.0282,1.1102,61.695,2.1989,0,12.136,7.3783,0,4.4192,5.7678,1.1102,2.6723,7.0627,60.857,2.1028,2.6723,5.5139,3.665,4.1564,4.8424,8.8921,0,6.9921,1.2735,51.598,7.076,5.0774,0,4.1384,10.11,0,0,0.98214,0.0089286,0.0089286,0,0,1,0,0,0,0,0.98214,0.0089286,0.0089286,0
1.7759,6.5612,19.746,0.9795,2.7799,40.635,1.6451,0,13.7,12.178,0,8.1246,6.2532,3.1313,5.3117,14.418,32.168,6.65,1.7759,7.2078,7.3561,7.6034,10.785,15.292,0.78712,6.2605,5.0813,26.318,5.8145,10.81,2.1804,6.0743,10.596,0,0,0,0,1,0,0,1,0,0,0,0,0,0,1,1
3.6348,2.4147,11.127,0.98764,3.6483,41.304,1.459,0,16.785,18.639,0,12.368,3.7593,5.4111,5.8298,11.103,33.533,3.8599,4.0058,8.0147,5.2844,6.8306,3.6748,11.63,1.8105,6.5527,2.7666,25.482,9.5662,15.374,0.63007,7.5926,14.92,0.089744,0.11538,0.79487,0,0,0,0,1,0,0,0,0,1,0,0,0
0.6199,2.7634,22.684,4.4988,0.76861,41.593,2.2114,0,22.109,2.7516,0,7.9058,9.7605,2.6204,4.9712,11.472,34.795,7.6702,1.6752,4.5923,8.7994,5.7383,9.5022,20.851,2.1978,5.4884,3.419,31.065,6.5728,2.6108,1.2725,9.2009,7.8196,0,0,0,0.025641,0.97436,0,0,1,0,0,0,0,0,0.025641,0.97436,1
0,0,0,0,0,100,0,0,0,0,0,0,0,0,0,0,100,0,0,0,0,0,0,0,0,0,0,100,0,0,0,0,0,0,0,1,0,0,0,0,1,0,0,0,0,1,0,0,0
0,0,0,0,0,87.169,4.5294,4.4859,3.1464,0.66976,0,2.9344,2.2647,0,0,0.88172,87.169,0.66976,2.2647,0,0.66976,3.1464,2.2647,3.8162,6.0808,0.66976,0,87.169,0,0,0,0,0,0,0,1,0,0,0,0,1,0,0,0,0,1,0,0,0
0,0,0,0,0,100,0,0,0,0,0,0,0,0,0,0,100,0,0,0,0,0,0,0,0,0,0,100,0,0,0,0,0,0,0,1,0,0,0,0,1,0,0,0,0,1,0,0,0
0,0,0,0,0,93.658,1.7285,2.3065,2.3065,0,0,0.86424,0.86424,0,0,1.4423,93.658,0,0.86424,0,0,2.3065,0.86424,2.3065,3.1708,0,0,93.658,0,0,0,0,0,0,0,1,0,0,0,0,1,0,0,0,0,1,0,0,0
0,0,11.775,19.16,8.361,26.829,6.8964,8.8368,14.726,3.4155,0,13.944,4.8817,2.7248,4.9963,13.136,28.88,8.0685,3.4765,3.9603,1.694,14.239,10.394,11.044,10.026,3.4155,0,20.919,1.6943,11.869,12.968,8.7906,8.8799,0.26761,0.12676,0.60563,0,0,0,0,1,0,0,0,0,1,0,0,0
0,0,10.671,12.173,18.201,38.207,10.102,8.268,2.1383,0.2408,0,7.3407,5.2928,2.5477,4.8964,10.171,33.316,8.5907,5.7479,5.7996,1.293,15.003,10.667,16.818,10.851,0.2408,0,27.8,1.9753,6.3799,7.3935,8.31,9.5645,0.92857,0.071429,0,0,0,0,0,1,0,0,0,0,1,0,0,1
0,0,5.8517,8.6445,5.1761,63.205,5.833,2.4445,7.5653,1.2797,0,7.2253,4.6659,0,2.2215,6.0875,62.465,1.1753,2.211,2.3529,0,11.595,6.6539,8.092,7.1104,1.2797,0,57.555,0,3.7369,6.1896,3.6303,5.7519,0,0,1,0,0,0,0,1,0,0,0,0,1,0,0,0
0,0,11.51,19.444,11.449,30.709,7.0057,4.4028,12.772,2.7075,0,10.452,3.9518,2.8029,8.3485,13.632,28.344,6.2208,4.9724,5.8592,1.6283,13.788,11.061,9.8917,7.3401,2.7075,0,20.286,2.5095,14.825,12.349,8.003,11.027,0.85455,0.14545,0,0,0,0,0,1,0,0,0,0,1,0,0,1
0,0,0,0,0,100,0,0,0,0,0,0,0,0,0,0,100,0,0,0,0,0,0,0,0,0,0,100,0,0,0,0,0,0,0,1,0,0,0,0,1,0,0,0,0,1,0,0,0
0,0,0,0,0,100,0,0,0,0,0,0,0,0,0,0,100,0,0,0,0,0,0,0,0,0,0,100,0,0,0,0,0,0,0,1,0,0,0,0,1,0,0,0,0,1,0,0,0
0,0,0,0,0,100,0,0,0,0,0,0,0,0,0,0,100,0,0,0,0,0,0,0,0,0,0,100,0,0,0,0,0,0,0,1,0,0,0,0,1,0,0,0,0,1,0,0,0
0,0,0,0,0,100,0,0,0,0,0,0,0,0,0,0,100,0,0,0,0,0,0,0,0,0,0,100,0,0,0,0,0,0,0,1,0,0,0,0,1,0,0,0,0,1,0,0,0
0,0,0,0,0,96.571,0,1.7147,1.7147,0,0,0,0,0,0,1.7147,96.571,0,0,0,0,1.7147,0,1.7147,1.7147,0,0,96.571,0,0,0,0,0,0,0,1,0,0,0,0,1,0,0,0,0,1,0,0,0
0,0,0,0,1.9466,91.195,1.9287,1.5003,3.429,0,0,0,0,0,0,3.429,85.409,0,0,1.9287,0,9.2331,0,5.3577,3.447,0,0,85.409,0,1.9287,0,0,3.8574,0,0,1,0,0,0,0,1,0,0,0,0,1,0,0,0
0,0,0,0,0,100,0,0,0,0,0,0,0,0,0,0,100,0,0,0,0,0,0,0,0,0,0,100,0,0,0,0,0,0,0,1,0,0,0,0,1,0,0,0,0,1,0,0,0
0,1.3394,0,0,0,97.321,1.3394,0,0,0,0,2.5762,0,0,1.3394,1.3394,93.406,0,0,0,0,1.3394,0,0,1.3394,0,0,93.406,1.3394,0,0,1.3394,2.5762,0,0,1,0,0,0,0,1,0,0,0,0,1,0,0,0
0,0,8.2834,20.317,20.503,23.07,15.462,8.1353,3.546,0.68416,0,6.5392,2.3174,7.9362,6.641,12.912,19.298,13.324,7.451,11.511,1.5684,10.502,11.137,17.277,7.1037,0.68416,0,8.5277,9.3384,18.877,11.433,7.1198,8.5017,0.72308,0.24615,0.030769,0,0,0,0,1,0,0,0,0,1,0,0,1
0,0,4.3657,0,0,82.87,0,0,8.399,4.3657,0,4.3657,4.3657,4.3657,0,4.3657,78.504,0,0,0,0,4.0334,0,4.3657,0,0,0,82.87,0,4.3657,0,8.399,0,0,0,1,0,0,0,0,1,0,0,0,0,1,0,0,0
0,0,8.1417,11.168,11.682,55.491,3.658,3.7817,5.0935,0.984,0,5.5264,3.121,0.97921,4.2007,9.0159,55.734,4.22,1.9087,3.0122,0.61662,11.666,5.4224,8.4935,8.9818,0.984,0,50.495,0.97921,5.2641,7.0969,6.3326,5.9501,0.3038,0.088608,0.60759,0,0,0,0,1,0,0,0,0,1,0,0,0
0,3.3284,0,0,5.4232,86.72,0.68826,0,3.84,0,0,0,1.6642,0,0,2.3525,82.991,0,0,2.3525,0,10.64,0,1.3765,8.7516,0,0,81.327,1.6642,0.68826,0,3.1517,3.0407,0,0.01,0.99,0,0,0,0,1,0,0,0,0,1,0,0,0
2.9227,0,12.02,1.7719,1.6266,61.033,0,0,15.912,4.715,0,10.152,4.2275,2.5859,3.2695,8.4399,52.317,5.0577,0.94299,4.3415,4.0984,4.5681,4.911,11.544,3.6226,2.9227,2.3265,52.462,5.3008,4.4555,0.68359,7.2993,4.4719,0,0,1,0,0,0,0,1,0,0,0,0,1,0,0,0
2.7607,3.4646,21.971,1.8397,3.8528,36.708,1.3605,0,17.56,10.483,0,13.403,8.1038,3.5905,6.2356,13.47,31.776,3.318,2.2958,7.1668,4.7572,5.883,9.2576,19.882,1.1996,6.4821,3.5433,26.015,4.962,10.191,2.9394,6.078,9.4491,0,0,0,0.19444,0.80556,0,0,1,0,0,0,0,0,0.19444,0.80556,1
3.3488,3.6876,3.9492,0,1.7198,73.782,4.8309,0,7.2577,1.4242,0,2.2294,3.2132,2.2294,0.80515,7.458,67.129,2.525,0.80515,1.789,3.3488,8.468,5.05,6.4928,3.5781,5.7642,1.6103,69.289,0.98388,1.4242,0.80515,4.0184,0.98388,0,0,1,0,0,0,0,1,0,0,0,0,1,0,0,0
8.1335,0.81806,3.402,0,0.81806,67,0,0,18.617,1.2112,0,16.164,1.2112,1.2112,0,2.8473,64.153,0.81806,0,0,4.888,8.7075,1.6361,10.163,3.2455,8.1335,0,66.182,0,1.2112,0,2.8399,6.5889,0,0,1,0,0,0,0,1,0,0,0,0,1,0,0,0
0,4.8558,0,0,3.1026,86.84,2.9558,0,2.2454,0,0,2.0922,1.3818,0,2.0922,4.3376,78.683,0,0,2.2454,0,9.1675,0,1.7272,7.9584,0,0,77.301,3.474,0.86362,0,3.474,5.2013,0,0,1,0,0,0,0,1,0,0,0,0,1,0,0,0
2.0995,5.1049,2.5218,4.9353,7.9229,28.937,19.462,21.006,3.6514,1.4935,2.865,11.103,9.783,10.891,12.983,8.0408,17.069,6.8674,5.0308,3.2357,2.8113,12.186,14.537,8.1783,22.991,10.957,10.524,10.718,1.2899,1.1248,2.5119,7.0267,10.14,0,0.11494,0.88506,0,0,0,0,0.91954,0.034483,0.045977,0.068966,0.011494,0.91954,0,0,0
2.6082,3.7218,1.2163,1.8391,4.6821,60.146,12.178,9.2193,0.93666,0.61616,2.8364,9.7884,8.0066,2.4618,4.3249,7.8179,51.686,2.8351,1.8551,2.7851,1.2163,7.223,8.909,4.6915,17.937,3.078,4.3183,48.902,2.9287,0,0.61616,1.5594,7.0602,0,0,1,0,0,0,0,1,0,0,0,0,1,0,0,0
3.7274,5.9052,3.7486,3.5213,4.5235,32.793,16.02,13.179,3.8054,3.7178,9.0588,10.298,12.922,6.2319,12.074,10.344,21.694,6.7393,3.9919,6.2501,3.121,6.3346,12.491,9.3634,18.134,4.6365,8.7458,19.361,2.689,1.3189,7.4594,8.523,7.2787,0,1,0,0,0,0,0,0,0.94444,0.055556,1,0,0,0,0,1
8.4193,9.3471,2.3321,2.2133,4.1757,39.767,13.458,10.212,3.4424,2.1272,4.506,3.7676,9.3886,12.827,4.8434,13.669,27.546,7.4953,3.1354,1.7838,6.6554,8.8887,13.229,16.097,16.379,10.911,8.9783,17.65,1.82,2.5735,1.3967,4.2778,6.6878,0,1,0,0,0,0,0,0,0.96774,0.032258,1,0,0,0,0,1
5.1405,4.2483,2.4932,1.501,2.0186,39.11,22.224,5.3139,14.391,0.86291,2.696,4.7932,9.6255,8.9908,5.327,10.543,30.196,5.5807,3.7318,3.4606,3.7122,14.04,11.786,7.3874,13.797,13.372,9.1955,24.81,2.3768,1.4256,3.0559,8.641,4.1522,0,0.07,0.93,0,0,0,0,0.95,0.03,0.02,0.03,0.04,0.93,0,0,0
8.6811,6.1481,2.7269,2.1023,4.2464,33.449,21.586,6.8553,4.8684,2.4244,6.9126,7.5609,15.876,7.3113,5.0624,14.509,18.829,7.9066,3.4495,4.2303,3.4213,11.843,18.051,10.681,20.73,7.1072,6.3443,12.828,6.602,1.9737,3.4774,5.266,6.9391,0,1,0,0,0,0,0,0,0.7037,0.2963,1,0,0,0,0,1
1.3924,8.6287,6.4575,2.3414,0.40981,20.894,24.518,6.2761,9.8185,5.1166,14.147,2.4729,7.0687,15.847,12.933,4.4608,23.091,14.695,9.1762,2.7549,4.5128,2.9879,7.3337,19.049,22.312,19.934,3.2396,0,2.0592,11.025,2.5283,10.796,1.7238,0,0,0,0,1,0,0,1,0,0,0,0,0,0,1,1
0,0,16.451,16.623,18.911,21.018,9.7755,16.404,0.81814,0,0,7.333,0,6.9841,8.6233,14.129,13.196,14.074,6.8707,11.821,9.3341,7.6359,7.8022,13.378,12.829,0,0,12.066,2.5999,17.441,3.8431,16.451,13.59,0.05,0.95,0,0,0,0,0,1,0,0,0,0,1,0,0,1
1.0988,7.4745,19.604,1.355,0.67782,37.848,2.4478,0,22.289,7.2047,0,11.382,6.173,5.0474,6.9896,11.146,32.486,9.6054,1.513,3.364,5.7614,6.5327,7.3199,17.977,2.4636,7.9399,5.2678,25.536,4.7532,4.7055,1.4886,9.9335,12.614,0,0,0,0.022727,0.97727,0,0,1,0,0,0,0,0,0.022727,0.97727,1
0.28556,15.706,30.786,0.62891,1.2422,34.68,5.1082,0,8.8229,2.7399,0,9.6312,11.5,1.9687,3.5543,16.294,33.548,9.9364,0.91447,1.5278,8.8827,2.2422,18.754,23.532,0.37106,11.814,10.286,18.058,1.5711,6.5782,0.95665,2.9687,5.1097,0,0,0,0,1,0,0,1,0,0,0,0,0,0,1,1
0,0,17.964,17.117,20.009,18.639,8.3584,11.956,4.9393,1.0177,0,9.0981,3.1974,4.5877,8.8218,18.203,13.565,16.403,1.6746,5.819,3.1492,15.482,8.8224,15.1,9.14,1.0177,0,10.441,4.7736,12.618,8.4651,16.416,13.206,0,1,0,0,0,0,0,1,0,0,0,0,1,0,0,1
0.37384,1.6548,21.189,1.3892,1.6486,36.668,1.0818,0,27.505,8.4895,0,5.1992,3.5158,1.6418,9.5082,9.8628,37.894,3.8903,1.4557,7.8397,4.7181,14.475,5.0383,19.643,0.44098,3.3645,1.7158,32,2.5779,3.0537,6.7846,8.9818,16.4,0,0,0,0,1,0,0,1,0,0,0,0,0,0,1,1
0.42096,6.3083,30.257,0.50642,2.5048,37.089,1.6269,0,16.995,4.2916,0,5.5078,7.778,1.3761,6.1531,11.513,39,7.8017,0.92738,5.1126,6.4901,8.34,12.3,25.735,0.9551,3.6748,5.28,27.964,2.3034,4.8882,4.2707,5.0244,7.6045,0,0,0,0.023256,0.97674,0,0,1,0,0,0,0,0,0.023256,0.97674,1
3.4255,9.1304,3.3665,5.618,2.6884,23.365,22.538,9.0556,8.037,2.7301,10.045,6.6705,9.5543,13.287,8.0812,13.15,15.249,8.0261,4.5842,5.561,5.5694,10.268,14.093,13.548,16,14.986,9.4789,4.2056,2.4205,4.7955,6.1976,8.6835,5.5917,0,1,0,0,0,0,0,0,1,0,1,0,0,0,0,1
6.0828,8.4256,4.2468,1.4532,1.8999,24.744,21.867,12.814,7.1295,4.5371,6.8003,5.4588,9.3416,14.271,9.3493,10.475,18.443,10.878,7.2995,4.3949,4.3974,5.6924,11.284,15.65,23.163,12.542,9.802,1.8652,1.1257,4.0785,3.9741,9.2872,7.2292,0,0.95349,0.023256,0,0.023256,0,0,0.046512,0.95349,0,0.95349,0,0.023256,0,0.023256,1
3.2643,4.3933,4.8753,6.4718,4.4792,23.683,20.415,15.184,5.2059,3.4601,8.568,11.278,10.414,13.745,9.3724,10.208,14.296,10.25,2.8202,2.9177,6.074,8.6259,13.223,8.2368,23.082,9.2622,5.6556,6.5791,2.6384,3.8084,6.6439,10.327,10.544,0,0.81967,0.18033,0,0,0,0,0,1,0,1,0,0,0,0,1
0.85063,9.0971,6.8506,1.2815,0,21.058,26.944,7.1389,9.48,6.0786,11.221,8.177,4.7707,14.117,8.007,6.0267,30.135,13.56,9.0414,1.3971,3.3709,1.3971,13.611,18.79,10.562,15.303,1.1764,0,3.8878,7.9029,4.2443,17.154,7.3681,0,0,0,0.026316,0.97368,0,0,1,0,0,0,0,0.026316,0,0.97368,1
0,0,9.5193,0,0,60.883,0,0,29.597,0,0,12.812,0,0,0,9.6314,66.43,0,0,0,3.9727,7.1537,5.5466,0,3.9727,0,0,60.883,0,0,7.2491,15.195,7.1537,0,0,0,0.028571,0.97143,0,0,1,0,0,0,0,1,0,0,0
0,0,4.34,0,0,71.442,0,0,24.218,0,0,13.861,0.58001,0,0,1.9332,74.622,0,0,0,0.58001,8.4239,0.94328,2.2367,1.16,0,0,71.442,0,0,5.0464,5.0464,14.125,0,0,0.9697,0,0.030303,0,0,1,0,0,0,0,1,0,0,0
0,0,9.8159,0,0,71.803,0,0,18.381,0,0,12.113,0.78069,0,0,1.6521,78.405,0,0,0,2.4328,4.6165,5.2657,1.3368,3.2135,0,0,71.803,0,0,1.7602,5.0645,11.557,0,0,0.018519,0.40741,0.57407,0,0,1,0,0,0,0,1,0,0,0
0,0,11.835,0,0,63.472,0,0,24.693,0,0,12.215,2.5419,0,2.0164,3.0361,69.143,1.0391,0,0,3.0461,6.9626,2.3724,4.3378,5.1252,0,0,63.472,0,0,4.3278,8.9679,11.397,0,0,0.096774,0.1129,0.79032,0,0,1,0,0,0,0,1,0,0,0
0,0,8.3337,0,0,65.003,0,0,26.663,0,0,10.113,2.1747,0,3.11,2.2512,67.371,1.423,0,0,2.368,11.189,1.6164,2.1747,4.5427,0,0,65.003,0,0,3.7116,8.6524,14.299,0,0,0.9863,0,0.013699,0,0,1,0,0,0,0,1,0,0,0
0,0,5.3876,0,0,74.183,0,0,20.43,0,0,9.2341,1.5113,0,1.7067,1.6487,76.896,1.5113,0,0,0.64028,6.8521,1.8625,2.3617,1.1634,0,0,74.183,0,0,4.9359,6.935,8.5587,0,0,0.013333,0.16,0.82667,0,0,1,0,0,0,0,1,0,0,0
0,0,11.176,0,0,65.255,0,0,23.569,0,0,12.359,4.9914,0,0.67214,0,68.122,3.6469,0,0,1.3446,8.8639,0,6.514,4.6616,0,0,65.255,0,0,6.8246,7.2087,9.536,0,0,0.042857,0.3,0.65714,0,0,1,0,0,0,0,1,0,0,0
0,0,3.7292,0,0,69.411,0,0,26.86,0,0,9.7557,3.0129,0,4.5755,0,71.354,2.5363,0,0,0.47666,8.2888,0,2.7759,0.95331,0,0,69.411,0,0,4.5502,9.4456,12.864,0,0,0.97531,0,0.024691,0,0,1,0,0,0,0,1,0,0,0
0,0,4.6744,0,0,75.799,0,0,19.527,0,0,7.2991,3.7283,0,2.0734,0,76.763,2.7644,0,0,0.96395,6.4078,0,1.8552,2.8192,0,0,75.799,0,0,1.9639,9.0814,8.4813,0,0,0,0.16216,0.83784,0,0,1,0,0,0,0,1,0,0,0
0,0,5.0518,0,0,64.609,0,0,30.339,0,0,11.022,7.2642,0,2.2864,0,64.609,7.2642,0,0,0,7.5538,0,3.378,1.6738,0,0,64.609,0,0,6.9716,13.527,9.8402,0,0,0,0.30556,0.69444,0,0,1,0,0,0,0,1,0,0,0
0,0,4.9283,0,0,64.902,0,0,30.17,0,0,12.324,6.5428,0,1.0562,0,64.902,6.5428,0,0,0,8.6328,0,2.8132,2.1151,0,0,64.902,0,0,4.3892,16.092,9.689,0,0,0.98214,0,0.017857,0,0,1,0,0,0,0,1,0,0,0
0,0,1.237,0,0,77.211,0,0,21.552,0,0,7.9455,4.4406,0,0,0,77.211,4.4406,0,0,0,5.9621,0,1.237,0,0,0,77.211,0,0,5.6448,9.945,5.9621,0,0,0.027027,0.13514,0.83784,0,0,1,0,0,0,0,1,0,0,0
0,0,0,0,0,63.297,0,0,36.703,0,0,7.9899,8.7885,0,2.3772,0,63.297,8.7885,0,0,0.76879,7.9899,0,0,0,0,0,63.297,0,0,6.0285,22.684,7.9899,0,0,0.013514,0.31081,0.67568,0,0,1,0,0,0,0,1,0,0,0
0,0,0,0,0,60.924,0,0,39.076,0,0,11.278,6.8323,0,3.379,0,60.924,6.8323,0,0,2.1189,8.6353,0,0,0,0,0,60.924,0,0,12.786,17.655,8.6353,0,0,1,0,0,0,0,1,0,0,0,0,1,0,0,0
0,0,0,0,0,75.624,0,0,24.376,0,0,7.9989,3.226,0,2.0704,0,75.624,4.9108,0,0,0.61609,5.5544,0,0,0,0,0,75.624,0,0,4.2928,14.529,5.5544,0,0,0,0.15294,0.84706,0,0,1,0,0,0,0,1,0,0,0
0,0,0,0,0,62.968,0,0,37.032,0,0,8.7436,4.4191,0,1.7519,1.9728,62.968,7.0069,0,2.3909,3.7247,7.0224,0,0,0,0,0,62.968,0,0,11.365,18.645,7.0224,0,0,0.013699,0.082192,0.90411,0,0,1,0,0,0,0,1,0,0,0
0,0,0,0,0,62.719,0,0,37.281,0,0,9.9041,3.3257,0,2.252,2.716,62.719,4.4877,0,3.033,2.716,8.8465,0,0,0,0,0,62.719,0,0,6.5934,21.841,8.8465,0,0,1,0,0,0,0,1,0,0,0,0,1,0,0,0
0,0,0,0,0,78.494,0,0,21.506,0,0,4.0512,2.2932,0,3.0194,1.9921,78.494,2.2932,0,1.0318,2.7738,4.0512,0,0,0,0,0,78.494,0,0,5.8487,11.606,4.0512,0,0,0.015873,0.14286,0.84127,0,0,1,0,0,0,0,1,0,0,0
0,0,1.0854,0,0,64.182,0,0,34.733,0,0,5.1418,0.73385,0,4.5469,4.8506,64.182,1.8216,0,3.0544,9.8283,5.8407,0,1.0854,0,0,0,64.182,0,0,12.179,15.627,6.9261,0,0,0,0.060606,0.93939,0,0,1,0,0,0,0,1,0,0,0
0,0,2.2171,0,0,62.988,0,0,34.794,0,0,7.501,1.7777,0,5.9932,1.2296,62.988,1.7777,0,4.6871,7.474,6.5712,0,2.2171,0,0,0,62.988,0,0,8.8123,17.194,8.7883,0,0,1,0,0,0,0,1,0,0,0,0,1,0,0,0
0,0,0,0,0,73.696,0,0,26.304,0,0,5.1686,0.49241,0,3.1863,0.94813,73.696,2.5238,0,3.7355,4.137,6.1118,0,0,0,0,0,73.696,0,0,6.0699,14.122,6.1118,0,0,0.075758,0.27273,0.65152,0,0,1,0,0,0,0,1,0,0,0
0,0,6.2702,0,0,64.611,0,0,29.119,0,0,6.1406,0,0,6.6649,2.0065,64.611,0,0,9.088,8.6715,2.8178,0,6.2702,0,0,0,64.611,0,0,6.3776,16.601,6.1406,0,0,0.092105,0.17105,0.73684,0,0,1,0,0,0,0,0.94737,0.052632,0,0
0,0,1.3566,0,0,73.554,0,0,25.09,0,0,3.1989,0,0,1.3929,1.9818,73.554,0,0,4.5555,7.0909,8.2263,0,1.3566,0,1.3112,0,73.554,0,0,9.0727,7.7906,6.9151,0,0,1,0,0,0,0,1,0,0,0,0,1,0,0,0
0,0,3.4133,0,0,75.748,0,0,20.839,0,0,3.2081,0,0,1.1779,2.4461,75.748,0,0,5.4435,6.785,5.1912,0,3.4133,0,0,0,75.748,0,0,6.3344,8.135,6.3691,0,0,0.050633,0.1519,0.79747,0,0,1,0,0,0,0,1,0,0,0
0,1.3574,4.2712,0.84588,0,84.273,0.84588,0,7.0496,1.3574,0,2.0679,0.84588,0,2.0679,0,84.607,1.3574,0.84588,1.222,4.7826,2.2032,1.3574,5.117,0,1.6918,0,83.427,0.84588,1.3574,0,3.29,2.9138,0,0,1,0,0,0,0,1,0,0,0,0,1,0,0,0
0,0,1.2443,0,0,84.126,0,0,14.629,0,0,1.2443,0,0,3.6689,0,84.126,0,0,1.2443,6.6924,3.0236,0,1.2443,0,0,0,84.126,0,0,5.4481,4.9132,4.2679,0,0,0.037037,0.19753,0.76543,0,0,1,0,0,0,0,0.98765,0.012346,0,0
0,0,23.735,0,0,65.102,0,0,11.163,0,0,21.778,0,0,0,4.0086,65.102,0,0,0,0,9.1113,4.0086,0,1.9284,0,0,65.102,0,1.9284,5.0307,5.131,16.871,0,0,0,0.16327,0.83673,0,0,1,0,0,0,0,1,0,0,0
0,0,16.051,0,0,63.286,0,0,20.663,0,0,24.618,0,0,0,0.81731,64.789,0,0,0,0,9.7759,0.81731,1.5029,0.42769,0,0,63.286,0,0.50793,5.7075,3.8475,23.903,0,0,0.98667,0,0.013333,0,0,1,0,0,0,0,1,0,0,0
0,0,4.4007,0,0,90.402,0,0,5.1978,0,0,5.1978,0,0,0,1.4803,90.402,0,0,2.9203,0,0,1.4803,2.9203,0,0,0,90.402,0,0,0,2.5989,2.5989,0,0,0.027027,0.28378,0.68919,0,0,1,0,0,0,0,1,0,0,0
0,0,19.891,0,0,62.261,0,0,17.848,0,0,21.283,0,0,0,2.6422,64.557,0,0,0,0,11.518,2.6422,2.2955,2.8259,0,0,62.261,0,3.0092,6.4793,4.636,15.851,0,0,0.014286,0.042857,0.94286,0,0,1,0,0,0,0,1,0,0,0
0.91428,0,14.419,0.8508,1.6184,57.762,0,0,18.016,6.4197,0,12.011,4.2541,4.5508,3.4066,8.575,48.807,4.4272,0.91428,3.3835,3.3431,6.3275,3.1099,9.9429,1.7882,0.91428,2.4923,49.888,4.4675,6.2096,0.70415,7.1898,13.294,0,0,0.98958,0.010417,0,0,0,1,0,0,0,0,0.98958,0.010417,0,0
0,0,9.162,0,0,77.441,0,0,13.397,0,0,13.957,0,0,0,1.0279,78.325,0,0,0,0,6.6896,1.0279,0.88463,1.9125,0,0,77.441,0,1.0279,1.4363,6.5322,9.7377,0,0,0,0.25843,0.74157,0,0,1,0,0,0,0,1,0,0,0
0,0,14.117,0,0,64.443,0,0,21.44,0,0,10.74,3.4983,2.58,0,0.64531,67.526,0,0,1.2451,0,13.765,0.64531,6.9078,2.1578,0,0,64.443,0,0.64531,8.6139,3.1297,13.457,0,0,0.046154,0.12308,0.83077,0,0,1,0,0,0,0,1,0,0,0
0,0,12.598,0,0,59.635,0,0,27.767,0,0,18.467,1.9613,1.0785,0,1.5507,60.452,0,0,1.0785,0,15.412,1.5507,2.974,2.3677,0,0,59.635,0,3.3333,5.7181,4.5761,19.845,0,0,0.98095,0,0.019048,0,0,1,0,0,0,0,1,0,0,0
0,0,7.3467,0,0,76.155,0,0,16.499,0,0,9.3074,0.6919,1.3334,0,1.4816,76.897,0,0,0,0,10.289,1.4816,2.0754,0.56021,0,0,76.155,0,2.1196,4.3776,2.7773,10.454,0,0,0.014286,0.2,0.78571,0,0,1,0,0,0,0,1,0,0,0
0,0,14.011,0,0,62.114,0,0,23.875,0,0,8.9682,4.1546,5.9282,0,0,63.264,0,0,5.7822,0,11.903,0,12.861,0.53291,0,0,62.114,0,1.7893,13.735,0,8.9682,0,0,0.11765,0.088235,0.79412,0,0,1,0,0,0,0,1,0,0,0
0,0,4.2609,0,0,73.536,0,0,22.203,0,0,6.4692,5.0496,1.1251,0,0,74.453,0,0,1.3018,0,11.601,0,3.3439,0,0,0,73.536,0,1.2017,10.399,0,11.519,0,0,0.96739,0,0.032609,0,0,1,0,0,0,0,1,0,0,0
0,0,6.6043,0,0,79.523,0,0,13.873,0,0,3.7364,3.3113,1.1356,0,0,80.783,0,0,2.949,0,8.0851,0,5.3445,1.2599,0,0,79.523,0,1.3004,6.6603,0,5.9122,0,0,0.012821,0.19231,0.79487,0,0,1,0,0,0,0,1,0,0,0
0,0,9.1732,0,0,77.551,0,0,13.276,0,0,2.4038,5.4361,3.3434,0,0,77.551,0,0,5.8298,0,5.4361,0,9.1732,0,0,0,77.551,0,0,7.8399,0,5.4361,0,0,0.044776,0.29851,0.65672,0,0,1,0,0,0,0,0.98507,0.014925,0,0
0,0,4.1501,0,0,85.324,0,0,10.525,0,0,1.2278,3.0935,2.9224,0,0,85.324,0,0,1.2278,0,6.2041,0,4.1501,0,0,0,85.324,0,0,7.4319,0,3.0935,0,0,0.014085,0.1831,0.80282,0,0,1,0,0,0,0,1,0,0,0
0,0,5.0797,0,0,78.656,0,0,16.264,0,0,8.7735,1.0799,0,0,5.0441,80.656,0,0,0,1.9999,2.4466,0.92004,1.0799,3.0798,0,0,78.656,0,0,4.8873,6.7274,4.6495,0,0,0,0.13115,0.86885,0,0,1,0,0,0,0,1,0,0,0
0,0,5.596,0,0,92.52,0,0,1.8837,0,0,0.94185,0.74981,0,0,0.94185,96.617,0,0,0,0.74981,0,3.3466,0.74981,1.4996,0,0,92.52,0,0,0.94185,0.94185,0,0,0,0,0.15789,0.84211,0,0,1,0,0,0,0,1,0,0,0
0,0,7.5706,0,0,90.341,0,0,2.0887,0,0,0.68207,2.4934,0,0,0.68207,93.649,0.72457,0,0,1.7688,0,1.5395,2.4934,3.5377,0,0,90.341,0,0,1.4066,0.68207,0,0,0,0,0.19444,0.80556,0,0,1,0,0,0,0,1,0,0,0
0,0,0,0,0,100,0,0,0,0,0,0,0,0,0,0,100,0,0,0,0,0,0,0,0,0,0,100,0,0,0,0,0,0,0,0,0.23529,0.76471,0,0,1,0,0,0,0,1,0,0,0
0,0,0,0,0,100,0,0,0,0,0,0,0,0,0,0,100,0,0,0,0,0,0,0,0,0,0,100,0,0,0,0,0,0,0,0,0.060606,0.93939,0,0,1,0,0,0,0,1,0,0,0
0,0,0,0,0,100,0,0,0,0,0,0,0,0,0,0,100,0,0,0,0,0,0,0,0,0,0,100,0,0,0,0,0,0,0,0.014706,0.22059,0.76471,0,0,1,0,0,0,0,1,0,0,0
0,0,0,0,0,100,0,0,0,0,0,0,0,0,0,0,100,0,0,0,0,0,0,0,0,0,0,100,0,0,0,0,0,0,0,0,0.16667,0.83333,0,0,1,0,0,0,0,1,0,0,0
0,0,4.2889,0,0,92.72,0,0,2.9915,0,0,0,3.2121,0,0,0,93.576,2.3561,0,0,0.85607,0,0,2.5767,1.7121,0,0,92.72,0,0,1.7206,1.2708,0,0,0,0.013699,0.27397,0.71233,0,0,1,0,0,0,0,1,0,0,0
0,0,0,0,0,100,0,0,0,0,0,0,0,0,0,0,100,0,0,0,0,0,0,0,0,0,0,100,0,0,0,0,0,0,0,0,0.2875,0.7125,0,0,1,0,0,0,0,1,0,0,0
0,0,1.2945,0,0,90.51,0,0,8.1951,0,0,0.7988,3.946,0,0,0,90.51,3.946,0,0,0,0.7988,0,1.2945,0,0,0,90.51,0,0,1.9645,5.4317,0.7988,0,0,0,0.29114,0.70886,0,0,1,0,0,0,0,1,0,0,0
0,0,0,0,0,100,0,0,0,0,0,0,0,0,0,0,100,0,0,0,0,0,0,0,0,0,0,100,0,0,0,0,0,0,0,0,0.26263,0.73737,0,0,1,0,0,0,0,1,0,0,0
0,0,0,0,0,100,0,0,0,0,0,0,0,0,0,0,100,0,0,0,0,0,0,0,0,0,0,100,0,0,0,0,0,0,0,0.015385,0.24615,0.73846,0,0,1,0,0,0,0,1,0,0,0
0,0,0,0,0,100,0,0,0,0,0,0,0,0,0,0,100,0,0,0,0,0,0,0,0,0,0,100,0,0,0,0,0,0,0,0,0.15584,0.84416,0,0,1,0,0,0,0,1,0,0,0
0,0,0,0,0,100,0,0,0,0,0,0,0,0,0,0,100,0,0,0,0,0,0,0,0,0,0,100,0,0,0,0,0,0,0,0.037037,0.16049,0.80247,0,0,1,0,0,0,0,1,0,0,0
0,0,0,0,0,100,0,0,0,0,0,0,0,0,0,0,100,0,0,0,0,0,0,0,0,0,0,100,0,0,0,0,0,0,0,0,0.14103,0.85897,0,0,1,0,0,0,0,1,0,0,0
0,0,0,0,0,92.496,0,0,7.5043,0,0,0,3.3299,0,0,0,92.496,4.1744,0,0,0,0,0,0,0,0,0,92.496,0,0,2.0046,5.4997,0,0,0,0.024096,0.28916,0.68675,0,0,1,0,0,0,0,1,0,0,0
0,0,0,0,0,100,0,0,0,0,0,0,0,0,0,0,100,0,0,0,0,0,0,0,0,0,0,100,0,0,0,0,0,0,0,0,0.15842,0.84158,0,0,1,0,0,0,0,1,0,0,0
0,0,0,0,0,93.526,0,0,6.4741,0,0,0,1.2701,0,0,0.71313,93.526,3.7777,0,0,0.71313,0,0,0,0,0,0,93.526,0,0,1.9833,4.4909,0,0,0,0,0.22093,0.77907,0,0,1,0,0,0,0,1,0,0,0
0,0,0,0,0,100,0,0,0,0,0,0,0,0,0,0,100,0,0,0,0,0,0,0,0,0,0,100,0,0,0,0,0,0,0,0,0.15217,0.84783,0,0,1,0,0,0,0,1,0,0,0
0,0,0,0,0,100,0,0,0,0,0,0,0,0,0,0,100,0,0,0,0,0,0,0,0,0,0,100,0,0,0,0,0,0,0,0.10843,0.072289,0.81928,0,0,1,0,0,0,0,1,0,0,0
0,0,0,0,0,100,0,0,0,0,0,0,0,0,0,0,100,0,0,0,0,0,0,0,0,0,0,100,0,0,0,0,0,0,0,0,0.23077,0.76923,0,0,1,0,0,0,0,1,0,0,0
0,0,0,0,0,100,0,0,0,0,0,0,0,0,0,0,100,0,0,0,0,0,0,0,0,0,0,100,0,0,0,0,0,0,0,0.012346,0.08642,0.90123,0,0,1,0,0,0,0,1,0,0,0
0,0,0,0,0,100,0,0,0,0,0,0,0,0,0,0,100,0,0,0,0,0,0,0,0,0,0,100,0,0,0,0,0,0,0,0,0.1358,0.8642,0,0,1,0,0,0,0,1,0,0,0
0,0,0,0,0,100,0,0,0,0,0,0,0,0,0,0,100,0,0,0,0,0,0,0,0,0,0,100,0,0,0,0,0,0,0,0,0.21311,0.78689,0,0,1,0,0,0,0,1,0,0,0
0,0,0,0,0,100,0,0,0,0,0,0,0,0,0,0,100,0,0,0,0,0,0,0,0,0,0,100,0,0,0,0,0,0,0,0.09375,0.20312,0.70312,0,0,1,0,0,0,0,1,0,0,0
0,0,0,0,0,100,0,0,0,0,0,0,0,0,0,0,100,0,0,0,0,0,0,0,0,0,0,100,0,0,0,0,0,0,0,0.012987,0.24675,0.74026,0,0,1,0,0,0,0,1,0,0,0
0,0,0,0,0,100,0,0,0,0,0,0,0,0,0,0,100,0,0,0,0,0,0,0,0,0,0,100,0,0,0,0,0,0,0,0.038462,0.20513,0.75641,0,0,1,0,0,0,0,1,0,0,0
0,0,0,0,0,100,0,0,0,0,0,0,0,0,0,0,100,0,0,0,0,0,0,0,0,0,0,100,0,0,0,0,0,0,0,0.027027,0.2973,0.67568,0,0,1,0,0,0,0,1,0,0,0
0,0,0,0,0,100,0,0,0,0,0,0,0,0,0,0,100,0,0,0,0,0,0,0,0,0,0,100,0,0,0,0,0,0,0,0.10959,0.20548,0.68493,0,0,1,0,0,0,0,1,0,0,0
0,0,0,0,0,100,0,0,0,0,0,0,0,0,0,0,100,0,0,0,0,0,0,0,0,0,0,100,0,0,0,0,0,0,0,0.014706,0.22059,0.76471,0,0,1,0,0,0,0,1,0,0,0
0,0,0,0,0,100,0,0,0,0,0,0,0,0,0,0,100,0,0,0,0,0,0,0,0,0,0,100,0,0,0,0,0,0,0,0.037975,0.11392,0.8481,0,0,1,0,0,0,0,1,0,0,0
0,0,0,0,0,91.615,0,0,8.3846,0,0,0,0,0,1.5952,1.8281,91.615,1.5381,0,0,3.4233,0,0,0,0,0,0,91.615,0,0,3.4233,4.9614,0,0,0,0,0.17582,0.82418,0,0,1,0,0,0,0,1,0,0,0
0,0,0,0,0,100,0,0,0,0,0,0,0,0,0,0,100,0,0,0,0,0,0,0,0,0,0,100,0,0,0,0,0,0,0,0,0.21782,0.78218,0,0,1,0,0,0,0,1,0,0,0
0,0,2.2618,0,0,91.884,0,0,5.8538,0,0,0,0,0,2.2597,0.66719,91.884,0,0,2.2618,2.9269,0,0,2.2618,0,0,0,91.884,0,0,2.9269,2.9269,0,0,0,0,0.24444,0.75556,0,0,1,0,0,0,0,1,0,0,0
0,0,0,0,0,100,0,0,0,0,0,0,0,0,0,0,100,0,0,0,0,0,0,0,0,0,0,100,0,0,0,0,0,0,0,0,0.20192,0.79808,0,0,1,0,0,0,0,1,0,0,0
0,0,0,0,0,100,0,0,0,0,0,0,0,0,0,0,100,0,0,0,0,0,0,0,0,0,0,100,0,0,0,0,0,0,0,0,0.097087,0.90291,0,0,1,0,0,0,0,1,0,0,0
0,0,0,0,0,100,0,0,0,0,0,0,0,0,0,0,100,0,0,0,0,0,0,0,0,0,0,100,0,0,0,0,0,0,0,0.010526,0.30526,0.68421,0,0,1,0,0,0,0,1,0,0,0
0,0,0,0,0,100,0,0,0,0,0,0,0,0,0,0,100,0,0,0,0,0,0,0,0,0,0,100,0,0,0,0,0,0,0,0,0.13636,0.86364,0,0,1,0,0,0,0,1,0,0,0
0,0,0,0,0,100,0,0,0,0,0,0,0,0,0,0,100,0,0,0,0,0,0,0,0,0,0,100,0,0,0,0,0,0,0,0,0.26316,0.73684,0,0,1,0,0,0,0,1,0,0,0
0,10.254,23.72,0.67568,0.7393,38.435,1.978,0,18.775,5.4231,0,6.0696,8.6908,1.6761,6.8381,9.1327,43.155,7.6496,0.67568,4.4863,2.7173,8.9089,10.057,22.354,0,5.6322,3.344,33.113,0.67568,2.0417,4.4863,6.0988,12.198,0,0,0,0,1,0,0,1,0,0,0,0,0,0,1,1
0,0,3.2442,0,0,96.756,0,0,0,0,0,0,0,0,0,0,96.756,0,0,3.2442,0,0,0,3.2442,0,0,0,96.756,0,0,0,0,0,0,0,0,0.28409,0.71591,0,0,1,0,0,0,0,1,0,0,0
0,0,0,0,0,100,0,0,0,0,0,0,0,0,0,0,100,0,0,0,0,0,0,0,0,0,0,100,0,0,0,0,0,0,0,0,0.2766,0.7234,0,0,1,0,0,0,0,1,0,0,0
0,5.8668,30.504,0,0.84192,40.418,0.83873,0,16.368,5.1625,0,9.0187,2.5194,3.9875,6.6412,6.6487,44.087,11.244,0,2.6538,8.0981,5.1024,9.9806,23.042,0.63684,5.0281,3.1562,35.787,0.63684,1.6806,2.6538,6.4361,10.962,0,0,0,0,1,0,0,1,0,0,0,0,0.19355,0,0.80645,1
0,0,1.323,0,0,98.677,0,0,0,0,0,0,0,0,0,1.323,98.677,0,0,0,0,0,1.323,0,0,0,0,98.677,0,0,0,0,0,0,0,0.036585,0.18293,0.78049,0,0,1,0,0,0,0,1,0,0,0
0,0,0,0,0,100,0,0,0,0,0,0,0,0,0,0,100,0,0,0,0,0,0,0,0,0,0,100,0,0,0,0,0,0,0,0,0.21687,0.78313,0,0,1,0,0,0,0,1,0,0,0
0,0,0,0,0,100,0,0,0,0,0,0,0,0,0,0,100,0,0,0,0,0,0,0,0,0,0,100,0,0,0,0,0,0,0,0.011905,0.21429,0.77381,0,0,1,0,0,0,0,1,0,0,0
0,0,0,0,0,100,0,0,0,0,0,0,0,0,0,0,100,0,0,0,0,0,0,0,0,0,0,100,0,0,0,0,0,0,0,0,0.1954,0.8046,0,0,1,0,0,0,0,1,0,0,0
0,0,0,0,0,100,0,0,0,0,0,0,0,0,0,0,100,0,0,0,0,0,0,0,0,0,0,100,0,0,0,0,0,0,0,0.084337,0.14458,0.77108,0,0,1,0,0,0,0,1,0,0,0
0,0,0,0,0,100,0,0,0,0,0,0,0,0,0,0,100,0,0,0,0,0,0,0,0,0,0,100,0,0,0,0,0,0,0,0,0.21176,0.78824,0,0,1,0,0,0,0,1,0,0,0
0,0,0,0,0,100,0,0,0,0,0,0,0,0,0,0,100,0,0,0,0,0,0,0,0,0,0,100,0,0,0,0,0,0,0,0,0.072165,0.92784,0,0,1,0,0,0,0,1,0,0,0
0,0,0,0,0,100,0,0,0,0,0,0,0,0,0,0,100,0,0,0,0,0,0,0,0,0,0,100,0,0,0,0,0,0,0,0.15789,0.23684,0.60526,0,0,1,0,0,0,0,1,0,0,0
0,0,0,0,0,100,0,0,0,0,0,0,0,0,0,0,100,0,0,0,0,0,0,0,0,0,0,100,0,0,0,0,0,0,0,0.010753,0.17204,0.8172,0,0,1,0,0,0,0,1,0,0,0
0,0,0,0,0,100,0,0,0,0,0,0,0,0,0,0,100,0,0,0,0,0,0,0,0,0,0,100,0,0,0,0,0,0,0,0.013514,0.35135,0.63514,0,0,1,0,0,0,0,1,0,0,0
0,0,0,0,0,100,0,0,0,0,0,0,0,0,0,0,100,0,0,0,0,0,0,0,0,0,0,100,0,0,0,0,0,0,0,0.01087,0.27174,0.71739,0,0,1,0,0,0,0,1,0,0,0
0,0,0,0,0,100,0,0,0,0,0,0,0,0,0,0,100,0,0,0,0,0,0,0,0,0,0,100,0,0,0,0,0,0,0,0.011628,0.24419,0.74419,0,0,1,0,0,0,0,1,0,0,0
0,0,0,0,0,100,0,0,0,0,0,0,0,0,0,0,100,0,0,0,0,0,0,0,0,0,0,100,0,0,0,0,0,0,0,0.029851,0.31343,0.65672,0,0,1,0,0,0,0,1,0,0,0
0,0,0,0,0,100,0,0,0,0,0,0,0,0,0,0,100,0,0,0,0,0,0,0,0,0,0,100,0,0,0,0,0,0,0,0.025316,0.25316,0.72152,0,0,1,0,0,0,0,1,0,0,0
0,0,4.0398,0,0,95.96,0,0,0,0,0,0,0,0,0,2.3587,96.801,0,0,0,0,0.84055,2.3587,0.84055,0.84055,0,0,95.96,0,0,0,0,0,0,0,0,0.17241,0.82759,0,0,1,0,0,0,0,1,0,0,0
0,0,0,0,0,100,0,0,0,0,0,0,0,0,0,0,100,0,0,0,0,0,0,0,0,0,0,100,0,0,0,0,0,0,0,0,0.15306,0.84694,0,0,1,0,0,0,0,1,0,0,0
0,0,6.5741,0,0,91.418,0,0,2.0081,0,0,0.66936,0,1.2086,0,0.89095,93.655,0,0,0,0,3.576,0.89095,3.4458,2.2373,0,0,91.418,0,0,0,0.66936,1.3387,0,0,0,0.20779,0.79221,0,0,1,0,0,0,0,1,0,0,0
0,0,0,0,0,100,0,0,0,0,0,0,0,0,0,0,100,0,0,0,0,0,0,0,0,0,0,100,0,0,0,0,0,0,0,0,0.17647,0.82353,0,0,1,0,0,0,0,1,0,0,0
0,0,0,0,0,100,0,0,0,0,0,0,0,0,0,0,100,0,0,0,0,0,0,0,0,0,0,100,0,0,0,0,0,0,0,0.067416,0.078652,0.85393,0,0,1,0,0,0,0,1,0,0,0
0,0,0,0,0,100,0,0,0,0,0,0,0,0,0,0,100,0,0,0,0,0,0,0,0,0,0,100,0,0,0,0,0,0,0,0,0.14433,0.85567,0,0,1,0,0,0,0,1,0,0,0
0,0,0,0,0,100,0,0,0,0,0,0,0,0,0,0,100,0,0,0,0,0,0,0,0,0,0,100,0,0,0,0,0,0,0,0,0.079208,0.92079,0,0,1,0,0,0,0,1,0,0,0
0,0,0,0,0,100,0,0,0,0,0,0,0,0,0,0,100,0,0,0,0,0,0,0,0,0,0,100,0,0,0,0,0,0,0,0.011364,0.28409,0.70455,0,0,1,0,0,0,0,1,0,0,0
0,0,4.6239,0,0,95.376,0,0,0,0,0,0,0,2.0463,0,0,96.037,0,0,1.2548,0,0.6614,0,3.9625,0.6614,0,0,95.376,0,0,0,0,0,0,0,0,0.12222,0.87778,0,0,1,0,0,0,0,1,0,0,0
0,0,0,0,0,100,0,0,0,0,0,0,0,0,0,0,100,0,0,0,0,0,0,0,0,0,0,100,0,0,0,0,0,0,0,0,0.23077,0.76923,0,0,1,0,0,0,0,1,0,0,0
0,0,3.667,0,0,95.321,0,0,1.0118,0,0,0,0,0.85007,0,0,95.321,0,0,2.817,0,1.0118,0,3.667,0,0,0,95.321,0,0,1.0118,0,0,0,0,0.014493,0.33333,0.65217,0,0,1,0,0,0,0,1,0,0,0
0,0,0,0,0,100,0,0,0,0,0,0,0,0,0,0,100,0,0,0,0,0,0,0,0,0,0,100,0,0,0,0,0,0,0,0,0.20879,0.79121,0,0,1,0,0,0,0,1,0,0,0
0,0,0,0,0,100,0,0,0,0,0,0,0,0,0,0,100,0,0,0,0,0,0,0,0,0,0,100,0,0,0,0,0,0,0,0,0.074468,0.92553,0,0,1,0,0,0,0,1,0,0,0
0,0,0,0,0,100,0,0,0,0,0,0,0,0,0,0,100,0,0,0,0,0,0,0,0,0,0,100,0,0,0,0,0,0,0,0,0.26437,0.73563,0,0,1,0,0,0,0,1,0,0,0
0,0,0,0,0,100,0,0,0,0,0,0,0,0,0,0,100,0,0,0,0,0,0,0,0,0,0,100,0,0,0,0,0,0,0,0.012658,0.18987,0.79747,0,0,1,0,0,0,0,1,0,0,0
0,0,0,0,0,100,0,0,0,0,0,0,0,0,0,0,100,0,0,0,0,0,0,0,0,0,0,100,0,0,0,0,0,0,0,0,0.19101,0.80899,0,0,1,0,0,0,0,1,0,0,0
0,0,0,0,0,100,0,0,0,0,0,0,0,0,0,0,100,0,0,0,0,0,0,0,0,0,0,100,0,0,0,0,0,0,0,0.012987,0.27273,0.71429,0,0,1,0,0,0,0,1,0,0,0
0,0,0,0,0,100,0,0,0,0,0,0,0,0,0,0,100,0,0,0,0,0,0,0,0,0,0,100,0,0,0,0,0,0,0,0,0.1383,0.8617,0,0,1,0,0,0,0,1,0,0,0
0,0,0,0,0,100,0,0,0,0,0,0,0,0,0,0,100,0,0,0,0,0,0,0,0,0,0,100,0,0,0,0,0,0,0,0,0.13793,0.86207,0,0,1,0,0,0,0,1,0,0,0
0,0,0,0,0,100,0,0,0,0,0,0,0,0,0,0,100,0,0,0,0,0,0,0,0,0,0,100,0,0,0,0,0,0,0,0.024691,0.23457,0.74074,0,0,1,0,0,0,0,1,0,0,0
0,0,0,0,0,100,0,0,0,0,0,0,0,0,0,0,100,0,0,0,0,0,0,0,0,0,0,100,0,0,0,0,0,0,0,0,0.042553,0.95745,0,0,1,0,0,0,0,1,0,0,0
0,0,0,0,0,100,0,0,0,0,0,0,0,0,0,0,100,0,0,0,0,0,0,0,0,0,0,100,0,0,0,0,0,0,0,0.013889,0.29167,0.69444,0,0,1,0,0,0,0,1,0,0,0
0,0,0,0,0,100,0,0,0,0,0,0,0,0,0,0,100,0,0,0,0,0,0,0,0,0,0,100,0,0,0,0,0,0,0,0.025974,0.25974,0.71429,0,0,1,0,0,0,0,1,0,0,0
0,0,0,0,0,100,0,0,0,0,0,0,0,0,0,0,100,0,0,0,0,0,0,0,0,0,0,100,0,0,0,0,0,0,0,0,0.3,0.7,0,0,1,0,0,0,0,1,0,0,0
0,0,0,0,0,100,0,0,0,0,0,0,0,0,0,0,100,0,0,0,0,0,0,0,0,0,0,100,0,0,0,0,0,0,0,1,0,0,0,0,1,0,0,0,0,1,0,0,0
0,0,0,0,0,100,0,0,0,0,0,0,0,0,0,0,100,0,0,0,0,0,0,0,0,0,0,100,0,0,0,0,0,0,0,1,0,0,0,0,1,0,0,0,0,1,0,0,0
0,0,0,0,0,100,0,0,0,0,0,0,0,0,0,0,100,0,0,0,0,0,0,0,0,0,0,100,0,0,0,0,0,0,0,1,0,0,0,0,1,0,0,0,0,1,0,0,0
0,0,0,0,0,100,0,0,0,0,0,0,0,0,0,0,100,0,0,0,0,0,0,0,0,0,0,100,0,0,0,0,0,0,0,1,0,0,0,0,1,0,0,0,0,1,0,0,0
0,0,0,0,0,100,0,0,0,0,0,0,0,0,0,0,100,0,0,0,0,0,0,0,0,0,0,100,0,0,0,0,0,0,0,1,0,0,0,0,1,0,0,0,0,1,0,0,0
0,0,0,0,0,100,0,0,0,0,0,0,0,0,0,0,100,0,0,0,0,0,0,0,0,0,0,100,0,0,0,0,0,0,0,1,0,0,0,0,1,0,0,0,0,1,0,0,0
0,0,0,0,0,100,0,0,0,0,0,0,0,0,0,0,100,0,0,0,0,0,0,0,0,0,0,100,0,0,0,0,0,0,0,1,0,0,0,0,1,0,0,0,0,1,0,0,0
0,0,0,0,0,100,0,0,0,0,0,0,0,0,0,0,100,0,0,0,0,0,0,0,0,0,0,100,0,0,0,0,0,0,0,1,0,0,0,0,1,0,0,0,0,1,0,0,0
0,0,0,0,0,100,0,0,0,0,0,0,0,0,0,0,100,0,0,0,0,0,0,0,0,0,0,100,0,0,0,0,0,0,0,1,0,0,0,0,1,0,0,0,0,1,0,0,0
0,0,0,0,0,100,0,0,0,0,0,0,0,0,0,0,100,0,0,0,0,0,0,0,0,0,0,100,0,0,0,0,0,0,0,1,0,0,0,0,1,0,0,0,0,1,0,0,0
0,0,0,0,0,100,0,0,0,0,0,0,0,0,0,0,100,0,0,0,0,0,0,0,0,0,0,100,0,0,0,0,0,0,0,1,0,0,0,0,1,0,0,0,0,1,0,0,0
0,0,0,0,0,100,0,0,0,0,0,0,0,0,0,0,100,0,0,0,0,0,0,0,0,0,0,100,0,0,0,0,0,0,0,1,0,0,0,0,1,0,0,0,0,1,0,0,0
0,0,0,0,0,100,0,0,0,0,0,0,0,0,0,0,100,0,0,0,0,0,0,0,0,0,0,100,0,0,0,0,0,0,0,1,0,0,0,0,1,0,0,0,0,1,0,0,0
0,0,0,0,0,100,0,0,0,0,0,2.277,0,0,0,0,97.723,0,0,0,0,0,0,0,0,0,0,97.723,0,0,0,0,2.277,0,0,1,0,0,0,0,1,0,0,0,0,1,0,0,0
0,0,0,0,0,100,0,0,0,0,0,0,0,0,0,0,100,0,0,0,0,0,0,0,0,0,0,100,0,0,0,0,0,0,0,1,0,0,0,0,1,0,0,0,0,1,0,0,0
0,0,0,0,0,100,0,0,0,0,0,0.97012,0,0,0,0,99.03,0,0,0,0,0,0,0,0,0,0,99.03,0,0,0,0,0.97012,0,0,1,0,0,0,0,1,0,0,0,0,1,0,0,0
0,0,0,0,0,100,0,0,0,0,0,0,0,0,0,0,100,0,0,0,0,0,0,0,0,0,0,100,0,0,0,0,0,0,0,1,0,0,0,0,1,0,0,0,0,1,0,0,0
0,0,0,0,0,100,0,0,0,0,0,0,0,0,0,0,100,0,0,0,0,0,0,0,0,0,0,100,0,0,0,0,0,0,0,1,0,0,0,0,1,0,0,0,0,1,0,0,0
0,0,0,0,0,100,0,0,0,0,0,0,0,0,0,0,100,0,0,0,0,0,0,0,0,0,0,100,0,0,0,0,0,0,0,1,0,0,0,0,1,0,0,0,0,1,0,0,0
0,0,0,0,0,100,0,0,0,0,0,0,0,0,0,0,100,0,0,0,0,0,0,0,0,0,0,100,0,0,0,0,0,0,0,1,0,0,0,0,1,0,0,0,0,1,0,0,0
0,0,0,0,0,100,0,0,0,0,0,0,0,0,0,0,100,0,0,0,0,0,0,0,0,0,0,100,0,0,0,0,0,0,0,1,0,0,0,0,1,0,0,0,0,1,0,0,0
0,0,0,0,0,100,0,0,0,0,0,0,0,0,0,0,100,0,0,0,0,0,0,0,0,0,0,100,0,0,0,0,0,0,0,1,0,0,0,0,1,0,0,0,0,1,0,0,0
0,0,0,0,0,100,0,0,0,0,0,0,0,0,0,0,100,0,0,0,0,0,0,0,0,0,0,100,0,0,0,0,0,0,0,1,0,0,0,0,1,0,0,0,0,1,0,0,0
0,0,0,0,0,100,0,0,0,0,0,0,0,0,0,0,100,0,0,0,0,0,0,0,0,0,0,100,0,0,0,0,0,0,0,1,0,0,0,0,1,0,0,0,0,1,0,0,0
1.9402,3.5688,5.2385,4.527,4.4928,36.886,20.237,15.496,2.1672,1.7848,3.6612,14.239,7.6363,5.0146,5.8762,11.217,30.551,6.4034,1.659,2.9562,5.0074,9.4396,8.797,3.89,30.22,4.4012,2.7323,26.052,2.1982,0,4.183,5.8967,11.63,0,0.017544,0.98246,0,0,0,0,0.99123,0,0.0087719,0.0087719,0.0087719,0.98246,0,0,0
3.3177,8.8997,2.5079,4.53,4.6784,24.379,20.833,16.217,3.1963,3.1816,8.2585,12.602,7.4441,8.6561,7.8994,12.129,19.012,7.0901,5.0229,6.1514,4.9132,9.08,10.935,13.538,29.225,9.2934,7.7983,8.5768,1.482,3.4189,3.2099,5.6769,6.8457,0,0.8913,0.065217,0.021739,0.021739,0,0,0.086957,0.91304,0,0.86957,0.065217,0.021739,0,0.043478,1
0,0,0,1.66,0,98.34,0,0,0,0,0,2.2074,0,0,0,0,96.133,0,0,0,1.66,0,0,0,0,0,0,96.133,0,0,0,0,3.8675,0,0,1,0,0,0,0,1,0,0,0,0,1,0,0,0
0,4.24,0,1.9097,2.0129,79.536,4.1004,4.1004,2.0875,0,2.0129,7.6132,4.1004,0,2.0129,4.1004,73.871,2.1526,0,0,3.9972,2.1526,2.0129,4.1004,8.3404,0,2.0129,75.884,0,0,0,4.24,3.4096,0,0,1,0,0,0,0,1,0,0,0,0,1,0,0,0
0.9269,10.958,7.9717,1.9877,0.32984,19.126,20.66,7.5018,13.764,4.5065,12.268,7.9361,2.2725,11.309,7.7083,7.0173,27.093,18.75,8.1311,4.0694,2.1238,3.5902,9.6029,14.403,22.03,12.905,1.9345,1.3301,3.6874,9.5753,4.2091,14.941,5.3823,0,0,0,0,1,0,0,1,0,0,0,0,0,0,1,1
0,9.4266,6.7424,1.6053,0,25.651,24.859,6.0092,7.7068,7.3929,10.607,4.9102,8.0444,13.657,12.118,2.9039,32.375,9.6666,9.7812,0.86932,5.307,0.36798,10.704,16.847,15.125,14.028,0,9.7378,3.9196,8.8788,3.1768,14.707,2.8764,0,0,0,0.026316,0.97368,0,0,1,0,0,0,0,0,0,1,1
0,9.1812,2.5406,1.6437,2.1244,46.329,13.914,8.3432,5.2258,1.6638,9.0342,10.58,4.7052,3.1776,4.7052,5.9325,48.485,8.4316,3.2902,3.0614,2.4107,5.2202,6.3115,8.7742,16.813,5.2121,1.3775,42.486,0,2.9314,2.6907,10.116,3.2874,0,0,1,0,0,0,0,1,0,0,0,0,1,0,0,0
2.0229,11.502,1.444,0,1.0115,58.258,6.9007,5.4567,7.9129,1.444,4.0473,4.4452,2.4216,3.467,2.4555,4.4452,62.62,9.0804,1.444,2.0237,2.4216,5.1762,1.444,8.4918,15.368,3.0351,0,55.684,1.444,3.4677,0,9.0425,2.0229,0,0,1,0,0,0,0,1,0,0,0,0,1,0,0,0
0,0,0,2.5377,0,97.462,0,0,0,0,0,0,0,0,0,0,97.462,0,0,0,2.5377,0,0,0,0,0,0,97.462,0,0,0,0,2.5377,0,0,1,0,0,0,0,1,0,0,0,0,1,0,0,0
4.2789,6.0726,1.0905,4.0034,2.8052,58.975,7.418,8.5034,5.7624,1.0905,0,9.3363,1.5287,6.6367,2.6847,2.555,58.919,4.2337,2.1783,1.0905,4.5057,6.3316,3.2046,12.712,8.5071,3.6469,0,55.711,0,0,0,6.7246,9.4932,0,0,1,0,0,0,0,1,0,0,0,0,1,0,0,0
0,0.62518,0,1.5714,0.62518,92.319,0,4.8589,0,0,0,4.5728,3.3224,1.2504,0,0.91132,88.372,0,0,0,1.5714,0,0,2.7869,3.3224,0,0,88.372,0,0,0,3.3224,2.1965,0,0,1,0,0,0,0,1,0,0,0,0,1,0,0,0
2.308,2.8211,1.013,6.3948,4.5889,41.612,10.64,17.992,10.112,2.5182,0,11.788,3.8114,5.6388,3.1749,4.1335,38.93,11.8,3.7418,3.7412,3.5655,9.6743,7.1639,10.885,9.8728,7.2095,0,32.57,0.60196,2.4269,0.60196,17.539,11.13,0,0,1,0,0,0,0,0.99029,0.0097087,0,0,0,0.99029,0.0097087,0,0
3.9328,2.4187,0.69052,5.9135,10.961,26.547,11.689,20.512,11.598,5.7382,0,8.9344,7.5964,10.396,4.4161,5.3145,20.803,19.254,6.0051,5.9792,2.6115,8.6891,9.7394,14.879,8.5133,6.3814,0,13.675,2.8808,5.8432,5.3244,19.506,13.257,0,0,0.32143,0.67857,0,0,0,0,1,0,0,0,0,1,0,1
4.9506,9.102,1.5097,2.9589,4.2218,44.182,7.8771,11.695,9.0312,4.4717,0,9.3414,4.1521,5.7551,2.8687,3.1735,42.436,15.095,4.1241,5.0416,1.4794,6.5327,5.7725,14.755,13.471,2.9589,0,36.074,0.76399,1.954,2.962,12.714,8.5742,0,0,1,0,0,0,0,0.95614,0.04386,0,0,0,0.95614,0.04386,0,0
5.1916,8.2383,3.0347,0.70683,9.6718,34.253,7.6941,15.615,9.8484,5.7462,0,12.442,5.5908,8.4665,5.8706,2.086,36.015,12.935,2.4954,7.7034,0.29746,6.0978,2.5712,26.652,12.96,1.3705,0,28.193,1.3847,4.4575,2.4839,9.1109,10.816,0,0,0.82,0.18,0,0,0,0,1,0,0,0,0,1,0,1
3.861,3.7675,6.425,6.2589,12.401,32.992,6.7509,10.434,8.3739,8.7365,0,5.3184,3.7994,5.1647,5.3367,1.451,22.565,30.585,6.2957,13.636,0.70708,5.1404,8.5705,22.834,7.5426,2.1152,0,11.542,7.1564,8.6441,7.1564,10.52,13.919,0,0,0.64286,0.35714,0,0,0,0,1,0,0,0,0,1,0,1
0,0,0,0,0,100,0,0,0,0,0,0,0,0,0,0,100,0,0,0,0,0,0,0,0,0,0,100,0,0,0,0,0,0,0,1,0,0,0,0,1,0,0,0,0,1,0,0,0
0,0,0,0,0,100,0,0,0,0,0,0,0,0,0,0,100,0,0,0,0,0,0,0,0,0,0,100,0,0,0,0,0,0,0,1,0,0,0,0,1,0,0,0,0,1,0,0,0
0,0,0,0,0,100,0,0,0,0,0,0,0,0,0,0,100,0,0,0,0,0,0,0,0,0,0,100,0,0,0,0,0,0,0,1,0,0,0,0,1,0,0,0,0,1,0,0,0
0,0,0,0,0,100,0,0,0,0,0,0,0,0,0,0,100,0,0,0,0,0,0,0,0,0,0,100,0,0,0,0,0,0,0,1,0,0,0,0,1,0,0,0,0,1,0,0,0
0,0,0,0,0,100,0,0,0,0,0,0,0,0,0,0,100,0,0,0,0,0,0,0,0,0,0,100,0,0,0,0,0,0,0,1,0,0,0,0,1,0,0,0,0,1,0,0,0
0,0,0,0,0,100,0,0,0,0,0,0,0,0,0,0,100,0,0,0,0,0,0,0,0,0,0,100,0,0,0,0,0,0,0,1,0,0,0,0,1,0,0,0,0,1,0,0,0
0,0,0,0,0,97.222,0,2.7779,0,0,0,1.2321,1.2321,0,0,1.5458,95.99,0,0,0,0,0,0,1.5458,1.2321,0,0,95.99,0,0,0,1.2321,0,0,0,1,0,0,0,0,1,0,0,0,0,1,0,0,0
0,0.5845,0,0,2.2777,84.551,3.2985,6.7922,1.1288,1.3671,0,6.4862,3.1475,1.7334,0.5644,0.5644,83.315,0.5644,0.5644,2.4959,0,0.5644,1.3671,6.1809,3.1475,1.3671,0,81.948,0,1.1288,0,3.1475,1.7133,0,0,1,0,0,0,0,1,0,0,0,0,1,0,0,0
0,0,0,0,0,98.394,0,1.6064,0,0,0,0,0,0,0,1.6064,98.394,0,0,0,0,0,0,1.6064,0,0,0,98.394,0,0,0,0,0,0,0,1,0,0,0,0,1,0,0,0,0,1,0,0,0
0,0,0,0,0,98.286,0,1.714,0,0,0,0,0,0,0,1.714,98.286,0,0,0,0,0,0,1.714,0,0,0,98.286,0,0,0,0,0,0,0,1,0,0,0,0,1,0,0,0,0,1,0,0,0
0.74626,2.6201,0.74626,2.285,7.9823,51.516,7.8092,16.516,8.0047,1.7741,0,8.6775,5.2723,6.0252,3.3738,3.8857,48.665,9.4885,2.7422,3.9456,1.1425,6.7813,3.3128,15.489,9.7762,2.285,0,42.852,1.0278,4.2272,1.0278,11.616,8.386,0,0,1,0,0,0,0,0.97727,0.022727,0,0,0,0.97727,0.022727,0,0
0,0,1.283,1.283,3.8376,76.212,5.4963,6.58,1.703,3.6054,0,5.4963,1.703,0.85152,0.85152,0.85152,75.968,4.7006,2.1345,6.5915,0,0.85152,3.6054,9.7654,1.703,2.3224,0,72.362,1.283,2.9861,1.283,1.703,2.9861,0,0,1,0,0,0,0,1,0,0,0,0,1,0,0,0
0,0,0,0,0,88.563,6.5501,3.1466,0,1.7401,0,3.4802,0,0,0,1.4066,90.303,0,0,1.7401,0,3.07,1.7401,7.9567,3.07,1.7401,0,85.493,0,0,0,0,0,0,0,1,0,0,0,0,1,0,0,0,0,1,0,0,0
0,0,0,0,0,96.541,3.4592,0,0,0,0,0,0,0,0,0,96.541,0,0,0,0,3.4592,0,3.4592,3.4592,0,0,93.082,0,0,0,0,0,0,0,1,0,0,0,0,1,0,0,0,0,1,0,0,0
0,0,0,0,0,100,0,0,0,0,0,0,0,0,0,0,100,0,0,0,0,0,0,0,0,0,0,100,0,0,0,0,0,0,0,1,0,0,0,0,1,0,0,0,0,1,0,0,0
0,0,0,0,0,100,0,0,0,0,0,0,0,0,0,0,100,0,0,0,0,0,0,0,0,0,0,100,0,0,0,0,0,0,0,1,0,0,0,0,1,0,0,0,0,1,0,0,0
0,0,0,0,0,100,0,0,0,0,0,0,0,0,0,0,100,0,0,0,0,0,0,0,0,0,0,100,0,0,0,0,0,0,0,1,0,0,0,0,1,0,0,0,0,1,0,0,0
0,0,0,0,0,100,0,0,0,0,0,0,0,0,0,0,100,0,0,0,0,0,0,0,0,0,0,100,0,0,0,0,0,0,0,1,0,0,0,0,1,0,0,0,0,1,0,0,0
0,0,2.1569,0,0,89.216,0,0,8.6274,0,0,2.1569,0,0,0.93736,2.1569,89.216,0,0,1.2195,2.1569,2.1569,0,0.93736,1.2195,0,0,89.216,0,0,3.0942,3.3764,2.1569,0,0,1,0,0,0,0,1,0,0,0,0,1,0,0,0
0,0,0,0,0,100,0,0,0,0,0,0,0,0,0,0,100,0,0,0,0,0,0,0,0,0,0,100,0,0,0,0,0,0,0,1,0,0,0,0,1,0,0,0,0,1,0,0,0
0,0,0,0,0,97.315,0,0,2.6846,0,0,0.67116,0,0,0,0.67116,97.315,0,0,0,0,1.3423,0,0,0,0,0,97.315,0,0,0,1.3423,1.3423,0,0,1,0,0,0,0,1,0,0,0,0,1,0,0,0
0,0,4.1287,0,0,80.707,0,0,15.164,0,0,5.8931,0.91619,0,0,3.2953,80.707,0,0.91619,0,1.5309,6.7413,0,3.3633,0.76544,0,0,80.707,0,0,2.4471,5.9759,6.7413,0,0,1,0,0,0,0,1,0,0,0,0,1,0,0,0
0,9.714,4.6201,1.0396,0,20.208,26.52,6.817,10.488,3.253,17.34,5.9999,5.813,11.819,9.6298,4.257,29.093,15.455,8.1197,3.1072,3.5996,3.1072,6.4923,23.61,16.525,21.413,0,2.9657,0.34653,10.177,1.8429,14.327,2.2996,0,0,0,0,1,0,0,1,0,0,0,0,0.021277,0.021277,0.95745,1
3.6313,4.7041,2.3352,4.1126,8.3893,32.506,11.936,13.63,10.781,7.9748,0,10.674,5.0948,7.8017,5.3431,2.6687,29.937,22.795,3.0372,4.649,1.7243,6.2754,9.1032,18.242,8.9853,4.7806,0,18.722,4.0047,4.0047,5.3027,16.355,10.5,0,0,0.22581,0.77419,0,0,0,0.064516,0.93548,0,0,0,0.064516,0.93548,0,1
6.2839,6.3475,3.9015,3.6606,11.118,15.018,10.021,22.227,13.525,7.897,0,10.85,9.1548,7.0426,5.3291,5.5126,16.596,16.041,7.3028,13.673,0.93525,7.5628,5.9331,27.066,16.424,2.7832,0,7.3755,1.7901,7.4989,5.2361,13.284,12.609,0,0,0,1,0,0,0,0,1,0,0,0,0,1,0,1
0,0,3.6934,0,0,91.153,0,0,5.1532,0,0,2.1705,0,2.137,0,0,91.153,0,0,1.5564,0,2.9827,0,3.6934,0,0,0,91.153,0,0,2.9827,0,2.1705,0,0,0.021053,0.24211,0.73684,0,0,1,0,0,0,0,1,0,0,0
0,0,12.838,0,0,75.522,0,0,11.64,0,0,5.8202,0,8.4296,0,0,75.522,0,0,0,4.4081,5.8202,0,8.4296,4.4081,0,0,75.522,0,0,0,5.8202,5.8202,0,0,0.0125,0.2375,0.75,0,0,1,0,0,0,0,1,0,0,0
1.1153,1.4991,4.4788,0,0,79.891,0,0,13.016,0,0,7.6592,0,3.648,0,0,78.776,2.6144,0,2.8244,0.83077,3.6474,0,4.7633,2.3298,0,0,78.776,0,0,1.7091,1.9383,10.484,0,0,1,0,0,0,0,1,0,0,0,0,1,0,0,0
0,0,4.1496,0,0,87.023,0,0,8.8278,0,0,6.8301,0,2.0748,0,0,87.023,0,0,0,2.0748,1.9976,0,2.0748,2.0748,0,0,87.023,0,0,0,1.9976,6.8301,0,0,0,0.18182,0.81818,0,0,1,0,0,0,0,1,0,0,0
0,0,11.286,0,0,70.948,0,0,17.766,0,0,6.9847,0,7.3356,0,0,70.948,0,0,3.7513,3.9508,7.0298,0,7.3356,3.9508,0,0,70.948,0,0,3.7513,1.5571,12.457,0,0,0.015625,0.0625,0.92188,0,0,1,0,0,0,0,1,0,0,0
7.9767,2.7614,3.7415,0,1.4005,69.511,4.1619,2.2059,6.6305,1.6109,0,4.3476,1.6109,5.998,1.4005,0.80543,66.751,4.3703,2.7614,5.4121,1.3499,5.1926,2.7614,10.368,4.9168,1.4005,0,65.946,0,0,2.6526,2.1553,9.7993,0,0,1,0,0,0,0,1,0,0,0,0,1,0,0,0
0,0,3.7922,0,0,81.022,0,0,15.185,0,0,6.4365,0,2.9958,0,0,81.022,0,0,2.5489,0.79647,6.2001,0,2.9958,0.79647,0,0,81.022,0,0,2.5489,3.6533,8.9832,0,0,0.012346,0.12346,0.8642,0,0,1,0,0,0,0,1,0,0,0
0,0,5.2085,0,0,74.128,0,0,20.663,0,0,7.5042,0,4.0807,0,0,74.128,0,0,7.477,1.1278,5.6819,0,4.0807,1.1278,0,0,74.128,0,0,9.2993,2.729,8.6349,0,0,0,0.034483,0.96552,0,0,1,0,0,0,0,1,0,0,0
2.5322,1.0961,5.3991,0,0,76.617,0,0,14.356,0,0,4.5979,0,2.6996,0,0,74.085,3.6283,0,3.9308,2.6996,8.3591,0,5.2318,3.7956,0,0,74.085,0,0,1.3986,4.5979,10.891,0,0,1,0,0,0,0,0.98969,0.010309,0,0,0,0.98969,0.010309,0,0
0,0,3.9268,0,0,82.637,0,0,13.436,0,0,4.2472,0,2.6056,0,0,82.637,0,0,1.2844,1.3212,7.9042,0,2.6056,1.3212,0,0,82.637,0,0,2.9195,1.3277,9.1887,0,0,0.066667,0.25333,0.68,0,0,1,0,0,0,0,1,0,0,0
0,0,3.7067,0,0,77.488,3.9783,0,14.827,0,0,3.7067,0,0,3.7067,3.7067,77.488,0,0,0,3.7067,7.685,0,7.685,3.9783,0,0,73.51,0,0,7.4134,3.7067,3.7067,0,0,1,0,0,0,0,1,0,0,0,0,1,0,0,0
0,0,3.3997,0,0,82.527,0,0,14.073,0,0,3.5898,0,0,3.5898,3.3997,82.527,0,0,2.0633,1.0703,3.7601,0,3.3997,0,0,0,82.527,0,0,4.2039,3.5898,6.2796,0,0,0.11236,0.1573,0.73034,0,0,1,0,0,0,0,1,0,0,0
0,0,8.3712,0,0,66.555,0,0,25.074,0,0,8.7508,0,0,2.726,8.3712,66.555,0,0,2.9659,4.9395,5.6919,0,6.1577,2.2136,0,0,66.555,0,0,11.477,7.9055,5.6919,0,0,0.013514,0.31081,0.67568,0,0,1,0,0,0,0,1,0,0,0
0,0,4.1365,0,0,74.351,0,0,21.512,0,0,8.5831,0,0,3.5588,4.1365,74.351,0,0,3.2784,2.8133,3.2784,0,1.3232,2.8133,0,0,74.351,0,0,5.0243,9.6505,6.8372,0,0,0.99048,0,0.0095238,0,0,1,0,0,0,0,1,0,0,0
0,0,2.4116,0,0,78.893,0,0,18.696,0,0,8.7732,0,0,4.6579,2.4116,78.893,0,0,0.89548,2.4116,1.9575,0,1.062,1.3496,0,0,78.893,0,0,6.2393,6.903,5.5534,0,0,0,0.175,0.825,0,0,1,0,0,0,0,1,0,0,0
0,0,10.753,0,0,62.724,0,0,26.523,0,0,10.978,0,0,2.8775,7.7444,62.724,0,0,1.83,8.9772,4.8681,0,4.814,5.9391,0,0,62.724,0,0,9.926,8.5574,8.0391,0,0,0,0.36111,0.63889,0,0,1,0,0,0,0,1,0,0,0
0,0,7.821,0,0,67.032,0,0,25.147,0,0,10.101,0,0,3.3548,4.7051,67.032,0,0,2.1581,6.5889,6.0598,0,5.1338,2.6873,0,0,67.032,0,0,10.782,6.3333,8.0317,0,0,0.97849,0,0.021505,0,0,1,0,0,0,0,1,0,0,0
0,0,6.8233,0,0,75.253,0,0,17.924,0,0,6.6908,0,0,1.8933,4.631,75.253,0,0,2.9904,4.0528,4.489,0,4.2692,2.5541,0,0,75.253,0,0,5.9877,5.6497,6.2867,0,0,0.028571,0.18571,0.78571,0,0,1,0,0,0,0,1,0,0,0
0,0,13.981,0,0,63.59,0,0,22.43,0,0,9.4487,1.9132,0,0,6.0929,63.59,0,1.4916,1.882,7.3088,8.273,0,9.6437,4.337,0,0,63.59,0,0,8.0767,6.0799,8.273,0,0,0.014085,0.19718,0.78873,0,0,1,0,0,0,0,1,0,0,0
0,0,5.9261,0,0,67.775,0,0,26.299,0,0,9.9446,1.4376,0,0,4.223,67.775,0,0.85805,2.1281,4.6897,8.9443,0,3.6337,2.2925,0,0,67.775,0,0,7.7356,7.8015,10.762,0,0,0.97436,0,0.025641,0,0,1,0,0,0,0,1,0,0,0
0,0,6.6562,0,0,74.731,0,0,18.613,0,0,7.5928,1.3745,0,0,3.8673,74.731,0,0,1.6983,5.9164,4.8197,0,4.1634,2.4928,0,0,74.731,0,0,7.5928,4.8584,6.1616,0,0,0,0.18182,0.81818,0,0,1,0,0,0,0,1,0,0,0
0,0,12.707,0,0,62.679,0,0,24.614,0,0,8.9226,3.7914,0,0,2.8885,62.679,0,5.2093,0,3.7033,12.806,0,11.728,0.97936,0,0,62.679,0,0,5.6289,12.489,6.4961,0,0,0,0.02,0.98,0,0,1,0,0,0,0,1,0,0,0
0,0,5.2454,0,0,65.169,0,0,29.585,0,0,7.7803,0.68954,0,0,3.8809,65.169,0,1.8307,0,2.6495,18,0,4.5668,0.67852,0,0,65.169,0,0,5.2674,11.999,12.319,0,0,0.96364,0,0.036364,0,0,1,0,0,0,0,1,0,0,0
0,0,7.9604,0,0,75.374,0,0,16.665,0,0,6.7763,0.80783,0,0,2.3946,75.374,0,2.8102,0,3.5004,8.3362,0,6.0577,1.9027,0,0,75.374,0,0,5.4766,3.7917,7.3969,0,0,0,0.18644,0.81356,0,0,1,0,0,0,0,1,0,0,0
0,0,12.432,0,0,65.121,0,0,22.447,0,0,9.7963,3.5834,0,0,1.5113,65.121,0,8.0828,0,0.7656,11.139,0,12.432,0,0,0,65.121,0,0,6.2327,5.0749,11.139,0,0,0,0.051282,0.94872,0,0,1,0,0,0,0,1,0,0,0
0,0,6.2789,0,0,67.601,0,0,26.12,0,0,6.6933,3.1394,0,0,1.5158,67.601,0,1.6236,0,2.0241,17.403,0,6.2789,0,0,0,67.601,0,0,5.0697,13.551,7.4994,0,0,0.04,0.32,0.64,0,0,1,0,0,0,0,1,0,0,0
0,0,2.2929,0,0,97.707,0,0,0,0,0,0,0,1.3033,0,0,97.707,0,0,0.98959,0,0,0,2.2929,0,0,0,97.707,0,0,0,0,0,0,0,0,0.24444,0.75556,0,0,1,0,0,0,0,1,0,0,0
0,0,0,0,0,100,0,0,0,0,0,0,0,0,0,0,100,0,0,0,0,0,0,0,0,0,0,100,0,0,0,0,0,0,0,0,0.27184,0.72816,0,0,1,0,0,0,0,1,0,0,0
0,0,4.1627,0,0,95.837,0,0,0,0,0,0,0,3.4526,0,0,95.837,0,0,0,0.7101,0,0,3.4526,0.7101,0,0,95.837,0,0,0,0,0,0,0,0.022989,0.27586,0.70115,0,0,1,0,0,0,0,1,0,0,0
0,0,0,0,0,100,0,0,0,0,0,0,0,0,0,0,100,0,0,0,0,0,0,0,0,0,0,100,0,0,0,0,0,0,0,0,0.18947,0.81053,0,0,1,0,0,0,0,1,0,0,0
0,0,0,0,0,100,0,0,0,0,0,0,0,0,0,0,100,0,0,0,0,0,0,0,0,0,0,100,0,0,0,0,0,0,0,0.040404,0.14141,0.81818,0,0,1,0,0,0,0,1,0,0,0
0,0,0,0,0,100,0,0,0,0,0,0,0,0,0,0,100,0,0,0,0,0,0,0,0,0,0,100,0,0,0,0,0,0,0,0,0.19355,0.80645,0,0,1,0,0,0,0,1,0,0,0
0,0,0,0,0,100,0,0,0,0,0,0,0,0,0,0,100,0,0,0,0,0,0,0,0,0,0,100,0,0,0,0,0,0,0,0.1087,0.065217,0.82609,0,0,1,0,0,0,0,1,0,0,0
0,0,0,0,0,100,0,0,0,0,0,0,0,0,0,0,100,0,0,0,0,0,0,0,0,0,0,100,0,0,0,0,0,0,0,0,0.21739,0.78261,0,0,1,0,0,0,0,1,0,0,0
0,0,5.6908,0,0,93.375,0,0,0.9342,0,0,0,0,3.4439,0,0,93.375,0,0,0.9342,2.247,0,0,3.4439,2.247,0,0,93.375,0,0,0.9342,0,0,0,0,0,0.22581,0.77419,0,0,1,0,0,0,0,1,0,0,0
0,0,0,0,0,100,0,0,0,0,0,0,0,0,0,0,100,0,0,0,0,0,0,0,0,0,0,100,0,0,0,0,0,0,0,0,0.12871,0.87129,0,0,1,0,0,0,0,1,0,0,0
12.511,7.3479,0.98962,1.1672,7.8529,15.918,11.974,14.987,12.863,14.388,0,3.9899,15.085,9.457,4.4944,6.7957,19.236,20.788,6.7957,8.8295,0.58361,3.9444,9.1972,21.616,16.921,1.1672,0,7.699,2.6613,4.3481,13.399,15.702,7.2894,0,0,0,1,0,0,0,0,1,0,0,0,0,1,0,1
0,0,2.1063,0,0,94.206,0,0,3.6877,0,0,1.0169,0,1.0531,0,0,94.206,0,0,2.6709,1.0531,0,0,1.0531,1.0531,0,0,94.206,0,0,3.6877,0,0,0,0,0,0.1573,0.8427,0,0,1,0,0,0,0,1,0,0,0
0,0,0,0,0,100,0,0,0,0,0,0,0,0,0,0,100,0,0,0,0,0,0,0,0,0,0,100,0,0,0,0,0,0,0,0,0.22826,0.77174,0,0,1,0,0,0,0,1,0,0,0
0,0,0,0,0,100,0,0,0,0,0,0,0,0,0,0,100,0,0,0,0,0,0,0,0,0,0,100,0,0,0,0,0,0,0,0.010989,0.054945,0.93407,0,0,1,0,0,0,0,1,0,0,0
0,0,0,0,0,100,0,0,0,0,0,0,0,0,0,0,100,0,0,0,0,0,0,0,0,0,0,100,0,0,0,0,0,0,0,0,0.12766,0.87234,0,0,1,0,0,0,0,1,0,0,0
0,0,0,0,0,100,0,0,0,0,0,0,0,0,0,0,100,0,0,0,0,0,0,0,0,0,0,100,0,0,0,0,0,0,0,0,0.083333,0.91667,0,0,1,0,0,0,0,1,0,0,0
0,0,0,0,0,100,0,0,0,0,0,0,0,0,0,0,100,0,0,0,0,0,0,0,0,0,0,100,0,0,0,0,0,0,0,0.012346,0.30864,0.67901,0,0,1,0,0,0,0,1,0,0,0
0,0,0,0,0,100,0,0,0,0,0,0,0,0,0,0,100,0,0,0,0,0,0,0,0,0,0,100,0,0,0,0,0,0,0,0,0.26374,0.73626,0,0,1,0,0,0,0,1,0,0,0
0,0,0,0,0,100,0,0,0,0,0,0,0,0,0,0,100,0,0,0,0,0,0,0,0,0,0,100,0,0,0,0,0,0,0,0,0.25806,0.74194,0,0,1,0,0,0,0,1,0,0,0
0,0,0,0,0,100,0,0,0,0,0,0,0,0,0,0,100,0,0,0,0,0,0,0,0,0,0,100,0,0,0,0,0,0,0,0.025974,0.2987,0.67532,0,0,1,0,0,0,0,1,0,0,0
0,0,0,0,0,100,0,0,0,0,0,0,0,0,0,0,100,0,0,0,0,0,0,0,0,0,0,100,0,0,0,0,0,0,0,0.021739,0.20652,0.77174,0,0,1,0,0,0,0,1,0,0,0
0,0,0,0,0,100,0,0,0,0,0,0,0,0,0,0,100,0,0,0,0,0,0,0,0,0,0,100,0,0,0,0,0,0,0,0.012195,0.18293,0.80488,0,0,1,0,0,0,0,1,0,0,0
0,0,0,0,0,100,0,0,0,0,0,0,0,0,0,0,100,0,0,0,0,0,0,0,0,0,0,100,0,0,0,0,0,0,0,0.031915,0.085106,0.88298,0,0,1,0,0,0,0,1,0,0,0
0,0,0,0,0,100,0,0,0,0,0,0,0,0,0,0,100,0,0,0,0,0,0,0,0,0,0,100,0,0,0,0,0,0,0,0,0.079545,0.92045,0,0,1,0,0,0,0,1,0,0,0
0,0,0,0,0,100,0,0,0,0,0,0,0,0,0,0,100,0,0,0,0,0,0,0,0,0,0,100,0,0,0,0,0,0,0,0.16923,0.21538,0.61538,0,0,1,0,0,0,0,1,0,0,0
0,0,1.6524,0,0,94.778,0,0,3.5695,0,0,2.4526,0,0,0,1.6524,94.778,0,0,1.1168,0,0,0,1.6524,0,0,0,94.778,0,0,3.5695,0,0,0,0,0,0.23469,0.76531,0,0,1,0,0,0,0,1,0,0,0
0,0,0,0,0,100,0,0,0,0,0,0,0,0,0,0,100,0,0,0,0,0,0,0,0,0,0,100,0,0,0,0,0,0,0,0,0.17204,0.82796,0,0,1,0,0,0,0,1,0,0,0
0,0,3.5488,0,0,94.479,0,0,1.9724,0,0,0.98621,0,0,0,3.5488,94.479,0,0,0,0.98621,0,0,2.5626,0.98621,0,0,94.479,0,0,0.98621,0.98621,0,0,0,0.011905,0.27381,0.71429,0,0,1,0,0,0,0,1,0,0,0
0,0,0,0,0,100,0,0,0,0,0,0,0,0,0,0,100,0,0,0,0,0,0,0,0,0,0,100,0,0,0,0,0,0,0,0,0.25843,0.74157,0,0,1,0,0,0,0,1,0,0,0
0,0,0,0,0,100,0,0,0,0,0,0,0,0,0,0,100,0,0,0,0,0,0,0,0,0,0,100,0,0,0,0,0,0,0,0,0.11957,0.88043,0,0,1,0,0,0,0,1,0,0,0
0,0,0,0,0,100,0,0,0,0,0,0,0,0,0,0,100,0,0,0,0,0,0,0,0,0,0,100,0,0,0,0,0,0,0,0,0.21591,0.78409,0,0,1,0,0,0,0,1,0,0,0
0,0,0,0,0,100,0,0,0,0,0,0,0,0,0,0,100,0,0,0,0,0,0,0,0,0,0,100,0,0,0,0,0,0,0,0.011364,0.22727,0.76136,0,0,1,0,0,0,0,1,0,0,0
0,0,0,0,0,100,0,0,0,0,0,0,0,0,0,0,100,0,0,0,0,0,0,0,0,0,0,100,0,0,0,0,0,0,0,0,0.22917,0.77083,0,0,1,0,0,0,0,1,0,0,0
0,0,5.2506,0,0,91.155,0,0,3.5945,0,0,1.7972,0,0,0,3.9977,91.155,0,0,0,3.0501,0,0,2.2005,3.0501,0,0,91.155,0,0,1.7972,1.7972,0,0,0,0.024096,0.28916,0.68675,0,0,1,0,0,0,0,1,0,0,0
0,0,0,0,0,100,0,0,0,0,0,0,0,0,0,0,100,0,0,0,0,0,0,0,0,0,0,100,0,0,0,0,0,0,0,0,0.30233,0.69767,0,0,1,0,0,0,0,1,0,0,0
0,0,6.5631,0,0,89.277,0,0,4.1599,0,0,1.4793,1.2012,0,0,3.5529,89.277,0,0,0,4.0212,0.46832,0,4.2115,2.3517,0,0,89.277,0,0,1.4793,1.7439,0.93663,0,0,0,0.28947,0.71053,0,0,1,0,0,0,0,1,0,0,0
0,0,0,0,0,100,0,0,0,0,0,0,0,0,0,0,100,0,0,0,0,0,0,0,0,0,0,100,0,0,0,0,0,0,0,0,0.19101,0.80899,0,0,1,0,0,0,0,1,0,0,0
0,0,0,0,0,100,0,0,0,0,0,0,0,0,0,0,100,0,0,0,0,0,0,0,0,0,0,100,0,0,0,0,0,0,0,0.077922,0.090909,0.83117,0,0,1,0,0,0,0,1,0,0,0
0,0,0,0,0,100,0,0,0,0,0,0,0,0,0,0,100,0,0,0,0,0,0,0,0,0,0,100,0,0,0,0,0,0,0,0,0.16667,0.83333,0,0,1,0,0,0,0,1,0,0,0
0,0,0,0,0,100,0,0,0,0,0,0,0,0,0,0,100,0,0,0,0,0,0,0,0,0,0,100,0,0,0,0,0,0,0,0.088608,0.13924,0.77215,0,0,1,0,0,0,0,1,0,0,0
0,0,0,0,0,100,0,0,0,0,0,0,0,0,0,0,100,0,0,0,0,0,0,0,0,0,0,100,0,0,0,0,0,0,0,0,0.22727,0.77273,0,0,1,0,0,0,0,1,0,0,0
0,0,0,0,0,100,0,0,0,0,0,0,0,0,0,0,100,0,0,0,0,0,0,0,0,0,0,100,0,0,0,0,0,0,0,0,0.08642,0.91358,0,0,1,0,0,0,0,1,0,0,0
0,0,0,0,0,100,0,0,0,0,0,0,0,0,0,0,100,0,0,0,0,0,0,0,0,0,0,100,0,0,0,0,0,0,0,0.125,0.19444,0.68056,0,0,1,0,0,0,0,1,0,0,0
0,0,0,0,0,100,0,0,0,0,0,0,0,0,0,0,100,0,0,0,0,0,0,0,0,0,0,100,0,0,0,0,0,0,0,0.031746,0.36508,0.60317,0,0,1,0,0,0,0,1,0,0,0
0,0,0,0,0,100,0,0,0,0,0,0,0,0,0,0,100,0,0,0,0,0,0,0,0,0,0,100,0,0,0,0,0,0,0,0.11628,0.17442,0.7093,0,0,1,0,0,0,0,1,0,0,0
0,0,0,0,0,100,0,0,0,0,0,0,0,0,0,0,100,0,0,0,0,0,0,0,0,0,0,100,0,0,0,0,0,0,0,0.013889,0.30556,0.68056,0,0,1,0,0,0,0,1,0,0,0
0,0,0,0,0,100,0,0,0,0,0,0,0,0,0,0,100,0,0,0,0,0,0,0,0,0,0,100,0,0,0,0,0,0,0,0.023529,0.24706,0.72941,0,0,1,0,0,0,0,1,0,0,0
0,0,0,0,0,100,0,0,0,0,0,0,0,0,0,0,100,0,0,0,0,0,0,0,0,0,0,100,0,0,0,0,0,0,0,0.073529,0.23529,0.69118,0,0,1,0,0,0,0,1,0,0,0
0,0,9.7714,0,0,85.127,0,0,5.1013,0,0,0.96112,2.2179,0,0,3.0216,85.127,0,3.7282,0,3.0216,1.9222,0,8.9677,0.80366,0,0,85.127,0,0,0.96112,2.2179,1.9222,0,0,0,0.15873,0.84127,0,0,1,0,0,0,0,1,0,0,0
0,0,1.5583,0,0,97.663,0,0,0.77916,0,0,0,0.77916,0,0,0.77916,97.663,0,0,0,0.77916,0,0,1.5583,0,0,0,97.663,0,0,0,0.77916,0,0,0,0,0.060606,0.93939,0,0,1,0,0,0,0,1,0,0,0
0,0,0,0,0,100,0,0,0,0,0,0,0,0,0,0,100,0,0,0,0,0,0,0,0,0,0,100,0,0,0,0,0,0,0,0,0.1875,0.8125,0,0,1,0,0,0,0,1,0,0,0
2.9576,0,18.705,0,0,50.628,0,0,27.709,0,0,26.749,0,0,0,4.1948,52.013,0,0,0,0,17.042,4.1948,4.3431,7.1524,2.9576,0,50.628,0,4.1948,3.8876,10.494,12.147,0,0,1,0,0,0,0,1,0,0,0,0,1,0,0,0
0,0,1.7552,1.7552,3.4017,76.62,6.4139,7.5805,1.6465,0.82738,0,6.9429,0,2.5241,1.9449,0.87758,74.973,4.998,2.5241,1.7552,2.5825,0.87758,4.1706,6.9429,5.405,0.82738,0,74.973,0,3.4017,0,1.7552,2.5241,0,0,1,0,0,0,0,1,0,0,0,0,1,0,0,0
4.6596,3.6254,1.738,0.76748,4.724,59.647,12.394,5.6018,4.3786,0.88218,1.5814,4.3244,7.7862,4.1071,5.2389,7.9929,48.307,4.5817,2.8089,2.0056,1.4609,11.386,11.294,6.117,11.544,5.6273,5.1947,46.778,3.2115,0.459,1.1593,4.569,4.0472,0,0,1,0,0,0,0,1,0,0,0,0,1,0,0,0
6.2316,5.4056,4,2.5703,1.9879,28.481,22.367,7.4592,13.149,3.2102,5.1377,5.1757,7.1752,14.928,7.9029,10.382,16.408,10.892,6.5273,3.9746,5.1137,11.522,13.543,12.027,16.659,15.615,10.045,7.6191,1.3469,4.7664,4.4997,9.7682,4.1108,0,0.97436,0.025641,0,0,0,0,0.025641,0.97436,0,0.97436,0,0.025641,0,0,1
4.5334,0,11.511,0,0,57.831,0,0,26.125,0,0,11.256,2.4171,2.4171,0,0,61.169,0,0,2.4171,4.5334,15.79,0,12.706,0,4.5334,0,57.831,0,1.0813,12.592,0,11.256,0,0,1,0,0,0,0,1,0,0,0,0,1,0,0,0
0,1.5859,0.83523,0.83523,2.5101,81.776,6.6017,4.1806,0,0,1.6749,7.4413,1.6749,0.83523,3.2608,4.9312,76.93,0.83523,0,0,0.83523,3.2564,2.5101,1.6749,9.1074,0.83523,1.6749,77.769,1.5859,0,0,1.5859,3.2564,0,0,1,0,0,0,0,1,0,0,0,0,1,0,0,0
5.3253,5.6806,6.4297,1.1277,2.3906,57.312,2.6627,2.6627,12.482,3.9271,0,4.0961,2.7995,8.0217,1.2629,1.3997,56.456,9.0636,2.5274,6.5451,1.206,6.6219,2.5274,11.677,8.2863,1.2629,0,53.929,1.1277,1.1277,6.8172,2.6057,10.64,0,0,1,0,0,0,0,0.97368,0.026316,0,0,0,0.97368,0.026316,0,0
0,0,7.1532,0,0,74.561,0,0,18.286,0,0,6.8353,0,0,0,5.0242,74.561,0,0,1.7202,5.3422,6.5173,0,3.622,3.5312,0,0,74.561,0,0,5.3422,6.4264,6.5173,0,0,1,0,0,0,0,1,0,0,0,0,1,0,0,0
0,0,11.6,0,0,66.717,0,0,21.683,0,0,11.328,3.7507,0,0,1.9033,66.717,0,3.2137,0,3.8819,9.2055,0,10.234,1.3663,0,0,66.717,0,0,8.1142,5.8774,7.6912,0,0,1,0,0,0,0,1,0,0,0,0,1,0,0,0
0,0,6.9364,9.7981,9.0547,55.628,3.9659,5.5856,6.6832,2.3484,0,7.9985,3.6516,1.1564,3.5217,7.0291,56.319,4.6339,2.6796,1.7578,0.96366,10.289,8.7089,8.0328,7.046,2.3484,0,51.733,1.1564,5.0111,7.1982,3.9573,4.808,0,0,1,0,0,0,0,1,0,0,0,0,1,0,0,0
3.0097,4.0232,2.9899,0,1.9962,67.387,9.0022,1.0135,9.5648,0,1.0135,5.2871,3.0206,3.0206,0.99364,9.0201,62.401,2.9899,0.99364,0.99364,3.0097,8.2701,6.9932,7.0329,4.0142,7.0041,4.0142,61.357,0,0,0.99364,3.284,5.3069,0,0.042857,0.95714,0,0,0,0,0.95714,0.028571,0.014286,0.014286,0.028571,0.95714,0,0,0
0,0,9.8837,0,0,65.816,0,0,24.3,0,0,11.064,0,0,1.5915,3.4881,72.212,0,0,0,3.4881,8.1565,3.4881,2.9075,3.4881,0,0,65.816,0,0,3.788,10.764,9.7481,0,0,1,0,0,0,0,1,0,0,0,0,1,0,0,0
0,0,0,0,0,100,0,0,0,0,0,0,0,0,0,0,100,0,0,0,0,0,0,0,0,0,0,100,0,0,0,0,0,0,0,0.05,0.35,0.6,0,0,1,0,0,0,0,1,0,0,0
0,3.0079,0,1.2748,1.0978,87.479,1.2748,4.5907,1.2748,0,0,5.0511,1.5807,2.833,0,0.6374,82.253,3.1849,0.6374,0,0.6374,3.1849,1.2748,3.2934,4.1282,1.2748,0,81.616,0,0,0,6.0404,2.3726,0,0,1,0,0,0,0,1,0,0,0,0,1,0,0,0
0,1.5355,1.507,2.2605,1.507,86.174,3.124,0.75349,3.1383,0,0,0.75349,1.5213,0,0,4.6453,79.048,0.75349,0,3.8918,0,9.3864,0,7.0016,3.0425,0,0,76.773,0.76777,2.3705,1.507,2.2748,6.2624,0.14894,0.14894,0.70213,0,0,0,0,1,0,0,0,0,1,0,0,0
0,0,6.508,0,0,73.298,0,0,20.194,0,0,9.8227,3.3924,0,0.83838,0,74.857,3.3924,0,0,0,7.697,0,4.0333,2.4747,0,0,73.298,0,0,4.951,6.7071,8.5354,0,0,1,0,0,0,0,1,0,0,0,0,1,0,0,0
0,0,5.0914,0,0,72.218,0,0,22.691,0,0,5.0914,0,0,5.0914,0,72.218,0,0,5.0914,5.0914,7.4167,0,5.0914,0,7.4167,0,72.218,0,0,0,10.183,5.0914,0,0,0.97917,0.020833,0,0,0,1,0,0,0,0,0.9375,0.0625,0,0
0,0,11.186,0,0,58.759,0,0,30.056,0,0,21.038,0,0,0,3.5164,59.691,0,0,0,0,15.754,3.5164,0.93259,2.9697,0,0,58.759,0,3.0404,1.5243,12.63,16.628,0,0,0.068966,0.17241,0.75862,0,0,1,0,0,0,0,1,0,0,0
0,1.6918,0,2.8528,3.8326,73.025,4.3173,10.272,2.9847,1.0231,0,7.701,1.4272,4.876,0.71359,3.1454,71.578,2.2711,1.4923,2.4503,2.0741,2.2711,2.5806,10.915,2.2059,2.5806,0,69.776,0,1.4272,0,4.5422,5.9719,0,0,1,0,0,0,0,1,0,0,0,0,1,0,0,0
1.5495,8.4372,7.5232,0,0,71.562,3.4045,0,7.5232,0,0,7.1661,0,3.7616,0,0,70.013,6.5822,3.4045,1.5495,3.7616,3.7616,3.4045,5.3111,12.199,0,0,70.013,0,0,0,3.7616,5.3111,0,0,1,0,0,0,0,1,0,0,0,0,1,0,0,0
