h1,h2,h3,h4,h5,h6,h7,h8,h9,h10,h11,h12,h13,h14,h15,h16,h17,h18,h19,h20,h21,h22,h23,h24,h25,h26,h27,h28,h29,h30,h31,h32,h33,h34,h35,h36,h37,h38,h39,h40,h41,h42,h43,h44,h45,h46,h47,h48,label
0,0,18.361,22.681,0,52.387,3.2856,0,3.2856,0,0,0,11.79,0,8.9582,3.2856,45.816,6.5712,20.294,0,0,3.2856,0,3.2856,3.2856,3.2856,3.2856,49.101,0,0,20.294,5.6726,11.79,0.97872,0.021277,0,0,0,0,0,0.97872,0.021277,0,0,0,0.97872,0.021277,0,0
2.9415,6.349,9.6997,14.763,0,37.721,3.7108,6.7779,12.728,5.3096,0,2.3978,4.0978,0,10.753,7.8158,20.316,8.6393,18.844,0.79902,5.8533,20.483,9.0799,17.622,3.7555,5.0245,5.3393,28.871,2.2674,4.4248,11.633,2.2674,9.7154,0,1,0,0,0,0,0,0,1,0,0,0,0,1,0,0
6.6848,9.327,10.815,4.8799,3.2772,29.233,4.7843,2.7088,19.131,9.1592,0,5.2498,1.3113,0,7.9295,6.8235,15.15,7.436,12.977,3.9094,8.0532,31.16,12.365,19.595,6.1528,3.4159,10.705,20.103,2.541,7.1866,11.811,0,6.1247,0.41176,0.58824,0,0,0,0,0,0.41176,0.58824,0,0,0,0.61765,0.38235,0,0
2.2966,9.0414,12.399,2.1399,2.2216,36.901,13.274,1.8147,10.721,9.1906,0,1.1892,0.43219,0,8.7374,9.6573,22.389,9.7491,9.3843,6.1867,9.1088,23.166,7.2124,19.2,16.457,10.395,6.1526,21.408,1.1892,8.4084,3.1143,0,6.4622,1,0,0,0,0,0,0,1,0,0,0,0,1,0,0,0
2.7743,12.212,7.8638,1.7836,3.4125,26.418,8.9578,6.511,16.61,13.457,0,5.4497,1.6899,0,11.227,6.523,12.233,11.926,12.912,4.1713,8.0069,25.861,4.0725,25.139,7.6646,11.396,7.1397,14.094,2.7743,8.7292,11.444,0,7.546,0.035294,0.96471,0,0,0,0,0,0.035294,0.96471,0,0,0,0.082353,0.91765,0,0
2.9535,8.2387,6.3999,5.2233,1.7566,36.018,9.4366,4.7664,18.717,6.4895,0,2.2624,0,0,7.7061,6.2162,26.101,8.2461,13.462,1.7232,7.1807,27.102,9.8926,21.429,9.169,8.4878,5.2159,29.816,1.7297,3.9929,4.0116,0,6.2553,0.029412,0.97059,0,0,0,0,0,0.029412,0.97059,0,0,0,0.058824,0.94118,0,0
2.3852,14.642,2.1943,2.8589,2.7609,27.64,3.338,6.7368,28.147,9.2973,0,7.0152,0.36309,0,8.9216,5.7765,18.109,10.106,15.42,1.2802,3.3871,29.62,7.9449,23.893,2.6094,4.1699,12.294,20.707,1.7726,4.3144,14.443,0,7.8519,0.75,0.25,0,0,0,0,0,0.71875,0.28125,0,0,0,0.71875,0.28125,0,0
2.6512,9.7089,5.0772,0.7395,1.9117,49.197,8.6469,2.4423,11.191,8.4345,0,5.0603,0,0,9.4285,7.5081,34.725,6.1444,7.0035,4.0805,5.6095,20.44,5.6882,15.424,9.6388,4.6295,9.7855,33.074,3.9356,5.9922,8.0107,0,3.8217,0.043478,0.95652,0,0,0,0,0,0,1,0,0,0,0,1,0,0
2.0638,2.8546,1.5814,2.219,4.2828,65.8,10.282,0,5.9985,4.9184,0,8.5453,0,0,3.6244,0.79071,58.709,3.0097,3.0097,2.8546,2.8546,16.602,1.5868,11.55,10.276,3.7795,2.8337,52.866,2.0638,7.1374,4.8975,0,3.0097,0,1,0,0,0,0,0,0.047619,0.95238,0,0,0,0.047619,0.95238,0,0
0,1.0855,5.4129,15.226,11.396,31.877,18.898,7.1033,4.3795,4.2685,0.35289,8.7758,7.2461,2.1552,9.306,13.617,14.179,11.617,5.1208,11.459,7.2747,9.2497,9.1684,12.271,9.0204,2.9766,8.7724,8.1085,4.4461,9.9198,7.1932,13.72,14.404,0,0.875,0.125,0,0,0,0,0.076923,0.92308,0,0,0,0.028846,0.97115,0,1
0,0,1.1914,5.8071,4.3283,69.537,11.152,1.4033,5.112,1.4692,0,3.0311,2.2415,0.70167,7.0897,1.4033,68.114,4.0554,1.6726,2.8676,2.1708,6.6518,5.0606,1.8845,7.9091,2.2481,1.9033,59.004,7.0746,3.6315,5.1997,3.009,3.0759,0.125,0.875,0,0,0,0,0,0,1,0,0,0,0.053571,0.94643,0,0
0,1.1644,4.2965,14.277,14.952,24.191,16.491,5.908,8.4515,10.269,0,6.4769,4.8739,1.1644,12.034,7.1181,15.926,13.901,8.0555,10.326,9.7824,10.342,14.742,8.2734,10.515,0.80624,6.0099,11.613,1.984,13.679,5.9961,13.472,12.908,0,0.63,0.36,0.01,0,0,0,0.15,0.85,0,0,0,0.11,0.89,0,1
0,4.6075,3.1186,1.4036,1.4036,67.522,4.5222,1.5241,12.815,3.0834,0,1.5241,0,0,5.4359,8.2467,58.326,4.487,6.011,1.5593,1.5593,12.851,3.0834,9.0944,6.0815,5.3154,5.093,58.482,0,2.9629,5.4007,0,4.487,1,0,0,0,0,0,0,0.92308,0.076923,0,0,0,0.94231,0.057692,0,0
0,4.6889,1.103,1.0298,1.0298,80.168,5.4101,0.56795,4.8828,1.1194,0,3.0252,0,0,1.9395,15.3,61.731,5.1507,2.7172,0.55149,0.55149,9.0335,2.4111,5.0022,4.6699,1.5813,11.991,68.658,0.82007,1.5813,1.1359,0,2.1492,1,0,0,0,0,0,0,1,0,0,0,0,1,0,0,0
0,4.8814,0,0,0,91.681,0.66268,0,2.7748,0,0,0.66268,0,0,2.7748,19.569,62.759,6.5783,0,0,0,7.6562,0.66268,0,0,2.7748,22.344,71.444,0,0,2.7748,0,0,1,0,0,0,0,0,0,1,0,0,0,0,1,0,0,0
0,1.3054,0,0,0,96.33,0.87034,0,1.4938,0,0,0.87034,0,0,1.4938,9.84,77.885,7.1121,0,0,0,2.7992,0.87034,0,0,1.4938,7.37,88.772,0,0,1.4938,0,0,1,0,0,0,0,0,0,1,0,0,0,0,1,0,0,0
0,0,0.39506,2.7441,4.5439,82.583,5.0929,0,3.4561,1.1852,0,3.5145,1.4047,0,2.9917,3.2274,74.208,1.7344,0.94433,3.2045,1.1852,7.5853,2.5899,3.2737,4.6979,2.1168,6.6429,68.819,2.4338,2.5246,3.3672,2.5899,0.94433,1,0,0,0,0,0,0,1,0,0,0,0,1,0,0,0
0,0.4043,1.873,12.15,10.232,53.212,10.566,3.2024,4.2251,4.1359,0,4.701,3.3084,1.1381,6.6998,4.3781,47.08,8.5762,4.5318,5.4906,6.6046,7.4912,8.2546,3.5396,5.8917,0,6.4356,43.114,1.1381,8.0721,8.1281,8.7085,6.7177,0.96154,0.038462,0,0,0,0,0,0.93269,0.067308,0,0,0,0.96154,0.038462,0,0
0,0,1.2049,0.72408,1.4482,90.788,1.4667,0,4.3681,0,0,5.1163,0.72408,0,0.7184,7.1551,76.688,6.7075,0,1.4482,0,1.4425,2.1907,0,1.2049,0.7184,11.042,78.303,0.72408,2.4448,1.4425,1.9289,0,1,0,0,0,0,0,0,1,0,0,0,0,1,0,0,0
0,0,5.1406,4.7119,4.9312,78.762,1.5775,0,4.8766,0,0,5.7005,2.2427,0,1.5073,1.5511,78.766,2.3048,0.75364,4.1776,0,2.9964,3.0666,0.90757,3.3255,0,12.132,65.295,1.3352,3.2124,3.9583,6.014,0.75364,1,0,0,0,0,0,0,1,0,0,0,0,1,0,0,0
0,0,0,0,0,93.487,0,0,6.5127,0,0,6.5127,0,0,0,13.996,72.979,6.5127,0,0,0,0,0,0,0,0,21.623,71.865,0,6.5127,0,0,0,1,0,0,0,0,0,0,1,0,0,0,0,1,0,0,0
0,0,19.856,0,0,67.95,0,0,12.194,0,0,14.929,1.7093,0,0,3.9621,70.993,3.9621,0,0,0,4.4444,1.7093,4.4444,13.702,0,9.6335,58.316,0,5.6714,0,6.5229,0,1,0,0,0,0,0,0,1,0,0,0,0,1,0,0,0
0,0,3.491,0,0,78.485,0,0,18.024,0,0,8.3353,0,0,0,1.1903,78.05,7.5798,0,0,0,4.8442,0,0,3.491,0,3.2333,75.252,0,9.6885,0,8.3353,0,1,0,0,0,0,0,0,1,0,0,0,0,1,0,0,0
0,0,8.6282,0.78589,0,62.557,0,0,28.029,0,0,13.892,1.69,0,0,5.1364,65.39,3.3539,0,0,0,10.538,1.69,2.8761,4.0621,0,12.719,49.838,0,20.367,0.78589,7.6617,0,1,0,0,0,0,0,0,1,0,0,0,0,1,0,0,0
0,0,16.674,30.029,0,51.323,0,1.9739,0,0,0,0,14.027,0,5.9217,0,52.959,4.6207,16.888,0,0,5.5831,0,1.9739,0,0,0,47.376,1.9739,1.9739,28.055,7.557,11.091,1,0,0,0,0,0,0,1,0,0,0,0,1,0,0,0
0,0.82059,12.356,21.779,0,55.199,1.3774,4.629,3.0186,0.82059,0,0.82059,6.9237,0,18.861,3.8392,44.103,10.061,10.635,0,0,4.7565,0.82059,6.0064,2.198,1.3774,2.198,44.563,3.8084,4.629,13.291,11.604,9.5043,0.74286,0.2,0.057143,0,0,0,0,0.71429,0.25,0.035714,0,0,0.74286,0.25714,0,0
1.9711,1.9711,4.0482,35.701,0,51.406,0,3.5239,0,0,1.3786,7.5373,3.6298,0,10.906,0,51.896,1.9711,9.2308,3.3497,6.1587,5.3209,0,3.5239,1.9711,0,3.9423,43.573,6.2811,2.9313,20.363,15.338,2.0771,0.73377,0.14286,0.12338,0,0,0,0,0.73377,0.21429,0.051948,0,0,0.73377,0.26623,0,0
1.4003,3.4104,15.485,19.848,0,42.643,1.837,6.4845,6.8819,2.0101,0,5.4598,7.336,1.0247,4.8515,8.8919,32.938,7.0844,15.458,2.425,3.4498,11.081,2.0101,9.3463,6.2721,1.837,6.6477,34.361,2.425,3.0348,17.27,5.8135,10.982,0,0.75194,0.24806,0,0,0,0,0,0.75969,0.24031,0,0,0,1,0,0
2.1206,4.0612,9.1687,27.648,3.2244,30.891,1.7079,5.2965,8.3541,3.8113,3.7163,10.292,3.5686,5.2904,8.0894,7.7135,31.077,5.5289,7.7175,7.6529,3.0824,9.9872,2.7946,12.176,3.9194,0,4.0612,20.286,7.3575,9.2092,18.522,16.303,5.3699,0,0.96923,0.030769,0,0,0,0,0.0076923,0.96154,0.030769,0,0,0.0076923,0.99231,0,0
1.1505,1.1505,12.231,33.54,0,47.752,0,1.1505,0,0,3.0256,11.047,4.2103,0,0,0,60.708,1.1505,1.1505,4.1761,2.709,14.849,0,1.1505,1.1505,0,2.301,40.55,7.2017,3.0256,29.363,15.257,0,0.75,0.125,0.125,0,0,0,0,0.75,0.1875,0.0625,0,0,0.75,0.25,0,0
0,0,9.2596,39.928,0,49.217,0,0,0,0,1.5956,16.396,0,0,0,0,65.613,0,0,1.5956,8.4371,7.9588,0,0,0,0,0,44.511,4.706,1.5956,32.792,16.396,0,0.75,0.125,0.125,0,0,0,0,0.75,0.1875,0.0625,0,0,0.75,0.25,0,0
2.8551,2.8551,8.5964,28.251,1.175,45.61,3.3136,1.6802,1.6568,2.8318,1.175,9.8524,2.6949,1.175,1.6568,2.3499,54.002,4.9938,2.8551,6.9126,7.0559,6.4512,1.6568,6.2194,4.0808,0,4.5353,39.822,4.5626,2.3499,21.445,13.672,1.6568,0,0.90164,0.098361,0,0,0,0,0,0.90164,0.098361,0,0,0,1,0,0
0,0,7.3858,27.597,0,59.249,1.7511,0,0.87553,0.87553,2.2661,10.503,2.5997,0,0.87553,0,68.027,1.7511,0,5.7413,1.7262,8.7764,0.87553,4.3508,2.5997,0,0,44.956,11.692,2.2661,21.881,10.503,0.87553,0,0.93548,0.064516,0,0,0,0,0,0.93548,0.064516,0,0,0,1,0,0
0,0.9618,15.044,16.176,17.523,36.307,3.8979,6.8292,1.9459,1.3151,0,13.479,14.916,5.9043,3.9642,11.064,19.819,15.422,0.77832,4.8239,2.6374,7.1915,12.398,7.5906,4.5264,3.8339,8.6471,21.841,1.719,10.482,8.0292,11.183,9.7485,1,0,0,0,0,0,0,1,0,0,0,0,1,0,0,0
1.0086,3.2674,5.9835,14.576,17.94,37.632,6.9149,4.9831,1.8025,5.6631,0.22795,11.683,13.461,2.295,9.1857,12.464,19.943,5.6853,1.3599,9.2279,5.4083,9.2868,8.4583,10.192,5.0987,2.5595,4.7424,13.845,5.6317,16.636,4.7585,12.202,15.876,0.95062,0.049383,0,0,0,0,0,1,0,0,0,0,1,0,0,0
7.5819,0,8.1196,18.331,15.795,36.007,0,1.0952,1.9764,11.093,0,5.7015,13.165,10.654,5.4875,13.165,23.723,6.3572,0,13.069,7.5819,1.0952,6.7967,3.9528,1.9764,1.0952,2.1904,23.283,3.5111,16.235,1.0952,27.676,12.188,0.051546,0.051546,0.020619,0.87629,0,0,0,1,0,0,0,0,1,0,0,0
5.4093,8.9732,6.2226,17.023,15.763,31.961,1.4892,5.1267,0.51434,5.9952,1.5223,7.6588,13.555,9.2853,6.4206,14.399,19.583,6.6145,0,3.7449,7.6351,11.104,11.408,5.51,1.0093,2.8404,2.4423,18.558,2.6518,13.99,7.7058,14.681,19.203,0,0.040936,0.017544,0.94152,0,0,0,1,0,0,0,0,1,0,0,0
4.7385,4.4432,14.779,19.717,3.0363,29.561,2.3698,8.3439,8.3694,3.3761,1.267,7.352,4.5615,4.9855,11.209,7.9247,16.857,5.9066,12.385,6.4499,7.4931,14.876,5.2387,16.06,6.7763,1.8134,7.8388,18.464,5.655,8.6713,14.262,9.6726,5.5479,0,1,0,0,0,0,0,0.18462,0.81538,0,0,0,0.2,0.8,0,0
2.0453,4.9412,11.314,20.092,3.5455,25.6,0.95652,3.9726,21.186,3.4626,2.8839,12.839,1.7403,5.3405,13.37,9.9962,11.795,10.529,11.881,6.351,1.5908,14.567,5.2743,15.1,3.3918,0,5.7011,11.807,9.3597,8.0868,11.745,20.089,9.4464,0,1,0,0,0,0,0,1,0,0,0,0,1,0,0,1
1.135,7.2488,13.137,8.5906,5.4465,30.317,2.9448,4.415,23.556,2.6126,0.59729,11.234,0.47298,11.764,4.4629,3.3456,22.034,17.409,4.2388,4.0756,3.3499,17.612,7.5861,16.97,2.6732,0,8.3838,22.541,5.9692,3.0814,11.26,11.115,10.421,0.31818,0.18182,0.22727,0.22727,0.045455,0,0,0.90909,0.090909,0,0,0,0.95455,0.045455,0,0
5.936,6.4501,9.6783,24.616,5.3551,16.78,2.3665,4.1917,10.791,7.9645,5.8703,12.413,0.9121,6.3873,7.0263,14.712,17.422,6.7198,10.223,14.022,3.5574,6.6058,1.6974,13.842,7.4823,0,7.031,8.6669,6.1731,14.596,10.608,24.313,5.5899,0.96774,0.016129,0.016129,0,0,0,0,1,0,0,0,0,1,0,0,1
1.3667,2.9758,11.724,16.636,3.8374,22.693,1.9917,5.9363,25.896,3.986,2.9575,11.377,2.5841,6.6219,11.996,8.9454,12.485,12.157,8.8595,8.9492,6.0249,10,5.7473,12.073,2.8579,0,3.4343,8.6586,11.45,10.525,12.648,22.783,9.8225,1,0,0,0,0,0,0,1,0,0,0,0,1,0,0,1
0.56619,1.6767,23.148,17.447,6.197,18.036,2.1429,4.3078,22.013,1.4796,2.9862,14.966,0.91342,5.6039,16.131,5.3125,7.5746,9.8614,10.177,10.383,1.3478,17.729,12.437,20.642,1.2401,0,1.6767,5.025,11.954,6.1964,6.3066,21.49,13.032,0.73494,0.25301,0.012048,0,0,0,0,0.95181,0.048193,0,0,0,0.95181,0.048193,0,1
0,1.1519,9.2158,13.493,15.945,23.452,12.674,9.9478,5.3537,8.3412,0.4256,11.206,11.829,2.8202,8.3556,12.053,7.8587,13.576,4.7598,10.345,6.9627,10.234,16.915,12.425,6.3764,2.2897,7.5437,6.2666,3.1651,11.065,6.7525,10.773,16.428,0,0.55556,0.14286,0.30159,0,0,0,0.39683,0.60317,0,0,0,0.44444,0.55556,0,0
0.33138,0.30987,5.2281,13.637,11.827,29.254,14.122,8.5379,5.6877,10.454,0.61134,6.0661,8.5044,1.7348,9.1646,10.375,14.023,11.735,6.2405,11.307,8.849,12,10.035,12.737,7.3311,3.8456,7.2011,10.657,2.6578,8.6591,9.7316,11.99,15.155,0,0.63492,0.36508,0,0,0,0,0.47619,0.52381,0,0,0,0.42857,0.57143,0,1
8.8811,0,10.699,16.272,4.1694,24.866,8.3111,0,4.9613,20.136,1.7046,1.9698,4.9874,9.968,14.541,4.6904,24.248,8.3111,5.772,14.431,9.3762,1.7046,0.56729,10.415,9.1781,1.1793,2.0977,6.1669,7.6478,4.1694,11.255,40.229,7.0953,0,0.2963,0.7037,0,0,0,0,1,0,0,0,0,0.2963,0.7037,0,1
4.3816,0.71808,4.8127,33.19,9.0714,21.304,3.4701,0,5.723,13.954,3.3754,3.2927,11.599,10.815,22.502,9.9218,12.023,5.2158,7.3388,3.8386,10.591,2.8615,2.5746,9.8237,6.6658,2.3835,2.5273,6.1714,1.9843,8.3533,13.472,33.858,12.186,0,0.18519,0.33333,0.48148,0,0,0,1,0,0,0,0,0.7037,0.2963,0,1
7.3956,3.7183,18.301,8.5056,12.435,32.09,3.6773,0,2.024,8.135,3.7183,8.5516,19.256,12.059,3.5437,8.0646,28.207,5.7013,1.0788,6.1423,7.3956,0,3.7183,9.286,4.6225,3.2363,1.0788,25.034,1.5198,10.411,13.009,17.893,10.191,0,0.070423,0.098592,0.83099,0,0,0,1,0,0,0,0,0.94366,0.056338,0,0
13.115,9.0348,7.4029,7.9336,10.437,25.926,6.6444,1.2019,2.7184,7.9075,7.6785,1.5191,7.8347,15.699,5.5876,10.464,18.784,12.825,3.9719,4.9915,9.0415,9.2802,4.6075,8.231,4.0108,6.5262,4.1231,14.67,1.5919,4.4621,10.246,20.046,21.485,0,0.17647,0.50588,0.31765,0,0,0,0.61176,0.38824,0,0,0,0.54118,0.45882,0,1
7.8453,1.9404,11.105,9.3061,8.8003,27.829,2.822,0,9.0416,14.246,7.064,7.6354,9.707,8.1702,3.9559,7.151,18.316,12.04,9.9128,3.0346,9.2496,10.828,3.5006,3.6126,7.454,5.0045,6.4728,13.193,1.8511,8.2376,11.018,21.824,17.831,0,0.63636,0.36364,0,0,0,0,1,0,0,0,0,0.63636,0.36364,0,1
2.1749,0.98599,16.571,21.697,6.7392,37.574,4.2707,0,6.7998,1.5989,1.5886,10.109,6.1816,5.1486,0.98599,9.452,22.371,7.5694,5.3242,2.1749,8.0363,22.648,9.6802,3.5626,11.667,1.1889,2.3103,22.824,5.9051,10.869,7.1254,15.527,9.3398,0,0.25926,0.1358,0.60494,0,0,0,1,0,0,0,0,0.95062,0.049383,0,0
4.3263,5.6827,8.2558,21.186,4.8536,34.927,2.0365,0.8291,8.1718,4.3237,5.4084,10.816,1.7275,9.0729,2.4497,5.3414,30.717,10.463,5.5214,12.289,2.4282,9.1748,3.3928,8.8124,7.2637,1.21,6.5118,21.493,8.46,6.8691,13.53,19.464,2.9945,0,0.17442,0.17442,0.51163,0.13953,0,0,0.81395,0.18605,0,0,0,0.82558,0.17442,0,0
4.1994,0,11.66,13.979,2.9416,32.787,9.9486,0,5.157,9.2058,10.121,9.4525,4.2573,11.364,4.8171,4.3423,9.8902,26.51,13.781,9.8981,3.5662,2.1217,8.1865,2.1436,10.487,9.9406,2.7688,5.0928,8.1865,2.9416,20.443,21.453,8.3565,0,0,0.72,0.28,0,0,0,1,0,0,0,0,0.36,0.64,0,0
0,0,7.4662,19.788,1.6588,56.708,5.7058,0,2.0006,3.6593,3.0135,6.7744,1.6588,3.3635,6.9769,1.6588,57.005,9.1152,1.7047,5.0141,4.3154,2.4131,3.7053,5.6599,1.7047,1.7047,0,40.634,11.006,2.9676,17.208,11.751,3.6593,0,0.21875,0.20312,0.4375,0.14062,0,0,0.82812,0.17188,0,0,0,0.84375,0.15625,0,0
4.9003,0.43968,22.455,5.3563,12.371,24.121,4.5589,0,12.21,8.5643,5.0237,14.712,4.194,10.607,7.4692,3.3966,18.626,8.8015,20.874,5.9807,2.2178,3.1222,2.3411,2.2185,8.4785,3.4122,3.0396,5.5415,4.1199,11.931,9.2255,33.86,15.832,0,0.5,0.26471,0.23529,0,0,0,1,0,0,0,0,0.76471,0.23529,0,1
11.01,3.7024,5.0813,7.2554,7.6972,25.352,3.9421,0,8.4744,16.347,11.139,4.7118,10.714,13.524,5.0799,4.7734,16.02,14.141,10.177,6.8008,7.6307,6.4275,3.0467,4.7582,8.3907,3.7123,5.0739,8.8269,2.5885,6.3476,15.114,28.722,13.419,0,0.11538,0.88462,0,0,0,0,1,0,0,0,0,0.11538,0.88462,0,1
11.866,5.1386,10.923,2.1693,10.439,30.562,5.888,0.29525,1.8313,9.162,11.725,1.9268,7.6402,16.371,1.6686,19.436,15.409,11.435,5.29,5.3135,7.8234,7.687,10.503,6.725,0.85255,7.4519,3.4282,13.257,12.378,7.6625,15.038,8.1153,14.588,0,0.94595,0.054054,0,0,0,0,1,0,0,0,0,1,0,0,1
12.908,3.1426,8.3644,1.9791,13.801,31.326,3.3098,0,5.4281,10.6,9.1409,0.93107,5.3014,13.542,2.6115,15.515,14.508,25.837,6.8679,1.5052,6.9295,6.4513,5.1515,4.8777,1.2802,3.5728,4.6458,15.266,16.758,5.9802,12.433,16.851,13.183,0,1,0,0,0,0,0,1,0,0,0,0,1,0,0,1
6.2424,1.09,13.255,18.627,8.6066,23.055,7.4167,0,4.8879,13.361,3.4592,7.68,6.8057,12.747,13.354,5.5224,11.009,13.245,10.1,8.5792,9.1049,1.8517,1.9359,5.6833,9.0284,6.6874,2.0916,0.76163,3.6668,7.5166,13.17,28.84,20.618,0,0.22857,0.65714,0.11429,0,0,0,1,0,0,0,0,0.37143,0.62857,0,1
13.089,5.0597,9.5146,6.8129,7.7955,22.301,7.8525,0,9.4855,12.283,5.8065,2.6987,8.3904,12.726,2.9579,9.8194,19.007,13.226,9.132,5.4182,9.9646,6.66,2.554,4.7117,9.4767,7.824,5.6618,7.3671,4.5502,3.5409,10.681,18.455,25.177,0,0,0.61364,0.38636,0,0,0,0.81818,0.18182,0,0,0,0.47727,0.52273,0,1
6.5917,5.2499,14.227,3.8793,18.145,19.313,2.9065,0,8.563,13.67,7.4545,1.6227,7.6712,7.1783,0.81017,12.529,23.351,25.073,4.1896,5.0336,8.8567,3.6852,11.63,3.1798,1.6227,2.9553,5.0298,6.8227,16.492,9.946,14.021,14.995,13.306,0,1,0,0,0,0,0,1,0,0,0,0,1,0,0,1
0,0,16.294,32.588,0,51.119,0,0,0,0,0,16.294,0,0,0,0,67.412,0,0,0,1.4902,14.804,0,0,0,0,0,48.005,3.1132,0,32.588,16.294,0,0.75,0.125,0.125,0,0,0,0,0.75,0.1875,0.0625,0,0,0.75,0.25,0,0
0,0,9.5451,40.118,0,50.337,0,0,0,0,0,16.554,0,0,0,0,65.009,1.882,0,0,0,16.554,0,0,0,0,0,45.039,5.2974,0,33.109,16.554,0,0.7619,0.11905,0.11905,0,0,0,0,0.7619,0.17857,0.059524,0,0,0.7619,0.2381,0,0
0,0,10.678,22.472,0,65.043,0,0,0,0,1.8059,10.678,1.1157,0,0,1.8059,74.606,0,0,1.1157,1.969,8.7093,0,1.1157,1.1157,0,0,61.118,4.6154,0,21.357,10.678,0,0,0.91603,0.083969,0,0,0,0,0,0.91603,0.083969,0,0,0,1,0,0
1.2556,0,6.9147,25.336,0,63.038,0,0,0,0,3.4549,10.75,0,0,0,4.7105,71.577,2.2123,0,0,0,10.75,0,0,0,0,1.2556,57.066,9.4271,0,21.501,10.75,0,0,0.94074,0.059259,0,0,0,0,0,0.94074,0.059259,0,0,0,1,0,0
0,0,6.1807,43.942,0,49.877,0,0,0,0,0,16.708,0,0,0,0,62.78,3.8047,0,0,0,16.708,0,0,0,0,0,40.736,9.1414,0,33.415,16.708,0,0.80769,0.14103,0.051282,0,0,0,0,0.76923,0.17949,0.051282,0,0,0.8141,0.1859,0,0
0,0,0,48.894,0,51.106,0,0,0,0,0,16.298,0,0,0,0,65.385,2.0193,0,0,0,16.298,0,0,0,0,0,42.244,8.8623,0,32.596,16.298,0,0.53247,0.4026,0.064935,0,0,0,0,0.50649,0.42857,0.064935,0,0,0.5974,0.4026,0,0
2.0936,0,3.8186,32.846,0,61.242,0,0,0,0,0,12.222,0,0,0,2.0936,72.335,1.1283,0,0,0,12.222,0,0,0,0,2.0936,54.525,6.7168,0,24.443,12.222,0,0,0.85981,0.14019,0,0,0,0,0,0.85981,0.14019,0,0,0,1,0,0
1.0388,0,0,33.061,0,65.9,0,0,0,0,0,11.02,0,0,0,1.0388,72.266,4.6542,0,0,0,11.02,0,0,0,0,1.0388,52.645,13.255,0,22.041,11.02,0,0,0.91837,0.081633,0,0,0,0,0,0.91837,0.081633,0,0,0,1,0,0
1.3701,1.3701,16.037,8.8516,9.2845,48.929,2.4824,0,11.676,0,0,13.171,3.0322,5.0432,3.6731,0,40.942,9.3912,8.4585,1.3701,5.7908,9.1277,2.2246,1.3701,12.418,0,3.3084,33.674,2.2246,6.8307,2.4824,17.102,18.365,0,0,0,1,0,0,0,1,0,0,0,0,1,0,0,0
3.8289,1.2722,14.307,15.65,5.7875,40.126,1.2657,0,13.709,0,4.053,10.536,5.4872,2.4942,0.39496,10.87,25.464,10.431,4.4985,2.3491,6.2892,21.187,4.9389,1.2726,6.714,2.5568,6.4964,23.161,4.5109,8.8195,4.817,21.183,15.53,0.025316,0.6962,0.1519,0.12658,0,0,0,1,0,0,0,0,1,0,0,1
0,0,7.5749,15.368,7.5749,53.896,0,0,15.586,0,0,15.368,15.368,0,0,0,53.896,7.7929,0,0,7.5749,0,7.5749,7.5749,7.7929,0,0,53.896,0,7.5749,0,7.7929,7.7929,0.13187,0.065934,0,0.8022,0,0,0,1,0,0,0,0,1,0,0,0
2.0653,0,24.043,18.564,2.9865,43.294,1.754,0,5.2279,0,2.0653,19.616,2.5825,0,0,7.8195,38.581,6.6926,2.6736,0.91954,5.6601,15.455,6.3168,1.663,7.5052,2.0653,3.3888,32.089,6.4929,12.764,2.8998,13.429,11.386,0.11667,0.033333,0.033333,0.81667,0,0,0,1,0,0,0,0,1,0,0,0
0,0,6.4476,16.239,0,72.311,0,0,0,0,5.0027,6.4476,3.3437,0,0,5.0027,75.415,0,0,3.3437,1.6975,4.7501,0,3.3437,3.3437,0,0,67.389,6.5804,0,12.895,6.4476,0,0,0.14286,0.14286,0.57143,0.14286,0,0,0.82857,0.17143,0,0,0,0.85714,0.14286,0,0
15.721,0,4.4093,8.8185,0,66.647,0,0,0,0,4.4037,4.4093,0,0,0,11.318,75.46,4.4037,0,0,0,4.4093,0,0,0,0,11.318,66.908,8.5463,0,8.8185,4.4093,0,0.013889,0.097222,0.18056,0.56944,0.13889,0,0,0.88889,0.11111,0,0,0,0.90278,0.097222,0,0
25.109,0,0,0,0,68.717,0,0,0,0,6.174,2.6365,0,0,0,14.195,78.961,4.2079,0,0,0,0,2.6365,0,0,0,12.229,83.15,1.985,0,0,0,0,0,0.85,0.075,0.075,0,0,0,0.225,0.775,0,0,0,0.275,0.725,0,0
5.4597,3.4007,17.392,24.019,3.461,26.17,2.2776,0,10.524,1.2444,6.0515,9.627,4.7237,1.7972,0.3891,12.156,18.882,15.606,9.001,0.7002,3.3613,23.757,12.256,0.3891,9.2277,1.4485,5.8432,8.5201,5.5248,12.47,10.628,18.077,15.616,0,0.94805,0,0.051948,0,0,0,1,0,0,0,0,1,0,0,1
8.7594,0.49958,21.909,7.9896,5.5277,28.117,0.7605,0,13.037,10.182,3.218,3.1178,2.0314,10.244,0,20.932,13.315,25.317,10.025,5.4045,5.0701,4.5431,14.195,8.2137,3.1178,1.1462,7.8757,14.199,9.1525,2.4063,15.773,11.576,12.345,0.10204,0.89796,0,0,0,0,0,1,0,0,0,0,1,0,0,1
28.56,0,1.2037,6.2372,0,58.724,0,0,1.2037,0,4.0712,1.2037,0,0,0,9.8283,68.452,14.279,0,0,0,6.2372,1.2037,0,0,3.8299,15.002,72.742,1.2037,1.2037,1.2037,1.2037,2.4073,0,0.75,0.11111,0.13889,0,0,0,0.22222,0.77778,0,0,0,0.27778,0.72222,0,0
7.9916,1.1269,14.938,20.904,5.528,28.162,0.72969,0,12.153,0,8.4668,8.8112,3.646,0.96573,0,13.344,36.087,6.8122,4.4086,1.4251,2.1548,22.345,5.0658,0,4.7082,2.8071,3.9045,24.26,4.3095,15.842,11.947,20.643,6.5131,0.076923,0.88462,0,0.038462,0,0,0,1,0,0,0,0,0.99038,0.0096154,0,1
12.472,0,1.1925,12.16,0,68.535,0,0,0,0,5.6393,4.4509,0,0,0,10.477,73.597,7.024,0,0,0,4.4509,0,0,0,0,7.635,69.494,9.5179,0,8.9019,4.4509,0,0,1,0,0,0,0,0,0,1,0,0,0,0,1,0,0
29.441,0,0,0,0,62.467,0,0,0,0,8.0917,1.6535,0,0,0,16.074,71.369,10.903,0,0,0,0,1.6535,0,0,0,17.885,76.917,3.5449,0,0,0,0,0,1,0,0,0,0,0,0,1,0,0,0,0,1,0,0
4.653,0,0,13.453,0,81.894,0,0,0,0,0,4.4842,0,0,0,3.3379,86.518,1.176,0,0,0,4.4842,0,0,0,0,3.3379,73.646,9.5635,0,8.9685,4.4842,0,0.43243,0.56757,0,0,0,0,0,0.28378,0.71622,0,0,0,0.35135,0.64865,0,0
9.3137,0,0,0,0,90.686,0,0,0,0,0,0,0,0,0,4.0238,92.756,3.2204,0,0,0,0,0,0,0,0,5.1432,88.637,6.2203,0,0,0,0,1,0,0,0,0,0,0,0.89474,0.10526,0,0,0,1,0,0,0
29.374,0,0,2.059,0,60.665,0,0,0,0,7.9021,6.232,0,0,0,11.377,70.371,9.9611,0,0,0,2.059,6.232,0,0,2.059,11.377,80.332,0,0,0,0,0,0,1,0,0,0,0,0,0,1,0,0,0,0,1,0,0
16.515,0,1.5246,6.8637,2.29,66.503,0,0,1.5246,0,4.7799,4.7799,0,2.29,0,6.3045,70.845,8.9164,0,0,0,6.8637,4.7799,0,0,1.5246,7.3919,72.576,1.5246,3.8146,3.8146,1.5246,3.0491,0,0.97521,0,0.024793,0,0,0,0.049587,0.95041,0,0,0,0.049587,0.95041,0,0
9.5386,0,0,1.0869,0,89.374,0,0,0,0,0,0,0,0,0,1.2785,93.6,4.0343,0,0,0,1.0869,0,0,0,1.0869,4.2258,94.687,0,0,0,0,0,1,0,0,0,0,0,0,0.875,0.125,0,0,0,1,0,0,0
5.0384,0,0,3.1195,0.94613,90.896,0,0,0,0,0,0,0,0.94613,0,0,92.329,3.6059,0,0,0,3.1195,0,0,0,2.1734,1.4325,94.502,0,0.94613,0.94613,0,0,1,0,0,0,0,0,0,0.8642,0.1358,0,0,0,1,0,0,0
0,0,21.401,14.478,5.9536,21.205,3.2209,3.9462,19.199,4.0602,6.5367,13.639,4.0602,3.7506,16.306,8.7692,8.6495,5.1551,10.733,10.174,1.8985,16.865,14.264,17.209,0.52961,0,0,1.5832,16.425,14.323,9.7276,18.359,7.5781,0.020833,0.97917,0,0,0,0,0,0.625,0.375,0,0,0,0.625,0.375,0,1
0,0,32.404,5.6948,1.1351,19.522,1.543,16.316,7.726,0.2987,15.36,2.31,0.2987,1.543,20.468,2.4292,15.659,3.2755,18.049,2.8576,0.2987,32.812,18.586,31.677,0,0,0,0.2987,4.1517,30.731,3.0166,7.4273,4.1119,0.022222,0.97778,0,0,0,0,0,1,0,0,0,0,1,0,0,1
0,0.49376,16.528,18.185,3.8402,18.114,6.2327,9.1018,23.797,2.4868,1.2212,7.9679,2.4868,8.2408,18.385,8.3263,5.5587,11.635,13.283,4.8858,3.1141,16.116,13.227,20.252,1.0206,0,0.49376,3.8107,12.009,7.0228,7.4062,21.737,13.022,0.042254,0.95775,0,0,0,0,0,0.95775,0.042254,0,0,0,0.95775,0.042254,0,1
0,0,15.197,14.767,2.4952,22.458,5.373,7.4232,22.131,5.0881,5.067,6.4189,5.0881,5.7876,17.655,10.146,9.1041,9.0932,14.89,2.1797,3.422,16.216,11.17,19.519,0.41455,0,0,3.6226,12.941,16.464,9.4156,19.539,6.9149,0.17391,0.82609,0,0,0,0,0,0.58696,0.41304,0,0,0,0.6087,0.3913,0,1
0,0,18.385,5.1491,16.364,19.563,15.99,1.1355,7.7017,15.202,0.51018,2.5306,15.202,15.99,5.1491,16.847,0.85764,3.3407,18.195,3.5307,0.34745,18.01,33.864,16.5,0,0,0,0.34745,18.868,16.059,2.5033,7.3542,4.5035,0.83333,0.16667,0,0,0,0,0,0.83333,0.16667,0,0,0,0.97917,0.020833,0,1
0,0.8074,2.9197,18.452,12.444,32.781,13.861,9.5087,5.1506,3.8574,0.21895,1.1273,10.669,3.0337,10.183,9.434,21.399,11.281,5.9268,9.4189,7.0652,10.463,9.2468,8.6067,9.1163,0.90422,6.2146,19.876,3.5144,4.0061,14.137,9.8575,14.52,0.11429,0.54286,0.34286,0,0,0,0,0.25714,0.74286,0,0,0,0.22857,0.77143,0,0
0,0,7.0077,41.452,0,51.54,0,0,0,0,0,16.153,0,0,0,0,67.693,0,0,0,0,16.153,0,0,0,0,0,45.129,6.4111,0,32.307,16.153,0,0.725,0.2125,0.0625,0,0,0,0,0.6875,0.25,0.0625,0,0,0.74375,0.25625,0,0
0,0,8.2815,41.715,0,50.004,0,0,0,0,0,14.898,1.7675,0,0,1.7675,63.134,1.7675,0,0,5.4175,11.248,0,0,0,0,0,42.09,7.9144,0,26.146,23.85,0,0.7047,0.24161,0.053691,0,0,0,0,0.67114,0.27517,0.053691,0,0,0.73826,0.26174,0,0
0,0,3.7569,28.195,0,68.049,0,0,0,0,0,10.65,0,0,0,1.2263,76.459,1.0139,0,0,0,10.65,0,0,0,0,0,57.323,10.725,0,21.301,10.65,0,0,0.9009,0.099099,0,0,0,0,0,0.9009,0.099099,0,0,0,1,0,0
0,0,4.8398,27.763,0,67.397,0,0,0,0,0,8.4277,2.4399,0,0,4.9954,70.829,2.4399,0,0,1.8372,9.0305,0,0,0,0,0,53.151,14.246,0,17.458,15.145,0,0,0.92523,0.074766,0,0,0,0,0,0.92523,0.074766,0,0,0,1,0,0
0,0,8.3029,38.406,0,53.291,0,0,0,0,0,5.9716,19.438,0,0,3.5123,53.419,5.8435,0,0,2.3312,9.484,0,0,0,0,0,44.807,8.4842,0,15.456,31.254,0,0.48344,0.44371,0.072848,0,0,0,0,0.46358,0.46358,0.072848,0,0,0.55629,0.44371,0,0
0,0,15.28,40.674,0,44.046,0,0,0,0,0,15.28,3.3713,0,0,3.3713,55.954,3.3713,0,0,15.28,3.3713,0,0,0,0,0,37.303,6.7426,0,18.651,37.303,0,0.96226,0.037736,0,0,0,0,0,0.9434,0.056604,0,0,0,0.96226,0.037736,0,0
0,0,13.533,20.111,0,66.356,0,0,0,0,0,8.0201,4.0708,0,0,1.2452,67.618,5.5127,0,0,9.5818,3.951,0,0,0,0,0,59.584,6.7723,0,11.971,21.673,0,0,0.89216,0.10784,0,0,0,0,0,0.89216,0.10784,0,0,0,1,0,0
0,0,5.5153,16.024,0,64.29,3.5427,0,10.628,0,0,9.058,4.0263,3.5427,0,7.569,62.236,4.0263,0,0,1.9725,7.569,10.628,0,7.0855,0,3.5427,48.399,12.348,0,5.9988,11.998,0,0,1,0,0,0,0,0,0,1,0,0,0,0,1,0,0
0,0,1.1166,12.168,0,86.715,0,0,0,0,0,4.4283,0,0,0,2.3666,86.913,1.8637,0,0,0,4.4283,0,0,0,0,0,73.826,12.889,0,8.8566,4.4283,0,0.5,0.5,0,0,0,0,0,0.375,0.625,0,0,0,0.4,0.6,0,0
0,0,0,0,0,100,0,0,0,0,0,0,0,0,0,1.3726,97.476,1.1511,0,0,0,0,0,0,0,0,0,92.55,7.4496,0,0,0,0,1,0,0,0,0,0,0,1,0,0,0,0,1,0,0,0
0,0,2.4008,11.905,0,85.694,0,0,0,0,0,3.4975,1.2711,0,0,1.2711,87.921,1.2711,0,0,0,4.7685,0,0,0,0,0,74.598,11.096,0,8.266,6.0396,0,0.5,0.5,0,0,0,0,0,0.375,0.625,0,0,0,0.4,0.6,0,0
0,1.6328,1.6328,0,0,88.08,0,0,3.7557,1.6328,3.2655,8.1638,0,2.123,1.6328,4.4039,83.677,0,0,0,0,0,1.6328,3.2655,1.6328,1.6328,1.6328,77.556,10.525,0,0,0,2.123,1,0,0,0,0,0,0,1,0,0,0,0,1,0,0,0
0,0,0,0,0,95.275,0,0,2.9732,1.7516,0,0,0,2.0974,0,0,95.275,0,0,0,1.7516,0.8758,0,0,0,0,0,93.178,2.0974,0,0.8758,0.8758,2.9732,1,0,0,0,0,0,0,1,0,0,0,0,1,0,0,0
0,0,0,0,0,94.04,0,0,2.7255,3.2347,0,0,0,1.1082,0,0,94.04,0,0,0,3.2347,1.6173,0,0,0,0,0,92.932,1.1082,0,1.6173,1.6173,2.7255,1,0,0,0,0,0,0,1,0,0,0,0,1,0,0,0
0,2.2174,6.1098,3.655,2.4366,67.113,0,0,6.7143,6.0214,5.7322,7.432,1.2975,7.3891,2.2174,2.2174,62.459,2.5158,1.2975,0,6.2407,6.9336,4.7332,4.5931,3.5149,0.99906,4.654,60.863,2.5158,2.5158,3.1203,5.6361,6.8545,1,0,0,0,0,0,0,1,0,0,0,0,1,0,0,0
0.58528,0.45099,5.3384,3.7237,2.0873,72.172,0.60009,0,7.9546,3.2965,3.7912,0.90197,1.2291,6.744,1.0511,0.45099,70.834,5.2214,1.8144,0.60009,2.1021,9.0512,2.7311,6.4082,2.2654,1.2002,3.0131,61.165,4.9401,3.4507,1.6364,5.1167,8.0727,1,0,0,0,0,0,0,1,0,0,0,0,1,0,0,0
0,1.1646,9.394,7.7221,0,70.065,1.749,0,6.4117,1.1646,2.3291,10.352,1.8867,1.749,1.1646,7.477,59.919,7.3361,0,0,5.4494,4.6667,6.4117,2.3291,4.6626,1.1646,2.9136,58.158,10.158,0,3.9487,10.254,0,0.62319,0.37681,0,0,0,0,0,0.46377,0.53623,0,0,0,0.49275,0.50725,0,0
2.0623,4.7309,6.9354,8.4804,4.277,42.292,4.7189,0.9184,21.734,1.338,2.5125,13.179,5.9111,13.383,4.2172,8.2353,34.647,1.7081,2.1818,4.9612,4.212,7.3643,14.189,9.5661,9.833,5.0452,8.1876,28.031,3.4628,0.83794,4.7685,8.8273,7.2513,0.98387,0.016129,0,0,0,0,0,1,0,0,0,0,1,0,0,0
2.1138,4.3358,8.1562,13.849,7.7825,26.306,6.2269,2.5034,21.984,2.5038,4.2382,16.199,12.328,11.379,4.2427,13.005,12.023,3.755,5.2559,7.1589,6.7611,7.8918,12.265,12.717,10.461,7.1029,8.2598,5.25,2.0837,2.2247,10.454,18.697,10.485,0.52941,0.19608,0.19608,0.078431,0,0,0,0.80392,0.19608,0,0,0,0.80392,0.19608,0,1
1.5809,5.7649,10.235,3.3346,3.4766,45.669,4.4251,1.3877,19.545,1.7299,2.8516,16.509,4.2666,10.315,4.0459,7.5254,34.312,4.8012,3.1927,3.7655,5.9919,5.2748,15.935,13.159,7.3458,5.2367,6.5036,33.638,1.8684,0.47997,3.9497,8.2218,3.6621,0.96,0.04,0,0,0,0,0,0.88,0.12,0,0,0,0.89333,0.10667,0,0
2.2527,6.2381,12.504,9.188,7.9887,24.745,4.6829,3.5246,21.637,4.0893,3.1499,20.398,9.2741,15.384,7.0696,11.107,18.035,0.74994,1.3739,5.2282,2.7142,8.6663,20.287,11.96,10.18,8.7284,9.4637,11.352,0.5164,1.4811,10.003,8.0798,7.9489,0.98913,0.01087,0,0,0,0,0,1,0,0,0,0,1,0,0,0
3.4015,5.5241,11.165,9.6305,10.307,25.187,11.491,1.7174,16.267,3.0479,2.2619,15.146,13.783,18.088,9.6502,10.166,13.355,1.9693,2.4576,7.4897,2.6747,5.221,15.212,14.139,9.6884,12.041,5.9211,3.9754,1.0264,4.8852,10.12,16.63,6.3615,0,0,0.48936,0.51064,0,0,0,1,0,0,0,0,1,0,0,1
2.0667,3.9273,11.834,8.4559,4.5558,34.12,5.3881,1.2169,20.922,3.8063,3.7076,12.96,7.4295,10.707,4.6897,7.2781,25.058,7.0403,5.2101,4.4453,4.7357,10.445,9.7667,14.609,9.4462,5.914,5.5439,16.676,4.8215,3.4275,7.1168,13.891,8.787,0.88372,0.11628,0,0,0,0,0,1,0,0,0,0,1,0,0,0
3.293,1.6135,5.4996,13.013,8.2247,34.05,1.8428,1.0336,16.135,9.8322,5.4634,4.2874,1.3512,11.958,3.071,3.5077,26.572,15.564,3.9888,2.1015,7.8329,19.766,5.6235,7.204,5.7664,2.7892,8.8489,14.966,6.3375,7.3937,7.2779,15.143,18.649,0.94595,0.054054,0,0,0,0,0,1,0,0,0,0,1,0,0,0
3.0818,5.7934,10.4,9.597,7.1101,25.274,11.122,2.5477,17.552,3.5988,3.9231,14.857,10.993,15.423,8.4039,7.6564,11.331,4.7495,5.4044,8.7735,5.1876,7.2211,10.696,14.619,10.723,9.8394,8.2037,3.5715,2.6035,3.5645,10.657,15.546,9.9759,0.48387,0.30645,0.20968,0,0,0,0,0.59677,0.40323,0,0,0,0.59677,0.40323,0,1
5.0875,1.068,8.5825,5.1198,5.5675,39.418,1.8884,3.4564,16.085,8.833,4.8936,2.1826,2.0574,5.4983,2.2162,2.1825,30.5,16.999,6.1887,0.98466,8.462,22.728,6.7204,13.829,7.3125,1.7587,7.6479,14.047,4.3441,5.2388,6.0769,14.429,18.597,0,1,0,0,0,0,0.23684,0.76316,0,0,0,0,1,0,0,1
2.1429,8.4204,13.343,7.0078,5.7282,26.188,10.057,2.2017,17.783,2.7875,4.3411,18.646,7.0476,16.634,9.2264,11.529,14.178,2.6145,4.2808,6.2238,3.7835,5.8355,17.475,19.347,9.5614,9.8762,9.0371,6.9721,1.7541,2.0108,5.8844,10.731,7.3507,0.39683,0.38095,0.22222,0,0,0,0,0.8254,0.1746,0,0,0,0.8254,0.1746,0,1
1.5061,1.0589,14.472,6.3489,5.7556,38.577,2.7297,1.6828,18.126,5.2339,4.5093,2.3092,2.8913,7.2957,3.5506,1.9645,35.956,11.84,4.9942,2.4917,9.1531,17.553,8.258,18.129,5.952,4.4336,4.4754,15.186,5.7989,5.1559,5.3173,17.717,9.5769,0.24444,0.62222,0.13333,0,0,0,0,0.84444,0.15556,0,0,0,0.84444,0.15556,0,1
2.0101,4.9274,10.566,7.4199,8.6491,28.06,9.8931,0.92666,17.195,6.8895,3.4635,7.8398,14.183,16.929,8.5931,10.402,9.6977,5.7595,7.0133,7.9326,8.3385,3.3108,8.7616,8.9247,9.0837,11.644,8.2657,0.54587,2.0644,4.9938,10.876,21.514,13.326,0.54688,0.0625,0.39062,0,0,0,0.42188,0.57812,0,0,0,0,1,0,0,1
3.4527,2.5604,8.8142,6.1697,5.6623,34.026,7.7117,2.1147,16.575,8.7332,4.1802,6.815,6.4965,8.8811,6.4923,5.4371,18.775,12.76,5.6733,2.4562,13.777,12.435,6.287,13.95,6.6443,8.1524,4.8473,2.9249,5.3958,4.1493,14.146,18.608,14.895,0.066667,0.93333,0,0,0,0,0.15,0.51667,0.33333,0,0,0,0.9,0.1,0,1
3.0847,6.8139,7.6962,6.5658,8.5741,27.361,9.6688,1.3148,25.17,0.84383,2.9068,18.198,7.7458,18.732,5.9312,12.409,13.282,0.94534,4.9792,6.5653,2.8129,8.3983,22.31,15.961,12.52,7.7156,8.9751,6.5451,0.71232,2.6634,7.0774,9.7091,5.811,0,0.060606,0.93939,0,0,0,0,1,0,0,0,0,1,0,0,1
1.1635,5.8062,9.9087,9.9066,7.3236,23.97,6.1318,4.6046,22.437,3.8451,4.9031,15.925,11.741,10.835,5.531,12.375,15.855,2.4748,6.4057,7.565,4.8369,6.4565,16.46,15.626,7.1382,9.0381,8.7059,4.1224,1.2374,1.9562,8.9395,12.397,14.379,0,0,0,1,0,0,0,1,0,0,0,0,1,0,0,1
2.1837,2.4672,5.9658,5.1664,10.06,28.26,11.546,1.5059,16.641,12.041,4.1626,10.046,11.755,11.803,8.7358,10.515,13.681,9.3962,8.1591,2.7113,10.058,3.1401,2.8747,5.7818,10.095,8.6255,6.7499,0,4.5791,4.5265,18.22,19.071,19.476,0.18519,0.14815,0.66667,0,0,0,0,0.18519,0.81481,0,0,0,0.22222,0.77778,0,1
2.1811,5.5778,8.8543,8.2013,8.3729,27.453,11.09,4.295,16.404,3.3428,4.2285,13.993,10.64,12.632,6.4234,12.867,9.4642,4.4918,8.4516,8.7583,6.6557,5.6232,11.277,15.345,9.2307,9.0704,8.0139,1.0026,2.3629,1.9948,13.307,14.558,13.838,0.10938,0.046875,0.125,0.71875,0,0,0,0.98438,0.015625,0,0,0,1,0,0,1
2.0577,2.5913,5.8113,12.128,8.4077,29.055,14.748,4.8082,13.106,3.9186,3.3681,17.475,11.519,8.895,6.793,9.5164,11.718,7.065,8.0071,5.3834,8.0732,5.555,5.1074,15.966,7.379,7.3094,4.3839,0.22268,4.788,3.0063,19.704,20.343,11.79,0.0375,0.8375,0.0875,0.0375,0,0,0.1,0.9,0,0,0,0,1,0,0,1
1.4325,3.5422,6.7167,6.3497,11.001,25.614,13.266,1.5553,18.097,10.708,1.718,9.3087,8.103,11.862,7.8819,12.413,9.9616,8.7604,9.9265,4.2714,13.67,3.8412,4.053,7.7502,9.712,10.827,4.7463,0,5.6184,3.5214,16.887,18.985,17.9,0.11538,0.75641,0.12821,0,0,0,0.064103,0.24359,0.69231,0,0,0,0.74359,0.25641,0,1
2.0946,3.7099,5.9473,4.4929,10.331,31.957,7.926,1.854,17.964,10.155,3.568,10.465,9.5216,9.6748,7.3836,6.5799,19.872,10.059,7.3432,2.6853,8.9046,7.5109,4.3455,8.4818,5.3242,6.3659,5.288,0.99009,4.1337,4.7749,21.559,20.907,17.83,0.50769,0.47692,0.015385,0,0,0,0,0.56923,0.43077,0,0,0,0.63077,0.36923,0,1
2.157,4.5943,3.3012,7.6989,12.243,23.623,11.242,0.70745,19.656,10.988,3.7891,13.691,9.1234,13.512,7.0828,12.177,14.927,6.3844,7.9514,3.2476,6.9664,4.938,3.1991,7.5475,2.3585,8.3301,2.4663,0,3.0366,6.5991,24.07,24.852,17.541,0.66667,0.33333,0,0,0,0,0,0.70833,0.29167,0,0,0,0.83333,0.16667,0,0
2.5511,0.54379,6.4042,2.3704,7.1851,33.743,11.716,0.65853,18.416,12.185,4.2269,5.8705,11.935,11.522,11.261,8.2325,11.272,13.089,7.8404,2.0113,16.038,0.928,1.8346,5.7495,11.912,11.988,6.6959,0,7.0169,2.3183,16.211,15.173,21.101,0.91304,0.086957,0,0,0,0,0,0.86957,0.13043,0,0,0,0.95652,0.043478,0,0
0,0.68723,7.3916,16.437,12.454,18.716,16.595,10.503,7.7127,9.5037,0,7.8413,9.807,2.3966,8.1737,7.5904,8.4045,13.426,6.605,11.741,9.7895,14.225,16.556,14.696,10.887,1.2068,7.0808,4.4363,3.1626,7.7298,9.1725,9.111,15.961,0,0.81818,0.18182,0,0,0,0,0.36364,0.63636,0,0,0,0.18182,0.81818,0,1
0,0.41591,3.8186,14.531,15.938,31.652,12.213,7.4585,5.5767,8.0839,0.31261,3.0629,10.657,2.2173,10.515,6.5586,22.387,11.141,5.4557,9.7482,9.0264,9.2306,9.2894,6.9504,6.7038,1.0042,3.1412,20.661,2.061,10.641,11.314,13.754,14.48,0.46377,0.49275,0.028986,0.014493,0,0,0,0.46377,0.53623,0,0,0,0.44928,0.55072,0,0
0,0,0.3478,9.0845,21.998,56.009,4.4341,3.0674,0.6956,3.797,0.56697,0.6956,14.681,2.4441,6.9751,2.8956,44.968,7.0852,4.4001,4.445,4.028,7.3829,3.5734,6.4155,3.9822,1.1339,6.0418,43.202,0,5.7618,9.6542,13.082,7.1537,1,0,0,0,0,0,0,1,0,0,0,0,1,0,0,0
0,1.7096,27.64,0,0,65.563,0,0,5.0869,0,0,11.274,3.4344,0,0,8.506,52.09,6.7441,0,0,0,17.951,0,0,0,0,3.4344,60.419,1.7096,0,5.0192,1.7772,27.64,0,0.93056,0.069444,0,0,0,0,0,1,0,0,0,0,1,0,0
0,0,0,1.004,14.121,79.981,0,3.8904,0,1.004,0,0,19.642,2.1661,3.8904,0,63.351,5.0525,0,1.004,2.8864,2.0079,0,3.8904,1.004,0,2.1661,65.233,0,3.8904,10.699,6.3401,6.7768,0.96552,0.034483,0,0,0,0,0,1,0,0,0,0,1,0,0,0
0,0,20.589,0,0,75.986,0,0,3.4253,0,0,18.733,0,0,0,3.4253,75.986,0,0,0,0,1.8558,0,0,0,0,0,75.986,0,0,0,3.4253,20.589,0,0,0,0.25,0.75,0,0,1,0,0,0,0,1,0,0,0
0,0,8.3791,0,0,87.254,0,0,4.3665,0,0,8.3791,0,0,0,4.3665,87.254,0,0,0,0,0,0,0,0,0,0,87.254,0,0,0,4.3665,8.3791,0,0,0,0.2037,0.7963,0,0,1,0,0,0,0,1,0,0,0
0,0,27.962,0,0,71.154,0,0,0.88429,0,0,15.616,0,0,0,3.3434,68.695,0,0,0,0,12.346,0,0,0,0,0,71.154,0,0,0,0.88429,27.962,0,0.28125,0.1875,0.28125,0.25,0,0,0.71875,0.28125,0,0,0,0.625,0.375,0,0
0,0,21.649,0,0,75.185,0,0,3.1659,0,0,13.271,0,0,0,3.1659,75.185,0,0,0,0,8.3778,0,0,0,0,0,75.185,0,0,0,3.1659,21.649,0,0,0.067568,0.14865,0.78378,0,0,1,0,0,0,0,1,0,0,0
0,0,9.6422,0,0,89.473,0,0,0.88527,0,0,6.7963,0,0,0,0.88527,89.473,0,0,0,0,2.8458,0,0,0,0,0,89.473,0,0,0,0.88527,9.6422,0,0,0.011628,0.22093,0.76744,0,0,1,0,0,0,0,1,0,0,0
0,0,26.643,0,0,66.92,0,0,6.4369,0,0,14.779,1.4411,0,0,13.58,58.336,1.4411,0,0,0,10.424,0,0,0,0,1.4411,65.479,0,0,0,6.4369,26.643,0,0.4186,0.23256,0.18605,0.16279,0,0,0.4186,0.5814,0,0,0,0.34884,0.65116,0,0
0,0,19.233,0,0,78.017,0,0,2.7492,0,0,12.192,3.2054,0,0,2.7492,78.017,0,0,0,0,3.8358,0,0,0,0,0,78.017,0,0,0,2.7492,19.233,0,0,0.025316,0.088608,0.88608,0,0,1,0,0,0,0,1,0,0,0
0,0,7.6727,0,0,90.049,0,0,2.2784,0,0,2.2627,1.3094,0,0,2.2784,90.049,0,0,0,0,4.1006,0,0,0,0,0,90.049,0,0,0,2.2784,7.6727,0,0,0,0.23457,0.76543,0,0,1,0,0,0,0,1,0,0,0
0,0,0,0,0,100,0,0,0,0,0,0,0,0,0,0,100,0,0,0,0,0,0,0,0,0,0,100,0,0,0,0,0,0,0,0,0.27778,0.72222,0,0,1,0,0,0,0,1,0,0,0
0,0,0,0,0,100,0,0,0,0,0,0,0,0,0,0,100,0,0,0,0,0,0,0,0,0,0,100,0,0,0,0,0,0,0,0,0,1,0,0,1,0,0,0,0,1,0,0,0
0,0,0,0,0,100,0,0,0,0,0,0,0,0,0,0,100,0,0,0,0,0,0,0,0,0,0,100,0,0,0,0,0,0,0,0,0.18519,0.81481,0,0,1,0,0,0,0,1,0,0,0
0,0,0,0,0,100,0,0,0,0,0,0,0,0,0,0,100,0,0,0,0,0,0,0,0,0,0,100,0,0,0,0,0,0,0,0.016393,0.27869,0.70492,0,0,1,0,0,0,0,1,0,0,0
0,0,0,0,0,100,0,0,0,0,0,0,0,0,0,0,100,0,0,0,0,0,0,0,0,0,0,100,0,0,0,0,0,0,0,0.033898,0.18644,0.77966,0,0,1,0,0,0,0,1,0,0,0
0,0,0,0,0,100,0,0,0,0,0,0,0,0,0,0,100,0,0,0,0,0,0,0,0,0,0,100,0,0,0,0,0,0,0,0.022727,0.38636,0.59091,0,0,1,0,0,0,0,1,0,0,0
0,0,20.607,0,0,77.694,0,0,1.6987,0,0,5.2864,2.326,0,0,0,83.608,2.2393,0,0.62726,0,5.9136,1.2063,7.0333,12.368,0,2.4608,75.233,0,0.57905,0,0,1.1196,1,0,0,0,0,0,0,1,0,0,0,0,1,0,0,0
0,0,18.19,0,0,80.348,0,0,1.4618,0,0,2.2703,5.6898,0,0,0,82.618,2.9235,0,4.228,0,2.2703,8.456,3.732,6.0023,0,0,80.348,0,0,0,0,1.4618,0.88,0.08,0.04,0,0,0,0,1,0,0,0,0,1,0,0,0
0,0,12.848,0,0,84.559,0,0,2.5927,0,0,1.3753,4.361,0,0,0,85.935,5.1854,0,1.7683,0,1.3753,3.5366,3.968,5.3433,0,0,84.559,0,0,0,0,2.5927,0.91304,0,0.086957,0,0,0,0,1,0,0,0,0,1,0,0,0
0,0,1.1414,12.409,17.416,50.087,5.7828,5.6486,2.1216,5.0687,0.32499,1.3967,11.081,1.5365,8.0292,4.7706,38.889,8.8109,4.621,5.5594,7.4912,7.8137,6.7386,5.4874,4.8625,0.93181,8.0337,34.876,1.3277,7.6907,10.219,9.1835,10.65,1,0,0,0,0,0,0,1,0,0,0,0,1,0,0,0
0,0,0,5.1223,14.765,71.467,2.0939,3.6091,0.99192,1.6285,0.32207,0,13.429,0.32207,5.7751,1.2776,62.171,4.9663,2.0886,2.7387,3.4587,3.7728,1.0504,6.2674,1.9453,0.64414,8.3573,56.199,0,4.3253,7.3202,5.2103,8.6809,1,0,0,0,0,0,0,1,0,0,0,0,1,0,0,0
0,0,9.0758,3.4882,8.9248,73.565,1.1498,0.58544,2.6253,0.58544,0,2.6253,6.6563,0.96368,2.885,1.9492,71.417,2.1135,1.1498,4.947,0,5.2933,2.9726,2.955,4.9222,0,13.84,57.573,0.60311,3.249,3.8875,8.2622,1.7352,1,0,0,0,0,0,0,1,0,0,0,0,1,0,0,0
0,0,12.356,1.7535,2.8314,77.981,0,0,5.0785,0,0,0.81907,7.3404,1.4157,0,0,77.223,7.4334,0,1.5955,0,4.1728,2.4146,4.1728,5.7683,0,22.564,51.907,0,0.81907,5.2637,2.8314,4.2594,1,0,0,0,0,0,0,1,0,0,0,0,1,0,0,0
0,0,0,0.58027,15.732,78.288,0,1.6269,3.1919,0.58027,0,0,15.152,2.4122,1.6269,0,71.37,6.6508,0,0.58027,1.0466,1.1605,0,8.1205,0.58027,0,12.378,61.871,0,1.6269,3.5728,5.985,5.8654,0.84783,0.043478,0,0.065217,0.043478,0,0,1,0,0,0,0,1,0,0,0
0,0,13.935,0,1.939,83.151,0,0,0.97536,0,0,0,8.0285,0.96952,0,0,78.631,6.3786,0,1.2668,0,4.7252,1.2668,5.7005,6.9673,0,20.467,57.867,0,0,4.8168,1.939,0.97536,0.81633,0,0,0.061224,0.12245,0,0,1,0,0,0,0,1,0,0,0
0,0,25.5,0,0,60.516,0,0,13.984,0,0,9.4459,6.3677,0,0,0,71.044,0,0,3.8737,0,9.2689,9.1594,5.8585,10.482,0,5.7402,54.775,0,9.3148,0,4.6695,0,1,0,0,0,0,0,0,1,0,0,0,0,1,0,0,0
0,0,28.517,0,0,67.676,0,0,3.8066,0,0,2.4742,7.8552,0,0,0,71.939,7.7726,0,4.0485,0,5.9102,7.052,8.973,12.492,0,9.4048,58.271,0,0.74389,0,0,3.0628,1,0,0,0,0,0,0,1,0,0,0,0,1,0,0,0
0,0,22.352,1.3187,0,66.827,0,0,9.5026,0,0,8.5888,2.4546,0,0,0.82432,77.54,0,0,2.4546,0,8.1372,3.2786,5.6638,13.41,0,10.426,56.401,0,4.947,1.3187,4.5556,0,1,0,0,0,0,0,0,1,0,0,0,0,1,0,0,0
0,0,26.92,0.62767,0,68.215,0,0,4.2376,0,0,4.7363,3.6799,0,0,0,73.579,8.4685,0,0.75163,0,8.7848,2.8762,10.34,13.703,0,16.743,51.472,0,1.3729,0.62767,0,2.8647,1,0,0,0,0,0,0,1,0,0,0,0,1,0,0,0
0,0,25.588,0,0,73.56,0,0,0.85233,0,0,3.3378,2.4493,0,0,0,78.212,4.8755,0,2.4493,0,8.6759,3.5836,8.6759,13.329,0,13.696,59.864,0,0,0,0,0.85233,1,0,0,0,0,0,0,1,0,0,0,0,1,0,0,0
0,0,26.449,0,0,66.68,0,0,6.8704,0,0,1.7504,7.2611,0,0,0,71.769,10.794,0,3.3379,0,5.0883,3.3379,9.0116,14.1,0,18.996,47.684,0,0,0,0,6.8704,0.7963,0.018519,0,0.12963,0.055556,0,0,1,0,0,0,0,1,0,0,0
0,0,0,0,0,98.587,0,0,1.4126,0,0,0,0,0,0,1.4126,98.587,0,0,0,0,0,0,0,0,0,0,98.587,0,0,0,1.4126,0,0,0,0,0.11111,0.88889,0,0,1,0,0,0,0,1,0,0,0
0,0,0,0,0,100,0,0,0,0,0,0,0,0,0,0,100,0,0,0,0,0,0,0,0,0,0,100,0,0,0,0,0,0,0,0,0.10526,0.89474,0,0,1,0,0,0,0,1,0,0,0
0,0,0,0,0,100,0,0,0,0,0,0,0,0,0,0,100,0,0,0,0,0,0,0,0,0,0,100,0,0,0,0,0,0,0,0.010989,0.17582,0.81319,0,0,1,0,0,0,0,1,0,0,0
0,0,0,0,0,100,0,0,0,0,0,0,0,0,0,0,100,0,0,0,0,0,0,0,0,0,0,100,0,0,0,0,0,0,0,0,0.27273,0.72727,0,0,1,0,0,0,0,1,0,0,0
0,0,0,0,0,100,0,0,0,0,0,0,0,0,0,0,100,0,0,0,0,0,0,0,0,0,0,100,0,0,0,0,0,0,0,0.08,0.14,0.78,0,0,1,0,0,0,0,1,0,0,0
0,0,0,0,0,100,0,0,0,0,0,0,0,0,0,0,100,0,0,0,0,0,0,0,0,0,0,100,0,0,0,0,0,0,0,0.011628,0.26744,0.72093,0,0,1,0,0,0,0,1,0,0,0
0,0,0,0,0,98.516,0,0,1.4835,0,0,0,0,0,0,1.4835,98.516,0,0,0,0,0,0,0,0,0,0,98.516,0,0,0,1.4835,0,0,0,0,0.14634,0.85366,0,0,1,0,0,0,0,1,0,0,0
0,0,0,0,0,100,0,0,0,0,0,0,0,0,0,0,100,0,0,0,0,0,0,0,0,0,0,100,0,0,0,0,0,0,0,0,0.13978,0.86022,0,0,1,0,0,0,0,1,0,0,0
0,0,0,0,0,99.053,0,0,0.94685,0,0,0,0,0,0,0.94685,99.053,0,0,0,0,0,0,0,0,0,0,99.053,0,0,0,0.94685,0,0,0,0,0.083333,0.91667,0,0,1,0,0,0,0,1,0,0,0
0,0,0,0,0,100,0,0,0,0,0,0,0,0,0,0,100,0,0,0,0,0,0,0,0,0,0,100,0,0,0,0,0,0,0,0.026316,0.15789,0.81579,0,0,1,0,0,0,0,1,0,0,0
0,0,0,0,0,100,0,0,0,0,0,0,0,0,0,0,100,0,0,0,0,0,0,0,0,0,0,100,0,0,0,0,0,0,0,0.038462,0.086538,0.875,0,0,1,0,0,0,0,1,0,0,0
0,0,0,0,0,100,0,0,0,0,0,0,0,0,0,0,100,0,0,0,0,0,0,0,0,0,0,100,0,0,0,0,0,0,0,0,0.26374,0.73626,0,0,1,0,0,0,0,1,0,0,0
0,0,0,0,0,100,0,0,0,0,0,0,0,0,0,0,100,0,0,0,0,0,0,0,0,0,0,100,0,0,0,0,0,0,0,0.01087,0.097826,0.8913,0,0,1,0,0,0,0,1,0,0,0
0,0,0,0,0,100,0,0,0,0,0,0,0,0,0,0,100,0,0,0,0,0,0,0,0,0,0,100,0,0,0,0,0,0,0,0,0.18391,0.81609,0,0,1,0,0,0,0,1,0,0,0
0,0,0,0,0,100,0,0,0,0,0,0,0,0,0,0,100,0,0,0,0,0,0,0,0,0,0,100,0,0,0,0,0,0,0,0.035088,0.29825,0.66667,0,0,1,0,0,0,0,1,0,0,0
0,0,0,0,0,100,0,0,0,0,0,0,0,0,0,0,100,0,0,0,0,0,0,0,0,0,0,100,0,0,0,0,0,0,0,0.11111,0.11111,0.77778,0,0,1,0,0,0,0,1,0,0,0
0,0,0,0,0,100,0,0,0,0,0,0,0,0,0,0,100,0,0,0,0,0,0,0,0,0,0,100,0,0,0,0,0,0,0,0.013333,0.22667,0.76,0,0,1,0,0,0,0,1,0,0,0
0,0,0,0,0,100,0,0,0,0,0,0,0,0,0,0,100,0,0,0,0,0,0,0,0,0,0,100,0,0,0,0,0,0,0,0.15909,0.34091,0.5,0,0,1,0,0,0,0,1,0,0,0
0,0,0,0,0,100,0,0,0,0,0,0,0,0,0,0,100,0,0,0,0,0,0,0,0,0,0,100,0,0,0,0,0,0,0,0.013514,0.21622,0.77027,0,0,1,0,0,0,0,1,0,0,0
0,0,0,0,0,100,0,0,0,0,0,0,0,0,0,0,100,0,0,0,0,0,0,0,0,0,0,100,0,0,0,0,0,0,0,0.125,0.1,0.775,0,0,1,0,0,0,0,1,0,0,0
0,0,0,0,0,100,0,0,0,0,0,0,0,0,0,0,100,0,0,0,0,0,0,0,0,0,0,100,0,0,0,0,0,0,0,0.012658,0.050633,0.93671,0,0,1,0,0,0,0,1,0,0,0
0,0,0,0,0,100,0,0,0,0,0,0,0,0,0,0,100,0,0,0,0,0,0,0,0,0,0,100,0,0,0,0,0,0,0,0.23077,0.30769,0.46154,0,0,1,0,0,0,0,1,0,0,0
2.3521,7.2956,7.0916,25.596,12.413,31.308,5.7992,3.2142,1.6041,3.0855,0.24112,6.1659,8.188,5.0171,10.28,11.825,15.941,14.942,1.3124,4.7321,7.2954,14.302,10.463,9.0138,3.4848,2.8898,6.983,15.426,1.3946,8.7123,4.5798,14.941,22.112,1,0,0,0,0,0,0,1,0,0,0,0,1,0,0,0
4.8853,12.44,3.7445,25.687,8.7017,30.175,3.9335,8.8075,0.5273,1.0973,0,6.2786,5.8919,4.7439,10.397,12.743,13.975,6.7411,0.56723,1.1345,13.215,24.313,7.2604,5.167,1.8379,2.0293,4.6983,16.505,2.1874,5.7772,10.408,15.287,28.842,1,0,0,0,0,0,0,1,0,0,0,0,1,0,0,0
4.2419,13.638,6.6785,18.59,9.7954,28.091,5.972,5.1989,1.992,5.221,0.58174,4.2439,9.1148,2.8295,10.768,18.532,18.019,9.3856,0.42078,1.4898,8.7991,16.397,9.5153,11.851,0.6449,6.4035,2.762,15.769,1.0189,6.4412,4.5959,19.688,21.31,0,0,0.037037,0.96296,0,0,0,1,0,0,0,0,1,0,0,0
1.0365,6.3815,6.1366,28.117,9.1552,36.618,2.8642,7.1902,1.1975,1.304,0,4.4178,7.0925,6.8215,14.12,10.996,22.295,19.61,0.31204,1.3033,3.981,9.0502,8.7555,6.6557,2.7443,2.1872,7.3192,21.929,1.4289,1.8276,5.4939,13.377,28.281,0.26596,0.1383,0.06383,0.53191,0,0,0,0.98936,0.010638,0,0,0,0.98936,0.010638,0,0
1.5798,3.2459,4.6362,0,0,69.099,0,0,21.439,0,0,1.5798,0,0,1.0868,23.888,40.494,12.267,4.9251,0,0,15.758,3.5494,0,0,0,21.362,41.187,8.1301,8.9265,5.745,8.9265,2.1736,0.007874,0.14173,0.10236,0.67717,0.070866,0,0,1,0,0,0,0,1,0,0,0
2.2761,4.5618,6.9087,14.082,12.963,31.205,7.8672,7.4799,4.0674,7.7139,0.87527,10.771,8.8513,2.9487,8.9294,12.988,13.193,10.571,3.5165,8.8236,5.6653,13.743,11.052,12.371,4.6046,6.1025,7.6834,10.715,3.1723,7.4695,6.64,11.252,18.937,0.13043,0.26087,0.17391,0.43478,0,0,0,0.71739,0.28261,0,0,0,0.73913,0.26087,0,0
1.0026,1.8034,3.8637,11.762,14.73,27.993,16.7,5.8759,7.1884,7.8551,1.2268,4.3373,9.0641,2.7739,9.2757,9.4708,15.241,9.302,7.0981,10.808,10.387,12.243,9.7211,9.1004,11.034,4.8543,7.5871,10.666,2.6478,7.5553,9.8596,14.289,12.685,0,0,1,0,0,0,0,0,1,0,0,0,0,1,0,1
1.6177,0.75359,2.3211,7.7861,19.592,40.672,7.3419,6.804,4.1072,8.6281,0.37657,2.1599,12.969,0.75143,10.673,7.4562,25.294,6.6351,4.9226,10.142,6.6439,12.352,3.9879,9.9236,6.5939,5.2253,8.4584,21.372,0.75359,7.2248,9.7502,14.451,12.259,0,0.27451,0.72549,0,0,0,0,0.4902,0.5098,0,0,0,0,1,0,1
6.2701,2.3782,7.7024,4.7493,7.7539,38.75,11.956,3.4443,3.5829,12.178,1.2347,3.6649,4.7319,3.0324,5.0413,15.22,15.337,6.6306,5.4382,11.705,9.734,19.465,5.9016,10.469,4.1989,14.85,16.713,8.0483,2.5921,2.7881,2.2492,17.595,14.595,0.03268,0.8366,0.098039,0.03268,0,0,0,0.94771,0.052288,0,0,0,0.9085,0.091503,0,1
7.0345,3.2942,8.5088,1.3279,12.273,42.989,7.0389,1.1374,8.4932,4.2266,3.6765,8.8196,4.2862,1.8777,3.0911,21.046,11.283,6.42,3.8327,10.862,9.9891,18.493,4.1601,11.465,1.9452,14.494,14.64,4.8475,4.8548,5.3068,7.2773,20.393,10.616,0,0.91781,0.082192,0,0,0,0,1,0,0,0,0,1,0,0,1
7.0242,1.4519,7.9307,0.71445,7.8082,39.835,10.382,0.72815,1.8159,19.998,2.3114,4.8423,2.8439,1.6993,2.2266,18.795,10.824,3.754,8.4829,14.407,9.4224,22.703,2.4178,12.456,1.2666,19.991,19.791,4.7221,3.7176,2.3584,4.1872,17.66,11.433,0.093023,0.16279,0.13953,0.60465,0,0,0,1,0,0,0,0,1,0,0,0
0,3.9839,3.9839,0,0,68.388,0,0,23.644,0,0,3.9839,0,0,0,22.627,44.259,11.693,0,0,0,17.438,3.9839,0,0,0,6.6681,59.497,2.2227,6.2066,15.215,6.2066,0,0,0.77778,0.2,0.022222,0,0,0,0.53333,0.46667,0,0,0,0.33333,0.66667,0,1
0,7.2636,9.8677,0,0,70.567,0,0,12.302,0,0,2.16,2.5675,0,1.2864,24.393,46.945,7.1029,0,0,0,15.545,3.4464,0,0,0,10.657,52.539,7.3713,4.4277,9.4236,4.4277,7.7077,0,0.89623,0.056604,0.04717,0,0,0,0.04717,0.95283,0,0,0,0.056604,0.9434,0,0
1.628,6.1878,13.995,0,0,52.022,0,0,26.168,0,0,8.2626,1.0034,0,1.961,21.942,39.269,3.4282,4.9836,0,0,19.151,10.027,0,0,0,11.893,40.083,1.6737,7.5737,13.127,7.5737,8.0492,0,0.53012,0.15663,0.31325,0,0,0,0.48193,0.51807,0,0,0,0.51807,0.48193,0,0
6.1558,11.531,7.8256,15.547,14.519,29.014,3.5519,4.7609,2.6037,3.0308,1.4605,3.8582,10.442,15.506,6.9486,12.83,15.769,9.5552,0.69306,1.4978,5.3657,17.534,14.324,10.805,4.219,5.0709,2.7003,16.218,0.66159,2.0573,8.2636,10.771,24.909,0,0.78261,0.21739,0,0,0,0,1,0,0,0,0,1,0,0,1
2.1973,2.1973,9.1021,12.464,7.093,62.747,1.601,0,1.1331,0,1.4649,2.8701,0,7.4248,0.73244,32.167,23.819,8.3621,1.601,0,3.4665,19.557,6.232,1.4649,3.7386,0,1.8655,53.517,1.737,6.232,7.5608,7.9615,9.691,0,0,0.13158,0.86842,0,0,0,1,0,0,0,0,1,0,0,0
0,0,2.5598,21.024,2.5598,57.952,15.904,0,0,0,0,0,0,2.5598,0,23.584,31.809,2.5598,0,0,15.904,23.584,2.5598,0,0,0,15.904,39.488,0,2.5598,2.5598,34.369,2.5598,0,0.10909,0.054545,0.83636,0,0,0,1,0,0,0,0,1,0,0,0
11.806,4.7228,5.728,1.3464,0,45.568,3.7825,0,27.046,0,0,13.752,3.7825,0,2.4361,21.608,34.286,2.8767,4.5309,0,1.3464,15.382,4.3816,3.7825,0,0,35.899,23.819,1.4383,10.659,4.5735,13.352,2.0948,0,0,0.0091743,0.89908,0.091743,0,0,1,0,0,0,0,1,0,0,0
12.015,5.2014,6.9362,15.489,6.2467,34.436,6.8615,0,12.814,0,0,12.254,19.581,0,6.8615,8.6125,17.302,2.9957,6.4045,7.3269,13.526,5.1352,1.2694,10.868,0,2.9957,33.497,16.82,0,7.5161,0,21.896,5.1375,0.02381,0,0.071429,0.90476,0,0,0,1,0,0,0,0,1,0,0,0
2.9571,14.379,7.5266,15.714,11.366,29.258,5.3637,5.9435,1.1188,4.5005,1.8722,2.9813,7.5923,8.9116,5.8285,19.987,17.839,9.595,1.2832,2.9256,7.2698,15.787,13.319,11.713,2.6756,5.5266,5.1009,14.503,0.99888,5.3641,5.4546,16.657,18.688,0.03125,0.78125,0.09375,0.09375,0,0,0,1,0,0,0,0,1,0,0,1
11.62,2.187,12.07,0.7568,13.034,32.186,6.7568,0,3.4116,6.4203,11.558,1.3441,6.2867,12.817,2.4633,14.774,19.974,19.501,3.7432,7.0915,4.2712,7.7334,8.1449,5.1291,0,9.7894,7.7764,15.232,8.467,11.856,12.837,16.078,4.6907,0,0.89744,0.10256,0,0,0,0,1,0,0,0,0,1,0,0,1
11.559,6.2334,6.7507,8.029,9,30.006,5.493,0.40829,3.2984,9.0498,10.172,1.6661,11.809,15.447,2.5797,13.452,15.705,14.378,4.6494,2.8813,8.6339,8.7982,8.9032,6.3126,2.9314,5.7953,4.015,14.566,4.7244,8.0466,10.652,17.881,16.173,0,0.13699,0.68493,0.17808,0,0,0,0.49315,0.50685,0,0,0,0.30137,0.69863,0,1
8.6448,4.6294,9.2068,5.9044,15.588,20.984,0.56195,0,21.485,10.917,2.078,4.8636,5.1914,6.0881,0,17.203,20.585,30.886,3.7397,0.56195,4.5427,6.338,7.4619,2.2653,4.8636,0.56195,5.384,8.3533,17.644,5.7533,10.718,21.251,15.744,0.73333,0.26667,0,0,0,0,0,1,0,0,0,0,1,0,0,1
5.6125,4.037,13.345,0,0,50.625,2.8063,0,23.574,0,0,8.7471,2.8063,0,3.5995,19.333,30.368,2.7446,19.151,0,0,13.25,12.551,2.8063,0,0,34.179,23.493,1.3723,8.4202,2.4615,8.4202,6.2966,0.0092593,0.75926,0,0.23148,0,0,0,0.23148,0.76852,0,0,0,0.23148,0.76852,0,0
8.0785,2.1942,11.704,4.9506,0,46.146,4.9506,0,21.976,0,0,5.6627,10.531,0,0.97021,18.183,39.426,0.97021,4.7295,4.1346,9.7821,5.6117,2.3647,11.533,0,0.97021,25.667,32.539,0,5.6117,0,17.929,3.3859,0,0.32184,0.068966,0.48276,0.12644,0,0,0.71264,0.28736,0,0,0,0.72414,0.27586,0,0
0,0,0,0,0,100,0,0,0,0,0,0,0,0,0,20.168,56.887,22.945,0,0,0,0,0,0,0,0,32.248,61.063,6.689,0,0,0,0,0,0.030303,0.21212,0.48485,0.27273,0,0,1,0,0,0,0,1,0,0,0
0,0,13.228,0,0,79.046,0,0,7.7256,0,0,2.2281,1.6984,0,3.5367,12.639,64.826,5.2031,0,0,0,9.8693,2.5226,0,0,0,5.8183,72.129,1.0986,1.0986,3.0059,1.0986,13.228,0,0.58929,0.035714,0.19643,0.17857,0,0,0.35714,0.64286,0,0,0,0.39286,0.60714,0,0
0,0,17.055,0,0,82.945,0,0,0,0,0,0,1.9026,0,3.4666,0,81.042,1.9026,0,0,0,11.686,0,0,0,0,1.9026,81.042,0,0,0,0,17.055,0,0,0.011494,0.091954,0.89655,0,0,1,0,0,0,0,1,0,0,0
0,0,7.1868,0,0,92.813,0,0,0,0,0,0,2.5175,0,1.1891,0,92.813,0,0,0,0,3.4801,0,0,0,0,0,92.813,0,0,0,0,7.1868,0,0,0.01,0.23,0.76,0,0,1,0,0,0,0,1,0,0,0
1.166,1.2445,13.413,0,0,64.712,0,0,19.464,0,0,7.7303,2.8546,0,1.3276,14.023,47.356,9.4181,3.8044,0,0,13.486,5.0489,0,0,0,20.084,43.364,2.4296,4.8402,4.1933,4.8402,15.2,0,0.55405,0.040541,0.21622,0.18919,0,0,0.2973,0.7027,0,0,0,0.44595,0.55405,0,0
0,0,7.9259,0,0,78.076,0,0,13.998,0,0,6.3766,4.3599,0,1.2449,1.2449,77,1.0762,0,0,0,8.6977,1.2449,0,0,0,2.3211,75.755,0,0,0,0,20.679,0,0.012346,0.061728,0.23457,0.69136,0,0,1,0,0,0,0,1,0,0,0
0,0,4.9113,0,0,89.271,0,0,5.8174,0,0,2.9087,1.2051,0,1.8531,0,89.271,0,0,0,0,4.7618,0,0,0,0,0,89.271,0,0,0,0,10.729,0,0,0.031915,0.2234,0.74468,0,0,1,0,0,0,0,1,0,0,0
5.7903,0,8.5242,0,0,58.503,0,0,27.183,0,0,7.6426,0,0,3.1818,15.527,49.75,4.3947,4.321,0,0,15.182,5.3423,0,0,0,23.515,38.581,2.1974,10.148,0,10.148,10.068,0,0.83951,0.037037,0.061728,0.061728,0,0,0.08642,0.91358,0,0,0,0.16049,0.83951,0,0
0,0,15.287,0,0,81.687,0,0,3.0257,0,0,1.7965,0,0,6.7453,3.0257,79.891,0,1.7965,0,0,6.7453,3.0257,0,0,0,4.8223,76.865,0,0,0,0,15.287,0,0,0,0.16364,0.83636,0,0,1,0,0,0,0,1,0,0,0
0,0,2.6131,0,0,88.231,0,0,9.1558,0,0,4.5779,0,0,1.3066,0,88.231,0,0,0,0,5.8845,0,0,0,0,0,88.231,0,0,0,0,11.769,0,0,0.041667,0.30556,0.65278,0,0,1,0,0,0,0,1,0,0,0
11.409,3.7739,11.678,2.1635,0,50.641,4.3371,0,15.998,0,0,10.064,9.475,4.3597,2.9748,10.03,41.149,1.6068,2.9792,1.6024,9.2258,6.5332,0,5.9374,0,0.80119,31.516,34.07,0,0,0,8.6637,19.012,0,0.88525,0.016393,0.04918,0.04918,0,0,0.065574,0.93443,0,0,0,0.11475,0.88525,0,0
0,0,10.803,0,0,88.048,0,0,1.1485,0,0,1.1485,0,7.7906,0,0.932,88.048,0,0,0,0,2.0805,0,0,0,0,1.1485,86.9,0,0,0,0,11.952,0,0,0.069767,0.046512,0.88372,0,0,1,0,0,0,0,1,0,0,0
0,0,0,0,0,95.929,0,0,4.0714,0,0,4.0714,0,0,0,0,95.929,0,0,0,0,0,0,0,0,0,0,95.929,0,0,0,0,4.0714,0,0,0,0.21818,0.78182,0,0,1,0,0,0,0,1,0,0,0
3.4799,2.7165,12.802,15.044,4.4281,44.603,7.4767,0,6.9739,0,2.4756,7.7592,2.0034,2.9929,1.0043,8.9349,28.529,9.5873,5.5117,1.2755,11.664,20.738,5.0078,1.4965,10.559,0.76334,9.6115,24.717,5.0787,5.0433,4.4925,21.13,12.1,0.035714,0.17857,0.10714,0.67857,0,0,0,1,0,0,0,0,1,0,0,0
3.3984,0,13.532,22.235,0,36.898,2.1852,0,18.353,0,3.3984,13.853,7.4772,0,0,4.0115,33.5,12.281,3.5779,1.3927,3.5779,20.329,6.3762,0,14.033,3.3984,3.3984,24.338,9.1615,7.7688,4.191,15.846,11.489,0.1875,0.075,0.025,0.7125,0,0,0,1,0,0,0,0,1,0,0,0
0,0,14.895,11.907,2.9879,32.117,14.895,0,23.197,0,0,5.9758,20.209,0,5.3139,13.187,21.489,8.3018,2.9879,10.628,11.907,0,0,14.895,0,5.3139,11.907,26.803,0,2.9879,0,29.791,8.3018,0,0.065574,0.04918,0.70492,0.18033,0,0,1,0,0,0,0,0.96721,0.032787,0,0
9.0972,6.3791,7.6699,14.146,8.1764,27.992,10.467,0,14.332,0,1.7391,13.711,19.588,0,1.0203,11.178,26.611,5.4942,4.7754,2.5896,14.013,1.0203,0,15.788,0,3.4782,18.092,21.523,0,9.9155,0,25.659,5.5443,0,0,0,0.95522,0.044776,0,0,1,0,0,0,0,1,0,0,0
7.9936,8.3807,4.8324,11.497,3.9795,35.493,11.589,0,11.562,0,4.6726,5.2739,23.205,0,3.538,1.6244,33.549,8.5405,1.6244,11.749,10.896,0,0,15.297,0,12.826,6.9161,31.955,0,8.6521,0,19.191,5.1624,0.13636,0.081818,0.018182,0.75455,0.0090909,0,0,1,0,0,0,0,1,0,0,0
6.6893,1.909,17.919,17.798,6.2084,20.501,1.2259,0,18.145,2.6115,6.9939,7.3728,3.9467,2.1091,0.35365,12.937,19.566,10.439,5.24,4.0141,6.4416,27.58,6.7995,1.6227,7.3196,4.0241,6.8974,2.4373,12.167,11.836,9.8416,25.024,12.031,0.060241,0.27711,0.13253,0.53012,0,0,0,1,0,0,0,0,1,0,0,0
3.773,4.4534,23.604,10.556,12.964,16.56,0.49485,0,8.3405,15.252,4.0028,0.72964,5.9594,4.079,0,12.761,18.243,24.152,10.527,7.3286,10.143,6.0779,15.487,7.508,0.72964,1.2245,7.9783,5.4829,9.4125,7.8874,16.914,14.662,12.713,1,0,0,0,0,0,0,1,0,0,0,0,1,0,0,1
9.0546,2.4022,13.067,23.251,1.2249,28.164,0.65347,0,14.404,0,7.7787,7.9593,3.8009,1.2249,0,12.91,20.385,15.965,6.8565,1.3986,2.0521,27.447,11.365,0,4.6349,5.3765,9.0546,7.3494,9.3579,10.311,8.2584,17.582,16.711,0.082645,0.5124,0.19835,0.15702,0.049587,0,0,1,0,0,0,0,0.67769,0.32231,0,1
0,0,4.4634,2.084,2.084,75.598,12.244,0,0.93672,0,2.59,2.59,2.59,2.084,9.6541,1.8734,75.598,0,0,2.59,0.93672,2.084,0,0.93672,10.591,2.59,0,75.598,0,4.674,2.084,2.59,0.93672,0,0.87179,0.051282,0.076923,0,0,0,0.20513,0.79487,0,0,0,0.20513,0.79487,0,0
6.9416,9.9645,14.596,3.7431,0,45.658,8.3701,0,9.571,0,1.1562,3.9941,14.675,1.6796,3.9447,11.878,39.485,4.0455,3.5736,7.8319,4.8993,3.9941,0,21.694,0,3.9426,21.567,34.304,0,1.1562,0,8.7452,8.591,0,0.74684,0,0.25316,0,0,0,0.25316,0.74684,0,0,0,0.25316,0.74684,0,0
0,0,0,0,0,100,0,0,0,0,0,0,0,0,0,16.719,52.812,30.469,0,0,0,0,0,0,0,0,19.465,78.435,2.0998,0,0,0,0,0,0,0.055556,0.22222,0.72222,0,0,1,0,0,0,0,1,0,0,0
0,0,0,0,0,100,0,0,0,0,0,0,0,0,0,43.788,39.576,16.635,0,0,0,0,0,0,0,0,43.892,54.824,1.2837,0,0,0,0,0,0,0.055556,0.88889,0.055556,0,0,1,0,0,0,0,1,0,0,0
3.843,4.3455,6.3899,1.6715,2.5009,55.148,5.5437,0,19.186,0,1.3713,7.5928,14.741,0,1.6715,5.5653,47.932,7.6717,6.0002,4.7144,4.1112,0,0,8.5179,0,4.4462,6.5508,51.037,0,3.8722,0,15.839,9.7377,0,0.16949,0.016949,0.66102,0.15254,0,0,0.88136,0.11864,0,0,0,0.88136,0.11864,0,0
10.799,9.9685,9.8685,0.98727,1.1992,44.932,9.1656,0,9.5901,0,3.4895,5.1203,14.639,1.3973,0.98727,4.314,50.782,6.7544,1.1992,6.2838,7.126,1.3973,0,17.284,0,9.1371,11.992,39.079,0,4.6887,0,6.8682,10.951,0,0.90385,0.0096154,0.086538,0,0,0,0.086538,0.91346,0,0,0,0.086538,0.91346,0,0
3.8091,0,4.4145,9.7466,1.7593,60.595,13.015,0,3.6916,0,2.9687,1.2094,0,3.1997,6.6153,10.583,59.705,5.0185,0,3.1997,0.72288,9.7466,1.2094,0.72288,10.538,7.0089,1.2094,60.776,1.2094,4.7281,4.7281,4.7281,3.1417,0,0.97887,0.0070423,0.014085,0,0,0,0.042254,0.95775,0,0,0,0.042254,0.95775,0,0
0,1.8849,6.3412,1.7149,1.7149,54.631,29.329,0,2.5856,0,1.7983,1.7983,1.7983,10.24,11.739,12.439,46.106,0,0,10.323,1.9573,3.5998,0,3.8422,21.592,10.323,0.62829,54.631,0,3.5132,1.7149,1.7983,1.9573,0,1,0,0,0,0,0,0,1,0,0,0,0,1,0,0
2.6583,0,3.6671,2.995,1.838,83.533,3.1001,0.75064,1.4582,0,0,2.2519,0.75064,1.838,3.1001,2.9165,83.533,1.157,0,0,1.4582,2.995,0.75064,3.7102,4.5584,1.157,0.75064,83.939,0,1.838,1.838,0,1.4582,1,0,0,0,0,0,0,0.90805,0.091954,0,0,0,1,0,0,0
6.2879,5.7616,8.8231,0.63608,0.63608,59.804,10.049,0.95089,5.3404,0.99545,0.71511,8.9494,2.6615,7.0974,8.0994,5.4659,55.148,1.1812,0,1.9807,2.1767,7.2401,3.1276,12.455,13.223,4.9997,6.4771,50.606,0,4.2172,1.8173,0.71511,2.3625,1,0,0,0,0,0,0,0.925,0.075,0,0,0,1,0,0,0
7.5786,7.5088,4.1098,0,1.2884,51.504,19.797,0,6.3696,0,1.8437,2.5767,8.4662,3.7863,9.7961,5.3339,51.405,3.132,1.2884,5.63,4.7636,3.8214,0,12.488,14.155,9.2189,3.1175,51.504,0,3.132,0,4.322,2.0622,0,1,0,0,0,0,0,0.029126,0.97087,0,0,0,0.029126,0.97087,0,0
7.5886,7.5352,8.1428,0,1.1313,59.353,6.2009,0,5.6825,0,4.3659,3.8657,7.6507,0,1.0404,2.508,63.457,7.1149,2.5811,3.3364,6.8849,1.5607,0,12.461,3.6108,5.0696,2.2535,59.353,0,4.4676,0,5.3155,7.4693,0,1,0,0,0,0,0,0,1,0,0,0,0,1,0,0
11.884,5.6327,8.9514,0,0,49.206,6.4207,0.36665,7.0631,5.7827,4.693,7.6059,5.6263,8.3564,8.4951,13.388,37.637,1.2461,0,1.1218,11.065,5.4592,7.3955,14.835,13.298,5.9277,7.8445,32.732,2.4932,6.5211,2.6614,1.6205,4.6711,1,0,0,0,0,0,0,0.93617,0.06383,0,0,0,0.98936,0.010638,0,0
7.5899,5.3218,5.2158,0,0,59.49,1.8648,0,3.4236,9.2575,7.8364,0.70782,6.6302,4.7674,5.6922,10.229,52.965,1.3603,0,0.70782,11.433,5.5073,9.2575,8.284,9.2576,3.3449,3.7487,50.604,2.9622,4.3182,1.157,2.1879,4.8785,0.010309,0.98969,0,0,0,0,0,0,1,0,0,0,0.010309,0.98969,0,0
6.1491,10.055,17.221,3.384,0,26.678,9.0805,2.7977,13.607,4.7118,6.3154,9.6647,9.4789,11.213,4.8527,18.369,24.031,3.5028,1.1997,0,9.0309,8.6582,6.4286,29.38,19.802,5.4807,7.5715,9.1312,1.3971,4.602,5.5499,3.384,7.2722,0.80851,0.19149,0,0,0,0,0.10638,0.89362,0,0,0,0,1,0,0,1
11.669,8.5739,3.5738,0.40808,0,41.963,7.195,0,8.3353,10.221,8.0603,1.1907,7.5588,7.6872,15.735,23.728,21.455,0.65417,0,0,17.968,4.0232,10.468,19.717,11.373,7.4411,8.1733,18.578,6.7426,1.5591,7.3968,0.40808,8.1444,0.2,0.2,0,0.6,0,0,0,1,0,0,0,0,1,0,0,1
3.5449,8.3023,14.718,0,0,65.89,0,0,7.5446,0,0,2.9689,7.6238,1.8018,0,10.858,65.167,1.4016,1.4016,4.4498,3.5449,0.78279,0,17.202,0,0,11.54,57.896,0,0,0,3.1741,10.189,0,0.48077,0.057692,0.30769,0.15385,0,0,0.34615,0.65385,0,0,0,0.51923,0.48077,0,0
0,0,9.1619,0,0,82.379,0,0,8.4593,0,0,8.4593,0,1.7477,0,2.8333,82.379,0,0,0,0,4.5809,0,0,0,0,1.7477,80.631,0,0,0,0,17.621,0,0,0.075,0.05,0.875,0,0,1,0,0,0,0,1,0,0,0
0,0,3.9368,0,0,92.31,0,0,3.7534,0,0,3.7534,0,2.1757,0,0.88051,92.31,0,0,0,0,0.88051,0,0,0,0,0,92.31,0,0,0,0,7.6901,0,0,0,0.25287,0.74713,0,0,1,0,0,0,0,1,0,0,0
4.6804,5.5469,13.01,0,0,63.016,2.0063,0,10.737,0,1.0031,3.7338,8.4075,2.9046,0,5.5547,61.614,6.4905,2.5793,1.9645,2.6615,4.0896,0,8.4727,0,3.022,8.1859,57.492,0,1.0031,0,4.4242,17.4,0,0.51667,0.016667,0.31667,0.15,0,0,0.33333,0.66667,0,0,0,0.48333,0.51667,0,0
0,1.389,10.87,0,0,85.305,0,0,2.4363,0,0,2.4363,0,5.1455,0,1.389,86.694,3.248,0,0,0,1.0875,0,1.389,0,0,1.0875,84.217,0,0,0,0,13.306,0,0,0,0.11765,0.88235,0,0,1,0,0,0,0,1,0,0,0
0,0,6.0761,0,0,92.781,0,0,1.1425,0,0,1.1425,0,1.488,0,1.6751,92.781,1.238,0,0,0,1.6751,0,0,0,0,0,92.781,0,0,0,0,7.2186,0,0,0.01087,0.25,0.73913,0,0,1,0,0,0,0,1,0,0,0
5.9346,3.9316,7.433,0,0,75.004,0,0,4.9282,0,2.7686,0,6.2476,0,0,3.9316,79.298,3.1387,1.2029,0,6.1808,0,0,5.6377,4.4747,2.5223,0,75.004,0,0,0,3.7252,8.6359,0,0.70149,0,0.014925,0.28358,0,0,0.29851,0.70149,0,0,0,0.29851,0.70149,0,0
0,0,11.726,0,0,88.274,0,0,0,0,0,0,0,0,0,2.9192,91.988,2.1736,0,0,0,2.9192,0,0,0,0,0,88.274,0,0,0,0,11.726,0,0,0,0.19318,0.80682,0,0,1,0,0,0,0,1,0,0,0
0,0,6.1386,0,0,93.861,0,0,0,0,0,0,0,0,0,1.0646,95.203,2.6681,0,0,0,1.0646,0,0,0,0,0,93.861,0,0,0,0,6.1386,0,0,0.0098039,0.2549,0.73529,0,0,1,0,0,0,0,1,0,0,0
10.625,1.2274,8.9957,0,0,68.387,0,0,3.0681,5.242,2.4549,0,5.2958,2.4549,1.2274,6.5299,66.578,2.9868,0,0,10.852,4.075,5.242,5.6497,6.4296,1.0003,1.2274,64.705,1.2274,2.4549,0,5.1358,6.928,0,0.65625,0,0.09375,0.25,0,0,0.34375,0.65625,0,0,0,0.34375,0.65625,0,0
0,0,9.314,0,0,87.48,0,0,1.1214,0,2.0846,0,3.2583,0,0,1.1214,89.565,3.971,0,0,2.0846,0,0,0,2.0846,0,0,87.48,0,0,0,1.1214,9.314,0,0,0.079545,0.23864,0.68182,0,0,1,0,0,0,0,1,0,0,0
0,0,5.5775,0,0,92.726,0,0,1.6967,0,0,0,1.3292,0,0,1.6967,95.478,1.4956,0,0,0,0,0,0,0,0,0,92.726,0,0,0,1.6967,5.5775,0,0,0.020408,0.2551,0.72449,0,0,1,0,0,0,0,1,0,0,0
0,0.53619,1.6904,11.784,19.003,36.13,11.084,6.3393,5.4224,7.3329,0.67743,2.2653,9.3062,2.0687,10.404,6.6886,24.033,12.508,5.8729,8.499,6.5993,11.755,7.1326,6.7722,7.6297,2.3456,7.2826,21.264,1.4979,9.2046,8.839,15.949,12.083,0.097222,0.34722,0.55556,0,0,0,0,0.48611,0.51389,0,0,0,0.30556,0.69444,0,1
0,0,0.35408,7.7371,17.514,53.301,8.1304,4.4762,1.1981,5.4833,1.8061,0.70815,11.714,2.6189,8.8553,5.5723,37.479,8.2075,5.9704,4.379,7.9997,6.4955,3.6775,6.092,4.7753,4.1022,6.5509,37.331,0,5.9717,6.6744,11.691,13.134,0.2439,0.21951,0.4878,0.04878,0,0,0,0.31707,0.68293,0,0,0,0.21951,0.78049,0,1
0,0,0,0,0,100,0,0,0,0,0,0,0,0,0,8.2449,70.846,20.91,0,0,0,0,0,0,0,0,42.835,48.499,8.6659,0,0,0,0,0.08,0.08,0.44,0.4,0,0,0,1,0,0,0,0,1,0,0,0
0,0,0,0,0,100,0,0,0,0,0,0,0,0,0,13.026,54.525,32.449,0,0,0,0,0,0,0,0,23.697,52.429,23.874,0,0,0,0,0,0,0.061224,0.30612,0.63265,0,0,1,0,0,0,0,1,0,0,0
0,0,0,0,0,100,0,0,0,0,0,0,0,0,0,9.5885,63.176,27.235,0,0,0,0,0,0,0,0,35.269,49.123,15.608,0,0,0,0,0.017857,0.053571,0.10714,0.33929,0.48214,0,0,1,0,0,0,0,1,0,0,0
0,0,0,0,0,100,0,0,0,0,0,0,0,0,0,18.199,57.672,24.129,0,0,0,0,0,0,0,0,34.037,61.773,4.1904,0,0,0,0,0.075,0.275,0.3,0.35,0,0,0,1,0,0,0,0,1,0,0,0
0,0,0,0,0,100,0,0,0,0,0,0,0,0,0,18.557,59.302,22.141,0,0,0,0,0,0,0,0,30.089,66.831,3.0807,0,0,0,0,0,0,0,0.11111,0.88889,0,0,1,0,0,0,0,1,0,0,0
0,0,0,0,0,100,0,0,0,0,0,0,0,0,0,16.844,64.363,18.794,0,0,0,0,0,0,0,0,32.863,58.513,8.6243,0,0,0,0,0,0.1087,0.19565,0.3913,0.30435,0,0,1,0,0,0,0,1,0,0,0
0,0,0,0,0,100,0,0,0,0,0,0,0,0,0,0,100,0,0,0,0,0,0,0,0,0,0,100,0,0,0,0,0,0,0,0,0.15534,0.84466,0,0,1,0,0,0,0,1,0,0,0
0,0,0,0,0,100,0,0,0,0,0,0,0,0,0,0,100,0,0,0,0,0,0,0,0,0,0,100,0,0,0,0,0,0,0,0.010309,0.21649,0.7732,0,0,1,0,0,0,0,1,0,0,0
0,0,0,0,0,100,0,0,0,0,0,0,0,0,0,0,100,0,0,0,0,0,0,0,0,0,0,100,0,0,0,0,0,0,0,0,0.25253,0.74747,0,0,1,0,0,0,0,1,0,0,0
0,0,0,0,0,100,0,0,0,0,0,0,0,0,0,0,100,0,0,0,0,0,0,0,0,0,0,100,0,0,0,0,0,0,0,0.05,0.17,0.78,0,0,1,0,0,0,0,1,0,0,0
0,0,0,0,0,100,0,0,0,0,0,0,0,0,0,0,100,0,0,0,0,0,0,0,0,0,0,100,0,0,0,0,0,0,0,0,0.17,0.83,0,0,1,0,0,0,0,1,0,0,0
0,0,0,0,0,100,0,0,0,0,0,0,0,0,0,0,100,0,0,0,0,0,0,0,0,0,0,100,0,0,0,0,0,0,0,0,0.14,0.86,0,0,1,0,0,0,0,1,0,0,0
0,0,0,0,0,100,0,0,0,0,0,0,0,0,0,0,100,0,0,0,0,0,0,0,0,0,0,100,0,0,0,0,0,0,0,0,0.22,0.78,0,0,1,0,0,0,0,1,0,0,0
0,0,0,0,0,100,0,0,0,0,0,0,0,0,0,0,100,0,0,0,0,0,0,0,0,0,0,100,0,0,0,0,0,0,0,0.020619,0.17526,0.80412,0,0,1,0,0,0,0,1,0,0,0
0,0,0,0,0,100,0,0,0,0,0,0,0,0,0,0,100,0,0,0,0,0,0,0,0,0,0,100,0,0,0,0,0,0,0,0,0.29787,0.70213,0,0,1,0,0,0,0,1,0,0,0
0,0,0,0,0,100,0,0,0,0,0,0,0,0,0,0,100,0,0,0,0,0,0,0,0,0,0,100,0,0,0,0,0,0,0,0.010101,0.24242,0.74747,0,0,1,0,0,0,0,1,0,0,0
0,0,0,0,0,100,0,0,0,0,0,0,0,0,0,0,100,0,0,0,0,0,0,0,0,0,0,100,0,0,0,0,0,0.026316,0.013158,0.052632,0.21053,0.69737,0,0,1,0,0,0,0,1,0,0,0
0,0,0,0,0,100,0,0,0,0,0,0,0,0,0,0,100,0,0,0,0,0,0,0,0,0,0,100,0,0,0,0,0,0,0,0.021978,0.16484,0.81319,0,0,1,0,0,0,0,1,0,0,0
0,0,0,0,0,100,0,0,0,0,0,0,0,0,0,0,100,0,0,0,0,0,0,0,0,0,0,100,0,0,0,0,0,0,0,0.03,0.13,0.84,0,0,1,0,0,0,0,1,0,0,0
0,0,0,0,0,100,0,0,0,0,0,0,0,0,0,0,100,0,0,0,0,0,0,0,0,0,0,100,0,0,0,0,0,0,0,0,0.30435,0.69565,0,0,1,0,0,0,0,1,0,0,0
0,0,0,0,0,100,0,0,0,0,0,0,0,0,0,0,100,0,0,0,0,0,0,0,0,0,0,100,0,0,0,0,0,0,0,0.10465,0.11628,0.77907,0,0,1,0,0,0,0,1,0,0,0
0,0,0,0,0,100,0,0,0,0,0,0,0,0,0,0,100,0,0,0,0,0,0,0,0,0,0,100,0,0,0,0,0,0,0,0.011494,0.22989,0.75862,0,0,1,0,0,0,0,1,0,0,0
0,0,0,0,0,100,0,0,0,0,0,0,0,0,0,0,100,0,0,0,0,0,0,0,0,0,0,100,0,0,0,0,0,0,0,0.029412,0.22059,0.75,0,0,1,0,0,0,0,1,0,0,0
0,0,0,0,0,100,0,0,0,0,0,0,0,0,0,0,100,0,0,0,0,0,0,0,0,0,0,100,0,0,0,0,0,0,0,0.086957,0.13043,0.78261,0,0,1,0,0,0,0,1,0,0,0
0,0,0,0,0,100,0,0,0,0,0,0,0,0,0,0,100,0,0,0,0,0,0,0,0,0,0,100,0,0,0,0,0,0,0,0,0.25926,0.74074,0,0,1,0,0,0,0,1,0,0,0
0,0,0,0,0,100,0,0,0,0,0,0,0,0,0,0,100,0,0,0,0,0,0,0,0,0,0,100,0,0,0,0,0,0,0,0.022222,0.37778,0.6,0,0,1,0,0,0,0,1,0,0,0
0,0,0,0,0,100,0,0,0,0,0,0,0,0,0,0,100,0,0,0,0,0,0,0,0,0,0,100,0,0,0,0,0,0,0,0.013889,0.33333,0.65278,0,0,1,0,0,0,0,1,0,0,0
0,0,0,0,0,100,0,0,0,0,0,0,0,0,0,0,100,0,0,0,0,0,0,0,0,0,0,100,0,0,0,0,0,0,0,0,0.17647,0.82353,0,0,1,0,0,0,0,1,0,0,0
0,0,0,0,0,100,0,0,0,0,0,0,0,0,0,0,100,0,0,0,0,0,0,0,0,0,0,100,0,0,0,0,0,0,0,0,0.21127,0.78873,0,0,1,0,0,0,0,1,0,0,0
0,0,0,0,0,100,0,0,0,0,0,0,0,0,0,0,100,0,0,0,0,0,0,0,0,0,0,100,0,0,0,0,0,0,0,0.066667,0.43333,0.5,0,0,1,0,0,0,0,1,0,0,0
0,0,0,0,0,100,0,0,0,0,0,0,0,0,0,26.922,51.911,21.167,0,0,0,0,0,0,0,0,37.545,58.886,3.5686,0,0,0,0,0,0,0.090909,0.31818,0.59091,0,0,1,0,0,0,0,1,0,0,0
0,0,0,0,0,100,0,0,0,0,0,0,0,0,0,0,100,0,0,0,0,0,0,0,0,0,0,100,0,0,0,0,0,0,0,0,0.074074,0.92593,0,0,1,0,0,0,0,1,0,0,0
0,0,0,0,0,100,0,0,0,0,0,0,0,0,0,0,100,0,0,0,0,0,0,0,0,0,0,100,0,0,0,0,0,0,0,0,0.1215,0.8785,0,0,1,0,0,0,0,1,0,0,0
0,0,0,0,0,100,0,0,0,0,0,0,0,0,0,0,100,0,0,0,0,0,0,0,0,0,0,100,0,0,0,0,0,0,0,0,0.13462,0.86538,0,0,1,0,0,0,0,1,0,0,0
0,0,0,0,0,100,0,0,0,0,0,0,0,0,0,0,100,0,0,0,0,0,0,0,0,0,0,100,0,0,0,0,0,0,0,0.053191,0.21277,0.73404,0,0,1,0,0,0,0,1,0,0,0
0,0,0,0,0,100,0,0,0,0,0,0,0,0,0,0,100,0,0,0,0,0,0,0,0,0,0,100,0,0,0,0,0,0,0,0.0093458,0.065421,0.92523,0,0,1,0,0,0,0,1,0,0,0
0,0,0,0,0,100,0,0,0,0,0,0,0,0,0,0,100,0,0,0,0,0,0,0,0,0,0,100,0,0,0,0,0,0,0,0,0.28571,0.71429,0,0,1,0,0,0,0,1,0,0,0
0,0,0,0,0,100,0,0,0,0,0,0,0,0,0,0,100,0,0,0,0,0,0,0,0,0,0,100,0,0,0,0,0,0,0,0.0097087,0.20388,0.78641,0,0,1,0,0,0,0,1,0,0,0
0,0,0,0,0,100,0,0,0,0,0,0,0,0,0,0,100,0,0,0,0,0,0,0,0,0,0,100,0,0,0,0,0,0,0,0,0.18889,0.81111,0,0,1,0,0,0,0,1,0,0,0
0,0,0,0,0,100,0,0,0,0,0,0,0,0,0,0,100,0,0,0,0,0,0,0,0,0,0,100,0,0,0,0,0,0,0,0,0.16364,0.83636,0,0,1,0,0,0,0,1,0,0,0
0,0,0,0,0,100,0,0,0,0,0,0,0,0,0,0,100,0,0,0,0,0,0,0,0,0,0,100,0,0,0,0,0,0,0,0,0.19,0.81,0,0,1,0,0,0,0,1,0,0,0
0,0,0,0,0,99.107,0,0,0.89265,0,0,0,0,0,0,0.89265,99.107,0,0,0,0,0,0,0,0,0,0,99.107,0,0,0,0.89265,0,0,0,0,0.27619,0.72381,0,0,1,0,0,0,0,1,0,0,0
0,0,0,0,0,100,0,0,0,0,0,0,0,0,0,0,100,0,0,0,0,0,0,0,0,0,0,100,0,0,0,0,0,0,0,0.051546,0.25773,0.69072,0,0,1,0,0,0,0,1,0,0,0
0,0,0,0,0,100,0,0,0,0,0,0,0,0,0,0,100,0,0,0,0,0,0,0,0,0,0,100,0,0,0,0,0,0,0,0.010638,0.26596,0.7234,0,0,1,0,0,0,0,1,0,0,0
0,0,0,0,0,100,0,0,0,0,0,0,0,0,0,0,100,0,0,0,0,0,0,0,0,0,0,100,0,0,0,0,0,0,0,0,0.1165,0.8835,0,0,1,0,0,0,0,1,0,0,0
0,0,0,0,0,100,0,0,0,0,0,0,0,0,0,0,100,0,0,0,0,0,0,0,0,0,0,100,0,0,0,0,0,0,0,0.009901,0.13861,0.85149,0,0,1,0,0,0,0,1,0,0,0
0,0,0,0,0,100,0,0,0,0,0,0,0,0,0,0,100,0,0,0,0,0,0,0,0,0,0,100,0,0,0,0,0,0,0,0.023529,0.29412,0.68235,0,0,1,0,0,0,0,1,0,0,0
0,0,0,0,0,100,0,0,0,0,0,0,0,0,0,0,100,0,0,0,0,0,0,0,0,0,0,100,0,0,0,0,0,0,0,0.011905,0.059524,0.92857,0,0,1,0,0,0,0,1,0,0,0
0,0,0,0,0,100,0,0,0,0,0,0,0,0,0,0,100,0,0,0,0,0,0,0,0,0,0,100,0,0,0,0,0,0,0,0,0.27273,0.72727,0,0,1,0,0,0,0,1,0,0,0
0,0,0,0,0,100,0,0,0,0,0,0,0,0,0,0,100,0,0,0,0,0,0,0,0,0,0,100,0,0,0,0,0,0,0,0,0.098592,0.90141,0,0,1,0,0,0,0,1,0,0,0
0,0,0,0,0,100,0,0,0,0,0,0,0,0,0,0,100,0,0,0,0,0,0,0,0,0,0,100,0,0,0,0,0,0,0,0.037037,0.37037,0.59259,0,0,1,0,0,0,0,1,0,0,0
0,0,0,0,0,100,0,0,0,0,0,0,0,0,0,0,100,0,0,0,0,0,0,0,0,0,0,100,0,0,0,0,0,0,0,0.015873,0.34921,0.63492,0,0,1,0,0,0,0,1,0,0,0
0,0,0,0,0,100,0,0,0,0,0,0,0,0,0,0,100,0,0,0,0,0,0,0,0,0,0,100,0,0,0,0,0,0,0,0,0.2093,0.7907,0,0,1,0,0,0,0,1,0,0,0
0,0,0,0,0,100,0,0,0,0,0,0,0,0,0,0,100,0,0,0,0,0,0,0,0,0,0,100,0,0,0,0,0,0,0,0,0.28358,0.71642,0,0,1,0,0,0,0,1,0,0,0
0,0,0,0,0,100,0,0,0,0,0,0,0,0,0,0,100,0,0,0,0,0,0,0,0,0,0,100,0,0,0,0,0,0,0,0,0.4,0.6,0,0,1,0,0,0,0,1,0,0,0
3.588,0,2.825,0,0,86.719,0.71366,2.1903,1.5328,2.4311,0,5.7783,1.3976,0,0.71366,1.4273,86.719,0,0.79271,0,2.352,0.81918,1.3976,5.6993,3.0128,0,1.3976,85.321,0,0,0.81918,0.81918,1.5328,1,0,0,0,0,0,0,1,0,0,0,0,1,0,0,0
5.796,7.2399,12.322,1.888,0,48.563,6.7115,3.6499,10.109,2.611,1.1101,10.277,2.737,6.7085,5.0863,11.885,45.933,1.9122,2.317,0,5.1641,7.9802,3.5215,19.531,15.838,3.7244,5.7716,37.639,0,3.3928,3.2452,1.888,5.4494,0.97917,0.020833,0,0,0,0,0,1,0,0,0,0,1,0,0,0
9.7959,6.3566,19.706,3.6273,0,33.532,6.203,5.6052,11.234,0.72867,3.2109,12.806,4.0437,6.368,13.512,17.508,26.397,2.8302,2.5593,0,4.8479,9.1277,2.6313,35.269,10.491,4.952,7.189,13.599,0.38247,9.1372,5.4257,3.6273,7.2957,0.18919,0.81081,0,0,0,0,0.081081,0.91892,0,0,0,0,1,0,0,1
3.9775,0,0.71709,0,0,81.832,0,2.2891,2.3491,6.5813,2.2539,5.2953,0.71709,0,0,0,80.861,0.97135,1.572,0,2.7554,7.8283,0.71709,10.174,4.1153,0,2.971,74.664,0,0,1.3777,2.3491,3.6316,1,0,0,0,0,0,0,1,0,0,0,0,1,0,0,0
4.4027,5.1865,4.8205,1.5517,0,66.798,4.9558,4.171,6.1044,1.3713,0.63762,8.8717,1.8014,2.4318,1.5517,6.3531,65.265,1.303,1.5517,0,2.7676,8.1034,4.2203,16.464,8.2084,1.2159,3.6341,58.215,0,0.48219,2.0339,2.3725,3.1537,1,0,0,0,0,0,0,1,0,0,0,0,1,0,0,0
5.6544,7.2472,19.634,1.9462,0,38.179,8.9002,3.7301,7.4489,4.3321,2.9283,9.156,5.587,7.3718,10.797,13.621,36.138,0.75246,1.525,0,6.5231,8.5288,5.3908,32.249,16.216,4.4825,2.8889,24.717,1.0094,5.2322,2.5416,1.9462,3.3258,1,0,0,0,0,0,0,1,0,0,0,0,1,0,0,1
12.361,8.8516,4.5907,0,0,51.431,2.3256,0,5.7705,5.2114,9.4578,1.3761,6.3726,9.0145,9.3522,14.827,35.782,0.45869,0,0,18.016,4.8014,5.67,16.033,11.284,2.7843,7.9537,33.962,5.2114,6.2302,2.7843,2.3224,5.7648,0.26923,0.73077,0,0,0,0,0,0.26923,0.73077,0,0,0,0.26923,0.73077,0,0
7.555,8.5656,21.218,2.9266,0,25.262,11.396,6.2581,10.981,3.5903,2.2475,11.901,3.9951,10.71,14.288,19.283,17.38,0.73641,2.9266,0,8.829,9.9505,5.3073,37.495,17.57,6.6154,4.926,5.7125,1.5756,8.0013,4.5668,2.9266,5.3032,0,0.89552,0.014925,0.029851,0.059701,0,0.68657,0.25373,0.059701,0,0,0,0.9403,0.059701,0,1
11.599,10.233,6.0098,0.90836,0,40.152,1.7492,0.67808,3.2998,10.244,15.125,2.5072,8.4753,16.131,10.719,19.398,18.26,0.9364,0.33904,0,17.817,5.4176,10.612,24.755,12.888,1.434,9.0696,14.051,6.9934,16.37,1.2754,0.90836,1.6425,0.52632,0.47368,0,0,0,0,0,0.78947,0.21053,0,0,0,0.84211,0.15789,0,1
4.5904,2.8665,4.019,2.6295,0,68.504,1.8028,6.0377,6.0278,1.8693,1.6534,8.8253,2.2162,1.0637,1.8028,8.1255,67.735,1.3586,3.6721,0,2.3346,2.8665,1.0946,14.076,6.6051,0.53185,2.6902,64.16,0,1.3586,3.1613,2.6295,3.6932,0.94118,0.058824,0,0,0,0,0,1,0,0,0,0,1,0,0,0
0,2.5325,4.0966,0,0,89.569,2.5325,0,1.269,0,0,5.3601,0,0,0,0,89.569,0,1.269,0,0,3.8015,2.5325,2.5325,2.5325,0,0,87.037,0,0,0,1.269,4.0966,0.45946,0.54054,0,0,0,0,0,0.45946,0.54054,0,0,0,0.45946,0.54054,0,0
7.3717,6.2023,19.406,2.4923,0,36.434,8.2821,1.7161,8.6203,4.0315,5.443,12.384,8.9558,9.2027,5.0707,12.419,35.867,3.4872,0.88827,0,4.5965,7.1287,6.0353,30.305,17.418,5.5229,5.2658,17.359,0.45832,6.2566,3.9456,2.4923,4.9405,0,1,0,0,0,0,0.16364,0.82727,0.0090909,0,0,0,0.99091,0.0090909,0,1
4.3379,0,6.0287,3.7878,1.8939,60.73,1.0242,1.4631,12.451,5.8474,2.4363,1.1525,0.76341,2.6573,1.0242,0,57.992,10.873,3.0126,1.0242,6.1623,15.338,3.4777,13.369,6.3971,2.0484,1.7566,46.114,2.6573,3.527,2.7042,11.122,6.8264,0.92105,0.078947,0,0,0,0,0,1,0,0,0,0,1,0,0,0
4.6822,1.4668,0,0,0,84.611,1.4668,1.5237,3.1585,2.3074,0.78367,4.5142,0,0,0,0,81.452,3.1585,1.5237,0,0,9.3511,1.4668,10.875,7.6727,0,0.78367,75.26,0,0,0,3.1585,0.78367,1,0,0,0,0,0,0,1,0,0,0,0,1,0,0,0
1.3899,1.467,10.408,5.9141,7.2106,35.126,3.8225,0.79614,23.304,5.4828,5.079,2.6358,1.8199,4.0806,4.9169,1.5413,31.965,13.467,7.0337,2.7047,14.78,15.054,7.794,19.68,10.246,6.4019,2.6765,8.4119,5.5476,4.3584,9.2976,16.502,9.0834,0,1,0,0,0,0,0.90741,0.092593,0,0,0,0,1,0,0,1
1.9417,0,2.7927,2.0029,1.0015,75.524,0.50411,1.4444,6.4079,4.8843,3.4967,1.4363,0,1.0015,0.50411,0,74.804,5.5082,2.2737,0.50411,3.8509,10.117,2.2885,10.74,4.0501,1.0082,3.1647,64.839,1.0015,1.4988,1.0015,5.0245,5.3829,0.88235,0.11765,0,0,0,0,0,1,0,0,0,0,1,0,0,0
2.1872,0,0,0,0,95.626,0,0,2.1872,0,0,0,0,0,0,0,93.438,2.1872,0,0,0,4.3745,0,4.3745,2.1872,0,0,91.251,0,0,0,2.1872,0,0.89474,0.10526,0,0,0,0,0.052632,0.94737,0,0,0,0,1,0,0,0
6.1393,1.813,8.4969,3.4325,5.3998,42.651,2.6753,4.9473,13.7,9.21,1.5351,2.7716,1.813,2.4077,4.0641,1.3828,32.906,16.489,2.6083,1.4027,11.472,22.683,7.6286,16.171,3.2195,4.8221,6.5927,11.202,4.2206,2.5642,8.8052,17.442,17.332,0.15152,0.84848,0,0,0,0,0.090909,0.90909,0,0,0,0,1,0,0,1
0,2.1588,0,0,0,95.682,2.1588,0,0,0,0,2.1588,0,0,0,0,95.682,0,0,0,0,2.1588,2.1588,2.1588,2.1588,0,0,93.524,0,0,0,0,0,1,0,0,0,0,0,0,1,0,0,0,0,1,0,0,0
0,0,8.0843,0,0,89.348,0,0,2.5674,0,0,5.5168,0,0,0.86327,0,90.212,0,1.7042,0,0,1.7042,0,0,0,0,0,89.348,0,0,0,2.5674,8.0843,0,1,0,0,0,0,0,0,1,0,0,0,0,1,0,0
0,0,0,0,0,100,0,0,0,0,0,0,0,0,0,0,100,0,0,0,0,0,0,0,0,0,0,100,0,0,0,0,0,1,0,0,0,0,0,0,1,0,0,0,0,1,0,0,0
0,0,6.2001,0,0,91.212,0,0,2.5877,0,0,2.2085,0,0,2.5877,0,93.8,0,1.4038,0,0,0,0,0,0,0,0,91.212,0,0,0,2.5877,6.2001,0,1,0,0,0,0,0,0,1,0,0,0,0,1,0,0
2.2434,0,13.991,0,0,73.564,0,0,3.0066,4.4869,2.7079,3.5273,4.2282,0,0,3.7776,76.272,0,1.4725,0,4.9514,5.7707,4.4869,0,4.9514,0,0,73.564,0,0,0,5.0615,11.936,0,0.125,0,0.125,0.75,0,0.125,0.875,0,0,0,0,1,0,0,0
0,0,16.034,0,0,78.392,0,0,5.5736,0,0,3.1138,3.3734,0,0,5.5736,81.452,0,0,0,0,6.4872,0,0,0,0,0,78.392,0,0,0,12.061,9.5469,0,0,0.11111,0.17778,0.71111,0,0,1,0,0,0,0,1,0,0,0
0,0,8.7896,0,0,89.812,0,0,1.398,0,0,1.1392,3.9107,0,0,1.398,91.015,0,0,0,0,2.5371,0,0,0,0,0,89.812,0,0,0,3.9351,6.2525,0,0,0.02,0.23,0.75,0,0,1,0,0,0,0,1,0,0,0
0,0,14.751,0,0,82.546,0,0,2.7022,0,0,8.8324,1.1078,0,0.87427,1.1078,83.421,0,0.72019,0,0,3.9369,0,0,0,0,0,82.546,0,0,0,5.1355,12.318,0,0.35714,0,0.071429,0.57143,0,0,0.64286,0.35714,0,0,0,0.64286,0.35714,0,0
0,0,15.478,0,0,79.103,0,0,5.4193,0,0,4.285,5.1362,0,0,2.8493,79.103,0,2.57,0,0,6.0565,0,0,0,0,0,79.103,0,0,0,7.1909,13.706,0,0,0.045455,0.18182,0.77273,0,0,1,0,0,0,0,1,0,0,0
0,0,8.2576,0,0,87.952,0,0,3.7905,0,0,3.4485,1.3607,0,0,1.8943,87.952,0,1.8962,0,0,3.4485,0,0,0,0,0,87.952,0,0,0,6.0683,5.9798,0,0,0.009901,0.24752,0.74257,0,0,1,0,0,0,0,1,0,0,0
0,0,12.445,0,0,81.295,0,0,6.2606,0,0,5.0854,0,0,2.2742,0,83.569,0,3.9864,0,0,5.0854,0,0,0,0,0,81.295,0,0,0,6.2606,12.445,0,0.80357,0,0.035714,0.16071,0,0,0.19643,0.80357,0,0,0,0.19643,0.80357,0,0
0,0,13.889,0,0,81.314,0,0,4.7966,0,0,6.3349,0,0,3.101,0,82.386,0,3.7245,0,0,4.4534,0,0,0,0,0,81.314,0,0,0,7.5406,11.145,0,0,0.043478,0.11957,0.83696,0,0,1,0,0,0,0,1,0,0,0
0,0,9.4022,0,0,87.89,0,0,2.7076,0,0,4.0839,0,0,1.2344,0,89.735,0,0.86252,0,0,4.0839,0,0,0,0,0,87.89,0,0,0,3.806,8.3037,0,0,0,0.23762,0.76238,0,0,1,0,0,0,0,1,0,0,0
0,0,9.6089,0,0,88.743,0,0,1.6484,0,0,4.3646,0,0,1.8887,0,89.503,0,3.3557,0,0,0.88758,0,0,0,0,0,88.743,0,0,0,1.6484,9.6089,0,0.4902,0,0.098039,0.41176,0,0,0.5098,0.4902,0,0,0,0.5098,0.4902,0,0
0,0,13.874,0,0,80.583,0,0,5.5437,0,0,5.8892,0,0,2.0954,0,84.965,0,3.9777,0,0,3.0724,0,0,0,0,0,80.583,0,0,0,8.3605,11.057,0,0,0,0.085106,0.91489,0,0,1,0,0,0,0,1,0,0,0
0,0,7.7177,0,0,89.488,0,0,2.7944,0,0,2.1626,0,0,3.3925,0,90.402,0,2.8918,0,0,1.1507,0,0,0,0,0,89.488,0,0,0,3.8063,6.7058,0,0,0.01,0.22,0.77,0,0,1,0,0,0,0,1,0,0,0
0,0,0,0,0,100,0,0,0,0,0,0,0,0,0,0,100,0,0,0,0,0,0,0,0,0,0,100,0,0,0,0,0,0.84615,0.15385,0,0,0,0,0,1,0,0,0,0,1,0,0,0
0,0,0,0,0,100,0,0,0,0,0,0,0,0,0,0,100,0,0,0,0,0,0,0,0,0,0,100,0,0,0,0,0,1,0,0,0,0,0,0,1,0,0,0,0,1,0,0,0
0,0,0,0,0,100,0,0,0,0,0,0,0,0,0,0,100,0,0,0,0,0,0,0,0,0,0,100,0,0,0,0,0,1,0,0,0,0,0,0,1,0,0,0,0,1,0,0,0
0,0,6.7812,0,0,91.152,0,0,2.0667,0,0,0.97687,0,0,1.0898,0,93.219,0.97687,3.7377,0,0,0,0,0,0,0,0,91.152,0,0,0,3.0436,5.8044,0,1,0,0,0,0,0,0,1,0,0,0,0,1,0,0
0,0,0,0,0,100,0,0,0,0,0,0,0,0,0,0,100,0,0,0,0,0,0,0,0,0,0,100,0,0,0,0,0,1,0,0,0,0,0,0,1,0,0,0,0,1,0,0,0
0,0,8.1257,0,0,89.267,0,0,2.607,0,0,2.607,0,0,0,0,91.874,2.607,1.6974,1.2143,0,0,0,0,0,0,0,89.267,0,0,0,5.2139,5.5187,0,1,0,0,0,0,0,0,1,0,0,0,0,1,0,0
0,0,0,0,0,100,0,0,0,0,0,0,0,0,0,0,100,0,0,0,0,0,0,0,0,0,0,100,0,0,0,0,0,1,0,0,0,0,0,0,1,0,0,0,0,1,0,0,0
0,0,0,0,0,100,0,0,0,0,0,0,0,0,0,0,100,0,0,0,0,0,0,0,0,0,0,100,0,0,0,0,0,0.95082,0.04918,0,0,0,0,0,0.86885,0.13115,0,0,0,0.91803,0.081967,0,0
0,0,7.9481,0,0,89.873,0,0,2.1793,0,0,1.5891,0,0,0.59024,2.0964,90.871,0.99884,0,2.6736,0.59024,0.59024,0,0,0,0,0,89.873,0,0,0,4.3586,5.7688,0,1,0,0,0,0,0,0,1,0,0,0,0,1,0,0
0,0,0,0,0,100,0,0,0,0,0,0,0,0,0,0,100,0,0,0,0,0,0,0,0,0,0,100,0,0,0,0,0,0,1,0,0,0,0,0,0,1,0,0,0,0,1,0,0
0,0,12.325,0,0,84.816,0,0,2.8581,0,0,1.4291,0,0,1.4291,7.936,84.816,0,0,1.5312,1.4291,1.4291,0,0,0,0,0,84.816,0,0,0,5.7163,9.4672,0,1,0,0,0,0,0,0,1,0,0,0,0,1,0,0
0,0,10.311,0,0,85.137,0,0,4.5519,0,0,4.0638,0,0,2.1838,0,89.689,2.3681,1.6957,0,0,0,0,0,0,0,0,85.137,0,0,0,8.6157,6.2476,0,0.67273,0,0.072727,0.25455,0,0,0.32727,0.67273,0,0,0,0.32727,0.67273,0,0
0,0,11.007,0,0,85.718,0,0,3.2755,0,0,1.115,0,0,2.9509,0,88.993,4.7136,2.2274,0,0,0,0,0,0,0,0,85.718,0,0,0,4.3905,9.8919,0,0,0.071429,0.22619,0.70238,0,0,1,0,0,0,0,1,0,0,0
0,0,7.3797,0,0,88.883,0,0,3.7378,0,0,2.3247,0,0,1.4091,0,92.62,1.3211,2.3247,0,0,0,0,0,0,0,0,88.883,0,0,0,6.0625,5.055,0,0,0.011111,0.25556,0.73333,0,0,1,0,0,0,0,1,0,0,0
0,0,8.9881,0,0,90.245,0,0,0.76644,0,0,0.97771,0,0,0,0,91.012,1.8851,3.7054,2.4198,0,0,0,0,0,0,0,90.245,0,0,0,1.7441,8.0104,0,0.54545,0,0.072727,0.38182,0,0,0.45455,0.54545,0,0,0,0.45455,0.54545,0,0
0,0,16.501,0,0,79.319,0,0,4.1803,0,0,8.2506,0,0,0,0,83.499,1.9571,3.2759,3.0176,0,0,0,0,0,0,0,79.319,0,0,0,12.431,8.2506,0,0,0.044444,0.22222,0.73333,0,0,1,0,0,0,0,1,0,0,0
0,0,8.6641,0,0,90.455,0,0,0.88059,0,0,3.1019,0,0,0,0,91.336,3.341,1.1908,1.0305,0,0,0,0,0,0,0,90.455,0,0,0,3.9825,5.5623,0,0,0.018182,0.24545,0.73636,0,0,1,0,0,0,0,1,0,0,0
0,0,14.398,0,0,80.527,0,0,5.0755,0,0,5.1462,0,0,1.4552,4.1054,82.692,2.1651,0,1.5259,1.4552,1.4552,0,0,0,0,0,80.527,0,0,0,11.677,7.7964,0,0.64,0,0.08,0.28,0,0,0.36,0.64,0,0,0,0.36,0.64,0,0
0,0,14.085,0,0,81.511,0,0,4.4042,0,0,1.0541,0,0,3.9581,5.2595,82.505,3.2235,0,1.8913,1.0541,1.0541,0,0,0,0,0,81.511,0,0,0,6.5123,11.977,0,0,0.043011,0.27957,0.67742,0,0,1,0,0,0,0,1,0,0,0
0,0,7.9614,0,0,87.888,0,0,4.1507,0,0,2.1805,0,0,1.1322,3.5936,89.577,1.336,0,2.1805,0,0,0,0,0,0,0,87.888,0,0,0,6.3312,5.7809,0,0,0.01,0.23,0.76,0,0,1,0,0,0,0,1,0,0,0
0,0,22.061,0,0,64.933,0,0,13.006,0,0,6.5028,0,0,7.1891,7.1891,64.933,0,0,1.1802,6.5028,6.5028,0,0,0,0,0,64.933,0,0,0,26.011,9.0555,0,1,0,0,0,0,0,0,1,0,0,0,0,1,0,0
0,0,18.391,0,0,73.498,0,0,8.1107,0,0,4.5332,0,0,1.8905,5.6833,73.498,0,0,2.6427,4.1656,7.5868,0,0,0,0,0,73.498,0,0,0,20.231,6.2714,0,0,0.05814,0.093023,0.84884,0,0,1,0,0,0,0,1,0,0,0
0,0,8.0664,0,0,86.952,0,0,4.9814,0,0,1.8301,0,0,2.5966,2.5966,86.952,0,0,1.0432,4.1945,0.78686,0,0,0,0,0,86.952,0,0,0,7.5983,5.4495,0,0,0,0.22619,0.77381,0,0,1,0,0,0,0,1,0,0,0
4.6718,0.80946,7.4114,3.4547,6.7937,31.017,8.1219,3.3182,21.495,7.9647,4.9423,4.6067,2.5329,6.3904,6.2319,5.8507,21.706,12.816,8.5474,2.1049,15.019,14.194,6.2268,14.533,10.97,7.0959,6.0761,4.3796,3.8808,3.6182,10.482,18.36,14.377,0.27907,0.72093,0,0,0,0,0.11628,0.88372,0,0,0,0,1,0,0,1
0,0,0,0,0,98.113,0,0,1.8869,0,0,0,0,0,0,1.8869,98.113,0,0,0,0,0,0,0,0,0,0,98.113,0,0,0,1.8869,0,0,0,0.0095238,0.22857,0.7619,0,0,1,0,0,0,0,1,0,0,0
0,0,0,0,0,100,0,0,0,0,0,0,0,0,0,0,100,0,0,0,0,0,0,0,0,0,0,100,0,0,0,0,0,0,0,0.02,0.22,0.76,0,0,1,0,0,0,0,1,0,0,0
0,0,0,0,0,98.064,0,0,1.9364,0,0,0,0,0,0,0.95966,98.064,0,0.97669,0,0,0,0,0,0,0,0,98.064,0,0,0,1.9364,0,0,0,0,0.14706,0.85294,0,0,1,0,0,0,0,1,0,0,0
0,0,0,0,0,100,0,0,0,0,0,0,0,0,0,0,100,0,0,0,0,0,0,0,0,0,0,100,0,0,0,0,0,0,0,0,0.11207,0.88793,0,0,1,0,0,0,0,1,0,0,0
0,0,0,0,0,100,0,0,0,0,0,0,0,0,0,0,100,0,0,0,0,0,0,0,0,0,0,100,0,0,0,0,0,0,0,0.069307,0.10891,0.82178,0,0,1,0,0,0,0,1,0,0,0
0,0,0,0,0,100,0,0,0,0,0,0,0,0,0,0,100,0,0,0,0,0,0,0,0,0,0,100,0,0,0,0,0,0,0,0.010309,0.23711,0.75258,0,0,1,0,0,0,0,1,0,0,0
0,0,0,0,0,100,0,0,0,0,0,0,0,0,0,0,100,0,0,0,0,0,0,0,0,0,0,100,0,0,0,0,0,0,0,0.058824,0.078431,0.86275,0,0,1,0,0,0,0,1,0,0,0
0,0,0,0,0,100,0,0,0,0,0,0,0,0,0,0,100,0,0,0,0,0,0,0,0,0,0,100,0,0,0,0,0,0,0,0,0.25556,0.74444,0,0,1,0,0,0,0,1,0,0,0
0,0,0,0,0,97.226,0,0,2.7742,0,0,0,0,0,0,0,98.197,0,1.8035,0,0,0,0,0,0,0,0,97.226,0,0,0,2.7742,0,0,0,0,0.070796,0.9292,0,0,1,0,0,0,0,1,0,0,0
0,0,0,0,0,100,0,0,0,0,0,0,0,0,0,0,100,0,0,0,0,0,0,0,0,0,0,100,0,0,0,0,0,0,0,0.019608,0.15686,0.82353,0,0,1,0,0,0,0,1,0,0,0
0,0,0,0,0,97.369,0,0,2.6306,0,0,0,0,0,0,0,99.125,0,0.87455,0,0,0,0,0,0,0,0,97.369,0,0,0,2.6306,0,0,0,0,0.13761,0.86239,0,0,1,0,0,0,0,1,0,0,0
0,0,0,0,0,100,0,0,0,0,0,0,0,0,0,0,100,0,0,0,0,0,0,0,0,0,0,100,0,0,0,0,0,0,0,0.02439,0.2561,0.71951,0,0,1,0,0,0,0,1,0,0,0
0,0,0,0,0,100,0,0,0,0,0,0,0,0,0,0,100,0,0,0,0,0,0,0,0,0,0,100,0,0,0,0,0,0,0,0.010101,0.11111,0.87879,0,0,1,0,0,0,0,1,0,0,0
0,0,0,0,0,100,0,0,0,0,0,0,0,0,0,0,100,0,0,0,0,0,0,0,0,0,0,100,0,0,0,0,0,0,0,0,0.2907,0.7093,0,0,1,0,0,0,0,1,0,0,0
0,0,0,0,0,100,0,0,0,0,0,0,0,0,0,0,100,0,0,0,0,0,0,0,0,0,0,100,0,0,0,0,0,0,0,0,0.12745,0.87255,0,0,1,0,0,0,0,1,0,0,0
0,0,0,0,0,100,0,0,0,0,0,0,0,0,0,0,100,0,0,0,0,0,0,0,0,0,0,100,0,0,0,0,0,0,0,0,0.12037,0.87963,0,0,1,0,0,0,0,1,0,0,0
0,0,0,0,0,100,0,0,0,0,0,0,0,0,0,0,100,0,0,0,0,0,0,0,0,0,0,100,0,0,0,0,0,0,0,0.014493,0.24638,0.73913,0,0,1,0,0,0,0,1,0,0,0
0,0,0,0,0,100,0,0,0,0,0,0,0,0,0,0,100,0,0,0,0,0,0,0,0,0,0,100,0,0,0,0,0,0,0,0.047619,0.40476,0.54762,0,0,1,0,0,0,0,1,0,0,0
0,0,0,0,0,100,0,0,0,0,0,0,0,0,0,0,100,0,0,0,0,0,0,0,0,0,0,100,0,0,0,0,0,0,0,0.012821,0.14103,0.84615,0,0,1,0,0,0,0,1,0,0,0
0,0,0,0,0,100,0,0,0,0,0,0,0,0,0,0,100,0,0,0,0,0,0,0,0,0,0,100,0,0,0,0,0,0,0,0.030303,0.24242,0.72727,0,0,1,0,0,0,0,1,0,0,0
0,0,0,0,0,100,0,0,0,0,0,0,0,0,0,0,100,0,0,0,0,0,0,0,0,0,0,100,0,0,0,0,0,0,0,0,0.012346,0.98765,0,0,1,0,0,0,0,1,0,0,0
0,0,0,0,0,100,0,0,0,0,0,0,0,0,0,0,100,0,0,0,0,0,0,0,0,0,0,100,0,0,0,0,0,0,0,0.22222,0.24444,0.53333,0,0,1,0,0,0,0,1,0,0,0
0,0,0,0,0,100,0,0,0,0,0,0,0,0,0,0,100,0,0,0,0,0,0,0,0,0,0,100,0,0,0,0,0,0,0,0.046875,0.15625,0.79688,0,0,1,0,0,0,0,1,0,0,0
0,0,0,0,0,100,0,0,0,0,0,0,0,0,0,0,100,0,0,0,0,0,0,0,0,0,0,100,0,0,0,0,0,0,0,0.11628,0.093023,0.7907,0,0,1,0,0,0,0,1,0,0,0
0,0,0,0,0,98.173,0,0,1.8268,0,0,0,0,0,0,0,100,0,0,0,0,0,0,0,0,0,0,98.173,0,0,0,1.8268,0,0,0,0,0.25773,0.74227,0,0,1,0,0,0,0,1,0,0,0
0,0,0,0,0,100,0,0,0,0,0,0,0,0,0,0,100,0,0,0,0,0,0,0,0,0,0,100,0,0,0,0,0,0,0,0.044944,0.1573,0.79775,0,0,1,0,0,0,0,1,0,0,0
0,0,0,0,0,98.152,0,0,1.8484,0,0,0,0,0,0,0,100,0,0,0,0,0,0,0,0,0,0,98.152,0,0,0,1.8484,0,0,0,0,0.25,0.75,0,0,1,0,0,0,0,1,0,0,0
0,0,0,0,0,100,0,0,0,0,0,0,0,0,0,0,100,0,0,0,0,0,0,0,0,0,0,100,0,0,0,0,0,0,0,0,0.28846,0.71154,0,0,1,0,0,0,0,1,0,0,0
0,0,0,0,0,100,0,0,0,0,0,0,0,0,0,0,100,0,0,0,0,0,0,0,0,0,0,100,0,0,0,0,0,0,0,0,0.28049,0.71951,0,0,1,0,0,0,0,1,0,0,0
0,0,0,0,0,100,0,0,0,0,0,0,0,0,0,0,100,0,0,0,0,0,0,0,0,0,0,100,0,0,0,0,0,0,0,0.022727,0.19318,0.78409,0,0,1,0,0,0,0,1,0,0,0
0,0,0,0,0,100,0,0,0,0,0,0,0,0,0,0,100,0,0,0,0,0,0,0,0,0,0,100,0,0,0,0,0,0,0,0.030928,0.14433,0.82474,0,0,1,0,0,0,0,1,0,0,0
0,0,0,0,0,100,0,0,0,0,0,0,0,0,0,0,100,0,0,0,0,0,0,0,0,0,0,100,0,0,0,0,0,0,0,0,0.30588,0.69412,0,0,1,0,0,0,0,1,0,0,0
0,0,0,0,0,98.2,0,0,1.8004,0,0,0,0,0,0,1.0079,98.992,0,0,0,0,0,0,0,0,0,0,98.2,0,0,0,1.8004,0,0,0,0.010101,0.23232,0.75758,0,0,1,0,0,0,0,1,0,0,0
0,0,0,0,0,100,0,0,0,0,0,0,0,0,0,0,100,0,0,0,0,0,0,0,0,0,0,100,0,0,0,0,0,0,0,0.019802,0.17822,0.80198,0,0,1,0,0,0,0,1,0,0,0
0,0,0,0,0,97.433,0,0,2.5669,0,0,0,0,0,0,1.5163,97.433,0,0,0,1.0506,0,0,0,0,0,0,97.433,0,0,0,2.5669,0,0,0,0,0.11392,0.88608,0,0,1,0,0,0,0,1,0,0,0
0,0,0,0,0,100,0,0,0,0,0,0,0,0,0,0,100,0,0,0,0,0,0,0,0,0,0,100,0,0,0,0,0,0,0,0,0.18987,0.81013,0,0,1,0,0,0,0,1,0,0,0
0,0,0,0,0,100,0,0,0,0,0,0,0,0,0,0,100,0,0,0,0,0,0,0,0,0,0,100,0,0,0,0,0,0,0,0.10112,0.1236,0.77528,0,0,1,0,0,0,0,1,0,0,0
0,0,0,0,0,100,0,0,0,0,0,0,0,0,0,0,100,0,0,0,0,0,0,0,0,0,0,100,0,0,0,0,0,0,0,0.012987,0.22078,0.76623,0,0,1,0,0,0,0,1,0,0,0
0,0,0,0,0,100,0,0,0,0,0,0,0,0,0,0,100,0,0,0,0,0,0,0,0,0,0,100,0,0,0,0,0,0,0,0.032258,0.12903,0.83871,0,0,1,0,0,0,0,1,0,0,0
0,0,0,0,0,100,0,0,0,0,0,0,0,0,0,0,100,0,0,0,0,0,0,0,0,0,0,100,0,0,0,0,0,0,0,0,0.17949,0.82051,0,0,1,0,0,0,0,1,0,0,0
0,0,0,0,0,100,0,0,0,0,0,0,0,0,0,0,100,0,0,0,0,0,0,0,0,0,0,100,0,0,0,0,0,0,0,0.032258,0.29032,0.67742,0,0,1,0,0,0,0,1,0,0,0
0,0,0,0,0,100,0,0,0,0,0,0,0,0,0,0,100,0,0,0,0,0,0,0,0,0,0,100,0,0,0,0,0,0,0,0.3,0.2,0.5,0,0,1,0,0,0,0,1,0,0,0
0,0,0,0,0,100,0,0,0,0,0,0,0,0,0,0,100,0,0,0,0,0,0,0,0,0,0,100,0,0,0,0,0,0,0,0.015385,0.35385,0.63077,0,0,1,0,0,0,0,1,0,0,0
0,0,0,0,0,100,0,0,0,0,0,0,0,0,0,0,100,0,0,0,0,0,0,0,0,0,0,100,0,0,0,0,0,0,0,0.066667,0.11111,0.82222,0,0,1,0,0,0,0,1,0,0,0
0,0,0,0,0,100,0,0,0,0,0,0,0,0,0,0,100,0,0,0,0,0,0,0,0,0,0,100,0,0,0,0,0,0,0,0.076923,0.26923,0.65385,0,0,1,0,0,0,0,1,0,0,0
0,0,0,0,0,100,0,0,0,0,0,0,0,0,0,0,100,0,0,0,0,0,0,0,0,0,0,100,0,0,0,0,0,0,0,0.054054,0.21622,0.72973,0,0,1,0,0,0,0,1,0,0,0
0,0,17.081,0,0,81.629,0,0,1.2906,0,0,0.62838,0,0,1.2385,12.614,81.629,0,0,1.7037,0.70537,1.4814,0,0,0,0,0,81.629,0,0,0,3.4004,14.971,0,0,0,0.090909,0.90909,0,0,1,0,0,0,0,1,0,0,0
0,0,17.543,0,0,71.113,0,0,11.344,0,0,2.1824,0,0,7.68,7.68,71.113,0,0,0,9.1616,2.1824,0,0,0,0,0,71.113,0,0,0,15.709,13.178,0,0,0,0.088608,0.91139,0,0,1,0,0,0,0,1,0,0,0
0,0,13.359,0,0,81.281,0,0,5.3593,0,0,0.95821,0,0,2.9829,6.4257,81.281,0,0,0,0.95821,7.3935,0,0,0,0,0,81.281,0,0,0,13.711,5.0075,0,0,0,0.19697,0.80303,0,0,1,0,0,0,0,1,0,0,0
0,0,0,0,0,94.061,0,0,5.9388,0,0,0,0,0,0,2.5319,94.061,0,0,0,3.407,0,0,0,0,0,0,94.061,0,0,0,5.9388,0,0,0,0,0.15385,0.84615,0,0,1,0,0,0,0,1,0,0,0
