h1,h2,h3,h4,h5,h6,h7,h8,h9,h10,h11,h12,h13,h14,h15,h16,h17,h18,h19,h20,h21,h22,h23,h24,h25,h26,h27,h28,h29,h30,h31,h32,h33,h34,h35,h36,h37,h38,h39,h40,h41,h42,h43,h44,h45,h46,h47,h48,label
0,0,16.73,22.941,0,51.99,4.1696,0,4.1696,0,0,0,0,12.56,4.1696,6.1599,47.821,0,4.1696,12.56,4.1696,8.3905,0,0,4.1696,0,0,47.821,4.1696,8.3905,12.56,18.72,4.1696,1,0,0,0,0,0,0,1,0,0,0,0,1,0,0,0
5.198,1.0474,12.644,14.617,7.8688,36.952,9.1823,3.7296,4.777,3.9843,0,0,4.9818,3.374,6.0292,7.4976,24.472,9.1324,7.38,13.975,7.2928,15.865,3.7296,6.8718,14.38,2.5158,8.5066,21.79,9.3372,16.225,5.8898,7.3084,3.4456,0,1,0,0,0,0,0,0,1,0,0,0,0,1,0,0
7.7344,8.5852,16.088,0,3.8645,24.84,12.223,7.1431,14.832,4.6892,0,3.1318,2.253,2.1673,6.1151,5.8801,22.232,9.648,2.2901,9.3103,13.693,23.279,8.9339,17.103,17.434,4.9681,15.789,11.024,2.2028,4.7765,7.5706,6.6214,3.5769,0.78571,0.21429,0,0,0,0,0,0.78571,0.21429,0,0,0,1,0,0,0
4.3031,7.5741,14.888,0,3.4521,36,12.862,2.5883,8.2084,10.123,0,0.60092,5.9689,0.60092,11.589,17.914,13.226,5.6696,1.4874,6.1416,15.717,21.084,1.7018,20.133,15.201,10.7,14.748,14.546,2.2008,7.9336,10.373,1.339,1.1251,1,0,0,0,0,0,0,1,0,0,0,0,1,0,0,0
7.1736,6.6261,12.923,0,2.6632,20.732,24.233,1.2979,8.7769,15.574,0,2.2409,2.2816,3.2313,6.8867,10.829,9.9272,8.6106,3.7252,16.213,14.441,21.613,2.2409,10.246,30.042,9.8454,3.6132,5.7977,9.8101,3.6469,13.491,6.8755,4.3918,0.035714,0.96429,0,0,0,0,0,0.02381,0.97619,0,0,0,0.047619,0.95238,0,0
4.6714,4.5745,15.397,0,10.679,28.915,14.411,4.6274,7.6086,7.9486,1.1686,1.047,5.5814,2.5546,3.914,11.497,25.299,5.7183,5.2016,9.5492,9.9325,19.706,4.9362,15.116,15.898,9.2081,8.3027,15.428,4.8237,9.2439,10.348,3.6873,3.0079,0,1,0,0,0,0,0,0,1,0,0,0,0,1,0,0
4.67,18.319,11.352,0,4.6178,20.172,13.125,3.1881,19.94,4.6174,0,6.2931,0.55122,1.3165,6.3277,11.369,21.149,11.208,2.566,6.9602,5.5853,26.674,7.4263,15.266,15.232,10.773,8.9341,9.5294,2.8414,3.1142,6.2097,13.172,7.5025,0.71875,0.28125,0,0,0,0,0,0.6875,0.3125,0,0,0,0.6875,0.3125,0,0
3.2619,10.998,10.948,0,7.9803,37.192,9.9272,1.2977,9.3005,9.0944,0,3.5285,4.9153,3.6074,7.5473,12.81,25.946,6.559,1.4295,5.5551,11.171,16.931,4.9277,14.456,9.5584,6.5692,12.637,20.589,2.1916,9.3114,11.073,6.9229,1.764,0.010417,0.98958,0,0,0,0,0,0,1,0,0,0,0,1,0,0
2.924,3.6039,11.963,4.862,14.818,40.082,5.3377,2.0873,6.023,5.5321,2.7673,6.6018,7.7039,8.7289,1.0916,4.9622,40.083,8.6352,5.9462,7.048,3.8564,5.343,4.3419,10.056,3.9937,4.9894,5.5683,33.192,0,15.004,11.717,7.1438,3.9937,0,1,0,0,0,0,0,0,1,0,0,0,0,1,0,0
0,3.9898,7.6653,6.1486,11.71,47.656,1.9494,1.2953,13.791,3.7777,2.0168,9.2144,8.5431,5.6277,1.7845,5.9552,32.51,10.428,10.683,6.0403,0,9.2144,2.7474,6.2961,2.0168,3.9898,3.2683,26.353,12.703,15.593,11.519,7.6681,7.8452,0,1,0,0,0,0,0,0,1,0,0,0,0,1,0,0
2.4157,1.8126,5.4122,1.7243,16.15,53.817,5.6138,1.3743,4.857,6.0521,0.77119,2.5838,4.7405,5.9638,1.1691,4.5724,53.339,6.6355,5.3436,8.1093,2.0828,5.4601,4.2395,4.641,2.1455,3.5198,4.754,49.063,0,16.318,8.4678,4.706,2.1455,0.023529,0.97647,0,0,0,0,0,0,1,0,0,0,0,1,0,0
0,1.1228,5.1231,5.6981,12.818,58.684,3.1816,1.8274,6.1181,2.4769,2.9501,3.6204,8.5568,8.8072,1.8274,2.7291,52.659,2.4977,11.377,4.3043,0,3.6204,3.1816,5.8278,1.1228,1.1228,0,51.141,6.1681,15.136,6.9816,6.8209,2.4977,0,1,0,0,0,0,0,0,1,0,0,0,0,1,0,0
1.4363,7.5968,6.5945,0,2.8726,62.152,5.019,1.4363,11.317,1.5756,0,2.0071,1.5756,0,7.4421,14.704,50.476,3.4434,1.4363,1.4363,3.1512,14.329,2.0071,10.177,5.019,6.4553,8.7839,51.792,0,3.0119,3.0119,6.2979,3.4434,0.98182,0.018182,0,0,0,0,0,0.89091,0.10909,0,0,0,0.90909,0.090909,0,0
1.1477,5.6194,4.1865,0,4.4723,76.456,2.4727,1.1477,3.872,0.62535,0,0.69963,1.7138,1.0884,1.9503,18.474,59.245,4.7425,1.1477,1.1477,1.2507,8.5402,0.69963,5.5115,2.4727,6.5156,12.998,62.833,0,2.8615,2.8615,1.3993,1.8474,0.96471,0.035294,0,0,0,0,0,0.91765,0.082353,0,0,0,0.92941,0.070588,0,0
0,5.4392,0,0,0,91.538,0,0,3.0233,0,0,0,0,0,3.0233,21.734,59.427,7.3528,0,0,0,8.4625,0,0,0,5.4392,27.781,63.757,0,0,0,3.0233,0,1,0,0,0,0,0,0,1,0,0,0,0,1,0,0,0
0,1.306,0,0,0,97.133,0,0,1.5613,0,0,0,0,0,1.5613,11.374,76.746,7.4511,0,0,0,2.8673,0,0,0,1.306,8.9655,88.167,0,0,0,1.5613,0,1,0,0,0,0,0,0,1,0,0,0,0,1,0,0,0
0,0,3.0041,1.0063,5.002,88.741,0,0,2.2465,0,0,0,1.9978,3.0041,2.2465,2.4168,85.069,2.0126,0,1.0063,0,2.2465,0,3.0041,0,0,9.7526,78.988,0,3.0041,1.9978,3.2528,0,0.9881,0.011905,0,0,0,0,0,0.95238,0.047619,0,0,0,0.97619,0.02381,0,0
0,0,2.2663,2.6407,4.4614,90.632,0,0,0,0,0,0,0.91036,3.551,0,1.7886,88.397,2.7118,1.2848,1.3559,0,0,0,2.2663,0,0,5.5722,83.775,1.2848,3.551,0.91036,2.6407,0,1,0,0,0,0,0,0,0.96907,0.030928,0,0,0,1,0,0,0
0,0,0,0,0,94.115,0,0,5.8848,0,0,3.6978,0,0,0.79457,10.643,74.956,9.1139,0,0,0,0.79457,0,0,0,0,12.977,81.138,0,3.6978,0,0.79457,1.3924,1,0,0,0,0,0,0,1,0,0,0,0,1,0,0,0
0,0,1.7392,0,0.86961,90.124,0,0,6.3976,0.86961,0,4.7606,0.86961,0,0,7.0147,78.349,7.2672,0,0.86961,0,0.86961,0.86961,0.86961,0.86961,0,9.7499,79.504,0,5.6302,0,0,2.5066,1,0,0,0,0,0,0,1,0,0,0,0,1,0,0,0
0,0,0,0,0,93.508,0,0,6.492,0,0,6.492,0,0,0,21.2,65.816,6.492,0,0,0,0,0,0,0,0,21.632,71.876,0,6.492,0,0,0,1,0,0,0,0,0,0,1,0,0,0,0,1,0,0,0
1.6956,0,6.4588,0,1.5338,64.751,3.3913,1.6956,18.94,1.5338,0,14.302,1.5338,0,0,22.433,31.408,18.778,0,3.2294,0,8.3163,1.5338,3.2294,1.5338,5.0869,19.491,47.118,0,15.836,0,0,6.1713,1,0,0,0,0,0,0,1,0,0,0,0,1,0,0,0
0,0,0,0,0,75.456,0,0,18.772,5.7715,0,9.386,0,0,0,4.6907,60.038,20.114,0,0,0,5.7715,0,0,0,0,3.9711,71.485,0,15.158,0,0,9.386,1,0,0,0,0,0,0,1,0,0,0,0,1,0,0,0
0.82042,0,4.7506,0,1.5549,63.368,1.6408,0.82042,18.436,8.6086,0,12.937,1.5549,0,0,13.659,45.467,12.117,0,2.3753,0,11.89,1.5549,2.3753,1.5549,2.4613,19.845,43.609,0,21.546,0,0,7.0537,1,0,0,0,0,0,0,1,0,0,0,0,1,0,0,0
0,0,16.506,22.24,11.414,49.84,0,0,0,0,0,0,8.3875,5.4129,8.3875,3.0265,43.787,3.0265,8.759,8.4394,5.361,5.4129,0,0,0,0,0,43.787,6.053,19.853,10.774,13.8,5.7325,1,0,0,0,0,0,0,1,0,0,0,0,1,0,0,0
0,0,14.047,17.947,12.702,49.662,2.8212,0,2.8212,0,0,0,7.0417,2.8212,11.089,9.6795,34.294,5.6605,15.505,8.4817,4.2023,1.2257,0,0,2.8212,0,0,34.294,15.368,18.363,5.4281,15.108,8.6187,0.64103,0.25641,0.10256,0,0,0,0,0.60684,0.31624,0.076923,0,0,0.64103,0.35897,0,0
0,0,17.7,20.545,4.4782,57.277,0,0,0,0,0,0,4.2725,1.7502,5.6948,14.547,49.343,2.2391,5.6948,3.9893,7.2636,5.2058,0,0,0,0,0,47.31,9.9673,8.4675,9.2726,24.983,0,0.60274,0.19178,0.20548,0,0,0,0,0.60274,0.29452,0.10274,0,0,0.60274,0.39726,0,0
0,0,17.245,18.58,3.2454,52.845,3.3081,0,3.3081,0,1.4685,0,1.7768,9.0001,8.2444,2.2597,46.378,1.4685,6.4675,9.0001,5.0849,10.32,0,0,3.3081,0,0,44.909,7.9361,8.9374,15.405,16.196,3.3081,0,0.72477,0.27523,0,0,0,0,0,0.73394,0.26606,0,0,0,1,0,0
0,0,6.8974,17.882,15.125,55.325,0,0,0,0,4.7703,0,9.0994,1.4085,6.7443,5.9657,48.104,8.3808,3.6105,5.019,5.4889,6.1788,0,0,0,0,0,38.829,16.496,20.144,14.023,10.508,0,0,1,0,0,0,0,0,0,1,0,0,0,0,1,0,0
0,0,18.893,24.704,5.15,51.253,0,0,0,0,0,0,14.927,0,5.15,13.743,49.27,0,0,0,10.3,6.6096,0,0,0,0,0,48.086,3.1673,5.15,24.704,18.893,0,0.88356,0.075342,0.041096,0,0,0,0,0.88356,0.10274,0.013699,0,0,0.88356,0.11644,0,0
0,0,27.621,15.233,0,55.072,0,2.0736,0,0,0,2.0736,1.8337,0,0,25.008,47.463,2.0736,2.0736,0,17.4,2.0736,0,2.0736,0,0,0,51.165,3.9074,0,13.159,29.695,0,0.66667,0.15646,0.17687,0,0,0,0,0.66667,0.2381,0.095238,0,0,0.66667,0.33333,0,0
0,0,19.619,8.7254,2.1448,67.762,1.7489,0,0,0,0,0,5.8143,0,4.8842,11.342,62.008,0,2.7394,0,8.552,4.66,0,0,0,1.7489,0,61.487,6.2746,2.1448,8.7254,19.619,0,0,0.90909,0.090909,0,0,0,0,0,0.90909,0.090909,0,0,0,1,0,0
0,0,10.396,19.053,1.2251,60.901,5.0758,3.3498,0,0,0,4.5749,10.19,0,0,12.617,56.651,3.3498,2.1247,0,4.9062,5.5861,0,4.5749,1.2251,3.8507,0,51.591,8.0842,1.2251,16.928,12.52,0,0,0.95349,0.046512,0,0,0,0,0,0.95349,0.046512,0,0,0,1,0,0
0,0,15.954,14.2,0,42.617,14.495,1.4808,3.3255,1.4808,6.4458,6.9109,1.4808,0,0,23.009,36.586,4.9289,1.4808,1.4808,11.389,12.733,8.0492,4.4425,9.5301,11.375,14.459,18.286,4.9436,5.3075,9.9086,10.114,3.5854,0.94118,0.058824,0,0,0,0,0,1,0,0,0,0,1,0,0,0
0,0.85931,13.883,22.477,0,39.122,8.0828,7.3864,4.4518,1.7255,2.0118,10.973,1.7186,0.86624,0,18.61,27.328,13.016,5.4733,2.7332,9.1662,10.116,3.2916,3.5925,4.1509,7.7896,12.817,17.192,6.1075,8.8338,14.498,10.606,11.121,1,0,0,0,0,0,0,1,0,0,0,0,1,0,0,0
0,3.5097,6.3835,25.301,0.69557,41.054,3.2833,3.3754,11.108,3.4081,1.8809,13.899,5.7461,4.776,1.8577,9.433,30.675,12.43,5.4947,1.8809,1.4018,12.406,4.8455,3.0663,2.611,7.1275,10.492,16.595,5.8472,9.5785,11.935,18.93,8.9724,0.93578,0.06422,0,0,0,0,0,1,0,0,0,0,1,0,0,0
0,3.4026,7.0827,20.411,0,51.886,3.6801,5.4098,6.6046,1.5229,0,9.2378,0,1.5229,3.4026,12.505,34.978,14.378,7.7655,1.42,2.5699,12.22,4.5129,4.8226,1.1102,8.8648,12.815,24.805,6.4485,8.1275,8.5586,15.985,3.9501,0.086614,0.070866,0.015748,0.82677,0,0,0,1,0,0,0,0,1,0,0,0
0,2.992,6.5881,20.552,0,39.991,0.76959,11.35,16.071,1.6865,0,13.879,4.4522,2.4561,3.9088,7.6464,31.173,11.106,6.664,4.2921,1.7624,12.66,5.9992,4.0584,3.3729,2.7272,12.119,20.337,3.2152,7.2425,12.193,12.492,16.244,0.073826,0.43624,0.22148,0.26846,0,0,0,0.59732,0.40268,0,0,0,0.5302,0.4698,0,1
4.5834,4.8737,11.465,0,6.7844,30.779,19.734,3.7911,5.0624,6.384,6.5436,2.4264,1.0703,1.7379,2.8291,16.107,26.151,10.7,0.80487,5.5024,14.366,18.305,8.3928,6.5144,13.328,10.997,12.566,15.647,2.6179,7.0498,16.416,4.9794,1.4934,0,0.97525,0.024752,0,0,0,0,0,1,0,0,0,0,1,0,0
0.98092,0.98092,22.263,3.1447,4.0449,41.488,8.3302,9.9742,1.0206,5.6902,2.083,3.105,3.7283,0.98092,0,10.577,23.021,17.68,3.7283,4.7093,15.664,16.806,2.0844,11.185,4.8318,8.3699,14.183,15.641,9.5397,5.0655,15,12.996,1.1034,0,0.39655,0.2069,0.39655,0,0,0,0.51724,0.48276,0,0,0,0.60345,0.39655,0,0
0,0,16.18,9.1278,3.7698,57.804,6.1656,1.9349,0,1.9349,3.0828,0,3.8198,0,7.2429,8.0505,46.741,1.8849,9.1778,3.8198,6.9526,12.311,3.0828,5.8047,5.0177,3.0828,5.0177,35.662,17.124,5.6547,10.376,9.1778,0,0.10294,0,0.30882,0.42647,0.16176,0,0,0.95588,0.044118,0,0,0,0.98529,0.014706,0,0
0,4.5201,14.015,12.561,3.7678,30.971,6.9306,4.9165,13.336,4.3883,4.5939,11.996,7.5207,1.9498,0.69387,11.274,22.587,11.88,7.247,5.8177,4.6181,14.416,3.4113,7.6941,4.5939,10.548,10.275,16.394,1.0989,15.07,10.436,12.695,7.7838,0.014085,0.42254,0.1831,0.38028,0,0,0,0.52113,0.47887,0,0,0,0.60563,0.39437,0,0
0,2.0879,4.7636,14.543,9.8902,49.445,7.6831,4.3793,3.5841,1.5325,2.0908,6.9091,5.0773,8.506,3.1348,13.429,33.459,8.9665,10.828,5.7963,0,3.8933,7.6831,4.9829,3.0158,6.074,11.378,30.098,2.2042,13.376,4.8654,9.239,7.0829,0,1,0,0,0,0,0,0,1,0,0,0,0,1,0,0
2.4117,2.4117,11.611,28.173,2.4117,25.189,0,6.1999,7.5764,14.016,0,19.427,0,5.2766,3.7882,12.774,27.735,1.4884,6.3117,6.1999,4.0343,12.965,3.7882,2.4117,16.316,0,0,16.69,7.0111,14.134,24.815,7.0111,7.8225,0,0,0.012821,0.98718,0,0,0,1,0,0,0,0,0.99359,0.0064103,0,0
4.1782,4.4132,5.8595,10.587,1.366,51.356,0,4.6519,13.089,4.498,0,5.9443,3.2859,7.9073,3.0473,3.1081,43.449,11.193,7.169,1.366,0,13.53,3.0473,4.4132,3.1081,0,0,25.007,5.827,9.7463,17.081,18.681,13.089,0.0074074,0.80741,0.18519,0,0,0,0,0.26667,0.73333,0,0,0,0.037037,0.96296,0,1
13.202,15.105,10.434,1.5729,10.509,21.865,0,12.082,3.1459,12.082,0,5.8386,0,1.5729,6.1686,10.509,21.865,0,25.615,12.082,0,16.348,6.1686,15.105,13.655,0,0,14.577,4.5957,27.977,13.655,2.6928,1.5729,0,0,0.014925,0.98507,0,0,0,1,0,0,0,0,1,0,0,0
3.5416,1.8973,11.097,12.72,5.9719,48.044,0,1.336,2.6719,12.72,0,23.57,0,4.3219,3.2333,14.37,42.072,0,4.8833,1.336,0,6.2135,3.2333,1.8973,14.056,0,8.9578,33.647,1.8973,11.405,17.042,6.5276,1.336,0,1,0,0,0,0,0,1,0,0,0,0,1,0,0,1
0,0,10.324,9.9561,4.4455,66.376,4.4532,0,0,0,4.4455,0,8.1309,0,2.6006,7.7231,61.753,4.4455,2.6006,0,5.7004,7.0461,0,0,0,4.4532,0,55.652,10.724,4.4455,14.402,10.324,0,0,0,0.16667,0.66667,0.16667,0,0,0.9697,0.030303,0,0,0,1,0,0,0
0,0,12.482,8.0532,5.8017,62.06,4.2256,5.8017,1.5761,0,0,5.299,4.8147,1.5761,3.1522,9.3297,61.378,2.6495,4.7283,0,5.4961,1.5761,1.5761,10.027,2.6495,3.1522,0,51.029,8.3809,4.2256,4.901,14.058,0,0,0,0.13846,0.69231,0.16923,0,0,0.96923,0.030769,0,0,0,1,0,0,0
0,0,14.439,35.248,0,44.072,0,6.2407,0,0,0,10.103,5.2833,0,1.7646,23.391,31.59,6.2407,4.4761,0,1.7646,15.386,0,4.4761,1.7646,0,0,39.595,4.4761,0,32.537,17.151,0,0.79882,0.10651,0.094675,0,0,0,0,0.79882,0.15976,0.04142,0,0,0.79882,0.20118,0,0
0,0,17.803,25.566,0,51.984,0,4.6475,0,0,0,4.5022,0,0,2.8717,26.807,37.236,7.3739,1.7758,0,14.931,4.5022,0,1.7758,2.8717,0,0,47.482,4.5022,0,17.833,16.707,8.8291,0.72455,0.14371,0.13174,0,0,0,0,0.71856,0.20958,0.071856,0,0,0.72455,0.27545,0,0
0,0,18.684,14.906,3.9236,52.607,3.1396,5.9554,0.784,0,0,6.4764,3.725,0.784,3.5998,17.116,47.902,4.3874,2.352,0,8.9519,4.7062,0.784,7.0632,4.3874,1.568,0,47.896,2.3556,3.1396,15.37,17.436,0,0,0.85593,0.14407,0,0,0,0,0,0.85593,0.14407,0,0,0,1,0,0
1.6654,0,4.8722,24.04,4.6597,50.414,4.5622,8.0231,1.7629,0,0,14.151,2.5468,1.2623,2.6443,14.801,38.036,6.6367,5.5293,1.6654,3.5857,9.1412,6.3559,6.2294,6.3251,1.6654,0,37.953,7.0176,2.1129,20.3,8.7362,3.3042,0,0.97872,0.021277,0,0,0,0,0,0.97872,0.021277,0,0,0,1,0,0
0,0,15.424,38.776,0,45.8,0,0,0,0,0,18.067,0,0,0,14.184,43.528,6.1543,0,0,1.7558,16.311,0,0,0,0,0,41.401,4.3984,0,34.378,15.424,4.3984,0.91156,0.088435,0,0,0,0,0,0.87755,0.12245,0,0,0,0.91837,0.081633,0,0
0,0,17.309,30.18,0,52.511,0,0,0,0,0,11.638,0,0,0,12.886,49.799,7.7522,0,0,13.741,4.1843,0,0,0,0,0,46.555,5.9557,0,19.707,19.081,8.7012,0.42361,0.48611,0.090278,0,0,0,0,0.39583,0.51389,0.090278,0,0,0.49306,0.50694,0,0
0,0,19.744,17.919,0,58.132,0,4.2051,0,0,0,7.9103,0,1.9682,2.2369,11.79,56.351,4.8674,0,0,9.5964,5.2799,1.9682,0,2.2369,0,0,56.164,1.9682,0,15.427,17.507,4.729,0,0.75728,0.24272,0,0,0,0,0,0.75728,0.24272,0,0,0,1,0,0
0,0,7.2833,26.335,0,65.255,0,1.1268,0,0,0,9.9427,0,1.1268,0,11.805,60.733,4.5545,0,0,3.2871,8.5507,1.1268,0,0,0,0,53.771,11.484,0,19.885,9.1972,4.5357,0,0.96154,0.038462,0,0,0,0,0,0.96154,0.038462,0,0,0,1,0,0
11.425,0.70285,11.033,9.1627,9.0159,31.51,6.0187,10.63,9.401,1.1011,0,15.861,5.701,6.6235,4.3108,7.1974,26.16,9.682,7.3617,3.0003,6.1331,7.9695,14.252,8.6723,10.333,2.3925,3.9111,20.918,8.676,4.5371,8.5838,12.049,5.6746,0,0.77778,0.083333,0.13889,0,0,0,1,0,0,0,0,1,0,0,1
11.853,0,4.8682,3.1219,1.7462,70.05,0,0,6.6144,1.7462,0,12.858,1.7462,0,3.4925,1.7462,67.298,4.8682,1.7462,3.1219,3.1219,0,7.9901,0,0,4.8682,3.4925,63.806,4.8682,1.7462,6.6144,4.8682,1.7462,0.41379,0.2069,0,0.37931,0,0,0,1,0,0,0,0,1,0,0,0
16.97,0,0,0,0,83.03,0,0,0,0,0,16.97,0,0,0,0,83.03,0,0,0,0,0,0,0,0,0,0,66.059,0,0,0,16.97,16.97,0.32432,0.081081,0.027027,0.56757,0,0,0,1,0,0,0,0,1,0,0,0
0.91906,0,10.615,19.095,9.5768,33.052,7.7811,11.665,7.2969,0,0,6.3973,9.709,3.4681,9.5458,9.3625,28.887,5.7577,13.859,1.6999,5.0209,6.2931,7.8841,12.608,5.3794,7.9121,0,26.965,2.9973,4.7193,11.43,18.308,1.7969,0,0.53731,0.20896,0.1791,0.074627,0,0,0.59701,0.40299,0,0,0,0.64179,0.35821,0,0
1.5203,0.3481,8.9181,15.76,10.373,30.551,7.1374,8.5336,16.859,0,0,9.1729,9.4431,2.1022,9.8532,4.7999,30.265,9.5726,9.9034,4.426,7.3711,3.0906,11.195,11.908,10.706,1.5813,0,16.33,7.8868,6.9482,9.6524,16.978,6.8143,0,0.13333,0.6,0.26667,0,0,0,0.98095,0.019048,0,0,0,1,0,0,1
3.2721,0.54501,15.813,19.42,9.3415,20.261,4.1232,8.7965,18.428,0,0,4.706,14.091,3.8979,12.384,3.7487,24.433,6.7344,13.266,5.3985,5.6771,5.6632,19.25,11.879,10.814,3.6783,0,6.2838,11.734,4.978,7.7591,16.391,7.2315,0,0.76562,0.23438,0,0,0,0,0.96875,0.03125,0,0,0,0.98438,0.015625,0,1
2.247,0,11.725,15.809,9.7439,33.496,4.5465,12.809,9.6236,0,0,11.808,5.7337,6.0344,7.8051,7.609,27.108,10.585,8.8983,2.7134,6.3187,5.3858,14.813,9.0487,9.8055,2.5944,0.58161,22.332,9.0879,5.8958,9.4251,13.92,2.4965,0.015873,0.047619,0.26984,0.50794,0.15873,0,0,0.96825,0.031746,0,0,0,1,0,0,1
6.3894,0.53623,11.624,11.014,8.2176,32.978,6.1639,8.5279,14.254,0.29372,0,12.32,10.024,2.9711,8.0099,4.6394,28.79,8.1951,7.7235,6.0187,7.7169,3.5915,15.436,7.8207,11.773,5.1533,1.1707,17.471,8.5462,4.3377,10.687,12.637,4.9679,0,0.47143,0.25714,0.27143,0,0,0,1,0,0,0,0,1,0,0,1
2.4074,0.41668,16.193,15.205,10.154,23.389,8.097,8.6719,15.466,0,0,6.1227,12.647,5.2676,8.2098,4.6673,24.715,7.9937,10.838,4.6873,9.0488,5.8027,12.828,14.156,10.095,4.4136,0,10.771,9.3728,6.2402,8.8207,18.402,4.9015,0,0.84,0.08,0.08,0,0,0,1,0,0,0,0,1,0,0,1
4.9213,1.4221,14.275,21.326,7.7359,21.669,2.9461,6.0996,19.606,0,0,7.3566,13.76,3.5923,13.472,2.362,21.225,5.6547,9.0975,6.9007,9.962,6.617,25.306,9.2363,9.525,1.8501,0.30976,6.9918,12.213,3.3785,6.879,18.55,5.7604,0.054054,0.39189,0.27027,0.28378,0,0,0,1,0,0,0,0,0.94595,0.054054,0,0
5.3665,0.51594,20.092,10.256,29.267,25.079,1.9801,1.9801,3.0287,2.435,0,13.049,1.5144,9.2403,8.8639,10.624,21.898,4.4151,17.566,3.9327,6.9171,1.9801,5.4746,2.4685,0.51594,4.4151,16.789,0.99842,0.99842,15.558,17.507,27.51,7.7648,0.23077,0.73077,0.019231,0.019231,0,0,0,1,0,0,0,0,0.98077,0.019231,0,1
9.6462,8.0226,10.648,13.436,24.384,25.062,1.1523,3.9105,0,3.7386,0,7.397,5.2644,13.133,16.74,8.7973,18.966,2.1326,15.656,4.8908,3.113,3.9105,2.3045,3.7386,8.0226,2.1326,10.323,0,0,30.125,17.175,17.176,9.003,0.025641,0.25641,0.20513,0.51282,0,0,0,0.84615,0.15385,0,0,0,0.84615,0.15385,0,0
3.4268,2.0336,17.485,19.69,8.8758,16.841,4.3525,4.8683,22.426,0,0,3.9378,17.497,4.8239,14.988,3.5344,19.471,5.9201,6.3553,5.4008,13.08,4.9903,21.088,9.0249,10.891,1.48,0,2.4453,12.164,5.0215,8.9508,23.031,5.9033,0,0.76364,0.2,0.036364,0,0,0,0.54545,0.45455,0,0,0,0.6,0.4,0,1
4.2698,2.439,14.686,15.37,32.105,20.457,3.0783,1.8003,0.58802,5.2068,0,11.684,2.733,11.222,9.391,7.4841,19.548,7.3679,8.7917,7.1717,12.445,2.1611,3.8947,4.9128,2.439,8.6459,8.5266,2.5564,0.29401,17.06,21.843,20.21,9.6176,0.070175,0.52632,0.21053,0.19298,0,0,0,1,0,0,0,0,0.75439,0.24561,0,1
9.7781,1.4021,11.593,8.2474,12.965,40.669,3.1086,7.5695,3.7469,0.92024,0,10.432,1.9433,4.6149,6.6911,2.8778,39.313,6.5347,7.9942,7.9531,7.2153,4.4307,12.102,3.1819,2.7242,5.9163,6.8389,30.592,2.5214,6.78,7.9885,16.529,4.8252,0,0.8125,0.083333,0.10417,0,0,0,0.20833,0.79167,0,0,0,0.25,0.75,0,0
10.195,2.0032,8.4362,12.345,30.43,27.643,1.9905,0.55767,1.8239,4.575,0,9.1808,2.9152,11.282,10.276,8.4362,29.652,5.4437,8.4088,4.7816,8.7556,0.86871,1.4696,3.663,2.0032,7.4342,11.927,8.6048,0.91197,17.213,18.677,21.901,6.1949,0.055556,0.9,0.044444,0,0,0,0,0.98889,0.011111,0,0,0,0.91111,0.088889,0,1
0.23831,1.2443,21.021,9.4832,10.018,18.204,6.2188,6.8066,26.766,0,0,3.7634,12.456,5.3849,9.6114,7.0496,22.491,11.834,11.345,4.6568,9.8978,1.5093,6.4909,12.669,12.584,1.3162,0,5.0145,10.167,6.6866,11.983,21.161,11.928,0.018182,0.74545,0.23636,0,0,0,0,0.72727,0.27273,0,0,0,0.67273,0.32727,0,1
9.1696,1.9255,19.558,10.223,27.64,21.743,4.2361,3.0112,2.0648,0.42894,0,6.9772,2.6562,9.4753,14.449,6.6081,23.198,3.8927,21.429,3.3973,4.4534,3.4638,7.0548,0.30174,1.9255,5.1176,11.068,3.3797,0.73067,19.825,11.974,33.602,5.0206,0.086957,0.43478,0.086957,0.3913,0,0,0,1,0,0,0,0,1,0,0,1
3.2048,0,6.4664,11.619,2.826,62.922,3.6152,7.6005,0.67891,0,1.0676,8.4236,1.4681,1.3578,1.3011,12.942,49.169,7.8462,2.826,3.2048,4.7014,6.76,6.7097,4.5627,6.653,1.4681,1.7367,54.647,6.0173,1.7465,9.0961,5.1653,2.1974,0,1,0,0,0,0,0,0,1,0,0,0,0,1,0,0
9.6706,0,6.864,4.5532,4.2101,55.701,3.1331,6.8463,6.2859,0.99945,1.736,12.082,3.2216,4.1602,1.9989,6.0543,51.349,6.1418,3.4879,4.6734,4.3426,2.4884,12.731,2.4884,4.5775,3.7645,3.9072,45.125,8.8881,4.313,7.0637,5.4196,1.7216,0,0.97619,0.015873,0.0079365,0,0,0,0.039683,0.96032,0,0,0,0.047619,0.95238,0,0
0.90648,0,6.3226,7.2753,0,77.276,0,4.972,0,0,3.2473,5.8651,0,2.1783,0.98079,4.4056,76.044,4.81,0,0.90648,2.6709,2.1391,3.0847,0.90648,0.90648,1.9616,0.90648,70.138,8.1187,2.2665,5.1362,6.5744,0,0.4507,0.5493,0,0,0,0,0,0.29577,0.70423,0,0,0,0.3662,0.6338,0,0
5.6817,0,2.0381,2.6191,0,70.55,0,7.7765,1.9391,0,9.3953,4.0762,0,1.0497,3.8441,5.1379,70.191,5.4612,2.709,4.9118,0,2.6191,4.0223,1.7161,1.7161,4.0762,3.8757,66.63,8.6673,3.7451,0,4.6481,0.90301,1,0,0,0,0,0,0,0.88421,0.11579,0,0,0,1,0,0,0
16.863,0,6.0387,2.2884,5.9824,47.359,2.401,3.7576,7.9031,2.7623,4.645,6.3438,2.7623,0,7.9257,5.2103,49.719,9.011,8.0895,4.6668,2.401,3.8703,5.8698,1.4693,1.4693,6.7452,8.5758,45.777,4.0503,6.9385,6.3438,9.1799,3.5814,0,1,0,0,0,0,0,0,1,0,0,0,0,1,0,0
8.0601,0,8.8397,4.1867,14.83,47.476,7.2097,3.3776,2.1693,2.0403,1.8102,4.633,1.0847,3.258,7.868,2.8077,53.981,3.5483,10.488,5.8682,4.9543,1.508,5.9702,0.95567,0,9.25,9.7646,40.028,2.8948,6.6179,7.3117,13.659,3.5483,0.0082645,0.99174,0,0,0,0,0,0.07438,0.92562,0,0,0,0.033058,0.96694,0,0
11.064,0,7.8425,3.8089,0,48.232,0,3.2373,4.1783,2.8498,18.787,4.543,0,0,7.1038,5.3066,54.399,7.6178,12.012,3.7513,0,5.266,5.1441,2.7855,1.3928,6.0001,4.7747,50.648,7.6249,6.33,0,12.884,2.4161,1,0,0,0,0,0,0,0.92308,0.076923,0,0,0,1,0,0,0
8.5472,0,0,0.70699,1.7191,69.512,5.3558,2.3229,2.1661,3.2615,6.4081,0.87736,0.87736,0,4.387,0.70699,69.732,5.2992,7.1016,3.6117,1.7191,5.6877,1.4456,0,0,9.4591,5.1256,67.246,1.414,3.5801,0,10.145,1.5843,1,0,0,0,0,0,0,0.83099,0.16901,0,0,0,1,0,0,0
0,0,15.04,32.404,0,52.555,0,0,0,0,0,15.815,0,0,0,5.236,56.449,6.6852,0,0,2.9554,12.86,0,0,0,0,0,45.095,7.4597,0,25.581,21.864,0,0.76074,0.19018,0.04908,0,0,0,0,0.72393,0.22699,0.04908,0,0,0.77914,0.22086,0,0
0,0,17.145,34.569,0,48.286,0,0,0,0,0,12.488,0,6.087,0,5.5534,45.49,15.901,0,0,10.947,3.5332,0,0,0,0,0,41.219,7.0665,0,20.799,20.65,10.265,0.80451,0.18045,0.015038,0,0,0,0,0.77444,0.21053,0.015038,0,0,0.83459,0.16541,0,0
0,0,15.811,18.641,0,65.549,0,0,0,0,0,11.484,0,0,0,3.6512,69.054,4.327,0,0,7.9899,3.4939,0,0,0,0,0,61.529,4.0192,0,19.545,14.906,0,0,0.86607,0.13393,0,0,0,0,0,0.86607,0.13393,0,0,0,1,0,0
0,0,8.6525,25.922,0,65.425,0,0,0,0,0,7.5742,0,2.8199,0,5.1338,60.791,13.287,0,0,3.3849,7.0092,0,0,0,0,0,52.243,13.183,0,11.332,17.031,6.2121,0,0.975,0.025,0,0,0,0,0,0.975,0.025,0,0,0,1,0,0
0,0,7.9362,32.946,0,59.118,0,0,0,0,0,4.1203,0,12.525,0,8.1517,45.297,17.371,0,0,3.0113,9.5233,0,0,0,0,0,43.121,15.996,0,5.4947,22.058,13.33,0.21667,0.64167,0.14167,0,0,0,0,0.19167,0.66667,0.14167,0,0,0.325,0.675,0,0
0,0,21.328,37.313,0,41.359,0,0,0,0,0,12.687,0,3.9794,0,3.9794,37.447,25.24,0,0,8.6408,8.0258,0,0,0,0,0,33.4,7.9588,0,12.687,33.333,12.62,0.96,0.04,0,0,0,0,0,0.94,0.06,0,0,0,0.95,0.05,0,0
0,0,23.35,20.368,0,56.282,0,0,0,0,0,9.8659,0,2.59,0,1.9536,52.253,20.115,0,0,11.941,1.2811,0,0,0,0,0,51.382,4.8996,0,11.819,21.134,10.764,0,0.86022,0.13978,0,0,0,0,0,0.86022,0.13978,0,0,0,1,0,0
0,0,7.4364,15.562,0,75.953,0,0,1.048,0,0,1.878,0,3.9355,0,4.9835,68.082,15.307,0,0,1.878,3.9355,1.048,0,0,0,1.048,63.354,11.551,0,1.878,11.627,9.4938,0,1,0,0,0,0,0,0,1,0,0,0,0,1,0,0
0,0,6.9651,10.32,0,77.887,0,1.8594,0,0,2.9685,8.8606,0,0,1.8594,7.5663,71.43,5.1419,0,0,2.5529,2.589,0,0,0,3.7187,0,70.259,9.4878,1.1092,9.1487,6.2771,0,0.48,0.52,0,0,0,0,0,0.34667,0.65333,0,0,0,0.37333,0.62667,0,0
6.4875,0,5.9206,5.6289,1.1026,56.342,2.4147,4.8293,5.2479,0.96361,11.063,5.654,0,0,6.0935,5.1943,60.077,8.1021,6.139,2.0086,1.1026,5.6289,1.9272,6.7566,3.5879,4.1323,2.6697,54.767,5.6483,7.8373,0,11.316,1.3576,1,0,0,0,0,0,0,1,0,0,0,0,1,0,0,0
1.9109,0,8.2122,2.1554,0,75.98,1.9109,5.2323,3.1881,0,1.4105,8.7982,0,0,3.3214,3.4326,75.735,6.5571,0,0,2.1554,0,1.2772,3.8217,3.8217,2.8211,3.1881,69.421,6.6916,0,4.3108,2.1554,2.4909,0.81176,0.18824,0,0,0,0,0,0.70588,0.29412,0,0,0,0.72941,0.27059,0,0
4.0176,0,9.2803,8.8272,5.9349,48.409,4.5448,8.3667,3.8195,0.60754,6.1929,7.1476,2.4584,0,5.1842,5.8984,47.495,8.4049,11.284,0.60754,1.9765,9.5432,4.7991,8.4977,3.066,10.931,4.3743,39.69,4.1496,8.5334,0.73864,13.861,1.3586,1,0,0,0,0,0,0,1,0,0,0,0,1,0,0,0
2.7125,0,17.769,8.9383,3.311,38.163,2.3558,4.4748,12.503,3.9676,5.8048,11.13,0.62302,0.86772,5.73,6.3413,41.638,10.712,9.0769,5.1239,1.1973,7.5595,5.9759,10.687,4.6819,11.369,0.53549,35.181,3.0522,7.2609,0.86772,19.521,0.86772,0.94286,0.057143,0,0,0,0,0,1,0,0,0,0,1,0,0,0
3.824,0,5.4331,4.5249,1.0818,58.584,3.5212,2.2068,6.0176,1.0866,13.72,5.4618,2.2068,1.0818,3.636,3.4431,62.259,7.4804,9.307,2.7626,0,2.3613,2.1732,2.1732,1.0866,3.4877,1.2747,57.695,6.9458,5.3071,1.0818,14.212,4.5632,1,0,0,0,0,0,0,1,0,0,0,0,1,0,0,0
10.504,0,4.7846,13.744,7.9074,29.196,3.1772,5.2125,4.0473,0.72515,20.702,6.9181,1.4814,2.2633,7.8062,9.5036,30.722,11.517,18.079,1.0691,1.5803,9.0605,1.0001,6.6541,2.3118,5.4295,3.3093,23.099,10.057,15.446,2.9637,24.872,4.8577,0.81905,0.18095,0,0,0,0,0,1,0,0,0,0,1,0,0,1
4.2824,0,19.256,11.807,13.685,24.263,5.1094,3.6777,7.3144,2.9809,7.6238,8.1298,4.3392,0.69505,5.0692,16.739,17.809,9.6345,22.677,2.9551,1.9996,9.952,7.5203,14.578,5.9042,8.3843,1.2866,11.237,7.7827,15.265,3.161,24.128,0.75232,0.055556,0.94444,0,0,0,0,0,1,0,0,0,0,1,0,0,1
4.2282,0,13.273,8.7869,11.322,32.097,5.1673,5.5207,7.7513,1.495,10.359,10.168,4.2485,1.7895,5.4131,14.291,26.466,10.298,19.812,2.0486,0.55357,4.9119,5.9771,12.343,7.7455,6.2694,3.8006,18.219,8.0489,11.983,3.6306,19.763,2.2194,0.060976,0.93902,0,0,0,0,0,1,0,0,0,0,1,0,0,1
4.4503,0,11.508,16.383,12.815,27.727,4.6128,8.264,7.4078,1.0705,5.7615,11.175,2.1523,3.8218,5.0308,9.2622,25.776,12.248,13.129,2.071,3.4414,11.892,6.1508,10.254,3.301,8.8066,2.4973,12.255,6.8455,14.399,6.6799,25.5,3.3113,0,1,0,0,0,0,0,1,0,0,0,0,1,0,0,1
0.65539,0,6.9815,9.5209,20.897,40.273,7.1132,7.1755,4.1766,0.46418,2.7421,6.4884,8.1523,4.9621,1.891,15.809,17.755,8.9049,20.745,3.9913,4.1825,7.1189,9.144,11.72,5.1108,6.4308,2.9727,9.5518,7.0621,17.47,12.174,16.929,1.435,0.29167,0.70833,0,0,0,0,0,1,0,0,0,0,1,0,0,1
0.65237,0,8.8743,9.5153,0,76.516,0.65237,1.3047,2.4848,0,0,3.6706,0,2.0368,0.65237,5.196,67.626,12.273,0,0,6.5084,2.0368,1.8324,1.3047,1.3047,0,2.4848,66.468,8.2162,0,3.6927,11.621,3.0758,0.51429,0.48571,0,0,0,0,0,0.35714,0.64286,0,0,0,0.38571,0.61429,0,0
1.2862,0,4.4047,0.60184,1.8055,79.21,3.8644,6.9391,1.888,0,0,3.776,1.8909,0,1.2862,0.60184,75.478,9.4388,3.7819,0,1.2536,2.4928,2.4928,5.0482,5.0482,4.4691,6.7749,65.467,3.201,1.2037,0.60184,3.7464,1.9474,1,0,0,0,0,0,0,1,0,0,0,0,1,0,0,0
0,0,6.6384,0,0,91.532,0,0,1.8295,0,0,0,0,0,0,1.8295,86.748,6.6384,0,0,4.7844,0,1.8295,0,0,0,6.1545,78.739,6.6384,0,0,4.7844,1.854,1,0,0,0,0,0,0,0.90541,0.094595,0,0,0,0.91892,0.081081,0,0
0,0,0,0,0,92.972,1.4931,3.8134,1.7216,0,0,0,0.74657,0,0.65763,2.3792,87.186,5.476,1.4931,0.65763,0,1.4042,3.7834,3.0668,2.4092,2.8973,3.2147,83.882,0,0,0,0.74657,0,1,0,0,0,0,0,0,1,0,0,0,0,1,0,0,0
1.451,0,5.8994,5.9785,12.311,55.65,3.615,10.63,3.9574,0,0.5084,7.2717,4.7474,0.92902,3.2748,9.7304,41.264,10.258,10.539,2.0263,1.535,8.4241,9.888,9.7984,6.0517,5.4256,5.6592,34.685,3.0419,10.664,6.2367,8.5488,0,0.98718,0.012821,0,0,0,0,0,1,0,0,0,0,1,0,0,0
0,0,1.0136,5.5702,8.2616,63.322,7.0593,14.266,0.50679,0,0,4.3882,8.5746,0.55926,3.3746,5.0031,42.339,15.797,10.403,0.55926,0.55926,8.4431,7.3957,10.106,9.5463,7.8484,5.9947,35.581,2.2481,8.8844,10.063,2.3322,0,1,0,0,0,0,0,0,1,0,0,0,0,1,0,0,0
1.3598,0,5.7995,7.1652,15.545,49.708,8.4823,7.6526,2.4489,0.3135,1.5246,4.8727,6.3705,3.4712,2.7796,13.92,28.765,8.59,16.798,3.7506,3.7434,6.9392,8.615,11.1,4.7212,7.8686,4.1948,18.697,7.3449,13.939,9.2353,13.724,0.55966,0.24444,0.75556,0,0,0,0,0,1,0,0,0,0,1,0,0,1
0,0,1.0665,9.8301,11.72,36.888,10.566,29.716,0.21235,0,0,10.042,19.359,0.38154,10.082,2.4027,11.933,21.557,11.149,1.167,0.38154,11.544,12.166,11.665,10.498,10.809,9.8522,11.35,1.0234,11.126,19.89,1.6196,0,0.21212,0.78788,0,0,0,0,0,1,0,0,0,0,1,0,0,1
0,0,0,1.8268,1.8268,85.707,3.5488,6.5898,0.50039,0,0,1.084,2.8153,0,3.1271,4.0292,69.931,7.4187,3.8645,2.0431,0,5.6873,7.0609,5.6873,3.6442,5.8122,4.7868,66.138,0.74284,2.5696,2.9108,0.64741,0,1,0,0,0,0,0,0,1,0,0,0,0,1,0,0,0
0,0,0,3.1225,3.1225,83.073,2.4885,8.1932,0,0,0,2.4885,3.4578,0,3.6393,4.6975,65.304,8.954,4.5161,1.9104,0,5.0328,6.9432,6.129,4.2186,5.0328,1.7289,64.427,1.3936,5.2756,4.8514,0,0,0.98551,0.014493,0,0,0,0,0,1,0,0,0,0,1,0,0,0
0,0,1.0312,8.8859,10.767,75.013,1.4072,2.6606,0.23445,0,0,0.75003,0.8222,0.37719,1.413,19.705,32.468,12.279,18.666,1.7902,0.37719,11.353,12.534,11.572,9.7818,10.649,0.65557,15.712,9.3097,18.526,9.6402,1.6189,0,0,1,0,0,0,0,0,1,0,0,0,0,1,0,0,1
0,0,0,0,0,97.676,0,2.3243,0,0,0,0,0,0,0,0,95.351,4.6486,0,0,0,0,0,2.3243,2.3243,0,5.5217,89.83,0,0,0,0,0,1,0,0,0,0,0,0,1,0,0,0,0,1,0,0,0
0,0,0,0,0,95.959,1.3799,2.661,0,0,0,0,0,0,0.78602,0.78602,89.56,5.9159,0,0.78602,0,2.166,1.572,4.0409,3.2549,0.78602,0.99409,89.352,0,0,0,0,0,1,0,0,0,0,0,0,1,0,0,0,0,1,0,0,0
0,0,0,0,0,96.639,3.3608,0,0,0,0,0.92485,0,0,0,0,94.203,2.4359,0,0,0,2.4359,0,2.4359,2.4359,0,0,94.203,0,0.92485,0,0,0,1,0,0,0,0,0,0,1,0,0,0,0,1,0,0,0
0,0,0,0,0,97.919,1.3428,0.73865,0,0,0,0,0,0,0,0,95.837,2.8201,0,0,0,1.3428,0,2.0815,2.0815,0,0,95.837,0,0,0,0,0,1,0,0,0,0,0,0,1,0,0,0,0,1,0,0,0
0,0,0,0,0,100,0,0,0,0,0,0,0,0,0,0,100,0,0,0,0,0,0,0,0,0,0,100,0,0,0,0,0,1,0,0,0,0,0,0,1,0,0,0,0,1,0,0,0
0,2.9351,5.7382,11.318,14.533,46.934,3.6505,4.2004,3.5457,2.9047,4.2411,3.5257,4.2818,13.02,7.0883,4.0084,36.322,3.8693,16.203,7.0119,0.57059,4.0995,7.0883,6.471,0.6113,2.9351,1.1826,37.601,6.4066,14.803,5.7642,15.364,1.7732,0,1,0,0,0,0,0,0,1,0,0,0,0,1,0,0
0,4.1393,12.578,6.7153,10.387,38.334,3.1316,6.5523,9.9438,2.0697,6.1496,10.084,3.3321,4.3915,12.177,8.3596,26.698,5.3744,4.9353,6.8682,8.4712,9.3079,8.5025,8.3307,2.008,4.1393,1.4373,24.807,13.47,6.9158,14.247,12.206,3.9371,0.026316,0.97368,0,0,0,0,0,0.026316,0.97368,0,0,0,0.052632,0.94737,0,0
0,0,3.1807,3.9692,11.454,70.809,1.1581,1.1581,6.3005,0.8122,1.1581,3.1503,4.3084,4.7814,3.4982,5.4903,55.765,6.4561,8.2491,3.6232,0,4.6781,3.4982,2.811,0,0,0,55.056,11.791,8.7439,10.168,4.7814,3.1503,0.40351,0.59649,0,0,0,0,0,0.36842,0.63158,0,0,0,0.40351,0.59649,0,0
0,1.2155,7.3531,5.2368,11.994,62.399,0.75519,1.9707,4.5524,2.4054,2.1182,5.9527,1.3645,4.122,7.4358,4.3777,53.955,1.9723,6.6764,3.9157,6.8927,3.3353,3.9157,3.9804,2.7649,1.2155,0,51.629,9.726,9.4413,6.4974,8.8577,1.9723,1,0,0,0,0,0,0,1,0,0,0,0,1,0,0,0
0,2.0965,35.356,0,0,58.355,0,0,0,2.0965,2.0965,15.379,9.8838,2.0965,2.0965,1.1526,57.202,1.1526,0,1.1526,0,9.8838,1.1526,4.193,2.0965,0,1.1526,57.202,2.0965,2.0965,0,0,30.01,0,1,0,0,0,0,0,0,1,0,0,0,0,1,0,0
0.41712,2.1861,6.9766,9.7165,12.255,48.355,6.6983,3.6452,3.5954,2.3787,3.7765,6.3574,4.2695,5.3488,13.765,7.5425,25.923,10.798,6.2709,7.8565,6.2581,5.6102,11.594,8.0383,0.95834,2.5716,8.6529,21.965,8.9228,9.5495,14.891,7.4052,5.4506,0,1,0,0,0,0,0,0,1,0,0,0,0,1,0,0
0,1.9226,9.0815,9.2917,4.396,45.7,5.3276,7.5682,5.3876,1.0059,10.319,13.362,0.9613,2.2498,12.167,0.83365,37.67,5.2692,0.64427,11.242,6.393,9.2081,9.6109,2.5966,0.99103,2.5669,2.4392,42.3,9.3128,1.9969,11.315,11.25,5.6216,0,1,0,0,0,0,0,0,1,0,0,0,0,1,0,0
0,2.6514,7.1416,3.0083,15.105,49.822,3.0083,4.8337,2.7382,3.9366,7.7552,3.5641,0.82599,3.9366,15.713,6.7748,42.418,0.91272,4.3959,9.1272,3.921,8.4111,11.879,3.4774,0.82599,1.8254,0,42.674,12.705,5.2218,12.535,7.9443,0.91272,0.98718,0.012821,0,0,0,0,0,0.96154,0.038462,0,0,0,1,0,0,0
0,0,16.418,0,0,83.582,0,0,0,0,0,3.3266,9.7649,0,0,0,83.582,0,0,0,0,3.3266,0,0,0,0,0,83.582,0,0,0,0,16.418,0,0,0,0.25926,0.74074,0,0,1,0,0,0,0,1,0,0,0
0,0,5.4541,0,0,94.546,0,0,0,0,0,3.4308,2.0233,0,0,0,94.546,0,0,0,0,0,0,0,0,0,0,94.546,0,0,0,0,5.4541,0,0,0,0.1791,0.8209,0,0,1,0,0,0,0,1,0,0,0
0,0,11.307,0,0,88.693,0,0,0,0,0,7.4819,2.4874,0,0,0,88.693,0,0,0,0,1.338,0,0,0,0,0,88.693,0,0,0,0,11.307,0,0.54762,0.02381,0.21429,0.21429,0,0,0.45238,0.54762,0,0,0,0.45238,0.54762,0,0
0,0,18.845,0,0,81.155,0,0,0,0,0,11.621,2.2012,0,0,0,81.155,0,0,0,0,5.023,0,0,0,0,0,81.155,0,0,0,0,18.845,0,0,0.070423,0.11268,0.8169,0,0,1,0,0,0,0,1,0,0,0
0,0,5.246,0,0,94.754,0,0,0,0,0,2.4375,1.9057,0,0,0,94.754,0,0,0,0,0.9028,0,0,0,0,0,94.754,0,0,0,0,5.246,0,0,0.013333,0.25333,0.73333,0,0,1,0,0,0,0,1,0,0,0
0,1.1247,22.142,0,0,69.801,0,1.1708,2.3416,1.1247,2.2954,8.2758,4.8389,1.1247,1.1247,3.2794,65.351,4.4502,0,4.4502,0,7.105,3.2794,2.2493,1.1247,0,3.2794,66.522,2.2954,1.1247,2.3416,1.1708,16.613,0,0.78182,0,0.10909,0.10909,0,0,0.21818,0.78182,0,0,0,0.21818,0.78182,0,0
0,0,15.027,0,0,84.973,0,0,0,0,0,4.5715,5.635,0,0,3.1548,84.973,0,0,0,0,1.6656,0,0,0,0,0,84.973,0,0,0,0,15.027,0,0,0.027778,0.097222,0.875,0,0,1,0,0,0,0,1,0,0,0
0,0,5.4999,0,0,94.5,0,0,0,0,0,1.5394,1.2433,0,0,1.1779,94.5,0,0,0,0,1.5394,0,0,0,0,0,94.5,0,0,0,0,5.4999,0,0,0,0.23171,0.76829,0,0,1,0,0,0,0,1,0,0,0
0,0,0,0,0,100,0,0,0,0,0,0,0,0,0,0,100,0,0,0,0,0,0,0,0,0,0,100,0,0,0,0,0,0,0,0,0.625,0.375,0,0,1,0,0,0,0,1,0,0,0
0,0,0,0,0,100,0,0,0,0,0,0,0,0,0,0,100,0,0,0,0,0,0,0,0,0,0,100,0,0,0,0,0,0,0,0,0,1,0,0,1,0,0,0,0,1,0,0,0
0,0,0,0,0,100,0,0,0,0,0,0,0,0,0,0,100,0,0,0,0,0,0,0,0,0,0,100,0,0,0,0,0,0,0,0,0.1,0.9,0,0,1,0,0,0,0,1,0,0,0
0,0,0,0,0,100,0,0,0,0,0,0,0,0,0,0,100,0,0,0,0,0,0,0,0,0,0,100,0,0,0,0,0,0,0,0,0.24138,0.75862,0,0,1,0,0,0,0,1,0,0,0
0,0,0,0,0,100,0,0,0,0,0,0,0,0,0,0,100,0,0,0,0,0,0,0,0,0,0,100,0,0,0,0,0,0,0,0.041667,0.10417,0.85417,0,0,1,0,0,0,0,1,0,0,0
0,0,0,0,0,100,0,0,0,0,0,0,0,0,0,0,100,0,0,0,0,0,0,0,0,0,0,100,0,0,0,0,0,0,0,0.022222,0.35556,0.62222,0,0,1,0,0,0,0,1,0,0,0
2.3948,1.68,8.6188,7.4091,17.254,28.377,9.8678,10.992,6.8159,4.7251,1.8655,4.3083,8.119,2.1546,6.7984,13.382,15.957,8.2042,8.7684,14.044,1.8107,16.453,2.3378,6.9961,12.272,12.769,11.062,10.424,5.3396,10.198,13.339,9.3164,5.946,0.98148,0,0.018519,0,0,0,0,1,0,0,0,0,1,0,0,0
3.735,1.7559,7.8398,5.211,22.796,27.106,8.3318,9.8259,5.4913,6.9263,0.98078,2.6238,13.49,1.1876,9.481,11.343,11.524,21.765,6.0516,6.9947,1.8585,13.681,2.1679,12.046,18.766,8.1229,3.9041,4.1256,9.1504,14.758,10.804,10.157,5.9987,0.16129,0.16129,0,0.22581,0.45161,0,0,0.96774,0.032258,0,0,0,0.96774,0.032258,0,0
3.1985,2.4181,9.3358,12.075,14.274,25.314,7.7776,13.112,7.074,4.2231,1.1985,3.5559,7.0229,1.3848,6.6377,14.246,17.785,6.6603,9.8852,12.049,4.966,15.807,3.9379,5.4641,16.84,12.171,5.771,8.7276,2.1134,6.746,18.747,12.161,7.3203,0,0.16129,0.12903,0.064516,0.64516,0,0,0.77419,0.22581,0,0,0,0.77419,0.22581,0,0
0,0,1.8158,3.0942,5.2064,89.884,0,0,0,0,0,0,0,3.0942,1.0561,2.9994,87.181,1.5193,2.3345,0.75967,0,1.0561,1.0561,0.75967,0,0,4.7739,81.719,3.3906,3.0942,2.1122,3.0942,0,1,0,0,0,0,0,0,1,0,0,0,0,1,0,0,0
0,0,3.5569,1.8843,5.1558,89.403,0,0,0,0,0,0.96058,0,0.92368,2.5963,3.1586,87.88,0,0.92368,0,1.9212,1.6358,1.6358,0.96058,0.96058,0,2.7597,84.084,2.5594,1.8843,3.2715,1.8843,0,1,0,0,0,0,0,0,1,0,0,0,0,1,0,0,0
0,0,4.1627,0,2.0813,87.973,0,0.75344,2.9486,2.0813,0,3.1789,2.8348,0.75344,0,8.5846,76.209,3.5231,0,2.8348,0,2.0813,2.0813,2.0813,1.3279,0.75344,11.705,74.939,0,3.7534,0,2.2603,1.0976,1,0,0,0,0,0,0,1,0,0,0,0,1,0,0,0
0,0,3.9243,0,1.9621,84.212,1.3496,2.6203,3.9699,1.9621,0,1.9621,3.2328,1.2706,1.3496,1.383,80.866,3.3908,0,4.5824,0,1.9621,1.9621,1.9621,0.69152,2.6203,5.6283,77.892,0,1.383,0,5.1615,2.6993,1,0,0,0,0,0,0,1,0,0,0,0,1,0,0,0
0,0,5.5138,2.0013,5.0238,87.461,0,0,0,0,0,2.0013,0,0,3.5125,3.229,85.743,0,0,0,4.0025,1.5113,1.5113,2.0013,2.0013,0,1.7177,84.232,1.5113,2.0013,3.0225,2.0013,0,0.91781,0.027397,0,0.027397,0.027397,0,0,1,0,0,0,0,1,0,0,0
0,0,1.9746,0,0.98729,83.694,2.5956,3.5829,6.1784,0.98729,0,0.98729,1.9746,0.98729,2.5956,4.6083,78.098,5.1911,0,4.5701,0,0.98729,0.98729,0.98729,0,3.5829,5.5956,78.098,0,0,0,5.5574,5.1911,0.81818,0.018182,0,0.072727,0.090909,0,0,1,0,0,0,0,1,0,0,0
3.4564,1.8781,10.389,3.0397,10.179,38.297,5.7593,8.8172,10.35,6.6286,1.2071,7.6451,7.4031,2.4765,5.2523,12.444,22.33,10.463,4.6855,13.461,1.5575,12.283,6.0518,5.6043,11.926,8.4512,11.657,18.652,2.7726,13.306,8.9697,6.4495,6.1599,1,0,0,0,0,0,0,1,0,0,0,0,1,0,0,0
4.928,2.7785,8.6346,9.0042,14.529,27.36,5.2416,12.66,8.2509,6.1885,0.42456,3.2331,11.452,1.1687,7.0839,11.427,19.427,9.2479,8.0842,9.882,2.2227,16.771,3.5685,8.6112,16.242,12.019,7.614,9.6259,1.9951,8.6498,13.078,9.9155,8.6804,0.78261,0.086957,0.13043,0,0,0,0,0.5,0.5,0,0,0,0.86957,0.13043,0,1
4.0487,2.1649,8.5452,4.3945,16.477,27.348,12.676,11.698,6.3438,3.5299,2.7741,4.8263,6.5303,3.1252,9.201,13.584,11.86,11.934,7.5526,15.194,2.9568,13.235,3.4052,6.548,15.238,12.27,7.4458,7.3774,8.1683,9.5588,15.19,10.116,4.6831,0.16667,0.61111,0.16667,0.055556,0,0,0,0.055556,0.94444,0,0,0,0.22222,0.77778,0,1
4.1444,0.90234,9.1241,0,2.5694,53.229,6.9836,5.7954,13.024,3.7421,0.48556,8.4628,3.1461,2.0494,1.8918,10.485,41.535,7.8652,0.97112,8.2938,0.46949,14.83,2.5028,4.3365,3.2842,11.267,13.598,42.361,0.97112,9.9795,2.8285,4.2749,4.5958,1,0,0,0,0,0,0,1,0,0,0,0,1,0,0,0
4.0574,3.5272,7.4889,2.7565,5.9461,48.69,6.9187,7.1703,9.86,3.0171,0.56828,4.3247,4.7894,1.6068,6.2694,10.481,36.128,11.623,3.3992,11.769,0.85663,8.7524,2.8895,4.1408,5.9461,12.068,11.094,33.231,1.6303,6.8792,6.4697,7.251,8.4003,1,0,0,0,0,0,0,1,0,0,0,0,1,0,0,0
3.4159,5.4856,5.5193,8.2529,13.597,29.85,6.1046,10.29,10.242,5.6746,1.5689,5.3115,9.9015,1.8138,7.7526,12.8,15.064,12.78,7.7007,12.566,2.0391,12.271,1.8032,6.9737,9.3449,11.82,5.1752,12.211,5.0782,7.4005,13.228,16.867,10.099,0.61856,0.21649,0.051546,0.041237,0.072165,0,0,0.47423,0.52577,0,0,0,0.78351,0.21649,0,1
8.8736,6.8119,7.8968,8.0204,10.925,21.984,5.3193,8.0711,14.345,5.8258,1.9279,9.8687,8.531,2.2011,7.7276,8.5041,12.178,14.076,8.4856,10.224,3.95,14.254,1.9586,6.887,13.493,12.541,4.399,6.7217,3.0821,9.1372,14.212,13.212,14.356,0.30769,0.26923,0.42308,0,0,0,0,0.34615,0.65385,0,0,0,0.38462,0.61538,0,1
3.5568,5.4449,7.7788,4.3313,8.0701,49.502,2.7684,5.3708,8.394,4.2497,0.53361,6.2823,8.5533,3.8392,4.4005,7.5888,35.908,8.7782,4.4544,13.023,1.2216,5.9509,3.3056,4.2497,2.9228,10.985,6.8946,36.852,2.0113,5.0345,7.0458,14.335,6.364,0.79365,0.031746,0,0.11111,0.063492,0,0,1,0,0,0,0,1,0,0,0
3.889,9.5527,5.4026,9.1556,11.985,27.921,4.151,7.7137,10.672,8.0786,1.4787,3.1025,11.392,1.7533,7.7995,16.938,8.583,17.33,6.0119,12.569,0.89141,13.629,1.1965,8.6187,7.8609,13.757,2.7679,7.6758,5.9934,8.1409,16.461,20.664,6.8628,0,0,0,0.27273,0.72727,0,0,1,0,0,0,0,1,0,0,0
0,0,0,0,0,100,0,0,0,0,0,0,0,0,0,0,100,0,0,0,0,0,0,0,0,0,0,100,0,0,0,0,0,0,0,0,0.10959,0.89041,0,0,1,0,0,0,0,1,0,0,0
0,0,0,0,0,100,0,0,0,0,0,0,0,0,0,0,100,0,0,0,0,0,0,0,0,0,0,100,0,0,0,0,0,0,0,0,0.097222,0.90278,0,0,1,0,0,0,0,1,0,0,0
0,0,0,0,0,100,0,0,0,0,0,0,0,0,0,0,100,0,0,0,0,0,0,0,0,0,0,100,0,0,0,0,0,0,0.24138,0,0.37931,0.37931,0,0,1,0,0,0,0,1,0,0,0
0,0,0,0,0,100,0,0,0,0,0,0,0,0,0,0,100,0,0,0,0,0,0,0,0,0,0,100,0,0,0,0,0,0,0,0,0.20408,0.79592,0,0,1,0,0,0,0,1,0,0,0
0,0,0,0,0,100,0,0,0,0,0,0,0,0,0,0,100,0,0,0,0,0,0,0,0,0,0,100,0,0,0,0,0,0,0,0.030769,0.30769,0.66154,0,0,1,0,0,0,0,1,0,0,0
0,0,0,0,0,100,0,0,0,0,0,0,0,0,0,0,100,0,0,0,0,0,0,0,0,0,0,100,0,0,0,0,0,0,0,0.012987,0.19481,0.79221,0,0,1,0,0,0,0,1,0,0,0
0,0,0,0,0,100,0,0,0,0,0,0,0,0,0,0,100,0,0,0,0,0,0,0,0,0,0,100,0,0,0,0,0,0,0,0,0.14103,0.85897,0,0,1,0,0,0,0,1,0,0,0
0,0,0,0,0,100,0,0,0,0,0,0,0,0,0,0,100,0,0,0,0,0,0,0,0,0,0,100,0,0,0,0,0,0,0,0,0.14607,0.85393,0,0,1,0,0,0,0,1,0,0,0
0,0,0,0,0,100,0,0,0,0,0,0,0,0,0,0,100,0,0,0,0,0,0,0,0,0,0,100,0,0,0,0,0,0,0,0,0.089744,0.91026,0,0,1,0,0,0,0,1,0,0,0
0,0,0,0,0,100,0,0,0,0,0,0,0,0,0,0,100,0,0,0,0,0,0,0,0,0,0,100,0,0,0,0,0,0,0,0.038462,0.15385,0.80769,0,0,1,0,0,0,0,1,0,0,0
0,0,0,0,0,100,0,0,0,0,0,0,0,0,0,0,100,0,0,0,0,0,0,0,0,0,0,100,0,0,0,0,0,0,0,0.054945,0.098901,0.84615,0,0,1,0,0,0,0,1,0,0,0
0,0,0,0,0,100,0,0,0,0,0,0,0,0,0,0,100,0,0,0,0,0,0,0,0,0,0,100,0,0,0,0,0,0,0,0,0.25287,0.74713,0,0,1,0,0,0,0,1,0,0,0
0,0,0,0,0,100,0,0,0,0,0,0,0,0,0,0,100,0,0,0,0,0,0,0,0,0,0,100,0,0,0,0,0,0,0,0.010989,0.098901,0.89011,0,0,1,0,0,0,0,1,0,0,0
0,0,0,0,0,100,0,0,0,0,0,0,0,0,0,0,100,0,0,0,0,0,0,0,0,0,0,100,0,0,0,0,0,0,0,0,0.21918,0.78082,0,0,1,0,0,0,0,1,0,0,0
8.7481,5.8586,6.6733,6.0165,13.834,23.872,2.8328,3.8183,12.348,11.981,4.0174,5.1169,9.1009,2.6417,7.884,15.412,9.6148,12.954,5.6932,7.2787,0.97012,23.333,1.0238,11.176,17.119,4.5015,2.1445,2.8564,7.0391,9.6928,24.956,13.646,5.8449,0.041667,0.9375,0.020833,0,0,0,0.0625,0.9375,0,0,0,0,0.97917,0.020833,0,1
5.5117,0.64356,18.463,15.105,9.1706,20.859,3.7514,4.9829,20.682,0.83095,0,5.4858,12.216,5.2874,7.5507,6.1483,23.702,10.758,10.041,7.002,7.9562,3.8528,14.187,9.7807,11.075,2.136,1.4003,4.2762,13.966,7.0364,10.227,15.984,9.9318,0.23529,0.70588,0.058824,0,0,0,0,0.82353,0.17647,0,0,0,0.82353,0.17647,0,1
6.5997,4.9927,8.5117,7.2653,8.2045,19.648,9.1148,13.217,11.871,7.5576,3.0174,7.8455,10.597,0.54639,6.6028,10.919,15.911,10.671,6.8824,4.7438,4.3521,20.93,0.6297,11.787,19.373,14.458,1.8793,2.5346,5.4276,7.8343,13.569,15.141,7.3659,0,0.23077,0.38462,0.23077,0.15385,0,0.46154,0.53846,0,0,0,0,0.61538,0.38462,0,1
1.8281,3.995,6.156,10.642,11.897,26.681,9.5597,15.209,9.5714,4.1877,0.27245,5.913,9.3481,2.2981,11.028,15.221,15.979,9.4089,9.7188,8.1246,4.8793,8.0808,0.91445,6.9465,11.949,17.252,1.9284,3.2914,2.8396,5.249,19.84,19.038,10.752,0.75862,0.10345,0.068966,0.051724,0.017241,0,0.034483,0.96552,0,0,0,0,1,0,0,1
0,0,0,0,0,100,0,0,0,0,0,0,0,0,0,0,100,0,0,0,0,0,0,0,0,0,0,100,0,0,0,0,0,0,0,0.05,0.425,0.525,0,0,1,0,0,0,0,1,0,0,0
0,0,0,0,0,100,0,0,0,0,0,0,0,0,0,0,100,0,0,0,0,0,0,0,0,0,0,100,0,0,0,0,0,0,0,0.092593,0.11111,0.7963,0,0,1,0,0,0,0,1,0,0,0
0,0,0,0,0,100,0,0,0,0,0,0,0,0,0,0,100,0,0,0,0,0,0,0,0,0,0,100,0,0,0,0,0,0,0,0.016667,0.21667,0.76667,0,0,1,0,0,0,0,1,0,0,0
0,0,0,0,0,100,0,0,0,0,0,0,0,0,0,0,100,0,0,0,0,0,0,0,0,0,0,100,0,0,0,0,0,0,0,0.14815,0.27778,0.57407,0,0,1,0,0,0,0,1,0,0,0
0,0,0,0,0,100,0,0,0,0,0,0,0,0,0,0,100,0,0,0,0,0,0,0,0,0,0,100,0,0,0,0,0,0,0,0.015152,0.24242,0.74242,0,0,1,0,0,0,0,1,0,0,0
0,0,0,0,0,100,0,0,0,0,0,0,0,0,0,0,100,0,0,0,0,0,0,0,0,0,0,100,0,0,0,0,0,0,0,0.092593,0.092593,0.81481,0,0,1,0,0,0,0,1,0,0,0
0,0,0,0,0,100,0,0,0,0,0,0,0,0,0,0,100,0,0,0,0,0,0,0,0,0,0,100,0,0,0,0,0,0,0,0,0.013158,0.98684,0,0,1,0,0,0,0,1,0,0,0
0,0,0,0,0,100,0,0,0,0,0,0,0,0,0,0,100,0,0,0,0,0,0,0,0,0,0,100,0,0,0,0,0,0,0,0.13953,0.27907,0.5814,0,0,1,0,0,0,0,1,0,0,0
0.8097,5.0429,4.45,20.859,1.8722,41.208,5.7378,7.6789,8.5204,2.4373,1.3837,7.165,2.7553,7.0666,8.1841,5.5083,26.029,15.498,5.9375,4.9342,2.4922,14.43,7.1216,7.4264,0,5.0429,11.249,14.768,5.1102,6.4763,13.044,13.447,16.316,1,0,0,0,0,0,0,1,0,0,0,0,1,0,0,0
3.9801,1.8794,14.818,17.507,3.3092,22.689,9.4686,14.529,5.9599,0.50211,5.3574,10.602,3.6771,9.2292,8.3793,14.307,12.99,7.805,4.769,10.607,8.044,9.5914,13.717,20.14,0,2.6683,6.0252,6.0252,5.3574,1.0927,15.939,10.963,18.073,0.90984,0.040984,0.02459,0.02459,0,0,0,1,0,0,0,0,1,0,0,0
0,2.4912,6.8697,17.914,0,41.462,1.2456,7.284,17.265,5.4695,0,14.462,1.5917,12.798,4.6804,2.7204,27.904,13.675,4.2921,4.5636,0,13.313,6.2721,1.1287,6.8697,2.4912,7.932,14.015,4.0693,6.5982,21.777,14.235,14.612,0.019802,0.22772,0.72277,0.029703,0,0,0,0.39604,0.60396,0,0,0,0.35644,0.64356,0,1
0.30359,1.2934,9.2393,19.92,8.2766,30.033,11.212,7.8198,9.7938,0.6631,1.4458,14.436,2.8611,11.272,10.416,8.174,12.358,16.064,0.81957,5.0027,5.4561,13.14,8.5068,11.209,0,2.113,6.7516,11.11,1.038,4.3751,15.016,10.647,29.233,0.57143,0.054945,0.36264,0.010989,0,0,0,1,0,0,0,0,1,0,0,1
1.7502,4.3211,11.551,19.548,2.8359,24.163,8.8727,7.5817,7.8185,2.8354,8.7228,17.825,3.0452,7.0828,7.543,6.1188,13.992,9.5044,1.1673,12.426,6.63,14.666,9.2181,11.406,0.49167,3.8295,3.5585,12.767,6.7153,3.9611,14.556,15.42,18.077,0.9186,0.081395,0,0,0,0,0,1,0,0,0,0,1,0,0,0
1.9549,3.2133,11.856,13.558,1.6732,31.737,6.8626,10.704,11.251,0.63979,6.5505,21.235,1.9265,7.8888,7.4301,5.1864,19.878,12.938,2.1572,5.2441,5.0991,11.016,6.0941,8.4843,0.63979,4.2467,7.0584,21.586,5.3486,0.63979,21.074,8.8208,16.008,0.25424,0.050847,0.033898,0.61017,0.050847,0,0,1,0,0,0,0,1,0,0,0
3.4456,1.1425,13.834,17.604,8.9792,21.305,12.501,11.439,4.5194,0.61325,4.6159,7.8708,3.4584,11.195,8.8174,9.558,13.624,9.9069,4.0372,9.107,11.234,11.191,12.417,16.688,0.35081,1.9687,3.5918,7.6502,4.6024,2.7966,16.719,11.59,21.625,0.67692,0.046154,0.076923,0.2,0,0,0,1,0,0,0,0,1,0,0,1
0.51263,2.3952,11.457,17.036,3.6359,29.415,6.4849,11.587,9.6128,2.0924,5.7703,17.467,1.0749,5.1603,4.994,10.068,17.42,8.7507,3.1867,11.431,6.0476,14.4,5.5747,8.375,2.6265,1.7133,6.5471,16.272,3.1199,3.0728,13.647,24.387,14.665,0,0,0.007874,0.92913,0.062992,0,0,1,0,0,0,0,1,0,0,0
0,2.5646,7.7019,14.205,2.1753,38.615,3.1734,9.1052,16.507,2.7326,3.2207,12.95,9.5987,3.9894,2.9623,9.3784,19.363,13.983,9.663,5.6802,1.6789,10.753,6.0583,8.6691,2.1484,3.4029,11.111,16.063,4.8933,9.3335,13.997,12.595,11.729,0.08,0.4,0.16,0.36,0,0,0,0.52,0.48,0,0,0,0.56,0.44,0,0
0.96089,7.7246,11.883,12.736,5.9346,23.444,7.1867,10.589,11.715,3.0741,4.7522,16.381,2.2903,10.073,10.11,10.541,12.733,11.955,3.0787,5.8498,4.899,12.09,10.639,11.572,0,8.2848,6.3617,9.3331,5.531,2.9714,14.046,14.822,16.438,0.067797,0.38983,0.15254,0.38983,0,0,0,0.61017,0.38983,0,0,0,0.69492,0.30508,0,0
1.0837,1.9037,15.571,13.153,3.1294,26.828,5.7815,12.751,10.074,3.0467,6.6774,15.888,1.5628,7.283,11.538,5.7804,15.716,8.9156,2.3418,11.37,7.1127,12.492,9.9078,9.8812,0.80431,2.8301,5.4427,16.305,4.4443,3.8295,14.955,15.116,16.484,0,0.44,0.1,0.46,0,0,0,0.5,0.5,0,0,0,0.54,0.46,0,0
0.5452,3.1428,16.51,8.8559,0.55662,43.444,2.7201,6.6943,7.1739,3.6427,6.7141,15.916,2.3337,3.9921,4.0036,4.8016,34.972,9.52,0.55662,8.795,3.7652,11.345,5.9359,4.9601,1.5246,2.1749,9.0309,33.604,3.1428,3.6427,7.7311,12.745,15.508,0,0.93636,0.018182,0.045455,0,0,0,0.045455,0.95455,0,0,0,0.045455,0.95455,0,0
1.456,4.3599,14.884,10.705,0.7213,39.399,3.2832,3.8642,15.461,1.6179,4.2489,14.732,0.55297,4.1177,2.4195,4.7398,34.296,7.0287,2.83,12.574,5.6751,11.033,2.9354,6.9477,3.9753,1.1059,5.6942,32.43,2.631,1.6179,12.399,13.725,16.537,0.012658,0.48101,0.16456,0.34177,0,0,0,0.51899,0.48101,0,0,0,0.55696,0.44304,0,0
4.1302,0,15.285,10.557,0,32.78,0,10.557,21.114,5.5773,0,15.285,4.9797,5.5773,5.5773,0,30.172,7.5871,0,5.5773,0,25.244,5.5773,0,11.155,0,0,21.062,0,13.838,18.742,14.09,15.537,0.0088496,0.10619,0.61947,0.26549,0,0,0,0.59292,0.40708,0,0,0,0.35398,0.64602,0,1
2.6315,0,11.016,27.022,2.1192,28.926,9.8723,9.4425,6.8548,0,2.1162,14.03,0.54254,7.9007,6.8574,13.079,19.268,6.4132,3.1463,9.0149,6.6943,13.054,6.8545,15.359,0.5349,0.49515,2.6694,10.61,4.626,3.021,16.441,15.03,24.36,0.029851,0.79104,0.13433,0.044776,0,0,0,0.97015,0.029851,0,0,0,0.91045,0.089552,0,1
3.8139,3.8139,5.9239,6.1032,3.8139,48.831,0,6.7758,11.007,9.917,0,9.0651,0,8.0452,2.9619,6.9551,36.923,11.908,7.6278,6.7758,0,9.7378,2.9619,3.8139,12.879,0,0,31.84,0,10.59,24.787,5.0832,8.0452,0.059406,0.38614,0.16832,0.38614,0,0,0,0.71287,0.28713,0,0,0,0.60396,0.39604,0,1
0,0,8.0005,15.407,3.386,68.092,3.9854,1.1287,0,0,0,4.7594,1.1287,2.2574,0,15.791,52.648,6.6703,0,0,10.857,5.8881,1.1287,2.2574,0,0,0,51.094,8.5999,1.728,17.318,14.488,3.386,0,0.013514,0.094595,0.89189,0,0,0,0.98649,0.013514,0,0,0,0.93243,0.067568,0,0
1.0278,0,7.9954,25.847,8.1628,33.958,8.5611,4.8611,9.5869,0,0,13.297,1.5935,6.2574,2.3037,13.703,27.83,5.9528,2.3037,4.2954,9.3677,13.096,1.5935,8.4464,3.3823,0,0,26.165,1.9678,2.1572,17.251,22.957,16.079,0,0.038835,0.048544,0.78641,0.12621,0,0,1,0,0,0,0,0.96117,0.038835,0,0
3.0876,8.1105,6.8818,19.354,3.0787,29.962,11.981,2.674,14.101,0,0.76985,14.663,2.4126,8.8948,1.6912,14.863,22.52,5.433,0.9549,9.9198,10.236,8.4124,0.59112,5.4446,13.059,1.8215,5.0859,20.581,2.2195,4.8301,16.581,18.739,11.047,0,0,0,0.98347,0.016529,0,0,1,0,0,0,0,1,0,0,0
0,0,7.8877,21.109,7.4712,45.698,7.3053,1.0096,9.5192,0,0,11.192,0.65348,3.2722,1.0096,17.987,38.547,1.0096,1.0096,2.3166,13.42,9.5829,0,1.6631,4.9353,0.65348,0,32.214,10.104,11.45,7.0567,27.685,4.238,0,0,0,0.8481,0.1519,0,0,1,0,0,0,0,1,0,0,0
4.0899,7.7186,5.2543,19.707,4.3994,38.956,10.32,1.3306,8.2245,0,0,9.7406,3.6525,6.4932,2.3623,18.35,30.964,1.3306,1.3306,12.508,3.2294,10.039,0,3.1088,15.007,4.4236,2.6453,32.835,3.7321,4.1281,13.377,15.191,5.5527,0,0,0,1,0,0,0,1,0,0,0,0,1,0,0,0
6.3037,18.412,11.307,6.0954,2.2398,26.885,16.62,3.4267,7.697,0,1.0128,6.7198,4.6138,16.327,1.4012,13.137,18.014,5.5166,4.8206,21.503,2.7545,5.1924,0,9.9299,29.88,5.7652,11.071,19.027,0,1.6773,4.5683,12.975,5.1068,0,0.92157,0,0.078431,0,0,0,0.098039,0.90196,0,0,0,0.098039,0.90196,0,0
3.2682,7.4708,8.3001,8.6269,3.341,36.228,4.6376,1.6203,26.507,0,0,11.612,1.5963,6.2586,6.5737,11.809,30.105,1.6203,2.7654,12.708,8.395,6.5576,0,5.9311,12.108,2.9685,2.0932,33.462,0,3.4416,8.8182,27.312,3.8648,0,0,0,0.80723,0.19277,0,0,1,0,0,0,0,1,0,0,0
0,0,0,0,0,97.259,2.7412,0,0,0,0,0,0,0,0,11.244,62.834,25.922,0,0,0,0,0,0,0,0,31.238,58.097,10.665,0,0,0,0,0,0.028571,0.31429,0.57143,0.085714,0,0,1,0,0,0,0,1,0,0,0
0,0.7909,11.723,1.4705,0,66.205,0,4.6335,9.0739,1.5261,4.5773,12.479,0.7909,0.7909,0.7909,3.1657,63.696,4.7453,0,4.4098,0.73524,8.396,0.73524,1.5818,0.7909,0,5.6247,60.581,2.995,1.5261,5.2552,6.8392,14.071,0,0.68657,0.029851,0.14925,0.13433,0,0,0.26866,0.73134,0,0,0,0.29851,0.70149,0,0
0,0,13.652,0,0,86.348,0,0,0,0,0,2.9484,0,0,0,1.48,89.663,1.48,0,1.48,0,2.9484,1.48,0,0,0,1.48,84.868,0,0,0,0,12.172,0,0,0.011494,0.091954,0.89655,0,0,1,0,0,0,0,1,0,0,0
0,0,6.1841,0,0,93.816,0,0,0,0,0,1.0324,0,0,0,2.5186,95.417,0,0,0,0,1.0324,0,0,0,0,0,93.816,0,0,0,0,6.1841,0,0,0.010989,0.21978,0.76923,0,0,1,0,0,0,0,1,0,0,0
0,4.1505,16.014,0,0,62.78,0,5.995,7.3254,0,3.735,7.47,0,4.1505,0,11.444,47.508,11.028,4.1505,8.3985,0,5.8504,2.773,8.3011,4.1505,0,13.704,49.076,1.475,0,5.21,5.995,9.3156,0,0.53623,0.028986,0.23188,0.2029,0,0,0.31884,0.68116,0,0,0,0.46377,0.53623,0,0
0,0,6.1654,0,0,82.772,0,0,11.063,0,0,0,0,0,0,4.0954,84.842,0,0,0,0,11.063,0,0,0,0,2.0701,80.702,0,0,0,0,17.228,0,0.012658,0.063291,0.24051,0.68354,0,0,1,0,0,0,0,1,0,0,0
0,0,3.5812,0,0,92.918,0,0,3.5013,0,0,0,0,0,0,1.2509,95.248,0,0,0,0,3.5013,0,0,0,0,0,92.918,0,0,0,0,7.0825,0,0,0.031915,0.24468,0.7234,0,0,1,0,0,0,0,1,0,0,0
1.961,7.7399,6.6596,3.9916,0.9251,44.327,5.3806,5.286,21.548,0,2.1804,11.426,1.2472,3.2082,4.9233,10.531,34.989,8.894,0.9251,9.3788,5.4258,9.0513,0,1.6389,11.159,1.2472,12.095,32.554,0,0,9.9589,16.058,15.288,0,0.81609,0.045977,0.068966,0.068966,0,0,0.10345,0.89655,0,0,0,0.18391,0.81609,0,0
0,0,9.9277,0,0,88.251,0,0,1.8213,0,0,0,0,0,0,0,98.179,0,0,0,0,1.8213,0,0,0,0,1.8213,86.43,0,0,0,0,11.749,0,0,0,0.13043,0.86957,0,0,1,0,0,0,0,1,0,0,0
0,0,0,0,0,93.593,0,0,6.4069,0,0,0,0,0,0,0,93.593,0,0,0,0,6.4069,0,0,0,0,0,93.593,0,0,0,0,6.4069,0,0,0.037975,0.3038,0.65823,0,0,1,0,0,0,0,1,0,0,0
12.428,10.545,5.6519,4.0203,1.5456,33.869,8.4687,0,22.855,0,0.61652,7.8381,9.7659,5.3175,2.1422,6.5028,38.279,2.5928,4.8749,14.136,2.735,5.8159,0,1.6977,17.344,8.2221,6.5245,34.485,0.83278,1.4256,7.2773,11.038,11.154,0,0.925,0.075,0,0,0,0,0.0875,0.9125,0,0,0,0.1,0.9,0,0
0,1.3075,12.235,0,0,84.32,0,0,2.1371,0,0,4.9287,1.3075,1.0701,0,0,85.15,6.2362,1.3075,0,0,0,0,0,1.3075,0,0,84.32,0,0,0,5.7584,8.6138,0,0,0.06,0.08,0.86,0,0,1,0,0,0,0,1,0,0,0
0,0,0,0,0,95.714,0,0,4.2858,0,0,0,4.2858,0,0,0,95.714,0,0,0,0,0,0,0,0,0,0,95.714,0,0,0,0,4.2858,0,0,0,0.24194,0.75806,0,0,1,0,0,0,0,1,0,0,0
6.7762,0,11.572,5.879,0,72.587,0,0,3.1862,0,0,6.7762,0,3.1862,0,4.7958,64.605,3.1862,0,0,10.675,6.7762,0,0,0,0,0,48.763,10.675,13.552,3.1862,20.637,3.1862,0,0.055556,0.13889,0.80556,0,0,0,0.94444,0.055556,0,0,0,0.93056,0.069444,0,0
0,0,0.98826,20.752,6.9666,67.34,0.98826,0,2.9648,0,0,8.0039,0,0.98826,0,17.02,53.935,4.389,0,0,8.6484,7.0156,0,0,0.98826,0,0,53.29,9.661,7.9549,10.465,14.651,2.9892,0,0,0.015385,0.98462,0,0,0,1,0,0,0,0,1,0,0,0
0,0,0,0,0,100,0,0,0,0,0,0,0,0,0,0,100,0,0,0,0,0,0,0,0,0,0,100,0,0,0,0,0,0.39474,0.34211,0.15789,0.10526,0,0,0,1,0,0,0,0,0.84211,0.15789,0,0
0,0,11.891,29.772,2.6426,36.098,8.66,0,10.937,0,0,11.634,3.0087,4.4486,1.2027,13.394,34.941,5.7271,0,6.0173,6.111,13.516,0,5.4141,7.4572,3.0087,0,32.867,3.2311,4.0826,18.424,19.498,6.0173,0,0,0,0.76812,0.23188,0,0,1,0,0,0,0,1,0,0,0
10.332,6.952,3.8218,14.705,10.386,31.26,7.7732,0,14.213,0,0.55741,11.877,3.222,6.0009,2.9095,16.193,27.797,3.5512,3.7633,10.856,2.0299,11.8,0,5.1589,11.625,6.8133,4.2675,28.586,4.8338,9.7982,9.6413,14.129,5.1468,0,0,0,0.97143,0.028571,0,0,1,0,0,0,0,1,0,0,0
0,0,10.137,22.321,14.23,21.548,10.137,0,21.626,0,0,25.43,1.7572,1.7572,6.623,13.168,22.321,6.623,0,3.5144,0,18.807,0,15.003,3.5144,1.7572,0,17.744,3.8036,14.23,23.383,13.246,7.318,0.14286,0.095238,0.015873,0.60317,0.14286,0,0,1,0,0,0,0,1,0,0,0
15.261,5.0846,4.0446,22.392,6.2845,30.66,6.6021,0,5.1668,0,4.505,4.5769,4.7136,3.9736,3.8805,10.315,30.475,10.341,9.3737,9.4752,0,12.875,0,5.0964,10.516,6.1742,9.2058,33.264,6.8778,2.404,12.464,9.5757,4.4218,0.071429,0.031746,0.0079365,0.88889,0,0,0,1,0,0,0,0,1,0,0,0
5.8054,2.7439,15.577,10.334,33.378,27.573,1.5505,1.5505,0,1.4889,0,15.432,2.7439,14.863,10.1,9.3748,19.731,3.0394,15.599,3.0394,4.5283,1.5505,3.1009,1.4889,2.7439,3.0394,20.279,0,0,22.218,16.647,27.444,3.0394,0,0.14474,0.26316,0.59211,0,0,0,1,0,0,0,0,0.81579,0.18421,0,1
3.5198,0,5.3658,3.3786,9.1264,60.993,13.716,0.91891,0,0.76956,2.2116,1.6885,2.2116,1.6901,11.672,1.6901,60.539,3.1371,9.4087,1.6885,3.9067,2.3675,1.8378,0.76956,0,15.934,12.965,47.489,2.2116,3.5296,4.1482,9.4268,1.6885,0,0.95349,0.023256,0.023256,0,0,0,0.11628,0.88372,0,0,0,0.11628,0.88372,0,0
11.451,0,1.666,1.6318,7.5722,62.928,11.488,0,0,0,3.2635,1.666,1.6318,1.9801,10.229,3.2978,62.173,1.6318,11.799,1.9801,1.9801,1.6318,0,1.6318,0,11.488,17.173,58.837,3.2635,1.9801,1.666,3.9603,0,0,0.89091,0.036364,0.072727,0,0,0,0.16364,0.83636,0,0,0,0.16364,0.83636,0,0
11.033,13.251,10.382,6.7095,3.3881,31.897,11.04,0,11.247,0,1.0539,4.4331,5.069,12.92,2.8706,6.6096,35.057,2.3649,7.2229,19.148,1.035,3.2699,0,8.5006,21.639,10.269,3.0597,32.95,2.2249,1.6807,4.8591,8.4562,6.3606,0,0.86567,0,0.13433,0,0,0,0.13433,0.86567,0,0,0,0.13433,0.86567,0,0
0,0,0,0,0,98.826,1.1739,0,0,0,0,0,0,0,0,7.8521,59.614,32.534,0,0,0,0,0,0,0,0,20.067,73.385,6.5481,0,0,0,0,0,0,0.045455,0.22727,0.72727,0,0,1,0,0,0,0,1,0,0,0
0,0,0,0,0,92.942,7.0583,0,0,0,0,0,0,0,0,17.573,58.069,24.358,0,0,0,0,0,0,0,0,35.048,60.115,4.8371,0,0,0,0,0,0,0.11538,0.65385,0.23077,0,0,1,0,0,0,0,1,0,0,0
13.014,3.3832,7.892,9.7376,3.902,33.47,4.5087,0,18.166,0,5.9272,9.9518,8.4211,3.4753,3.902,5.207,40.9,5.3459,6.726,6.5724,0,9.499,0,7.8353,7.8701,4.4938,7.8,39.397,4.0943,1.8548,11.279,8.7093,6.6668,0,0,0,0.80952,0.19048,0,0,1,0,0,0,0,1,0,0,0
14.508,6.241,12.695,4.4411,4.0278,37.198,6.1215,0,12.71,0,2.0582,8.03,4.3049,7.3067,5.2801,3.629,42.402,4.3901,7.6687,9.8343,0,7.1546,0,6.1028,9.3638,6.6039,7.3974,39.256,4.1353,0.92165,6.0901,11.159,8.9703,0,1,0,0,0,0,0,0,1,0,0,0,0,1,0,0
2.9377,0,0,0,13.245,64.501,16.82,0,0,0,2.4965,0,1.5169,3.9479,8.4025,0,64.652,1.4011,9.3821,3.9479,5.349,1.4011,0,0,0,18.221,13.867,52.17,2.4965,3.9479,0,9.2969,0,0,1,0,0,0,0,0,0,1,0,0,0,0,1,0,0
4.1204,0,1.5337,0.86225,3.8245,67.18,16.068,0,0,0,6.411,1.5337,5.5487,0.98741,8.2135,2.3959,68.689,0.86225,8.9321,0.98741,0.98741,0.86225,0,0.86225,0,16.068,17.817,54.346,6.411,0.98741,1.5337,1.9748,0,0,1,0,0,0,0,0,0,1,0,0,0,0,1,0,0
3.1864,0.63065,0,0.63065,3.2131,76.233,9.7888,2.6678,0.63065,1.3953,1.6241,2.0371,2.6678,0.81719,5.5716,0,76.072,1.3922,5.6276,0.81719,2.2094,2.7875,1.2613,0,0,9.9085,6.3888,70.873,1.6241,0.81719,0.63065,6.459,2.0371,1,0,0,0,0,0,0,0.90698,0.093023,0,0,0,1,0,0,0
3.965,1.3685,1.0193,1.3685,0,78.698,8.7659,2.2918,1.3685,0,1.1544,1.9426,3.4462,0,5.2643,1.0193,79.103,1.3685,5.1194,0,1.3685,1.3685,2.737,0,0,7.8427,8.4573,74.206,1.1544,0,2.3878,2.2918,0.92327,1,0,0,0,0,0,0,0.92045,0.079545,0,0,0,1,0,0,0
16.796,0,0.65944,5.531,4.8716,52.371,6.4196,0,3.2547,0,10.097,3.2547,5.885,1.2764,8.151,4.2121,53.838,6.148,11.704,0,0,5.531,0,5.531,0,5.7602,15.929,57.449,10.097,0.65944,3.2547,1.3189,0,0,1,0,0,0,0,0,0,1,0,0,0,0,1,0,0
10.377,2.6935,9.3709,3.6468,3.7054,57.412,2.3576,0,5.0486,0,5.389,4.5973,3.2359,1.661,6.309,6.412,59.465,2.9,8.5009,2.4162,0,4.5024,0,4.4522,4.5817,1.6108,8.1138,61.3,5.1116,0.74685,3.7416,6.013,4.3289,0,1,0,0,0,0,0,0,1,0,0,0,0,1,0,0
4.8727,0,2.2393,0,0,87.441,2.4576,2.1868,0.80245,0,0,3.0417,0,0.80245,1.0285,2.2393,86.631,0.80245,3.2678,0,0,2.1868,0,1.0934,0,3.551,7.112,85.202,0,0,3.0417,0,0,1,0,0,0,0,0,0,0.925,0.075,0,0,0,0.9875,0.0125,0,0
4.1825,0,7.1216,0,0,82.844,0,0,5.8522,0,0,2.5494,0,1.6331,1.9863,4.0872,86.146,1.6331,0.91625,1.0481,0,0,0,0,0,0,5.0988,81.927,0,0,2.5494,4.2191,6.2053,0,1,0,0,0,0,0,0,1,0,0,0,0,1,0,0
10.208,6.2952,14.051,0,0.96277,50.413,1.9255,0,14.595,0,1.5492,6.1145,5.3244,8.5549,0.96277,2.5119,56.163,1.9136,3.4747,10.779,0,4.2008,0,3.7832,8.8071,6.9956,3.2124,51.963,0.96277,0,2.2496,14.387,7.6401,0,0.38889,0.074074,0.35185,0.18519,0,0,0.38889,0.61111,0,0,0,0.61111,0.38889,0,0
0,1.8446,8.1776,0,0,80.511,0,0,9.4668,0,0,1.0612,7.3885,4.2105,0,0,82.589,1.8446,1.8446,0,0,1.0612,0,0,1.8446,0,0,80.511,0,0,0,4.2007,13.444,0,0,0.074074,0.049383,0.87654,0,0,1,0,0,0,0,1,0,0,0
0,0,4.625,0,0,89.47,0,0,5.9047,0,0,1.7796,3.7266,1.0658,0,0,91.648,1.7796,0,0,0,0,0,0,0,0,0,89.47,0,0,0,3.9577,6.572,0,0,0,0.22892,0.77108,0,0,1,0,0,0,0,1,0,0,0
1.6622,4.5984,13.73,0,0,71.149,0,0,6.2246,0,2.6354,1.9386,4.5984,2.5735,4.0843,2.6354,74.58,3.9016,4.5984,0,0,1.0902,0,0,7.2338,0,1.6622,73.784,0,0,0.83111,5.6282,10.86,0,0.12821,0.025641,0.48718,0.35897,0,0,0.64103,0.35897,0,0,0,0.87179,0.12821,0,0
0,0,18.548,0,0,76.357,0,0,5.0949,0,0,5.398,1.3483,1.8702,2.941,0,80.104,3.5278,0,0,0,4.8112,0,0,0,0,0,76.357,0,0,0,13.956,9.6873,0,0,0,0.11765,0.88235,0,0,1,0,0,0,0,1,0,0,0
0,0,9.1635,0,0,88.881,0,0,1.9551,0,0,2.0518,1.0764,2.8108,1.1245,0,89.76,1.1731,0,0,0,2.0032,0,0,0,0,0,88.881,0,0,0,4.9338,6.1848,0,0,0.01,0.24,0.75,0,0,1,0,0,0,0,1,0,0,0
4.4758,1.1857,14.938,0,0,69.416,0,0,8.7984,0,1.1857,4.8874,1.1857,4.8874,1.5394,3.911,75.977,2.2379,1.1857,0,0,4.1889,0,0,2.3715,0,4.4758,70.602,0,0,2.2379,13.399,6.9141,0,0.75758,0,0.015152,0.22727,0,0,0.24242,0.75758,0,0,0,0.24242,0.75758,0,0
0,0,11.889,0,0,84.721,0,0,3.3897,0,0,1.2,0,4.2161,1.9149,3.358,88.111,0,0,0,0,1.2,0,0,0,0,0,84.721,0,0,0,5.7897,9.4891,0,0,0,0.19318,0.80682,0,0,1,0,0,0,0,1,0,0,0
0,0,6.9392,0,0,89.041,0,0,4.0196,0,0,0,0,1.1171,2.2148,1.3924,93.061,0,0,0,0,2.2148,0,0,0,0,0,89.041,0,0,0,6.2344,4.7244,0,0,0.010526,0.26316,0.72632,0,0,1,0,0,0,0,1,0,0,0
1.6481,0,7.304,0,0,87.069,0,0,3.9785,0,0,0.82405,0,0.82405,3.0043,1.9685,90.224,0.82405,0,2.3313,0,0,0,0,0,0,1.6481,87.069,0,0,0.82405,3.1545,7.304,0,0.58491,0,0.13208,0.28302,0,0,0.41509,0.58491,0,0,0,0.41509,0.58491,0,0
0,0,14.235,0,0,80.085,0,0,5.6795,0,0,2.6434,0,0,3.3622,2.2239,85.765,0,0,2.6434,0,3.3622,0,0,0,0,0,80.085,0,0,0,11.685,8.2295,0,0,0.079545,0.23864,0.68182,0,0,1,0,0,0,0,1,0,0,0
0,0,7.9309,0,0,89.478,0,0,2.5914,0,0,1.0358,0,0,1.1579,3.5435,92.069,0,0,1.0358,0,1.1579,0,0,0,0,0,89.478,0,0,0,4.7852,5.7372,0,0,0.021053,0.25263,0.72632,0,0,1,0,0,0,0,1,0,0,0
0,0,0,0,0,100,0,0,0,0,0,0,0,0,0,3.5684,73.399,23.033,0,0,0,0,0,0,0,0,41.834,48.939,9.2261,0,0,0,0,0.066667,0.1,0.46667,0.36667,0,0,0,1,0,0,0,0,1,0,0,0
0,0,0,0,0,99.126,0.87436,0,0,0,0,0,0,0,0,5.1719,53.117,41.711,0,0,0,0,0,0,0,0,19.913,48.413,31.674,0,0,0,0,0,0,0.025641,0.28205,0.69231,0,0,1,0,0,0,0,1,0,0,0
0,0,0,0,0,98.813,1.1869,0,0,0,0,0,0,0,0,6.2093,62.272,31.518,0,0,0,0,0,0,0,0,33.008,49.343,17.649,0,0,0,0,0.019231,0.038462,0.057692,0.32692,0.55769,0,0,1,0,0,0,0,1,0,0,0
0,0,0,0,0,96.813,3.1872,0,0,0,0,0,0,0,0,10.017,60.606,29.377,0,0,0,0,0,0,0,0,30.429,63.705,5.8657,0,0,0,0,0.076923,0.35897,0.30769,0.25641,0,0,0,1,0,0,0,0,1,0,0,0
0,0,0,0,0,98.808,1.1924,0,0,0,0,0,0,0,0,9.6111,64.592,25.797,0,0,0,0,0,0,0,0,23.552,68.87,7.5788,0,0,0,0,0,0,0,0.14286,0.85714,0,0,1,0,0,0,0,1,0,0,0
0,0,0,0,0,98.235,1.765,0,0,0,0,0,0,0,0,9.7127,68.85,21.437,0,0,0,0,0,0,0,0,30.793,58.927,10.28,0,0,0,0,0,0.047619,0.16667,0.45238,0.33333,0,0,1,0,0,0,0,1,0,0,0
0,0,0,0,0,100,0,0,0,0,0,0,0,0,0,0,100,0,0,0,0,0,0,0,0,0,0,100,0,0,0,0,0,0,0,0,0.14563,0.85437,0,0,1,0,0,0,0,1,0,0,0
0,0,0,0,0,100,0,0,0,0,0,0,0,0,0,0,100,0,0,0,0,0,0,0,0,0,0,100,0,0,0,0,0,0,0,0,0.22581,0.77419,0,0,1,0,0,0,0,1,0,0,0
0,0,0,0,0,100,0,0,0,0,0,0,0,0,0,0,100,0,0,0,0,0,0,0,0,0,0,100,0,0,0,0,0,0,0,0,0.25263,0.74737,0,0,1,0,0,0,0,1,0,0,0
0,0,0,0,0,100,0,0,0,0,0,0,0,0,0,0,100,0,0,0,0,0,0,0,0,0,0,100,0,0,0,0,0,0,0,0.056818,0.18182,0.76136,0,0,1,0,0,0,0,1,0,0,0
0,0,0,0,0,100,0,0,0,0,0,0,0,0,0,0,100,0,0,0,0,0,0,0,0,0,0,100,0,0,0,0,0,0,0,0,0.15789,0.84211,0,0,1,0,0,0,0,1,0,0,0
0,0,0,0,0,100,0,0,0,0,0,0,0,0,0,0,100,0,0,0,0,0,0,0,0,0,0,100,0,0,0,0,0,0,0,0,0.15054,0.84946,0,0,1,0,0,0,0,1,0,0,0
0,0,0,0,0,100,0,0,0,0,0,0,0,0,0,0,100,0,0,0,0,0,0,0,0,0,0,100,0,0,0,0,0,0,0,0,0.24242,0.75758,0,0,1,0,0,0,0,1,0,0,0
0,0,0,0,0,100,0,0,0,0,0,0,0,0,0,0,100,0,0,0,0,0,0,0,0,0,0,100,0,0,0,0,0,0,0,0.02381,0.20238,0.77381,0,0,1,0,0,0,0,1,0,0,0
0,0,0,0,0,100,0,0,0,0,0,0,0,0,0,0,100,0,0,0,0,0,0,0,0,0,0,100,0,0,0,0,0,0,0,0,0.31461,0.68539,0,0,1,0,0,0,0,1,0,0,0
0,0,0,0,0,100,0,0,0,0,0,0,0,0,0,0,100,0,0,0,0,0,0,0,0,0,0,100,0,0,0,0,0,0,0,0,0.26087,0.73913,0,0,1,0,0,0,0,1,0,0,0
0,0,0,0,0,100,0,0,0,0,0,0,0,0,0,0,100,0,0,0,0,0,0,0,0,0,0,100,0,0,0,0,0,0.027027,0.013514,0.054054,0.2027,0.7027,0,0,1,0,0,0,0,1,0,0,0
0,0,0,0,0,100,0,0,0,0,0,0,0,0,0,0,100,0,0,0,0,0,0,0,0,0,0,100,0,0,0,0,0,0,0,0.033708,0.1573,0.80899,0,0,1,0,0,0,0,1,0,0,0
0,0,0,0,0,100,0,0,0,0,0,0,0,0,0,0,100,0,0,0,0,0,0,0,0,0,0,100,0,0,0,0,0,0,0,0.028846,0.125,0.84615,0,0,1,0,0,0,0,1,0,0,0
0,0,0,0,0,100,0,0,0,0,0,0,0,0,0,0,100,0,0,0,0,0,0,0,0,0,0,100,0,0,0,0,0,0,0,0,0.33333,0.66667,0,0,1,0,0,0,0,1,0,0,0
0,0,0,0,0,100,0,0,0,0,0,0,0,0,0,0,100,0,0,0,0,0,0,0,0,0,0,100,0,0,0,0,0,0,0,0.10976,0.10976,0.78049,0,0,1,0,0,0,0,1,0,0,0
0,0,0,0,0,100,0,0,0,0,0,0,0,0,0,0,100,0,0,0,0,0,0,0,0,0,0,100,0,0,0,0,0,0,0,0.012346,0.24691,0.74074,0,0,1,0,0,0,0,1,0,0,0
0,0,0,0,0,100,0,0,0,0,0,0,0,0,0,0,100,0,0,0,0,0,0,0,0,0,0,100,0,0,0,0,0,0,0,0.02439,0.15854,0.81707,0,0,1,0,0,0,0,1,0,0,0
0,0,0,0,0,100,0,0,0,0,0,0,0,0,0,0,100,0,0,0,0,0,0,0,0,0,0,100,0,0,0,0,0,0,0,0.081633,0.12245,0.79592,0,0,1,0,0,0,0,1,0,0,0
0,0,0,0,0,100,0,0,0,0,0,0,0,0,0,0,100,0,0,0,0,0,0,0,0,0,0,100,0,0,0,0,0,0,0,0,0.21333,0.78667,0,0,1,0,0,0,0,1,0,0,0
0,0,0,0,0,100,0,0,0,0,0,0,0,0,0,0,100,0,0,0,0,0,0,0,0,0,0,100,0,0,0,0,0,0,0,0.017241,0.41379,0.56897,0,0,1,0,0,0,0,1,0,0,0
0,0,0,0,0,100,0,0,0,0,0,0,0,0,0,0,100,0,0,0,0,0,0,0,0,0,0,100,0,0,0,0,0,0,0,0.013158,0.25,0.73684,0,0,1,0,0,0,0,1,0,0,0
0,0,0,0,0,100,0,0,0,0,0,0,0,0,0,0,100,0,0,0,0,0,0,0,0,0,0,100,0,0,0,0,0,0,0,0,0.21667,0.78333,0,0,1,0,0,0,0,1,0,0,0
0,0,0,0,0,100,0,0,0,0,0,0,0,0,0,0,100,0,0,0,0,0,0,0,0,0,0,100,0,0,0,0,0,0,0,0,0.19355,0.80645,0,0,1,0,0,0,0,1,0,0,0
0,0,0,0,0,100,0,0,0,0,0,0,0,0,0,0,100,0,0,0,0,0,0,0,0,0,0,100,0,0,0,0,0,0,0,0.040816,0.38776,0.57143,0,0,1,0,0,0,0,1,0,0,0
0,0,0,0,0,93.65,6.35,0,0,0,0,0,0,0,0,17.426,55.876,26.698,0,0,0,0,0,0,0,0,34.688,61.103,4.2092,0,0,0,0,0,0,0,0.38095,0.61905,0,0,1,0,0,0,0,1,0,0,0
0,0,0,0,0,100,0,0,0,0,0,0,0,0,0,0,100,0,0,0,0,0,0,0,0,0,0,100,0,0,0,0,0,0,0,0,0.07619,0.92381,0,0,1,0,0,0,0,1,0,0,0
0,0,0,0,0,100,0,0,0,0,0,0,0,0,0,0,100,0,0,0,0,0,0,0,0,0,0,100,0,0,0,0,0,0,0,0,0.11966,0.88034,0,0,1,0,0,0,0,1,0,0,0
0,0,0,0,0,98.13,0,0,1.8698,0,0,0,0,0,0,0,100,0,0,0,0,0,0,0,0,0,0,98.13,0,0,0,1.8698,0,0,0,0,0.13861,0.86139,0,0,1,0,0,0,0,1,0,0,0
0,0,0,0,0,100,0,0,0,0,0,0,0,0,0,0,100,0,0,0,0,0,0,0,0,0,0,100,0,0,0,0,0,0,0,0.051546,0.20619,0.74227,0,0,1,0,0,0,0,1,0,0,0
0,0,0,0,0,100,0,0,0,0,0,0,0,0,0,0,100,0,0,0,0,0,0,0,0,0,0,100,0,0,0,0,0,0,0,0.010638,0.074468,0.91489,0,0,1,0,0,0,0,1,0,0,0
0,0,0,0,0,100,0,0,0,0,0,0,0,0,0,0,100,0,0,0,0,0,0,0,0,0,0,100,0,0,0,0,0,0,0,0,0.3125,0.6875,0,0,1,0,0,0,0,1,0,0,0
0,0,0,0,0,100,0,0,0,0,0,0,0,0,0,0,100,0,0,0,0,0,0,0,0,0,0,100,0,0,0,0,0,0,0,0.0097087,0.19417,0.79612,0,0,1,0,0,0,0,1,0,0,0
0,0,0,0,0,100,0,0,0,0,0,0,0,0,0,0,100,0,0,0,0,0,0,0,0,0,0,100,0,0,0,0,0,0,0,0,0.22472,0.77528,0,0,1,0,0,0,0,1,0,0,0
0,0,0,0,0,98.134,0,0,1.8659,0,0,0,0,0,0,0,100,0,0,0,0,0,0,0,0,0,0,98.134,0,0,0,1.8659,0,0,0,0,0.16364,0.83636,0,0,1,0,0,0,0,1,0,0,0
0,0,0,0,0,100,0,0,0,0,0,0,0,0,0,0,100,0,0,0,0,0,0,0,0,0,0,100,0,0,0,0,0,0,0,0,0.19,0.81,0,0,1,0,0,0,0,1,0,0,0
0,0,0,0,0,97.28,0,0,2.7203,0,0,0,0,0,0,0,100,0,0,0,0,0,0,0,0,0,0,97.28,0,0,0,2.7203,0,0,0,0,0.27619,0.72381,0,0,1,0,0,0,0,1,0,0,0
0,0,0,0,0,100,0,0,0,0,0,0,0,0,0,0,100,0,0,0,0,0,0,0,0,0,0,100,0,0,0,0,0,0,0,0.051546,0.25773,0.69072,0,0,1,0,0,0,0,1,0,0,0
0,0,0,0,0,100,0,0,0,0,0,0,0,0,0,0,100,0,0,0,0,0,0,0,0,0,0,100,0,0,0,0,0,0,0,0,0.23333,0.76667,0,0,1,0,0,0,0,1,0,0,0
0,0,0,0,0,100,0,0,0,0,0,0,0,0,0,0,100,0,0,0,0,0,0,0,0,0,0,100,0,0,0,0,0,0,0,0,0.13793,0.86207,0,0,1,0,0,0,0,1,0,0,0
0,0,0,0,0,100,0,0,0,0,0,0,0,0,0,0,100,0,0,0,0,0,0,0,0,0,0,100,0,0,0,0,0,0,0,0.021053,0.16842,0.81053,0,0,1,0,0,0,0,1,0,0,0
0,0,0,0,0,100,0,0,0,0,0,0,0,0,0,0,100,0,0,0,0,0,0,0,0,0,0,100,0,0,0,0,0,0,0,0.022727,0.28409,0.69318,0,0,1,0,0,0,0,1,0,0,0
0,0,0,0,0,100,0,0,0,0,0,0,0,0,0,0,100,0,0,0,0,0,0,0,0,0,0,100,0,0,0,0,0,0,0,0.013158,0.039474,0.94737,0,0,1,0,0,0,0,1,0,0,0
0,0,0,0,0,100,0,0,0,0,0,0,0,0,0,0,100,0,0,0,0,0,0,0,0,0,0,100,0,0,0,0,0,0,0,0,0.19643,0.80357,0,0,1,0,0,0,0,1,0,0,0
0,0,0,0,0,100,0,0,0,0,0,0,0,0,0,0,100,0,0,0,0,0,0,0,0,0,0,100,0,0,0,0,0,0,0,0,0.054795,0.94521,0,0,1,0,0,0,0,1,0,0,0
0,0,0,0,0,100,0,0,0,0,0,0,0,0,0,0,100,0,0,0,0,0,0,0,0,0,0,100,0,0,0,0,0,0,0,0.036364,0.4,0.56364,0,0,1,0,0,0,0,1,0,0,0
0,0,0,0,0,100,0,0,0,0,0,0,0,0,0,0,100,0,0,0,0,0,0,0,0,0,0,100,0,0,0,0,0,0,0,0,0.22059,0.77941,0,0,1,0,0,0,0,1,0,0,0
0,0,0,0,0,100,0,0,0,0,0,0,0,0,0,0,100,0,0,0,0,0,0,0,0,0,0,100,0,0,0,0,0,0,0,0.017241,0.2931,0.68966,0,0,1,0,0,0,0,1,0,0,0
0,0,0,0,0,100,0,0,0,0,0,0,0,0,0,0,100,0,0,0,0,0,0,0,0,0,0,100,0,0,0,0,0,0,0,0,0.29508,0.70492,0,0,1,0,0,0,0,1,0,0,0
0,0,0,0,0,100,0,0,0,0,0,0,0,0,0,0,100,0,0,0,0,0,0,0,0,0,0,100,0,0,0,0,0,0,0,0,0.35849,0.64151,0,0,1,0,0,0,0,1,0,0,0
2.3359,3.2328,2.3854,2.9207,2.6975,57.022,9.9199,12.973,1.3747,2.3359,2.802,8.8654,4.7789,2.6975,0,2.3854,59.934,4.5994,4.1191,0,3.8264,8.7935,12.915,7.714,5.9222,6.0878,0,57.022,0.94383,0,1.3747,7.1811,0.83932,1,0,0,0,0,0,0,1,0,0,0,0,1,0,0,0
0,2.2181,6.5302,2.7414,3.2507,44.694,12.034,25.399,0.45731,0.45731,2.2181,12.551,6.159,2.7934,1.6068,6.0853,45.69,7.5752,2.1821,0.45731,5.0489,9.8508,16.83,14.208,10.369,4.9375,0.69215,42.617,0.45731,0.91462,0.91462,5.135,2.9243,0.98291,0.017094,0,0,0,0,0,1,0,0,0,0,1,0,0,0
0.95332,8.8552,8.4024,1.7456,4.5083,29.289,12.501,26.957,1.4988,0.62324,4.6666,8.6318,6.0701,6.0267,10.406,13.889,25.496,10.623,4.8984,2.7649,6.3963,4.7971,27.441,24.465,19.087,1.9504,4.8932,11.351,0.87003,1.4764,1.8922,4.929,1.6444,0.48214,0.51786,0,0,0,0,0,0.82143,0.17857,0,0,0,0.83929,0.16071,0,1
3.6001,4.427,8.8334,3.8518,3.9847,24.429,12.549,31.376,3.4471,1.7858,1.7165,15.439,7.1193,6.7212,7.0295,5.386,23.859,9.6181,5.8238,2.6299,9.0423,7.3319,20.134,19.952,14.527,2.6329,0.56978,21.875,1.1467,3.5715,3.3158,6.8917,5.384,1,0,0,0,0,0,0,1,0,0,0,0,1,0,0,0
2.641,6.3492,9.1651,6.3576,3.7443,30.291,9.2553,23.721,3.3723,1.4099,3.6934,13.002,9.6854,5.1751,7.4769,7.4013,28.907,7.894,3.2842,2.5611,6.2516,8.3616,22.52,24.093,11.322,1.3755,1.9125,22.838,1.3629,3.1034,3.3989,6.6723,1.4019,0.57895,0.42105,0,0,0,0,0,1,0,0,0,0,1,0,0,1
7.4814,4.7573,4.8374,3.8665,4.8074,25.415,13.842,27.529,3.7468,0.94218,2.7755,11.837,3.4456,11.038,11.169,8.7835,23.058,6.9302,5.1237,3.6079,8.1374,6.8689,27.238,26.971,13.425,3.9343,3.5164,10.56,1.2251,2.6305,1.1163,6.5483,2.8347,0.29457,0.70543,0,0,0,0,0,1,0,0,0,0,1,0,0,1
0,1.0166,0,1.0166,0,84.991,0.75078,11.209,1.0166,0,0,0,1.0166,0,0,0,85.741,1.0166,0,0,1.0166,11.209,2.0333,5.096,0,5.8468,0,84.991,0,0,1.0166,1.0166,0,1,0,0,0,0,0,0,1,0,0,0,0,1,0,0,0
0,0,6.0904,0,0,86.919,0,1.9689,5.0219,0,0,1.0685,0,0,0,1.3567,91.941,0,0,2.5967,1.0685,1.9689,0,0.98447,0,0.98447,0,86.919,0,0,0,6.0904,5.0219,0,1,0,0,0,0,0,0,1,0,0,0,0,1,0,0
0,1.4967,2.4203,3.0273,0.88968,75.684,3.4343,11.551,1.4967,0,0,3.4343,3.0273,0.88968,0,2.4203,75.684,4.8066,0.88968,0,4.0413,4.8066,9.6133,4.0752,4.1996,0.88968,0,75.684,0,0,1.4967,3.1517,0.88968,0.89655,0.10345,0,0,0,0,0,1,0,0,0,0,1,0,0,0
0,0,11.296,0,0,78.697,0,2.8265,7.1804,0,0,4.1157,0,0,0,0,85.877,0,0,3.0647,4.1157,2.8265,0,1.4133,0,1.4133,0,78.697,0,0,0,11.296,7.1804,0.056338,0.94366,0,0,0,0,0,0.16901,0.83099,0,0,0,0.19718,0.80282,0,0
13.435,1.4119,3.2083,4.1566,6.2324,29.412,12.866,16.342,7.5214,1.3846,4.03,13.6,1.5937,16.501,11.388,8.8358,27.807,2.6034,2.7255,5.0202,5.0083,4.9171,23.385,32.045,3.588,9.8744,4.0192,8.0087,3.7808,2.7692,6.2053,4.896,1.4284,0,1,0,0,0,0,0,1,0,0,0,0,1,0,0,1
5.8229,2.0681,5.3267,2.5927,3.9713,22.06,18.005,21.912,10.284,4.9699,2.987,20.902,3.1152,9.5142,14.014,2.3494,20.987,6.6196,5.4815,5.8889,4.2425,6.8857,22.049,22.786,3.6027,7.1016,1.5456,15.739,1.9661,11.543,2.8593,6.3742,4.4343,0.97196,0.028037,0,0,0,0,0,1,0,0,0,0,1,0,0,0
18.696,1.2284,4.764,3.9828,3.9031,35.353,5.5591,19.31,3.1938,0.8163,3.1933,14.545,2.0447,13.308,12.072,4.2271,32.599,2.6123,4.0868,2.7813,8.7521,2.9714,22.701,26.684,5.0933,4.5716,3.1665,22.713,2.7813,3.5366,2.8086,2.6742,3.2705,0.45652,0.54348,0,0,0,0,0,1,0,0,0,0,1,0,0,0
11.502,2.1242,8.7763,5.082,6.9065,25.322,8.696,18.297,9.5457,2.5635,1.1839,14.063,2.5391,11.257,15.232,2.5159,26.628,7.7551,4.3359,3.0336,10.08,2.5595,24.798,34.372,5.054,3.8189,4.5045,9.2549,0.89905,8.8537,3.3892,2.5821,2.4739,0,1,0,0,0,0,0,1,0,0,0,0,0.96774,0.032258,0,1
10.94,0,0,0,0,67.86,5.2249,11.817,2.7718,1.3859,0,7.5122,0,7.5859,7.5122,0,66.792,2.453,2.8456,1.3859,1.4597,2.453,10.793,8.218,2.5268,4.6666,0,66.792,0,2.7718,0,1.3859,2.8456,1,0,0,0,0,0,0,1,0,0,0,0,1,0,0,0
6.6321,0,0.63201,1.347,0.63201,61.8,9.632,11.989,4.6244,1.9962,0.71503,9.5805,0,5.9686,7.9992,1.4301,60.37,2.6282,3.3089,2.7112,3.2917,2.7112,11.408,11.889,1.3127,2.7112,1.347,57.044,0.71503,7.5528,0,2.7112,3.3089,1,0,0,0,0,0,0,1,0,0,0,0,1,0,0,0
15.007,0.52785,8.2877,7.361,5.9136,31.835,4.1659,15.767,7.7259,1.434,1.9753,11.204,1.0557,8.6329,17.772,4.476,28.94,6.8197,2.6714,2.8814,13.194,2.3536,33.148,34.183,0.97465,2.3536,7.6237,6.7261,1.9753,8.2538,1.0557,2.3536,1.353,0,1,0,0,0,0,0,0.89474,0.10526,0,0,0,0.89474,0.10526,0,1
5.8957,0,0,0,0,91.156,0,2.9478,0,0,0,2.9478,0,2.9478,2.9478,0,91.156,0,0,0,0,0,5.8957,0,0,2.9478,0,91.156,0,0,0,0,0,0.8961,0.1039,0,0,0,0,0,1,0,0,0,0,0.93506,0.064935,0,0
0,0,12.009,0,0,85.648,0,0,2.3425,0,0,7.6822,0,0,0,0,85.648,1.9847,2.3425,0,0,2.3425,0,0,0,0,0,85.648,0,0,0,2.3425,12.009,0,0.8871,0.1129,0,0,0,0,0.35484,0.64516,0,0,0,0.048387,0.95161,0,0
0,0,10.874,0,0,83.471,0,0,5.6553,0,0,4.337,0,0,0,2.2,89.126,0,0,1.6747,2.6623,0,0,0,0,0,0,83.471,0,0,0,9.9923,6.537,0,0.52083,0,0.041667,0.4375,0,0,0.47917,0.52083,0,0,0,0.47917,0.52083,0,0
0,0,11.341,0,0,80.622,0,0,8.0371,0,0,1.5331,0,0,0,2.8651,88.659,0,0,2.1731,4.77,0,0,0,0,0,0,80.622,0,0,0,9.5702,9.8082,0,0,0.10638,0.19149,0.70213,0,0,1,0,0,0,0,1,0,0,0
0,0,7.889,0,0,87.62,0,0,4.4908,0,0,2.1873,0,0,0,1.2188,92.111,0,0,3.2319,1.2509,0,0,0,0,0,0,87.62,0,0,0,6.6782,5.7017,0,0,0.02,0.23,0.75,0,0,1,0,0,0,0,1,0,0,0
0,0,8.671,0,0,87.068,0,0,4.2612,0,0,1.4055,0,0,0,0,91.329,0,0,4.5725,2.6931,0,0,0,0,0,0,87.068,0,0,0,5.6667,7.2655,0.0625,0.52083,0.020833,0.083333,0.3125,0,0,0.58333,0.41667,0,0,0,0.58333,0.41667,0,0
0,0,14.874,0,0,79.144,0,0,5.9824,0,0,9.3306,0,0,0,0,85.126,0,0,2.9061,2.6374,0,0,0,0,0,0,79.144,0,0,0,11.526,9.3306,0,0,0.042553,0.17021,0.78723,0,0,1,0,0,0,0,1,0,0,0
0,0,8.2499,0,0,88.808,0,0,2.9417,0,0,3.5159,0,0,0,0,91.75,0,0,1.1162,3.6177,0,0,0,0,0,0,88.808,0,0,0,5.2291,5.9625,0,0,0.009901,0.24752,0.74257,0,0,1,0,0,0,0,1,0,0,0
0,0,16.197,0,0,82.453,0,0,1.3504,0,0,14.023,0,0,0,0,82.453,0,1.3504,0,0,2.1736,0,0,0,0,0,82.453,0,0,0,1.3504,16.197,0,0.30303,0,0.15152,0.54545,0,0,0.72727,0.27273,0,0,0,0.72727,0.27273,0,0
0,0,15.75,0,0,78.649,0,0,5.6009,0,0,5.9871,0,0,0,0,79.77,0,4.4801,0,3.7759,5.9871,0,0,0,0,0,78.649,0,0,0,5.6009,15.75,0,0.036145,0.084337,0.084337,0.79518,0,0,1,0,0,0,0,0.93976,0.060241,0,0
0,0,6.3203,0,0,89.241,0,0,4.4389,0,0,3.7524,0,0,0,0,91.136,0,2.5433,0,1.4445,1.1234,0,0,0,0,0,89.241,0,0,0,4.4389,6.3203,0,0,0,0.2451,0.7549,0,0,1,0,0,0,0,1,0,0,0
0,0,20.294,0,0,72.44,0,0,7.2659,0,0,8.5291,0,0,0,0,72.44,3.2357,7.2659,0,0,8.5291,0,0,0,0,0,72.44,0,0,0,7.2659,20.294,0,0.66038,0.11321,0.037736,0.18868,0,0,0.50943,0.49057,0,0,0,0.22642,0.77358,0,1
0,0,17.008,0,0,77.389,0,0,5.6038,0,0,11.299,0,0,0,0,77.389,2.7581,5.6038,0,0,2.9508,0,0,0,0,0,77.389,0,0,0,8.3619,14.249,0,0,0,0.082474,0.91753,0,0,1,0,0,0,0,1,0,0,0
0,0,10.085,0,0,88.184,0,0,1.7304,0,0,5.8508,0,0,0,0,88.184,0,1.7304,0,0,4.2344,0,0,0,0,0,88.184,0,0,0,1.7304,10.085,0,0,0.010101,0.21212,0.77778,0,0,1,0,0,0,0,1,0,0,0
1.4853,0,0,0,0,95.315,2.4566,0.74266,0,0,0,2.4742,0,0.74266,0.74266,0,94.59,0.72505,0,0,0,0.72505,1.4853,0.72505,0.72505,0.74266,0,94.59,0,1.7315,0,0,0,1,0,0,0,0,0,0,1,0,0,0,0,1,0,0,0
3.4272,0,0,0,0,93.522,1.3377,1.7136,0,0,0,3.0513,0,1.7136,1.7136,0,93.522,0,0,0,0,0,3.4272,0,0,1.7136,0,93.522,0,1.3377,0,0,0,1,0,0,0,0,0,0,1,0,0,0,0,1,0,0,0
0,0,0,0,0,100,0,0,0,0,0,0,0,0,0,0,100,0,0,0,0,0,0,0,0,0,0,100,0,0,0,0,0,1,0,0,0,0,0,0,1,0,0,0,0,1,0,0,0
0,0,0,0,0,100,0,0,0,0,0,0,0,0,0,0,100,0,0,0,0,0,0,0,0,0,0,100,0,0,0,0,0,1,0,0,0,0,0,0,1,0,0,0,0,1,0,0,0
0,0,0,0,0,100,0,0,0,0,0,0,0,0,0,0,100,0,0,0,0,0,0,0,0,0,0,100,0,0,0,0,0,1,0,0,0,0,0,0,1,0,0,0,0,1,0,0,0
0,0,7.3167,0,0,91.712,0,0,0.97096,0,0,2.8876,0,0,0,0,92.683,3.4581,0,0,0.97096,0,0,0,0,0,0,91.712,0,0,0,1.9419,6.3457,0,1,0,0,0,0,0,0,1,0,0,0,0,1,0,0
0,0,0,0,0,100,0,0,0,0,0,0,0,0,0,0,100,0,0,0,0,0,0,0,0,0,0,100,0,0,0,0,0,1,0,0,0,0,0,0,1,0,0,0,0,1,0,0,0
0,0,9.024,0,0,88.514,0,0,2.4622,0,0,3.633,0,0,0,0,90.976,1.758,0,0,2.4622,1.1709,0,0,0,0,0,88.514,0,0,0,4.9243,6.5618,0,1,0,0,0,0,0,0,1,0,0,0,0,1,0,0
0,0,0,0,0,100,0,0,0,0,0,0,0,0,0,0,100,0,0,0,0,0,0,0,0,0,0,100,0,0,0,0,0,1,0,0,0,0,0,0,1,0,0,0,0,1,0,0,0
0,0,0,0,0,100,0,0,0,0,0,0,0,0,0,0,100,0,0,0,0,0,0,0,0,0,0,100,0,0,0,0,0,0.98765,0.012346,0,0,0,0,0,0.92593,0.074074,0,0,0,0.93827,0.061728,0,0
0,0,0,0,0,100,0,0,0,0,0,0,0,0,0,0,100,0,0,0,0,0,0,0,0,0,0,100,0,0,0,0,0,1,0,0,0,0,0,0,0.98462,0.015385,0,0,0,1,0,0,0
0,0,9.3046,0,0,88.956,0,0,1.7396,0,0,4.0913,0,0,1.122,0,89.892,0.80385,0,0,0.93576,3.1555,0,0,0,0,0,88.956,0,0,0,2.6754,8.3688,0,1,0,0,0,0,0,0,1,0,0,0,0,1,0,0
0,0,0,0,0,100,0,0,0,0,0,0,0,0,0,0,100,0,0,0,0,0,0,0,0,0,0,100,0,0,0,0,0,0.05,0.95,0,0,0,0,0,0,1,0,0,0,0.033333,0.96667,0,0
0,0,12.415,0,0,84.84,0,0,2.7444,0,0,4.0263,0,0,4.3629,0,84.84,2.7444,0,0,0,4.0263,0,0,0,0,0,84.84,0,0,0,2.7444,12.415,0,1,0,0,0,0,0,0,1,0,0,0,0,1,0,0
0,0,12.323,0,0,85.171,0,0,2.5057,0,0,8.1808,0,0,0,0,87.677,1.6367,0,0,2.5057,0,0,0,0,0,0,85.171,0,0,0,6.6481,8.1808,0,0.73333,0,0.066667,0.2,0,0,0.26667,0.73333,0,0,0,0.26667,0.73333,0,0
0,0,18.309,0,0,78.929,0,0,2.7625,0,0,8.0146,0,0,0,0,81.691,2.2794,0,0,5.3314,2.6832,0,0,0,0,0,78.929,0,0,0,4.1071,16.964,0,0,0.082353,0.22353,0.69412,0,0,1,0,0,0,0,1,0,0,0
0,0,8.2398,0,0,87.072,0,0,4.6882,0,0,4.1199,0,0,0,0,89.182,2.8065,2.5779,0,0,1.3135,0,0,0,0,0,87.072,0,0,0,7.4946,5.4334,0,0,0.010638,0.25532,0.73404,0,0,1,0,0,0,0,1,0,0,0
0,0,13.21,0,0,86.033,0,0,0.7569,0,0,5.089,0,0,0,0,86.79,4.2009,0,0,1.8295,2.091,0,0,0,0,0,86.033,0,0,0,1.9254,12.042,0,0.5,0,0.08,0.42,0,0,0.5,0.5,0,0,0,0.5,0.5,0,0
0,0,19.732,0,0,76.081,0,0,4.1876,0,0,9.8659,0,0,0,0,80.268,3.6843,0,0,1.9456,4.236,0,0,0,0,0,76.081,0,0,0,9.8174,14.102,0,0,0.032967,0.21978,0.74725,0,0,1,0,0,0,0,1,0,0,0
0,0,11.578,0,0,87.536,0,0,0.88595,0,0,5.7889,0,0,0,0,88.422,1.4422,0,0,3.3538,0.99292,0,0,0,0,0,87.536,0,0,0,3.2141,9.2497,0,0,0.019231,0.21154,0.76923,0,0,1,0,0,0,0,1,0,0,0
0,0,14.516,0,0,81.318,0,0,4.165,0,0,6.402,0,0,1.7125,0,83.247,2.237,0,0,2.9316,3.4704,0,0,0,0,0,81.318,0,0,0,6.0931,12.588,0,0.70909,0,0.072727,0.21818,0,0,0.29091,0.70909,0,0,0,0.29091,0.70909,0,0
0,0,19.739,0,0,76.596,0,0,3.6648,0,0,8.6138,0,0,2.5114,0,77.522,2.7385,0,0,3.1615,5.4523,0,0,0,0,0,76.596,0,0,0,3.6648,19.739,0,0,0.045455,0.29545,0.65909,0,0,1,0,0,0,0,1,0,0,0
0,0,10.297,0,0,85.667,0,0,4.0363,0,0,4.6592,0,0,0.97823,0,87.258,2.4452,0,0,1.3985,3.2607,0,0,0,0,0,85.667,0,0,0,4.0363,10.297,0,0,0,0.1573,0.8427,0,0,1,0,0,0,0,1,0,0,0
0,0,21.265,0,0,69.972,0,0,8.7628,0,0,10.333,0,0,0.60047,0,69.972,8.7628,0,0,0,10.333,0,0,0,0,0,69.972,0,0,0,8.7628,21.265,0,1,0,0,0,0,0,0,1,0,0,0,0,1,0,0
0,0,18.575,0,0,73.333,0,0,8.0918,0,0,6.1907,0,0,1.2191,0,73.333,8.0918,0,0,0,11.166,0,0,0,0,0,73.333,0,0,0,8.0918,18.575,0,0,0.05814,0.093023,0.84884,0,0,1,0,0,0,0,1,0,0,0
0,0,8.3128,0,0,87.089,0,0,4.5986,0,0,3.4092,0,0,1.4944,0,87.089,4.5986,0,0,0,3.4092,0,0,0,0,0,87.089,0,0,0,4.5986,8.3128,0,0,0,0.2439,0.7561,0,0,1,0,0,0,0,1,0,0,0
1.6975,4.5996,14.174,5.3825,2.4589,26.138,7.9192,30.08,1.4326,1.0513,5.0671,9.8742,9.1333,1.8751,9.3371,19.149,22.113,12.231,4.0663,1.5188,5.1584,5.5442,32.321,33.408,12.876,1.0354,6.3858,4.0658,1.5188,2.4838,2.1025,3.235,0.56791,0.11628,0.88372,0,0,0,0,0,1,0,0,0,0,1,0,0,1
0.98937,6.4599,11.153,6.5807,4.1237,23.914,10.22,34.138,1.0082,0.44649,0.96691,7.0973,6.8042,6.6389,10.659,12.97,23.416,7.2251,6.957,3.4082,7.7709,7.053,25.698,35.317,18.234,0.69525,3.8457,6.064,0.6952,1.139,1.2087,6.6576,0.44654,0.35294,0.64706,0,0,0,0,0,0.88235,0.11765,0,0,0,0.88235,0.11765,0,1
0,0,0,0,0,96.263,0,0,3.7372,0,0,0,0,0,0,0,100,0,0,0,0,0,0,0,0,0,0,96.263,0,0,0,3.7372,0,0,0,0.0095238,0.22857,0.7619,0,0,1,0,0,0,0,1,0,0,0
0,0,0,0,0,100,0,0,0,0,0,0,0,0,0,0,100,0,0,0,0,0,0,0,0,0,0,100,0,0,0,0,0,0,0,0.02,0.22,0.76,0,0,1,0,0,0,0,1,0,0,0
0,0,0,0,0,96.892,0,0,3.1078,0,0,0,0,0,0,0,100,0,0,0,0,0,0,0,0,0,0,96.892,0,0,0,3.1078,0,0,0,0,0.14706,0.85294,0,0,1,0,0,0,0,1,0,0,0
0,0,0,0,0,100,0,0,0,0,0,0,0,0,0,0,100,0,0,0,0,0,0,0,0,0,0,100,0,0,0,0,0,0,0,0,0.12727,0.87273,0,0,1,0,0,0,0,1,0,0,0
0,0,0,0,0,100,0,0,0,0,0,0,0,0,0,0,100,0,0,0,0,0,0,0,0,0,0,100,0,0,0,0,0,0,0,0.070707,0.11111,0.81818,0,0,1,0,0,0,0,1,0,0,0
0,0,0,0,0,100,0,0,0,0,0,0,0,0,0,0,100,0,0,0,0,0,0,0,0,0,0,100,0,0,0,0,0,0,0,0.011494,0.25287,0.73563,0,0,1,0,0,0,0,1,0,0,0
0,0,0,0,0,100,0,0,0,0,0,0,0,0,0,0,100,0,0,0,0,0,0,0,0,0,0,100,0,0,0,0,0,0,0,0.059406,0.079208,0.86139,0,0,1,0,0,0,0,1,0,0,0
0,0,0,0,0,100,0,0,0,0,0,0,0,0,0,0,100,0,0,0,0,0,0,0,0,0,0,100,0,0,0,0,0,0,0,0,0.25843,0.74157,0,0,1,0,0,0,0,1,0,0,0
0,0,0,0,0,97.85,0,0,2.1503,0,0,0,0,0,0,0,98.754,0,1.2457,0,0,0,0,0,0,0,0,97.85,0,0,0,2.1503,0,0,0,0,0.071429,0.92857,0,0,1,0,0,0,0,1,0,0,0
0,0,0,0,0,100,0,0,0,0,0,0,0,0,0,0,100,0,0,0,0,0,0,0,0,0,0,100,0,0,0,0,0,0,0,0.019802,0.14851,0.83168,0,0,1,0,0,0,0,1,0,0,0
0,0,0,0,0,97.729,0,0,2.2712,0,0,0,0,0,0,0,97.729,0,2.2712,0,0,0,0,0,0,0,0,97.729,0,0,0,2.2712,0,0,0,0,0.15179,0.84821,0,0,1,0,0,0,0,1,0,0,0
0,0,0,0,0,100,0,0,0,0,0,0,0,0,0,0,100,0,0,0,0,0,0,0,0,0,0,100,0,0,0,0,0,0,0,0.02439,0.2561,0.71951,0,0,1,0,0,0,0,1,0,0,0
0,0,0,0,0,100,0,0,0,0,0,0,0,0,0,0,100,0,0,0,0,0,0,0,0,0,0,100,0,0,0,0,0,0,0,0.010753,0.12903,0.86022,0,0,1,0,0,0,0,1,0,0,0
0,0,0,0,0,100,0,0,0,0,0,0,0,0,0,0,100,0,0,0,0,0,0,0,0,0,0,100,0,0,0,0,0,0,0,0,0.28235,0.71765,0,0,1,0,0,0,0,1,0,0,0
0,0,0,0,0,100,0,0,0,0,0,0,0,0,0,0,100,0,0,0,0,0,0,0,0,0,0,100,0,0,0,0,0,0,0,0,0.13592,0.86408,0,0,1,0,0,0,0,1,0,0,0
0,0,0,0,0,100,0,0,0,0,0,0,0,0,0,0,100,0,0,0,0,0,0,0,0,0,0,100,0,0,0,0,0,0,0,0,0.14286,0.85714,0,0,1,0,0,0,0,1,0,0,0
0,0,0,0,0,100,0,0,0,0,0,0,0,0,0,0,100,0,0,0,0,0,0,0,0,0,0,100,0,0,0,0,0,0,0,0.016949,0.20339,0.77966,0,0,1,0,0,0,0,1,0,0,0
0,0,0,0,0,100,0,0,0,0,0,0,0,0,0,0,100,0,0,0,0,0,0,0,0,0,0,100,0,0,0,0,0,0,0,0.031746,0.36508,0.60317,0,0,1,0,0,0,0,1,0,0,0
0,0,0,0,0,100,0,0,0,0,0,0,0,0,0,0,100,0,0,0,0,0,0,0,0,0,0,100,0,0,0,0,0,0,0,0.014286,0.17143,0.81429,0,0,1,0,0,0,0,1,0,0,0
0,0,0,0,0,100,0,0,0,0,0,0,0,0,0,0,100,0,0,0,0,0,0,0,0,0,0,100,0,0,0,0,0,0,0,0.018182,0.16364,0.81818,0,0,1,0,0,0,0,1,0,0,0
0,0,0,0,0,100,0,0,0,0,0,0,0,0,0,0,100,0,0,0,0,0,0,0,0,0,0,100,0,0,0,0,0,0,0,0,0.023256,0.97674,0,0,1,0,0,0,0,1,0,0,0
0,0,0,0,0,100,0,0,0,0,0,0,0,0,0,0,100,0,0,0,0,0,0,0,0,0,0,100,0,0,0,0,0,0,0,0.22727,0.25,0.52273,0,0,1,0,0,0,0,1,0,0,0
0,0,0,0,0,100,0,0,0,0,0,0,0,0,0,0,100,0,0,0,0,0,0,0,0,0,0,100,0,0,0,0,0,0,0,0.014925,0.10448,0.8806,0,0,1,0,0,0,0,1,0,0,0
0,0,0,0,0,100,0,0,0,0,0,0,0,0,0,0,100,0,0,0,0,0,0,0,0,0,0,100,0,0,0,0,0,0,0,0.13725,0.11765,0.7451,0,0,1,0,0,0,0,1,0,0,0
0,0,0,0,0,98.906,0,0,1.094,0,0,0,0,0,0,0,100,0,0,0,0,0,0,0,0,0,0,98.906,0,0,0,1.094,0,0,0,0,0.25,0.75,0,0,1,0,0,0,0,1,0,0,0
0,0,0,0,0,100,0,0,0,0,0,0,0,0,0,0,100,0,0,0,0,0,0,0,0,0,0,100,0,0,0,0,0,0,0,0.045455,0.15909,0.79545,0,0,1,0,0,0,0,1,0,0,0
0,0,0,0,0,98.079,0,0,1.9212,0,0,0,0,0,0,0,100,0,0,0,0,0,0,0,0,0,0,98.079,0,0,0,1.9212,0,0,0,0,0.2766,0.7234,0,0,1,0,0,0,0,1,0,0,0
0,0,0,0,0,100,0,0,0,0,0,0,0,0,0,0,100,0,0,0,0,0,0,0,0,0,0,100,0,0,0,0,0,0,0,0,0.28713,0.71287,0,0,1,0,0,0,0,1,0,0,0
0,0,0,0,0,100,0,0,0,0,0,0,0,0,0,0,100,0,0,0,0,0,0,0,0,0,0,100,0,0,0,0,0,0,0,0,0.24138,0.75862,0,0,1,0,0,0,0,1,0,0,0
0,0,0,0,0,100,0,0,0,0,0,0,0,0,0,0,100,0,0,0,0,0,0,0,0,0,0,100,0,0,0,0,0,0,0,0.028169,0.21127,0.76056,0,0,1,0,0,0,0,1,0,0,0
0,0,0,0,0,100,0,0,0,0,0,0,0,0,0,0,100,0,0,0,0,0,0,0,0,0,0,100,0,0,0,0,0,0,0,0.035294,0.16471,0.8,0,0,1,0,0,0,0,1,0,0,0
0,0,0,0,0,100,0,0,0,0,0,0,0,0,0,0,100,0,0,0,0,0,0,0,0,0,0,100,0,0,0,0,0,0,0,0,0.36486,0.63514,0,0,1,0,0,0,0,1,0,0,0
0,0,0,0,0,97.935,0,0,2.0645,0,0,0,0,0,0,0,98.86,1.1401,0,0,0,0,0,0,0,0,0,97.935,0,0,0,2.0645,0,0,0,0.022472,0.33708,0.64045,0,0,1,0,0,0,0,1,0,0,0
0,0,0,0,0,100,0,0,0,0,0,0,0,0,0,0,100,0,0,0,0,0,0,0,0,0,0,100,0,0,0,0,0,0,0,0.020202,0.19192,0.78788,0,0,1,0,0,0,0,1,0,0,0
0,0,0,0,0,98.253,0,0,1.7467,0,0,0,0,0,0,0,98.253,1.7467,0,0,0,0,0,0,0,0,0,98.253,0,0,0,1.7467,0,0,0,0,0.11628,0.88372,0,0,1,0,0,0,0,1,0,0,0
0,0,0,0,0,100,0,0,0,0,0,0,0,0,0,0,100,0,0,0,0,0,0,0,0,0,0,100,0,0,0,0,0,0,0,0,0.19753,0.80247,0,0,1,0,0,0,0,1,0,0,0
0,0,0,0,0,100,0,0,0,0,0,0,0,0,0,0,100,0,0,0,0,0,0,0,0,0,0,100,0,0,0,0,0,0,0,0.081395,0.12791,0.7907,0,0,1,0,0,0,0,1,0,0,0
0,0,0,0,0,100,0,0,0,0,0,0,0,0,0,0,100,0,0,0,0,0,0,0,0,0,0,100,0,0,0,0,0,0,0,0.013158,0.21053,0.77632,0,0,1,0,0,0,0,1,0,0,0
0,0,0,0,0,100,0,0,0,0,0,0,0,0,0,0,100,0,0,0,0,0,0,0,0,0,0,100,0,0,0,0,0,0,0,0.056338,0.11268,0.83099,0,0,1,0,0,0,0,1,0,0,0
0,0,0,0,0,100,0,0,0,0,0,0,0,0,0,0,100,0,0,0,0,0,0,0,0,0,0,100,0,0,0,0,0,0,0,0,0.14,0.86,0,0,1,0,0,0,0,1,0,0,0
0,0,0,0,0,100,0,0,0,0,0,0,0,0,0,0,100,0,0,0,0,0,0,0,0,0,0,100,0,0,0,0,0,0,0,0,0.19048,0.80952,0,0,1,0,0,0,0,1,0,0,0
0,0,0,0,0,100,0,0,0,0,0,0,0,0,0,0,100,0,0,0,0,0,0,0,0,0,0,100,0,0,0,0,0,0,0,0.23913,0.26087,0.5,0,0,1,0,0,0,0,1,0,0,0
0,0,0,0,0,100,0,0,0,0,0,0,0,0,0,0,100,0,0,0,0,0,0,0,0,0,0,100,0,0,0,0,0,0,0,0.014493,0.31884,0.66667,0,0,1,0,0,0,0,1,0,0,0
0,0,0,0,0,100,0,0,0,0,0,0,0,0,0,0,100,0,0,0,0,0,0,0,0,0,0,100,0,0,0,0,0,0,0,0.068182,0.11364,0.81818,0,0,1,0,0,0,0,1,0,0,0
0,0,0,0,0,100,0,0,0,0,0,0,0,0,0,0,100,0,0,0,0,0,0,0,0,0,0,100,0,0,0,0,0,0,0,0.074074,0.22222,0.7037,0,0,1,0,0,0,0,1,0,0,0
0,0,0,0,0,100,0,0,0,0,0,0,0,0,0,0,100,0,0,0,0,0,0,0,0,0,0,100,0,0,0,0,0,0,0,0.041667,0.25,0.70833,0,0,1,0,0,0,0,1,0,0,0
0,0,19.946,0,0,76.663,0,0,3.3914,0,0,6.3736,0,0,7.1989,0,76.663,3.3914,0,0,0,6.3736,0,0,0,0,0,76.663,0,0,0,3.3914,19.946,0,0,0,0.083333,0.91667,0,0,1,0,0,0,0,1,0,0,0
0,0,21.422,0,0,66.133,0,0,12.445,0,0,8.629,0,0,4.1636,0,66.133,12.445,0,0,0,8.629,0,0,0,0,0,66.133,0,0,0,12.445,21.422,0,0,0,0.088608,0.91139,0,0,1,0,0,0,0,1,0,0,0
0,0,17.652,0,0,76.966,0,0,5.3818,0,0,4.0798,0,0,2.0502,0,76.966,5.3818,0,0,0,11.522,0,0,0,0,0,76.966,0,0,0,5.3818,17.652,0,0,0,0.19048,0.80952,0,0,1,0,0,0,0,1,0,0,0
0,0,0,0,0,91.92,0,0,8.08,0,0,0,0,0,0,0,91.92,8.08,0,0,0,0,0,0,0,0,0,91.92,0,0,0,8.08,0,0,0,0,0.14062,0.85938,0,0,1,0,0,0,0,1,0,0,0
0.53952,0,12.304,10.867,18.105,39.387,3.5572,10.37,3.2086,0,1.6601,9.945,5.8202,0.64179,1.8745,13.888,24.648,13.206,16.694,0.51133,0.53952,12.231,11.124,8.3554,5.7467,7.4944,4.5661,11.893,8.0232,16.828,8.4124,16.915,0.64179,0,1,0,0,0,0,0,1,0,0,0,0,1,0,0,1
0,6.5429,17.561,6.5361,11.417,36.39,2.3932,4.1236,4.0303,5.6011,5.4047,13.944,3.3778,7.7213,12.404,5.0631,30.049,3.5314,4.5633,3.112,8.2623,7.9716,6.0451,12.013,5.7433,4.6696,1.5045,29.236,8.1915,9.6909,10.389,10.147,2.3697,0.25926,0.74074,0,0,0,0,0,0.18519,0.81481,0,0,0,0.25926,0.74074,0,0
13.738,4.7691,6.1713,3.045,3.4742,50.208,9.1801,0,7.0776,0,2.3373,9.9949,2.3373,3.596,5.7569,6.6005,48.813,3.1668,10.835,5.8549,0,3.045,0,4.9967,7.5865,7.6576,16.561,44.347,3.4232,1.5225,9.9949,3.9108,0,0,0.77778,0.074074,0.14815,0,0,0,0.37037,0.62963,0,0,0,0.37037,0.62963,0,0
3.0917,9.9157,9.8458,3.9269,5.1527,22.454,13.017,24.561,2.1421,0.65793,5.2349,6.9571,7.5544,8.5347,12.747,15.802,18.274,12.338,3.6685,3.7795,6.8219,3.5226,30.355,26.757,22.585,1.8489,5.1428,2.9851,1.1787,1.8817,2.2342,4.6225,0.40974,0.075,0.85,0.075,0,0,0,0,0.9,0.1,0,0,0,0.725,0.275,0,1
0,0,20.23,0,0,74.742,0,0,5.0285,0,0,4.6202,0,0,7.1791,0,74.742,5.0285,0,0,0,8.4303,0,0,0,0,0,74.742,0,0,0,5.0285,20.23,0,0,0,0.090909,0.90909,0,0,1,0,0,0,0,1,0,0,0
