h1,h2,h3,h4,h5,h6,h7,h8,h9,h10,h11,h12,h13,h14,h15,h16,h17,h18,h19,h20,h21,h22,h23,h24,h25,h26,h27,h28,h29,h30,h31,h32,h33,h34,h35,h36,h37,h38,h39,h40,h41,h42,h43,h44,h45,h46,h47,h48,label
0,0,0,0,0,100,0,0,0,0,0,0,0,0,0,0,100,0,0,0,0,0,0,0,0,0,0,100,0,0,0,0,0,0,0,0,0,1,0,0,1,0,0,0,0,1,0,0,0
0,0,0,0,0,100,0,0,0,0,0,0,0,0,0,0,100,0,0,0,0,0,0,0,0,0,0,100,0,0,0,0,0,0,0,0,0,1,0,0,1,0,0,0,0,1,0,0,0
0,0,0,0,0,100,0,0,0,0,0,0,0,0,0,0,100,0,0,0,0,0,0,0,0,0,0,100,0,0,0,0,0,0,0,0,0,1,0,0,1,0,0,0,0,1,0,0,0
0,0,0,0,0,100,0,0,0,0,0,0,0,0,0,0,100,0,0,0,0,0,0,0,0,0,0,100,0,0,0,0,0,0.032609,0.076087,0.076087,0.032609,0.78261,0,0,1,0,0,0,0,1,0,0,0
0,0,0,0,0,100,0,0,0,0,0,0,0,0,0,0,100,0,0,0,0,0,0,0,0,0,0,100,0,0,0,0,0,0,0.020619,0,0.030928,0.94845,0,0,1,0,0,0,0,1,0,0,0
0,0,0,0,0,100,0,0,0,0,0,0,0,0,0,0,100,0,0,0,0,0,0,0,0,0,0,100,0,0,0,0,0,0,0,0,0,1,0,0,1,0,0,0,0,1,0,0,0
0,0,0,0,0,100,0,0,0,0,0,0,0,0,0,0,100,0,0,0,0,0,0,0,0,0,0,100,0,0,0,0,0,0,0,0,0,1,0,0,1,0,0,0,0,1,0,0,0
0,0,0,0,0,100,0,0,0,0,0,0,0,0,0,0,100,0,0,0,0,0,0,0,0,0,0,100,0,0,0,0,0,0,0,0,0,1,0,0,1,0,0,0,0,1,0,0,0
0,0,0,0,0,100,0,0,0,0,0,0,0,0,0,0,100,0,0,0,0,0,0,0,0,0,0,100,0,0,0,0,0,0,0.16071,0.071429,0.071429,0.69643,0,0,1,0,0,0,0,1,0,0,0
0,0,0,0,0,100,0,0,0,0,0,0,0,0,0,0,100,0,0,0,0,0,0,0,0,0,0,100,0,0,0,0,0,0,0,0,0,1,0,0,1,0,0,0,0,1,0,0,0
0,0,0,0,0,100,0,0,0,0,0,0,0,0,0,0,100,0,0,0,0,0,0,0,0,0,0,100,0,0,0,0,0,0,0,0,0,1,0,0,1,0,0,0,0,1,0,0,0
0,0,0,0,0,100,0,0,0,0,0,0,0,0,0,0,100,0,0,0,0,0,0,0,0,0,0,100,0,0,0,0,0,0,0,0,0,1,0,0,1,0,0,0,0,1,0,0,0
0,0,0,0,0,100,0,0,0,0,0,0,0,0,0,0,100,0,0,0,0,0,0,0,0,0,0,92.302,7.6983,0,0,0,0,0,0,0,0,1,0,0,1,0,0,0,0,1,0,0,0
0,0,0,0,11.313,88.687,0,0,0,0,0,0,0,0,0,10.41,89.59,0,0,0,0,0,0,0,0,0,0,78.277,10.41,11.313,0,0,0,0,0.022222,0.044444,0.088889,0.84444,0,0,1,0,0,0,0,1,0,0,0
0,0,0,0,23.098,76.902,0,0,0,0,0,0,0,0,0,16.596,83.404,0,0,0,0,0,0,0,0,0,0,68.834,8.068,23.098,0,0,0,0,0.30769,0.15385,0.076923,0.46154,0,0,1,0,0,0,0,0.71795,0.28205,0,0
0,0,0,0,0,100,0,0,0,0,0,0,0,0,0,0,100,0,0,0,0,0,0,0,0,0,0,100,0,0,0,0,0,0,0,0,0,1,0,0,1,0,0,0,0,1,0,0,0
0,0,0,0,0,100,0,0,0,0,0,0,0,0,0,0,100,0,0,0,0,0,0,0,0,0,0,100,0,0,0,0,0,0,0,0,0,1,0,0,1,0,0,0,0,1,0,0,0
0,0,0,0,0,100,0,0,0,0,0,0,0,0,0,0,100,0,0,0,0,0,0,0,0,0,0,100,0,0,0,0,0,0,0,0,0,1,0,0,1,0,0,0,0,1,0,0,0
0,0,0,0,0,100,0,0,0,0,0,0,0,0,0,0,100,0,0,0,0,0,0,0,0,0,0,100,0,0,0,0,0,0,0,0,0,1,0,0,1,0,0,0,0,1,0,0,0
0,0,0,0,0,100,0,0,0,0,0,0,0,0,0,0,100,0,0,0,0,0,0,0,0,0,0,100,0,0,0,0,0,0,0,0,0.074074,0.92593,0,0,1,0,0,0,0,1,0,0,0
0,0,0,0,0,100,0,0,0,0,0,0,0,0,0,0,100,0,0,0,0,0,0,0,0,0,0,100,0,0,0,0,0,0,0,0,0,1,0,0,1,0,0,0,0,1,0,0,0
0,0,0,0,0,100,0,0,0,0,0,0,0,0,0,0,100,0,0,0,0,0,0,0,0,0,0,100,0,0,0,0,0,0,0,0,0.066667,0.93333,0,0,1,0,0,0,0,1,0,0,0
0,0,0,0,0,100,0,0,0,0,0,0,0,0,0,0,100,0,0,0,0,0,0,0,0,0,0,100,0,0,0,0,0,0,0,0,0,1,0,0,1,0,0,0,0,1,0,0,0
0,0,0,0,0,100,0,0,0,0,0,0,0,0,0,0,100,0,0,0,0,0,0,0,0,0,0,100,0,0,0,0,0,0,0,0,0,1,0,0,1,0,0,0,0,1,0,0,0
0,0,0,0,0,100,0,0,0,0,0,0,0,0,0,0,100,0,0,0,0,0,0,0,0,0,0,100,0,0,0,0,0,0,0,0,0,1,0,0,1,0,0,0,0,1,0,0,0
0,0,0,0,0,100,0,0,0,0,0,0,0,0,0,0,100,0,0,0,0,0,0,0,0,0,0,100,0,0,0,0,0,0,0,0,0,1,0,0,1,0,0,0,0,1,0,0,0
0,0,0,0,0,0,0,0,0,0,0,0,0,0,0,0,0,0,0,0,0,0,0,0,0,0,0,0,0,0,0,0,0,0,0,0,0,1,0,0,1,0,0,0,0,1,0,0,0
0,0,0,0,0,100,0,0,0,0,0,0,0,0,0,0,100,0,0,0,0,0,0,0,0,0,0,100,0,0,0,0,0,0,0,0,0.05,0.95,0,0,1,0,0,0,0,1,0,0,0
0,0,0,0,0,100,0,0,0,0,0,0,0,0,0,0,100,0,0,0,0,0,0,0,0,0,0,100,0,0,0,0,0,0,0,0,0,1,0,0,1,0,0,0,0,1,0,0,0
0,0,0,0,0,100,0,0,0,0,0,0,0,0,0,0,100,0,0,0,0,0,0,0,0,0,0,100,0,0,0,0,0,0,0,0,0.058824,0.94118,0,0,1,0,0,0,0,1,0,0,0
0,0,0,0,0,100,0,0,0,0,0,0,0,0,0,0,100,0,0,0,0,0,0,0,0,0,0,100,0,0,0,0,0,0,0,0,0,1,0,0,1,0,0,0,0,1,0,0,0
0,0,0,0,0,100,0,0,0,0,0,0,0,0,0,0,100,0,0,0,0,0,0,0,0,0,0,100,0,0,0,0,0,0,0,0,0,1,0,0,1,0,0,0,0,1,0,0,0
0,0,0,0,13.553,86.447,0,0,0,0,0,0,0,0,0,15.727,84.273,0,0,0,0,0,0,0,0,0,0,68.491,23.428,8.0812,0,0,0,0,0,0.009901,0.009901,0.9802,0,0,1,0,0,0,0,1,0,0,0
0,0,0,0,0,100,0,0,0,0,0,0,0,0,0,0,100,0,0,0,0,0,0,0,0,0,0,100,0,0,0,0,0,0,0,0,0,1,0,0,1,0,0,0,0,1,0,0,0
0,0,0,0,16.584,83.416,0,0,0,0,0,0,0,0,0,0,85.234,0,14.766,0,0,0,0,0,0,0,0,83.416,9.5166,7.0674,0,0,0,0,0,0,0,1,0,0,1,0,0,0,0,1,0,0,0
0,0,0,0,14.544,85.456,0,0,0,0,0,0,0,0,0,16.51,75.783,0,7.7068,0,0,0,0,0,0,0,0,68.946,24.217,6.8371,0,0,0,0,0.87097,0,0,0.12903,0,0,1,0,0,0,0,0.12903,0.87097,0,0
0,0,0,0,17.97,82.03,0,0,0,0,0,0,0,0,0,9.9343,80.552,0,9.5139,0,0,0,0,0,0,0,0,82.03,8.0354,9.9343,0,0,0,0,1,0,0,0,0,0,1,0,0,0,0,0,1,0,0
0,0,0,0,0,100,0,0,0,0,0,0,0,0,0,0,100,0,0,0,0,0,0,0,0,0,0,100,0,0,0,0,0,0,0,0,0,1,0,0,1,0,0,0,0,1,0,0,0
0,0,0,0,6.3987,93.601,0,0,0,0,0,0,0,0,0,0,90.822,0,9.178,0,0,0,0,0,0,0,0,93.601,6.3987,0,0,0,0,0,0,0,0,1,0,0,1,0,0,0,0,1,0,0,0
0,0,0,0,0,100,0,0,0,0,0,0,0,0,0,0,100,0,0,0,0,0,0,0,0,0,0,100,0,0,0,0,0,0,0,0,0,1,0,0,1,0,0,0,0,1,0,0,0
0,0,0,0,0,100,0,0,0,0,0,0,0,0,0,0,100,0,0,0,0,0,0,0,0,0,0,100,0,0,0,0,0,0,0,0,0,1,0,0,1,0,0,0,0,1,0,0,0
0,0,0,0,14.614,85.386,0,0,0,0,0,0,0,0,0,0,90.03,0,9.9695,0,0,0,0,0,0,0,0,85.386,14.614,0,0,0,0,0,0.52778,0.16667,0.027778,0.27778,0,0,1,0,0,0,0,0.47222,0.52778,0,0
0,0,0,0,0,100,0,0,0,0,0,0,0,0,0,0,93.546,0,6.4538,0,0,0,0,0,0,0,0,100,0,0,0,0,0,0,0.30303,0.090909,0,0.60606,0,0,1,0,0,0,0,0.69697,0.30303,0,0
0,0,0,0,0,100,0,0,0,0,0,0,0,0,0,0,100,0,0,0,0,0,0,0,0,0,0,100,0,0,0,0,0,0,0,0.052632,0.087719,0.85965,0,0,1,0,0,0,0,1,0,0,0
0,0,0,0,0,100,0,0,0,0,0,0,0,0,0,0,100,0,0,0,0,0,0,0,0,0,0,91.195,8.8051,0,0,0,0,0,0.98529,0.014706,0,0,0,0,1,0,0,0,0,1,0,0,0
0,0,0,0,0,87.815,0,0,12.185,0,0,0,0,0,0,0,94.855,5.1445,0,0,0,0,0,0,0,0,0,77.526,10.289,0,0,0,12.185,0,0.66216,0,0,0.33784,0,0,1,0,0,0,0,1,0,0,0
0,0,0,0,0,100,0,0,0,0,0,0,0,0,0,9.3321,73.03,17.638,0,0,0,0,0,0,0,0,0,64.724,35.276,0,0,0,0,0,1,0,0,0,0,0,1,0,0,0,0,1,0,0,0
0,0,0,0,0,100,0,0,0,0,0,0,0,0,0,16.002,78.108,5.8908,0,0,0,0,0,0,0,0,0,62.739,37.261,0,0,0,0,0,1,0,0,0,0,0,1,0,0,0,0,1,0,0,0
0,0,0,0,0,91.932,0,0,8.0676,0,0,0,0,0,0,6.8026,86.395,6.8026,0,0,0,0,0,0,0,0,0,68.587,23.346,0,0,0,8.0676,0,1,0,0,0,0,0,1,0,0,0,0,1,0,0,0
0,0,0,0,0,91.771,0,0,8.2285,0,0,0,0,0,0,14.467,71.065,14.467,0,0,0,0,0,0,0,0,0,62.836,28.935,0,0,0,8.2285,0,1,0,0,0,0,0,1,0,0,0,0,1,0,0,0
0,0,5.2279,0,0,86.299,0,0,8.473,0,0,0,0,0,0,10.498,84.274,5.2279,0,0,0,0,0,5.2279,0,0,5.2279,70.573,10.498,0,0,0,8.473,0,1,0,0,0,0,0,1,0,0,0,0,1,0,0,0
0,0,6.0929,0,0,71.699,0,0,22.208,0,0,6.0929,0,0,0,0,87.814,2.9862,0,3.1067,0,0,0,2.9862,3.1067,0,10.307,61.391,0,0,6.0929,0,16.115,0,1,0,0,0,0,0,1,0,0,0,0,1,0,0,0
0,0,15.85,0,6.8684,49.523,0,0,27.759,0,0,19.885,0,0,0,0,47.038,15.85,0,17.227,0,0,0,5.4909,10.359,0,18.408,31.115,0,0,19.885,6.8684,7.8737,0.11111,0.88889,0,0,0,0,0,1,0,0,0,0,1,0,0,0
0,0,0,0,0,73.471,0,0,26.529,0,0,0,0,0,0,0,100,0,0,0,0,0,0,0,0,0,0,73.471,0,0,0,0,26.529,0.11842,0.65789,0.013158,0.026316,0.18421,0,0,1,0,0,0,0,1,0,0,0
0,0,0,0,0,66.667,0,0,33.333,0,0,0,0,0,0,0,100,0,0,0,0,0,0,0,0,0,0,66.667,0,0,0,0,33.333,0.8,0.0086957,0,0,0.1913,0,0,1,0,0,0,0,1,0,0,0
0,0,0,0,0,77.717,0,0,22.283,0,0,0,0,0,0,0,92.769,7.2306,0,0,0,0,0,0,0,0,0,63.255,14.461,0,0,0,22.283,0.15385,0.84615,0,0,0,0,0,1,0,0,0,0,1,0,0,0
0,0,0,0,0,67.226,0,0,32.774,0,0,0,0,0,0,0,100,0,0,0,0,0,0,0,0,0,0,67.226,0,0,0,0,32.774,1,0,0,0,0,0,0,1,0,0,0,0,1,0,0,0
0,0,0,0,0,80.037,0,0,19.963,0,0,0,0,0,0,9.6805,90.32,0,0,0,0,0,0,0,0,0,0,70.356,9.6805,0,0,0,19.963,0.14286,0.85714,0,0,0,0,0,1,0,0,0,0,1,0,0,0
0,0,0,0,0,71.023,0,0,28.977,0,0,0,0,0,0,0,100,0,0,0,0,0,0,0,0,0,0,71.023,0,0,0,0,28.977,0.936,0.064,0,0,0,0,0,1,0,0,0,0,1,0,0,0
0,0,2.8072,0,0,78.486,0,0,18.707,0,0,0,0,0,0,0,97.193,2.8072,0,0,0,0,0,2.8072,0,0,6.3424,72.144,0,0,0,0,18.707,0.14286,0.85714,0,0,0,0,0,1,0,0,0,0,1,0,0,0
0,0,4.5445,0,0,68.014,0,0,27.442,0,0,4.5445,0,0,0,0,90.911,4.5445,0,0,0,0,0,4.5445,0,0,0,68.014,0,0,4.5445,0,22.897,0.95283,0.04717,0,0,0,0,0,1,0,0,0,0,1,0,0,0
0,0,17.791,0,0,60.79,0,0,21.419,0,0,11.383,0,0,0,0,70.827,14.235,0,3.5559,0,0,0,14.235,3.5559,0,6.4078,54.382,0,0,11.383,0,10.036,0.23256,0.76744,0,0,0,0,0,1,0,0,0,0,1,0,0,0
0,0,4.9736,0,0,77.885,0,0,17.141,0,0,2.4565,0,0,0,0,85.748,9.3391,0,2.4565,0,0,0,2.5171,2.4565,0,19.951,57.934,0,0,2.4565,0,14.685,1,0,0,0,0,0,0,1,0,0,0,0,1,0,0,0
3.6644,0,23.164,0,7.3287,39.014,0,0,23.164,0,3.6644,23.164,0,0,0,3.6644,18.279,17.071,3.6644,30.493,0,3.6644,0,0,23.164,0,17.071,21.944,0,7.3287,26.828,3.6644,0,0.22857,0.77143,0,0,0,0,0,1,0,0,0,0,1,0,0,0
0,0,7.6932,0,14.291,56.031,0,0,21.985,0,0,21.985,0,0,0,0,49.811,6.2199,0,21.985,0,0,0,0,7.6932,0,6.2199,49.811,0,0,21.985,14.291,0,0.93506,0.064935,0,0,0,0,0,1,0,0,0,0,0.94805,0.051948,0,0
7.5268,3.5515,0,0,32.008,29.27,0,0,15.311,0,12.332,4.2325,0,5.8539,24.849,7.2921,4.2325,6.4784,14.63,7.1594,17.746,7.5268,0,0,3.5515,0,7.5268,11.525,10.219,11.078,24.092,20.93,11.078,0.096774,0.90323,0,0,0,0,0,1,0,0,0,0,0.096774,0.90323,0,0
10.817,9.2446,0,0,23.597,26.545,0,0,13.106,10.093,6.598,0,7.0304,4.2452,19.985,8.1383,3.0627,4.0945,26.941,3.6114,12.074,10.817,0,0,9.2446,0,14.161,11.201,1.1825,22.565,13.729,15.993,11.923,0.32258,0.67742,0,0,0,0,0,1,0,0,0,0,0.3871,0.6129,0,0
7.2647,6.9783,0,0,28.486,36.05,0,0,6.9783,0,14.243,0,0,0,13.957,7.2647,14.393,6.9783,21.221,14.529,14.393,7.2647,0,0,6.9783,0,0,7.2647,28.785,21.508,14.243,14.243,6.9783,0,1,0,0,0,0,0,1,0,0,0,0,0,1,0,0
8.4818,2.7396,0,0,31.024,32.509,0,0,4.9647,2.7396,17.541,0,2.7396,9.349,19.316,13.194,0,4.6745,13.961,11.709,16.576,8.4818,0,0,2.7396,0,7.7044,13.194,11.611,14.739,22.505,22.543,4.9647,0,1,0,0,0,0,0,1,0,0,0,0,0,1,0,0
0,0,0,0,13.548,86.452,0,0,0,0,0,0,0,0,13.548,13.548,59.356,0,0,0,13.548,0,0,0,0,0,0,43.226,43.226,0,0,13.548,0,0,1,0,0,0,0,0,1,0,0,0,0,0,1,0,0
0,0,0,0,0,100,0,0,0,0,0,0,0,0,0,0,70.923,0,0,0,29.077,0,0,0,0,0,0,41.846,58.154,0,0,0,0,0,1,0,0,0,0,0,1,0,0,0,0,0,1,0,0
0,0,0,0,0,100,0,0,0,0,0,0,0,0,0,0,100,0,0,0,0,0,0,0,0,0,0,66.667,33.333,0,0,0,0,0,1,0,0,0,0,0,1,0,0,0,0,0,1,0,0
0,0,0,0,0,91.843,0,0,8.1573,0,0,0,0,0,8.1573,0,91.843,0,0,0,0,0,0,8.1573,0,0,0,41.084,50.759,0,0,0,0,0,1,0,0,0,0,0,1,0,0,0,0,0,1,0,0
0,0,0,0,0,0,0,0,0,0,0,0,0,0,0,0,0,0,0,0,0,0,0,0,0,0,0,0,0,0,0,0,0,0.76087,0.021739,0,0,0.21739,0,0,1,0,0,0,0,1,0,0,0
0,0,0,0,0,100,0,0,0,0,0,0,0,0,0,0,100,0,0,0,0,0,0,0,0,0,0,100,0,0,0,0,0,0.83158,0.010526,0,0,0.15789,0,0,1,0,0,0,0,1,0,0,0
8.6737,0,0,0,0,91.326,0,0,0,0,0,8.6737,0,0,0,0,91.326,0,0,0,0,0,0,0,0,0,0,91.326,8.6737,0,0,0,0,0.85882,0.035294,0,0,0.10588,0,0,1,0,0,0,0,1,0,0,0
32.932,0,0,0,0,67.068,0,0,0,0,0,32.932,0,0,0,0,67.068,0,0,0,0,0,32.932,0,0,0,0,67.068,0,0,0,0,0,0.92308,0.019231,0,0,0.057692,0,0,1,0,0,0,0,1,0,0,0
0,0,0,0,0,100,0,0,0,0,0,0,0,0,0,0,100,0,0,0,0,0,0,0,0,0,0,100,0,0,0,0,0,1,0,0,0,0,0,0,1,0,0,0,0,1,0,0,0
0,0,0,0,0,100,0,0,0,0,0,0,0,0,0,0,100,0,0,0,0,0,0,0,0,0,0,100,0,0,0,0,0,0.95506,0.044944,0,0,0,0,0,1,0,0,0,0,1,0,0,0
0,0,0,0,0,100,0,0,0,0,0,0,0,0,0,0,100,0,0,0,0,0,0,0,0,0,0,100,0,0,0,0,0,0.8913,0.1087,0,0,0,0,0,1,0,0,0,0,1,0,0,0
0,0,0,0,0,100,0,0,0,0,0,0,0,0,0,0,100,0,0,0,0,0,0,0,0,0,0,100,0,0,0,0,0,0.96703,0.032967,0,0,0,0,0,1,0,0,0,0,1,0,0,0
0,0,0,0,0,100,0,0,0,0,0,0,0,0,0,0,100,0,0,0,0,0,0,0,0,0,0,100,0,0,0,0,0,1,0,0,0,0,0,0,1,0,0,0,0,1,0,0,0
13.92,0,0,0,0,86.08,0,0,0,0,0,13.92,0,0,0,0,86.08,0,0,0,0,0,0,0,0,0,0,86.08,13.92,0,0,0,0,1,0,0,0,0,0,0,1,0,0,0,0,1,0,0,0
0,0,0,0,0,100,0,0,0,0,0,0,0,0,0,0,100,0,0,0,0,0,0,0,0,0,0,100,0,0,0,0,0,0.8209,0.1791,0,0,0,0,0,1,0,0,0,0,0.91045,0.089552,0,0
33.333,0,0,0,0,66.667,0,0,0,0,0,33.333,0,0,0,0,66.667,0,0,0,0,0,0,0,0,0,0,66.667,33.333,0,0,0,0,1,0,0,0,0,0,0,1,0,0,0,0,1,0,0,0
0,0,0,0,0,100,0,0,0,0,0,0,0,0,0,0,100,0,0,0,0,0,0,0,0,0,0,100,0,0,0,0,0,0.94118,0.058824,0,0,0,0,0,1,0,0,0,0,1,0,0,0
0,0,0,0,0,100,0,0,0,0,0,0,0,0,0,0,100,0,0,0,0,0,0,0,0,0,0,100,0,0,0,0,0,0.80822,0.19178,0,0,0,0,0,1,0,0,0,0,0.83562,0.16438,0,0
0,0,0,0,0,100,0,0,0,0,0,0,0,0,0,0,83.159,16.841,0,0,0,0,0,0,0,0,16.841,83.159,0,0,0,0,0,0.82895,0.17105,0,0,0,0,0,1,0,0,0,0,0.89474,0.10526,0,0
0,0,16.877,0,0,58.339,0,0,24.783,0,0,16.877,0,0,0,0,57.274,16.877,0,8.9712,0,0,0,7.9061,8.9712,0,8.9712,49.368,0,0,16.877,0,7.9061,0.88571,0.11429,0,0,0,0,0,1,0,0,0,0,0.91429,0.085714,0,0
0,10.894,1.9239,0,6.7335,37.137,0,0,11.084,19.977,12.251,1.9239,10.746,15.293,5.0858,3.4382,30.537,10.808,6.8764,6.3373,8.9553,0,0,0,12.818,0,3.4382,32.051,1.6476,10.746,8.7908,30.509,0,0.85714,0.14286,0,0,0,0,0,1,0,0,0,0,0.92857,0.071429,0,0
0,6.3324,13.351,0,0,51.244,0,0,5.4111,23.662,0,3.3126,0,13.333,0,1.6987,36.616,1.6987,21.269,2.3168,9.3175,10.438,14.244,0,13.357,0,0,30.89,12.436,6.7255,18.95,3.3975,0,0.79365,0.20635,0,0,0,0,0,1,0,0,0,0,0.92063,0.079365,0,0
0,10.902,5.7647,0,0,50,0,0,16.667,16.667,0,0,0,21.804,0,10.902,28.196,10.902,5.7647,0,10.902,11.529,0,0,16.667,0,0,27.569,22.431,5.7647,5.7647,21.804,0,0,1,0,0,0,0,0,1,0,0,0,0,0,1,0,0
0,4.8698,27.026,0,0,38.562,0,0,16.258,13.284,0,11.369,8.2788,8.6375,1.4446,0,34.767,5.6101,18.933,4.8698,2.3231,3.7676,20.712,1.4446,17.684,0,0,23.063,10.445,2.3231,14.386,8.4993,1.4446,0,1,0,0,0,0,0,1,0,0,0,0,0,1,0,0
0,2.2974,26.554,0,0,53.086,0,0,3.6476,14.415,0,13.751,0,10.619,0,0,30.031,0,38.156,2.2974,2.4455,2.7004,25.352,0,17.398,0,0,25.033,14.154,1.3502,16.712,0,0,0.71429,0.28571,0,0,0,0,0,1,0,0,0,0,0.93878,0.061224,0,0
0,2.5426,17.031,0,0,31.719,0,0,5.5004,43.207,0,2.5426,0,15.631,0,0,32.704,0,16.046,2.5426,13.088,17.446,13.088,0,8.043,0,0,24.246,5.9156,14.488,34.219,0,0,0,1,0,0,0,0,0,1,0,0,0,0,0,1,0,0
0,0,0,0,0,56.574,0,0,0,30.826,12.6,0,0,0,0,0,69.174,18.226,12.6,0,0,0,0,0,0,0,0,28.287,28.287,43.426,0,0,0,0,1,0,0,0,0,0,1,0,0,0,0,0,1,0,0
8.5931,0,8.5931,0,0,82.814,0,0,0,0,0,0,8.5931,0,0,0,82.814,0,0,0,0,8.5931,0,17.186,0,0,0,54.297,28.517,0,0,0,0,0,1,0,0,0,0,0,1,0,0,0,0,0,1,0,0
4.1985,0,35.424,0,4.1985,44.8,0,4.1985,5.7452,1.4363,0,11.696,13.469,1.4363,5.6348,4.1985,56.495,0,1.4363,0,0,5.6348,13.469,20.092,17.33,0,0,34.204,10.596,0,0,2.8726,1.4363,0,1,0,0,0,0,0,1,0,0,0,0,0.033333,0.96667,0,0
0,5.9316,25.493,0,2.9658,50.685,0,0,10.428,4.4966,0,11.981,0,0,2.9658,2.9658,59.7,2.9658,2.9658,0,4.4966,11.959,4.4966,22.409,9.0152,2.9658,0,40.821,9.8643,4.4966,0,5.9316,0,0,1,0,0,0,0,0,1,0,0,0,0,0,1,0,0
13.092,4.2797,25.982,0,8.6105,32.93,0,6.4706,8.6349,0,0,10.75,6.6215,0,12.966,8.6105,41.54,2.1399,2.1399,0,0,15.232,0,45.569,15.081,2.1399,0,32.93,0,0,0,4.2797,0,0,1,0,0,0,0,0,1,0,0,0,0,0.016667,0.98333,0,0
8.6503,0,25.308,0,0,37.046,0,0,20.977,8.0182,0,4.3197,17.29,4.3197,4.3197,0,41.366,0,8.0182,0,0,20.367,8.6395,21.62,12.338,0,0,29.649,7.3969,3.6984,3.6984,8.6395,4.3197,0,1,0,0,0,0,0,1,0,0,0,0,0.066667,0.93333,0,0
0,0,0,0,0,39.733,0,0,0,23.721,36.546,0,0,0,0,0,50.628,12.826,36.546,0,0,0,0,0,0,0,0,32.692,7.0408,60.267,0,0,0,0,1,0,0,0,0,0,1,0,0,0,0,0,1,0,0
0,0,0,0,0,66.667,0,0,0,24.264,9.0694,0,0,0,0,0,57.597,33.333,9.0694,0,0,0,0,0,0,0,0,42.403,24.264,33.333,0,0,0,0.52381,0.47619,0,0,0,0,0,1,0,0,0,0,0.66667,0.33333,0,0
0,0,0,0,0,66.667,0,0,0,16.621,16.713,0,0,0,0,0,49.954,33.333,16.713,0,0,0,0,0,0,0,0,50.046,16.621,33.333,0,0,0,0,0.94737,0.052632,0,0,0,0,1,0,0,0,0,0,1,0,0
0,0,0,0,0,100,0,0,0,0,0,0,0,0,0,0,100,0,0,0,0,0,0,0,0,0,0,100,0,0,0,0,0,0,1,0,0,0,0,0,1,0,0,0,0,0,1,0,0
3.7281,7.5899,0,0,31.999,21.177,0,0,2.4832,5.1067,27.916,0,5.1067,14.47,17.308,8.8348,0,9.7182,18.908,14.691,7.235,3.7281,0,0,7.5899,0,5.1067,8.8348,7.235,15.046,27.916,25.788,2.4832,1,0,0,0,0,0,0,1,0,0,0,0,1,0,0,0
5.7604,3.7803,0,0,18.18,24.088,0,0,9.5407,16.153,22.498,0,6.9591,20.757,13.516,2.2347,9.1938,8.4446,8.8516,4.6643,19.618,5.7604,0,0,3.7803,0,5.7604,11.429,6.899,14.265,21.299,29.262,7.306,0.97619,0.02381,0,0,0,0,0,1,0,0,0,0,1,0,0,0
0,0,0,0,0,90.839,0,0,0,0,9.161,0,0,0,0,9.161,90.839,0,0,0,0,0,0,0,0,0,0,90.839,9.161,0,0,0,0,0,1,0,0,0,0,0,1,0,0,0,0,1,0,0,0
0,6.5347,3.1814,0,0,53.07,0,0,6.5347,25.379,5.2995,3.1814,5.2995,19.31,0,3.3533,45.422,3.3533,4.1228,3.1814,12.776,0,4.1228,0,9.7161,0,0,45.594,3.3533,5.2995,14.608,17.306,0,0.051724,0.94828,0,0,0,0,0,1,0,0,0,0,1,0,0,0
0,10.847,0,0,0,75.13,0,0,0,14.023,0,0,0,12.435,0,0,68.118,0,7.0117,5.4234,7.0117,0,7.0117,0,10.847,0,0,68.118,0,0,14.023,0,0,0,1,0,0,0,0,0,1,0,0,0,0,1,0,0,0
0,0,0,0,0,100,0,0,0,0,0,0,0,0,0,0,100,0,0,0,0,0,0,0,0,0,0,100,0,0,0,0,0,0,1,0,0,0,0,0,1,0,0,0,0,1,0,0,0
0,0,0,0,0,100,0,0,0,0,0,0,0,0,0,0,100,0,0,0,0,0,0,0,0,0,0,100,0,0,0,0,0,0,1,0,0,0,0,0,1,0,0,0,0,1,0,0,0
0,0,0,0,0,89.659,0,0,0,10.341,0,0,0,10.341,0,0,89.659,0,0,0,0,0,0,0,0,0,0,89.659,0,0,10.341,0,0,0,1,0,0,0,0,0,1,0,0,0,0,1,0,0,0
0,0,0,0,0,100,0,0,0,0,0,0,0,0,0,0,100,0,0,0,0,0,0,0,0,0,0,100,0,0,0,0,0,0,1,0,0,0,0,0,1,0,0,0,0,1,0,0,0
0,0,0,7.5007,0,84.999,0,0,0,0,7.5007,0,0,0,7.5007,7.5007,84.999,0,0,0,0,0,0,0,0,0,0,84.999,7.5007,0,0,0,7.5007,0,0.97436,0,0,0.025641,0,0,1,0,0,0,0,1,0,0,0
0,0,0,18.377,0,71.155,0,0,0,0,10.468,0,0,0,6.7319,22.113,71.155,0,0,0,0,0,0,0,0,0,0,71.155,10.468,0,0,0,18.377,0,0.045872,0.25688,0.20183,0.49541,0,0,1,0,0,0,0,1,0,0,0
0,0,0,5.887,0,94.113,0,0,0,0,0,0,0,0,5.887,0,94.113,0,0,0,0,0,0,0,0,0,0,94.113,0,0,0,0,5.887,0,0,0,0.25,0.75,0,0,1,0,0,0,0,1,0,0,0
0,0,0,4.994,0,95.006,0,0,0,0,0,0,0,0,4.994,0,95.006,0,0,0,0,0,0,0,0,0,0,95.006,0,0,0,0,4.994,0,0,0,0.02381,0.97619,0,0,1,0,0,0,0,1,0,0,0
0,0,0,10.695,0,83.959,0,0,0,0,5.3458,0,0,0,5.3458,10.695,83.959,0,0,0,0,0,0,0,0,0,0,83.959,5.3458,0,0,0,10.695,0,0,0,0.22581,0.77419,0,0,1,0,0,0,0,1,0,0,0
0,0,0,4.4008,0,95.599,0,0,0,0,0,0,0,0,4.4008,0,95.599,0,0,0,0,0,0,0,0,0,0,95.599,0,0,0,0,4.4008,0,0,0,0.18056,0.81944,0,0,1,0,0,0,0,1,0,0,0
0,0,0,0,0,100,0,0,0,0,0,0,0,0,0,0,100,0,0,0,0,0,0,0,0,0,0,100,0,0,0,0,0,0,0,0,0.19355,0.80645,0,0,1,0,0,0,0,1,0,0,0
0,0,0,0,0,100,0,0,0,0,0,0,0,0,0,0,100,0,0,0,0,0,0,0,0,0,0,100,0,0,0,0,0,0,0,0.018182,0.18182,0.8,0,0,1,0,0,0,0,1,0,0,0
0,0,0,0,0,90.401,0,0,0,0,9.5985,0,0,0,0,9.5985,90.401,0,0,0,0,0,0,0,0,0,0,90.401,9.5985,0,0,0,0,0,1,0,0,0,0,0,1,0,0,0,0,1,0,0,0
0,0,0,19.026,0,69.64,0,0,0,0,11.335,0,0,0,11.335,19.026,69.64,0,0,0,0,0,0,0,0,0,0,69.64,11.335,0,0,0,19.026,0,0.098361,0.21311,0.12295,0.56557,0,0,1,0,0,0,0,1,0,0,0
0,0,0,0,0,100,0,0,0,0,0,0,0,0,0,0,100,0,0,0,0,0,0,0,0,0,0,100,0,0,0,0,0,0,1,0,0,0,0,0,1,0,0,0,0,1,0,0,0
0,0,0,43.532,0,56.468,0,0,0,0,0,0,0,0,30.597,12.935,56.468,0,0,0,0,0,0,0,0,0,0,56.468,0,0,0,0,43.532,0,0.0625,0.17857,0.16071,0.59821,0,0,1,0,0,0,0,1,0,0,0
0,0,0,11.994,0,88.006,0,0,0,0,0,0,0,0,5.5196,6.4745,88.006,0,0,0,0,0,0,0,0,0,0,88.006,0,0,0,0,11.994,0,0,0.014085,0.26761,0.71831,0,0,1,0,0,0,0,1,0,0,0
0,0,0,7.3798,0,92.62,0,0,0,0,0,0,0,0,0,7.3798,92.62,0,0,0,0,0,0,0,0,0,0,92.62,0,0,0,0,7.3798,0,0,0,0.20225,0.79775,0,0,1,0,0,0,0,1,0,0,0
0,0,0,16.245,0,83.756,0,0,0,0,0,0,0,0,8.2884,7.9561,75.467,8.2884,0,0,0,0,0,0,0,0,0,83.756,0,0,0,0,16.245,0,0,0,0.22857,0.77143,0,0,1,0,0,0,0,1,0,0,0
0,0,0,0,0,100,0,0,0,0,0,0,0,0,0,0,94.389,5.6106,0,0,0,0,0,0,0,0,0,94.389,5.6106,0,0,0,0,0,0,0,0.19149,0.80851,0,0,1,0,0,0,0,1,0,0,0
0,0,0,0,0,100,0,0,0,0,0,0,0,0,0,0,100,0,0,0,0,0,0,0,0,0,0,100,0,0,0,0,0,0,0,0.012987,0.18182,0.80519,0,0,1,0,0,0,0,1,0,0,0
0,0,0,0,0,100,0,0,0,0,0,0,0,0,0,0,100,0,0,0,0,0,0,0,0,0,0,100,0,0,0,0,0,0,0,0,0.26437,0.73563,0,0,1,0,0,0,0,1,0,0,0
0,0,0,0,0,100,0,0,0,0,0,0,0,0,0,0,100,0,0,0,0,0,0,0,0,0,0,100,0,0,0,0,0,0,0,0,0.20225,0.79775,0,0,1,0,0,0,0,1,0,0,0
0,0,0,0,0,100,0,0,0,0,0,0,0,0,0,0,100,0,0,0,0,0,0,0,0,0,0,100,0,0,0,0,0,0,0,0.033708,0.14607,0.82022,0,0,1,0,0,0,0,1,0,0,0
0,0,0,0,0,100,0,0,0,0,0,0,0,0,0,0,100,0,0,0,0,0,0,0,0,0,0,100,0,0,0,0,0,0,0,0,0.16327,0.83673,0,0,1,0,0,0,0,1,0,0,0
0,0,0,0,0,100,0,0,0,0,0,0,0,0,0,0,100,0,0,0,0,0,0,0,0,0,0,100,0,0,0,0,0,0,0,0.026667,0.28,0.69333,0,0,1,0,0,0,0,1,0,0,0
0,0,0,0,0,100,0,0,0,0,0,0,0,0,0,0,100,0,0,0,0,0,0,0,0,0,0,100,0,0,0,0,0,0,0,0.085714,0.17143,0.74286,0,0,1,0,0,0,0,1,0,0,0
0,0,0,0,0,100,0,0,0,0,0,0,0,0,0,0,100,0,0,0,0,0,0,0,0,0,0,100,0,0,0,0,0,0,0,0,0.24731,0.75269,0,0,1,0,0,0,0,1,0,0,0
0,0,0,0,0,100,0,0,0,0,0,0,0,0,0,0,100,0,0,0,0,0,0,0,0,0,0,100,0,0,0,0,0,0,0,0.032258,0.29032,0.67742,0,0,1,0,0,0,0,1,0,0,0
0,19.826,0,0,11.816,43.77,0,0,5.4149,13.349,5.8241,0,7.9337,17.951,9.8751,13.349,15.131,7.3562,15.867,5.1802,7.3562,0,0,0,19.826,0,7.9337,28.48,7.3562,7.9337,5.8241,22.646,0,0.14,0.86,0,0,0,0,0,1,0,0,0,0,1,0,0,0
0,11.544,12.916,0,0,51.014,0,0,5.0109,19.514,0,7.2187,0,15.801,0,0,51.61,0,10.113,8.2776,3.4898,3.4898,7.9053,0,18.763,0,0,46.599,2.2078,3.4898,21.035,0,0,0.125,0.875,0,0,0,0,0,1,0,0,0,0,1,0,0,0
1.6447,0,13.525,0,13.706,32.32,0,0,34.214,4.5892,0,5.7413,12.802,9.267,14.033,11.15,31.993,2.2156,8.3719,0,0,4.4256,13.373,7.7206,7.1317,0,0,16.166,8.84,1.3904,11.571,22.973,10.834,0.05303,0.94697,0,0,0,0,0,1,0,0,0,0,0.73485,0.26515,0,1
0,0,5.1901,0,18.975,23.846,0,0,50.259,1.73,0,3.5267,10.128,5.3233,22.501,14.103,23.78,0,18.908,0,0,1.73,10.128,1.73,5.2567,0,0,17.178,0,0,17.178,26.028,22.501,0.076923,0.92308,0,0,0,0,0,1,0,0,0,0,1,0,0,1
0,0,8.0705,0,0,59.953,0,0,0,31.977,0,0,0,11.953,0,0,56.07,0,11.953,0,11.953,8.0705,11.953,0,0,0,0,56.07,0,8.0705,23.906,0,0,0,1,0,0,0,0,0,1,0,0,0,0,1,0,0,0
0,0,0,0,0,100,0,0,0,0,0,0,0,0,0,0,100,0,0,0,0,0,0,0,0,0,0,100,0,0,0,0,0,0,1,0,0,0,0,0,1,0,0,0,0,1,0,0,0
0,0,3.3492,0,31.475,15.639,0,0,36.927,12.611,0,2.4483,10.718,3.7802,22.428,12.827,26.918,0,19.764,0,0,1.1164,10.718,1.1164,3.5647,0,0,7.1534,0,0,30.143,36.371,10.934,0,0.27586,0.72414,0,0,0,0,1,0,0,0,0,0.27586,0.72414,0,1
0,0,0,0,0,100,0,0,0,0,0,0,0,0,0,17.681,82.319,0,0,0,0,0,0,0,0,0,0,82.319,17.681,0,0,0,0,0.88889,0.1,0.011111,0,0,0,0,1,0,0,0,0,0.94444,0.055556,0,0
0,0,7.1345,0,24.715,14.236,0,0,46.62,7.294,0,5.5587,4.7022,8.0923,22.123,20.446,18.997,1.9408,17.056,0,0,1.0843,6.643,4.9659,6.643,0,0,9.7619,0,0,22.181,33.892,15.913,0.53571,0.28571,0.17857,0,0,0,0,1,0,0,0,0,0.71429,0.28571,0,1
1.2355,0,28.157,0,9.5215,17.333,0,4.2056,35.169,4.3796,0,11.466,6.8605,10.23,12.622,15.992,19.978,10.945,8.4163,0,0,3.4905,14.836,24.882,17.926,0,0,4.0368,0,0,8.286,20.771,9.2618,0.53704,0.41667,0.046296,0,0,0,0,1,0,0,0,0,0.92593,0.074074,0,1
1.3532,12.918,22.939,0,10.519,26.935,7.4176,0,10.522,7.3973,0,7.7986,0,0,9.5831,9.4689,42.483,6.6855,9.688,0,6.4801,7.8129,8.5654,15.527,16.897,2.9017,1.9845,14.446,6.2394,10.299,0,18.439,4.701,0.13043,0.82609,0.043478,0,0,0,0,1,0,0,0,0,0.71304,0.28696,0,1
4.4277,0,31.54,0,1.7792,38.738,0,7.7479,15.767,0,0,11.461,6.2069,6.9941,11.306,12.963,35.457,11.184,0,0,0,4.4277,5.215,29.721,19.209,0,0,25.775,0,0,0,8.7733,11.306,0.19512,0.80488,0,0,0,0,0,1,0,0,0,0,0.85366,0.14634,0,1
4.5748,14.237,43.148,0,8.499,7.6527,8.6173,0,10.078,3.194,0,11.043,0,0,18.497,6.1536,23.92,11.577,14.887,0,5.4233,8.499,10.963,32.499,15.736,3.9243,2.2293,0,6.8041,3.194,0,19.227,5.4233,0.1,0.76667,0.13333,0,0,0,0,1,0,0,0,0,0.83333,0.16667,0,1
4.0448,11.46,18.43,0,21.196,14.893,13.725,0,14.762,1.4892,0,4.341,0,0,5.1511,13.336,34.697,15.898,8.8704,8.511,3.7251,5.4707,2.9783,20.176,18.225,1.4259,11.168,0,6.2808,1.4892,0,34.532,3.7251,0.032787,0.59016,0.37705,0,0,0,0,1,0,0,0,0,0.90164,0.098361,0,1
1.8944,0,17.182,0,9.656,19.21,0,11.913,39.02,1.1251,0,9.3515,10.012,13.789,27.132,18.245,5.8786,10.018,2.5547,0,0,3.0195,10.012,16.827,22.389,0,0,1.4296,0,0,1.4296,22.676,25.237,0,0.055556,0.94444,0,0,0,0,1,0,0,0,0,0.027778,0.97222,0,1
0,0,0,0,0,100,0,0,0,0,0,0,0,0,0,51.561,48.439,0,0,0,0,0,0,0,0,0,0,48.439,51.561,0,0,0,0,1,0,0,0,0,0,0,1,0,0,0,0,1,0,0,0
4.8567,0,32.493,0,7.5377,14.071,0,4.8567,36.185,0,0,18.928,2.6809,16.752,10.219,18.928,16.247,11.39,0,0,0,4.8567,14.071,37.35,23.784,0,0,0,0,0,0,19.433,5.3618,0.36842,0.45614,0.17544,0,0,0,0,1,0,0,0,0,0.59649,0.40351,0,1
0,0,0,0,0,100,0,0,0,0,0,0,0,0,0,33.333,66.667,0,0,0,0,0,0,0,0,0,0,66.667,33.333,0,0,0,0,0.95238,0.047619,0,0,0,0,0,1,0,0,0,0,1,0,0,0
12.752,0,16.331,0,12.752,16.331,29.083,0,12.752,0,0,0,0,0,0,29.083,0,45.414,0,12.752,0,12.752,16.331,29.083,0,0,16.331,0,12.752,0,0,25.503,0,0.22642,0.19811,0.51887,0.056604,0,0,0,0.98113,0.018868,0,0,0,1,0,0,1
0,0,0,0,0,100,0,0,0,0,0,0,0,0,0,0,100,0,0,0,0,0,0,0,0,0,0,100,0,0,0,0,0,0.057692,0.90385,0.038462,0,0,0,0,1,0,0,0,0,0.88462,0.11538,0,1
0,0,0,9.4124,0,90.588,0,0,0,0,0,0,0,0,9.4124,0,81.175,9.4124,0,0,0,0,0,0,0,0,0,90.588,0,0,0,0,9.4124,0,0.14286,0.20779,0.24675,0.4026,0,0,1,0,0,0,0,1,0,0,0
0,0,0,0,0,100,0,0,0,0,0,0,0,0,0,0,100,0,0,0,0,0,0,0,0,0,0,100,0,0,0,0,0,1,0,0,0,0,0,0,1,0,0,0,0,1,0,0,0
0,0,0,0,0,63.091,0,0,36.909,0,0,0,13.091,0,23.818,13.091,23.818,26.182,0,0,0,0,0,0,0,0,0,36.909,26.182,0,0,0,36.909,1,0,0,0,0,0,0,1,0,0,0,0,1,0,0,0
0,0,0,11.019,0,83.116,0,0,5.8643,0,0,0,5.8643,0,11.019,5.8643,58.621,18.631,0,0,0,0,0,0,0,0,0,64.485,18.631,0,0,0,16.884,0,0,0.027397,0.28767,0.68493,0,0,1,0,0,0,0,1,0,0,0
0,0,0,7.109,0,86.64,0,0,6.251,0,0,0,6.251,0,7.109,6.251,60.778,19.611,0,0,0,0,0,0,0,0,0,74.138,12.502,0,0,0,13.36,0,0,0,0.10345,0.89655,0,0,1,0,0,0,0,1,0,0,0
0,0,0,5.1149,0,84.317,0,0,10.569,0,0,0,10.569,0,5.1149,12.409,61.499,10.409,0,0,0,0,0,0,0,0,0,66.613,17.703,0,0,0,15.683,0,0,0,0.18182,0.81818,0,0,1,0,0,0,0,1,0,0,0
0,0,0,0,0,87.905,0,0,12.095,0,0,0,12.095,0,0,12.095,51.62,24.19,0,0,0,0,0,0,0,0,0,63.715,24.19,0,0,0,12.095,0,0,0,0.083333,0.91667,0,0,1,0,0,0,0,1,0,0,0
0,0,0,0,0,100,0,0,0,0,0,0,0,0,0,0,93.005,6.9954,0,0,0,0,0,0,0,0,0,93.005,6.9954,0,0,0,0,0,0,0,0.16854,0.83146,0,0,1,0,0,0,0,1,0,0,0
0,0,0,0,0,100,0,0,0,0,0,0,0,0,0,0,100,0,0,0,0,0,0,0,0,0,0,100,0,0,0,0,0,0,0,0.094737,0.21053,0.69474,0,0,1,0,0,0,0,1,0,0,0
0,0,0,0,0,100,0,0,0,0,0,0,0,0,0,12.049,87.951,0,0,0,0,0,0,0,0,0,0,87.951,12.049,0,0,0,0,0,0,0,0.12346,0.87654,0,0,1,0,0,0,0,1,0,0,0
0,0,0,0,0,100,0,0,0,0,0,0,0,0,0,0,100,0,0,0,0,0,0,0,0,0,0,100,0,0,0,0,0,0,0,0.011628,0.093023,0.89535,0,0,1,0,0,0,0,1,0,0,0
0,0,0,0,0,100,0,0,0,0,0,0,0,0,0,18.313,81.687,0,0,0,0,0,0,0,0,0,0,81.687,18.313,0,0,0,0,0.98958,0.010417,0,0,0,0,0,1,0,0,0,0,1,0,0,0
0,0,0,0,0,50,0,0,50,0,0,0,22.58,0,27.42,0,50,0,0,0,0,0,0,0,0,0,0,50,0,0,0,0,50,1,0,0,0,0,0,0,1,0,0,0,0,1,0,0,0
0,0,0,0,0,50,0,0,50,0,0,0,0,0,50,0,50,0,0,0,0,0,0,0,0,0,0,50,0,0,0,0,50,0.86567,0.074627,0.059701,0,0,0,0,1,0,0,0,0,1,0,0,0
0,0,0,0,0,68.747,0,0,31.253,0,0,0,0,0,31.253,0,68.747,0,0,0,0,0,0,0,0,0,0,68.747,0,0,0,0,31.253,1,0,0,0,0,0,0,1,0,0,0,0,1,0,0,0
0,0,0,0,0,82.069,0,0,17.931,0,0,0,0,0,17.931,0,82.069,0,0,0,0,0,0,0,0,0,0,82.069,0,0,0,0,17.931,0,0,0,0.067797,0.9322,0,0,1,0,0,0,0,1,0,0,0
0,0,0,0,0,75.516,0,0,24.484,0,0,0,0,0,24.484,7.138,68.378,0,0,0,0,0,0,0,0,0,0,68.378,7.138,0,0,0,24.484,0,0,0,0.29487,0.70513,0,0,1,0,0,0,0,1,0,0,0
0,0,0,0,0,80.899,0,0,19.101,0,0,0,0,0,19.101,0,80.899,0,0,0,0,0,0,0,0,0,0,80.899,0,0,0,0,19.101,0,0,0,0.19149,0.80851,0,0,1,0,0,0,0,1,0,0,0
0,0,0,0,0,72.889,0,0,27.111,0,0,0,0,0,27.111,0,72.889,0,0,0,0,0,0,0,0,0,0,72.889,0,0,0,0,27.111,0,0,0,0.13333,0.86667,0,0,1,0,0,0,0,1,0,0,0
0,0,0,0,0,100,0,0,0,0,0,0,0,0,0,0,100,0,0,0,0,0,0,0,0,0,0,100,0,0,0,0,0,0,0,0,0.11765,0.88235,0,0,1,0,0,0,0,1,0,0,0
0,0,0,0,0,100,0,0,0,0,0,0,0,0,0,0,100,0,0,0,0,0,0,0,0,0,0,100,0,0,0,0,0,0,0,0.0097087,0.27184,0.71845,0,0,1,0,0,0,0,1,0,0,0
0,0,0,0,0,100,0,0,0,0,0,0,0,0,0,0,100,0,0,0,0,0,0,0,0,0,0,100,0,0,0,0,0,0,0,0,0.10227,0.89773,0,0,1,0,0,0,0,1,0,0,0
0,0,0,0,0,100,0,0,0,0,0,0,0,0,0,0,100,0,0,0,0,0,0,0,0,0,0,100,0,0,0,0,0,0,0,0,0.28155,0.71845,0,0,1,0,0,0,0,1,0,0,0
0,0,0,0,0,100,0,0,0,0,0,0,0,0,0,0,100,0,0,0,0,0,0,0,0,0,0,100,0,0,0,0,0,0,0,0.011111,0.16667,0.82222,0,0,1,0,0,0,0,1,0,0,0
0,0,0,0,0,100,0,0,0,0,0,0,0,0,0,0,100,0,0,0,0,0,0,0,0,0,0,100,0,0,0,0,0,0,0,0.097826,0.26087,0.6413,0,0,1,0,0,0,0,1,0,0,0
0,0,0,0,0,100,0,0,0,0,0,0,0,0,0,0,100,0,0,0,0,0,0,0,0,0,0,100,0,0,0,0,0,0,0,0,0.22472,0.77528,0,0,1,0,0,0,0,1,0,0,0
0,0,0,0,0,100,0,0,0,0,0,0,0,0,0,0,100,0,0,0,0,0,0,0,0,0,0,100,0,0,0,0,0,0,0,0.041237,0.14433,0.81443,0,0,1,0,0,0,0,1,0,0,0
0,0,0,0,0,100,0,0,0,0,0,0,0,0,0,0,100,0,0,0,0,0,0,0,0,0,0,100,0,0,0,0,0,0,0,0,0.076923,0.92308,0,0,1,0,0,0,0,1,0,0,0
0,0,0,0,0,100,0,0,0,0,0,0,0,0,0,0,100,0,0,0,0,0,0,0,0,0,0,100,0,0,0,0,0,0,0,0.11458,0.17708,0.70833,0,0,1,0,0,0,0,1,0,0,0
0,0,0,0,0,100,0,0,0,0,0,0,0,0,0,0,100,0,0,0,0,0,0,0,0,0,0,100,0,0,0,0,0,0,0,0,0.042553,0.95745,0,0,1,0,0,0,0,1,0,0,0
0,0,0,0,0,100,0,0,0,0,0,0,0,0,0,0,100,0,0,0,0,0,0,0,0,0,0,100,0,0,0,0,0,0,0,0.018692,0.3271,0.65421,0,0,1,0,0,0,0,1,0,0,0
0,0,0,0,0,100,0,0,0,0,0,0,0,0,0,0,100,0,0,0,0,0,0,0,0,0,0,100,0,0,0,0,0,0,0,0,0,1,0,0,1,0,0,0,0,1,0,0,0
0,0,0,0,0,100,0,0,0,0,0,0,0,0,0,0,100,0,0,0,0,0,0,0,0,0,0,100,0,0,0,0,0,0,0,0,0,1,0,0,1,0,0,0,0,1,0,0,0
0,0,0,0,0,100,0,0,0,0,0,0,0,0,0,0,100,0,0,0,0,0,0,0,0,0,0,100,0,0,0,0,0,0,0,0,0,1,0,0,1,0,0,0,0,1,0,0,0
0,0,0,0,0,100,0,0,0,0,0,0,0,0,0,0,100,0,0,0,0,0,0,0,0,0,0,100,0,0,0,0,0,0,0,0,0,1,0,0,1,0,0,0,0,1,0,0,0
0,0,0,0,0,100,0,0,0,0,0,0,0,0,0,0,100,0,0,0,0,0,0,0,0,0,0,100,0,0,0,0,0,0,0,0,0,1,0,0,1,0,0,0,0,1,0,0,0
0,0,0,0,0,100,0,0,0,0,0,0,0,0,0,0,100,0,0,0,0,0,0,0,0,0,0,100,0,0,0,0,0,0,0,0,0,1,0,0,1,0,0,0,0,1,0,0,0
0,0,0,0,0,100,0,0,0,0,0,0,0,0,0,0,100,0,0,0,0,0,0,0,0,0,0,100,0,0,0,0,0,0,0,0,0,1,0,0,1,0,0,0,0,1,0,0,0
0,0,0,0,0,100,0,0,0,0,0,0,0,0,0,0,100,0,0,0,0,0,0,0,0,0,0,100,0,0,0,0,0,0,0,0,0,1,0,0,1,0,0,0,0,1,0,0,0
0,0,0,0,0,100,0,0,0,0,0,0,0,0,0,0,100,0,0,0,0,0,0,0,0,0,0,100,0,0,0,0,0,0,0,0,0,1,0,0,1,0,0,0,0,1,0,0,0
0,0,0,0,0,100,0,0,0,0,0,0,0,0,0,0,100,0,0,0,0,0,0,0,0,0,0,100,0,0,0,0,0,0,0,0,0,1,0,0,1,0,0,0,0,1,0,0,0
0,0,0,0,0,100,0,0,0,0,0,0,0,0,0,0,100,0,0,0,0,0,0,0,0,0,0,100,0,0,0,0,0,0,0,0,0,1,0,0,1,0,0,0,0,1,0,0,0
0,0,0,0,0,100,0,0,0,0,0,0,0,0,0,0,100,0,0,0,0,0,0,0,0,0,0,100,0,0,0,0,0,0,0,0,0,1,0,0,1,0,0,0,0,1,0,0,0
0,0,0,0,0,100,0,0,0,0,0,0,0,0,0,0,100,0,0,0,0,0,0,0,0,0,0,100,0,0,0,0,0,0,0,0,0.063636,0.93636,0,0,1,0,0,0,0,1,0,0,0
0,0,0,0,0,100,0,0,0,0,0,0,0,0,0,0,100,0,0,0,0,0,0,0,0,0,0,100,0,0,0,0,0,0,0,0,0,1,0,0,1,0,0,0,0,1,0,0,0
0,0,0,0,0,100,0,0,0,0,0,0,0,0,0,0,100,0,0,0,0,0,0,0,0,0,0,100,0,0,0,0,0,0,0,0,0.033333,0.96667,0,0,1,0,0,0,0,1,0,0,0
0,0,0,0,0,100,0,0,0,0,0,0,0,0,0,0,100,0,0,0,0,0,0,0,0,0,0,100,0,0,0,0,0,0,0,0,0,1,0,0,1,0,0,0,0,1,0,0,0
0,0,0,0,0,100,0,0,0,0,0,0,0,0,0,0,100,0,0,0,0,0,0,0,0,0,0,100,0,0,0,0,0,0,0,0,0,1,0,0,1,0,0,0,0,1,0,0,0
0,0,0,0,0,100,0,0,0,0,0,0,0,0,0,0,100,0,0,0,0,0,0,0,0,0,0,100,0,0,0,0,0,0,0,0,0,1,0,0,1,0,0,0,0,1,0,0,0
0,0,0,0,0,100,0,0,0,0,0,0,0,0,0,0,100,0,0,0,0,0,0,0,0,0,0,100,0,0,0,0,0,0,0,0,0,1,0,0,1,0,0,0,0,1,0,0,0
0,0,0,0,0,100,0,0,0,0,0,0,0,0,0,0,100,0,0,0,0,0,0,0,0,0,0,100,0,0,0,0,0,0,0,0,0,1,0,0,1,0,0,0,0,1,0,0,0
0,0,0,0,0,100,0,0,0,0,0,0,0,0,0,0,100,0,0,0,0,0,0,0,0,0,0,100,0,0,0,0,0,0,0,0,0.082474,0.91753,0,0,1,0,0,0,0,1,0,0,0
0,0,0,0,0,100,0,0,0,0,0,0,0,0,0,0,100,0,0,0,0,0,0,0,0,0,0,100,0,0,0,0,0,0,0,0,0,1,0,0,1,0,0,0,0,1,0,0,0
0,0,0,0,0,100,0,0,0,0,0,0,0,0,0,0,100,0,0,0,0,0,0,0,0,0,0,100,0,0,0,0,0,0,0,0,0.050505,0.94949,0,0,1,0,0,0,0,1,0,0,0
0,0,0,0,0,100,0,0,0,0,0,0,0,0,0,0,100,0,0,0,0,0,0,0,0,0,0,100,0,0,0,0,0,0,0,0,0,1,0,0,1,0,0,0,0,1,0,0,0
0,0,0,0,0,100,0,0,0,0,0,0,0,0,0,0,100,0,0,0,0,0,0,0,0,0,0,100,0,0,0,0,0,0,0,0,0,1,0,0,1,0,0,0,0,1,0,0,0
0,0,0,0,0,100,0,0,0,0,0,0,0,0,0,0,100,0,0,0,0,0,0,0,0,0,0,100,0,0,0,0,0,0,0,0,0,1,0,0,1,0,0,0,0,1,0,0,0
0,0,0,0,0,100,0,0,0,0,0,0,0,0,0,0,100,0,0,0,0,0,0,0,0,0,0,100,0,0,0,0,0,0,0,0,0,1,0,0,1,0,0,0,0,1,0,0,0
0,0,0,0,0,100,0,0,0,0,0,0,0,0,0,0,100,0,0,0,0,0,0,0,0,0,0,100,0,0,0,0,0,0,0,0,0,1,0,0,1,0,0,0,0,1,0,0,0
0,0,0,0,0,100,0,0,0,0,0,0,0,0,0,0,100,0,0,0,0,0,0,0,0,0,0,100,0,0,0,0,0,0,0,0,0,1,0,0,1,0,0,0,0,1,0,0,0
0,0,0,0,0,100,0,0,0,0,0,0,0,0,0,0,100,0,0,0,0,0,0,0,0,0,0,100,0,0,0,0,0,0,0,0,0,1,0,0,1,0,0,0,0,1,0,0,0
0,0,0,0,0,100,0,0,0,0,0,0,0,0,0,0,100,0,0,0,0,0,0,0,0,0,0,100,0,0,0,0,0,0,0,0,0,1,0,0,1,0,0,0,0,1,0,0,0
0,0,0,0,0,100,0,0,0,0,0,0,0,0,0,0,100,0,0,0,0,0,0,0,0,0,0,100,0,0,0,0,0,0,0,0,0,1,0,0,1,0,0,0,0,1,0,0,0
0,0,0,0,0,100,0,0,0,0,0,0,0,0,0,0,100,0,0,0,0,0,0,0,0,0,0,100,0,0,0,0,0,0,0,0,0,1,0,0,1,0,0,0,0,1,0,0,0
0,0,0,0,0,100,0,0,0,0,0,0,0,0,0,0,100,0,0,0,0,0,0,0,0,0,0,100,0,0,0,0,0,0,0,0,0,1,0,0,1,0,0,0,0,1,0,0,0
0,0,0,0,0,100,0,0,0,0,0,0,0,0,0,0,100,0,0,0,0,0,0,0,0,0,0,100,0,0,0,0,0,0,0,0,0.05,0.95,0,0,1,0,0,0,0,1,0,0,0
0,0,0,0,0,100,0,0,0,0,0,0,0,0,0,0,100,0,0,0,0,0,0,0,0,0,0,100,0,0,0,0,0,0,0,0,0,1,0,0,1,0,0,0,0,1,0,0,0
0,0,0,0,0,100,0,0,0,0,0,0,0,0,0,0,100,0,0,0,0,0,0,0,0,0,0,100,0,0,0,0,0,0,0,0,0.073171,0.92683,0,0,1,0,0,0,0,1,0,0,0
0,0,0,0,0,100,0,0,0,0,0,0,0,0,0,0,100,0,0,0,0,0,0,0,0,0,0,100,0,0,0,0,0,0,0.014706,0.044118,0.029412,0.91176,0,0,1,0,0,0,0,1,0,0,0
0,0,0,0,0,100,0,0,0,0,0,0,0,0,0,0,100,0,0,0,0,0,0,0,0,0,0,100,0,0,0,0,0,0,0,0,0,1,0,0,1,0,0,0,0,1,0,0,0
0,0,0,0,0,100,0,0,0,0,0,0,0,0,0,0,100,0,0,0,0,0,0,0,0,0,0,100,0,0,0,0,0,0,0,0,0,1,0,0,1,0,0,0,0,1,0,0,0
0,0,0,0,0,100,0,0,0,0,0,0,0,0,0,0,100,0,0,0,0,0,0,0,0,0,0,100,0,0,0,0,0,0,0,0,0,1,0,0,1,0,0,0,0,1,0,0,0
0,0,0,0,0,100,0,0,0,0,0,0,0,0,0,0,100,0,0,0,0,0,0,0,0,0,0,100,0,0,0,0,0,0,0,0,0,1,0,0,1,0,0,0,0,1,0,0,0
0,0,0,0,0,100,0,0,0,0,0,0,0,0,0,0,100,0,0,0,0,0,0,0,0,0,0,100,0,0,0,0,0,0,0,0,0.02439,0.97561,0,0,1,0,0,0,0,1,0,0,0
0,0,0,0,0,100,0,0,0,0,0,0,0,0,0,0,100,0,0,0,0,0,0,0,0,0,0,100,0,0,0,0,0,0,0.2,0.05,0.075,0.675,0,0,1,0,0,0,0,1,0,0,0
0,0,0,0,0,100,0,0,0,0,0,0,0,0,0,0,100,0,0,0,0,0,0,0,0,0,0,100,0,0,0,0,0,0,0,0,0,1,0,0,1,0,0,0,0,1,0,0,0
0,0,0,0,0,100,0,0,0,0,0,0,0,0,0,0,100,0,0,0,0,0,0,0,0,0,0,100,0,0,0,0,0,0,0,0,0,1,0,0,1,0,0,0,0,1,0,0,0
0,0,0,0,0,100,0,0,0,0,0,0,0,0,0,0,100,0,0,0,0,0,0,0,0,0,0,100,0,0,0,0,0,0,0,0,0,1,0,0,1,0,0,0,0,1,0,0,0
0,0,0,0,0,100,0,0,0,0,0,0,0,0,0,0,100,0,0,0,0,0,0,0,0,0,0,100,0,0,0,0,0,0,0,0,0,1,0,0,1,0,0,0,0,1,0,0,0
0,0,0,0,0,100,0,0,0,0,0,0,0,0,0,0,100,0,0,0,0,0,0,0,0,0,0,100,0,0,0,0,0,0.013158,0,0.026316,0.013158,0.94737,0,0,1,0,0,0,0,1,0,0,0
0,0,0,0,0,100,0,0,0,0,0,0,0,0,0,0,100,0,0,0,0,0,0,0,0,0,0,100,0,0,0,0,0,0,0,0,0,1,0,0,1,0,0,0,0,1,0,0,0
0,0,0,0,0,100,0,0,0,0,0,0,0,0,0,0,100,0,0,0,0,0,0,0,0,0,0,100,0,0,0,0,0,0,0,0,0.014925,0.98507,0,0,1,0,0,0,0,1,0,0,0
0,0,0,0,0,100,0,0,0,0,0,0,0,0,0,0,100,0,0,0,0,0,0,0,0,0,0,100,0,0,0,0,0,0,0,0,0,1,0,0,1,0,0,0,0,1,0,0,0
0,0,0,0,16.136,83.864,0,0,0,0,0,0,0,16.136,0,0,67.729,16.136,0,0,0,0,0,0,0,0,0,50.531,33.333,16.136,0,0,0,0,1,0,0,0,0,0,1,0,0,0,0,0,1,0,0
0,0,0,0,11.168,88.832,0,0,0,0,0,0,0,11.168,0,0,58.37,30.463,0,0,0,0,0,0,0,0,0,29.772,59.06,11.168,0,0,0,0,1,0,0,0,0,0,1,0,0,0,0,0,1,0,0
0,0,8.1417,16.283,26.81,35.766,12.998,0,0,0,0,0,9.7128,8.956,0,21.14,25.239,8.956,0,17.854,0,8.1417,0,0,0,12.998,12.998,13.812,8.956,13.812,12.998,8.1417,16.283,0,1,0,0,0,0,0,1,0,0,0,0,0.25397,0.74603,0,0
0,0,0,0,9.7522,80.496,9.7522,0,0,0,0,0,0,9.7522,0,19.504,52.371,18.372,0,0,0,0,0,0,0,9.7522,0,32.419,48.077,9.7522,0,0,0,0,1,0,0,0,0,0,1,0,0,0,0,0.18987,0.81013,0,0
0,0,2.1581,11.699,27.36,9.6421,38.98,10.16,0,0,0,0,11.162,7.0265,10.705,11.901,11.699,3.6916,21.867,5.3922,6.9257,9.629,0,13.939,18.088,17.113,2.1581,3.7924,3.6916,7.0265,20.334,5.8497,8.0078,0.020833,0.60417,0.0625,0.14583,0.16667,0,0,1,0,0,0,0,0.72917,0.27083,0,0
0,0,0,0,43.607,18.033,12.787,25.574,0,0,0,0,0,12.787,12.787,18.033,0,0,30.82,12.787,12.787,0,0,25.574,12.787,0,0,18.033,0,30.82,12.787,0,0,0,0.39394,0.030303,0.24242,0.33333,0,0,1,0,0,0,0,0.87879,0.12121,0,0
0,0,4.2577,16.36,20.287,24.27,21.322,13.502,0,0,0,0,15.192,5.9951,8.4054,9.3299,16.36,8.7428,7.5073,19.112,7.5073,1.8475,0,9.5801,11.43,13.815,7.4824,8.0452,8.7428,9.2199,13.478,8.18,10.028,0.42308,0.57692,0,0,0,0,0,1,0,0,0,0,0.76923,0.23077,0,0
0,0,1.8498,8.1069,31.446,28.383,26.161,4.0534,0,0,0,0,14.971,15.12,9.1075,3.6798,8.1069,5.9032,26.29,9.2093,2.2036,5.4079,0,7.2577,9.8152,13.141,3.6798,18.8,5.9032,3.6798,29.616,4.0534,4.0534,0,1,0,0,0,0,0,1,0,0,0,0,0,1,0,0
0,0,4.8123,40.375,0,45.188,4.8123,4.8123,0,0,0,0,15.375,4.8123,9.6246,0,25,25,0,20.188,0,0,0,4.8123,0,4.8123,0,4.8123,40.375,0,4.8123,35.563,4.8123,0.41304,0.58696,0,0,0,0,0,1,0,0,0,0,0.58696,0.41304,0,1
0,0,0,0,48.482,51.518,0,0,0,0,0,0,40.511,0,0,21.774,15.941,0,0,0,21.774,0,0,0,0,0,0,15.941,35.578,0,48.482,0,0,0.13333,0.31667,0.11667,0.033333,0.4,0,0,1,0,0,0,0,0.9,0.1,0,0
0,0,0,0,34.976,65.024,0,0,0,0,0,0,7.9809,0,0,19.014,38.029,0,0,0,34.976,0,0,0,0,0,0,38.029,26.995,0,34.976,0,0,0.047619,0.95238,0,0,0,0,0,1,0,0,0,0,0.095238,0.90476,0,0
0,0,0,0,11.627,88.373,0,0,0,0,0,0,5.8136,0,0,23.988,34.584,0,0,0,35.615,0,0,0,0,0,0,34.584,53.789,0,11.627,0,0,0,1,0,0,0,0,0,1,0,0,0,0,0,1,0,0
0,0,0,0,50,50,0,0,0,0,0,0,0,25.809,0,24.191,24.191,0,25.809,0,0,0,0,0,0,0,0,50,0,24.191,25.809,0,0,0,0.95238,0.031746,0,0.015873,0,0,1,0,0,0,0,0.25397,0.74603,0,0
0,0,0,0,100,0,0,0,0,0,0,0,0,0,100,0,0,0,0,0,0,0,0,0,0,0,0,0,0,0,100,0,0,0,0.7963,0.037037,0.055556,0.11111,0,0,1,0,0,0,0,0.59259,0.40741,0,0
0,0,0,0,100,0,0,0,0,0,0,0,0,0,100,0,0,0,0,0,0,0,0,0,0,0,0,0,0,0,100,0,0,0,1,0,0,0,0,0,1,0,0,0,0,0,1,0,0
0,0,0,0,26.532,73.468,0,0,0,0,0,0,0,0,0,26.532,46.935,0,26.532,0,0,0,0,0,0,0,0,73.468,0,26.532,0,0,0,0,1,0,0,0,0,0,1,0,0,0,0,0,1,0,0
0,0,0,0,0,81.99,18.01,0,0,0,0,0,0,0,0,22.985,77.015,0,0,0,0,0,0,0,0,0,29.503,70.497,0,0,0,0,0,0,1,0,0,0,0,0,1,0,0,0,0,0,1,0,0
0,0,0,0,50,50,0,0,0,0,0,0,0,0,0,50,50,0,0,0,0,0,0,0,0,0,0,50,0,50,0,0,0,0,1,0,0,0,0,0,1,0,0,0,0,0,1,0,0
0,0,0,0,0,82.253,17.747,0,0,0,0,0,0,0,0,0,100,0,0,0,0,0,0,0,0,0,37.424,55.172,7.4036,0,0,0,0,0,1,0,0,0,0,0,1,0,0,0,0,0,1,0,0
0,0,0,0,66.667,33.333,0,0,0,0,0,0,33.333,0,0,0,0,0,0,0,66.667,0,0,0,0,0,0,0,33.333,0,66.667,0,0,0,1,0,0,0,0,0,1,0,0,0,0,0,1,0,0
0,0,0,0,0,100,0,0,0,0,0,0,0,0,0,0,100,0,0,0,0,0,0,0,0,0,0,100,0,0,0,0,0,0,1,0,0,0,0,0,1,0,0,0,0,0,1,0,0
0,0,0,0,9.5332,90.467,0,0,0,0,0,0,0,0,0,9.5332,80.934,0,0,0,9.5332,0,0,0,0,0,0,80.934,9.5332,0,9.5332,0,0,0,1,0,0,0,0,0,1,0,0,0,0,0,1,0,0
0,0,0,0,0,100,0,0,0,0,0,0,0,0,0,0,100,0,0,0,0,0,0,0,0,0,0,100,0,0,0,0,0,0,1,0,0,0,0,0,1,0,0,0,0,0,1,0,0
0,0,0,0,0,100,0,0,0,0,0,0,0,0,0,0,100,0,0,0,0,0,0,0,0,0,0,100,0,0,0,0,0,0,1,0,0,0,0,0,1,0,0,0,0,0,1,0,0
7.4869,0,12.759,0,0,58.161,16.321,0,0,5.272,0,7.4869,0,0,0,5.272,69.21,10.544,7.4869,0,0,0,0,12.759,5.272,7.4869,16.321,42.345,10.544,0,0,5.272,0,0,1,0,0,0,0,0,1,0,0,0,0,0,1,0,0
6.0226,0,6.0226,0,0,79.323,8.6321,0,0,0,0,6.0226,8.6321,0,0,0,79.323,0,6.0226,0,0,0,0,6.0226,8.6321,6.0226,0,79.323,0,0,0,0,0,0,1,0,0,0,0,0,1,0,0,0,0,0,1,0,0
7.5917,13.552,5.9601,0,3.7959,31.414,16.01,0,17.88,3.7959,0,9.756,9.756,0,9.756,3.7959,37.668,5.9601,9.756,5.9601,3.7959,3.7959,3.7959,11.92,3.7959,19.512,6.2542,31.414,0,0,5.9601,13.552,3.7959,0,1,0,0,0,0,0,1,0,0,0,0,0,1,0,0
0,16.04,10.586,5.0828,2.091,39.043,9.396,0,8.0589,9.7017,0,13.884,0,0,8.1245,9.6361,23.118,9.3304,19.032,0,7.2394,9.6361,9.396,19.48,8.5608,9.6361,0,21.796,7.5451,17.247,0,4.1819,2.1566,0,1,0,0,0,0,0,1,0,0,0,0,0,1,0,0
0,10.295,31.81,0,2.4167,22.591,10.046,0,14.764,8.0775,0,7.5644,0,0,9.7314,7.0004,27.739,14.315,7.8787,0,12.661,13.11,10.808,26.912,15.193,2.4167,4.5837,10.693,4.5837,8.0775,0,9.4171,7.3146,0.034483,0.96552,0,0,0,0,0,1,0,0,0,0,0.13793,0.86207,0,0
0,0,7.0392,7.5686,7.5686,29.135,2.917,16.556,22.176,7.0392,0,10.486,0,24.124,8.987,0,11.161,8.987,2.917,10.486,14.608,8.2444,7.0392,28.246,7.5686,0,0,20.148,8.987,4.1222,0,18.054,5.8341,0,0.98529,0.014706,0,0,0,0,1,0,0,0,0,0.014706,0.98529,0,0
0,0,0,14.059,20.233,34.717,5.5922,8.4665,16.933,0,0,20.233,0,16.933,11.766,11.766,5.5922,5.5922,5.5922,8.4665,14.059,0,5.5922,22.525,20.233,0,11.766,11.184,11.766,0,0,16.933,0,0,0.92,0.08,0,0,0,0,1,0,0,0,0,0.08,0.92,0,0
0,0,0,0,0,100,0,0,0,0,0,0,0,0,0,0,100,0,0,0,0,0,0,0,0,0,0,100,0,0,0,0,0,0,1,0,0,0,0,0,1,0,0,0,0,0,1,0,0
0,0,0,0,0,100,0,0,0,0,0,0,0,0,0,0,100,0,0,0,0,0,0,0,0,0,0,100,0,0,0,0,0,0,1,0,0,0,0,0,1,0,0,0,0,0,1,0,0
0,0,0,0,0,81.285,0,0,0,18.715,0,0,0,0,0,18.715,62.569,0,0,0,0,18.715,0,0,18.715,0,0,43.854,18.715,0,18.715,0,0,0,0.9,0.1,0,0,0,0,1,0,0,0,0,0.16667,0.83333,0,0
0,0,0,0,0,100,0,0,0,0,0,0,0,0,0,8.6803,91.32,0,0,0,0,0,0,0,0,0,0,91.32,0,0,8.6803,0,0,0,1,0,0,0,0,0,1,0,0,0,0,0,1,0,0
0,0,8.167,4.5833,4.5833,54.111,0,19.388,9.1666,0,0,4.5833,0,23.972,14.805,8.167,8.167,14.805,8.167,4.5833,12.75,0,0,23.972,12.75,0,8.167,22.972,22.972,0,0,9.1666,0,0,0,0.040816,0.93878,0.020408,0,0,1,0,0,0,0,0.16327,0.83673,0,0
0,0,17.547,0,13.182,46.003,0,0,4.5304,18.737,0,17.713,4.5304,0,8.9388,18.615,18.737,0,4.2433,4.2433,4.5304,18.45,0,13.017,27.676,0,8.9388,8.7737,18.615,4.5304,9.6759,4.5304,4.2433,0,0,0.014706,0.98529,0,0,0,1,0,0,0,0,0.014706,0.98529,0,0
0,0,16.869,0,16.869,49.394,16.869,0,0,0,0,16.869,16.869,0,16.869,16.263,16.263,0,0,16.869,0,0,16.869,0,0,0,8.1314,24.394,0,0,16.869,0,33.737,0,0.55385,0,0.26154,0.18462,0,0,1,0,0,0,0,0.015385,0.98462,0,0
0,0,28.511,0,4.1236,30.414,4.1236,0,14.08,18.748,0,18.203,8.7923,0,4.1236,10.344,24.387,0,10.344,4.1236,10.307,9.3741,4.1236,9.3741,14.976,4.7055,5.6388,15.013,5.6388,4.6687,4.1236,18.785,12.953,0,0,0,1,0,0,0,1,0,0,0,0,0,1,0,0
0,0,0,0,0,100,0,0,0,0,0,0,0,0,0,0,100,0,0,0,0,0,0,0,0,0,0,100,0,0,0,0,0,0,1,0,0,0,0,0,1,0,0,0,0,0,1,0,0
0,0,0,0,0,100,0,0,0,0,0,0,0,0,0,0,100,0,0,0,0,0,0,0,0,0,0,100,0,0,0,0,0,0,1,0,0,0,0,0,1,0,0,0,0,0,1,0,0
0,0,0,0,0,100,0,0,0,0,0,0,0,0,0,0,100,0,0,0,0,0,0,0,0,0,0,100,0,0,0,0,0,0,1,0,0,0,0,0,1,0,0,0,0,0.047619,0.95238,0,0
0,0,0,0,0,100,0,0,0,0,0,0,0,0,0,0,100,0,0,0,0,0,0,0,0,0,0,100,0,0,0,0,0,0,1,0,0,0,0,0,1,0,0,0,0,0.074074,0.92593,0,0
0,0,0,0,0,68.489,18.848,6.3315,0,6.3315,0,6.3315,6.3315,0,14.072,20.404,52.861,0,0,0,0,0,14.072,6.3315,0,6.3315,21.655,46.834,4.7755,0,0,0,0,0,0.029412,0.014706,0.58824,0.36765,0,0,1,0,0,0,0,0.088235,0.91176,0,0
0,0,4.3805,12.935,0,50.422,0,17.034,10.848,4.3805,0,4.3805,6.4675,0,0,13.192,48.078,6.4675,8.6577,0,0,12.757,0,8.6578,10.566,2.1903,19.271,28.364,2.7865,0,0,25.973,2.1903,0,0,0,1,0,0,0,1,0,0,0,0,0,1,0,0
0,0,3.1443,0,0,83.057,10.654,0,0,3.1443,0,0,0,0,0,14.677,79.034,6.2887,0,0,0,0,0,3.1443,3.1443,0,29.378,48.421,12.768,0,0,3.1443,0,0,0,0,0.78571,0.21429,0,0,1,0,0,0,0,0.028571,0.97143,0,0
0,0,0,0,0,82.753,5.7937,7.9897,0,3.4633,0,3.4633,3.4633,0,0,6.8273,81.72,0,0,0,0,4.5265,0,3.4633,4.5265,3.4633,26.504,49.521,9.1578,0,0,3.364,0,0,0,0,1,0,0,0,1,0,0,0,0,0,1,0,0
0,0,0,0,0,100,0,0,0,0,0,0,0,0,0,0,100,0,0,0,0,0,0,0,0,0,0,100,0,0,0,0,0,0,1,0,0,0,0,0,1,0,0,0,0,0,1,0,0
0,0,0,0,0,100,0,0,0,0,0,0,0,0,0,0,100,0,0,0,0,0,0,0,0,0,0,100,0,0,0,0,0,0,1,0,0,0,0,0,1,0,0,0,0,0,1,0,0
6.5023,8.5208,2.0693,0,4.0946,54.832,8.8258,0,8.609,6.5464,0,2.0252,2.0252,0,4.0946,7.5548,37.788,13.462,17.556,0,6.4956,8.9983,8.5649,2.4518,8.5649,4.0505,11.271,22.834,10.172,4.5212,2.4518,13.719,11.399,0,0,0,0.71053,0.28947,0,0,1,0,0,0,0,0,1,0,0
2.7588,0,3.2085,0,0,84.857,3.2085,0,0,5.9673,0,0,0,0,0,23.982,58.566,9.1758,2.7588,0,0,5.5175,0,5.9673,3.2085,0,9.7526,54.38,9.689,2.7588,2.7588,5.9673,5.5175,0,0.022727,0.011364,0.96591,0,0,0.011364,0.98864,0,0,0,0,0.034091,0.96591,0,0
3.1239,13.763,6.7246,0,2.9397,44.816,1.938,0,21.44,5.2556,0,2.746,0.89898,0,3.8387,2.3159,9.1268,29.554,32.263,4.2652,9.4973,5.4935,15.803,9.327,13.476,3.6449,13.903,4.7329,11.575,4.2166,2.1759,9.0943,12.051,0.31818,0.68182,0,0,0,0,0,0.90909,0.090909,0,0,0,0.31818,0.68182,0,1
17.773,18.495,4.3764,0,10.435,17.427,9.9165,0,7.4146,14.162,0,7.9877,7.9877,0,10.435,11.715,9.5133,10.623,17.2,2.5195,7.9877,14.031,12.955,6.2463,12.364,15.975,4.4483,1.9288,3.8576,4.2456,1.7981,24.597,11.584,0,0.75676,0.18919,0.054054,0,0,0,1,0,0,0,0,0.32432,0.67568,0,0
0,0,0,0,0,92.226,0,0,7.7741,0,0,0,0,0,0,0,92.226,0,7.7741,0,0,0,0,0,0,0,0,92.226,0,0,0,7.7741,0,0,1,0,0,0,0,0,1,0,0,0,0,0,1,0,0
0,0,25.198,0,0,37.203,0,0,37.599,0,0,12.599,0,0,0,0,37.203,12.599,37.599,0,0,0,12.599,0,12.599,0,0,37.203,0,0,0,25,12.599,0.041096,0.9589,0,0,0,0,0,1,0,0,0,0,0.054795,0.94521,0,0
0,0,30.465,0,0,51.255,0,0,18.279,0,0,21.326,0,0,0,0,51.255,9.1396,18.279,0,0,0,9.1396,0,21.326,0,0,51.255,0,0,0,9.1396,9.1396,0,1,0,0,0,0,0,1,0,0,0,0,0,1,0,0
0,0,0,0,0,100,0,0,0,0,0,0,0,0,0,0,100,0,0,0,0,0,0,0,0,0,0,100,0,0,0,0,0,0,1,0,0,0,0,0,1,0,0,0,0,0,1,0,0
0,0,0,0,0,100,0,0,0,0,0,0,0,0,0,0,100,0,0,0,0,0,0,0,0,0,0,100,0,0,0,0,0,0,1,0,0,0,0,0,1,0,0,0,0,0,1,0,0
0,0,0,0,0,100,0,0,0,0,0,0,0,0,0,0,100,0,0,0,0,0,0,0,0,0,0,100,0,0,0,0,0,0,1,0,0,0,0,0,1,0,0,0,0,0,1,0,0
0,0,0,0,0,75,0,0,25,0,0,0,0,0,0,0,75,0,25,0,0,0,0,0,0,0,0,75,0,0,0,25,0,0.11504,0.88496,0,0,0,0,0,1,0,0,0,0,0.11504,0.88496,0,0
0,0,1.1027,29.682,14.455,23.92,25.101,5.739,0,0,0,0,10.916,13.072,4.4789,19.874,17.546,12.91,9.1835,5.109,4.6363,2.2736,0,3.3763,11.546,15.917,2.0032,9.0074,12.91,7.9048,13.721,17.875,5.739,0.058824,0.94118,0,0,0,0,0,1,0,0,0,0,1,0,0,1
0,0,8.3697,35.239,6.0765,27.357,16.566,6.3915,0,0,0,0,9.2497,2.2932,4.5864,12.153,35.239,8.6847,4.0983,13.521,4.0983,6.0765,0,2.2932,8.1966,12.468,6.0765,7.4447,13.836,0,8.3697,22.771,18.544,0,0.98701,0.012987,0,0,0,0,1,0,0,0,0,1,0,0,1
0,0,19.768,38.589,30.978,10.664,0,0,0,0,0,0,4.0915,0,5.5088,21.454,23.113,12.14,20.087,13.605,0,0,0,0,0,0,0,0,10.664,10.418,16.469,53.831,8.6176,0,1,0,0,0,0,0,1,0,0,0,0,0,1,0,0
0,0,26.388,30.136,33.383,10.092,0,0,0,0,0,0,6.9692,0,9.7473,22.018,28.148,15.74,10.092,7.2859,0,0,0,0,0,0,0,0,10.092,10.924,15.489,51.037,12.457,0,1,0,0,0,0,0,1,0,0,0,0,0,1,0,0
0,0,6.2898,23.215,21.429,20.319,23.359,5.3882,0,0,0,0,10.118,7.3761,10.286,14.545,16.125,8.0927,9.9197,13.783,1.5572,8.1973,0,9.5695,5.7385,13.439,6.9842,5.242,8.0927,4.5254,22.723,13.38,10.306,0.96226,0.037736,0,0,0,0,0,1,0,0,0,0,1,0,0,1
0,0,2.5421,43.726,0,48.648,2.5421,2.5421,0,0,0,0,18.136,7.2918,5.0842,4.7497,27.97,16.091,0,20.678,0,0,0,2.5421,0,2.5421,0,14.421,22.348,0,19.171,36.434,2.5421,0,0.9881,0.011905,0,0,0,0,1,0,0,0,0,1,0,0,1
0,0,1.2677,29.615,11.557,31.804,19.268,6.4876,0,0,0,0,13.001,4.3676,5.1449,5.1681,26.812,14.928,11.573,9.5757,4.7527,4.6777,0,6.8798,11.181,7.6955,1.2677,9.035,21.501,1.7349,12.455,22.697,5.5532,0.91579,0.084211,0,0,0,0,0,1,0,0,0,0,1,0,0,1
0,0,2.6246,25.955,0,66.171,2.6246,2.6246,0,0,0,0,14.705,2.6246,5.2492,0,40.398,19.693,0,17.33,0,0,0,2.6246,0,2.6246,0,31.773,25.693,0,11.33,23.33,2.6246,0.45833,0.4375,0.020833,0.041667,0.041667,0,0,1,0,0,0,0,0.91667,0.083333,0,1
0,0,20.978,27.72,38.663,12.639,0,0,0,0,0,0,6.6728,0,12.839,26.148,19.552,9.6466,17.609,7.5328,0,0,0,0,0,0,0,0,12.639,10.006,21.984,40.135,15.236,0,1,0,0,0,0,0,1,0,0,0,0,0,1,0,0
0,0,34.15,25.493,32.312,8.0456,0,0,0,0,0,0,6.8185,0,6.7617,34.558,29.845,7.3963,12.175,2.4458,0,0,0,0,0,0,0,0,8.0456,5.5346,19.958,45.035,21.427,0,1,0,0,0,0,0,1,0,0,0,0,0,1,0,0
0,0,30.796,31.777,30.512,6.915,0,0,0,0,0,0,2.2068,0,6.7445,34.879,23.786,5.4863,16.703,10.195,0,0,0,0,0,0,0,0,6.915,7.4751,20.83,49.302,15.478,0,1,0,0,0,0,0,1,0,0,0,0,0,1,0,0
0,0,21.525,31.59,35.254,11.63,0,0,0,0,0,0,2.7379,0,14.612,22.509,19.045,11.787,14.107,15.203,0,0,0,0,0,0,0,0,11.63,13.867,18.649,46.675,9.1787,0,1,0,0,0,0,0,1,0,0,0,0,0,1,0,0
0,0,35.8,20.433,33.664,10.103,0,0,0,0,0,0,8.5335,0,7.2687,26.598,25.859,11.729,12.494,7.5184,0,0,0,0,0,0,0,0,10.103,8.8386,16.292,50.305,14.461,0,1,0,0,0,0,0,1,0,0,0,0,0,1,0,0
9.6514,11.558,5.9577,11.816,1.8468,16.871,13.123,0,27.329,1.8468,0,10.713,4.7557,0,14.022,7.3053,14.465,19.321,15.31,10.414,1.8468,1.8468,6.8023,18.921,7.6645,12.56,4.9554,11.915,0,0,9.2666,18.059,9.8549,0.0098522,0.98522,0.0049261,0,0,0,0,0.76847,0.23153,0,0,0,0.029557,0.97044,0,0
0,5.7322,11.858,6.9714,4.6711,26.661,10.075,4.6711,26.494,2.8661,0,7.5372,0,24.452,4.9081,2.042,27.227,9.2504,8.0325,4.6711,11.88,0,8.0325,18.593,15.311,0,2.042,19.711,2.042,2.8661,0,26.494,4.9081,0.093023,0.90698,0,0,0,0,0,1,0,0,0,0,0.093023,0.90698,0,0
1.3535,15.977,23.08,0,9.8022,20.614,13.869,0,5.9249,9.3801,0,11.912,0,0,8.1098,6.4367,26.685,9.2647,19.998,5.5946,5.8698,6.1296,11.36,15.769,19.199,4.7761,7.7236,1.7327,4.8638,11.158,0,15.815,7.6025,0.92,0.08,0,0,0,0,0,1,0,0,0,0,0.96,0.04,0,1
0.99894,8.7946,28.857,0,9.5471,21.804,8.6348,0,15.054,6.3098,0,8.8532,0,0,8.5027,11.459,28.996,12.445,9.287,4.0501,8.5767,7.8308,4.991,21.5,10.496,4.2379,7.2947,5.289,7.9013,5.9324,0,22.382,9.9749,0.28125,0.65625,0.0625,0,0,0,0,1,0,0,0,0,0.96875,0.03125,0,1
8.7573,3.1814,35.669,0,8.7573,14.986,16.793,0,10.264,1.5907,0,1.5907,0,0,13.649,13.612,20.264,23.574,6.6985,5.2402,6.6147,8.7573,10.046,27.261,9.7961,0,8.3717,0,13.781,1.5907,0,22.539,6.6147,0.23636,0.76364,0,0,0,0,0,1,0,0,0,0,0.32727,0.67273,0,0
0,0,4.0106,5.1245,3.9635,50.572,9.1351,9.2124,13.971,4.0106,0,7.9741,0,19.173,13.176,3.9635,19.096,14.337,9.1351,4.0106,9.1351,0,9.1351,14.337,3.9635,0,3.9635,33.433,13.176,0,0,13.971,8.0212,0,0.98095,0.0095238,0.0095238,0,0,0,1,0,0,0,0,0.028571,0.97143,0,0
0,0,11.314,8.6863,8.6863,11.314,11.314,8.6863,28.686,11.314,0,20,0,17.373,0,0,11.314,0,11.314,20,20,0,11.314,17.373,8.6863,0,0,11.314,0,0,0,28.686,22.627,0,1,0,0,0,0,0,1,0,0,0,0,0,1,0,0
2.024,0,39.176,0,5.3537,22.367,19.037,0,12.042,0,0,0,0,0,4.0479,15.708,10.707,58.83,5.3537,3.3297,0,2.024,29.774,23.085,3.3297,0,22.367,0,2.024,0,0,19.42,0,0.40541,0.58108,0.013514,0,0,0,0,1,0,0,0,0,0.87838,0.12162,0,1
0,0,0,0,23.979,76.021,0,0,0,0,0,0,0,0,0,15.4,84.6,0,0,0,0,0,0,0,0,0,0,60.621,15.4,23.979,0,0,0,1,0,0,0,0,0,0,1,0,0,0,0,1,0,0,0
15.058,0,16.824,0,17.098,4.0785,17.098,0,29.844,0,0,0,0,0,0,15.058,4.0785,46.668,2.0392,17.098,0,15.058,14.785,17.098,2.0392,0,4.0785,0,15.058,0,0,46.941,0,0.73684,0.23684,0.026316,0,0,0,0,1,0,0,0,0,1,0,0,1
0,0,0,0,13.874,86.125,0,0,0,0,0,0,0,0,0,10.209,89.791,0,0,0,0,0,0,0,0,0,0,75.916,10.209,13.874,0,0,0,1,0,0,0,0,0,0,1,0,0,0,0,1,0,0,0
0,0,0,0,17.084,82.916,0,0,0,0,0,0,0,0,0,24.087,75.913,0,0,0,0,0,0,0,0,0,0,58.829,24.087,17.084,0,0,0,1,0,0,0,0,0,0,1,0,0,0,0,1,0,0,0
0,0,4.2544,41.491,4.2544,45.746,4.2544,0,0,0,0,4.2544,25,0,4.2544,0,32.505,8.9859,0,25,0,0,4.2544,0,0,0,0,11.76,29.732,0,4.2544,41.491,8.5089,0,0.30303,0.12121,0.57576,0,0,0,1,0,0,0,0,0.48485,0.51515,0,0
0,0,19.265,2.39,7.1114,40.094,0,9.9744,8.7204,12.445,0,8.4546,2.39,0,12.364,11.887,18.741,4.7799,15.066,4.7215,6.0885,15.507,0,11.309,10.02,1.8666,6.0885,12.677,17.397,4.7799,3.9318,15.367,16.562,0,0.26667,0.093333,0.64,0,0,0,1,0,0,0,0,0,1,0,0
0,0,10.157,5.1227,5.1227,26.238,11.842,16.037,5.0785,20.402,0,5.0785,10.201,0,16.964,0,38.036,10.245,5.1227,0,5.0785,9.2736,0,9.2736,10.157,11.842,0,21.115,5.1227,15.324,0,15.324,11.842,0.19388,0.80612,0,0,0,0,0,1,0,0,0,0,0.28571,0.71429,0,0
0,0,12.699,5.6637,3.9423,42.872,25.195,0,4.8141,4.8141,0,8.7564,5.6637,0,25.195,27.602,10.478,0,6.3494,9.606,0,6.3494,25.195,10.292,0,2.4071,0,37.208,0,0,5.6637,12.885,6.3494,0,0.92857,0.053571,0.017857,0,0,0,1,0,0,0,0,0.98214,0.017857,0,1
0,0,15.053,14.183,14.06,19.73,2.4264,11.966,8.0098,14.571,0,10.933,14.351,0,6.8366,4.8821,11.486,15.052,15.176,6.961,4.4676,9.8555,2.4264,16.583,7.0996,2.1932,2.1932,10.7,4.4102,13.288,2.4264,26.603,12.076,0,0.041958,0.048951,0.90909,0,0,0,1,0,0,0,0,0,1,0,0
0,0,12.074,12.51,7.4751,10.364,0,21.164,24.338,12.074,0,10.018,4.5732,0,8.6547,11.456,18.919,9.9924,13.974,0,9.531,12.882,0,8.5544,6.6291,3.9812,0,6.0371,4.3273,9.531,0,40.829,20.111,0,0.98438,0,0.015625,0,0,0,1,0,0,0,0,0,1,0,0
0,0,19.383,0,0,69.661,0,0,3.6521,7.3042,0,3.6521,3.6521,0,0,26.965,34.269,0,12.078,0,15.731,3.6521,0,3.6521,19.383,0,12.078,30.617,12.078,3.6521,14.887,3.6521,0,0,0,0.10606,0.89394,0,0,0,1,0,0,0,0,0.15152,0.84848,0,0
0,0,0,0,5.9322,94.068,0,0,0,0,0,0,0,0,0,0,100,0,0,0,0,0,0,0,0,0,0,94.068,0,5.9322,0,0,0,1,0,0,0,0,0,0,1,0,0,0,0,1,0,0,0
0,0,0,0,0,40.416,27.317,26.198,6.0685,0,0,0,0,0,19.167,0,67.734,0,0,0,0,13.099,0,7.0305,0,27.317,0,34.348,6.0685,0,0,6.0685,19.167,0.65957,0.34043,0,0,0,0,0,1,0,0,0,0,1,0,0,0
0,0,0,0,0,78.408,4.0382,17.554,0,0,0,0,0,0,13.516,9.4776,72.969,0,0,0,0,4.0382,9.4776,4.0382,0,4.0382,0,78.408,0,0,0,0,4.0382,1,0,0,0,0,0,0,1,0,0,0,0,1,0,0,0
0,0,0,0,0,78.359,0,21.641,0,0,0,0,0,0,21.641,21.641,56.717,0,0,0,0,0,0,21.641,0,0,0,78.359,0,0,0,0,0,0.83784,0.16216,0,0,0,0,0,1,0,0,0,0,1,0,0,0
0,0,0,0,0,45.458,17.833,32.043,4.6664,0,0,0,0,0,28.301,5.3715,54.177,3.7423,0,0,3.7423,4.6664,3.7423,5.3715,0,17.833,0,40.791,4.6664,0,0,4.6664,22.929,0,0.30928,0.69072,0,0,0,0,1,0,0,0,0,1,0,0,0
0,0,0,0,0,49.325,30.135,20.54,0,0,0,0,0,0,20.54,0,79.46,0,0,0,0,0,0,0,0,30.135,0,49.325,0,0,0,0,20.54,0,0.64912,0.12281,0.14035,0.087719,0,0,1,0,0,0,0,1,0,0,0
0,0,0,0,0,100,0,0,0,0,0,0,0,0,0,0,100,0,0,0,0,0,0,0,0,0,0,100,0,0,0,0,0,0,0.7907,0.2093,0,0,0,0,1,0,0,0,0,1,0,0,0
0,0,0,0,0,64.628,25.673,9.6992,0,0,0,0,0,0,4.8496,0,84.682,5.6187,0,0,0,4.8496,0,4.8496,0,25.673,0,64.628,0,0,0,0,4.8496,0,0.012346,0.074074,0.60494,0.30864,0,0,1,0,0,0,0,1,0,0,0
0,0,0,0,0,89.934,10.066,0,0,0,0,0,0,0,0,0,100,0,0,0,0,0,0,0,0,10.066,0,89.934,0,0,0,0,0,0,0,0,0.032468,0.96753,0,0,1,0,0,0,0,1,0,0,0
0,0,0,0,0,100,0,0,0,0,0,0,0,0,0,13.984,86.016,0,0,0,0,0,0,0,0,0,0,86.016,13.984,0,0,0,0,0.97436,0.012821,0.012821,0,0,0,0,1,0,0,0,0,1,0,0,0
0,0,0,0,0,59.487,0,0,40.513,0,0,0,0,21.538,18.974,0,59.487,0,0,0,0,0,0,0,0,0,0,59.487,0,0,0,0,40.513,1,0,0,0,0,0,0,1,0,0,0,0,1,0,0,0
0,0,0,0,5.2196,94.78,0,0,0,0,0,0,0,0,0,0,100,0,0,0,0,0,0,0,0,0,0,94.78,0,5.2196,0,0,0,1,0,0,0,0,0,0,1,0,0,0,0,1,0,0,0
0,0,0,0,0,59.327,0,0,40.673,0,0,0,0,18.654,22.019,0,59.327,0,0,0,0,0,0,0,0,0,0,59.327,0,0,0,0,40.673,0.94828,0.043103,0,0,0.0086207,0,0,1,0,0,0,0,1,0,0,0
0,0,0,0,0,80.28,0,0,19.72,0,0,0,0,6.9844,12.736,0,80.28,0,0,0,0,0,0,0,0,0,0,80.28,0,0,0,0,19.72,0,0,0,0.30952,0.69048,0,0,1,0,0,0,0,1,0,0,0
0,0,0,0,0,85.271,0,0,14.729,0,0,0,0,0,14.729,0,85.271,0,0,0,0,0,0,0,0,0,0,85.271,0,0,0,0,14.729,0,0,0,0.20779,0.79221,0,0,1,0,0,0,0,1,0,0,0
0,0,0,0,0,80.866,0,0,19.134,0,0,0,0,12.185,6.9488,0,80.866,0,0,0,0,0,0,0,0,0,0,80.866,0,0,0,0,19.134,0,0,0.05,0.35,0.6,0,0,1,0,0,0,0,1,0,0,0
0,0,0,0,0,81.651,0,0,18.349,0,0,0,0,18.349,0,0,81.651,0,0,0,0,0,0,0,0,0,0,81.651,0,0,0,0,18.349,0,0,0.014706,0.20588,0.77941,0,0,1,0,0,0,0,1,0,0,0
0,0,0,0,0,100,0,0,0,0,0,0,0,0,0,0,100,0,0,0,0,0,0,0,0,0,0,100,0,0,0,0,0,0,0,0.012195,0.19512,0.79268,0,0,1,0,0,0,0,1,0,0,0
0,0,0,0,0,100,0,0,0,0,0,0,0,0,0,0,100,0,0,0,0,0,0,0,0,0,0,100,0,0,0,0,0,0,0,0,0.19388,0.80612,0,0,1,0,0,0,0,1,0,0,0
0,0,0,0,0,100,0,0,0,0,0,0,0,0,0,0,100,0,0,0,0,0,0,0,0,0,0,100,0,0,0,0,0,0,0,0.024691,0.22222,0.75309,0,0,1,0,0,0,0,1,0,0,0
0,0,0,0,0,100,0,0,0,0,0,0,0,0,0,0,100,0,0,0,0,0,0,0,0,0,0,100,0,0,0,0,0,0,0,0.097561,0.10976,0.79268,0,0,1,0,0,0,0,1,0,0,0
0,0,0,0,6.7041,93.296,0,0,0,0,0,0,0,0,0,0,100,0,0,0,0,0,0,0,0,0,0,93.296,0,6.7041,0,0,0,0.98246,0.017544,0,0,0,0,0,1,0,0,0,0,1,0,0,0
0,0,0,21.703,0,78.297,0,0,0,0,0,0,0,0,0,28.297,21.703,28.297,0,0,0,21.703,21.703,0,0,0,28.297,21.703,28.297,0,0,0,0,0,0.75,0.072917,0.03125,0.14583,0,0,1,0,0,0,0,1,0,0,0
0,0,0,9.5964,0,90.404,0,0,0,0,0,0,0,0,0,0,80.807,9.5964,0,0,0,9.5964,9.5964,0,0,0,0,80.807,9.5964,0,0,0,0,0,0.5,0,0.5,0,0,0,1,0,0,0,0,1,0,0,0
0,0,0,42.753,0,57.247,0,0,0,0,0,0,0,14.494,0,14.494,14.494,28.259,0,0,0,28.259,42.753,0,0,0,14.494,14.494,28.259,0,0,0,0,0,0.30769,0.086538,0.42308,0.18269,0,0,1,0,0,0,0,1,0,0,0
0,0,0,50,0,50,0,0,0,0,0,0,0,0,0,0,50,0,0,0,0,50,50,0,0,0,0,50,0,0,0,0,0,0,0.6,0,0.1,0.3,0,0,1,0,0,0,0,1,0,0,0
0,0,0,0,0,100,0,0,0,0,0,0,0,0,0,0,100,0,0,0,0,0,0,0,0,0,0,100,0,0,0,0,0,0,0,0.02,0.28,0.7,0,0,1,0,0,0,0,1,0,0,0
0,0,0,0,0,100,0,0,0,0,0,0,0,0,0,0,100,0,0,0,0,0,0,0,0,0,0,100,0,0,0,0,0,0,0,0.0097087,0.31068,0.67961,0,0,1,0,0,0,0,1,0,0,0
0,0,0,0,0,100,0,0,0,0,0,0,0,0,0,0,100,0,0,0,0,0,0,0,0,0,0,100,0,0,0,0,0,0,0,0.022222,0.26667,0.71111,0,0,1,0,0,0,0,1,0,0,0
0,0,0,0,0,100,0,0,0,0,0,0,0,0,0,0,100,0,0,0,0,0,0,0,0,0,0,100,0,0,0,0,0,0,0,0.022472,0.31461,0.66292,0,0,1,0,0,0,0,1,0,0,0
0,0,0,0,0,100,0,0,0,0,0,0,0,0,0,0,100,0,0,0,0,0,0,0,0,0,0,100,0,0,0,0,0,0,0,0.014706,0.27941,0.70588,0,0,1,0,0,0,0,1,0,0,0
0,0,0,0,0,100,0,0,0,0,0,0,0,0,0,0,100,0,0,0,0,0,0,0,0,0,0,100,0,0,0,0,0,0,0,0,0.14773,0.85227,0,0,1,0,0,0,0,1,0,0,0
0,0,0,0,0,100,0,0,0,0,0,0,0,0,0,0,100,0,0,0,0,0,0,0,0,0,0,100,0,0,0,0,0,0,0,0,0.2,0.8,0,0,1,0,0,0,0,1,0,0,0
0,0,0,0,0,100,0,0,0,0,0,0,0,0,0,0,100,0,0,0,0,0,0,0,0,0,0,100,0,0,0,0,0,0,0,0.023256,0.19767,0.77907,0,0,1,0,0,0,0,1,0,0,0
0,0,6.1305,7.8119,7.8119,34.937,0,15.218,11.529,16.561,0,11.735,8.0175,0,2.4132,14.068,29.985,10.225,10.877,0,5.3988,7.2805,0,8.6696,4.2152,8.6696,14.035,18.489,2.4132,10.225,0,24.82,8.464,0,0.27586,0.051724,0.67241,0,0,0,1,0,0,0,0,0,1,0,0
0,0,4.8357,18.666,7.4461,16.982,3.5589,18.338,10.446,19.728,0,4.8357,13.056,0,11.005,2.4179,17.564,24.061,15.474,0,3.5589,8.0279,3.5589,8.0279,5.61,5.9768,0,9.5356,7.4461,14.892,0,38.976,5.9768,0.022989,0.97701,0,0,0,0,0,1,0,0,0,0,0.045977,0.95402,0,0
0,0,0,9.5257,0,68.159,0,13.539,4.7628,4.0132,0,4.0132,8.7761,0,0,4.0132,68.909,4.7628,4.7628,0,0,4.7628,0,8.7761,4.7628,4.0132,23.908,40.685,3.5659,0,0,14.289,0,0,0,0.087719,0.91228,0,0,0,1,0,0,0,0,0,1,0,0
0,0,0,0,0,69.308,5.7516,24.941,0,0,0,0,0,0,19.189,13.437,40.406,21.217,0,0,5.7516,0,5.7516,13.437,0,5.7516,0,69.308,0,0,0,0,5.7516,0.88235,0.11765,0,0,0,0,0,1,0,0,0,0,1,0,0,0
0,0,0,4.7578,4.7578,58.638,9.3039,17.784,4.7578,0,0,0,0,0,9.2419,10.215,45.167,22.075,4.7578,0,4.7578,3.7847,5.4573,3.7847,0,9.3039,0,58.638,0,4.7578,0,9.5156,8.5425,0,0.2766,0.7234,0,0,0,0,1,0,0,0,0,1,0,0,0
0,0,0,0,0,88.932,0,11.068,0,0,0,0,0,0,0,9.2468,79.685,0,0,0,0,11.068,0,0,11.068,0,33.331,50.004,5.5977,0,0,0,0,0,0,0,1,0,0,0,1,0,0,0,0,0,1,0,0
0,0,0,0,0,82.098,0,17.902,0,0,0,0,0,0,17.902,17.902,41.049,23.146,0,0,0,0,17.902,0,0,0,0,82.098,0,0,0,0,0,0.91228,0.087719,0,0,0,0,0,1,0,0,0,0,1,0,0,0
0,0,0,0,0,75.823,8.059,16.118,0,0,0,0,0,0,8.059,19.902,16.118,47.862,0,0,8.059,0,8.059,0,0,8.059,39.803,36.02,0,0,0,0,8.059,0.039474,0.32895,0.63158,0,0,0,0,1,0,0,0,0,1,0,0,0
0,0,0,0,0,77.16,11.126,11.715,0,0,0,0,0,0,5.8574,7.4398,74.988,5.8574,0,0,5.8574,0,5.8574,0,0,11.126,7.4398,62.28,7.4398,0,0,0,5.8574,0,0.21429,0.11429,0.58571,0.085714,0,0,1,0,0,0,0,1,0,0,0
0,0,0,0,0,88.532,11.468,0,0,0,0,0,0,0,0,0,88.532,11.468,0,0,0,0,0,0,0,11.468,0,61.468,27.064,0,0,0,0,0,0,0,0.59091,0.40909,0,0,1,0,0,0,0,1,0,0,0
0,0,0,0,0,93.443,6.5571,0,0,0,0,0,0,0,0,7.0387,57.01,35.951,0,0,0,0,0,0,0,6.5571,29.394,37.721,26.328,0,0,0,0,0,0.014085,0.070423,0.35211,0.56338,0,0,1,0,0,0,0,1,0,0,0
0,0,0,0,0,100,0,0,0,0,0,0,6.2097,0,0,5.6605,88.13,0,0,0,0,0,0,0,0,0,5.6605,38.789,49.341,0,6.2097,0,0,0,0,0,0.21622,0.78378,0,0,1,0,0,0,0,1,0,0,0
3.3268,6.1118,10.06,0,10.085,29.757,3.302,0,25.633,11.724,0,1.6634,1.6634,0,10.085,5.0705,13.628,23.274,30.082,0,4.4484,10.085,12.87,1.6386,14.509,3.3268,4.4235,6.9442,7.8306,8.4217,6.0051,29.582,4.4484,0.04878,0.90244,0,0.04878,0,0,0.78049,0.21951,0,0,0,0,0.95122,0.04878,0,1
12.325,8.7756,1.0599,0,2.935,48.165,3.995,0,12.295,10.45,0,2.935,2.935,0,2.935,10.45,10.694,23.775,24.591,0,5.8406,15.844,5.8406,7.5146,6.9005,5.8701,3.9655,1.0599,5.0254,6.4546,15.845,22.775,18.75,0.28767,0.71233,0,0,0,0,0.58904,0.30137,0.10959,0,0,0,0.91781,0.082192,0,1
6.1725,0,12.593,0,12.593,24.69,0,0,25.186,18.766,0,0,0,0,12.593,6.1725,6.1725,18.766,31.359,0,0,24.938,12.593,6.1725,12.593,0,0,0,0,18.766,6.1725,31.359,12.345,0.027778,0.875,0.097222,0,0,0,0,0.45833,0.54167,0,0,0,0.055556,0.94444,0,1
0,0,0,0,0,100,0,0,0,0,0,0,0,0,0,26.941,73.059,0,0,0,0,0,0,0,0,0,9.2994,78.554,6.0735,0,0,6.0735,0,0,0,0.15094,0.84906,0,0,0,1,0,0,0,0,0,1,0,0
0,0,0,0,0,100,0,0,0,0,0,0,0,0,0,0,77.719,22.281,0,0,0,0,0,0,0,0,0,100,0,0,0,0,0,1,0,0,0,0,0,0,1,0,0,0,0,1,0,0,0
0,0,0,0,0,100,0,0,0,0,0,0,0,0,0,5.3688,55.369,39.262,0,0,0,0,0,0,0,0,23.843,52.313,23.843,0,0,0,0,0.475,0.525,0,0,0,0,0,1,0,0,0,0,1,0,0,0
0,0,0,0,0,100,0,0,0,0,0,0,0,0,0,28.708,71.292,0,0,0,0,0,0,0,0,0,0,86.124,6.9382,0,0,6.9382,0,0,0.097561,0.073171,0.82927,0,0,0,1,0,0,0,0,0.17073,0.82927,0,0
0,0,26.716,0,0,46.568,0,0,26.716,0,0,13.358,0,0,0,0,46.568,13.358,26.716,0,0,0,13.358,0,13.358,0,0,46.568,0,0,0,13.358,13.358,0.92248,0.077519,0,0,0,0,0,1,0,0,0,0,0.9845,0.015504,0,0
0,0,0,0,0,100,0,0,0,0,0,0,0,0,0,29.521,34.31,36.169,0,0,0,0,0,0,0,0,47.606,40.958,11.437,0,0,0,0,0.078431,0.72549,0.13725,0.039216,0.019608,0,0,1,0,0,0,0,1,0,0,0
0,0,0,0,0,100,0,0,0,0,0,0,0,0,0,0,100,0,0,0,0,0,0,0,0,0,0,50,50,0,0,0,0,0,0.70312,0.17188,0.015625,0.10938,0,0,1,0,0,0,0,1,0,0,0
0,0,8.8105,0,0,91.19,0,0,0,0,0,0,0,0,0,0,80.161,19.839,0,0,0,0,0,0,0,0,0,91.19,0,0,0,0,8.8105,1,0,0,0,0,0,0,1,0,0,0,0,1,0,0,0
0,0,0,0,0,100,0,0,0,0,0,0,0,0,0,0,100,0,0,0,0,0,0,0,0,0,0,100,0,0,0,0,0,1,0,0,0,0,0,0,1,0,0,0,0,1,0,0,0
0,0,0,0,0,61.653,0,0,38.347,0,0,0,38.347,0,0,0,61.653,0,0,0,0,0,0,0,0,0,0,61.653,0,0,0,0,38.347,1,0,0,0,0,0,0,1,0,0,0,0,1,0,0,0
0,0,0,0,4.4853,84.007,0,0,11.508,0,0,0,11.508,4.4853,0,0,79.522,4.4853,0,0,0,0,0,0,0,0,0,84.007,0,4.4853,0,0,11.508,0,0,0.021277,0.31915,0.65957,0,0,1,0,0,0,0,1,0,0,0
0,0,0,0,0,88.486,0,0,11.514,0,0,0,11.514,0,0,0,88.486,0,0,0,0,0,0,0,0,0,0,88.486,0,0,0,0,11.514,0,0,0,0.084507,0.91549,0,0,1,0,0,0,0,1,0,0,0
0,0,0,0,0,100,0,0,0,0,0,0,0,0,0,0,89.258,10.742,0,0,0,0,0,0,0,0,0,100,0,0,0,0,0,0,0,0,0.17808,0.82192,0,0,1,0,0,0,0,1,0,0,0
0,0,0,0,0,100,0,0,0,0,0,0,0,0,0,0,100,0,0,0,0,0,0,0,0,0,0,100,0,0,0,0,0,0,0,0.1,0.2,0.7,0,0,1,0,0,0,0,1,0,0,0
16.474,0,0,16.474,0,67.051,0,0,0,0,0,16.474,12.763,16.474,0,14.38,25.527,14.38,0,0,0,0,16.474,0,0,0,14.38,29.238,27.144,0,12.763,0,0,0,0.34211,0.087719,0.57018,0,0,0,1,0,0,0,0,1,0,0,0
50,0,0,50,0,0,0,0,0,0,0,50,0,50,0,0,0,0,0,0,0,0,50,0,0,0,0,50,0,0,0,0,0,0,1,0,0,0,0,0,1,0,0,0,0,1,0,0,0
0,0,0,9.4108,0,64.151,26.438,0,0,0,0,0,26.438,9.4108,0,9.4108,54.74,0,0,0,0,0,9.4108,26.438,0,0,9.4108,18.857,9.4459,0,26.438,0,0,0,0.32558,0.093023,0.56977,0.011628,0,0,1,0,0,0,0,1,0,0,0
88.526,0,0,3.8247,0,7.6495,0,0,0,0,0,88.526,0,3.8247,0,3.8247,3.8247,0,0,0,0,0,92.351,0,0,0,3.8247,3.8247,0,0,0,0,0,0,1,0,0,0,0,0,1,0,0,0,0,1,0,0,0
0,0,0,0,0,60.866,39.134,0,0,0,0,0,20.289,0,0,0,79.711,0,0,0,0,0,0,39.134,0,0,0,20.289,20.289,0,20.289,0,0,0,0.88421,0.052632,0.010526,0.052632,0,0,1,0,0,0,0,1,0,0,0
0,0,0,0,0,50,50,0,0,0,0,0,50,0,0,0,50,0,0,0,0,0,0,50,0,0,0,0,0,0,50,0,0,0,0.83333,0,0.083333,0.083333,0,0,1,0,0,0,0,1,0,0,0
0,0,0,0,0,100,0,0,0,0,0,0,0,0,0,0,100,0,0,0,0,0,0,0,0,0,0,100,0,0,0,0,0,0,0,0,0.038462,0.96154,0,0,1,0,0,0,0,1,0,0,0
0,0,0,0,0,100,0,0,0,0,0,0,0,0,0,0,100,0,0,0,0,0,0,0,0,0,0,100,0,0,0,0,0,0,0,0.012048,0.27711,0.71084,0,0,1,0,0,0,0,1,0,0,0
0,0,0,0,0,100,0,0,0,0,0,0,0,0,0,0,100,0,0,0,0,0,0,0,0,0,0,100,0,0,0,0,0,0,0,0.031746,0.26984,0.69841,0,0,1,0,0,0,0,1,0,0,0
0,0,0,0,0,100,0,0,0,0,0,0,0,0,0,0,100,0,0,0,0,0,0,0,0,0,0,100,0,0,0,0,0,0,0,0,0.25926,0.74074,0,0,1,0,0,0,0,1,0,0,0
0,0,0,0,0,100,0,0,0,0,0,0,0,0,0,0,100,0,0,0,0,0,0,0,0,0,0,100,0,0,0,0,0,0,0,0,0.33333,0.66667,0,0,1,0,0,0,0,1,0,0,0
0,0,0,0,0,100,0,0,0,0,0,0,0,0,0,0,100,0,0,0,0,0,0,0,0,0,0,100,0,0,0,0,0,0,0,0,0.25,0.75,0,0,1,0,0,0,0,1,0,0,0
0,0,0,0,0,100,0,0,0,0,0,0,0,0,0,0,100,0,0,0,0,0,0,0,0,0,0,100,0,0,0,0,0,0,0,0.011111,0.14444,0.84444,0,0,1,0,0,0,0,1,0,0,0
0,0,0,0,0,100,0,0,0,0,0,0,0,0,0,0,100,0,0,0,0,0,0,0,0,0,0,100,0,0,0,0,0,0,0,0.030303,0.27273,0.69697,0,0,1,0,0,0,0,1,0,0,0
0,0,0,0,0,100,0,0,0,0,0,0,0,0,0,0,100,0,0,0,0,0,0,0,0,0,0,100,0,0,0,0,0,0,1,0,0,0,0,0,1,0,0,0,0,0,1,0,0
0,0,0,0,4.4826,95.517,0,0,0,0,0,0,0,0,0,4.4826,91.035,0,0,0,4.4826,0,0,0,0,0,0,91.035,4.4826,0,4.4826,0,0,0,1,0,0,0,0,0,1,0,0,0,0,0,1,0,0
0,0,0,0,0,100,0,0,0,0,0,0,0,0,0,0,100,0,0,0,0,0,0,0,0,0,0,100,0,0,0,0,0,0,1,0,0,0,0,0,1,0,0,0,0,0,1,0,0
0,0,0,0,0,100,0,0,0,0,0,0,0,0,0,0,100,0,0,0,0,0,0,0,0,0,0,100,0,0,0,0,0,0,1,0,0,0,0,0,1,0,0,0,0,0,1,0,0
0,0,0,0,0,100,0,0,0,0,0,0,0,0,0,0,100,0,0,0,0,0,0,0,0,0,0,100,0,0,0,0,0,0,1,0,0,0,0,0,1,0,0,0,0,0,1,0,0
0,0,0,0,0,100,0,0,0,0,0,0,0,0,0,0,100,0,0,0,0,0,0,0,0,0,0,100,0,0,0,0,0,0,1,0,0,0,0,0,1,0,0,0,0,0,1,0,0
0,0,0,6.522,0,86.956,6.522,0,0,0,0,6.522,6.522,0,0,0,83.648,0,0,0,0,3.3078,6.522,0,0,0,0,83.648,0,0,3.3078,6.522,0,0,1,0,0,0,0,0,1,0,0,0,0,0,1,0,0
0,7.4713,0,0,0,62.643,22.414,0,7.4713,0,0,7.4713,7.4713,0,7.4713,7.4713,57.382,0,0,7.4713,0,5.2618,0,7.4713,14.943,7.4713,0,57.382,0,0,5.2618,0,7.4713,0,1,0,0,0,0,0,1,0,0,0,0,0,1,0,0
0,3.8157,7.7041,5.5485,0,16.631,17.871,0,39.282,9.147,0,2.0628,6.6813,9.147,5.5685,12.943,20.427,13.16,9.3642,18.894,1.7529,0,0,26.505,12.013,4.1256,0,14.878,0,1.7529,2.0628,24.06,14.603,0,1,0,0,0,0,0,1,0,0,0,0,0,1,0,0
0,0,3.2841,3.0002,0,51.131,36.017,0,3.2841,3.2841,0,3.0002,11.508,8.4637,0,6.9058,51.131,0,0,15.369,0,3.6216,3.0002,6.5682,16.972,5.1796,7.2433,47.509,0,0,3.6216,9.906,0,0,1,0,0,0,0,0,1,0,0,0,0,0,1,0,0
2.5818,9.2352,10.327,2.6051,0,18.548,17.845,0,30.548,8.3103,0,7.6618,5.08,8.3103,13.39,22.167,15.029,5.2101,6.7602,7.6851,4.1552,4.5503,0,18.036,19.479,5.08,0,9.8424,0,6.737,1.9685,17.676,21.182,0,1,0,0,0,0,0,1,0,0,0,0,0.010989,0.98901,0,0
0,0,0,3.6613,0,54.686,41.653,0,0,0,0,3.6613,7.7838,3.428,0,11.445,52.63,0,0,11.212,0,9.8395,3.6613,0,11.212,3.428,22.89,41.185,0,0,9.8395,7.7838,0,0,1,0,0,0,0,0,1,0,0,0,0,0,1,0,0
2.9842,2.9842,0,3.8888,2.9842,46.506,40.653,0,0,0,0,6.873,11.588,5.9684,0,7.6989,42.48,2.9842,0,7.6989,2.9842,11.725,3.8888,0,16.651,2.9842,15.398,31.797,2.9842,0,11.725,14.572,0,0.016667,0.98333,0,0,0,0,0,1,0,0,0,0,0.11667,0.88333,0,0
1.6991,1.7305,17.572,10.775,14.94,14.559,13.434,0,15.513,5.6138,4.1644,1.6991,0,10.031,5.6138,19.302,21.592,8.6224,1.7305,2.4059,14.517,14.486,0,7.2502,24.779,15.193,0,4.8118,10.482,3.4296,0,28.895,5.1602,0,0.89655,0.10345,0,0,0,0,0.68966,0.31034,0,0,0,0.27586,0.72414,0,0
12.699,22.9,4.55,0,6.3496,16.952,10.9,0,19.301,6.3496,0,10.9,10.9,0,10.9,6.3496,0,15.851,22.201,4.55,12,6.3496,12,9.1,12,21.799,5.6506,0,5.6506,0,4.55,17.249,12,0,1,0,0,0,0,0,1,0,0,0,0,0,1,0,0
0,14.022,0,12.867,0,26.525,0,0,32.563,14.022,0,12.867,26.889,3.4146,3.4146,19.696,12.867,6.8292,0,0,14.022,0,26.889,14.022,0,0,3.4146,12.867,6.8292,16.281,0,16.281,3.4146,0,0.93103,0.068966,0,0,0,0,0.72414,0.27586,0,0,0,0.034483,0.96552,0,0
6.7186,3.2209,28.115,4.96,5.3456,12.619,15.351,0,17.768,5.9006,0,8.2909,1.5722,7.4362,3.3341,30.951,19.341,6.11,1.2631,11.113,3.5837,7.005,0,29.348,26.239,5.156,0,4.1388,3.4105,5.07,0,17.469,9.1684,0,0.71429,0.28571,0,0,0,0,0.88571,0.11429,0,0,0,0.88571,0.11429,0,1
0,0,0,1.2815,0,57.609,1.2815,0,32.906,6.9213,0,6.3307,1.2815,15.467,8.5455,27.266,8.2029,24.703,0,1.2815,6.9213,0,8.2029,0,0,1.2815,16.158,6.9213,25.985,14.876,0,9.8271,16.748,0,0.875,0.125,0,0,0,0,0.75,0.25,0,0,0,0.041667,0.95833,0,1
0,0,0,9.7045,0,50.492,3.8027,0,36,0,0,5.9018,9.7045,8.2956,8.2956,33.901,9.7045,20.394,0,3.8027,0,0,9.7045,0,0,3.8027,12.098,5.9018,24.197,14.197,0,18,12.098,0,0.45455,0.54545,0,0,0,0,1,0,0,0,0,0,1,0,1
0,0,11.617,0,0,76.766,0,0,11.617,0,0,5.8086,0,0,0,0,76.766,5.8086,11.617,0,0,0,5.8086,0,5.8086,0,0,76.766,0,0,0,5.8086,5.8086,0,0.9,0.1,0,0,0,0,1,0,0,0,0,0,1,0,0
0,1.0711,1.9955,11.316,0,40.913,3.9603,0,36.707,3.0393,0.99776,21.457,11.316,2.0415,1.0711,27.91,17.496,12.78,1.0711,1.8182,2.0415,0.99776,13.358,3.0666,0.99776,2.8893,12.78,11.54,14.525,20.46,2.0688,13.458,4.8575,0,0.6875,0.3125,0,0,0,0,0.5625,0.4375,0,0,0,0.0625,0.9375,0,1
0,0,0,0,0,84.19,0,0,15.81,0,0,0,0,0,0,0,84.19,0,15.81,0,0,0,15.81,0,0,0,0,84.19,0,0,0,0,0,0,1,0,0,0,0,0,1,0,0,0,0,0,1,0,0
5.6508,5.6508,4.9675,25.596,20.933,5.6508,16.269,0,4.9675,0,10.314,5.6508,0,31.931,0,4.9675,10.618,10.618,0,20.629,10.618,4.9675,0,0,26.887,10.618,0,0,15.965,0,10.314,36.215,0,0,1,0,0,0,0,0,0.4375,0.5625,0,0,0,0.125,0.875,0,0
0,0,13.205,27.313,7.8861,40.718,0,0,7.6466,0,3.2309,0,0,19.753,4.6552,17.947,22.684,15.166,0,16.931,0,2.8637,7.5189,13.205,0,0,19.78,10.469,3.2309,2.8225,15.533,19.795,7.6466,0.3,0.7,0,0,0,0,0,1,0,0,0,0,0.775,0.225,0,1
0,0,8.8401,12.863,13.027,51.617,0,0,7.42,0,6.2331,0,0,31.333,0,18.306,10.817,7.42,0,16.26,6.2331,9.6301,0,8.8401,0,6.2331,12.863,12.863,12.466,8.8401,10.817,19.657,7.42,0,1,0,0,0,0,0,1,0,0,0,0,0.1875,0.8125,0,0
0,0,19.366,19.071,20.471,33.209,0,0,2.5785,0,5.3043,0,0,31.682,6.251,13.252,13.092,6.251,0,23.724,0,5.7472,3.6726,19.366,0,0,12.135,4.7897,5.3043,10.537,14.724,26.893,2.5785,0,1,0,0,0,0,0,1,0,0,0,0,0,1,0,0
0,88.476,0,0,0,11.524,0,0,0,0,0,0,0,0,0,59.944,11.524,0,0,0,28.532,0,28.532,31.413,28.532,0,0,8.6432,0,0,2.8811,0,0,0.04878,0.95122,0,0,0,0,0,1,0,0,0,0,0.2439,0.7561,0,0
0,0,0,0,0,95.207,0,0,4.7926,0,0,0,0,0,0,0,95.207,0,4.7926,0,0,0,4.7926,0,0,0,0,95.207,0,0,0,0,0,0,1,0,0,0,0,0,1,0,0,0,0,0,1,0,0
0,9.075,0,0,0,81.85,0,0,9.075,0,0,9.075,0,0,0,9.075,81.85,0,0,0,0,0,0,9.075,0,0,0,81.85,0,9.075,0,0,0,0,1,0,0,0,0,0,1,0,0,0,0,0,1,0,0
0,32.277,0,16.139,3.0925,42.307,3.0925,0,3.0925,0,0,3.0925,3.0925,19.231,0,32.277,19.983,0,0,19.231,3.0925,0,0,19.231,19.231,0,19.231,19.983,0,6.185,0,16.139,0,0,1,0,0,0,0,0,1,0,0,0,0,0,1,0,0
0,15.438,0,10.088,4.2967,49.047,11.052,0,10.079,0,0,10.079,4.9386,14.384,0,15.438,29.724,9.2354,0,5.1489,11.052,0,0,21.341,10.088,0,5.1489,34.021,4.9386,9.437,4.9386,10.088,0,0.52941,0.41176,0.058824,0,0,0,0,1,0,0,0,0,0.70588,0.29412,0,0
0,0,0,0,6.5711,80.287,6.5711,0,6.5711,0,0,6.5711,6.5711,6.5711,0,0,67.144,0,0,6.5711,6.5711,0,0,6.5711,6.5711,0,6.5711,67.144,0,13.142,0,0,0,0.16667,0.83333,0,0,0,0,0,1,0,0,0,0,0.25,0.75,0,0
0,0,0,0,0,50,50,0,0,0,0,0,0,0,0,0,50,0,0,0,50,0,0,50,0,0,0,50,0,0,0,0,0,0,1,0,0,0,0,0,1,0,0,0,0,0.11111,0.88889,0,0
0,0,0,0,0,100,0,0,0,0,0,0,0,0,0,0,100,0,0,0,0,0,0,0,0,0,0,100,0,0,0,0,0,0,1,0,0,0,0,0,1,0,0,0,0,0,1,0,0
0,0,0,0,0,100,0,0,0,0,0,0,0,0,0,0,100,0,0,0,0,0,0,0,0,0,0,100,0,0,0,0,0,0,1,0,0,0,0,0,1,0,0,0,0,0,1,0,0
0,0,0,2.3052,0,53.235,44.46,0,0,0,0,2.3052,9.1151,0,0,36.641,38.319,0,0,6.8099,0,6.8099,2.3052,0,6.8099,0,31.761,43.199,0,0,6.8099,9.1151,0,0.31579,0.63158,0.052632,0,0,0,0,1,0,0,0,0,1,0,0,0
1.6492,8.5956,11.207,13.379,0,5.8673,20.934,0,32.769,5.5991,0,8.8637,7.2145,5.5991,23.355,16.256,4.4863,15.152,3.1542,12.889,1.381,1.6492,0,19.609,18.399,8.9877,0,2.8371,0,3.0302,15.152,22.132,9.8526,0,0.46341,0.53659,0,0,0,0,1,0,0,0,0,0.56098,0.43902,0,1
0,0,0,14.172,0,55.696,30.131,0,0,0,0,14.172,3.9898,0,0,18.162,55.696,0,0,3.9898,0,3.9898,14.172,0,3.9898,0,44.111,29.747,0,0,3.9898,3.9898,0,0.79245,0.20755,0,0,0,0,0,1,0,0,0,0,0.98113,0.018868,0,0
1.4311,5.9132,11.261,8.1866,8.2843,16.2,9.5787,0,24.163,14.981,0,1.4311,0,14.1,12.708,14.942,23.648,7.2076,5.8156,5.8804,9.0227,5.2444,0,13.092,17.268,4.5406,0,4.4083,7.3096,4.4821,0,37.268,11.631,0,0.041667,0.90278,0.055556,0,0,0,1,0,0,0,0,0.88889,0.11111,0,1
0,0,0,5.2774,0,76.038,18.685,0,0,0,0,5.2774,0,0,0,32.092,62.63,0,0,0,0,0,5.2774,0,0,0,23.962,70.76,0,0,0,0,0,0.89286,0.10714,0,0,0,0,0,1,0,0,0,0,1,0,0,0
0,0,0,0,0,100,0,0,0,0,0,0,0,0,0,0,100,0,0,0,0,0,0,0,0,0,33.333,66.667,0,0,0,0,0,1,0,0,0,0,0,0,1,0,0,0,0,1,0,0,0
0,0,0,12.896,0,60.172,26.932,0,0,0,0,12.896,5.397,4.7056,0,16.748,53.828,0,0,4.7056,0,1.7206,12.896,0,4.7056,4.7056,19.623,50.952,0,0,1.7206,5.397,0,0.02,0.78,0.2,0,0,0,0,1,0,0,0,0,0.46,0.54,0,0
8.6723,7.5026,15.924,5.5239,14.174,18.205,12.144,0,6.8911,8.3846,2.5781,8.6723,0,17.583,8.3846,17.354,25.244,6.0722,1.4304,0,10.081,5.1781,0,13.324,24.847,8.6504,0,0,16.752,4.0304,0,26.935,5.4608,0,0.70492,0.098361,0.19672,0,0,0,0.39344,0.60656,0,0,0,0.42623,0.57377,0,1
0,5.4184,5.4184,11.248,0,0,16.667,0,61.248,0,0,5.4184,5.4184,0,5.4184,11.248,11.248,27.915,16.667,16.667,0,0,0,33.333,0,10.837,0,0,0,0,5.4184,27.915,22.497,0,0.3619,0.53333,0.10476,0,0,0,0.84762,0.15238,0,0,0,0.70476,0.29524,0,1
0,13.679,0,0,0,28.774,0,0,28.774,28.774,0,27.359,13.679,15.094,0,0,28.774,0,0,0,15.094,0,15.094,13.679,0,0,0,28.774,0,0,0,13.679,28.774,0,0.58824,0.41176,0,0,0,0,0.11765,0.88235,0,0,0,0.058824,0.94118,0,1
2.7741,12.606,17.128,6.0315,6.0315,21.412,0,0,15.38,18.637,0,27.986,12.606,0,6.0315,17.128,33.475,0,0,0,0,2.7741,0,26.96,5.5482,0,0,12.606,6.0315,2.7741,0,30.7,15.38,0,0.046512,0.15116,0.80233,0,0,0,1,0,0,0,0,0.97674,0.023256,0,1
0,15.617,19.038,0,0,36.025,4.6608,0,4.6608,16.643,3.3562,5.6865,13.286,0,2.3304,9.0427,36.025,2.3304,2.3304,0,13.286,15.682,13.286,34.655,3.3562,2.3304,2.3304,12.326,15.682,2.3304,5.6865,4.6608,3.3562,0.039216,0.80392,0.15686,0,0,0,0.058824,0.7451,0.19608,0,0,0,0.7451,0.2549,0,1
0,5.1852,19.615,11.617,0,26.315,9.3504,0,18.189,4.1454,5.5821,6.0197,4.7122,6.8655,8.0188,23.695,18.859,11.319,5.4686,6.1489,0,8.893,6.0395,21.599,8.893,2.838,10.747,1.8743,13.117,1.5064,2.2711,20.467,10.647,0,0.91667,0.083333,0,0,0,0,0.52083,0.47917,0,0,0,0,1,0,1
0,4.4596,11.513,6.2753,0,38.299,10.527,0,27.609,0,1.317,12.422,2.2184,7.1789,10.216,22.248,17.277,18.607,5.8825,1.317,0,2.6341,5.1427,13.048,2.6341,3.1426,18.884,2.2184,14.147,15.254,3.1426,18.132,4.2546,0,1,0,0,0,0,0,1,0,0,0,0,0,1,0,1
0,0,19.175,0,0,62.859,0,0,17.966,0,0,10.501,0,0,0,0,62.859,8.6747,17.966,0,0,0,10.214,0,10.501,0,0,62.859,0,0,0,7.7516,8.6747,0.86022,0.13978,0,0,0,0,0,1,0,0,0,0,0.94624,0.053763,0,0
0,4.9629,13.048,17.47,0,25.006,10.603,0,27.037,0,1.8721,3.0908,2.5496,6.9423,4.9629,26.496,12.965,18.689,16.139,4.4216,0,3.7441,6.7833,13.777,3.7441,5.6404,5.6404,0,16.275,3.0908,3.0908,32.466,9.4919,0,0.89286,0.10714,0,0,0,0,0.75,0.25,0,0,0,0,1,0,1
0,9.4705,17.064,20.697,0,15.098,15.434,0,15.434,3.1703,3.6328,9.008,3.1703,1.6481,7.9484,16.063,21.936,13.079,6.3002,3.6328,0,17.214,3.4824,26.534,13.732,2.6674,4.3156,3.1703,3.2963,4.3156,2.6674,31,4.8184,0,1,0,0,0,0,0.015873,0.98413,0,0,0,0,1,0,0,1
0,4.6167,30.717,17.408,0,22.863,13.109,0,8.3923,0,2.8936,1.7232,1.0262,5.7428,10.36,7.6953,32.296,16.238,15.212,3.9197,0,5.7871,17.364,18.996,5.7871,2.7493,14.235,0,12.648,1.7232,1.7232,23.748,1.0262,0,0.31373,0.68627,0,0,0,0,0.17647,0.82353,0,0,0,0,1,0,1
0,2.7958,26.874,17.681,0,16.086,6.7921,0,26.975,0,2.7958,0,0,16.086,6.7921,26.975,11.989,14.885,14.885,2.7958,0,5.5916,3.9963,25.674,5.5916,0,7.9925,0,12.09,0,0,32.567,12.09,0,0.86957,0.13043,0,0,0,0,0.63043,0.36957,0,0,0,0,1,0,0
5.8527,3.5502,27.619,6.9582,8.8679,17.271,10.778,0,15.823,3.281,0,5.8527,0,7.1005,3.281,24.37,22.589,8.8679,1.6405,0,10.508,15.79,0,16.718,29.172,8.8679,0,4.8889,6.7986,5.5834,0,20.748,7.2239,0,0.11321,0.09434,0.79245,0,0,0,1,0,0,0,0,0.9434,0.056604,0,1
0,0,29.014,19.24,9.8772,19.335,16.158,0,0,3.188,3.188,3.188,0,6.7958,3.0814,25.616,32.095,3.0814,0,3.3979,0,22.744,3.0814,29.014,19.347,0,6.1628,0,3.188,3.3979,9.6673,22.954,3.188,0.18333,0.81667,0,0,0,0,0.51667,0.48333,0,0,0,0,0.95,0.05,0,1
0,0,17.792,19.92,14.488,31.846,0,0,11.192,0,4.7618,0,0,20.577,9.8655,10.396,17.527,15.727,0,23.312,0,2.596,4.5346,17.792,0,0,14.931,5.8614,4.7618,2.596,17.754,20.577,11.192,0.32,0.68,0,0,0,0,0,1,0,0,0,0,0.4,0.6,0,0
0,0,31.191,13.186,8.1786,34.048,0,0,13.397,0,0,0,0,21.133,9.1042,12.954,12.944,15.678,0,21.817,0,6.3705,2.2812,31.191,0,0,8.6232,8.6232,0,8.4201,8.3816,19.083,13.397,0.33333,0.66667,0,0,0,0,0,1,0,0,0,0,0.41667,0.58333,0,0
0,3.7174,36.334,31.306,0,8.7453,3.7174,0,3.7174,4.3727,8.09,4.3727,0,0,3.7174,12.463,32.617,15.653,3.7174,3.7174,0,23.743,11.936,40.051,11.807,0,0,0,4.3727,0,4.3727,23.088,4.3727,0,1,0,0,0,0,0.89412,0.10588,0,0,0,0,0.96471,0.035294,0,1
0,6.3562,0,0,0,93.644,0,0,0,0,0,0,0,0,0,0,93.644,0,0,0,6.3562,0,0,0,6.3562,0,0,93.644,0,0,0,0,0,0,1,0,0,0,0,0,1,0,0,0,0,0,1,0,0
0,3.2743,23.117,12.422,0,24.73,14.271,0,16.067,3.0589,3.0589,6.3332,1.1762,5.5008,5.192,24.716,27.259,11.068,9.8916,1.1762,0,7.6877,6.128,21.439,7.6877,4.4506,8.2859,0,12.029,3.2743,6.3332,22.554,7.8182,0.035088,0.81579,0.14912,0,0,0,0.026316,0.26316,0.71053,0,0,0,0.18421,0.81579,0,1
0,39.059,0,0,0,60.941,0,0,0,0,0,0,0,0,0,36.29,60.941,0,0,0,2.7693,0,31.765,4.5247,2.7693,0,0,24.651,0,0,36.29,0,0,0.77143,0.22857,0,0,0,0,0,1,0,0,0,0,0.8,0.2,0,0
0,20.091,0,0,0,79.909,0,0,0,0,0,0,0,0,0,15.061,79.909,0,0,0,5.0298,0,5.0298,10.031,5.0298,0,0,74.908,0,0,5.0012,0,0,0,1,0,0,0,0,0,1,0,0,0,0,0,1,0,0
0,43.206,0,0,0,56.794,0,0,0,0,0,0,21.603,0,0,0,56.794,0,0,0,0,21.603,0,0,21.603,21.603,0,56.794,0,0,0,0,0,0.73846,0.26154,0,0,0,0,0,1,0,0,0,0,0.75385,0.24615,0,0
0,5.8329,28.473,0,0,65.695,0,0,0,0,0,0,2.9164,0,0,0,65.695,28.473,0,0,0,2.9164,0,28.473,2.9164,2.9164,0,65.695,0,0,0,0,0,0.74194,0.25806,0,0,0,0,0,1,0,0,0,0,0.79032,0.20968,0,0
0,42.402,11.883,0,0,45.715,0,0,0,0,0,0,18.111,0,0,0,45.715,11.883,0,0,0,24.291,0,11.883,18.111,24.291,0,45.715,0,0,0,0,0,0,1,0,0,0,0,0,1,0,0,0,0,0,1,0,0
0,0,0,0,0,100,0,0,0,0,0,0,0,0,0,0,100,0,0,0,0,0,0,0,0,0,0,100,0,0,0,0,0,0.8125,0.125,0.0625,0,0,0,0,1,0,0,0,0,1,0,0,0
0,0,0,0,0,93.378,0,0,6.6217,0,0,0,6.6217,0,0,0,93.378,0,0,0,0,0,0,0,0,0,0,93.378,0,0,0,0,6.6217,0.95161,0.016129,0.032258,0,0,0,0,1,0,0,0,0,1,0,0,0
0,23.916,0,2.281,3.3692,31.134,3.3692,0,35.93,0,0,29.567,5.6502,5.6502,0,23.916,19.834,2.281,0,3.3692,9.7326,0,0,20.922,12.014,0,3.3692,19.834,2.281,24.291,8.6444,8.6444,0,0.35714,0.58929,0.053571,0,0,0,0,0.92857,0.071429,0,0,0,0.44643,0.55357,0,0
0,0,0,5.4955,5.5485,67.098,5.5485,0,16.309,0,0,11.044,16.309,11.044,0,0,45.01,5.4955,0,5.5485,5.5485,0,0,5.5485,11.044,0,5.5485,45.01,5.4955,11.097,5.4955,5.4955,5.265,0,0,0.036364,0.27273,0.69091,0,0,1,0,0,0,0,1,0,0,0
0,0,0,0,6.0785,88.443,0,0,5.4783,0,0,0,5.4783,6.0785,0,0,82.365,6.0785,0,0,0,0,0,0,0,0,0,75.673,12.771,6.0785,0,0,5.4783,0,0,0.0125,0.15,0.8375,0,0,1,0,0,0,0,1,0,0,0
0,13.88,0,4.2609,11.238,47.832,6.0366,0,16.752,0,0,11.394,6.0366,15.499,0,13.88,26.296,5.2018,0,10.297,11.394,0,0,10.297,15.655,0,10.297,23.552,7.9463,17.275,5.3578,9.6187,0,0,1,0,0,0,0,0,1,0,0,0,0,0.021053,0.97895,0,0
0,0,0,9.1439,0,81.712,0,0,9.1439,0,0,9.1439,9.1439,9.1439,0,0,63.425,9.1439,0,0,0,0,0,0,9.1439,0,0,63.425,9.1439,0,9.1439,9.1439,0,0.018182,0.98182,0,0,0,0,0,1,0,0,0,0,0.063636,0.93636,0,0
0,43.918,0,0,0,56.082,0,0,0,0,0,12.164,15.877,0,0,0,43.918,0,0,0,12.164,15.877,0,12.164,15.877,28.041,0,43.918,0,0,0,0,0,0.69811,0.30189,0,0,0,0,0,1,0,0,0,0,0.69811,0.30189,0,0
0,14.739,0,0,0,85.261,0,0,0,0,0,33.333,0,0,0,18.594,14.739,18.594,0,0,14.739,0,0,14.739,0,14.739,0,51.928,0,0,0,18.594,0,0.42424,0.57576,0,0,0,0,0,1,0,0,0,0,0.43939,0.56061,0,0
0,0,0,0,0,100,0,0,0,0,0,11.407,0,0,0,11.407,65.778,11.407,0,0,0,0,0,0,0,0,0,88.593,0,0,0,11.407,0,0,0,0,0.12048,0.87952,0,0,1,0,0,0,0,1,0,0,0
0,0,0,0,0,100,0,0,0,0,0,0,0,0,0,7.4476,83.61,8.9424,0,0,0,0,0,0,0,0,0,100,0,0,0,0,0,0,0,0.010526,0.073684,0.91579,0,0,1,0,0,0,0,1,0,0,0
0,0,0,0,0,100,0,0,0,0,0,46.415,0,0,0,8.3767,35.723,9.485,0,0,0,0,0,0,0,23.207,0,53.585,0,0,0,23.207,0,0.028986,0.33333,0.043478,0.27536,0.31884,0,0,1,0,0,0,0,0.66667,0.33333,0,0
0,0,0,0,0,100,0,0,0,0,0,11.745,0,0,0,11.745,64.766,11.745,0,0,0,0,0,0,0,0,0,88.255,0,0,0,11.745,0,0,0,0.0097087,0.23301,0.75728,0,0,1,0,0,0,0,1,0,0,0
0,2.8478,0,0,0,97.152,0,0,0,0,0,0,0,0,0,0,97.152,0,0,0,2.8478,0,0,0,2.8478,0,0,97.152,0,0,0,0,0,0,1,0,0,0,0,0,1,0,0,0,0,0,1,0,0
0,19.17,0,13.906,0,52.589,0,0,14.335,0,0,4.3204,4.3204,13.906,0,29.185,24.349,4.3204,0,9.5852,10.014,0,0,9.5852,13.906,0,9.5852,14.335,24.349,0,4.3204,23.92,0,0,0.9542,0.045802,0,0,0,0,0.9313,0.068702,0,0,0,0,1,0,0
0,0,0,0,0,100,0,0,0,0,0,0,0,0,0,0,100,0,0,0,0,0,0,0,0,0,0,100,0,0,0,0,0,0,1,0,0,0,0,0,1,0,0,0,0,0,1,0,0
0,0,0,0,0,75,0,0,25,0,0,0,0,0,0,25,50,25,0,0,0,0,0,0,0,0,0,25,50,0,0,0,25,0,0.92715,0.072848,0,0,0,0,0.94702,0.05298,0,0,0,0,1,0,0
0,11.537,0,0,0,60.977,0,0,27.485,0,0,11.537,0,0,0,21.236,45.992,9.6983,0,0,11.537,0,0,0,11.537,0,0,28.283,32.694,0,11.537,11.537,4.411,0,1,0,0,0,0,0,1,0,0,0,0,0,1,0,0
0,0,0,0,0,86.519,0,0,13.481,0,0,0,0,0,0,25,50,11.519,0,0,13.481,0,0,0,0,0,0,36.519,50,0,0,13.481,0,0.026667,0.97333,0,0,0,0,0,1,0,0,0,0,0.053333,0.94667,0,0
0,0,0,0,0,68.432,0,0,31.568,0,0,0,0,0,0,20.132,59.735,16.314,0,0,3.8184,0,0,0,0,0,0,28.167,40.265,0,0,3.8184,27.75,0,1,0,0,0,0,0,1,0,0,0,0,0,1,0,0
0,0,0,0,0,85.463,0,0,14.537,0,0,0,0,0,0,20.929,58.142,15.653,0,0,5.2759,0,0,0,0,0,0,32.267,53.196,0,0,5.2759,9.2612,0.029851,0.97015,0,0,0,0,0,1,0,0,0,0,0.074627,0.92537,0,0
0,66.645,0,0,0,33.355,0,0,0,0,0,5.1936,30.726,0,0,0,28.161,0,0,0,25.546,10.373,0,25.546,30.726,15.567,0,28.161,0,0,0,0,0,0,1,0,0,0,0,0,1,0,0,0,0,0,1,0,0
0,48.806,0,0,0,51.194,0,0,0,0,0,39,24.403,0,0,0,12.194,0,0,0,18.306,6.0972,0,18.306,24.403,25.597,0,12.194,0,0,0,19.5,0,0,1,0,0,0,0,0,1,0,0,0,0,0,1,0,0
0,23.557,0,0,0,76.443,0,0,0,0,0,0,11.779,0,0,0,76.443,0,0,0,0,11.779,0,0,11.779,11.779,0,76.443,0,0,0,0,0,0,1,0,0,0,0,0,1,0,0,0,0,0,1,0,0
0,0,0,0,0,100,0,0,0,0,0,0,0,0,0,0,100,0,0,0,0,0,0,0,0,0,0,100,0,0,0,0,0,0,1,0,0,0,0,0,1,0,0,0,0,0,1,0,0
0,0,0,0,0,100,0,0,0,0,0,0,0,0,0,0,100,0,0,0,0,0,0,0,0,0,0,100,0,0,0,0,0,0,0.22353,0.035294,0.18824,0.55294,0,0,1,0,0,0,0,0.77647,0.22353,0,0
0,0,0,0,0,100,0,0,0,0,0,0,0,0,0,7.4886,92.511,0,0,0,0,0,0,0,0,0,0,100,0,0,0,0,0,0,0,0,0.19101,0.80899,0,0,1,0,0,0,0,1,0,0,0
0,0,0,0,0,100,0,0,0,0,0,0,0,0,0,0,100,0,0,0,0,0,0,0,0,0,0,100,0,0,0,0,0,0,0.23529,0.011765,0.30588,0.44706,0,0,1,0,0,0,0,0.76471,0.23529,0,0
0,0,0,0,0,100,0,0,0,0,0,0,0,0,0,0,100,0,0,0,0,0,0,0,0,0,0,100,0,0,0,0,0,0,0,0,0.11765,0.88235,0,0,1,0,0,0,0,1,0,0,0
0,0,0,0,0,100,0,0,0,0,0,0,0,0,0,0,100,0,0,0,0,0,0,0,0,0,0,100,0,0,0,0,0,0,0,0,0.23469,0.76531,0,0,1,0,0,0,0,1,0,0,0
0,0,0,0,0,100,0,0,0,0,0,0,0,0,0,0,100,0,0,0,0,0,0,0,0,0,0,100,0,0,0,0,0,0,0,0.037383,0.13084,0.83178,0,0,1,0,0,0,0,1,0,0,0
0,0,0,0,0,100,0,0,0,0,0,0,0,0,0,0,100,0,0,0,0,0,0,0,0,0,0,100,0,0,0,0,0,0,0,0,0.091837,0.90816,0,0,1,0,0,0,0,1,0,0,0
0,0,0,0,0,100,0,0,0,0,0,0,0,0,0,0,100,0,0,0,0,0,0,0,0,0,0,100,0,0,0,0,0,0,0,0.11765,0.15294,0.72941,0,0,1,0,0,0,0,1,0,0,0
0,0,0,0,0,100,0,0,0,0,0,0,0,0,0,0,100,0,0,0,0,0,0,0,0,0,0,100,0,0,0,0,0,0,0,0,0.044944,0.95506,0,0,1,0,0,0,0,1,0,0,0
0,0,0,0,0,100,0,0,0,0,0,0,0,0,0,0,100,0,0,0,0,0,0,0,0,0,0,100,0,0,0,0,0,0,0,0.077778,0.2,0.72222,0,0,1,0,0,0,0,1,0,0,0
0,0,0,0,0,100,0,0,0,0,0,0,0,0,0,0,100,0,0,0,0,0,0,0,0,0,0,100,0,0,0,0,0,0,0,0.021505,0.26882,0.70968,0,0,1,0,0,0,0,1,0,0,0
0,0,0,0,0,100,0,0,0,0,0,0,0,0,0,0,100,0,0,0,0,0,0,0,0,0,0,100,0,0,0,0,0,0,0,0.13,0.22,0.65,0,0,1,0,0,0,0,1,0,0,0
0,0,16.498,20,10.581,49.419,0,0,3.5023,0,0,0,0,15.336,10.581,25.917,24.664,14.083,0,9.4193,0,0,10.581,16.498,0,0,30.581,9.4193,0,5.917,14.083,9.4193,3.5023,0,1,0,0,0,0,0,1,0,0,0,0,0.050847,0.94915,0,0
0,40.389,0,0,0,59.611,0,0,0,0,0,0,0,0,0,25.341,59.611,0,0,0,15.048,0,15.987,9.3549,15.048,0,0,52.979,0,0,6.6317,0,0,0,1,0,0,0,0,0,1,0,0,0,0,0,1,0,0
0,6.9037,0,0,0,93.096,0,0,0,0,0,0,0,0,0,3.2374,93.096,0,0,0,3.6662,0,0,3.2374,3.6662,0,0,89.859,0,0,3.2374,0,0,0,1,0,0,0,0,0,1,0,0,0,0,0,1,0,0
0,5.7583,0,0,0,94.242,0,0,0,0,0,0,0,0,0,5.7583,94.242,0,0,0,0,0,0,5.7583,0,0,0,88.483,0,0,5.7583,0,0,0,1,0,0,0,0,0,0.94118,0.058824,0,0,0,0,1,0,0
0,0,0,0,0,100,0,0,0,0,0,0,0,0,0,0,100,0,0,0,0,0,0,0,0,0,0,100,0,0,0,0,0,0,1,0,0,0,0,0,1,0,0,0,0,0,1,0,0
0,40.091,33.719,0,0,26.19,0,0,0,0,0,0,3.1861,0,0,0,26.19,33.719,0,0,0,36.905,0,33.719,3.1861,36.905,0,26.19,0,0,0,0,0,0,1,0,0,0,0,0,1,0,0,0,0,0,1,0,0
0,13.281,10.495,0,0,76.224,0,0,0,0,0,0,6.6406,0,0,0,76.224,10.495,0,0,0,6.6406,0,10.495,6.6406,6.6406,0,76.224,0,0,0,0,0,0,1,0,0,0,0,0,0.98438,0.015625,0,0,0,0,1,0,0
0,0,0,0,0,100,0,0,0,0,0,0,0,0,0,0,100,0,0,0,0,0,0,0,0,0,0,100,0,0,0,0,0,0,1,0,0,0,0,0,1,0,0,0,0,0,1,0,0
0,0,0,0,0,66.667,0,0,33.333,0,0,0,0,0,0,0,49.307,34.719,15.974,0,0,0,0,0,0,0,0,49.307,17.36,0,0,0,33.333,0,1,0,0,0,0,0,1,0,0,0,0,0,1,0,0
0,0,0,0,0,100,0,0,0,0,0,0,0,0,0,0,100,0,0,0,0,0,0,0,0,0,0,100,0,0,0,0,0,0,1,0,0,0,0,0,1,0,0,0,0,0,1,0,0
0,0,0,0,0,49.634,0,0,26.828,23.539,0,23.539,0,0,0,0,38.231,26.095,12.136,0,0,0,0,0,0,0,0,38.231,11.403,0,23.539,0,26.828,0,1,0,0,0,0,0,1,0,0,0,0,0,1,0,0
0,0,0,0,0,71.444,0,0,20.649,7.9067,0,7.9067,0,0,0,16.932,37.581,29.674,7.9067,0,0,0,0,0,0,0,0,37.581,33.863,0,7.9067,0,20.649,0.017544,0.98246,0,0,0,0,0,1,0,0,0,0,0.035088,0.96491,0,0
0,0,0,0,0,75.893,0,0,24.107,0,0,0,0,0,0,12.563,41.708,45.729,0,0,0,0,0,0,0,0,0,34.185,41.708,0,0,0,24.107,0.018182,0.98182,0,0,0,0,0,1,0,0,0,0,0.054545,0.94545,0,0
0,0,0,0,0,66.667,0,0,24.644,8.6894,0,8.6894,0,0,0,0,46.901,30.842,13.568,0,0,0,0,0,0,0,0,46.901,19.766,0,8.6894,0,24.644,0.032787,0.96721,0,0,0,0,0,1,0,0,0,0,0.065574,0.93443,0,0
0,0,0,0,0,100,0,0,0,0,0,0,0,0,0,0,100,0,0,0,0,0,0,0,0,0,0,100,0,0,0,0,0,0,1,0,0,0,0,0,1,0,0,0,0,0,1,0,0
0,0,0,0,0,100,0,0,0,0,0,0,0,0,0,0,100,0,0,0,0,0,0,0,0,0,0,100,0,0,0,0,0,0,1,0,0,0,0,0,1,0,0,0,0,0,1,0,0
0,0,0,0,0,100,0,0,0,0,0,0,0,0,0,0,100,0,0,0,0,0,0,0,0,0,0,100,0,0,0,0,0,0,1,0,0,0,0,0,1,0,0,0,0,0,1,0,0
0,0,0,0,0,100,0,0,0,0,0,0,0,0,0,0,100,0,0,0,0,0,0,0,0,0,0,100,0,0,0,0,0,0,1,0,0,0,0,0,1,0,0,0,0,0,1,0,0
0,0,0,0,0,100,0,0,0,0,0,0,0,0,0,0,100,0,0,0,0,0,0,0,0,0,0,100,0,0,0,0,0,0,0.20455,0.068182,0.18182,0.54545,0,0,1,0,0,0,0,0.79545,0.20455,0,0
0,0,0,0,0,100,0,0,0,0,0,0,0,0,0,0,100,0,0,0,0,0,0,0,0,0,0,100,0,0,0,0,0,0,0,0,0.12346,0.87654,0,0,1,0,0,0,0,1,0,0,0
0,0,0,0,0,100,0,0,0,0,0,0,0,0,0,0,100,0,0,0,0,0,0,0,0,0,0,100,0,0,0,0,0,0,0.28125,0.125,0.20312,0.39062,0,0,1,0,0,0,0,0.71875,0.28125,0,0
0,0,0,0,0,100,0,0,0,0,0,0,0,0,0,0,100,0,0,0,0,0,0,0,0,0,0,100,0,0,0,0,0,0,0,0,0.10294,0.89706,0,0,1,0,0,0,0,1,0,0,0
0,0,0,0,0,100,0,0,0,0,0,0,0,0,0,0,100,0,0,0,0,0,0,0,0,0,0,100,0,0,0,0,0,0,1,0,0,0,0,0,1,0,0,0,0,0,1,0,0
0,0,0,0,0,76.872,0,0,16.457,6.6706,0,6.6706,0,0,0,0,26.244,50.628,16.457,0,0,0,0,0,0,0,0,26.244,50.628,0,6.6706,0,16.457,0,1,0,0,0,0,0,1,0,0,0,0,0,1,0,0
0,0,0,0,0,66.667,0,0,0,33.333,0,33.333,0,0,0,0,33.333,33.333,0,0,0,0,0,0,0,0,0,33.333,33.333,0,33.333,0,0,0,1,0,0,0,0,0,1,0,0,0,0,0.095238,0.90476,0,0
0,0,0,0,0,100,0,0,0,0,0,0,0,0,0,0,100,0,0,0,0,0,0,0,0,0,0,100,0,0,0,0,0,0,0.13208,0.075472,0.15094,0.64151,0,0,1,0,0,0,0,0.86792,0.13208,0,0
0,0,0,0,0,100,0,0,0,0,0,0,0,0,0,0,100,0,0,0,0,0,0,0,0,0,0,100,0,0,0,0,0,0,0,0,0.24719,0.75281,0,0,1,0,0,0,0,1,0,0,0
0,0,0,0,0,100,0,0,0,0,0,0,0,0,0,0,100,0,0,0,0,0,0,0,0,0,0,100,0,0,0,0,0,0,0,0.022989,0.31034,0.66667,0,0,1,0,0,0,0,1,0,0,0
0,0,0,0,0,100,0,0,0,0,0,0,0,0,0,0,100,0,0,0,0,0,0,0,0,0,0,100,0,0,0,0,0,0,0,0.015152,0.27273,0.71212,0,0,1,0,0,0,0,1,0,0,0
0,0,0,0,0,100,0,0,0,0,0,0,0,0,0,0,100,0,0,0,0,0,0,0,0,0,0,100,0,0,0,0,0,0,0,0.10417,0.29167,0.60417,0,0,1,0,0,0,0,1,0,0,0
