h1,h2,h3,h4,h5,h6,h7,h8,h9,h10,h11,h12,h13,h14,h15,h16,h17,h18,h19,h20,h21,h22,h23,h24,h25,h26,h27,h28,h29,h30,h31,h32,h33,h34,h35,h36,h37,h38,h39,h40,h41,h42,h43,h44,h45,h46,h47,h48,label
0,0,0,0,0,100,0,0,0,0,0,0,0,0,0,0,100,0,0,0,0,0,0,0,0,0,0,100,0,0,0,0,0,0,0,0,0,1,0,0,1,0,0,0,0,1,0,0,0
0,0,0,0,0,100,0,0,0,0,0,0,0,0,0,0,100,0,0,0,0,0,0,0,0,0,0,100,0,0,0,0,0,0,0,0,0,1,0,0,1,0,0,0,0,1,0,0,0
0,0,0,0,0,100,0,0,0,0,0,0,0,0,0,0,100,0,0,0,0,0,0,0,0,0,0,100,0,0,0,0,0,0,0,0,0,1,0,0,1,0,0,0,0,1,0,0,0
0,0,0,0,0,100,0,0,0,0,0,0,0,0,0,0,100,0,0,0,0,0,0,0,0,0,0,100,0,0,0,0,0,0,0,0.021739,0.054348,0.92391,0,0,1,0,0,0,0,1,0,0,0
0,0,0,0,0,100,0,0,0,0,0,0,0,0,0,0,100,0,0,0,0,0,0,0,0,0,0,100,0,0,0,0,0,0,0,0,0.010309,0.98969,0,0,1,0,0,0,0,1,0,0,0
0,0,0,0,0,100,0,0,0,0,0,0,0,0,0,0,100,0,0,0,0,0,0,0,0,0,0,100,0,0,0,0,0,0,0,0,0,1,0,0,1,0,0,0,0,1,0,0,0
0,0,0,0,0,100,0,0,0,0,0,0,0,0,0,0,100,0,0,0,0,0,0,0,0,0,0,100,0,0,0,0,0,0,0,0,0,1,0,0,1,0,0,0,0,1,0,0,0
0,0,0,0,0,100,0,0,0,0,0,0,0,0,0,0,100,0,0,0,0,0,0,0,0,0,0,100,0,0,0,0,0,0,0,0,0,1,0,0,1,0,0,0,0,1,0,0,0
0,0,0,0,0,100,0,0,0,0,0,0,0,0,0,0,100,0,0,0,0,0,0,0,0,0,0,100,0,0,0,0,0,0,0,0,0.10714,0.89286,0,0,1,0,0,0,0,1,0,0,0
0,0,0,0,0,100,0,0,0,0,0,0,0,0,0,0,100,0,0,0,0,0,0,0,0,0,0,100,0,0,0,0,0,0,0,0,0,1,0,0,1,0,0,0,0,1,0,0,0
0,0,0,0,0,100,0,0,0,0,0,0,0,0,0,0,100,0,0,0,0,0,0,0,0,0,0,100,0,0,0,0,0,0,0,0,0,1,0,0,1,0,0,0,0,1,0,0,0
0,0,0,0,0,100,0,0,0,0,0,0,0,0,0,0,100,0,0,0,0,0,0,0,0,0,0,100,0,0,0,0,0,0,0,0,0,1,0,0,1,0,0,0,0,1,0,0,0
0,0,0,0,0,100,0,0,0,0,0,0,0,0,0,0,100,0,0,0,0,0,0,0,0,0,0,92.302,7.6983,0,0,0,0,0,0,0,0,1,0,0,1,0,0,0,0,1,0,0,0
0,0,0,0,11.313,88.687,0,0,0,0,0,0,0,0,0,10.41,89.59,0,0,0,0,0,0,0,0,0,0,78.277,10.41,11.313,0,0,0,0,0,0,0,1,0,0,1,0,0,0,0,1,0,0,0
0,0,0,0,23.098,76.902,0,0,0,0,0,0,0,0,0,16.596,83.404,0,0,0,0,0,0,0,0,0,0,68.834,8.068,23.098,0,0,0,0,0,0,0,1,0,0,1,0,0,0,0,1,0,0,0
0,0,0,0,0,100,0,0,0,0,0,0,0,0,0,0,100,0,0,0,0,0,0,0,0,0,0,100,0,0,0,0,0,0,0,0,0,1,0,0,1,0,0,0,0,1,0,0,0
0,0,0,0,0,100,0,0,0,0,0,0,0,0,0,0,100,0,0,0,0,0,0,0,0,0,0,100,0,0,0,0,0,0,0,0,0,1,0,0,1,0,0,0,0,1,0,0,0
0,0,0,0,0,100,0,0,0,0,0,0,0,0,0,0,100,0,0,0,0,0,0,0,0,0,0,100,0,0,0,0,0,0,0,0,0,1,0,0,1,0,0,0,0,1,0,0,0
0,0,0,0,0,100,0,0,0,0,0,0,0,0,0,0,100,0,0,0,0,0,0,0,0,0,0,100,0,0,0,0,0,0,0,0,0,1,0,0,1,0,0,0,0,1,0,0,0
0,0,0,0,0,100,0,0,0,0,0,0,0,0,0,0,100,0,0,0,0,0,0,0,0,0,0,100,0,0,0,0,0,0,0,0,0,1,0,0,1,0,0,0,0,1,0,0,0
0,0,0,0,0,100,0,0,0,0,0,0,0,0,0,0,100,0,0,0,0,0,0,0,0,0,0,100,0,0,0,0,0,0,0,0,0,1,0,0,1,0,0,0,0,1,0,0,0
0,0,0,0,0,100,0,0,0,0,0,0,0,0,0,0,100,0,0,0,0,0,0,0,0,0,0,100,0,0,0,0,0,0,0,0,0,1,0,0,1,0,0,0,0,1,0,0,0
0,0,0,0,0,100,0,0,0,0,0,0,0,0,0,0,100,0,0,0,0,0,0,0,0,0,0,100,0,0,0,0,0,0,0,0,0,1,0,0,1,0,0,0,0,1,0,0,0
0,0,0,0,0,100,0,0,0,0,0,0,0,0,0,0,100,0,0,0,0,0,0,0,0,0,0,100,0,0,0,0,0,0,0,0,0,1,0,0,1,0,0,0,0,1,0,0,0
0,0,0,0,0,100,0,0,0,0,0,0,0,0,0,0,100,0,0,0,0,0,0,0,0,0,0,100,0,0,0,0,0,0,0,0,0,1,0,0,1,0,0,0,0,1,0,0,0
0,0,0,0,0,100,0,0,0,0,0,0,0,0,0,0,100,0,0,0,0,0,0,0,0,0,0,100,0,0,0,0,0,0,0,0,0,1,0,0,1,0,0,0,0,1,0,0,0
0,0,0,0,0,0,0,0,0,0,0,0,0,0,0,0,0,0,0,0,0,0,0,0,0,0,0,0,0,0,0,0,0,0,0,0,0,1,0,0,1,0,0,0,0,1,0,0,0
0,0,0,0,0,100,0,0,0,0,0,0,0,0,0,0,100,0,0,0,0,0,0,0,0,0,0,100,0,0,0,0,0,0,0,0,0,1,0,0,1,0,0,0,0,1,0,0,0
0,0,0,0,0,100,0,0,0,0,0,0,0,0,0,0,100,0,0,0,0,0,0,0,0,0,0,100,0,0,0,0,0,0,0,0,0,1,0,0,1,0,0,0,0,1,0,0,0
0,0,0,0,0,100,0,0,0,0,0,0,0,0,0,0,100,0,0,0,0,0,0,0,0,0,0,100,0,0,0,0,0,0,0,0,0,1,0,0,1,0,0,0,0,1,0,0,0
0,0,0,0,0,100,0,0,0,0,0,0,0,0,0,0,100,0,0,0,0,0,0,0,0,0,0,100,0,0,0,0,0,0,0,0,0,1,0,0,1,0,0,0,0,1,0,0,0
0,0,0,0,0,100,0,0,0,0,0,0,0,0,0,0,100,0,0,0,0,0,0,0,0,0,0,100,0,0,0,0,0,0,0,0,0,1,0,0,1,0,0,0,0,1,0,0,0
0,0,0,0,13.553,86.447,0,0,0,0,0,0,0,0,0,15.727,84.273,0,0,0,0,0,0,0,0,0,0,68.491,23.428,8.0812,0,0,0,0,0,0,0,1,0,0,1,0,0,0,0,1,0,0,0
0,0,0,0,0,100,0,0,0,0,0,0,0,0,0,0,100,0,0,0,0,0,0,0,0,0,0,100,0,0,0,0,0,0,0,0,0,1,0,0,1,0,0,0,0,1,0,0,0
0,0,0,0,16.376,83.624,0,0,0,0,0,0,0,0,0,0,85.42,0,14.58,0,0,0,0,0,0,0,0,83.624,9.3973,6.9788,0,0,0,0,0,0,0,1,0,0,1,0,0,0,0,1,0,0,0
0,0,0,0,14.544,85.456,0,0,0,0,0,0,0,0,0,16.51,75.783,0,7.7068,0,0,0,0,0,0,0,0,68.946,24.217,6.8371,0,0,0,0,0,0,0,1,0,0,1,0,0,0,0,1,0,0,0
0,0,0,0,17.97,82.03,0,0,0,0,0,0,0,0,0,9.9343,80.552,0,9.5139,0,0,0,0,0,0,0,0,82.03,8.0354,9.9343,0,0,0,0,0,0,0,1,0,0,1,0,0,0,0,1,0,0,0
0,0,0,0,0,100,0,0,0,0,0,0,0,0,0,0,100,0,0,0,0,0,0,0,0,0,0,100,0,0,0,0,0,0,0,0,0,1,0,0,1,0,0,0,0,1,0,0,0
0,0,0,0,5.4504,94.55,0,0,0,0,0,0,0,0,0,0,92.268,0,7.7317,0,0,0,0,0,0,0,0,94.55,5.4504,0,0,0,0,0,0,0,0,1,0,0,1,0,0,0,0,1,0,0,0
0,0,0,0,0,100,0,0,0,0,0,0,0,0,0,0,100,0,0,0,0,0,0,0,0,0,0,100,0,0,0,0,0,0,0,0,0,1,0,0,1,0,0,0,0,1,0,0,0
0,0,0,0,0,100,0,0,0,0,0,0,0,0,0,0,100,0,0,0,0,0,0,0,0,0,0,100,0,0,0,0,0,0,0,0,0,1,0,0,1,0,0,0,0,1,0,0,0
0,0,0,0,14.411,85.589,0,0,0,0,0,0,0,0,0,0,90.168,0,9.8315,0,0,0,0,0,0,0,0,85.589,14.411,0,0,0,0,0,0,0,0,1,0,0,1,0,0,0,0,1,0,0,0
0,0,0,0,0,100,0,0,0,0,0,0,0,0,0,0,93.698,0,6.302,0,0,0,0,0,0,0,0,100,0,0,0,0,0,0,0,0,0,1,0,0,1,0,0,0,0,1,0,0,0
0,0,0,0,0,100,0,0,0,0,0,0,0,0,0,0,100,0,0,0,0,0,0,0,0,0,0,100,0,0,0,0,0,0,0,0,0,1,0,0,1,0,0,0,0,1,0,0,0
0,0,0,0,0,100,0,0,0,0,0,0,0,0,0,0,100,0,0,0,0,0,0,0,0,0,0,91.195,8.8051,0,0,0,0,0,0,0,0,1,0,0,1,0,0,0,0,1,0,0,0
0,0,0,0,0,87.815,0,0,12.185,0,0,0,0,0,0,0,94.855,5.1445,0,0,0,0,0,0,0,0,0,77.526,10.289,0,0,0,12.185,0,0,0,0,1,0,0,1,0,0,0,0,1,0,0,0
0,0,0,0,0,100,0,0,0,0,0,0,0,0,0,9.3321,73.03,17.638,0,0,0,0,0,0,0,0,0,64.724,35.276,0,0,0,0,0,0,0,0,1,0,0,1,0,0,0,0,1,0,0,0
0,0,0,0,0,100,0,0,0,0,0,0,0,0,0,16.002,78.108,5.8908,0,0,0,0,0,0,0,0,0,62.739,37.261,0,0,0,0,0,0,0,0,1,0,0,1,0,0,0,0,1,0,0,0
0,0,0,0,0,91.932,0,0,8.0676,0,0,0,0,0,0,6.8026,86.395,6.8026,0,0,0,0,0,0,0,0,0,68.587,23.346,0,0,0,8.0676,0,0,0,0,1,0,0,1,0,0,0,0,1,0,0,0
0,0,0,0,0,91.771,0,0,8.2285,0,0,0,0,0,0,14.467,71.065,14.467,0,0,0,0,0,0,0,0,0,62.836,28.935,0,0,0,8.2285,0,0,0,0,1,0,0,1,0,0,0,0,1,0,0,0
0,0,5.2279,0,0,86.299,0,0,8.473,0,0,0,0,0,0,10.498,84.274,5.2279,0,0,0,0,0,5.2279,0,0,5.2279,70.573,10.498,0,0,0,8.473,0,0,0,0,1,0,0,1,0,0,0,0,1,0,0,0
0,0,5.603,0,0,73.175,0,0,21.222,0,0,5.603,0,0,0,0,75.996,15.297,0,3.1046,0,0,0,2.4985,3.1046,0,15.297,57.879,0,0,5.603,0,15.619,0,0,0,0,1,0,0,1,0,0,0,0,1,0,0,0
0,0,15.574,0,6.7187,50.814,0,0,26.893,0,0,19.468,0,0,0,0,40.29,22.999,0,17.243,0,0,0,5.0492,10.525,0,22.999,27.816,0,0,19.468,6.7187,7.4246,0.092593,0,0,0.018519,0.88889,0,0,1,0,0,0,0,1,0,0,0
0,0,0,0,0,73.471,0,0,26.529,0,0,0,0,0,0,0,100,0,0,0,0,0,0,0,0,0,0,73.471,0,0,0,0,26.529,0.10526,0,0,0.026316,0.86842,0,0,1,0,0,0,0,1,0,0,0
0,0,0,0,0,66.667,0,0,33.333,0,0,0,0,0,0,0,100,0,0,0,0,0,0,0,0,0,0,66.667,0,0,0,0,33.333,0.8,0,0,0,0.2,0,0,1,0,0,0,0,1,0,0,0
0,0,0,0,0,77.717,0,0,22.283,0,0,0,0,0,0,0,92.769,7.2306,0,0,0,0,0,0,0,0,0,63.255,14.461,0,0,0,22.283,0.12308,0,0,0.061538,0.81538,0,0,1,0,0,0,0,1,0,0,0
0,0,0,0,0,67.225,0,0,32.775,0,0,0,0,0,0,0,100,0,0,0,0,0,0,0,0,0,0,67.225,0,0,0,0,32.775,0.94545,0,0.018182,0.036364,0,0,0,1,0,0,0,0,1,0,0,0
0,0,0,0,0,80.04,0,0,19.96,0,0,0,0,0,0,9.6824,90.318,0,0,0,0,0,0,0,0,0,0,70.357,9.6824,0,0,0,19.96,0.14286,0,0,0,0.85714,0,0,1,0,0,0,0,1,0,0,0
0,0,0,0,0,71.013,0,0,28.987,0,0,0,0,0,0,0,100,0,0,0,0,0,0,0,0,0,0,71.013,0,0,0,0,28.987,0.91935,0,0,0.016129,0.064516,0,0,1,0,0,0,0,1,0,0,0
0,0,2.8067,0,0,78.484,0,0,18.709,0,0,0,0,0,0,0,93.659,6.3413,0,0,0,0,0,2.8067,0,0,6.3413,72.143,0,0,0,0,18.709,0.11429,0,0.014286,0.014286,0.85714,0,0,1,0,0,0,0,1,0,0,0
0,0,3.7469,0,0,70.349,0,0,25.904,0,0,3.7469,0,0,0,0,88.759,7.4938,0,0,0,0,0,3.7469,0,0,7.4938,62.855,0,0,3.7469,0,22.157,0.90654,0,0,0.074766,0.018692,0,0,1,0,0,0,0,1,0,0,0
0,0,16.487,0,0,64.604,0,0,18.909,0,0,10.123,0,0,0,0,66.799,19.547,0,3.5318,0,0,0,12.956,3.5318,0,19.547,45.057,0,0,10.123,0,8.7856,0.23256,0,0,0,0.76744,0,0,1,0,0,0,0,1,0,0,0
0,0,4.4595,0,0,80.132,0,0,15.409,0,0,2.2059,0,0,0,0,77.682,17.906,0,2.2059,0,0,0,2.2536,2.2059,0,27.397,52.735,0,0,2.2059,0,13.203,1,0,0,0,0,0,0,1,0,0,0,0,1,0,0,0
0,0,27.562,0,5.2273,39.649,0,0,22.335,5.2273,0,22.335,0,0,5.2273,0,18.131,16.291,0,27.562,0,10.455,0,0,22.335,0,16.291,18.131,5.2273,5.2273,22.335,10.455,0,0.19444,0,0.027778,0.027778,0.75,0,0,1,0,0,0,0,1,0,0,0
0,0,7.9166,0,13.622,56.922,0,0,21.539,0,0,21.539,0,0,0,0,50.405,6.5166,0,21.539,0,0,0,0,7.9166,0,13.033,43.889,0,0,21.539,13.622,0,0.65333,0.026667,0.16,0.10667,0.053333,0,0,1,0,0,0,0,1,0,0,0
0,6.4919,11.15,0,23.125,33.081,0,0,17.069,6.0558,3.0279,17.069,0,6.0558,6.4919,6.0558,5.9187,11.15,0,5.9187,27.162,14.178,0,0,6.4919,0,11.15,12.411,9.5198,25.328,20.097,15.002,0,0.052632,0,0,0.052632,0.89474,0,0,1,0,0,0,0,1,0,0,0
0,12.271,7.3809,0,12.844,28.65,0,0,12.574,24.417,1.863,11.738,7.3265,3.5348,1.6136,12.271,26.404,11.231,0,1.6136,15.273,8.9945,0,11.435,0.83587,0,11.231,14.969,2.4495,27.282,21.244,10.554,0,0,0,0,0.47619,0.52381,0,0,1,0,0,0,0,1,0,0,0
0,9.4699,3.758,0,32.081,32.081,0,0,0,22.611,0,28.323,0,0,3.758,0,0,0,0,13.228,47.176,7.5159,28.323,18.853,18.94,0,0,18.853,3.758,3.758,0,7.5159,0,0,0,0,0,1,0,0,1,0,0,0,0,1,0,0,0
0,5.4839,3.6439,0,23.101,28.341,0,0,7.3403,24.453,7.6365,3.6439,4.184,17.873,0,23.153,15.761,7.8279,0,0,16.277,11.28,0,4.184,1.2999,0,7.8279,11.577,8.9364,22.805,16.277,27.094,0,0,0,0,0,1,0,0,1,0,0,0,0,1,0,0,0
0,31.152,3.2718,0,9.672,52.632,0,0,0,3.2718,0,9.672,0,6.5436,18.208,0,3.2718,0,0,12.944,49.36,0,9.672,6.5436,40.824,3.2718,0,21.48,18.208,0,0,0,0,0,0,0,0,1,0,0,1,0,0,0,0,1,0,0,0
2.6009,20.714,25.916,0,0,43.285,0,2.6009,2.6009,2.2825,0,7.3948,13.638,7.166,0,4.7939,14.471,11.445,29.132,7.0764,4.8835,0,0,23.405,28.109,4.8835,0,32.159,0,8.8437,0,2.6009,0,0,0,0,0.32143,0.67857,0,0,1,0,0,0,0,1,0,0,0
13.469,22.329,11.89,0,0,38.672,0,6.2048,7.4354,0,0,8.0249,1.8201,20.09,0,11.165,17.315,10.746,15.549,1.8201,13.469,0,0,10.07,21.01,22.814,0,27.891,8.7011,2.08,0,7.4354,0,0,0,0,0.21622,0.78378,0,0,1,0,0,0,0,1,0,0,0
0,0,0,0,0,0,0,0,0,0,0,0,0,0,0,0,0,0,0,0,0,0,0,0,0,0,0,0,0,0,0,0,0,0.75,0,0,0.01087,0.23913,0,0,1,0,0,0,0,1,0,0,0
0,0,0,0,0,100,0,0,0,0,0,0,0,0,0,0,100,0,0,0,0,0,0,0,0,0,0,100,0,0,0,0,0,0.83158,0,0,0,0.16842,0,0,1,0,0,0,0,1,0,0,0
8.6737,0,0,0,0,91.326,0,0,0,0,0,8.6737,0,0,0,0,91.326,0,0,0,0,0,0,0,0,0,0,91.326,8.6737,0,0,0,0,0.85882,0,0,0,0.14118,0,0,1,0,0,0,0,1,0,0,0
32.932,0,0,0,0,67.068,0,0,0,0,0,32.932,0,0,0,0,67.068,0,0,0,0,0,32.932,0,0,0,0,67.068,0,0,0,0,0,0.92308,0,0,0,0.076923,0,0,1,0,0,0,0,1,0,0,0
0,0,0,0,0,100,0,0,0,0,0,0,0,0,0,0,100,0,0,0,0,0,0,0,0,0,0,100,0,0,0,0,0,1,0,0,0,0,0,0,1,0,0,0,0,1,0,0,0
0,0,0,0,0,100,0,0,0,0,0,0,0,0,0,0,100,0,0,0,0,0,0,0,0,0,0,100,0,0,0,0,0,0.88506,0,0.011494,0.057471,0.045977,0,0,1,0,0,0,0,1,0,0,0
0,0,0,0,0,100,0,0,0,0,0,0,0,0,0,0,100,0,0,0,0,0,0,0,0,0,0,100,0,0,0,0,0,0.89362,0,0,0,0.10638,0,0,1,0,0,0,0,1,0,0,0
0,0,0,0,0,100,0,0,0,0,0,0,0,0,0,0,100,0,0,0,0,0,0,0,0,0,0,100,0,0,0,0,0,0.93333,0,0,0.033333,0.033333,0,0,1,0,0,0,0,1,0,0,0
0,0,0,0,0,100,0,0,0,0,0,0,0,0,0,0,100,0,0,0,0,0,0,0,0,0,0,100,0,0,0,0,0,1,0,0,0,0,0,0,1,0,0,0,0,1,0,0,0
13.92,0,0,0,0,86.08,0,0,0,0,0,13.92,0,0,0,0,86.08,0,0,0,0,0,0,0,0,0,0,86.08,13.92,0,0,0,0,0.92,0,0.04,0.04,0,0,0,1,0,0,0,0,1,0,0,0
0,0,0,0,0,100,0,0,0,0,0,0,0,0,0,0,100,0,0,0,0,0,0,0,0,0,0,100,0,0,0,0,0,0.49254,0,0.059701,0.28358,0.16418,0,0,1,0,0,0,0,1,0,0,0
33.333,0,0,0,0,66.667,0,0,0,0,0,33.333,0,0,0,0,66.667,0,0,0,0,0,0,0,0,0,0,66.667,33.333,0,0,0,0,1,0,0,0,0,0,0,1,0,0,0,0,1,0,0,0
0,0,0,0,0,100,0,0,0,0,0,0,0,0,0,0,100,0,0,0,0,0,0,0,0,0,13.838,86.162,0,0,0,0,0,0.88764,0,0.011236,0.078652,0.022472,0,0,1,0,0,0,0,1,0,0,0
0,0,0,0,0,100,0,0,0,0,0,0,0,0,0,0,100,0,0,0,0,0,0,0,0,0,0,100,0,0,0,0,0,0.75714,0,0.014286,0.1,0.12857,0,0,1,0,0,0,0,1,0,0,0
0,0,4.0226,0,0,87.932,0,0,8.0452,0,0,4.0226,0,0,0,0,74.835,21.142,0,0,0,0,0,4.0226,0,0,34.24,53.693,0,0,4.0226,0,4.0226,0.77778,0.013889,0.041667,0.083333,0.083333,0,0,1,0,0,0,0,1,0,0,0
0,0,15.27,0,0,63.161,0,0,21.569,0,0,15.27,0,0,0,0,54.19,21.569,0,8.9708,0,0,0,6.299,8.9708,0,33.333,29.828,0,0,15.27,0,6.299,0.77143,0,0.057143,0.085714,0.085714,0,0,1,0,0,0,0,1,0,0,0
0,11.502,0,0,5.3816,37.759,0,0,11.151,27.417,6.7906,1.7241,7.9189,11.032,1.5852,14.947,38.065,2.5461,0,0,20.764,1.4178,0,4.2701,7.2315,0,2.5461,33.795,1.4178,18.902,18.08,13.757,0,0.66102,0,0.11864,0.15254,0.067797,0,0,1,0,0,0,0,1,0,0,0
0,16.708,1.8355,0,0,47.088,0,0,21.109,13.26,0,0,0,6.745,6.3771,16.567,43.855,0,0,0,18.243,8.2126,0,1.8355,5.6257,11.082,0,45.69,1.3978,11.862,14.294,8.2126,0,0.53623,0,0.11594,0.21739,0.13043,0,0,1,0,0,0,0,1,0,0,0
0,19.586,0,0,0,35.501,0,0,22.284,22.629,0,3.3574,0,13.217,2.6978,19.586,32.25,0,0,0,28.892,0,0,3.3574,9.3062,6.9224,0,28.892,6.6084,12.664,29.552,2.6978,0,0,0,0,0,1,0,0,1,0,0,0,0,1,0,0,0
0,12.656,3.0304,0,0,37.344,0,0,28.298,18.672,0,0,0,3.0304,9.6258,21.702,34.313,0,0,0,28.298,3.0304,0,3.0304,9.6258,3.0304,0,37.344,0,18.672,15.641,12.656,0,0,0,0,0,1,0,0,1,0,0,0,0,1,0,0,0
0,4.374,24.144,0,2.2523,45.63,0,0,12.861,10.739,0,0,0,12.072,3.6329,11.48,45.63,0,0,0,6.0654,21.12,0,24.493,16.016,2.6826,0,28.704,0,12.992,4.374,10.739,0,0.58065,0,0.12903,0.14516,0.14516,0,0,1,0,0,0,0,1,0,0,0
0,2.3179,19.207,0,21.577,37.225,0,11.469,4.1028,4.1028,0,0,0,13.386,0,6.4207,52.597,0,0,15.355,2.3179,9.9235,0,27.213,11.068,2.3179,0,20.485,0,28.592,0,10.324,0,0.65,0.033333,0.083333,0.15,0.083333,0,0,1,0,0,0,0,1,0,0,0
0,9.0032,19.375,0,5.1858,38.289,0,0,11.481,16.667,0,0,0,14.189,0,25.67,29.286,0,0,0,9.0032,21.852,0,11.481,10.372,9.0032,0,30.625,0,21.852,0,16.667,0,0,0.014085,0,0.042254,0.94366,0,0,1,0,0,0,0,1,0,0,0
0,0,20.121,0,36.486,20.121,0,13.213,0,10.06,0,0,0,10.06,0,10.06,46.546,0,0,13.213,0,20.121,0,13.213,20.121,0,0,10.06,0,33.333,0,23.273,0,0,0,0,0,1,0,0,1,0,0,0,0,1,0,0,1
41.757,4.1216,45.878,0,0,4.1216,0,4.1216,0,0,0,4.1216,0,0,4.1216,0,91.757,0,0,0,0,0,45.878,4.1216,0,45.878,4.1216,0,0,0,0,0,0,0,0,0,0,1,0,0,1,0,0,0,0,1,0,0,0
5.9791,0,0,0,0,52.99,0,0,0,0,41.031,0,0,0,5.9791,41.031,52.99,0,0,0,0,0,0,0,0,0,0,58.969,0,41.031,0,0,0,0,0,0,0,1,0,0,1,0,0,0,0,1,0,0,0
2.6495,2.2215,27.383,12.006,4.8709,23.059,11.362,12.006,2.2215,0,2.2215,2.2215,0,2.2215,2.2215,4.8709,26.781,29.002,4.8709,22.94,0,4.8709,0,16.877,27.383,11.362,0,18.188,0,4.8709,2.2215,19.098,0,0,0,0,0.021277,0.97872,0,0,1,0,0,0,0,1,0,0,0
45.939,0,0,0,0,16.244,0,0,0,0,37.817,0,0,0,45.939,37.817,16.244,0,0,0,0,0,0,0,0,0,0,62.183,0,37.817,0,0,0,0,0,0,0,1,0,0,1,0,0,0,0,1,0,0,0
10.848,0,0,0,0,62.316,0,0,0,0,26.836,0,0,0,10.848,26.836,62.316,0,0,0,0,0,0,0,0,0,0,73.164,0,26.836,0,0,0,0,0,0,0,1,0,0,1,0,0,0,0,1,0,0,0
33.333,0,0,0,0,66.667,0,0,0,0,0,0,0,0,33.333,0,66.667,0,0,0,0,0,0,0,0,0,0,100,0,0,0,0,0,0,0,0,0,1,0,0,1,0,0,0,0,1,0,0,1
0,0,0,0,0,100,0,0,0,0,0,0,0,0,0,0,100,0,0,0,0,0,0,0,0,0,0,100,0,0,0,0,0,0,0,0,0,1,0,0,1,0,0,0,0,1,0,0,0
0,0,0,0,0,100,0,0,0,0,0,0,0,0,0,0,100,0,0,0,0,0,0,0,0,0,0,100,0,0,0,0,0,0,0,0,0,1,0,0,1,0,0,0,0,1,0,0,0
0,7.7611,6.2295,0,23.096,24.811,0,0,2.987,29.07,6.0461,2.987,4.7741,12.092,6.2295,19.853,15.522,4.7741,0,6.2295,9.0331,18.505,0,7.7611,0,0,4.7741,7.7611,12.276,20.037,12.02,35.371,0,0.92308,0,0.051282,0.025641,0,0,0,1,0,0,0,0,1,0,0,0
0,4.5612,4.3522,0,14.795,23.401,0,0,8.9133,32.359,11.618,7.4788,6.397,19.709,0,15.004,15.519,4.3522,0,0,21.966,9.5735,0,3.1266,1.4345,0,4.3522,12.393,6.6559,24.884,25.093,22.061,0,0.68,0.02,0.16,0.12,0.02,0,0,1,0,0,0,0,1,0,0,0
0,16.997,4.1893,0,13.544,47.537,0,0,0,17.733,0,13.544,0,8.3787,12.807,0,4.1893,0,0,4.1893,56.892,0,13.544,21.922,16.997,4.1893,0,30.54,12.807,0,0,0,0,0,0,0,0,1,0,0,1,0,0,0,0,1,0,0,1
3.5574,23.894,24.442,0,10.483,32.148,0,0,0,5.476,0,16.369,5.8859,9.8925,0,9.4433,18.107,0,3.5574,17.228,19.517,0,10.483,24.032,31.229,7.1148,0,27.14,0,0,0,0,0,0,0,0,0.48438,0.51562,0,0,1,0,0,0,0,1,0,0,0
0,20.032,36.624,0,0,35.836,0,0,0,7.5081,0,14.558,6.2621,15.016,0,6.2621,28.328,8.2957,0,13.77,7.5081,0,0,29.574,34.59,7.5081,0,28.328,0,0,0,0,0,0,0,0,0,1,0,0,1,0,0,0,0,1,0,0,1
8.8458,20.067,27.658,0,0,33.468,0,2.4696,2.4696,5.0231,0,5.6626,2.2911,23.401,0,6.3762,15.195,7.9537,15.719,9.5323,13.869,0,0,29.488,19.353,20.245,0,26.153,0,2.2911,0,2.4696,0,0,0,0,0.90722,0.092784,0,0,1,0,0,0,0,1,0,0,1
7.902,9.0571,41.806,0,0,25.431,0,7.902,7.902,0,0,12.431,4.5286,16.374,0,4.5286,25.431,7.902,7.902,13.001,7.902,0,0,37.277,21.488,7.902,0,25.431,0,0,0,7.902,0,0,0,0,0,1,0,0,1,0,0,0,0,1,0,0,1
0,0,0,0,0,90.839,0,0,0,0,9.161,0,0,0,0,9.161,90.839,0,0,0,0,0,0,0,0,0,0,90.839,9.161,0,0,0,0,0,0,0,0,1,0,0,1,0,0,0,0,1,0,0,0
0,6.15,0,0,0,50.395,0,0,13.888,24.508,5.0592,0,5.0592,11.711,7.7378,6.15,47.069,0,0,0,17.359,4.9135,0,0,6.15,0,0,47.069,3.3258,16.123,14.535,12.797,0,0,0,0,0.04918,0.95082,0,0,1,0,0,0,0,1,0,0,0
0,10.753,0,0,0,72.42,0,0,8.4136,8.4136,0,0,0,5.3763,8.4136,0,72.42,0,0,0,5.3763,8.4136,0,0,10.753,0,0,72.42,0,8.4136,0,8.4136,0,0,0,0,0,1,0,0,1,0,0,0,0,1,0,0,0
0,0,0,0,0,100,0,0,0,0,0,0,0,0,0,0,100,0,0,0,0,0,0,0,0,0,0,100,0,0,0,0,0,0,0,0,0,1,0,0,1,0,0,0,0,1,0,0,0
0,0,0,0,0,100,0,0,0,0,0,0,0,0,0,0,100,0,0,0,0,0,0,0,0,0,0,100,0,0,0,0,0,0,0,0,0,1,0,0,1,0,0,0,0,1,0,0,0
0,0,0,0,0,90.223,0,0,4.8883,4.8883,0,0,0,0,0,4.8883,90.223,0,0,0,0,4.8883,0,4.8883,0,0,0,85.335,0,4.8883,0,4.8883,0,0,0,0,0,1,0,0,1,0,0,0,0,1,0,0,0
0,0,5.5228,0,0,88.954,0,5.5228,0,0,0,0,0,5.5228,0,0,94.477,0,0,0,0,0,0,5.5228,5.5228,0,0,88.954,0,0,0,0,0,0,0,0,0,1,0,0,1,0,0,0,0,1,0,0,0
0,0,0,7.5007,0,84.999,0,0,0,0,7.5007,0,0,0,7.5007,7.5007,84.999,0,0,0,0,0,0,0,0,0,0,84.999,7.5007,0,0,0,7.5007,0,0,0,0,1,0,0,1,0,0,0,0,1,0,0,0
0,0,0,18.377,0,71.155,0,0,0,0,10.468,0,0,0,6.7319,22.113,71.155,0,0,0,0,0,0,0,0,0,0,71.155,10.468,0,0,0,18.377,0,0,0,0,1,0,0,1,0,0,0,0,1,0,0,0
0,0,0,5.887,0,94.113,0,0,0,0,0,0,0,0,5.887,0,94.113,0,0,0,0,0,0,0,0,0,0,94.113,0,0,0,0,5.887,0,0,0,0,1,0,0,1,0,0,0,0,1,0,0,0
0,0,0,4.994,0,95.006,0,0,0,0,0,0,0,0,4.994,0,95.006,0,0,0,0,0,0,0,0,0,0,95.006,0,0,0,0,4.994,0,0,0,0,1,0,0,1,0,0,0,0,1,0,0,0
0,0,0,10.695,0,83.959,0,0,0,0,5.3458,0,0,0,5.3458,10.695,83.959,0,0,0,0,0,0,0,0,0,0,83.959,5.3458,0,0,0,10.695,0,0,0,0,1,0,0,1,0,0,0,0,1,0,0,0
0,0,0,4.4008,0,95.599,0,0,0,0,0,0,0,0,4.4008,0,95.599,0,0,0,0,0,0,0,0,0,0,95.599,0,0,0,0,4.4008,0,0,0,0,1,0,0,1,0,0,0,0,1,0,0,0
0,0,0,0,0,100,0,0,0,0,0,0,0,0,0,0,100,0,0,0,0,0,0,0,0,0,0,100,0,0,0,0,0,0,0,0,0,1,0,0,1,0,0,0,0,1,0,0,0
0,0,0,0,0,100,0,0,0,0,0,0,0,0,0,0,100,0,0,0,0,0,0,0,0,0,0,100,0,0,0,0,0,0,0,0,0,1,0,0,1,0,0,0,0,1,0,0,0
0,0,0,0,0,90.472,0,0,0,0,9.5276,0,0,0,0,9.5276,90.472,0,0,0,0,0,0,0,0,0,0,90.472,9.5276,0,0,0,0,0,0,0,0,1,0,0,1,0,0,0,0,1,0,0,0
0,0,0,19.026,0,69.64,0,0,0,0,11.335,0,0,0,11.335,19.026,69.64,0,0,0,0,0,0,0,0,0,0,69.64,11.335,0,0,0,19.026,0,0,0,0,1,0,0,1,0,0,0,0,1,0,0,0
0,0,0,0,0,100,0,0,0,0,0,0,0,0,0,0,100,0,0,0,0,0,0,0,0,0,0,100,0,0,0,0,0,0,0,0,0,1,0,0,1,0,0,0,0,1,0,0,0
0,0,0,43.532,0,56.468,0,0,0,0,0,0,0,0,30.597,12.935,56.468,0,0,0,0,0,0,0,0,0,0,56.468,0,0,0,0,43.532,0,0,0,0,1,0,0,1,0,0,0,0,1,0,0,0
0,0,0,11.994,0,88.006,0,0,0,0,0,0,0,0,5.5196,6.4745,88.006,0,0,0,0,0,0,0,0,0,0,88.006,0,0,0,0,11.994,0,0,0,0,1,0,0,1,0,0,0,0,1,0,0,0
0,0,0,7.3798,0,92.62,0,0,0,0,0,0,0,0,0,7.3798,92.62,0,0,0,0,0,0,0,0,0,0,92.62,0,0,0,0,7.3798,0,0,0,0,1,0,0,1,0,0,0,0,1,0,0,0
0,0,0,16.245,0,83.756,0,0,0,0,0,0,0,0,8.2884,7.9561,75.467,8.2884,0,0,0,0,0,0,0,0,0,83.756,0,0,0,0,16.245,0,0,0,0,1,0,0,1,0,0,0,0,1,0,0,0
0,0,0,0,0,100,0,0,0,0,0,0,0,0,0,0,94.335,5.6652,0,0,0,0,0,0,0,0,0,94.335,5.6652,0,0,0,0,0,0,0,0,1,0,0,1,0,0,0,0,1,0,0,0
0,0,0,0,0,100,0,0,0,0,0,0,0,0,0,0,100,0,0,0,0,0,0,0,0,0,0,100,0,0,0,0,0,0,0,0,0,1,0,0,1,0,0,0,0,1,0,0,0
0,0,0,0,0,100,0,0,0,0,0,0,0,0,0,0,100,0,0,0,0,0,0,0,0,0,0,100,0,0,0,0,0,0,0,0,0,1,0,0,1,0,0,0,0,1,0,0,0
0,0,0,0,0,100,0,0,0,0,0,0,0,0,0,0,100,0,0,0,0,0,0,0,0,0,0,100,0,0,0,0,0,0,0,0,0,1,0,0,1,0,0,0,0,1,0,0,0
0,0,0,0,0,100,0,0,0,0,0,0,0,0,0,0,100,0,0,0,0,0,0,0,0,0,0,100,0,0,0,0,0,0,0,0,0,1,0,0,1,0,0,0,0,1,0,0,0
0,0,0,0,0,100,0,0,0,0,0,0,0,0,0,0,100,0,0,0,0,0,0,0,0,0,0,100,0,0,0,0,0,0,0,0,0,1,0,0,1,0,0,0,0,1,0,0,0
0,0,0,0,0,100,0,0,0,0,0,0,0,0,0,0,100,0,0,0,0,0,0,0,0,0,0,100,0,0,0,0,0,0,0,0,0,1,0,0,1,0,0,0,0,1,0,0,0
0,0,0,0,0,100,0,0,0,0,0,0,0,0,0,0,100,0,0,0,0,0,0,0,0,0,0,100,0,0,0,0,0,0,0,0,0,1,0,0,1,0,0,0,0,1,0,0,0
0,0,0,0,0,100,0,0,0,0,0,0,0,0,0,0,100,0,0,0,0,0,0,0,0,0,0,100,0,0,0,0,0,0,0,0,0,1,0,0,1,0,0,0,0,1,0,0,0
0,0,0,0,0,100,0,0,0,0,0,0,0,0,0,0,100,0,0,0,0,0,0,0,0,0,0,100,0,0,0,0,0,0,0,0,0,1,0,0,1,0,0,0,0,1,0,0,0
0,18.779,0,0,13.11,40.701,0,0,3.9855,21.081,2.3441,0,8.4219,15.845,0,17.095,34.372,8.4219,0,0,13.501,2.3441,0,8.4219,10.357,0,8.4219,25.95,6.3295,14.751,10.315,15.454,0,0.020408,0,0.040816,0.081633,0.85714,0,0,1,0,0,0,0,1,0,0,0
0,15.572,2.0712,0,0,54.527,0,0,17.05,10.781,0,0,0,5.6868,6.2692,12.852,52.455,0,0,0,18.225,4.5115,0,4.5115,13.5,2.0712,0,52.086,0,10.781,6.2692,10.781,0,0,0,0,0.12727,0.87273,0,0,1,0,0,0,0,1,0,0,0
1.8756,7.1963,5.5944,0,0,81.582,1.8756,0,0,1.8756,0,10.948,3.3427,0,0,18.743,62.84,4.1274,0,0,0,0,0,4.1274,1.4671,2.6603,1.8756,75.579,6.003,0,0,4.536,3.7513,0,0,0,0,1,0,0,1,0,0,0,0,1,0,0,1
0,5.839,19.21,0,2.0864,50.901,0,2.6964,8.5906,10.677,0,0,0,13.872,2.7517,13.764,47.758,0,0,0,5.839,16.014,0,15.037,10.12,5.839,0,45.564,0,12.763,0,10.677,0,0,0,0,0.047619,0.95238,0,0,1,0,0,0,0,1,0,0,0
0,0,13.163,0,19.397,48.665,0,6.4076,2.8933,9.4746,0,0,0,6.5813,0,9.4746,61.481,0,0,6.4076,0,16.056,0,9.3009,13.163,0,0,39.191,0,22.464,0,15.882,0,0,0,0,0.013699,0.9863,0,0,1,0,0,0,0,1,0,0,0
0,0,21.468,0,22.283,42.39,0,6.2489,0,7.6097,0,0,0,13.859,0,7.6097,48.639,0,0,14.673,0,15.219,0,6.2489,21.468,0,0,20.107,0,44.566,0,7.6097,0,0.26582,0.063291,0.075949,0.35443,0.24051,0,0,1,0,0,0,0,1,0,0,0
12.365,2.6295,1.3147,0,0,83.691,0,0,0,0,0,14.994,0,0,0,1.3147,82.376,1.3147,0,0,0,0,0,1.3147,0,1.3147,0,82.376,13.679,0,0,1.3147,0,0,0,0,0,1,0,0,1,0,0,0,0,1,0,0,1
40.885,4.5574,4.5574,0,0,4.5574,0,45.443,0,0,0,4.5574,0,0,45.443,0,50,0,0,0,0,0,4.5574,45.443,0,45.443,4.5574,0,0,0,0,0,0,0,0,0,0,1,0,0,1,0,0,0,0,1,0,0,0
2.5375,17.757,15.333,0,0,47.768,1.8827,5.3787,3.742,5.6013,0,22.153,7.5074,0,5.3787,8.0716,45.099,9.9309,0,0,1.8593,0,5.3787,13.45,1.8827,11.568,7.2614,30.599,12.445,0,3.742,9.9309,3.742,0,0,0,0,1,0,0,1,0,0,0,0,1,0,0,1
34.771,9.5062,17.396,0,0,13.385,5.6273,13.687,0,5.6273,0,20.761,5.6273,0,13.687,1.9394,56.046,1.9394,0,0,0,0,15.457,15.626,0,31.083,5.6273,5.8183,7.5668,0,0,7.5668,11.255,0,0,0,0,1,0,0,1,0,0,0,0,1,0,0,0
9.5306,7.8312,8.889,0,0,45.426,7.7746,1.805,4.8221,13.922,0,26.462,16.139,0,1.805,4.0011,41.904,6.6157,0,0,3.0737,0,1.805,5.347,3.542,1.805,9.5796,27.905,17.472,0,4.8221,10.848,16.874,0,0,0,0,1,0,0,1,0,0,0,0,1,0,0,1
3.7263,5.4849,16.455,3.7263,5.4849,21.378,8.4408,8.4408,12.938,0,13.926,5.4849,0,5.4849,9.2112,13.926,11.179,13.926,5.4849,13.926,0,21.378,0,13.926,24.895,12.167,0,8.4408,0,9.2112,9.2112,22.149,0,0,0,0,0.070175,0.92982,0,0,1,0,0,0,0,1,0,0,1
2.257,4.6439,21.519,11.461,4.6439,21.65,7.7161,5.6386,14.066,3.3346,3.0703,4.6439,14.385,5.195,3.0703,7.9784,22.093,19.704,6.7685,8.7089,0,7.4519,0,16.425,18.184,1.5735,5.5915,3.3346,3.8305,7.4519,10.103,26.341,7.1651,0,0,0,0,1,0,0,1,0,0,0,0,1,0,0,1
5.9234,5.7719,8.8495,2.4625,0,42.469,3.4609,0,17.957,13.106,0,15.303,10.24,0,2.4625,6.4129,32.958,16.143,0,0,10.08,6.4008,0,9.1069,1.2183,4.3559,3.4609,13.855,22.213,3.9382,8.0231,22.822,11.007,0,0,0,0.029412,0.97059,0,0,1,0,0,0,0,1,0,0,1
0,0,0,0,0,78.541,0,0,0,10.729,10.729,0,0,0,0,0,78.541,0,0,0,0,21.459,0,10.729,0,0,10.729,78.541,0,0,0,0,0,0,0,0,1,0,0,0,1,0,0,0,0,1,0,0,0
5.8686,0,8.7582,0,0,85.373,0,0,0,0,0,5.8686,4.3791,0,0,14.794,70.579,4.3791,0,0,0,0,0,4.3791,4.3791,0,0,80.994,10.248,0,0,0,0,0,0,0,0.37778,0.62222,0,0,1,0,0,0,0,1,0,0,0
1.7695,1.1972,9.0436,23.739,1.1972,37.231,10.846,0,13.41,1.5667,0,3.4117,18.408,9.279,1.7695,6.4596,23.811,9.8713,10.476,0,3.6958,12.818,0,16.756,1.5667,2.9667,1.5667,5.2624,7.1074,11.048,13.812,37.149,2.7639,0,0,0,0,1,0,0,1,0,0,0,0,1,0,0,0
0,0,0,0,0,71.714,0,0,0,21.542,6.7447,0,0,0,0,0,86.511,0,0,0,0,13.489,0,6.7447,0,0,6.7447,71.714,0,0,0,0,14.797,0,0,0,1,0,0,0,1,0,0,0,0,1,0,0,0
3.3295,0,14.198,0,0,39.652,7.6522,0,17.603,17.565,0,6.621,25.695,0,0,4.3227,33.031,20.379,0,0,6.621,3.3295,0,10.429,7.0992,0,7.6522,12.652,19.348,3.3295,10.944,14.273,14.273,0,0,0,0.48333,0.51667,0,0,1,0,0,0,0,1,0,0,1
1.5111,6.6424,24.187,0,0,46.443,5.7972,0,9.622,5.7972,0,9.6647,18.226,0,0,12.188,38.542,16.044,0,0,5.3359,0,0,16.044,8.1425,2.5657,5.7972,28.888,13.269,0,4.2861,13.699,7.3084,0,0,0,0.021739,0.97826,0,0,1,0,0,0,0,1,0,0,1
2.4584,4.5632,8.5539,0,0,59.09,1.4311,0,10.718,13.185,0,12.899,10.17,0,0,7.1228,47.521,13,0,0,9.2872,0,0,7.1228,1.4311,2.2816,1.4311,40.213,19.904,0,7.3083,13,7.3083,0,0,0,0.52727,0.47273,0,0,1,0,0,0,0,1,0,0,0
0,0,0,0,0,100,0,0,0,0,0,0,0,0,0,0,100,0,0,0,0,0,0,0,0,0,0,100,0,0,0,0,0,0,0,0,0,1,0,0,1,0,0,0,0,1,0,0,0
0,0,0,9.4124,0,90.588,0,0,0,0,0,0,0,0,9.4124,0,81.175,9.4124,0,0,0,0,0,0,0,0,0,90.588,0,0,0,0,9.4124,0,0,0,0.012987,0.98701,0,0,1,0,0,0,0,1,0,0,0
0,0,0,0,0,0,0,0,0,0,0,0,0,0,0,0,0,0,0,0,0,0,0,0,0,0,0,0,0,0,0,0,0,0,0,0,0.96907,0.030928,0,0,1,0,0,0,0,1,0,0,0
0,0,0,0,0,71.542,0,0,28.458,0,0,0,14.626,13.831,0,14.626,27.663,29.253,0,0,0,0,0,0,0,0,0,42.289,29.253,0,0,0,28.458,0,0,0,1,0,0,0,1,0,0,0,0,1,0,0,0
0,0,0,11.012,0,83.128,0,0,5.8603,0,0,0,5.8603,0,11.012,5.8603,58.632,18.636,0,0,0,0,0,0,0,0,0,64.492,18.636,0,0,0,16.872,0,0,0,0,1,0,0,1,0,0,0,0,1,0,0,0
0,0,0,7.1205,0,86.701,0,0,6.1786,0,0,0,6.1786,0,7.1205,6.1786,61.045,19.478,0,0,0,0,0,0,0,0,0,74.344,12.357,0,0,0,13.299,0,0,0,0,1,0,0,1,0,0,0,0,1,0,0,0
0,0,0,4.6302,0,82.867,0,0,12.503,0,0,0,12.503,0,4.6302,9.3772,64.118,9.3712,0,0,0,0,0,0,0,0,0,68.748,14.118,0,0,0,17.133,0,0,0,0,1,0,0,1,0,0,0,0,1,0,0,0
0,0,0,0,0,85.216,0,0,14.784,0,0,0,10.148,4.6369,0,10.148,54.773,20.295,0,0,0,0,0,0,0,0,0,64.921,20.295,0,0,0,14.784,0,0,0,0,1,0,0,1,0,0,0,0,1,0,0,0
0,0,0,0,0,100,0,0,0,0,0,0,0,0,0,0,92.988,7.0121,0,0,0,0,0,0,0,0,0,92.988,7.0121,0,0,0,0,0,0,0,0,1,0,0,1,0,0,0,0,1,0,0,0
0,0,0,0,0,100,0,0,0,0,0,0,0,0,0,0,100,0,0,0,0,0,0,0,0,0,0,100,0,0,0,0,0,0,0,0,0,1,0,0,1,0,0,0,0,1,0,0,0
0,0,0,0,0,100,0,0,0,0,0,0,0,0,0,9.2056,90.794,0,0,0,0,0,0,0,0,0,0,90.794,9.2056,0,0,0,0,0,0,0,0,1,0,0,1,0,0,0,0,1,0,0,0
0,0,0,0,0,100,0,0,0,0,0,0,0,0,0,0,100,0,0,0,0,0,0,0,0,0,0,100,0,0,0,0,0,0,0,0,0,1,0,0,1,0,0,0,0,1,0,0,0
0,0,0,0,0,100,0,0,0,0,0,0,0,0,0,0,100,0,0,0,0,0,0,0,0,0,0,100,0,0,0,0,0,0,0,0,1,0,0,0,1,0,0,0,0,1,0,0,0
0,0,0,0,0,59.21,0,0,40.79,0,0,0,13.324,9.2104,18.255,0,59.21,0,0,0,0,0,0,0,0,0,0,59.21,0,0,0,0,40.79,0,0,0,1,0,0,0,1,0,0,0,0,1,0,0,0
3.7083,0,0,0,3.7083,69.883,0,9.4961,0,9.4961,3.7083,7.4166,0,0,0,15.284,58.307,9.4961,0,0,0,9.4961,0,11.576,0,3.7083,13.204,48.811,9.4961,3.7083,0,5.7878,3.7083,0,0,0,0.77333,0.22667,0,0,1,0,0,0,0,1,0,0,0
0,0,0,0,0,70.133,0,0,29.867,0,0,0,0,19.469,10.398,0,70.133,0,0,0,0,0,0,0,0,0,0,70.133,0,0,0,0,29.867,0,0,0,0.80682,0.19318,0,0,1,0,0,0,0,1,0,0,0
4.1229,0,3.2053,10.523,16.248,32.544,0,16.133,1.6026,7.8103,7.8103,18.654,4.923,0,0,21.848,13.1,23.451,0,1.6026,0,16.421,4.923,22.901,4.923,5.7255,19.136,7.375,4.1229,11.325,0,4.923,14.646,0,0,0,0.081081,0.91892,0,0,1,0,0,0,0,1,0,0,1
0,0,0,0,0,86.619,0,0,13.381,0,0,0,0,7.9026,5.4786,4.1431,82.476,0,0,0,0,0,0,0,0,0,0,82.476,4.1431,0,0,0,13.381,0,0,0,0,1,0,0,1,0,0,0,0,1,0,0,0
0,0,0,0,0,88.212,0,0,11.788,0,0,0,0,8.1501,3.6377,3.7425,84.47,0,0,0,0,0,0,0,0,0,0,84.47,3.7425,0,0,0,11.788,0,0,0,0,1,0,0,1,0,0,0,0,1,0,0,0
0,0,0,0,0,85.023,0,0,14.977,0,0,0,0,5.9268,9.0497,0,85.023,0,0,0,0,0,0,0,0,0,0,85.023,0,0,0,0,14.977,0,0,0,0,1,0,0,1,0,0,0,0,1,0,0,0
0,0,0,0,0,89.014,0,0,10.986,0,0,0,0,0,10.986,0,89.014,0,0,0,0,0,0,0,0,0,0,89.014,0,0,0,0,10.986,0,0,0,0,1,0,0,1,0,0,0,0,1,0,0,0
0,0,0,0,0,100,0,0,0,0,0,0,0,0,0,0,100,0,0,0,0,0,0,0,0,0,0,100,0,0,0,0,0,0,0,0,0,1,0,0,1,0,0,0,0,1,0,0,0
0,0,0,0,0,100,0,0,0,0,0,0,0,0,0,0,100,0,0,0,0,0,0,0,0,0,0,100,0,0,0,0,0,0,0,0,0,1,0,0,1,0,0,0,0,1,0,0,0
0,0,0,0,0,100,0,0,0,0,0,0,0,0,0,0,100,0,0,0,0,0,0,0,0,0,0,100,0,0,0,0,0,0,0,0,0,1,0,0,1,0,0,0,0,1,0,0,0
0,0,0,0,0,100,0,0,0,0,0,0,0,0,0,0,100,0,0,0,0,0,0,0,0,0,0,100,0,0,0,0,0,0,0,0,0,1,0,0,1,0,0,0,0,1,0,0,0
0,0,0,0,0,100,0,0,0,0,0,0,0,0,0,0,100,0,0,0,0,0,0,0,0,0,0,100,0,0,0,0,0,0,0,0,0,1,0,0,1,0,0,0,0,1,0,0,0
0,0,0,0,0,100,0,0,0,0,0,0,0,0,0,0,100,0,0,0,0,0,0,0,0,0,0,100,0,0,0,0,0,0,0,0,0,1,0,0,1,0,0,0,0,1,0,0,0
0,0,0,0,0,100,0,0,0,0,0,0,0,0,0,0,100,0,0,0,0,0,0,0,0,0,0,100,0,0,0,0,0,0,0,0,0,1,0,0,1,0,0,0,0,1,0,0,0
0,0,0,0,0,100,0,0,0,0,0,0,0,0,0,0,100,0,0,0,0,0,0,0,0,0,0,100,0,0,0,0,0,0,0,0,0,1,0,0,1,0,0,0,0,1,0,0,0
0,0,0,0,0,100,0,0,0,0,0,0,0,0,0,0,100,0,0,0,0,0,0,0,0,0,0,100,0,0,0,0,0,0,0,0,0,1,0,0,1,0,0,0,0,1,0,0,0
0,0,0,0,0,100,0,0,0,0,0,0,0,0,0,0,100,0,0,0,0,0,0,0,0,0,0,100,0,0,0,0,0,0,0,0,0,1,0,0,1,0,0,0,0,1,0,0,0
0,0,0,0,0,100,0,0,0,0,0,0,0,0,0,0,100,0,0,0,0,0,0,0,0,0,0,100,0,0,0,0,0,0,0,0,0,1,0,0,1,0,0,0,0,1,0,0,0
0,0,0,0,0,100,0,0,0,0,0,0,0,0,0,0,100,0,0,0,0,0,0,0,0,0,0,100,0,0,0,0,0,0,0,0,0,1,0,0,1,0,0,0,0,1,0,0,0
0,0,0,0,0,100,0,0,0,0,0,0,0,0,0,0,100,0,0,0,0,0,0,0,0,0,0,100,0,0,0,0,0,0,0,0,0,1,0,0,1,0,0,0,0,1,0,0,0
0,0,0,0,0,100,0,0,0,0,0,0,0,0,0,0,100,0,0,0,0,0,0,0,0,0,0,100,0,0,0,0,0,0,0,0,0,1,0,0,1,0,0,0,0,1,0,0,0
0,0,0,0,0,100,0,0,0,0,0,0,0,0,0,0,100,0,0,0,0,0,0,0,0,0,0,100,0,0,0,0,0,0,0,0,0,1,0,0,1,0,0,0,0,1,0,0,0
0,0,0,0,0,100,0,0,0,0,0,0,0,0,0,0,100,0,0,0,0,0,0,0,0,0,0,100,0,0,0,0,0,0,0,0,0,1,0,0,1,0,0,0,0,1,0,0,0
0,0,0,0,0,100,0,0,0,0,0,0,0,0,0,0,100,0,0,0,0,0,0,0,0,0,0,100,0,0,0,0,0,0,0,0,0,1,0,0,1,0,0,0,0,1,0,0,0
0,0,0,0,0,100,0,0,0,0,0,0,0,0,0,0,100,0,0,0,0,0,0,0,0,0,0,100,0,0,0,0,0,0,0,0,0,1,0,0,1,0,0,0,0,1,0,0,0
0,0,0,0,0,100,0,0,0,0,0,0,0,0,0,0,100,0,0,0,0,0,0,0,0,0,0,100,0,0,0,0,0,0,0,0,0,1,0,0,1,0,0,0,0,1,0,0,0
0,0,0,0,0,100,0,0,0,0,0,0,0,0,0,0,100,0,0,0,0,0,0,0,0,0,0,100,0,0,0,0,0,0,0,0,0,1,0,0,1,0,0,0,0,1,0,0,0
0,0,0,0,0,100,0,0,0,0,0,0,0,0,0,0,100,0,0,0,0,0,0,0,0,0,0,100,0,0,0,0,0,0,0,0,0,1,0,0,1,0,0,0,0,1,0,0,0
0,0,0,0,0,100,0,0,0,0,0,0,0,0,0,0,100,0,0,0,0,0,0,0,0,0,0,100,0,0,0,0,0,0,0,0,0,1,0,0,1,0,0,0,0,1,0,0,0
0,0,0,0,0,100,0,0,0,0,0,0,0,0,0,0,100,0,0,0,0,0,0,0,0,0,0,100,0,0,0,0,0,0,0,0,0,1,0,0,1,0,0,0,0,1,0,0,0
0,0,0,0,0,100,0,0,0,0,0,0,0,0,0,0,100,0,0,0,0,0,0,0,0,0,0,100,0,0,0,0,0,0,0,0,0,1,0,0,1,0,0,0,0,1,0,0,0
0,0,0,0,0,100,0,0,0,0,0,0,0,0,0,0,100,0,0,0,0,0,0,0,0,0,0,100,0,0,0,0,0,0,0,0,0,1,0,0,1,0,0,0,0,1,0,0,0
0,0,0,0,0,100,0,0,0,0,0,0,0,0,0,0,100,0,0,0,0,0,0,0,0,0,0,100,0,0,0,0,0,0,0,0,0,1,0,0,1,0,0,0,0,1,0,0,0
0,0,0,0,0,100,0,0,0,0,0,0,0,0,0,0,100,0,0,0,0,0,0,0,0,0,0,100,0,0,0,0,0,0,0,0,0,1,0,0,1,0,0,0,0,1,0,0,0
0,0,0,0,0,100,0,0,0,0,0,0,0,0,0,0,100,0,0,0,0,0,0,0,0,0,0,100,0,0,0,0,0,0,0,0,0,1,0,0,1,0,0,0,0,1,0,0,0
0,0,0,0,0,100,0,0,0,0,0,0,0,0,0,0,100,0,0,0,0,0,0,0,0,0,0,100,0,0,0,0,0,0,0,0,0,1,0,0,1,0,0,0,0,1,0,0,0
0,0,0,0,0,100,0,0,0,0,0,0,0,0,0,0,100,0,0,0,0,0,0,0,0,0,0,100,0,0,0,0,0,0,0,0,0,1,0,0,1,0,0,0,0,1,0,0,0
0,0,0,0,0,100,0,0,0,0,0,0,0,0,0,0,100,0,0,0,0,0,0,0,0,0,0,100,0,0,0,0,0,0,0,0,0,1,0,0,1,0,0,0,0,1,0,0,0
0,0,0,0,0,100,0,0,0,0,0,0,0,0,0,0,100,0,0,0,0,0,0,0,0,0,0,100,0,0,0,0,0,0,0,0,0,1,0,0,1,0,0,0,0,1,0,0,0
0,0,0,0,0,100,0,0,0,0,0,0,0,0,0,0,100,0,0,0,0,0,0,0,0,0,0,100,0,0,0,0,0,0,0,0,0,1,0,0,1,0,0,0,0,1,0,0,0
0,0,0,0,0,100,0,0,0,0,0,0,0,0,0,0,100,0,0,0,0,0,0,0,0,0,0,100,0,0,0,0,0,0,0,0,0,1,0,0,1,0,0,0,0,1,0,0,0
0,0,0,0,0,100,0,0,0,0,0,0,0,0,0,0,100,0,0,0,0,0,0,0,0,0,0,100,0,0,0,0,0,0,0,0,0,1,0,0,1,0,0,0,0,1,0,0,0
0,0,0,0,0,100,0,0,0,0,0,0,0,0,0,0,100,0,0,0,0,0,0,0,0,0,0,100,0,0,0,0,0,0,0,0,0,1,0,0,1,0,0,0,0,1,0,0,0
0,0,0,0,0,100,0,0,0,0,0,0,0,0,0,0,100,0,0,0,0,0,0,0,0,0,0,100,0,0,0,0,0,0,0,0,0,1,0,0,1,0,0,0,0,1,0,0,0
0,0,0,0,0,100,0,0,0,0,0,0,0,0,0,0,100,0,0,0,0,0,0,0,0,0,0,100,0,0,0,0,0,0,0,0,0,1,0,0,1,0,0,0,0,1,0,0,0
0,0,0,0,0,100,0,0,0,0,0,0,0,0,0,0,100,0,0,0,0,0,0,0,0,0,0,100,0,0,0,0,0,0,0,0,0,1,0,0,1,0,0,0,0,1,0,0,0
0,0,0,0,0,100,0,0,0,0,0,0,0,0,0,0,100,0,0,0,0,0,0,0,0,0,0,100,0,0,0,0,0,0,0,0,0,1,0,0,1,0,0,0,0,1,0,0,0
0,0,0,0,0,100,0,0,0,0,0,0,0,0,0,0,100,0,0,0,0,0,0,0,0,0,0,100,0,0,0,0,0,0,0,0,0,1,0,0,1,0,0,0,0,1,0,0,0
0,0,0,0,0,100,0,0,0,0,0,0,0,0,0,0,100,0,0,0,0,0,0,0,0,0,0,100,0,0,0,0,0,0,0,0,0,1,0,0,1,0,0,0,0,1,0,0,0
0,0,0,0,0,100,0,0,0,0,0,0,0,0,0,0,100,0,0,0,0,0,0,0,0,0,0,100,0,0,0,0,0,0,0,0,0,1,0,0,1,0,0,0,0,1,0,0,0
0,0,0,0,0,100,0,0,0,0,0,0,0,0,0,0,100,0,0,0,0,0,0,0,0,0,0,100,0,0,0,0,0,0,0,0,0,1,0,0,1,0,0,0,0,1,0,0,0
0,0,0,0,0,100,0,0,0,0,0,0,0,0,0,0,100,0,0,0,0,0,0,0,0,0,0,100,0,0,0,0,0,0,0,0,0,1,0,0,1,0,0,0,0,1,0,0,0
0,0,0,0,0,100,0,0,0,0,0,0,0,0,0,0,100,0,0,0,0,0,0,0,0,0,0,100,0,0,0,0,0,0,0,0,0,1,0,0,1,0,0,0,0,1,0,0,0
0,0,0,0,0,100,0,0,0,0,0,0,0,0,0,0,100,0,0,0,0,0,0,0,0,0,0,100,0,0,0,0,0,0,0,0,0,1,0,0,1,0,0,0,0,1,0,0,0
0,0,0,0,0,100,0,0,0,0,0,0,0,0,0,0,100,0,0,0,0,0,0,0,0,0,0,100,0,0,0,0,0,0,0,0,0,1,0,0,1,0,0,0,0,1,0,0,0
0,0,0,0,0,100,0,0,0,0,0,0,0,0,0,0,100,0,0,0,0,0,0,0,0,0,0,100,0,0,0,0,0,0,0,0,0,1,0,0,1,0,0,0,0,1,0,0,0
0,0,0,0,0,100,0,0,0,0,0,0,0,0,0,0,100,0,0,0,0,0,0,0,0,0,0,100,0,0,0,0,0,0,0,0,0.014706,0.98529,0,0,1,0,0,0,0,1,0,0,0
0,0,0,0,0,100,0,0,0,0,0,0,0,0,0,0,100,0,0,0,0,0,0,0,0,0,0,100,0,0,0,0,0,0,0,0,0,1,0,0,1,0,0,0,0,1,0,0,0
0,0,0,0,0,100,0,0,0,0,0,0,0,0,0,0,100,0,0,0,0,0,0,0,0,0,0,100,0,0,0,0,0,0,0,0,0,1,0,0,1,0,0,0,0,1,0,0,0
0,0,0,0,0,100,0,0,0,0,0,0,0,0,0,0,100,0,0,0,0,0,0,0,0,0,0,100,0,0,0,0,0,0,0,0,0,1,0,0,1,0,0,0,0,1,0,0,0
0,0,0,0,0,100,0,0,0,0,0,0,0,0,0,0,100,0,0,0,0,0,0,0,0,0,0,100,0,0,0,0,0,0,0,0,0,1,0,0,1,0,0,0,0,1,0,0,0
0,0,0,0,0,100,0,0,0,0,0,0,0,0,0,0,100,0,0,0,0,0,0,0,0,0,0,100,0,0,0,0,0,0,0,0,0,1,0,0,1,0,0,0,0,1,0,0,0
0,0,0,0,0,100,0,0,0,0,0,0,0,0,0,0,100,0,0,0,0,0,0,0,0,0,0,100,0,0,0,0,0,0,0,0,0.2,0.8,0,0,1,0,0,0,0,1,0,0,0
0,0,0,0,0,100,0,0,0,0,0,0,0,0,0,0,100,0,0,0,0,0,0,0,0,0,0,100,0,0,0,0,0,0,0,0,0,1,0,0,1,0,0,0,0,1,0,0,0
0,0,0,0,0,100,0,0,0,0,0,0,0,0,0,0,100,0,0,0,0,0,0,0,0,0,0,100,0,0,0,0,0,0,0,0,0,1,0,0,1,0,0,0,0,1,0,0,0
0,0,0,0,0,100,0,0,0,0,0,0,0,0,0,0,100,0,0,0,0,0,0,0,0,0,0,100,0,0,0,0,0,0,0,0,0,1,0,0,1,0,0,0,0,1,0,0,0
0,0,0,0,0,100,0,0,0,0,0,0,0,0,0,0,100,0,0,0,0,0,0,0,0,0,0,100,0,0,0,0,0,0,0,0,0,1,0,0,1,0,0,0,0,1,0,0,0
0,0,0,0,0,100,0,0,0,0,0,0,0,0,0,0,100,0,0,0,0,0,0,0,0,0,0,100,0,0,0,0,0,0,0,0,0.013158,0.98684,0,0,1,0,0,0,0,1,0,0,0
0,0,0,0,0,100,0,0,0,0,0,0,0,0,0,0,100,0,0,0,0,0,0,0,0,0,0,100,0,0,0,0,0,0,0,0,0,1,0,0,1,0,0,0,0,1,0,0,0
0,0,0,0,0,100,0,0,0,0,0,0,0,0,0,0,100,0,0,0,0,0,0,0,0,0,0,100,0,0,0,0,0,0,0,0,0,1,0,0,1,0,0,0,0,1,0,0,0
0,0,0,0,0,100,0,0,0,0,0,0,0,0,0,0,100,0,0,0,0,0,0,0,0,0,0,100,0,0,0,0,0,0,0,0,0,1,0,0,1,0,0,0,0,1,0,0,0
2.6835,5.5639,10.931,0,5.7002,65.304,0,7.1337,2.6835,0,0,7.1337,5.5639,8.3838,0,0,32.886,13.823,23.825,5.7002,2.6835,0,0,10.931,12.698,2.6835,0,39.564,15.726,10.014,0,8.3838,0,0,0,0,0,1,0,0,1,0,0,0,0,1,0,0,0
2.8152,3.5188,13.251,0,0,66.204,4.1014,2.8152,7.2947,0,0,2.8152,3.5188,11.774,0,0,30.571,31.033,13.372,4.1014,2.8152,0,0,9.1491,10.435,6.9166,0,46.19,16.496,3.5188,0,7.2947,0,0,0,0,0.015625,0.98438,0,0,1,0,0,0,0,1,0,0,0
0,0,0,0,5.3187,90.759,0,0,3.922,0,0,21.478,0,7.844,0,26.797,14.559,7.844,0,21.478,0,0,0,0,0,0,0,13.163,56.119,0,21.478,9.2407,0,0,0,0,0,1,0,0,1,0,0,0,0,1,0,0,0
0,0,0,0,16.399,73.44,0,5.8236,4.337,0,0,5.8236,0,8.6739,0,16.399,54.606,8.6739,5.8236,0,0,0,0,0,5.8236,0,0,36.72,30.897,5.8236,0,20.736,0,0,0,0,0,1,0,0,1,0,0,0,0,1,0,0,0
0,0,0,18.319,0,48.607,33.074,0,0,0,0,5.7714,0,14.755,9.1596,22.309,9.1596,0,16.537,5.7714,7.3776,9.1596,0,7.3776,23.915,16.537,0,7.3776,20.702,9.1596,5.7714,9.1596,0,0,0,0,0,1,0,0,1,0,0,0,0,1,0,0,0
0,0,0,11.098,11.64,41.51,27.699,8.0529,0,0,0,0,0,28.37,0,15.643,23.281,3.9232,8.468,8.2595,12.056,0,0,12.056,28.912,12.056,3.5875,8.468,12.183,7.5107,11.305,3.9232,0,0,0,0,0.18182,0.81818,0,0,1,0,0,0,0,1,0,0,0
0,0,0,0,27.489,72.511,0,0,0,0,0,5.8445,0,20.93,0,12.404,34.048,0,0,20.93,5.8445,0,0,0,0,0,0,33.333,33.333,0,5.8445,27.489,0,0,0,0,0,1,0,0,1,0,0,0,0,1,0,0,0
0,0,0,0,6.676,93.324,0,0,0,0,0,8.4485,0,6.676,0,8.4485,43.094,18.209,0,15.124,0,0,0,0,0,0,0,43.094,41.782,0,8.4485,6.676,0,0,0,0,0,1,0,0,1,0,0,0,0,1,0,0,0
0,0,0,14.528,5.4246,53.322,24.975,1.7509,0,0,0,7.1772,0,24.225,2.7147,25.764,13.564,1.7509,2.7147,8.5245,10.851,2.7147,0,3.6737,6.2165,14.913,12.198,7.1772,28.692,8.1393,14.525,4.4656,0,0,0,0,0.088889,0.91111,0,0,1,0,0,0,0,1,0,0,0
0,0,0,46.933,0,22.454,30.613,0,0,0,0,0,7.4846,46.933,0,7.4846,7.4846,7.4846,0,15.644,0,7.4846,15.644,0,30.613,7.4846,0,7.4846,7.4846,0,0,31.289,0,0,0,0,0.125,0.875,0,0,1,0,0,0,0,1,0,0,1
3.0777,0,3.0777,0,15.82,37.15,0,4.734,28.328,7.8117,0,7.8117,25.251,0,4.734,18.575,21.976,0,0,3.0777,18.575,0,3.0777,0,12.546,0,3.0777,4.734,29.338,0,21.976,25.251,0,0,0,0,0.28333,0.71667,0,0,1,0,0,0,0,1,0,0,0
6.1228,0,0,0,27.347,36.326,0,15.102,0,15.102,0,15.102,12.246,0,15.102,15.102,15.102,0,0,0,27.347,0,0,0,30.204,0,0,15.102,21.225,0,33.47,0,0,0,0,0,0.093023,0.90698,0,0,1,0,0,0,0,1,0,0,0
5.1722,0,9.1612,7.1048,6.2315,52.838,0,9.7707,7.6653,2.0564,0,2.0564,8.2879,0,10.657,19.529,18.329,0,3.5524,5.6088,31.979,0,5.6088,3.5524,5.6088,6.2183,2.0564,10.664,40.118,0,20.565,5.6088,0,0,0,0,0,1,0,0,1,0,0,0,0,1,0,0,0
0,0,0,7.1002,17.824,52.04,6.9598,16.076,0,0,0,0,0,34.356,0,11.448,29.412,11.588,0,13.196,0,0,0,4.488,18.688,6.9598,6.9598,10.724,27.256,13.336,4.488,7.1002,0,0,0,0,0.15625,0.84375,0,0,1,0,0,0,0,1,0,0,0
0,0,0,0,33.333,66.667,0,0,0,0,0,0,0,33.333,0,0,33.333,0,0,33.333,0,0,0,0,0,0,0,33.333,33.333,33.333,0,0,0,0,0,0,0.25926,0.74074,0,0,1,0,0,0,0,1,0,0,0
0,0,0,0,48.813,34.125,0,7.2518,9.8105,0,0,0,0,41.561,0,0,34.125,0,0,14.504,0,9.8105,0,0,7.2518,0,0,19.621,14.504,51.372,7.2518,0,0,0,0,0,0,1,0,0,1,0,0,0,0,1,0,0,0
0,0,0,9.8629,9.585,49.39,0,31.162,0,0,0,4.9408,0,0,4.9408,13.584,38.858,11.733,0,9.2884,0,16.655,0,11.714,24.37,11.733,0,13.584,9.2884,9.8629,9.585,9.8629,0,0,0,0,0,1,0,0,1,0,0,0,0,1,0,0,0
0,0,0,26.052,11.676,41.44,0,20.832,0,0,0,12.074,0,0,8.3606,5.8349,49.888,9.1562,0,6.2326,0,8.4539,0,5.8349,17.517,5.8409,0,12.161,6.2326,10.973,15.389,26.052,0,0,0,0,0.065421,0.93458,0,0,1,0,0,0,0,1,0,0,1
0,0,0,12.93,17.95,42.08,0,27.041,0,0,0,4.0709,0,0,12.93,13.879,45.929,19.121,0,0,0,4.0709,0,13.879,22.021,4.0709,0,25.079,0,12.93,9.0908,12.93,0,0,0,0,0,1,0,0,1,0,0,0,0,1,0,0,0
0,0,0,22.239,10.174,41.282,0,26.304,0,0,0,1.5523,0,0,7.307,16.568,55.33,6.0641,0,1.5523,0,11.627,0,18.404,20.24,3.1966,0,14.21,1.5523,15.737,4.4198,22.239,0,0,0,0,0.78333,0.21667,0,0,1,0,0,0,0,1,0,0,1
12.964,0,5.5669,0,14.794,23.023,4.4919,0,29.102,10.059,0,5.5669,24.853,4.4919,0,5.5669,20.118,4.4919,0,5.5669,20.361,8.9839,5.5669,0,5.5669,4.4919,10.059,0,17.456,4.4919,33.325,19.043,0,0,0,0,0.009901,0.9901,0,0,1,0,0,0,0,1,0,0,0
0,0,0,0,8.438,53.074,4.6627,0,18.651,15.174,0,0,4.6627,13.101,0,0,49.299,4.6627,0,8.438,0,19.837,0,0,0,15.174,4.6627,39.973,13.101,13.101,0,13.988,0,0,0,0,0,1,0,0,1,0,0,0,0,1,0,0,0
2.852,8.2554,7.2858,6.0526,5.7782,28.588,2.2835,14.197,17.098,7.6096,0,9.7599,8.468,7.2347,9.1106,14.683,19.041,8.3361,2.7202,2.852,11.609,6.1859,6.6736,6.5417,16.668,7.4652,6.237,10.972,14.764,2.2835,18.664,9.7309,0,0,0,0.040816,0.040816,0.91837,0,0,1,0,0,0,0,1,0,0,1
0,0,0,0,0,70.876,2.9879,0,23.148,2.9879,0,0,2.9879,2.9879,0,0,62.72,14.133,0,0,0,17.172,0,0,0,2.9879,2.9879,67.889,2.9879,14.184,0,8.9636,0,0,0,0.25532,0.085106,0.65957,0,0,1,0,0,0,0,1,0,0,1
0,0,0,0,0,75,0,13.907,0,11.093,0,0,0,0,0,27.813,33.28,13.907,0,0,0,25,0,13.907,0,25,0,61.093,0,0,0,0,0,0,0,0,0,1,0,0,1,0,0,0,0,1,0,0,0
0,0,0,0,0,75,0,0,25,0,0,0,0,0,0,25,75,0,0,0,0,0,0,0,0,0,0,75,0,0,0,25,0,0,0,0,0,1,0,0,1,0,0,0,0,1,0,0,0
0,0,0,0,0,75,0,0,0,25,0,0,0,0,0,0,75,0,0,0,0,25,0,0,0,25,0,75,0,0,0,0,0,0,0,0,0,1,0,0,1,0,0,0,0,1,0,0,0
0,0,11.271,0,0,56.341,0,4.4563,18.78,0,9.1514,9.1514,0,4.4563,0,4.6951,54.46,11.271,0,0,0,15.966,0,4.4563,15.966,9.1514,0,56.341,0,0,0,14.085,0,0,0,0,0,1,0,0,1,0,0,0,0,1,0,0,0
3.8571,1.6075,8.6797,0,5.4647,39.303,20.29,10.733,1.6075,0,8.4568,5.4914,0,1.6075,7.3343,18.041,21.236,12.314,9.3485,12.314,0,12.314,0,12.314,19.413,20.29,0,26.071,3.8839,9.3485,1.6075,7.0722,0,0,0,0,0,1,0,0,1,0,0,0,0,1,0,0,0
6.0177,4.1282,16.987,1.6155,10.146,26.721,14.785,2.6626,11.761,0,5.1753,18.837,0,2.5126,7.8605,18.826,10.093,15.269,4.1282,11.28,0,11.193,0,19.885,19.649,7.7092,0,15.63,4.2895,5.1866,4.1282,21.907,1.6155,0,0,0.022727,0.045455,0.93182,0,0,1,0,0,0,0,1,0,0,0
0,0,6.1402,0,5.2979,63.264,16.736,8.562,0,0,0,0,5.2979,0,13.86,22.422,20.842,31.438,0,6.1402,0,0,0,0,20,11.438,13.86,35.544,5.2979,0,0,13.86,0,0,0,0,0,1,0,0,1,0,0,0,0,1,0,0,0
9.1339,0,9.1339,0,14.94,36.913,24.313,0,5.5664,0,0,11.133,5.8057,0,27.54,20.506,3.5675,15.179,3.5675,3.5675,0,9.1339,0,14.7,14.94,12.941,5.8057,21.735,5.8057,3.5675,0,20.506,0,0.014493,0,0,0.028986,0.95652,0,0,1,0,0,0,0,1,0,0,0
0,0,0,0,0,100,0,0,0,0,0,0,0,0,0,0,100,0,0,0,0,0,0,0,0,0,0,100,0,0,0,0,0,0,0,0,0.06,0.94,0,0,1,0,0,0,0,1,0,0,0
0,0,0,0,0,75,25,0,0,0,0,25,0,0,50,0,0,0,0,25,0,0,0,25,0,0,0,25,25,25,0,0,0,0,0,0,0.052632,0.94737,0,0,1,0,0,0,0,1,0,0,0
0,0,0,0,0,100,0,0,0,0,0,0,0,0,0,0,100,0,0,0,0,0,0,0,0,0,0,100,0,0,0,0,0,0,0,0,0,1,0,0,1,0,0,0,0,1,0,0,0
0,0,0,3.6334,12.642,46.778,35.13,1.8167,0,0,0,0,9.969,1.8167,12.355,21.528,8.8852,29.007,1.8167,1.8167,6.8313,5.9746,0,6.8313,25.973,14.696,5.8111,15.429,8.1523,0,1.8167,21.29,0,0,0,0,0.029412,0.97059,0,0,1,0,0,0,0,1,0,0,0
0,0,0,5.8858,5.7165,55.744,23.356,9.2972,0,0,0,4.3835,2.9429,2.9429,19.549,22.853,10.782,14.675,2.9429,7.3264,5.7165,5.8858,0,10.1,20.73,4.4277,6.3543,25.948,4.3835,4.3835,2.9429,20.73,0,0,0,0,0,1,0,0,1,0,0,0,0,1,0,0,0
0,0,0,3.8345,12.704,46.626,32.024,4.8118,0,0,0,0,8.7015,8.7015,2.8946,18.493,8.2697,29.879,4.6049,1.9173,10.016,6.5221,0,10.016,31.629,6.7842,5.5821,8.4767,2.6876,0,1.9173,27.532,5.3752,0,0,0,0,1,0,0,1,0,0,0,0,1,0,0,0
0,0,0,0,10.003,79.994,10.003,0,0,0,0,0,0,0,0,10.003,53.352,16.639,10.003,0,0,10.003,0,0,0,0,10.003,49.986,10.003,0,0,10.003,20.006,0,0,0,0,1,0,0,1,0,0,0,0,1,0,0,0
0,0,0,0,0,100,0,0,0,0,0,0,0,0,0,0,100,0,0,0,0,0,0,0,0,0,0,100,0,0,0,0,0,0,0,0,0,1,0,0,1,0,0,0,0,1,0,0,1
0,0,0,0,0,100,0,0,0,0,0,0,0,0,0,0,100,0,0,0,0,0,0,0,0,0,0,100,0,0,0,0,0,0,0,0,0,1,0,0,1,0,0,0,0,1,0,0,0
0,0,0,0,0,100,0,0,0,0,0,0,0,0,0,0,100,0,0,0,0,0,0,0,0,0,0,100,0,0,0,0,0,0,0,0,0.012048,0.98795,0,0,1,0,0,0,0,1,0,0,0
0,0,0,0,0,100,0,0,0,0,0,0,0,0,0,0,100,0,0,0,0,0,0,0,0,0,0,100,0,0,0,0,0,0,0,0,0.054054,0.94595,0,0,1,0,0,0,0,1,0,0,0
0,0,0,0,0,100,0,0,0,0,0,0,0,0,0,0,100,0,0,0,0,0,0,0,0,0,0,100,0,0,0,0,0,0,0,0,0.12308,0.87692,0,0,1,0,0,0,0,1,0,0,0
0,0,0,0,0,100,0,0,0,0,0,0,0,0,0,0,100,0,0,0,0,0,0,0,0,0,0,100,0,0,0,0,0,0,0,0,0.1236,0.8764,0,0,1,0,0,0,0,1,0,0,0
0,0,0,0,0,100,0,0,0,0,0,0,0,0,0,0,100,0,0,0,0,0,0,0,0,0,0,83.493,16.507,0,0,0,0,0,0,0,0,1,0,0,1,0,0,0,0,1,0,0,0
0,0,0,0,0,100,0,0,0,0,0,0,0,0,0,0,100,0,0,0,0,0,0,0,0,0,9.4672,90.533,0,0,0,0,0,0,0,0,0,1,0,0,1,0,0,0,0,1,0,0,0
0,0,0,0,0,100,0,0,0,0,0,0,0,0,0,3.6827,92.635,3.6827,0,0,0,0,0,0,0,0,0,78.165,21.835,0,0,0,0,0,0,0,0,1,0,0,1,0,0,0,0,1,0,0,0
0,0,0,0,0,100,0,0,0,0,0,0,0,0,0,2.3823,95.235,2.3823,0,0,0,0,0,0,0,0,0,86.682,13.318,0,0,0,0,0,0,0,0,1,0,0,1,0,0,0,0,1,0,0,0
0,0,0,0,0,100,0,0,0,0,0,0,0,0,0,0,100,0,0,0,0,0,0,0,0,0,0,100,0,0,0,0,0,0,0,0,0,1,0,0,1,0,0,0,0,1,0,0,0
0,0,0,0,0,100,0,0,0,0,0,0,0,0,0,0,100,0,0,0,0,0,0,0,0,0,0,100,0,0,0,0,0,0,0,0,0,1,0,0,1,0,0,0,0,1,0,0,0
0,0,8.664,0,0,91.336,0,0,0,0,0,0,0,0,0,4.0285,66.558,20.749,0,0,0,8.664,0,0,8.664,4.0285,0,61.776,25.532,0,0,0,0,0,0,0,0,1,0,0,1,0,0,0,0,1,0,0,0
0,0,0,0,0,100,0,0,0,0,0,0,0,0,0,15.832,54.274,29.894,0,0,0,0,0,0,0,8.6224,0,58.104,33.274,0,0,0,0,0,0,0,0,1,0,0,1,0,0,0,0,1,0,0,0
0,0,3.039,0,0,68.658,0,0,25.264,0,3.039,3.039,0,0,0,15.616,57.03,10.373,0,0,0,13.943,0,0,13.943,3.039,0,53.991,14.667,0,0,14.36,0,0,0,0,0,1,0,0,1,0,0,0,0,1,0,0,0
0,0,0,0,0,94.954,0,0,5.0465,0,0,0,0,0,0,12.035,51.382,31.537,0,0,0,5.0465,0,0,5.0465,12.035,0,60.517,22.402,0,0,0,0,0,0,0,0,1,0,0,1,0,0,0,0,1,0,0,0
0,0,0,0,0,91.633,0,0,8.3671,0,0,0,0,0,0,0,100,0,0,0,0,0,0,0,0,0,0,91.633,0,0,0,8.3671,0,0,0,0,0,1,0,0,1,0,0,0,0,1,0,0,0
0,0,10.908,10.908,0,70.689,0,0,7.4949,0,0,0,10.908,0,0,10.908,67.277,0,0,0,10.908,0,10.908,0,0,0,0,59.782,10.908,0,10.908,7.4949,0,0.011364,0,0.022727,0.022727,0.94318,0,0,1,0,0,0,0,1,0,0,0
0,0,0,6.6941,0,64.478,0,0,28.828,0,0,0,21.108,0,0,14.414,64.478,0,0,0,0,0,21.108,0,0,0,0,50.064,14.414,0,0,14.414,0,0,0,0,0,1,0,0,1,0,0,0,0,1,0,0,0
0,0,0,0,0,100,0,0,0,0,0,0,0,0,0,0,100,0,0,0,0,0,0,0,0,0,0,100,0,0,0,0,0,0,0,0,0.030612,0.96939,0,0,1,0,0,0,0,1,0,0,0
0,0,0,0,0,100,0,0,0,0,0,0,0,0,0,0,100,0,0,0,0,0,0,0,0,0,0,100,0,0,0,0,0,0,0,0,0,1,0,0,1,0,0,0,0,1,0,0,0
0,0,0,0,0,100,0,0,0,0,0,0,0,0,0,0,100,0,0,0,0,0,0,0,0,0,0,100,0,0,0,0,0,0,0,0,0,1,0,0,1,0,0,0,0,1,0,0,0
0,0,0,0,0,75,0,0,25,0,0,0,0,0,0,0,100,0,0,0,0,0,0,0,0,0,0,75,0,0,0,25,0,0.036036,0,0.045045,0.018018,0.9009,0,0,1,0,0,0,0,1,0,0,0
3.7662,18.562,23.161,0,0,50.042,0,2.2805,2.1882,0,0,11.035,8.3413,8.1425,0,6.4548,20.472,16.095,23.005,2.6886,3.7662,0,0,14.407,25.831,7.5324,0,35.452,6.6568,7.9332,0,2.1882,0,0,0,0,0.94318,0.056818,0,0,1,0,0,0,0,1,0,0,1
0,0,0,20.271,2.5455,63.841,13.342,0,0,0,0,9.3642,0,11.422,8.8379,32.488,17.1,0,2.8529,0,14.763,3.1712,0,5.3984,5.7057,5.3984,2.5455,39.407,9.3642,5.7167,17.626,8.8379,0,0,0,0,0,1,0,0,1,0,0,0,0,1,0,0,0
0,0,0,26.422,3.9459,49.51,16.176,3.9459,0,0,0,0,0,26.81,2.4793,17.946,19.13,8.6995,6.2395,3.6965,8.5138,6.4845,0,3.7602,17.892,9.936,3.6965,20.529,13.818,10.43,8.7588,11.179,0,0,0,0,0.22807,0.77193,0,0,1,0,0,0,0,1,0,0,1
0,0,0,37.788,0,45.091,17.121,0,0,0,0,0,0,15.864,8.5604,29.227,24.424,0,8.5604,0,0,13.364,11.061,0,8.5604,8.5604,0,36.531,8.5604,13.364,4.8032,8.5604,0,0,0,0,0,1,0,0,1,0,0,0,0,1,0,0,0
0,0,0,44.679,0,49.591,5.7303,0,0,0,0,0,0,22.577,16.716,27.488,22.102,0,0,5.7303,0,5.386,5.7303,0,5.7303,0,0,49.591,0,5.386,5.386,28.177,0,0,0,0,0.014286,0.98571,0,0,1,0,0,0,0,1,0,0,0
0,0,0,41.037,4.9971,31.267,22.699,0,0,0,0,0,0,9.4681,9.8798,24.345,30.764,6.4193,3.8537,0,11.416,3.8537,4.471,4.9971,3.8537,8.8508,4.9971,27.413,3.8537,8.8508,16.413,16.299,0,0,0,0,0.03125,0.96875,0,0,1,0,0,0,0,1,0,0,1
0,0,0,30.431,0,40.923,28.646,0,0,0,0,4.8504,14.323,35.053,0,5.6414,35.281,0,0,4.8504,0,0,5.6414,0,14.323,14.323,0,16.133,19.939,0,4.8504,24.789,0,0,0,0,0.031579,0.96842,0,0,1,0,0,0,0,1,0,0,1
0,0,0,26.4,9.2124,37.923,21.638,4.8258,0,0,0,0,0,17.359,0,15.259,27.238,8.8135,1.9923,14.145,15.192,0,0,6.3789,8.8104,10.873,8.8804,10.806,18.639,4.3866,22.413,8.8135,0,0,0,0,0.04878,0.95122,0,0,1,0,0,0,0,1,0,0,1
0,0,0,29.53,13.507,33.329,15.189,8.4443,0,0,0,0,0,27.432,0,21.086,32.495,8.4443,0,0,5.063,5.4801,0,5.063,16.889,5.063,5.063,16.44,8.4443,18.987,15.606,8.4443,0,0,0,0,0.063492,0.93651,0,0,1,0,0,0,0,1,0,0,1
0,0,0,39.821,1.9901,36.311,4.128,17.75,0,0,0,1.9901,0,25.397,1.9901,0,52.856,1.9901,0,4.128,0,11.649,4.128,6.8848,21.878,1.9901,0,2.7746,13.012,11.649,1.9901,35.693,0,0,0,0,0.087912,0.91209,0,0,1,0,0,0,0,1,0,0,1
0,0,0,21.354,6.5857,48.706,0,23.355,0,0,0,6.5857,0,0,6.5857,12.539,40.216,12.855,0,0,0,21.218,0,8.2264,17.085,12.855,0,18.945,0,14.948,6.5857,21.354,0,0,0,0,0.04,0.96,0,0,1,0,0,0,0,1,0,0,1
0,0,0,24.1,14.818,35.121,0,25.962,0,0,0,7.8452,0,0,14.818,10.026,51.498,4.7923,0,3.0529,0,7.9681,0,13.201,25.962,4.7923,0,3.0529,3.0529,17.994,7.8452,24.1,0,0,0,0,0.040541,0.95946,0,0,1,0,0,0,0,1,0,0,1
1.7737,6.2817,9.5979,7.9518,13.448,12.819,4.4548,9.7524,29.311,4.6092,0,4.79,20.608,5.798,15.526,8.0823,14.707,7.4442,2.4812,2.4812,10.819,7.2634,4.1273,4.1273,12.061,9.9254,6.1009,1.8006,11.018,4.4548,22.871,23.513,0,0,0,0.90625,0,0.09375,0,0,1,0,0,0,0,1,0,0,1
3.14,9.6596,11.136,4.0328,12.264,23.999,3.9632,4.0328,22.731,5.0411,0,4.8733,17.512,1.7332,13.109,12.8,23.79,5.6964,1.1498,4.2898,6.0231,9.024,8.253,5.113,7.7563,8.7472,11.066,12.023,8.8365,7.123,16.384,14.698,0,0,0,0.53061,0.20408,0.26531,0,0,1,0,0,0,0,1,0,0,1
2.5755,8.5769,12.215,8.2356,10.401,12.395,4.0039,19.629,18.056,3.9111,0,9.6163,6.5794,6.552,14.806,14.241,10.32,7.2442,5.738,5.0731,5.0731,14.757,10.982,16.711,10.138,6.5015,9.2476,0,12.908,11.045,13.387,9.08,0,0,0,0.10526,0.078947,0.81579,0,0,1,0,0,0,0,1,0,0,1
1.5906,5.0936,9.4544,6.9452,6.739,11.7,3.4252,19.505,30.532,5.0157,0,14.342,8.0083,11.538,8.7897,10.403,10.957,8.5188,3.0269,2.5164,5.5089,16.39,4.6174,11.867,15.24,7.3435,5.0157,0,13.829,13.184,13.119,15.784,0,0,0,0.10526,0.026316,0.86842,0,0,1,0,0,0,0,1,0,0,1
0,4.9329,21.458,2.5638,21.54,3.7483,1.1845,23.195,21.377,0,0,39.445,2.2878,21.734,22.643,4.9329,0,3.7483,1.4605,0,1.1033,2.6451,2.6451,23.276,21.377,2.2878,2.3691,0,3.7483,39.526,3.6671,1.1033,0,0,0,0.19048,0.071429,0.7381,0,0,1,0,0,0,0,1,0,0,1
0,3.778,1.7984,1.7036,22.749,2.7408,1.0372,43.996,22.197,0,0,21.436,1.7984,1.7036,2.8356,24.453,0,2.7408,0.94242,0,0.7612,43.329,1.9796,23.597,22.197,1.7984,2.0744,0,23.416,21.712,2.4648,0.7612,0,0,0,0.37931,0.31034,0.31034,0,0,1,0,0,0,0,1,0,0,0
7.8157,1.7166,13.762,14.497,6.8246,20.036,12.249,9.4033,11.611,0,2.0841,7.2413,1.3767,1.3767,2.7077,11.671,25.268,17.852,5.4389,13.084,0,13.984,0,18.65,15.846,12.535,0,6.0889,1.7166,6.43,5.8009,31.216,1.7166,0.40506,0,0.012658,0.063291,0.51899,0,0,1,0,0,0,0,1,0,0,1
11.258,1.5768,17.608,9.6751,10.323,16.386,13.504,0,18.092,0,1.5768,20.43,11.634,3.7115,2.8514,17.685,9.8179,9.567,5.0969,2.9621,0,16.244,0,25.187,13.477,4.0454,1.2369,0,5.3679,7.6084,4.9862,36.854,1.2369,0.090909,0,0.012987,0.064935,0.83117,0,0,1,0,0,0,0,1,0,0,1
4.0203,7.712,12.143,7.9271,11.732,28.022,10.828,0,15.639,0,1.9769,12.691,4.3838,1.9769,7.5516,11.732,15.491,19.659,11.732,8.7846,0,5.9972,0,10.976,9.9509,13.776,0,2.7874,10.714,8.7846,7.712,29.563,5.7351,0.067416,0,0.067416,0.044944,0.82022,0,0,1,0,0,0,0,1,0,0,1
10.242,3.0788,7.3989,7.4553,3.0788,29.459,8.6831,0,29.459,0,1.1453,7.0418,16.609,1.1453,2.7041,3.0788,25.909,26.341,3.0788,1.1453,0,12.946,0,13.791,3.4359,3.4922,8.6831,0,14.58,11.387,4.6375,29.376,10.617,0,0,0.2,0.2,0.6,0,0,1,0,0,0,0,1,0,0,1
4.7764,0,0,0,4.7764,76.118,0,4.7764,0,4.7764,4.7764,9.5529,0,0,0,4.7764,76.118,4.7764,0,0,0,4.7764,0,0,0,4.7764,9.5529,71.341,4.7764,4.7764,0,0,4.7764,0,0,0,0.9916,0.0084034,0,0,1,0,0,0,0,1,0,0,0
6.4912,5.2564,3.5799,16.392,8.8362,27.471,12.059,0,19.915,0,0,12.416,8.479,5.5676,0,12.416,21.903,16.335,10.824,0,0,12.059,0,15.639,3.5799,5.2564,2.9113,0,8.1677,8.479,10.824,36.975,8.1677,0.0625,0,0.046875,0.09375,0.79688,0,0,1,0,0,0,0,1,0,0,1
0,0,0,0,0,66.667,0,0,0,33.333,0,0,0,0,0,0,100,0,0,0,0,0,0,0,0,0,0,66.667,0,0,0,0,33.333,0,0,0,1,0,0,0,1,0,0,0,0,1,0,0,0
0,0,0,6.9672,14.041,42.494,28.888,7.6096,0,0,0,0,10.96,3.4836,9.0364,22.036,9.5158,16.513,6.3071,6.3071,3.4836,12.357,0,3.4836,30.267,7.4768,6.213,13.642,10.3,2.8235,6.3071,16.664,2.8235,0,0,0,0.2,0.8,0,0,1,0,0,0,0,1,0,0,1
0,0,0,6.0907,24.433,54.72,13.062,1.6945,0,0,0,0,3.9566,3.9487,13.03,19.514,13.774,26.085,8.2191,4.8771,3.949,2.6463,0,3.949,19.873,3.9566,5.4047,6.0353,20.073,7.0191,4.8771,19.393,9.419,0,0,0,0.031915,0.96809,0,0,1,0,0,0,0,1,0,0,1
0,0,0,16.782,32.863,32.143,14.57,3.6424,0,0,0,0,3.6424,3.6424,6.5745,19.714,18.994,6.5745,19.714,10.217,3.6424,7.2848,0,3.6424,17.502,0,0,0,16.072,16.072,10.217,20.424,16.072,0,0,0,0,1,0,0,1,0,0,0,0,1,0,0,1
0,0,0,21.316,15.645,39.949,19.235,3.8547,0,0,0,0,3.8547,9.4879,5.6332,15.645,24.154,8.8758,13.115,3.8547,6.3844,8.996,0,6.3844,16.624,0,1.2866,1.2866,20.527,7.9736,3.8547,31.517,10.547,0,0,0.043478,0.1087,0.84783,0,0,1,0,0,0,0,1,0,0,1
0,0,0,5.1195,9.3757,73.887,10.231,1.3865,0,0,0,0,3.7292,1.3865,1.8809,7.9566,61.272,8.3915,5.6139,3.2674,1.3865,5.1157,0,1.3865,10.726,2.3427,15.3,45.447,6.5701,4.2274,3.2674,6.506,4.2274,0,0,0.25,0.1,0.65,0,0,1,0,0,0,0,1,0,0,1
0,0,0,13.176,31.123,44.186,9.5787,1.9358,0,0,0,0,1.9358,11.241,18.422,12.889,12.975,10.953,12.889,11.053,1.9358,5.707,0,1.9358,14.925,0,1.8353,1.8353,29.562,9.1174,11.053,16.948,12.788,0,0,0.057143,0.11429,0.82857,0,0,1,0,0,0,0,1,0,0,1
0,0,0,0,50,50,0,0,0,0,0,0,0,0,0,0,100,0,0,0,0,0,0,0,0,0,0,50,50,0,0,0,0,0,0,0,1,0,0,0,1,0,0,0,0,1,0,0,0
0,0,0,0,69.417,30.583,0,0,0,0,0,0,0,0,0,0,100,0,0,0,0,0,0,0,0,0,0,30.583,69.417,0,0,0,0,0,0,0,1,0,0,0,1,0,0,0,0,1,0,0,0
0,0,0,0,0,50,38.463,11.537,0,0,0,0,0,0,0,0,88.463,11.537,0,0,0,0,0,11.537,0,38.463,0,50,0,0,0,0,0,0,0,0,0.66667,0.33333,0,0,1,0,0,0,0,1,0,0,0
0,0,0,0,5.4054,89.189,5.4054,0,0,0,0,0,0,0,0,5.4054,78.378,5.4054,5.4054,0,0,5.4054,0,0,0,0,18.57,59.808,5.4054,0,0,5.4054,10.811,0,0,0,0.016949,0.98305,0,0,1,0,0,0,0,1,0,0,0
0,0,0,0,0,50,25,25,0,0,0,0,0,0,0,0,75,25,0,0,0,0,0,25,0,25,0,50,0,0,0,0,0,0,0,0,0.90323,0.096774,0,0,1,0,0,0,0,1,0,0,0
0,0,0,0,0,44.905,29.187,25.909,0,0,0,0,0,0,0,5.8562,68.235,25.909,0,0,0,0,5.8562,20.053,0,29.187,0,44.905,0,0,0,0,0,0,0,0,0,1,0,0,1,0,0,0,0,1,0,0,0
0,0,0,0,0,59.436,40.564,0,0,0,0,0,0,0,0,0,100,0,0,0,0,0,0,0,0,40.564,0,59.436,0,0,0,0,0,0,0,0,0,1,0,0,1,0,0,0,0,1,0,0,0
0,0,0,0,0,100,0,0,0,0,0,0,0,0,0,0,100,0,0,0,0,0,0,0,0,0,0,100,0,0,0,0,0,0,0,0,0,1,0,0,1,0,0,0,0,1,0,0,0
0,0,0,0,0,67.339,26.864,5.7964,0,0,0,0,0,0,0,0,88.438,11.562,0,0,0,0,0,5.7964,0,26.864,0,67.339,0,0,0,0,0,0,0,0,0,1,0,0,1,0,0,0,0,1,0,0,0
0,0,0,0,0,90.184,9.8158,0,0,0,0,0,0,0,0,0,100,0,0,0,0,0,0,0,0,9.8158,0,90.184,0,0,0,0,0,0,0,0,0,1,0,0,1,0,0,0,0,1,0,0,0
2.505,0,6.1502,7.8129,7.1304,43.993,0,16.02,1.8226,11.561,3.0052,13.963,1.8226,0,0,21.104,28.023,17.683,0,4.3276,0,13.077,1.8226,34.587,1.8226,1.8226,16.062,17.644,5.2443,5.3078,0,7.0669,8.6196,0,0,0.071429,0.17857,0.75,0,0,1,0,0,0,0,1,0,0,1
5.9835,0,14.809,5.9835,4.4127,25.032,0,13.238,30.542,0,0,20.792,17.477,0,0,0,29.444,4.4127,0,23.461,0,4.4127,4.4127,25.205,4.4127,4.4127,5.9835,25.032,0,0,0,4.4127,26.129,0,0,0,0.97619,0.02381,0,0,1,0,0,0,0,1,0,0,0
4.9718,0,8.99,5.0811,10.968,32.033,0,20.987,3.7791,9.6501,3.5399,17.502,7.4282,0,0,19.409,16.293,17.078,0,5.2109,0,17.078,7.4282,26.421,7.4282,7.319,14.622,2.8638,9.6501,3.5399,0,13.538,7.1891,0,0,0,0,1,0,0,1,0,0,0,0,1,0,0,1
3.6153,0,5.743,17.069,12.452,40.79,0,9.7662,4.7382,3.9579,1.8682,17.035,14.252,0,0,22.439,15.444,20.35,0,1.7471,0,8.7331,13.509,19.29,4.7753,1.8682,13.381,11.486,3.9579,7.6766,0,11.603,12.452,0,0,0.1,0.12857,0.77143,0,0,1,0,0,0,0,1,0,0,1
3.7022,0,12.85,3.173,9.3942,46.525,0,14.432,2.5189,3.7022,3.7022,23.428,2.5189,0,0,10.048,42.698,12.567,0,2.5189,0,6.2211,10.331,13.903,2.5189,6.2211,10.577,36.477,3.7022,6.8752,0,2.5189,6.8752,0,0,0.010309,0.95876,0.030928,0,0,1,0,0,0,0,1,0,0,0
0,0,13.899,0,0,68.675,0,0,17.426,0,0,13.899,6.0237,0,0,0,62.651,6.0237,0,11.402,0,0,13.899,0,0,0,0,45.225,23.45,0,0,0,17.426,0,0,0,0.96748,0.03252,0,0,1,0,0,0,0,1,0,0,0
0,0,0,0,0,77.712,0,0,22.288,0,0,0,4.998,0,0,0,72.212,5.5002,0,17.29,0,0,0,0,0,0,0,58.887,18.824,0,0,0,22.288,0,0,0,0,1,0,0,1,0,0,0,0,1,0,0,0
0,0,0,0,0,93.762,0,0,6.2385,0,0,0,6.2385,0,0,0,87.523,6.2385,0,0,0,0,0,0,0,0,0,74.572,19.189,0,0,0,6.2385,0,0,0,0,1,0,0,1,0,0,0,0,1,0,0,0
0,0,0,0,0,74.387,0,0,25.613,0,0,0,17.85,0,0,0,64.3,10.087,0,7.7634,0,0,0,0,0,0,0,45.122,29.264,0,0,0,25.613,0,0,0,0,1,0,0,1,0,0,0,0,1,0,0,0
0,0,0,0,0,81.936,0,0,18.064,0,0,0,6.7003,0,0,0,69.165,12.771,0,11.364,0,0,0,0,0,0,0,57.171,24.764,0,0,0,18.064,0,0,0,0,1,0,0,1,0,0,0,0,1,0,0,0
0,0,7.5026,21.759,8.1573,19.015,0,19.061,21.104,3.401,0,11.909,38.457,0,0,15.614,7.1523,15.964,0,3.7513,0,7.1523,21.104,26.868,3.7513,3.7513,7.807,0,3.401,4.406,0,24.505,4.406,0,0,0,0,1,0,0,1,0,0,0,0,1,0,0,1
0,0,7.7979,18.177,22.076,36.354,0,11.697,3.899,0,0,7.7979,22.076,0,0,18.177,3.899,22.076,0,3.899,0,22.076,22.076,11.697,22.076,3.899,0,0,0,0,0,22.076,18.177,0,0,0,0,1,0,0,1,0,0,0,0,1,0,0,1
0,0,0,0,0,100,0,0,0,0,0,0,0,0,0,0,89.446,10.554,0,0,0,0,0,0,0,0,0,100,0,0,0,0,0,0,0,0,0,1,0,0,1,0,0,0,0,1,0,0,0
0,0,0,0,0,100,0,0,0,0,0,0,0,0,0,0,100,0,0,0,0,0,0,0,0,0,0,100,0,0,0,0,0,0,0,0,0,1,0,0,1,0,0,0,0,1,0,0,0
0,0,0,0,0,100,0,0,0,0,0,0,0,0,0,0,90.737,9.263,0,0,0,0,0,0,0,0,0,92.878,7.1225,0,0,0,0,0,0,0,0,1,0,0,1,0,0,0,0,1,0,0,0
0,0,0,0,0,100,0,0,0,0,0,0,0,0,0,0,100,0,0,0,0,0,0,0,0,0,0,100,0,0,0,0,0,0,0,0,0,1,0,0,1,0,0,0,0,1,0,0,0
9.5921,0,9.5921,9.5921,26.02,45.204,0,0,0,0,0,19.184,0,0,0,0,71.224,0,0,9.5921,0,0,0,19.184,0,0,9.5921,45.204,26.02,0,0,0,0,0,0,0,0.98276,0.017241,0,0,1,0,0,0,0,1,0,0,0
0,0,0,0,15.999,84.001,0,0,0,0,0,13.498,0,0,0,20.502,29.498,20.502,0,0,0,15.999,29.498,0,0,0,20.502,29.498,20.502,0,0,0,0,0,0,0,0,1,0,0,1,0,0,0,0,1,0,0,0
0,0,0,0,6.4481,93.552,0,0,0,0,0,46.776,0,0,0,0,40.328,6.4481,0,0,0,6.4481,53.224,0,0,0,0,40.328,6.4481,0,0,0,0,0,0,0,0,1,0,0,1,0,0,0,0,1,0,0,0
0,0,0,14.556,18.777,66.667,0,0,0,0,0,18.777,0,14.556,0,14.556,14.556,18.777,0,0,0,18.777,52.111,0,0,0,14.556,14.556,18.777,0,0,0,0,0,0,0,0,1,0,0,1,0,0,0,0,1,0,0,0
0,0,0,0,47.195,52.805,0,0,0,0,0,5.6098,0,0,0,0,41.585,5.6098,0,0,0,47.195,52.805,0,0,0,0,41.585,5.6098,0,0,0,0,0,0,0,0,1,0,0,1,0,0,0,0,1,0,0,0
0,0,0,0,0,100,0,0,0,0,0,0,0,0,0,0,100,0,0,0,0,0,0,0,0,0,0,100,0,0,0,0,0,0,0,0,0,1,0,0,1,0,0,0,0,1,0,0,0
0,0,0,0,0,100,0,0,0,0,0,0,0,0,0,0,100,0,0,0,0,0,0,0,0,0,0,100,0,0,0,0,0,0,0,0,0,1,0,0,1,0,0,0,0,1,0,0,0
0,0,0,0,0,100,0,0,0,0,0,0,0,0,0,0,100,0,0,0,0,0,0,0,0,0,0,100,0,0,0,0,0,0,0,0,0,1,0,0,1,0,0,0,0,1,0,0,0
0,0,0,0,0,100,0,0,0,0,0,0,0,0,0,0,100,0,0,0,0,0,0,0,0,0,0,100,0,0,0,0,0,0,0,0,0,1,0,0,1,0,0,0,0,1,0,0,0
0,0,0,0,0,100,0,0,0,0,0,0,0,0,0,0,100,0,0,0,0,0,0,0,0,0,0,100,0,0,0,0,0,0,0,0,0,1,0,0,1,0,0,0,0,1,0,0,0
0,0,0,0,0,100,0,0,0,0,0,0,0,0,0,0,100,0,0,0,0,0,0,0,0,0,0,100,0,0,0,0,0,0,0,0,0,1,0,0,1,0,0,0,0,1,0,0,0
0,0,0,0,0,100,0,0,0,0,0,0,0,0,0,0,100,0,0,0,0,0,0,0,0,0,0,100,0,0,0,0,0,0,0,0,0,1,0,0,1,0,0,0,0,1,0,0,0
0,0,0,0,0,100,0,0,0,0,0,0,0,0,0,0,100,0,0,0,0,0,0,0,0,0,0,100,0,0,0,0,0,0,0,0,0,1,0,0,1,0,0,0,0,1,0,0,0
0,0,0,55.441,0,33.529,11.03,0,0,0,0,11.176,0,33.089,0,0,33.529,0,0,22.206,0,0,11.03,0,11.03,0,0,11.176,11.176,0,11.176,44.412,0,0,0,0,0,1,0,0,1,0,0,0,0,1,0,0,1
0,0,0,0,0,100,0,0,0,0,0,0,0,0,0,0,92.952,7.0483,0,0,0,0,0,0,0,0,0,100,0,0,0,0,0,0,0,0,0,1,0,0,1,0,0,0,0,1,0,0,0
0,0,0,0,0,73.847,13.077,13.077,0,0,0,0,0,0,0,13.077,50,36.923,0,0,0,0,13.077,0,0,13.077,0,73.847,0,0,0,0,0,0,0,0,0.93103,0.068966,0,0,1,0,0,0,0,1,0,0,0
0,0,0,0,0,71.213,12.612,16.175,0,0,0,0,0,0,0,10.324,62.612,27.064,0,0,0,0,10.324,5.851,0,12.612,0,71.213,0,0,0,0,0,0,0,0,0,1,0,0,1,0,0,0,0,1,0,0,0
0,0,0,0,0,100,0,0,0,0,0,0,0,0,0,4.648,90.704,4.648,0,0,0,0,0,0,0,0,0,86.243,13.757,0,0,0,0,0,0,0,0,1,0,0,1,0,0,0,0,1,0,0,0
0,0,0,0,0,74.842,0,25.158,0,0,0,0,0,0,0,25.158,50,24.842,0,0,0,0,25.158,0,0,0,0,74.842,0,0,0,0,0,0,0,0,0.92982,0.070175,0,0,1,0,0,0,0,1,0,0,0
0,0,0,0,0,79.853,10.074,10.074,0,0,0,0,0,0,0,29.975,20.147,49.877,0,0,0,0,10.074,0,0,10.074,39.803,40.049,0,0,0,0,0,0,0,0,0.039474,0.96053,0,0,1,0,0,0,0,1,0,0,0
0,0,0,0,0,80.08,12.609,7.3104,0,0,0,0,0,0,0,14.739,77.951,7.3104,0,0,0,0,7.3104,0,0,12.609,7.4282,65.224,7.4282,0,0,0,0,0,0,0,0,1,0,0,1,0,0,0,0,1,0,0,0
0,0,0,0,0,88.532,11.468,0,0,0,0,0,0,0,0,0,88.532,11.468,0,0,0,0,0,0,0,11.468,0,61.468,27.064,0,0,0,0,0,0,0,0,1,0,0,1,0,0,0,0,1,0,0,0
0,0,0,0,0,93.443,6.5571,0,0,0,0,0,0,0,0,7.0387,57.01,35.951,0,0,0,0,0,0,0,6.5571,29.394,37.721,26.328,0,0,0,0,0,0,0,0,1,0,0,1,0,0,0,0,1,0,0,0
0,0,0,0,0,100,0,0,0,0,0,0,6.2097,0,0,5.6605,88.13,0,0,0,0,0,0,0,0,0,5.6605,38.789,49.341,0,6.2097,0,0,0,0,0,0,1,0,0,1,0,0,0,0,1,0,0,0
0,0,2.6792,21.966,0,32.578,0,12.63,27.877,0,2.2696,2.2696,0,12.63,0,3.3002,63.471,13.04,0,0,0,5.2897,0,12.63,5.2897,2.2696,0,32.578,0,0,0,47.232,0,0,0.42105,0.14737,0.32632,0.10526,0,0,1,0,0,0,0,1,0,0,1
0,0,0,0,0,100,0,0,0,0,0,0,0,0,0,10.705,59.533,29.761,0,0,0,0,0,0,0,19.056,0,63.699,17.245,0,0,0,0,0,0,0,0,1,0,0,1,0,0,0,0,1,0,0,0
0,0,0,0,0,100,0,0,0,0,0,0,0,0,0,10.766,65.016,24.218,0,0,0,0,0,0,0,10.766,0,70.232,19.001,0,0,0,0,0,0,0,0,1,0,0,1,0,0,0,0,1,0,0,0
0,0,0,0,0,100,0,0,0,0,0,0,0,0,0,0,77.719,22.281,0,0,0,0,0,0,0,0,0,100,0,0,0,0,0,0,0,0,1,0,0,0,1,0,0,0,0,1,0,0,0
0,0,0,0,0,100,0,0,0,0,0,0,0,0,0,5.3688,55.369,39.262,0,0,0,0,0,0,0,0,23.843,52.313,23.843,0,0,0,0,0,0,0,0.5,0.5,0,0,1,0,0,0,0,1,0,0,0
0,0,0,0,0,100,0,0,0,0,0,0,0,0,0,13.004,53.136,33.861,0,0,0,0,0,0,0,14.762,0,54.162,31.076,0,0,0,0,0,0,0,0,1,0,0,1,0,0,0,0,1,0,0,0
0,0,21.276,21.276,0,57.447,0,0,0,0,0,0,21.276,0,0,21.276,36.171,0,0,0,21.276,0,21.276,0,0,0,0,36.171,21.276,0,21.276,0,0,0,0,0,1,0,0,0,1,0,0,0,0,1,0,0,0
0,0,0,0,0,100,0,0,0,0,0,0,0,0,0,29.521,34.31,36.169,0,0,0,0,0,0,0,0,47.606,40.958,11.437,0,0,0,0,0,0,0,0.078431,0.92157,0,0,1,0,0,0,0,1,0,0,0
0,0,0,0,0,100,0,0,0,0,0,0,0,0,0,0,100,0,0,0,0,0,0,0,0,0,0,50,50,0,0,0,0,0,0,0,0,1,0,0,1,0,0,0,0,1,0,0,0
0,0,8.9593,0,0,91.041,0,0,0,0,0,0,0,0,0,0,80.052,10.988,0,0,8.9593,0,0,0,0,0,0,91.041,0,0,8.9593,0,0,0,0,0,1,0,0,0,1,0,0,0,0,1,0,0,0
0,0,0,0,0,100,0,0,0,0,0,0,0,0,0,0,100,0,0,0,0,0,0,0,0,0,0,100,0,0,0,0,0,0,0,0,1,0,0,0,1,0,0,0,0,1,0,0,0
0,0,0,0,0,61.653,0,0,38.347,0,0,0,38.347,0,0,0,61.653,0,0,0,0,0,0,0,0,0,0,61.653,0,0,0,0,38.347,0,0,0,1,0,0,0,1,0,0,0,0,1,0,0,0
0,0,0,0,4.4853,84.007,0,0,11.508,0,0,0,11.508,4.4853,0,0,79.522,4.4853,0,0,0,0,0,0,0,0,0,84.007,0,4.4853,0,0,11.508,0,0,0,0,1,0,0,1,0,0,0,0,1,0,0,0
0,0,0,0,0,88.486,0,0,11.514,0,0,0,11.514,0,0,0,88.486,0,0,0,0,0,0,0,0,0,0,88.486,0,0,0,0,11.514,0,0,0,0,1,0,0,1,0,0,0,0,1,0,0,0
0,0,0,0,0,100,0,0,0,0,0,0,0,0,0,0,89.258,10.742,0,0,0,0,0,0,0,0,0,100,0,0,0,0,0,0,0,0,0,1,0,0,1,0,0,0,0,1,0,0,0
0,0,0,0,0,100,0,0,0,0,0,0,0,0,0,0,100,0,0,0,0,0,0,0,0,0,0,100,0,0,0,0,0,0,0,0,0,1,0,0,1,0,0,0,0,1,0,0,0
16.474,0,0,16.474,0,67.051,0,0,0,0,0,16.474,12.763,16.474,0,14.38,25.527,14.38,0,0,0,0,16.474,0,0,0,14.38,29.238,27.144,0,12.763,0,0,0,0,0,0,1,0,0,1,0,0,0,0,1,0,0,0
50,0,0,50,0,0,0,0,0,0,0,50,0,50,0,0,0,0,0,0,0,0,50,0,0,0,0,50,0,0,0,0,0,0,0,0,0,1,0,0,1,0,0,0,0,1,0,0,0
0,0,0,9.4108,0,64.151,26.438,0,0,0,0,0,26.438,9.4108,0,9.4108,54.74,0,0,0,0,0,9.4108,26.438,0,0,9.4108,18.857,9.4459,0,26.438,0,0,0,0,0,0,1,0,0,1,0,0,0,0,1,0,0,0
88.526,0,0,3.8247,0,7.6495,0,0,0,0,0,88.526,0,3.8247,0,3.8247,3.8247,0,0,0,0,0,92.351,0,0,0,3.8247,3.8247,0,0,0,0,0,0,0,0,0,1,0,0,1,0,0,0,0,1,0,0,0
0,0,0,0,0,60.866,39.134,0,0,0,0,0,20.289,0,0,0,79.711,0,0,0,0,0,0,39.134,0,0,0,20.289,20.289,0,20.289,0,0,0,0,0,0,1,0,0,1,0,0,0,0,1,0,0,0
0,0,0,0,0,50,50,0,0,0,0,0,50,0,0,0,50,0,0,0,0,0,0,50,0,0,0,0,0,0,50,0,0,0,0,0,0,1,0,0,1,0,0,0,0,1,0,0,0
0,0,0,0,0,100,0,0,0,0,0,0,0,0,0,0,100,0,0,0,0,0,0,0,0,0,0,100,0,0,0,0,0,0,0,0,0,1,0,0,1,0,0,0,0,1,0,0,0
0,0,0,0,0,100,0,0,0,0,0,0,0,0,0,0,100,0,0,0,0,0,0,0,0,0,0,100,0,0,0,0,0,0,0,0,0,1,0,0,1,0,0,0,0,1,0,0,0
0,0,0,0,0,100,0,0,0,0,0,0,0,0,0,0,100,0,0,0,0,0,0,0,0,0,0,100,0,0,0,0,0,0,0,0,0,1,0,0,1,0,0,0,0,1,0,0,0
0,0,0,0,0,100,0,0,0,0,0,0,0,0,0,0,100,0,0,0,0,0,0,0,0,0,0,100,0,0,0,0,0,0,0,0,0,1,0,0,1,0,0,0,0,1,0,0,0
0,0,0,0,0,100,0,0,0,0,0,0,0,0,0,0,100,0,0,0,0,0,0,0,0,0,0,100,0,0,0,0,0,0,0,0,0,1,0,0,1,0,0,0,0,1,0,0,0
0,0,0,0,0,100,0,0,0,0,0,0,0,0,0,0,100,0,0,0,0,0,0,0,0,0,0,100,0,0,0,0,0,0,0,0,0,1,0,0,1,0,0,0,0,1,0,0,0
0,0,0,0,0,100,0,0,0,0,0,0,0,0,0,0,100,0,0,0,0,0,0,0,0,0,0,100,0,0,0,0,0,0,0,0,0,1,0,0,1,0,0,0,0,1,0,0,0
0,0,0,0,0,100,0,0,0,0,0,0,0,0,0,0,100,0,0,0,0,0,0,0,0,0,0,100,0,0,0,0,0,0,0,0,0,1,0,0,1,0,0,0,0,1,0,0,0
0,0,0,0,0,86.584,0,13.416,0,0,0,0,0,0,0,0,86.584,0,0,0,13.416,0,0,0,0,13.416,0,86.584,0,0,0,0,0,0,0,0,0,1,0,0,1,0,0,0,0,1,0,0,0
0,0,4.1823,4.1823,3.0342,76.259,0,7.2166,2.0912,3.0342,0,3.0342,0,0,9.3077,3.0342,75.316,0,2.0912,2.0912,5.1254,0,2.0912,2.0912,8.1597,2.0912,0,73.225,3.0342,0,7.2166,2.0912,0,0,0,0,0,1,0,0,1,0,0,0,0,1,0,0,0
0,0,0,0,0,93.976,0,6.0244,0,0,0,0,0,0,0,0,93.976,0,0,0,6.0244,0,0,0,0,6.0244,0,93.976,0,0,0,0,0,0,0,0,0,1,0,0,1,0,0,0,0,1,0,0,0
0,0,0,0,0,93.26,0,6.74,0,0,0,0,0,0,0,0,93.26,0,0,0,6.74,0,0,0,0,6.74,0,93.26,0,0,0,0,0,0,0,0,0,1,0,0,1,0,0,0,0,1,0,0,0
0,0,0,0,11.888,88.112,0,0,0,0,0,0,11.888,0,0,0,88.112,0,0,0,0,0,0,0,0,0,0,88.112,0,0,0,0,11.888,0,0,0,0,1,0,0,1,0,0,0,0,1,0,0,0
0,0,0,0,6.9752,93.025,0,0,0,0,0,0,6.9752,0,0,0,93.025,0,0,0,0,0,0,0,0,0,0,93.025,0,0,0,0,6.9752,0,0,0,0,1,0,0,1,0,0,0,0,1,0,0,0
0,0,0,6.8698,2.4145,71.773,18.942,0,0,0,0,6.8698,11.699,0,0,2.4145,74.188,0,0,2.4145,0,2.4145,6.8698,0,2.4145,0,4.829,71.773,0,0,2.4145,9.2843,2.4145,0,0,0,0,1,0,0,1,0,0,0,0,1,0,0,0
0,0,0,0,0,80.999,9.5395,4.7309,0,0,4.7309,4.7309,0,4.7309,0,0,80.999,0,0,0,0,9.5395,0,4.7309,0,4.7309,0,71.459,9.5395,0,9.5395,0,0,0,0,0,0,1,0,0,1,0,0,0,0,1,0,0,0
0,0,3.0912,10.662,0,45.2,0,10.662,27.293,0,3.0912,3.0912,0,10.662,0,7.3575,58.953,13.753,0,0,0,6.1824,0,10.662,6.1824,3.0912,0,45.2,0,0,0,34.864,0,0,0,0,0.081633,0.91837,0,0,1,0,0,0,0,1,0,0,0
0,0,0,2.9064,3.2052,66.54,27.348,0,0,0,0,2.9064,9.3169,0,0,3.2052,69.746,0,0,11.621,0,3.2052,2.9064,0,11.621,0,6.4105,58.125,8.4154,0,3.2052,6.1116,3.2052,0,0,0,0,1,0,0,1,0,0,0,0,1,0,0,0
0,0,4.9733,0,0,57.821,16.431,4.807,11.161,0,4.807,20.942,0,9.7803,0,0,57.821,0,0,0,0,11.457,4.9733,9.7803,0,4.807,0,52.552,5.2693,6.1879,10.243,0,6.1879,0,0,0,0,1,0,0,1,0,0,0,0,1,0,0,0
0,0,0,3.3387,11.916,44.307,40.439,0,0,0,0,3.3387,17.831,0,0,9.2535,50.222,0,0,11.154,0,8.202,3.3387,0,11.154,0,18.507,33.442,7.5262,0,8.202,5.9148,11.916,0,0,0,0,1,0,0,1,0,0,0,0,1,0,0,0
0,0,0,4.6612,7.8722,37.552,49.915,0,0,0,0,4.6612,20.406,0,0,7.8722,45.424,0,0,7.8722,0,13.764,4.6612,0,7.8722,0,15.744,31.66,5.8921,0,13.764,12.533,7.8722,0,0,0,0.020408,0.97959,0,0,1,0,0,0,0,1,0,0,0
0,5.946,16.985,2.2518,0,44.179,7.5261,0,23.112,0,0,17.166,0,6.4122,6.4122,0,34.539,5.946,5.946,4.1604,10.45,8.9686,16.519,10.916,5.946,0,10.106,18.02,10.106,8.9686,16.396,0,3.0226,0,0,0,0,1,0,0,1,0,0,0,0,1,0,0,0
0,0,12.392,0,0,70.659,0,0,13.559,0,3.3897,3.3897,0,0,0,3.3897,52.558,24.881,0,0,0,15.782,0,0,15.782,15.878,0,58.171,0,0,0,10.169,0,0,0.1087,0,0.086957,0.80435,0,0,1,0,0,0,0,1,0,0,0
0,0,0,0,0,93.975,0,0,6.0254,0,0,0,0,0,0,0,74.647,19.328,0,0,0,6.0254,0,0,6.0254,19.328,0,74.647,0,0,0,0,0,0,0.044118,0.029412,0.088235,0.83824,0,0,1,0,0,0,0,1,0,0,0
0,4.9014,3.6099,0,0,45.688,21.517,0,24.283,0,0,22.992,0,3.6099,0,5.9691,29.916,10.871,16.84,0,4.9014,4.9014,14.48,3.6099,16.84,0,10.871,25.015,4.9014,4.9014,13.413,0,5.9691,0,0,0,0.012821,0.98718,0,0,1,0,0,0,0,1,0,0,0
0,0,0,0,0,74.58,8.4734,8.4734,8.4734,0,0,0,0,0,0,8.4734,74.58,0,0,8.4734,0,8.4734,0,16.947,0,0,8.4734,66.107,0,8.4734,0,0,0,0,0,0,0.13043,0.86957,0,0,1,0,0,0,0,1,0,0,1
0,0,0,8.6051,0,85.862,0,0,5.5326,0,0,0,14.138,0,0,0,85.862,0,0,0,0,0,14.138,0,0,0,0,85.862,0,0,0,0,0,0,0,0,0,1,0,0,1,0,0,0,0,1,0,0,0
0,0,0,0,0,75.939,0,0,24.061,0,0,0,12.03,0,0,12.03,75.939,0,0,0,0,0,12.03,0,0,0,0,63.909,12.03,0,0,12.03,0,0,0,0.012821,0,0.98718,0,0,1,0,0,0,0,1,0,0,0
0,0,0,0,0,82.651,0,0,17.349,0,0,0,0,0,0,0,82.651,0,0,0,0,17.349,0,17.349,0,0,0,82.651,0,0,0,0,0,0,0,0,0,1,0,0,1,0,0,0,0,1,0,0,0
7.2605,7.0804,0,0,0,80.857,0,0,4.802,0,0,0,7.1021,2.4802,0,2.3001,83.337,0,0,2.3001,2.4802,0,4.802,2.4802,4.6002,7.2605,0,80.857,0,0,0,0,0,0,0,0,0,1,0,0,1,0,0,0,0,1,0,0,0
0,2.0669,28.922,2.3151,0,34.536,20.884,0,11.276,0,0,17.619,0,13.851,7.8122,1.732,31.29,3.4942,9.0552,5.497,6.6972,2.9518,21.385,22.31,5.2261,0,10.753,16.524,5.497,4.7139,8.9069,0,4.6837,0,0,0,0.18919,0.81081,0,0,1,0,0,0,0,1,0,0,1
3.0708,2.3786,3.7715,0,0,31.9,16.056,12.305,24.377,6.1416,0,9.6938,0,1.8857,3.0708,9.2338,25.257,7.3351,9.2208,12.305,5.4493,16.549,5.4493,25.31,4.2643,0,18.455,9.8733,2.3786,24.576,4.7571,0,4.9367,0,0,0,0.31667,0.68333,0,0,1,0,0,0,0,1,0,0,1
0,3.8579,15.038,7.5188,0,30.162,15.038,0,19.093,9.2938,0,15.235,0,7.5188,16.813,0,20.671,3.8579,13.152,0,18.896,3.8579,11.377,22.556,3.8579,0,3.8579,18.588,3.8579,13.152,22.754,0,0,0,0,0,0,1,0,0,1,0,0,0,0,1,0,0,1
13.832,33.416,0,0,0,40.208,5.5047,0,0,7.0395,0,5.5047,13.832,20.872,7.0395,7.0395,27.664,0,5.5047,0,12.544,0,26.376,5.5047,7.0395,13.832,0,26.376,0,20.872,0,0,0,0,0,0,0,1,0,0,1,0,0,0,0,1,0,0,0
6.2909,12.582,0,0,0,81.127,0,0,0,0,0,0,6.2909,0,0,6.2909,81.127,0,0,6.2909,0,0,0,0,12.582,6.2909,0,81.127,0,0,0,0,0,0,0,0,0.047619,0.95238,0,0,1,0,0,0,0,1,0,0,0
17.377,30.781,0,0,0,51.841,0,0,0,0,0,0,6.9355,4.358,6.2763,6.9355,54.463,5.1989,0,8.0129,7.8203,0,0,9.5569,19.488,19.114,0,51.841,0,0,0,0,0,0,0,0,0,1,0,0,1,0,0,0,0,1,0,0,0
5.3242,44.676,0,0,0,41.446,0,0,0,8.5538,0,0,5.3242,13.878,19.676,8.5538,32.892,0,0,0,19.676,0,13.878,0,30.798,5.3242,0,25,0,25,0,0,0,0,0,0,0.85185,0.14815,0,0,1,0,0,0,0,1,0,0,0
29.275,33.333,0,0,0,37.392,0,0,0,0,0,0,23.453,0,13.573,9.8804,37.392,5.8218,0,4.0586,5.8218,0,0,5.8218,27.512,29.275,0,37.392,0,0,0,0,0,0,0,0,0.84,0.16,0,0,1,0,0,0,0,1,0,0,0
0,19.689,0,0,0,74.203,0,0,6.1088,0,0,0,6.1088,0,0,0,84.047,0,0,9.8443,0,0,6.1088,0,9.8443,9.8443,0,74.203,0,0,0,0,0,0,0,0,0,1,0,0,1,0,0,0,0,1,0,0,0
23.274,24.094,0,0,0,49.378,0,0,3.2538,0,0,3.2538,2.2254,11.123,3.2538,7.4918,53.009,0,5.2664,10.746,3.6313,0,0,5.8567,16.012,25.5,0,49.378,0,3.2538,0,0,0,0,0,0,0.015625,0.98438,0,0,1,0,0,0,0,1,0,0,0
16.586,23.473,0,20.183,3.2177,26.887,6.4355,0,3.2177,0,0,3.2177,3.2177,26.648,10.091,3.2474,17.021,0,3.2474,16.782,16.527,0,10.091,3.2177,23.247,20.03,13.309,13.577,0,6.4355,0,10.091,0,0,0,0,0,1,0,0,1,0,0,0,0,1,0,0,0
8.6724,8.6724,0,23.112,4.3504,39.875,12.134,0,3.1832,0,0,3.1832,6.0176,21.346,8.6724,0,24.018,10.368,0,14.789,11.606,0,11.606,6.1165,14.69,8.6724,5.4892,28.369,6.0176,7.5336,0,11.507,0,0,0,0,0.67742,0.32258,0,0,1,0,0,0,0,1,0,0,0
5.1879,5.1879,0,10.376,6.9804,51.327,13.961,0,6.9804,0,0,6.9804,6.9804,17.356,5.1879,0,39.159,0,0,5.1879,19.149,0,5.1879,6.9804,12.168,5.1879,12.168,39.159,0,13.961,0,5.1879,0,0,0,0,0.33333,0.66667,0,0,1,0,0,0,0,1,0,0,0
17.883,39.165,0,0,0,42.952,0,0,0,0,0,0,11.22,8.9945,0,13.47,45.692,2.1626,2.2503,14.048,2.1626,0,0,8.9068,20.774,27.368,0,42.952,0,0,0,0,0,0,0,0,0,1,0,0,1,0,0,0,0,1,0,0,0
0,0,0,0,0,100,0,0,0,0,0,0,0,0,0,0,100,0,0,0,0,0,0,0,0,0,0,100,0,0,0,0,0,0,0,0,0.30769,0.69231,0,0,1,0,0,0,0,1,0,0,0
0,0,0,14.379,0,71.242,14.379,0,0,0,0,0,0,0,0,0,71.242,0,0,14.379,14.379,0,14.379,14.379,0,0,0,71.242,0,0,0,0,0,0,0,0,0.25,0.75,0,0,1,0,0,0,0,1,0,0,0
0,0,0,0,0,100,0,0,0,0,0,0,0,0,0,0,100,0,0,0,0,0,0,0,0,0,0,100,0,0,0,0,0,0,0,0,0.26667,0.73333,0,0,1,0,0,0,0,1,0,0,0
3.5943,35.783,0,0,0,38.162,0,0,0,22.46,0,0,3.5943,14.181,27.969,17.775,12.107,0,8.2799,0,16.094,0,14.181,0,21.602,3.5943,0,36.248,0,24.374,0,0,0,0,0,0,0.11765,0.88235,0,0,1,0,0,0,0,1,0,0,0
0,0,0,0,0,100,0,0,0,0,0,0,0,0,0,0,100,0,0,0,0,0,0,0,0,0,0,100,0,0,0,0,0,0,0,0,0.15789,0.84211,0,0,1,0,0,0,0,1,0,0,0
0,0,0,0,0,0,0,0,0,0,0,0,0,0,0,0,0,0,0,0,0,0,0,0,0,0,0,0,0,0,0,0,0,0,0,0,0,1,0,0,1,0,0,0,0,1,0,0,1
0,9.1683,15.271,9.6023,13.492,6.7101,2.4582,23.544,19.755,0,0,16.038,6.7101,7.4621,20.404,14.534,2.6752,6.7101,2.6752,2.6752,6.9271,13.189,5.1334,13.709,19.755,9.3853,4.9164,0,12.076,14.244,13.854,6.9271,0,0,0,0,0,1,0,0,1,0,0,0,0,1,0,0,1
0,0,0,2.3052,5.6749,46.425,45.595,0,0,0,0,2.3052,13.655,0,0,35.506,37.184,0,0,5.6749,0,5.6749,2.3052,0,5.6749,0,29.491,43.199,0,0,5.6749,7.9801,5.6749,0,0,0,0.52632,0.47368,0,0,1,0,0,0,0,1,0,0,0
0,0,6.5757,17.851,0,14.906,0,4.9685,44.154,0,11.544,11.544,0,4.9685,0,6.5757,57.184,6.5757,0,0,0,13.151,0,4.9685,13.151,11.544,0,14.906,0,0,0,55.43,0,0,0,0.013514,0.2973,0.68919,0,0,1,0,0,0,0,1,0,0,1
0,0,0,14.172,3.3248,51.707,30.796,0,0,0,0,14.172,6.6496,0,0,17.497,55.031,0,0,3.3248,0,3.3248,14.172,0,3.3248,0,42.781,29.747,0,0,3.3248,3.3248,3.3248,0,0,0,0.86792,0.13208,0,0,1,0,0,0,0,1,0,0,0
0,0,0,5.2774,0,76.038,18.685,0,0,0,0,5.2774,0,0,0,32.092,62.63,0,0,0,0,0,5.2774,0,0,0,23.962,70.76,0,0,0,0,0,0,0,0,0.94643,0.053571,0,0,1,0,0,0,0,1,0,0,0
0,0,0,0,0,100,0,0,0,0,0,0,0,0,0,0,100,0,0,0,0,0,0,0,0,0,33.333,66.667,0,0,0,0,0,0,0,0,1,0,0,0,1,0,0,0,0,1,0,0,0
0,0,0,11.285,1.684,62.622,24.41,0,0,0,0,11.285,6.4066,0,0,14.655,58.575,0,0,7.0646,0,2.0139,11.285,0,7.0646,0,17.171,46.981,9.0786,0,2.0139,4.7226,1.684,0,0,0,0.04,0.96,0,0,1,0,0,0,0,1,0,0,0
0,3.4746,24.536,6.2591,0,31.11,16.045,0,16.861,1.7138,0,15.278,0,11.5,7.9728,0,23.643,8.5379,15.315,1.7138,12.565,3.4746,9.9114,29.081,8.5379,1.7138,13.601,3.7829,3.4746,10.252,19.645,0,0,0,0,0.076923,0.84615,0.076923,0,0,1,0,0,0,0,1,0,0,1
0,0,7.5355,18.262,0,0,0,18.262,48.404,0,7.5355,7.5355,0,18.262,0,7.5355,25.798,25.798,0,0,0,15.071,0,18.262,15.071,7.5355,0,0,0,0,0,59.131,0,0,0,0,0.034483,0.96552,0,0,1,0,0,0,0,1,0,0,1
0,1.7446,36.718,6.4631,0,28.273,10.395,1.6753,10.589,4.1427,0,7.1692,0,10.251,18.536,3.0348,25.744,3.1041,8.6062,13.749,6.3854,3.4199,21.286,26.528,4.4636,4.1427,12.71,0,9.6753,7.5626,12.273,0,1.3595,0,0,0.025641,0.46154,0.51282,0,0,1,0,0,0,0,1,0,0,1
8.4259,0,3.5403,0,0,18.385,22.872,8.4259,21.5,16.852,0,7.0338,0,1.7702,8.4259,7.0338,9.5807,17.23,26.034,8.4259,8.4259,6.0403,15.46,18.007,15.838,0,19,6.0403,0,18.622,0,0,7.0338,0,0,0,0.20312,0.79688,0,0,1,0,0,0,0,1,0,0,0
0,0,18.242,8.5853,0,47.999,0,0,25.173,0,0,0,21.172,0,0,12.587,47.999,0,0,0,18.242,0,21.172,0,0,0,0,35.413,12.587,0,18.242,12.587,0,0.30435,0.043478,0.043478,0.47826,0.13043,0,0,1,0,0,0,0,1,0,0,0
0,0,9.6207,9.6207,0,62.974,0,0,17.784,0,0,0,17.696,0,0,9.6207,63.062,0,0,0,9.6207,0,17.696,0,0,0,0,53.353,9.6207,0,9.6207,9.709,0,0.86957,0.014493,0.10145,0.014493,0,0,0,1,0,0,0,0,1,0,0,0
10.266,0,5.3213,2.6606,15.626,19.897,17.037,9.2953,11.876,8.0209,0,2.5805,0,0,10.682,11.876,27.582,2.5805,18.088,11.956,5.3603,9.2953,2.5805,23.912,5.1611,8.0209,22.142,0,0,17.316,18.287,0,2.5805,0,0,0,0.10891,0.89109,0,0,1,0,0,0,0,1,0,0,0
0,6.3476,33.313,2.7075,0,38.357,7.9968,0,8.5707,2.7075,0,11.906,0,11.162,12.611,0,27.347,4.6619,13.746,9.9031,6.3476,2.3167,22.36,22.953,4.6619,2.7075,14.203,7.2722,9.5123,7.3694,8.9615,0,0,0,0,0,0.4375,0.5625,0,0,1,0,0,0,0,1,0,0,1
3.0666,0,29.149,3.599,3.8823,27.792,12.764,3.0666,6.6656,10.015,0,3.599,0,12.771,14.154,0,25.826,8.6323,14.198,6.673,14.147,0,13.878,28.601,5.5657,3.8823,17.804,0,3.6064,15.581,11.08,0,0,0,0,0,0.11667,0.88333,0,0,1,0,0,0,0,1,0,0,1
38.094,0,4.8724,2.4362,34.217,2.4362,0,3.8768,3.8768,10.19,0,0,0,0,8.7492,0,36.654,3.8768,40.53,6.313,3.8768,0,3.8768,8.7492,0,2.4362,38.094,0,0,10.19,36.654,0,0,0,0,0,0.47059,0.52941,0,0,1,0,0,0,0,1,0,0,1
5.312,0,0,0,24.48,24.48,0,5.312,5.312,35.104,0,0,0,0,29.792,0,24.48,5.312,5.312,5.312,29.792,0,5.312,5.312,0,24.48,5.312,0,0,35.104,24.48,0,0,0,0,0,0.47222,0.52778,0,0,1,0,0,0,0,1,0,0,1
14.661,48.879,0,0,0,36.46,0,0,0,0,0,0,10.432,10.272,10.765,7.4335,38.574,5.2087,0,15.2,2.1143,0,0,10.272,35.659,17.609,0,36.46,0,0,0,0,0,0,0,0,0.73333,0.26667,0,0,1,0,0,0,0,1,0,0,0
6.5245,45.918,0,0,0,47.558,0,0,0,0,0,0,3.2623,0,19.697,3.2623,47.558,3.2623,0,19.697,3.2623,0,0,3.2623,42.655,6.5245,0,47.558,0,0,0,0,0,0,0,0,0.03125,0.96875,0,0,1,0,0,0,0,1,0,0,0
0,43.206,0,0,0,56.794,0,0,0,0,0,0,21.603,0,0,0,56.794,0,0,0,0,21.603,0,0,21.603,21.603,0,56.794,0,0,0,0,0,0,0,0,0.75385,0.24615,0,0,1,0,0,0,0,1,0,0,0
0,5.8329,28.473,0,0,65.695,0,0,0,0,0,0,2.9164,0,0,0,65.695,28.473,0,0,0,2.9164,0,28.473,2.9164,2.9164,0,65.695,0,0,0,0,0,0,0,0,0.80645,0.19355,0,0,1,0,0,0,0,1,0,0,0
0,42.402,11.883,0,0,45.715,0,0,0,0,0,0,18.111,0,0,0,45.715,11.883,0,0,0,24.291,0,11.883,18.111,24.291,0,45.715,0,0,0,0,0,0,0,0,0,1,0,0,1,0,0,0,0,1,0,0,0
0,0,0,0,0,100,0,0,0,0,0,0,0,0,0,0,100,0,0,0,0,0,0,0,0,0,0,100,0,0,0,0,0,0,0,0,0.91667,0.083333,0,0,1,0,0,0,0,1,0,0,0
0,0,0,0,0,93.378,0,0,6.6217,0,0,0,6.6217,0,0,0,93.378,0,0,0,0,0,0,0,0,0,0,93.378,0,0,0,0,6.6217,0,0,0,0.95161,0.048387,0,0,1,0,0,0,0,1,0,0,0
18.648,35.425,0,0,0,37.955,0,0,7.9722,0,0,3.2073,4.4427,12.324,3.2073,4.4427,46.576,0,9.5298,13.154,3.1165,0,0,7.5591,17.919,28.595,0,37.955,0,3.2073,0,0,4.7649,0,0,0,0.66667,0.33333,0,0,1,0,0,0,0,1,0,0,0
13.019,13.019,0,8.0332,4.8094,25.64,17.652,0,17.828,0,0,13.556,8.8597,13.132,8.7467,0,16.78,4.0504,8.5442,12.73,13.602,0,3.9828,8.7922,21.879,13.019,4.8094,16.78,4.0504,18.365,0,4.0504,4.2721,0,0,0,0.5,0.5,0,0,1,0,0,0,0,1,0,0,0
0,0,0,6.8223,5.6476,58.536,18.118,0,10.876,0,0,5.6476,17.699,12.47,0,0,46.066,6.8223,0,0,11.295,0,0,5.6476,12.47,0,5.6476,46.066,6.8223,11.295,0,6.8223,5.2289,0,0,0,0,1,0,0,1,0,0,0,0,1,0,0,0
0,0,0,0,6.0785,88.443,0,0,5.4783,0,0,0,5.4783,6.0785,0,0,82.365,6.0785,0,0,0,0,0,0,0,0,0,75.673,12.771,6.0785,0,0,5.4783,0,0,0,0,1,0,0,1,0,0,0,0,1,0,0,0
5.1206,5.1206,0,10.241,12.487,47.034,13.331,0,6.6655,0,0,6.6655,6.6655,22.728,5.1206,0,29.427,5.8212,0,5.1206,18.452,0,5.1206,6.6655,11.786,5.1206,11.786,26.356,8.8924,19.152,0,5.1206,0,0,0,0,0.31579,0.68421,0,0,1,0,0,0,0,1,0,0,0
0,0,0,11.43,0,77.14,11.43,0,0,0,0,0,11.43,11.43,0,0,65.711,11.43,0,0,0,0,0,0,11.43,0,0,65.711,11.43,0,0,11.43,0,0,0,0,0.35455,0.64545,0,0,1,0,0,0,0,1,0,0,0
0,43.918,0,0,0,56.082,0,0,0,0,0,12.164,15.877,0,0,0,43.918,0,0,0,12.164,15.877,0,12.164,15.877,28.041,0,43.918,0,0,0,0,0,0,0,0,0.71698,0.28302,0,0,1,0,0,0,0,1,0,0,0
0,14.739,0,0,0,85.261,0,0,0,0,0,33.333,0,0,0,18.594,14.739,18.594,0,0,14.739,0,0,14.739,0,14.739,0,51.928,0,0,0,18.594,0,0,0,0,0.44697,0.55303,0,0,1,0,0,0,0,1,0,0,0
0,0,0,0,0,100,0,0,0,0,0,11.407,0,0,0,11.407,65.778,11.407,0,0,0,0,0,0,0,0,0,88.593,0,0,0,11.407,0,0,0,0,0,1,0,0,1,0,0,0,0,1,0,0,0
0,0,0,0,0,100,0,0,0,0,0,0,0,0,0,7.4476,83.61,8.9424,0,0,0,0,0,0,0,0,0,100,0,0,0,0,0,0,0,0,0,1,0,0,1,0,0,0,0,1,0,0,0
0,0,0,0,0,100,0,0,0,0,0,46.415,0,0,0,8.3767,35.723,9.485,0,0,0,0,0,0,0,23.207,0,53.585,0,0,0,23.207,0,0,0,0,0.028986,0.97101,0,0,1,0,0,0,0,1,0,0,0
0,0,0,0,0,100,0,0,0,0,0,11.745,0,0,0,11.745,64.766,11.745,0,0,0,0,0,0,0,0,0,88.255,0,0,0,11.745,0,0,0,0,0,1,0,0,1,0,0,0,0,1,0,0,0
27.136,34.229,0,0,0,38.635,0,0,0,0,0,0,4.4931,14.294,0,7.6622,46.956,7.4414,3.1691,6.342,9.6421,0,0,14.104,18.466,28.795,0,38.635,0,0,0,0,0,0,0,0,0.625,0.375,0,0,1,0,0,0,0,1,0,0,0
18.871,18.871,0,12.761,0,40.279,0,0,9.2178,0,0,0,0,19.006,6.3804,15.463,24.681,0,15.463,12.626,6.3804,0,6.3804,0,18.871,18.871,6.3804,15.463,18.436,0,0,6.3804,9.2178,0,0,0,0,1,0,0,1,0,0,0,0,1,0,0,0
25.686,40.98,0,0,0,33.333,0,0,0,0,0,0,16.667,7.6469,0,16.667,33.333,9.0198,0,7.6469,9.0198,0,0,16.667,16.667,33.333,0,33.333,0,0,0,0,0,0,0,0,0,1,0,0,1,0,0,0,0,1,0,0,0
0,0,0,0,0,71.697,0,0,28.303,0,0,0,0,0,0,15.09,56.607,15.09,13.213,0,0,0,0,0,0,0,0,41.517,30.18,0,0,0,28.303,0,0,0,0,1,0,0,1,0,0,0,0,1,0,0,0
9.0287,9.0287,0,0,0,67.995,0,0,13.947,0,0,0,0,9.0287,0,10.814,51.285,10.814,18.057,0,0,0,0,0,9.0287,9.0287,0,31.538,36.457,0,0,0,13.947,0,0,0,0.25758,0.74242,0,0,1,0,0,0,0,1,0,0,0
0,0,0,0,0,86.519,0,0,13.481,0,0,0,0,0,0,25,50,11.519,13.481,0,0,0,0,0,0,0,0,36.519,50,0,0,0,13.481,0,0,0,0.33333,0.66667,0,0,1,0,0,0,0,1,0,0,0
0,0,0,0,0,83.951,0,0,16.049,0,0,0,0,0,0,21.157,57.686,17.144,4.0128,0,0,0,0,0,0,0,0,41.637,42.314,0,0,0,16.049,0,0,0,0.19298,0.80702,0,0,1,0,0,0,0,1,0,0,0
0,0,0,0,0,85.463,0,0,14.537,0,0,0,0,0,0,20.929,58.142,15.653,5.2759,0,0,0,0,0,0,0,0,32.267,53.196,0,0,0,14.537,0,0,0,0.22388,0.77612,0,0,1,0,0,0,0,1,0,0,0
0,66.645,0,0,0,33.355,0,0,0,0,0,5.1936,30.726,0,0,0,28.161,0,0,0,25.546,10.373,0,25.546,30.726,15.567,0,28.161,0,0,0,0,0,0,0,0,0,1,0,0,1,0,0,0,0,1,0,0,0
0,48.806,0,0,0,51.194,0,0,0,0,0,39,24.403,0,0,0,12.194,0,0,0,18.306,6.0972,0,18.306,24.403,25.597,0,12.194,0,0,0,19.5,0,0,0,0,0,1,0,0,1,0,0,0,0,1,0,0,0
0,23.557,0,0,0,76.443,0,0,0,0,0,0,11.779,0,0,0,76.443,0,0,0,0,11.779,0,0,11.779,11.779,0,76.443,0,0,0,0,0,0,0,0,0,1,0,0,1,0,0,0,0,1,0,0,0
0,0,0,0,0,100,0,0,0,0,0,0,0,0,0,0,100,0,0,0,0,0,0,0,0,0,0,100,0,0,0,0,0,0,0,0,0,1,0,0,1,0,0,0,0,1,0,0,0
0,0,0,0,0,100,0,0,0,0,0,0,0,0,0,0,100,0,0,0,0,0,0,0,0,0,0,100,0,0,0,0,0,0,0,0,0,1,0,0,1,0,0,0,0,1,0,0,0
0,0,0,0,0,100,0,0,0,0,0,0,0,0,0,7.4886,92.511,0,0,0,0,0,0,0,0,0,0,100,0,0,0,0,0,0,0,0,0,1,0,0,1,0,0,0,0,1,0,0,0
0,0,0,0,0,100,0,0,0,0,0,0,0,0,0,0,100,0,0,0,0,0,0,0,0,0,0,100,0,0,0,0,0,0,0,0,0,1,0,0,1,0,0,0,0,1,0,0,0
0,0,0,0,0,100,0,0,0,0,0,0,0,0,0,0,100,0,0,0,0,0,0,0,0,0,0,100,0,0,0,0,0,0,0,0,0,1,0,0,1,0,0,0,0,1,0,0,0
0,0,0,0,0,100,0,0,0,0,0,0,0,0,0,0,100,0,0,0,0,0,0,0,0,0,0,100,0,0,0,0,0,0,0,0,0,1,0,0,1,0,0,0,0,1,0,0,0
0,0,0,0,0,100,0,0,0,0,0,0,0,0,0,0,100,0,0,0,0,0,0,0,0,0,0,100,0,0,0,0,0,0,0,0,0,1,0,0,1,0,0,0,0,1,0,0,0
0,0,0,0,0,100,0,0,0,0,0,0,0,0,0,0,100,0,0,0,0,0,0,0,0,0,0,100,0,0,0,0,0,0,0,0,0,1,0,0,1,0,0,0,0,1,0,0,0
0,0,0,0,0,100,0,0,0,0,0,0,0,0,0,0,100,0,0,0,0,0,0,0,0,0,0,100,0,0,0,0,0,0,0,0,0,1,0,0,1,0,0,0,0,1,0,0,0
0,0,0,0,0,100,0,0,0,0,0,0,0,0,0,0,100,0,0,0,0,0,0,0,0,0,0,100,0,0,0,0,0,0,0,0,0,1,0,0,1,0,0,0,0,1,0,0,0
0,0,0,0,0,100,0,0,0,0,0,0,0,0,0,0,100,0,0,0,0,0,0,0,0,0,0,100,0,0,0,0,0,0,0,0,0,1,0,0,1,0,0,0,0,1,0,0,0
0,0,0,0,0,100,0,0,0,0,0,0,0,0,0,0,100,0,0,0,0,0,0,0,0,0,0,100,0,0,0,0,0,0,0,0,0,1,0,0,1,0,0,0,0,1,0,0,0
0,0,0,0,0,100,0,0,0,0,0,0,0,0,0,0,100,0,0,0,0,0,0,0,0,0,0,100,0,0,0,0,0,0,0,0,0,1,0,0,1,0,0,0,0,1,0,0,0
19.954,26.612,0,0,0,49.22,0,0,0,4.2137,0,0,19.954,14.18,13.317,5.7745,39.231,0,4.2137,0,3.3289,0,14.18,0,12.432,19.954,0,31.711,0,21.723,0,0,0,0,0,0,0.7037,0.2963,0,0,1,0,0,0,0,1,0,0,0
17.394,29.686,0,0,0,46.774,0,0,0,6.1457,0,0,17.394,9.6787,20.007,20.007,26.767,0,0,0,6.1457,0,9.6787,0,20.007,17.394,0,43.241,0,9.6787,0,0,0,0,0,0,0,1,0,0,1,0,0,0,0,1,0,0,0
8.0633,8.0633,0,0,0,83.873,0,0,0,0,0,0,8.0633,0,8.0633,0,83.873,0,0,0,0,0,0,0,8.0633,8.0633,0,83.873,0,0,0,0,0,0,0,0,0,1,0,0,1,0,0,0,0,1,0,0,0
0,15.899,0,0,0,84.101,0,0,0,0,0,0,0,0,7.9493,0,84.101,0,0,0,7.9493,0,0,0,15.899,0,0,76.152,0,7.9493,0,0,0,0,0,0,0,1,0,0,1,0,0,0,0,1,0,0,0
0,0,0,0,0,100,0,0,0,0,0,0,0,0,0,0,100,0,0,0,0,0,0,0,0,0,0,100,0,0,0,0,0,0,0,0,0,1,0,0,1,0,0,0,0,1,0,0,0
0,40.091,33.719,0,0,26.19,0,0,0,0,0,0,3.1861,0,0,0,26.19,33.719,0,0,0,36.905,0,33.719,3.1861,36.905,0,26.19,0,0,0,0,0,0,0,0,0,1,0,0,1,0,0,0,0,1,0,0,0
0,13.281,10.495,0,0,76.224,0,0,0,0,0,0,6.6406,0,0,0,76.224,10.495,0,0,0,6.6406,0,10.495,6.6406,6.6406,0,76.224,0,0,0,0,0,0,0,0,0,1,0,0,1,0,0,0,0,1,0,0,0
0,0,0,0,0,100,0,0,0,0,0,0,0,0,0,0,100,0,0,0,0,0,0,0,0,0,0,100,0,0,0,0,0,0,0,0,0,1,0,0,1,0,0,0,0,1,0,0,0
0,0,0,0,0,62.043,0,0,37.957,0,0,0,0,0,0,0,63.394,12.519,24.087,0,0,0,0,0,0,0,0,49.525,12.519,0,0,0,37.957,0,0,0,0,1,0,0,1,0,0,0,0,1,0,0,0
0,0,0,0,0,100,0,0,0,0,0,0,0,0,0,0,100,0,0,0,0,0,0,0,0,0,0,100,0,0,0,0,0,0,0,0,0,1,0,0,1,0,0,0,0,1,0,0,0
0,0,0,0,0,54.505,0,0,21.906,23.588,0,23.588,0,0,0,0,43.078,11.427,21.906,0,0,0,0,0,0,0,0,43.078,11.427,0,23.588,0,21.906,0,0,0,0,1,0,0,1,0,0,0,0,1,0,0,0
0,0,0,0,0,75.718,0,0,16.352,7.9297,0,7.9297,0,0,0,16.981,41.756,16.981,16.352,0,0,0,0,0,0,0,0,41.756,33.962,0,7.9297,0,16.352,0,0,0,0.24561,0.75439,0,0,1,0,0,0,0,1,0,0,0
0,0,0,0,0,75.893,0,0,24.107,0,0,0,0,0,0,12.563,41.708,29.146,16.583,0,0,0,0,0,0,0,0,34.185,41.708,0,0,0,24.107,0,0,0,0.25455,0.74545,0,0,1,0,0,0,0,1,0,0,0
0,0,0,0,0,66.667,0,0,24.644,8.6894,0,8.6894,0,0,0,0,46.901,19.766,24.644,0,0,0,0,0,0,0,0,46.901,19.766,0,8.6894,0,24.644,0,0,0,0.065574,0.93443,0,0,1,0,0,0,0,1,0,0,0
0,0,0,0,0,100,0,0,0,0,0,0,0,0,0,0,100,0,0,0,0,0,0,0,0,0,0,100,0,0,0,0,0,0,0,0,0,1,0,0,1,0,0,0,0,1,0,0,0
0,0,0,0,0,100,0,0,0,0,0,0,0,0,0,0,100,0,0,0,0,0,0,0,0,0,0,100,0,0,0,0,0,0,0,0,0,1,0,0,1,0,0,0,0,1,0,0,0
0,0,0,0,0,100,0,0,0,0,0,0,0,0,0,0,100,0,0,0,0,0,0,0,0,0,0,100,0,0,0,0,0,0,0,0,0,1,0,0,1,0,0,0,0,1,0,0,0
0,0,0,0,0,100,0,0,0,0,0,0,0,0,0,0,100,0,0,0,0,0,0,0,0,0,0,100,0,0,0,0,0,0,0,0,0,1,0,0,1,0,0,0,0,1,0,0,0
0,0,0,0,0,100,0,0,0,0,0,0,0,0,0,0,100,0,0,0,0,0,0,0,0,0,0,100,0,0,0,0,0,0,0,0,0,1,0,0,1,0,0,0,0,1,0,0,0
0,0,0,0,0,100,0,0,0,0,0,0,0,0,0,0,100,0,0,0,0,0,0,0,0,0,0,100,0,0,0,0,0,0,0,0,0,1,0,0,1,0,0,0,0,1,0,0,0
0,0,0,0,0,100,0,0,0,0,0,0,0,0,0,0,100,0,0,0,0,0,0,0,0,0,0,100,0,0,0,0,0,0,0,0,0,1,0,0,1,0,0,0,0,1,0,0,0
0,0,0,0,0,100,0,0,0,0,0,0,0,0,0,0,100,0,0,0,0,0,0,0,0,0,0,100,0,0,0,0,0,0,0,0,0,1,0,0,1,0,0,0,0,1,0,0,0
0,0,0,0,0,100,0,0,0,0,0,0,0,0,0,0,100,0,0,0,0,0,0,0,0,0,0,100,0,0,0,0,0,0,0,0,0,1,0,0,1,0,0,0,0,1,0,0,0
0,0,0,0,0,76.872,0,0,16.457,6.6706,0,6.6706,0,0,0,0,26.244,50.628,16.457,0,0,0,0,0,0,0,0,26.244,50.628,0,6.6706,0,16.457,0,0,0,0,1,0,0,1,0,0,0,0,1,0,0,0
0,0,0,0,0,66.667,0,0,0,33.333,0,33.333,0,0,0,0,33.333,33.333,0,0,0,0,0,0,0,0,0,33.333,33.333,0,33.333,0,0,0,0,0,0.11905,0.88095,0,0,1,0,0,0,0,1,0,0,0
0,0,0,0,0,100,0,0,0,0,0,0,0,0,0,0,100,0,0,0,0,0,0,0,0,0,0,100,0,0,0,0,0,0,0,0,0,1,0,0,1,0,0,0,0,1,0,0,0
0,0,0,0,0,100,0,0,0,0,0,0,0,0,0,0,100,0,0,0,0,0,0,0,0,0,0,100,0,0,0,0,0,0,0,0,0,1,0,0,1,0,0,0,0,1,0,0,0
0,0,0,0,0,100,0,0,0,0,0,0,0,0,0,0,100,0,0,0,0,0,0,0,0,0,0,100,0,0,0,0,0,0,0,0,0,1,0,0,1,0,0,0,0,1,0,0,0
0,0,0,0,0,100,0,0,0,0,0,0,0,0,0,0,100,0,0,0,0,0,0,0,0,0,0,100,0,0,0,0,0,0,0,0,0,1,0,0,1,0,0,0,0,1,0,0,0
0,0,0,0,0,100,0,0,0,0,0,0,0,0,0,0,100,0,0,0,0,0,0,0,0,0,0,100,0,0,0,0,0,0,0,0,0,1,0,0,1,0,0,0,0,1,0,0,0
