h1,h2,h3,h4,h5,h6,h7,h8,h9,h10,h11,h12,h13,h14,h15,h16,h17,h18,h19,h20,h21,h22,h23,h24,h25,h26,h27,h28,h29,h30,h31,h32,h33,h34,h35,h36,h37,h38,h39,h40,h41,h42,h43,h44,h45,h46,h47,h48,label
0,0,0,0,0,100,0,0,0,0,0,0,0,0,0,0,100,0,0,0,0,0,0,0,0,0,0,100,0,0,0,0,0,0,0,0,0,1,0,0,1,0,0,0,0,1,0,0,0
0,0,0,0,0,100,0,0,0,0,0,0,0,0,0,0,100,0,0,0,0,0,0,0,0,0,0,100,0,0,0,0,0,0,0,0,0,1,0,0,1,0,0,0,0,1,0,0,0
0,0,0,0,0,100,0,0,0,0,0,0,0,0,0,0,100,0,0,0,0,0,0,0,0,0,0,100,0,0,0,0,0,0,0,0,0,1,0,0,1,0,0,0,0,1,0,0,0
0,0,0,0,0,100,0,0,0,0,0,0,0,0,0,0,100,0,0,0,0,0,0,0,0,0,0,100,0,0,0,0,0,0,0,0,0,1,0,0,1,0,0,0,0,1,0,0,0
0,0,0,0,0,66.667,33.333,0,0,0,0,0,0,0,0,37.53,33.333,14.568,14.568,0,0,0,0,0,18.765,14.568,0,66.667,0,0,0,0,0,0,0,0,0,1,0,0,1,0,0,0,0,1,0,0,0
0,0,0,0,0,75.312,24.688,0,0,0,0,0,0,0,0,31.326,53.165,6.4837,9.0254,0,0,0,0,0,15.663,9.0254,0,75.312,0,0,0,0,0,0.60274,0.013699,0.10959,0.12329,0.15068,0,0,1,0,0,0,0,1,0,0,0
0,0,0,0,0,65.23,34.77,0,0,0,0,0,0,0,0,15.293,34.644,26.925,23.138,0,0,0,0,11.632,0,23.138,0,65.23,0,0,0,0,0,0,0,0,0,1,0,0,1,0,0,0,0,1,0,0,0
0,0,0,0,25.581,53.324,21.095,0,0,0,0,0,0,0,6.7933,0,46.531,31.641,10.547,4.4875,0,0,4.4875,10.547,0,10.547,6.7933,46.531,21.094,0,0,0,0,0.028169,0,0.014085,0.014085,0.94366,0,0,1,0,0,0,0,1,0,0,0
0,0,0,0,19.859,50.192,29.949,0,0,0,0,0,0,0,10.154,0,40.103,20.243,19.795,9.7055,0,0,9.7055,10.154,0,19.795,0,50.192,10.154,0,0,0,0,0.04,0,0.04,0.06,0.86,0,0,1,0,0,0,0,1,0,0,0
0,0,0,0,12.689,53.978,33.333,0,0,0,0,0,0,0,0,10.306,33.333,20.644,23.027,12.689,0,0,12.689,0,10.306,23.027,0,53.978,0,0,0,0,0,0.92391,0.01087,0.01087,0.021739,0.032609,0,0,1,0,0,0,0,1,0,0,0
0,0,0,0,11.108,77.783,11.108,0,0,0,0,0,0,0,4.2153,0,77.783,4.2153,6.893,6.893,0,0,6.893,4.2153,0,6.893,0,77.783,4.2153,0,0,0,0,0,0,0,0,1,0,0,1,0,0,0,0,1,0,0,0
0,0,0,0,7.5056,58.857,33.638,0,0,0,0,0,0,0,0,0,58.857,10.312,23.326,7.5056,0,0,7.5056,10.312,0,23.326,0,58.857,0,0,0,0,0,0.86408,0.019417,0,0.048544,0.067961,0,0,1,0,0,0,0,1,0,0,0
0,0,0,0,5.6689,94.331,0,0,0,0,0,0,0,0,0,0,94.331,0,0,5.6689,0,0,5.6689,0,0,0,0,94.331,0,0,0,0,0,0,0,0,0,1,0,0,1,0,0,0,0,1,0,0,0
0,0,0,0,0,100,0,0,0,0,0,0,0,0,0,0,100,0,0,0,0,0,0,0,0,0,11.161,88.839,0,0,0,0,0,0,0,0,0,1,0,0,1,0,0,0,0,1,0,0,0
0,0,0,0,0,100,0,0,0,0,0,0,0,0,0,0,100,0,0,0,0,0,0,0,0,0,0,100,0,0,0,0,0,0,0,0,0,1,0,0,1,0,0,0,0,1,0,0,0
0,0,0,0,0,100,0,0,0,0,0,0,0,0,0,0,100,0,0,0,0,0,0,0,0,0,0,100,0,0,0,0,0,0,0,0,0,1,0,0,1,0,0,0,0,1,0,0,0
0,0,0,0,0,100,0,0,0,0,0,0,0,0,0,0,100,0,0,0,0,0,0,0,0,0,0,100,0,0,0,0,0,0,0,0,0,1,0,0,1,0,0,0,0,1,0,0,0
0,0,0,0,0,100,0,0,0,0,0,0,0,0,0,0,100,0,0,0,0,0,0,0,0,0,0,100,0,0,0,0,0,0,0,0,0,1,0,0,1,0,0,0,0,1,0,0,0
0,0,0,0,0,100,0,0,0,0,0,0,0,0,0,0,100,0,0,0,0,0,0,0,0,0,0,100,0,0,0,0,0,0,0,0,0,1,0,0,1,0,0,0,0,1,0,0,0
0,0,0,0,0,100,0,0,0,0,0,0,0,0,0,0,100,0,0,0,0,0,0,0,0,0,0,100,0,0,0,0,0,0,0,0,0,1,0,0,1,0,0,0,0,1,0,0,0
0,0,0,0,0,89.514,10.486,0,0,0,0,0,0,3.7157,0,0,89.514,0,3.0545,3.7157,0,0,0,0,3.0545,7.4314,0,89.514,0,0,0,0,0,0,0,0,0,1,0,0,1,0,0,0,0,1,0,0,0
0,0,0,0,0,88.443,5.7786,5.7786,0,0,0,0,0,0,0,5.7786,88.443,0,0,5.7786,0,0,0,5.7786,5.7786,0,0,88.443,0,0,0,0,0,0,0,0,0,1,0,0,1,0,0,0,0,1,0,0,0
0,0,0,0,0,100,0,0,0,0,0,0,0,0,0,0,100,0,0,0,0,0,0,0,0,0,0,100,0,0,0,0,0,0,0,0,0,1,0,0,1,0,0,0,0,1,0,0,0
0,0,0,0,0,100,0,0,0,0,0,0,0,0,0,0,100,0,0,0,0,0,0,0,0,0,0,100,0,0,0,0,0,0,0,0,0,1,0,0,1,0,0,0,0,1,0,0,0
0,0,0,0,0,100,0,0,0,0,0,0,0,0,0,0,100,0,0,0,0,0,0,0,0,0,0,100,0,0,0,0,0,0,0,0,0,1,0,0,1,0,0,0,0,1,0,0,0
0,0,0,0,0,100,0,0,0,0,0,0,0,0,0,0,100,0,0,0,0,0,0,0,0,0,0,100,0,0,0,0,0,0,0,0,0,1,0,0,1,0,0,0,0,1,0,0,0
0,0,0,0,3.3106,96.689,0,0,0,0,0,0,3.3106,0,0,0,96.689,0,0,0,0,0,0,0,0,0,0,96.689,0,0,0,3.3106,0,0,0,0,0,1,0,0,1,0,0,0,0,1,0,0,0
0,0,0,0,25.329,74.671,0,0,0,0,0,0,9.6617,0,0,0,65.009,9.6617,0,15.668,0,0,0,0,0,0,0,74.671,0,0,0,25.329,0,0,0,0,0,1,0,0,1,0,0,0,0,1,0,0,0
0,0,0,0,2.3101,97.69,0,0,0,0,0,0,2.3101,0,0,0,97.69,0,0,0,0,0,0,0,0,0,0,97.69,0,0,0,2.3101,0,0,0,0,0,1,0,0,1,0,0,0,0,1,0,0,0
0,0,0,0,0,65.261,23.566,11.172,0,0,0,0,0,4.9997,0,16.052,60.381,0,7.394,11.172,0,0,0,11.172,13.686,9.8798,4.88,60.381,0,0,0,0,0,0,0,0.015152,0.075758,0.90909,0,0,1,0,0,0,0,1,0,0,0
0,0,0,0,0,65.488,28.545,5.9678,0,0,0,0,0,6.0105,0,22.491,48.964,5.2779,0,17.256,0,0,0,5.9678,5.2779,17.989,16.524,54.242,0,0,0,0,0,0,0,0,0,1,0,0,1,0,0,0,0,1,0,0,0
0,0,0,0,30.729,48.273,12.559,8.4395,0,0,0,0,15.365,0,0,16.231,29.236,15.365,0,23.804,0,0,0,8.4395,4.7674,3.6721,7.7912,44.601,0,0,0,30.729,0,0.44444,0,0.11111,0.22222,0.22222,0,0,1,0,0,0,0,1,0,0,0
0,0,0,0,11.259,65.913,22.828,0,0,0,0,0,6.6044,0,0,22.828,43.085,11.414,0,16.068,0,0,0,0,11.414,0,22.828,54.499,0,0,0,11.259,0,0,0.022222,0.022222,0.48889,0.46667,0,0,1,0,0,0,0,1,0,0,0
0,0,0,0,0,65.542,28.992,5.4659,0,0,0,0,0,4.2694,0,20.453,58.095,3.7235,0,13.459,0,0,0,5.4659,9.1894,8.5388,14.987,61.819,0,0,0,0,0,1,0,0,0,0,0,0,1,0,0,0,0,1,0,0,0
0,0,0,0,0,74.826,17.074,8.1001,0,0,0,0,0,0,0,25.174,57.752,4.487,0,12.587,0,0,0,8.1001,4.487,8.1001,17.074,62.239,0,0,0,0,0,1,0,0,0,0,0,0,1,0,0,0,0,1,0,0,0
0,0,0,0,0,100,0,0,0,0,0,0,0,0,0,0,100,0,0,0,0,0,0,0,0,0,0,100,0,0,0,0,0,0,0,0,0,1,0,0,1,0,0,0,0,1,0,0,0
0,0,0,0,21.31,78.69,0,0,0,0,0,0,13.916,0,0,0,71.296,7.394,0,7.394,0,0,0,0,0,0,0,78.69,0,0,0,21.31,0,0,0,0,0,1,0,0,1,0,0,0,0,1,0,0,0
0,0,0,0,8.5267,91.473,0,0,0,0,0,0,0,0,0,0,91.473,0,0,8.5267,0,0,0,0,0,0,0,91.473,0,0,0,8.5267,0,0,0,0,0,1,0,0,1,0,0,0,0,1,0,0,0
0,0,0,0,0,91.801,8.1994,0,0,0,0,0,0,0,0,0,91.801,0,8.1994,0,0,0,0,0,8.1994,0,0,91.801,0,0,0,0,0,0,0,0,0,1,0,0,1,0,0,0,0,1,0,0,0
0,0,0,0,0,74.562,25.438,0,0,0,0,0,0,8.7324,0,15.946,66.589,0,5.3659,3.3665,0,0,0,0,13.339,12.099,0,74.562,0,0,0,0,0,0,0,0,0,1,0,0,1,0,0,0,0,1,0,0,0
0,0,0,0,0,79.94,20.06,0,0,0,0,0,0,0,0,28.833,36.766,28.833,5.5686,0,0,0,0,0,20.06,0,0,79.94,0,0,0,0,0,0,0,0,0.011628,0.98837,0,0,1,0,0,0,0,1,0,0,0
0,0,0,0,0,84.903,15.097,0,0,0,0,0,0,5.4634,0,0,79.867,5.036,4.1701,5.4634,0,0,0,0,4.1701,10.927,0,84.903,0,0,0,0,0,0.77215,0.012658,0.037975,0.075949,0.10127,0,0,1,0,0,0,0,1,0,0,0
0,0,0,0,0,79.644,20.356,0,0,0,0,0,0,6.1212,0,8.1134,71.531,8.1134,6.1212,0,0,0,0,0,14.235,6.1212,0,79.644,0,0,0,0,0,0.99115,0,0,0.0088496,0,0,0,1,0,0,0,0,1,0,0,0
0,0,0,0,0,76.862,20.032,3.106,0,0,0,0,0,6.7145,0,9.7088,73.756,0,6.7145,3.106,0,0,0,3.106,6.7145,9.8205,6.6028,73.756,0,0,0,0,0,0.88732,0,0,0.070423,0.042254,0,0,1,0,0,0,0,1,0,0,0
0,0,0,0,0,92.072,7.9276,0,0,0,0,0,0,0,0,7.9276,92.072,0,0,0,0,0,0,0,0,0,7.9276,92.072,0,0,0,0,0,1,0,0,0,0,0,0,1,0,0,0,0,1,0,0,0
0,0,0,0,0,100,0,0,0,0,0,0,0,0,0,0,93.489,6.5108,0,0,0,0,0,0,0,0,0,100,0,0,0,0,0,0.91765,0,0,0.058824,0.023529,0,0,1,0,0,0,0,1,0,0,0
0,0,0,0,0,100,0,0,0,0,0,0,0,0,0,0,100,0,0,0,0,0,0,0,0,0,0,100,0,0,0,0,0,0.88889,0,0.037037,0.037037,0.037037,0,0,1,0,0,0,0,1,0,0,0
0,0,0,0,0,100,0,0,0,0,0,0,0,0,0,0,100,0,0,0,0,0,0,0,0,0,0,100,0,0,0,0,0,0,0,0,0,1,0,0,1,0,0,0,0,1,0,0,0
0,0,0,0,0,100,0,0,0,0,0,0,0,0,0,0,94.155,5.845,0,0,0,0,0,0,0,0,0,100,0,0,0,0,0,0.85567,0,0.030928,0.082474,0.030928,0,0,1,0,0,0,0,1,0,0,0
0,0,0,0,0,100,0,0,0,0,0,0,0,0,0,0,100,0,0,0,0,0,0,0,0,0,0,100,0,0,0,0,0,0.98901,0,0,0,0.010989,0,0,1,0,0,0,0,1,0,0,0
0,0,0,0,0,100,0,0,0,0,0,0,0,0,0,0,100,0,0,0,0,0,0,0,0,0,0,100,0,0,0,0,0,1,0,0,0,0,0,0,1,0,0,0,0,1,0,0,0
0,0,0,0,0,100,0,0,0,0,0,0,0,0,0,0,100,0,0,0,0,0,0,0,0,0,0,100,0,0,0,0,0,0.89655,0,0.017241,0.068966,0.017241,0,0,1,0,0,0,0,1,0,0,0
0,0,0,0,0,100,0,0,0,0,0,0,0,0,0,0,100,0,0,0,0,0,0,0,0,0,0,100,0,0,0,0,0,0.88462,0,0.019231,0.019231,0.076923,0,0,1,0,0,0,0,1,0,0,0
0,0,0,0,0,100,0,0,0,0,0,0,0,0,0,0,100,0,0,0,0,0,0,0,0,0,0,100,0,0,0,0,0,1,0,0,0,0,0,0,1,0,0,0,0,1,0,0,0
0,0,0,0,0,100,0,0,0,0,0,0,0,0,0,0,100,0,0,0,0,0,0,0,0,0,23.5,76.5,0,0,0,0,0,0,0,0,0,1,0,0,1,0,0,0,0,1,0,0,0
0,0,0,0,0,100,0,0,0,0,0,0,0,0,0,0,100,0,0,0,0,0,0,0,0,0,0,100,0,0,0,0,0,0,0,0,0,1,0,0,1,0,0,0,0,1,0,0,0
0,0,0,0,0,100,0,0,0,0,0,0,0,0,0,0,100,0,0,0,0,0,0,0,0,0,0,100,0,0,0,0,0,0,0,0,0,1,0,0,1,0,0,0,0,1,0,0,0
0,0,0,0,0,100,0,0,0,0,0,0,0,0,0,9.8039,90.196,0,0,0,0,0,0,0,0,0,0,100,0,0,0,0,0,0,0,0,0,1,0,0,1,0,0,0,0,1,0,0,0
0,0,0,0,0,100,0,0,0,0,0,0,0,0,0,18.443,68.186,13.371,0,0,0,0,0,0,0,0,8.8116,91.188,0,0,0,0,0,0,0,0,0,1,0,0,1,0,0,0,0,1,0,0,0
0,0,0,0,0,100,0,0,0,0,0,0,0,0,0,16.495,50.516,32.99,0,0,0,0,0,0,0,0,16.495,83.505,0,0,0,0,0,0,0,0,0,1,0,0,1,0,0,0,0,1,0,0,0
0,0,0,0,0,100,0,0,0,0,0,0,0,0,0,6.0799,68.425,25.495,0,0,0,0,0,0,0,0,19.415,80.585,0,0,0,0,0,0,0,0,0,1,0,0,1,0,0,0,0,1,0,0,0
0,0,0,0,0,100,0,0,0,0,0,0,0,0,0,8.6911,64.064,27.245,0,0,0,0,0,0,0,0,8.6911,91.309,0,0,0,0,0,0,0,0,0,1,0,0,1,0,0,0,0,1,0,0,0
0,0,0,0,0,100,0,0,0,0,0,0,0,0,0,0,100,0,0,0,0,0,0,0,0,0,0,100,0,0,0,0,0,0,0,0,0.23404,0.76596,0,0,1,0,0,0,0,1,0,0,0
0,0,0,0,0,100,0,0,0,0,0,0,0,0,0,0,92.616,7.3838,0,0,0,0,0,0,0,0,0,100,0,0,0,0,0,0,0,0,0.17333,0.82667,0,0,1,0,0,0,0,1,0,0,0
0,0,0,0,0,100,0,0,0,0,0,0,0,0,0,0,94.119,5.8814,0,0,0,0,0,0,0,0,0,100,0,0,0,0,0,0,0,0,0,1,0,0,1,0,0,0,0,1,0,0,0
0,0,0,0,0,100,0,0,0,0,0,0,0,0,0,0,100,0,0,0,0,0,0,0,0,0,0,100,0,0,0,0,0,0,0,0,0.060241,0.93976,0,0,1,0,0,0,0,1,0,0,0
0,0,0,0,0,100,0,0,0,0,0,0,0,0,0,0,100,0,0,0,0,0,0,0,0,0,0,100,0,0,0,0,0,0,0,0,0,1,0,0,1,0,0,0,0,1,0,0,0
0,0,0,0,3.072,96.928,0,0,0,0,0,0,0,0,0,0,96.928,0,0,3.072,0,0,0,0,0,0,0,96.928,0,0,0,3.072,0,0,0,0,0,1,0,0,1,0,0,0,0,1,0,0,0
0,0,0,0,0,100,0,0,0,0,0,0,0,0,0,0,100,0,0,0,0,0,0,0,0,0,0,100,0,0,0,0,0,0,0,0,0,1,0,0,1,0,0,0,0,1,0,0,0
0,0,0,0,2.0465,97.953,0,0,0,0,0,0,0,0,0,0,97.953,0,0,2.0465,0,0,0,0,0,0,0,97.953,0,0,0,2.0465,0,0,0,0,0,1,0,0,1,0,0,0,0,1,0,0,0
0,0,0,0,0,100,0,0,0,0,0,0,0,0,0,0,100,0,0,0,0,0,0,0,0,0,0,100,0,0,0,0,0,0,0,0,0,1,0,0,1,0,0,0,0,1,0,0,0
0,0,0,0,2.4961,97.504,0,0,0,0,0,0,0,0,0,0,97.504,0,0,2.4961,0,0,0,0,0,0,0,97.504,0,0,0,2.4961,0,0,0,0,0,1,0,0,1,0,0,0,0,1,0,0,0
0,0,0,0,0,100,0,0,0,0,0,0,0,0,0,0,100,0,0,0,0,0,0,0,0,0,0,100,0,0,0,0,0,0,0,0,0,1,0,0,1,0,0,0,0,1,0,0,0
0,0,0,0,0,100,0,0,0,0,0,0,0,0,0,0,100,0,0,0,0,0,0,0,0,0,0,100,0,0,0,0,0,0,0,0,0,1,0,0,1,0,0,0,0,1,0,0,0
0,0,0,0,0,100,0,0,0,0,0,0,0,0,0,0,100,0,0,0,0,0,0,0,0,0,0,100,0,0,0,0,0,0,0,0,0,1,0,0,1,0,0,0,0,1,0,0,0
0,0,0,0,0,100,0,0,0,0,0,0,0,0,0,0,100,0,0,0,0,0,0,0,0,0,0,100,0,0,0,0,0,0,0,0,0,1,0,0,1,0,0,0,0,1,0,0,0
0,0,0,0,0,100,0,0,0,0,0,0,0,0,0,0,100,0,0,0,0,0,0,0,0,0,0,100,0,0,0,0,0,0,0,0,0,1,0,0,1,0,0,0,0,1,0,0,0
0,0,0,0,0,100,0,0,0,0,0,0,0,0,0,0,100,0,0,0,0,0,0,0,0,0,0,100,0,0,0,0,0,0,0,0,0,1,0,0,1,0,0,0,0,1,0,0,0
0,0,0,0,0,100,0,0,0,0,0,0,0,0,0,0,100,0,0,0,0,0,0,0,0,0,0,100,0,0,0,0,0,0,0,0,0,1,0,0,1,0,0,0,0,1,0,0,0
0,0,0,0,0,100,0,0,0,0,0,0,0,0,0,0,100,0,0,0,0,0,0,0,0,0,0,100,0,0,0,0,0,0,0,0,0,1,0,0,1,0,0,0,0,1,0,0,0
0,0,0,0,0,100,0,0,0,0,0,0,0,0,0,0,100,0,0,0,0,0,0,0,0,0,0,100,0,0,0,0,0,0,0,0,0,1,0,0,1,0,0,0,0,1,0,0,0
0,0,0,0,0,100,0,0,0,0,0,0,0,0,0,0,100,0,0,0,0,0,0,0,0,0,0,100,0,0,0,0,0,0,0,0,0,1,0,0,1,0,0,0,0,1,0,0,0
0,0,0,0,0,100,0,0,0,0,0,0,0,0,0,0,100,0,0,0,0,0,0,0,0,0,0,100,0,0,0,0,0,0,0,0,0,1,0,0,1,0,0,0,0,1,0,0,0
0,0,0,0,0,100,0,0,0,0,0,0,0,0,0,0,100,0,0,0,0,0,0,0,0,0,0,100,0,0,0,0,0,1,0,0,0,0,0,0,1,0,0,0,0,1,0,0,0
0,0,0,0,0,100,0,0,0,0,0,0,0,0,0,0,100,0,0,0,0,0,0,0,0,0,0,100,0,0,0,0,0,1,0,0,0,0,0,0,1,0,0,0,0,1,0,0,0
0,0,0,0,0,100,0,0,0,0,0,0,0,0,0,0,100,0,0,0,0,0,0,0,0,0,0,100,0,0,0,0,0,0,0,0,0,1,0,0,1,0,0,0,0,1,0,0,0
0,0,0,0,0,100,0,0,0,0,0,0,0,0,0,0,100,0,0,0,0,0,0,0,0,0,0,100,0,0,0,0,0,0,0,0,0,1,0,0,1,0,0,0,0,1,0,0,0
0,0,0,0,0,100,0,0,0,0,0,0,0,0,0,0,100,0,0,0,0,0,0,0,0,0,0,100,0,0,0,0,0,1,0,0,0,0,0,0,1,0,0,0,0,1,0,0,0
0,0,0,0,0,100,0,0,0,0,0,0,0,0,0,0,100,0,0,0,0,0,0,0,0,0,0,100,0,0,0,0,0,0,0,0,0,1,0,0,1,0,0,0,0,1,0,0,0
0,0,0,0,0,100,0,0,0,0,0,0,0,0,0,0,100,0,0,0,0,0,0,0,0,0,0,100,0,0,0,0,0,0,0,0,0,1,0,0,1,0,0,0,0,1,0,0,0
0,0,0,0,0,100,0,0,0,0,0,0,0,0,0,0,100,0,0,0,0,0,0,0,0,0,0,100,0,0,0,0,0,0,0,0,0,1,0,0,1,0,0,0,0,1,0,0,0
0,0,0,0,0,100,0,0,0,0,0,0,0,0,0,0,100,0,0,0,0,0,0,0,0,0,0,100,0,0,0,0,0,0,0,0,0,1,0,0,1,0,0,0,0,1,0,0,0
0,0,0,0,0,100,0,0,0,0,0,0,0,0,0,0,100,0,0,0,0,0,0,0,0,0,0,100,0,0,0,0,0,0.69811,0,0.037736,0.15094,0.11321,0,0,1,0,0,0,0,1,0,0,0
0,0,0,0,0,100,0,0,0,0,0,0,0,0,0,0,100,0,0,0,0,0,0,0,0,0,0,100,0,0,0,0,0,0.79487,0,0.025641,0.15385,0.025641,0,0,1,0,0,0,0,1,0,0,0
0,0,0,5.1249,0,94.875,0,0,0,0,0,0,0,0,5.1249,0,94.875,0,0,0,0,0,0,0,0,0,0,94.875,0,0,0,0,5.1249,1,0,0,0,0,0,0,1,0,0,0,0,1,0,0,0
0,0,0,0,9.1298,90.87,0,0,0,0,0,0,0,0,0,9.1298,90.87,0,0,0,0,0,0,0,0,0,0,90.87,0,0,0,0,9.1298,0,0,0,0,1,0,0,1,0,0,0,0,1,0,0,0
0,0,0,11.973,0,88.027,0,0,0,0,0,0,0,0,11.973,0,88.027,0,0,0,0,0,0,0,0,0,0,88.027,0,0,0,0,11.973,1,0,0,0,0,0,0,1,0,0,0,0,1,0,0,0
0,0,0,7.8004,7.8004,84.399,0,0,0,0,0,0,0,0,7.8004,7.8004,76.599,0,0,0,7.8004,0,0,0,0,0,0,76.599,0,0,0,7.8004,15.601,1,0,0,0,0,0,0,1,0,0,0,0,1,0,0,0
0,0,0,0,3.9857,96.014,0,0,0,0,0,0,0,0,0,3.9857,89.22,0,0,0,6.7944,0,0,0,0,0,0,89.22,0,0,0,6.7944,3.9857,0,0,0,0,1,0,0,1,0,0,0,0,1,0,0,0
0,0,0,8.891,9.8903,81.219,0,0,0,0,0,0,0,0,8.891,9.8903,72.777,0,0,0,8.4414,0,0,0,0,0,0,72.777,0,0,0,8.4414,18.781,0,0,0,0,1,0,0,1,0,0,0,0,1,0,0,0
0,0,0,0,0,100,0,0,0,0,0,0,0,0,0,0,100,0,0,0,0,0,0,0,0,0,0,100,0,0,0,0,0,0,0,0,0,1,0,0,1,0,0,0,0,1,0,0,0
0,0,0,0,0,100,0,0,0,0,0,0,0,0,0,0,100,0,0,0,0,0,0,0,0,0,0,100,0,0,0,0,0,0,0,0,0,1,0,0,1,0,0,0,0,1,0,0,0
0,0,0,0,0,100,0,0,0,0,0,0,0,0,0,0,100,0,0,0,0,0,0,0,0,0,0,100,0,0,0,0,0,0,0,0,0,1,0,0,1,0,0,0,0,1,0,0,0
0,0,0,0,0,100,0,0,0,0,0,0,0,0,0,0,100,0,0,0,0,0,0,0,0,0,0,100,0,0,0,0,0,0,0,0,0,1,0,0,1,0,0,0,0,1,0,0,0
0,0,0,0,0,100,0,0,0,0,0,0,0,0,0,0,100,0,0,0,0,0,0,0,0,0,0,100,0,0,0,0,0,0,0,0,0,1,0,0,1,0,0,0,0,1,0,0,0
0,0,0,0,0,100,0,0,0,0,0,0,0,0,0,0,100,0,0,0,0,0,0,0,0,0,0,100,0,0,0,0,0,0,0,0,0,1,0,0,1,0,0,0,0,1,0,0,0
0,0,0,0,0,100,0,0,0,0,0,0,0,0,0,0,100,0,0,0,0,0,0,0,0,0,0,100,0,0,0,0,0,0,0,0,0,1,0,0,1,0,0,0,0,1,0,0,0
0,0,0,0,0,100,0,0,0,0,0,0,0,0,0,0,100,0,0,0,0,0,0,0,0,0,0,100,0,0,0,0,0,0,0,0,0,1,0,0,1,0,0,0,0,1,0,0,0
0,0,0,8.4818,8.4818,83.036,0,0,0,0,0,0,0,0,8.4818,8.4818,67.05,0,0,0,15.986,0,0,0,0,0,0,67.05,0,0,0,15.986,16.964,0,0,0,0,1,0,0,1,0,0,0,0,1,0,0,0
0,0,0,7.3751,15.02,77.605,0,0,0,0,0,0,0,0,7.3751,15.02,70.23,0,0,0,7.3751,0,0,0,0,0,0,70.23,0,0,0,7.3751,22.395,0,0,0,0,1,0,0,1,0,0,0,0,1,0,0,0
0,0,0,0,0,100,0,0,0,0,0,0,0,0,0,0,90.931,0,0,0,9.0694,0,0,0,0,0,0,90.931,0,0,0,9.0694,0,0,0,0,0,1,0,0,1,0,0,0,0,1,0,0,0
0,0,0,0,0,100,0,0,0,0,0,0,0,0,0,0,100,0,0,0,0,0,0,0,0,0,0,100,0,0,0,0,0,0,0,0,0,1,0,0,1,0,0,0,0,1,0,0,0
0,0,0,0,0,100,0,0,0,0,0,0,0,0,0,0,100,0,0,0,0,0,0,0,0,0,0,100,0,0,0,0,0,0,0,0,0,1,0,0,1,0,0,0,0,1,0,0,0
0,0,0,0,0,100,0,0,0,0,0,0,0,0,0,0,100,0,0,0,0,0,0,0,0,0,0,100,0,0,0,0,0,0,0,0,0,1,0,0,1,0,0,0,0,1,0,0,0
0,0,0,0,0,100,0,0,0,0,0,0,0,0,0,0,100,0,0,0,0,0,0,0,0,0,0,100,0,0,0,0,0,0,0,0,0,1,0,0,1,0,0,0,0,1,0,0,0
0,0,0,0,0,100,0,0,0,0,0,0,0,0,0,0,100,0,0,0,0,0,0,0,0,0,0,100,0,0,0,0,0,0,0,0,0,1,0,0,1,0,0,0,0,1,0,0,0
0,0,0,0,0,100,0,0,0,0,0,0,0,0,0,0,100,0,0,0,0,0,0,0,0,0,0,100,0,0,0,0,0,0,0,0,0,1,0,0,1,0,0,0,0,1,0,0,0
0,0,0,0,0,100,0,0,0,0,0,0,0,0,0,0,100,0,0,0,0,0,0,0,0,0,0,100,0,0,0,0,0,0,0,0,0,1,0,0,1,0,0,0,0,1,0,0,0
0,0,0,0,0,100,0,0,0,0,0,0,0,0,0,0,100,0,0,0,0,0,0,0,0,0,0,100,0,0,0,0,0,0,0,0,0,1,0,0,1,0,0,0,0,1,0,0,0
0,0,0,0,0,100,0,0,0,0,0,0,0,0,0,0,100,0,0,0,0,0,0,0,0,0,0,100,0,0,0,0,0,0,0,0,0,1,0,0,1,0,0,0,0,1,0,0,0
0,0,0,0,0,100,0,0,0,0,0,0,0,0,0,0,100,0,0,0,0,0,0,0,0,0,0,100,0,0,0,0,0,0,0,0,0,1,0,0,1,0,0,0,0,1,0,0,0
0,0,0,0,0,100,0,0,0,0,0,0,0,0,0,2.7866,97.213,0,0,0,0,0,0,0,0,0,0,100,0,0,0,0,0,0,0,0,0,1,0,0,1,0,0,0,0,1,0,0,0
0,0,0,0,0,100,0,0,0,0,0,0,0,0,0,0,100,0,0,0,0,0,0,0,0,0,0,100,0,0,0,0,0,0,0,0,0,1,0,0,1,0,0,0,0,1,0,0,0
0,0,0,0,0,100,0,0,0,0,0,0,0,0,0,0,100,0,0,0,0,0,0,0,0,0,0,100,0,0,0,0,0,0,0,0,0,1,0,0,1,0,0,0,0,1,0,0,0
0,0,0,0,0,100,0,0,0,0,0,0,0,0,0,0,100,0,0,0,0,0,0,0,0,0,0,100,0,0,0,0,0,0,0,0,0,1,0,0,1,0,0,0,0,1,0,0,0
0,0,0,0,0,100,0,0,0,0,0,0,0,0,0,0,100,0,0,0,0,0,0,0,0,0,0,100,0,0,0,0,0,0,0,0,0,1,0,0,1,0,0,0,0,1,0,0,0
0,0,0,0,0,100,0,0,0,0,0,0,0,0,0,0,100,0,0,0,0,0,0,0,0,0,0,100,0,0,0,0,0,0,0,0,0,1,0,0,1,0,0,0,0,1,0,0,0
0,0,0,0,0,100,0,0,0,0,0,0,0,0,0,0,100,0,0,0,0,0,0,0,0,0,0,100,0,0,0,0,0,0,0,0,0,1,0,0,1,0,0,0,0,1,0,0,0
0,0,0,0,0,100,0,0,0,0,0,0,0,0,0,0,100,0,0,0,0,0,0,0,0,0,0,100,0,0,0,0,0,0,0,0,0,1,0,0,1,0,0,0,0,1,0,0,0
0,0,0,0,0,100,0,0,0,0,0,0,0,0,0,0,100,0,0,0,0,0,0,0,0,0,0,100,0,0,0,0,0,0,0,0,0,1,0,0,1,0,0,0,0,1,0,0,0
0,0,0,0,0,100,0,0,0,0,0,0,0,0,0,0,100,0,0,0,0,0,0,0,0,0,0,100,0,0,0,0,0,0,0,0,0,1,0,0,1,0,0,0,0,1,0,0,0
0,0,0,0,0,100,0,0,0,0,0,0,0,0,0,0,100,0,0,0,0,0,0,0,0,0,0,100,0,0,0,0,0,0,0,0,0,1,0,0,1,0,0,0,0,1,0,0,0
0,0,0,0,0,100,0,0,0,0,0,0,0,0,0,0,100,0,0,0,0,0,0,0,0,0,0,100,0,0,0,0,0,0,0,0,0,1,0,0,1,0,0,0,0,1,0,0,0
0,0,0,0,0,100,0,0,0,0,0,0,0,0,0,0,100,0,0,0,0,0,0,0,0,0,0,100,0,0,0,0,0,0,0,0,0,1,0,0,1,0,0,0,0,1,0,0,0
0,0,0,0,0,100,0,0,0,0,0,0,0,0,0,0,100,0,0,0,0,0,0,0,0,0,0,100,0,0,0,0,0,0,0,0,0,1,0,0,1,0,0,0,0,1,0,0,0
0,0,0,0,0,100,0,0,0,0,0,0,0,0,0,0,100,0,0,0,0,0,0,0,0,0,0,100,0,0,0,0,0,0,0,0,0,1,0,0,1,0,0,0,0,1,0,0,0
0,0,0,0,0,100,0,0,0,0,0,0,0,0,0,0,100,0,0,0,0,0,0,0,0,0,0,100,0,0,0,0,0,0,0,0,0,1,0,0,1,0,0,0,0,1,0,0,0
0,0,0,0,0,100,0,0,0,0,0,0,0,0,0,0,100,0,0,0,0,0,0,0,0,0,0,100,0,0,0,0,0,0,0,0,0,1,0,0,1,0,0,0,0,1,0,0,0
0,0,0,0,0,100,0,0,0,0,0,0,0,0,0,0,100,0,0,0,0,0,0,0,0,0,0,100,0,0,0,0,0,0,0,0,0,1,0,0,1,0,0,0,0,1,0,0,0
0,0,0,0,0,100,0,0,0,0,0,0,0,0,0,0,100,0,0,0,0,0,0,0,0,0,0,100,0,0,0,0,0,0,0,0,0,1,0,0,1,0,0,0,0,1,0,0,0
0,0,0,0,0,100,0,0,0,0,0,0,0,0,0,0,100,0,0,0,0,0,0,0,0,0,0,100,0,0,0,0,0,0,0,0,0,1,0,0,1,0,0,0,0,1,0,0,0
0,0,0,0,0,100,0,0,0,0,0,0,0,0,0,0,100,0,0,0,0,0,0,0,0,0,0,100,0,0,0,0,0,0,0,0,0,1,0,0,1,0,0,0,0,1,0,0,0
0,0,0,0,0,100,0,0,0,0,0,0,0,0,0,0,100,0,0,0,0,0,0,0,0,0,0,100,0,0,0,0,0,0,0,0,0,1,0,0,1,0,0,0,0,1,0,0,0
0,0,0,0,0,100,0,0,0,0,0,0,0,0,0,0,100,0,0,0,0,0,0,0,0,0,0,100,0,0,0,0,0,0,0,0,0,1,0,0,1,0,0,0,0,1,0,0,0
0,0,0,0,0,100,0,0,0,0,0,0,0,0,0,0,100,0,0,0,0,0,0,0,0,0,0,100,0,0,0,0,0,0,0,0,0,1,0,0,1,0,0,0,0,1,0,0,0
0,0,0,0,0,100,0,0,0,0,0,0,0,0,0,0,100,0,0,0,0,0,0,0,0,0,0,100,0,0,0,0,0,0,0,0,0,1,0,0,1,0,0,0,0,1,0,0,0
0,0,0,0,0,100,0,0,0,0,0,0,0,0,0,0,100,0,0,0,0,0,0,0,0,0,0,100,0,0,0,0,0,0,0,0,0,1,0,0,1,0,0,0,0,1,0,0,0
0,0,0,0,19.502,76.099,4.3987,0,0,0,0,0,0,0,4.3987,7.3307,54.107,34.163,0,0,0,0,0,4.3987,0,0,14.661,61.438,19.502,0,0,0,0,0.95775,0,0.014085,0.028169,0,0,0,1,0,0,0,0,1,0,0,0
0,0,0,0,38.345,56.786,4.8692,0,0,0,0,0,0,0,19.999,0,44.874,35.128,0,0,0,0,0,4.8692,0,0,15.129,41.656,35.128,3.2173,0,0,0,0.19298,0.017544,0.017544,0.035088,0.73684,0,0,1,0,0,0,0,1,0,0,0
0,0,0,0,32.012,45.206,22.782,0,0,0,0,0,0,0,14.562,12.835,30.643,24.151,17.808,0,0,0,0,0,0,22.782,22.424,22.782,19.178,12.835,0,0,0,0.15385,0,0.051282,0.12821,0.66667,0,0,1,0,0,0,0,1,0,0,0
0,0,0,0,8.0225,76.989,14.989,0,0,0,0,0,0,0,7.4944,17.714,34.332,32.966,7.4944,0,0,0,0,0,0,11.67,32.109,48.199,0,8.0225,0,0,0,0.88298,0.010638,0.074468,0.031915,0,0,0,1,0,0,0,0,1,0,0,0
0,0,0,0,20.202,79.798,0,0,0,0,0,0,0,0,0,0,85.632,5.4786,0,8.8892,0,0,8.8892,0,0,0,0,79.798,5.4786,5.8346,0,0,0,0,0,0,0,1,0,0,1,0,0,0,0,1,0,0,0
0,0,0,0,19.92,75.242,4.8376,0,0,0,0,0,0,4.778,0,9.6156,70.464,10.305,4.8376,0,0,0,0,0,0,4.8376,4.8376,65.626,10.305,14.394,0,0,0,0,0,0,0.014493,0.98551,0,0,1,0,0,0,0,1,0,0,0
0,0,0,0,25.248,45.107,29.645,0,0,0,0,0,0,13.12,8.2626,8.2626,48.972,13.12,8.2626,0,0,0,0,0,0,21.382,8.2626,31.987,13.12,25.248,0,0,0,0.067416,0,0.044944,0.033708,0.85393,0,0,1,0,0,0,0,1,0,0,0
9.7001,0,0,0,10.775,63.633,15.891,0,0,0,0,0,0,0,5.1157,18.336,50.651,15.122,10.775,0,0,0,0,0,0,10.775,45.297,33.152,0,10.775,0,0,0,0,0,0,0,1,0,0,1,0,0,0,0,1,0,0,0
23.7,0,0,0,0,52.506,23.794,0,0,0,0,0,0,0,5.6677,12.459,64.309,5.6677,11.897,0,0,0,0,0,0,17.565,36.159,46.277,0,0,0,0,0,0,0,0,0,1,0,0,1,0,0,0,0,1,0,0,0
4.6306,0,0,0,14.311,55.396,25.662,0,0,0,0,0,0,15.39,4.0768,28.235,35.929,4.0768,12.292,0,0,0,0,0,0,21.032,22.14,27.128,0,25.038,0,0,4.663,0.79381,0.010309,0.010309,0.13402,0.051546,0,0,1,0,0,0,0,1,0,0,0
25.163,0,0,0,4.0409,57.2,13.596,0,0,0,0,0,0,5.5138,4.0409,18.429,59.101,8.8744,4.0409,0,0,0,0,0,0,18.429,33.258,38.759,0,4.0409,0,0,5.5138,0,0,0,0,1,0,0,1,0,0,0,0,1,0,0,0
0,0,0,0,14.987,85.013,0,0,0,0,0,0,0,0,0,0,85.013,14.987,0,0,0,0,0,0,0,0,0,85.013,14.987,0,0,0,0,0,0,0,0,1,0,0,1,0,0,0,0,1,0,0,0
0,0,0,0,13.009,78.282,8.7093,0,0,0,0,0,0,8.7093,0,0,82.581,8.7093,0,0,0,0,0,0,0,8.7093,0,69.572,8.7093,13.009,0,0,0,0,0,0,0,1,0,0,1,0,0,0,0,1,0,0,0
0,0,0,0,33.333,58.887,7.7796,0,0,0,0,0,0,15.194,0,30.754,43.693,10.359,0,0,0,0,0,0,0,7.7796,0,35.913,25.919,30.389,0,0,0,0,0,0,0.10976,0.89024,0,0,1,0,0,0,0,1,0,0,1
0,0,0,0,24.154,75.846,0,0,0,0,0,0,0,0,0,24.154,75.846,0,0,0,0,0,0,0,0,0,0,75.846,24.154,0,0,0,0,0,0,0,0,1,0,0,1,0,0,0,0,1,0,0,0
0,0,0,0,14.159,71.682,14.159,0,0,0,0,0,0,0,0,28.318,71.682,0,0,0,0,0,0,0,0,14.159,0,57.523,28.318,0,0,0,0,0,0,0,0,1,0,0,1,0,0,0,0,1,0,0,0
0,0,0,0,28.468,45.788,17.085,0,8.6597,0,0,0,0,8.425,0,28.703,28.468,17.085,8.6597,8.6597,0,0,0,0,0,17.085,0,20.043,37.128,8.425,8.6597,0,8.6597,0,0,0,0.5,0.5,0,0,1,0,0,0,0,1,0,0,1
0,0,0,0,0,59.755,25,0,15.245,0,0,0,0,9.755,0,25,19.51,15.245,15.245,15.245,0,0,0,0,0,25,9.755,9.755,15.245,0,15.245,0,25,0,0,0,0.11628,0.88372,0,0,1,0,0,0,0,1,0,0,1
12.384,0,0,12.067,16.964,9.3344,10,0,15.946,15.959,7.3455,8.0116,4.9616,7.3455,7.3455,16.646,7.3455,7.3455,5.0389,11.302,7.6294,17.028,8.0116,7.0278,0,12.384,9.3344,0,14.975,1.9889,16.264,10,20.014,0,0,0,0,1,0,0,1,0,0,0,0,1,0,0,1
8.6498,0,0,10.799,15.04,32.233,27.88,0,5.3993,0,0,8.6498,0,13.942,0,25.727,15.04,13.942,5.3993,3.2506,0,14.049,5.3993,5.3993,0,27.88,0,6.5011,17.077,0,3.2506,11.9,22.592,0.033898,0,0,0.69492,0.27119,0,0,1,0,0,0,0,1,0,0,1
2.6725,0,0,9.9621,17.96,20.849,16.645,0,21.95,9.9621,0,15.708,7.423,0,5.1916,29.28,5.3451,4.0303,4.0303,11.473,2.6525,14.866,2.6525,4.7704,0,9.2219,9.9621,5.3451,6.6829,4.7704,24.088,12.768,19.739,0.25641,0,0,0,0.74359,0,0,1,0,0,0,0,1,0,0,1
0,4.6743,0,4.0448,15.024,1.5089,19.698,0,41.657,8.719,4.6743,16.051,21.837,0,2.5358,19.069,0,0,0,10.857,10.979,18.671,10.979,1.5089,4.6743,11.884,4.0448,0,10.979,1.5089,16.533,17.162,20.725,0,0,0,0,1,0,0,1,0,0,0,0,1,0,0,1
1.5607,2.9495,0,8.1819,17.283,3.2585,9.5707,0,9.5707,44.676,2.9495,5.1648,9.1574,0,1.8021,23.904,0,0,1.5607,33.601,12.222,12.588,1.5607,4.8192,2.9495,9.2617,5.0606,0,12.222,3.2585,32.763,7.7686,20.336,0.90909,0,0,0,0.090909,0,0,1,0,0,0,0,1,0,0,1
24.624,0,0,0,0,75.376,0,0,0,0,0,0,0,0,0,4.2691,91.462,4.2691,0,0,0,0,0,0,0,4.2691,36.442,59.289,0,0,0,0,0,0,0,0,0,1,0,0,1,0,0,0,0,1,0,0,0
19.123,0,0,0,5.2731,53.252,17.079,0,0,0,5.2731,0,0,5.2731,5.2731,17.079,58.562,5.2731,8.5395,0,0,0,0,0,0,13.813,36.202,39.44,5.2731,0,0,0,5.2731,0,0,0,0,1,0,0,1,0,0,0,0,1,0,0,0
13.237,0,0,0,11.385,34.154,35.058,0,0,0,6.1667,0,0,16.647,11.385,19.359,23.673,16.647,12.289,0,0,0,0,0,0,28.936,32.596,10.436,6.1667,5.218,0,0,16.647,0.64583,0,0.041667,0.10417,0.20833,0,0,1,0,0,0,0,1,0,0,0
9.423,0,0,7.9858,7.9858,34.17,12.12,0,7.9858,7.9858,12.343,15.972,0,10.306,7.9858,24.818,30.036,4.7115,0,0,0,6.1717,0,0,0,23.004,16.832,25.901,6.1717,0,7.9858,0,20.106,0.48387,0,0.12903,0.19355,0.19355,0,0,1,0,0,0,0,1,0,0,0
3.6948,0,0,18.762,5.5582,48.948,10.029,0,10.029,2.9795,0,8.8521,5.5582,0,0,13.009,31.523,3.3546,7.0494,6.3341,0,24.32,6.2735,6.6744,0,9.6281,2.9795,31.523,3.3546,5.5582,9.3137,6.6744,18.021,0.0625,0,0.015625,0,0.92188,0,0,1,0,0,0,0,1,0,0,0
7.3093,0,0,14.05,17.388,12.277,13.042,0,24.732,11.202,0,21.115,7.6627,0,2.1627,20.493,4.5491,0,5.0347,8.3006,8.858,21.824,12.697,5.0347,0,9.0152,2.1627,4.5491,8.858,1.8178,16.308,15.429,24.128,0.13793,0,0,0.16092,0.70115,0,0,1,0,0,0,0,1,0,0,1
0,0,0,0,17.582,18.561,17.582,0,0,38.857,7.4183,0,38.857,0,3.6938,3.7245,32.418,0,0,17.582,0,3.7245,3.7245,0,17.582,0,0,14.837,3.6938,42.582,0,0,17.582,0,0,0,0.16667,0.83333,0,0,1,0,0,0,0,1,0,0,0
14.348,0,0,0,0,74.796,0,0,0,10.856,0,0,0,0,0,0,100,0,0,0,0,0,0,0,0,0,14.348,74.796,0,10.856,0,0,0,0,0,0,0,1,0,0,1,0,0,0,0,1,0,0,0
0,0,0,0,6.703,72.355,6.703,0,0,14.239,0,0,0,0,0,0,100,0,0,0,0,0,0,6.703,0,0,0,72.355,0,14.239,6.703,0,0,0,0,0,0,1,0,0,1,0,0,0,0,1,0,0,0
0,0,0,0,17.77,47.94,24.694,0,0,9.5959,0,0,0,0,0,0,100,0,0,0,0,0,0,24.694,0,0,0,47.94,0,9.5959,17.77,0,0,0,0,0.25,0.25,0.5,0,0,1,0,0,0,0,1,0,0,0
16.015,0,0,0,0,66.876,0,0,0,6.6934,10.416,0,0,5.208,0,8.0074,73.569,8.0074,0,0,0,5.208,0,0,0,13.215,8.0074,66.876,5.208,6.6934,0,0,0,0,0,0,0,1,0,0,1,0,0,0,0,1,0,0,0
0,0,0,0,5.4255,68.731,5.4255,0,0,20.418,0,0,0,0,0,0,100,0,0,0,0,0,0,5.4255,0,0,0,68.731,0,20.418,5.4255,0,0,0,0,0,0,1,0,0,1,0,0,0,0,1,0,0,0
0,0,0,0,13.23,60.339,17.98,0,0,8.4516,0,0,0,0,0,0,100,0,0,0,0,0,0,17.98,0,0,0,60.339,0,8.4516,13.23,0,0,0,0,0,0.5,0.5,0,0,1,0,0,0,0,1,0,0,0
0,0,0,0,17.16,38.066,27.613,0,0,17.16,0,0,0,0,0,0,100,0,0,0,0,0,0,27.613,0,0,0,38.066,0,17.16,17.16,0,0,0,0,0,0,1,0,0,1,0,0,0,0,1,0,0,0
0,0,0,0,13.231,40.582,32.955,0,0,13.231,0,0,0,0,0,0,92.373,7.6267,0,0,0,0,0,32.955,0,0,0,40.582,0,13.231,13.231,0,0,0,0,0,0,1,0,0,1,0,0,0,0,1,0,0,0
0,0,0,0,28.201,41.006,15.396,0,0,15.396,0,0,0,0,0,0,100,0,0,0,0,0,0,15.396,0,0,0,41.006,0,15.396,28.201,0,0,0,0,0,0,1,0,0,1,0,0,0,0,1,0,0,0
0,0,0,0,0,100,0,0,0,0,0,0,0,0,0,0,100,0,0,0,0,0,0,0,0,0,0,100,0,0,0,0,0,0,0,0,0,1,0,0,1,0,0,0,0,1,0,0,0
0,0,0,0,38.771,38.771,11.229,0,0,11.229,0,0,0,0,0,0,100,0,0,0,0,0,0,11.229,0,0,0,38.771,0,24.532,25.468,0,0,0,0,0,0,1,0,0,1,0,0,0,0,1,0,0,0
0,0,0,0,0,100,0,0,0,0,0,0,0,0,0,0,100,0,0,0,0,0,0,0,0,0,0,100,0,0,0,0,0,0,0,0,0,1,0,0,1,0,0,0,0,1,0,0,0
8.3578,4.0324,0,0,8.3578,46.856,4.0324,0,4.0324,11.941,12.39,0,8.0647,8.3578,8.3578,0,54.765,8.3578,0,8.0647,0,4.0324,0,0,4.0324,16.423,8.3578,38.498,8.3578,7.9088,0,4.0324,12.39,0,0,0,0.032967,0.96703,0,0,1,0,0,0,0,1,0,0,0
0,0,0,0,6.3307,54.346,6.3307,0,0,13.842,19.151,0,0,9.5756,12.661,0,61.857,6.3307,0,0,0,9.5756,0,6.3307,6.3307,9.5756,0,41.684,15.906,20.172,0,0,0,0,0,0,0,1,0,0,1,0,0,0,0,1,0,0,0
0,0,0,0,10.328,74.695,10.524,0,0,4.4531,0,0,0,0,11.471,5.5504,60.984,21.995,0,0,0,0,0,10.524,5.9206,5.5504,0,46.203,5.5504,14.781,0,11.471,0,0,0,0,0.45,0.55,0,0,1,0,0,0,0,1,0,0,0
4.2691,4.2691,0,0,16.874,9.6103,8.5048,0,14.232,36.899,5.3411,4.7441,20.804,2.6706,0,13.114,13.371,0,0,24.769,13.114,7.4147,4.7441,0,3.7608,6.9397,4.2691,9.6103,15.784,7.5215,21.483,4.7441,21.143,0.21951,0.02439,0.04878,0.70732,0,0,0,1,0,0,0,0,1,0,0,0
2.5991,5.1194,0,0,22.752,6.973,2.5202,0,2.5202,7.3063,50.21,0,12.426,0,24.938,22.752,29.725,0,0,7.6396,0,2.5202,0,0,2.5202,7.6396,2.5991,6.973,24.938,47.69,0,2.5202,5.1194,0.95556,0,0.044444,0,0,0,0,1,0,0,0,0,1,0,0,0
25.789,6.7198,0,0,6.1049,16.193,12.825,0,6.7198,18.929,6.7198,0,25.649,0,0,15.593,22.297,0,0,29.74,0,6.7198,0,0,28.418,13.44,10.196,16.193,0,12.21,0,6.7198,12.825,0,0,0,1,0,0,0,1,0,0,0,0,1,0,0,0
0,0,0,0,3.3423,89.973,3.3423,0,0,3.3423,0,0,0,0,29.023,5.4249,34.447,31.105,0,0,0,0,0,3.3423,25.68,5.4249,0,33.188,3.3423,6.6846,0,22.338,0,0,0.0625,0,0.1875,0.75,0,0,1,0,0,0,0,1,0,0,0
0,0,0,0,10.216,61.535,18.033,0,0,10.216,0,0,0,0,28.921,0,52.374,18.705,0,0,0,0,0,18.033,18.705,0,0,24.124,10.216,20.432,0,8.4892,0,0,0,0,0,1,0,0,1,0,0,0,0,1,0,0,0
0,0,0,0,3.5426,84.139,8.7753,0,0,3.5426,0,0,0,0,29.282,22.196,17.551,30.972,0,0,0,0,0,8.7753,3.5426,22.196,0,10.465,25.739,7.0853,0,22.196,0,0,0,0,0,1,0,0,1,0,0,0,0,1,0,0,0
0,0,0,0,25.108,50.215,12.339,0,0,12.339,0,0,0,0,24.677,0,62.984,12.339,0,0,0,0,0,12.339,12.339,0,0,25.538,12.339,24.677,12.769,0,0,0,0,0,0,1,0,0,1,0,0,0,0,1,0,0,0
0,0,0,0,0,100,0,0,0,0,0,0,0,0,0,0,100,0,0,0,0,0,0,0,0,0,0,100,0,0,0,0,0,0,0,0,0,1,0,0,1,0,0,0,0,1,0,0,0
0,0,0,0,0,89.867,0,0,0,10.133,0,0,0,0,12.752,12.752,51.611,22.885,0,0,0,0,0,0,0,12.752,0,51.611,12.752,0,10.133,12.752,0,0,0,0,0,1,0,0,1,0,0,0,0,1,0,0,0
0,0,0,0,0,100,0,0,0,0,0,0,0,0,0,11.071,77.857,11.071,0,0,0,0,0,0,0,11.071,0,88.929,0,0,0,0,0,0,0,0,0,1,0,0,1,0,0,0,0,1,0,0,0
0,0,0,0,0,100,0,0,0,0,0,0,0,0,0,0,100,0,0,0,0,0,0,0,0,0,0,100,0,0,0,0,0,0,0,0,0,1,0,0,1,0,0,0,0,1,0,0,0
0,0,0,0,0,100,0,0,0,0,0,0,0,0,0,0,100,0,0,0,0,0,0,0,0,0,0,100,0,0,0,0,0,0,0,0,0,1,0,0,1,0,0,0,0,1,0,0,0
0,0,0,0,0,100,0,0,0,0,0,0,0,0,0,0,100,0,0,0,0,0,0,0,0,0,0,100,0,0,0,0,0,0,0,0,0,1,0,0,1,0,0,0,0,1,0,0,0
0,0,0,0,0,100,0,0,0,0,0,0,0,0,0,0,100,0,0,0,0,0,0,0,0,0,0,100,0,0,0,0,0,0,0,0,0,1,0,0,1,0,0,0,0,1,0,0,0
0,0,0,0,0,100,0,0,0,0,0,0,0,0,0,0,100,0,0,0,0,0,0,0,0,0,0,100,0,0,0,0,0,0,0,0,0,1,0,0,1,0,0,0,0,1,0,0,0
0,0,0,0,0,100,0,0,0,0,0,0,0,0,0,0,100,0,0,0,0,0,0,0,0,0,0,100,0,0,0,0,0,0,0,0,0,1,0,0,1,0,0,0,0,1,0,0,0
0,0,0,0,0,100,0,0,0,0,0,0,0,0,0,0,100,0,0,0,0,0,0,0,0,0,0,100,0,0,0,0,0,0,0,0,0,1,0,0,1,0,0,0,0,1,0,0,0
0,0,0,0,0,100,0,0,0,0,0,0,0,0,0,0,100,0,0,0,0,0,0,0,0,0,0,100,0,0,0,0,0,0,0,0,0,1,0,0,1,0,0,0,0,1,0,0,0
0,0,0,0,0,100,0,0,0,0,0,0,0,0,0,0,100,0,0,0,0,0,0,0,0,0,0,100,0,0,0,0,0,0,0,0,0,1,0,0,1,0,0,0,0,1,0,0,0
0,0,0,0,0,100,0,0,0,0,0,0,0,0,0,0,100,0,0,0,0,0,0,0,0,0,0,100,0,0,0,0,0,0,0,0,0,1,0,0,1,0,0,0,0,1,0,0,0
0,0,0,0,0,100,0,0,0,0,0,0,0,0,0,0,100,0,0,0,0,0,0,0,0,0,0,100,0,0,0,0,0,0,0,0,0,1,0,0,1,0,0,0,0,1,0,0,0
0,0,0,0,0,100,0,0,0,0,0,0,0,0,0,0,100,0,0,0,0,0,0,0,0,0,0,100,0,0,0,0,0,0,0,0,0,1,0,0,1,0,0,0,0,1,0,0,0
0,0,0,0,0,100,0,0,0,0,0,0,0,0,0,0,100,0,0,0,0,0,0,0,0,0,0,100,0,0,0,0,0,0,0,0,0,1,0,0,1,0,0,0,0,1,0,0,0
0,0,0,0,0,100,0,0,0,0,0,0,0,0,0,0,100,0,0,0,0,0,0,0,0,0,0,100,0,0,0,0,0,0,0,0,0,1,0,0,1,0,0,0,0,1,0,0,0
0,0,0,0,0,100,0,0,0,0,0,0,0,0,0,0,100,0,0,0,0,0,0,0,0,0,0,100,0,0,0,0,0,0,0,0,0,1,0,0,1,0,0,0,0,1,0,0,0
0,0,0,0,0,100,0,0,0,0,0,0,0,0,0,0,100,0,0,0,0,0,0,0,0,0,0,100,0,0,0,0,0,0,0,0,0,1,0,0,1,0,0,0,0,1,0,0,0
0,0,0,0,0,100,0,0,0,0,0,0,0,0,0,0,100,0,0,0,0,0,0,0,0,0,21.028,78.972,0,0,0,0,0,0,0,0,0,1,0,0,1,0,0,0,0,1,0,0,0
0,0,0,0,0,100,0,0,0,0,0,0,0,0,0,0,100,0,0,0,0,0,0,0,0,0,18.937,81.063,0,0,0,0,0,0,0,0,0,1,0,0,1,0,0,0,0,1,0,0,0
0,0,0,0,0,100,0,0,0,0,0,0,0,0,0,0,100,0,0,0,0,0,0,0,0,0,0,100,0,0,0,0,0,0,0,0,0,1,0,0,1,0,0,0,0,1,0,0,0
0,0,0,0,0,100,0,0,0,0,0,0,0,0,0,0,100,0,0,0,0,0,0,0,0,0,5.1452,94.855,0,0,0,0,0,0,0,0,0,1,0,0,1,0,0,0,0,1,0,0,0
0,0,0,0,0,100,0,0,0,0,0,0,0,0,0,0,100,0,0,0,0,0,0,0,0,0,0,100,0,0,0,0,0,0,0,0,0,1,0,0,1,0,0,0,0,1,0,0,0
0,0,0,0,0,100,0,0,0,0,0,0,0,0,0,0,100,0,0,0,0,0,0,0,0,0,0,100,0,0,0,0,0,0,0,0,0,1,0,0,1,0,0,0,0,1,0,0,0
3.5317,0,0,11.443,7.0633,77.962,0,0,0,0,0,3.5317,0,0,0,3.5317,74.43,0,0,3.5317,0,14.975,0,0,0,0,0,74.43,0,0,3.5317,7.0633,14.975,0,0,0,0,1,0,0,1,0,0,0,0,1,0,0,0
0,0,0,0,0,87.507,0,0,0,0,12.493,0,0,0,0,0,100,0,0,0,0,0,0,0,0,0,0,87.507,12.493,0,0,0,0,0,0,0,0,1,0,0,1,0,0,0,0,1,0,0,0
0,0,0,0,0,100,0,0,0,0,0,0,0,0,0,0,100,0,0,0,0,0,0,0,0,0,0,100,0,0,0,0,0,0,0,0,0,1,0,0,1,0,0,0,0,1,0,0,0
0,0,0,0,0,100,0,0,0,0,0,0,0,0,0,0,100,0,0,0,0,0,0,0,0,0,0,100,0,0,0,0,0,0,0,0,0,1,0,0,1,0,0,0,0,1,0,0,0
0,0,0,0,0,100,0,0,0,0,0,0,0,0,0,0,100,0,0,0,0,0,0,0,0,0,0,100,0,0,0,0,0,0,0,0,0,1,0,0,1,0,0,0,0,1,0,0,0
0,0,0,0,0,100,0,0,0,0,0,0,0,0,0,0,100,0,0,0,0,0,0,0,0,0,0,100,0,0,0,0,0,0,0,0,0,1,0,0,1,0,0,0,0,1,0,0,0
0,0,0,0,0,100,0,0,0,0,0,0,0,0,0,14.836,85.164,0,0,0,0,0,0,0,0,0,0,100,0,0,0,0,0,0,0,0,0,1,0,0,1,0,0,0,0,1,0,0,0
0,0,0,0,0,100,0,0,0,0,0,0,0,0,0,5.4007,94.599,0,0,0,0,0,0,0,0,0,5.4007,94.599,0,0,0,0,0,0,0,0,0,1,0,0,1,0,0,0,0,1,0,0,0
0,0,0,0,0,87.742,0,0,0,0,12.258,0,0,0,0,0,100,0,0,0,0,0,0,0,0,0,0,87.742,0,12.258,0,0,0,0,0,0,0,1,0,0,1,0,0,0,0,1,0,0,0
0,0,0,0,0,83.778,0,0,0,0,16.222,0,0,0,0,18.347,81.653,0,0,0,0,0,0,0,0,0,6.6428,77.135,16.222,0,0,0,0,0,0,0,0,1,0,0,1,0,0,0,0,1,0,0,0
0,0,0,0,0,100,0,0,0,0,0,0,0,0,0,13.454,86.546,0,0,0,0,0,0,0,0,0,0,100,0,0,0,0,0,0,0,0,0,1,0,0,1,0,0,0,0,1,0,0,0
0,0,0,0,0,100,0,0,0,0,0,0,0,0,0,9.4183,90.582,0,0,0,0,0,0,0,0,0,9.4183,90.582,0,0,0,0,0,0,0,0,0,1,0,0,1,0,0,0,0,1,0,0,0
0,0,0,0,0,100,0,0,0,0,0,0,0,0,0,13.411,86.589,0,0,0,0,0,0,0,0,0,21.82,78.18,0,0,0,0,0,0,0,0,0,1,0,0,1,0,0,0,0,1,0,0,0
0,0,0,0,0,100,0,0,0,0,0,0,0,0,0,0,85.747,14.253,0,0,0,0,0,0,0,0,14.253,85.747,0,0,0,0,0,0,0,0,0,1,0,0,1,0,0,0,0,1,0,0,0
0,0,0,0,0,100,0,0,0,0,0,0,0,0,0,0,100,0,0,0,0,0,0,0,0,0,0,100,0,0,0,0,0,0,0,0,0,1,0,0,1,0,0,0,0,1,0,0,0
0,0,0,0,0,100,0,0,0,0,0,0,0,0,0,4.2491,95.751,0,0,0,0,0,0,0,0,0,18.791,81.209,0,0,0,0,0,0,0,0,0,1,0,0,1,0,0,0,0,1,0,0,0
0,0,0,0,0,91.142,0,0,0,0,8.8581,0,0,0,0,15.138,84.862,0,0,0,0,0,0,0,0,0,21.608,69.534,8.8581,0,0,0,0,0,0,0,0,1,0,0,1,0,0,0,0,1,0,0,0
0,0,0,0,0,100,0,0,0,0,0,0,0,0,0,4.5473,95.453,0,0,0,0,0,0,0,0,0,13.642,86.358,0,0,0,0,0,0,0,0,0,1,0,0,1,0,0,0,0,1,0,0,0
0,0,0,0,0,100,0,0,0,0,0,0,0,0,0,0,100,0,0,0,0,0,0,0,0,0,0,100,0,0,0,0,0,0,0,0,0,1,0,0,1,0,0,0,0,1,0,0,0
0,0,0,0,0,100,0,0,0,0,0,0,0,0,0,0,100,0,0,0,0,0,0,0,0,0,0,95.304,4.6956,0,0,0,0,0,0,0,0,1,0,0,1,0,0,0,0,1,0,0,0
0,0,0,0,0,100,0,0,0,0,0,0,0,0,0,0,100,0,0,0,0,0,0,0,0,0,0,100,0,0,0,0,0,0,0,0,0,1,0,0,1,0,0,0,0,1,0,0,0
0,0,0,0,0,100,0,0,0,0,0,0,0,0,0,0,100,0,0,0,0,0,0,0,0,0,0,92.123,7.8772,0,0,0,0,0,0,0,0,1,0,0,1,0,0,0,0,1,0,0,0
0,0,0,0,0,100,0,0,0,0,0,0,0,0,0,0,100,0,0,0,0,0,0,0,0,0,0,79.614,20.386,0,0,0,0,0,0,0,0,1,0,0,1,0,0,0,0,1,0,0,0
0,0,0,0,0,100,0,0,0,0,0,0,0,0,0,0,100,0,0,0,0,0,0,0,0,0,0,89.631,10.369,0,0,0,0,0,0,0,0,1,0,0,1,0,0,0,0,1,0,0,0
0,0,0,0,0,100,0,0,0,0,0,0,0,0,0,0,100,0,0,0,0,0,0,0,0,0,25.67,74.33,0,0,0,0,0,0,0,0,0,1,0,0,1,0,0,0,0,1,0,0,0
9.2183,0,0,0,0,90.782,0,0,0,0,0,0,0,0,0,0,100,0,0,0,0,0,0,0,0,9.2183,0,65.559,25.222,0,0,0,0,0,0,0,0,1,0,0,1,0,0,0,0,1,0,0,0
0,0,0,0,14.762,85.238,0,0,0,0,0,0,0,0,0,0,81.429,18.571,0,0,0,0,0,0,0,0,0,51.905,33.333,0,0,0,14.762,0,0.011765,0.011765,0.023529,0.95294,0,0,1,0,0,0,0,1,0,0,0
0,0,0,0,0,100,0,0,0,0,0,0,0,0,0,0,87.331,12.669,0,0,0,0,0,0,0,0,0,87.331,12.669,0,0,0,0,0,0.016949,0,0,0.98305,0,0,1,0,0,0,0,1,0,0,0
0,0,0,0,0,100,0,0,0,0,0,0,0,0,0,0,90.097,9.9026,0,0,0,0,0,0,0,0,0,80.532,19.468,0,0,0,0,0,0,0,0.024096,0.9759,0,0,1,0,0,0,0,1,0,0,0
0,0,0,0,0,100,0,0,0,0,0,0,0,0,0,0,78.927,21.073,0,0,0,0,0,0,0,0,0,100,0,0,0,0,0,0,0,0,0,1,0,0,1,0,0,0,0,1,0,0,0
0,0,0,0,21.97,78.03,0,0,0,0,0,0,0,0,0,0,100,0,0,0,0,0,0,0,21.97,0,0,35.766,20.294,0,0,0,21.97,0,0,0,0,1,0,0,1,0,0,0,0,1,0,0,0
36.306,0,0,0,18.153,45.541,0,0,0,0,0,0,0,18.153,0,0,63.694,18.153,0,0,0,0,18.153,0,18.153,0,0,22.771,22.771,0,0,18.153,0,0,0,0,0,1,0,0,1,0,0,0,0,1,0,0,0
0,0,0,0,13.299,86.701,0,0,0,0,0,0,0,0,0,0,89.994,10.006,0,0,0,0,0,0,0,0,0,63.397,23.305,0,0,0,13.299,0,0,0,0,1,0,0,1,0,0,0,0,1,0,0,0
0,0,0,0,0,100,0,0,0,0,0,0,0,0,0,0,100,0,0,0,0,0,0,0,0,0,0,76.79,23.21,0,0,0,0,0,0,0,0,1,0,0,1,0,0,0,0,1,0,0,0
0,0,0,0,29.052,70.948,0,0,0,0,0,0,0,0,0,0,100,0,0,0,0,0,0,0,0,0,0,27.93,43.017,0,0,29.052,0,0,0,0,0,1,0,0,1,0,0,0,0,1,0,0,0
0,0,0,0,0,100,0,0,0,0,0,0,0,0,0,0,100,0,0,0,0,0,0,0,0,0,0,100,0,0,0,0,0,0,0,0,0,1,0,0,1,0,0,0,0,1,0,0,0
4.482,0,0,4.4185,13.383,73.757,0,0,0,0,3.9603,13.319,4.4185,0,0,4.482,59.979,0,0,4.482,0,13.319,4.4185,0,0,4.4185,0,56.019,3.9603,4.4185,4.482,8.9641,13.319,0,0,0,0,1,0,0,1,0,0,0,0,1,0,0,0
2.4315,0,0,7.6498,7.1083,63.494,2.2453,0,2.2453,2.2453,12.58,6.1628,2.2453,0,0,15.771,46.237,3.7313,0,4.6768,0,21.176,8.849,2.2453,0,3.7313,5.9766,42.506,3.7313,11.094,6.9221,7.1083,7.836,0,0,0,0,1,0,0,1,0,0,0,0,1,0,0,0
2.513,0,0,6.2012,13.144,46.456,0,0,0,8.9003,22.786,12.402,15.101,2.513,15.843,6.9426,34.795,0,0,0,0,12.402,8.7142,0,0,6.2012,2.513,25.34,15.843,28.987,0,0,12.402,0,0,0,0,1,0,0,1,0,0,0,0,1,0,0,0
0,0,0,4.4572,0,85.65,0,0,0,0,9.8933,5.7557,0,0,0,0,84.032,5.7557,0,0,0,4.4572,0,0,0,5.7557,5.7557,74.138,5.7557,4.1377,0,0,4.4572,0,0,0,0,1,0,0,1,0,0,0,0,1,0,0,0
7.9405,0,0,3.7184,3.7184,74.196,0,0,0,0,10.426,7.4368,3.7184,7.9405,0,4.1928,65.082,4.1928,0,0,0,7.4368,11.659,0,0,7.9111,7.9405,50.908,6.2336,7.9111,0,0,7.4368,0,0,0,0,1,0,0,1,0,0,0,0,1,0,0,0
12.664,0,0,0,0,78.325,0,0,0,0,9.0101,6.2136,0,5.2424,2.1797,2.7964,74.558,6.2136,0,0,0,2.7964,10.219,0,0,13.636,6.2136,60.922,6.2136,2.7964,0,0,0,0,0,0,0,1,0,0,1,0,0,0,0,1,0,0,0
0,0,0,0,0,85.277,0,0,0,0,14.723,0,0,0,0,5.895,88.21,5.895,0,0,0,0,0,0,0,5.895,0,79.382,8.828,5.895,0,0,0,0,0,0,0,1,0,0,1,0,0,0,0,1,0,0,0
8.2589,0,0,0,0,77.065,0,0,0,0,14.676,4.0727,0,0,8.2589,4.3706,79.225,4.0727,0,0,0,0,8.2589,0,0,12.332,8.4434,56.29,8.4434,6.233,0,0,0,0,0,0,0,1,0,0,1,0,0,0,0,1,0,0,0
12.701,0,0,0,0,78.328,0,0,0,0,8.9706,0,0,2.1959,5.2527,6.7026,76.878,6.7026,0,2.268,0,0,9.7166,0,0,11.955,4.4639,67.162,0,6.7026,0,0,0,0,0,0,0,1,0,0,1,0,0,0,0,1,0,0,0
0,0,0,0,0,83.482,0,0,0,0,16.518,0,0,0,0,11.696,88.304,0,0,0,0,0,0,0,0,0,11.696,71.786,11.696,4.8217,0,0,0,0,0,0,0,1,0,0,1,0,0,0,0,1,0,0,0
0,0,0,0,0,75.372,0,0,0,0,24.628,0,0,0,0,4.4291,83.198,4.4291,0,7.9435,0,0,7.9435,0,0,4.4291,14.398,56.545,12.255,4.4291,0,0,0,0,0,0,0,1,0,0,1,0,0,0,0,1,0,0,0
2.1605,5.0897,0,0,0,81.6,0,0,0,0,11.15,0,0,0,2.1605,6.0601,86.69,0,0,5.0897,0,0,7.2502,0,5.0897,2.1605,9.1012,70.338,6.0601,0,0,0,0,0,0,0,0,1,0,0,1,0,0,0,0,1,0,0,0
25,8.6229,0,0,0,57.754,0,0,0,8.6229,0,0,17.246,0,0,16.377,57.754,0,0,8.6229,0,0,0,0,16.377,8.6229,8.6229,57.754,0,0,0,0,8.6229,0,0,0,1,0,0,0,1,0,0,0,0,1,0,0,0
0,0,0,0,12.471,47.613,3.9147,0,0,7.8293,28.172,0,7.8293,0,8.5561,19.616,49.024,0,0,3.9147,0,11.06,11.06,0,3.9147,0,0,36.553,8.5561,36.001,0,0,3.9147,0,0,0,0,1,0,0,1,0,0,0,0,1,0,0,0
48.562,5.1503,0,0,0,29.6,0,0,0,16.687,0,0,10.301,0,0,18.478,47.594,0,0,23.628,0,0,0,0,18.478,11.607,23.628,29.6,0,0,11.537,0,5.1503,0,0,0,1,0,0,0,1,0,0,0,0,1,0,0,0
11.098,0,0,0,0,70.366,0,0,0,18.536,0,0,0,0,0,11.098,70.366,18.536,0,0,0,0,0,0,11.098,0,0,70.366,0,0,18.536,0,0,0,0,0,1,0,0,0,1,0,0,0,0,1,0,0,0
28.995,0,0,0,0,71.005,0,0,0,0,0,0,0,6.5071,0,0,93.493,0,0,0,0,0,6.5071,0,0,22.488,6.5071,64.498,0,0,0,0,0,0,0,0,1,0,0,0,1,0,0,0,0,1,0,0,0
16.092,0,0,0,0,74.138,0,0,0,4.885,4.885,0,4.885,16.092,4.885,0,74.138,0,0,0,0,0,16.092,0,0,0,16.092,58.046,4.885,4.885,0,0,0,0,0,0,0,1,0,0,1,0,0,0,0,1,0,0,0
55.016,0,0,0,0,31.82,0,0,0,13.164,0,0,0,24.399,0,6.2187,69.382,0,0,0,0,0,24.399,0,6.2187,24.399,0,31.82,0,0,13.164,0,0,0,0,0,1,0,0,0,1,0,0,0,0,1,0,0,0
14.392,0,0,0,0,66.667,0,0,0,18.941,0,0,0,0,0,0,100,0,0,0,0,0,0,0,0,14.392,0,66.667,0,0,18.941,0,0,0,0,0,1,0,0,0,1,0,0,0,0,1,0,0,0
0,0,0,0,0,80.158,0,0,0,19.842,0,0,0,0,0,8.6099,82.78,8.6099,0,0,0,0,0,0,0,8.6099,0,71.548,0,0,19.842,0,0,0,0,0,0,1,0,0,1,0,0,0,0,1,0,0,0
0,0,0,0,0,82.234,0,0,0,17.766,0,0,0,0,0,0,82.234,17.766,0,0,0,0,0,0,0,0,0,82.234,0,0,17.766,0,0,0,0,0,0,1,0,0,1,0,0,0,0,1,0,0,0
0,0,0,0,0,73.422,0,0,0,26.578,0,0,0,0,0,0,100,0,0,0,0,0,0,0,0,0,0,73.422,0,0,26.578,0,0,0,0,0,0,1,0,0,1,0,0,0,0,1,0,0,0
0,0,0,0,0,81.511,0,0,0,18.489,0,0,0,0,0,0,100,0,0,0,0,0,0,0,0,0,0,81.511,0,0,18.489,0,0,0,0,0,0,1,0,0,1,0,0,0,0,1,0,0,0
29.025,0,0,0,0,70.975,0,0,0,0,0,0,0,0,6.4623,0,93.538,0,0,0,0,0,6.4623,0,0,29.025,0,64.513,0,0,0,0,0,0,0,0,1,0,0,0,1,0,0,0,0,1,0,0,0
15.832,0,0,0,0,84.168,0,0,0,0,0,0,0,0,15.832,0,84.168,0,0,0,0,0,15.832,0,0,15.832,0,68.335,0,0,0,0,0,0,0,0,0,1,0,0,1,0,0,0,0,1,0,0,0
49.074,7.9882,0,0,0,33.951,0,0,0,8.9871,0,0,0,0,24.537,0,75.463,0,0,0,0,0,24.537,0,7.9882,24.537,0,33.951,0,0,8.9871,0,0,0,0,0,1,0,0,0,1,0,0,0,0,1,0,0,0
9.9173,0,0,0,0,72.521,0,0,0,17.562,0,0,0,0,0,7.086,92.914,0,0,0,0,0,0,0,0,9.9173,0,72.521,0,0,17.562,0,0,0,0,0,1,0,0,0,1,0,0,0,0,1,0,0,0
0,22.896,0,0,0,70.842,0,0,0,0,6.2623,0,0,0,0,0,93.738,0,0,6.2623,0,0,6.2623,0,22.896,0,6.2623,64.579,0,0,0,0,0,0,0,0,1,0,0,0,1,0,0,0,0,1,0,0,0
0,0,0,0,0,86.529,0,0,0,0,13.471,0,0,0,0,0,86.529,0,0,13.471,0,0,13.471,0,0,0,17.632,68.896,0,0,0,0,0,0,0,0,0,1,0,0,1,0,0,0,0,1,0,0,0
7.976,26.095,0,0,0,33.863,0,0,0,5.9705,26.095,0,0,0,0,5.9705,67.934,0,0,26.095,0,0,26.095,0,26.095,7.976,0,33.863,0,0,5.9705,0,0,0,0,0,1,0,0,0,1,0,0,0,0,1,0,0,0
0,6.7261,0,0,0,71.513,0,0,0,21.761,0,0,0,0,0,14.538,85.462,0,0,0,0,0,0,0,6.7261,0,0,71.513,0,0,21.761,0,0,0,0,0,1,0,0,0,1,0,0,0,0,1,0,0,0
0,0,0,0,0,76.524,0,0,0,23.476,0,0,0,0,0,5.8351,94.165,0,0,0,0,0,0,0,0,0,0,76.524,0,0,23.476,0,0,0,0,0,0,1,0,0,1,0,0,0,0,1,0,0,0
0,0,0,0,0,75,0,0,0,25,0,0,0,0,0,0,100,0,0,0,0,0,0,0,0,0,0,75,0,0,25,0,0,0,0,0,0,1,0,0,1,0,0,0,0,1,0,0,0
0,0,0,0,0,80.474,0,0,0,19.526,0,0,0,0,0,13.9,86.1,0,0,0,0,0,0,0,0,0,0,80.474,0,0,19.526,0,0,0,0,0,0,1,0,0,1,0,0,0,0,1,0,0,0
0,0,0,0,0,86.859,0,0,0,13.141,0,0,0,0,0,13.141,86.859,0,0,0,0,0,0,0,0,0,0,86.859,0,0,13.141,0,0,0,0,0,0,1,0,0,1,0,0,0,0,1,0,0,0
0,0,0,0,0,88.462,0,0,0,0,11.538,0,0,0,0,8.9896,91.01,0,0,0,0,0,0,0,0,0,32.405,56.057,11.538,0,0,0,0,0,0,0,0,1,0,0,1,0,0,0,0,1,0,0,0
0,0,0,0,0,88.84,0,0,0,0,11.16,0,0,0,0,11.16,88.84,0,0,0,0,0,0,0,0,0,25,63.84,11.16,0,0,0,0,0,0,0,0,1,0,0,1,0,0,0,0,1,0,0,0
0,0,0,0,0,87.609,0,0,0,0,12.391,0,0,0,0,0,97.415,0,0,2.5849,0,0,2.5849,0,0,0,12.391,75.217,9.8065,0,0,0,0,0,0,0,0,1,0,0,1,0,0,0,0,1,0,0,0
0,0,0,0,0,100,0,0,0,0,0,0,0,0,0,4.5799,95.42,0,0,0,0,0,0,0,0,0,25.728,51.414,0,0,22.858,0,0,0,0,0,0,1,0,0,1,0,0,0,0,1,0,0,0
9.1961,0,0,0,0,81.608,0,0,0,0,9.1961,0,0,0,9.1961,0,90.804,0,0,0,0,0,0,0,0,0,9.1961,81.608,0,0,9.1961,0,0,0,0,0,0,1,0,0,1,0,0,0,0,1,0,0,0
24.378,0,0,0,0,68.448,0,0,0,0,7.1745,0,0,0,7.1745,0,92.825,0,0,0,0,0,0,0,0,7.1745,24.378,55.014,0,0,13.433,0,0,0,0,0,0,1,0,0,1,0,0,0,0,1,0,0,0
17.21,0,0,0,0,82.79,0,0,0,0,0,0,0,0,0,0,100,0,0,0,0,0,0,0,0,17.21,17.21,65.58,0,0,0,0,0,0,0,0,0,1,0,0,1,0,0,0,0,1,0,0,0
14.923,0,0,0,0,76.728,0,0,0,0,8.349,0,0,0,8.349,0,91.651,0,0,0,0,0,0,0,0,14.923,35.964,49.113,0,0,0,0,0,0,0,0,0,1,0,0,1,0,0,0,0,1,0,0,0
17.338,0,0,0,0,75.398,0,0,0,0,7.2642,0,0,0,7.2642,0,92.736,0,0,0,0,0,0,0,0,10.074,29.334,53.328,0,0,7.2642,0,0,0,0,0,0,1,0,0,1,0,0,0,0,1,0,0,0
18.8,0,0,0,0,81.2,0,0,0,0,0,0,0,0,0,0,100,0,0,0,0,0,0,0,0,18.8,18.8,53.243,9.157,0,0,0,0,0,0,0,0,1,0,0,1,0,0,0,0,1,0,0,0
9.3998,0,0,0,0,90.6,0,0,0,0,0,0,0,0,0,0,100,0,0,0,0,0,0,0,3.3708,6.029,21.005,38.239,31.356,0,0,0,0,0,0,0,0,1,0,0,1,0,0,0,0,1,0,0,0
9.7732,0,0,0,0,90.227,0,0,0,0,0,0,0,0,0,0,100,0,0,0,0,0,0,0,0,9.7732,12.3,34.287,43.64,0,0,0,0,0,0,0,0,1,0,0,1,0,0,0,0,1,0,0,0
43.991,0,0,0,0,56.009,0,0,0,0,0,0,0,0,0,0,100,0,0,0,0,0,0,0,0,43.991,0,56.009,0,0,0,0,0,0,0,0,1,0,0,0,1,0,0,0,0,1,0,0,0
6.3756,0,0,0,0,93.624,0,0,0,0,0,0,0,0,0,0,100,0,0,0,0,0,0,0,0,0,26.594,73.406,0,0,0,0,0,0,0,0,0,1,0,0,1,0,0,0,0,1,0,0,0
33.627,0,0,0,0,58.187,0,0,0,8.1867,0,0,0,0,0,8.1867,91.813,0,0,0,0,0,0,0,0,33.627,0,58.187,0,0,8.1867,0,0,0,0,0,1,0,0,0,1,0,0,0,0,1,0,0,0
7.5129,0,0,0,0,60.544,0,0,0,31.943,0,0,0,0,0,31.943,68.057,0,0,0,0,0,0,0,0,7.5129,0,60.544,0,0,31.943,0,0,0,0,0,1,0,0,0,1,0,0,0,0,1,0,0,0
63.918,0,0,0,0,36.082,0,0,0,0,0,0,0,0,0,0,100,0,0,0,0,0,0,0,12.069,63.918,0,24.013,0,0,0,0,0,0,0,0,1,0,0,0,1,0,0,0,0,1,0,0,0
17.847,0,0,0,0,64.306,0,0,0,0,17.847,0,0,0,17.847,0,82.153,0,0,0,0,0,0,0,0,0,23.678,58.475,0,0,17.847,0,0,0,0,0,0,1,0,0,1,0,0,0,0,1,0,0,0
33.333,0,0,0,0,66.667,0,0,0,0,0,0,0,0,0,0,100,0,0,0,0,0,0,0,0,33.333,0,66.667,0,0,0,0,0,0,0,0,1,0,0,0,1,0,0,0,0,1,0,0,0
0,0,0,0,0,72.468,0,0,0,27.532,0,0,0,0,0,27.532,72.468,0,0,0,0,0,0,0,0,0,0,72.468,0,0,27.532,0,0,0,0,0,0.97778,0.022222,0,0,1,0,0,0,0,1,0,0,0
0,0,0,0,0,75.629,0,0,0,24.371,0,0,0,0,0,24.371,75.629,0,0,0,0,0,0,0,0,0,0,75.629,0,0,24.371,0,0,0,0,0,0,1,0,0,1,0,0,0,0,1,0,0,0
0,0,0,0,0,79.732,0,0,0,20.268,0,0,0,0,0,20.268,79.732,0,0,0,0,0,0,0,0,0,0,79.732,0,0,20.268,0,0,0,0,0,0,1,0,0,1,0,0,0,0,1,0,0,0
0,0,0,0,0,74.857,0,0,0,25.143,0,0,0,0,0,25.143,74.857,0,0,0,0,0,0,0,0,0,0,74.857,0,0,25.143,0,0,0,0,0,0,1,0,0,1,0,0,0,0,1,0,0,0
9.1938,0,0,0,36.209,54.597,0,0,0,0,0,0,0,0,0,0,100,0,0,0,0,0,0,0,36.209,9.1938,0,18.388,0,0,0,0,36.209,0,0,0,1,0,0,0,1,0,0,0,0,1,0,0,0
20.31,0,0,0,0,65.915,0,0,0,0,13.775,0,0,0,13.775,0,86.225,0,0,0,0,0,0,0,0,13.775,26.851,39.868,19.506,0,0,0,0,0,0,0,0,1,0,0,1,0,0,0,0,1,0,0,0
0,0,0,0,12.725,87.275,0,0,0,0,0,0,0,0,0,0,100,0,0,0,0,0,0,0,30.912,0,0,43.637,12.725,0,0,0,12.725,0,0,0,0,1,0,0,1,0,0,0,0,1,0,0,0
60.461,0,0,0,27.128,12.411,0,0,0,0,0,0,0,33.333,0,0,27.128,39.539,0,0,0,0,27.128,0,33.333,0,0,6.2055,0,0,0,27.128,6.2055,0,0,0,1,0,0,0,1,0,0,0,0,1,0,0,0
3.9679,0,0,0,0,96.032,0,0,0,0,0,0,0,0,0,0,100,0,0,0,0,0,0,0,0,3.9679,30.856,37.784,27.392,0,0,0,0,0,0,0,0,1,0,0,1,0,0,0,0,1,0,0,0
35.746,0,0,0,11.842,52.413,0,0,0,0,0,0,0,4.8256,0,0,23.683,71.491,0,0,0,0,30.92,0,4.8256,0,0,35.746,11.842,0,0,11.842,4.8256,0,0,0,0,1,0,0,1,0,0,0,0,1,0,0,0
0,12.515,0,0,0,87.485,0,0,0,0,0,0,8.4659,0,0,12.515,60.98,18.04,0,0,0,0,0,0,4.0486,8.4659,0,83.437,4.0486,0,0,0,0,0,0.076923,0,0.076923,0.84615,0,0,1,0,0,0,0,1,0,0,0
0,30.771,0,0,0,69.229,0,0,0,0,0,0,10.91,0,0,8.951,54.649,25.49,0,0,0,0,0,0,19.861,10.91,0,54.649,14.58,0,0,0,0,0,0,0,0,1,0,0,1,0,0,0,0,1,0,0,0
0,5.7387,0,0,0,91.514,0,0,2.7476,0,0,0,0,0,0,5.7387,77.027,14.487,2.7476,0,0,0,0,0,5.7387,0,0,67.67,23.844,0,0,2.7476,0,0,0,0,0,1,0,0,1,0,0,0,0,1,0,0,0
0,37.347,0,0,0,62.653,0,0,0,0,0,0,21.448,0,0,8.6541,42.743,27.155,0,0,0,0,0,0,15.898,21.448,0,60.051,2.6026,0,0,0,0,0,0,0,0,1,0,0,1,0,0,0,0,1,0,0,0
0,24.491,0,0,0,72.168,0,0,3.3413,0,0,0,9.5572,0,0,21.15,41.46,24.491,3.3413,0,0,0,0,0,14.934,9.5572,0,60.575,11.593,0,0,3.3413,0,0,0,0,0,1,0,0,1,0,0,0,0,1,0,0,0
0,17.518,0,0,0,79.98,0,0,2.5024,0,0,1.9575,0,0,1.9575,0,78.022,13.603,4.4599,0,0,0,0,0,15.56,1.9575,0,71.609,8.3706,0,0,2.5024,0,0,0,0,0,1,0,0,1,0,0,0,0,1,0,0,0
0,0,0,0,0,92.151,0,0,7.8486,0,0,0,0,0,0,0,92.151,0,7.8486,0,0,0,0,0,0,0,0,84.303,7.8486,0,0,7.8486,0,0,0,0,0,1,0,0,1,0,0,0,0,1,0,0,0
0,14.215,0,0,0,67.29,0,0,18.495,0,0,0,0,0,0,2.4946,64.795,14.215,18.495,0,0,0,0,0,14.215,0,0,58.021,9.2687,0,0,18.495,0,0,0,0,0,1,0,0,1,0,0,0,0,1,0,0,0
0,35.738,0,0,0,61.831,0,0,2.4307,0,0,0,4.7175,0,0,0,61.831,23.374,10.078,0,0,0,0,0,31.021,4.7175,0,59.4,2.4307,0,0,2.4307,0,0,0,0,0,1,0,0,1,0,0,0,0,1,0,0,0
0,13.761,0,0,7.6891,74.576,0,0,3.9744,0,0,6.8804,0,0,6.8804,0,75.384,0,10.855,0,0,0,0,0,6.8804,6.8804,0,70.601,3.9744,7.6891,0,3.9744,0,0,0,0,0,1,0,0,1,0,0,0,0,1,0,0,0
0,25.952,8.4513,0,2.3552,61.253,0,0,1.9883,0,0,6.0962,0,0,2.3552,0,58.898,0,30.295,2.3552,0,0,0,6.0962,22.211,6.0962,0,59.265,1.9883,2.3552,0,1.9883,0,0,0,0,0,1,0,0,1,0,0,0,0,1,0,0,0
0,36.646,0,0,0,57.764,0,0,5.5904,0,0,15.528,0,0,15.528,0,42.236,5.5904,21.118,0,0,0,0,0,21.118,15.528,0,57.764,0,0,0,5.5904,0,0,0,0,0,1,0,0,1,0,0,0,0,1,0,0,0
0,0,0,0,0,100,0,0,0,0,0,0,0,0,0,0,100,0,0,0,0,0,0,0,0,0,0,100,0,0,0,0,0,0,0,0,0,1,0,0,1,0,0,0,0,1,0,0,0
0,0,0,0,0,100,0,0,0,0,0,0,0,0,0,0,100,0,0,0,0,0,0,0,0,0,0,100,0,0,0,0,0,0,0,0,0,1,0,0,1,0,0,0,0,1,0,0,0
0,0,0,0,0,100,0,0,0,0,0,0,0,0,0,0,100,0,0,0,0,0,0,0,0,0,0,100,0,0,0,0,0,0,0,0,0,1,0,0,1,0,0,0,0,1,0,0,0
0,0,0,0,0,100,0,0,0,0,0,0,0,0,0,0,100,0,0,0,0,0,0,0,0,0,0,100,0,0,0,0,0,0,0,0,0,1,0,0,1,0,0,0,0,1,0,0,0
0,0,0,0,0,100,0,0,0,0,0,0,0,0,0,0,100,0,0,0,0,0,0,0,0,0,0,100,0,0,0,0,0,0,0,0,0,1,0,0,1,0,0,0,0,1,0,0,0
0,0,0,0,0,100,0,0,0,0,0,0,0,0,0,0,100,0,0,0,0,0,0,0,0,0,0,100,0,0,0,0,0,0,0,0,0,1,0,0,1,0,0,0,0,1,0,0,0
0,0,0,0,0,100,0,0,0,0,0,0,0,0,0,0,100,0,0,0,0,0,0,0,0,0,0,100,0,0,0,0,0,0,0,0,0,1,0,0,1,0,0,0,0,1,0,0,0
0,0,0,0,0,100,0,0,0,0,0,0,0,0,0,0,100,0,0,0,0,0,0,0,0,0,0,100,0,0,0,0,0,0,0,0,0,1,0,0,1,0,0,0,0,1,0,0,0
0,0,0,0,0,100,0,0,0,0,0,0,0,0,0,0,100,0,0,0,0,0,0,0,0,0,0,100,0,0,0,0,0,0,0,0,0,1,0,0,1,0,0,0,0,1,0,0,0
0,0,0,0,0,100,0,0,0,0,0,0,0,0,0,0,100,0,0,0,0,0,0,0,0,0,0,100,0,0,0,0,0,0,0,0,0,1,0,0,1,0,0,0,0,1,0,0,0
0,0,0,0,0,100,0,0,0,0,0,0,0,0,0,0,100,0,0,0,0,0,0,0,0,0,0,100,0,0,0,0,0,0,0,0,0,1,0,0,1,0,0,0,0,1,0,0,0
0,0,0,0,0,100,0,0,0,0,0,0,0,0,0,0,100,0,0,0,0,0,0,0,0,0,0,100,0,0,0,0,0,0,0,0,0,1,0,0,1,0,0,0,0,1,0,0,0
0,0,0,0,0,100,0,0,0,0,0,0,0,0,0,0,100,0,0,0,0,0,0,0,0,0,0,100,0,0,0,0,0,0,0,0,0,1,0,0,1,0,0,0,0,1,0,0,0
0,0,0,0,0,100,0,0,0,0,0,0,0,0,0,0,100,0,0,0,0,0,0,0,0,0,0,100,0,0,0,0,0,0,0,0,0,1,0,0,1,0,0,0,0,1,0,0,0
0,0,0,0,0,100,0,0,0,0,0,0,0,0,0,0,100,0,0,0,0,0,0,0,0,0,0,100,0,0,0,0,0,0,0,0,0,1,0,0,1,0,0,0,0,1,0,0,0
0,0,0,0,0,100,0,0,0,0,0,0,0,0,0,0,100,0,0,0,0,0,0,0,0,0,0,100,0,0,0,0,0,0,0,0,0,1,0,0,1,0,0,0,0,1,0,0,0
0,0,0,0,0,100,0,0,0,0,0,0,0,0,0,0,100,0,0,0,0,0,0,0,0,0,0,100,0,0,0,0,0,0,0,0,0,1,0,0,1,0,0,0,0,1,0,0,0
0,0,0,0,0,100,0,0,0,0,0,0,0,0,0,0,100,0,0,0,0,0,0,0,0,0,0,100,0,0,0,0,0,0,0,0,0,1,0,0,1,0,0,0,0,1,0,0,0
0,0,0,0,0,100,0,0,0,0,0,0,0,0,0,0,100,0,0,0,0,0,0,0,0,0,0,100,0,0,0,0,0,0,0,0,0,1,0,0,1,0,0,0,0,1,0,0,0
0,0,0,0,0,100,0,0,0,0,0,0,0,0,0,0,100,0,0,0,0,0,0,0,0,0,0,100,0,0,0,0,0,0,0,0,0,1,0,0,1,0,0,0,0,1,0,0,0
0,0,0,0,0,100,0,0,0,0,0,0,0,0,0,0,100,0,0,0,0,0,0,0,0,0,0,100,0,0,0,0,0,0,0,0,0,1,0,0,1,0,0,0,0,1,0,0,0
0,0,0,0,0,100,0,0,0,0,0,0,0,0,0,0,100,0,0,0,0,0,0,0,0,0,0,100,0,0,0,0,0,0,0,0,0,1,0,0,1,0,0,0,0,1,0,0,0
0,0,0,0,0,100,0,0,0,0,0,0,0,0,0,0,100,0,0,0,0,0,0,0,0,0,0,100,0,0,0,0,0,0,0,0,0,1,0,0,1,0,0,0,0,1,0,0,0
0,0,0,0,0,100,0,0,0,0,0,0,0,0,0,0,100,0,0,0,0,0,0,0,0,0,0,100,0,0,0,0,0,0,0,0,0,1,0,0,1,0,0,0,0,1,0,0,0
0,0,0,0,0,100,0,0,0,0,0,0,0,0,0,0,100,0,0,0,0,0,0,0,0,0,0,100,0,0,0,0,0,0,0,0,0,1,0,0,1,0,0,0,0,1,0,0,0
0,0,0,0,0,100,0,0,0,0,0,0,0,0,0,0,100,0,0,0,0,0,0,0,0,0,0,100,0,0,0,0,0,0,0,0,0,1,0,0,1,0,0,0,0,1,0,0,0
0,0,0,0,0,100,0,0,0,0,0,0,0,0,0,0,100,0,0,0,0,0,0,0,0,0,0,100,0,0,0,0,0,0,0,0,0,1,0,0,1,0,0,0,0,1,0,0,0
0,0,0,0,0,100,0,0,0,0,0,0,0,0,0,0,100,0,0,0,0,0,0,0,0,0,0,100,0,0,0,0,0,0,0,0,0,1,0,0,1,0,0,0,0,1,0,0,0
0,0,0,0,0,100,0,0,0,0,0,0,0,0,0,0,100,0,0,0,0,0,0,0,0,0,0,100,0,0,0,0,0,0,0,0,0,1,0,0,1,0,0,0,0,1,0,0,0
0,0,0,0,0,100,0,0,0,0,0,0,0,0,0,0,100,0,0,0,0,0,0,0,0,0,0,100,0,0,0,0,0,0,0,0,0,1,0,0,1,0,0,0,0,1,0,0,0
0,0,0,0,0,100,0,0,0,0,0,0,0,0,0,13.513,86.487,0,0,0,0,0,0,0,0,0,5.8031,94.197,0,0,0,0,0,0,0,0,0.42105,0.57895,0,0,1,0,0,0,0,1,0,0,0
0,0,0,0,0,100,0,0,0,0,0,0,0,0,0,11.047,88.953,0,0,0,0,0,0,0,0,0,0,100,0,0,0,0,0,0,0,0,0.22078,0.77922,0,0,1,0,0,0,0,1,0,0,0
0,0,0,0,0,100,0,0,0,0,0,0,0,0,0,15.726,77.609,6.6645,0,0,0,0,0,0,0,0,24.272,75.728,0,0,0,0,0,0,0,0,0.33333,0.66667,0,0,1,0,0,0,0,1,0,0,0
0,0,0,0,0,100,0,0,0,0,0,0,0,0,0,16.957,66.087,16.957,0,0,0,0,0,0,0,0,16.957,83.043,0,0,0,0,0,0,0,0,0.011111,0.98889,0,0,1,0,0,0,0,1,0,0,0
0,0,0,0,0,100,0,0,0,0,0,0,0,0,0,0,100,0,0,0,0,0,0,0,0,0,0,100,0,0,0,0,0,0,0,0,0,1,0,0,1,0,0,0,0,1,0,0,0
0,0,0,0,0,100,0,0,0,0,0,0,0,0,0,0,100,0,0,0,0,0,0,0,0,0,0,100,0,0,0,0,0,0,0,0,0,1,0,0,1,0,0,0,0,1,0,0,0
0,0,0,0,0,100,0,0,0,0,0,0,0,0,0,11.685,88.315,0,0,0,0,0,0,0,0,0,0,100,0,0,0,0,0,0,0,0,0,1,0,0,1,0,0,0,0,1,0,0,0
0,0,0,0,0,100,0,0,0,0,0,0,0,0,0,0,100,0,0,0,0,0,0,0,0,0,0,100,0,0,0,0,0,0,0,0,0,1,0,0,1,0,0,0,0,1,0,0,0
0,0,0,0,0,100,0,0,0,0,0,0,0,0,0,13.166,86.834,0,0,0,0,0,0,0,0,0,13.428,86.572,0,0,0,0,0,0,0,0,0.1194,0.8806,0,0,1,0,0,0,0,1,0,0,0
0,0,0,0,0,100,0,0,0,0,0,0,0,0,0,13.364,86.636,0,0,0,0,0,0,0,0,0,18.631,81.369,0,0,0,0,0,0,0,0,0.1,0.9,0,0,1,0,0,0,0,1,0,0,0
0,0,0,0,0,100,0,0,0,0,0,0,0,0,0,11.696,67.426,20.878,0,0,0,0,0,0,0,0,30.059,69.941,0,0,0,0,0,0,0,0,0.34043,0.65957,0,0,1,0,0,0,0,1,0,0,0
0,0,0,0,0,100,0,0,0,0,0,0,0,0,0,10.207,79.585,10.207,0,0,0,0,0,0,0,0,23.363,76.637,0,0,0,0,0,0,0,0,0,1,0,0,1,0,0,0,0,1,0,0,0
0,0,0,0,0,100,0,0,0,0,0,0,0,0,0,0,100,0,0,0,0,0,0,0,0,0,0,100,0,0,0,0,0,0,0,0,0,1,0,0,1,0,0,0,0,1,0,0,0
0,0,0,0,0,100,0,0,0,0,0,0,0,0,0,0,88.966,11.034,0,0,0,0,0,0,0,0,22.068,77.932,0,0,0,0,0,0,0,0,0,1,0,0,1,0,0,0,0,1,0,0,0
0,0,0,0,0,100,0,0,0,0,0,0,0,0,0,0,100,0,0,0,0,0,0,0,0,0,0,100,0,0,0,0,0,0,0,0,0,1,0,0,1,0,0,0,0,1,0,0,0
0,0,0,0,0,100,0,0,0,0,0,0,0,0,0,0,100,0,0,0,0,0,0,0,0,0,0,100,0,0,0,0,0,0,0,0,0,1,0,0,1,0,0,0,0,1,0,0,0
0,0,0,0,0,100,0,0,0,0,0,0,0,0,0,0,100,0,0,0,0,0,0,0,0,0,0,100,0,0,0,0,0,0,0,0,0,1,0,0,1,0,0,0,0,1,0,0,0
0,0,0,0,0,100,0,0,0,0,0,0,0,0,0,0,100,0,0,0,0,0,0,0,0,0,0,100,0,0,0,0,0,0,0,0,0.35417,0.64583,0,0,1,0,0,0,0,1,0,0,0
0,0,0,0,0,100,0,0,0,0,0,0,0,0,0,11.598,88.402,0,0,0,0,0,0,0,0,0,17.444,82.556,0,0,0,0,0,0,0,0,0.20339,0.79661,0,0,1,0,0,0,0,1,0,0,0
0,0,0,0,0,100,0,0,0,0,0,0,0,0,0,0,100,0,0,0,0,0,0,0,0,0,0,100,0,0,0,0,0,0,0,0,0.30435,0.69565,0,0,1,0,0,0,0,1,0,0,0
0,0,0,0,0,100,0,0,0,0,0,0,0,0,0,0,100,0,0,0,0,0,0,0,0,0,0,100,0,0,0,0,0,0,0,0,0,1,0,0,1,0,0,0,0,1,0,0,0
0,0,0,0,0,100,0,0,0,0,0,0,0,0,0,0,100,0,0,0,0,0,0,0,0,0,0,100,0,0,0,0,0,0,0,0,0.010417,0.98958,0,0,1,0,0,0,0,1,0,0,0
0,0,0,0,0,100,0,0,0,0,0,0,0,0,0,0,100,0,0,0,0,0,0,0,0,0,0,100,0,0,0,0,0,0,0,0,0,1,0,0,1,0,0,0,0,1,0,0,0
0,0,0,0,0,100,0,0,0,0,0,0,0,0,0,0,100,0,0,0,0,0,0,0,0,0,0,100,0,0,0,0,0,0,0,0,0,1,0,0,1,0,0,0,0,1,0,0,0
0,0,0,0,0,100,0,0,0,0,0,0,0,0,0,0,100,0,0,0,0,0,0,0,0,0,0,100,0,0,0,0,0,0,0,0,0,1,0,0,1,0,0,0,0,1,0,0,0
0,0,0,0,0,100,0,0,0,0,0,0,0,0,0,16.929,83.071,0,0,0,0,0,0,0,0,0,8.8275,91.172,0,0,0,0,0,0,0,0,0,1,0,0,1,0,0,0,0,1,0,0,0
0,0,0,0,0,100,0,0,0,0,0,0,0,0,0,0,100,0,0,0,0,0,0,0,0,0,11.746,88.254,0,0,0,0,0,0,0,0,0,1,0,0,1,0,0,0,0,1,0,0,0
0,0,0,0,0,100,0,0,0,0,0,0,0,0,0,0,100,0,0,0,0,0,0,0,0,0,0,100,0,0,0,0,0,0,0,0,0,1,0,0,1,0,0,0,0,1,0,0,0
0,0,0,0,0,100,0,0,0,0,0,0,0,0,0,0,100,0,0,0,0,0,0,0,0,0,0,100,0,0,0,0,0,0,0,0,0,1,0,0,1,0,0,0,0,1,0,0,0
0,0,0,0,0,100,0,0,0,0,0,0,0,0,0,0,100,0,0,0,0,0,0,0,0,0,0,100,0,0,0,0,0,0,0,0,0,1,0,0,1,0,0,0,0,1,0,0,0
0,0,0,0,0,100,0,0,0,0,0,0,0,0,0,0,100,0,0,0,0,0,0,0,0,0,0,100,0,0,0,0,0,0,0,0,0,1,0,0,1,0,0,0,0,1,0,0,0
0,0,0,0,0,100,0,0,0,0,0,0,0,0,0,0,100,0,0,0,0,0,0,0,0,0,0,100,0,0,0,0,0,0,0,0,0,1,0,0,1,0,0,0,0,1,0,0,0
0,0,0,0,0,100,0,0,0,0,0,0,0,0,0,0,100,0,0,0,0,0,0,0,0,0,0,100,0,0,0,0,0,0,0,0,0,1,0,0,1,0,0,0,0,1,0,0,0
0,0,0,0,0,100,0,0,0,0,0,0,0,0,0,0,100,0,0,0,0,0,0,0,0,0,0,100,0,0,0,0,0,0,0,0,0,1,0,0,1,0,0,0,0,1,0,0,0
0,0,0,0,0,100,0,0,0,0,0,0,0,0,0,0,100,0,0,0,0,0,0,0,0,0,0,100,0,0,0,0,0,0,0,0,0,1,0,0,1,0,0,0,0,1,0,0,0
0,0,0,0,0,100,0,0,0,0,0,0,0,0,0,0,100,0,0,0,0,0,0,0,0,0,0,100,0,0,0,0,0,0,0,0,0,1,0,0,1,0,0,0,0,1,0,0,0
0,0,0,0,0,100,0,0,0,0,0,0,0,0,0,0,100,0,0,0,0,0,0,0,0,0,0,100,0,0,0,0,0,0,0,0,0,1,0,0,1,0,0,0,0,1,0,0,0
0,0,0,0,0,100,0,0,0,0,0,0,0,0,0,0,100,0,0,0,0,0,0,0,0,0,0,100,0,0,0,0,0,0,0,0,0,1,0,0,1,0,0,0,0,1,0,0,0
0,0,0,0,0,100,0,0,0,0,0,0,0,0,0,0,100,0,0,0,0,0,0,0,0,0,0,100,0,0,0,0,0,0,0,0,0,1,0,0,1,0,0,0,0,1,0,0,0
0,0,0,0,0,100,0,0,0,0,0,0,0,0,0,0,100,0,0,0,0,0,0,0,0,0,0,100,0,0,0,0,0,0,0,0,0,1,0,0,1,0,0,0,0,1,0,0,0
0,0,0,0,0,100,0,0,0,0,0,0,0,0,0,0,100,0,0,0,0,0,0,0,0,0,0,100,0,0,0,0,0,0,0,0,0,1,0,0,1,0,0,0,0,1,0,0,0
0,0,0,0,0,100,0,0,0,0,0,0,0,0,0,4.0301,95.97,0,0,0,0,0,0,0,0,0,4.0301,95.97,0,0,0,0,0,0,0,0,0,1,0,0,1,0,0,0,0,1,0,0,0
0,0,0,0,0,100,0,0,0,0,0,0,0,0,0,3.7618,96.238,0,0,0,0,0,0,0,0,0,28.318,71.682,0,0,0,0,0,0,0,0,0,1,0,0,1,0,0,0,0,1,0,0,0
0,0,0,0,0,100,0,0,0,0,0,0,0,0,0,15.68,84.32,0,0,0,0,0,0,0,0,0,0,100,0,0,0,0,0,0,0,0,0,1,0,0,1,0,0,0,0,1,0,0,0
0,0,0,0,0,100,0,0,0,0,0,0,0,0,0,18.144,81.856,0,0,0,0,0,0,0,0,0,20.371,79.629,0,0,0,0,0,0,0,0,0,1,0,0,1,0,0,0,0,1,0,0,0
0,0,0,0,0,100,0,0,0,0,0,0,0,0,0,3.1067,96.893,0,0,0,0,0,0,0,0,0,0,100,0,0,0,0,0,0,0,0,0,1,0,0,1,0,0,0,0,1,0,0,0
0,0,0,0,0,100,0,0,0,0,0,0,0,0,0,0,100,0,0,0,0,0,0,0,0,0,0,100,0,0,0,0,0,0,0,0,0,1,0,0,1,0,0,0,0,1,0,0,0
0,0,0,0,0,100,0,0,0,0,0,0,0,0,0,0,100,0,0,0,0,0,0,0,0,0,14.106,85.894,0,0,0,0,0,0,0,0,0,1,0,0,1,0,0,0,0,1,0,0,0
0,0,0,0,0,100,0,0,0,0,0,0,0,0,0,0,100,0,0,0,0,0,0,0,0,0,0,100,0,0,0,0,0,0,0,0,0,1,0,0,1,0,0,0,0,1,0,0,0
0,0,0,0,0,100,0,0,0,0,0,0,0,0,0,4.696,92.458,2.8461,0,0,0,0,0,0,0,0,24.725,75.275,0,0,0,0,0,0,0,0,0,1,0,0,1,0,0,0,0,1,0,0,0
0,0,0,0,0,100,0,0,0,0,0,0,0,0,0,0,93.528,6.4721,0,0,0,0,0,0,0,0,25.101,74.899,0,0,0,0,0,0,0,0,0,1,0,0,1,0,0,0,0,1,0,0,0
0,0,0,0,0,100,0,0,0,0,0,0,0,0,0,0,100,0,0,0,0,0,0,0,0,0,21.593,78.407,0,0,0,0,0,0,0,0,0,1,0,0,1,0,0,0,0,1,0,0,0
0,0,0,0,0,100,0,0,0,0,0,0,0,0,0,0,89.731,10.269,0,0,0,0,0,0,0,0,24.991,75.009,0,0,0,0,0,0,0,0,0,1,0,0,1,0,0,0,0,1,0,0,0
0,0,0,0,0,100,0,0,0,0,0,0,0,0,0,0,100,0,0,0,0,0,0,0,0,0,10.485,89.515,0,0,0,0,0,0,0,0,0,1,0,0,1,0,0,0,0,1,0,0,0
0,0,0,0,0,100,0,0,0,0,0,0,0,0,0,0,100,0,0,0,0,0,0,0,0,0,0,100,0,0,0,0,0,0,0,0,0,1,0,0,1,0,0,0,0,1,0,0,0
0,0,0,0,0,100,0,0,0,0,0,0,0,0,0,0,98.156,1.8443,0,0,0,0,0,0,0,0,11.533,88.467,0,0,0,0,0,0,0,0,0,1,0,0,1,0,0,0,0,1,0,0,0
0,0,0,0,0,100,0,0,0,0,0,0,0,0,0,0,100,0,0,0,0,0,0,0,0,0,6.7867,93.213,0,0,0,0,0,0,0,0,0,1,0,0,1,0,0,0,0,1,0,0,0
0,0,0,0,0,100,0,0,0,0,0,0,0,0,0,0,100,0,0,0,0,0,0,0,0,0,0,100,0,0,0,0,0,0,0,0,0,1,0,0,1,0,0,0,0,1,0,0,0
0,0,0,0,0,100,0,0,0,0,0,0,0,0,0,0,100,0,0,0,0,0,0,0,0,0,0,100,0,0,0,0,0,0,0,0,0,1,0,0,1,0,0,0,0,1,0,0,0
0,0,0,0,0,100,0,0,0,0,0,0,0,0,0,0,100,0,0,0,0,0,0,0,0,0,0,100,0,0,0,0,0,0,0,0,0,1,0,0,1,0,0,0,0,1,0,0,0
0,0,0,0,0,100,0,0,0,0,0,0,0,0,0,0,100,0,0,0,0,0,0,0,0,0,0,100,0,0,0,0,0,0,0,0,0,1,0,0,1,0,0,0,0,1,0,0,0
0,0,0,0,0,100,0,0,0,0,0,0,0,0,0,0,100,0,0,0,0,0,0,0,0,0,0,100,0,0,0,0,0,0,0,0,0,1,0,0,1,0,0,0,0,1,0,0,0
0,0,0,0,0,100,0,0,0,0,0,0,0,0,0,0,100,0,0,0,0,0,0,0,0,0,0,100,0,0,0,0,0,0,0,0,0,1,0,0,1,0,0,0,0,1,0,0,0
0,0,0,0,0,100,0,0,0,0,0,0,0,0,0,0,100,0,0,0,0,0,0,0,0,0,0,100,0,0,0,0,0,0,0,0,0,1,0,0,1,0,0,0,0,1,0,0,0
0,0,0,0,0,100,0,0,0,0,0,0,0,0,0,0,100,0,0,0,0,0,0,0,0,0,0,100,0,0,0,0,0,0,0,0,0,1,0,0,1,0,0,0,0,1,0,0,0
0,0,0,0,0,100,0,0,0,0,0,0,0,0,0,0,80.306,19.694,0,0,0,0,0,0,0,0,19.71,80.29,0,0,0,0,0,0,0,0,0,1,0,0,1,0,0,0,0,1,0,0,0
0,0,0,0,0,100,0,0,0,0,0,0,0,0,0,0,72.211,27.789,0,0,0,0,0,0,0,0,31.507,68.493,0,0,0,0,0,0,0,0,0,1,0,0,1,0,0,0,0,1,0,0,0
0,0,0,0,0,100,0,0,0,0,0,0,0,0,0,0,82.346,17.654,0,0,0,0,0,0,0,0,34.946,65.054,0,0,0,0,0,0,0,0,0,1,0,0,1,0,0,0,0,1,0,0,0
0,0,0,0,0,100,0,0,0,0,0,0,0,0,0,0,65.836,34.164,0,0,0,0,0,0,0,0,16.931,83.069,0,0,0,0,0,0,0,0,0,1,0,0,1,0,0,0,0,1,0,0,0
0,0,0,0,0,100,0,0,0,0,0,0,0,0,0,0,83.623,16.377,0,0,0,0,0,0,0,0,19,81,0,0,0,0,0,0,0,0,0,1,0,0,1,0,0,0,0,1,0,0,0
0,0,0,0,0,100,0,0,0,0,0,0,0,0,0,0,97.229,2.7713,0,0,0,0,0,0,0,0,16.352,83.648,0,0,0,0,0,0,0,0,0,1,0,0,1,0,0,0,0,1,0,0,0
0,0,0,0,0,100,0,0,0,0,0,0,0,0,0,0,100,0,0,0,0,0,0,0,0,0,0,100,0,0,0,0,0,0,0,0,0,1,0,0,1,0,0,0,0,1,0,0,0
0,0,0,0,0,100,0,0,0,0,0,0,0,0,0,0,100,0,0,0,0,0,0,0,0,0,0,100,0,0,0,0,0,0,0,0,0,1,0,0,1,0,0,0,0,1,0,0,0
0,0,0,0,0,100,0,0,0,0,0,0,0,0,0,0,100,0,0,0,0,0,0,0,0,0,0,100,0,0,0,0,0,0,0,0,0,1,0,0,1,0,0,0,0,1,0,0,0
0,0,0,0,0,100,0,0,0,0,0,0,0,0,0,0,100,0,0,0,0,0,0,0,0,0,0,100,0,0,0,0,0,0,0,0,0,1,0,0,1,0,0,0,0,1,0,0,0
0,0,0,0,0,100,0,0,0,0,0,0,0,0,0,0,100,0,0,0,0,0,0,0,0,0,0,100,0,0,0,0,0,0,0,0,0,1,0,0,1,0,0,0,0,1,0,0,0
0,0,0,0,0,100,0,0,0,0,0,0,0,0,0,0,100,0,0,0,0,0,0,0,0,0,0,100,0,0,0,0,0,0,0,0,0,1,0,0,1,0,0,0,0,1,0,0,0
0,0,0,0,0,100,0,0,0,0,0,0,0,0,0,0,100,0,0,0,0,0,0,0,0,0,0,100,0,0,0,0,0,0,0,0,0,1,0,0,1,0,0,0,0,1,0,0,0
0,0,0,0,0,100,0,0,0,0,0,0,0,0,0,0,100,0,0,0,0,0,0,0,0,0,0,100,0,0,0,0,0,0,0,0,0,1,0,0,1,0,0,0,0,1,0,0,0
0,0,0,0,0,100,0,0,0,0,0,0,0,0,0,0,72.038,27.962,0,0,0,0,0,0,0,0,0,100,0,0,0,0,0,0,0,0,0,1,0,0,1,0,0,0,0,1,0,0,0
0,0,0,0,21.424,78.576,0,0,0,0,0,0,0,0,0,0,78.576,21.424,0,0,0,0,0,0,0,0,0,78.576,0,0,21.424,0,0,0,0,0,0,1,0,0,1,0,0,0,0,1,0,0,0
0,0,0,0,14.224,85.776,0,0,0,0,0,0,0,0,0,0,85.776,14.224,0,0,0,0,0,0,0,0,0,85.776,0,0,14.224,0,0,0,0,0,0,1,0,0,1,0,0,0,0,1,0,0,0
0,0,0,0,8.9378,91.062,0,0,0,0,0,0,0,0,0,8.9378,77.071,13.992,0,0,0,0,0,0,0,0,0,82.124,8.9378,0,8.9378,0,0,0.016393,0,0,0.081967,0.90164,0,0,1,0,0,0,0,1,0,0,0
0,0,0,0,0,100,0,0,0,0,0,0,0,0,0,0,100,0,0,0,0,0,0,0,0,0,0,90.613,9.3871,0,0,0,0,0,0,0,0,1,0,0,1,0,0,0,0,1,0,0,0
0,0,0,0,0,100,0,0,0,0,0,0,0,0,0,0,100,0,0,0,0,0,0,0,0,0,0,72.213,27.787,0,0,0,0,0,0,0,0,1,0,0,1,0,0,0,0,1,0,0,0
0,0,0,0,0,100,0,0,0,0,0,0,0,0,0,0,100,0,0,0,0,0,0,0,0,0,0,89.005,10.995,0,0,0,0,0,0,0,0,1,0,0,1,0,0,0,0,1,0,0,0
0,0,0,0,0,100,0,0,0,0,0,0,0,0,0,0,100,0,0,0,0,0,0,0,0,0,0,81.158,18.842,0,0,0,0,0,0,0,0,1,0,0,1,0,0,0,0,1,0,0,0
0,0,0,0,0,100,0,0,0,0,0,0,0,0,0,0,100,0,0,0,0,0,0,0,0,0,0,76.877,23.123,0,0,0,0,0,0,0,0,1,0,0,1,0,0,0,0,1,0,0,0
0,0,0,0,0,100,0,0,0,0,0,0,0,0,0,0,100,0,0,0,0,0,0,0,0,0,0,86.858,13.142,0,0,0,0,0,0,0,0,1,0,0,1,0,0,0,0,1,0,0,0
13.385,0,0,0,0,86.615,0,0,0,0,0,0,0,0,0,0,100,0,0,0,0,0,0,0,13.385,0,0,60.987,25.627,0,0,0,0,0,0,0,0,1,0,0,1,0,0,0,0,1,0,0,0
20.89,0,0,0,0,79.11,0,0,0,0,0,0,0,0,0,0,100,0,0,0,0,0,0,0,0,20.89,0,50,29.11,0,0,0,0,0,0,0,0,1,0,0,1,0,0,0,0,1,0,0,0
0,0,0,0,0,100,0,0,0,0,0,0,0,0,0,0,100,0,0,0,0,0,0,0,0,0,0,78.264,21.736,0,0,0,0,0,0,0,0,1,0,0,1,0,0,0,0,1,0,0,0
0,0,0,0,0,100,0,0,0,0,0,0,0,0,0,0,70.014,29.986,0,0,0,0,0,0,0,0,0,70.014,29.986,0,0,0,0,0,0,0,0,1,0,0,1,0,0,0,0,1,0,0,0
0,0,0,0,7.5704,92.43,0,0,0,0,0,0,0,0,0,31.673,29.083,39.244,0,0,0,0,0,0,0,0,0,70.318,22.112,0,7.5704,0,0,0,0,0,0,1,0,0,1,0,0,0,0,1,0,0,0
0,0,0,0,0,100,0,0,0,0,0,0,0,0,0,0,87.413,12.587,0,0,0,0,0,0,0,0,0,100,0,0,0,0,0,0,0,0,0,1,0,0,1,0,0,0,0,1,0,0,0
0,0,0,0,21.499,78.501,0,0,0,0,0,0,0,0,6.2235,9.0516,60.398,24.327,0,0,0,0,0,0,0,0,0,69.45,9.0516,12.447,9.0516,0,0,0,0,0,0,1,0,0,1,0,0,0,0,1,0,0,0
0,0,0,0,10.618,57.527,21.236,0,10.618,0,0,0,0,0,0,10.618,49.985,39.397,0,0,0,0,0,0,0,21.236,0,38.321,19.206,0,21.236,0,0,0,0.020408,0.010204,0.010204,0.95918,0,0,1,0,0,0,0,1,0,0,0
13.305,0,0,0,0,86.695,0,0,0,0,0,0,0,0,0,13.305,33.333,53.362,0,0,0,0,0,0,0,13.305,0,33.333,40.056,13.305,0,0,0,0,0,0,0,1,0,0,1,0,0,0,0,1,0,0,0
4.4209,0,0,0,18.269,29.4,29.711,0,4.4209,0,13.778,0,0,0,0,7.2721,57.267,31.04,0,4.4209,0,0,0,0,0,29.711,0,17.192,16.629,24.775,11.693,0,0,0,0.86667,0.026667,0.066667,0.04,0,0,1,0,0,0,0,1,0,0,1
0,0,0,0,0,59.789,0,0,0,10.333,29.879,0,0,0,10.333,9.2131,40.243,10.333,0,0,10.333,19.546,10.333,19.546,0,0,0,42.184,7.2722,0,10.333,0,10.333,0,0,0,0,1,0,0,1,0,0,0,0,1,0,0,0
0,0,0,0,0,79.361,0,0,0,13.273,7.3661,0,0,0,13.273,11.437,64.241,3.6831,0,0,3.6831,3.6831,13.273,3.6831,0,0,0,66.088,9.5897,0,3.6831,0,3.6831,0,0,0,0,1,0,0,1,0,0,0,0,1,0,0,0
0,0,0,0,0,88.891,0,0,0,11.109,0,0,0,0,11.109,0,88.891,0,0,0,0,0,11.109,0,0,0,0,62.66,26.231,0,0,0,0,0,0,0,0,1,0,0,1,0,0,0,0,1,0,0,0
0,0,0,0,0,100,0,0,0,0,0,0,0,0,0,0,100,0,0,0,0,0,0,0,0,0,0,100,0,0,0,0,0,0,0,0,0,1,0,0,1,0,0,0,0,1,0,0,0
0,0,0,0,0,93.711,0,0,0,0,6.2893,0,0,0,0,12.676,81.034,0,0,0,0,6.2893,0,6.2893,0,0,0,86.674,7.0362,0,0,0,0,0,0,0,0,1,0,0,1,0,0,0,0,1,0,0,0
0,0,0,0,0,100,0,0,0,0,0,0,0,0,0,0,100,0,0,0,0,0,0,0,0,0,0,93.542,6.4584,0,0,0,0,0,0,0,0,1,0,0,1,0,0,0,0,1,0,0,0
0,0,0,0,0,87.143,0,0,0,0,12.857,0,0,0,0,12.857,74.287,0,0,0,0,12.857,0,12.857,0,0,0,87.143,0,0,0,0,0,0.015385,0,0,0.015385,0.96923,0,0,1,0,0,0,0,1,0,0,0
0,0,0,0,0,100,0,0,0,0,0,0,0,0,0,7.8914,92.109,0,0,0,0,0,0,0,0,0,0,100,0,0,0,0,0,0.017241,0,0,0,0.98276,0,0,1,0,0,0,0,1,0,0,0
0,0,0,0,0,100,0,0,0,0,0,0,0,0,0,0,100,0,0,0,0,0,0,0,0,0,0,100,0,0,0,0,0,0.019231,0,0.019231,0,0.96154,0,0,1,0,0,0,0,1,0,0,0
0,0,0,0,21.84,78.16,0,0,0,0,0,0,0,0,10.92,0,69.719,10.92,0,8.4411,0,0,0,0,0,0,0,69.719,0,21.84,0,8.4411,0,0,0,0,0,1,0,0,1,0,0,0,0,1,0,0,0
0,0,0,0,18.286,67.262,14.452,0,0,0,0,0,0,0,7.6699,0,63.578,24.918,0,3.8349,0,0,3.8349,0,0,10.617,0,59.592,0,22.121,0,3.8349,0,0,0,0,0.013333,0.98667,0,0,1,0,0,0,0,1,0,0,0
0,0,0,0,23.977,34.062,30.24,0,6.8608,0,4.8603,0,0,0,15.356,6.8608,51.538,19.447,0,6.7979,0,0,2.7695,0,0,23.442,4.0284,15.606,4.8603,28.775,13.722,6.7979,0,0,0.091954,0,0.045977,0.86207,0,0,1,0,0,0,0,1,0,0,1
0,0,0,0,12.757,71.001,16.242,0,0,0,0,0,0,0,11.761,3.2354,37.57,22.62,0,24.813,0,0,3.2354,0,0,5.0825,14.395,31.793,0,20.681,0,24.813,0,0,0.41176,0.078431,0.13725,0.37255,0,0,1,0,0,0,0,1,0,0,1
0,0,0,0,27.783,58.325,13.892,0,0,0,0,0,0,0,27.783,0,44.433,13.892,0,13.892,0,0,13.892,0,0,0,0,30.541,0,41.675,0,13.892,0,0,0,0,0,1,0,0,1,0,0,0,0,1,0,0,0
8.5595,0,0,0,20.039,43.579,27.822,0,0,0,0,0,0,0,13.665,6.0558,36.382,22.45,0,21.448,0,0,12.888,0,0,6.3744,20.671,11.747,8.5595,26.872,0,12.888,0,0,0.03125,0.020833,0.041667,0.90625,0,0,1,0,0,0,0,1,0,0,1
0,0,0,0,15.688,73.056,11.256,0,0,0,0,0,0,0,14.806,8.5881,45.507,19.844,0,11.256,0,0,3.5499,0,0,0,24.848,33.403,0,26.944,0,11.256,0,0,0,0,0,1,0,0,1,0,0,0,0,1,0,0,0
19.206,0,0,0,12.771,6.9884,23.827,0,22.088,0,15.119,0,0,0,0,6.9689,58.152,15.673,0,19.206,0,0,0,0,0,19.74,4.0872,22.107,4.0872,20.921,29.057,0,0,0,0,0,0,1,0,0,1,0,0,0,0,1,0,0,1
9.4477,0,0,0,3.2037,24.158,45.276,0,3.2037,0,14.711,0,0,0,0,3.2037,84.145,3.2037,0,9.4477,0,0,0,0,0,35.828,9.4477,9.4477,24.158,14.711,6.4073,0,0,0,0,0,0,1,0,0,1,0,0,0,0,1,0,0,1
13.617,0,0,0,0,32.899,20.519,0,13.617,0,19.348,0,0,0,9.056,0,59.215,9.056,0,22.673,0,0,0,0,0,11.463,9.056,22.673,5.7316,28.404,13.617,9.056,0,0,0,0,0,1,0,0,1,0,0,0,0,1,0,0,1
0,0,0,0,0,100,0,0,0,0,0,0,0,0,0,0,100,0,0,0,0,0,0,0,0,0,19.743,80.257,0,0,0,0,0,0,0,0,0,1,0,0,1,0,0,0,0,1,0,0,0
0,0,0,0,0,92.079,7.9214,0,0,0,0,0,0,0,0,7.9214,76.236,7.9214,0,7.9214,0,0,7.9214,0,0,0,15.843,68.315,0,0,0,7.9214,0,0,0,0,0,1,0,0,1,0,0,0,0,1,0,0,0
0,0,0,0,9.1773,72.208,18.615,0,0,0,0,0,9.1773,0,0,9.4376,37.77,18.615,0,9.4376,15.562,0,9.4376,0,0,9.1773,18.875,19.155,0,33.917,0,9.4376,0,0,0,0,0.009009,0.99099,0,0,1,0,0,0,0,1,0,0,0
0,0,0,0,0,100,0,0,0,0,0,0,0,10.806,0,0,89.194,0,0,0,0,0,0,0,0,0,0,89.194,0,0,0,10.806,0,0,0,0,0,1,0,0,1,0,0,0,0,1,0,0,0
0,0,0,0,0,100,0,0,0,0,0,0,0,8.3849,0,0,85.561,0,0,0,6.0546,0,0,0,0,0,7.0261,78.534,0,6.0546,0,8.3849,0,0,0,0,0,1,0,0,1,0,0,0,0,1,0,0,0
0,0,0,0,21.339,73.615,5.0459,0,0,0,0,0,5.0459,0,0,7.0512,70.76,12.097,0,0,5.0459,0,0,0,0,5.0459,7.0512,56.472,0,22.189,0,9.2423,0,0,0,0,0,1,0,0,1,0,0,0,0,1,0,0,0
0,0,0,0,26.638,63.329,10.033,0,0,0,0,0,6.5203,0,10.033,10.085,51.735,16.606,0,0,5.0214,0,0,0,0,10.033,26.638,25.149,0,38.18,0,0,0,0,0.792,0.04,0.072,0.096,0,0,1,0,0,0,0,1,0,0,1
0,0,0,0,24.532,37.388,38.08,0,0,0,0,0,0,0,4.7682,10.228,47.616,37.388,0,0,0,0,0,4.7682,0,20.455,35.249,10.228,4.7682,24.532,0,0,0,0,0.80682,0.034091,0.079545,0.079545,0,0,1,0,0,0,0,1,0,0,1
0,0,0,0,27.648,46.477,25.875,0,0,0,0,0,8.2368,0,10.592,8.8192,36.467,17.056,0,10.592,8.2368,0,10.592,0,0,25.875,10.592,8.8192,0,33.53,0,10.592,0,0,0,0,0.022388,0.97761,0,0,1,0,0,0,0,1,0,0,1
0,0,0,0,16.621,28.799,39.001,0,0,15.578,0,0,0,0,7.0129,15.578,58.429,18.979,0,0,0,0,0,0,0,35.601,20.022,12.178,0,20.022,12.178,0,0,0,0,0,0.045455,0.95455,0,0,1,0,0,0,0,1,0,0,1
0,0,0,0,18.174,18.174,52.283,0,0,11.37,0,0,0,0,0,11.37,65.891,22.739,0,0,0,0,0,0,0,40.913,29.543,0,0,29.543,0,0,0,0,0.51064,0.085106,0.10638,0.29787,0,0,1,0,0,0,0,1,0,0,1
0,0,0,0,3.4753,23.119,26.595,0,0,46.81,0,0,0,0,0,31.41,26.595,41.995,0,0,0,0,0,0,0,16.009,21.171,12.534,0,22.351,27.935,0,0,0,0.1194,0.014925,0.10448,0.76119,0,0,1,0,0,0,0,1,0,0,1
13.597,0,0,0,0,86.403,0,0,0,0,0,0,0,0,0,0,100,0,0,0,0,0,0,0,13.597,0,13.597,59.21,13.597,0,0,0,0,0,0,0,0,1,0,0,1,0,0,0,0,1,0,0,0
13.136,0,0,0,0,86.864,0,0,0,0,0,0,0,0,0,0,100,0,0,0,0,0,0,0,9.7698,3.3665,20.825,57.799,8.239,0,0,0,0,0,0,0,0,1,0,0,1,0,0,0,0,1,0,0,0
9.9936,0,0,0,0,90.006,0,0,0,0,0,0,0,0,0,0,100,0,0,0,0,0,0,0,9.9936,0,9.9936,53.335,26.678,0,0,0,0,0,0,0,0,1,0,0,1,0,0,0,0,1,0,0,0
13.91,0,0,0,0,86.09,0,0,0,0,0,0,0,0,0,0,100,0,0,0,0,0,0,0,0,13.91,0,86.09,0,0,0,0,0,0,0,0,0,1,0,0,1,0,0,0,0,1,0,0,0
9.5124,0,0,0,0,90.488,0,0,0,0,0,0,0,0,0,0,100,0,0,0,0,0,0,0,0,9.5124,0,90.488,0,0,0,0,0,0,0,0,0,1,0,0,1,0,0,0,0,1,0,0,0
9.1399,0,0,0,0,88.875,0,0,0,0,1.9848,0,0,0,0,0,100,0,0,0,0,0,0,0,0,9.1399,2.542,86.333,0,1.9848,0,0,0,0,0,0,0,1,0,0,1,0,0,0,0,1,0,0,0
4.9214,0,0,0,0,80.314,0,0,0,4.9214,9.8428,0,0,0,4.9214,21.858,19.686,48.614,4.9214,0,0,0,0,0,0,4.9214,0,53.558,23.221,13.378,4.9214,0,0,0,0,0,0,1,0,0,1,0,0,0,0,1,0,0,0
4.6231,0,2.5013,0,13.449,49.899,2.5013,0,0,2.5013,24.525,0,0,8.5536,8.5536,4.6231,52.217,16.262,2.3943,0,4.8956,2.5013,0,0,2.5013,4.6231,2.3943,38.093,17,30.386,2.5013,0,2.5013,0,0,0,0,1,0,0,1,0,0,0,0,1,0,0,0
3.2428,0,0,0,4.2987,55.996,0,0,0,3.2428,33.22,0,0,4.2987,7.5415,0,66.78,18.136,3.2428,0,0,0,0,0,0,3.2428,0,55.996,15.083,22.435,3.2428,0,0,0,0,0,0,1,0,0,1,0,0,0,0,1,0,0,0
16.449,0,0,0,16.884,58.225,0,0,0,0,8.4421,0,0,8.4421,8.4421,16.449,16.449,33.333,8.4421,0,8.4421,0,0,0,0,16.449,8.4421,16.449,25.326,33.333,0,0,0,0,0,0,0,1,0,0,1,0,0,0,0,1,0,0,0
4.8991,0,6.2843,0,26.248,37.864,8.8457,0,0,11.183,4.6753,0,0,9.7417,13.745,2.5614,25.111,31.373,2.3376,0,6.2843,8.8457,0,0,8.8457,2.3376,11.118,10.694,23.275,26.261,11.183,0,6.2843,0.061728,0,0.037037,0.074074,0.82716,0,0,1,0,0,0,0,1,0,0,0
13.004,0,7.1428,0,18.241,28.166,4.1224,0,0,5.8611,23.463,0,0,9.6447,19.628,4.1224,16.248,14.119,13.356,0,4.4743,18.408,0,0,4.1224,1.7387,4.4743,14.743,38.506,23.412,5.8611,0,7.1428,0.84416,0,0.051948,0.077922,0.025974,0,0,1,0,0,0,0,1,0,0,0
19.965,0,0,0,5.7607,24.901,0,0,0,16.458,32.915,0,0,5.7607,16.458,0,5.7607,39.106,0,0,16.458,16.458,30.662,16.458,5.7607,0,0,8.4437,0,0,16.458,5.7607,16.458,0,0,0,1,0,0,0,1,0,0,0,0,1,0,0,0
3.9102,0,0,0,0,96.09,0,0,0,0,0,0,0,0,0,0,100,0,0,0,0,0,0,0,3.9102,0,27.302,64.878,3.9102,0,0,0,0,0,0,0,0,1,0,0,1,0,0,0,0,1,0,0,0
16.265,6.3904,0,0,0,59.15,0,0,0,8.7929,9.4015,0,0,16.265,8.7929,9.4015,23.608,32.531,0,0,6.3904,3.0111,8.7929,3.0111,22.656,0,0,34.092,8.7929,0,6.3904,0,16.265,0,0,0,0,1,0,0,1,0,0,0,0,1,0,0,0
0,36.717,0,0,0,43.359,0,0,0,6.6413,13.283,0,0,0,6.6413,36.717,36.717,6.6413,0,0,6.6413,6.6413,6.6413,6.6413,36.717,0,0,36.717,0,0,6.6413,0,6.6413,0,0,0,1,0,0,0,1,0,0,0,0,1,0,0,0
3.8555,0,0,0,0,93.611,0,0,0,0,2.5336,0,0,0,0,0,97.466,2.5336,0,0,0,0,0,0,0,3.8555,0,90.492,3.1186,2.5336,0,0,0,0,0,0,0,1,0,0,1,0,0,0,0,1,0,0,0
0,36.432,0,0,0,27.135,0,0,0,0,36.432,0,0,0,0,36.432,27.135,0,0,0,36.432,0,0,0,36.432,0,5.427,21.708,0,0,36.432,0,0,0,0,0,1,0,0,0,1,0,0,0,0,1,0,0,0
0,0,0,0,0,100,0,0,0,0,0,0,0,0,0,9.2485,81.503,0,9.2485,0,0,0,0,0,0,0,21.85,78.15,0,0,0,0,0,0,0,0,1,0,0,0,1,0,0,0,0,1,0,0,0
1.4632,0,0,0,4.8506,59.166,0,0,0,1.4632,33.057,0,0,4.8506,6.3138,0,82.522,4.8506,1.4632,0,0,0,0,0,0,1.4632,0,59.166,12.628,25.28,1.4632,0,0,0,0,0,0,1,0,0,1,0,0,0,0,1,0,0,0
0,10.262,0,0,0,78.234,0,0,0,11.504,0,0,0,0,2.5254,27.299,53.226,6.4527,5.4457,2.5254,2.5254,0,0,0,7.7368,0,33.679,44.556,0,0,8.9781,5.0509,0,0,0,0,1,0,0,0,1,0,0,0,0,1,0,0,0
0,8.0281,0,0,0,61.48,0,0,0,30.492,0,0,0,0,15.246,7.2178,54.262,7.2178,0,8.0281,8.0281,0,0,0,0,0,4.5921,49.67,7.2178,0,22.464,16.056,0,0,0,0,0.98246,0.017544,0,0,1,0,0,0,0,1,0,0,0
4.6284,0,7.1872,0,19.003,45.55,11.816,0,0,11.816,0,0,0,7.1872,16.444,14.859,32.277,0,10.23,0,7.1872,11.816,0,0,11.816,0,10.23,35.32,11.816,11.816,11.816,0,7.1872,0,0,0,0.94595,0.054054,0,0,1,0,0,0,0,1,0,0,0
2.5456,0,5.1762,0,10.352,49.225,5.1762,0,0,7.7218,19.803,0,0,5.1762,7.7218,0,66.84,7.3641,2.5456,0,5.1762,5.1762,0,0,5.1762,2.5456,0,49.225,10.267,19.888,7.7218,0,5.1762,0.1875,0,0.0625,0.0625,0.6875,0,0,1,0,0,0,0,1,0,0,0
12.476,3.0572,12.476,0,0,65.876,0,0,0,6.1144,0,0,0,0,3.0572,9.5566,43.844,0,12.476,3.0572,3.0572,24.952,0,0,0,0,24.136,41.74,12.476,0,3.0572,6.1144,12.476,0,0,0,1,0,0,0,1,0,0,0,0,1,0,0,0
0,2.6658,0,0,2.6658,69.197,2.6658,0,0,22.805,0,0,0,0,3.2701,20.029,48.659,14.076,5.8407,5.4593,2.6658,0,0,0,0,0,10.926,57.667,5.9359,0,17.346,8.1251,0,0,0,0,1,0,0,0,1,0,0,0,0,1,0,0,0
12.439,10.049,0,0,34.926,32.537,10.049,0,0,0,0,0,0,12.439,12.439,10.049,20.098,0,22.488,0,22.488,0,0,0,12.439,0,32.537,10.049,22.488,12.439,0,10.049,0,0,0,0,0.047619,0.95238,0,0,1,0,0,0,0,1,0,0,0
5.7704,5.812,0,0,15.321,46.546,17.856,0,0,8.6948,0,0,0,9.551,11.582,9.2641,31.511,0,5.7704,6.6634,25.658,0,0,0,23.626,3.7807,27.407,19.139,5.7704,9.551,2.0313,8.6948,0,0,0,0,0.28947,0.71053,0,0,1,0,0,0,0,1,0,0,0
0,3.4319,0,0,0,71.094,0,0,0,25.474,0,0,0,0,3.4319,16.829,54.264,10.196,0,11.846,3.4319,0,0,0,0,0,0,59.305,11.788,0,13.628,15.278,0,0,0,0,0,1,0,0,1,0,0,0,0,1,0,0,0
0,0,0,0,0,75.736,0,0,0,24.264,0,0,0,0,12.132,12.132,37.868,37.868,0,0,0,0,0,0,0,0,0,37.868,37.868,0,24.264,0,0,0,0,0,0,1,0,0,1,0,0,0,0,1,0,0,0
0,12.117,0,0,6.3838,46.808,6.3838,0,0,28.307,0,0,0,0,14.154,14.804,38.388,8.4202,6.3838,5.7334,12.117,0,0,0,0,0,12.768,32.004,14.804,0,22.574,17.851,0,0,0,0,0,1,0,0,1,0,0,0,0,1,0,0,0
10.031,0,0,0,0,89.969,0,0,0,0,0,10.031,0,0,0,10.031,49.846,30.092,0,0,0,0,0,0,0,0,10.031,34.954,44.985,10.031,0,0,0,0,0,0,0,1,0,0,1,0,0,0,0,1,0,0,0
0,0,0,0,27.557,67.328,0,0,0,0,5.1149,0,0,22.443,5.1149,0,34.655,27.557,5.1149,0,5.1149,0,0,0,0,0,22.443,17.328,32.672,27.557,0,0,0,0,0,0,0,1,0,0,1,0,0,0,0,1,0,0,0
6.3336,0,0,0,33.131,40.5,6.3336,0,0,11.418,2.284,0,0,2.284,14.951,6.3336,11.418,49.027,7.3683,0,2.284,6.3336,0,0,6.3336,0,24.514,6.3336,18.27,28.047,16.502,0,0,0,0,0,0.9697,0.030303,0,0,1,0,0,0,0,1,0,0,1
0,0,0,0,38.152,53.163,0,0,0,8.6849,0,0,12.112,0,5.785,0,32.367,41.052,8.6849,0,0,0,0,5.785,0,0,20.797,0,14.47,41.578,17.37,0,0,0,0,0,0,1,0,0,1,0,0,0,0,1,0,0,0
0,0,0,0,36.039,36.222,0,0,0,27.739,0,0,0,6.5958,13.009,0,29.626,27.317,23.453,0,0,0,0,3.4258,0,0,16.179,6.5958,10.022,26.456,23.453,13.87,0,0,0,0,0.83696,0.16304,0,0,1,0,0,0,0,1,0,0,1
0,0,0,0,54.587,39.375,6.0374,0,0,0,0,0,6.0374,0,21.249,0,33.338,18.14,15.198,0,6.0374,0,0,6.0512,0,6.0374,15.198,0,6.0512,51.464,15.198,0,0,0,0,0,0,1,0,0,1,0,0,0,0,1,0,0,0
0,6.3248,0,0,33.485,42.73,6.9028,0,0,10.558,0,0,6.5747,0,7.8871,0,45.728,15.041,24.77,0,0,0,0,6.3248,0,13.228,25.598,0,4.233,27.939,16.353,6.3248,0,0,0.014286,0,0.61429,0.37143,0,0,1,0,0,0,0,1,0,0,1
0,0,0,0,0,100,0,0,0,0,0,0,0,0,100,0,0,0,0,0,0,0,0,0,0,0,0,100,0,0,0,0,0,0,0,0,0,1,0,0,1,0,0,0,0,1,0,0,0
4.6373,0,8.7933,0,18.871,30.797,4.156,0,0,30.907,1.8386,0,0,12.876,5.9946,26.751,17.919,10.559,6.4758,0,5.9946,13.431,0,0,4.156,0,8.72,11.519,21.19,14.715,30.907,0,8.7933,0,0,0,0.93684,0.063158,0,0,1,0,0,0,0,1,0,0,1
5.39,14.557,0,0,9.1669,45.205,20.292,0,0,5.39,0,0,0,15.746,4.966,4.201,45.205,0,4.201,5.39,20.292,0,0,0,16.091,10.356,34.849,19.947,4.201,10.356,0,4.201,0,0,0,0,0.55814,0.44186,0,0,1,0,0,0,0,1,0,0,0
20,0,0,0,20,20,20,0,0,20,0,0,0,0,40,20,20,0,0,0,0,20,0,0,20,0,0,20,20,20,20,0,0,0,0,0,0.012048,0.98795,0,0,1,0,0,0,0,1,0,0,1
8.6231,4.7304,0,0,21.977,50.523,0,0,0,10.824,3.3223,0,0,13.353,13.353,10.824,38.149,0,11.945,3.751,8.6231,0,0,0,8.6231,4.7304,13.353,33.419,15.696,24.178,0,0,0,0,0,0,0.076923,0.92308,0,0,1,0,0,0,0,1,0,0,0
0,12.844,0,0,15.367,43.578,0,0,0,28.211,0,0,0,0,0,0,28.211,30.734,41.055,0,0,0,0,12.844,0,12.844,15.367,0,15.367,0,30.734,12.844,0,0,0,0,0.010638,0.98936,0,0,1,0,0,0,0,1,0,0,1
3.9813,9.2535,0,0,0,59.182,0,0,0,15.782,11.801,0,0,7.9626,0,11.801,59.182,0,17.073,3.9813,0,0,0,0,0,9.2535,3.9813,59.182,11.801,15.782,0,0,0,0,0,0,0.05,0.95,0,0,1,0,0,0,0,1,0,0,0
2.7249,4.5639,0,0,2.8379,65.837,0,0,0,16.522,7.5148,0,0,8.2877,1.839,18.474,56.1,2.8379,2.8379,9.6234,0,0,0,0,1.839,2.7249,2.7249,56.1,12.574,21.199,2.8379,0,0,0,0,0,0,1,0,0,1,0,0,0,0,1,0,0,0
13.19,9.505,0,0,21.118,46.682,4.5824,0,0,4.9226,0,0,0,18.113,8.2677,4.5824,25.478,6.4681,12.85,11.391,12.85,0,0,0,8.2677,4.9226,28.823,20.896,12.85,19.658,0,4.5824,0,0,0,0,0.30189,0.69811,0,0,1,0,0,0,0,1,0,0,0
0,0,0,0,0,100,0,0,0,0,0,0,0,0,100,0,0,0,0,0,0,0,0,0,0,0,0,100,0,0,0,0,0,0,0,0,0,1,0,0,1,0,0,0,0,1,0,0,0
3.6295,7.6081,0,0,3.9785,64.877,0,0,0,11.768,8.1385,0,0,7.2591,3.9785,12.117,60.899,3.9785,8.1385,3.6295,0,0,0,0,3.9785,3.6295,3.6295,39.632,33.384,11.768,3.9785,0,0,0,0,0,0.16176,0.83824,0,0,1,0,0,0,0,1,0,0,0
7.9826,15.022,0,0,7.8904,69.105,0,0,0,0,0,7.9826,0,7.8904,7.8904,15.114,22.912,31.079,0,7.1314,0,0,0,0,7.1314,7.8904,15.873,23.004,15.965,30.136,0,0,0,0.0087719,0,0.0087719,0.31579,0.66667,0,0,1,0,0,0,0,1,0,0,0
7.9417,13.966,0,0,0,78.092,0,0,0,0,0,3.9708,0,0,0,18.017,32.181,24.159,3.9708,13.73,3.9708,0,0,3.9708,9.9951,0,11.676,36.152,18.452,19.754,0,0,0,0,0,0,0.45283,0.54717,0,0,1,0,0,0,0,1,0,0,0
38.138,18.797,0,0,0,43.065,0,0,0,0,0,6.433,0,12.636,0,12.364,31.203,5.9312,6.433,18.567,6.433,0,0,6.433,12.364,12.636,19.069,37.636,0,11.862,0,0,0,0,0,0,0.91176,0.088235,0,0,1,0,0,0,0,1,0,0,0
0,0,0,0,0,50,0,0,0,50,0,0,0,0,0,50,25,0,0,25,0,0,0,0,0,0,0,25,25,50,0,0,0,0,0,0,0.12048,0.87952,0,0,1,0,0,0,0,1,0,0,0
39.289,26.51,0,0,0,34.201,0,0,0,0,0,17.27,0,4.3821,0,17.27,8.9692,16.63,13.255,4.587,17.637,0,0,13.255,13.255,4.3821,26.239,26.239,8.0287,8.6014,0,0,0,0,0,0,1,0,0,0,1,0,0,0,0,1,0,0,0
13.022,21.066,0,0,0,65.912,0,0,0,0,0,2.8356,0,5.0934,0,17.041,26.159,22.712,6.8611,14.205,5.0934,0,0,6.8611,14.205,5.0934,7.929,28.995,5.6712,31.245,0,0,0,0,0,0,0,1,0,0,1,0,0,0,0,1,0,0,0
0,14.443,0,0,13.294,52.193,0,0,0,20.07,0,0,0,0,4.4312,0,52.193,18.897,24.479,0,0,0,0,4.4312,0,14.443,0,43.33,4.4312,13.294,10.035,10.035,0,0,0,0,0.74286,0.25714,0,0,1,0,0,0,0,1,0,0,0
0,18.436,0,0,0,63.128,0,0,0,14.568,3.8686,0,0,0,3.8686,3.8686,63.128,0,29.135,0,0,0,0,14.568,3.8686,14.568,0,48.56,0,3.8686,0,14.568,0,0,0,0,0,1,0,0,1,0,0,0,0,1,0,0,0
0,7.8279,0,0,13.854,48.49,0,0,0,2.0222,27.806,0,0,11.336,4.0733,15.876,36.191,13.854,17.113,1.5556,0,0,0,0,4.0733,3.7546,0,37.154,26.25,14.914,13.854,0,0,0,0,0,0,1,0,0,1,0,0,0,0,1,0,0,0
0,18.541,0,0,0,59.622,0,0,0,0,21.837,0,0,0,12.918,3.9991,68.541,0,5.6231,8.9188,0,0,0,0,12.918,5.6231,0,59.622,8.9188,12.918,0,0,0,0,0,0,0,1,0,0,1,0,0,0,0,1,0,0,0
2.283,4.3212,0,0,13.195,50.376,0,0,0,4.0113,25.814,0,2.283,14.924,4.3212,17.871,45.123,0,13.195,2.283,0,0,0,0,4.3212,0,2.283,47.406,17.207,24.772,4.0113,0,0,0,0,0,0,1,0,0,1,0,0,0,0,1,0,0,0
0,18.032,0,0,9.776,59.392,0,0,0,2.2726,10.528,0,0,3.0205,18.032,17.284,49.616,6.7554,5.2931,0,0,0,0,0,18.032,0,0,56.371,5.2931,13.549,6.7554,0,0,0,0,0,0,1,0,0,1,0,0,0,0,1,0,0,0
3.5674,15.522,0,0,8.1741,47.924,0,0,0,5.0586,19.754,0,3.5674,9.6653,15.522,8.626,43.53,0,8.1741,10.915,0,0,0,0,15.522,0,3.5674,39.75,20.581,15.522,5.0586,0,0,0,0,0,0,1,0,0,1,0,0,0,0,1,0,0,0
31.027,4.6235,0,0,0,64.349,0,0,0,0,0,0,0,22.928,0,4.6235,64.349,0,0,8.0997,0,0,0,0,4.6235,22.928,8.0997,64.349,0,0,0,0,0,0,0,0,0.95,0.05,0,0,1,0,0,0,0,1,0,0,0
0,7.6802,0,0,15.899,41.782,0,0,0,9.0185,25.621,0,0,15.899,7.6802,23.36,21.374,11.28,15.899,4.5093,0,0,0,0,7.6802,0,0,21.374,31.688,27.979,11.28,0,0,0,0,0,0.17391,0.82609,0,0,1,0,0,0,0,1,0,0,0
36.339,10.569,15.069,0,0,38.023,0,0,0,0,0,0,0,18.17,0,10.569,53.092,0,0,7.4983,10.671,0,15.069,0,10.569,18.17,18.17,38.023,0,0,0,0,0,0,0,0,0,1,0,0,1,0,0,0,0,1,0,0,0
30.727,0,12.849,0,0,56.424,0,0,0,0,0,0,0,15.364,0,0,69.273,0,0,15.364,0,0,12.849,0,0,15.364,15.364,56.424,0,0,0,0,0,0,0,0,0,1,0,0,1,0,0,0,0,1,0,0,0
24.102,24.108,0,0,0,51.79,0,0,0,0,0,0,0,12.051,0,20.548,51.79,0,3.5606,12.051,0,0,0,0,24.108,12.051,12.051,51.79,0,0,0,0,0,0,0,0,0.04,0.96,0,0,1,0,0,0,0,1,0,0,0
0,6.8948,0,0,20.101,33.528,0,0,0,0,39.476,0,0,16.472,6.8948,20.101,29.202,7.5914,16.472,3.266,0,0,0,0,6.8948,0,0,29.565,23.701,32.248,7.5914,0,0,0,0,0,0.22222,0.77778,0,0,1,0,0,0,0,1,0,0,0
24.996,4.3882,10.585,0,0,60.031,0,0,0,0,0,0,0,17.459,0,4.3882,70.616,0,0,7.5363,0,0,10.585,0,4.3882,17.459,7.5363,60.031,0,0,0,0,0,0,0,0,0,1,0,0,1,0,0,0,0,1,0,0,0
0,10.979,11.984,0,0,77.036,0,0,0,0,0,0,0,0,0,20.13,79.87,0,0,0,0,0,11.984,0,10.979,0,0,77.036,0,0,0,0,0,0,0,0,0,1,0,0,1,0,0,0,0,1,0,0,0
0,0,17.174,0,8.5868,74.24,0,0,0,0,0,8.5868,0,0,8.5868,0,65.653,0,8.5868,8.5868,0,0,0,8.5868,0,8.5868,0,68.933,5.3065,8.5868,0,0,0,0,0,0,0,1,0,0,1,0,0,0,0,1,0,0,0
1.8426,19.58,16.988,0,6.1096,47.097,0,0,0,6.0343,2.349,19.205,2.349,0,2.2172,2.349,50.483,1.8426,17.362,2.349,1.8426,0,0,15.145,2.2172,19.205,4.1916,44.748,2.349,6.1096,4.1916,1.8426,0,0,0,0,0,1,0,0,1,0,0,0,0,1,0,0,0
2.8141,6.2725,29.788,0,13.487,42.011,0,0,0,5.6283,0,19.437,0,0,16.623,0,28.202,2.8141,16.623,13.487,2.8141,0,0,13.487,3.1362,19.437,2.8141,42.011,0,13.487,2.8141,2.8141,0,0,0,0,0,1,0,0,1,0,0,0,0,1,0,0,0
3.4119,0,1.6487,0,0,77.191,0,0,0,12.642,5.1067,1.6487,5.1067,0,0,7.581,71.259,4.123,1.7632,5.1067,3.4119,0,0,0,0,1.6487,8.5186,66.797,10.394,1.7632,6.7554,4.123,0,0,0,0,0,1,0,0,1,0,0,0,0,1,0,0,0
0,0,0,0,4.2564,87.294,0,0,0,8.4497,0,0,0,0,0,1.9939,89.556,8.4497,0,0,0,0,0,0,0,0,6.4558,74.382,6.4558,4.2564,0,8.4497,0,0,0,0,0,1,0,0,1,0,0,0,0,1,0,0,0
7.8078,0,9.8994,0,1.9219,52.85,0,0,0,24.903,2.6178,7.9775,2.6178,0,1.9219,1.2786,55.705,14.477,6.2919,1.9219,7.8078,0,0,1.9219,0,7.9775,12.333,43.799,7.1433,6.2919,6.0556,14.477,0,0,0,0,0,1,0,0,1,0,0,0,0,1,0,0,0
1.7596,3.1948,6.9204,0,1.8628,55.299,0,0,0,19.336,11.627,5.0576,11.627,0,1.8628,7.4823,45.954,5.9499,10.962,9.3451,1.7596,0,0,5.0576,0,5.0576,11.047,44.206,13.432,7.7669,7.4823,5.9499,0,0,0,0,0,1,0,0,1,0,0,0,0,1,0,0,0
6.3483,0,0,0,0,73.722,0,0,0,15.75,4.179,0,4.179,0,0,1.4606,72.262,5.2232,9.0667,1.4606,6.3483,0,0,0,0,0,10.314,65.599,8.3369,9.0667,1.4606,5.2232,0,0,0,0,0.032258,0.96774,0,0,1,0,0,0,0,1,0,0,0
0,0,0,0,0,90.496,0,0,0,9.5037,0,0,0,0,0,6.9142,83.582,9.5037,0,0,0,0,0,0,0,0,2.5896,81.423,6.4834,0,0,9.5037,0,0,0,0,0.046512,0.95349,0,0,1,0,0,0,0,1,0,0,0
1.2899,0,1.2899,0,0,52.184,0,0,0,32.638,12.598,1.2899,12.598,0,0,6.6207,46.853,18.75,11.011,1.5871,1.2899,0,0,0,0,1.2899,4.2923,47.766,14.014,11.011,2.877,18.75,0,0,0,0,0,1,0,0,1,0,0,0,0,1,0,0,0
13.987,0,3.0247,0,0,59.109,0,0,0,21.518,2.3606,3.0247,2.3606,0,0,4.5064,57.627,5.1706,10.963,2.3606,13.987,0,0,0,0,3.0247,16.348,56.748,2.3606,10.963,5.3853,5.1706,0,0,0,0,0,1,0,0,1,0,0,0,0,1,0,0,0
0,0,0,0,0,100,0,0,0,0,0,0,0,0,0,0,100,0,0,0,0,0,0,0,0,0,0,100,0,0,0,0,0,0,0,0,0,1,0,0,1,0,0,0,0,1,0,0,0
0,0,0,0,0,100,0,0,0,0,0,0,0,0,0,0,100,0,0,0,0,0,0,0,0,0,0,100,0,0,0,0,0,0,0,0,0,1,0,0,1,0,0,0,0,1,0,0,0
0,0,0,0,0,100,0,0,0,0,0,0,0,0,0,0,100,0,0,0,0,0,0,0,0,0,0,100,0,0,0,0,0,0,0,0,0,1,0,0,1,0,0,0,0,1,0,0,0
0,0,0,0,0,100,0,0,0,0,0,0,0,0,0,0,100,0,0,0,0,0,0,0,0,0,0,100,0,0,0,0,0,0,0,0,0,1,0,0,1,0,0,0,0,1,0,0,0
0,0,0,0,0,100,0,0,0,0,0,0,0,0,0,0,100,0,0,0,0,0,0,0,0,0,0,100,0,0,0,0,0,0,0,0,0,1,0,0,1,0,0,0,0,1,0,0,0
0,0,0,0,0,100,0,0,0,0,0,0,0,0,0,0,100,0,0,0,0,0,0,0,0,0,0,100,0,0,0,0,0,0,0,0,0,1,0,0,1,0,0,0,0,1,0,0,0
0,0,0,0,0,100,0,0,0,0,0,0,0,0,0,0,100,0,0,0,0,0,0,0,0,0,0,100,0,0,0,0,0,0,0,0,0,1,0,0,1,0,0,0,0,1,0,0,0
0,0,0,0,0,100,0,0,0,0,0,0,0,0,0,0,100,0,0,0,0,0,0,0,0,0,0,100,0,0,0,0,0,0,0,0,0,1,0,0,1,0,0,0,0,1,0,0,0
0,0,0,0,0,100,0,0,0,0,0,0,0,0,0,19.749,80.251,0,0,0,0,0,0,0,0,0,0,80.251,19.749,0,0,0,0,0,0,0,0,1,0,0,1,0,0,0,0,1,0,0,0
0,0,0,0,0,100,0,0,0,0,0,0,0,0,0,0,100,0,0,0,0,0,0,0,0,0,0,100,0,0,0,0,0,0,0,0,0,1,0,0,1,0,0,0,0,1,0,0,0
0,0,0,0,0,100,0,0,0,0,0,0,0,0,0,0,100,0,0,0,0,0,0,0,0,0,0,100,0,0,0,0,0,0,0,0,0,1,0,0,1,0,0,0,0,1,0,0,0
0,0,0,0,0,100,0,0,0,0,0,0,0,0,0,0,100,0,0,0,0,0,0,0,0,0,0,100,0,0,0,0,0,0,0,0,0,1,0,0,1,0,0,0,0,1,0,0,0
0,0,0,0,0,100,0,0,0,0,0,0,0,0,0,0,100,0,0,0,0,0,0,0,0,0,0,100,0,0,0,0,0,0,0,0,0,1,0,0,1,0,0,0,0,1,0,0,0
0,0,0,0,0,100,0,0,0,0,0,0,0,0,0,0,100,0,0,0,0,0,0,0,0,0,0,100,0,0,0,0,0,0,0,0,0,1,0,0,1,0,0,0,0,1,0,0,0
10.141,0,0,0,0,89.859,0,0,0,0,0,10.141,0,0,0,10.141,49.293,30.424,0,0,0,0,0,0,0,0,10.141,59.434,20.283,10.141,0,0,0,0,0,0,0,1,0,0,1,0,0,0,0,1,0,0,0
0,0,0,0,0,100,0,0,0,0,0,0,0,0,0,0,100,0,0,0,0,0,0,0,0,0,0,100,0,0,0,0,0,0,0,0,0,1,0,0,1,0,0,0,0,1,0,0,0
25.465,25.465,16.357,0,0,32.714,0,0,0,0,0,12.732,0,0,0,12.732,49.071,0,12.732,0,12.732,0,16.357,12.732,12.732,0,12.732,45.446,0,0,0,0,0,0,0,0,0,1,0,0,1,0,0,0,0,1,0,0,0
0,0,0,0,0,100,0,0,0,0,0,0,0,0,0,0,100,0,0,0,0,0,0,0,0,0,0,100,0,0,0,0,0,0,0,0,0,1,0,0,1,0,0,0,0,1,0,0,0
0,0,0,0,0,100,0,0,0,0,0,0,0,0,0,0,100,0,0,0,0,0,0,0,0,0,0,100,0,0,0,0,0,0,0,0,0,1,0,0,1,0,0,0,0,1,0,0,0
0,0,0,0,0,100,0,0,0,0,0,0,0,0,0,0,100,0,0,0,0,0,0,0,0,0,0,100,0,0,0,0,0,0,0,0,0,1,0,0,1,0,0,0,0,1,0,0,0
0,0,0,0,0,100,0,0,0,0,0,0,0,0,0,0,100,0,0,0,0,0,0,0,0,0,0,100,0,0,0,0,0,0,0,0,0,1,0,0,1,0,0,0,0,1,0,0,0
0,0,0,0,0,100,0,0,0,0,0,0,0,0,0,0,100,0,0,0,0,0,0,0,0,0,0,100,0,0,0,0,0,0,0,0,0,1,0,0,1,0,0,0,0,1,0,0,0
0,14.635,30.116,0,0,55.249,0,0,0,0,0,0,0,0,0,0,85.365,0,14.635,0,0,0,30.116,14.635,0,0,0,55.249,0,0,0,0,0,0,0,0,0,1,0,0,1,0,0,0,0,1,0,0,0
0,0,0,0,0,100,0,0,0,0,0,0,0,0,0,0,100,0,0,0,0,0,0,0,0,0,0,100,0,0,0,0,0,0,0,0,0,1,0,0,1,0,0,0,0,1,0,0,0
0,0,33.333,0,0,66.667,0,0,0,0,0,0,0,0,0,11.797,88.203,0,0,0,0,0,33.333,0,0,0,0,66.667,0,0,0,0,0,0,0,0,0,1,0,0,1,0,0,0,0,1,0,0,0
0,0,0,0,0,100,0,0,0,0,0,0,0,0,0,0,100,0,0,0,0,0,0,0,0,0,0,100,0,0,0,0,0,0,0,0,0,1,0,0,1,0,0,0,0,1,0,0,0
0,0,0,0,0,100,0,0,0,0,0,0,0,0,0,0,100,0,0,0,0,0,0,0,0,0,0,100,0,0,0,0,0,0,0,0,0,1,0,0,1,0,0,0,0,1,0,0,0
0,0,0,0,0,100,0,0,0,0,0,0,0,0,0,0,100,0,0,0,0,0,0,0,0,0,0,100,0,0,0,0,0,0,0,0,0,1,0,0,1,0,0,0,0,1,0,0,0
0,0,0,0,0,100,0,0,0,0,0,0,0,0,0,0,100,0,0,0,0,0,0,0,0,0,0,100,0,0,0,0,0,0,0,0,0,1,0,0,1,0,0,0,0,1,0,0,0
0,0,0,0,0,100,0,0,0,0,0,0,0,0,0,0,100,0,0,0,0,0,0,0,0,0,0,100,0,0,0,0,0,0,0,0,0,1,0,0,1,0,0,0,0,1,0,0,0
0,0,0,0,13.697,86.303,0,0,0,0,0,0,0,8.9789,0,24.354,66.667,0,0,0,0,0,0,0,0,0,10.657,52.969,13.697,0,13.697,8.9789,0,0,0,0,1,0,0,0,1,0,0,0,0,1,0,0,0
0,0,0,0,0,100,0,0,0,0,0,0,0,9.2258,0,0,90.774,0,0,0,0,0,0,0,0,0,0,90.774,0,0,0,9.2258,0,0,0,0,0,1,0,0,1,0,0,0,0,1,0,0,0
0,0,0,0,0,100,0,0,0,0,0,0,0,6.8438,0,42.814,23.853,26.489,0,0,0,0,0,0,0,0,47.896,23.853,21.407,0,0,6.8438,0,0,0,0,1,0,0,0,1,0,0,0,0,1,0,0,0
0,0,0,0,23.15,76.85,0,0,0,0,0,0,0,0,15.929,0,46.063,0,7.2209,23.15,7.6378,0,23.15,0,0,0,15.929,30.134,0,14.859,0,15.929,0,0,0,0,0,1,0,0,1,0,0,0,0,1,0,0,0
0,0,0,0,9.0046,90.995,0,0,0,0,0,0,0,15.479,0,17.699,48.967,17.854,0,0,0,0,0,0,0,0,17.699,48.967,8.8497,0,9.0046,15.479,0,0,0,0,0.7561,0.2439,0,0,1,0,0,0,0,1,0,0,0
0,0,0,0,5.1926,94.807,0,0,0,0,0,0,0,0,0,27.296,66.667,6.0372,0,0,0,0,0,0,0,0,28.141,61.474,5.1926,0,5.1926,0,0,0,0,0,0.83019,0.16981,0,0,1,0,0,0,0,1,0,0,0
0,0,0,0,0,100,0,0,0,0,0,0,0,0,0,0,66.667,33.333,0,0,0,0,0,0,0,0,33.333,66.667,0,0,0,0,0,0,0,0,1,0,0,0,1,0,0,0,0,1,0,0,0
0,0,0,0,33.333,57.365,9.3012,0,0,0,0,0,0,0,9.3012,0,70.292,0,10.203,10.203,0,0,10.203,0,0,9.3012,9.3012,37.861,0,19.504,0,13.829,0,0,0.12941,0.035294,0.082353,0.75294,0,0,1,0,0,0,0,1,0,0,1
0,0,0,0,8.5398,8.5398,35.729,0,0,47.191,0,0,0,0,0,35.244,23.296,41.46,0,0,0,0,0,0,0,29.513,6.2166,8.5398,0,35.244,20.487,0,0,0,0,0,0,1,0,0,1,0,0,0,0,1,0,0,1
0,0,0,0,0,100,0,0,0,0,0,0,0,0,0,29.514,60.2,10.286,0,0,0,0,0,0,0,0,29.514,60.2,10.286,0,0,0,0,0,0,0,1,0,0,0,1,0,0,0,0,1,0,0,0
23.15,0,0,0,10.183,54.223,12.444,0,0,0,0,0,0,0,10.706,0,68.927,0,10.183,10.183,0,0,10.183,0,0,12.444,21.412,45.777,0,10.183,0,0,0,0,0,0,0.77778,0.22222,0,0,1,0,0,0,0,1,0,0,0
0,0,0,0,0,18.086,52.392,0,0,29.522,0,0,0,0,0,29.522,29.522,40.957,0,0,0,0,0,0,0,40.957,11.435,18.086,0,11.435,18.086,0,0,0,0,0,0,1,0,0,1,0,0,0,0,1,0,0,1
3.2343,5.7268,0,0,0,73.012,0,0,0,18.027,0,0,0,3.2343,0,18.027,73.012,0,5.7268,0,0,0,0,0,2.4926,3.2343,3.2343,73.012,0,18.027,0,0,0,0,0,0,1,0,0,0,1,0,0,0,0,1,0,0,0
25,25,0,0,0,50,0,0,0,0,0,0,0,25,0,0,50,0,25,0,0,0,0,0,0,25,25,50,0,0,0,0,0,0,0,0,0.88,0.12,0,0,1,0,0,0,0,1,0,0,0
20.339,24.699,0,0,0,38.09,0,0,0,16.872,0,0,0,20.339,0,16.872,38.09,0,24.699,0,0,0,0,0,21.231,3.4671,20.339,38.09,0,16.872,0,0,0,0,0,0,0,1,0,0,1,0,0,0,0,1,0,0,0
4.7793,48.054,0,0,0,36.913,0,0,0,10.253,0,0,0,4.7793,0,10.253,36.913,0,48.054,0,0,0,0,0,4.7793,43.275,4.7793,36.913,0,10.253,0,0,0,0,0,0,0.020833,0.97917,0,0,1,0,0,0,0,1,0,0,0
0,0,0,0,33.333,53.171,13.496,0,0,0,0,0,0,0,25.784,0,48.433,0,13.496,12.288,0,0,12.288,0,0,13.496,25.784,15.099,0,13.496,0,19.837,0,0,0,0,0,1,0,0,1,0,0,0,0,1,0,0,0
0,0,0,0,0,100,0,0,0,0,0,0,0,0,0,0,78.562,21.438,0,0,0,0,0,0,0,0,0,100,0,0,0,0,0,0,0,0,0,1,0,0,1,0,0,0,0,1,0,0,0
19.264,0,0,0,11.481,46.273,22.982,0,0,0,0,0,0,0,11.481,0,77.037,0,11.481,0,0,0,0,0,0,22.982,19.245,46.292,0,11.481,0,0,0,0,0,0,0.125,0.875,0,0,1,0,0,0,0,1,0,0,0
0,0,0,0,0,100,0,0,0,0,0,0,0,0,0,0,50,50,0,0,0,0,0,0,0,0,0,100,0,0,0,0,0,0,0,0,0,1,0,0,1,0,0,0,0,1,0,0,0
20.078,0,0,0,13.256,53.411,13.256,0,0,0,0,0,0,0,24.679,0,62.065,0,13.256,0,0,0,0,0,0,13.256,36.102,37.386,0,13.256,0,0,0,0,0,0,0,1,0,0,1,0,0,0,0,1,0,0,0
0,0,0,0,0,100,0,0,0,0,0,0,0,0,0,0,61.855,38.145,0,0,0,0,0,0,0,0,0,100,0,0,0,0,0,0,0,0,0,1,0,0,1,0,0,0,0,1,0,0,0
18.368,0,0,0,0,81.632,0,0,0,0,0,0,0,0,7.1599,0,92.84,0,0,0,0,0,0,0,0,0,14.32,85.68,0,0,0,0,0,0,0,0,0,1,0,0,1,0,0,0,0,1,0,0,0
8.8837,0,0,0,0,78.428,0,0,0,6.3444,6.3444,0,0,6.3444,0,6.3444,87.311,0,0,0,0,0,0,0,0,0,8.8837,78.428,6.3444,0,6.3444,0,0,0,0,0,0,1,0,0,1,0,0,0,0,1,0,0,0
12.127,1.9104,0,0,2.2938,60.136,0,0,0,7.5622,15.97,0,12.127,2.2938,1.9104,17.418,54.484,0,2.2938,9.4726,0,0,0,0,1.9104,0,12.127,60.136,11.766,6.4979,7.5622,0,0,0,0,0,0,1,0,0,1,0,0,0,0,1,0,0,0
17.903,0,0,0,0,74.622,7.4755,0,0,0,0,0,0,0,0,0,100,0,0,0,0,0,0,0,0,7.4755,10.427,82.097,0,0,0,0,0,0,0,0,0,1,0,0,1,0,0,0,0,1,0,0,0
15.235,0,0,0,0,84.765,0,0,0,0,0,0,3.1516,0,0,0,96.848,0,0,0,0,0,0,0,0,0,6.9202,93.08,0,0,0,0,0,0,0,0,0,1,0,0,1,0,0,0,0,1,0,0,0
15.177,0,0,0,0,80.697,0,0,0,2.0629,2.0629,0,15.177,2.0629,0,2.0629,80.697,0,0,0,0,0,0,0,0,0,15.177,80.697,2.0629,0,2.0629,0,0,0,0,0,0,1,0,0,1,0,0,0,0,1,0,0,0
5.1161,2.4339,0,0,5.2926,57.117,0,0,0,7.2936,22.747,0,5.1161,12.586,2.4339,12.586,59.551,0,5.2926,2.4339,0,0,0,0,2.4339,0,5.1161,57.117,15.02,13.019,7.2936,0,0,0,0,0,0,1,0,0,1,0,0,0,0,1,0,0,0
3.7042,0,0,0,0,82.512,0,0,0,6.892,6.892,0,3.7042,3.1878,0,10.596,78.808,0,0,3.7042,0,0,0,0,0,0,3.7042,82.512,6.892,0,6.892,0,0,0,0,0,0,1,0,0,1,0,0,0,0,1,0,0,0
7.8315,4.0977,0,0,0,76.316,0,0,0,11.755,0,0,0,7.8315,0,13.49,74.581,0,4.0977,0,0,0,0,0,4.0977,3.7339,4.0977,76.316,0,11.755,0,0,0,0,0,0,0,1,0,0,1,0,0,0,0,1,0,0,0
0,8.4278,6.8564,0,0,84.716,0,0,0,0,0,0,0,0,0,20.005,74.285,0,5.7096,0,0,0,6.8564,0,8.4278,0,0,84.716,0,0,0,0,0,0,0,0,0,1,0,0,1,0,0,0,0,1,0,0,0
0,0,16.84,0,0,83.16,0,0,0,0,0,0,0,0,0,8.0499,91.95,0,0,0,0,0,16.84,0,0,0,0,83.16,0,0,0,0,0,0,0,0,0,1,0,0,1,0,0,0,0,1,0,0,0
5.9283,9.3638,0,0,0,80.433,0,0,0,4.2751,0,0,0,5.9283,0,11.99,72.718,0,9.3638,0,0,0,0,0,3.4355,5.9283,5.9283,80.433,0,4.2751,0,0,0,0,0,0,0,1,0,0,1,0,0,0,0,1,0,0,0
0,1.7336,13.43,0,0,84.837,0,0,0,0,0,0,0,0,0,4.6714,93.595,0,1.7336,0,0,0,13.43,0,1.7336,0,0,84.837,0,0,0,0,0,0,0,0,0,1,0,0,1,0,0,0,0,1,0,0,0
0,0,15.128,0,0,84.872,0,0,0,0,0,0,0,0,0,21.48,78.52,0,0,0,0,0,15.128,0,0,0,0,84.872,0,0,0,0,0,0,0,0,0,1,0,0,1,0,0,0,0,1,0,0,0
0,0,35.82,0,0,64.18,0,0,0,0,0,0,0,0,0,12.259,87.741,0,0,0,0,0,35.82,0,0,0,0,64.18,0,0,0,0,0,0,0,0,0,1,0,0,1,0,0,0,0,1,0,0,0
0,0,0,0,0,100,0,0,0,0,0,0,0,0,0,0,100,0,0,0,0,0,0,0,0,0,0,100,0,0,0,0,0,0,0,0,0,1,0,0,1,0,0,0,0,1,0,0,0
0,0,33.333,0,0,66.667,0,0,0,0,0,0,0,0,0,19.175,80.825,0,0,0,0,0,33.333,0,0,0,0,66.667,0,0,0,0,0,0,0,0,0,1,0,0,1,0,0,0,0,1,0,0,0
0,0,0,0,0,100,0,0,0,0,0,0,0,0,0,0,100,0,0,0,0,0,0,0,0,0,0,100,0,0,0,0,0,0,0,0,0,1,0,0,1,0,0,0,0,1,0,0,0
0,0,0,0,0,100,0,0,0,0,0,0,0,0,0,0,100,0,0,0,0,0,0,0,0,0,0,100,0,0,0,0,0,0,0,0,0,1,0,0,1,0,0,0,0,1,0,0,0
0,0,0,0,0,100,0,0,0,0,0,0,0,0,0,0,100,0,0,0,0,0,0,0,0,0,0,100,0,0,0,0,0,0,0,0,0,1,0,0,1,0,0,0,0,1,0,0,0
0,0,0,0,0,100,0,0,0,0,0,0,0,0,0,0,100,0,0,0,0,0,0,0,0,0,0,100,0,0,0,0,0,0,0,0,0,1,0,0,1,0,0,0,0,1,0,0,0
0,0,0,0,0,100,0,0,0,0,0,0,0,0,0,0,100,0,0,0,0,0,0,0,0,0,0,100,0,0,0,0,0,0,0,0,0,1,0,0,1,0,0,0,0,1,0,0,0
