h1,h2,h3,h4,h5,h6,h7,h8,h9,h10,h11,h12,h13,h14,h15,h16,h17,h18,h19,h20,h21,h22,h23,h24,h25,h26,h27,h28,h29,h30,h31,h32,h33,h34,h35,h36,h37,h38,h39,h40,h41,h42,h43,h44,h45,h46,h47,h48,label
0,0,0,0,0,100,0,0,0,0,0,0,0,0,0,0,100,0,0,0,0,0,0,0,0,0,0,100,0,0,0,0,0,0,0,0,0,1,0,0,1,0,0,0,0,1,0,0,0
0,0,0,0,0,100,0,0,0,0,0,0,0,0,0,0,100,0,0,0,0,0,0,0,0,0,0,100,0,0,0,0,0,0,0,0,0,1,0,0,1,0,0,0,0,1,0,0,0
0,0,0,0,0,100,0,0,0,0,0,0,0,0,0,0,100,0,0,0,0,0,0,0,0,0,0,100,0,0,0,0,0,0,0,0,0,1,0,0,1,0,0,0,0,1,0,0,0
0,0,0,0,0,100,0,0,0,0,0,0,0,0,0,0,100,0,0,0,0,0,0,0,0,0,0,100,0,0,0,0,0,0,0,0,0.032787,0.96721,0,0,1,0,0,0,0,1,0,0,0
0,0,0,0,0,100,0,0,0,0,0,0,0,0,0,0,100,0,0,0,0,0,0,0,0,0,0,100,0,0,0,0,0,0,0,0,0,1,0,0,1,0,0,0,0,1,0,0,0
0,0,0,0,0,100,0,0,0,0,0,0,0,0,0,0,100,0,0,0,0,0,0,0,0,0,0,100,0,0,0,0,0,0,0,0,0,1,0,0,1,0,0,0,0,1,0,0,0
0,0,0,0,0,100,0,0,0,0,0,0,0,0,0,0,100,0,0,0,0,0,0,0,0,0,0,100,0,0,0,0,0,0,0,0,0,1,0,0,1,0,0,0,0,1,0,0,0
0,0,0,0,0,100,0,0,0,0,0,0,0,0,0,0,100,0,0,0,0,0,0,0,0,0,0,100,0,0,0,0,0,0,0,0,0,1,0,0,1,0,0,0,0,1,0,0,0
0,0,0,0,0,100,0,0,0,0,0,0,0,0,0,0,100,0,0,0,0,0,0,0,0,0,0,100,0,0,0,0,0,0.076923,0.46154,0.28205,0.12821,0.051282,0,0,1,0,0,0,0,1,0,0,0
0,0,0,0,0,100,0,0,0,0,0,0,0,0,0,0,100,0,0,0,0,0,0,0,0,0,0,100,0,0,0,0,0,0,0,0,0,1,0,0,1,0,0,0,0,1,0,0,0
0,0,0,0,0,100,0,0,0,0,0,0,0,0,0,0,100,0,0,0,0,0,0,0,0,0,0,100,0,0,0,0,0,0,0,0,0,1,0,0,1,0,0,0,0,1,0,0,0
0,0,0,0,0,100,0,0,0,0,0,0,0,0,0,0,100,0,0,0,0,0,0,0,0,0,0,100,0,0,0,0,0,0,0,0,0.026667,0.97333,0,0,1,0,0,0,0,1,0,0,0
0,0,0,0,0,100,0,0,0,0,0,0,0,0,0,0,100,0,0,0,0,0,0,0,0,0,0,100,0,0,0,0,0,0,0,0,0,1,0,0,1,0,0,0,0,1,0,0,0
0,0,0,0,0,100,0,0,0,0,0,0,0,0,0,19.073,75.193,5.7338,0,0,0,0,0,0,0,0,0,75.193,24.807,0,0,0,0,0,0,0.03125,0.015625,0.95312,0,0,1,0,0,0,0,1,0,0,0
0,0,0,0,0,100,0,0,0,0,0,0,0,0,0,29.733,40.534,29.733,0,0,0,0,0,0,0,0,0,40.534,59.466,0,0,0,0,0,0.036364,0.12727,0.12727,0.70909,0,0,1,0,0,0,0,1,0,0,0
0,0,0,0,0,100,0,0,0,0,0,0,0,0,0,0,100,0,0,0,0,0,0,0,0,0,0,100,0,0,0,0,0,0,0,0,0,1,0,0,1,0,0,0,0,1,0,0,0
0,0,0,0,0,100,0,0,0,0,0,0,0,0,0,0,100,0,0,0,0,0,0,0,0,0,0,100,0,0,0,0,0,0,0,0,0,1,0,0,1,0,0,0,0,1,0,0,0
0,0,0,0,0,100,0,0,0,0,0,0,0,0,0,0,100,0,0,0,0,0,0,0,0,0,0,100,0,0,0,0,0,0,0,0,0,1,0,0,1,0,0,0,0,1,0,0,0
0,0,0,0,0,100,0,0,0,0,0,0,0,0,0,0,100,0,0,0,0,0,0,0,0,0,0,100,0,0,0,0,0,0,0,0,0,1,0,0,1,0,0,0,0,1,0,0,0
0,0,0,0,0,100,0,0,0,0,0,0,0,0,0,0,100,0,0,0,0,0,0,0,0,0,0,100,0,0,0,0,0,0,0,0,0.075,0.925,0,0,1,0,0,0,0,1,0,0,0
0,0,0,0,0,100,0,0,0,0,0,0,0,0,0,0,100,0,0,0,0,0,0,0,0,0,0,100,0,0,0,0,0,0,0,0,0,1,0,0,1,0,0,0,0,1,0,0,0
0,0,0,0,0,100,0,0,0,0,0,0,0,0,0,0,100,0,0,0,0,0,0,0,0,0,0,100,0,0,0,0,0,0,0,0,0.073171,0.92683,0,0,1,0,0,0,0,1,0,0,0
0,0,0,0,0,100,0,0,0,0,0,0,0,0,0,0,100,0,0,0,0,0,0,0,0,0,0,100,0,0,0,0,0,0,0,0,0,1,0,0,1,0,0,0,0,1,0,0,0
0,0,0,0,0,100,0,0,0,0,0,0,0,0,0,0,100,0,0,0,0,0,0,0,0,0,0,100,0,0,0,0,0,0,0,0,0,1,0,0,1,0,0,0,0,1,0,0,0
0,0,0,0,0,100,0,0,0,0,0,0,0,0,0,0,100,0,0,0,0,0,0,0,0,0,0,100,0,0,0,0,0,0,0,0,0,1,0,0,1,0,0,0,0,1,0,0,0
0,0,0,0,0,100,0,0,0,0,0,0,0,0,0,0,100,0,0,0,0,0,0,0,0,0,0,100,0,0,0,0,0,0,0,0,0,1,0,0,1,0,0,0,0,1,0,0,0
0,0,0,0,0,100,0,0,0,0,0,0,0,0,0,0,100,0,0,0,0,0,0,0,0,0,0,100,0,0,0,0,0,0,0,0,0,1,0,0,1,0,0,0,0,1,0,0,0
0,0,0,0,0,100,0,0,0,0,0,0,0,0,0,0,100,0,0,0,0,0,0,0,0,0,0,100,0,0,0,0,0,0,0,0,0.034483,0.96552,0,0,1,0,0,0,0,1,0,0,0
0,0,0,0,0,100,0,0,0,0,0,0,0,0,0,0,100,0,0,0,0,0,0,0,0,0,0,100,0,0,0,0,0,0,0,0,0,1,0,0,1,0,0,0,0,1,0,0,0
0,0,0,0,0,100,0,0,0,0,0,0,0,0,0,0,100,0,0,0,0,0,0,0,0,0,0,100,0,0,0,0,0,0,0,0,0.06,0.94,0,0,1,0,0,0,0,1,0,0,0
0,0,0,0,0,100,0,0,0,0,0,0,0,0,0,0,100,0,0,0,0,0,0,0,0,0,0,100,0,0,0,0,0,0,0,0,0,1,0,0,1,0,0,0,0,1,0,0,0
0,0,0,0,0,100,0,0,0,0,0,0,0,0,0,0,100,0,0,0,0,0,0,0,0,0,0,100,0,0,0,0,0,0,0,0,0,1,0,0,1,0,0,0,0,1,0,0,0
0,0,0,0,0,100,0,0,0,0,0,0,0,0,0,24.221,59.748,16.031,0,0,0,0,0,0,0,0,0,54.263,45.737,0,0,0,0,0,0,0,0,1,0,0,1,0,0,0,0,1,0,0,0
0,0,0,0,0,100,0,0,0,0,0,0,0,0,0,0,100,0,0,0,0,0,0,0,0,0,0,100,0,0,0,0,0,0,0,0,0,1,0,0,1,0,0,0,0,1,0,0,0
0,0,0,0,0,100,0,0,0,0,0,0,0,0,0,12.981,67.852,19.166,0,0,0,0,0,0,0,0,0,74.037,25.963,0,0,0,0,0,0,0,0,1,0,0,1,0,0,0,0,1,0,0,0
0,0,0,0,0,100,0,0,0,0,0,0,0,0,0,29.033,64.516,6.4512,0,0,0,0,0,0,0,0,0,64.516,35.484,0,0,0,0,0,0.95,0,0,0.05,0,0,1,0,0,0,0,0.05,0.95,0,0
0,0,0,0,0,100,0,0,0,0,0,0,0,0,0,5.3243,78.826,15.85,0,0,0,0,0,0,0,0,0,81.532,18.468,0,0,0,0,0,0.97368,0,0,0.026316,0,0,1,0,0,0,0,0.026316,0.97368,0,0
0,0,0,0,0,100,0,0,0,0,0,0,0,0,0,0,100,0,0,0,0,0,0,0,0,0,0,100,0,0,0,0,0,0,0,0,0,1,0,0,1,0,0,0,0,1,0,0,0
0,0,0,0,0,100,0,0,0,0,0,0,0,0,0,0,94.633,5.3668,0,0,0,0,0,0,0,0,0,94.54,5.4605,0,0,0,0,0,0,0,0,1,0,0,1,0,0,0,0,1,0,0,0
0,0,0,0,0,100,0,0,0,0,0,0,0,0,0,0,100,0,0,0,0,0,0,0,0,0,0,100,0,0,0,0,0,0,0,0,0,1,0,0,1,0,0,0,0,1,0,0,0
0,0,0,0,0,100,0,0,0,0,0,0,0,0,0,0,100,0,0,0,0,0,0,0,0,0,0,100,0,0,0,0,0,0,0,0,0,1,0,0,1,0,0,0,0,1,0,0,0
0,0,0,0,0,100,0,0,0,0,0,0,0,0,0,9.5495,80.901,9.5495,0,0,0,0,0,0,0,0,0,75.19,24.81,0,0,0,0,0,0.41667,0.16667,0.027778,0.38889,0,0,1,0,0,0,0,0.58333,0.41667,0,0
0,0,0,0,0,100,0,0,0,0,0,0,0,0,0,0,92.69,7.3098,0,0,0,0,0,0,0,0,0,100,0,0,0,0,0,0,0.28571,0.071429,0,0.64286,0,0,1,0,0,0,0,0.71429,0.28571,0,0
0,0,0,0,0,100,0,0,0,0,0,0,0,0,0,14.153,70.172,15.675,0,0,0,0,0,0,0,0,14.153,85.847,0,0,0,0,0,0,0,0,0.018868,0.98113,0,0,1,0,0,0,0,1,0,0,0
0,0,0,0,0,100,0,0,0,0,0,0,0,0,0,10.025,70.265,19.71,0,0,0,0,0,0,0,0,3.8827,87.244,8.8737,0,0,0,0,0,1,0,0,0,0,0,1,0,0,0,0,1,0,0,0
0,0,3.3401,0,0,96.66,0,0,0,0,0,0,0,0,0,5.838,84.451,9.7108,0,0,0,0,0,0,0,7.8622,20.071,59.016,9.7108,0,0,0,3.3401,0,0.79167,0,0.20833,0,0,0,1,0,0,0,0,0.20833,0.79167,0,0
0,0,0,0,0,92.96,0,0,7.0405,0,0,0,0,0,0,14.529,70.591,7.8394,7.0405,0,0,0,0,0,0,0,7.0405,78.053,7.8659,0,0,0,7.0405,0,1,0,0,0,0,0,1,0,0,0,0,1,0,0,0
0,0,0,0,0,100,0,0,0,0,0,0,0,0,0,11.133,62.654,26.213,0,0,0,0,0,0,0,0,0,65.175,34.825,0,0,0,0,0,1,0,0,0,0,0,1,0,0,0,0,1,0,0,0
0,0,9.9755,14.298,2.3687,21.825,15.207,0,24.817,7.1857,4.3225,0,11.435,5.2319,7.1123,14.713,26.569,2.8632,2.8632,4.3225,11.508,13.382,7.1123,9.9755,0,27.552,0,0,2.3687,7.1123,11.508,11.508,22.863,0,1,0,0,0,0,0,1,0,0,0,0,0.055556,0.94444,0,0
0,0,0,0,0,100,0,0,0,0,0,0,0,0,0,10.4,84.752,4.8487,0,0,0,0,0,0,0,0,0,68.517,31.483,0,0,0,0,0,1,0,0,0,0,0,1,0,0,0,0,1,0,0,0
0,7.6439,16.216,4.5268,0,52.363,0,0,15.717,3.534,0,1.5089,8.6594,9.6582,6.0585,16.21,34.127,3.534,0,3.0179,0,17.226,2.5245,4.0334,17.302,0,7.6439,7.5734,32.519,3.534,4.626,20.243,0,0,0.84058,0.15942,0,0,0,0,0.82609,0.17391,0,0,0,0,1,0,0
0,0,0,0,0,93.506,0,0,6.4942,0,0,0,0,0,0,14.183,73.508,5.814,6.4942,0,0,0,0,0,0,0,4.7545,65.807,22.944,0,0,6.4942,0,0,1,0,0,0,0,0,1,0,0,0,0,1,0,0,0
0,0,0,0,0,90.034,0,0,9.9661,0,0,4.983,0,0,0,10.891,65.096,14.048,4.983,0,0,0,0,0,0,0,0,61.939,28.095,0,4.983,4.983,0,0,1,0,0,0,0,0,1,0,0,0,0,1,0,0,0
0,0,7.2037,0,0,79.038,0,0,13.759,0,0,6.8793,0,0,0,9.1973,69.841,0,7.2037,6.8793,0,0,7.2037,0,0,0,7.2037,62.637,9.1973,0,6.8793,6.8793,0,0,1,0,0,0,0,0,1,0,0,0,0,1,0,0,0
0,2.4117,8.0476,0,0,63.918,0,0,25.622,0,0,14.22,0,0,2.4117,5.6358,58.283,0,2.8179,14.22,2.4117,0,2.8179,0,7.6414,0,11.808,52.11,0,0,8.9904,14.22,2.4117,0,1,0,0,0,0,0,1,0,0,0,0,1,0,0,0
0,15.744,7.1717,0,0,45.005,9.4657,8.4481,14.166,0,0,13.58,10.157,0,2.187,10.393,34.612,0,14.474,9.0106,5.5871,0,5.0082,0,17.907,9.4657,10.164,34.841,0,0,11.417,9.0106,2.187,0.085714,0.91429,0,0,0,0,0,1,0,0,0,0,1,0,0,0
0,0,0,0,0,77.412,0,0,22.588,0,0,0,0,0,0,6.7748,70.637,0,22.588,0,0,0,0,0,0,0,24.225,53.187,0,0,0,5.1373,17.451,0.14754,0.57377,0.016393,0.032787,0.22951,0,0,1,0,0,0,0,1,0,0,0
0,0,0,0,0,72.528,0,0,27.472,0,0,4.2262,0,0,0,0,72.528,0,23.246,0,0,0,0,0,0,0,30.516,42.012,0,0,4.2262,4.2262,19.019,0.84,0,0,0,0.16,0,0,1,0,0,0,0,1,0,0,0
0,0,0,0,0,71.732,0,0,28.268,0,0,11.483,0,0,0,0,66.396,5.3357,16.785,0,0,0,0,0,0,0,13.218,47.842,10.671,0,11.483,11.483,5.3027,0.14754,0.85246,0,0,0,0,0,1,0,0,0,0,1,0,0,0
0,0,0,0,0,71.435,0,0,28.565,0,0,6.8532,0,0,0,0,71.435,0,21.712,0,0,0,0,0,0,0,10.068,61.366,0,0,6.8532,16.722,4.9901,1,0,0,0,0,0,0,1,0,0,0,0,1,0,0,0
0,0,0,0,0,67.995,0,0,32.005,0,0,13.921,0,0,0,5.4717,62.524,0,15.029,3.0553,0,0,0,0,0,0,2.7211,59.802,5.4717,0,13.921,18.084,0,0.13636,0.86364,0,0,0,0,0,1,0,0,0,0,1,0,0,0
0,0,0,0,0,60,0,0,40,0,0,20,0,0,0,0,60,0,12.54,7.46,0,0,0,0,0,0,7.6342,52.366,0,0,20,20,0,0.93396,0.066038,0,0,0,0,0,1,0,0,0,0,1,0,0,0
0,0,0,0,0,66.808,0,0,33.192,0,0,16.596,0,0,0,0,66.808,0,6.1116,10.485,0,0,0,0,0,0,10.485,56.323,0,0,16.596,16.596,0,0.14706,0.85294,0,0,0,0,0,1,0,0,0,0,1,0,0,0
0,0,5.5375,0,0,62.798,0,0,31.664,0,0,17.216,0,0,0,5.5375,57.261,0,6.0826,13.903,0,0,2.7687,0,2.7687,0,10.902,51.896,0,0,14.448,17.216,0,0.93976,0.060241,0,0,0,0,0,1,0,0,0,0,1,0,0,0
0,1.7792,21.713,0,0,57.605,0,0,18.903,0,0,12.846,0,0,1.7792,13.578,44.027,0,13.145,12.846,1.7792,0,13.145,0,10.347,0,15.449,42.156,0,0,4.2778,12.846,1.7792,0.21277,0.78723,0,0,0,0,0,1,0,0,0,0,1,0,0,0
0,1.5435,3.9149,0,0,61.423,1.8577,1.8577,29.403,0,0,13.775,0,0,5.2539,5.5681,55.855,0,4.2291,13.775,1.5435,0,2.3713,0,3.0871,1.8577,16.456,44.968,0,0,12.232,13.775,5.2539,1,0,0,0,0,0,0,1,0,0,0,0,1,0,0,0
0,48.526,1.9955,0,0,12.481,26.512,3.2472,7.2381,0,0,5.2426,23.265,0,1.9955,3.2472,9.2336,0,26.512,5.2426,25.261,0,0,0,50.522,26.512,0,12.481,0,0,3.2472,5.2426,1.9955,0.18919,0.81081,0,0,0,0,0,1,0,0,0,0,1,0,0,0
0,19.898,1.8887,0,0,36.776,6.55,24.56,10.327,0,0,26.448,18.01,0,1.8887,6.55,30.226,0,6.55,8.4387,1.8887,0,0,0,21.787,6.55,0,36.776,0,0,24.56,8.4387,1.8887,0.93333,0.066667,0,0,0,0,0,1,0,0,0,0,0.93333,0.066667,0,0
8.2656,5.0327,0,0,29.8,29.234,0,0,13.298,2.3342,12.035,0,2.3342,14.168,2.3342,15.632,11.833,0,15.632,16.866,12.934,8.2656,0,0,0,5.0327,8.2656,11.833,9.135,28.566,19.2,4.6684,13.298,0.083333,0.91667,0,0,0,0,0,1,0,0,0,0,0.083333,0.91667,0,0
8.1075,22.353,1.1549,0,17.167,27.861,0,0,15.102,1.7856,6.4702,1.1549,9.2338,11.379,2.3802,19.37,9.4107,0,16.841,10.845,11.277,8.1075,0,0,8.4443,15.063,11.231,15.475,1.1549,18.885,10.891,10.459,8.3969,0.32353,0.67647,0,0,0,0,0,1,0,0,0,0,0.38235,0.61765,0,0
6.968,6.3033,0,0,19.575,47.58,0,0,6.3033,6.968,6.3033,0,0,6.3033,0,6.3033,24.707,11.436,6.3033,31.011,6.968,6.968,0,0,0,6.3033,0,24.707,22.872,13.271,26.543,0,6.3033,0,1,0,0,0,0,0,1,0,0,0,0,0,1,0,0
9.6916,5.2034,0,0,23.361,40.867,0,0,4.5035,7.9846,8.3893,0,4.5309,10.873,2.7964,10.769,23.756,0,9.0344,13.265,15.285,9.6916,0,0,1.7345,3.469,6.238,21.415,13.214,22.584,19.515,7.3274,4.5035,0,1,0,0,0,0,0,1,0,0,0,0,0,1,0,0
0,0,0,0,13.541,86.459,0,0,0,0,0,0,0,13.541,0,0,65.006,7.9115,0,13.541,0,0,0,0,0,0,0,53.126,33.333,0,13.541,0,0,0,1,0,0,0,0,0,1,0,0,0,0,0,1,0,0
0,4.6739,0,0,9.3478,76.63,0,0,4.6739,0,4.6739,0,0,4.6739,0,4.6739,53.473,11.579,4.6739,20.927,0,0,0,0,0,4.6739,0,53.473,23.157,4.6739,9.3478,0,4.6739,0,1,0,0,0,0,0,1,0,0,0,0,0,1,0,0
0,0,0,0,0,100,0,0,0,0,0,0,0,0,0,0,66.667,33.333,0,0,0,0,0,0,0,0,0,66.667,33.333,0,0,0,0,0,1,0,0,0,0,0,1,0,0,0,0,0,1,0,0
0,0,0,0,0,92.75,0,0,7.25,0,0,0,0,0,7.25,0,76.4,8.175,0,8.175,0,0,0,7.25,0,0,7.25,49.537,35.962,0,0,0,0,0,1,0,0,0,0,0,1,0,0,0,0,0,1,0,0
0,0,0,0,0,88.945,0,0,11.055,0,0,0,0,0,0,0,88.945,0,11.055,0,0,0,0,0,0,0,22.734,66.211,0,0,0,0,11.055,0.69512,0.036585,0,0,0.26829,0,0,1,0,0,0,0,1,0,0,0
0,0,0,0,0,100,0,0,0,0,0,0,0,0,0,0,100,0,0,0,0,0,0,0,0,0,10.627,89.373,0,0,0,0,0,0.81818,0.011364,0,0,0.17045,0,0,1,0,0,0,0,1,0,0,0
0,0,0,0,0,100,0,0,0,0,0,0,0,0,0,0,100,0,0,0,0,0,0,0,0,0,0,100,0,0,0,0,0,0.8427,0.033708,0,0,0.1236,0,0,1,0,0,0,0,1,0,0,0
0,0,0,0,0,100,0,0,0,0,0,0,0,0,0,0,100,0,0,0,0,0,0,0,0,0,0,100,0,0,0,0,0,0.93651,0.015873,0,0,0.047619,0,0,1,0,0,0,0,1,0,0,0
0,0,0,0,0,87.265,0,0,12.735,0,0,6.3673,0,0,0,0,87.265,0,6.3673,0,0,0,0,0,0,0,17.739,69.526,0,0,6.3673,6.3673,0,1,0,0,0,0,0,0,1,0,0,0,0,1,0,0,0
0,0,0,0,0,100,0,0,0,0,0,0,0,0,0,0,100,0,0,0,0,0,0,0,0,0,0,100,0,0,0,0,0,0.96629,0.033708,0,0,0,0,0,1,0,0,0,0,1,0,0,0
0,0,0,0,0,100,0,0,0,0,0,0,0,0,0,0,100,0,0,0,0,0,0,0,0,0,33.333,66.667,0,0,0,0,0,0.87778,0.12222,0,0,0,0,0,1,0,0,0,0,1,0,0,0
0,0,0,0,0,100,0,0,0,0,0,0,0,0,0,0,100,0,0,0,0,0,0,0,0,0,0,100,0,0,0,0,0,0.95652,0.043478,0,0,0,0,0,1,0,0,0,0,0.98913,0.01087,0,0
0,0,0,0,0,100,0,0,0,0,0,0,0,0,0,0,100,0,0,0,0,0,0,0,0,0,0,100,0,0,0,0,0,1,0,0,0,0,0,0,1,0,0,0,0,1,0,0,0
0,0,0,0,0,100,0,0,0,0,0,0,0,0,0,0,100,0,0,0,0,0,0,0,0,0,0,100,0,0,0,0,0,1,0,0,0,0,0,0,1,0,0,0,0,1,0,0,0
0,0,0,0,0,100,0,0,0,0,0,0,0,0,0,0,100,0,0,0,0,0,0,0,0,0,0,100,0,0,0,0,0,0.82192,0.17808,0,0,0,0,0,1,0,0,0,0,0.91781,0.082192,0,0
0.93468,0,19.341,9.4933,20.571,16.433,6.805,4.418,16.769,0.93468,4.3008,4.4177,1.2086,1.677,9.8472,15.022,15.232,9.6007,7.7841,21.693,1.9065,11.612,7.3054,11.61,14.814,0.93468,3.0498,5.7732,5.2798,6.6757,14.7,26.735,3.1223,0.093023,0.86047,0.046512,0,0,0,0.069767,0.46512,0.46512,0,0,0,0.34884,0.65116,0,1
0,0,0,0,0,88.344,0,0,11.656,0,0,5.8282,0,0,0,0,88.344,0,0,5.8282,0,0,0,0,0,0,5.8282,82.516,0,0,5.8282,5.8282,0,1,0,0,0,0,0,0,1,0,0,0,0,1,0,0,0
0,0,0,0,0,100,0,0,0,0,0,0,0,0,0,0,100,0,0,0,0,0,0,0,0,0,0,100,0,0,0,0,0,0.84884,0.15116,0,0,0,0,0,1,0,0,0,0,0.87209,0.12791,0,0
0,0,0,0,0,96.355,0,0,3.6452,0,0,0,0,0,3.6452,3.6452,92.71,0,0,0,0,0,0,0,0,0,12.604,83.751,0,0,0,0,3.6452,0.91781,0.082192,0,0,0,0,0,1,0,0,0,0,1,0,0,0
0,1.6473,9.482,0,0,62.705,6.3179,6.3179,13.53,0,0,11.883,0,0,1.6473,14.153,48.552,0,10.235,11.883,1.6473,0,3.9173,0,7.212,6.3179,3.9173,58.788,0,0,6.3179,11.883,1.6473,1,0,0,0,0,0,0,1,0,0,0,0,1,0,0,0
0,25.31,6.7658,0,5.3112,33.165,0,0,10.73,3.8365,14.882,1.4378,15.214,14.657,5.5286,11.799,25.256,0,8.0719,7.2443,9.3534,1.4378,3.8903,0,15.075,13.11,2.5433,26.362,4.2595,8.2965,10.422,16.041,0,0.94,0.06,0,0,0,0,0,1,0,0,0,0,1,0,0,0
0,7.7088,25.36,0,0,50.15,0,0,10.168,6.6123,0,7.9723,15.634,0,0,14.166,40.4,0,1.778,2.9654,8.3904,8.694,6.1942,2.4998,16.403,7.9723,0,35.984,14.166,0,15.003,1.778,0,0.92,0.08,0,0,0,0,0,1,0,0,0,0,0.98,0.02,0,0
0,15.693,5.2007,0,10.656,43.732,0,0,10.401,3.5791,10.737,5.2007,17.478,7.0766,3.5791,15.775,22.757,0,12.277,3.4975,12.359,0,0,0,8.6982,12.196,3.4975,27.944,12.291,10.737,8.7799,15.856,0,0,1,0,0,0,0,0,1,0,0,0,0,0,1,0,0
0,9.4849,16.24,0,0,56.002,0,3.1572,4.8649,10.251,0,1.3662,16.361,0,0,12.642,44.465,4.4021,1.3662,11.276,3.4987,4.6223,8.1187,4.6223,12.862,1.3662,1.2449,41.464,12.048,0,13.75,1.3662,3.1572,0,1,0,0,0,0,0,1,0,0,0,0,0,1,0,0
0,6.1737,18.64,0,0,55.31,0,0,3.9815,15.895,0,1.8396,16.499,0,0,6.5055,46.524,3.4736,0,9.0435,3.9815,12.134,4.6659,9.817,11.487,5.1869,3.4736,34.867,10.626,0,19.876,0,0,0.77778,0.22222,0,0,0,0,0,1,0,0,0,0,1,0,0,0
0,5.6233,19.822,1.0786,0,44.636,0,10.152,5.5602,13.128,0,3.5427,17.177,1.0786,0,5.6316,41.175,1.782,0,9.9955,4.4816,15.136,5.0311,9.229,14.057,8.0874,2.1572,32.065,8.902,0,17.61,0,2.8606,0,1,0,0,0,0,0,1,0,0,0,0,0,1,0,0
0,0,6.6121,0,6.4303,83.951,3.007,0,0,0,0,6.4303,3.007,0,0,41.829,35.51,6.6121,0,0,6.6121,0,3.007,0,13.042,0,25.487,32.392,16.342,0,9.7301,0,0,0,0,0.10714,0.89286,0,0,0,1,0,0,0,0,0.25,0.75,0,0
0,0,0,0,0,93.716,0,0,6.2837,0,0,6.2837,0,0,0,6.2837,87.433,0,0,0,0,0,0,6.2837,0,0,0,73.39,20.327,0,0,0,0,0,1,0,0,0,0,0,1,0,0,0,0,0,1,0,0
0,0,2.9797,15.993,0,61.712,2.9797,5.9594,10.376,0,0,16.883,0,0,0,13.356,57.295,0,0,0,0,12.466,0,29.349,2.9797,0,2.9797,55.328,3.4046,2.9797,0,0,2.9797,0,1,0,0,0,0,0,1,0,0,0,0,0,1,0,0
0,2.2204,13.366,0,2.2204,65.386,0,0,16.807,0,0,9.0141,2.2204,0,2.2204,6.7936,57.889,7.3649,2.2204,3.3523,0,8.9251,3.3523,19.028,4.4409,3.3523,3.3523,49.267,12.767,0,0,4.4409,0,0,1,0,0,0,0,0,1,0,0,0,0,0,1,0,0
0,2.9206,8.7618,0,2.9206,62.988,0,0,22.408,0,0,2.9206,2.9206,0,8.7683,15.598,63.951,0,2.9206,0,0,2.9206,0,17.53,5.8412,0,5.8477,57.141,0,0,0,5.8412,7.799,0,1,0,0,0,0,0,1,0,0,0,0,0.018519,0.98148,0,0
0,3.9242,8.3155,0,0,70.728,0,4.9734,8.1342,0,3.9242,2.7718,0,3.9242,3.9242,18.937,53.8,4.9734,3.9242,4.9734,0,2.7718,2.7718,0,6.6961,2.7718,0,55.238,15.49,3.9242,0,3.9242,9.1834,0,1,0,0,0,0,0,1,0,0,0,0,0,1,0,0
0,0,0,0,0,100,0,0,0,0,0,0,0,0,0,0,100,0,0,0,0,0,0,0,0,0,0,100,0,0,0,0,0,0,0,0,0.020408,0.97959,0,0,1,0,0,0,0,1,0,0,0
0,0,0,0,0,100,0,0,0,0,0,0,0,0,0,0,100,0,0,0,0,0,0,0,0,0,0,100,0,0,0,0,0,0,0,0,0,1,0,0,1,0,0,0,0,1,0,0,0
0,0,0,0,0,100,0,0,0,0,0,0,0,0,0,0,100,0,0,0,0,0,0,0,0,0,0,100,0,0,0,0,0,0,0,0,0,1,0,0,1,0,0,0,0,1,0,0,0
0,0,0,0,0,100,0,0,0,0,0,0,0,0,0,0,100,0,0,0,0,0,0,0,0,0,0,100,0,0,0,0,0,0,1,0,0,0,0,0,1,0,0,0,0,0,1,0,0
5.1472,16.252,0,0,25.392,22.035,0,0,2.7204,10.294,18.16,0,9.657,12.377,5.1465,16.888,7.8677,0,12.377,15.099,15.44,5.1472,0,0,4.5105,11.741,4.5105,12.378,5.1465,23.307,20.882,14.803,2.7204,1,0,0,0,0,0,0,1,0,0,0,0,1,0,0,0
4.7643,10.926,1.825,0,15.42,23.562,0,0,17.516,4.2213,21.765,1.825,13.866,13.323,6.2213,11.917,10.926,0,13.917,2.2134,21.026,4.7643,0,0,3.8251,8.9263,4.7643,12.751,6.0463,25.299,14.254,18.262,5.871,1,0,0,0,0,0,0,1,0,0,0,0,1,0,0,0
0,0,0,0,0,89.396,0,0,0,0,10.604,0,0,0,0,10.604,89.396,0,0,0,0,0,0,0,0,0,0,89.396,10.604,0,0,0,0,0,1,0,0,0,0,0,1,0,0,0,0,1,0,0,0
0,12.02,7.5017,0,0,50.941,0,0,15.009,10.009,4.5185,2.661,19.85,4.5185,0,7.5017,45.62,0,2.661,4.8408,12.348,0,4.8408,0,7.5017,7.1795,0,48.281,2.661,0,22.357,7.1795,0,0.061538,0.93846,0,0,0,0,0,1,0,0,0,0,1,0,0,0
0,9.6934,0,0,0,74.844,0,0,7.7311,7.7311,0,0,12.578,0,0,0,74.844,0,0,4.8467,7.7311,0,0,0,9.6934,0,0,74.844,0,0,15.462,0,0,0,1,0,0,0,0,0,1,0,0,0,0,1,0,0,0
0,0,0,0,0,100,0,0,0,0,0,0,0,0,0,0,100,0,0,0,0,0,0,0,0,0,0,100,0,0,0,0,0,0,1,0,0,0,0,0,1,0,0,0,0,1,0,0,0
0,0,0,0,0,100,0,0,0,0,0,0,0,0,0,0,100,0,0,0,0,0,0,0,0,0,0,100,0,0,0,0,0,0,1,0,0,0,0,0,1,0,0,0,0,1,0,0,0
0,4.3973,0,0,0,86.081,0,0,0,9.5216,0,0,9.1581,0,0,0,86.081,0,0,4.7608,0,0,0,4.7608,0,4.3973,0,81.32,0,0,9.5216,0,0,0,1,0,0,0,0,0,1,0,0,0,0,1,0,0,0
0,8.4971,0,0,0,91.503,0,0,0,0,0,0,8.4971,0,0,0,91.503,0,0,0,0,0,0,0,0,8.4971,0,91.503,0,0,0,0,0,0,1,0,0,0,0,0,1,0,0,0,0,1,0,0,0
0,0,0,0,0,88.385,0,0,0,0,11.615,0,0,0,0,11.615,88.385,0,0,0,0,0,0,0,0,0,0,88.385,11.615,0,0,0,0,0,0.93182,0,0.022727,0.045455,0,0,1,0,0,0,0,1,0,0,0
0,0,0,17.833,17.833,55.565,0,0,0,0,8.7688,0,17.833,0,0,8.7688,55.565,0,0,0,0,17.833,0,0,0,0,0,55.565,8.7688,0,0,17.833,17.833,0,0,0.014085,0.15493,0.83099,0,0,1,0,0,0,0,1,0,0,0
0,0,0,15.287,9.0438,75.669,0,0,0,0,0,0,15.287,0,0,0,75.669,0,0,0,0,9.0438,0,0,0,0,0,75.669,0,0,0,9.0438,15.287,0,0,0,0.16667,0.83333,0,0,1,0,0,0,0,1,0,0,0
0,0,0,4.4659,9.5739,85.96,0,0,0,0,0,0,4.4659,0,0,0,85.96,0,0,0,0,9.5739,0,0,0,0,0,85.96,0,0,0,9.5739,4.4659,0,0,0,0.13725,0.86275,0,0,1,0,0,0,0,1,0,0,0
0,0,0,8.5092,14.177,77.314,0,0,0,0,0,0,8.5092,0,0,0,77.314,0,0,0,0,14.177,0,0,0,0,0,77.314,0,0,0,14.177,8.5092,0,0,0,0.22059,0.77941,0,0,1,0,0,0,0,1,0,0,0
0,0,0,3.758,0,96.242,0,0,0,0,0,0,3.758,0,0,0,96.242,0,0,0,0,0,0,0,0,0,0,96.242,0,0,0,0,3.758,0,0,0,0.14286,0.85714,0,0,1,0,0,0,0,1,0,0,0
0,0,0,0,0,100,0,0,0,0,0,0,0,0,0,0,100,0,0,0,0,0,0,0,0,0,0,100,0,0,0,0,0,0,0,0,0.22642,0.77358,0,0,1,0,0,0,0,1,0,0,0
0,0,0,0,0,100,0,0,0,0,0,0,0,0,0,0,100,0,0,0,0,0,0,0,0,0,0,100,0,0,0,0,0,0,0,0.015625,0.09375,0.89062,0,0,1,0,0,0,0,1,0,0,0
0,0,0,0,0,91.378,0,0,0,0,8.6224,0,0,0,0,8.6224,91.378,0,0,0,0,0,0,0,0,0,0,91.378,8.6224,0,0,0,0,0,0.98148,0,0.018519,0,0,0,1,0,0,0,0,1,0,0,0
0,0,0,0,0,85.241,0,0,0,0,14.759,0,0,0,0,14.759,85.241,0,0,0,0,0,0,0,0,0,0,85.241,14.759,0,0,0,0,0,0.058824,0.21176,0.12941,0.6,0,0,1,0,0,0,0,1,0,0,0
0,0,0,0,0,100,0,0,0,0,0,0,0,0,0,0,100,0,0,0,0,0,0,0,0,0,0,100,0,0,0,0,0,0,1,0,0,0,0,0,1,0,0,0,0,1,0,0,0
0,0,0,0,0,100,0,0,0,0,0,0,0,0,0,0,100,0,0,0,0,0,0,0,0,0,0,100,0,0,0,0,0,0,0.086538,0.23077,0.18269,0.5,0,0,1,0,0,0,0,1,0,0,0
0,0,0,7.3921,0,92.608,0,0,0,0,0,0,7.3921,0,0,0,92.608,0,0,0,0,0,0,0,0,0,0,92.608,0,0,0,0,7.3921,0,0,0.014085,0.28169,0.70423,0,0,1,0,0,0,0,1,0,0,0
0,0,0,0,0,100,0,0,0,0,0,0,0,0,0,0,100,0,0,0,0,0,0,0,0,0,0,100,0,0,0,0,0,0,0,0,0.18667,0.81333,0,0,1,0,0,0,0,1,0,0,0
0,0,0,0,0,100,0,0,0,0,0,0,0,0,0,0,88.626,11.374,0,0,0,0,0,0,0,0,0,100,0,0,0,0,0,0,0,0,0.2625,0.7375,0,0,1,0,0,0,0,1,0,0,0
0,0,0,0,0,100,0,0,0,0,0,0,0,0,0,0,100,0,0,0,0,0,0,0,0,0,0,100,0,0,0,0,0,0,0,0,0.22078,0.77922,0,0,1,0,0,0,0,1,0,0,0
0,0,0,0,0,100,0,0,0,0,0,0,0,0,0,0,100,0,0,0,0,0,0,0,0,0,0,100,0,0,0,0,0,0,0,0.015625,0.23438,0.75,0,0,1,0,0,0,0,1,0,0,0
0,0,0,0,0,100,0,0,0,0,0,0,0,0,0,0,100,0,0,0,0,0,0,0,0,0,0,100,0,0,0,0,0,0,0,0,0.23288,0.76712,0,0,1,0,0,0,0,1,0,0,0
0,0,0,0,0,100,0,0,0,0,0,0,0,0,0,0,100,0,0,0,0,0,0,0,0,0,0,100,0,0,0,0,0,0,0,0,0.17143,0.82857,0,0,1,0,0,0,0,1,0,0,0
0,0,0,0,0,100,0,0,0,0,0,0,0,0,0,0,100,0,0,0,0,0,0,0,0,0,0,100,0,0,0,0,0,0,0,0.057971,0.15942,0.78261,0,0,1,0,0,0,0,1,0,0,0
0,0,0,0,0,100,0,0,0,0,0,0,0,0,0,0,100,0,0,0,0,0,0,0,0,0,0,100,0,0,0,0,0,0,0,0,0.1087,0.8913,0,0,1,0,0,0,0,1,0,0,0
0,0,0,0,0,100,0,0,0,0,0,0,0,0,0,0,100,0,0,0,0,0,0,0,0,0,0,100,0,0,0,0,0,0,0,0,0.18919,0.81081,0,0,1,0,0,0,0,1,0,0,0
0,0,0,0,0,100,0,0,0,0,0,0,0,0,0,0,100,0,0,0,0,0,0,0,0,0,0,100,0,0,0,0,0,0,0,0.068182,0.13636,0.79545,0,0,1,0,0,0,0,1,0,0,0
0,0,0,0,0,100,0,0,0,0,0,0,0,0,0,0,100,0,0,0,0,0,0,0,0,0,0,100,0,0,0,0,0,0,0,0,0.25758,0.74242,0,0,1,0,0,0,0,1,0,0,0
0,0,0,0,0,100,0,0,0,0,0,0,0,0,0,0,100,0,0,0,0,0,0,0,0,0,0,100,0,0,0,0,0,0,0,0,0.23404,0.76596,0,0,1,0,0,0,0,1,0,0,0
0,29.712,4.9809,0,9.971,38.069,0,0,9.9619,1.8262,5.4787,4.9809,20.994,8.1447,1.8262,19.444,13.644,0,13.126,9.2063,8.6334,0,0,0,17.075,17.618,6.3185,24.944,6.8072,5.4787,6.8072,14.952,0,0.13208,0.86792,0,0,0,0,0,1,0,0,0,0,1,0,0,0
0,12.59,13.447,0,0,55.499,0,0,4.2448,14.219,0,0,19.772,0,0,4.9573,55.499,0,0,11.282,4.2448,4.2448,4.9573,6.7533,16.835,0,0,52.99,0,0,18.464,0,0,0.09434,0.90566,0,0,0,0,0,1,0,0,0,0,1,0,0,0
0.65547,3.07,15.935,6.247,0,40.724,4.7291,21.36,3.3531,3.9267,0,10.846,2.9967,5.3027,2.0314,8.896,39.946,4.6021,6.1594,7.5635,0,11.656,4.6193,22.737,22.159,2.4146,4.9739,25.679,9.7606,2.6976,0,2.0314,2.9271,0.034483,0.96552,0,0,0,0,0,1,0,0,0,0,0.41379,0.58621,0,0
1.3107,4.9468,33.262,1.7582,0,20.614,6.6676,11.942,11.489,8.0099,0,10.789,5.7473,12.446,9.7306,10.045,20.166,8.6403,6.9195,13.757,0,1.7582,1.7582,31.743,19.271,5.3943,8.8162,2.7158,10.393,2.6784,0,15.472,1.7582,0.30189,0.69811,0,0,0,0,0,1,0,0,0,0,1,0,0,1
0,9.1127,15.931,0,0,56.174,0,0,6.3018,12.48,0,0,20.291,0,0,0,53.347,1.4137,0,6.1782,6.3018,12.468,0,6.2902,11.055,9.1127,1.4137,50.52,2.8274,0,18.782,0,0,0.032787,0.96721,0,0,0,0,0,1,0,0,0,0,1,0,0,0
0,5.5291,5.5291,0,0,76.005,0,0,0,12.936,0,0,9.2327,0,0,0,76.005,0,0,9.2327,0,5.5291,0,3.7037,5.5291,5.5291,0,72.302,0,0,12.936,0,0,0,0.98529,0.014706,0,0,0,0,1,0,0,0,0,1,0,0,0
1.7188,3.0301,26.33,0,0,19.125,4.3413,12.69,14.951,17.814,0,6.7967,3.0301,19.125,14.951,5.4854,16.67,3.0301,10.067,20.844,0,0,0,17.846,31.815,1.3112,4.7489,4.1742,11.921,1.3112,0,26.872,0,0.1,0.5,0.4,0,0,0,0,1,0,0,0,0,0.525,0.475,0,1
0,0,0,0,0,100,0,0,0,0,0,0,0,0,0,0,100,0,0,0,0,0,0,0,0,0,0,100,0,0,0,0,0,0.74468,0.23404,0.021277,0,0,0,0,1,0,0,0,0,0.89362,0.10638,0,0
2.9524,4.9799,42.302,0,0,16.966,7.0073,14.242,4.9799,6.5698,0,7.6724,4.9799,8.5973,4.9799,14.014,16.301,13.349,18.556,11.55,0,0,0,48.207,22.84,2.0275,7.9322,3.6175,8.3691,2.0275,0,4.9799,0,0.11628,0.60465,0.27907,0,0,0,0,1,0,0,0,0,0.69767,0.30233,0,1
2.5146,6.059,31.592,2.1141,0,20.066,3.6028,13.787,7.6759,12.588,0,11.783,5.4684,11.687,7.5252,9.6847,19.125,4.8441,12.479,14.201,0,3.2023,1.026,31.695,28.281,4.5704,8.1694,7.1067,5.4124,3.0159,0,8.6089,2.1141,0.47368,0.44737,0.078947,0,0,0,0,1,0,0,0,0,0.92105,0.078947,0,1
1.5337,7.0993,21.567,0,9.714,32.067,4.5771,3.0434,13.004,7.3942,0,5.5882,2.2847,0,6.4962,19.573,37.721,6.8969,2.5462,10.268,0,8.6247,4.9403,18.299,10.918,10.522,11.199,14.527,0,0,13.279,15.304,1.0125,0.083333,0.87037,0.046296,0,0,0,0,1,0,0,0,0,0.66667,0.33333,0,1
1.3775,6.2821,19.687,3.5628,0,23.693,8.8623,19.976,7.2504,9.3092,0,12.293,11.5,5.2032,8.8765,9.555,23.825,8.2073,7.5322,6.5807,0,6.4275,0.69814,26.973,31.156,5.6027,9.3261,4.11,2.5945,12.289,0,3.6876,3.5628,0,0.18182,0.81818,0,0,0,0,1,0,0,0,0,0.18182,0.81818,0,1
2.9007,12.38,36.925,0,7.5439,11.875,5.3187,2.418,18.221,2.418,0,6.3064,3.8884,0,10.445,19.612,27.468,6.5562,10.445,4.836,0,10.445,2.418,37.157,19.169,6.0735,5.8014,0,0,0,5.3187,20.406,3.6555,0.19355,0.74194,0.064516,0,0,0,0,1,0,0,0,0,1,0,0,1
2.3334,4.2936,26.845,5.788,10.939,16.433,3.2257,11.856,13.249,5.0371,0,1.9183,1.026,1.483,8.5602,22.876,20.543,18.925,5.4543,3.4074,5.1762,10.63,4.5854,28.343,20.24,2.5151,8.8566,5.0609,1.6228,0,11.515,13.567,3.6931,0.045455,0.52727,0.42727,0,0,0,0,1,0,0,0,0,0.98182,0.018182,0,1
0,0,9.5156,15.607,0,50.64,1.4086,17.356,5.4729,0,0,14.604,6.0857,4.0644,0,9.2276,39.249,4.3674,0,6.4104,0,15.991,4.0644,30.595,3.4299,4.0644,11.559,28.325,8.7348,1.4086,0,0,7.819,0,1,0,0,0,0,0,1,0,0,0,0,0.1,0.9,0,0
2.5682,12.671,15.239,0,0,49.145,2.5682,2.5682,2.5682,12.671,0,10.103,12.671,2.5682,22.774,0,41.611,2.5682,2.5682,5.1363,0,0,0,10.273,15.239,10.103,5.1363,36.474,10.103,10.103,0,2.5682,0,1,0,0,0,0,0,0,1,0,0,0,0,1,0,0,0
0.92995,12.75,33.452,2.5178,0,20.655,5.4897,8.0075,4.4687,11.729,0,20.77,7.3386,7.3621,12.726,11.468,18.715,1.9509,6.3412,8.2921,0,5.0356,0,24.138,29.062,11.82,5.3987,10.799,5.3877,8.9265,0,1.9509,2.5178,0.44444,0.48148,0.074074,0,0,0,0,1,0,0,0,0,0.85185,0.14815,0,1
8.3935,6.4358,25.513,0,0,31.173,4.2054,10.077,3.0508,11.152,0,9.0791,15.419,6.4358,9.5481,4.5396,26.572,8.922,11.152,8.3319,0,0,0,22.535,35.025,4.5396,11.444,9.8822,6.4973,7.0259,0,3.0508,0,0.50794,0.079365,0.4127,0,0,0,0,1,0,0,0,0,0.57143,0.42857,0,0
0,2.7177,49.329,6.3984,8.4449,7.9051,0,17.984,7.2208,0,0,0,0,9.5178,2.7177,21.242,21.004,23.994,0.82243,3.2921,8.2937,9.1161,14.021,29.969,31.617,0.82243,0,7.0827,7.6225,0,0,1.6449,7.2208,0.084507,0.11268,0.71831,0.084507,0,0,0,0.97183,0.028169,0,0,0,1,0,0,1
0,0,0,0,0,100,0,0,0,0,0,0,0,0,0,0,100,0,0,0,0,0,0,0,0,0,0,100,0,0,0,0,0,0.015152,0.93939,0.045455,0,0,0,0,1,0,0,0,0,0.9697,0.030303,0,0
0,0,0,0,0,100,0,0,0,0,0,0,0,0,0,0,100,0,0,0,0,0,0,0,0,0,0,100,0,0,0,0,0,0,0.11702,0.19149,0.19149,0.5,0,0,1,0,0,0,0,0.98936,0.010638,0,0
0,0,0,0,0,100,0,0,0,0,0,0,0,0,0,0,100,0,0,0,0,0,0,0,0,0,0,100,0,0,0,0,0,1,0,0,0,0,0,0,1,0,0,0,0,1,0,0,0
0,0,0,0,0,77.831,0,0,22.169,0,0,0,8.7654,9.848,0,0,69.065,8.7654,0,0,0,3.5559,0,0,0,0,0,77.831,0,0,3.5559,8.7654,9.848,0.98611,0,0,0,0.013889,0,0,1,0,0,0,0,1,0,0,0
0,0,0,0,0,92.247,0,0,7.7532,0,0,0,7.7532,0,0,0,84.494,7.7532,0,0,0,0,0,0,0,0,0,92.247,0,0,0,7.7532,0,0,0,0.02439,0.28049,0.69512,0,0,1,0,0,0,0,1,0,0,0
0,0,0,0,0,93.047,0,0,6.9532,0,0,0,6.9532,0,0,0,78.925,14.121,0,0,0,0,0,0,0,0,0,93.047,0,0,0,6.9532,0,0,0,0,0.15854,0.84146,0,0,1,0,0,0,0,1,0,0,0
0,0,0,0,0,82.781,0,0,17.219,0,0,0,8.6096,0,0,0,76.778,6.0024,0,0,0,8.6096,0,0,0,0,0,82.781,0,0,8.6096,8.6096,0,0,0,0,0.20312,0.79688,0,0,1,0,0,0,0,1,0,0,0
0,0,0,0,0,82.669,0,0,17.331,0,0,0,7.0987,5.1162,0,0,75.57,7.0987,0,0,0,5.1162,0,0,0,0,0,82.669,0,0,5.1162,7.0987,5.1162,0,0,0,0.098592,0.90141,0,0,1,0,0,0,0,1,0,0,0
0,0,0,0,0,100,0,0,0,0,0,0,0,0,0,0,100,0,0,0,0,0,0,0,0,0,0,100,0,0,0,0,0,0,0,0,0.10294,0.89706,0,0,1,0,0,0,0,1,0,0,0
0,0,0,0,0,100,0,0,0,0,0,0,0,0,0,0,100,0,0,0,0,0,0,0,0,0,0,100,0,0,0,0,0,0,0,0.096386,0.12048,0.78313,0,0,1,0,0,0,0,1,0,0,0
0,0,0,0,0,100,0,0,0,0,0,0,0,0,0,0,100,0,0,0,0,0,0,0,0,0,0,100,0,0,0,0,0,0,0,0,0.094595,0.90541,0,0,1,0,0,0,0,1,0,0,0
0,0,0,0,0,100,0,0,0,0,0,0,0,0,0,0,100,0,0,0,0,0,0,0,0,0,0,100,0,0,0,0,0,0,0,0.011765,0.094118,0.89412,0,0,1,0,0,0,0,1,0,0,0
11.125,0,0,0,0,88.875,0,0,0,0,0,0,11.125,0,11.125,0,77.75,0,0,0,0,0,0,0,0,0,11.125,77.75,11.125,0,0,0,0,0.94186,0.023256,0.034884,0,0,0,0,1,0,0,0,0,1,0,0,0
0,0,0,0,0,70.475,0,0,29.525,0,0,0,6.0999,8.6626,0,0,70.475,0,0,0,0,14.762,0,0,0,0,0,70.475,0,0,14.762,6.0999,8.6626,1,0,0,0,0,0,0,1,0,0,0,0,1,0,0,0
0,0,0,0,0,100,0,0,0,0,0,0,0,0,0,0,100,0,0,0,0,0,0,0,0,0,0,100,0,0,0,0,0,0.93506,0.038961,0.025974,0,0,0,0,1,0,0,0,0,1,0,0,0
0,0,0,0,0,76.057,0,0,23.943,0,0,0,15.625,0,0,0,76.057,0,0,0,0,8.3176,0,0,0,0,0,76.057,0,0,3.8524,11.773,8.3176,1,0,0,0,0,0,0,1,0,0,0,0,1,0,0,0
0,0,0,0,0,79.8,0,0,20.2,0,0,0,6.8104,9.5777,0,0,79.8,0,0,0,0,3.8114,0,0,0,0,0,79.8,0,0,3.8114,6.8104,9.5777,0,0,0,0.083333,0.91667,0,0,1,0,0,0,0,1,0,0,0
0,0,0,0,0,88.184,0,0,11.816,0,0,0,3.2317,4.292,0,0,88.184,0,0,0,0,4.292,0,0,0,0,0,88.184,0,0,4.292,3.2317,4.292,0,0,0,0.28,0.72,0,0,1,0,0,0,0,1,0,0,0
0,0,0,0,0,73.879,0,0,26.121,0,0,0,10.128,2.9321,0,0,73.879,0,0,0,0,13.061,0,0,0,0,0,73.879,0,0,13.061,7.5615,5.499,0,0,0,0.16176,0.83824,0,0,1,0,0,0,0,1,0,0,0
0,0,0,0,0,89.83,0,0,10.17,0,0,0,7.3276,0,0,0,89.83,0,0,0,0,2.8425,0,0,0,0,0,89.83,0,0,2.8425,4.4852,2.8425,0,0,0,0.19178,0.80822,0,0,1,0,0,0,0,1,0,0,0
0,0,0,0,0,100,0,0,0,0,0,0,0,0,0,0,100,0,0,0,0,0,0,0,0,0,0,100,0,0,0,0,0,0,0,0,0.13699,0.86301,0,0,1,0,0,0,0,1,0,0,0
0,0,0,0,0,100,0,0,0,0,0,0,0,0,0,0,100,0,0,0,0,0,0,0,0,0,0,100,0,0,0,0,0,0,0,0.010638,0.2766,0.71277,0,0,1,0,0,0,0,1,0,0,0
0,0,0,0,0,100,0,0,0,0,0,0,0,0,0,0,100,0,0,0,0,0,0,0,0,0,0,100,0,0,0,0,0,0,0,0,0.078947,0.92105,0,0,1,0,0,0,0,1,0,0,0
0,0,0,0,0,100,0,0,0,0,0,0,0,0,0,0,100,0,0,0,0,0,0,0,0,0,0,100,0,0,0,0,0,0,0,0,0.26596,0.73404,0,0,1,0,0,0,0,1,0,0,0
0,0,0,0,0,100,0,0,0,0,0,0,0,0,0,0,100,0,0,0,0,0,0,0,0,0,0,100,0,0,0,0,0,0,0,0.014925,0.26866,0.71642,0,0,1,0,0,0,0,1,0,0,0
0,0,0,0,0,100,0,0,0,0,0,0,0,0,0,0,100,0,0,0,0,0,0,0,0,0,0,100,0,0,0,0,0,0,0,0.02,0.24,0.74,0,0,1,0,0,0,0,1,0,0,0
0,0,0,0,0,100,0,0,0,0,0,0,0,0,0,0,100,0,0,0,0,0,0,0,0,0,0,100,0,0,0,0,0,0,0,0,0.29851,0.70149,0,0,1,0,0,0,0,1,0,0,0
0,0,0,0,0,100,0,0,0,0,0,0,0,0,0,0,100,0,0,0,0,0,0,0,0,0,0,100,0,0,0,0,0,0,0,0.013158,0.052632,0.93421,0,0,1,0,0,0,0,1,0,0,0
0,0,0,0,0,100,0,0,0,0,0,0,0,0,0,0,100,0,0,0,0,0,0,0,0,0,0,100,0,0,0,0,0,0,0,0,0.072165,0.92784,0,0,1,0,0,0,0,1,0,0,0
0,0,0,0,0,100,0,0,0,0,0,0,0,0,0,0,100,0,0,0,0,0,0,0,0,0,0,100,0,0,0,0,0,0,0,0.14103,0.20513,0.65385,0,0,1,0,0,0,0,1,0,0,0
0,0,0,0,0,100,0,0,0,0,0,0,0,0,0,0,100,0,0,0,0,0,0,0,0,0,0,100,0,0,0,0,0,0,0,0,0.047619,0.95238,0,0,1,0,0,0,0,1,0,0,0
0,0,0,0,0,100,0,0,0,0,0,0,0,0,0,0,100,0,0,0,0,0,0,0,0,0,0,100,0,0,0,0,0,0,0,0.011236,0.23596,0.75281,0,0,1,0,0,0,0,1,0,0,0
0,0,0,0,0,100,0,0,0,0,0,0,0,0,0,0,100,0,0,0,0,0,0,0,0,0,0,100,0,0,0,0,0,0,0,0,0,1,0,0,1,0,0,0,0,1,0,0,0
0,0,0,0,0,100,0,0,0,0,0,0,0,0,0,0,100,0,0,0,0,0,0,0,0,0,0,100,0,0,0,0,0,0,0,0,0,1,0,0,1,0,0,0,0,1,0,0,0
0,0,0,0,0,100,0,0,0,0,0,0,0,0,0,0,100,0,0,0,0,0,0,0,0,0,0,100,0,0,0,0,0,0,0,0,0,1,0,0,1,0,0,0,0,1,0,0,0
0,0,0,0,0,100,0,0,0,0,0,0,0,0,0,0,100,0,0,0,0,0,0,0,0,0,0,100,0,0,0,0,0,0,0,0,0,1,0,0,1,0,0,0,0,1,0,0,0
0,0,0,0,0,100,0,0,0,0,0,0,0,0,0,0,100,0,0,0,0,0,0,0,0,0,0,100,0,0,0,0,0,0,0,0,0,1,0,0,1,0,0,0,0,1,0,0,0
0,0,0,0,0,100,0,0,0,0,0,0,0,0,0,0,100,0,0,0,0,0,0,0,0,0,0,100,0,0,0,0,0,0,0,0,0,1,0,0,1,0,0,0,0,1,0,0,0
0,0,0,0,0,100,0,0,0,0,0,0,0,0,0,0,100,0,0,0,0,0,0,0,0,0,0,100,0,0,0,0,0,0,0,0,0,1,0,0,1,0,0,0,0,1,0,0,0
0,0,0,0,0,100,0,0,0,0,0,0,0,0,0,0,100,0,0,0,0,0,0,0,0,0,0,100,0,0,0,0,0,0,0,0,0,1,0,0,1,0,0,0,0,1,0,0,0
0,0,0,0,0,100,0,0,0,0,0,0,0,0,0,0,100,0,0,0,0,0,0,0,0,0,0,100,0,0,0,0,0,0,0,0,0,1,0,0,1,0,0,0,0,1,0,0,0
0,0,0,0,0,100,0,0,0,0,0,0,0,0,0,0,100,0,0,0,0,0,0,0,0,0,0,100,0,0,0,0,0,0,0,0,0,1,0,0,1,0,0,0,0,1,0,0,0
0,0,0,0,0,100,0,0,0,0,0,0,0,0,0,0,100,0,0,0,0,0,0,0,0,0,0,100,0,0,0,0,0,0,0,0,0,1,0,0,1,0,0,0,0,1,0,0,0
0,0,0,0,0,100,0,0,0,0,0,0,0,0,0,0,100,0,0,0,0,0,0,0,0,0,0,100,0,0,0,0,0,0,0,0,0,1,0,0,1,0,0,0,0,1,0,0,0
0,0,0,0,0,100,0,0,0,0,0,0,0,0,0,0,100,0,0,0,0,0,0,0,0,0,0,100,0,0,0,0,0,0,0,0,0.068627,0.93137,0,0,1,0,0,0,0,1,0,0,0
0,0,0,0,0,100,0,0,0,0,0,0,0,0,0,0,100,0,0,0,0,0,0,0,0,0,0,100,0,0,0,0,0,0,0,0,0,1,0,0,1,0,0,0,0,1,0,0,0
0,0,0,0,0,100,0,0,0,0,0,0,0,0,0,0,100,0,0,0,0,0,0,0,0,0,0,100,0,0,0,0,0,0,0,0,0.032609,0.96739,0,0,1,0,0,0,0,1,0,0,0
0,0,0,0,0,100,0,0,0,0,0,0,0,0,0,0,100,0,0,0,0,0,0,0,0,0,0,100,0,0,0,0,0,0,0,0,0,1,0,0,1,0,0,0,0,1,0,0,0
0,0,0,0,0,0,0,0,0,0,0,0,0,0,0,0,0,0,0,0,0,0,0,0,0,0,0,0,0,0,0,0,0,0,0,0,0,1,0,0,1,0,0,0,0,1,0,0,0
0,0,0,0,0,100,0,0,0,0,0,0,0,0,0,0,100,0,0,0,0,0,0,0,0,0,0,100,0,0,0,0,0,0,0,0,0,1,0,0,1,0,0,0,0,1,0,0,0
0,0,0,0,0,100,0,0,0,0,0,0,0,0,0,0,100,0,0,0,0,0,0,0,0,0,0,100,0,0,0,0,0,0,0,0,0,1,0,0,1,0,0,0,0,1,0,0,0
0,0,0,0,0,100,0,0,0,0,0,0,0,0,0,0,100,0,0,0,0,0,0,0,0,0,0,100,0,0,0,0,0,0,0,0,0,1,0,0,1,0,0,0,0,1,0,0,0
0,0,0,0,0,100,0,0,0,0,0,0,0,0,0,0,100,0,0,0,0,0,0,0,0,0,0,100,0,0,0,0,0,0,0,0,0.078652,0.92135,0,0,1,0,0,0,0,1,0,0,0
0,0,0,0,0,100,0,0,0,0,0,0,0,0,0,0,100,0,0,0,0,0,0,0,0,0,0,100,0,0,0,0,0,0,0,0,0.011628,0.98837,0,0,1,0,0,0,0,1,0,0,0
0,0,0,0,0,100,0,0,0,0,0,0,0,0,0,0,100,0,0,0,0,0,0,0,0,0,0,100,0,0,0,0,0,0,0,0,0.05,0.95,0,0,1,0,0,0,0,1,0,0,0
0,0,0,0,0,100,0,0,0,0,0,0,0,0,0,0,100,0,0,0,0,0,0,0,0,0,0,100,0,0,0,0,0,0,0,0,0.012821,0.98718,0,0,1,0,0,0,0,1,0,0,0
0,0,0,0,0,100,0,0,0,0,0,0,0,0,0,0,100,0,0,0,0,0,0,0,0,0,0,100,0,0,0,0,0,0,0,0,0,1,0,0,1,0,0,0,0,1,0,0,0
0,0,0,0,0,100,0,0,0,0,0,0,0,0,0,0,100,0,0,0,0,0,0,0,0,0,0,100,0,0,0,0,0,0,0,0,0,1,0,0,1,0,0,0,0,1,0,0,0
0,0,0,0,0,100,0,0,0,0,0,0,0,0,0,0,100,0,0,0,0,0,0,0,0,0,0,100,0,0,0,0,0,0,0,0,0,1,0,0,1,0,0,0,0,1,0,0,0
0,0,0,0,0,100,0,0,0,0,0,0,0,0,0,0,100,0,0,0,0,0,0,0,0,0,0,100,0,0,0,0,0,0,0,0,0,1,0,0,1,0,0,0,0,1,0,0,0
0,0,0,0,0,100,0,0,0,0,0,0,0,0,0,0,100,0,0,0,0,0,0,0,0,0,0,100,0,0,0,0,0,0,0,0,0,1,0,0,1,0,0,0,0,1,0,0,0
0,0,0,0,0,100,0,0,0,0,0,0,0,0,0,0,100,0,0,0,0,0,0,0,0,0,0,100,0,0,0,0,0,0,0,0,0,1,0,0,1,0,0,0,0,1,0,0,0
0,0,0,0,0,100,0,0,0,0,0,0,0,0,0,0,100,0,0,0,0,0,0,0,0,0,0,100,0,0,0,0,0,0,0,0,0,1,0,0,1,0,0,0,0,1,0,0,0
0,0,0,0,0,100,0,0,0,0,0,0,0,0,0,0,100,0,0,0,0,0,0,0,0,0,0,100,0,0,0,0,0,0,0,0,0,1,0,0,1,0,0,0,0,1,0,0,0
0,0,0,0,0,100,0,0,0,0,0,0,0,0,0,0,100,0,0,0,0,0,0,0,0,0,0,100,0,0,0,0,0,0,0,0,0,1,0,0,1,0,0,0,0,1,0,0,0
0,0,0,0,0,100,0,0,0,0,0,0,0,0,0,0,100,0,0,0,0,0,0,0,0,0,0,100,0,0,0,0,0,0,0,0,0,1,0,0,1,0,0,0,0,1,0,0,0
0,0,0,0,0,100,0,0,0,0,0,0,0,0,0,0,100,0,0,0,0,0,0,0,0,0,0,100,0,0,0,0,0,0,0,0,0,1,0,0,1,0,0,0,0,1,0,0,0
0,0,0,0,0,100,0,0,0,0,0,0,0,0,0,0,100,0,0,0,0,0,0,0,0,0,0,100,0,0,0,0,0,0,0,0,0.054054,0.94595,0,0,1,0,0,0,0,1,0,0,0
0,0,0,0,0,100,0,0,0,0,0,0,0,0,0,0,100,0,0,0,0,0,0,0,0,0,0,100,0,0,0,0,0,0,0,0,0,1,0,0,1,0,0,0,0,1,0,0,0
0,0,0,0,0,100,0,0,0,0,0,0,0,0,0,0,100,0,0,0,0,0,0,0,0,0,0,100,0,0,0,0,0,0,0.014085,0.042254,0.070423,0.87324,0,0,1,0,0,0,0,1,0,0,0
0,0,0,0,0,100,0,0,0,0,0,0,0,0,0,0,100,0,0,0,0,0,0,0,0,0,0,100,0,0,0,0,0,0,0,0,0,1,0,0,1,0,0,0,0,1,0,0,0
0,0,0,0,0,100,0,0,0,0,0,0,0,0,0,0,100,0,0,0,0,0,0,0,0,0,0,100,0,0,0,0,0,0,0,0,0,1,0,0,1,0,0,0,0,1,0,0,0
0,0,0,0,0,100,0,0,0,0,0,0,0,0,0,0,100,0,0,0,0,0,0,0,0,0,0,100,0,0,0,0,0,0,0,0,0,1,0,0,1,0,0,0,0,1,0,0,0
0,0,0,0,0,100,0,0,0,0,0,0,0,0,0,0,100,0,0,0,0,0,0,0,0,0,0,100,0,0,0,0,0,0,0,0,0,1,0,0,1,0,0,0,0,1,0,0,0
0,0,0,0,0,100,0,0,0,0,0,0,0,0,0,0,100,0,0,0,0,0,0,0,0,0,0,100,0,0,0,0,0,0,0,0,0,1,0,0,1,0,0,0,0,1,0,0,0
0,0,0,0,0,100,0,0,0,0,0,0,0,0,0,0,100,0,0,0,0,0,0,0,0,0,0,100,0,0,0,0,0,0,0.14815,0.037037,0.14815,0.66667,0,0,1,0,0,0,0,1,0,0,0
0,0,0,0,0,100,0,0,0,0,0,0,0,0,0,0,100,0,0,0,0,0,0,0,0,0,0,100,0,0,0,0,0,0,0,0,0,1,0,0,1,0,0,0,0,1,0,0,0
0,0,0,0,0,100,0,0,0,0,0,0,0,0,0,0,100,0,0,0,0,0,0,0,0,0,0,100,0,0,0,0,0,0,0,0,0,1,0,0,1,0,0,0,0,1,0,0,0
0,0,0,0,0,100,0,0,0,0,0,0,0,0,0,0,100,0,0,0,0,0,0,0,0,0,0,100,0,0,0,0,0,0,0,0,0,1,0,0,1,0,0,0,0,1,0,0,0
0,0,0,0,0,100,0,0,0,0,0,0,0,0,0,0,100,0,0,0,0,0,0,0,0,0,0,100,0,0,0,0,0,0,0,0,0,1,0,0,1,0,0,0,0,1,0,0,0
0,0,0,0,0,100,0,0,0,0,0,0,0,0,0,0,100,0,0,0,0,0,0,0,0,0,0,100,0,0,0,0,0,0,0,0,0,1,0,0,1,0,0,0,0,1,0,0,0
0,0,0,0,0,100,0,0,0,0,0,0,0,0,0,0,100,0,0,0,0,0,0,0,0,0,0,100,0,0,0,0,0,0,0,0,0,1,0,0,1,0,0,0,0,1,0,0,0
0,0,0,0,0,100,0,0,0,0,0,0,0,0,0,0,100,0,0,0,0,0,0,0,0,0,0,100,0,0,0,0,0,0,0,0,0,1,0,0,1,0,0,0,0,1,0,0,0
0,0,0,0,0,100,0,0,0,0,0,0,0,0,0,0,100,0,0,0,0,0,0,0,0,0,0,100,0,0,0,0,0,0,0,0,0,1,0,0,1,0,0,0,0,1,0,0,0
0,0,0,0,12.984,87.016,0,0,0,0,0,0,0,12.984,0,0,74.033,12.984,0,0,0,0,0,0,0,0,0,62.054,24.963,12.984,0,0,0,0,1,0,0,0,0,0,1,0,0,0,0,0,1,0,0
0,0,0,0,0,87.443,0,6.2267,6.3303,0,0,0,0,0,6.3303,0,75.038,12.405,0,0,0,6.2267,0,6.3303,0,0,6.3303,68.708,12.405,0,0,6.2267,0,0,1,0,0,0,0,0,1,0,0,0,0,0,1,0,0
0,0,20.588,6.8626,20.839,27.952,23.758,0,0,0,0,5.0165,0,8.9597,6.8626,11.879,41.427,8.9597,0,11.879,5.0165,0,0,0,0,6.8626,16.896,22.936,5.0165,8.9597,11.879,13.725,13.725,0,1,0,0,0,0,0,1,0,0,0,0,0.21667,0.78333,0,0
0,0,0,0,11.376,71.933,11.376,5.3149,0,0,0,0,0,11.376,11.376,11.376,47.457,13.099,0,0,0,5.3149,0,0,0,11.376,0,58.834,13.099,11.376,0,5.3149,0,0,1,0,0,0,0,0,1,0,0,0,0,0.175,0.825,0,0
0,0,13.118,11.995,18.908,12.608,36.686,3.4522,3.2325,0,0,8.0259,0,8.0343,14.334,14.334,27.444,4.5737,9.1474,2.848,3.2325,8.0259,3.4522,6.6846,8.0259,14.334,10.874,4.8018,7.8062,9.3755,14.106,10.27,10.27,0.0625,0.66667,0.0625,0.083333,0.125,0,0,1,0,0,0,0,0.70833,0.29167,0,0
0,0,0,0,18.662,44.013,18.662,0,18.662,0,0,0,0,27.113,18.662,18.662,8.4504,0,0,8.4504,18.662,0,0,18.662,0,18.662,0,0,44.013,0,18.662,0,0,0,0.33333,0.051282,0.28205,0.33333,0,0,1,0,0,0,0,0.92308,0.076923,0,0
0,0,13.689,5.7536,17.458,31.712,19.925,3.4282,8.0342,0,0,9.0582,0,12.517,9.0885,11.946,21.427,13.057,5.7536,7.3398,7.4633,2.3497,1.0542,11.462,2.3497,4.606,11.916,10.137,21.575,3.4039,16.404,11.315,5.7779,0.020408,0.97959,0,0,0,0,0,1,0,0,0,0,0.20408,0.79592,0,0
0,0,4.0752,0,32.393,33.234,23.104,5.8345,1.3584,0,0,7.0761,0,2.7168,29.793,8.4345,14.269,2.7168,0,27.917,2.6,4.4761,4.4761,7.1929,4.4761,4.4761,9.6761,3.9584,29.276,0,32.393,2.7168,1.3584,0,1,0,0,0,0,0,1,0,0,0,0,0.012658,0.98734,0,0
0,0,9.9662,19.017,7.0819,38.492,15.039,7.0819,3.3221,0,0,3.7599,9.5084,16.153,7.0819,7.0819,23.672,16.153,0,12.831,0,3.7599,3.7599,10.404,3.7599,3.7599,3.7599,3.3221,35.169,0,7.0819,25.661,3.3221,0.4898,0.5102,0,0,0,0,0,1,0,0,0,0,0.63265,0.36735,0,1
0,0,0,10.973,48.538,40.489,0,0,0,0,0,0,0,0,29.755,0,40.489,0,0,18.782,10.973,0,0,0,0,0,0,40.489,18.782,10.973,0,29.755,0,0.05,0.3,0.1,0.1,0.45,0,0,1,0,0,0,0,0.925,0.075,0,0
0,0,0,7.1248,29.228,63.647,0,0,0,0,0,0,0,0,13.357,0,63.647,0,0,0,22.996,0,0,0,0,0,0,63.647,0,22.996,0,13.357,0,0.20513,0.51282,0.076923,0,0.20513,0,0,1,0,0,0,0,0.69231,0.30769,0,0
0,0,0,9.817,30.782,59.401,0,0,0,0,0,0,0,0,17.825,0,59.401,0,0,3.8526,18.922,0,0,0,0,0,0,59.401,3.8526,18.922,0,17.825,0,0,1,0,0,0,0,0,1,0,0,0,0,0,1,0,0
0,0,0,0,29.109,70.891,0,0,0,0,0,0,0,16.392,12.717,0,25.391,16.392,0,29.109,0,0,0,0,0,0,16.392,12.695,41.804,0,29.109,0,0,0,0.98592,0.014085,0,0,0,0,1,0,0,0,0,0.070423,0.92958,0,0
0,0,0,0,67.991,32.009,0,0,0,0,0,0,0,11.407,28.292,0,9.1949,11.407,0,39.699,0,0,0,0,0,0,11.407,9.1949,20.602,19.097,30.504,9.1949,0,0,0.825,0.05,0.025,0.1,0,0,1,0,0,0,0,0.525,0.475,0,0
0,0,0,0,48.862,51.138,0,0,0,0,0,0,0,17.805,15.528,0,0,33.333,0,33.333,0,0,0,0,0,0,33.333,0,33.333,15.528,17.805,0,0,0,1,0,0,0,0,0,1,0,0,0,0,0,1,0,0
0,0,0,0,0,100,0,0,0,0,0,0,0,18.184,0,0,63.632,0,0,18.184,0,0,0,0,0,0,0,45.448,54.552,0,0,0,0,0,1,0,0,0,0,0,1,0,0,0,0,0,1,0,0
0,0,0,0,0,73.363,26.637,0,0,0,0,0,0,0,0,10.044,89.956,0,0,0,0,0,0,0,0,0,26.637,73.363,0,0,0,0,0,0,1,0,0,0,0,0,1,0,0,0,0,0,1,0,0
0,0,0,0,0,100,0,0,0,0,0,0,0,0,0,0,100,0,0,0,0,0,0,0,0,0,0,50,50,0,0,0,0,0,1,0,0,0,0,0,1,0,0,0,0,0,1,0,0
0,0,0,0,0,62.772,37.228,0,0,0,0,0,0,0,0,0,100,0,0,0,0,0,0,0,0,0,37.228,55.438,7.3338,0,0,0,0,0,1,0,0,0,0,0,1,0,0,0,0,0,1,0,0
0,0,0,3.4021,56.46,40.138,0,0,0,0,0,0,0,0,29.931,0,32.87,7.2681,0,7.2681,22.663,0,0,0,0,0,7.2681,32.87,7.2681,29.931,0,22.663,0,0,1,0,0,0,0,0,1,0,0,0,0,0,1,0,0
0,0,0,0,0,0,0,0,0,0,0,0,0,0,0,0,0,0,0,0,0,0,0,0,0,0,0,0,0,0,0,0,0,0,1,0,0,0,0,0,1,0,0,0,0,0,1,0,0
0,0,0,5.6717,5.6717,88.657,0,0,0,0,0,0,0,0,5.6717,0,88.657,0,0,0,5.6717,0,0,0,0,0,0,88.657,0,5.6717,0,5.6717,0,0,1,0,0,0,0,0,1,0,0,0,0,0,1,0,0
0,0,0,0,0,100,0,0,0,0,0,0,0,0,0,0,100,0,0,0,0,0,0,0,0,0,0,100,0,0,0,0,0,0,1,0,0,0,0,0,1,0,0,0,0,0,1,0,0
0,0,0,0,0,100,0,0,0,0,0,0,0,0,0,0,100,0,0,0,0,0,0,0,0,0,0,100,0,0,0,0,0,0,1,0,0,0,0,0,1,0,0,0,0,0,1,0,0
0,0,15.374,0,7.5643,59.02,18.041,0,0,0,0,0,7.6872,0,0,0,84.626,0,0,0,7.6872,0,0,22.939,0,0,18.041,43.892,7.5643,7.5643,0,0,0,0,1,0,0,0,0,0,1,0,0,0,0,0.019048,0.98095,0,0
0,0,8.9219,0,0,82.156,8.9219,0,0,0,0,8.9219,8.9219,0,0,0,82.156,0,0,0,0,0,0,0,8.9219,0,8.9219,82.156,0,0,0,0,0,0,1,0,0,0,0,0,1,0,0,0,0,0,1,0,0
0,0,12.606,0,0,27.387,17.224,6.8969,29.385,0,6.5009,6.1049,13.562,0,0,0,44.216,9.9494,6.5009,3.4485,3.0525,13.166,3.4485,12.606,32.998,3.4485,7.1106,27.387,3.4485,0,0,9.5534,0,0,1,0,0,0,0,0,1,0,0,0,0,0.0086957,0.9913,0,0
0,7.8233,25.002,0,1.8435,45.31,2.9899,6.067,7.9741,2.9899,0,4.8334,8.5895,0,11.033,15.716,33.593,0,1.8435,12.726,0,11.667,2.9899,15.797,16.413,16.482,15.935,19.639,0,0,2.9899,9.754,0,0,1,0,0,0,0,0,1,0,0,0,0,0,1,0,0
2.1676,9.5565,30.652,1.8699,1.8437,25.004,6.0241,5.7264,13.3,3.8564,0,5.7001,1.8437,0,5.8812,21.812,24.446,4.0376,5.8812,13.314,0,17.084,9.4577,28.764,15.438,9.4577,13.676,7.4712,0,0,6.0241,9.7114,0,0.18182,0.81818,0,0,0,0,0,1,0,0,0,0,0.27273,0.72727,0,0
0,0,8.4601,0,9.9661,51.799,10.716,4.9428,14.116,0,0,4.9428,10.716,9.9661,0,11.547,35.229,5.0234,0,9.1728,0,13.403,14.946,4.23,4.9428,4.23,15.777,30.698,5.3242,5.0234,0,14.828,0,0,1,0,0,0,0,0,1,0,0,0,0,0.026667,0.97333,0,0
0,0,0,0,15.826,43.475,9.3881,12.535,18.776,0,0,15.826,9.3881,9.3881,0,18.664,24.811,0,0,9.3881,0,12.535,9.3881,0,15.826,0,15.77,27.705,0,0,0,31.311,0,0,0.925,0.075,0,0,0,0,1,0,0,0,0,0.05,0.95,0,0
0,0,0,0,0,100,0,0,0,0,0,0,0,0,0,0,100,0,0,0,0,0,0,0,0,0,0,100,0,0,0,0,0,0,1,0,0,0,0,0,1,0,0,0,0,0,1,0,0
0,0,0,0,0,100,0,0,0,0,0,0,0,0,0,0,100,0,0,0,0,0,0,0,0,0,0,100,0,0,0,0,0,0,1,0,0,0,0,0,1,0,0,0,0,0,1,0,0
0,0,0,0,0,100,0,0,0,0,0,0,0,0,0,12.062,87.938,0,0,0,0,0,0,0,0,0,0,75.877,12.062,0,12.062,0,0,0,0.91892,0.081081,0,0,0,0,1,0,0,0,0,0.13514,0.86486,0,0
0,0,0,0,0,100,0,0,0,0,0,0,0,0,0,4.7648,95.235,0,0,0,0,0,0,0,0,0,0,95.235,0,0,4.7648,0,0,0,1,0,0,0,0,0,1,0,0,0,0,0,1,0,0
0,0,4.3752,0,3.6507,69.739,11.283,3.6507,7.3015,0,0,3.6507,11.283,3.6507,0,38.686,26.678,4.3752,0,3.6507,4.3752,3.6507,11.283,0,8.026,0,26.975,38.389,4.3752,0,0,10.952,0,0,0,0.042553,0.93617,0.021277,0,0,1,0,0,0,0,0.14894,0.85106,0,0
0,0,23.455,0,3.8774,65.327,0,0,0,7.3402,0,3.8774,13.563,0,0,26.812,35.963,9.8925,0,0,3.6701,6.2224,0,13.563,13.77,0,14.439,39.512,5.6882,0,9.3583,3.6701,0,0,0,0,1,0,0,0,1,0,0,0,0,0,1,0,0
0,0,24.533,0,0,45.653,29.813,0,0,0,0,24.533,24.533,0,24.533,5.28,21.12,0,0,0,0,0,0,24.533,0,0,5.28,21.12,0,0,24.533,0,24.533,0,0.52941,0,0.26471,0.20588,0,0,1,0,0,0,0,0.029412,0.97059,0,0
0,0,37.512,0,0,38.822,0,0,6.8865,16.78,0,6.8865,13.336,0,0,14.355,30.844,13.846,3.4432,0,13.846,3.4432,0,13.336,20.732,0,7.1776,24.467,7.1776,0,6.6682,16.998,3.4432,0,0,0,1,0,0,0,1,0,0,0,0,0,1,0,0
0,0,0,0,0,100,0,0,0,0,0,0,0,0,0,9.3212,90.679,0,0,0,0,0,0,0,0,0,0,90.679,0,0,9.3212,0,0,0,1,0,0,0,0,0,1,0,0,0,0,0,1,0,0
0,0,0,0,0,100,0,0,0,0,0,0,0,0,0,0,100,0,0,0,0,0,0,0,0,0,0,100,0,0,0,0,0,0,1,0,0,0,0,0,1,0,0,0,0,0,1,0,0
0,0,0,0,0,100,0,0,0,0,0,0,0,0,0,0,100,0,0,0,0,0,0,0,0,0,0,100,0,0,0,0,0,0,1,0,0,0,0,0,1,0,0,0,0,0.066667,0.93333,0,0
0,0,0,0,0,100,0,0,0,0,0,0,0,0,0,0,100,0,0,0,0,0,0,0,0,0,0,100,0,0,0,0,0,0,1,0,0,0,0,0,1,0,0,0,0,0.063492,0.93651,0,0
0,0,6.0298,0,0,65.092,22.848,6.0298,0,0,0,12.06,0,0,8.5557,17.8,61.585,0,0,0,0,0,0,14.585,6.0298,0,17.507,54.622,7.2557,0,0,0,0,0,0.014706,0.014706,0.58824,0.38235,0,0,1,0,0,0,0,0.088235,0.91176,0,0
0,0,9.103,9.366,0,49.279,13.783,4.683,10.752,3.0343,0,10.752,0,0,0,15.781,50.179,3.9267,7.7173,0,8.6097,3.0343,0,13.293,6.0687,0,15.781,35.917,2.7538,0,0,23.152,3.0343,0,0,0,1,0,0,0,1,0,0,0,0,0,1,0,0
0,0,0,0,5.2575,78.067,16.676,0,0,0,0,0,0,0,0,10.51,89.49,0,0,0,0,0,0,5.2575,0,0,22.822,55.26,11.403,5.2575,0,0,0,0,0,0,0.77778,0.22222,0,0,1,0,0,0,0,0.015873,0.98413,0,0
0,0,3.4272,0,0,78.744,14.402,3.4272,0,0,0,6.8543,0,0,0,16.646,59.439,12.168,0,0,4.8929,0,0,8.3201,3.4272,0,26.57,55.607,6.076,0,0,0,0,0,0,0,1,0,0,0,1,0,0,0,0,0,1,0,0
0,0,0,0,0,100,0,0,0,0,0,0,0,0,0,0,100,0,0,0,0,0,0,0,0,0,0,100,0,0,0,0,0,0,1,0,0,0,0,0,1,0,0,0,0,0,1,0,0
0,0,0,0,0,100,0,0,0,0,0,0,0,0,0,0,100,0,0,0,0,0,0,0,0,0,0,100,0,0,0,0,0,0,1,0,0,0,0,0,1,0,0,0,0,0,1,0,0
0,3.1903,0,0,14.141,49.568,15.77,10.951,3.1903,0,3.1903,0,3.1903,0,0,0,67.623,8.6656,17.331,0,0,3.1903,10.951,3.1903,8.6656,3.1903,10.295,32.838,13.539,5.4754,0,3.1903,8.6656,0,0.012987,0.025974,0.7013,0.25974,0,0.012987,0.98701,0,0,0,0,0.025974,0.97403,0,0
0,0,0,0,5.938,88.124,5.938,0,0,0,0,0,0,0,0,0,100,0,0,0,0,0,0,5.938,0,0,5.938,76.248,5.938,5.938,0,0,0,0,0.012195,0.012195,0.97561,0,0,0,1,0,0,0,0,0.02439,0.97561,0,0
0,7.4689,7.144,0,6.9007,24.477,11.505,12.914,18.323,8.4423,2.8242,1.6251,12.538,0,0,8.0254,20.76,17.488,16.07,14.788,3.1657,5.5397,11.234,9.1557,18.005,13.814,8.0254,10.332,2.0116,2.4445,8.4423,12.079,4.4561,0.125,0.875,0,0,0,0,0.25781,0.36719,0.375,0,0,0,0.39844,0.60156,0,1
0,3.3824,2.889,0,8.4727,31.982,15.036,8.6915,20.361,2.9135,6.2714,0,13.304,0,0,2.9135,40.01,12.074,12.567,8.716,0,10.415,5.8025,11.362,21.591,9.1849,8.0038,12.123,11.362,5.0903,2.9135,9.1849,3.3824,0.058824,0.76471,0.14706,0.029412,0,0,0,1,0,0,0,0,0.29412,0.70588,0,0
0,0,0,0,0,91.544,0,0,8.4555,0,0,0,0,0,0,8.4555,83.089,0,8.4555,0,0,0,0,0,0,0,0,81.865,9.6792,0,0,8.4555,0,0,1,0,0,0,0,0,1,0,0,0,0,0,1,0,0
0,0,26.449,0,0,35.327,0,0,38.224,0,0,8.8163,8.8163,0,0,11.776,23.551,0,29.408,0,8.8163,8.8163,17.633,0,8.8163,0,0,35.327,0,0,0,20.592,17.633,0.040541,0.95946,0,0,0,0,0,1,0,0,0,0,0.054054,0.94595,0,0
0,0,29.426,0,0,52.311,0,0,18.264,0,0,17.25,6.0879,0,0,9.8757,42.435,0,12.176,0,6.0879,6.0879,12.176,0,17.25,0,0,42.435,9.8757,0,0,6.0879,12.176,0,1,0,0,0,0,0,1,0,0,0,0,0,1,0,0
0,0,0,0,0,100,0,0,0,0,0,0,0,0,0,0,100,0,0,0,0,0,0,0,0,0,0,100,0,0,0,0,0,0,1,0,0,0,0,0,1,0,0,0,0,0,1,0,0
0,0,0,0,0,100,0,0,0,0,0,0,0,0,0,0,100,0,0,0,0,0,0,0,0,0,0,88.058,11.942,0,0,0,0,0,1,0,0,0,0,0,1,0,0,0,0,0,1,0,0
0,0,0,0,0,100,0,0,0,0,0,0,0,0,0,16.776,83.224,0,0,0,0,0,0,0,0,0,0,83.224,16.776,0,0,0,0,0,1,0,0,0,0,0,1,0,0,0,0,0,1,0,0
0,0,0,0,0,88.528,0,0,11.472,0,0,0,0,0,0,11.472,77.056,0,11.472,0,0,0,0,0,0,0,0,70.491,18.038,0,0,11.472,0,0.15294,0.84706,0,0,0,0,0,1,0,0,0,0,0.15294,0.84706,0,0
0,0,12.487,20.601,32.168,17.306,15.918,0.75994,0.75994,0,0,5.097,0,9.3515,8.5915,19.657,28.095,6.627,13.742,3.7423,2.098,2.999,0.88428,1.5199,2.999,4.8392,7.1951,9.8053,7.5012,8.7225,31.196,21.579,3.7589,0.069307,0.93069,0,0,0,0,0,1,0,0,0,0,1,0,0,1
0,0,15.742,26.947,33.658,12.147,9.456,1.0247,1.0247,0,0,1.4673,2.6106,4.4338,5.4776,13.952,42.582,3.5167,13.794,10.699,0,1.4673,2.3843,2.0495,1.4673,2.0686,3.5358,6.2459,5.9011,3.8516,42.359,23.508,6.6291,0,0.98413,0.015873,0,0,0,0,1,0,0,0,0,1,0,0,1
0,0,18.865,42.858,27.367,10.909,0,0,0,0,0,0,4.132,3.8567,0,19.791,32.509,8.4254,24.509,0,6.7774,0,0,0,0,0,0,0,10.909,10.599,14.56,55.415,8.5166,0,1,0,0,0,0,0,1,0,0,0,0,0,1,0,0
0,0,21.174,39.579,27.482,11.765,0,0,0,0,0,0,8.346,8.608,0,13.377,43.979,9.5572,12.714,0,3.4191,0,0,0,0,0,0,0,11.765,11.764,13.248,52.577,10.646,0,1,0,0,0,0,0,1,0,0,0,0,0,1,0,0
0,0,20.28,10.643,26.014,15.202,22.209,3.8375,1.8141,0,0,5.2832,0,6.8681,9.9789,17.66,35.316,5.0749,4.7675,9.7686,3.2598,2.0234,3.8165,5.6516,2.0234,4.9249,11.445,6.5207,8.6812,1.7932,25.748,21.779,7.6171,0.96552,0.034483,0,0,0,0,0,1,0,0,0,0,1,0,0,1
0,0,14.768,21.292,15.427,43.524,2.1067,1.4412,1.4412,0,0,0,15.129,11.824,6.3272,9.1067,27.111,9.7174,2.1067,18.677,0,0,2.1067,2.8823,0,0,0,15.294,17.156,2.1067,21.614,37.398,1.4412,0,0.98649,0.013514,0,0,0,0,1,0,0,0,0,1,0,0,1
0,0,12.091,12.697,21.457,22.4,26.593,3.3828,1.3793,0,0,8.8192,3.3721,6.862,9.2445,10.402,31.156,8.437,6.6397,8.2261,1.3793,5.4615,5.8649,4.7621,5.4615,5.6046,9.6617,7.5742,14.826,4.5609,19.346,18.574,3.7638,1,0,0,0,0,0,0,1,0,0,0,0,1,0,0,1
0,0,11.157,13.146,12.042,49.096,10.94,1.8098,1.8098,0,0,9.4384,11.644,5.1208,3.311,3.311,33.433,13.058,1.5013,19.182,0,0,1.5013,3.6195,0,0,9.4384,27.119,14.559,1.5013,22.185,18.266,1.8098,0.54167,0.35417,0.020833,0.041667,0.041667,0,0,1,0,0,0,0,0.91667,0.083333,0,1
0,0,19.727,33.682,38.392,8.1983,0,0,0,0,0,0,6.6441,9.4419,0,21.277,38.697,5.8503,16.535,0,1.5542,0,0,0,0,0,0,0,8.1983,16.142,17.105,49.206,9.3488,0,1,0,0,0,0,0,1,0,0,0,0,0,1,0,0
0,0,32.46,32.444,27.818,7.2773,0,0,0,0,0,0,6.0846,4.9637,0,26.528,48.655,3.0183,9.558,0,1.1927,0,0,0,0,0,0,0,7.2773,6.9091,17.771,48.126,19.916,0,1,0,0,0,0,0,1,0,0,0,0,0,1,0,0
0,0,27.944,35.847,30.194,6.0151,0,0,0,0,0,0,1.2374,2.3915,0,33.882,35.763,2.2834,19.665,0,4.7777,0,0,0,0,0,0,0,6.0151,7.0665,18.242,53.54,15.136,0,1,0,0,0,0,0,1,0,0,0,0,0,1,0,0
0,0,22.3,32.535,36.927,8.2382,0,0,0,0,0,0,2.0718,7.737,0,22.615,37.563,5.9558,17.891,0,6.1664,0,0,0,0,0,0,0,8.2382,17.286,11.693,56.166,6.6159,0,1,0,0,0,0,0,1,0,0,0,0,0,1,0,0
0,0,33.236,31.133,21.318,14.313,0,0,0,0,0,0,8.0769,3.3447,0,19.102,47.762,5.4031,10.075,0,6.2366,0,0,0,0,0,0,0,14.313,5.4031,11.737,51.504,17.042,0,1,0,0,0,0,0,1,0,0,0,0,0,1,0,0
0,0,18.117,5.9778,12.773,17.763,15.329,2.1873,22.274,2.2427,3.3364,4.6028,12.12,0,0,2.2427,47.359,16.386,7.1518,3.714,2.8036,3.62,1.0936,19.047,14.369,1.0936,4.6028,17.763,8.2666,0,0,22.923,10.841,0,0.99242,0.0075758,0,0,0,0,0.97727,0.022727,0,0,0,0.030303,0.9697,0,0
2.4537,5.0636,9.971,0,5.5414,24.87,10.527,8.0732,30.968,2.5318,0,8.0732,5.5414,22.973,2.4537,14.956,22.495,2.4537,2.4537,10.605,0,7.9951,8.0732,9.971,13.059,2.5318,4.9074,17.431,0,0,4.9855,39.041,0,0.081633,0.91837,0,0,0,0,0,1,0,0,0,0,0.081633,0.91837,0,0
2.6571,11.79,24.43,3.4216,7.9912,24.021,3.0821,6.5037,10.51,5.5934,0,6.9259,3.2652,0,8.4686,19.95,25.261,7.7147,6.3901,10.9,0,11.126,3.0821,23.099,15.819,9.0208,11,6.0787,0,0,8.1048,22.013,1.7817,0.94231,0.057692,0,0,0,0,0,1,0,0,0,0,1,0,0,1
5.7262,5.6812,28.641,1.0005,7.1023,28.018,3.0305,1.0005,17.742,2.0584,0,5.0113,5.9515,0,10.652,15.398,22.509,6.7594,7.0164,8.6724,0,18.03,2.3407,21.674,12.968,10.283,17.675,6.037,0,0,7.1473,21.205,0.66991,0.25806,0.67742,0.064516,0,0,0,0,1,0,0,0,0,0.96774,0.032258,0,1
4.1793,8.2973,34.447,1.8457,1.9538,25.841,5.4222,8.792,7.9789,1.2429,0,1.2429,2.1901,3.8577,12.181,24.102,8.3472,17.54,6.1331,4.676,5.7034,14.027,3.0886,28.113,22.216,7.577,12.739,7.7153,0,0,5.4222,9.3299,3.7995,0.045455,0.95455,0,0,0,0,0,1,0,0,0,0,0.11364,0.88636,0,0
5.2863,5.2863,0,0,2.883,60.168,8.7888,2.5218,15.066,0,0,8.1693,8.7888,9.7793,0,23.344,36.825,0,0,5.2863,0,7.8081,8.7888,0,2.883,0,23.344,36.825,0,0,0,28.16,0,0,0.99029,0.0097087,0,0,0,0,1,0,0,0,0,0.019417,0.98058,0,0
14.408,14.408,0,0,8.4734,14.408,8.4734,8.4734,31.355,0,0,22.882,8.4734,8.4734,0,0,14.408,0,0,22.882,0,22.882,8.4734,0,8.4734,0,0,14.408,0,0,0,68.645,0,0,1,0,0,0,0,0,1,0,0,0,0,0,1,0,0
0,2.2554,11.69,15.759,26.817,6.8404,2.3504,0,29.704,2.2554,2.3296,4.6593,2.2554,0,0,0,43.133,38.358,2.3296,4.6057,2.3296,2.3296,0,14.04,6.9147,2.2554,0,4.585,13.408,0,2.2554,38.432,18.109,0,0.82979,0.12766,0.042553,0,0,0,0.61702,0.38298,0,0,0,0.2766,0.7234,0,0
0,4.8955,51.4,1.2374,12.717,21.353,0,6.088,2.3093,0,0,0,0,5.1,14.027,15.192,30.008,13.248,3.5467,10.159,2.5863,6.133,2.5137,35.142,23.656,10.204,2.4748,8.6742,10.408,0,0,4.6185,2.3093,0,0.98,0.02,0,0,0,0,1,0,0,0,0,1,0,0,1
0,0,0,0,0,100,0,0,0,0,0,0,0,0,0,23.014,76.986,0,0,0,0,0,0,0,0,0,0,40.479,59.521,0,0,0,0,1,0,0,0,0,0,0,1,0,0,0,0,1,0,0,0
0,7.3659,47.679,2.3162,9.4381,18.887,0,11.998,2.3162,0,0,0,0,12.649,11.521,14.071,18.876,19.364,0,4.1551,9.6821,9.6821,7.5993,32.957,28.802,4.1551,0,14.732,9.4381,0,0,0,2.3162,0.81818,0.15909,0.022727,0,0,0,0,1,0,0,0,0,1,0,0,1
0,0,0,0,0,100,0,0,0,0,0,0,0,0,0,23.177,76.823,0,0,0,0,0,0,0,0,0,0,63.411,36.589,0,0,0,0,1,0,0,0,0,0,0,1,0,0,0,0,1,0,0,0
0,0,0,0,0,100,0,0,0,0,0,0,0,0,0,27.086,72.914,0,0,0,0,0,0,0,0,0,0,59.46,40.54,0,0,0,0,1,0,0,0,0,0,0,1,0,0,0,0,1,0,0,0
0,0,15.516,23.431,10.252,45.536,5.2641,0,0,0,0,5.2641,22.106,6.5892,5.2641,0,27.094,6.5892,0,27.094,0,0,0,5.2641,0,0,0,20.505,19.768,0,25.769,23.431,5.2641,0,0.30303,0.12121,0.57576,0,0,0,1,0,0,0,0,0.48485,0.51515,0,0
0,0,25.02,3.8645,16.204,36.423,0,2.153,2.9583,13.377,0,2.9583,8.7061,6.0174,0,8.8814,22.929,32.25,3.1907,0,6.5937,8.4737,0,11.301,14.394,0,4.4407,27.542,4.4407,5.576,12.339,18.488,1.4792,0,0.20833,0.083333,0.70833,0,0,0,1,0,0,0,0,0,1,0,0
0,0,7.1099,8.4703,15.276,35.81,6.1095,7.2077,0,20.016,0,0,7.1008,8.4703,0,0,46.651,25.84,2.3608,0,9.5777,0,0,10.849,2.37,6.1095,0,35.81,0,4.7216,15.285,24.854,0,0.27027,0.72973,0,0,0,0,0,1,0,0,0,0,0.40541,0.59459,0,0
0,0,8.9533,6.7996,0,45.939,29.355,0,5.9689,2.9844,0,5.9689,6.7996,0,29.355,29.355,15.753,0,2.9844,6.7996,0,2.9844,0,29.355,5.9689,0,0,39.139,0,0,6.7996,15.753,2.9844,0,0.92857,0.053571,0.017857,0,0,0,1,0,0,0,0,0.98214,0.017857,0,1
0,0,19.246,15.043,9.7595,20.913,7.607,9.9038,7.1044,10.423,0,13.206,14.194,3.5314,3.1994,2.7995,27.534,12.011,10.636,0,8.7847,4.103,0,22.278,8.5828,0,0,17.713,0,9.7595,8.4112,27.359,5.8962,0,0.02439,0.04878,0.92683,0,0,0,1,0,0,0,0,0,1,0,0
0,0,18.401,13.784,16.043,10.122,2.4487,11.335,15.848,12.018,0,9.3384,3.7933,4.7533,0,0,32.692,20.343,12.403,0,13.232,3.4448,0,13.444,8.7863,0,0,10.122,0,8.8864,9.0535,39.754,9.9546,0,0.98214,0,0.017857,0,0,0,1,0,0,0,0,0,1,0,0
0,0,6.6019,0,0,93.398,0,0,0,0,0,0,0,0,0,43.145,43.651,6.6019,0,0,6.6019,0,0,0,6.6019,0,18.018,61.67,6.6019,0,7.108,0,0,0,0,0.087719,0.91228,0,0,0,1,0,0,0,0,0.10526,0.89474,0,0
0,0,0,0,0,100,0,0,0,0,0,0,0,0,0,0,71.939,28.061,0,0,0,0,0,0,0,0,0,100,0,0,0,0,0,1,0,0,0,0,0,0,1,0,0,0,0,1,0,0,0
0,0,5.1544,5.1544,10.309,42.539,20.839,16.005,0,0,0,0,0,10.309,0,0,68.532,5.1544,0,0,16.005,0,0,10.309,0,20.839,0,42.539,0,5.1544,5.1544,16.005,0,0.64583,0.35417,0,0,0,0,0,1,0,0,0,0,1,0,0,0
0,0,0,0,0,86.202,4.5993,9.1987,0,0,0,0,0,0,0,16.134,47.7,26.967,0,4.5993,4.5993,0,0,4.5993,0,4.5993,0,86.202,0,0,0,0,4.5993,0.90909,0.090909,0,0,0,0,0,1,0,0,0,0,1,0,0,0
0,0,0,0,0,81.007,0,18.993,0,0,0,0,0,0,0,18.993,40.503,21.51,0,18.993,0,0,0,18.993,0,0,0,81.007,0,0,0,0,0,0.88889,0.11111,0,0,0,0,0,1,0,0,0,0,1,0,0,0
0,0,6.9901,19.463,13.98,23.525,17.999,18.042,0,0,0,0,0,26.453,0,0,42.988,12.516,0,5.5262,12.516,0,0,31.979,0,17.999,0,23.525,0,6.9901,6.9901,6.9901,5.5262,0,0.30208,0.69792,0,0,0,0,1,0,0,0,0,1,0,0,0
0,0,0,21.143,0,57.714,21.143,0,0,0,0,0,0,21.143,0,0,78.857,0,0,0,0,0,0,21.143,0,21.143,0,57.714,0,0,0,0,0,0,0.66667,0.12963,0.16667,0.037037,0,0,1,0,0,0,0,1,0,0,0
0,0,0,0,0,100,0,0,0,0,0,0,0,0,0,0,100,0,0,0,0,0,0,0,0,0,0,66.667,33.333,0,0,0,0,0,0.78,0.2,0,0.02,0,0,1,0,0,0,0,1,0,0,0
0,0,0,0,0,70.031,29.969,0,0,0,0,0,0,0,0,0,100,0,0,0,0,0,0,0,0,29.969,0,56.677,13.354,0,0,0,0,0,0,0.035714,0.41071,0.55357,0,0,1,0,0,0,0,1,0,0,0
0,0,0,0,0,100,0,0,0,0,0,0,0,0,0,8.431,74.707,16.862,0,0,0,0,0,0,0,0,0,47.85,52.15,0,0,0,0,0,0,0,0.07563,0.92437,0,0,1,0,0,0,0,1,0,0,0
0,0,0,0,0,100,0,0,0,0,0,0,0,0,0,0,100,0,0,0,0,0,0,0,0,0,0,100,0,0,0,0,0,1,0,0,0,0,0,0,1,0,0,0,0,1,0,0,0
0,0,0,0,0,58.31,0,0,41.69,0,0,0,20.845,0,0,0,58.31,0,0,6.8771,0,13.968,0,0,0,0,0,58.31,0,0,10.251,26.844,4.5939,1,0,0,0,0,0,0,1,0,0,0,0,1,0,0,0
0,0,0,0,0,100,0,0,0,0,0,0,0,0,0,0,100,0,0,0,0,0,0,0,0,0,0,94.534,5.466,0,0,0,0,1,0,0,0,0,0,0,1,0,0,0,0,1,0,0,0
0,0,0,0,0,71.436,0,0,28.564,0,0,0,9.731,0,0,0,71.436,0,0,9.1015,0,9.731,0,0,0,0,0,71.436,0,0,0,23.74,4.8234,0.96053,0.026316,0,0,0.013158,0,0,1,0,0,0,0,1,0,0,0
0,0,0,0,0,75.33,0,0,24.67,0,0,0,13.671,0,0,0,75.33,0,0,0,0,10.999,0,0,0,0,0,75.33,0,0,4.1486,16.617,3.9045,0,0,0,0.21053,0.78947,0,0,1,0,0,0,0,1,0,0,0
0,0,0,0,0,86.964,0,0,13.036,0,0,0,6.5182,0,0,0,86.964,0,0,0,0,6.5182,0,0,0,0,0,86.964,0,0,3.5996,5.8372,3.5996,0,0,0,0.26866,0.73134,0,0,1,0,0,0,0,1,0,0,0
0,0,0,0,0,71.091,0,0,28.909,0,0,0,10.358,0,0,0,71.091,0,0,13.304,0,5.247,0,0,0,0,0,71.091,0,0,2.5322,21.13,5.247,0,0,0,0.27778,0.72222,0,0,1,0,0,0,0,1,0,0,0
0,0,0,0,0,84.726,0,0,15.274,0,0,0,3.1547,0,0,0,84.726,0,0,8.9651,0,3.1547,0,0,0,0,0,84.726,0,0,0,15.274,0,0,0,0,0.22951,0.77049,0,0,1,0,0,0,0,1,0,0,0
0,0,0,0,0,100,0,0,0,0,0,0,0,0,0,0,100,0,0,0,0,0,0,0,0,0,0,100,0,0,0,0,0,0,0,0.014925,0.1791,0.80597,0,0,1,0,0,0,0,1,0,0,0
0,0,0,0,0,100,0,0,0,0,0,0,0,0,0,0,100,0,0,0,0,0,0,0,0,0,0,100,0,0,0,0,0,0,0,0,0.11111,0.88889,0,0,1,0,0,0,0,1,0,0,0
0,0,0,0,0,100,0,0,0,0,0,0,0,0,0,0,100,0,0,0,0,0,0,0,0,0,0,100,0,0,0,0,0,0,0,0.032787,0.14754,0.81967,0,0,1,0,0,0,0,1,0,0,0
0,0,0,0,0,100,0,0,0,0,0,0,0,0,0,0,100,0,0,0,0,0,0,0,0,0,0,100,0,0,0,0,0,0,0,0,0.1,0.9,0,0,1,0,0,0,0,1,0,0,0
0,0,0,0,0,100,0,0,0,0,0,0,0,0,0,0,80.805,19.195,0,0,0,0,0,0,0,0,0,84.597,15.403,0,0,0,0,0.98571,0.014286,0,0,0,0,0,1,0,0,0,0,1,0,0,0
0,0,0,15.207,9.0181,62.718,6.1522,6.9052,0,0,0,15.17,0,0,0,0,44.151,18.566,0,0,0,22.112,22.076,15.207,0,0,6.1888,50.34,6.1888,0,0,0,0,0,0.73958,0.0625,0.052083,0.14583,0,0,1,0,0,0,0,1,0,0,0
0,0,0,7.9291,10.92,56.395,21.764,2.9911,0,0,0,32.684,0,0,0,0,53.404,2.9911,0,0,0,10.92,35.676,7.9291,0,0,0,53.404,2.9911,0,0,0,0,0,0.5,0,0.5,0,0,0,1,0,0,0,0,1,0,0,0
0,0,3.5846,6.6705,13.531,55.324,6.8605,6.8605,3.5846,3.5846,0,20.391,3.5846,3.5846,0,6.0921,23.018,26.214,0,3.5846,0,13.531,27.252,10.255,0,0,3.5846,35.202,16.537,3.5846,3.5846,0,0,0,0.47368,0.13158,0.36842,0.026316,0,0,1,0,0,0,0,1,0,0,0
0,0,0,14.091,15.828,54.379,1.7361,13.966,0,0,0,17.564,0,0,0,0,52.643,1.7361,0,0,0,28.057,31.53,14.091,0,0,0,52.643,1.7361,0,0,0,0,0,0.55556,0,0.11111,0.33333,0,0,1,0,0,0,0,1,0,0,0
0,0,0,0,0,100,0,0,0,0,0,0,0,0,0,0,100,0,0,0,0,0,0,0,0,0,0,100,0,0,0,0,0,0,0,0.022222,0.3,0.67778,0,0,1,0,0,0,0,1,0,0,0
0,0,0,0,0,100,0,0,0,0,0,0,0,0,0,0,100,0,0,0,0,0,0,0,0,0,0,100,0,0,0,0,0,0,0,0,0.19718,0.80282,0,0,1,0,0,0,0,1,0,0,0
0,0,0,0,0,100,0,0,0,0,0,0,0,0,0,0,100,0,0,0,0,0,0,0,0,0,0,100,0,0,0,0,0,0,0,0,0.32812,0.67188,0,0,1,0,0,0,0,1,0,0,0
0,0,0,0,0,100,0,0,0,0,0,0,0,0,0,0,100,0,0,0,0,0,0,0,0,0,0,100,0,0,0,0,0,0,0,0.026667,0.30667,0.66667,0,0,1,0,0,0,0,1,0,0,0
0,0,0,0,0,100,0,0,0,0,0,0,0,0,0,0,100,0,0,0,0,0,0,0,0,0,0,100,0,0,0,0,0,0,0,0.026316,0.30263,0.67105,0,0,1,0,0,0,0,1,0,0,0
0,0,0,0,0,100,0,0,0,0,0,0,0,0,0,0,100,0,0,0,0,0,0,0,0,0,0,100,0,0,0,0,0,0,0,0,0.13483,0.86517,0,0,1,0,0,0,0,1,0,0,0
0,0,0,0,0,100,0,0,0,0,0,0,0,0,0,0,100,0,0,0,0,0,0,0,0,0,0,100,0,0,0,0,0,0,0,0,0.2027,0.7973,0,0,1,0,0,0,0,1,0,0,0
0,0,0,0,0,100,0,0,0,0,0,0,0,0,0,0,100,0,0,0,0,0,0,0,0,0,0,100,0,0,0,0,0,0,0,0.027027,0.21622,0.75676,0,0,1,0,0,0,0,1,0,0,0
0,0,15.324,7.4485,9.6411,32.366,5.0004,9.0298,12.956,8.2352,0,15.248,2.1926,2.1926,0,13.775,28.739,12.449,11.298,0,10.256,3.8499,0,8.7743,11.474,0,10.001,22.365,0,9.6411,2.1926,26.447,9.1058,0,0.33871,0.048387,0.6129,0,0,0,1,0,0,0,0,0,1,0,0
0,0,7.4265,17.173,12.251,15.921,9.1834,12.843,10.474,14.727,0,10.474,6.1257,6.1257,0,0,38.045,9.7857,14.125,3.66,9.1834,2.4755,0,14.707,4.951,3.66,0,15.921,0,12.251,6.1257,36.248,6.1355,0.012048,0.98795,0,0,0,0,0,1,0,0,0,0,0.024096,0.9759,0,0
0,0,9.9473,0,20.358,44.984,0,0,17.19,7.5215,0,0,14.227,3.0656,0,0,48.049,0,26.101,3.2617,5.2953,0,5.2953,4.652,0,0,0,43.593,1.3903,3.0656,18.683,23.321,0,0,1,0,0,0,0,0,1,0,0,0,0,1,0,0,0
0,0,3.5469,11.21,0,64.882,5.6049,9.1519,5.6049,0,0,12.699,0,0,0,7.0983,56.832,12.161,5.6049,0,5.6049,0,0,14.757,3.5469,0,15.713,45.618,3.5514,0,0,16.815,0,0,0,0.032787,0.96721,0,0,0,1,0,0,0,0,0,1,0,0
0,0,0,0,0,84.596,0,15.404,0,0,0,0,0,0,0,15.404,69.193,0,0,15.404,0,0,0,15.404,0,0,0,84.596,0,0,0,0,0,0.92157,0.078431,0,0,0,0,0,1,0,0,0,0,1,0,0,0
0,0,0,4.6513,4.6513,50.385,19.581,16.08,4.6513,0,0,0,0,0,13.764,4.5685,42.521,18.415,4.6513,4.5685,11.511,0,0,4.5685,0,5.8166,13.764,50.385,0,4.6513,0,16.163,4.6513,0,0.25641,0.74359,0,0,0,0,1,0,0,0,0,1,0,0,0
0,0,0,0,0,88.56,11.44,0,0,0,0,0,0,0,0,27.847,49.274,11.44,0,0,11.44,0,0,11.44,0,0,27.847,55.747,4.9671,0,0,0,0,0,0,0.052632,0.94737,0,0,0,1,0,0,0,0,0,1,0,0
0,0,0,0,0,100,0,0,0,0,0,0,0,0,0,24.835,75.165,0,0,0,0,0,0,0,0,0,0,100,0,0,0,0,0,0.87805,0.12195,0,0,0,0,0,1,0,0,0,0,1,0,0,0
0,0,0,0,0,39.213,47.44,13.347,0,0,0,0,0,0,5.4829,14.9,24.313,27.057,14.9,6.6737,6.6737,0,0,6.6737,0,12.157,35.283,39.213,0,0,0,0,6.6737,0,0.275,0.725,0,0,0,0,1,0,0,0,0,1,0,0,0
0,0,0,0,0,69.047,18.132,12.822,0,0,0,0,0,0,7.1965,10.458,55.917,13.607,0,6.4108,6.4108,0,0,6.4108,0,6.4108,11.721,64.522,4.5246,0,0,0,6.4108,0,0.27778,0.13889,0.5,0.083333,0,0,1,0,0,0,0,1,0,0,0
0,0,0,0,0,84.23,15.77,0,0,0,0,0,0,0,5.8649,11.555,61.686,20.894,0,0,0,0,0,0,0,5.8649,9.9053,66.105,18.125,0,0,0,0,0,0,0,0.80682,0.19318,0,0,1,0,0,0,0,1,0,0,0
0,0,0,0,0,64.632,35.368,0,0,0,0,0,0,0,4.6479,9.8215,54.811,10.27,20.45,0,0,0,0,0,0,4.6479,30.72,45.282,19.35,0,0,0,0,0,0,0.057143,0.31429,0.62857,0,0,1,0,0,0,0,1,0,0,0
0,0,4.4774,0,0,82.722,3.8453,0,4.4774,4.4774,0,0,0,0,0,9.6505,76.917,0,13.432,0,0,0,0,4.4774,0,0,3.8453,59.056,23.667,0,4.4774,4.4774,0,0,0,0,0.23684,0.76316,0,0,1,0,0,0,0,1,0,0,0
0,11.063,1.8929,0,7.7476,24.057,13.068,19.682,12.191,8.4056,1.8929,0,14.849,0,0,10.51,21.371,21.558,13.4,16.419,0,1.8929,13.4,4.2544,13.153,19.077,12.871,6.5393,4.2544,5.0546,8.4056,10.298,2.6931,0,0.94444,0,0.055556,0,0,0.80556,0.19444,0,0,0,0,0.94444,0.055556,0,1
0,11.87,1.2283,0,3.4099,30.451,6.7114,7.9397,19.809,13.943,4.6382,0,14.326,0,0,5.4831,13.098,28.269,13.531,20.654,0,4.6382,6.7114,4.6382,14.326,18.581,5.4831,9.688,4.6382,0,13.943,18.581,3.4099,0.0625,0.9375,0,0,0,0,0,0.8125,0.1875,0,0,0,0.125,0.875,0,0
0,17.408,3.3441,0,6.0265,26.302,4.6433,13.239,16.191,6.0743,6.7722,0,24.096,0,0,3.9528,15.445,27.517,12.799,9.4184,0,6.7722,5.9426,6.7722,21.443,20.752,3.9528,9.4184,6.7722,1.2992,6.0743,12.846,4.7273,0.46667,0.53333,0,0,0,0,0.43333,0.46667,0.1,0,0,0,0.93333,0.066667,0,1
0,17.486,3.3106,0,3.5371,22.426,9.3154,18.662,14.286,7.8814,3.0944,0,20.354,0,0,15.794,8.7243,20.323,14.513,17.197,0,3.0944,9.3154,3.0944,12.441,26.802,15.794,3.3106,4.971,0,7.8814,14.729,1.6604,0.017544,0.85965,0.12281,0,0,0,0,0.35088,0.64912,0,0,0,0.035088,0.96491,0,1
0,0,0,0,0,100,0,0,0,0,0,0,0,0,0,0,90.302,9.6978,0,0,0,0,0,0,0,0,9.6978,78.459,11.844,0,0,0,0,0,0,0.11321,0.88679,0,0,0,1,0,0,0,0,0,1,0,0
0,0,0,0,0,100,0,0,0,0,0,0,0,0,0,0,91.541,8.4588,0,0,0,0,0,0,0,0,0,83.85,16.15,0,0,0,0,1,0,0,0,0,0,0,1,0,0,0,0,1,0,0,0
0,0,0,0,0,63.865,36.135,0,0,0,0,0,0,0,15.073,4.2186,48.791,15.073,16.843,0,0,0,0,0,0,0,36.135,42.803,21.062,0,0,0,0,0.5,0.5,0,0,0,0,0,1,0,0,0,0,1,0,0,0
0,0,0,0,0,100,0,0,0,0,0,0,0,0,0,0,100,0,0,0,0,0,0,0,0,0,0,86.283,13.717,0,0,0,0,0,0.076923,0.096154,0.82692,0,0,0,1,0,0,0,0,0.13462,0.86538,0,0
0,0,15.105,0,0,84.895,0,0,0,0,0,0,10.225,0,0,0,80.015,4.8802,0,0,4.8802,0,0,0,0,0,0,64.007,20.888,0,0,0,15.105,1,0,0,0,0,0,0,1,0,0,0,0,1,0,0,0
0,0,0,0,0,57.786,42.214,0,0,0,0,0,0,0,0,26.347,41.919,15.867,15.867,0,0,0,0,0,0,0,42.214,47.306,10.48,0,0,0,0,0.070175,0.7193,0.14035,0.035088,0.035088,0,0,1,0,0,0,0,1,0,0,0
0,0,12.12,0,0,87.88,0,0,0,0,0,0,0,0,0,0,87.88,0,0,0,12.12,0,12.12,0,0,0,0,59.85,28.03,0,0,0,0,0,0.69492,0.18644,0.016949,0.10169,0,0,1,0,0,0,0,1,0,0,0
0,0,4.3227,0,0,95.677,0,0,0,0,0,0,0,0,0,0,84.492,11.185,0,0,4.3227,0,0,0,0,0,0,84.492,11.185,0,0,0,4.3227,1,0,0,0,0,0,0,1,0,0,0,0,1,0,0,0
0,0,0,0,0,100,0,0,0,0,0,0,0,0,0,0,100,0,0,0,0,0,0,0,0,0,0,92.986,7.0142,0,0,0,0,1,0,0,0,0,0,0,1,0,0,0,0,1,0,0,0
0,0,0,0,0,76.533,0,0,23.467,0,0,0,0,0,0,0,100,0,0,0,0,0,0,0,0,0,0,76.533,0,0,0,0,23.467,0.96875,0,0.03125,0,0,0,0,1,0,0,0,0,1,0,0,0
0,0,0,0,4.1666,78.749,0,0,17.084,0,0,0,0,0,4.1666,0,95.833,0,0,0,0,0,0,0,0,0,0,78.749,0,0,4.1666,0,17.084,0,0,0.014085,0.19718,0.78873,0,0,1,0,0,0,0,1,0,0,0
0,0,0,0,0,90.592,0,0,9.4079,0,0,0,0,0,0,0,100,0,0,0,0,0,0,0,0,0,0,90.592,0,0,0,0,9.4079,0,0,0,0.2623,0.7377,0,0,1,0,0,0,0,1,0,0,0
0,0,0,5.9085,0,94.091,0,0,0,0,0,0,0,0,0,0,94.091,5.9085,0,0,0,0,0,0,0,0,0,94.091,0,0,5.9085,0,0,0,0,0.12329,0.068493,0.80822,0,0,1,0,0,0,0,1,0,0,0
0,0,0,0,0,100,0,0,0,0,0,0,0,0,0,0,100,0,0,0,0,0,0,0,0,0,0,100,0,0,0,0,0,0,0,0,0.18182,0.81818,0,0,1,0,0,0,0,1,0,0,0
0,0,6.4402,3.1399,19.311,51.29,0,0,7.826,11.993,0,0,10.328,4.4912,0,4.689,32.294,18.798,22.83,3.4295,0,3.1399,0,9.5802,0,0,3.1399,37.31,10.84,4.4912,17.83,16.808,0,0,0.17949,0.12821,0.69231,0,0,0,1,0,0,0,0,1,0,0,0
0,0,5.3897,5.3897,0,50.633,3.2648,25.248,10.075,0,0,7.5145,2.1248,2.1248,0,20.431,47.244,2.4064,0,4.5312,0,13.623,7.0936,16.169,8.2337,2.1248,7.5145,33.337,9.7817,3.2648,0,0,12.481,0,1,0,0,0,0,0,1,0,0,0,0,0.043478,0.95652,0,0
0,0,10.473,0,19.701,48.937,0,0,8.6652,12.224,0,0,10.445,7.3151,0,0,50.878,4.8123,17.922,2.4062,6.2217,0,6.2217,4.251,0,0,2.4062,34.315,12.216,7.3151,15.354,17.922,0,0,0.083333,0.13333,0.76667,0.016667,0,0,1,0,0,0,0,1,0,0,0
0,0,0,2.2719,3.4048,61.749,22.258,10.316,0,0,0,25.663,0,0,0,0,51.529,10.221,0,0,0,12.588,35.979,2.2719,0,0,2.2719,53.801,5.6768,0,0,0,0,0,1,0,0,0,0,0,1,0,0,0,0,1,0,0,0
0,0,8.6997,0,12.705,51.162,0,0,22.578,4.8557,0,0,12.431,2.0509,0,0,49.385,4.1018,28.461,3.5706,0,0,0,8.6997,0,0,2.0509,44.256,4.8557,2.0509,15.236,22.851,0,0,0.98113,0,0.018868,0,0,0,1,0,0,0,0,1,0,0,0
0,0,16.002,0,14.294,58.001,0,0,11.703,0,0,0,5.8517,0,0,0,66.443,0,20.145,0,7.5598,0,7.5598,8.4421,0,0,0,50.441,7.5598,0,5.8517,20.145,0,0,0.88889,0,0.055556,0.055556,0,0,1,0,0,0,0,1,0,0,0
0,0,0,0,0,100,0,0,0,0,0,0,0,0,0,0,100,0,0,0,0,0,0,0,0,0,0,100,0,0,0,0,0,0,0,0,0.035294,0.96471,0,0,1,0,0,0,0,1,0,0,0
0,0,0,0,0,100,0,0,0,0,0,0,0,0,0,0,100,0,0,0,0,0,0,0,0,0,0,100,0,0,0,0,0,0,0,0.015625,0.3125,0.67188,0,0,1,0,0,0,0,1,0,0,0
0,0,0,0,0,100,0,0,0,0,0,0,0,0,0,0,100,0,0,0,0,0,0,0,0,0,0,100,0,0,0,0,0,0,0,0.03125,0.26562,0.70312,0,0,1,0,0,0,0,1,0,0,0
0,0,0,0,0,100,0,0,0,0,0,0,0,0,0,0,100,0,0,0,0,0,0,0,0,0,0,100,0,0,0,0,0,0,0,0,0.28169,0.71831,0,0,1,0,0,0,0,1,0,0,0
0,0,0,0,0,100,0,0,0,0,0,0,0,0,0,0,100,0,0,0,0,0,0,0,0,0,0,100,0,0,0,0,0,0,0,0,0.25758,0.74242,0,0,1,0,0,0,0,1,0,0,0
0,0,0,0,0,100,0,0,0,0,0,0,0,0,0,0,100,0,0,0,0,0,0,0,0,0,0,100,0,0,0,0,0,0,0,0,0.30769,0.69231,0,0,1,0,0,0,0,1,0,0,0
0,0,0,0,0,100,0,0,0,0,0,0,0,0,0,0,100,0,0,0,0,0,0,0,0,0,0,100,0,0,0,0,0,0,0,0.013514,0.18919,0.7973,0,0,1,0,0,0,0,1,0,0,0
0,0,0,0,0,100,0,0,0,0,0,0,0,0,0,0,100,0,0,0,0,0,0,0,0,0,0,100,0,0,0,0,0,0,0,0.018182,0.27273,0.70909,0,0,1,0,0,0,0,1,0,0,0
0,0,0,0,7.6473,92.353,0,0,0,0,0,0,0,0,0,0,92.353,0,0,0,7.6473,0,0,0,0,0,0,92.353,0,7.6473,0,0,0,0,1,0,0,0,0,0,1,0,0,0,0,0,1,0,0
0,0,0,3.1198,7.7669,89.113,0,0,0,0,0,0,0,0,3.1198,0,89.113,0,0,0,7.7669,0,0,0,0,0,0,89.113,0,7.7669,0,3.1198,0,0,1,0,0,0,0,0,1,0,0,0,0,0,1,0,0
0,0,0,0,0,100,0,0,0,0,0,0,0,0,0,0,100,0,0,0,0,0,0,0,0,0,0,100,0,0,0,0,0,0,1,0,0,0,0,0,1,0,0,0,0,0,1,0,0
0,0,0,0,0,100,0,0,0,0,0,0,0,0,0,0,100,0,0,0,0,0,0,0,0,0,0,100,0,0,0,0,0,0,1,0,0,0,0,0,1,0,0,0,0,0,1,0,0
0,0,0,0,0,100,0,0,0,0,0,0,0,0,0,0,100,0,0,0,0,0,0,0,0,0,0,100,0,0,0,0,0,0,1,0,0,0,0,0,1,0,0,0,0,0,1,0,0
0,0,0,0,0,100,0,0,0,0,0,0,0,0,0,0,100,0,0,0,0,0,0,0,0,0,0,100,0,0,0,0,0,0,1,0,0,0,0,0,1,0,0,0,0,0,1,0,0
0,0,0,6.0217,0,87.957,0,6.0217,0,0,0,6.0217,0,6.0217,0,6.0217,81.935,0,0,0,0,0,6.0217,0,0,0,0,81.935,6.0217,0,0,0,6.0217,0,1,0,0,0,0,0,1,0,0,0,0,0,1,0,0
0,0,8.5903,0,4.3432,53.897,13.03,0,8.5903,4.3432,7.2067,10.07,4.3432,0,0,4.3432,61.103,7.2067,7.2067,0,2.8634,2.8634,0,17.277,10.07,0,4.3432,53.897,0,0,0,10.07,4.3432,0,1,0,0,0,0,0,1,0,0,0,0,0,1,0,0
0,1.1127,14.753,5.9299,5.0677,17.238,11.827,0,31.522,9.9466,2.6028,5.3585,3.4911,1.1127,6.6084,3.3381,45.102,13.35,6.9858,9.4482,2.6028,2.6028,0,21.823,10.854,1.1127,2.3784,17.238,1.9775,1.1127,1.1127,30.282,12.108,0,1,0,0,0,0,0,1,0,0,0,0,0,1,0,0
0,0,6.5952,3.2327,0,65.166,9.2316,5.5489,5.2728,2.6364,2.3161,12.144,6.5952,5.5489,2.6364,3.2327,59.938,2.3161,2.6364,2.6364,0,2.3161,3.2327,2.6364,9.2316,4.6323,6.5952,59.617,3.2327,2.3161,0,5.2728,3.2327,0,1,0,0,0,0,0,1,0,0,0,0,0,1,0,0
0,2.2119,10.634,2.1727,9.1863,13.788,19.841,1.5171,15.714,14.231,10.703,11.599,9.1128,3.729,2.2119,15.201,31.812,11.246,5.3838,2.1727,2.2119,5.3196,0,20.467,10.082,5.2461,6.9008,12.271,0,5.3196,3.8025,20.167,15.744,0,1,0,0,0,0,0,1,0,0,0,0,0,1,0,0
0,0,0,2.4564,0,42.674,38.903,15.966,0,0,0,2.4564,0,7.6457,0,13.51,49.368,19.374,0,0,0,7.6457,2.4564,21.831,0,7.6457,20.204,34.353,5.8643,0,0,0,7.6457,0,1,0,0,0,0,0,1,0,0,0,0,0,1,0,0
0,3.505,5.1821,1.5618,6.2735,30.592,20.434,9.0173,12.052,6.67,4.7118,6.402,1.0783,8.1426,3.4351,18.654,33.749,12.7,2.3569,4.7836,1.0783,7.6196,0,23.021,7.1971,8.8395,6.8486,20.495,7.6712,2.2851,3.8468,14.222,5.5743,0,1,0,0,0,0,0,1,0,0,0,0,0,1,0,0
0,1.4225,15.331,9.2127,15.067,11.459,8.8947,8.8947,14.577,7.6481,7.4944,13.52,3.0628,3.0628,1.4225,26.659,24.268,1.6403,0,2.9391,1.4225,22.003,0,19.452,4.6254,22.151,1.6403,4.921,4.8974,7.4944,12.128,16.395,6.2958,0,0.9,0.1,0,0,0,0,0.8,0.2,0,0,0,0.26667,0.73333,0,0
0,0,24.071,0,9.6769,18.891,8.5859,17.172,15.266,0,6.3377,5.1804,13.772,0,0,0,31.158,14.924,16.015,3.7475,8.8668,6.3377,13.424,24.071,17.514,3.7475,0,18.891,3.7475,4.8385,0,8.9279,4.8385,0,1,0,0,0,0,0,1,0,0,0,0,0,1,0,0
0,16.517,12.613,12.613,0,12.613,0,0,0,12.613,33.033,41.742,0,16.517,0,0,25.225,0,0,0,0,16.517,16.517,41.742,0,0,0,0,29.129,0,12.613,0,0,0,0.96552,0.034483,0,0,0,0,0.7931,0.2069,0,0,0,0.034483,0.96552,0,0
0,1.6177,17.269,3.7937,9.7177,16.591,11.293,2.2198,22.224,6.5254,8.7485,14.881,2.1306,4.0642,2.6416,16.109,37.417,3.9471,3.9433,5.1674,1.0875,8.611,0,21.689,14.215,6.0573,3.7483,9.9448,5.2872,5.8291,6.7983,17.905,8.5255,0,0.66667,0.33333,0,0,0,0,0.96667,0.033333,0,0,0,0.96667,0.033333,0,1
0,0,6.1798,8.2829,8.2829,52.038,0,0,9.2552,6.7452,9.2156,8.2829,0,0,21.208,0,40.651,6.1798,0,1.5377,0,22.141,9.2156,7.7175,0,6.1798,10.793,6.1798,22.141,21.208,13.49,0,3.0754,0,0.875,0.125,0,0,0,0,0.6875,0.3125,0,0,0,0.03125,0.96875,0,1
0,0,16.74,9.6778,4.061,45.97,0,0.69839,16.538,6.3151,0,17.476,0,1.4834,10.209,0,45.921,8.9413,0.69839,5.6311,0.78501,8.8547,1.4834,22.054,2.8802,6.7596,16.322,7.5446,13.773,11.692,7.7119,3.7518,6.0269,0,0.55172,0.44828,0,0,0,0,0.93103,0.068966,0,0,0,0,1,0,1
0,0,12.171,0,0,54.6,0,0,33.229,0,0,4.057,4.057,0,0,0,54.6,0,8.1141,0,4.057,25.115,29.172,0,4.057,0,0,54.6,0,0,0,4.057,8.1141,0,0.88889,0.11111,0,0,0,0,1,0,0,0,0,0,1,0,0
0.83892,0,14.206,14.358,10.707,32.832,0,1.3479,13.192,11.679,0.83892,22.867,0,2.6709,15.175,1.6778,29.328,5.6967,1.3479,8.3511,1.323,11.562,3.5098,13.847,6.2057,0.83892,9.157,1.323,13.027,18.684,20.215,6.6648,6.5275,0,0.72727,0.27273,0,0,0,0,0.57576,0.42424,0,0,0,0.030303,0.9697,0,1
0,0,5.0315,0,0,71.478,0,0,23.491,0,0,1.6772,1.6772,0,0,0,71.478,0,21.813,0,1.6772,1.6772,21.813,0,1.6772,0,0,71.478,0,0,0,1.6772,3.3543,0,1,0,0,0,0,0,1,0,0,0,0,0,1,0,0
0,4.323,4.1815,13.976,18.299,18.441,8.5044,4.1815,4.1815,0,23.912,8.5044,0,8.646,0,22.481,8.5044,9.7947,0,14.118,0,27.952,0,12.686,4.323,12.686,4.323,0,14.118,19.589,4.1815,28.094,0,0,1,0,0,0,0,0,0.52632,0.47368,0,0,0,0.15789,0.84211,0,0
0,0,9.6846,13.395,8.9913,23.375,14.23,0,20.458,3.905,5.9609,0,4.0581,9.1861,2.5986,23.096,21.622,4.6962,2.4455,3.7102,5.3645,23.222,4.9188,9.6846,0,26.015,0,0,8.9913,7.1,5.3645,12.186,25.74,0.29268,0.70732,0,0,0,0,0,1,0,0,0,0,0.7561,0.2439,0,1
0,0,7.6089,7.6779,9.5229,28.01,13.977,0,17.116,7.6779,8.4093,0,2.493,13.639,0,18.315,11.216,5.1849,5.1849,10.833,12.595,20.54,0,7.6089,0,31.108,0,0,9.5229,10.764,10.171,12.595,18.23,0,1,0,0,0,0,0,1,0,0,0,0,0.2,0.8,0,0
0,0,14.925,12.631,2.4908,31.601,10.555,0,14.967,5.9332,6.8972,0,4.435,14.045,4.2067,10.715,16.589,6.5084,5.7049,11.107,12.862,13.826,2.5194,14.925,0,22.105,0,0,2.4908,17.528,9.5361,17.844,13.051,0,1,0,0,0,0,0,1,0,0,0,0,0,1,0,0
0,87.64,0,0,0,12.36,0,0,0,0,0,0,0,0,0,59.457,12.36,0,0,0,28.183,0,28.183,31.273,28.183,0,0,9.27,0,0,3.09,0,0,0.04878,0.95122,0,0,0,0,0,1,0,0,0,0,0.2439,0.7561,0,0
0,0,0,0,0,66.667,0,0,21.326,12.007,0,0,0,12.007,0,0,66.667,0,5.1288,0,0,16.197,21.326,0,0,0,0,66.667,0,12.007,0,0,0,0,1,0,0,0,0,0,1,0,0,0,0,0,1,0,0
0,20.711,0,0,0,67.821,0,0,0,11.468,0,0,11.468,4.6213,0,0,63.199,4.6213,11.468,4.6213,0,0,0,11.468,9.2426,0,0,49.505,0,16.09,6.8471,6.8471,0,0,1,0,0,0,0,0,1,0,0,0,0,0,1,0,0
0,38.352,1.2656,3.7969,1.5955,36.034,1.5955,0,0,17.361,0,2.8612,17.65,15.765,1.5955,2.5313,21.061,12.112,12.112,13.047,0,1.2656,0,13.377,26.241,0,6.804,10.498,5.5384,29.472,4.2728,3.7969,0,0,1,0,0,0,0,0,1,0,0,0,0,0,1,0,0
0,15.506,2.5483,18.834,3.1774,48.677,6.1147,0,0,5.1428,0,2.5483,17.84,2.6332,3.1774,11.211,38.421,2.6332,11.257,7.7299,0,2.5483,0,18.88,10.363,0,5.0966,28.305,7.6227,7.776,5.687,16.269,0,0.35556,0.57778,0.066667,0,0,0,0,1,0,0,0,0,0.51111,0.48889,0,0
0,9.4075,2.5972,33.465,4.2131,41.891,4.2131,0,0,4.2131,0,6.8103,11.023,0,4.2131,5.1943,30.868,4.2131,4.2131,30.868,0,2.5972,0,6.8103,5.1943,0,9.4075,25.673,6.8103,8.4263,4.2131,33.465,0,0.090909,0.90909,0,0,0,0,0,1,0,0,0,0,0.18182,0.81818,0,0
0,4.61,2.305,33.333,0,33.333,26.418,0,0,0,0,2.305,2.305,0,0,31.028,31.028,0,26.418,4.61,0,2.305,0,28.723,4.61,0,4.61,26.418,2.305,0,0,33.333,0,0.1,0.9,0,0,0,0,0,1,0,0,0,0,0.2,0.8,0,0
0,0,0,0,0,100,0,0,0,0,0,0,0,0,0,0,100,0,0,0,0,0,0,0,0,0,0,100,0,0,0,0,0,0,1,0,0,0,0,0,1,0,0,0,0,0,1,0,0
0,0,0,0,0,100,0,0,0,0,0,0,0,0,0,0,100,0,0,0,0,0,0,0,0,0,0,100,0,0,0,0,0,0,1,0,0,0,0,0,1,0,0,0,0,0,1,0,0
0,0,0,1.9473,0,50.173,38.431,9.4483,0,0,0,1.9473,0,7.5555,0,23.554,51.941,9.3938,0,0,0,5.6082,1.9473,9.3938,0,5.6082,29.434,42.222,3.8401,0,0,0,7.5555,0.36364,0.63636,0,0,0,0,0,1,0,0,0,0,1,0,0,0
0,0.74605,10.468,6.6286,21.256,8.3938,13.527,0,22.852,8.914,7.2146,9.1386,4.5444,0.74605,2.8775,8.0306,37.907,18.729,10.061,2.1314,2.4191,3.4162,0,16.742,11.27,0.74605,3.7984,8.3938,9.0864,1.7431,1.7431,33.561,12.916,0,0.51899,0.48101,0,0,0,0,1,0,0,0,0,0.50633,0.49367,0,1
0,0,0,10.945,0,49.495,25.081,14.479,0,0,0,10.945,0,3.5339,0,3.5339,74.919,3.5339,0,0,0,3.5339,10.945,14.479,0,3.5339,38.16,29.348,0,0,0,0,3.5339,0.80952,0.19048,0,0,0,0,0,1,0,0,0,0,0.97619,0.02381,0,0
0,4.6942,8.4655,6.6737,10.352,17.001,6.9444,2.9192,16.37,19.654,6.9244,6.5697,4.0501,6.8906,4.8634,20.497,34.189,2.8074,1.5894,4.0253,4.728,9.7901,0,13.858,3.7859,10.533,2.1964,8.4155,7.8435,5.5042,8.9321,26.838,12.094,0,0.11392,0.8481,0.037975,0,0,0,0.96203,0.037975,0,0,0,0.86076,0.13924,0,1
0,0,0,5.046,0,70.307,19.601,5.046,0,0,0,5.046,0,0,0,14.555,80.399,0,0,0,0,0,5.046,5.046,0,0,24.647,65.261,0,0,0,0,0,0.86,0.14,0,0,0,0,0,1,0,0,0,0,1,0,0,0
0,0,0,0,0,100,0,0,0,0,0,0,0,0,0,0,100,0,0,0,0,0,0,0,0,0,33.333,66.667,0,0,0,0,0,1,0,0,0,0,0,0,1,0,0,0,0,1,0,0,0
0,0,0,0,0,100,0,0,0,0,0,0,0,0,0,9.0889,72.728,18.183,0,0,0,0,0,0,0,0,0,100,0,0,0,0,0,0,0.030303,0.12121,0.12121,0.72727,0,0,1,0,0,0,0,1,0,0,0
0,0,1.0443,10.415,0,52.235,16.958,18.303,0,0,1.0443,12.504,1.0443,6.454,0,16.318,47.904,14.731,0,0,0,1.0443,10.415,18.693,1.0443,2.0886,15.12,33.931,12.253,1.0443,0,0,5.4098,0.019608,0.76471,0.21569,0,0,0,0,1,0,0,0,0,0.47059,0.52941,0,0
0,7.14,11.499,4.9198,16.351,23.091,6.999,0.88915,7.7506,9.0404,12.32,11.682,1.9193,14.139,1.0301,20.308,34.288,0.88915,0,8.5043,1.0301,6.2105,0,14.823,10.793,11.313,6.999,2.6674,13.424,6.2105,7.8467,17.047,8.8768,0,0.8,0.054545,0.14545,0,0,0,0.27273,0.72727,0,0,0,0.36364,0.63636,0,1
0,0,25.725,5.0585,12.151,12.336,9.4093,0,30.784,1.4503,3.0862,4.7222,1.4503,0,0,1.4503,57.057,13.203,13.786,5.0585,1.636,1.636,0,22.984,4.7222,0,1.4503,12.336,10.7,0,0,36.24,11.567,0,0.029851,0.83582,0.13433,0,0,0,1,0,0,0,0,1,0,0,1
0,9.1383,0,0,0,40.862,0,9.1383,21.01,2.733,17.119,21.01,0,9.1383,0,11.871,38.129,0,0,0,2.733,17.119,14.386,9.1383,9.1383,0,0,23.743,19.852,2.733,0,11.871,9.1383,0,0.5625,0.4375,0,0,0,0,0.125,0.875,0,0,0,0.0625,0.9375,0,1
3.3132,5.1656,9.9396,0,0,36.551,0,5.1656,20.176,9.8445,9.8445,20.176,0,5.1656,0,18.323,26.707,6.6264,0,3.3132,6.5313,13.158,3.3132,11.792,8.4788,3.3132,0,23.394,16.376,9.8445,3.3132,11.697,8.4788,0.042553,0.2766,0.06383,0.61702,0,0,0.06383,0.93617,0,0,0,0,0.95745,0.042553,0,1
5.6102,12.359,8.6826,0.94344,1.8869,26.297,0,0.94344,10.202,4.1787,28.897,23.858,0,14.367,1.0642,9.7889,14.678,5.4337,0.94344,5.2566,4.0016,20.609,15.608,14.842,5.1358,1.2413,2.1284,15.677,20.419,7.2505,7.4971,8.0169,2.1847,0,0.80952,0.19048,0,0,0,0,0.7381,0.2619,0,0,0,0.66667,0.33333,0,1
0.71296,0.63788,21.666,7.6006,12.027,25.198,0.83776,4.3605,23.283,2.1265,1.5507,12.501,1.4806,3.7572,8.8216,9.1318,21.27,11.329,4.5604,11.655,0.87734,14.616,6.3113,11.067,12.15,2.2934,10.093,3.7335,7.6641,10.061,11.728,16.377,8.5218,0,1,0,0,0,0,0,0.85366,0.14634,0,0,0,0,1,0,1
0,0,20.777,7.7131,6.9153,38.974,0,1.1354,18.975,5.5108,0,13.713,1.0668,3.2002,14.727,5.8012,31.692,8.7754,1.1354,6.4004,3.1316,10.357,5.1339,12.174,5.471,3.3729,11.37,6.5046,10.019,15.793,12.426,15.533,2.2023,0,0.98333,0.016667,0,0,0,0,1,0,0,0,0,0,1,0,1
0,0,14.867,0,0,67.702,0,0,17.431,0,0,7.7837,4.4737,0,0,5.6703,59.422,2.6095,13.662,0,2.6095,3.769,11.761,0,7.7837,0,0,60.619,7.0832,0,0,5.6703,7.0832,0.8587,0.1413,0,0,0,0,0,1,0,0,0,0,0.94565,0.054348,0,0
0,0,20.21,10.869,14.409,24.701,1.3983,1.5039,24.791,0.71959,1.3983,4.953,6.2119,2.6724,17.885,3.7749,24.291,12.045,2.9021,13.413,7.3805,4.4707,5.0491,8.4278,6.3588,0,8.2652,9.0375,2.9021,8.1747,12.234,30.281,9.2692,0,0.93103,0.068966,0,0,0,0,0.81034,0.18966,0,0,0,0,1,0,1
2.4173,1.0708,21.037,12.419,10.363,23.619,3.5286,7.4681,16.058,1.1628,0.85566,10.708,1.1628,4.6585,5.3424,10.609,19.496,9.9172,7.253,13.578,1.0261,16.248,7.1801,15.044,17.146,1.4423,3.4945,9.4446,6.0224,8.0745,10.415,18.105,3.6325,0,1,0,0,0,0,0.045455,0.95455,0,0,0,0,1,0,0,1
0,0,25.555,7.4826,12.64,26.303,2.2164,1.5798,20.984,1.024,2.2164,8.1235,1.024,1.4158,7.1205,23.36,25.914,8.0946,3.7962,15.384,0.85998,4.9079,11.863,13.548,5.7679,0,14.828,4.935,3.7962,6.32,10.643,26.136,2.1635,0,0.33333,0.66667,0,0,0,0,0.14583,0.85417,0,0,0,0,1,0,1
0,0,22.104,12.02,14.103,18.835,3.1647,3.7055,19.197,3.7055,3.1647,1.825,8.3145,0,19.253,12.345,14.693,12.02,6.8703,13.2,4.609,6.8703,5.5305,15.67,6.8703,0,3.6499,4.609,6.8703,6.8703,14.644,30.677,4.609,0,0.91304,0.086957,0,0,0,0,0.67391,0.32609,0,0,0,0,1,0,0
0,3.1349,16.211,5.5955,12.269,11.518,7.4714,5.5955,21.318,7.6244,9.2622,17.137,1.2589,5.0108,1.2589,26.51,24.524,0,0,1.8759,3.8476,18.577,0,20.144,8.9532,14.326,1.8759,5.1774,7.0533,7.3863,10.393,18.634,6.0565,0,0.10169,0.10169,0.79661,0,0,0,1,0,0,0,0,0.9322,0.067797,0,1
2.1606,0,21.533,12.249,9.7511,20.526,12.249,9.7511,7.4604,2.1606,2.1606,2.1606,2.4974,5.6048,2.4974,16.57,22.206,4.3212,9.7511,14.714,2.8024,16.875,4.658,29.123,21.663,9.9578,0,0,2.1606,10.263,2.1606,12.554,7.4604,0.16949,0.83051,0,0,0,0,0.50847,0.49153,0,0,0,0,0.94915,0.050847,0,1
0,0,5.5161,13.552,5.1898,15.879,4.2318,0,34.289,8.2258,13.117,0,9.7135,5.2287,2.8808,10.815,8.4496,2.4457,1.393,13.307,17.694,28.073,1.4877,5.5161,0,9.706,0,0,5.1898,8.8638,17.845,22.585,28.807,0.11111,0.88889,0,0,0,0,0,1,0,0,0,0,0.11111,0.88889,0,0
0,0,21.684,15.774,3.1543,18.715,8.6087,0,23.63,5.5801,2.8529,0,2.8529,10.721,6.3431,17.304,12.152,2.7272,9.0703,11.616,10.853,16.36,1.9255,21.684,0,16.91,0,0,3.1543,4.8398,14.776,12.778,23.932,0.42105,0.57895,0,0,0,0,0,1,0,0,0,0,0.52632,0.47368,0,0
2.081,0,32.81,24.679,5.6734,13.029,1.2618,4.2746,7.4365,5.4116,3.3428,3.9689,3.3306,0.94396,5.8543,17.291,19.155,12.711,5.5364,11.085,0,20.123,14.893,27.897,9.5053,2.081,0,0,7.6174,7.6174,9.8232,17.541,3.0249,0,1,0,0,0,0,0.91358,0.08642,0,0,0,0,0.97531,0.024691,0,1
0,3.7945,0,0,0,96.206,0,0,0,0,0,0,0,0,0,0,96.206,0,0,0,3.7945,0,0,0,3.7945,0,0,96.206,0,0,0,0,0,0,1,0,0,0,0,0,1,0,0,0,0,0,1,0,0
1.8398,0.58452,19.841,4.8537,5.569,36.592,1.6924,2.3301,20.576,3.4597,2.6614,8.6857,1.4609,3.8088,10.971,9.2472,26.487,10.904,2.5672,13.401,3.8104,8.6563,6.7441,12.518,9.0866,3.5042,12.43,6.6439,5.9457,14.042,6.4341,17.837,4.8147,0,0.87302,0.12698,0,0,0,0,0.14286,0.85714,0,0,0,0.11111,0.88889,0,1
0,38.49,0,0,0,61.51,0,0,0,0,0,0,0,0,0,35.898,61.51,0,0,0,2.5924,0,30.817,5.0806,2.5924,0,0,25.612,0,0,35.898,0,0,0.77143,0.22857,0,0,0,0,0,1,0,0,0,0,0.8,0.2,0,0
0,23.871,0,0,0,76.129,0,0,0,0,0,0,0,0,0,17.865,76.129,0,0,0,6.006,0,6.006,11.859,6.006,0,0,70.277,0,0,5.8525,0,0,0,1,0,0,0,0,0,1,0,0,0,0,0,1,0,0
0,28.171,9.0395,0,0,62.789,0,0,0,0,0,0,12.474,0,9.0395,0,62.789,0,0,0,0,15.697,0,17.309,16.678,3.2232,0,62.789,0,0,0,0,0,0.73333,0.26667,0,0,0,0,0,1,0,0,0,0,0.75556,0.24444,0,0
0,46.641,0,0,0,53.359,0,0,0,0,0,0,17.669,0,0,0,53.359,0,0,0,21.658,7.3142,0,7.3142,35.371,3.955,0,53.359,0,0,0,0,0,0.74359,0.25641,0,0,0,0,0,1,0,0,0,0,0.79487,0.20513,0,0
0,34.22,1.8651,0,0,63.915,0,0,0,0,0,0,16.178,0,1.8651,0,63.915,0,0,0,2.6381,15.405,0,11.321,13.443,11.321,0,63.915,0,0,0,0,0,0,1,0,0,0,0,0,1,0,0,0,0,0,1,0,0
0,0,6.372,0,0,93.628,0,0,0,0,0,0,0,0,0,0,87.256,6.372,0,0,6.372,0,0,0,0,0,0,87.256,6.372,0,0,0,6.372,0.86275,0.078431,0.058824,0,0,0,0,1,0,0,0,0,1,0,0,0
0,0,0,0,0,89.027,0,0,10.973,0,0,0,0,0,0,0,100,0,0,0,0,0,0,0,0,0,0,89.027,0,0,0,0,10.973,0.98438,0.015625,0,0,0,0,0,1,0,0,0,0,1,0,0,0
0,19.493,2.126,6.3781,1.3603,56.498,1.3603,0,0,12.784,0,3.4864,18.728,2.8785,1.3603,4.2521,51.652,1.3603,9.9051,4.2521,0,2.126,0,12.031,9.5881,0,10.948,14.302,8.8224,14.144,15.241,14.923,0,0.55,0.425,0.025,0,0,0,0,0.95,0.05,0,0,0,0.675,0.325,0,0
0,4.275,0,7.3895,4.275,70.567,4.275,0,4.943,4.275,0,4.275,23.329,0,4.275,0,59.571,4.275,4.275,0,0,0,0,11.665,0,0,4.275,54.628,11.665,8.55,4.275,0,4.943,0,0,0.015625,0.32812,0.65625,0,0,1,0,0,0,0,1,0,0,0
0,0,0,3.4921,10.423,81.264,0,0,4.8207,0,0,0,0,0,5.1345,0,86.084,3.4921,0,0,5.289,0,0,5.289,0,0,5.289,75.975,0,0,8.6266,0,4.8207,0,0,0.013333,0.093333,0.89333,0,0,1,0,0,0,0,1,0,0,0
0,11.939,3.4633,10.39,14.702,49.482,5.0121,0,0,5.0121,0,8.4754,13.488,0,10.437,6.9266,35.995,5.0121,5.0121,6.9266,4.2645,3.4633,0,12.74,6.9266,0,16.203,24.804,8.4754,10.024,10.437,10.39,0,0,1,0,0,0,0,0,1,0,0,0,0,0.022727,0.97727,0,0
0,0,0,14.371,8.401,62.72,14.509,0,0,0,0,0,26.448,0,0,0,59.043,6.1076,0,0,8.401,0,0,14.371,0,0,6.1076,50.642,5.9698,0,8.401,14.509,0,0.021505,0.97849,0,0,0,0,0,1,0,0,0,0,0.064516,0.93548,0,0
0,0,33.333,0,0,66.667,0,0,0,0,0,0,0,0,10.728,22.605,66.667,0,0,0,0,0,22.605,10.728,0,0,0,66.667,0,0,0,0,0,0.725,0.275,0,0,0,0,0,1,0,0,0,0,0.725,0.275,0,0
0,0,7.0444,0,0,76.971,0,0,15.984,0,0,0,9.5384,0,0,7.0444,76.971,0,0,0,0,6.4461,7.0444,0,0,0,0,76.971,0,0,0,15.984,0,0,1,0,0,0,0,0,1,0,0,0,0,0,1,0,0
0,0,0,6.5086,6.5086,75.556,11.427,0,0,0,0,0,11.427,0,0,0,77.146,4.9182,0,0,6.5086,0,0,6.5086,0,0,4.9182,70.638,0,0,6.5086,11.427,0,0,0,0,0.11688,0.88312,0,0,1,0,0,0,0,1,0,0,0
0,0,0,5.0445,0,94.955,0,0,0,0,0,0,0,0,0,0,94.955,5.0445,0,0,0,0,0,0,0,0,0,94.955,0,0,5.0445,0,0,0,0,0.012346,0.08642,0.90123,0,0,1,0,0,0,0,1,0,0,0
0,0,0,16.984,17.79,51.21,14.017,0,0,0,0,0,14.017,0,0,0,65.227,2.9666,0,0,17.79,0,0,17.79,0,0,3.7726,47.437,0,0,16.984,14.017,0,0,0.3913,0.065217,0.36957,0.17391,0,0,1,0,0,0,0,0.6087,0.3913,0,0
0,0,0,0,0,85.394,14.606,0,0,0,0,0,14.606,0,0,0,70.788,14.606,0,0,0,0,0,0,0,0,14.606,70.788,0,0,0,14.606,0,0,0,0,0.085366,0.91463,0,0,1,0,0,0,0,1,0,0,0
0,5.8874,0,0,0,94.113,0,0,0,0,0,0,0,0,0,0,94.113,0,0,0,5.8874,0,0,0,5.8874,0,0,94.113,0,0,0,0,0,0,1,0,0,0,0,0,1,0,0,0,0,0,1,0,0
0,18.802,2.1427,9.7461,2.3594,48.202,5.8493,0,3.5142,9.3843,0,2.3594,20.033,7.3245,2.3594,7.0041,32.913,6.1697,11.503,6.8203,0,3.5142,0,14.749,12.932,0,8.2708,16.207,13.059,15.554,7.3708,11.857,0,0,1,0,0,0,0,0,1,0,0,0,0,0,1,0,0
0,0,0,0,0,100,0,0,0,0,0,0,0,0,0,0,100,0,0,0,0,0,0,0,0,0,0,100,0,0,0,0,0,0,1,0,0,0,0,0,1,0,0,0,0,0,1,0,0
0,0,3.5562,0,1.8931,63.284,0,0,16.58,14.687,0,0,1.6631,2.0749,14.505,16.203,34.847,14.275,1.8931,0,0,14.54,1.6631,1.8931,0,0,4.1498,32.772,26.362,14.54,0,18.62,0,0,0.90769,0.092308,0,0,0,0,0.96923,0.030769,0,0,0,0,1,0,0
0,4.3964,5.3046,6.5945,0,65.692,0,0,9.0061,9.0061,0,2.1982,5.3046,9.0061,0,16.509,48.275,3.1064,0,4.3964,0,11.204,3.1064,2.1982,4.3964,0,22.409,25.046,18.238,9.0061,0,15.601,0,0,1,0,0,0,0,0,1,0,0,0,0,0,1,0,0
0,0,22.582,0,0,64.505,0,0,12.912,0,0,0,9.6701,12.912,0,22.582,32.253,9.6701,0,0,0,12.912,9.6701,0,12.912,0,0,19.34,45.165,0,0,12.912,0,0.025974,0.97403,0,0,0,0,0,1,0,0,0,0,0.064935,0.93506,0,0
0,0,24.512,0,3.1736,55.829,0,0,14.125,2.3604,0,0,12.748,2.3604,11.764,9.6911,41.981,4.1571,3.1736,0,0,14.125,12.748,11.764,0,0,4.7208,39.62,11.488,5.534,0,14.125,0,0,1,0,0,0,0,0,1,0,0,0,0,0,1,0,0
0,0,12.619,0,3.3108,58.301,0,0,17.918,7.8518,0,0,2.5526,4.2025,13.715,15.365,35.084,7.8518,3.3108,0,0,17.918,2.5526,5.8635,4.2025,0,0,20.925,37.376,11.163,0,17.918,0,0.026316,0.97368,0,0,0,0,0,1,0,0,0,0,0.065789,0.93421,0,0
0,9.7204,21.188,0,0,69.092,0,0,0,0,0,0,4.8602,0,17.521,3.6669,69.092,0,0,0,0,4.8602,3.6669,22.381,1.6331,3.2271,0,69.092,0,0,0,0,0,0,1,0,0,0,0,0,1,0,0,0,0,0,1,0,0
0,4.3003,29.344,0,0,52.15,0,0,14.206,0,0,0,7.1028,0,4.3003,25.044,52.15,0,0,0,0,11.403,25.044,4.3003,0,4.3003,0,52.15,0,0,0,14.206,0,0,1,0,0,0,0,0,1,0,0,0,0,0,1,0,0
0,13.208,4.891,0,0,81.901,0,0,0,0,0,0,4.1586,0,4.891,0,81.901,0,0,0,0,9.0496,0,9.0496,4.1586,4.891,0,81.901,0,0,0,0,0,0,1,0,0,0,0,0,1,0,0,0,0,0,1,0,0
0,0,0,0,0,79.524,0,0,20.476,0,0,0,10.238,0,0,0,79.524,0,0,0,0,10.238,0,0,0,0,0,79.524,0,0,0,20.476,0,0,1,0,0,0,0,0,1,0,0,0,0,0,1,0,0
0,0,0,0,0,70.65,0,0,29.35,0,0,0,11.068,0,0,0,70.65,0,0,0,0,18.281,0,0,0,0,0,70.65,0,0,0,29.35,0,0,0.19753,0.037037,0.17284,0.59259,0,0,1,0,0,0,0,0.80247,0.19753,0,0
0,0,0,0,0,89.148,0,0,10.852,0,0,0,10.852,0,0,0,89.148,0,0,0,0,0,0,0,0,0,0,89.148,0,0,0,10.852,0,0,0,0,0.1978,0.8022,0,0,1,0,0,0,0,1,0,0,0
0,0,0,0,0,77.583,0,0,22.417,0,0,0,14.855,0,0,6.7519,70.831,0,0,0,0,7.5626,0,0,0,0,6.7519,70.831,0,0,0,22.417,0,0,0.25316,0,0.32911,0.41772,0,0,1,0,0,0,0,0.74684,0.25316,0,0
0,0,0,0,0,93.257,0,0,6.7434,0,0,0,0,0,0,0,93.257,0,0,0,0,6.7434,0,0,0,0,0,93.257,0,0,0,6.7434,0,0,0,0,0.18605,0.81395,0,0,1,0,0,0,0,1,0,0,0
0,0,0,0,0,100,0,0,0,0,0,0,0,0,0,0,100,0,0,0,0,0,0,0,0,0,0,100,0,0,0,0,0,0,0,0,0.28571,0.71429,0,0,1,0,0,0,0,1,0,0,0
0,0,0,0,0,100,0,0,0,0,0,0,0,0,0,0,100,0,0,0,0,0,0,0,0,0,0,100,0,0,0,0,0,0,0,0.028571,0.014286,0.95714,0,0,1,0,0,0,0,1,0,0,0
0,0,0,0,0,100,0,0,0,0,0,0,0,0,0,0,100,0,0,0,0,0,0,0,0,0,0,100,0,0,0,0,0,0,0,0,0.10256,0.89744,0,0,1,0,0,0,0,1,0,0,0
0,0,0,0,0,100,0,0,0,0,0,0,0,0,0,0,100,0,0,0,0,0,0,0,0,0,0,100,0,0,0,0,0,0,0,0.13115,0.18033,0.68852,0,0,1,0,0,0,0,1,0,0,0
0,0,0,0,0,100,0,0,0,0,0,0,0,0,0,0,100,0,0,0,0,0,0,0,0,0,0,100,0,0,0,0,0,0,0,0,0.04878,0.95122,0,0,1,0,0,0,0,1,0,0,0
0,0,0,0,0,100,0,0,0,0,0,0,0,0,0,0,100,0,0,0,0,0,0,0,0,0,0,100,0,0,0,0,0,0,0,0.035714,0.16071,0.80357,0,0,1,0,0,0,0,1,0,0,0
0,0,0,0,0,100,0,0,0,0,0,0,0,0,0,0,100,0,0,0,0,0,0,0,0,0,0,100,0,0,0,0,0,0,0,0.028571,0.18571,0.78571,0,0,1,0,0,0,0,1,0,0,0
0,0,0,0,0,100,0,0,0,0,0,0,0,0,0,0,100,0,0,0,0,0,0,0,0,0,0,100,0,0,0,0,0,0,0,0,0.24242,0.75758,0,0,1,0,0,0,0,1,0,0,0
0,0,17.271,15.315,2.913,21.22,22.65,0,8.2285,9.6452,2.7577,0,1.8249,12.918,4.2908,18.383,17.523,11.024,12.111,4.7142,10.515,6.6954,1.8249,17.271,0,36.523,0,0,2.913,6.3214,12.111,13.272,9.7627,0.52381,0.47619,0,0,0,0,0,1,0,0,0,0,0.71429,0.28571,0,0
0,44.923,0,0,0,55.077,0,0,0,0,0,0,0,0,0,28.763,55.077,0,0,0,16.159,0,17.97,10.793,16.159,0,0,47.9,0,0,7.1776,0,0,0,1,0,0,0,0,0,1,0,0,0,0,0,1,0,0
0,5.9986,0,0,0,94.001,0,0,0,0,0,0,0,0,0,2.7801,94.001,0,0,0,3.2185,0,0,2.7801,3.2185,0,0,91.221,0,0,2.7801,0,0,0,1,0,0,0,0,0,1,0,0,0,0,0,1,0,0
0,5.938,0,0,0,94.062,0,0,0,0,0,0,0,0,0,5.938,94.062,0,0,0,0,0,0,5.938,0,0,0,88.124,0,0,5.938,0,0,0,1,0,0,0,0,0,0.96429,0.035714,0,0,0,0,1,0,0
0,0,0,0,0,100,0,0,0,0,0,0,0,0,0,0,100,0,0,0,0,0,0,0,0,0,0,100,0,0,0,0,0,0,1,0,0,0,0,0,1,0,0,0,0,0,1,0,0
0,39.073,0,0,0,60.927,0,0,0,0,0,0,11.39,0,0,0,60.927,0,0,0,16.292,11.39,0,1.9738,37.1,0,0,60.927,0,0,0,0,0,0,1,0,0,0,0,0,1,0,0,0,0,0,1,0,0
0,26.978,0,0,0,73.022,0,0,0,0,0,0,13.489,0,0,0,73.022,0,0,0,8.8293,4.6599,0,4.6599,22.319,0,0,73.022,0,0,0,0,0,0,1,0,0,0,0,0,0.98507,0.014925,0,0,0,0,1,0,0
0,0,0,0,0,100,0,0,0,0,0,0,0,0,0,0,100,0,0,0,0,0,0,0,0,0,0,100,0,0,0,0,0,0,1,0,0,0,0,0,1,0,0,0,0,0,1,0,0
0,0,8.5264,0,9.9633,49.672,0,0,9.7062,22.133,0,0,13.883,0,12.78,2.8933,43.705,7.0699,9.9633,0,3.9963,5.7099,2.8165,5.7099,0,0,0,39.708,9.9633,9.9633,15.063,16.776,0,0,1,0,0,0,0,0,1,0,0,0,0,0,1,0,0
0,0,0,0,0,100,0,0,0,0,0,0,0,0,0,0,100,0,0,0,0,0,0,0,0,0,0,100,0,0,0,0,0,0,1,0,0,0,0,0,1,0,0,0,0,0,1,0,0
0,0,0,0,3.8105,60.161,0,0,11.103,24.926,0,3.3341,3.8105,0,14.913,6.908,45.643,7.5391,14.519,0,3.3341,0,0,0,0,0,0,38.269,25.227,3.8105,7.1446,25.55,0,0,1,0,0,0,0,0,1,0,0,0,0,0,1,0,0
0,0,5.6997,0,5.6997,54.495,0,0,23.289,10.817,0,0,2.8992,0,20.389,5.6997,42.024,5.0188,15.371,0,2.8992,5.6997,0,5.6997,0,0,0,29.454,25.041,5.6997,5.7984,28.307,0,0,1,0,0,0,0,0,1,0,0,0,0,0,1,0,0
0,0,8.3109,0,8.1336,47.857,0,0,11.039,24.659,0,0,13.797,0,19.173,8.4777,22.768,19.542,8.1336,0,0,8.1085,5.6637,2.6472,0,0,0,22.768,25.089,13.595,8.1336,22.104,0,0,1,0,0,0,0,0,1,0,0,0,0,0.030769,0.96923,0,0
0,0,0,0,0,69.896,0,0,9.9404,20.164,0,5.8215,2.7139,0,7.2265,8.9145,65.383,0,7.2265,0,2.7139,0,0,0,0,0,0,55.443,20.274,0,5.4279,18.855,0,0.02439,0.97561,0,0,0,0,0,1,0,0,0,0,0.073171,0.92683,0,0
0,0,0,0,0,100,0,0,0,0,0,0,0,0,0,0,100,0,0,0,0,0,0,0,0,0,0,100,0,0,0,0,0,0,1,0,0,0,0,0,1,0,0,0,0,0,1,0,0
0,0,12.45,0,0,87.55,0,0,0,0,0,0,0,0,0,12.45,87.55,0,0,0,0,0,0,0,0,0,0,87.55,0,0,0,0,12.45,0,1,0,0,0,0,0,1,0,0,0,0,0,1,0,0
0,0,8.3753,0,0,91.625,0,0,0,0,0,0,0,0,0,8.3753,91.625,0,0,0,0,0,0,0,0,0,0,91.625,0,0,0,0,8.3753,0,1,0,0,0,0,0,1,0,0,0,0,0,1,0,0
0,0,5.3449,0,0,94.655,0,0,0,0,0,0,0,0,0,10.69,78.62,10.69,0,0,0,0,0,0,0,5.3449,10.69,78.62,0,0,0,0,5.3449,0,1,0,0,0,0,0,1,0,0,0,0,0,1,0,0
0,0,3.6334,0,0,89.208,0,0,7.1587,0,0,0,0,0,0,7.2667,78.308,7.2667,0,0,0,7.1587,0,0,0,8.7682,12.402,68.038,0,0,0,7.1587,3.6334,0,0.2,0.071429,0.24286,0.48571,0,0,1,0,0,0,0,0.8,0.2,0,0
0,0,0,0,0,100,0,0,0,0,0,0,0,0,0,4.3107,95.689,0,0,0,0,0,0,0,0,2.9876,7.2983,89.714,0,0,0,0,0,0,0,0,0.078947,0.92105,0,0,1,0,0,0,0,1,0,0,0
0,0,8.2106,0,0,91.789,0,0,0,0,0,0,0,0,0,20.108,57.39,22.502,0,0,0,0,0,0,0,8.2106,26.189,51.308,6.0812,0,0,0,8.2106,0,0,0.14035,0.15789,0.70175,0,0,1,0,0,0,0,1,0,0,0
0,0,0,0,0,100,0,0,0,0,0,0,0,0,0,0,92.153,7.8466,0,0,0,0,0,0,0,3.5999,11.447,77.107,7.8466,0,0,0,0,0,0,0,0.09375,0.90625,0,0,1,0,0,0,0,1,0,0,0
0,0,0,0,0,87.54,0,0,2.7394,9.7208,0,0,2.7394,0,0,4.242,90.279,0,0,0,2.7394,0,0,0,0,0,0,87.54,0,0,5.4788,6.9814,0,0,1,0,0,0,0,0,1,0,0,0,0,0,1,0,0
0,0,0,0,0,61.832,0,0,2.7028,35.465,0,13.495,2.7028,0,0,8.2823,56.253,0,8.2823,0,10.985,0,0,0,0,0,0,53.55,21.777,0,13.688,10.985,0,0,1,0,0,0,0,0,1,0,0,0,0,0,1,0,0
0,0,0,0,0,72.467,0,0,0,27.533,0,6.9463,0,0,0,13.641,65.52,0,6.9463,0,6.9463,0,0,0,0,0,0,65.52,13.893,0,6.9463,13.641,0,0,1,0,0,0,0,0,1,0,0,0,0,0.066667,0.93333,0,0
0,0,3.3345,0,0,96.665,0,0,0,0,0,0,0,0,0,6.669,71.752,21.579,0,0,0,0,0,0,0,6.1083,24.353,51.295,14.91,0,0,0,3.3345,0,0,0.06,0.16,0.78,0,0,1,0,0,0,0,1,0,0,0
0,0,0,0,0,100,0,0,0,0,0,0,0,0,0,0,100,0,0,0,0,0,0,0,0,0,0,100,0,0,0,0,0,0,0,0,0.32,0.68,0,0,1,0,0,0,0,1,0,0,0
0,0,0,0,0,100,0,0,0,0,0,0,0,0,0,0,100,0,0,0,0,0,0,0,0,0,0,100,0,0,0,0,0,0,0,0.042857,0.3,0.65714,0,0,1,0,0,0,0,1,0,0,0
0,0,0,0,0,100,0,0,0,0,0,0,0,0,0,0,100,0,0,0,0,0,0,0,0,0,0,100,0,0,0,0,0,0,0,0.015152,0.30303,0.68182,0,0,1,0,0,0,0,1,0,0,0
0,0,0,0,0,100,0,0,0,0,0,0,0,0,0,0,100,0,0,0,0,0,0,0,0,0,0,100,0,0,0,0,0,0,0,0.070175,0.15789,0.77193,0,0,1,0,0,0,0,1,0,0,0
0,0,16.071,8.1133,0,62.54,0,11.463,1.8131,0,0,10.328,3.6144,1.8131,0,8.9166,56.584,1.8013,0,1.8131,0,15.129,8.3764,15.342,8.3645,5.3649,5.4276,37.803,17.508,0,0,0,1.8131,0,1,0,0,0,0,0,1,0,0,0,0,0,1,0,0
0,0,0,0,0,92.612,0,0,7.3883,0,0,0,0,0,7.3883,7.3883,85.223,0,0,0,0,0,0,0,0,0,7.3883,85.223,0,0,0,0,7.3883,0.51429,0.48571,0,0,0,0,0,1,0,0,0,0,0.68571,0.31429,0,0
0,3.7882,16.081,0,0,62.46,0,0,3.4928,14.178,0,0,20.664,0,0,0,53.364,4.5479,0,5.3426,3.4928,12.588,0,17.931,8.0406,3.7882,4.5479,38.926,9.0957,0,17.671,0,0,0.72727,0.27273,0,0,0,0,0,1,0,0,0,0,0.83636,0.16364,0,0
0,0,0,0,0,100,0,0,0,0,0,0,0,0,0,0,100,0,0,0,0,0,0,0,0,0,0,100,0,0,0,0,0,0,0,0,0.023256,0.97674,0,0,1,0,0,0,0,1,0,0,0
0,5.328,22.739,8.2791,0,36.841,2.718,12.306,4.9058,6.8828,0,16.642,5.5037,6.559,1.359,11.191,34.785,4.2728,6.8828,6.559,0,6.246,2.7219,24.311,26.216,6.559,3.8209,25.702,1.4909,4.2728,0,1.359,3.5468,0.030769,0.96923,0,0,0,0,0,1,0,0,0,0,0.96923,0.030769,0,1
0,0,0,0,0,100,0,0,0,0,0,0,0,0,0,0,100,0,0,0,0,0,0,0,0,0,0,100,0,0,0,0,0,0,1,0,0,0,0,0,1,0,0,0,0,0,1,0,0
0,0,37.297,10.942,25.868,10.007,15.887,0,0,0,0,2.2165,0,7.79,12.735,18.962,35.131,8.4436,5.996,6.5084,0,2.2165,1.563,0,2.2165,4.9455,7.162,6.227,3.7795,3.7795,18.078,40.142,12.108,0,1,0,0,0,0,0,1,0,0,0,0,1,0,0,1
0,30.316,5.502,0,0,36.594,11.733,4.5025,11.353,0,0,8.4278,16.235,0,7.4275,8.2323,28.362,0,13.309,3.9253,14.081,0,1.5767,0,34.241,11.733,6.6556,29.938,0,0,4.5025,3.9253,7.4275,0.94595,0.054054,0,0,0,0,0,1,0,0,0,0,0.97297,0.027027,0,0
1.6186,6.5181,30.503,0.56336,0,23.925,5.7968,11.341,8.576,11.158,0,13.735,7.9318,11.768,13.348,8.7439,18.454,5.9818,7.7059,11.768,0,0.56336,0.56336,21.135,28.223,7.0814,5.6437,7.2322,10.681,5.7499,0,13.127,0.56336,0.83871,0.064516,0.096774,0,0,0,0,1,0,0,0,0,0.8871,0.1129,0,1
0,1.877,50.47,2.6952,10.084,19.375,0,12.805,2.6952,0,0,0,0,1.877,11.961,15.474,25.704,20.219,0,15.621,4.5722,4.5722,2.6952,34.849,30.303,10.084,0,9.2913,10.084,0,0,0,2.6952,0.51613,0.22581,0.25806,0,0,0,0,1,0,0,0,0,1,0,0,0
0,1.0789,44.37,6.0181,5.8363,21.204,0,17.405,4.0879,0,0,0,0,2.0368,6.8086,17.872,21.129,26.861,4.0879,11.098,3.009,7.0969,5.0458,31.128,31.619,3.7995,6.018,11.387,4.7574,0,0,2.1578,4.0879,0.57143,0.42857,0,0,0,0,0,1,0,0,0,0,0.71429,0.28571,0,1
0,0,24.103,16.086,20.109,22.507,10.835,3.7304,2.6287,0,0,3.2778,3.9865,9.7293,7.6216,13.02,30.263,11.905,6.8974,10.021,0,3.2778,1.1017,6.3591,3.2778,2.1399,4.316,10.217,12.29,2.1761,22.168,29.073,6.8813,0.1875,0.8125,0,0,0,0,0,1,0,0,0,0,1,0,0,1
0,0,4.6466,5.2881,0,80.772,0,0,4.6466,4.6466,0,0,4.6466,4.6466,0,6.5973,49.017,25.158,0,4.6466,0,5.2881,0,9.9347,0,0,9.9347,52.71,18.128,4.6466,4.6466,0,0,0,0,0,0.3662,0.6338,0,0,1,0,0,0,0,1,0,0,0
0,0,0,0,0,100,0,0,0,0,0,0,0,0,0,0,100,0,0,0,0,0,0,0,0,0,0,100,0,0,0,0,0,0,0,0,0.039216,0.96078,0,0,1,0,0,0,0,1,0,0,0
0,0,0,0,0,100,0,0,0,0,0,0,0,0,0,0,100,0,0,0,0,0,0,0,0,0,0,100,0,0,0,0,0,0,0,0,0,1,0,0,1,0,0,0,0,1,0,0,0
0,0,0,0,0,100,0,0,0,0,0,0,0,0,0,0,100,0,0,0,0,0,0,0,0,0,0,100,0,0,0,0,0,0,0,0,0.29545,0.70455,0,0,1,0,0,0,0,1,0,0,0
0,0,0,0,0,100,0,0,0,0,0,0,0,0,0,0,100,0,0,0,0,0,0,0,0,0,0,100,0,0,0,0,0,0,0,0,0.20755,0.79245,0,0,1,0,0,0,0,1,0,0,0
0,0,0,0,0,73.933,0,0,26.067,0,0,0,13.034,0,0,0,73.933,0,0,0,0,13.034,0,0,0,0,0,73.933,0,0,13.034,13.034,0,1,0,0,0,0,0,0,1,0,0,0,0,1,0,0,0
0,0,0,0,0,100,0,0,0,0,0,0,0,0,0,0,100,0,0,0,0,0,0,0,0,0,0,100,0,0,0,0,0,0,0,0.054054,0.40541,0.54054,0,0,1,0,0,0,0,1,0,0,0
0,0,0,0,0,100,0,0,0,0,0,0,0,0,0,0,100,0,0,0,0,0,0,0,0,0,0,100,0,0,0,0,0,0,0,0.026316,0.26316,0.71053,0,0,1,0,0,0,0,1,0,0,0
0,0,0,0,0,100,0,0,0,0,0,0,0,0,0,0,100,0,0,0,0,0,0,0,0,0,0,100,0,0,0,0,0,0,0,0.090909,0.22727,0.68182,0,0,1,0,0,0,0,1,0,0,0
0,0,0,0,0,100,0,0,0,0,0,0,0,0,0,0,100,0,0,0,0,0,0,0,0,0,0,100,0,0,0,0,0,0,0,0.17073,0.31707,0.5122,0,0,1,0,0,0,0,1,0,0,0
0,0,0,0,0,100,0,0,0,0,0,0,0,0,0,0,100,0,0,0,0,0,0,0,0,0,0,100,0,0,0,0,0,0,0,0.019231,0.23077,0.75,0,0,1,0,0,0,0,1,0,0,0
0,0,0,0,0,100,0,0,0,0,0,0,0,0,0,0,100,0,0,0,0,0,0,0,0,0,0,100,0,0,0,0,0,0,0,0.10638,0.17021,0.7234,0,0,1,0,0,0,0,1,0,0,0
0,0,0,0,0,78.769,0,0,21.231,0,0,0,6.0662,9.099,0,0,78.769,0,0,0,0,6.0662,0,0,0,0,0,78.769,0,0,6.0662,6.0662,9.099,0.98667,0.013333,0,0,0,0,0,1,0,0,0,0,1,0,0,0
0,0,0,0,0,100,0,0,0,0,0,0,0,0,0,0,100,0,0,0,0,0,0,0,0,0,0,100,0,0,0,0,0,0,0,0.02439,0.46341,0.5122,0,0,1,0,0,0,0,1,0,0,0
0,0,0,0,0,100,0,0,0,0,0,0,0,0,0,0,100,0,0,0,0,0,0,0,0,0,0,100,0,0,0,0,0,0,0,0,0.31373,0.68627,0,0,1,0,0,0,0,1,0,0,0
0,0,0,0,0,76.487,0,0,23.513,0,0,0,11.756,0,0,0,76.487,0,0,11.756,0,0,0,0,0,0,0,76.487,0,0,0,23.513,0,0.94737,0.052632,0,0,0,0,0,1,0,0,0,0,1,0,0,0
0,0,0,0,0,72.204,0,0,27.796,0,0,0,13.898,0,0,0,72.204,0,0,7.4551,0,6.4427,0,0,0,0,0,72.204,0,0,0,27.796,0,0,0,0.081081,0.37838,0.54054,0,0,1,0,0,0,0,1,0,0,0
0,0,0,0,0,100,0,0,0,0,0,0,0,0,0,0,100,0,0,0,0,0,0,0,0,0,0,100,0,0,0,0,0,0,0,0.17647,0.20588,0.61765,0,0,1,0,0,0,0,1,0,0,0
0,0,0,0,0,100,0,0,0,0,0,0,0,0,0,0,100,0,0,0,0,0,0,0,0,0,0,100,0,0,0,0,0,0,0,0.090909,0.15152,0.75758,0,0,1,0,0,0,0,1,0,0,0
0,0,0,0,0,100,0,0,0,0,0,0,0,0,0,0,100,0,0,0,0,0,0,0,0,0,0,100,0,0,0,0,0,0,0,0,0,1,0,0,1,0,0,0,0,1,0,0,0
0,0,0,0,0,100,0,0,0,0,0,0,0,0,0,0,100,0,0,0,0,0,0,0,0,0,0,100,0,0,0,0,0,0,0,0,0.022222,0.97778,0,0,1,0,0,0,0,1,0,0,0
0,0,0,0,0,100,0,0,0,0,0,0,0,0,0,0,100,0,0,0,0,0,0,0,0,0,0,100,0,0,0,0,0,0,0,0,0,1,0,0,1,0,0,0,0,1,0,0,0
0,0,0,0,0,100,0,0,0,0,0,0,0,0,0,0,100,0,0,0,0,0,0,0,0,0,0,100,0,0,0,0,0,0.041667,0,0.083333,0.041667,0.83333,0,0,1,0,0,0,0,1,0,0,0
0,0,0,0,0,100,0,0,0,0,0,0,0,0,0,0,100,0,0,0,0,0,0,0,0,0,0,100,0,0,0,0,0,0,1,0,0,0,0,0,1,0,0,0,0,0,1,0,0
6.1452,8.7613,10.528,3.9048,7.4944,22.73,0,3.2677,15.923,9.4316,11.813,21.208,1.3817,8.7613,1.3817,21.879,36.305,0,0,0,1.3817,7.7015,4.1119,15.7,7.6835,1.3817,0,18.826,8.0167,3.5896,13.64,14.907,12.144,0,0,0.2,0.8,0,0,0,1,0,0,0,0,1,0,0,1
0,0,18.659,0,0,70.367,0,0,10.975,0,0,3.6582,3.6582,0,0,0,52.775,17.592,7.3164,0,11.342,3.6582,7.3164,0,3.6582,0,0,52.775,17.592,0,0,3.6582,15,0.83333,0.16667,0,0,0,0,0,1,0,0,0,0,0.94444,0.055556,0,0
0,0,16.074,0,0,76.621,0,0,7.305,0,0,2.435,11.204,0,0,0,71.225,5.3964,4.87,0,2.435,2.435,4.87,0,2.435,0,0,58.428,18.193,0,0,2.435,13.639,0.88889,0.11111,0,0,0,0,0,1,0,0,0,0,1,0,0,0
0,0,12.412,0,32.172,33.213,0,0,2.7285,19.474,0,0,10.807,9.4115,0,0,45.167,2.0777,27.473,2.434,2.6295,0,2.6295,9.783,0,0,1.0389,29.445,2.7285,9.4115,20.869,24.094,0,0,0.98305,0,0,0.016949,0,0,1,0,0,0,0,1,0,0,0
0,22.237,21.084,0,0,56.679,0,0,0,0,0,0,4.4397,0,13.358,7.7265,56.679,0,0,0,0,17.797,7.7265,17.797,0,17.797,0,56.679,0,0,0,0,0,0.725,0.275,0,0,0,0,0,1,0,0,0,0,0.725,0.275,0,0
0,50,0,0,0,50,0,0,0,0,0,0,25,0,0,0,50,0,0,0,15.329,9.6713,0,0,50,0,0,50,0,0,0,0,0,0.73529,0.26471,0,0,0,0,0,1,0,0,0,0,0.76471,0.23529,0,0
0,33.313,2.7115,8.1345,0,37.124,0,0,3.5984,15.119,0,2.7115,14.232,11.783,0,9.0214,22.629,8.1844,11.521,13.607,0,6.3099,0,14.232,21.792,0,12.62,6.9349,2.7115,23.304,3.3366,15.069,0,0,0.88571,0.11429,0,0,0,0,0.85714,0.14286,0,0,0,0,1,0,0
0,0,13.924,0,0,70.58,0,0,11.229,4.267,0,0,6.9622,0,11.229,0,70.58,4.267,0,0,0,6.9622,6.9622,6.9622,0,0,0,70.58,0,0,0,15.496,0,0,1,0,0,0,0,0,1,0,0,0,0,0,1,0,0
0,0,0,4.0703,5.3799,76.018,14.532,0,0,0,0,0,14.532,0,0,0,61.485,18.602,0,0,5.3799,0,0,5.3799,0,0,19.912,56.105,0,0,4.0703,14.532,0,0.6875,0.3125,0,0,0,0,0,1,0,0,0,0,0.71875,0.28125,0,0
0,0,0,0,0,100,0,0,0,0,0,0,0,0,0,0,100,0,0,0,0,0,0,0,0,0,0,100,0,0,0,0,0,0,0,0.014085,0.29577,0.69014,0,0,1,0,0,0,0,1,0,0,0
0,0,0,0,0,100,0,0,0,0,0,0,0,0,0,0,100,0,0,0,0,0,0,0,0,0,0,100,0,0,0,0,0,0,0,0,0.22034,0.77966,0,0,1,0,0,0,0,1,0,0,0
0,0,0,0,0,100,0,0,0,0,0,0,0,0,0,0,100,0,0,0,0,0,0,0,0,0,0,100,0,0,0,0,0,0,0,0.044444,0.33333,0.62222,0,0,1,0,0,0,0,1,0,0,0
0,0,0,0,0,100,0,0,0,0,0,0,0,0,0,0,100,0,0,0,0,0,0,0,0,0,0,100,0,0,0,0,0,0,0,0.018519,0.18519,0.7963,0,0,1,0,0,0,0,1,0,0,0
0,0,0,0,0,100,0,0,0,0,0,0,0,0,0,0,100,0,0,0,0,0,0,0,0,0,0,100,0,0,0,0,0,0,0,0.018182,0.18182,0.8,0,0,1,0,0,0,0,1,0,0,0
0,0,0,0,9.7327,33.47,0,0,5.6463,51.151,0,6.7978,15.379,0,9.7327,6.7978,22.585,9.7327,16.53,0,12.444,0,0,0,0,0,0,16.939,23.328,9.7327,27.823,22.177,0,0.061224,0.93878,0,0,0,0,0,1,0,0,0,0,0.10204,0.89796,0,0
0,0,0,0,0,100,0,0,0,0,0,0,0,0,0,0,100,0,0,0,0,0,0,0,0,0,0,100,0,0,0,0,0,0,0,0.13333,0.2,0.66667,0,0,1,0,0,0,0,1,0,0,0
0,0,0,0,0,100,0,0,0,0,0,0,0,0,0,0,100,0,0,0,0,0,0,0,0,0,0,100,0,0,0,0,0,0,0,0.28571,0.21429,0.5,0,0,1,0,0,0,0,1,0,0,0
0,0,0,0,0,100,0,0,0,0,0,0,0,0,0,0,100,0,0,0,0,0,0,0,0,0,0,100,0,0,0,0,0,0,0,0.051282,0.33333,0.61538,0,0,1,0,0,0,0,1,0,0,0
0,0,0,0,0,100,0,0,0,0,0,0,0,0,0,0,100,0,0,0,0,0,0,0,0,0,0,100,0,0,0,0,0,0,0,0,0,1,0,0,1,0,0,0,0,1,0,0,0
0,0,0,16.458,16.458,67.085,0,0,0,0,0,0,0,0,16.458,0,67.085,0,0,0,16.458,0,0,0,0,0,0,67.085,0,16.458,0,16.458,0,0,1,0,0,0,0,0,1,0,0,0,0,0,1,0,0
0,0,0,0,46.593,53.407,0,0,0,0,0,0,0,15.143,23.297,0,15.143,7.9794,0,38.439,0,0,0,0,0,0,7.9794,0,53.407,23.297,15.317,0,0,0,0.97143,0,0,0.028571,0,0,1,0,0,0,0,0.4,0.6,0,0
0,0,2.9763,7.0153,0,30.921,37.897,18.214,0,0,2.9763,12.968,2.9763,16.184,0,13.208,32.266,11.199,0,0,0,11.199,7.0153,10.252,2.9763,14.175,23.481,20.93,4.9855,2.9763,0,0,13.208,0.037037,0.96296,0,0,0,0,0,1,0,0,0,0,0.22222,0.77778,0,0
0,0,28.084,11.151,22.301,10.258,0,7.6907,0,20.516,0,0,17.056,18.841,0,0,28.206,17.948,3.46,0,14.488,0,0,28.977,6.7978,0,0,10.258,0,14.611,17.948,21.408,0,0,1,0,0,0,0,0,1,0,0,0,0,0,1,0,0
0,0,10.568,0,22.263,43.295,0,0,11.824,12.05,0,0,11.937,8.0739,0,0,45.546,8.1953,22.15,4.0977,0,0,0,10.568,0,0,4.0977,35.099,4.0977,8.0739,15.914,22.15,0,0,1,0,0,0,0,0,1,0,0,0,0,1,0,0,0
0,0,16.699,0,0,66.697,0,0,8.3023,8.3023,0,0,0,0,0,0,66.697,0,24.907,0,8.3963,0,8.3963,8.3023,0,0,0,45.896,20.801,0,8.3023,8.3023,0,0,0.84615,0.076923,0,0.076923,0,0,1,0,0,0,0,1,0,0,0
0.67295,0,27.542,14.551,8.8644,22.508,1.2747,5.4677,14.48,3.9662,0.67295,4.9928,5.8526,1.848,9.3602,13.861,17.859,16.47,5.4677,12.168,3.5076,8.613,10.617,16.186,10.163,0.67295,5.0409,6.7386,4.8659,6.7624,11.556,23.265,4.132,0,0.40741,0.59259,0,0,0,0,0.037037,0.96296,0,0,0,0,1,0,1
0,0,0,5.7024,5.5015,70.468,0,0,0,0,18.328,0,5.7024,0,0,18.328,70.468,0,0,0,0,5.5015,0,0,0,0,0,70.468,18.328,0,0,5.5015,5.7024,0,0.17544,0.54386,0.19298,0.087719,0,0,1,0,0,0,0,1,0,0,0
0,0,0,0,0,80.564,0,0,0,19.436,0,11.678,0,0,0,7.7581,80.564,0,0,0,0,0,0,0,0,0,0,80.564,11.678,0,0,7.7581,0,0,1,0,0,0,0,0,1,0,0,0,0,0,1,0,0
0,0,5.3554,0,0,94.645,0,0,0,0,0,0,0,0,0,10.711,63.95,25.339,0,0,0,0,0,0,0,7.8072,27.791,44.419,14.628,0,0,0,5.3554,0,0.57143,0.14286,0.14286,0.14286,0,0,1,0,0,0,0,0.42857,0.57143,0,0
