h1,h2,h3,h4,h5,h6,h7,h8,h9,h10,h11,h12,h13,h14,h15,h16,h17,h18,h19,h20,h21,h22,h23,h24,h25,h26,h27,h28,h29,h30,h31,h32,h33,h34,h35,h36,h37,h38,h39,h40,h41,h42,h43,h44,h45,h46,h47,h48,label
0,0,0,0,0,100,0,0,0,0,0,0,0,0,0,0,100,0,0,0,0,0,0,0,0,0,0,100,0,0,0,0,0,0,0,0,0,1,0,0,1,0,0,0,0,1,0,0,0
0,0,0,0,0,100,0,0,0,0,0,0,0,0,0,0,100,0,0,0,0,0,0,0,0,0,0,100,0,0,0,0,0,0,0,0,0,1,0,0,1,0,0,0,0,1,0,0,0
0,0,0,0,0,100,0,0,0,0,0,0,0,0,0,0,100,0,0,0,0,0,0,0,0,0,0,100,0,0,0,0,0,0,0,0,0,1,0,0,1,0,0,0,0,1,0,0,0
0,0,0,0,0,100,0,0,0,0,0,0,0,0,0,0,100,0,0,0,0,0,0,0,0,0,0,100,0,0,0,0,0,0,0,0.011905,0,0.9881,0,0,1,0,0,0,0,1,0,0,0
0,0,0,0,0,100,0,0,0,0,0,0,0,0,0,0,100,0,0,0,0,0,0,0,0,0,0,100,0,0,0,0,0,0,0,0,0,1,0,0,1,0,0,0,0,1,0,0,0
0,0,0,0,0,100,0,0,0,0,0,0,0,0,0,0,100,0,0,0,0,0,0,0,0,0,0,100,0,0,0,0,0,0,0,0,0,1,0,0,1,0,0,0,0,1,0,0,0
0,0,0,0,0,100,0,0,0,0,0,0,0,0,0,0,100,0,0,0,0,0,0,0,0,0,0,100,0,0,0,0,0,0,0,0,0,1,0,0,1,0,0,0,0,1,0,0,0
0,0,0,0,0,100,0,0,0,0,0,0,0,0,0,0,100,0,0,0,0,0,0,0,0,0,0,100,0,0,0,0,0,0,0,0,0,1,0,0,1,0,0,0,0,1,0,0,0
0,0,0,0,0,100,0,0,0,0,0,0,0,0,0,0,100,0,0,0,0,0,0,0,0,0,0,100,0,0,0,0,0,0,0,0.014085,0.16901,0.8169,0,0,1,0,0,0,0,1,0,0,0
0,0,0,0,0,100,0,0,0,0,0,0,0,0,0,0,100,0,0,0,0,0,0,0,0,0,0,100,0,0,0,0,0,0,0,0,0,1,0,0,1,0,0,0,0,1,0,0,0
0,0,0,0,0,100,0,0,0,0,0,0,0,0,0,0,100,0,0,0,0,0,0,0,0,0,0,100,0,0,0,0,0,0,0,0,0,1,0,0,1,0,0,0,0,1,0,0,0
0,0,0,0,0,100,0,0,0,0,0,0,0,0,0,0,100,0,0,0,0,0,0,0,0,0,0,100,0,0,0,0,0,0,0,0,0,1,0,0,1,0,0,0,0,1,0,0,0
0,0,0,0,0,100,0,0,0,0,0,0,0,0,0,0,100,0,0,0,0,0,0,0,0,0,0,100,0,0,0,0,0,0,0,0,0,1,0,0,1,0,0,0,0,1,0,0,0
0,0,0,0,7.2761,92.724,0,0,0,0,0,0,0,0,0,10.025,82.699,7.2761,0,0,0,0,0,0,0,0,0,82.699,17.301,0,0,0,0,0,0,0,0,1,0,0,1,0,0,0,0,1,0,0,0
0,0,0,0,32.433,67.567,0,0,0,0,0,0,0,0,0,25.668,41.899,32.433,0,0,0,0,0,0,0,0,0,41.899,58.101,0,0,0,0,0,0,0,0,1,0,0,1,0,0,0,0,1,0,0,0
0,0,0,0,0,100,0,0,0,0,0,0,0,0,0,0,100,0,0,0,0,0,0,0,0,0,0,100,0,0,0,0,0,0,0,0,0,1,0,0,1,0,0,0,0,1,0,0,0
0,0,0,0,0,100,0,0,0,0,0,0,0,0,0,0,100,0,0,0,0,0,0,0,0,0,0,100,0,0,0,0,0,0,0,0,0,1,0,0,1,0,0,0,0,1,0,0,0
0,0,0,0,0,100,0,0,0,0,0,0,0,0,0,0,100,0,0,0,0,0,0,0,0,0,0,100,0,0,0,0,0,0,0,0,0,1,0,0,1,0,0,0,0,1,0,0,0
0,0,0,0,0,100,0,0,0,0,0,0,0,0,0,0,100,0,0,0,0,0,0,0,0,0,0,100,0,0,0,0,0,0,0,0,0,1,0,0,1,0,0,0,0,1,0,0,0
0,0,0,0,0,100,0,0,0,0,0,0,0,0,0,0,100,0,0,0,0,0,0,0,0,0,0,100,0,0,0,0,0,0,0,0,0,1,0,0,1,0,0,0,0,1,0,0,0
0,0,0,0,0,100,0,0,0,0,0,0,0,0,0,0,100,0,0,0,0,0,0,0,0,0,0,100,0,0,0,0,0,0,0,0,0,1,0,0,1,0,0,0,0,1,0,0,0
0,0,0,0,0,100,0,0,0,0,0,0,0,0,0,0,100,0,0,0,0,0,0,0,0,0,0,100,0,0,0,0,0,0,0,0,0,1,0,0,1,0,0,0,0,1,0,0,0
0,0,0,0,0,100,0,0,0,0,0,0,0,0,0,0,100,0,0,0,0,0,0,0,0,0,0,100,0,0,0,0,0,0,0,0,0,1,0,0,1,0,0,0,0,1,0,0,0
0,0,0,0,0,100,0,0,0,0,0,0,0,0,0,0,100,0,0,0,0,0,0,0,0,0,0,100,0,0,0,0,0,0,0,0,0,1,0,0,1,0,0,0,0,1,0,0,0
0,0,0,0,0,100,0,0,0,0,0,0,0,0,0,0,100,0,0,0,0,0,0,0,0,0,0,100,0,0,0,0,0,0,0,0,0,1,0,0,1,0,0,0,0,1,0,0,0
0,0,0,0,0,100,0,0,0,0,0,0,0,0,0,0,100,0,0,0,0,0,0,0,0,0,0,100,0,0,0,0,0,0,0,0,0,1,0,0,1,0,0,0,0,1,0,0,0
0,0,0,0,0,0,0,0,0,0,0,0,0,0,0,0,0,0,0,0,0,0,0,0,0,0,0,0,0,0,0,0,0,0,0,0,0,1,0,0,1,0,0,0,0,1,0,0,0
0,0,0,0,0,100,0,0,0,0,0,0,0,0,0,0,100,0,0,0,0,0,0,0,0,0,0,100,0,0,0,0,0,0,0,0,0,1,0,0,1,0,0,0,0,1,0,0,0
0,0,0,0,0,100,0,0,0,0,0,0,0,0,0,0,100,0,0,0,0,0,0,0,0,0,0,100,0,0,0,0,0,0,0,0,0,1,0,0,1,0,0,0,0,1,0,0,0
0,0,0,0,0,100,0,0,0,0,0,0,0,0,0,0,100,0,0,0,0,0,0,0,0,0,0,100,0,0,0,0,0,0,0,0,0,1,0,0,1,0,0,0,0,1,0,0,0
0,0,0,0,0,100,0,0,0,0,0,0,0,0,0,0,100,0,0,0,0,0,0,0,0,0,0,100,0,0,0,0,0,0,0,0,0,1,0,0,1,0,0,0,0,1,0,0,0
0,0,0,0,0,100,0,0,0,0,0,0,0,0,0,0,100,0,0,0,0,0,0,0,0,0,0,100,0,0,0,0,0,0,0,0,0,1,0,0,1,0,0,0,0,1,0,0,0
0,0,0,0,17.431,82.569,0,0,0,0,0,0,0,0,0,21.529,66.964,11.507,0,0,0,0,0,0,0,0,0,61.04,38.96,0,0,0,0,0,0,0,0,1,0,0,1,0,0,0,0,1,0,0,0
0,0,0,0,0,100,0,0,0,0,0,0,0,0,0,0,100,0,0,0,0,0,0,0,0,0,0,100,0,0,0,0,0,0,0,0,0,1,0,0,1,0,0,0,0,1,0,0,0
0,0,0,0,20.494,79.506,0,0,0,0,0,0,0,0,0,0,73.5,26.5,0,0,0,0,0,0,0,0,0,79.506,20.494,0,0,0,0,0,0,0,0,1,0,0,1,0,0,0,0,1,0,0,0
0,0,0,0,7.1877,92.812,0,0,0,0,0,0,0,0,0,23.75,69.063,7.1877,0,0,0,0,0,0,0,0,0,69.063,30.937,0,0,0,0,0,0,0,0,1,0,0,1,0,0,0,0,1,0,0,0
0,0,0,0,11.727,88.273,0,0,0,0,0,0,0,0,0,0,86.727,13.273,0,0,0,0,0,0,0,0,0,88.273,11.727,0,0,0,0,0,0,0,0,1,0,0,1,0,0,0,0,1,0,0,0
0,0,0,0,0,100,0,0,0,0,0,0,0,0,0,0,100,0,0,0,0,0,0,0,0,0,0,100,0,0,0,0,0,0,0,0,0,1,0,0,1,0,0,0,0,1,0,0,0
0,0,0,0,6.9785,93.021,0,0,0,0,0,0,0,0,0,0,91.763,8.237,0,0,0,0,0,0,0,0,0,93.021,6.9785,0,0,0,0,0,0,0,0,1,0,0,1,0,0,0,0,1,0,0,0
0,0,0,0,0,100,0,0,0,0,0,0,0,0,0,0,100,0,0,0,0,0,0,0,0,0,0,100,0,0,0,0,0,0,0,0,0,1,0,0,1,0,0,0,0,1,0,0,0
0,0,0,0,0,100,0,0,0,0,0,0,0,0,0,0,100,0,0,0,0,0,0,0,0,0,0,100,0,0,0,0,0,0,0,0,0,1,0,0,1,0,0,0,0,1,0,0,0
0,0,0,0,19.991,80.009,0,0,0,0,0,0,0,0,0,0,85.545,14.455,0,0,0,0,0,0,0,0,0,80.009,19.991,0,0,0,0,0,0,0,0,1,0,0,1,0,0,0,0,1,0,0,0
0,0,0,0,0,100,0,0,0,0,0,0,0,0,0,0,92.495,7.5046,0,0,0,0,0,0,0,0,0,100,0,0,0,0,0,0,0,0,0,1,0,0,1,0,0,0,0,1,0,0,0
0,0,0,0,0,100,0,0,0,0,0,0,0,0,0,0,100,0,0,0,0,0,0,0,0,0,7.4038,92.596,0,0,0,0,0,0,0,0,0,1,0,0,1,0,0,0,0,1,0,0,0
0,0,0,0,0,100,0,0,0,0,0,0,0,0,0,0,100,0,0,0,0,0,0,0,0,0,3.2769,87.959,8.764,0,0,0,0,0,0,0,0,1,0,0,1,0,0,0,0,1,0,0,0
2.3793,2.3793,10.895,0,2.3793,60.523,0,2.3793,17.168,1.897,0,2.3793,0,0,1.897,31.37,43.179,6.4861,8.5156,0,1.897,4.2763,0,12.792,4.7586,1.897,1.897,30.519,26.209,2.3793,0,13.857,5.691,0,0,0,1,0,0,0,1,0,0,0,0,1,0,0,0
0,0,0,0,0,88.951,0,0,11.049,0,0,0,0,0,0,0,95.486,4.5142,0,0,0,0,0,0,0,0,11.049,68.874,9.0285,0,0,0,11.049,0,0,0,0,1,0,0,1,0,0,0,0,1,0,0,0
0,0,0,0,0,100,0,0,0,0,0,0,0,0,0,9.6184,72.798,17.583,0,0,0,0,0,0,0,0,0,64.834,35.166,0,0,0,0,0,0,0,0,1,0,0,1,0,0,0,0,1,0,0,0
7.2012,6.3779,7.8911,4.3988,13.762,21.614,0,4.3988,26.182,6.914,1.2598,1.6964,0,10.057,0,42.967,16.525,6.3779,0,0,7.6377,14.739,0,7.8911,23.819,0,0,24.163,3.3927,2.9562,6.914,29.167,1.6964,0.38095,0.22222,0.031746,0.079365,0.28571,0,0,1,0,0,0,0,1,0,0,1
0,0,0,0,0,100,0,0,0,0,0,0,0,0,0,15.386,79.107,5.5076,0,0,0,0,0,0,0,0,0,62.995,37.005,0,0,0,0,0,0,0,0,1,0,0,1,0,0,0,0,1,0,0,0
16.543,4.6583,6.9481,6.6017,0,28.575,16.522,1.9773,0,0,18.174,1.9773,6.6357,16.231,11.26,13.55,25.894,1.9773,8.5791,0,6.9481,6.9481,6.6357,4.9707,10.903,3.9547,6.6017,28.887,11.26,11.572,0,13.237,1.9773,0,0,0,0,1,0,0,1,0,0,0,0,1,0,0,0
0,0,0,0,0,88.924,0,0,11.076,0,0,0,0,0,0,6.1858,87.628,6.1858,0,0,0,0,0,0,0,0,4.6568,62.033,22.234,0,0,11.076,0,0,0,0,0,1,0,0,1,0,0,0,0,1,0,0,0
0,0,0,0,0,89.623,0,0,10.377,0,0,0,0,0,0,13.485,62.653,23.862,0,0,0,0,0,0,0,0,0,62.653,26.97,0,0,0,10.377,0,0,0,0,1,0,0,1,0,0,0,0,1,0,0,0
0,0,5.429,0,0,87.054,0,0,7.5175,0,0,0,0,0,0,11.756,82.815,0,5.429,0,0,0,5.429,0,0,0,0,75.298,11.756,0,0,7.5175,0,0,0,0,0,1,0,0,1,0,0,0,0,1,0,0,0
0,0,5.6985,0,0,72.872,0,0,21.43,0,0,5.6985,0,0,0,2.8805,85.723,0,2.8805,0,2.818,0,2.8805,0,2.818,0,0,72.872,0,5.6985,0,3.2767,12.454,0,0,0,0,1,0,0,1,0,0,0,0,1,0,0,0
0,0,15.521,0,6.5356,49.968,0,0,27.975,0,0,19.43,0,0,0,2.8029,45.62,10.091,5.4298,6.5356,10.091,0,5.4298,0,10.091,0,10.091,39.877,0,2.8029,16.627,6.5356,8.5457,0.095238,0,0,0.015873,0.88889,0,0,1,0,0,0,0,1,0,0,0
0,0,0,0,0,79.058,0,0,20.942,0,0,0,0,0,0,0,100,0,0,0,0,0,0,0,0,0,9.2933,69.764,0,0,0,6.5441,14.398,0.11111,0,0,0.027778,0.86111,0,0,1,0,0,0,0,1,0,0,0
0,0,0,0,0,70.83,0,0,29.17,0,0,0,0,0,0,0,100,0,0,0,0,0,0,0,0,0,17.401,53.43,0,0,0,11.769,17.401,0.77174,0,0,0,0.22826,0,0,1,0,0,0,0,1,0,0,0
0,0,0,0,0,69.591,0,0,30.409,0,0,0,0,0,0,0,91.707,8.2933,0,0,0,0,0,0,0,0,6.0095,46.995,16.587,0,0,24.399,6.0095,0.11429,0,0,0.042857,0.84286,0,0,1,0,0,0,0,1,0,0,0
0,0,0,0,0,66.667,0,0,33.333,0,0,0,0,0,0,0,100,0,0,0,0,0,0,0,0,0,0,66.667,0,0,0,24.393,8.9403,0.94595,0,0.018018,0.036036,0,0,0,1,0,0,0,0,1,0,0,0
0,0,0,0,0,73.638,0,0,26.362,0,0,0,0,0,0,11.578,66.241,22.181,0,0,0,0,0,0,0,0,0,62.06,11.578,0,0,4.181,22.181,0.13514,0,0,0,0.86486,0,0,1,0,0,0,0,1,0,0,0
0,0,0,0,0,69.363,0,0,30.637,0,0,0,0,0,0,0,77.453,22.547,0,0,0,0,0,0,0,0,8.0899,61.273,0,0,0,8.0899,22.547,0.91379,0,0,0.017241,0.068966,0,0,1,0,0,0,0,1,0,0,0
0,0,2.9357,0,0,79.877,0,0,17.187,0,0,0,0,0,0,0,92.759,4.3057,2.9357,0,0,0,2.9357,0,0,0,9.4975,70.379,0,0,0,9.4975,7.69,0.11594,0,0.014493,0.014493,0.85507,0,0,1,0,0,0,0,1,0,0,0
0,0,3.6587,0,0,71.025,0,0,25.317,0,0,3.6587,0,0,0,3.6587,80.686,8.3376,3.6587,0,0,0,3.6587,0,0,0,4.1809,66.844,0,3.6587,0,9.6615,11.996,0.88776,0,0,0.081633,0.030612,0,0,1,0,0,0,0,1,0,0,0
0,0,17.711,0,0,59.917,0,0,22.373,0,0,11.908,0,0,0,8.1749,62.206,0,13.977,0,3.7335,0,13.977,0,3.7335,0,0,59.917,0,11.908,0,2.2893,8.1749,0.2,0,0,0,0.8,0,0,1,0,0,0,0,1,0,0,0
0,0,4.72,0,0,78.837,0,0,16.443,0,0,2.4106,0,0,0,6.7564,79.357,6.7564,2.3094,0,2.4106,0,2.3094,0,2.4106,0,9.9748,68.862,0,2.4106,0,3.2184,10.814,1,0,0,0,0,0,0,1,0,0,0,0,1,0,0,0
3.4888,0,24.014,0,6.9776,38.018,0,0,24.014,3.4888,0,24.014,0,0,0,3.4888,15.773,18.756,0,10.466,24.014,3.4888,0,0,24.014,0,18.756,19.262,0,8.7465,25.733,3.4888,0,0.14286,0,0.057143,0.028571,0.77143,0,0,1,0,0,0,0,1,0,0,0
0,0,6.8053,0,15.723,54.943,0,0,22.528,0,0,22.528,0,0,0,6.2682,42.407,6.2682,0,15.723,6.8053,0,0,0,6.8053,0,6.2682,48.675,0,6.8053,15.723,15.723,0,0.75714,0,0.057143,0.12857,0.057143,0,0,1,0,0,0,0,1,0,0,0
7.8362,0,0,0,34.11,25.304,0,0,17.185,2.6202,12.944,4.2653,0,5.2404,27.225,6.6013,4.2653,15.54,0,18.57,10.456,7.8362,0,0,0,0,0,18.703,9.2215,18.293,33.978,19.805,0,0.030303,0,0,0.060606,0.90909,0,0,1,0,0,0,0,1,0,0,0
8.388,8.6318,2.4132,0,22.689,29.168,0,0,9.9303,11.401,7.3795,0,16.609,4.1714,19.357,1.6657,14.561,16.149,0,8.2052,9.1354,10.146,0,4.1714,11.045,0,0,22.583,4.8264,15.11,28.909,13.354,0,0,0,0,0.40625,0.59375,0,0,1,0,0,0,0,1,0,0,0
6.2274,0,0,0,32.216,35.569,0,0,9.8805,6.2274,9.8805,0,0,0,19.761,6.2274,14.671,9.8805,0,43.233,0,6.2274,0,0,0,0,0,6.2274,29.341,6.2274,42.096,16.108,0,0,0,0,0,1,0,0,1,0,0,0,0,1,0,0,0
10.004,0,0,0,33.043,28.819,0,0,5.438,9.0986,13.598,0,0,9.0652,19.378,13.973,0,9.9706,0,27.638,9.9706,10.004,0,0,0,0,0,19.412,13.94,19.975,32.137,14.537,0,0,0,0,0,1,0,0,1,0,0,0,0,1,0,0,0
0,0,0,0,15.125,63.025,21.851,0,0,0,0,0,0,10.925,15.125,15.125,10.925,0,10.925,15.125,10.925,10.925,21.851,0,0,10.925,0,15.125,26.05,10.925,15.125,0,0,0,0,0,0,1,0,0,1,0,0,0,0,1,0,0,0
1.3811,6.7259,2.6875,5.8127,4.4316,30.999,18.996,21.773,4.4316,0,2.7621,6.6513,1.3064,1.3811,4.4316,27.585,22.708,4.0685,5.738,18.172,1.3064,6.6513,15.226,11.158,13.696,19.115,0,0,21.222,8.8633,8.107,1.3064,1.3064,0,0,0,0.011765,0.98824,0,0,1,0,0,0,0,1,0,0,0
0,0,0,0,16.667,50,16.667,16.667,0,0,0,16.667,0,0,0,16.667,50,0,0,0,0,16.667,0,0,0,0,0,33.333,16.667,16.667,16.667,0,16.667,0,0,0,0,1,0,0,1,0,0,0,0,1,0,0,0
0,5.3781,2.6745,1.7686,1.7686,52.282,23.193,11.166,1.7686,0,0,4.9154,5.8116,3.1372,4.9058,12.934,49.579,2.6745,4.443,4.0095,2.6745,4.9154,9.8211,4.0095,12.033,11.599,0,19.272,29.001,3.5372,2.2409,5.8116,2.6745,0,0,0,0,1,0,0,1,0,0,0,0,1,0,0,0
0,0,0,0,0,83.185,0,0,16.815,0,0,0,0,0,0,0,100,0,0,0,0,0,0,0,0,0,0,83.185,0,0,0,0,16.815,0.71605,0,0,0.012346,0.2716,0,0,1,0,0,0,0,1,0,0,0
0,0,0,0,0,100,0,0,0,0,0,0,0,0,0,0,100,0,0,0,0,0,0,0,0,0,0,100,0,0,0,0,0,0.84043,0,0,0,0.15957,0,0,1,0,0,0,0,1,0,0,0
0,0,0,0,0,100,0,0,0,0,0,0,0,0,0,0,100,0,0,0,0,0,0,0,0,0,0,100,0,0,0,0,0,0.84884,0,0,0,0.15116,0,0,1,0,0,0,0,1,0,0,0
0,0,0,0,0,100,0,0,0,0,0,0,0,0,0,0,100,0,0,0,0,0,0,0,0,0,0,100,0,0,0,0,0,0.92982,0,0,0,0.070175,0,0,1,0,0,0,0,1,0,0,0
0,0,0,0,0,100,0,0,0,0,0,0,0,0,0,0,100,0,0,0,0,0,0,0,0,0,0,100,0,0,0,0,0,1,0,0,0,0,0,0,1,0,0,0,0,1,0,0,0
0,0,0,0,0,100,0,0,0,0,0,0,0,0,0,0,100,0,0,0,0,0,0,0,0,0,0,100,0,0,0,0,0,0.88608,0,0.012658,0.063291,0.037975,0,0,1,0,0,0,0,1,0,0,0
0,0,0,0,0,100,0,0,0,0,0,0,0,0,0,0,100,0,0,0,0,0,0,0,0,0,13.613,86.387,0,0,0,0,0,0.88889,0,0,0,0.11111,0,0,1,0,0,0,0,1,0,0,0
0,0,0,0,0,100,0,0,0,0,0,0,0,0,0,0,100,0,0,0,0,0,0,0,0,0,0,100,0,0,0,0,0,0.93182,0,0,0.034091,0.034091,0,0,1,0,0,0,0,1,0,0,0
0,0,0,0,0,100,0,0,0,0,0,0,0,0,0,0,100,0,0,0,0,0,0,0,0,0,0,100,0,0,0,0,0,1,0,0,0,0,0,0,1,0,0,0,0,1,0,0,0
0,0,0,0,0,100,0,0,0,0,0,0,0,0,0,0,100,0,0,0,0,0,0,0,0,0,0,100,0,0,0,0,0,0.93103,0,0.034483,0.034483,0,0,0,1,0,0,0,0,1,0,0,0
0,0,0,0,0,100,0,0,0,0,0,0,0,0,0,0,100,0,0,0,0,0,0,0,0,0,0,100,0,0,0,0,0,0.52055,0,0.054795,0.26027,0.16438,0,0,1,0,0,0,0,1,0,0,0
0,0,8.8238,3.6296,4.1363,62.684,4.1363,0,12.96,3.6296,0,8.8238,4.1363,0,14.806,0,48.385,8.2725,3.6296,0,3.6296,8.3171,4.1363,3.6296,0,7.7659,3.6296,55.425,3.6296,0,12.96,0,8.8238,0,0,0,1,0,0,0,1,0,0,0,0,1,0,0,0
0,0,0,0,0,94.391,0,0,5.6085,0,0,0,0,0,0,0,100,0,0,0,0,0,0,0,0,0,5.6085,88.783,0,0,0,5.6085,0,1,0,0,0,0,0,0,1,0,0,0,0,1,0,0,0
0,0,0,0,0,100,0,0,0,0,0,0,0,0,0,0,100,0,0,0,0,0,0,0,0,0,10.863,89.137,0,0,0,0,0,0.725,0,0.0125,0.1,0.1625,0,0,1,0,0,0,0,1,0,0,0
0,0,0,0,0,100,0,0,0,0,0,0,0,0,0,15.145,69.71,15.145,0,0,0,0,0,0,0,0,28.786,71.214,0,0,0,0,0,0.69663,0.011236,0.05618,0.1236,0.11236,0,0,1,0,0,0,0,1,0,0,0
0,0,18.566,0,0,54.363,0,0,27.071,0,0,18.566,0,0,0,8.5045,44.301,10.062,8.5045,0,10.062,0,8.5045,0,10.062,0,10.062,44.301,0,8.5045,10.062,0,8.5045,0.78947,0,0.052632,0.10526,0.052632,0,0,1,0,0,0,0,1,0,0,0
0,16.418,13.692,0,2.7268,41.435,0,0,1.9128,12.196,11.619,4.8089,14.177,8.7233,6.6645,1.9128,36.795,2.7268,6.7217,0,10.795,6.6744,0,16.428,22.405,2.8962,0,22.958,14.699,1.9128,13.01,5.691,0,0.71429,0,0.125,0.16071,0,0,0,1,0,0,0,0,1,0,0,0
0,10.418,13.097,0,2.4772,44.092,0,0,5.6699,14.518,9.7278,9.9291,0,0,9.3371,5.6699,41.615,0,10.943,8.1471,3.1675,11.191,0,20.171,7.5502,8.7139,0,28.695,12.205,3.6924,9.6104,9.3623,0,0.60656,0,0.14754,0.21311,0.032787,0,0,1,0,0,0,0,1,0,0,0
0,8.0848,8.5484,0,9.4396,48.02,0,0,0,15.276,10.632,4.2742,9.8095,7.8173,10.899,0,44.209,6.6251,0,2.8145,7.0887,6.4624,0,2.1882,12.359,4.2742,0,18.358,30.288,2.8145,24.715,5.0028,0,0,0,0,0,1,0,0,1,0,0,0,0,1,0,0,0
0,11.296,13.939,0,3.6083,35.656,0,0,11.016,20.876,3.6083,11.296,0,0,9.8604,11.016,23.396,0,20.912,5.9724,11.296,6.2521,0,11.016,13.939,2.6438,0,21.032,15.868,12.26,8.6162,14.624,0,0,0,0,0,1,0,0,1,0,0,0,0,1,0,0,0
0,1.8416,10.868,0,9.9112,32.672,2.461,0,6.7637,28.032,7.4501,10.868,2.461,0,21.466,0,27.683,6.7637,14.016,7.4501,0,9.2918,4.3027,1.8416,6.5657,4.3027,0,25.222,14.9,14.016,12.372,14.016,2.461,0.77419,0,0.1129,0.064516,0.048387,0,0,1,0,0,0,0,1,0,0,0
0,16.954,19.625,0,20.841,24.338,0,0,4.6548,9.996,3.5917,19.625,0,0,13.091,4.6548,31.816,0,22.567,1.7125,2.9423,3.5917,0,11.838,16.033,14.012,0,16.092,6.5339,16.033,12.133,7.3254,0,0.073171,0,0,0.14634,0.78049,0,0,1,0,0,0,0,1,0,0,0
0,0,12.562,0,0,61.473,4.1875,0,4.1875,0,17.59,4.1875,0,0,4.1875,0,61.473,21.777,0,0,0,8.3749,0,4.1875,0,4.1875,0,61.473,0,17.59,0,0,12.562,0,0,0,0.2963,0.7037,0,0,1,0,0,0,0,1,0,0,0
2.845,8.1877,4.1421,1.4211,1.1767,26.72,32.516,18.725,1.4239,0,2.8421,7.8908,4.0707,8.3195,1.3496,17.298,20.112,6.9871,8.2698,6.8409,6.8459,12.016,22.001,6.8381,15.004,21.822,0,6.4022,6.6512,5.3016,8.0119,4.0707,3.8977,0.018182,0,0,0.054545,0.92727,0,0,1,0,0,0,0,1,0,0,0
17.433,9.6494,7.6672,3.7756,3.7756,20.308,6.2621,3.7756,17.201,0,10.154,6.2621,0,11.443,9.6494,11.443,20.308,9.6494,6.2621,0,3.8916,21.092,0,7.6672,34.517,6.2621,9.6494,24.199,6.2621,3.8916,0,7.5511,0,0,0,0,0,1,0,0,1,0,0,0,0,1,0,0,0
1.9917,1.9917,3.9266,1.7299,4.4052,32.93,32.477,12.315,3.7216,0,4.5116,11.114,3.9266,1.9917,1.7299,10.062,36.857,5.9183,12.16,5.7132,3.9266,6.602,7.6482,3.7216,17.493,18.078,0,24.803,8.9168,6.1351,2.6753,3.9266,6.602,0,0,0,0.025316,0.97468,0,0,1,0,0,0,0,1,0,0,0
9.6038,5.3511,5.1001,7.5832,12.263,24.176,5.1525,5.1001,8.4306,3.5814,13.658,6.9222,0,10.914,4.2527,23.386,25.946,3.5814,9.4052,0,3.5814,12.012,0,5.1001,20.694,5.1525,4.2527,27.758,9.4052,6.0224,3.5814,18.034,0,0,0,0,0.0125,0.9875,0,0,1,0,0,0,0,1,0,0,0
15.591,4.5953,5.5068,16.503,14.697,0,0,5.5068,11.014,4.5953,21.991,0,0,22.009,10.996,31.2,0,4.5953,10.996,0,4.5953,15.609,0,5.5068,25.711,0,10.996,4.5953,10.996,10.996,4.5953,26.605,0,0,0,0,0.33333,0.66667,0,0,1,0,0,0,0,1,0,0,0
0,0,0,0,0,66.667,0,0,33.333,0,0,0,0,0,33.333,0,66.667,0,0,0,0,0,0,0,0,0,0,66.667,0,0,0,0,33.333,0,0,0,0.29032,0.70968,0,0,1,0,0,0,0,1,0,0,0
14.23,8.6127,16.732,3.3872,8.5441,16.375,0,8.5441,15.387,5.3792,2.8085,5.157,0,9.5829,3.4558,35.812,21.532,3.4558,0,0,2.8085,18.196,0,16.732,30.195,0,3.4558,19.184,0,7.9655,5.3792,17.088,0,0,0.24,0,0.2,0.56,0,0,1,0,0,0,0,1,0,0,0
0,0,0,0,0,100,0,0,0,0,0,0,0,0,0,0,100,0,0,0,0,0,0,0,0,0,0,100,0,0,0,0,0,0.011364,0,0,0.022727,0.96591,0,0,1,0,0,0,0,1,0,0,0
0,0,0,0,0,48.125,0,0,13.524,0,38.351,0,0,0,13.524,0,48.125,38.351,0,0,0,0,0,0,0,0,0,48.125,0,38.351,0,0,13.524,0,0,0,0.065217,0.93478,0,0,1,0,0,0,0,1,0,0,0
0,0,0,0,0,66.667,0,0,0,0,33.333,0,0,0,0,0,66.667,33.333,0,0,0,0,0,0,0,0,0,66.667,0,33.333,0,0,0,0.071429,0,0.071429,0.28571,0.57143,0,0,1,0,0,0,0,1,0,0,0
0,0,0,0,0,81.125,0,0,0,0,18.875,0,0,0,0,0,81.125,18.875,0,0,0,0,0,0,0,0,0,81.125,0,18.875,0,0,0,0,0,0,0.15625,0.84375,0,0,1,0,0,0,0,1,0,0,0
0,0,0,0,0,100,0,0,0,0,0,0,0,0,0,0,100,0,0,0,0,0,0,0,0,0,0,100,0,0,0,0,0,0,0,0,0,1,0,0,1,0,0,0,0,1,0,0,0
4.7616,4.5848,0,0,34.317,13.931,0,0,3.679,15.772,22.955,0,9.1695,12.851,18.368,4.7616,4.5848,14.689,0,24.389,6.4254,4.7616,0,0,4.5848,0,0,13.931,6.4254,11.187,49.006,14.866,0,0.94737,0,0.026316,0.026316,0,0,0,1,0,0,0,0,1,0,0,0
3.8775,4.2748,5.9083,0,13.932,24.955,0,0,3.8775,19.189,23.986,1.6336,8.9053,18.959,10.538,0,21.078,8.9045,0,5.027,13.179,11.775,0,8.9053,8.5495,1.6336,0,13.409,10.309,12.782,29.243,15.169,0,0.73077,0.019231,0.13462,0.11538,0,0,0,1,0,0,0,0,1,0,0,0
5.089,5.089,5.2611,6.4423,4.4297,23.991,27.949,10.218,5.0975,0,6.4338,3.2485,2.0442,9.1074,3.2254,12.916,27.649,10.35,11.16,6.9696,6.0627,7.2669,24.829,8.3144,13.102,18.293,0,2.4085,8.4481,11.674,7.638,2.0442,3.2485,0.10714,0,0,0,0.89286,0,0,1,0,0,0,0,1,0,0,0
5.1719,10.198,1.2802,3.7247,4.0431,32.82,13.876,18.647,6.3363,0,3.9026,5.2144,2.7521,9.0165,5.1967,14.589,29.45,6.4521,8.7709,12.502,1.0924,4.9645,17.387,9.89,12.502,18.49,0,14.138,9.2298,7.58,6.4325,2.7521,1.5985,0.31818,0,0,0.090909,0.59091,0,0,1,0,0,0,0,1,0,0,1
0,0,0,0,0,90.625,0,0,0,0,9.3752,0,0,0,0,0,100,0,0,0,0,0,0,0,0,0,0,90.625,9.3752,0,0,0,0,0,0,0,0,1,0,0,1,0,0,0,0,1,0,0,0
0,6.9452,11.381,0,0,53.342,0,0,6.4294,18.223,3.679,6.9452,3.679,3.679,4.4358,6.4294,50.833,0,5.0189,3.92,6.9452,8.1148,0,10.108,11.381,4.4358,0,43.234,2.5094,2.5094,15.714,10.108,0,0,0,0.016129,0.048387,0.93548,0,0,1,0,0,0,0,1,0,0,0
0,3.9311,3.9311,0,0,81.379,0,0,5.3792,5.3792,0,0,0,0,3.9311,5.3792,81.379,0,0,5.3792,3.9311,0,0,5.3792,7.8623,0,0,76,0,0,5.3792,5.3792,0,0,0,0,0,1,0,0,1,0,0,0,0,1,0,0,0
0,0,0,0,0,100,0,0,0,0,0,0,0,0,0,0,100,0,0,0,0,0,0,0,0,0,0,100,0,0,0,0,0,0,0,0,0,1,0,0,1,0,0,0,0,1,0,0,0
0,0,0,0,0,100,0,0,0,0,0,0,0,0,0,0,100,0,0,0,0,0,0,0,0,0,0,100,0,0,0,0,0,0,0,0,0,1,0,0,1,0,0,0,0,1,0,0,0
0,1.8984,5.8339,0,0,82.498,0,0,1.8984,7.871,0,5.8339,0,0,3.9355,0,82.498,1.8984,3.9355,0,0,1.8984,1.8984,1.8984,3.9355,1.8984,0,82.498,0,3.9355,0,3.9355,0,0,0,0,0,1,0,0,1,0,0,0,0,1,0,0,0
0,3.1855,3.1855,0,0,90.444,0,0,3.1855,0,0,3.1855,0,0,0,0,90.444,3.1855,0,0,0,3.1855,3.1855,3.1855,0,3.1855,0,90.444,0,0,0,0,0,0,0,0,0,1,0,0,1,0,0,0,0,1,0,0,0
0,0,0,0,0,89.308,0,0,0,0,10.692,0,0,0,0,0,100,0,0,0,0,0,0,0,0,0,0,89.308,10.692,0,0,0,0,0,0,0,0,1,0,0,1,0,0,0,0,1,0,0,0
0,0,0,33.444,0,57.775,0,0,0,0,8.7812,0,13.338,0,0,0,53.218,6.7683,0,13.338,0,13.338,0,0,0,0,0,44.437,8.7812,0,0,26.676,20.106,0,0,0,0,1,0,0,1,0,0,0,0,1,0,0,0
0,0,0,25.971,0,74.029,0,0,0,0,0,0,9.4918,0,0,0,69.052,0,0,16.48,0,4.9761,0,0,0,0,0,69.052,0,0,0,21.456,9.4918,0,0,0,0,1,0,0,1,0,0,0,0,1,0,0,0
0,0,0,9.2282,0,90.772,0,0,0,0,0,0,6.4589,0,0,0,76.67,0,0,2.7693,0,14.101,0,0,0,0,0,76.67,0,0,0,16.871,6.4589,0,0,0,0,1,0,0,1,0,0,0,0,1,0,0,0
0,0,0,21.618,0,78.382,0,0,0,0,0,0,6.2986,0,0,0,66.978,4.7856,0,10.534,0,11.404,0,0,0,0,0,66.978,0,0,0,21.938,11.084,0,0,0,0,1,0,0,1,0,0,0,0,1,0,0,0
0,0,0,6.9265,0,93.073,0,0,0,0,0,0,3.6114,0,0,0,93.073,0,0,3.3151,0,0,0,0,0,0,0,93.073,0,0,0,3.3151,3.6114,0,0,0,0,1,0,0,1,0,0,0,0,1,0,0,0
0,0,0,0,0,100,0,0,0,0,0,0,0,0,0,0,100,0,0,0,0,0,0,0,0,0,0,100,0,0,0,0,0,0,0,0,0,1,0,0,1,0,0,0,0,1,0,0,0
0,0,0,0,0,100,0,0,0,0,0,0,0,0,0,0,100,0,0,0,0,0,0,0,0,0,0,100,0,0,0,0,0,0,0,0,0,1,0,0,1,0,0,0,0,1,0,0,0
0,0,0,0,0,90.487,0,0,0,0,9.5127,0,0,0,0,0,100,0,0,0,0,0,0,0,0,0,0,90.487,9.5127,0,0,0,0,0,0,0,0,1,0,0,1,0,0,0,0,1,0,0,0
14.742,0,0,6.2085,0,68.736,0,0,0,0,10.314,0,0,0,14.742,0,79.05,6.2085,0,0,0,0,0,0,0,0,14.742,68.736,10.314,0,0,0,6.2085,0,0,0,0,1,0,0,1,0,0,0,0,1,0,0,0
9.4507,0,0,0,0,90.549,0,0,0,0,0,0,0,0,4.7254,0,90.549,4.7254,0,0,0,0,0,0,0,4.7254,4.7254,90.549,0,0,0,0,0,0,0,0,0,1,0,0,1,0,0,0,0,1,0,0,0
25.656,0,0,23.598,0,50.746,0,0,0,0,0,0,0,0,18.355,0,50.746,30.899,0,0,0,0,0,0,0,18.355,7.3017,50.746,0,0,0,0,23.598,0,0,0,0,1,0,0,1,0,0,0,0,1,0,0,0
0,0,0,11.536,0,88.464,0,0,0,0,0,0,5.4065,0,0,0,88.464,6.1296,0,0,0,0,0,0,0,0,0,88.464,0,0,0,0,11.536,0,0,0,0,1,0,0,1,0,0,0,0,1,0,0,0
0,0,0,7.1589,0,92.841,0,0,0,0,0,0,0,0,0,0,92.841,7.1589,0,0,0,0,0,0,0,0,0,92.841,0,0,0,0,7.1589,0,0,0,0,1,0,0,1,0,0,0,0,1,0,0,0
0,0,0,17.107,0,82.893,0,0,0,0,0,0,0,0,8.9637,0,82.893,8.1435,0,0,0,0,0,0,0,0,0,82.893,0,0,0,0,17.107,0,0,0,0,1,0,0,1,0,0,0,0,1,0,0,0
0,0,0,0,0,100,0,0,0,0,0,0,0,0,0,0,100,0,0,0,0,0,0,0,0,0,0,100,0,0,0,0,0,0,0,0,0,1,0,0,1,0,0,0,0,1,0,0,0
0,0,0,0,0,100,0,0,0,0,0,0,0,0,0,0,100,0,0,0,0,0,0,0,0,0,0,100,0,0,0,0,0,0,0,0,0,1,0,0,1,0,0,0,0,1,0,0,0
0,0,0,0,0,100,0,0,0,0,0,0,0,0,0,0,100,0,0,0,0,0,0,0,0,0,0,100,0,0,0,0,0,0,0,0,0,1,0,0,1,0,0,0,0,1,0,0,0
0,0,0,0,0,100,0,0,0,0,0,0,0,0,0,0,100,0,0,0,0,0,0,0,0,0,0,100,0,0,0,0,0,0,0,0,0,1,0,0,1,0,0,0,0,1,0,0,0
0,0,0,0,0,100,0,0,0,0,0,0,0,0,0,0,100,0,0,0,0,0,0,0,0,0,0,100,0,0,0,0,0,0,0,0,0,1,0,0,1,0,0,0,0,1,0,0,0
0,0,0,0,0,100,0,0,0,0,0,0,0,0,0,0,100,0,0,0,0,0,0,0,0,0,0,100,0,0,0,0,0,0,0,0,0,1,0,0,1,0,0,0,0,1,0,0,0
0,0,0,0,0,100,0,0,0,0,0,0,0,0,0,0,100,0,0,0,0,0,0,0,0,0,0,100,0,0,0,0,0,0,0,0,0,1,0,0,1,0,0,0,0,1,0,0,0
0,0,0,0,0,100,0,0,0,0,0,0,0,0,0,0,100,0,0,0,0,0,0,0,0,0,0,100,0,0,0,0,0,0,0,0,0,1,0,0,1,0,0,0,0,1,0,0,0
0,0,0,0,0,100,0,0,0,0,0,0,0,0,0,0,100,0,0,0,0,0,0,0,0,0,0,100,0,0,0,0,0,0,0,0,0,1,0,0,1,0,0,0,0,1,0,0,0
0,0,0,0,0,100,0,0,0,0,0,0,0,0,0,0,100,0,0,0,0,0,0,0,0,0,0,100,0,0,0,0,0,0,0,0,0,1,0,0,1,0,0,0,0,1,0,0,0
0,16.951,11.3,0,12.863,36.667,0,0,0,14.053,8.1652,3.1972,19.839,6.1576,16.817,0,27.818,10.856,0,2.0076,10.111,3.1972,0,2.1424,25.055,3.1972,0,32.382,6.2924,2.0076,26.916,2.0076,0,0.020408,0,0.040816,0.061224,0.87755,0,0,1,0,0,0,0,1,0,0,0
0,11.711,13.669,0,1.6372,49.027,0,0,6.4383,13.63,3.8869,10.647,0,0,8.2559,6.4383,40.952,0,18.722,1.6372,9.4612,3.8869,0,10.938,14.443,2.2497,0,38.702,11.962,10.034,1.6372,10.034,0,0,0,0,0.13208,0.86792,0,0,1,0,0,0,0,1,0,0,0
6.8733,1.9885,1.9885,1.9885,0,27.31,4.0386,0,0,27.601,28.212,0,10.845,15.669,0,39.068,9.8255,11.697,12.896,0,0,0,5.9656,1.9885,3.8599,8.9234,9.7699,2.8347,31.22,0,20.732,14.705,0,0,0,0,0,1,0,0,1,0,0,0,0,1,0,0,1
11.705,0,0,0,0,27.948,9.6914,0,0,5.9091,44.746,0,6.8974,8.9114,0,58.257,16.91,6.2304,2.7939,0,0,0,0,0,3.1152,21.397,15.922,15.809,27.836,0,12.807,3.1152,0,0,0,0,0.037037,0.96296,0,0,1,0,0,0,0,1,0,0,1
6.1461,0,0,0,0,28.367,8.5498,0,0,32.555,24.383,0,14.285,11.882,0,43.063,7.4524,5.29,18.028,0,0,0,0,0,2.645,14.696,13.84,2.4037,28.812,0,23.077,14.527,0,0.36,0.06,0.1,0.1,0.38,0,0,1,0,0,0,0,1,0,0,1
0,12.329,12.329,0,21.14,37.482,0,0,5.1595,8.8765,2.6837,12.329,0,0,14.596,3.5091,42.576,1.6504,14.813,4.7424,1.4504,4.3341,1.6504,5.1595,10.679,10.879,0,31.289,6.8178,13.362,13.971,6.1928,0,0,0,0,0.05,0.95,0,0,1,0,0,0,0,1,0,0,0
0,4.1199,19.442,0,12.027,41.858,6.7564,0,10.544,5.2535,0,13.503,3.7871,0,9.7159,0,49.765,10.544,6.7466,0,0,5.9386,3.7871,2.9693,6.7466,10.876,0,41.858,0,6.7466,11.694,2.6268,12.695,0.013889,0.013889,0.027778,0.013889,0.93056,0,0,1,0,0,0,0,1,0,0,0
0,2.8414,16.374,0,4.1696,51.102,4.1696,0,21.343,0,0,16.374,4.1696,0,5.0961,0,55.272,11.181,0,0,0,7.9082,7.011,2.8414,0,7.011,0,51.102,0,0,13.406,0,18.629,0.76316,0.026316,0.15789,0.052632,0,0,0,1,0,0,0,0,1,0,0,0
13.053,2.3522,1.0573,1.0573,0,21.46,12.558,2.5898,1.2949,17.916,26.662,0,9.4641,11.016,0,46.794,12.809,3.4095,13.918,2.5898,0,0,4.4668,2.3522,2.5898,25.849,11.501,7.5417,21.499,0,18.909,5.2931,0,0.2069,0,0.034483,0.017241,0.74138,0,0,1,0,0,0,0,1,0,0,1
0,6.0408,26.693,0,7.1578,43.848,2.8325,0,13.428,0,0,17.007,4.021,0,10.432,0,43.406,5.2944,3.5789,0,0,16.26,2.4619,5.2944,3.5789,8.8733,4.021,39.827,0,3.5789,11.712,0,20.652,0.5,0.125,0.1875,0.1875,0,0,0,1,0,0,0,0,1,0,0,0
3.9686,8.3484,1.5672,1.5628,1.5628,21.745,20.608,24.207,5.5314,1.1981,9.7013,5.947,4.0022,5.3823,1.5628,26.297,16.143,7.932,8.5123,13.88,2.9809,7.3607,14.306,9.9113,19.779,25.243,4.8312,2.435,6.6097,4.5394,8.013,2.7653,1.5672,0.0090909,0.0090909,0.045455,0.081818,0.85455,0,0,1,0,0,0,0,1,0,0,1
7.4329,0,0,0,0,34.908,2.1023,0,0,15.966,39.59,0,6.6075,11.938,0,51.877,11.161,13.912,4.5051,0,0,0,0,0,6.956,9.5352,16.014,9.5352,32.934,0,13.564,11.461,0,0.068966,0,0.068966,0.034483,0.82759,0,0,1,0,0,0,0,1,0,0,1
3.5687,7.3974,7.8528,4.9769,1.4082,15.214,34.51,12.568,1.4082,1.3195,9.7765,6.5761,5.8207,5.1054,2.9448,21.504,23.736,14.061,5.6922,3.7002,4.284,6.5761,20.227,7.2689,17.872,18.129,2.6391,4.61,4.2644,2.8163,10.749,7.1402,4.284,0.41667,0,0,0.083333,0.5,0,0,1,0,0,0,0,1,0,0,1
7.306,10.327,13.646,6.3398,13.646,12.083,0,13.646,23.006,0,0,10.327,0,12.68,0,40.639,10.327,3.0208,0,0,3.0208,19.986,0,13.646,33.631,0,0,6.0417,6.0417,10.327,0,27.292,3.0208,0,0,0.074074,0.92593,0,0,0,1,0,0,0,0,1,0,0,1
0,0,9.5843,7.5639,0,49.148,15.128,7.5639,8.2595,2.7532,0,15.128,3.9676,0,9.2649,8.4801,29.345,0,20.744,0,10.317,2.7532,0,31.061,0,2.7532,6.7208,26.383,5.727,0,0,7.5639,19.791,0,0,0,1,0,0,0,1,0,0,0,0,1,0,0,0
0,0,20.913,5.027,9.3994,25.11,7.6887,6.0437,17.943,7.8749,0,9.3994,0,0,18.946,10.537,22.784,10.377,12.208,0,7.8749,7.8749,0,33.121,0,7.8749,12.208,5.027,5.027,0,9.3994,6.0437,21.299,0,0,0,1,0,0,0,1,0,0,0,0,1,0,0,0
19.019,11.296,6.8078,2.9537,10.608,11.614,0,4.4236,21.894,3.0922,8.2917,4.4236,0,5.338,6.7344,38.483,16.037,6.8728,2.9537,0,5.4764,13.681,0,6.8078,24.977,0,6.7344,17.09,2.9537,9.7615,3.0922,28.583,0,0.026667,0.066667,0.04,0.64,0.22667,0,0,1,0,0,0,0,1,0,0,1
0,4.6501,5.6912,2.1035,0,58.037,0,0,21.724,7.7947,0,4.6501,0,0,9.8982,14.991,35.911,6.5154,7.7947,0,12.445,7.7947,0,13.486,0,7.7947,7.7947,29.417,15.134,4.6501,0,0,21.724,0,0,0,1,0,0,0,1,0,0,0,0,1,0,0,0
0,1.4415,18.713,5.592,3.7492,44.759,13.087,5.28,5.1907,2.1874,0,12,0,0,6.2503,21.472,23.779,7.7212,19.556,0,7.0336,2.1874,0,35.518,0,2.1874,6.5917,17.381,17.381,1.4415,3.7492,5.28,10.469,0,0,0,1,0,0,0,1,0,0,0,0,1,0,0,0
0,0,25.135,4.3794,11.075,13.115,26.295,4.3794,14.485,1.1368,0,19.833,0,0,1.1368,18.673,30.884,6.4618,16.357,0,5.5162,1.1368,0,45.872,0,1.1368,7.5986,0,0,0,11.075,4.3794,29.939,0,0,0,0.97917,0.020833,0,0,1,0,0,0,0,1,0,0,0
0,0,17.942,3.7391,14.763,10.097,14.546,11.434,24.3,3.1791,0,22.241,0,0,10.874,10.247,28.188,7.6952,10.657,0,6.9182,3.1791,0,32.338,0,3.1791,3.1791,0,0,0,14.763,11.434,35.107,0,0,0,0.95238,0.047619,0,0,1,0,0,0,0,1,0,0,0
17.485,0,0,0,0,82.515,0,0,0,0,0,0,0,0,8.7425,0,82.515,8.7425,0,0,0,0,0,0,0,8.7425,8.7425,82.515,0,0,0,0,0,0,0,0,0,1,0,0,1,0,0,0,0,1,0,0,0
33.34,0,0,5.7091,0,60.951,0,0,0,0,0,0,0,0,27.621,0,60.951,11.429,0,0,0,0,0,0,0,11.429,21.912,60.951,0,0,0,0,5.7091,0,0,0,0.0125,0.9875,0,0,1,0,0,0,0,1,0,0,0
0,0,11.732,0,0,79.43,2.8934,0,5.9448,0,0,5.9448,0,0,5.8185,0,76.505,2.8934,0,0,0,8.8382,0,2.8934,0,2.8934,0,79.43,0,0,3.0515,0,11.732,0,0,0,1,0,0,0,1,0,0,0,0,1,0,0,0
0,0,8.7176,0,0,91.282,0,0,0,0,0,8.7176,0,0,0,0,91.282,0,0,0,0,0,0,0,0,0,0,91.282,0,0,0,0,8.7176,0,0,0,1,0,0,0,1,0,0,0,0,1,0,0,0
7.3249,0,0,7.3249,0,85.35,0,0,0,0,0,0,0,0,7.3249,0,85.35,7.3249,0,0,0,0,0,0,0,7.3249,0,85.35,0,0,0,0,7.3249,0,0,0,0,1,0,0,1,0,0,0,0,1,0,0,0
0,0,0,4.8486,0,95.151,0,0,0,0,0,0,0,0,4.8486,0,95.151,0,0,0,0,0,0,0,0,0,0,95.151,0,0,0,0,4.8486,0,0,0,0,1,0,0,1,0,0,0,0,1,0,0,0
0,0,0,7.6344,0,92.366,0,0,0,0,0,0,0,0,7.6344,0,92.366,0,0,0,0,0,0,0,0,0,0,92.366,0,0,0,0,7.6344,0,0,0,0,1,0,0,1,0,0,0,0,1,0,0,0
0,0,0,0,0,94.813,0,0,5.1866,0,0,5.1866,0,0,0,0,94.813,0,0,0,0,0,0,0,0,0,0,94.813,0,0,5.1866,0,0,0,0,0,0,1,0,0,1,0,0,0,0,1,0,0,0
0,0,0,0,0,100,0,0,0,0,0,0,0,0,0,0,100,0,0,0,0,0,0,0,0,0,0,100,0,0,0,0,0,0,0,0,0,1,0,0,1,0,0,0,0,1,0,0,0
0,0,0,0,0,100,0,0,0,0,0,0,0,0,0,0,100,0,0,0,0,0,0,0,0,0,0,100,0,0,0,0,0,0,0,0,0,1,0,0,1,0,0,0,0,1,0,0,0
0,0,0,0,0,100,0,0,0,0,0,0,0,0,0,0,100,0,0,0,0,0,0,0,0,0,0,100,0,0,0,0,0,0,0,0,0,1,0,0,1,0,0,0,0,1,0,0,0
0,0,0,0,0,100,0,0,0,0,0,0,0,0,0,0,100,0,0,0,0,0,0,0,0,0,0,100,0,0,0,0,0,0,0,0,0,1,0,0,1,0,0,0,0,1,0,0,0
0,0,15.512,2.5413,0,75.448,0,0,3.9574,2.5413,0,7.2716,8.2401,0,13.323,0,59.585,0,2.5413,0,2.5413,6.4987,0,2.5413,0,2.5413,10.781,62.126,2.5413,0,3.9574,0,15.512,0,0,0,1,0,0,0,1,0,0,0,0,1,0,0,0
0,0,0,0,0,69.374,0,0,30.626,0,0,17.927,0,0,0,4.4663,64.908,0,0,4.4663,8.2323,0,0,0,0,0,0,69.374,0,0,5.2285,12.699,12.699,0,0,0,1,0,0,0,1,0,0,0,0,1,0,0,0
3.8228,3.8228,4.8892,0,0,87.465,0,0,0,0,0,0,0,0,0,9.7783,74.008,3.679,4.8892,0,0,7.6456,0,8.712,0,3.8228,0,70.329,17.136,0,0,0,0,0,0,0,1,0,0,0,1,0,0,0,0,1,0,0,0
0,0,0,0,0,78.949,0,0,21.051,0,0,8.0363,0,0,0,13.156,65.792,0,0,4.9789,8.0363,0,0,0,0,0,0,78.949,0,0,5.1401,2.8962,13.015,0,0,0,1,0,0,0,1,0,0,0,0,1,0,0,0
0,0,0,0,0,78.822,0,0,21.178,0,0,10.589,0,0,0,0,78.822,0,0,0,10.589,0,0,0,0,0,0,78.822,0,0,5.7207,4.8682,10.589,0,0,0,0,1,0,0,1,0,0,0,0,1,0,0,0
0,0,0,0,0,91.782,0,0,8.2176,0,0,8.2176,0,0,0,0,91.782,0,0,0,0,0,0,0,0,0,0,91.782,0,0,8.2176,0,0,0,0,0,0,1,0,0,1,0,0,0,0,1,0,0,0
0,0,0,0,0,72.092,0,0,27.908,0,0,13.369,0,0,0,2.2137,69.878,0,0,7.2979,7.2415,0,0,0,0,0,0,72.092,0,0,11.155,2.2137,14.539,0,0,0,0,1,0,0,1,0,0,0,0,1,0,0,0
0,0,0,0,0,84.271,0,0,15.729,0,0,5.8812,0,0,0,0,84.271,0,0,3.9662,5.8812,0,0,0,0,0,0,84.271,0,0,0,5.8812,9.8474,0,0,0,0,1,0,0,1,0,0,0,0,1,0,0,0
0,0,27.318,2.7586,12.564,12.068,12.25,15.323,16.429,1.2885,0,18.081,0,0,13.852,8.0214,21.874,19.297,13.539,0,4.0471,1.2885,0,43.615,0,1.2885,8.0214,0,0,0,12.564,15.323,19.188,0,0,0,0,1,0,0,1,0,0,0,0,1,0,0,0
0,0,0,0,0,100,0,0,0,0,0,0,0,0,0,0,100,0,0,0,0,0,0,0,0,0,0,100,0,0,0,0,0,0,0,0,0,1,0,0,1,0,0,0,0,1,0,0,0
0,0,0,0,0,100,0,0,0,0,0,0,0,0,0,0,100,0,0,0,0,0,0,0,0,0,0,100,0,0,0,0,0,0,0,0,0,1,0,0,1,0,0,0,0,1,0,0,0
0,0,0,0,0,100,0,0,0,0,0,0,0,0,0,0,100,0,0,0,0,0,0,0,0,0,0,100,0,0,0,0,0,0,0,0,0,1,0,0,1,0,0,0,0,1,0,0,0
0,0,0,0,0,100,0,0,0,0,0,0,0,0,0,0,100,0,0,0,0,0,0,0,0,0,0,100,0,0,0,0,0,0,0,0,0,1,0,0,1,0,0,0,0,1,0,0,0
0,0,0,0,0,100,0,0,0,0,0,0,0,0,0,0,100,0,0,0,0,0,0,0,0,0,0,100,0,0,0,0,0,0,0,0,0,1,0,0,1,0,0,0,0,1,0,0,0
0,0,0,0,0,100,0,0,0,0,0,0,0,0,0,0,100,0,0,0,0,0,0,0,0,0,0,100,0,0,0,0,0,0,0,0,0,1,0,0,1,0,0,0,0,1,0,0,0
0,0,0,0,0,100,0,0,0,0,0,0,0,0,0,0,100,0,0,0,0,0,0,0,0,0,0,100,0,0,0,0,0,0,0,0,0,1,0,0,1,0,0,0,0,1,0,0,0
0,0,0,0,0,100,0,0,0,0,0,0,0,0,0,0,100,0,0,0,0,0,0,0,0,0,0,100,0,0,0,0,0,0,0,0,0,1,0,0,1,0,0,0,0,1,0,0,0
0,0,0,0,0,100,0,0,0,0,0,0,0,0,0,0,100,0,0,0,0,0,0,0,0,0,0,100,0,0,0,0,0,0,0,0,0,1,0,0,1,0,0,0,0,1,0,0,0
0,0,0,0,0,100,0,0,0,0,0,0,0,0,0,0,100,0,0,0,0,0,0,0,0,0,0,100,0,0,0,0,0,0,0,0,0,1,0,0,1,0,0,0,0,1,0,0,0
0,0,0,0,0,100,0,0,0,0,0,0,0,0,0,0,100,0,0,0,0,0,0,0,0,0,0,100,0,0,0,0,0,0,0,0,0,1,0,0,1,0,0,0,0,1,0,0,0
0,0,0,0,0,100,0,0,0,0,0,0,0,0,0,0,100,0,0,0,0,0,0,0,0,0,0,100,0,0,0,0,0,0,0,0,0,1,0,0,1,0,0,0,0,1,0,0,0
0,0,0,0,0,100,0,0,0,0,0,0,0,0,0,0,100,0,0,0,0,0,0,0,0,0,0,100,0,0,0,0,0,0,0,0,0,1,0,0,1,0,0,0,0,1,0,0,0
0,0,0,0,0,100,0,0,0,0,0,0,0,0,0,0,100,0,0,0,0,0,0,0,0,0,0,100,0,0,0,0,0,0,0,0,0,1,0,0,1,0,0,0,0,1,0,0,0
0,0,0,0,0,100,0,0,0,0,0,0,0,0,0,0,100,0,0,0,0,0,0,0,0,0,0,100,0,0,0,0,0,0,0,0,0,1,0,0,1,0,0,0,0,1,0,0,0
0,0,0,0,0,100,0,0,0,0,0,0,0,0,0,0,100,0,0,0,0,0,0,0,0,0,0,100,0,0,0,0,0,0,0,0,0,1,0,0,1,0,0,0,0,1,0,0,0
0,0,0,0,0,100,0,0,0,0,0,0,0,0,0,0,100,0,0,0,0,0,0,0,0,0,0,100,0,0,0,0,0,0,0,0,0,1,0,0,1,0,0,0,0,1,0,0,0
0,0,0,0,0,100,0,0,0,0,0,0,0,0,0,0,100,0,0,0,0,0,0,0,0,0,0,100,0,0,0,0,0,0,0,0,0,1,0,0,1,0,0,0,0,1,0,0,0
0,0,0,0,0,100,0,0,0,0,0,0,0,0,0,0,100,0,0,0,0,0,0,0,0,0,0,100,0,0,0,0,0,0,0,0,0,1,0,0,1,0,0,0,0,1,0,0,0
0,0,0,0,0,100,0,0,0,0,0,0,0,0,0,0,100,0,0,0,0,0,0,0,0,0,0,100,0,0,0,0,0,0,0,0,0,1,0,0,1,0,0,0,0,1,0,0,0
0,0,0,0,0,0,0,0,0,0,0,0,0,0,0,0,0,0,0,0,0,0,0,0,0,0,0,0,0,0,0,0,0,0,0,0,0,1,0,0,1,0,0,0,0,1,0,0,0
0,0,0,0,0,100,0,0,0,0,0,0,0,0,0,0,100,0,0,0,0,0,0,0,0,0,0,100,0,0,0,0,0,0,0,0,0,1,0,0,1,0,0,0,0,1,0,0,0
0,0,0,0,0,100,0,0,0,0,0,0,0,0,0,0,100,0,0,0,0,0,0,0,0,0,0,100,0,0,0,0,0,0,0,0,0,1,0,0,1,0,0,0,0,1,0,0,0
0,0,0,0,0,100,0,0,0,0,0,0,0,0,0,0,100,0,0,0,0,0,0,0,0,0,0,100,0,0,0,0,0,0,0,0,0,1,0,0,1,0,0,0,0,1,0,0,0
0,0,0,0,0,100,0,0,0,0,0,0,0,0,0,0,100,0,0,0,0,0,0,0,0,0,0,100,0,0,0,0,0,0,0,0,0,1,0,0,1,0,0,0,0,1,0,0,0
0,0,0,0,0,100,0,0,0,0,0,0,0,0,0,0,100,0,0,0,0,0,0,0,0,0,0,100,0,0,0,0,0,0,0,0,0,1,0,0,1,0,0,0,0,1,0,0,0
0,0,0,0,0,100,0,0,0,0,0,0,0,0,0,0,100,0,0,0,0,0,0,0,0,0,0,100,0,0,0,0,0,0,0,0,0,1,0,0,1,0,0,0,0,1,0,0,0
0,0,0,0,0,100,0,0,0,0,0,0,0,0,0,0,100,0,0,0,0,0,0,0,0,0,0,100,0,0,0,0,0,0,0,0,0,1,0,0,1,0,0,0,0,1,0,0,0
0,0,0,0,0,100,0,0,0,0,0,0,0,0,0,0,100,0,0,0,0,0,0,0,0,0,0,100,0,0,0,0,0,0,0,0,0,1,0,0,1,0,0,0,0,1,0,0,0
0,0,0,0,0,100,0,0,0,0,0,0,0,0,0,0,100,0,0,0,0,0,0,0,0,0,0,100,0,0,0,0,0,0,0,0,0,1,0,0,1,0,0,0,0,1,0,0,0
0,0,0,0,0,100,0,0,0,0,0,0,0,0,0,0,100,0,0,0,0,0,0,0,0,0,0,100,0,0,0,0,0,0,0,0,0,1,0,0,1,0,0,0,0,1,0,0,0
0,0,0,0,0,100,0,0,0,0,0,0,0,0,0,0,100,0,0,0,0,0,0,0,0,0,0,100,0,0,0,0,0,0,0,0,0,1,0,0,1,0,0,0,0,1,0,0,0
0,0,0,0,0,100,0,0,0,0,0,0,0,0,0,0,100,0,0,0,0,0,0,0,0,0,0,100,0,0,0,0,0,0,0,0,0,1,0,0,1,0,0,0,0,1,0,0,0
0,0,0,0,0,100,0,0,0,0,0,0,0,0,0,0,100,0,0,0,0,0,0,0,0,0,0,100,0,0,0,0,0,0,0,0,0,1,0,0,1,0,0,0,0,1,0,0,0
0,0,0,0,0,100,0,0,0,0,0,0,0,0,0,0,100,0,0,0,0,0,0,0,0,0,0,100,0,0,0,0,0,0,0,0,0,1,0,0,1,0,0,0,0,1,0,0,0
0,0,0,0,0,100,0,0,0,0,0,0,0,0,0,0,100,0,0,0,0,0,0,0,0,0,0,100,0,0,0,0,0,0,0,0,0,1,0,0,1,0,0,0,0,1,0,0,0
0,0,0,0,0,100,0,0,0,0,0,0,0,0,0,0,100,0,0,0,0,0,0,0,0,0,0,100,0,0,0,0,0,0,0,0,0,1,0,0,1,0,0,0,0,1,0,0,0
0,0,0,0,0,100,0,0,0,0,0,0,0,0,0,0,100,0,0,0,0,0,0,0,0,0,0,100,0,0,0,0,0,0,0,0,0,1,0,0,1,0,0,0,0,1,0,0,0
0,0,0,0,0,100,0,0,0,0,0,0,0,0,0,0,100,0,0,0,0,0,0,0,0,0,0,100,0,0,0,0,0,0,0,0,0,1,0,0,1,0,0,0,0,1,0,0,0
0,0,0,0,0,100,0,0,0,0,0,0,0,0,0,0,100,0,0,0,0,0,0,0,0,0,0,100,0,0,0,0,0,0,0,0,0,1,0,0,1,0,0,0,0,1,0,0,0
0,0,0,0,0,100,0,0,0,0,0,0,0,0,0,0,100,0,0,0,0,0,0,0,0,0,0,100,0,0,0,0,0,0,0,0,0,1,0,0,1,0,0,0,0,1,0,0,0
0,0,0,0,0,100,0,0,0,0,0,0,0,0,0,0,100,0,0,0,0,0,0,0,0,0,0,100,0,0,0,0,0,0,0,0,0,1,0,0,1,0,0,0,0,1,0,0,0
0,0,0,0,0,100,0,0,0,0,0,0,0,0,0,0,100,0,0,0,0,0,0,0,0,0,0,100,0,0,0,0,0,0,0,0,0,1,0,0,1,0,0,0,0,1,0,0,0
0,0,0,0,0,100,0,0,0,0,0,0,0,0,0,0,100,0,0,0,0,0,0,0,0,0,0,100,0,0,0,0,0,0,0,0,0,1,0,0,1,0,0,0,0,1,0,0,0
0,0,0,0,0,100,0,0,0,0,0,0,0,0,0,0,100,0,0,0,0,0,0,0,0,0,0,100,0,0,0,0,0,0,0,0,0,1,0,0,1,0,0,0,0,1,0,0,0
0,0,0,0,0,100,0,0,0,0,0,0,0,0,0,0,100,0,0,0,0,0,0,0,0,0,0,100,0,0,0,0,0,0,0,0,0,1,0,0,1,0,0,0,0,1,0,0,0
0,0,0,0,0,100,0,0,0,0,0,0,0,0,0,0,100,0,0,0,0,0,0,0,0,0,0,100,0,0,0,0,0,0,0,0,0,1,0,0,1,0,0,0,0,1,0,0,0
0,0,0,0,0,100,0,0,0,0,0,0,0,0,0,0,100,0,0,0,0,0,0,0,0,0,0,100,0,0,0,0,0,0,0,0,0,1,0,0,1,0,0,0,0,1,0,0,0
0,0,0,0,0,100,0,0,0,0,0,0,0,0,0,0,100,0,0,0,0,0,0,0,0,0,0,100,0,0,0,0,0,0,0,0,0,1,0,0,1,0,0,0,0,1,0,0,0
0,0,0,0,0,100,0,0,0,0,0,0,0,0,0,0,100,0,0,0,0,0,0,0,0,0,0,100,0,0,0,0,0,0,0,0,0.014706,0.98529,0,0,1,0,0,0,0,1,0,0,0
0,0,0,0,0,100,0,0,0,0,0,0,0,0,0,0,100,0,0,0,0,0,0,0,0,0,0,100,0,0,0,0,0,0,0,0,0,1,0,0,1,0,0,0,0,1,0,0,0
0,0,0,0,0,100,0,0,0,0,0,0,0,0,0,0,100,0,0,0,0,0,0,0,0,0,0,100,0,0,0,0,0,0,0,0,0,1,0,0,1,0,0,0,0,1,0,0,0
0,0,0,0,0,100,0,0,0,0,0,0,0,0,0,0,100,0,0,0,0,0,0,0,0,0,0,100,0,0,0,0,0,0,0,0,0,1,0,0,1,0,0,0,0,1,0,0,0
0,0,0,0,0,100,0,0,0,0,0,0,0,0,0,0,100,0,0,0,0,0,0,0,0,0,0,100,0,0,0,0,0,0,0,0,0,1,0,0,1,0,0,0,0,1,0,0,0
0,0,0,0,0,100,0,0,0,0,0,0,0,0,0,0,100,0,0,0,0,0,0,0,0,0,0,100,0,0,0,0,0,0,0,0,0,1,0,0,1,0,0,0,0,1,0,0,0
0,0,0,0,0,100,0,0,0,0,0,0,0,0,0,0,100,0,0,0,0,0,0,0,0,0,0,100,0,0,0,0,0,0,0,0,0.15094,0.84906,0,0,1,0,0,0,0,1,0,0,0
0,0,0,0,0,100,0,0,0,0,0,0,0,0,0,0,100,0,0,0,0,0,0,0,0,0,0,100,0,0,0,0,0,0,0,0,0,1,0,0,1,0,0,0,0,1,0,0,0
0,0,0,0,0,100,0,0,0,0,0,0,0,0,0,0,100,0,0,0,0,0,0,0,0,0,0,100,0,0,0,0,0,0,0,0,0,1,0,0,1,0,0,0,0,1,0,0,0
0,0,0,0,0,100,0,0,0,0,0,0,0,0,0,0,100,0,0,0,0,0,0,0,0,0,0,100,0,0,0,0,0,0,0,0,0,1,0,0,1,0,0,0,0,1,0,0,0
0,0,0,0,0,100,0,0,0,0,0,0,0,0,0,0,100,0,0,0,0,0,0,0,0,0,0,100,0,0,0,0,0,0,0,0,0,1,0,0,1,0,0,0,0,1,0,0,0
0,0,0,0,0,100,0,0,0,0,0,0,0,0,0,0,100,0,0,0,0,0,0,0,0,0,0,100,0,0,0,0,0,0,0,0,0.012048,0.98795,0,0,1,0,0,0,0,1,0,0,0
0,0,0,0,0,100,0,0,0,0,0,0,0,0,0,0,100,0,0,0,0,0,0,0,0,0,0,100,0,0,0,0,0,0,0,0,0,1,0,0,1,0,0,0,0,1,0,0,0
0,0,0,0,0,100,0,0,0,0,0,0,0,0,0,0,100,0,0,0,0,0,0,0,0,0,0,100,0,0,0,0,0,0,0,0,0,1,0,0,1,0,0,0,0,1,0,0,0
0,0,0,0,0,100,0,0,0,0,0,0,0,0,0,0,100,0,0,0,0,0,0,0,0,0,0,100,0,0,0,0,0,0,0,0,0,1,0,0,1,0,0,0,0,1,0,0,0
0,0,0,0,0,100,0,0,0,0,0,0,0,0,0,0,100,0,0,0,0,0,0,0,0,0,0,75,25,0,0,0,0,0,0,0,0,1,0,0,1,0,0,0,0,1,0,0,0
0,0,0,0,3.7939,88.618,3.7939,3.7939,0,0,0,3.7939,0,0,0,3.7939,88.618,0,0,0,0,3.7939,0,0,0,0,0,54.375,34.243,3.7939,3.7939,0,3.7939,0,0,0,0,1,0,0,1,0,0,0,0,1,0,0,0
0,0,0,0,22.767,64.553,0,12.679,0,0,0,6.3397,0,0,35.447,0,45.534,6.3397,6.3397,0,0,0,0,6.3397,0,0,0,51.874,12.679,0,29.107,0,0,0,0,0,0,1,0,0,1,0,0,0,0,1,0,0,0
0,0,0,0,12.524,87.476,0,0,0,0,0,0,0,0,12.524,0,87.476,0,0,0,0,0,0,0,0,0,0,80.755,6.7209,0,12.524,0,0,0,0,0,0.012821,0.98718,0,0,1,0,0,0,0,1,0,0,0
0,0,2.1383,13.038,21.156,34.725,2.1383,26.805,0,0,0,12.097,2.1383,9.4738,15.362,2.2079,4.5852,30.497,9.8193,11.612,2.2079,0,0,16.916,0,2.1383,0,19.363,19.947,0,24.251,10.9,6.4845,0,0,0,0,1,0,0,1,0,0,0,0,1,0,0,0
0,0,0,0,34.718,50.252,4.2497,10.781,0,0,0,4.2497,0,19.688,4.2497,0,22.064,21.561,0,28.187,0,0,0,10.781,0,4.2497,0,19.28,39.879,0,25.811,0,0,0,0,0,0.2,0.8,0,0,1,0,0,0,0,1,0,0,0
0,0,4.1965,17.576,20.286,39.049,11.372,7.5207,0,0,0,10.5,4.1965,0,11.587,1.6621,23.035,17.576,11.233,18.548,1.6621,0,0,5.8586,0,11.372,0,24.836,14.212,0,20.286,13.379,10.055,0,0,0,0,1,0,0,1,0,0,0,0,1,0,0,0
0,0,0,0,24.424,67.049,0,8.527,0,0,0,4.2635,0,0,8.527,0,54.259,4.2635,28.687,0,0,0,0,4.2635,0,0,0,34.099,32.951,0,28.687,0,0,0,0,0,0,1,0,0,1,0,0,0,0,1,0,0,0
0,0,0,13.884,28.729,43.946,4.1853,9.2559,0,0,0,13.441,0,9.9581,4.1853,4.6279,26.746,18.085,0,18.329,4.6279,0,0,4.6279,0,4.1853,0,35.559,18.344,0,18.771,13.884,4.6279,0,0,0,0,1,0,0,1,0,0,0,0,1,0,0,0
0,0,0,0,24.517,75.483,0,0,0,0,0,0,0,12.258,0,0,63.225,0,0,12.258,12.258,0,12.258,12.258,0,0,0,50.967,0,0,0,24.517,0,0,0,0,0,1,0,0,1,0,0,0,0,1,0,0,0
0,0,0,18.984,3.8164,77.199,0,0,0,0,0,0,3.8164,0,6.1962,24.101,27.956,10.013,8.9719,3.8164,15.129,0,0,0,0,0,0,34.153,43.047,3.8164,0,18.984,0,0,0,0,0.32558,0.67442,0,0,1,0,0,0,0,1,0,0,0
0,0,0,25,10.895,64.105,0,0,0,0,0,0,10.895,0,0,14.105,39.105,0,25,0,10.895,0,0,0,0,0,0,39.105,25,10.895,0,25,0,0,0,0,0.066667,0.93333,0,0,1,0,0,0,0,1,0,0,0
0,0,0,7.8908,7.8908,84.218,0,0,0,0,0,0,7.8908,0,0,17.226,41.876,0,7.8908,0,25.116,0,0,0,0,0,0,41.876,42.342,7.8908,0,7.8908,0,0,0,0,0,1,0,0,1,0,0,0,0,1,0,0,0
0,0,0,4.6973,30.492,60.114,4.6973,0,0,0,0,4.6973,0,20.181,0,0,36.379,18.561,0,20.181,0,0,4.6973,0,4.6973,0,0,41.553,28.871,0,20.181,0,0,0,0,0,0.014493,0.98551,0,0,1,0,0,0,0,1,0,0,0
0,0,0,13.515,24.862,55.351,0,6.2715,0,0,0,0,4.4306,7.8885,15.356,6.2715,26.058,21.404,0,18.591,0,0,0,6.2715,0,0,0,43.032,12.319,10.702,14.16,13.515,0,0,0,0,0.21429,0.78571,0,0,1,0,0,0,0,1,0,0,0
0,0,0,12.133,14.484,59.919,10.324,3.1395,0,0,0,5.854,0,8.2274,15.653,6.279,21.554,17.199,0,17.624,0,7.6097,2.7145,10.749,5.854,0,0,42.72,17.199,6.2568,11.367,3.1395,0,0,0,0,0,1,0,0,1,0,0,0,0,1,0,0,0
0,0,0,5.4202,18.079,64.526,5.4202,6.5542,0,0,0,5.4202,0,11.525,0,0,53.001,18.529,0,11.525,0,0,5.4202,6.5542,5.4202,0,0,44.194,25.303,0,13.108,0,0,0,0,0,0,1,0,0,1,0,0,0,0,1,0,0,0
0,0,0,0,0,100,0,0,0,0,0,0,0,0,0,12.604,51.34,20.246,0,15.81,0,0,15.81,0,0,0,25.208,51.34,7.6416,0,0,0,0,0,0,0,0,1,0,0,1,0,0,0,0,1,0,0,0
0,0,0,18.68,11.248,52.194,11.064,6.8141,0,0,0,3.808,0,5.2358,14.07,10.622,38.298,12.109,0,12.05,0,3.808,7.2559,10.622,3.808,0,0,31.634,25.796,3.0061,6.8141,11.064,0,0,0,0,0,1,0,0,1,0,0,0,0,1,0,0,0
0,0,0,0,0,100,0,0,0,0,0,0,0,0,0,12.123,79.969,7.9078,0,0,0,0,0,0,0,0,20.031,67.847,12.123,0,0,0,0,0,0,0,0,1,0,0,1,0,0,0,0,1,0,0,0
0,0,0,21.08,7.8664,71.053,0,0,0,0,0,0,3.7599,0,25.534,0,37.653,21.427,3.7599,4.1065,3.7599,0,0,0,0,0,0,63.187,7.8664,7.8664,0,21.08,0,0,0,0,0,1,0,0,1,0,0,0,0,1,0,0,0
0,0,6.1934,7.8541,7.8541,62.501,9.4041,6.1934,0,0,0,6.1934,14.048,0,6.1934,0,48.453,7.8541,0,7.8541,0,9.4041,0,9.4041,12.387,0,0,54.647,7.8541,7.8541,0,7.8541,0,0,0,0,0,1,0,0,1,0,0,0,0,1,0,0,0
0,0,0,9.2679,0,74.457,8.1374,0,8.1374,0,0,0,0,0,0,9.2679,73.327,8.1374,9.2679,0,0,0,0,8.1374,0,8.1374,0,65.189,9.2679,0,0,9.2679,0,0,0,0,0,1,0,0,1,0,0,0,0,1,0,0,0
8.5227,0,4.3262,4.3262,0,52.801,8.5227,17.175,4.3262,0,0,12.849,0,0,8.5227,0,48.605,17.175,8.5227,0,4.3262,0,8.5227,21.501,4.3262,8.5227,0,44.278,8.5227,0,0,4.3262,0,0,0,0,0,1,0,0,1,0,0,0,0,1,0,0,0
14.856,0,26.184,2.2465,0,28.384,6.7339,7.3799,14.215,0,0,17.102,11.969,0,2.8869,0,27.744,7.3799,14.856,0,14.215,3.8471,14.856,25.442,14.215,2.8869,0,25.497,2.8869,0,0,14.215,0,0,0,0,0.027778,0.97222,0,0,1,0,0,0,0,1,0,0,0
4.6977,0,19.022,7.0296,0,26.584,6.0146,16.656,19.997,0,0,14.324,7.2945,0,4.8515,0,34.776,20.074,6.9523,0,11.727,0,4.6977,31.801,16.921,6.0146,0,24.329,2.2546,0,0,11.727,2.2546,0,0,0,0,1,0,0,1,0,0,0,0,1,0,0,1
0,5.3212,0,0,0,89.358,5.3212,0,0,0,0,0,5.3212,5.3212,5.3212,0,84.036,0,0,0,0,0,5.3212,0,0,0,0,75.186,14.172,0,0,5.3212,0,0,0,0,0,1,0,0,1,0,0,0,0,1,0,0,0
16.46,0,8.2301,0,0,67.08,0,0,0,0,8.2301,0,0,8.2301,0,33.54,41.77,0,0,0,8.2301,8.2301,0,8.2301,8.2301,0,25.31,50,0,8.2301,0,0,0,0,0,0,0,1,0,0,1,0,0,0,0,1,0,0,0
0,0,0,0,0,100,0,0,0,0,0,0,0,0,0,0,100,0,0,0,0,0,0,0,0,0,0,100,0,0,0,0,0,0,0,0,0,1,0,0,1,0,0,0,0,1,0,0,0
0,0,0,0,0,100,0,0,0,0,0,0,0,0,0,12.948,87.052,0,0,0,0,0,0,0,0,0,12.948,74.103,12.948,0,0,0,0,0,0,0,0,1,0,0,1,0,0,0,0,1,0,0,0
11.921,11.921,3.74,0,20.101,36.657,0,3.74,3.74,8.1806,0,3.74,0,0,0,36.758,31.221,8.1806,0,0,8.1806,11.921,0,3.74,23.841,9.1765,0,35.661,0,3.74,8.1806,15.661,0,0,0,0,0,1,0,0,1,0,0,0,0,1,0,0,0
0,0,5.3478,0,0,89.304,0,0,0,5.3478,0,0,0,0,0,10.696,89.304,0,0,0,0,0,0,5.3478,0,0,0,89.304,0,0,5.3478,0,0,0,0,0,0,1,0,0,1,0,0,0,0,1,0,0,0
0,0,11.106,0,0,77.787,0,0,0,11.106,0,0,0,0,0,36.106,63.894,0,0,0,0,0,0,11.106,0,13.894,0,50,13.894,0,11.106,0,0,0,0,0,0,1,0,0,1,0,0,0,0,1,0,0,0
0,0,0,0,0,100,0,0,0,0,0,0,0,0,0,0,100,0,0,0,0,0,0,0,0,0,0,100,0,0,0,0,0,0,0,0,0,1,0,0,1,0,0,0,0,1,0,0,0
0,0,0,0,0,100,0,0,0,0,0,0,0,0,0,7.5473,92.453,0,0,0,0,0,0,0,0,0,7.5473,61.635,30.818,0,0,0,0,0,0,0,0,1,0,0,1,0,0,0,0,1,0,0,0
0,0,0,0,0,100,0,0,0,0,0,0,0,0,0,7.8586,92.141,0,0,0,0,0,0,0,0,3.1575,4.7011,66.726,25.416,0,0,0,0,0,0,0,0,1,0,0,1,0,0,0,0,1,0,0,0
0,0,0,0,0,100,0,0,0,0,0,0,0,0,0,0,92.516,7.4843,0,0,0,0,0,0,0,0,7.4843,72.133,20.383,0,0,0,0,0,0,0,0,1,0,0,1,0,0,0,0,1,0,0,0
0,0,0,0,0,100,0,0,0,0,0,0,0,0,0,0,100,0,0,0,0,0,0,0,0,0,0,84.713,15.287,0,0,0,0,0,0,0,0,1,0,0,1,0,0,0,0,1,0,0,0
0,0,0,0,0,100,0,0,0,0,0,0,0,0,0,0,100,0,0,0,0,0,0,0,0,0,0,100,0,0,0,0,0,0,0,0,0,1,0,0,1,0,0,0,0,1,0,0,0
0,0,0,0,0,100,0,0,0,0,0,0,0,0,0,0,100,0,0,0,0,0,0,0,0,0,0,100,0,0,0,0,0,0,0,0,0,1,0,0,1,0,0,0,0,1,0,0,0
0,0,0,0,0,100,0,0,0,0,0,0,0,0,0,0,100,0,0,0,0,0,0,0,0,0,0,100,0,0,0,0,0,0,0,0,0,1,0,0,1,0,0,0,0,1,0,0,0
0,0,0,0,0,100,0,0,0,0,0,0,0,0,0,0,100,0,0,0,0,0,0,0,0,0,0,100,0,0,0,0,0,0,0,0,0.061728,0.93827,0,0,1,0,0,0,0,1,0,0,0
0,0,0,0,0,100,0,0,0,0,0,0,0,0,0,0,100,0,0,0,0,0,0,0,0,0,0,100,0,0,0,0,0,0,0,0,0.077778,0.92222,0,0,1,0,0,0,0,1,0,0,0
0,0,0,0,0,100,0,0,0,0,0,0,0,0,0,0,100,0,0,0,0,0,0,0,0,0,0,100,0,0,0,0,0,0,0,0,0.11111,0.88889,0,0,1,0,0,0,0,1,0,0,0
0,0,0,0,0,100,0,0,0,0,0,0,0,0,0,17.002,72.835,10.162,0,0,0,0,0,0,0,0,27.165,58.617,14.218,0,0,0,0,0,0,0,0,1,0,0,1,0,0,0,0,1,0,0,0
0,0,0,0,0,100,0,0,0,0,0,0,0,0,0,0,93.715,6.285,0,0,0,0,0,0,0,0,6.285,81.792,11.923,0,0,0,0,0,0,0,0,1,0,0,1,0,0,0,0,1,0,0,0
0,0,0,0,0,100,0,0,0,0,0,0,0,0,0,13.55,66.951,19.499,0,0,0,0,0,0,0,0,33.049,58.063,8.8886,0,0,0,0,0,0,0,0,1,0,0,1,0,0,0,0,1,0,0,0
0,0,10.67,0,0,83.995,0,0,0,0,5.335,0,0,0,0,8.6485,75.346,0,0,0,10.67,5.335,0,5.335,5.335,0,8.6485,66.698,8.6485,5.335,0,0,0,0,0,0,0,1,0,0,1,0,0,0,0,1,0,0,0
0,0,0,0,0,100,0,0,0,0,0,0,0,0,0,0,100,0,0,0,0,0,0,0,0,0,0,100,0,0,0,0,0,0,0,0,0,1,0,0,1,0,0,0,0,1,0,0,0
0,0,0,0,0,100,0,0,0,0,0,0,0,0,0,0,100,0,0,0,0,0,0,0,0,0,0,100,0,0,0,0,0,0,0,0,0,1,0,0,1,0,0,0,0,1,0,0,0
0,4.0528,31.977,0,11.487,24.944,0,0,12.958,9.3239,5.2562,5.6896,4.0528,6.0033,9.6376,0,29.503,6.9416,5.4708,0.92491,10.447,21.329,5.9027,26.407,17.917,0,10.876,6.8127,0.92491,13.969,5.6896,11.501,0,0,0,0,0.47222,0.52778,0,0,1,0,0,0,0,1,0,0,1
0,4.2205,8.2236,0,13.417,44.394,0,0,10.927,14.598,4.2205,0,4.2205,1.6235,9.197,0,47.747,7.5735,1.6235,0,7.5735,20.441,4.2205,6.6001,16.977,0,6.6001,28.125,4.6923,17.638,8.4409,6.7061,0,0,0,0,0.071429,0.92857,0,0,1,0,0,0,0,1,0,0,0
0,11.163,24.16,0,14.568,17.54,0,1.2263,11.925,9.2177,10.201,7.899,11.163,3.0479,7.0842,1.4912,22.711,7.7265,7.9758,2.464,4.0362,24.401,17.317,19.874,12.04,0,8.8028,1.2263,3.9552,14.659,10.558,11.568,0,0,0,0,0,1,0,0,1,0,0,0,0,1,0,0,1
0,5.0357,19.939,0,20.041,0,0,0,24.975,24.975,5.0357,19.939,5.0357,9.9694,15.005,0,0,15.005,0,0,5.0357,30.01,5.0357,29.908,0,0,0,0,0,25.076,30.01,9.9694,0,0,0,0,0,1,0,0,1,0,0,0,0,1,0,0,1
0,0,0,0,0,100,0,0,0,0,0,0,0,0,0,0,100,0,0,0,0,0,0,0,0,0,0,100,0,0,0,0,0,0,0,0,0,1,0,0,1,0,0,0,0,1,0,0,0
0,0,0,0,0,100,0,0,0,0,0,0,0,0,0,0,100,0,0,0,0,0,0,0,0,0,0,100,0,0,0,0,0,0,0,0,0,1,0,0,1,0,0,0,0,1,0,0,0
0,0,0,0,0,100,0,0,0,0,0,0,0,0,0,0,100,0,0,0,0,0,0,0,0,0,0,100,0,0,0,0,0,0,0,0,0.044944,0.95506,0,0,1,0,0,0,0,1,0,0,0
0,0,0,0,0,100,0,0,0,0,0,0,0,0,0,0,100,0,0,0,0,0,0,0,0,0,0,100,0,0,0,0,0,0,0,0,0,1,0,0,1,0,0,0,0,1,0,0,0
0,0,0,0,0,100,0,0,0,0,0,0,0,0,0,0,100,0,0,0,0,0,0,0,0,0,0,100,0,0,0,0,0,0,0,0,0,1,0,0,1,0,0,0,0,1,0,0,0
0,0,0,0,0,100,0,0,0,0,0,0,0,0,0,0,100,0,0,0,0,0,0,0,0,0,0,100,0,0,0,0,0,0,0,0,0,1,0,0,1,0,0,0,0,1,0,0,0
0,0,2.4713,24.899,23.866,33.098,1.9612,13.705,0,0,0,11.546,5.0716,4.5789,19.851,5.204,4.4325,36.069,6.5912,3.9225,2.7327,0,0,9.3238,0,1.9612,0,10.775,19.851,0,23.407,29.478,5.204,0,0,0,0.44571,0.55429,0,0,1,0,0,0,0,1,0,0,1
0,0,9.6764,30.725,28.305,21.844,3.2159,6.2332,0,0,0,3.0173,13.307,1.892,10.091,7.9691,8.3525,37.186,9.6764,5.1079,3.4007,0,1.892,13.077,0,3.2159,0,1.5087,10.091,0,24.521,31.293,14.401,0,0,0,0.16216,0.83784,0,0,1,0,0,0,0,1,0,0,1
0,0,7.1951,17.682,30.263,27.98,5.1114,11.769,0,0,0,3.9286,2.9358,9.7844,7.9894,4.2593,8.5848,36.656,8.9481,14.764,2.15,0,2.15,16.425,0,5.1114,0,11.431,7.9894,0,25.408,21.354,10.131,0,0,0,0.29851,0.70149,0,0,1,0,0,0,0,1,0,0,1
0,0,4.7873,23.709,21.848,43.008,0,6.648,0,0,0,6.648,0,4.4747,4.4747,8.1113,19.998,32.971,4.7873,15.211,3.324,0,15.211,8.1113,0,0,0,18.535,4.4747,0,17.373,28.183,8.1113,0,0,0,0.375,0.625,0,0,1,0,0,0,0,1,0,0,1
0,0,10.507,15.065,7.2524,49.119,15.434,2.6226,0,0,0,9.3655,0,0,10.329,4.6298,47.112,12.586,0,7.1085,2.0071,6.8617,10.579,7.4772,2.8725,0,0,41.761,2.8725,2.6226,11.123,18.686,2.0071,0,0,0,0.012987,0.98701,0,0,1,0,0,0,0,1,0,0,1
0,0,12.586,31.875,0,41.448,8.8913,5.1989,0,0,0,21.477,0,0,5.1989,10.398,36.249,3.6924,0,17.785,0,5.1989,3.6924,10.398,8.8913,0,0,25.17,3.6924,0,17.785,30.371,0,0,0,0,0,1,0,0,1,0,0,0,0,1,0,0,1
0,0,13.253,25.406,7.0588,32.426,18.308,3.5488,0,0,0,6.646,0,0,22.27,10.195,21.818,25.78,0,3.5488,3.0972,6.646,14.759,7.0975,3.5488,0,0,24.502,0,0,13.705,29.328,7.0588,0,0,0,0,1,0,0,1,0,0,0,0,1,0,0,1
0,0,28.353,13.845,32.992,24.811,0,0,0,0,0,9.1831,0,0,15.605,3.1402,21.671,9.5847,14.247,6.0429,10.942,9.5847,0,0,0,0,0,12.323,0,0,34.372,50.164,3.1402,0,0,0,0.014925,0.98507,0,0,1,0,0,0,0,1,0,0,1
0,0,20.746,23.641,25.091,26.271,2.1255,2.1255,0,0,0,6.2714,0,0,24.278,4.251,28.23,9.013,9.7797,6.2714,6.278,5.6272,0,4.251,2.1255,0,0,13.112,0,0,25.085,52.671,2.7556,0,0,0,0,1,0,0,1,0,0,0,0,1,0,0,1
0,0,42.116,6.8982,17.793,33.193,0,0,0,0,0,4.0669,0,0,11.334,4.0669,31.589,22.228,9.2907,0,4.0669,13.358,0,0,0,0,0,15.032,0,0,21.86,54.606,8.5022,0.26667,0,0.1,0.13333,0.5,0,0,1,0,0,0,0,1,0,0,0
0,0,19.624,18.2,40.864,21.311,0,0,0,0,0,2.7422,0,0,33.86,2.7422,21.109,11.6,11.231,0,13.973,2.7422,0,0,0,0,0,12.453,0,0,32.375,48,7.1709,0,0,0.034483,0.017241,0.94828,0,0,1,0,0,0,0,1,0,0,1
12.684,0,13.416,6.7087,0,32.75,10.011,8.9859,15.445,0,0,14.691,7.7112,0,8.9859,0,33.504,10.011,19.393,0,5.7048,0,12.684,15.716,9.7176,10.011,0,19.061,13.688,0,0,19.122,0,0.009901,0,0,0,0.9901,0,0,1,0,0,0,0,1,0,0,1
0,0,19.575,7.9619,0,26.912,0,6.2127,26.912,6.2127,6.2127,12.425,0,13.05,0,0,41.087,6.2127,21.012,0,0,6.2127,19.263,12.738,0,0,6.2127,12.738,7.9619,0,6.5251,34.562,0,0.0082645,0,0.0082645,0.041322,0.94215,0,0,1,0,0,0,0,1,0,0,1
0,0,32.139,8.9307,39.993,18.938,0,0,0,0,0,5.737,0,0,17.861,5.737,13.201,13.201,16.395,0,14.668,13.201,0,0,0,0,0,11.474,0,0,36.799,45.99,5.737,0.25806,0,0.064516,0.096774,0.58065,0,0,1,0,0,0,0,1,0,0,1
0,0,0,0,0,100,0,0,0,0,0,0,0,0,0,18.117,81.883,0,0,0,0,0,0,0,0,5.02,13.097,58.954,22.929,0,0,0,0,0,0,0,0,1,0,0,1,0,0,0,0,1,0,0,0
0,4.6867,0,0,0,78.898,2.9321,0,7.6188,2.9321,2.9321,4.6867,0,0,0,12.306,57.256,15.201,0,0,4.6867,5.8641,0,2.9321,2.9321,0,0,48.497,30.401,4.6867,0,2.9321,7.6188,0,0,0,1,0,0,0,1,0,0,0,0,1,0,0,0
2.7014,5.1493,3.1211,0,0,79.874,1.6765,0,4.1244,1.6765,1.6765,2.448,0,0,0,12.815,57.913,12.5,3.1211,0,2.448,8.7557,0,7.4989,1.6765,2.7014,0,48.633,31.241,2.448,0,1.6765,4.1244,0,0,0,1,0,0,0,1,0,0,0,0,1,0,0,0
0,25.523,0,0,0,44.22,4.5132,0,10.615,4.5132,10.615,0,13.32,0,0,10.615,29.784,25.051,6.1018,0,0,15.128,6.1018,10.615,23.935,6.1018,0,35.194,9.0264,0,0,4.5132,4.5132,0,0,0,1,0,0,0,1,0,0,0,0,1,0,0,0
3.0473,16.212,4.7326,0,0,52.491,3.2127,0,10.256,4.7121,5.3363,3.2127,2.1236,8.7678,0,11.301,32.706,15.965,11.433,3.0603,0,11.431,4.6594,10.076,4.2472,11.813,0,27.507,19.257,1.5199,3.2127,1.5199,16.189,0,0,0,1,0,0,0,1,0,0,0,0,1,0,0,0
1.5809,25.51,4.1804,0,0,24.586,8.2665,0,17.409,8.8289,9.6381,2.5995,6.0705,7.8378,0,12.733,20.928,13.318,9.1656,8.8794,0,18.467,9.1656,12.238,17.808,14.95,0,9.0944,6.1166,6.2799,2.5995,2.549,19.199,0,0,0,0.18421,0.81579,0,0,1,0,0,0,0,1,0,0,1
0,20,20,0,0,40,0,0,0,0,20,0,20,20,0,0,40,0,0,0,20,0,0,20,40,0,0,0,40,0,0,0,0,0,0,0,0,1,0,0,1,0,0,0,0,1,0,0,0
0,0,0,8.0622,0,76.828,0,0,0,0,15.11,0,5.3582,0,0,0,87.151,0,0,2.704,0,4.7866,0,0,0,0,0,72.041,15.11,0,0,7.4906,5.3582,0,0,0,0,1,0,0,1,0,0,0,0,1,0,0,0
0,0,0,0,0,100,0,0,0,0,0,0,0,0,0,11.577,88.423,0,0,0,0,0,0,0,0,11.577,0,66.294,22.129,0,0,0,0,0,0,0,0,1,0,0,1,0,0,0,0,1,0,0,0
0,24.93,0,0,0,43.1,0,11.064,15.441,0,5.4649,0,5.4649,4.988,0,18.989,21.04,25.065,18.989,0,0,5.4649,10.453,16.529,10.93,14.001,0,29.576,8.5357,0,0,0,9.9759,0,0,0,1,0,0,0,1,0,0,0,0,1,0,0,0
0,0,0,0,0,50,38.087,11.913,0,0,0,0,0,0,0,0,88.087,11.913,0,0,0,0,0,11.913,0,38.087,0,50,0,0,0,0,0,0,0,0,0.65306,0.34694,0,0,1,0,0,0,0,1,0,0,0
0,13.858,6.4283,0,0,45.532,7.7301,0,10.991,7.7301,7.7301,6.4283,3.202,11.273,0,10.374,25.828,18.362,15.501,0,0,9.0319,4.8445,14.158,4.5038,4.2278,0,27.428,6.8313,0,6.4283,1.3018,30.276,0,0,0,0.17391,0.82609,0,0,1,0,0,0,0,1,0,0,1
0,0,0,0,0,100,0,0,0,0,0,0,0,0,0,0,100,0,0,0,0,0,0,0,0,0,0,70.019,29.981,0,0,0,0,0,0,0,0,1,0,0,1,0,0,0,0,1,0,0,0
0,11.552,0,0,0,61.552,13.448,13.448,0,0,0,0,11.552,0,0,0,51.896,36.552,0,0,0,0,0,13.448,11.552,13.448,0,61.552,0,0,0,0,0,0,0,0,0.9,0.1,0,0,1,0,0,0,0,1,0,0,0
0,0,0,0,0,54.871,28.518,16.611,0,0,0,0,0,0,6.4187,0,72.1,21.482,0,0,0,0,6.4187,10.192,0,28.518,0,54.871,0,0,0,0,0,0,0,0,0,1,0,0,1,0,0,0,0,1,0,0,0
0,0,0,0,0,60.078,39.922,0,0,0,0,0,0,0,0,0,89.922,10.078,0,0,0,0,0,0,0,39.922,0,60.078,0,0,0,0,0,0,0,0,0,1,0,0,1,0,0,0,0,1,0,0,0
0,0,0,0,0,100,0,0,0,0,0,0,0,0,0,0,100,0,0,0,0,0,0,0,0,0,0,100,0,0,0,0,0,0,0,0,0,1,0,0,1,0,0,0,0,1,0,0,0
0,0,0,0,0,62.835,31.133,6.0315,0,0,0,0,0,0,0,4.635,84.698,10.667,0,0,0,0,0,6.0315,0,26.498,4.635,62.835,0,0,0,0,0,0,0,0,0,1,0,0,1,0,0,0,0,1,0,0,0
0,0,0,0,0,90.891,9.1092,0,0,0,0,0,0,0,0,0,90.891,9.1092,0,0,0,0,0,0,0,9.1092,0,90.891,0,0,0,0,0,0,0,0,0,1,0,0,1,0,0,0,0,1,0,0,0
3.3256,3.437,6.7626,0,0,60.688,4.8119,0,8.1375,8.026,4.8119,3.437,0,9.9768,0,11.43,48.111,7.4447,0,6.7626,0,12.838,0,8.2489,1.3748,6.7626,0,42.361,15.001,3.3256,3.437,4.7004,14.789,0,0,0,1,0,0,0,1,0,0,0,0,1,0,0,0
6.0579,6.0579,0,0,0,62.423,0,0,25.461,0,0,12.731,0,0,0,12.731,49.693,0,0,12.731,0,12.116,0,6.0579,0,6.0579,0,62.423,0,0,0,12.731,12.731,0,0,0,1,0,0,0,1,0,0,0,0,1,0,0,0
0,0,0,0,0,100,0,0,0,0,0,0,0,0,0,0,100,0,0,0,0,0,0,0,0,0,0,100,0,0,0,0,0,0,0,0,0,1,0,0,1,0,0,0,0,1,0,0,0
0,6.3643,29.09,0,0,58.181,0,0,0,6.3643,0,0,0,6.3643,0,6.3643,51.817,6.3643,0,6.3643,0,22.726,0,6.3643,6.3643,0,0,6.3643,51.817,0,0,0,29.09,0,0,0,0.2,0.8,0,0,1,0,0,0,0,1,0,0,1
2.3166,15.035,9.4561,0,0,34.014,12.033,0,10.809,7.5663,8.7705,7.8175,0,5.2262,0,10.572,36.605,7.5663,3.5876,11.006,0,17.619,1.8752,20.543,5.854,11.684,0,17.514,9.6497,3.2624,7.8175,0.953,20.847,0,0,0,1,0,0,0,1,0,0,0,0,1,0,0,0
6.6928,12.018,10.251,0,0,34.318,7.6672,0,5.568,20.508,2.9778,2.2172,0,19.866,0,3.9865,21.477,15.701,2.2172,12.723,0,21.813,0,10.306,8.676,11.382,0,13.049,9.5545,9.4969,2.2172,5.568,29.75,0,0,0,1,0,0,0,1,0,0,0,0,1,0,0,1
1.4281,12.158,11.374,0,0,42.868,12.158,0,4.9986,11.444,3.5705,3.5705,0,4.2844,0,3.5705,36.031,17.568,0,13.587,0,21.39,0,7.1411,8.5879,13.587,0,7.5518,25.3,10.016,3.5705,1.4281,22.818,0,0,0,0.25397,0.74603,0,0,1,0,0,0,0,1,0,0,1
0,0,0,0,0,78.881,0,0,21.12,0,0,10.56,0,0,0,4.5205,74.36,0,0,4.5205,6.0393,0,0,0,0,0,0,78.881,0,0,0,10.56,10.56,0,0,0,0.02381,0.97619,0,0,1,0,0,0,0,1,0,0,0
0,0,0,0,0,93.198,0,0,6.8023,0,0,0,0,0,0,0,93.198,0,0,6.8023,0,0,0,0,0,0,0,93.198,0,0,0,0,6.8023,0,0,0,0.016949,0.98305,0,0,1,0,0,0,0,1,0,0,0
0,0,14.032,0,0,85.968,0,0,0,0,0,0,0,0,0,0,85.968,0,0,0,0,14.032,0,0,0,0,0,57.903,28.064,0,0,0,14.032,0,0,0,0,1,0,0,1,0,0,0,0,1,0,0,0
0,0,0,0,0,100,0,0,0,0,0,0,0,0,0,0,100,0,0,0,0,0,0,0,0,0,0,100,0,0,0,0,0,0,0,0,0,1,0,0,1,0,0,0,0,1,0,0,0
0,0,0,0,0,100,0,0,0,0,0,0,0,0,0,0,100,0,0,0,0,0,0,0,0,0,0,100,0,0,0,0,0,0,0,0,0,1,0,0,1,0,0,0,0,1,0,0,0
0,0,18.276,0,0,81.724,0,0,0,0,0,0,0,0,0,0,81.724,0,0,0,0,18.276,0,0,0,0,0,81.724,0,0,0,0,18.276,0,0,0,0,1,0,0,1,0,0,0,0,1,0,0,0
0,0,0,0,0,100,0,0,0,0,0,0,0,0,0,0,100,0,0,0,0,0,0,0,0,0,0,100,0,0,0,0,0,0,0,0,0,1,0,0,1,0,0,0,0,1,0,0,0
2.2248,25.162,6.2023,0,0,28.5,5.864,0,9.9905,10.314,11.743,3.9775,9.426,10.652,0,7.7657,16.957,21.062,9.8567,2.2248,0,18.079,5.8792,15.721,17.192,8.104,0,16.3,5.9978,2.2248,3.9775,4.1113,20.493,0,0,0,0.97368,0.026316,0,0,1,0,0,0,0,1,0,0,0
2.3576,15.103,17.461,0,0,26.939,7.982,0,6.6613,15.514,7.982,7.982,0,17.872,0,11.425,19.407,13.157,3.6783,13.782,0,12.697,0,23.085,7.121,6.6613,0,7.121,13.782,2.3576,7.982,2.3576,29.532,0,0,0,0.63265,0.36735,0,0,1,0,0,0,0,1,0,0,1
0,0,13.393,0,0,53.162,0,0,33.445,0,0,13.188,7.0685,0,0,0,59.487,0,0,0,0,20.257,6.3245,7.0685,0,0,7.0685,39.025,7.0685,0,13.188,20.257,0,0,0,0,0,1,0,0,1,0,0,0,0,1,0,0,0
0,0,4.0977,0,0,82.728,0,0,13.174,0,0,8.6359,0,0,0,0,86.826,0,0,0,0,4.5381,4.0977,0,0,0,0,78.631,4.0977,0,8.6359,4.5381,0,0,0,0,0,1,0,0,1,0,0,0,0,1,0,0,0
0,0,14.455,0,3.1031,38.516,0,0,40.027,3.8992,0,17.534,6.2062,6.2062,0,0,50.664,0,0,10.105,0,9.2844,8.2492,3.1031,3.1031,0,3.8992,26.367,8.2492,0,27.639,16.287,3.1031,0,0,0,0,1,0,0,1,0,0,0,0,1,0,0,0
0,0,24.288,0,0,62.144,0,0,13.568,0,0,6.7838,0,0,0,0,86.432,0,0,0,0,6.7838,24.288,0,0,0,0,62.144,0,0,6.7838,6.7838,0,0,0,0,0,1,0,0,1,0,0,0,0,1,0,0,0
0,0,0,0,0,100,0,0,0,0,0,0,0,0,0,0,100,0,0,0,0,0,0,0,0,0,0,100,0,0,0,0,0,0,0,0,0,1,0,0,1,0,0,0,0,1,0,0,0
0,0,0,0,0,100,0,0,0,0,0,0,0,0,0,0,100,0,0,0,0,0,0,0,0,0,0,100,0,0,0,0,0,0,0,0,0,1,0,0,1,0,0,0,0,1,0,0,0
0,0,0,0,0,100,0,0,0,0,0,0,0,0,0,0,100,0,0,0,0,0,0,0,0,0,0,100,0,0,0,0,0,0,0,0,0,1,0,0,1,0,0,0,0,1,0,0,0
0,0,0,0,0,100,0,0,0,0,0,0,0,0,0,0,100,0,0,0,0,0,0,0,0,0,0,100,0,0,0,0,0,0,0,0,0,1,0,0,1,0,0,0,0,1,0,0,0
0,0,0,0,0,100,0,0,0,0,0,0,0,0,0,0,100,0,0,0,0,0,0,0,0,0,0,100,0,0,0,0,0,0,0,0,0,1,0,0,1,0,0,0,0,1,0,0,0
0,0,0,0,0,100,0,0,0,0,0,0,0,0,0,0,100,0,0,0,0,0,0,0,0,0,0,100,0,0,0,0,0,0,0,0,0,1,0,0,1,0,0,0,0,1,0,0,0
0,0,0,0,0,100,0,0,0,0,0,0,0,0,0,0,100,0,0,0,0,0,0,0,0,0,0,100,0,0,0,0,0,0,0,0,0,1,0,0,1,0,0,0,0,1,0,0,0
0,0,0,0,0,100,0,0,0,0,0,0,0,0,0,0,100,0,0,0,0,0,0,0,0,0,0,100,0,0,0,0,0,0,0,0,0,1,0,0,1,0,0,0,0,1,0,0,0
0,0,2.2009,37.196,28.666,20.474,2.2009,9.2624,0,0,0,7.0615,5.8181,10.759,11.809,3.5308,2.5668,45.389,2.2009,4.7677,6.0975,0,2.5668,8.2984,0,2.2009,0,3.5308,11.809,0,15.34,48.321,7.9326,0,0,0,0.36364,0.63636,0,0,1,0,0,0,0,1,0,0,1
0,0,0,0,0,100,0,0,0,0,0,0,0,0,0,0,100,0,0,0,0,0,0,0,0,0,0,100,0,0,0,0,0,0,0,0,0,1,0,0,1,0,0,0,0,1,0,0,0
0,0,0,0,0,100,0,0,0,0,0,0,0,0,0,0,100,0,0,0,0,0,0,0,0,0,0,100,0,0,0,0,0,0,0,0,0,1,0,0,1,0,0,0,0,1,0,0,0
0,0,0,0,0,59.098,11.354,29.549,0,0,0,0,0,0,11.354,18.195,40.902,29.549,0,0,0,0,29.549,0,0,11.354,0,59.098,0,0,0,0,0,0,0,0,0.92453,0.075472,0,0,1,0,0,0,0,1,0,0,0
0,0,0,0,0,55.43,28.59,15.98,0,0,0,0,0,0,9.1095,19.969,53.191,17.73,0,0,0,0,9.1095,6.8706,0,17.73,10.86,55.43,0,0,0,0,0,0,0,0,0,1,0,0,1,0,0,0,0,1,0,0,0
0,0,0,0,0,90.625,0,0,0,9.3753,0,0,0,0,0,0,90.625,0,0,0,0,9.3753,0,0,9.3753,0,0,80.322,10.303,0,0,0,0,0,0,0,0,1,0,0,1,0,0,0,0,1,0,0,0
0,0,0,0,0,70.458,0,29.542,0,0,0,0,0,0,15.088,15.088,28.908,40.915,0,0,0,0,29.542,0,0,0,14.454,56.003,0,0,0,0,0,0,0,0,0.92593,0.074074,0,0,1,0,0,0,0,1,0,0,0
0,0,0,0,0,69.99,12.582,17.429,0,0,0,0,0,0,5.067,9.3902,52.772,32.771,0,0,0,0,17.429,0,0,10.153,30.361,39.401,2.6569,0,0,0,0,0,0,0,0,1,0,0,1,0,0,0,0,1,0,0,0
0,0,0,0,0,73.346,21.791,4.8623,0,0,0,0,0,0,4.8623,8.6399,73.346,13.151,0,0,0,0,4.8623,0,0,18.121,8.6399,63.407,4.9695,0,0,0,0,0,0,0,0,1,0,0,1,0,0,0,0,1,0,0,0
0,0,0,0,0,72.458,12.098,0,7.722,7.722,0,0,0,0,0,6.0491,80.18,6.0491,0,7.722,0,0,0,0,0,6.0491,13.771,56.95,7.7861,0,7.722,7.722,0,0,0,0,0,1,0,0,1,0,0,0,0,1,0,0,0
0,0,0,0,0,85.665,14.335,0,0,0,0,0,0,0,0,12.054,57.176,30.77,0,0,0,0,0,0,0,7.1674,30.77,48.673,13.389,0,0,0,0,0,0,0,0,1,0,0,1,0,0,0,0,1,0,0,0
0,4.0132,0,0,0,83.403,4.5578,0,0,4.0132,4.0132,0,4.0132,0,0,4.5578,83.403,4.0132,0,4.0132,0,0,0,4.0132,0,4.5578,4.5578,59.185,19.66,4.0132,0,4.0132,0,0,0,0,0,1,0,0,1,0,0,0,0,1,0,0,0
0,3.0319,15.244,0,16.734,15.513,0,0.7754,21.456,16.509,10.736,11.793,3.0319,2.3791,9.5826,1.7123,22.52,12.418,4.1195,2.0598,9.3979,20.986,7.9268,15.241,12.865,0,4.9471,2.9698,3.7721,18.803,16.306,17.168,0,0,0,0,0.40541,0.59459,0,0,1,0,0,0,0,1,0,0,1
0,3.3789,23.917,0,15.096,27.267,0,0,8.9271,11.326,10.088,7.3187,3.3789,5.9153,9.2943,1.7705,28.478,5.8734,7.0546,1.2112,8.4111,21.294,5.8014,16.841,17.72,0,9.2642,9.8297,2.9817,19.779,14.077,3.7057,0,0,0,0,0.22222,0.77778,0,0,1,0,0,0,0,1,0,0,1
0,0,18.407,0,24.455,18.09,0,0,20.451,8.6372,9.9597,7.1505,0,2.6819,4.1687,10.327,14.23,17.879,11.556,15.307,1.4867,15.214,9.9597,12.916,6.1667,0,15.007,0,4.9798,9.1485,17.477,24.345,0,0,0,0,0,1,0,0,1,0,0,0,0,1,0,0,1
0,2.6628,33.879,4.8809,5.7315,19.651,0,4.8855,20.691,4.363,3.2564,9.2485,0,23.146,2.4751,0,18.616,12.757,19.705,1.6282,0,12.424,18.597,17.17,4.8782,2.6628,4.4335,6.5612,6.5137,4.1033,20.691,14.39,0,0,0,0,0,1,0,0,1,0,0,0,0,1,0,0,1
0,0.87804,16.002,0,10.668,28.466,0,1.2922,20.644,13.823,8.2255,19.056,0.87804,6.7815,6.6306,9.2144,27.836,8.7468,4.601,3.1593,2.1148,10.981,4.436,14.874,19.255,0,10.359,2.4251,6.0552,8.3867,22.52,11.69,0,0,0,0,0,1,0,0,1,0,0,0,0,1,0,0,1
0,4.7245,11.809,9.5726,2.2364,23.872,0,9.1597,24.991,6.2582,7.3764,15.418,0,8.7442,0,0,25.406,25.403,7.0846,1.1182,0,16.825,12.225,10.983,4.7245,4.7245,9.9882,5.14,5.138,1.1182,14.711,31.249,0,0,0,0,0,1,0,0,1,0,0,0,0,1,0,0,1
0,0,10.269,4.3386,5.9301,27.909,0,0,19.089,14.75,17.715,26.535,0,0,0,11.785,30.874,11.642,10.269,2.9651,0,5.9301,10.269,2.9651,23.57,0,4.3386,0,14.75,2.9651,30.874,10.269,0,0.017241,0.034483,0.017241,0.17241,0.75862,0,0,1,0,0,0,0,1,0,0,1
0,0,22.125,0,4.1014,52.458,0,0,8.2028,4.1014,9.0118,0,0,0,4.1014,0,56.559,4.1014,0,0,22.125,13.113,0,13.113,17.215,0,4.1014,44.255,0,13.113,0,8.2028,0,0,0,0,0.22,0.78,0,0,1,0,0,0,0,1,0,0,0
0,0,0,0,0,85.568,0,14.432,0,0,0,0,0,0,0,28.608,42.784,28.608,0,0,0,0,14.432,0,0,0,0,71.392,14.176,0,0,0,0,0,0,0,1,0,0,0,1,0,0,0,0,1,0,0,0
0,0,0,0,0,77.75,12.203,10.047,0,0,0,0,0,0,0,8.055,67.888,24.057,0,0,0,0,10.047,0,0,8.055,27.963,40.167,13.768,0,0,0,0,0,0,0,0.45238,0.54762,0,0,1,0,0,0,0,1,0,0,0
0,0,0,0,0,100,0,0,0,0,0,0,0,0,0,12.026,68.731,19.243,0,0,0,0,0,0,0,0,0,57.73,42.27,0,0,0,0,0,0,0,0.96552,0.034483,0,0,1,0,0,0,0,1,0,0,0
0,0,0,0,0,100,0,0,0,0,0,0,0,0,0,10.251,56.099,33.649,0,0,0,0,0,0,0,0,0,62.186,37.814,0,0,0,0,0,0,0,1,0,0,0,1,0,0,0,0,1,0,0,0
0,0,0,0,0,92.561,7.439,0,0,0,0,0,0,0,0,17.701,51.512,30.787,0,0,0,0,0,0,0,7.439,38.226,39.644,14.691,0,0,0,0,0,0,0,0.06383,0.93617,0,0,1,0,0,0,0,1,0,0,0
0,0,6.5267,0,0,86.947,0,0,0,6.5267,0,0,0,0,0,0,77.669,9.2773,0,6.5267,6.5267,0,0,6.5267,0,0,9.2773,50.35,27.319,0,6.5267,0,0,0,0,0,0,1,0,0,1,0,0,0,0,1,0,0,0
0,0,0,0,0,100,0,0,0,0,0,0,0,0,0,11.423,71.521,17.055,0,0,0,0,0,0,0,0,0,82.945,17.055,0,0,0,0,0,0,0,1,0,0,0,1,0,0,0,0,1,0,0,0
0,0,0,0,0,85.833,0,0,14.167,0,0,0,0,0,0,0,78.192,7.6405,0,14.167,0,0,0,0,0,0,0,78.192,7.6405,0,0,0,14.167,0,0,0,0.95238,0.047619,0,0,1,0,0,0,0,1,0,0,0
0,0,0,0,0,86.339,0,0,13.661,0,0,0,0,0,0,0,86.339,0,0,13.661,0,0,0,0,0,0,0,86.339,0,0,0,0,13.661,0,0,0,0.97368,0.026316,0,0,1,0,0,0,0,1,0,0,0
0,0,0,0,5.0389,83.874,0,0,11.087,0,0,0,0,5.0389,0,0,83.874,0,0,11.087,0,0,0,0,0,0,0,83.874,0,5.0389,0,0,11.087,0,0,0,0,1,0,0,1,0,0,0,0,1,0,0,0
0,0,0,0,0,90.006,0,0,9.9943,0,0,0,0,0,0,0,90.006,0,0,9.9943,0,0,0,0,0,0,0,90.006,0,0,0,0,9.9943,0,0,0,0,1,0,0,1,0,0,0,0,1,0,0,0
0,0,0,5.7317,0,94.268,0,0,0,0,0,0,0,0,0,0,94.268,5.7317,0,0,0,0,0,0,0,0,0,94.268,0,0,5.7317,0,0,0,0,0,0,1,0,0,1,0,0,0,0,1,0,0,0
0,0,0,0,0,100,0,0,0,0,0,0,0,0,0,0,100,0,0,0,0,0,0,0,0,0,0,100,0,0,0,0,0,0,0,0,0,1,0,0,1,0,0,0,0,1,0,0,0
0,3.0517,8.2642,0,11.271,33.913,0,0,10.605,11.982,20.912,0,20.246,13.612,0,0,42.844,3.0517,0,16.664,0,3.5826,0,8.9751,2.3408,0,3.5826,23.697,6.6343,11.982,22.542,17.905,2.3408,0,0,0,0,1,0,0,1,0,0,0,0,1,0,0,0
0,4.6177,8.4659,1.3277,2.8284,33.497,2.2564,21.104,20.297,0.91588,4.6894,5.6053,13.378,12.483,2.2436,7.8742,39.334,6.4543,0.92866,11.699,0,0,0,25.273,16.697,0.92866,15.714,16.456,0,0,12.895,5.6247,6.4126,0,0,0,0,1,0,0,1,0,0,0,0,1,0,0,0
0,2.6388,11.023,0,4.6501,37.541,0,5.1687,22.102,10.791,6.0846,3.4458,13.662,9.3002,0,1.7229,45.693,4.3617,0,21.814,0,0,0,12.458,8.0959,0,13.321,21.582,2.6388,2.6388,17.452,17.164,4.6501,0,0,0,0,1,0,0,1,0,0,0,0,1,0,0,0
0,1.6672,9.2122,0,1.4285,41.675,0,20.929,21.107,0.83361,3.1472,3.9809,18.775,8.4722,0.83361,11.333,35.25,8.8322,0,12.523,0,0,0,21.524,19.117,4.7816,17.595,24.08,0,0,2.857,3.8357,6.2101,0,0,0,0,1,0,0,1,0,0,0,0,1,0,0,0
0,4.3596,7.0702,3.2809,3.2464,42.349,4.7341,0,4.8805,22.133,7.946,1.4532,9.4337,3.2464,3.2809,4.7341,52.304,1.4532,1.4532,13.744,8.8979,0,0,7.0702,9.0936,1.4532,4.8805,24.546,9.6418,6.5273,18.818,13.235,4.7341,0,0,0,0,1,0,0,1,0,0,0,0,1,0,0,0
0,3.0853,1.7271,11.491,0,18.625,11.944,26.518,22.612,2.9987,1.0002,2.8778,35.667,0.90763,12.569,3.3775,28.106,11.896,0.45362,3.4511,0.69411,0,0,38.978,15.901,0.28252,3.5147,1.1476,0.2913,2.0756,12.581,2.6591,22.57,0,0,0,0,1,0,0,1,0,0,0,0,1,0,0,0
0,0,8.566,0,5.2772,37.435,0,11.39,15.77,7.7022,13.86,3.3056,21.762,11.709,0,1.6528,47.609,1.6528,0,9.355,0,2.9536,0,14.344,7.2652,3.9596,16.769,17.713,2.9536,5.2772,15.451,12.309,3.9596,0,0,0,0,1,0,0,1,0,0,0,0,1,0,0,0
0,31.159,10.906,0.487,0,16.354,10.313,7.5466,10.517,2.4816,10.236,12.676,21.316,1.3661,2.1012,13.877,15.615,10.328,9.8262,12.408,0.487,0,0,17.772,43.248,9.5781,13.523,0.69085,0,1.3134,1.3134,2.4961,10.065,0,0,0,0,1,0,0,1,0,0,0,0,1,0,0,0
0,4.9997,4.7041,0,0,40.505,2.1965,26.99,13.72,1.4016,5.4828,9.0809,8.6295,10.963,3.5981,9.1428,47.309,4.9379,2.1965,4.143,0,0,0,29.981,13.847,1.9627,21.383,19.122,0,0,7.5983,4.143,1.9627,0,0,0,0,1,0,0,1,0,0,0,0,1,0,0,0
0,10.864,4.62,1.647,2.2023,25.531,4.3333,26.485,16.648,4.2866,3.3824,5.7794,14.963,9.5731,6.4309,14.732,28.67,7.0993,2.6863,10.066,0,0,0,30.425,21.981,2.6023,11.814,12.07,0,1.1934,7.7136,5.2954,6.9051,0,0,0,0,1,0,0,1,0,0,0,0,1,0,0,0
0,9.6823,5.7008,3.5123,0,27.777,9.2982,20.515,14.778,1.9772,6.7597,11.959,17.746,1.4155,7.8038,10.281,24.728,12.475,5.7859,7.146,0.65908,0,0,34.353,21.824,2.1605,17.211,5.2383,0,1.5667,5.1694,3.9508,8.5261,0,0,0,0,1,0,0,1,0,0,0,0,1,0,0,0
0,8.0259,3.047,6.3549,0,47.195,6.3549,0,0,24.044,4.979,3.047,14.381,0,6.3549,6.3549,47.456,4.979,0,11.073,6.3549,0,0,8.0259,9.4019,0,3.047,21.133,10.566,14.381,9.4019,17.689,6.3549,0,0,0,0,1,0,0,1,0,0,0,0,1,0,0,0
0,14.271,6.3008,7.3053,0,17.391,11.166,13.567,10.705,15.434,3.8606,5.2051,21.871,1.3446,8.6498,11.777,26.041,7.2826,3.8606,7.6453,6.3234,0,0,21.945,26.781,3.8606,5.2051,2.4402,2.4402,3.8832,9.7455,9.111,14.588,0,0,0,0,1,0,0,1,0,0,0,0,1,0,0,0
0,0,0,0,0,100,0,0,0,0,0,0,0,0,0,0,100,0,0,0,0,0,0,0,0,0,0,100,0,0,0,0,0,0,0,0,0,1,0,0,1,0,0,0,0,1,0,0,0
0,0,0,0,0,100,0,0,0,0,0,0,0,0,0,0,100,0,0,0,0,0,0,0,0,0,0,100,0,0,0,0,0,0,0,0,0,1,0,0,1,0,0,0,0,1,0,0,0
0,0,0,0,0,0,0,0,0,0,0,0,0,0,0,0,0,0,0,0,0,0,0,0,0,0,0,0,0,0,0,0,0,0,0,0,0,1,0,0,1,0,0,0,0,1,0,0,0
0,0,0,0,0,100,0,0,0,0,0,0,0,0,0,0,100,0,0,0,0,0,0,0,0,0,0,100,0,0,0,0,0,0,0,0,0,1,0,0,1,0,0,0,0,1,0,0,0
0,0,0,0,0,100,0,0,0,0,0,0,0,0,0,0,100,0,0,0,0,0,0,0,0,0,0,100,0,0,0,0,0,0,0,0,0,1,0,0,1,0,0,0,0,1,0,0,0
0,0,0,0,0,100,0,0,0,0,0,0,0,0,0,0,100,0,0,0,0,0,0,0,0,0,0,100,0,0,0,0,0,0,0,0,0,1,0,0,1,0,0,0,0,1,0,0,0
0,0,0,0,0,100,0,0,0,0,0,0,0,0,0,0,100,0,0,0,0,0,0,0,0,0,0,100,0,0,0,0,0,0,0,0,0,1,0,0,1,0,0,0,0,1,0,0,0
0,0,0,0,0,100,0,0,0,0,0,0,0,0,0,0,100,0,0,0,0,0,0,0,0,0,0,100,0,0,0,0,0,0,0,0,0,1,0,0,1,0,0,0,0,1,0,0,0
0,0,0,5.2833,0,94.717,0,0,0,0,0,0,0,0,0,5.2833,89.433,0,5.2833,0,0,0,0,0,0,0,0,89.433,5.2833,0,0,5.2833,0,0,0,0,0,1,0,0,1,0,0,0,0,1,0,0,0
0,0,0,0,0,100,0,0,0,0,0,0,0,0,0,0,100,0,0,0,0,0,0,0,0,0,0,100,0,0,0,0,0,0,0,0,0,1,0,0,1,0,0,0,0,1,0,0,0
0,0,0,0,0,100,0,0,0,0,0,0,0,0,0,0,100,0,0,0,0,0,0,0,0,0,0,100,0,0,0,0,0,0,0,0,0,1,0,0,1,0,0,0,0,1,0,0,0
0,0,0,0,0,82.848,5.6613,0,11.49,0,0,0,0,0,5.8289,0,82.681,5.6613,5.8289,0,0,0,0,5.6613,0,5.6613,0,77.02,5.8289,0,0,0,5.8289,0,0,0,0,1,0,0,1,0,0,0,0,1,0,0,0
0,0,0,0,0,100,0,0,0,0,0,0,0,0,0,0,100,0,0,0,0,0,0,0,0,0,0,100,0,0,0,0,0,0,0,0,0,1,0,0,1,0,0,0,0,1,0,0,0
0,3.0449,0,6.1493,0,84.656,6.1493,0,0,0,0,9.1942,6.1493,0,0,3.0449,78.567,0,0,0,0,3.0449,6.1493,0,0,3.0449,0,81.612,0,0,0,9.1942,0,0,0,0,0,1,0,0,1,0,0,0,0,1,0,0,0
3.5598,10.849,0,0,0,57.035,3.5598,3.5598,14.292,7.1458,0,21.554,0,0,10.706,3.703,46.069,3.5598,10.706,0,0,3.703,3.5598,10.706,0,14.409,7.1458,42.626,3.5598,0,0,10.849,7.1458,0,0,0,0,1,0,0,1,0,0,0,0,1,0,0,0
0,6.7148,22.798,0,0,56.482,0,0,10.024,3.9816,0,10.696,0,0,5.1619,5.8342,62.449,3.9816,10.024,0,0,1.8526,0,26.779,0,1.8526,21.917,27.55,5.1619,0,4.8622,6.7148,5.1619,0,0,0.028571,0.042857,0.92857,0,0,1,0,0,0,0,1,0,0,0
0,2.5689,0,2.3822,0,62.384,16.706,0,8.8472,7.1123,0,12.063,4.9809,0,6.2783,7.1419,49.588,4.5433,6.2783,0,6.5276,2.5986,2.3822,7.1123,6.5276,2.5689,16.238,45.035,3.7093,0,0,10.148,6.2783,0,0,0,0,1,0,0,1,0,0,0,0,1,0,0,0
0,9.0966,0,0,0,69.113,6.8194,0,9.9805,4.9902,0,14.087,0,0,4.9902,4.1063,51.387,9.5134,4.9902,0,6.8194,4.1063,0,4.9902,6.8194,9.0966,11.81,53.197,0,0,0,9.0966,4.9902,0,0,0.035088,0.017544,0.94737,0,0,1,0,0,0,0,1,0,0,0
0,1.758,0,3.2961,0,57.159,37.787,0,0,0,0,5.0541,7.601,0,0,12.655,53.643,0,0,0,11.688,9.359,3.2961,0,11.688,1.758,25.881,40.417,0,0,0,16.96,0,0,0,0,0,1,0,0,1,0,0,0,0,1,0,0,0
0,2.7522,0,3.8794,0,52.047,36.036,0,0,5.2854,0,11.917,11.919,0,0,16.077,35.972,5.2854,0,0,8.0391,10.791,3.8794,5.2854,8.0391,2.7522,21.364,35.97,0,0,0,22.71,0,0,0,0,0,1,0,0,1,0,0,0,0,1,0,0,0
0,0,0,0,0,89.612,0,0,0,10.388,0,10.388,0,0,0,10.388,68.837,10.388,0,0,0,0,0,10.388,0,0,10.388,79.225,0,0,0,0,0,0,0,0,0.017241,0.98276,0,0,1,0,0,0,0,1,0,0,0
35.734,15.527,8.1107,0,0,36.295,0,0,4.3334,0,0,32.09,4.3334,4.4668,0,0,32.651,0,0,3.6439,0,22.814,23.637,8.1107,15.741,7.7633,7.7633,16.911,7.9773,0,12.097,0,0,0,0,0,0.5641,0.4359,0,0,1,0,0,0,0,1,0,0,1
0,0,0,0,0,88.874,0,5.5629,0,5.5629,0,0,0,0,0,0,88.874,0,5.5629,5.5629,0,0,5.5629,0,0,0,0,88.874,0,0,5.5629,0,0,0,0,0,0.057143,0.94286,0,0,1,0,0,0,0,1,0,0,1
10.883,8.5312,3.1506,0,0,69.079,0,6.3011,0,2.0559,0,3.1506,2.0559,4.4194,0,0,69.079,3.1506,2.0559,3.1506,12.938,0,3.1506,4.4194,15.781,2.3635,0,60.252,0,0,10.883,0,3.1506,0,0,0,0,1,0,0,1,0,0,0,0,1,0,0,0
0,0,0,0,0,100,0,0,0,0,0,0,0,0,0,0,77.591,22.409,0,0,0,0,0,0,0,0,0,100,0,0,0,0,0,0,0,0,0,1,0,0,1,0,0,0,0,1,0,0,0
1.7437,7.3985,0,0,0,86.947,0,0,3.911,0,0,0,0,0,0,5.6548,90.858,0,0,1.7437,0,1.7437,0,1.7437,1.7437,5.6548,0,86.947,0,0,0,3.911,0,0,0,0,0,1,0,0,1,0,0,0,0,1,0,0,0
0,6.0864,0,0,0,87.827,0,0,6.0864,0,0,0,0,0,0,6.0864,93.914,0,0,0,0,0,0,0,0,6.0864,0,87.827,0,0,0,6.0864,0,0,0,0,0,1,0,0,1,0,0,0,0,1,0,0,0
14.459,11.132,7.3677,0,0,64.508,0,0,2.5331,0,0,0,4.8346,4.2903,6.5919,5.5661,58.46,9.1249,1.7572,3.033,2.5331,3.8088,7.3677,10.401,4.7902,10.401,4.2903,55.383,0,0,4.8346,2.5331,0,0,0,0,0,1,0,0,1,0,0,0,0,1,0,0,0
4.0395,5.6811,0,0,0,85.45,0,2.4145,0,2.4145,0,0,0,2.3979,0,1.6416,85.45,0,2.4145,4.0561,2.3979,1.6416,2.4145,4.0395,1.6416,4.0395,0,83.053,0,0,4.8124,0,0,0,0,0,0,1,0,0,1,0,0,0,0,1,0,0,0
7.4025,21.316,0,0,0,55.081,0,5.7638,0,10.437,0,0,4.6727,7.4025,0,0,55.081,0,10.437,5.7638,16.643,0,5.7638,7.4025,18.586,2.7297,0,47.783,0,0,17.734,0,0,0,0,0,0,1,0,0,1,0,0,0,0,1,0,0,0
17.269,21.944,2.9688,0,0,55.231,0,0,2.5868,0,0,0,10.12,4.7877,3.6334,12.945,42.98,4.9049,6.1473,1.9361,11.274,1.2715,2.9688,10.696,12.295,16.223,3.2075,48.746,0,0,3.2775,2.5868,0,0,0,0,0,1,0,0,1,0,0,0,0,1,0,0,0
11.951,26.62,0,0,0,52.133,0,2.0347,0,7.262,0,0,9.9125,5.2273,0,4.0884,49.489,0,8.5838,3.4795,17.775,1.4448,2.0347,7.9939,26.488,4.0884,0,47.456,0,0,11.939,0,0,0,0,0,0,1,0,0,1,0,0,0,0,1,0,0,0
0,0,0,0,0,47.393,5.2131,0,47.393,0,0,36.967,0,5.2131,0,5.2131,47.393,5.2131,0,0,0,0,5.2131,5.2131,0,5.2131,0,47.393,0,0,36.967,0,0,0,0,0,0,1,0,0,1,0,0,0,0,1,0,0,0
0,0,0,0,8.1257,45.937,0,0,45.937,0,0,8.1257,0,16.251,0,0,37.811,37.811,0,0,0,0,37.811,0,0,8.1257,0,37.811,0,8.1257,8.1257,0,0,0,0,0,0,1,0,0,1,0,0,0,0,1,0,0,0
0,0,0,0,8.8815,75.332,0,0,15.787,0,0,15.787,0,19.848,0,0,64.365,0,0,0,0,0,0,0,0,10.967,0,64.365,0,8.8815,15.787,0,0,0,0,0,0.7037,0.2963,0,0,1,0,0,0,0,1,0,0,0
0,0,0,0,0,100,0,0,0,0,0,0,0,0,0,0,100,0,0,0,0,0,0,0,0,0,0,100,0,0,0,0,0,0,0,0,0,1,0,0,1,0,0,0,0,1,0,0,0
8.455,31.952,7.7173,0,0,41.476,0,0,10.399,0,0,0,2.6252,10.806,3.0891,15.765,28.899,12.068,3.7709,4.0024,10.343,8.6306,7.7173,13.663,10.978,15.765,10.806,29.408,0,0,1.2617,10.399,0,0,0,0,0.043478,0.95652,0,0,1,0,0,0,0,1,0,0,0
20.469,24.936,5.0482,0,0,46.401,0,0,3.1467,0,0,0,5.8544,9.5031,8.258,13.456,26.588,11.405,8.3329,6.3565,7.0996,3.1467,5.0482,13.381,16.666,15.358,9.5031,34.996,0,0,1.9015,3.1467,0,0,0,0,0,1,0,0,1,0,0,0,0,1,0,0,0
0,0,0,0,27.127,72.873,0,0,0,0,0,0,0,0,0,0,45.746,27.127,0,0,0,27.127,0,0,0,0,0,45.746,54.254,0,0,0,0,0,0,0,0,1,0,0,1,0,0,0,0,1,0,0,0
0,0,0,0,26.766,73.234,0,0,0,0,0,0,0,0,0,0,46.468,26.766,0,0,0,26.766,0,0,0,0,0,46.468,53.532,0,0,0,0,0,0,0,0,1,0,0,1,0,0,0,0,1,0,0,0
0,0,0,0,31.078,68.922,0,0,0,0,0,0,0,0,0,0,50,18.922,0,0,0,31.078,0,0,0,0,0,50,50,0,0,0,0,0,0,0,0.16667,0.83333,0,0,1,0,0,0,0,1,0,0,0
0,0,0,0,0,100,0,0,0,0,0,0,0,0,0,0,100,0,0,0,0,0,0,0,0,0,0,100,0,0,0,0,0,0,0,0,0,1,0,0,1,0,0,0,0,1,0,0,0
0,0,0,0,0,100,0,0,0,0,0,0,0,0,0,0,100,0,0,0,0,0,0,0,0,0,0,100,0,0,0,0,0,0,0,0,0,1,0,0,1,0,0,0,0,1,0,0,0
0,0,0,0,0,100,0,0,0,0,0,0,0,0,0,0,85.185,14.815,0,0,0,0,0,0,0,0,0,85.185,14.815,0,0,0,0,0,0,0,0,1,0,0,1,0,0,0,0,1,0,0,0
0,0,0,2.0522,0,56.013,41.934,0,0,0,0,2.0522,7.9112,0,0,38.752,39.567,0,0,0,5.859,5.859,2.0522,0,5.859,0,31.866,46.453,0,0,0,13.77,0,0,0,0,0.63636,0.36364,0,0,1,0,0,0,0,1,0,0,0
6.063,0,22.391,10.265,0,8.1417,0,28.671,24.469,0,0,24.469,6.063,8.1417,0,0,18.406,20.529,6.063,0,16.328,0,6.063,36.857,16.328,0,0,0,8.1417,0,8.1417,24.469,0,0.021277,0,0,0.021277,0.95745,0,0,1,0,0,0,0,1,0,0,1
0,27.749,19.373,0,0,8.376,0,0,36.125,8.376,0,36.125,0,0,8.376,0,27.749,0,27.749,0,0,0,0,27.749,0,8.376,8.376,0,0,0,19.373,27.749,8.376,0,0,0,0.29167,0.70833,0,0,1,0,0,0,0,1,0,0,1
0,0,0,14.677,0,57.661,27.662,0,0,0,0,14.677,3.2461,0,0,17.924,57.661,0,0,0,3.2461,3.2461,14.677,0,3.2461,0,44.2,31.384,0,0,0,6.4922,0,0,0,0,0.85714,0.14286,0,0,1,0,0,0,0,1,0,0,0
7.2286,8.6961,33.079,0,0,39.365,0,0,7.7541,3.877,0,14.983,0,0,3.877,0,72.444,0,3.877,0,0,4.8191,4.8191,36.956,2.4095,6.2866,39.365,0,0,0,2.4095,3.877,3.877,0,0,0,0.077922,0.92208,0,0,1,0,0,0,0,1,0,0,1
0,0,0,5.4997,0,75.094,19.406,0,0,0,0,5.4997,0,0,0,33.313,61.187,0,0,0,0,0,5.4997,0,0,0,24.906,69.594,0,0,0,0,0,0,0,0,0.93878,0.061224,0,0,1,0,0,0,0,1,0,0,0
0,0,0,0,0,100,0,0,0,0,0,0,0,0,0,0,100,0,0,0,0,0,0,0,0,0,33.333,66.667,0,0,0,0,0,0,0,0,1,0,0,0,1,0,0,0,0,1,0,0,0
0,0,0,0,0,100,0,0,0,0,0,0,0,0,0,0,100,0,0,0,0,0,0,0,0,0,0,100,0,0,0,0,0,0,0,0,0,1,0,0,1,0,0,0,0,1,0,0,0
0,1.3652,0,12.11,0,64.227,22.298,0,0,0,0,13.475,5.4111,0,0,16.382,57.338,0,0,0,6.029,1.3652,12.11,0,6.029,1.3652,23.586,50.134,0,0,0,6.7763,0,0,0,0,0.056604,0.9434,0,0,1,0,0,0,0,1,0,0,0
10.702,7.0448,26.686,4.0036,0,34.772,0,0,16.792,0,0,10.608,9.7475,14.281,0,0,30.674,8.0073,3.0411,9.3636,0,14.277,7.1834,26.686,10.657,4.0036,6.2288,14.751,6.6535,0,16.792,7.0448,0,0,0,0,0.40741,0.59259,0,0,1,0,0,0,0,1,0,0,1
23.85,10.052,19.16,2.6091,0,35.172,0,0,9.1563,0,0,23.85,6.5472,15.689,0,0,32.563,5.2181,0,3.471,0,12.661,17.052,19.16,9.407,6.3307,7.1926,22.294,3.0763,0,12.878,2.6091,0,0,0,0,0.4,0.6,0,0,1,0,0,0,0,1,0,0,1
12.649,7.1283,24.32,6.5386,0,25.905,0,2.3291,16.472,2.3291,2.3291,15.351,0,10.55,0,0,26.278,15.406,17.089,1.9564,0,13.37,28.502,9.5605,5.5206,3.5641,12.432,9.5605,1.9564,0,15.378,13.526,0,0,0,0,0.18033,0.81967,0,0,1,0,0,0,0,1,0,0,1
0,7.3779,25.702,7.3779,5.7487,23.613,0,2.1892,23.613,2.1892,2.1892,4.3784,0,19.594,0,5.7487,12.676,22.694,12.216,5.7487,0,16.945,14.405,15.675,7.378,7.378,7.9379,8.2972,0,0,19.235,19.694,0,0,0,0,0.024096,0.9759,0,0,1,0,0,0,0,1,0,0,1
26.111,6.7787,22.641,0,0,41.12,0,0,3.349,0,0,23.615,3.349,16.796,0,0,38.624,0,0,5.8449,0,11.771,22.722,22.641,5.8853,3.3893,6.7383,29.39,2.4959,0,6.7383,0,0,0,0,0,0.029412,0.97059,0,0,1,0,0,0,0,1,0,0,0
25.345,6.0007,11.31,0,0,44.342,0,0,13.002,0,0,19.347,13.002,2.656,0,0,38.344,0,0,8.6541,0,17.997,11.999,11.31,19.344,3.0004,5.6563,16.344,16.344,0,16.002,0,0,0,0,0,0.0625,0.9375,0,0,1,0,0,0,0,1,0,0,0
0,0,0,0,0,100,0,0,0,0,0,0,0,0,0,33.333,33.333,33.333,0,0,0,0,0,0,0,0,0,0,100,0,0,0,0,0,0,0,0,1,0,0,1,0,0,0,0,1,0,0,1
0,0,0,0,0,100,0,0,0,0,0,0,0,0,0,18.45,63.1,18.45,0,0,0,0,0,0,0,0,0,64.368,35.632,0,0,0,0,0,0,0,1,0,0,0,1,0,0,0,0,1,0,0,0
0,0,29.357,0,0,33.321,12.678,12.011,12.633,0,0,18.683,0,5.5474,0,7.1305,38.869,20.222,0,6.0055,3.5429,0,6.0055,10.673,18.683,12.678,12.678,20.643,0,0,3.5429,0,15.096,0,0,0,0.66667,0.33333,0,0,1,0,0,0,0,1,0,0,1
0,0,17.52,0,0,36.401,3.9209,13.887,28.271,0,0,8.1045,0,3.9209,0,5.5199,40.322,23.014,0,4.1836,14.935,0,4.1836,9.4152,8.1045,3.9209,9.4408,26.96,0,0,14.935,0,23.04,0,0,0,0.10526,0.89474,0,0,1,0,0,0,0,1,0,0,1
9.195,31.81,9.587,0,0,41.705,0,0,7.7022,0,0,0,9.2724,6.8331,2.7539,11.389,32.983,13.347,1.3793,0.92868,13.352,7.7618,9.587,15.655,11.207,14.143,6.8331,28.358,0,0,6.5138,7.7022,0,0,0,0,0.43478,0.56522,0,0,1,0,0,0,0,1,0,0,0
0,0,19.551,0,0,39.318,5.6553,9.4979,22.764,3.2136,0,5.6553,0,0,0,11.94,39.318,22.135,3.2136,3.2136,14.524,0,3.2136,13.895,5.6553,5.6553,11.94,27.379,0,0,17.738,0,14.524,0,0,0,0.18605,0.81395,0,0,1,0,0,0,0,1,0,0,0
0,0,31.763,0,0,31.644,13.408,17.673,5.5114,0,0,20.621,0,2.2659,0,14.387,33.91,18.356,0,7.2137,3.2456,0,7.2137,11.142,20.621,13.408,16.653,14.991,0,0,3.2456,0,12.725,0,0,0,0.1519,0.8481,0,0,1,0,0,0,0,1,0,0,1
10.911,18.615,0,0,0,67.216,0,1.6292,0,1.6292,0,0,5.7417,4.812,0,1.9469,65.269,0,2.6026,1.6292,17.998,0,1.6292,5.7854,16.981,6.7589,0,51.164,0,0,17.681,0,0,0,0,0,0.88889,0.11111,0,0,1,0,0,0,0,1,0,0,0
12.403,27.823,0,0,0,54.884,0,0,0,4.8899,0,0,9.9817,7.3115,0,5.0918,49.792,0,7.4358,0,20.387,0,0,9.8574,22.856,7.5134,0,49.368,0,0,10.406,0,0,0,0,0,0,1,0,0,1,0,0,0,0,1,0,0,0
0,43.405,0,0,0,56.595,0,0,0,0,0,8.5113,13.191,0,0,0,56.595,0,0,0,0,21.702,0,0,13.191,30.214,0,56.595,0,0,0,0,0,0,0,0,0.75862,0.24138,0,0,1,0,0,0,0,1,0,0,0
0,18.564,26.435,0,0,55.001,0,0,0,0,0,0,15.119,0,0,12.574,42.427,2.1858,0,0,0,27.694,2.1858,11.675,27.694,3.4448,0,55.001,0,0,0,0,0,0,0,0,0.72727,0.27273,0,0,1,0,0,0,0,1,0,0,0
0,46.739,11.541,0,0,41.72,0,0,0,0,0,0,25.001,0,0,4.4707,37.249,8.2782,0,0,0,25.001,8.2782,7.7336,20.53,21.738,0,41.72,0,0,0,0,0,0,0,0,0,1,0,0,1,0,0,0,0,1,0,0,0
0,0,15.375,0,0,34.723,11.684,20.548,17.67,0,0,7.9841,12.091,9.7362,0,12.586,30.186,11.997,7.5547,0,7.8639,0,14.273,15.609,7.9841,11.684,19.478,15.245,0,0,7.8639,0,7.8639,0,0,0,0.72,0.28,0,0,1,0,0,0,0,1,0,0,1
0,0,4.626,0,0,43.099,5.8764,25.753,20.646,0,0,4.626,11.915,9.0144,0,10.7,18.798,16.02,28.927,0,0,0,17.234,27.676,4.626,5.8764,20.965,22.134,0,0,0,0,1.4881,0,0,0,0.90625,0.09375,0,0,1,0,0,0,0,1,0,0,1
0,0,11.194,0,0,33.526,5.4374,25.081,24.762,0,0,11.194,11.868,14.383,0,7.4559,27.24,10.379,17.48,0,0,0,15.057,32.537,11.194,5.4374,6.5158,27.01,0,0,0,0,2.2487,0,0,0,0.095238,0.90476,0,0,1,0,0,0,0,1,0,0,1
0,0,3.8358,0,0,35.59,14.441,20.778,25.356,0,0,3.8358,16.942,18.276,0,9.3236,30.473,12.196,8.9527,0,0,0,26.266,19.868,3.8358,14.441,10.234,25.356,0,0,0,0,0,0,0,0,0.90909,0.090909,0,0,1,0,0,0,0,1,0,0,1
0,0,1.4138,0,0,40.298,12.022,28.725,17.541,0,0,1.4138,25.702,12.022,0,5.1776,27.213,13.972,14.499,0,0,0,27.857,16.995,1.4138,12.022,21.344,18.955,0,0,0,0,1.4138,0,0,0,0,1,0,0,1,0,0,0,0,1,0,0,1
0,0,13.158,0,0,28.197,4.1322,37.968,16.545,0,0,13.158,21.423,17.29,0,3.3871,17.29,3.3871,24.064,0,0,0,21.423,33.09,13.158,4.1322,11.651,16.545,0,0,0,0,0,0,0,0,0.045455,0.95455,0,0,1,0,0,0,0,1,0,0,1
0,0,0,0,0,100,0,0,0,0,0,0,0,0,0,0,100,0,0,0,0,0,0,0,0,0,0,100,0,0,0,0,0,0,0,0,0,1,0,0,1,0,0,0,0,1,0,0,0
0,0,0,0,9.3434,76.149,0,0,14.507,0,0,9.3434,0,28.551,0,0,56.942,0,0,5.1639,0,0,0,0,0,19.207,0,56.942,0,9.3434,9.3434,0,5.1639,0,0,0,0,1,0,0,1,0,0,0,0,1,0,0,0
0,0,0,3.57,4.7869,81.815,5.4137,0,4.4142,0,0,0,0,4.7869,0,0,81.815,3.57,0,4.4142,5.4137,0,0,0,0,0,5.4137,76.401,0,4.7869,3.57,5.4137,4.4142,0,0,0,0,1,0,0,1,0,0,0,0,1,0,0,0
0,0,0,0,19.477,61.875,8.1476,0,10.5,0,0,10.5,0,29.977,0,0,51.375,0,0,0,8.1476,0,0,0,0,10.5,8.1476,43.227,0,19.477,10.5,8.1476,0,0,0,0,0.4557,0.5443,0,0,1,0,0,0,0,1,0,0,0
0,0,0,8.1634,0,67.097,20.533,0,0,4.2064,0,4.2064,12.37,9.4841,0,0,61.57,4.2064,0,0,8.1634,0,0,0,0,9.4841,4.2064,49.2,4.2064,0,12.37,20.533,0,0,0,0,0.31818,0.68182,0,0,1,0,0,0,0,1,0,0,0
0,41.953,0,0,0,58.047,0,0,0,0,0,12.93,0,0,0,0,58.047,0,0,0,16.093,12.93,0,16.093,0,25.86,0,58.047,0,0,0,0,0,0,0,0,0.77586,0.22414,0,0,1,0,0,0,0,1,0,0,0
0,14.402,0,0,0,65.66,3.0187,0,13.9,3.0187,0,3.0187,3.0187,0,0,0,62.642,3.0187,0,13.9,14.402,0,0,14.402,0,0,3.0187,59.623,3.0187,0,3.0187,16.919,0,0,0,0,0,1,0,0,1,0,0,0,0,1,0,0,0
0,0,0,5.9678,0,74.579,15.695,0,0,3.7589,0,3.7589,9.7268,0,0,0,76.788,3.7589,0,0,5.9678,0,0,0,0,0,3.7589,67.061,3.7589,0,9.7268,15.695,0,0,0,0,0,1,0,0,1,0,0,0,0,1,0,0,0
0,0,0,5.3771,0,94.623,0,0,0,0,0,0,0,0,0,0,94.623,5.3771,0,0,0,0,0,0,0,0,0,86.894,7.7292,0,5.3771,0,0,0,0,0,0,1,0,0,1,0,0,0,0,1,0,0,0
0,0,0,14.218,0,49.313,26.012,0,5.2283,5.2283,0,5.2283,10.954,0,0,0,60.268,3.2635,0,5.2283,15.058,0,0,0,0,0,4.1032,38.97,6.2405,0,19.446,31.24,0,0,0,0,0,1,0,0,1,0,0,0,0,1,0,0,0
0,0,0,0,0,85.743,7.1285,0,0,7.1285,0,7.1285,7.1285,0,0,0,78.615,7.1285,0,0,0,0,0,0,0,0,7.1285,71.486,7.1285,0,7.1285,7.1285,0,0,0,0,0,1,0,0,1,0,0,0,0,1,0,0,0
10.342,20.65,0,0,0,64.377,0,0,0,4.6315,0,0,8.0092,4.6315,0,0,64.377,0,4.6315,0,18.351,0,0,4.6315,26.36,0,0,55.289,0,0,13.719,0,0,0,0,0,0,1,0,0,1,0,0,0,0,1,0,0,0
0,15.214,0,0,0,84.786,0,0,0,0,0,0,0,0,0,0,84.786,0,0,0,15.214,0,0,0,15.214,0,0,69.572,0,0,15.214,0,0,0,0,0,0,1,0,0,1,0,0,0,0,1,0,0,0
0,0,25,0,0,50,0,0,25,0,0,0,0,25,0,0,50,0,25,0,0,0,0,25,0,0,0,50,0,0,0,25,0,0,0,0,0,1,0,0,1,0,0,0,0,1,0,0,0
0,0,0,0,0,100,0,0,0,0,0,0,0,0,0,11.885,88.115,0,0,0,0,0,0,0,0,0,0,78.845,21.155,0,0,0,0,0,0,0,0.19298,0.80702,0,0,1,0,0,0,0,1,0,0,0
0,0,0,0,0,100,0,0,0,0,0,0,0,0,0,0,100,0,0,0,0,0,0,0,0,0,0,88.423,11.577,0,0,0,0,0,0,0,0.33333,0.66667,0,0,1,0,0,0,0,1,0,0,0
0,0,9.0762,0,0,90.924,0,0,0,0,0,0,0,9.0762,0,9.0762,72.771,9.0762,0,0,0,0,0,9.0762,0,0,0,73.741,17.183,0,0,0,0,0,0,0,0.22222,0.77778,0,0,1,0,0,0,0,1,0,0,0
0,0,5.1286,0,0,94.871,0,0,0,0,0,0,0,5.1286,0,15.169,74.574,5.1286,0,0,0,0,0,5.1286,0,0,0,79.702,15.169,0,0,0,0,0,0,0,0.21818,0.78182,0,0,1,0,0,0,0,1,0,0,0
0,64.215,0,0,0,35.785,0,0,0,0,0,16.431,12.757,0,0,0,35.785,0,0,0,22.269,12.757,0,22.269,12.757,29.188,0,35.785,0,0,0,0,0,0,0,0,0,1,0,0,1,0,0,0,0,1,0,0,0
0,41.806,0,0,0,25.587,0,0,16.304,16.304,0,37.206,0,0,0,0,25.587,0,0,16.304,16.261,4.6417,0,16.261,0,25.544,0,25.587,0,0,16.304,16.304,0,0,0,0,0,1,0,0,1,0,0,0,0,1,0,0,0
0,21.503,0,0,0,78.497,0,0,0,0,0,6.194,4.5575,0,0,0,78.497,0,0,0,0,10.752,0,0,4.5575,16.945,0,78.497,0,0,0,0,0,0,0,0,0,1,0,0,1,0,0,0,0,1,0,0,0
0,0,0,0,0,100,0,0,0,0,0,0,0,0,0,0,100,0,0,0,0,0,0,0,0,0,0,100,0,0,0,0,0,0,0,0,0,1,0,0,1,0,0,0,0,1,0,0,0
0,0,0,0,0,65.129,0,0,17.436,17.436,0,17.436,0,0,0,0,65.129,0,0,17.436,0,0,0,0,0,0,0,65.129,0,0,17.436,17.436,0,0,0,0,0,1,0,0,1,0,0,0,0,1,0,0,0
0,0,0,0,0,90.425,0,0,9.5745,0,0,0,0,0,0,0,90.425,0,0,9.5745,0,0,0,0,0,0,0,82.631,7.7947,0,0,9.5745,0,0,0,0,0,1,0,0,1,0,0,0,0,1,0,0,0
0,0,0,0,0,89.404,0,0,10.596,0,0,0,0,0,0,0,89.404,0,0,10.596,0,0,0,0,0,0,0,89.404,0,0,0,10.596,0,0,0,0,0,1,0,0,1,0,0,0,0,1,0,0,0
0,0,0,0,0,100,0,0,0,0,0,0,0,0,0,0,100,0,0,0,0,0,0,0,0,0,0,100,0,0,0,0,0,0,0,0,0,1,0,0,1,0,0,0,0,1,0,0,0
0,0,0,0,0,100,0,0,0,0,0,0,0,0,0,0,100,0,0,0,0,0,0,0,0,0,0,100,0,0,0,0,0,0,0,0,0,1,0,0,1,0,0,0,0,1,0,0,0
0,0,0,0,0,100,0,0,0,0,0,0,0,0,0,0,100,0,0,0,0,0,0,0,0,0,0,100,0,0,0,0,0,0,0,0,0,1,0,0,1,0,0,0,0,1,0,0,0
0,0,0,0,0,100,0,0,0,0,0,0,0,0,0,0,100,0,0,0,0,0,0,0,0,0,0,100,0,0,0,0,0,0,0,0,0,1,0,0,1,0,0,0,0,1,0,0,0
0,0,0,0,0,100,0,0,0,0,0,0,0,0,0,0,100,0,0,0,0,0,0,0,0,0,0,100,0,0,0,0,0,0,0,0,0,1,0,0,1,0,0,0,0,1,0,0,0
0,0,0,0,0,100,0,0,0,0,0,0,0,0,0,0,100,0,0,0,0,0,0,0,0,0,0,100,0,0,0,0,0,0,0,0,0,1,0,0,1,0,0,0,0,1,0,0,0
0,0,0,0,0,100,0,0,0,0,0,0,0,0,0,0,100,0,0,0,0,0,0,0,0,0,0,100,0,0,0,0,0,0,0,0,0,1,0,0,1,0,0,0,0,1,0,0,0
0,0,0,0,0,100,0,0,0,0,0,0,0,0,0,0,100,0,0,0,0,0,0,0,0,0,0,100,0,0,0,0,0,0,0,0,0,1,0,0,1,0,0,0,0,1,0,0,0
0,0,0,0,0,100,0,0,0,0,0,0,0,0,0,0,100,0,0,0,0,0,0,0,0,0,0,100,0,0,0,0,0,0,0,0,0,1,0,0,1,0,0,0,0,1,0,0,0
26.871,21.669,6.3068,0,0,44.005,0,0,1.1485,0,0,0,9.1831,6.264,12.571,9.1416,31.456,14.277,6.849,6.8231,2.8763,0.55908,6.3068,15.421,17.67,15.448,6.264,29.728,0,0,8.0131,1.1485,0,0,0,0,0.96296,0.037037,0,0,1,0,0,0,0,1,0,0,0
0,0,0,0,0,100,0,0,0,0,0,0,0,0,0,0,100,0,0,0,0,0,0,0,0,0,0,100,0,0,0,0,0,0,0,0,0,1,0,0,1,0,0,0,0,1,0,0,0
0,15.453,0,0,0,84.547,0,0,0,0,0,0,7.7263,0,0,0,84.547,0,0,0,7.7263,0,0,0,15.453,0,0,76.821,0,0,7.7263,0,0,0,0,0,0,1,0,0,1,0,0,0,0,1,0,0,0
0,22.463,0,0,0,77.537,0,0,0,0,0,0,7.4877,0,0,0,77.537,7.4877,0,0,7.4877,0,0,7.4877,14.975,0,0,70.049,0,0,7.4877,0,0,0,0,0,0,1,0,0,1,0,0,0,0,1,0,0,0
0,0,0,0,0,100,0,0,0,0,0,0,0,0,0,0,100,0,0,0,0,0,0,0,0,0,0,100,0,0,0,0,0,0,0,0,0,1,0,0,1,0,0,0,0,1,0,0,0
0,25.299,28.359,0,0,46.342,0,0,0,0,0,0,12.649,0,0,24.606,21.736,14.161,0,0,0,26.848,14.161,10.408,16.44,12.649,0,46.342,0,0,0,0,0,0,0,0,0,1,0,0,1,0,0,0,0,1,0,0,0
0,19.271,8.53,0,0,72.199,0,0,0,0,0,0,12.443,0,0,2.9154,69.283,2.9154,0,0,0,12.443,2.9154,8.53,9.5276,6.8284,0,72.199,0,0,0,0,0,0,0,0,0,1,0,0,1,0,0,0,0,1,0,0,0
0,0,0,0,0,100,0,0,0,0,0,0,0,0,0,0,100,0,0,0,0,0,0,0,0,0,0,100,0,0,0,0,0,0,0,0,0,1,0,0,1,0,0,0,0,1,0,0,0
0,0,4.3004,0,0,70.534,0,0,25.166,0,0,12.583,0,4.3004,0,4.3004,53.461,12.772,8.4719,4.1109,0,0,0,4.3004,0,0,0,57.762,12.772,0,12.583,12.583,0,0,0,0,0,1,0,0,1,0,0,0,0,1,0,0,0
0,0,0,0,0,100,0,0,0,0,0,0,0,0,0,0,100,0,0,0,0,0,0,0,0,0,0,100,0,0,0,0,0,0,0,0,0,1,0,0,1,0,0,0,0,1,0,0,0
0,0,4.7157,0,0,64.706,0,0,30.579,0,0,3.2519,12.036,4.7157,0,0,61.454,3.2519,7.9676,7.3226,0,0,0,4.7157,0,0,0,61.454,3.2519,0,15.288,15.29,0,0,0,0,0,1,0,0,1,0,0,0,0,1,0,0,0
0,0,16.898,0,0,58.967,0,0,24.135,0,0,2.5603,5.6815,16.898,0,9.247,40.473,9.247,7.6513,8.2419,0,0,0,16.898,0,0,0,49.72,9.247,0,8.2419,15.893,0,0,0,0,0.2459,0.7541,0,0,1,0,0,0,0,1,0,0,0
0,0,3.8196,0,0,74.173,0,0,22.008,0,0,9.094,0,3.8196,0,10.02,55.058,9.094,12.914,0,0,0,0,3.8196,0,0,0,50.487,23.685,0,9.094,12.914,0,0,0,0,0.23077,0.76923,0,0,1,0,0,0,0,1,0,0,0
0,0,0,0,0,65.561,0,0,34.439,0,0,12.616,9.2066,0,0,0,59.299,6.2619,6.2619,6.3543,0,0,0,0,0,0,0,59.299,6.2619,0,21.823,12.616,0,0,0,0,0.10769,0.89231,0,0,1,0,0,0,0,1,0,0,0
0,0,2.4932,0,0,97.507,0,0,0,0,0,0,0,0,0,0,97.507,2.4932,0,0,0,0,2.4932,0,0,0,0,97.507,0,0,0,0,0,0,0,0,0,1,0,0,1,0,0,0,0,1,0,0,0
0,0,0,0,0,100,0,0,0,0,0,0,0,0,0,0,100,0,0,0,0,0,0,0,0,0,0,100,0,0,0,0,0,0,0,0,0,1,0,0,1,0,0,0,0,1,0,0,0
0,0,0,0,0,100,0,0,0,0,0,0,0,0,0,0,100,0,0,0,0,0,0,0,0,0,0,100,0,0,0,0,0,0,0,0,0,1,0,0,1,0,0,0,0,1,0,0,0
0,0,0,0,0,100,0,0,0,0,0,0,0,0,0,0,100,0,0,0,0,0,0,0,0,0,0,100,0,0,0,0,0,0,0,0,0,1,0,0,1,0,0,0,0,1,0,0,0
0,0,0,0,0,100,0,0,0,0,0,0,0,0,0,0,100,0,0,0,0,0,0,0,0,0,0,100,0,0,0,0,0,0,0,0,0,1,0,0,1,0,0,0,0,1,0,0,0
0,0,0,0,0,100,0,0,0,0,0,0,0,0,0,0,100,0,0,0,0,0,0,0,0,0,0,100,0,0,0,0,0,0,0,0,0,1,0,0,1,0,0,0,0,1,0,0,0
0,0,0,0,0,100,0,0,0,0,0,0,0,0,0,0,100,0,0,0,0,0,0,0,0,0,0,100,0,0,0,0,0,0,0,0,0,1,0,0,1,0,0,0,0,1,0,0,0
0,0,0,0,0,100,0,0,0,0,0,0,0,0,0,0,100,0,0,0,0,0,0,0,0,0,0,100,0,0,0,0,0,0,0,0,0,1,0,0,1,0,0,0,0,1,0,0,0
0,0,0,0,0,94.494,0,0,5.5061,0,0,2.753,0,0,0,0,94.494,0,0,2.753,0,0,0,0,0,0,0,94.494,0,0,2.753,2.753,0,0,0,0,0,1,0,0,1,0,0,0,0,1,0,0,0
0,0,0,0,0,80.799,0,0,19.201,0,0,2.9534,6.6473,0,0,0,80.799,0,0,9.6007,0,0,0,0,0,0,0,80.799,0,0,9.6007,9.6007,0,0,0,0,0,1,0,0,1,0,0,0,0,1,0,0,0
0,0,0,0,0,75,0,0,25,0,0,0,25,0,0,0,75,0,0,0,0,0,0,0,0,0,0,75,0,0,25,0,0,0,0,0,0.073171,0.92683,0,0,1,0,0,0,0,1,0,0,0
0,0,0,0,0,100,0,0,0,0,0,0,0,0,0,0,100,0,0,0,0,0,0,0,0,0,0,100,0,0,0,0,0,0,0,0,0,1,0,0,1,0,0,0,0,1,0,0,0
0,0,0,0,0,100,0,0,0,0,0,0,0,0,0,0,100,0,0,0,0,0,0,0,0,0,0,100,0,0,0,0,0,0,0,0,0,1,0,0,1,0,0,0,0,1,0,0,0
0,0,0,0,0,100,0,0,0,0,0,0,0,0,0,0,100,0,0,0,0,0,0,0,0,0,0,100,0,0,0,0,0,0,0,0,0,1,0,0,1,0,0,0,0,1,0,0,0
0,0,0,0,0,100,0,0,0,0,0,0,0,0,0,0,100,0,0,0,0,0,0,0,0,0,0,100,0,0,0,0,0,0,0,0,0,1,0,0,1,0,0,0,0,1,0,0,0
0,0,0,0,0,100,0,0,0,0,0,0,0,0,0,0,100,0,0,0,0,0,0,0,0,0,0,100,0,0,0,0,0,0,0,0,0,1,0,0,1,0,0,0,0,1,0,0,0
18.662,0,0,11.62,0,69.718,0,0,0,0,0,0,0,0,18.662,0,69.718,11.62,0,0,0,0,0,0,0,11.62,7.0414,69.718,0,0,0,0,11.62,0,0,0,0,1,0,0,1,0,0,0,0,1,0,0,0
0,0,23.915,0,7.4541,39.959,10.609,0,18.063,0,0,13.43,11.63,0,10.56,0,40.008,18.063,0,0,0,6.3092,7.4541,3.1546,0,10.609,4.1763,35.783,0,0,14.908,0,23.915,0,0,0,1,0,0,0,1,0,0,0,0,1,0,0,0
0,0,12.049,0,0,87.951,0,0,0,0,0,12.049,0,0,4.2502,0,83.701,0,0,0,0,0,0,0,0,0,0,87.951,0,0,0,0,12.049,0,0,0,1,0,0,0,1,0,0,0,0,1,0,0,0
0,0,0,0,0,72.976,0,0,27.024,0,0,13.512,0,0,0,6.9007,66.075,0,0,6.9007,6.6113,0,0,0,0,0,0,72.976,0,0,6.6113,6.9007,13.512,0,0,0,1,0,0,0,1,0,0,0,0,1,0,0,0
0,0,0,0,0,100,0,0,0,0,0,0,0,0,0,13.725,86.275,0,0,0,0,0,0,0,0,9.4251,4.3002,60.658,25.617,0,0,0,0,0,0,0,0,1,0,0,1,0,0,0,0,1,0,0,0
0,0,7.4509,39.169,30.07,15.035,4.1375,4.1375,0,0,0,0,4.1375,11.722,11.722,3.3134,3.3134,54.204,7.4509,4.1375,0,0,0,7.4509,0,4.1375,0,0,11.722,0,18.348,46.753,11.588,0,0,0,0,1,0,0,1,0,0,0,0,1,0,0,0
0,0,0,5.8109,0,94.189,0,0,0,0,0,0,0,0,0,0,94.189,0,0,5.8109,0,0,0,0,0,0,0,94.189,0,0,0,5.8109,0,0,0,0,0,1,0,0,1,0,0,0,0,1,0,0,0
0,0,23,0,0,59.723,0,0,17.277,0,0,10.776,6.5006,0,0,0,76.223,0,0,0,0,6.5006,16.499,6.5006,0,0,6.5006,35.946,17.277,0,10.776,6.5006,0,0,0,0,0,1,0,0,1,0,0,0,0,1,0,0,0
0,6.1774,14.603,0,0,73.042,0,0,0,6.1774,0,0,0,6.1774,0,6.1774,40.734,32.308,0,6.1774,0,8.4257,0,6.1774,6.1774,0,0,40.734,32.308,0,0,0,14.603,0,0,0,0,1,0,0,1,0,0,0,0,1,0,0,1
0,0,0,0,0,100,0,0,0,0,0,0,0,0,0,0,100,0,0,0,0,0,0,0,0,0,0,100,0,0,0,0,0,0,0,0,0,1,0,0,1,0,0,0,0,1,0,0,0
0,0,0,0,0,100,0,0,0,0,0,0,0,0,0,0,100,0,0,0,0,0,0,0,0,0,0,100,0,0,0,0,0,0,0,0,0,1,0,0,1,0,0,0,0,1,0,0,0
0,0,0,0,30.492,62.186,0,7.3224,0,0,0,0,0,8.8426,21.331,7.3224,32.33,7.0044,0,23.169,0,0,0,7.3224,0,0,0,28.654,42.375,14.327,7.3224,0,0,0,0,0,0.30233,0.69767,0,0,1,0,0,0,0,1,0,0,0
0,0,0,18.39,25,56.61,0,0,0,0,0,0,18.39,0,13.221,0,18.39,20.208,4.7922,20.208,4.7922,0,0,0,0,0,0,31.61,25,25,0,18.39,0,0,0,0,0.22581,0.77419,0,0,1,0,0,0,0,1,0,0,0
0,0,4.7455,16.922,8.6781,49.288,5.6408,14.725,0,0,0,10.386,4.7455,0,14.725,15.621,38.902,0,0,9.9798,0,5.6408,0,15.621,15.132,0,0,49.288,0,4.339,9.9798,5.6408,0,0,0,0,0,1,0,0,1,0,0,0,0,1,0,0,0
3.9803,0,13.991,8.25,0,38.709,3.9803,22.839,8.25,0,0,17.971,9.1223,0,13.103,0,33.857,13.717,7.3619,0,4.8684,0,3.9803,18.585,23.113,3.9803,0,31.347,7.3619,0,0,11.632,0,0.78125,0.03125,0.0625,0,0.125,0,0,1,0,0,0,0,1,0,0,1
0,0,0,0,0,100,0,0,0,0,0,0,0,0,0,0,100,0,0,0,0,0,0,0,0,0,0,100,0,0,0,0,0,0,0,0,0,1,0,0,1,0,0,0,0,1,0,0,0
0,0,0,0,0,73.883,18.244,7.8731,0,0,0,0,0,0,0,24.688,35.239,40.073,0,0,0,0,7.8731,0,0,9.1221,32.2,50.805,0,0,0,0,0,0,0,0,0.21739,0.78261,0,0,1,0,0,0,0,1,0,0,0
0,0,0,0,0,100,0,0,0,0,0,0,0,0,0,0,100,0,0,0,0,0,0,0,0,0,0,100,0,0,0,0,0,0,0,0,0,1,0,0,1,0,0,0,0,1,0,0,0
14.044,31.398,2.416,0,0,49.829,0,0,1.2375,1.0758,0,0,6.7048,6.3326,3.8532,7.8291,43.242,7.3577,3.7504,6.5916,9.1842,5.1545,2.416,13.695,21.395,10.352,3.9121,38.943,0,0,8.0495,1.2375,0,0,0,0,0.79412,0.20588,0,0,1,0,0,0,0,1,0,0,0
0,0,0,0,50,50,0,0,0,0,0,0,0,0,0,0,50,0,0,0,0,50,0,0,0,0,0,50,50,0,0,0,0,0,0,0,0.21429,0.78571,0,0,1,0,0,0,0,1,0,0,0
0,0,0,0,0,83.63,0,0,16.37,0,0,3.0697,10.231,0,0,0,83.63,0,0,3.0697,0,0,0,0,0,0,0,83.63,0,0,13.3,3.0697,0,0,0,0,0,1,0,0,1,0,0,0,0,1,0,0,0
0,16.133,11.868,2.0938,0,35.577,4.6459,9.256,6.7398,8.7158,4.9702,7.5975,17.836,1.0137,3.1075,5.5931,30.621,7.064,2.5521,19.331,5.284,0,0,24.622,19.375,2.5521,7.5975,10.12,7.7021,6.4499,11.41,3.4318,6.7398,0,0,0,0,1,0,0,1,0,0,0,0,1,0,0,0
0,14.559,3.104,2.041,0,20.925,3.3749,38.107,7.7362,5.2788,4.8741,10.153,10.561,5.2788,7.3198,21.261,25.924,7.4653,1.3339,10.703,0,0,0,36.203,29.074,1.3339,14.243,4.6406,0,0,2.041,7.0489,5.4159,0,0,0,0,1,0,0,1,0,0,0,0,1,0,0,0
0,36.03,25,0,0,38.97,0,0,0,0,0,0,25,0,0,11.03,27.94,11.03,0,0,0,25,11.03,25,13.97,11.03,0,38.97,0,0,0,0,0,0,0,0,0.88889,0.11111,0,0,1,0,0,0,0,1,0,0,0
0,0,0,4.6042,0,68.85,16.811,0,0,9.7346,0,9.7346,9.7346,0,0,0,59.115,14.339,0,0,7.0764,0,0,0,0,0,16.811,42.304,9.7346,0,14.339,16.811,0,0,0,0,0.76471,0.23529,0,0,1,0,0,0,0,1,0,0,0
0,0,7.9227,0,0,92.077,0,0,0,0,0,0,0,0,0,0,92.077,7.9227,0,0,0,0,7.9227,0,0,0,0,92.077,0,0,0,0,0,0,0,0,0,1,0,0,1,0,0,0,0,1,0,0,0
