h1,h2,h3,h4,h5,h6,h7,h8,h9,h10,h11,h12,h13,h14,h15,h16,h17,h18,h19,h20,h21,h22,h23,h24,h25,h26,h27,h28,h29,h30,h31,h32,h33,h34,h35,h36,h37,h38,h39,h40,h41,h42,h43,h44,h45,h46,h47,h48,label
0,0,0,0,0,100,0,0,0,0,0,0,0,0,0,0,100,0,0,0,0,0,0,0,0,0,0,100,0,0,0,0,0,0,0,0,0,1,0,0,1,0,0,0,0,1,0,0,0
0,0,0,0,0,100,0,0,0,0,0,0,0,0,0,28,72,0,0,0,0,0,0,0,0,0,0,100,0,0,0,0,0,0,0,0,0,1,0,0,1,0,0,0,0,1,0,0,0
0,0,0,0,0,100,0,0,0,0,0,0,0,0,0,41.183,58.817,0,0,0,0,0,0,0,0,0,0,100,0,0,0,0,0,0,0,0,0,1,0,0,1,0,0,0,0,1,0,0,0
0,0,0,0,0,100,0,0,0,0,0,0,0,0,0,50,50,0,0,0,0,0,0,0,0,0,0,100,0,0,0,0,0,0,0,0,0,1,0,0,1,0,0,0,0,1,0,0,0
0,0,0,0,0,84.986,15.014,0,0,0,0,0,0,0,0,25.497,59.489,15.014,0,0,0,0,0,0,15.014,0,0,71.069,13.917,0,0,0,0,0,0,0,0,1,0,0,1,0,0,0,0,1,0,0,0
0,0,0,0,0,83.411,16.589,0,0,0,0,0,0,0,0,28.65,62.97,8.3802,0,0,0,0,0,0,13.079,3.5097,0,75.031,8.3802,0,0,0,0,0.67188,0.015625,0.10938,0.10938,0.09375,0,0,1,0,0,0,0,1,0,0,0
0,0,0,0,0,79.122,20.878,0,0,0,0,0,0,0,0,22.126,63.611,14.263,0,0,0,0,0,0,10.177,10.702,0,75.561,3.5611,0,0,0,0,0,0,0,0,1,0,0,1,0,0,0,0,1,0,0,0
0,0,0,0,8.5971,79.338,12.065,0,0,0,0,0,0,0,0,0,88.597,0,0,11.403,0,0,0,6.0327,0,6.0327,0,67.935,0,8.5971,0,11.403,0,0.078947,0,0.013158,0.013158,0.89474,0,0,1,0,0,0,0,1,0,0,0
0,0,0,0,0,65.116,34.884,0,0,0,0,0,0,0,0,8.5261,69.769,8.5261,0,13.179,0,0,0,13.179,8.5261,13.179,0,51.936,0,0,0,13.179,0,0,0,0,0.022222,0.97778,0,0,1,0,0,0,0,1,0,0,0
0,0,0,0,0,78.474,21.526,0,0,0,0,0,0,0,0,12.845,75.963,6.8514,0,4.3405,0,0,0,4.3405,12.845,4.3405,0,74.133,0,0,0,4.3405,0,0.94805,0.012987,0,0.038961,0,0,0,1,0,0,0,0,1,0,0,0
0,0,0,0,3.9249,82.804,13.271,0,0,0,0,0,0,0,0,8.9208,87.129,0,0,3.95,0,0,0,9.321,0,3.95,0,78.854,0,3.9249,0,3.95,0,0,0,0,0,1,0,0,1,0,0,0,0,1,0,0,0
0,0,0,0,0,73.245,26.755,0,0,0,0,0,0,0,0,0,79.431,17.011,0,3.5577,0,0,0,5.4341,4.3098,17.011,0,69.687,0,0,0,3.5577,0,0.75309,0.024691,0.037037,0.074074,0.11111,0,0,1,0,0,0,0,1,0,0,0
0,0,0,0,0,100,0,0,0,0,0,0,0,0,0,17.682,77.998,0,0,4.3194,0,0,0,0,0,0,0,95.681,0,0,0,4.3194,0,0,0,0,0,1,0,0,1,0,0,0,0,1,0,0,0
0,0,0,0,0,100,0,0,0,0,0,0,0,0,0,21.404,78.596,0,0,0,0,0,0,0,0,0,0,100,0,0,0,0,0,0,0,0,0,1,0,0,1,0,0,0,0,1,0,0,0
0,0,0,0,0,100,0,0,0,0,0,0,0,0,0,0,100,0,0,0,0,0,0,0,0,0,0,100,0,0,0,0,0,0,0,0,0,1,0,0,1,0,0,0,0,1,0,0,0
0,0,0,0,0,100,0,0,0,0,0,0,0,0,0,0,100,0,0,0,0,0,0,0,0,0,0,100,0,0,0,0,0,0,0,0,0,1,0,0,1,0,0,0,0,1,0,0,0
0,0,0,0,0,100,0,0,0,0,0,0,0,0,0,0,100,0,0,0,0,0,0,0,0,0,0,100,0,0,0,0,0,0,0,0,0,1,0,0,1,0,0,0,0,1,0,0,0
0,0,0,0,0,100,0,0,0,0,0,0,0,0,0,0,100,0,0,0,0,0,0,0,0,0,0,91.993,8.0071,0,0,0,0,0,0,0,0,1,0,0,1,0,0,0,0,1,0,0,0
0,0,0,0,0,100,0,0,0,0,0,0,0,0,0,0,100,0,0,0,0,0,0,0,0,0,0,92.631,7.369,0,0,0,0,0,0,0,0,1,0,0,1,0,0,0,0,1,0,0,0
0,0,0,0,0,100,0,0,0,0,0,0,0,0,0,0,100,0,0,0,0,0,0,0,0,0,0,100,0,0,0,0,0,0,0,0,0,1,0,0,1,0,0,0,0,1,0,0,0
0,0,0,0,0,87.051,12.949,0,0,0,0,0,0,3.6696,0,9.2791,77.772,2.8048,0,6.4743,0,0,0,0,10.144,2.8048,0,76.448,10.603,0,0,0,0,0,0,0,0,1,0,0,1,0,0,0,0,1,0,0,0
0,0,0,0,0,81.824,18.176,0,0,0,0,0,0,3.3935,5.6945,3.3935,78.43,0,0,9.0881,0,0,0,5.6945,12.482,0,0,78.43,3.3935,0,0,0,0,0,0,0,0,1,0,0,1,0,0,0,0,1,0,0,0
0,0,0,0,0,100,0,0,0,0,0,0,0,0,0,0,100,0,0,0,0,0,0,0,0,0,0,100,0,0,0,0,0,0,0,0,0,1,0,0,1,0,0,0,0,1,0,0,0
0,0,0,0,0,100,0,0,0,0,0,0,0,0,0,0,100,0,0,0,0,0,0,0,0,0,0,100,0,0,0,0,0,0,0,0,0,1,0,0,1,0,0,0,0,1,0,0,0
0,0,0,0,0,100,0,0,0,0,0,0,0,0,0,0,100,0,0,0,0,0,0,0,0,0,0,100,0,0,0,0,0,0,0,0,0,1,0,0,1,0,0,0,0,1,0,0,0
0,0,0,0,0,100,0,0,0,0,0,0,0,0,0,0,100,0,0,0,0,0,0,0,0,0,0,100,0,0,0,0,0,0,0,0,0,1,0,0,1,0,0,0,0,1,0,0,0
0,0,0,0,9.4465,90.553,0,0,0,0,0,0,9.4465,0,0,0,90.553,0,0,0,0,0,0,9.4465,0,0,0,90.553,0,0,0,0,0,0,0,0,0,1,0,0,1,0,0,0,0,1,0,0,0
0,0,0,0,31.49,68.51,0,0,0,0,0,0,14.031,6.3907,0,0,68.51,0,0,11.068,0,0,0,14.031,0,0,0,62.119,6.3907,0,0,17.459,0,0,0,0,0,1,0,0,1,0,0,0,0,1,0,0,0
0,0,0,0,18.358,81.642,0,0,0,0,0,0,4.1177,10.123,0,0,81.642,0,0,4.1177,0,0,0,4.1177,0,0,0,77.524,4.1177,0,0,14.24,0,0,0,0,0,1,0,0,1,0,0,0,0,1,0,0,0
0,0,0,0,0,73.697,26.303,0,0,0,0,0,0,4.103,7.0325,4.0322,69.665,2.0161,0,13.152,0,0,0,4.1678,20.119,2.0161,0,70.554,3.1427,0,0,0,0,0,0,0,0.014706,0.98529,0,0,1,0,0,0,0,1,0,0,0
0,0,0,0,0,77.077,22.923,0,0,0,0,0,0,3.8906,3.6028,3.8906,73.186,0,0,15.43,0,0,0,7.9363,14.987,0,7.9363,52.391,16.75,0,0,0,0,0,0,0,0,1,0,0,1,0,0,0,0,1,0,0,0
0,0,0,0,19.101,61.234,19.665,0,0,0,0,0,6.3671,6.3671,9.8325,0,61.234,0,0,16.2,0,0,0,13.315,12.718,0,8.8487,46.018,6.3671,0,0,12.734,0,0.66667,0,0.030303,0.15152,0.15152,0,0,1,0,0,0,0,1,0,0,0
0,0,0,0,16.405,76.84,6.7552,0,0,0,0,0,5.7325,6.9927,0,0,76.84,0,0,10.435,0,0,0,12.488,0,0,6.7552,63.329,6.7552,0,0,10.672,0,0.020833,0.020833,0.041667,0.47917,0.4375,0,0,1,0,0,0,0,1,0,0,0
0,0,0,0,0,77.475,22.525,0,0,0,0,0,0,5.5255,3.9365,2.9219,74.553,0,0,13.063,0,0,0,7.5375,14.987,0,10.006,60.946,6.5229,0,0,0,0,0.82353,0,0.029412,0.044118,0.10294,0,0,1,0,0,0,0,1,0,0,0
0,0,0,0,0,82.914,17.086,0,0,0,0,0,0,0,4.5875,0,82.914,0,0,12.498,0,0,0,7.9108,9.1751,0,7.9108,67.092,7.9108,0,0,0,0,1,0,0,0,0,0,0,1,0,0,0,0,1,0,0,0
0,0,0,0,7.366,92.634,0,0,0,0,0,0,7.366,0,0,0,92.634,0,0,0,0,0,0,7.366,0,0,0,92.634,0,0,0,0,0,0,0,0,0,1,0,0,1,0,0,0,0,1,0,0,0
0,0,0,0,17.582,82.418,0,0,0,0,0,0,4.0042,9.5732,0,0,82.418,0,0,4.0042,0,0,0,4.0042,0,0,0,78.414,4.0042,0,0,13.577,0,0,0,0,0,1,0,0,1,0,0,0,0,1,0,0,0
0,0,0,0,16.667,83.333,0,0,0,0,0,0,0,0,0,0,83.333,0,0,16.667,0,0,0,0,0,0,0,83.333,0,0,0,16.667,0,0,0,0,0,1,0,0,1,0,0,0,0,1,0,0,0
0,0,0,0,0,88.88,11.12,0,0,0,0,0,0,0,0,30.439,58.441,7.828,0,3.2918,0,0,0,0,7.828,3.2918,0,84.344,4.5363,0,0,0,0,0,0,0,0,1,0,0,1,0,0,0,0,1,0,0,0
0,0,0,0,36.758,58.159,0,0,0,5.0838,0,0,0,4.5727,0,14.74,20.951,43.26,8.4933,7.9822,0,0,0,0,5.0838,10.723,0,6.8192,25.877,20.793,30.705,0,0,0,0,0,0,1,0,0,1,0,0,0,0,1,0,0,1
0,0,0,0,0,81.086,18.914,0,0,0,0,0,0,6.3007,0,17.129,66.143,4.1269,0,6.3007,0,0,0,0,16.728,2.186,0,70.745,10.341,0,0,0,0,0,0,0,0,1,0,0,1,0,0,0,0,1,0,0,0
0,0,0,0,0,81.362,18.638,0,0,0,0,0,0,0,0,24.019,66.392,6.3556,0,3.2334,0,0,0,0,15.405,3.2334,0,77.419,3.943,0,0,0,0,0,0,0.014493,0.028986,0.95652,0,0,1,0,0,0,0,1,0,0,0
0,0,0,0,0,78.304,21.696,0,0,0,0,0,0,3.9235,2.441,12.89,68.755,2.8128,0,9.1773,0,0,0,0,15.542,6.1538,0,74.381,3.9235,0,0,0,0,0.77193,0.017544,0.035088,0.087719,0.087719,0,0,1,0,0,0,0,1,0,0,0
0,0,0,0,0,82.78,17.22,0,0,0,0,0,0,4.2269,0,8.7662,78.618,2.0808,0,6.3077,0,0,0,0,15.139,2.0808,0,82.78,0,0,0,0,0,1,0,0,0,0,0,0,1,0,0,0,0,1,0,0,0
0,0,0,0,0,82.384,17.616,0,0,0,0,0,0,5.158,2.3893,2.5213,82.384,0,0,7.5473,0,0,0,0,15.095,2.5213,0,82.384,0,0,0,0,0,0.86765,0,0,0.088235,0.044118,0,0,1,0,0,0,0,1,0,0,0
0,0,0,0,0,95.883,4.1168,0,0,0,0,0,0,0,2.0584,0,95.883,0,0,2.0584,0,0,0,0,4.1168,0,11.58,84.303,0,0,0,0,0,1,0,0,0,0,0,0,1,0,0,0,0,1,0,0,0
0,0,0,0,0,96.32,3.6801,0,0,0,0,0,0,0,0,3.6801,96.32,0,0,0,0,0,0,0,0,3.6801,0,96.32,0,0,0,0,0,0.96591,0,0,0.034091,0,0,0,1,0,0,0,0,1,0,0,0
0,0,0,0,0,100,0,0,0,0,0,0,0,0,0,0,100,0,0,0,0,0,0,0,0,0,0,100,0,0,0,0,0,0.85246,0,0.032787,0.04918,0.065574,0,0,1,0,0,0,0,1,0,0,0
0,0,0,0,0,100,0,0,0,0,0,0,0,0,0,0,100,0,0,0,0,0,0,0,0,0,0,100,0,0,0,0,0,0,0,0,0,1,0,0,1,0,0,0,0,1,0,0,0
0,0,0,0,0,92.164,7.8363,0,0,0,0,0,0,0,0,7.8363,92.164,0,0,0,0,0,0,0,4.9159,2.9204,0,92.164,0,0,0,0,0,0.88889,0,0.024691,0.061728,0.024691,0,0,1,0,0,0,0,1,0,0,0
0,0,0,0,0,80.793,19.207,0,0,0,0,0,0,0,0,0,94.978,0,0,5.0221,0,0,0,5.0221,9.1633,5.0221,0,75.77,0,0,0,5.0221,0,1,0,0,0,0,0,0,1,0,0,0,0,1,0,0,0
0,0,0,0,0,100,0,0,0,0,0,0,0,0,0,0,100,0,0,0,0,0,0,0,0,0,0,100,0,0,0,0,0,1,0,0,0,0,0,0,1,0,0,0,0,1,0,0,0
0,0,0,0,0,100,0,0,0,0,0,0,0,0,0,0,100,0,0,0,0,0,0,0,0,0,0,100,0,0,0,0,0,0.89286,0,0.017857,0.071429,0.017857,0,0,1,0,0,0,0,1,0,0,0
0,0,0,0,0,100,0,0,0,0,0,0,0,0,0,0,100,0,0,0,0,0,0,0,0,0,0,100,0,0,0,0,0,0.89655,0,0.017241,0.017241,0.068966,0,0,1,0,0,0,0,1,0,0,0
0,0,0,0,0,100,0,0,0,0,0,0,0,0,0,0,100,0,0,0,0,0,0,0,0,0,0,100,0,0,0,0,0,1,0,0,0,0,0,0,1,0,0,0,0,1,0,0,0
0,0,0,0,0,100,0,0,0,0,0,0,0,0,0,8.1769,80,11.823,0,0,0,0,0,0,0,0,0,100,0,0,0,0,0,0,0,0,0,1,0,0,1,0,0,0,0,1,0,0,0
0,0,0,0,0,100,0,0,0,0,0,0,0,0,0,0,92.286,7.714,0,0,0,0,0,0,0,0,0,100,0,0,0,0,0,0,0,0,0,1,0,0,1,0,0,0,0,1,0,0,0
0,0,0,0,0,100,0,0,0,0,0,0,0,0,0,0,100,0,0,0,0,0,0,0,0,0,0,93.172,6.828,0,0,0,0,0,0,0,0,1,0,0,1,0,0,0,0,1,0,0,0
0,0,0,0,3.3893,96.611,0,0,0,0,0,0,0,0,0,22.149,67.198,10.654,0,0,0,0,0,0,0,0,0,81.727,14.884,3.3893,0,0,0,0,0,0,0,1,0,0,1,0,0,0,0,1,0,0,0
0,0,0,0,32.013,57.134,10.853,0,0,0,0,0,0,0,13.28,29.089,14.296,33.317,10.019,0,0,0,0,0,0,5.0613,14.506,48.419,14.976,17.037,0,0,0,0,0,0,0,1,0,0,1,0,0,0,0,1,0,0,0
0,0,0,0,21.126,78.874,0,0,0,0,0,0,0,0,4.2149,25.392,42.177,28.217,0,0,0,0,0,0,0,0,11.306,50.725,21.058,16.911,0,0,0,0,0,0,0,1,0,0,1,0,0,0,0,1,0,0,0
0,0,0,0,36.039,55.261,8.7004,0,0,0,0,0,0,0,16.092,10.671,40.543,26.178,6.5153,0,0,0,0,0,0,2.185,12.747,45.429,13.907,18.532,3.5996,3.5996,0,0,0,0,0,1,0,0,1,0,0,0,0,1,0,0,0
0,0,0,0,40.997,38.65,20.353,0,0,0,0,0,8.7763,0,14.552,9.0565,28.115,23.901,15.6,0,0,0,0,0,0,8.7517,11.601,26.984,24.807,17.011,2.8904,7.955,0,0,0,0,0.97101,0.028986,0,0,1,0,0,0,0,1,0,0,1
0,0,0,0,10.202,89.798,0,0,0,0,0,0,0,0,0,10.202,89.798,0,0,0,0,0,0,0,0,0,0,89.798,0,10.202,0,0,0,0,0,0,0.16,0.84,0,0,1,0,0,0,0,1,0,0,0
0,0,0,0,31.382,48.275,20.343,0,0,0,0,0,9.6454,2.7682,7.3358,0,48.681,14.401,17.169,0,0,0,0,0,2.7682,2.5805,17.762,33.093,16.575,14.806,2.7682,9.6454,0,0,0,0,0,1,0,0,1,0,0,0,0,1,0,0,0
0,0,0,0,26.397,48.507,25.097,0,0,0,0,0,3.7953,7.0179,7.2654,0,52.14,19.131,10.651,0,0,0,0,0,7.0179,7.428,17.669,22.926,7.428,15.015,14.767,7.7492,0,0,0,0,0.81034,0.18966,0,0,1,0,0,0,0,1,0,0,1
0,0,0,0,20.683,58.634,20.683,0,0,0,0,0,0,20.683,0,20.683,58.634,0,0,0,0,0,0,0,0,0,20.683,58.634,0,20.683,0,0,0,0,0,0,0.097222,0.90278,0,0,1,0,0,0,0,1,0,0,0
0,0,0,0,21.619,60.809,17.572,0,0,0,0,0,0,8.7861,0,21.619,60.809,0,8.7861,0,0,0,0,0,8.7861,0,17.572,43.237,0,21.619,8.7861,0,0,0,0,0,0.65854,0.34146,0,0,1,0,0,0,0,1,0,0,1
0,0,0,0,8.4618,91.538,0,0,0,0,0,0,0,3.8336,0,0,91.538,0,0,4.6281,0,0,0,0,0,0,0,91.538,0,0,0,8.4618,0,0,0,0,0,1,0,0,1,0,0,0,0,1,0,0,0
0,0,0,0,0,100,0,0,0,0,0,0,0,0,0,0,100,0,0,0,0,0,0,0,0,0,0,100,0,0,0,0,0,0,0,0,0,1,0,0,1,0,0,0,0,1,0,0,0
0,0,0,0,1.4516,98.548,0,0,0,0,0,0,0,0,0,0,98.548,0,0,1.4516,0,0,0,0,0,0,0,98.548,0,0,0,1.4516,0,0,0,0,0,1,0,0,1,0,0,0,0,1,0,0,0
0,0,0,0,0,100,0,0,0,0,0,0,0,0,0,0,100,0,0,0,0,0,0,0,0,0,0,100,0,0,0,0,0,0,0,0,0,1,0,0,1,0,0,0,0,1,0,0,0
0,0,0,0,3.0834,96.917,0,0,0,0,0,0,0,0,0,0,96.917,0,0,3.0834,0,0,0,0,0,0,0,96.917,0,0,0,3.0834,0,0,0,0,0,1,0,0,1,0,0,0,0,1,0,0,0
0,0,0,0,0,100,0,0,0,0,0,0,0,0,0,0,100,0,0,0,0,0,0,0,0,0,0,100,0,0,0,0,0,0,0,0,0,1,0,0,1,0,0,0,0,1,0,0,0
0,0,0,0,0,100,0,0,0,0,0,0,0,0,0,0,100,0,0,0,0,0,0,0,0,0,0,100,0,0,0,0,0,0,0,0,0,1,0,0,1,0,0,0,0,1,0,0,0
0,0,0,0,0,100,0,0,0,0,0,0,0,0,0,0,100,0,0,0,0,0,0,0,0,0,0,100,0,0,0,0,0,0,0,0,0,1,0,0,1,0,0,0,0,1,0,0,0
0,0,0,0,0,100,0,0,0,0,0,0,0,0,0,0,100,0,0,0,0,0,0,0,0,0,0,100,0,0,0,0,0,0,0,0,0,1,0,0,1,0,0,0,0,1,0,0,0
0,0,0,0,0,100,0,0,0,0,0,0,0,0,0,0,100,0,0,0,0,0,0,0,0,0,0,100,0,0,0,0,0,0,0,0,0,1,0,0,1,0,0,0,0,1,0,0,0
0,0,0,0,0,100,0,0,0,0,0,0,0,0,0,0,100,0,0,0,0,0,0,0,0,0,0,100,0,0,0,0,0,0,0,0,0,1,0,0,1,0,0,0,0,1,0,0,0
0,0,0,0,0,100,0,0,0,0,0,0,0,0,0,0,100,0,0,0,0,0,0,0,0,0,0,100,0,0,0,0,0,0,0,0,0,1,0,0,1,0,0,0,0,1,0,0,0
0,0,0,0,0,100,0,0,0,0,0,0,0,0,0,0,100,0,0,0,0,0,0,0,0,0,0,100,0,0,0,0,0,0,0,0,0,1,0,0,1,0,0,0,0,1,0,0,0
0,0,0,0,0,100,0,0,0,0,0,0,0,0,0,0,100,0,0,0,0,0,0,0,0,0,0,100,0,0,0,0,0,0,0,0,0,1,0,0,1,0,0,0,0,1,0,0,0
0,0,0,0,0,100,0,0,0,0,0,0,0,0,0,0,100,0,0,0,0,0,0,0,0,0,0,100,0,0,0,0,0,0,0,0,0,1,0,0,1,0,0,0,0,1,0,0,0
0,0,0,0,0,100,0,0,0,0,0,0,0,0,0,0,100,0,0,0,0,0,0,0,0,0,0,100,0,0,0,0,0,0,0,0,0,1,0,0,1,0,0,0,0,1,0,0,0
0,0,0,0,0,100,0,0,0,0,0,0,0,0,0,0,100,0,0,0,0,0,0,0,0,0,0,100,0,0,0,0,0,1,0,0,0,0,0,0,1,0,0,0,0,1,0,0,0
0,0,0,0,0,100,0,0,0,0,0,0,0,0,0,0,100,0,0,0,0,0,0,0,0,0,0,100,0,0,0,0,0,1,0,0,0,0,0,0,1,0,0,0,0,1,0,0,0
0,0,0,0,0,100,0,0,0,0,0,0,0,0,0,0,100,0,0,0,0,0,0,0,0,0,0,100,0,0,0,0,0,0,0,0,0,1,0,0,1,0,0,0,0,1,0,0,0
0,0,0,0,0,100,0,0,0,0,0,0,0,0,0,0,100,0,0,0,0,0,0,0,0,0,0,100,0,0,0,0,0,0,0,0,0,1,0,0,1,0,0,0,0,1,0,0,0
0,0,0,0,0,100,0,0,0,0,0,0,0,0,0,0,100,0,0,0,0,0,0,0,0,0,0,100,0,0,0,0,0,1,0,0,0,0,0,0,1,0,0,0,0,1,0,0,0
0,0,0,0,0,100,0,0,0,0,0,0,0,0,0,0,100,0,0,0,0,0,0,0,0,0,0,100,0,0,0,0,0,0,0,0,0,1,0,0,1,0,0,0,0,1,0,0,0
0,0,0,0,0,100,0,0,0,0,0,0,0,0,0,0,100,0,0,0,0,0,0,0,0,0,0,100,0,0,0,0,0,0,0,0,0,1,0,0,1,0,0,0,0,1,0,0,0
0,0,0,0,0,100,0,0,0,0,0,0,0,0,0,0,100,0,0,0,0,0,0,0,0,0,0,100,0,0,0,0,0,0,0,0,0,1,0,0,1,0,0,0,0,1,0,0,0
0,0,0,0,0,100,0,0,0,0,0,0,0,0,0,0,100,0,0,0,0,0,0,0,0,0,0,100,0,0,0,0,0,0,0,0,0,1,0,0,1,0,0,0,0,1,0,0,0
0,0,0,0,0,100,0,0,0,0,0,0,0,0,0,0,100,0,0,0,0,0,0,0,0,0,0,100,0,0,0,0,0,0.76364,0,0.036364,0.12727,0.072727,0,0,1,0,0,0,0,1,0,0,0
0,0,0,0,0,100,0,0,0,0,0,0,0,0,0,0,100,0,0,0,0,0,0,0,0,0,0,100,0,0,0,0,0,0.74359,0,0,0.17949,0.076923,0,0,1,0,0,0,0,1,0,0,0
0,0,0,5.3296,0,94.67,0,0,0,0,0,0,0,0,5.3296,0,94.67,0,0,0,0,0,0,0,0,0,0,94.67,0,0,0,0,5.3296,1,0,0,0,0,0,0,1,0,0,0,0,1,0,0,0
0,0,0,0,9.2727,90.727,0,0,0,0,0,0,0,0,0,9.2727,90.727,0,0,0,0,0,0,0,0,0,0,90.727,0,0,0,0,9.2727,0,0,0,0,1,0,0,1,0,0,0,0,1,0,0,0
0,0,0,10.94,0,89.06,0,0,0,0,0,0,0,0,10.94,0,89.06,0,0,0,0,0,0,0,0,0,0,89.06,0,0,0,0,10.94,0.97778,0,0.022222,0,0,0,0,1,0,0,0,0,1,0,0,0
0,0,0,7.554,7.554,84.892,0,0,0,0,0,0,0,0,7.554,7.554,77.338,0,0,0,7.554,0,0,0,0,0,0,77.338,0,0,0,7.554,15.108,1,0,0,0,0,0,0,1,0,0,0,0,1,0,0,0
0,0,0,0,3.7191,96.281,0,0,0,0,0,0,0,0,0,3.7191,89.67,0,0,0,6.6112,0,0,0,0,0,0,89.67,0,0,0,6.6112,3.7191,0,0,0,0,1,0,0,1,0,0,0,0,1,0,0,0
0,0,0,8.5616,11.083,80.356,0,0,0,0,0,0,0,0,8.5616,11.083,72.86,0,0,0,7.4959,0,0,0,0,0,0,72.86,0,0,0,7.4959,19.644,0,0,0,0,1,0,0,1,0,0,0,0,1,0,0,0
0,0,0,0,0,100,0,0,0,0,0,0,0,0,0,0,100,0,0,0,0,0,0,0,0,0,0,100,0,0,0,0,0,0,0,0,0,1,0,0,1,0,0,0,0,1,0,0,0
0,0,0,0,0,100,0,0,0,0,0,0,0,0,0,0,100,0,0,0,0,0,0,0,0,0,0,100,0,0,0,0,0,0,0,0,0,1,0,0,1,0,0,0,0,1,0,0,0
0,0,0,0,0,100,0,0,0,0,0,0,0,0,0,0,100,0,0,0,0,0,0,0,0,0,0,100,0,0,0,0,0,0,0,0,0,1,0,0,1,0,0,0,0,1,0,0,0
0,0,0,0,0,100,0,0,0,0,0,0,0,0,0,0,100,0,0,0,0,0,0,0,0,0,0,100,0,0,0,0,0,0,0,0,0,1,0,0,1,0,0,0,0,1,0,0,0
0,0,0,0,0,100,0,0,0,0,0,0,0,0,0,0,100,0,0,0,0,0,0,0,0,0,0,100,0,0,0,0,0,0,0,0,0,1,0,0,1,0,0,0,0,1,0,0,0
0,0,0,0,0,100,0,0,0,0,0,0,0,0,0,0,100,0,0,0,0,0,0,0,0,0,0,100,0,0,0,0,0,0,0,0,0,1,0,0,1,0,0,0,0,1,0,0,0
0,0,0,0,0,100,0,0,0,0,0,0,0,0,0,0,100,0,0,0,0,0,0,0,0,0,0,100,0,0,0,0,0,0,0,0,0,1,0,0,1,0,0,0,0,1,0,0,0
0,0,0,0,0,100,0,0,0,0,0,0,0,0,0,0,100,0,0,0,0,0,0,0,0,0,0,100,0,0,0,0,0,0,0,0,0,1,0,0,1,0,0,0,0,1,0,0,0
0,0,0,9.6663,9.6663,80.667,0,0,0,0,0,0,0,0,9.6663,9.6663,63.697,0,0,0,16.97,0,0,0,0,0,0,63.697,0,0,0,16.97,19.333,0,0,0,0,1,0,0,1,0,0,0,0,1,0,0,0
0,0,0,6.9215,14.654,78.424,0,0,0,0,0,0,0,0,6.9215,14.654,71.503,0,0,0,6.9215,0,0,0,0,0,0,71.503,0,0,0,6.9215,21.576,0,0,0,0,1,0,0,1,0,0,0,0,1,0,0,0
0,0,0,0,0,100,0,0,0,0,0,0,0,0,0,0,92.992,0,0,0,7.0081,0,0,0,0,0,0,92.992,0,0,0,7.0081,0,0,0,0,0,1,0,0,1,0,0,0,0,1,0,0,0
0,0,0,0,0,100,0,0,0,0,0,0,0,0,0,0,100,0,0,0,0,0,0,0,0,0,0,100,0,0,0,0,0,0,0,0,0,1,0,0,1,0,0,0,0,1,0,0,0
0,0,0,0,0,100,0,0,0,0,0,0,0,0,0,0,100,0,0,0,0,0,0,0,0,0,0,100,0,0,0,0,0,0,0,0,0,1,0,0,1,0,0,0,0,1,0,0,0
0,0,0,0,0,100,0,0,0,0,0,0,0,0,0,0,100,0,0,0,0,0,0,0,0,0,0,100,0,0,0,0,0,0,0,0,0,1,0,0,1,0,0,0,0,1,0,0,0
0,0,0,0,0,100,0,0,0,0,0,0,0,0,0,0,100,0,0,0,0,0,0,0,0,0,0,100,0,0,0,0,0,0,0,0,0,1,0,0,1,0,0,0,0,1,0,0,0
0,0,0,0,0,100,0,0,0,0,0,0,0,0,0,0,100,0,0,0,0,0,0,0,0,0,0,100,0,0,0,0,0,0,0,0,0,1,0,0,1,0,0,0,0,1,0,0,0
0,0,0,0,0,100,0,0,0,0,0,0,0,0,0,0,100,0,0,0,0,0,0,0,0,0,0,100,0,0,0,0,0,0,0,0,0,1,0,0,1,0,0,0,0,1,0,0,0
0,0,0,0,0,100,0,0,0,0,0,0,0,0,0,0,100,0,0,0,0,0,0,0,0,0,0,100,0,0,0,0,0,0,0,0,0,1,0,0,1,0,0,0,0,1,0,0,0
0,0,0,0,0,100,0,0,0,0,0,0,0,0,0,0,100,0,0,0,0,0,0,0,0,0,0,100,0,0,0,0,0,0,0,0,0,1,0,0,1,0,0,0,0,1,0,0,0
0,0,0,0,0,100,0,0,0,0,0,0,0,0,0,0,100,0,0,0,0,0,0,0,0,0,0,100,0,0,0,0,0,0,0,0,0,1,0,0,1,0,0,0,0,1,0,0,0
0,0,0,0,0,100,0,0,0,0,0,0,0,0,0,0,100,0,0,0,0,0,0,0,0,0,0,100,0,0,0,0,0,0,0,0,0,1,0,0,1,0,0,0,0,1,0,0,0
0,0,0,0,0,100,0,0,0,0,0,0,0,0,0,0,100,0,0,0,0,0,0,0,0,0,0,100,0,0,0,0,0,0,0,0,0,1,0,0,1,0,0,0,0,1,0,0,0
0,0,0,0,0,100,0,0,0,0,0,0,0,0,0,0,100,0,0,0,0,0,0,0,0,0,0,100,0,0,0,0,0,0,0,0,0,1,0,0,1,0,0,0,0,1,0,0,0
0,0,0,0,0,100,0,0,0,0,0,0,0,0,0,0,100,0,0,0,0,0,0,0,0,0,0,100,0,0,0,0,0,0,0,0,0,1,0,0,1,0,0,0,0,1,0,0,0
0,0,0,0,0,100,0,0,0,0,0,0,0,0,0,0,100,0,0,0,0,0,0,0,0,0,0,100,0,0,0,0,0,0,0,0,0,1,0,0,1,0,0,0,0,1,0,0,0
0,0,0,0,0,100,0,0,0,0,0,0,0,0,0,0,100,0,0,0,0,0,0,0,0,0,0,100,0,0,0,0,0,0,0,0,0,1,0,0,1,0,0,0,0,1,0,0,0
0,0,0,0,0,100,0,0,0,0,0,0,0,0,0,0,100,0,0,0,0,0,0,0,0,0,0,100,0,0,0,0,0,0,0,0,0,1,0,0,1,0,0,0,0,1,0,0,0
0,0,0,0,0,100,0,0,0,0,0,0,0,0,0,0,100,0,0,0,0,0,0,0,0,0,0,100,0,0,0,0,0,0,0,0,0,1,0,0,1,0,0,0,0,1,0,0,0
0,0,0,0,0,100,0,0,0,0,0,0,0,0,0,0,100,0,0,0,0,0,0,0,0,0,0,100,0,0,0,0,0,0,0,0,0,1,0,0,1,0,0,0,0,1,0,0,0
0,0,0,0,0,100,0,0,0,0,0,0,0,0,0,0,100,0,0,0,0,0,0,0,0,0,0,100,0,0,0,0,0,0,0,0,0,1,0,0,1,0,0,0,0,1,0,0,0
0,0,0,0,0,100,0,0,0,0,0,0,0,0,0,0,100,0,0,0,0,0,0,0,0,0,0,100,0,0,0,0,0,0,0,0,0,1,0,0,1,0,0,0,0,1,0,0,0
0,0,0,0,0,100,0,0,0,0,0,0,0,0,0,0,100,0,0,0,0,0,0,0,0,0,0,100,0,0,0,0,0,0,0,0,0,1,0,0,1,0,0,0,0,1,0,0,0
0,0,0,0,0,100,0,0,0,0,0,0,0,0,0,0,100,0,0,0,0,0,0,0,0,0,0,100,0,0,0,0,0,0,0,0,0,1,0,0,1,0,0,0,0,1,0,0,0
0,0,0,0,0,100,0,0,0,0,0,0,0,0,0,0,100,0,0,0,0,0,0,0,0,0,0,100,0,0,0,0,0,0,0,0,0,1,0,0,1,0,0,0,0,1,0,0,0
0,0,0,0,0,100,0,0,0,0,0,0,0,0,0,0,100,0,0,0,0,0,0,0,0,0,0,100,0,0,0,0,0,0,0,0,0,1,0,0,1,0,0,0,0,1,0,0,0
0,0,0,0,0,100,0,0,0,0,0,0,0,0,0,0,100,0,0,0,0,0,0,0,0,0,0,100,0,0,0,0,0,0,0,0,0,1,0,0,1,0,0,0,0,1,0,0,0
0,0,0,0,0,100,0,0,0,0,0,0,0,0,0,0,100,0,0,0,0,0,0,0,0,0,0,100,0,0,0,0,0,0,0,0,0,1,0,0,1,0,0,0,0,1,0,0,0
0,0,0,0,0,100,0,0,0,0,0,0,0,0,0,0,100,0,0,0,0,0,0,0,0,0,0,100,0,0,0,0,0,0,0,0,0,1,0,0,1,0,0,0,0,1,0,0,0
0,0,0,0,0,100,0,0,0,0,0,0,0,0,0,0,100,0,0,0,0,0,0,0,0,0,0,100,0,0,0,0,0,0,0,0,0,1,0,0,1,0,0,0,0,1,0,0,0
0,0,0,0,0,100,0,0,0,0,0,0,0,0,0,0,100,0,0,0,0,0,0,0,0,0,0,100,0,0,0,0,0,0,0,0,0,1,0,0,1,0,0,0,0,1,0,0,0
0,0,0,0,0,100,0,0,0,0,0,0,0,0,0,0,100,0,0,0,0,0,0,0,0,0,0,100,0,0,0,0,0,0,0,0,0,1,0,0,1,0,0,0,0,1,0,0,0
0,0,0,0,0,100,0,0,0,0,0,0,0,0,0,0,100,0,0,0,0,0,0,0,0,0,0,100,0,0,0,0,0,0,0,0,0,1,0,0,1,0,0,0,0,1,0,0,0
0,0,0,0,0,100,0,0,0,0,0,0,0,0,0,0,100,0,0,0,0,0,0,0,0,0,0,100,0,0,0,0,0,0,0,0,0,1,0,0,1,0,0,0,0,1,0,0,0
0,0,0,0,0,100,0,0,0,0,0,0,0,0,0,0,100,0,0,0,0,0,0,0,0,0,0,100,0,0,0,0,0,0,0,0,0,1,0,0,1,0,0,0,0,1,0,0,0
0,0,0,0,0,100,0,0,0,0,0,0,0,0,0,0,100,0,0,0,0,0,0,0,0,0,0,100,0,0,0,0,0,0,0,0,0,1,0,0,1,0,0,0,0,1,0,0,0
0,0,0,0,0,100,0,0,0,0,0,0,0,0,0,0,100,0,0,0,0,0,0,0,0,0,0,100,0,0,0,0,0,0,0,0,0,1,0,0,1,0,0,0,0,1,0,0,0
0,0,0,0,0,100,0,0,0,0,0,0,0,0,0,0,100,0,0,0,0,0,0,0,0,0,0,100,0,0,0,0,0,0,0,0,0,1,0,0,1,0,0,0,0,1,0,0,0
0,0,0,0,14.414,57.215,28.371,0,0,0,0,0,0,0,0,14.185,62.319,14.185,9.3104,0,0,0,0,0,0,4.875,23.496,57.215,0,14.414,0,0,0,0.90196,0.0098039,0.039216,0.04902,0,0,0,1,0,0,0,0,1,0,0,0
0,0,0,0,12.622,71.26,16.118,0,0,0,0,0,0,0,0,2.8415,84.927,0,8.9669,3.2645,0,0,0,7.1514,0,0,8.9669,67.996,0,12.622,0,3.2645,0,0.025974,0,0,0.025974,0.94805,0,0,1,0,0,0,0,1,0,0,0
0,0,0,0,16.825,44.795,38.38,0,0,0,0,0,0,0,6.4148,8.7256,55.205,21.555,8.0993,0,0,0,0,0,0,21.555,16.825,38.38,6.4148,16.825,0,0,0,0,0,0.025,0.05,0.925,0,0,1,0,0,0,0,1,0,0,0
0,0,0,0,13.027,50.058,36.915,0,0,0,0,0,0,0,6.1526,13.094,47.034,19.01,14.71,0,0,0,0,0,0,12.305,24.61,47.1,2.958,13.027,0,0,0,0.84946,0.010753,0.086022,0.053763,0,0,0,1,0,0,0,0,1,0,0,0
0,0,0,0,6.8623,93.138,0,0,0,0,0,0,0,0,0,6.5294,89.451,0,0,4.0197,0,0,0,0,0,0,0,89.118,0,6.8623,0,4.0197,0,0,0,0,0,1,0,0,1,0,0,0,0,1,0,0,0
0,0,0,0,12.665,77.708,9.6278,0,0,0,0,0,0,0,0,12.435,82.751,4.8139,0,0,0,0,0,0,0,4.8139,4.8139,77.708,0,12.665,0,0,0,0,0,0,0.016393,0.98361,0,0,1,0,0,0,0,1,0,0,0
0,0,0,0,13.189,77.022,9.7889,0,0,0,0,0,0,0,4.8945,8.7637,81.447,4.8945,0,0,0,0,0,0,0,9.7889,0,77.022,0,13.189,0,0,0,0,0,0,0.043478,0.95652,0,0,1,0,0,0,0,1,0,0,0
9.983,0,0,0,6.7037,41.843,37.763,0,0,0,3.7079,0,0,0,6.969,25.156,30.541,28.864,8.4697,0,0,0,0,0,0,13.673,30.365,42.984,6.2751,6.7037,0,0,0,0,0,0,0,1,0,0,1,0,0,0,0,1,0,0,0
24.987,0,0,0,0,53.381,17.495,0,0,0,4.137,0,0,0,8.7476,14.562,59.195,17.495,0,0,0,0,0,0,0,13.358,24.987,57.044,4.6107,0,0,0,0,0,0,0,0,1,0,0,1,0,0,0,0,1,0,0,0
4.4627,0,0,0,13.862,50.225,24.275,0,0,2.7124,4.4627,0,0,0,10.128,18.325,50.638,18.197,2.7124,0,0,0,0,0,0,13.734,10.541,56.198,2.9526,13.862,2.7124,0,0,0.85263,0.010526,0.042105,0.094737,0,0,0,1,0,0,0,0,1,0,0,0
12.255,0,0,0,8.6523,53.198,17.012,0,0,5.5483,3.3333,0,0,0,9.6137,23.858,48.915,15.398,2.215,0,0,0,0,0,0,14.797,21.137,41.866,7.9995,8.6523,5.5483,0,0,0,0,0,0,1,0,0,1,0,0,0,0,1,0,0,0
0,0,0,0,0,100,0,0,0,0,0,0,0,0,0,14.37,85.63,0,0,0,0,0,0,0,0,0,0,100,0,0,0,0,0,0,0,0,0,1,0,0,1,0,0,0,0,1,0,0,0
0,0,0,0,6.118,93.882,0,0,0,0,0,0,0,0,0,10.079,89.921,0,0,0,0,0,0,0,0,0,0,93.882,0,6.118,0,0,0,0,0,0,0,1,0,0,1,0,0,0,0,1,0,0,0
0,0,0,0,8.6592,91.341,0,0,0,0,0,0,0,0,0,8.6592,91.341,0,0,0,0,0,0,0,0,0,0,91.341,0,8.6592,0,0,0,0,0,0,0,1,0,0,1,0,0,0,0,1,0,0,0
0,0,0,0,0,100,0,0,0,0,0,0,0,0,0,16.607,71.154,12.239,0,0,0,0,0,0,0,0,0,100,0,0,0,0,0,0,0,0,0,1,0,0,1,0,0,0,0,1,0,0,0
0,0,0,0,0,100,0,0,0,0,0,0,0,0,0,8.9279,91.072,0,0,0,0,0,0,0,0,0,0,100,0,0,0,0,0,0,0,0,0,1,0,0,1,0,0,0,0,1,0,0,0
0,0,0,0,0,100,0,0,0,0,0,0,0,0,0,0,100,0,0,0,0,0,0,0,0,0,0,100,0,0,0,0,0,0,0,0,0,1,0,0,1,0,0,0,0,1,0,0,0
0,0,0,0,26.407,63.219,5.1869,0,0,5.1869,0,0,0,0,11.456,13.868,63.219,0,11.456,0,0,0,0,0,0,0,5.1869,63.219,6.2694,20.138,5.1869,0,0,0,0,0,0.032609,0.96739,0,0,1,0,0,0,0,1,0,0,0
0,0,0,10.345,22.325,67.33,0,0,0,0,0,0,0,0,5.9903,20.689,67.33,0,5.9903,0,0,0,0,0,0,0,0,67.33,5.9903,5.9903,20.689,0,0,0,0,0,0,1,0,0,1,0,0,0,0,1,0,0,0
13.037,0,0,0,0,70.934,6.1055,0,0,3.4354,6.4882,0,0,0,3.0528,19.908,60.949,16.09,0,0,0,0,0,0,0,3.0528,22.832,60.695,9.9844,0,3.4354,0,0,0,0,0,0,1,0,0,1,0,0,0,0,1,0,0,0
10.93,2.4354,0,0,8.7224,54.974,10.591,0,0,6.7966,5.5501,0,0,0,7.476,18.18,58.882,6.2295,4.3612,2.4354,0,2.4354,0,0,2.4354,5.5501,19.49,57.005,0,8.7224,6.7966,0,0,0,0,0,0,1,0,0,1,0,0,0,0,1,0,0,0
2.2996,0,0,0,19.848,53.883,9.9279,0,0,6.8955,7.1451,0,0,0,9.6084,24.6,51.833,11.364,2.5944,0,0,0,0,0,0,7.6283,11.991,51.587,4.6444,15.204,8.9455,0,0,0.73034,0,0.05618,0.17978,0.033708,0,0,1,0,0,0,0,1,0,0,0
5.1033,14.089,0,0,20.138,45.855,1.7859,0,0,6.5026,6.5267,0,1.8099,14.149,7.2737,12.069,27.599,8.8843,3.9803,15.899,0,8.3366,1.8099,3.2934,12.279,10.147,1.7859,34.673,7.7853,12.84,15.387,0,0,0.68,0.026667,0.12,0.14667,0.026667,0,0,1,0,0,0,0,1,0,0,0
4.7949,0,0,0,28.206,59.757,2.4379,0,0,4.8049,0,0,0,9.5898,9.5998,16.249,52.595,9.5289,2.4379,0,0,0,0,4.7949,0,0,2.4379,57.39,2.367,21.044,11.967,0,0,0,0,0,0.012658,0.98734,0,0,1,0,0,0,0,1,0,0,0
3.9816,23.497,0,0,29.825,39.411,0,0,0,3.2856,0,0,0,15.534,11.702,29.181,16.59,10.573,8.4164,8.0039,0,0,7.5298,3.5481,15.967,0,0,28.555,11.722,15.008,17.669,0,0,0.022222,0.011111,0.011111,0.066667,0.88889,0,0,1,0,0,0,0,1,0,0,0
9.636,15.651,0,0,19.456,34.639,3.3095,0,0,7.8954,9.4125,0,7.7569,11.607,8.1189,11.676,11.006,16.726,5.3891,17.169,0,10.55,6.527,3.109,9.1244,18.307,0,21.584,7.3777,12.279,15.073,0,6.619,0.775,0.025,0.075,0.125,0,0,0,1,0,0,0,0,1,0,0,0
16.631,0,0,0,0,83.369,0,0,0,0,0,0,0,0,0,8.3156,91.684,0,0,0,0,0,0,0,0,0,22.177,77.823,0,0,0,0,0,0,0,0,0,1,0,0,1,0,0,0,0,1,0,0,0
0,0,0,0,0,100,0,0,0,0,0,0,0,0,0,0,100,0,0,0,0,0,0,0,0,0,0,100,0,0,0,0,0,0,0,0,0,1,0,0,1,0,0,0,0,1,0,0,0
0,0,0,0,15.803,57.902,26.295,0,0,0,0,0,0,0,3.7515,0,69.953,26.295,0,0,0,0,0,26.295,3.7515,0,0,54.15,0,0,15.803,0,0,0,0,0.22222,0.27778,0.5,0,0,1,0,0,0,0,1,0,0,0
7.5024,3.4751,0,0,0,72.602,0,0,0,8.2101,8.2101,0,0,0,0,16.696,76.353,0,0,3.4751,0,3.4751,0,0,3.4751,3.4751,16.972,67.867,0,0,8.2101,0,0,0,0,0,0,1,0,0,1,0,0,0,0,1,0,0,0
10.276,0,0,0,0,89.724,0,0,0,0,0,0,0,0,0,0,89.724,0,0,0,0,10.276,10.276,0,0,0,7.5979,82.126,0,0,0,0,0,0,0,0,0,1,0,0,1,0,0,0,0,1,0,0,0
0,0,0,0,14.296,64.967,20.738,0,0,0,0,0,0,0,8.4932,0,70.769,20.738,0,0,0,0,0,20.738,5.9657,0,0,56.473,2.5275,0,14.296,0,0,0,0,0,0.5,0.5,0,0,1,0,0,0,0,1,0,0,0
0,0,0,0,22.739,43.928,33.333,0,0,0,0,0,0,0,0,0,66.667,33.333,0,0,0,0,0,33.333,0,0,0,43.928,0,0,22.739,0,0,0,0,0,0,1,0,0,1,0,0,0,0,1,0,0,0
0,0,0,0,9.9732,61.511,28.516,0,0,0,0,0,0,0,16.498,0,54.987,28.516,0,0,0,0,0,28.516,16.498,0,0,45.013,0,0,9.9732,0,0,0,0,0,0,1,0,0,1,0,0,0,0,1,0,0,0
0,0,0,0,23.073,60.262,16.665,0,0,0,0,0,0,0,0,0,83.335,16.665,0,0,0,0,0,16.665,0,0,0,60.262,0,0,23.073,0,0,0,0,0,0,1,0,0,1,0,0,0,0,1,0,0,0
0,0,0,0,15.939,84.061,0,0,0,0,0,0,0,0,0,0,100,0,0,0,0,0,0,0,0,0,0,84.061,0,0,15.939,0,0,0,0,0,0,1,0,0,1,0,0,0,0,1,0,0,0
0,0,0,0,21.457,70.006,8.5369,0,0,0,0,0,0,0,8.5369,0,82.926,8.5369,0,0,0,0,0,8.5369,8.5369,0,0,61.469,0,0,21.457,0,0,0,0,0,0,1,0,0,1,0,0,0,0,1,0,0,0
0,0,0,0,12.055,87.945,0,0,0,0,0,0,0,0,0,0,100,0,0,0,0,0,0,0,0,0,0,87.945,0,0,12.055,0,0,0,0,0,0,1,0,0,1,0,0,0,0,1,0,0,0
6.9278,6.9365,0,0,19.695,54.026,0,0,0,7.5124,4.9023,0,2.399,4.5374,5.0091,17.293,37.413,14.686,0,9.3355,0,9.3268,6.9278,0,4.5374,7.1971,8.1738,34.011,9.6768,12.287,17.189,0,0,0,0,0,0.025316,0.97468,0,0,1,0,0,0,0,1,0,0,0
5.4501,11.378,0,0,5.4501,60.415,0,0,0,5.9282,11.378,0,5.4501,0,0,5.9282,49.515,5.4501,0,16.828,0,16.828,5.4501,0,5.9282,22.279,0,49.515,5.4501,0,11.378,0,0,0,0,0,0,1,0,0,1,0,0,0,0,1,0,0,0
0,0,0,0,10.299,80.815,8.8864,0,0,0,0,0,0,0,21.672,5.861,50.794,21.672,0,0,0,0,0,8.8864,21.672,0,0,40.496,5.861,0,23.085,0,0,0,0,0,0.42105,0.57895,0,0,1,0,0,0,0,1,0,0,0
8.8824,21.116,0,0,11.466,40.712,2.1567,0,0,6.3341,9.3333,0,11.871,13.939,1.8582,11.927,16.866,11.764,7.0141,18.415,0,6.3442,4.025,0,16.259,14.191,0,24.914,7.7495,11.764,11.927,0,9.1708,0.20833,0.041667,0.083333,0.66667,0,0,0,1,0,0,0,0,1,0,0,0
18.91,30.075,0,0,5.634,28.357,3.8614,0,0,7.6446,5.5187,0,9.1797,20.865,9.5294,22.757,0,5.634,13.19,15.129,0,3.7155,7.5257,0,18.888,20.618,0,22.757,5.634,11.421,5.634,0,7.5224,0.89362,0,0.06383,0.042553,0,0,0,1,0,0,0,0,1,0,0,0
34.541,9.267,0,0,4.9424,18.534,19.124,0,0,4.3246,9.267,0,9.267,4.3246,14.799,0,0,9.267,19.124,33.333,0,9.8848,4.9424,0,4.3246,48.75,0,4.3246,4.9424,4.3246,4.9424,0,23.449,0,0,0,1,0,0,0,1,0,0,0,0,1,0,0,0
0,0,0,0,4.6266,90.747,4.6266,0,0,0,0,0,0,0,25.795,9.0804,34.876,30.249,0,0,0,0,0,4.6266,30.249,0,0,39.329,4.6266,0,21.168,0,0,0,0.066667,0,0.2,0.73333,0,0,1,0,0,0,0,1,0,0,0
0,0,0,0,10.915,70.99,18.095,0,0,0,0,0,0,0,26.138,0,47.806,26.056,0,0,0,0,0,18.095,18.877,0,0,36.89,7.2613,0,18.877,0,0,0,0,0,0,1,0,0,1,0,0,0,0,1,0,0,0
0,0,0,0,5.4986,83.355,11.146,0,0,0,0,0,0,0,33.284,16.639,22.292,27.785,0,0,0,0,0,11.146,27.785,0,0,16.793,22.138,0,22.138,0,0,0,0,0,0,1,0,0,1,0,0,0,0,1,0,0,0
0,0,0,0,16.215,74.089,9.6963,0,0,0,0,0,0,0,19.393,0,70.911,9.6963,0,0,0,0,0,9.6963,9.6963,0,0,54.697,9.6963,0,16.215,0,0,0,0,0,0,1,0,0,1,0,0,0,0,1,0,0,0
0,0,0,0,17.136,82.864,0,0,0,0,0,0,0,0,0,0,100,0,0,0,0,0,0,0,0,0,0,82.864,0,0,17.136,0,0,0,0,0,0,1,0,0,1,0,0,0,0,1,0,0,0
0,0,0,0,0,93.026,0,0,0,6.9737,0,0,0,0,15.161,15.161,40.57,29.108,0,0,0,0,0,0,15.161,0,0,47.544,15.161,0,15.161,6.9737,0,0,0,0,0,1,0,0,1,0,0,0,0,1,0,0,0
0,0,0,0,0,100,0,0,0,0,0,0,0,0,0,11.319,77.362,11.319,0,0,0,0,0,0,11.319,0,0,88.681,0,0,0,0,0,0,0,0,0,1,0,0,1,0,0,0,0,1,0,0,0
0,0,0,0,0,100,0,0,0,0,0,0,0,0,0,0,100,0,0,0,0,0,0,0,0,0,0,100,0,0,0,0,0,0,0,0,0,1,0,0,1,0,0,0,0,1,0,0,0
0,0,0,0,0,100,0,0,0,0,0,0,0,0,0,0,100,0,0,0,0,0,0,0,0,0,0,100,0,0,0,0,0,0,0,0,0,1,0,0,1,0,0,0,0,1,0,0,0
0,0,0,0,0,100,0,0,0,0,0,0,0,0,0,0,100,0,0,0,0,0,0,0,0,0,0,100,0,0,0,0,0,0,0,0,0,1,0,0,1,0,0,0,0,1,0,0,0
0,0,0,0,0,100,0,0,0,0,0,0,0,0,0,0,100,0,0,0,0,0,0,0,0,0,0,100,0,0,0,0,0,0,0,0,0,1,0,0,1,0,0,0,0,1,0,0,0
0,0,0,0,0,100,0,0,0,0,0,0,0,0,0,0,100,0,0,0,0,0,0,0,0,0,0,100,0,0,0,0,0,0,0,0,0,1,0,0,1,0,0,0,0,1,0,0,0
0,0,0,0,0,100,0,0,0,0,0,0,0,0,0,0,100,0,0,0,0,0,0,0,0,0,0,100,0,0,0,0,0,0,0,0,0,1,0,0,1,0,0,0,0,1,0,0,0
0,0,0,0,0,100,0,0,0,0,0,0,0,0,0,0,100,0,0,0,0,0,0,0,0,0,0,100,0,0,0,0,0,0,0,0,0,1,0,0,1,0,0,0,0,1,0,0,0
0,0,0,0,0,100,0,0,0,0,0,0,0,0,0,0,100,0,0,0,0,0,0,0,0,0,0,100,0,0,0,0,0,0,0,0,0,1,0,0,1,0,0,0,0,1,0,0,0
0,0,0,0,0,100,0,0,0,0,0,0,0,0,0,0,100,0,0,0,0,0,0,0,0,0,0,100,0,0,0,0,0,0,0,0,0,1,0,0,1,0,0,0,0,1,0,0,0
0,0,0,0,0,100,0,0,0,0,0,0,0,0,0,0,100,0,0,0,0,0,0,0,0,0,0,100,0,0,0,0,0,0,0,0,0,1,0,0,1,0,0,0,0,1,0,0,0
0,0,0,0,0,100,0,0,0,0,0,0,0,0,0,0,100,0,0,0,0,0,0,0,0,0,0,100,0,0,0,0,0,0,0,0,0,1,0,0,1,0,0,0,0,1,0,0,0
0,0,0,0,0,100,0,0,0,0,0,0,0,0,0,0,100,0,0,0,0,0,0,0,0,0,0,100,0,0,0,0,0,0,0,0,0,1,0,0,1,0,0,0,0,1,0,0,0
0,0,0,0,0,100,0,0,0,0,0,0,0,0,0,0,100,0,0,0,0,0,0,0,0,0,0,100,0,0,0,0,0,0,0,0,0,1,0,0,1,0,0,0,0,1,0,0,0
0,0,0,0,0,100,0,0,0,0,0,0,0,0,0,0,100,0,0,0,0,0,0,0,0,0,0,100,0,0,0,0,0,0,0,0,0,1,0,0,1,0,0,0,0,1,0,0,0
0,0,0,0,0,100,0,0,0,0,0,0,0,0,0,0,100,0,0,0,0,0,0,0,0,0,0,100,0,0,0,0,0,0,0,0,0,1,0,0,1,0,0,0,0,1,0,0,0
0,0,0,0,0,100,0,0,0,0,0,0,0,0,0,0,100,0,0,0,0,0,0,0,0,0,0,100,0,0,0,0,0,0,0,0,0,1,0,0,1,0,0,0,0,1,0,0,0
0,0,0,0,0,100,0,0,0,0,0,0,0,0,0,16.215,70.663,13.122,0,0,0,0,0,0,0,0,0,100,0,0,0,0,0,0,0,0,0,1,0,0,1,0,0,0,0,1,0,0,0
0,0,0,0,0,100,0,0,0,0,0,0,0,0,0,4.3723,90.421,5.2067,0,0,0,0,0,0,0,0,0,100,0,0,0,0,0,0,0,0,0,1,0,0,1,0,0,0,0,1,0,0,0
0,0,0,0,9.4294,90.571,0,0,0,0,0,0,0,4.7147,0,0,90.571,0,4.7147,0,0,0,0,0,0,0,0,90.571,0,4.7147,4.7147,0,0,0,0,0,0,1,0,0,1,0,0,0,0,1,0,0,0
0,0,0,0,0,100,0,0,0,0,0,0,0,0,0,0,100,0,0,0,0,0,0,0,0,0,0,100,0,0,0,0,0,0,0,0,0,1,0,0,1,0,0,0,0,1,0,0,0
0,0,0,0,0,100,0,0,0,0,0,0,0,0,0,0,94.694,5.3057,0,0,0,0,0,0,0,0,0,100,0,0,0,0,0,0,0,0,0,1,0,0,1,0,0,0,0,1,0,0,0
0,0,0,0,14.443,85.557,0,0,0,0,0,0,0,0,7.2213,0,85.557,0,7.2213,0,0,0,0,0,0,0,0,85.557,0,14.443,0,0,0,0,0,0,0,1,0,0,1,0,0,0,0,1,0,0,0
0,0,0,9.3124,27.693,44.23,18.764,0,0,0,0,0,0,3.7696,12.918,18.625,44.23,6.2546,14.203,0,0,0,0,0,2.4849,12.509,3.7696,44.23,0,15.896,21.11,0,0,0,0,0,0,1,0,0,1,0,0,0,0,1,0,0,0
0,7.552,0,2.897,30.742,30.023,26.601,0,0,0,2.1849,0,0,15.015,11.052,33.914,18.102,11.052,10.866,0,0,0,7.552,7.552,5.4642,15.549,11.052,17.007,2.1849,10.866,22.773,0,0,0,0,0,0,1,0,0,1,0,0,0,0,1,0,0,1
0,0,0,0,19.971,48.78,21.357,0,0,9.8914,0,0,0,7.5127,13.713,4.9457,48.78,3.822,16.28,0,4.9457,0,0,0,0,12.59,8.7677,43.835,4.9457,16.28,8.6364,4.9457,0,0,0,0,0,1,0,0,1,0,0,0,0,1,0,0,0
0,0,0,5.6512,14.624,15.645,27.135,0,0,23.22,13.725,0,0,10.083,20.034,21.908,11.402,15.03,13.36,5.05,3.1328,0,0,2.525,4.9466,12.099,11.249,14.479,12.469,20.275,11.911,10.046,0,0,0,0,0,1,0,0,1,0,0,0,0,1,0,0,1
0,0,0,0,0,100,0,0,0,0,0,0,0,0,0,5.131,94.869,0,0,0,0,0,0,0,0,0,0,94.869,5.131,0,0,0,0,0,0,0,0,1,0,0,1,0,0,0,0,1,0,0,0
0,0,0,0,3.7945,96.206,0,0,0,0,0,0,0,0,3.7945,3.7945,92.411,0,0,0,0,0,0,0,0,0,0,96.206,0,0,0,3.7945,0,0,0,0,0,1,0,0,1,0,0,0,0,1,0,0,0
0,0,0,0,7.1084,92.892,0,0,0,0,0,0,0,0,0,7.1084,85.783,0,0,0,7.1084,0,0,0,0,0,0,85.783,7.1084,7.1084,0,0,0,0,0,0,0,1,0,0,1,0,0,0,0,1,0,0,0
0,0,0,0,10.628,89.372,0,0,0,0,0,0,0,0,5.7164,15.54,73.833,4.9115,0,0,0,0,0,0,0,0,0,73.068,16.304,4.9115,0,5.7164,0,0,0,0,0,1,0,0,1,0,0,0,0,1,0,0,0
0,0,0,0,8.1525,86.64,5.208,0,0,0,0,0,0,0,5.208,18.512,59.875,16.405,0,0,0,0,0,0,0,5.208,5.208,68.128,13.304,2.9445,0,5.208,0,0,0,0,0,1,0,0,1,0,0,0,0,1,0,0,0
0,0,0,0,16.321,57.059,26.62,0,0,0,0,0,0,0,4.7058,16.321,52.353,15.005,11.615,0,0,0,0,0,0,26.62,11.615,45.443,0,11.615,0,4.7058,0,0,0,0,0.64407,0.35593,0,0,1,0,0,0,0,1,0,0,1
0,0,0,0,8.0116,91.988,0,0,0,0,0,0,0,0,8.0116,19.89,66.16,5.9391,0,0,0,0,0,0,0,0,5.9391,72.873,13.176,0,0,8.0116,0,0,0,0,0,1,0,0,1,0,0,0,0,1,0,0,0
3.533,0,0,3.1012,29.208,20.282,17.653,0,0,15.375,10.847,0,3.533,4.2121,16.864,8.7992,31.07,8.1784,20.465,3.533,3.3459,0,0,0,4.9603,11.148,5.0772,22.576,3.5924,35.843,8.308,8.4947,0,0,0,0,0.030303,0.9697,0,0,1,0,0,0,0,1,0,0,1
7.7584,0,0,4.8252,14.745,13.363,12.983,0,0,24.402,21.924,0,7.7584,4.8252,11.475,16.964,25.599,14.148,8.7388,6.1265,4.3641,0,0,0,10.935,7.1939,8.9657,12.072,12.279,24.152,16.964,7.4375,0,0,0,0,0.23077,0.76923,0,0,1,0,0,0,0,1,0,0,1
4.9073,0,0,0,14.403,50.199,8.9103,0,0,11.498,10.082,0,4.9073,0,4.003,9.4962,60.014,2.5875,9.4962,7.4947,2.0015,0,0,0,4.9073,6.9088,2.0015,44.308,11.066,19.311,9.4962,2.0015,0,0,0,0,0,1,0,0,1,0,0,0,0,1,0,0,0
6.105,0,0,2.793,19.911,22.644,38.259,0,0,4.0373,6.2508,0,0,6.2508,25.177,23.949,3.0525,15.295,15.149,11.127,0,0,0,7.0898,12.096,25.032,12.502,10.288,10.288,14.325,8.3789,0,0,0,0,0,0,1,0,0,1,0,0,0,0,1,0,0,1
11.952,0,0,1.6114,11.28,21.007,34.813,0,0,7.4136,11.923,0,0,5.8728,28.1,11.736,12.559,16.965,18.793,5.976,0,0,1.8596,4.1164,12.629,31.412,15.353,8.4521,7.7324,11.032,3.2228,4.1908,0,0,0,0,0,1,0,0,1,0,0,0,0,1,0,0,1
0,0,0,0,21.039,53.227,25.735,0,0,0,0,0,0,0,9.6772,31.452,25.315,25.527,8.0286,0,0,0,0,0,0,25.735,9.6772,29.803,13.746,11.361,0,9.6772,0,0,0,0,0.98901,0.010989,0,0,1,0,0,0,0,1,0,0,1
0,0,0,0,9.9984,82.441,7.5602,0,0,0,0,0,0,0,2.4382,21.48,62.316,6.2057,7.5602,0,0,0,0,0,0,7.5602,7.5602,66.695,8.1863,7.5602,0,2.4382,0,0,0,0,0.034483,0.96552,0,0,1,0,0,0,0,1,0,0,0
0,0,0,0,17.19,41.405,41.405,0,0,0,0,0,0,0,17.19,29.298,24.214,17.19,12.107,0,0,0,0,0,0,41.405,17.19,24.214,0,0,0,17.19,0,0,0,0,0,1,0,0,1,0,0,0,0,1,0,0,1
0,0,0,0,0,91.967,0,0,0,0,8.0331,0,0,0,0,22.325,72.618,5.0569,0,0,0,0,0,0,0,0,18.308,64.016,13.659,4.0166,0,0,0,0,0,0,0,1,0,0,1,0,0,0,0,1,0,0,0
0,0,0,0,37.16,37.727,25.113,0,0,0,0,0,0,0,20.321,14.904,31.551,15.446,17.777,0,0,0,0,0,0,16.714,16.839,29.287,17.448,19.712,0,0,0,0,0,0,0.95402,0.045977,0,0,1,0,0,0,0,1,0,0,1
0,0,0,0,9.9588,47.336,42.705,0,0,0,0,0,0,0,0,9.9588,57.91,22.173,9.9588,0,0,0,0,0,0,42.705,4.6302,42.705,0,9.9588,0,0,0,0,0,0,0,1,0,0,1,0,0,0,0,1,0,0,1
0,0,0,0,0,100,0,0,0,0,0,0,0,0,0,0,100,0,0,0,0,0,0,0,0,0,12.773,87.227,0,0,0,0,0,0,0,0,0,1,0,0,1,0,0,0,0,1,0,0,0
4.0963,0,0,0,0,88.994,0,0,0,0,6.9101,0,0,0,0,20.219,69.03,10.751,0,0,0,0,0,0,0,8.1927,15.033,55.658,13.565,7.5514,0,0,0,0,0,0,0,1,0,0,1,0,0,0,0,1,0,0,0
2.3319,0,0,0,0,97.668,0,0,0,0,0,0,0,0,0,12.47,85.198,2.3319,0,0,0,0,0,0,3.7216,4.6637,20.448,68.835,0,2.3319,0,0,0,0,0,0,0,1,0,0,1,0,0,0,0,1,0,0,0
0,0,0,0,27.419,33.948,38.634,0,0,0,0,0,6.6802,0,9.372,0,61.215,11.366,11.366,0,0,0,0,0,0,27.267,11.366,27.267,11.366,16.052,0,6.6802,0,0,0,0,0.80556,0.19444,0,0,1,0,0,0,0,1,0,0,1
0,0,0,0,0,100,0,0,0,0,0,0,0,0,0,0,100,0,0,0,0,0,0,0,20.237,0,0,79.763,0,0,0,0,0,0,0,0,0,1,0,0,1,0,0,0,0,1,0,0,0
0,0,0,0,0,58.909,41.091,0,0,0,0,0,17.818,0,0,11.636,58.909,0,11.636,0,0,0,0,0,0,41.091,0,41.091,17.818,0,0,0,0,0,0,0,0,1,0,0,1,0,0,0,0,1,0,0,1
0,0,0,0,0,100,0,0,0,0,0,0,0,0,0,0,100,0,0,0,0,0,0,0,0,0,0,100,0,0,0,0,0,0,0,0,0,1,0,0,1,0,0,0,0,1,0,0,0
0,0,0,0,39.089,40.375,20.535,0,0,0,0,0,11.356,9.1792,0,9.1792,40.375,18.554,11.356,0,0,0,0,0,9.1113,0,20.535,16.309,11.356,24.134,3.5988,14.955,0,0,0,0,0,1,0,0,1,0,0,0,0,1,0,0,1
0,0,0,0,0,76.693,23.307,0,0,0,0,0,0,11.654,0,0,76.693,0,11.654,0,0,0,0,0,11.654,0,23.307,53.386,0,0,11.654,0,0,0,0,0,0,1,0,0,1,0,0,0,0,1,0,0,0
0,0,0,0,0,100,0,0,0,0,0,0,0,0,0,0,100,0,0,0,0,0,0,0,0,0,0,100,0,0,0,0,0,0,0,0,0,1,0,0,1,0,0,0,0,1,0,0,0
3.0895,0,0,0,0,96.911,0,0,0,0,0,0,0,0,0,0,100,0,0,0,0,0,0,0,6.1053,3.0895,7.9005,79.889,0,3.0158,0,0,0,0,0,0,0,1,0,0,1,0,0,0,0,1,0,0,0
3.328,0,0,0,0,96.672,0,0,0,0,0,0,0,0,0,0,100,0,0,0,0,0,0,0,3.328,3.328,0,93.344,0,0,0,0,0,0,0,0,0,1,0,0,1,0,0,0,0,1,0,0,0
0,0,0,0,7.3216,92.678,0,0,0,0,0,0,0,0,0,0,100,0,0,0,0,0,0,0,0,0,0,75.994,16.685,0,0,7.3216,0,0,0.012346,0.012346,0.024691,0.95062,0,0,1,0,0,0,0,1,0,0,0
0,0,0,0,0,100,0,0,0,0,0,0,0,0,0,0,100,0,0,0,0,0,0,0,0,0,0,90.607,9.393,0,0,0,0,0,0.017241,0,0,0.98276,0,0,1,0,0,0,0,1,0,0,0
0,0,0,0,0,100,0,0,0,0,0,0,0,0,0,0,100,0,0,0,0,0,0,0,0,0,0,89.903,10.097,0,0,0,0,0,0,0,0.03125,0.96875,0,0,1,0,0,0,0,1,0,0,0
0,0,0,0,0,100,0,0,0,0,0,0,0,0,0,0,100,0,0,0,0,0,0,0,0,0,0,88.636,11.364,0,0,0,0,0,0,0,0,1,0,0,1,0,0,0,0,1,0,0,0
16.564,0,0,0,14.304,69.132,0,0,0,0,0,0,0,8.282,0,0,77.414,6.0221,8.282,0,0,0,0,0,24.846,0,0,48.922,11.928,0,0,14.304,0,0,0,0,0,1,0,0,1,0,0,0,0,1,0,0,0
12.503,0,0,0,11.834,70.403,0,0,0,5.2601,0,5.2601,0,6.2515,0,11.512,64.474,6.2515,0,6.2515,0,0,5.2601,6.2515,6.2515,0,0,39.261,19.631,0,11.512,11.834,0,0,0,0,0,1,0,0,1,0,0,0,0,1,0,0,0
0,0,0,0,5.8345,94.165,0,0,0,0,0,0,0,0,0,0,100,0,0,0,0,0,0,0,0,0,0,88.331,5.8345,0,0,5.8345,0,0,0,0,0,1,0,0,1,0,0,0,0,1,0,0,0
0,0,0,0,0,100,0,0,0,0,0,0,0,0,0,0,100,0,0,0,0,0,0,0,0,0,0,79.663,20.337,0,0,0,0,0,0,0,0,1,0,0,1,0,0,0,0,1,0,0,0
0,0,0,0,10.236,89.764,0,0,0,0,0,0,0,0,0,0,89.764,10.236,0,0,0,0,0,0,0,0,0,70.26,19.504,0,0,10.236,0,0,0,0,0,1,0,0,1,0,0,0,0,1,0,0,0
0,0,0,0,0,100,0,0,0,0,0,0,0,0,0,0,100,0,0,0,0,0,0,0,0,0,0,90.198,9.8019,0,0,0,0,0,0,0,0,1,0,0,1,0,0,0,0,1,0,0,0
0,8.1668,0,2.8159,31.981,48.588,8.4478,0,0,0,0,0,0,13.175,5.6319,30.132,40.421,2.8159,7.8239,0,0,0,8.1668,8.1668,2.8159,5.6319,0,40.421,0,5.008,29.789,0,0,0,0,0,0.041667,0.95833,0,0,1,0,0,0,0,1,0,0,0
5.2428,7.8406,0,14.916,27.235,23.583,21.182,0,0,0,0,0,0,7.8721,19.364,35.059,18.34,9.69,9.6743,0,0,0,2.6135,2.6293,12.288,14.122,0,26.196,0,2.6293,39.522,0,0,0,0,0,0.34211,0.65789,0,0,1,0,0,0,0,1,0,0,1
3.552,13.627,0,0,15.785,39.373,5.7043,0,0,16.254,5.7043,0,5.7043,31.281,3.552,22.377,3.552,11.644,5.7043,16.185,0,0,3.1463,6.6983,10.481,5.7043,0,25.747,2.3881,22.195,12.233,0,11.409,0,0,0,0,1,0,0,1,0,0,0,0,1,0,0,0
0,0,0,3.8317,30.981,25.77,27.461,0,0,7.3745,4.5818,0,0,5.2079,27.878,12.067,24.338,10.418,17.692,0,2.3987,0,0,0,5.8364,14.644,8.9852,23.944,4.4034,20.114,17.097,4.9758,0,0,0,0,0,1,0,0,1,0,0,0,0,1,0,0,1
2.4923,0,0,2.8014,21.207,13.882,43.788,0,0,10.369,5.4606,0,0,2.4692,27.569,23.333,13.188,13.736,10.656,9.0491,0,0,0,5.1476,9.0666,29.65,10.934,9.8166,4.9088,18.626,7.3969,4.4533,0,0,0,0,0,1,0,0,1,0,0,0,0,1,0,0,1
5.7576,0,0,0,2.8788,88.485,0,0,0,0,2.8788,0,0,0,2.8788,0,84.286,4.1991,5.7576,2.8788,0,0,2.8788,0,0,5.7576,4.1991,84.286,2.8788,0,0,0,0,0,0,0,0,1,0,0,1,0,0,0,0,1,0,0,0
1.6721,0,0,6.4338,8.6754,30.328,11.951,0,0,27.02,13.92,0,1.6721,1.9311,7.7076,12.538,31.244,11.72,18.338,1.9416,12.909,0,0,0,7.8469,2.8883,6.2325,22.181,14.22,15.109,13.195,18.328,0,0,0,0,0.30159,0.69841,0,0,1,0,0,0,0,1,0,0,1
1.9765,0,0,4.8535,20.128,7.0387,26.852,0,0,26.114,13.037,0,1.9765,1.2231,21.992,9.9743,16.592,12.284,24.145,5.5593,6.2541,0,0,1.7914,8.0531,11.376,8.8311,9.3994,4.415,26.958,8.2306,20.945,0,0,0,0,0,1,0,0,1,0,0,0,0,1,0,0,1
4.7302,0,0,0,0,77.66,4.7302,0,0,0,12.88,0,4.7302,0,0,1.879,74.809,9.4603,4.3913,0,4.7302,0,4.3913,0,9.4603,0,11.339,66.321,8.4883,0,0,0,0,0,0,0,0,1,0,0,1,0,0,0,0,1,0,0,0
5.8604,0,0,1.9398,7.5519,54.209,7.8002,0,0,8.2999,14.339,0,5.8604,0,0,10.174,56.575,8.6993,8.2999,2.4807,7.9101,0,0,0,11.18,2.4807,10.029,35.608,16.657,13.806,4.4204,5.8193,0,0,0,0,0,1,0,0,1,0,0,0,0,1,0,0,0
1.7312,0,0,3.2323,6.2011,51.824,4.9635,0,0,14.167,17.881,0,1.7312,0,0,8.19,57.237,10.973,14.167,4.47,3.2323,0,0,0,4.9635,1.7312,8.7215,43.102,12.918,11.165,7.7022,9.6969,0,0,0,0,0,1,0,0,1,0,0,0,0,1,0,0,0
8.8146,0,0,0,1.5383,68.562,4.9181,0,0,1.5383,14.629,0,4.9181,0,0,4.2762,64.913,17.898,1.5383,1.5383,4.9181,0,0,0,9.8363,3.8965,24.283,42.91,14.629,2.9073,1.5383,0,0,0,0,0,0,1,0,0,1,0,0,0,0,1,0,0,0
32.893,19.788,0,0,0,18.208,4.662,0,0,4.662,19.788,0,34.913,4.662,8.8835,0,8.8835,4.662,28.671,9.3241,0,0,0,0,4.662,52.681,0,13.546,0,4.662,0,0,24.45,0,0,0,1,0,0,0,1,0,0,0,0,1,0,0,0
10.666,39.777,0,0,0,26.223,7.7782,0,0,7.7782,7.7782,0,7.7782,18.444,10.666,21.332,0,7.7782,18.444,15.556,0,0,10.666,0,29.111,7.7782,0,29.111,0,7.7782,0,0,15.556,0.023256,0,0,0,0.97674,0,0,1,0,0,0,0,1,0,0,0
37.355,0,0,0,0,29.888,18.678,0,0,14.079,0,0,0,0,18.678,0,21.983,14.079,26.582,18.678,0,0,0,7.9041,7.9041,45.26,0,14.079,0,0,0,14.079,10.774,0,0,0,1,0,0,0,1,0,0,0,0,1,0,0,0
28,0,0,0,0,57.5,0,0,0,14.5,0,0,0,0,14,0,43,29,14,0,0,0,0,0,0,28,0,57.5,0,0,0,14.5,0,0,0,0,1,0,0,0,1,0,0,0,0,1,0,0,0
29.758,0,0,0,13.108,19.649,30.002,0,0,5.624,1.8596,0,0,1.8596,28.614,23.123,10.306,8.1108,16.739,11.248,0,0,0,5.624,6.2512,46.025,8.1108,13.398,7.4836,13.108,0,0,0,0,0,0,1,0,0,0,1,0,0,0,0,1,0,0,0
0,0,0,0,0,82.315,0,0,0,0,17.685,0,0,0,0,0,82.315,0,17.685,0,0,0,17.685,0,0,0,0,82.315,0,0,0,0,0,0,0,0,0,1,0,0,1,0,0,0,0,1,0,0,0
44.826,0,0,0,12.065,20.696,10.348,0,0,0,12.065,0,0,0,22.413,0,10.348,0,44.826,22.413,0,0,12.065,10.348,10.348,55.174,0,0,12.065,0,0,0,0,0,0,0,1,0,0,0,1,0,0,0,0,1,0,0,0
0,0,0,0,0,75,0,0,0,25,0,0,0,0,0,0,100,0,0,0,0,0,0,0,0,0,0,75,0,0,25,0,0,0,0,0,1,0,0,0,1,0,0,0,0,1,0,0,0
0,0,0,0,0,81.03,0,0,0,18.97,0,0,0,0,0,7.03,72.19,20.78,0,0,0,0,0,0,7.03,0,0,74,0,0,5.2201,13.75,0,0,0,0,0,1,0,0,1,0,0,0,0,1,0,0,0
0,0,0,0,0,89.312,0,0,0,10.688,0,0,0,0,0,0,78.624,21.376,0,0,0,0,0,0,0,0,0,89.312,0,0,0,10.688,0,0,0,0,0,1,0,0,1,0,0,0,0,1,0,0,0
0,0,0,0,0,61.228,0,0,0,38.772,0,0,0,0,0,6.3829,82.383,11.234,0,0,0,0,0,0,0,0,0,54.845,6.3829,0,33.155,5.617,0,0,0,0,0,1,0,0,1,0,0,0,0,1,0,0,0
0,0,0,0,0,86.921,0,0,0,13.079,0,0,0,0,0,0,100,0,0,0,0,0,0,0,0,0,0,86.921,0,0,13.079,0,0,0,0,0,0,1,0,0,1,0,0,0,0,1,0,0,0
48.747,0,0,0,6.741,29.27,6.741,0,0,3.3705,5.1307,0,0,0,27.744,10.112,25.899,0,29.504,6.741,0,0,5.1307,3.3705,0,52.117,0,29.27,3.3705,6.741,0,0,0,0,0,0,1,0,0,0,1,0,0,0,0,1,0,0,0
0,0,0,0,0,91.493,0,0,0,0,8.507,0,0,0,0,0,85.005,6.4878,8.507,0,0,0,8.507,0,0,0,6.4878,85.005,0,0,0,0,0,0,0,0,0,1,0,0,1,0,0,0,0,1,0,0,0
66.675,0,0,0,9.7006,13.924,0,0,0,0,9.7006,0,0,0,33.337,0,13.924,0,36.076,16.663,0,0,9.7006,0,0,66.675,0,13.924,9.7006,0,0,0,0,0,0,0,1,0,0,0,1,0,0,0,0,1,0,0,0
0,0,0,0,0,71.509,0,0,0,28.491,0,0,0,0,0,28.491,71.509,0,0,0,0,0,0,0,0,0,0,56.983,14.526,0,28.491,0,0,0,0,0,1,0,0,0,1,0,0,0,0,1,0,0,0
56.886,0,0,0,0,43.114,0,0,0,0,0,0,0,0,28.443,0,43.114,0,13.772,14.671,0,0,0,0,0,56.886,0,43.114,0,0,0,0,0,0,0,0,1,0,0,0,1,0,0,0,0,1,0,0,0
0,0,0,0,0,95.063,0,0,0,0,4.9367,0,0,0,0,2.4684,91.442,6.0896,0,0,0,0,0,0,0,0,16.87,78.194,4.9367,0,0,0,0,0,0,0,0,1,0,0,1,0,0,0,0,1,0,0,0
57.963,12.266,0,0,0,29.77,0,0,0,0,0,0,0,0,25.434,12.266,29.77,0,25.434,7.0952,0,0,0,0,12.266,57.963,0,29.77,0,0,0,0,0,0,0,0,1,0,0,0,1,0,0,0,0,1,0,0,0
0,0,0,0,0,64.106,0,0,0,35.894,0,0,0,0,0,35.894,64.106,0,0,0,0,0,0,0,0,0,0,64.106,0,0,35.894,0,0,0,0,0,1,0,0,0,1,0,0,0,0,1,0,0,0
0,0,0,0,0,73.19,0,0,0,26.81,0,0,0,0,0,21.254,78.746,0,0,0,0,0,0,0,0,0,0,61.673,11.517,0,26.81,0,0,0,0,0,0,1,0,0,1,0,0,0,0,1,0,0,0
0,0,0,0,0,75,0,0,0,25,0,0,0,0,0,25,75,0,0,0,0,0,0,0,0,0,0,61.278,13.722,0,25,0,0,0,0,0,0,1,0,0,1,0,0,0,0,1,0,0,0
0,0,0,0,0,75.379,0,0,0,24.621,0,0,0,0,0,24.621,75.379,0,0,0,0,0,0,0,0,0,0,59.119,16.261,0,24.621,0,0,0,0,0,0,1,0,0,1,0,0,0,0,1,0,0,0
0,0,0,0,0,100,0,0,0,0,0,0,0,0,0,0,100,0,0,0,0,0,0,0,0,0,0,100,0,0,0,0,0,0,0,0,0,1,0,0,1,0,0,0,0,1,0,0,0
3.8807,0,0,0,2.1014,82.589,0,0,0,2.1014,9.3275,0,0,0,0,22.343,62.591,10.863,2.1014,2.1014,0,0,0,0,0,5.5656,19.753,51.307,17.487,3.7863,2.1014,0,0,0,0,0,0,1,0,0,1,0,0,0,0,1,0,0,0
3.4636,0,0,0,0,80.242,0,0,0,0,16.295,0,0,0,0,8.2433,84.256,7.5007,0,0,0,0,0,0,0,6.9273,15.208,60.029,12.257,5.5782,0,0,0,0,0,0,0,1,0,0,1,0,0,0,0,1,0,0,0
4.136,0,0,0,0,79.738,0,0,0,0,16.126,0,0,0,0,2.2462,86.12,11.633,0,0,0,0,0,0,0,4.136,18.016,69.22,8.6284,0,0,0,0,0,0,0,0,1,0,0,1,0,0,0,0,1,0,0,0
3.7515,0,0,0,0,88.156,0,0,0,0,8.0923,0,0,0,0,0,92.202,7.7976,0,0,0,0,0,0,7.1463,11.549,10.832,63.621,0,6.8516,0,0,0,0,0,0,0,1,0,0,1,0,0,0,0,1,0,0,0
3.8142,0,0,0,0,83.83,0,0,0,0,12.355,0,0,0,0,14.91,78.792,6.298,0,0,0,0,0,0,6.6014,6.298,27.418,50.508,7.3879,1.7868,0,0,0,0,0,0,0,1,0,0,1,0,0,0,0,1,0,0,0
7.2987,0,0,0,0,78.78,0,0,0,0,13.921,0,0,0,0,0,93.339,6.6607,0,0,0,0,0,0,9.0731,4.5032,8.4351,75.737,0,2.2516,0,0,0,0,0,0,0,1,0,0,1,0,0,0,0,1,0,0,0
0,0,0,0,0,100,0,0,0,0,0,0,0,0,0,0,100,0,0,0,0,0,0,0,6.9299,0,10.586,79.028,0,3.4556,0,0,0,0,0,0,0,1,0,0,1,0,0,0,0,1,0,0,0
11.866,0,0,0,0,85.717,0,0,0,0,2.4167,0,0,0,0,2.4167,95.167,2.4167,0,0,0,0,0,0,10.223,4.7847,12.146,70.429,0,2.4167,0,0,0,0,0,0,0,1,0,0,1,0,0,0,0,1,0,0,0
24.278,0,0,0,0,62.605,0,0,0,0,13.117,0,0,0,0,5.1897,78.708,16.103,0,0,0,0,0,0,7.5046,9.1531,20.87,53.741,0,8.7308,0,0,0,0,0,0,0,1,0,0,1,0,0,0,0,1,0,0,0
15.382,0,0,0,0,78.127,0,0,0,0,6.4904,0,0,0,0,9.7422,87.87,2.3882,0,0,0,0,0,0,9.9621,5.64,7.3845,72.017,0,4.9963,0,0,0,0,0,0,0,1,0,0,1,0,0,0,0,1,0,0,0
20.336,0,0,0,0,75.284,0,0,0,0,4.3799,0,0,0,0,4.3799,91.24,4.3799,0,0,0,0,0,0,7.6429,7.0673,26.875,54.035,0,4.3799,0,0,0,0,0,0,0,1,0,0,1,0,0,0,0,1,0,0,0
23.123,0,0,0,0,71.98,0,0,0,0,4.8964,0,0,0,0,4.8964,91.958,3.146,0,0,0,0,0,0,14.109,1.7491,9.7672,72.425,0,1.9494,0,0,0,0,0,0,0,1,0,0,1,0,0,0,0,1,0,0,0
21.084,12.357,0,0,0,66.559,0,0,0,0,0,0,0,0,6.3399,20.761,66.559,0,0,6.3399,0,0,0,0,12.357,21.084,0,66.559,0,0,0,0,0,0,0,0,1,0,0,0,1,0,0,0,0,1,0,0,0
3.7344,0,0,0,0,75.333,0,0,0,0,20.933,0,0,0,0,0,92.18,7.8199,0,0,0,0,0,0,4.0855,7.8199,15.924,68.437,3.7344,0,0,0,0,0,0,0,0,1,0,0,1,0,0,0,0,1,0,0,0
39.347,12.965,0,0,0,41.2,0,0,0,6.4887,0,0,0,0,4.8479,25.015,41.2,0,5.5621,23.375,0,0,0,0,18.527,28.223,5.5621,41.2,0,0,6.4887,0,0,0,0,0,1,0,0,0,1,0,0,0,0,1,0,0,0
0,0,0,0,0,66.667,0,0,0,33.333,0,0,0,0,0,33.333,66.667,0,0,0,0,0,0,0,0,0,0,66.667,0,0,33.333,0,0,0,0,0,1,0,0,0,1,0,0,0,0,1,0,0,0
53.367,7.5911,0,0,0,32.97,0,0,0,0,6.0718,0,6.0718,0,0,20.826,32.97,0,13.235,26.898,0,0,0,0,26.898,20.826,19.307,32.97,0,0,0,0,0,0,0,0,1,0,0,0,1,0,0,0,0,1,0,0,0
13.025,0,0,0,0,62.39,0,0,0,0,24.584,0,0,0,0,0,77.032,22.968,0,0,0,0,0,0,8.1291,8.1291,14.839,68.903,0,0,0,0,0,0,0,0,0,1,0,0,1,0,0,0,0,1,0,0,0
27.628,5.2525,0,0,4.2512,58.26,0,0,0,0,4.6085,0,4.6085,4.2512,0,19.77,62.511,0,4.2512,4.6085,0,0,0,0,22.614,14.517,4.6085,54.009,0,0,0,4.2512,0,0,0,0,1,0,0,0,1,0,0,0,0,1,0,0,0
0,6.1616,0,0,0,68.721,0,0,0,25.118,0,0,0,0,0,31.279,68.721,0,0,0,0,0,0,0,6.1616,0,0,68.721,0,0,25.118,0,0,0,0,0,0.98571,0.014286,0,0,1,0,0,0,0,1,0,0,0
0,0,0,0,0,69.662,0,0,0,30.338,0,0,0,0,0,30.338,69.662,0,0,0,0,0,0,0,0,0,0,69.662,0,0,30.338,0,0,0,0,0,0,1,0,0,1,0,0,0,0,1,0,0,0
0,0,0,0,0,82.13,0,0,0,17.87,0,0,0,0,0,17.87,82.13,0,0,0,0,0,0,0,0,0,0,82.13,0,0,17.87,0,0,0,0,0,0,1,0,0,1,0,0,0,0,1,0,0,0
0,0,0,0,0,76.077,0,0,0,23.923,0,0,0,0,0,23.923,76.077,0,0,0,0,0,0,0,0,0,0,76.077,0,0,23.923,0,0,0,0,0,0,1,0,0,1,0,0,0,0,1,0,0,0
51.143,0,0,0,11.495,32.443,0,0,0,0,4.9185,0,4.9185,16.413,0,10.075,43.938,0,15.615,9.0389,0,0,0,4.9185,43.524,10.075,4.1204,25.867,0,0,0,11.495,0,0,0,0,1,0,0,0,1,0,0,0,0,1,0,0,0
21.413,0,0,0,0,67.92,0,0,0,0,10.667,0,0,0,0,3.5308,92.938,3.5308,0,0,0,0,0,0,8.287,3.5308,13.126,71.525,0,3.5308,0,0,0,0,0,0,0,1,0,0,1,0,0,0,0,1,0,0,0
29.933,0,0,0,6.429,48.628,0,0,0,0,15.01,0,15.01,4.2392,0,3.5614,55.057,0,3.5614,18.571,0,0,0,4.2392,18.571,3.5614,14.332,46.439,6.429,0,0,6.429,0,0,0,0,0,1,0,0,1,0,0,0,0,1,0,0,0
40.709,0,0,0,15.709,34.291,0,0,0,0,9.2905,0,4.8805,20.119,0,11.22,23.15,11.22,13.309,16.101,0,0,0,15.63,33.979,0,4.8805,18.581,0,0,11.22,15.709,0,0,0,0,1,0,0,0,1,0,0,0,0,1,0,0,0
23.26,0,0,0,0,68.147,0,0,0,0,8.5932,0,0,0,0,8.5932,81.86,9.5469,0,0,0,0,0,0,4.1664,4.4268,22.005,64.975,0,4.4268,0,0,0,0,0,0,0,1,0,0,1,0,0,0,0,1,0,0,0
25.877,0,0,0,4.8277,49.936,0,0,0,3.2521,16.107,3.2521,9.7697,16.107,0,3.2521,40.347,4.8277,12.675,9.7697,0,0,3.2521,16.107,16.107,0,0,48.374,8.0798,0,3.2521,4.8277,0,0,0,0,0,1,0,0,1,0,0,0,0,1,0,0,0
0,0,0,0,0,92.059,0,0,0,7.9406,0,0,0,0,7.9406,0,92.059,0,0,0,0,0,0,0,0,0,7.9406,69.87,14.249,0,7.9406,0,0,0,0.058824,0,0.098039,0.84314,0,0,1,0,0,0,0,1,0,0,0
0,32.274,0,0,0,64.23,0,0,0,3.496,0,0,25.252,1.7634,3.496,0,64.23,0,0,0,5.2594,0,0,0,0,32.274,21.756,30.884,11.59,0,3.496,0,0,0,0.046512,0,0,0.95349,0,0,1,0,0,0,0,1,0,0,0
0,0,0,0,6.7861,49.819,43.395,0,0,0,0,0,0,0,13.572,18.304,47.946,4.4035,6.7861,0,8.9879,0,0,0,2.2018,25.09,29.822,24.91,0,6.7861,8.9879,0,2.2018,0,0,0,0,1,0,0,1,0,0,0,0,1,0,0,1
0,8.0678,0,0,0,87.321,0,0,0,4.6112,0,0,0,4.0339,4.6112,0,87.321,0,0,0,4.0339,0,0,0,0,8.0678,7.4366,63.329,16.556,0,4.6112,0,0,0,0,0,0,1,0,0,1,0,0,0,0,1,0,0,0
0,27.624,0,0,0,65.152,0,0,0,7.224,0,0,7.4773,6.3344,7.224,0,65.152,0,0,9.1642,4.6476,0,0,0,0,27.624,7.5771,48.13,9.4455,0,7.224,0,0,0,0,0,0,1,0,0,1,0,0,0,0,1,0,0,0
0,34.693,0,0,0,60.818,0,0,0,4.4889,0,0,19.795,7.449,4.4889,0,60.818,0,0,3.3646,4.0844,0,0,0,0,34.693,24.284,36.534,0,0,4.4889,0,0,0,0,0,0,1,0,0,1,0,0,0,0,1,0,0,0
0,19.802,0,0,0,80.198,0,0,0,0,0,0,7.6537,2.2472,0,0,80.198,0,0,7.6537,2.2472,0,0,0,0,19.802,7.6537,59.155,13.389,0,0,0,0,0,0,0,0,1,0,0,1,0,0,0,0,1,0,0,0
0,0,0,0,0,100,0,0,0,0,0,0,0,0,0,0,100,0,0,0,0,0,0,0,0,0,5.5577,82.293,12.149,0,0,0,0,0,0,0,0,1,0,0,1,0,0,0,0,1,0,0,0
0,28.008,0,0,0,69.393,0,0,0,2.5992,0,0,6.9596,8.3441,0,2.5992,66.793,0,0,12.902,2.4021,0,0,0,6.9596,21.049,6.2763,56.84,6.2763,2.5992,0,0,0,0,0,0,0,1,0,0,1,0,0,0,0,1,0,0,0
0,40.491,0,0,0,55.807,0,0,0,3.702,0,0,14.12,6.1251,3.702,0,55.807,0,0,10.418,9.8271,0,0,0,3.6498,36.841,6.7684,49.039,0,0,3.702,0,0,0,0,0,0,1,0,0,1,0,0,0,0,1,0,0,0
0,7.0637,0,0,0,85.873,0,0,0,7.0637,0,0,7.0637,0,0,7.0637,78.809,0,0,7.0637,0,0,0,0,7.0637,0,4.4604,71.264,10.148,7.0637,0,0,0,0,0,0,0,1,0,0,1,0,0,0,0,1,0,0,0
0,0,0,0,31.564,65.855,2.5816,0,0,0,0,0,0,0,17.073,8.9683,38.59,30.789,4.5795,0,0,0,0,0,0,0,12.493,55.943,19.071,12.493,0,0,0,0,0,0,0,1,0,0,1,0,0,0,0,1,0,0,0
0,21.84,0,0,0,63.975,0,0,7.0924,7.0924,0,0,18.013,0,0,2.903,58.169,2.903,7.0924,10.92,0,0,0,0,7.932,13.908,2.9881,58.084,2.903,7.0924,7.0924,0,0,0,0,0,0,1,0,0,1,0,0,0,0,1,0,0,0
0,26.901,0,0,0,56.875,0,0,3.8992,12.325,0,0,17.65,3.9128,0,8.4256,48.45,0,3.8992,17.663,0,0,0,0,8.4256,18.475,5.3249,51.55,0,12.325,3.8992,0,0,0,0,0,0,1,0,0,1,0,0,0,0,1,0,0,0
0,0,0,0,0,100,0,0,0,0,0,0,0,0,0,0,100,0,0,0,0,0,0,0,0,0,0,100,0,0,0,0,0,0,0,0,0,1,0,0,1,0,0,0,0,1,0,0,0
0,0,0,0,0,100,0,0,0,0,0,0,0,0,0,0,100,0,0,0,0,0,0,0,0,0,0,100,0,0,0,0,0,0,0,0,0,1,0,0,1,0,0,0,0,1,0,0,0
0,0,0,0,0,100,0,0,0,0,0,0,0,0,0,0,100,0,0,0,0,0,0,0,0,0,0,100,0,0,0,0,0,0,0,0,0,1,0,0,1,0,0,0,0,1,0,0,0
0,0,0,0,0,100,0,0,0,0,0,0,0,0,0,0,100,0,0,0,0,0,0,0,0,0,0,100,0,0,0,0,0,0,0,0,0,1,0,0,1,0,0,0,0,1,0,0,0
0,0,0,0,0,100,0,0,0,0,0,0,0,0,0,0,100,0,0,0,0,0,0,0,0,0,0,100,0,0,0,0,0,0,0,0,0,1,0,0,1,0,0,0,0,1,0,0,0
0,0,0,0,0,100,0,0,0,0,0,0,0,0,0,0,100,0,0,0,0,0,0,0,0,0,0,100,0,0,0,0,0,0,0,0,0,1,0,0,1,0,0,0,0,1,0,0,0
0,0,0,0,0,100,0,0,0,0,0,0,0,0,0,0,100,0,0,0,0,0,0,0,0,0,0,100,0,0,0,0,0,0,0,0,0,1,0,0,1,0,0,0,0,1,0,0,0
0,0,0,0,0,100,0,0,0,0,0,0,0,0,0,0,100,0,0,0,0,0,0,0,0,0,0,100,0,0,0,0,0,0,0,0,0,1,0,0,1,0,0,0,0,1,0,0,0
0,0,0,0,0,100,0,0,0,0,0,0,0,0,0,0,100,0,0,0,0,0,0,0,0,0,0,100,0,0,0,0,0,0,0,0,0,1,0,0,1,0,0,0,0,1,0,0,0
0,0,0,0,0,100,0,0,0,0,0,0,0,0,0,0,100,0,0,0,0,0,0,0,0,0,0,100,0,0,0,0,0,0,0,0,0,1,0,0,1,0,0,0,0,1,0,0,0
0,0,0,0,0,100,0,0,0,0,0,0,0,0,0,0,100,0,0,0,0,0,0,0,0,0,0,100,0,0,0,0,0,0,0,0,0,1,0,0,1,0,0,0,0,1,0,0,0
0,0,0,0,0,100,0,0,0,0,0,0,0,0,0,0,100,0,0,0,0,0,0,0,0,0,0,100,0,0,0,0,0,0,0,0,0,1,0,0,1,0,0,0,0,1,0,0,0
0,0,0,0,0,100,0,0,0,0,0,0,0,0,0,0,100,0,0,0,0,0,0,0,0,0,0,100,0,0,0,0,0,0,0,0,0,1,0,0,1,0,0,0,0,1,0,0,0
0,0,0,0,0,100,0,0,0,0,0,0,0,0,0,0,100,0,0,0,0,0,0,0,0,0,0,100,0,0,0,0,0,0,0,0,0,1,0,0,1,0,0,0,0,1,0,0,0
0,0,0,0,0,100,0,0,0,0,0,0,0,0,0,0,100,0,0,0,0,0,0,0,0,0,0,100,0,0,0,0,0,0,0,0,0,1,0,0,1,0,0,0,0,1,0,0,0
0,0,0,0,0,100,0,0,0,0,0,0,0,0,0,0,100,0,0,0,0,0,0,0,0,0,0,100,0,0,0,0,0,0,0,0,0,1,0,0,1,0,0,0,0,1,0,0,0
0,0,0,0,0,100,0,0,0,0,0,0,0,0,0,0,100,0,0,0,0,0,0,0,0,0,0,100,0,0,0,0,0,0,0,0,0,1,0,0,1,0,0,0,0,1,0,0,0
0,0,0,0,0,100,0,0,0,0,0,0,0,0,0,0,100,0,0,0,0,0,0,0,0,0,0,100,0,0,0,0,0,0,0,0,0,1,0,0,1,0,0,0,0,1,0,0,0
0,0,0,0,0,100,0,0,0,0,0,0,0,0,0,0,100,0,0,0,0,0,0,0,0,0,0,100,0,0,0,0,0,0,0,0,0,1,0,0,1,0,0,0,0,1,0,0,0
0,0,0,0,0,100,0,0,0,0,0,0,0,0,0,0,100,0,0,0,0,0,0,0,0,0,0,100,0,0,0,0,0,0,0,0,0,1,0,0,1,0,0,0,0,1,0,0,0
0,0,0,0,0,100,0,0,0,0,0,0,0,0,0,0,100,0,0,0,0,0,0,0,0,0,0,100,0,0,0,0,0,0,0,0,0,1,0,0,1,0,0,0,0,1,0,0,0
0,0,0,0,0,100,0,0,0,0,0,0,0,0,0,0,100,0,0,0,0,0,0,0,0,0,0,100,0,0,0,0,0,0,0,0,0,1,0,0,1,0,0,0,0,1,0,0,0
0,0,0,0,0,100,0,0,0,0,0,0,0,0,0,0,100,0,0,0,0,0,0,0,0,0,0,100,0,0,0,0,0,0,0,0,0,1,0,0,1,0,0,0,0,1,0,0,0
0,0,0,0,0,100,0,0,0,0,0,0,0,0,0,0,100,0,0,0,0,0,0,0,0,0,0,100,0,0,0,0,0,0,0,0,0,1,0,0,1,0,0,0,0,1,0,0,0
0,0,0,0,0,100,0,0,0,0,0,0,0,0,0,0,100,0,0,0,0,0,0,0,0,0,0,100,0,0,0,0,0,0,0,0,0,1,0,0,1,0,0,0,0,1,0,0,0
0,0,0,0,0,100,0,0,0,0,0,0,0,0,0,0,100,0,0,0,0,0,0,0,0,0,0,100,0,0,0,0,0,0,0,0,0,1,0,0,1,0,0,0,0,1,0,0,0
0,0,0,0,0,100,0,0,0,0,0,0,0,0,0,0,100,0,0,0,0,0,0,0,0,0,0,100,0,0,0,0,0,0,0,0,0,1,0,0,1,0,0,0,0,1,0,0,0
0,0,0,0,0,100,0,0,0,0,0,0,0,0,0,0,100,0,0,0,0,0,0,0,0,0,0,100,0,0,0,0,0,0,0,0,0,1,0,0,1,0,0,0,0,1,0,0,0
0,0,0,0,0,100,0,0,0,0,0,0,0,0,0,0,100,0,0,0,0,0,0,0,0,0,0,100,0,0,0,0,0,0,0,0,0,1,0,0,1,0,0,0,0,1,0,0,0
0,0,0,0,0,100,0,0,0,0,0,0,0,0,0,0,100,0,0,0,0,0,0,0,0,0,0,100,0,0,0,0,0,0,0,0,0,1,0,0,1,0,0,0,0,1,0,0,0
0,0,0,0,0,100,0,0,0,0,0,0,0,0,0,19.182,80.818,0,0,0,0,0,0,0,0,0,0,100,0,0,0,0,0,0,0,0,0.37288,0.62712,0,0,1,0,0,0,0,1,0,0,0
0,0,0,0,0,100,0,0,0,0,0,0,0,0,0,0,100,0,0,0,0,0,0,0,0,0,0,100,0,0,0,0,0,0,0,0,0.17241,0.82759,0,0,1,0,0,0,0,1,0,0,0
0,0,0,0,0,100,0,0,0,0,0,0,0,0,0,0,100,0,0,0,0,0,0,0,0,0,0,100,0,0,0,0,0,0,0,0,0.21918,0.78082,0,0,1,0,0,0,0,1,0,0,0
0,0,0,0,0,100,0,0,0,0,0,0,0,0,0,0,100,0,0,0,0,0,0,0,0,0,0,100,0,0,0,0,0,0,0,0,0.011364,0.98864,0,0,1,0,0,0,0,1,0,0,0
0,0,0,0,0,100,0,0,0,0,0,0,0,0,0,0,100,0,0,0,0,0,0,0,0,0,0,100,0,0,0,0,0,0,0,0,0,1,0,0,1,0,0,0,0,1,0,0,0
0,0,0,0,0,100,0,0,0,0,0,0,0,0,0,0,100,0,0,0,0,0,0,0,0,0,0,100,0,0,0,0,0,0,0,0,0,1,0,0,1,0,0,0,0,1,0,0,0
0,0,0,0,0,100,0,0,0,0,0,0,0,0,0,0,100,0,0,0,0,0,0,0,0,0,0,100,0,0,0,0,0,0,0,0,0,1,0,0,1,0,0,0,0,1,0,0,0
0,0,0,0,0,100,0,0,0,0,0,0,0,0,0,0,100,0,0,0,0,0,0,0,0,0,0,100,0,0,0,0,0,0,0,0,0,1,0,0,1,0,0,0,0,1,0,0,0
0,0,0,0,0,100,0,0,0,0,0,0,0,0,0,16.279,83.721,0,0,0,0,0,0,0,0,0,0,100,0,0,0,0,0,0,0,0,0.11111,0.88889,0,0,1,0,0,0,0,1,0,0,0
0,0,0,0,0,100,0,0,0,0,0,0,0,0,0,20.01,79.99,0,0,0,0,0,0,0,0,0,0,100,0,0,0,0,0,0,0,0,0,1,0,0,1,0,0,0,0,1,0,0,0
0,0,0,0,0,100,0,0,0,0,0,0,0,0,0,0,100,0,0,0,0,0,0,0,0,0,0,100,0,0,0,0,0,0,0,0,0.29825,0.70175,0,0,1,0,0,0,0,1,0,0,0
0,0,0,0,0,100,0,0,0,0,0,0,0,0,0,0,100,0,0,0,0,0,0,0,0,0,0,100,0,0,0,0,0,0,0,0,0,1,0,0,1,0,0,0,0,1,0,0,0
0,0,0,0,0,100,0,0,0,0,0,0,0,0,0,0,100,0,0,0,0,0,0,0,0,0,0,100,0,0,0,0,0,0,0,0,0,1,0,0,1,0,0,0,0,1,0,0,0
0,0,0,0,0,100,0,0,0,0,0,0,0,0,0,0,100,0,0,0,0,0,0,0,0,0,0,100,0,0,0,0,0,0,0,0,0,1,0,0,1,0,0,0,0,1,0,0,0
0,0,0,0,0,100,0,0,0,0,0,0,0,0,0,0,100,0,0,0,0,0,0,0,0,0,0,100,0,0,0,0,0,0,0,0,0,1,0,0,1,0,0,0,0,1,0,0,0
0,0,0,0,0,100,0,0,0,0,0,0,0,0,0,0,100,0,0,0,0,0,0,0,0,0,0,100,0,0,0,0,0,0,0,0,0,1,0,0,1,0,0,0,0,1,0,0,0
0,0,0,0,0,100,0,0,0,0,0,0,0,0,0,0,100,0,0,0,0,0,0,0,0,0,0,100,0,0,0,0,0,0,0,0,0,1,0,0,1,0,0,0,0,1,0,0,0
0,0,0,0,0,100,0,0,0,0,0,0,0,0,0,0,100,0,0,0,0,0,0,0,0,0,0,100,0,0,0,0,0,0,0,0,0.27941,0.72059,0,0,1,0,0,0,0,1,0,0,0
0,0,0,0,0,100,0,0,0,0,0,0,0,0,0,15.996,84.004,0,0,0,0,0,0,0,0,0,0,100,0,0,0,0,0,0,0,0,0.18841,0.81159,0,0,1,0,0,0,0,1,0,0,0
0,0,0,0,0,100,0,0,0,0,0,0,0,0,0,0,100,0,0,0,0,0,0,0,0,0,0,100,0,0,0,0,0,0,0,0,0.24,0.76,0,0,1,0,0,0,0,1,0,0,0
0,0,0,0,0,100,0,0,0,0,0,0,0,0,0,0,100,0,0,0,0,0,0,0,0,0,0,100,0,0,0,0,0,0,0,0,0,1,0,0,1,0,0,0,0,1,0,0,0
0,0,0,0,0,100,0,0,0,0,0,0,0,0,0,0,100,0,0,0,0,0,0,0,0,0,0,100,0,0,0,0,0,0,0,0,0.012658,0.98734,0,0,1,0,0,0,0,1,0,0,0
0,0,0,0,0,100,0,0,0,0,0,0,0,0,0,0,100,0,0,0,0,0,0,0,0,0,0,100,0,0,0,0,0,0,0,0,0,1,0,0,1,0,0,0,0,1,0,0,0
0,0,0,0,0,100,0,0,0,0,0,0,0,0,0,0,100,0,0,0,0,0,0,0,0,0,0,100,0,0,0,0,0,0,0,0,0,1,0,0,1,0,0,0,0,1,0,0,0
0,0,0,0,0,100,0,0,0,0,0,0,0,0,0,0,100,0,0,0,0,0,0,0,0,0,0,100,0,0,0,0,0,0,0,0,0,1,0,0,1,0,0,0,0,1,0,0,0
0,0,0,0,0,100,0,0,0,0,0,0,0,0,0,11.057,88.943,0,0,0,0,0,0,0,0,0,0,100,0,0,0,0,0,0,0,0,0,1,0,0,1,0,0,0,0,1,0,0,0
0,0,0,0,0,100,0,0,0,0,0,0,0,0,0,0,100,0,0,0,0,0,0,0,0,0,0,100,0,0,0,0,0,0,0,0,0,1,0,0,1,0,0,0,0,1,0,0,0
0,0,0,0,0,100,0,0,0,0,0,0,0,0,0,0,100,0,0,0,0,0,0,0,0,0,0,100,0,0,0,0,0,0,0,0,0,1,0,0,1,0,0,0,0,1,0,0,0
0,0,0,0,0,100,0,0,0,0,0,0,0,0,0,0,100,0,0,0,0,0,0,0,0,0,0,100,0,0,0,0,0,0,0,0,0,1,0,0,1,0,0,0,0,1,0,0,0
0,0,0,0,0,100,0,0,0,0,0,0,0,0,0,0,100,0,0,0,0,0,0,0,0,0,0,100,0,0,0,0,0,0,0,0,0,1,0,0,1,0,0,0,0,1,0,0,0
0,0,0,0,0,100,0,0,0,0,0,0,0,0,0,0,100,0,0,0,0,0,0,0,0,0,0,100,0,0,0,0,0,0,0,0,0,1,0,0,1,0,0,0,0,1,0,0,0
0,0,0,0,0,100,0,0,0,0,0,0,0,0,0,0,100,0,0,0,0,0,0,0,0,0,0,100,0,0,0,0,0,0,0,0,0,1,0,0,1,0,0,0,0,1,0,0,0
0,0,0,0,7.7581,92.242,0,0,0,0,0,0,0,0,0,7.7581,92.242,0,0,0,0,0,0,0,0,0,0,92.242,0,7.7581,0,0,0,0,0,0,0,1,0,0,1,0,0,0,0,1,0,0,0
0,0,0,0,0,100,0,0,0,0,0,0,0,0,0,0,100,0,0,0,0,0,0,0,0,0,0,100,0,0,0,0,0,0,0,0,0,1,0,0,1,0,0,0,0,1,0,0,0
0,0,0,0,0,100,0,0,0,0,0,0,0,0,0,0,100,0,0,0,0,0,0,0,0,0,0,100,0,0,0,0,0,0,0,0,0,1,0,0,1,0,0,0,0,1,0,0,0
0,0,0,0,0,100,0,0,0,0,0,0,0,0,0,0,100,0,0,0,0,0,0,0,0,0,0,100,0,0,0,0,0,0,0,0,0,1,0,0,1,0,0,0,0,1,0,0,0
0,0,0,0,0,100,0,0,0,0,0,0,0,0,0,0,100,0,0,0,0,0,0,0,0,0,0,100,0,0,0,0,0,0,0,0,0,1,0,0,1,0,0,0,0,1,0,0,0
0,0,0,0,0,100,0,0,0,0,0,0,0,0,0,0,100,0,0,0,0,0,0,0,0,0,0,100,0,0,0,0,0,0,0,0,0,1,0,0,1,0,0,0,0,1,0,0,0
0,0,0,0,16.731,83.269,0,0,0,0,0,0,0,0,0,0,83.269,16.731,0,0,0,0,0,0,0,0,0,83.269,0,0,16.731,0,0,0,0,0,0,1,0,0,1,0,0,0,0,1,0,0,0
0,0,0,0,0,100,0,0,0,0,0,0,0,0,0,0,100,0,0,0,0,0,0,0,0,0,0,100,0,0,0,0,0,0,0,0,0,1,0,0,1,0,0,0,0,1,0,0,0
0,0,0,0,5.4199,94.58,0,0,0,0,0,0,0,0,0,5.4199,89.16,5.4199,0,0,0,0,0,0,0,0,0,94.58,0,0,0,5.4199,0,0,0,0,0,1,0,0,1,0,0,0,0,1,0,0,0
0,0,0,0,0,100,0,0,0,0,0,0,0,0,0,11.251,83.417,5.3319,0,0,0,0,0,0,0,0,0,100,0,0,0,0,0,0,0,0,0,1,0,0,1,0,0,0,0,1,0,0,0
0,0,0,0,0,100,0,0,0,0,0,0,0,0,0,14.269,78.563,7.1682,0,0,0,0,0,0,0,0,0,100,0,0,0,0,0,0,0,0,0,1,0,0,1,0,0,0,0,1,0,0,0
0,0,0,0,0,100,0,0,0,0,0,0,0,0,0,8.8449,82.31,8.8449,0,0,0,0,0,0,0,0,0,100,0,0,0,0,0,0,0,0,0,1,0,0,1,0,0,0,0,1,0,0,0
0,0,0,0,0,100,0,0,0,0,0,0,0,0,0,21.144,59.757,19.1,0,0,0,0,0,0,0,0,11.835,88.165,0,0,0,0,0,0,0,0,0,1,0,0,1,0,0,0,0,1,0,0,0
0,0,0,0,0,100,0,0,0,0,0,0,0,0,0,4.3492,95.651,0,0,0,0,0,0,0,0,0,0,100,0,0,0,0,0,0,0,0,0,1,0,0,1,0,0,0,0,1,0,0,0
0,0,0,0,0,100,0,0,0,0,0,0,0,0,0,0,100,0,0,0,0,0,0,0,0,0,0,100,0,0,0,0,0,0,0,0,0,1,0,0,1,0,0,0,0,1,0,0,0
0,0,0,0,0,100,0,0,0,0,0,0,0,0,0,8.9202,87.604,3.4757,0,0,0,0,0,0,0,0,0,100,0,0,0,0,0,0,0,0,0,1,0,0,1,0,0,0,0,1,0,0,0
0,0,0,0,0,100,0,0,0,0,0,0,0,0,0,0,100,0,0,0,0,0,0,0,0,0,0,100,0,0,0,0,0,0,0,0,0,1,0,0,1,0,0,0,0,1,0,0,0
0,0,0,0,0,100,0,0,0,0,0,0,0,0,0,16.667,66.667,16.667,0,0,0,0,0,0,0,0,9.3595,90.641,0,0,0,0,0,0,0,0,0,1,0,0,1,0,0,0,0,1,0,0,0
0,0,0,0,0,100,0,0,0,0,0,0,0,0,0,8.7924,82.415,8.7924,0,0,0,0,0,0,0,0,16.667,83.333,0,0,0,0,0,0,0,0,0,1,0,0,1,0,0,0,0,1,0,0,0
0,0,0,0,0,100,0,0,0,0,0,0,0,0,0,19.262,61.477,19.262,0,0,0,0,0,0,0,0,19.72,80.28,0,0,0,0,0,0,0,0,0,1,0,0,1,0,0,0,0,1,0,0,0
0,0,0,0,0,100,0,0,0,0,0,0,0,0,0,12.995,74.01,12.995,0,0,0,0,0,0,0,0,12.995,87.005,0,0,0,0,0,0,0,0,0,1,0,0,1,0,0,0,0,1,0,0,0
0,0,0,0,0,100,0,0,0,0,0,0,0,0,0,6.3945,87.211,6.3945,0,0,0,0,0,0,0,0,2.7967,97.203,0,0,0,0,0,0,0,0,0,1,0,0,1,0,0,0,0,1,0,0,0
0,0,0,0,0,100,0,0,0,0,0,0,0,0,0,0,100,0,0,0,0,0,0,0,0,0,0,100,0,0,0,0,0,0,0,0,0,1,0,0,1,0,0,0,0,1,0,0,0
0,0,0,0,0,100,0,0,0,0,0,0,0,0,0,3.2091,93.582,3.2091,0,0,0,0,0,0,0,0,6.3621,93.638,0,0,0,0,0,0,0,0,0,1,0,0,1,0,0,0,0,1,0,0,0
0,0,0,0,0,100,0,0,0,0,0,0,0,0,0,0,100,0,0,0,0,0,0,0,0,0,2.3438,97.656,0,0,0,0,0,0,0,0,0,1,0,0,1,0,0,0,0,1,0,0,0
0,0,0,0,0,100,0,0,0,0,0,0,0,0,0,0,100,0,0,0,0,0,0,0,0,0,0,100,0,0,0,0,0,0,0,0,0,1,0,0,1,0,0,0,0,1,0,0,0
0,0,0,0,0,100,0,0,0,0,0,0,0,0,0,0,100,0,0,0,0,0,0,0,0,0,0,100,0,0,0,0,0,0,0,0,0,1,0,0,1,0,0,0,0,1,0,0,0
0,0,0,0,0,100,0,0,0,0,0,0,0,0,0,0,100,0,0,0,0,0,0,0,0,0,0,100,0,0,0,0,0,0,0,0,0,1,0,0,1,0,0,0,0,1,0,0,0
0,0,0,0,0,100,0,0,0,0,0,0,0,0,0,0,100,0,0,0,0,0,0,0,0,0,0,100,0,0,0,0,0,0,0,0,0,1,0,0,1,0,0,0,0,1,0,0,0
0,0,0,0,0,100,0,0,0,0,0,0,0,0,0,0,100,0,0,0,0,0,0,0,0,0,0,100,0,0,0,0,0,0,0,0,0,1,0,0,1,0,0,0,0,1,0,0,0
0,0,0,0,0,100,0,0,0,0,0,0,0,0,0,0,100,0,0,0,0,0,0,0,0,0,0,100,0,0,0,0,0,0,0,0,0,1,0,0,1,0,0,0,0,1,0,0,0
0,0,0,0,0,100,0,0,0,0,0,0,0,0,0,0,100,0,0,0,0,0,0,0,0,0,0,100,0,0,0,0,0,0,0,0,0,1,0,0,1,0,0,0,0,1,0,0,0
0,0,0,0,0,100,0,0,0,0,0,0,0,0,0,0,100,0,0,0,0,0,0,0,0,0,0,100,0,0,0,0,0,0,0,0,0,1,0,0,1,0,0,0,0,1,0,0,0
0,0,0,0,0,100,0,0,0,0,0,0,0,0,0,6.5783,71.699,21.723,0,0,0,0,0,0,0,0,18.061,81.939,0,0,0,0,0,0,0,0,0,1,0,0,1,0,0,0,0,1,0,0,0
0,0,0,0,0,100,0,0,0,0,0,0,0,0,0,8.0093,58.981,33.009,0,0,0,0,0,0,0,0,41.019,58.981,0,0,0,0,0,0,0,0,0,1,0,0,1,0,0,0,0,1,0,0,0
0,0,0,0,0,100,0,0,0,0,0,0,0,0,0,10.341,69.867,19.792,0,0,0,0,0,0,0,0,34.139,65.861,0,0,0,0,0,0,0,0,0,1,0,0,1,0,0,0,0,1,0,0,0
0,0,0,0,0,100,0,0,0,0,0,0,0,0,0,9.7656,59.316,30.919,0,0,0,0,0,0,0,0,30.877,69.123,0,0,0,0,0,0,0,0,0,1,0,0,1,0,0,0,0,1,0,0,0
0,0,0,0,0,100,0,0,0,0,0,0,0,0,0,7.6184,74.387,17.994,0,0,0,0,0,0,0,0,21.354,78.646,0,0,0,0,0,0,0,0,0,1,0,0,1,0,0,0,0,1,0,0,0
0,0,0,0,0,100,0,0,0,0,0,0,0,0,0,2.6552,94.69,2.6552,0,0,0,0,0,0,0,0,13.423,86.577,0,0,0,0,0,0,0,0,0,1,0,0,1,0,0,0,0,1,0,0,0
0,0,0,0,0,100,0,0,0,0,0,0,0,0,0,0,100,0,0,0,0,0,0,0,0,0,0,100,0,0,0,0,0,0,0,0,0,1,0,0,1,0,0,0,0,1,0,0,0
0,0,0,0,0,100,0,0,0,0,0,0,0,0,0,0,100,0,0,0,0,0,0,0,0,0,0,100,0,0,0,0,0,0,0,0,0,1,0,0,1,0,0,0,0,1,0,0,0
0,0,0,0,0,100,0,0,0,0,0,0,0,0,0,0,100,0,0,0,0,0,0,0,0,0,0,100,0,0,0,0,0,0,0,0,0,1,0,0,1,0,0,0,0,1,0,0,0
0,0,0,0,0,100,0,0,0,0,0,0,0,0,0,0,100,0,0,0,0,0,0,0,0,0,0,100,0,0,0,0,0,0,0,0,0,1,0,0,1,0,0,0,0,1,0,0,0
0,0,0,0,0,100,0,0,0,0,0,0,0,0,0,0,100,0,0,0,0,0,0,0,0,0,0,100,0,0,0,0,0,0,0,0,0,1,0,0,1,0,0,0,0,1,0,0,0
0,0,0,0,0,100,0,0,0,0,0,0,0,0,0,0,100,0,0,0,0,0,0,0,0,0,0,100,0,0,0,0,0,0,0,0,0,1,0,0,1,0,0,0,0,1,0,0,0
0,0,0,0,0,100,0,0,0,0,0,0,0,0,0,0,100,0,0,0,0,0,0,0,0,0,0,100,0,0,0,0,0,0,0,0,0,1,0,0,1,0,0,0,0,1,0,0,0
0,0,0,0,0,100,0,0,0,0,0,0,0,0,0,0,100,0,0,0,0,0,0,0,0,0,0,100,0,0,0,0,0,0,0,0,0,1,0,0,1,0,0,0,0,1,0,0,0
0,0,0,0,0,100,0,0,0,0,0,0,0,0,0,0,79.674,20.326,0,0,0,0,0,0,0,0,0,100,0,0,0,0,0,0,0,0,0,1,0,0,1,0,0,0,0,1,0,0,0
0,0,0,0,16.808,83.192,0,0,0,0,0,0,0,0,0,16.808,66.384,16.808,0,0,0,0,0,0,0,0,0,83.192,0,0,0,16.808,0,0,0,0,0,1,0,0,1,0,0,0,0,1,0,0,0
0,0,0,0,14.966,85.034,0,0,0,0,0,0,0,0,0,14.966,70.067,14.966,0,0,0,0,0,0,0,0,0,85.034,0,0,0,14.966,0,0,0,0,0,1,0,0,1,0,0,0,0,1,0,0,0
0,0,0,0,19.967,80.033,0,0,0,0,0,0,0,0,0,19.967,55.637,24.396,0,0,0,0,0,0,0,0,0,68.758,11.275,0,0,19.967,0,0.012346,0,0,0.061728,0.92593,0,0,1,0,0,0,0,1,0,0,0
0,0,0,0,0,100,0,0,0,0,0,0,0,0,0,0,100,0,0,0,0,0,0,0,0,0,0,94.486,5.5137,0,0,0,0,0,0,0,0,1,0,0,1,0,0,0,0,1,0,0,0
0,0,0,0,0,100,0,0,0,0,0,0,0,0,0,0,100,0,0,0,0,0,0,0,0,0,0,100,0,0,0,0,0,0,0,0,0,1,0,0,1,0,0,0,0,1,0,0,0
0,0,0,0,0,100,0,0,0,0,0,0,0,0,0,0,100,0,0,0,0,0,0,0,0,0,0,92.347,7.6533,0,0,0,0,0,0,0,0,1,0,0,1,0,0,0,0,1,0,0,0
0,0,0,0,0,100,0,0,0,0,0,0,0,0,0,0,100,0,0,0,0,0,0,0,0,0,0,93.278,6.722,0,0,0,0,0,0,0,0,1,0,0,1,0,0,0,0,1,0,0,0
0,0,0,0,5.9294,94.071,0,0,0,0,0,0,0,0,0,0,94.071,5.9294,0,0,0,0,0,0,0,0,0,85.207,8.864,5.9294,0,0,0,0,0,0,0,1,0,0,1,0,0,0,0,1,0,0,0
0,0,0,0,18.159,65.327,16.514,0,0,0,0,0,5.9402,1.9668,3.3198,17.506,47.675,10.252,5.433,5.9402,1.9668,0,0,0,3.4661,5.433,23.153,29.294,10.62,10.866,11.88,3.3198,1.9668,0,0,0,0,1,0,0,1,0,0,0,0,1,0,0,0
8.0537,0,0,0,0,91.946,0,0,0,0,0,0,7.4164,0,0,4.0269,88.557,0,0,0,0,0,0,0,4.0269,4.0269,0,84.53,0,0,7.4164,0,0,0,0,0,0,1,0,0,1,0,0,0,0,1,0,0,0
0,0,0,0,13.314,66.661,20.025,0,0,0,0,0,6.2365,4.6006,4.1128,23.326,47.111,10.012,0,4.6006,0,0,0,0,0,0,34.15,31.687,10.012,4.6006,10.837,8.7134,0,0,0,0,0,1,0,0,1,0,0,0,0,1,0,0,1
0,0,0,0,7.1054,58.507,34.387,0,0,0,0,0,5.2607,2.6713,11.892,6.3607,47.742,4.516,16.297,5.2607,0,0,0,0,0,2.6713,35.405,22.495,24.391,2.6713,10.521,1.8447,0,0,0,0,0,1,0,0,1,0,0,0,0,1,0,0,1
0,0,0,0,6.101,93.899,0,0,0,0,0,0,0,0,0,0,90.458,9.5422,0,0,0,0,0,0,0,0,0,93.899,0,6.101,0,0,0,0,0,0,0,1,0,0,1,0,0,0,0,1,0,0,0
0,0,0,0,8.6056,91.394,0,0,0,0,0,0,0,0,0,8.6056,73.567,13.525,4.3028,0,0,0,0,0,4.3028,4.3028,0,76.862,5.9272,8.6056,0,0,0,0,0,0,0,1,0,0,1,0,0,0,0,1,0,0,0
0,0,0,0,16.358,71.315,12.327,0,0,0,0,0,0,8.1225,0,16.245,32.636,22.028,8.0718,4.346,8.5506,0,0,0,4.7741,8.0718,12.327,41.796,0,15.788,4.346,4.346,8.5506,0,0,0,0,1,0,0,1,0,0,0,0,1,0,0,1
0,0,0,0,5.4544,94.546,0,0,0,0,0,0,0,0,0,0,94.183,5.8165,0,0,0,0,0,0,0,0,0,94.546,0,5.4544,0,0,0,0,0,0,0,1,0,0,1,0,0,0,0,1,0,0,0
0,0,0,0,10.21,89.79,0,0,0,0,0,0,0,0,0,0,81.788,13.835,4.3771,0,0,0,0,0,0,4.3771,0,85.412,0,10.21,0,0,0,0,0,0,0,1,0,0,1,0,0,0,0,1,0,0,0
0,0,0,0,17.029,74.836,8.1349,0,0,0,0,0,0,0,0,17.029,40.148,29.956,4.7324,0,8.1349,0,0,0,12.867,4.7324,15.699,41.537,0,17.029,0,0,8.1349,0,0,0,0,1,0,0,1,0,0,0,0,1,0,0,0
0,0,0,0,13.208,57.422,29.37,0,0,0,0,0,4.7217,10.962,1.9385,18.872,39.418,7.8028,6.0286,7.6735,2.5827,0,0,0,0,8.0105,27.824,26.87,5.821,13.545,12.395,2.9518,2.5827,0,0,0,0,1,0,0,1,0,0,0,0,1,0,0,1
0,0,0,0,1.4439,66.893,31.663,0,0,0,0,0,0,4.7528,1.4439,17.276,51.719,15.832,8.9769,0,0,0,0,0,0,4.7528,39.433,20.584,29.033,4.7528,0,1.4439,0,0,0,0,0,1,0,0,1,0,0,0,0,1,0,0,1
5.8216,16.064,0,0,2.4145,48.059,21.819,0,5.8216,0,0,5.8216,0,8.6988,20.486,15.535,26.24,6.2844,8.6988,0,8.2361,0,0,0,19.085,14.52,21.819,13.12,12.106,11.113,0,5.8216,2.4145,0,0,0,0,1,0,0,1,0,0,0,0,1,0,0,1
0,3.0708,0,0,14.013,61.201,21.715,0,0,0,0,0,0,6.4796,3.1645,21.514,33.164,21.348,5.4741,2.1428,6.7127,0,0,0,6.9234,10.689,28.971,23.925,5.3571,13.042,2.1428,5.3073,3.6419,0,0,0,0,1,0,0,1,0,0,0,0,1,0,0,1
0,8.7987,0,0,3.2608,52.859,32.29,0,2.7919,0,0,0,0,7.4628,14.561,14.562,46.239,7.1839,1.7699,0,8.2214,0,0,0,9.8333,16.706,30.447,23.445,4.2828,9.2327,0,4.2828,1.7699,0,0,0,0,1,0,0,1,0,0,0,0,1,0,0,1
0,0,0,0,4.8486,58.817,36.335,0,0,0,0,0,0,6.4182,8.8085,17.56,42.628,11.215,11.874,0,1.4963,0,0,0,0,6.4182,45.98,18.167,16.671,7.9145,0,3.3522,1.4963,0,0,0,0,1,0,0,1,0,0,0,0,1,0,0,1
12.713,0,0,0,9.3056,62.408,0,0,11.135,4.4381,0,4.4381,0,4.1376,0,10.834,47.136,9.3056,4.4381,4.1376,15.573,0,15.573,8.5757,4.1376,0,0,35.888,17.944,0,4.1376,13.744,0,0,0,0,0,1,0,0,1,0,0,0,0,1,0,0,0
0,0,0,0,0,54.549,45.451,0,0,0,0,0,0,0,13.628,9.0977,54.549,9.0977,13.628,0,0,0,0,0,0,0,54.549,22.726,22.726,0,0,0,0,0,0,0,0,1,0,0,1,0,0,0,0,1,0,0,1
7.4244,0,0,0,0,72.27,0,0,7.4244,12.881,0,12.881,0,0,0,11.669,53.176,0,7.4244,0,14.849,0,20.306,7.4244,0,0,0,47.837,11.552,0,5.4569,7.4244,0,0,0,0,0,1,0,0,1,0,0,0,0,1,0,0,0
0,0,0,0,0,92.845,0,0,0,7.1552,0,7.1552,0,0,0,7.1552,85.69,0,0,0,0,0,7.1552,0,0,0,0,60.178,25.511,0,7.1552,0,0,0,0,0,0,1,0,0,1,0,0,0,0,1,0,0,0
0,0,0,0,0,100,0,0,0,0,0,0,0,0,0,0,100,0,0,0,0,0,0,0,0,0,0,91.243,8.7571,0,0,0,0,0,0,0,0,1,0,0,1,0,0,0,0,1,0,0,0
0,0,0,0,0,93.232,0,0,6.7682,0,0,0,0,0,0,15.021,78.211,0,0,0,6.7682,0,6.7682,0,0,0,0,79.425,13.807,0,0,0,0,0,0,0,0,1,0,0,1,0,0,0,0,1,0,0,0
0,0,0,0,0,100,0,0,0,0,0,0,0,0,0,0,100,0,0,0,0,0,0,0,0,0,0,89.759,10.241,0,0,0,0,0,0,0,0,1,0,0,1,0,0,0,0,1,0,0,0
0,0,0,0,0,92.763,0,0,7.2366,0,0,0,0,0,0,7.2366,85.527,0,0,0,7.2366,0,7.2366,0,0,0,0,76.87,15.894,0,0,0,0,0.015625,0,0,0,0.98438,0,0,1,0,0,0,0,1,0,0,0
11.513,18.357,0,0,0,51.275,14.218,0,4.6364,0,0,11.513,0,2.567,34.318,11.651,30.18,2.567,2.567,0,4.6364,0,0,0,38.766,7.2034,14.218,11.651,20.957,2.567,0,4.6364,0,0,0,0,0,1,0,0,1,0,0,0,0,1,0,0,1
0,0,0,0,0,100,0,0,0,0,0,0,0,0,0,11.265,88.735,0,0,0,0,0,0,0,0,0,0,91.224,8.7765,0,0,0,0,0,0,0,0.020833,0.97917,0,0,1,0,0,0,0,1,0,0,0
0,0,0,0,0,100,0,0,0,0,0,0,0,0,0,0,100,0,0,0,0,0,0,0,0,0,0,94.696,5.3045,0,0,0,0,0.018182,0,0,0,0.98182,0,0,1,0,0,0,0,1,0,0,0
0,0,0,0,18.878,81.122,0,0,0,0,0,0,0,0,0,8.9334,91.067,0,0,0,0,0,0,0,0,0,0,81.122,0,18.878,0,0,0,0,0,0,0,1,0,0,1,0,0,0,0,1,0,0,0
0,0,0,0,8.2539,83.492,8.2539,0,0,0,0,0,0,0,0,16.508,79.512,3.9798,0,0,0,0,0,0,0,8.2539,0,83.492,0,8.2539,0,0,0,0,0,0,0,1,0,0,1,0,0,0,0,1,0,0,0
0,0,0,0,16.128,53.517,30.355,0,0,0,0,0,0,0,3.6572,21.298,53.747,0,16.637,4.6612,0,0,0,0,0,14.722,29.351,35.138,4.6612,16.128,0,0,0,0,0,0,0.88462,0.11538,0,0,1,0,0,0,0,1,0,0,1
0,0,0,0,13.224,80.874,5.9018,0,0,0,0,0,0,0,7.322,8.8527,67.651,0,13.224,2.9509,0,0,0,0,0,2.9509,2.9509,63.28,2.9509,20.546,7.322,0,0,0,0,0,0,1,0,0,1,0,0,0,0,1,0,0,0
0,0,0,0,26.435,61.745,11.821,0,0,0,0,0,0,0,7.6393,25.144,31.345,16.837,11.474,7.5605,0,0,0,3.9927,3.6466,3.9139,7.5605,39.251,7.5605,21.23,12.844,0,0,0,0,0,0,1,0,0,1,0,0,0,0,1,0,0,0
0,0,0,0,13.641,49.767,36.592,0,0,0,0,0,0,0,5.062,27.171,49.937,1.4153,9.8639,4.728,1.8233,0,0,0,1.4153,25.015,23.577,28.384,4.728,13.641,3.2386,0,0,0,0,0,0.74545,0.25455,0,0,1,0,0,0,0,1,0,0,1
0,0,0,0,15.92,61.601,22.479,0,0,0,0,0,0,0,13.696,23.08,39.844,3.2258,15.312,3.2258,1.6166,0,0,0,3.2258,11.164,21.006,32.607,3.2258,19.925,8.8465,0,0,0,0,0,0.15254,0.84746,0,0,1,0,0,0,0,1,0,0,1
0,0,0,0,5.5904,41.478,52.932,0,0,0,0,0,0,0,6.6262,34.852,45.27,0,13.252,0,0,0,0,0,0,22.635,43.549,28.225,0,5.5904,0,0,0,0,0,0,0.83333,0.16667,0,0,1,0,0,0,0,1,0,0,1
13.222,22.992,0,0,0,26.564,20.377,0,16.845,0,0,13.222,0,1.6496,43.955,1.6496,23.134,1.6496,1.6496,0,13.091,0,0,0,20.166,21.684,9.6791,4.8396,25.136,1.6496,0,16.845,0,0,0,0,0,1,0,0,1,0,0,0,0,1,0,0,1
4.1797,15.324,0,0,0,53.618,23.027,0,3.8514,0,0,4.1797,0,0,37.253,10.759,43.244,0,0,0,4.5646,0,0,0,40.309,8.416,19.889,15.324,12.211,0,0,3.8514,0,0,0,0.036364,0.018182,0.94545,0,0,1,0,0,0,0,1,0,0,1
0,0,0,0,3.9079,45.282,50.81,0,0,0,0,0,0,0,9.6009,28.83,28.665,10.759,18.237,0,3.9079,0,0,0,0,20.194,44.944,16.286,0,3.9079,3.9079,0,10.759,0,0,0,0,1,0,0,1,0,0,0,0,1,0,0,1
0,0,0,0,0,53.371,46.629,0,0,0,0,0,0,0,2.8845,18.501,72.845,0,5.769,0,0,0,0,0,0,25.243,49.514,25.243,0,0,0,0,0,0,0,0,0,1,0,0,1,0,0,0,0,1,0,0,1
0,0,0,0,19.354,75.927,4.7188,0,0,0,0,0,0,0,7.4054,3.5336,57.921,20.201,7.4054,3.5336,0,0,0,4.7188,3.5336,0,3.5336,54.049,3.5336,11.277,19.354,0,0,0,0,0,0.51163,0.48837,0,0,1,0,0,0,0,1,0,0,1
0,0,0,0,17.629,69.977,12.394,0,0,0,0,0,0,0,17.629,12.394,39.955,24.787,5.2354,0,0,0,0,12.394,0,0,0,47.113,0,22.864,17.629,0,0,0,0,0,0,1,0,0,1,0,0,0,0,1,0,0,0
0,0,0,0,18.606,51.647,29.747,0,0,0,0,0,0,0,18.199,20.868,23.287,10.56,17.639,3.2314,6.2171,0,0,3.7345,1.5454,13.958,14.821,25.132,3.2314,22.343,13.689,0,1.5454,0,0,0,0.31343,0.68657,0,0,1,0,0,0,0,1,0,0,1
0,0,0,0,21.155,62.494,16.351,0,0,0,0,0,0,3.7151,8.0572,13.581,37.245,12.94,12.709,8.8911,2.8622,0,0,3.0937,2.3328,5.7245,14.536,38.117,5.176,15.468,10.881,0,4.6704,0,0,0,0,1,0,0,1,0,0,0,0,1,0,0,0
0,0,0,0,5.1364,89.585,5.279,0,0,0,0,0,0,0,0,5.1364,84.448,10.415,0,0,0,0,0,5.279,0,0,0,89.585,0,0,0,5.1364,0,0,0,0,0,1,0,0,1,0,0,0,0,1,0,0,0
0,0,0,0,12.24,80.751,7.0093,0,0,0,0,0,0,2.6153,7.0093,9.6246,55.475,19.78,0,2.6153,2.8806,0,0,7.0093,2.8806,0,0,65.1,0,12.24,9.8899,0,2.8806,0,0,0,0,1,0,0,1,0,0,0,0,1,0,0,0
0,0,0,0,30.789,54.451,14.76,0,0,0,0,0,0,2.5806,2.2399,9.7283,51.781,21.953,3.06,5.2999,3.357,0,0,2.5381,3.357,12.222,0,41.32,5.2999,20.189,11.717,0,3.357,0.016393,0,0,0,0.98361,0,0,1,0,0,0,0,1,0,0,0
0,0,0,0,6.9557,65.203,27.842,0,0,0,0,0,0,0,5.6752,25.069,27.753,15.828,18.476,5.5318,1.6673,0,0,0,5.7751,8.1608,40.478,17.271,5.5318,6.9557,5.7751,0,10.053,0,0,0,0,1,0,0,1,0,0,0,0,1,0,0,1
7.5608,0,0,0,15.349,53.724,1.6631,0,0,14.469,7.2344,0,7.2344,4.7755,2.9998,10.449,20.636,34.073,3.0799,7.8554,1.3367,7.5608,0,0,1.3367,15.264,6.3259,4.1704,35.851,11.179,25.874,0,0,0,0,0,0,1,0,0,1,0,0,0,0,1,0,0,1
2.2856,0,0,0,31.739,46.41,19.566,0,0,0,0,0,0,4.5576,2.2856,8.4288,38.996,26.502,5.4003,11.544,0,2.2856,0,0,0,22.859,11.264,17.58,16.558,25.509,6.2294,0,0,0.875,0.015625,0.015625,0.03125,0.0625,0,0,1,0,0,0,0,1,0,0,1
5.7252,0,0,0,22.43,33.864,23.794,0,0,11.546,2.6405,0,2.6405,0,2.5355,15.529,26.047,37.173,5.3616,4.9886,3.0848,2.6405,0,0,2.0853,24.393,12.09,2.453,18.641,21.53,18.807,0,0,0.12281,0,0.087719,0.12281,0.66667,0,0,1,0,0,0,0,1,0,0,1
7.2547,20.774,0,0,0,28.707,26.094,0,17.17,0,0,7.2547,0,0,56.783,6.2641,22.443,0,0,0,7.2547,0,0,0,35.962,17.17,6.2641,6.2641,17.17,0,0,17.17,0,0,0,0,0,1,0,0,1,0,0,0,0,1,0,0,1
5.968,0,0,0,3.8801,42.958,10.22,0,3.7786,25.3,7.8948,0,7.8948,0,7.6587,17.372,20.349,29.32,0,3.7786,9.6119,4.0148,0,0,10.194,8.5616,9.6119,18.261,8.0295,4.4886,33.296,7.5572,0,0,0,0,0,1,0,0,1,0,0,0,0,1,0,0,1
8.053,0,0,0,8.867,20.647,45.432,0,0,10.623,6.3773,0,0,0,1.2425,32.245,25.867,26.296,5.0548,1.2425,6.8105,1.2425,0,0,0,39.055,24.54,0,7.5397,18.243,10.623,0,0,0.34286,0,0,0.057143,0.6,0,0,1,0,0,0,0,1,0,0,1
11.582,0,0,0,0,88.418,0,0,0,0,0,0,6.6643,0,0,3.2668,90.069,0,0,0,0,0,0,0,8.3152,6.6975,9.769,68.554,0,0,6.6643,0,0,0,0,0,0,1,0,0,1,0,0,0,0,1,0,0,0
16.147,0,0,0,0,78.78,0,0,0,0,5.0737,0,0,0,0,13.041,86.959,0,0,0,0,0,0,0,8.1792,7.9675,8.6984,75.155,0,0,0,0,0,0,0,0,0,1,0,0,1,0,0,0,0,1,0,0,0
6.7921,0,0,0,0,93.208,0,0,0,0,0,0,0,0,0,3.0278,96.972,0,0,0,0,0,0,0,3.7643,3.0278,15.825,77.383,0,0,0,0,0,0,0,0,0,1,0,0,1,0,0,0,0,1,0,0,0
11.799,0,0,0,10.017,68.167,10.017,0,0,0,0,0,10.017,0,0,5.8997,74.067,0,0,10.017,0,0,0,0,5.8997,5.8997,10.017,58.151,0,0,20.033,0,0,0,0,0,0,1,0,0,1,0,0,0,0,1,0,0,0
10.733,0,0,0,0,89.267,0,0,0,0,0,0,0,0,0,10.733,89.267,0,0,0,0,0,0,0,0,10.733,0,89.267,0,0,0,0,0,0,0,0,0,1,0,0,1,0,0,0,0,1,0,0,0
8.9304,0,0,0,0,91.07,0,0,0,0,0,0,0,0,0,2.0573,97.943,0,0,0,0,0,0,0,6.8731,2.0573,13.355,77.715,0,0,0,0,0,0,0,0,0,1,0,0,1,0,0,0,0,1,0,0,0
10.304,8.0521,0,0,0,53.761,1.3366,0,0,10.353,16.193,0,0,11.64,8.0521,9.8497,27.726,32.379,9.0164,0,1.3366,0,1.3366,0,8.0521,10.304,14.395,34.441,4.9248,14.856,10.353,0,1.3366,0,0,0,0,1,0,0,1,0,0,0,0,1,0,0,0
0,0,0,0,0,74.861,0,0,0,12.569,12.569,0,0,0,0,10.769,62.292,19.754,7.1847,0,0,0,0,0,0,0,7.1847,67.677,0,12.569,12.569,0,0,0,0,0,0,1,0,0,1,0,0,0,0,1,0,0,0
0,0,0,0,12.336,78.585,9.0787,0,0,0,0,0,0,0,0,12.336,28.084,31.496,19.005,0,9.0787,0,0,0,9.0787,6.6694,21.415,41.423,0,12.336,0,0,9.0787,0,0,0,0.020408,0.97959,0,0,1,0,0,0,0,1,0,0,0
6.9686,3.4323,0,0,0,41.32,3.4323,0,0,17.171,27.676,0,0,10.401,3.4323,35.372,20.613,20.296,6.4535,0,3.4323,0,3.4323,0,3.4323,6.9686,3.0212,27.898,10.401,24.244,17.171,0,3.4323,0,0,0,0,1,0,0,1,0,0,0,0,1,0,0,0
21.52,3.1305,0,0,0,34.756,1.7288,0,0,3.6669,35.198,0,0,20.625,4.8594,35.071,8.2288,28.872,1.4495,0,0.89499,0,1.7288,0,3.1305,21.52,5.475,11.787,15.765,34.303,2.7719,1.7288,1.79,0.85714,0,0.14286,0,0,0,0,1,0,0,0,0,1,0,0,0
44.482,0,0,0,7.134,20.185,0,0,8.728,8.728,10.743,8.728,4.3226,11.457,6.4206,7.134,4.3226,7.134,15.149,11.457,23.877,0,17.456,20.185,11.457,0,6.4206,15.066,0,0,7.134,22.283,0,0,0,0,1,0,0,0,1,0,0,0,0,1,0,0,0
14.147,0,0,0,0,82.025,0,0,0,0,3.8282,0,0,0,0,3.8282,96.172,0,0,0,0,0,0,0,7.3518,0,22.857,69.791,0,0,0,0,0,0,0,0,0,1,0,0,1,0,0,0,0,1,0,0,0
27.432,0,0,0,0,45.794,0,0,6.4375,3.1357,17.201,3.1357,0,6.9696,10.231,9.5732,29.252,0,24.17,0,16.669,0,9.5732,6.9696,6.9696,0,10.231,43.317,9.5732,0,3.1357,10.231,0,0,0,0,0,1,0,0,1,0,0,0,0,1,0,0,0
27.895,0,0,0,0,44.923,0,0,10.868,10.868,5.4462,10.868,0,5.4462,11.581,0,17.028,11.581,21.76,0,21.736,0,21.736,16.314,5.4462,0,11.581,34.055,0,0,0,10.868,0,0,0,0,1,0,0,0,1,0,0,0,0,1,0,0,0
4.6478,0,0,0,0,95.352,0,0,0,0,0,0,0,0,0,4.6478,95.352,0,0,0,0,0,0,0,0,4.6478,10.133,85.219,0,0,0,0,0,0,0,0,0,1,0,0,1,0,0,0,0,1,0,0,0
31.9,0,0,0,0,52.151,0,0,0,0,15.95,0,0,0,15.95,8.3231,35.504,8.3231,15.95,0,15.95,0,0,0,0,0,38.032,46.018,0,0,0,15.95,0,0,0,0,1,0,0,0,1,0,0,0,0,1,0,0,0
13.619,0,0,0,0,76.337,0,0,0,5.0223,5.0223,0,0,0,8.5965,5.0223,67.74,13.619,0,0,5.0223,0,0,0,0,5.0223,22.434,62.499,0,0,0,0,10.045,0,0,0,1,0,0,0,1,0,0,0,0,1,0,0,0
7.9924,4.5397,0,0,0,54.767,1.5648,0,0,11.333,19.803,0,0,9.5572,4.5397,29.571,34.032,19.171,1.5648,0,1.5648,0,1.5648,0,4.5397,7.9924,2.9749,45.21,6.5823,18.238,11.333,0,1.5648,0,0,0,0,1,0,0,1,0,0,0,0,1,0,0,0
8.8554,3.0524,0,0,0,69.479,0,0,0,15.486,3.1278,0,0,0,8.78,12.12,45.767,24.101,0,3.0524,6.1802,0,0,0,0,3.1278,26.84,48.366,0,0,9.3054,6.1048,6.2555,0,0,0,1,0,0,0,1,0,0,0,0,1,0,0,0
0,7.3319,0,0,0,60.743,0,0,0,31.925,0,0,0,0,15.963,8.6308,52.112,8.6308,0,7.3319,7.3319,0,0,0,0,0,4.2971,47.815,8.6308,0,24.593,14.664,0,0,0,0,0.94,0.06,0,0,1,0,0,0,0,1,0,0,0
7.8574,4.4467,0,0,0,47.65,10.991,0,0,16.751,12.304,0,0,4.4467,10.991,23.295,23.572,14.401,10.991,0,12.304,0,4.4467,0,4.4467,14.401,20.945,15.715,4.4467,0,8.8935,6.5438,20.161,0.032258,0,0,0.96774,0,0,0,1,0,0,0,0,1,0,0,0
3.9477,13.739,0,0,0,32.962,9.7917,0,0,24.675,14.884,0,0,13.739,13.739,23.994,10.184,15.874,12.678,0,9.7917,0,9.7917,0,13.739,3.9477,6.8343,16.336,9.7917,5.0918,24.675,0,9.7917,0,0,0,0.043478,0.95652,0,0,1,0,0,0,0,1,0,0,0
7.7093,4.5755,0,0,0,48.471,18.901,4.4668,0,13.618,2.2586,0,0,9.9679,12.285,14.197,37.01,12.922,6.7254,2.3168,4.5755,0,9.9679,0,6.7254,16.643,13.609,24.894,2.2586,0,6.8341,12.343,6.7254,0,0,0,1,0,0,0,1,0,0,0,0,1,0,0,0
2.1942,4.393,0,0,0,68.577,0,0,0,22.642,2.1942,0,0,0,3.1399,21.892,48.879,15.616,0,3.886,6.5872,0,0,0,0,2.1942,9.5287,55.908,3.1399,0,16.561,8.279,4.3884,0,0,0,1,0,0,0,1,0,0,0,0,1,0,0,0
0,5.2853,0,0,0,74.9,0,0,0,19.815,0,0,0,0,5.2853,28.925,45.975,0,0,14.529,5.2853,0,0,0,0,0,10.438,54.025,10.438,0,5.2853,19.815,0,0,0,0,0.21622,0.78378,0,0,1,0,0,0,0,1,0,0,0
0,2.9829,0,0,0,73.442,0,0,0,23.575,0,0,0,0,2.9829,12.223,61.219,11.498,0,9.0944,2.9829,0,0,0,0,0,0,61.86,11.581,0,14.481,12.077,0,0,0,0,0,1,0,0,1,0,0,0,0,1,0,0,0
0,0,0,0,0,74.979,0,0,0,25.021,0,0,0,0,12.511,29.163,29.163,12.511,16.652,0,0,0,0,0,0,0,0,62.468,12.511,0,25.021,0,0,0,0,0,0,1,0,0,1,0,0,0,0,1,0,0,0
0,10.572,0,0,0,70.569,0,0,0,18.859,0,0,0,0,9.4296,31.293,39.276,5.8786,0,3.5511,10.572,0,0,0,0,0,18.393,34.925,17.251,0,15.308,14.123,0,0,0,0,0,1,0,0,1,0,0,0,0,1,0,0,0
0,0,0,0,5.5399,64.108,15.176,0,0,0,15.176,9.636,5.5399,0,0,20.716,43.392,0,20.716,0,0,0,0,0,0,15.176,0,37.594,32.054,0,15.176,0,0,0,0,0,0,1,0,0,1,0,0,0,0,1,0,0,0
0,0,0,0,10.223,69.731,20.046,0,0,0,0,0,0,0,0,10.223,69.731,0,10.853,9.1927,0,0,0,0,0,20.046,21.076,19.416,0,21.076,18.385,0,0,0.029851,0.014925,0.044776,0.47761,0.43284,0,0,1,0,0,0,0,1,0,0,1
0,0,0,0,13.597,63.896,14.802,0,0,3.8526,3.8526,0,0,0,3.8526,17.449,50.299,0,13.597,10.95,3.8526,0,0,7.7052,0,10.95,13.597,24.547,0,13.597,25.752,3.8526,0,0.0375,0,0,0.4875,0.475,0,0,1,0,0,0,0,1,0,0,1
20.63,20.63,0,0,5.4022,24.778,6.5607,1.7924,0,1.0616,19.144,18.082,0,0,4.7682,30.045,10.049,10.595,4.7682,2.5481,19.144,0,0,22.754,40.505,8.0471,12.06,2.8541,0,3.6098,1.0616,9.1088,0,0,0,0,0,1,0,0,1,0,0,0,0,1,0,0,1
0,0,0,0,23.751,58.238,14.659,0,3.3527,0,0,0,0,5.9381,0,17.813,43.778,3.3527,19.828,9.2907,0,0,0,0,0,17.244,26.533,8.5219,0,19.828,24.52,3.3527,0,0,0,0,0.89474,0.10526,0,0,1,0,0,0,0,1,0,0,1
0,0,0,0,24.301,46.403,6.3978,0,1.6632,14.451,6.7846,0,4.3398,8.7582,8.4478,28.33,20.517,6.003,2.4448,12.711,8.4478,0,0,4.8896,6.003,11.048,8.4478,9.0744,0,2.4448,52.321,5.7712,0,0,0,0,0,1,0,0,1,0,0,0,0,1,0,0,1
17.666,4.1655,0,0,19.333,53.834,1.6668,0,0,1.6668,1.6668,13.501,0,0,1.6668,7.4992,21,21.832,15.168,17.666,1.6668,0,0,7.4992,17.666,4.1655,15.168,15.168,0,19.333,15.168,5.8323,0,0,0,0,0,1,0,0,1,0,0,0,0,1,0,0,0
0,0,0,0,12.364,56.097,15.125,0,10.338,4.0514,2.0257,0,2.0257,3.7457,2.0257,20.161,38.782,12.364,0,18.871,2.0257,0,0,0,2.0257,12.278,22.701,6.8127,7.4914,0,38.353,10.338,0,0,0,0,0,1,0,0,1,0,0,0,0,1,0,0,0
5.1841,0,0,0,12.74,43.087,10.295,0,8.7774,16.401,3.5164,0,1.999,2.1987,7.92,19.726,21.537,22.941,2.7825,10.976,7.92,1.999,0,3.0348,4.4826,5.3838,22.225,1.5174,9.7135,5.9676,34.163,13.512,0,0,0,0,0,1,0,0,1,0,0,0,0,1,0,0,1
0,0,0,0,33.191,60.735,4.8322,0,0,1.2423,0,0,0,4.6477,2.4161,9.5483,24.679,48.859,1.2423,7.0638,1.5444,0,0,0,2.7867,19.751,0,11.991,29.123,28.359,6.445,0,1.5444,0,0,0,0,1,0,0,1,0,0,0,0,1,0,0,0
7.7761,0,0,0,5.7525,45.682,26.82,0,0,10.43,3.5402,0,3.5402,0,4.2359,9.1019,32.087,26.897,13.853,2.5085,1.7274,6.0487,0,0,0,18.825,33.67,0,17.955,15.581,13.97,0,0,0.076923,0,0.019231,0.076923,0.82692,0,0,1,0,0,0,0,1,0,0,1
8.4871,0,0,0,10.37,35.063,25.016,13.449,0,7.6139,0,4.5348,0,3.9523,3.9523,19.285,37.269,14.323,12.149,4.5348,0,0,3.9523,0,17.984,25.016,16.206,10.37,0,4.5348,4.5348,9.7878,7.6139,0.022222,0,0.022222,0.088889,0.86667,0,0,1,0,0,0,0,1,0,0,1
3.8122,1.5827,0,0,8.1782,46.526,34.184,2.8584,0,2.8584,0,2.2295,0,0,19.736,10.374,32.064,11.328,20.457,3.8122,0,0,0,1.5827,6.6706,21.964,46.771,2.2295,0,3.8122,6.5955,7.5156,2.8584,0,0,0,0,1,0,0,1,0,0,0,0,1,0,0,1
3.3839,0,0,0,8.8241,48.642,28.922,3.46,0,3.3839,3.3839,0,0,0,14.734,19.674,36.624,16.214,9.3701,0,3.3839,0,0,0,3.46,26.942,34.408,10.228,0,0,5.364,12.83,6.7677,0.88312,0,0.038961,0.038961,0.038961,0,0,1,0,0,0,0,1,0,0,1
0,7.5014,0,0,0,64.511,8.6132,0,0,10.761,8.6132,8.6132,0,0,0,45.137,19.374,0,8.6132,10.761,7.5014,0,0,0,0,8.6132,7.5014,48.397,8.6132,0,8.6132,18.262,0,0.017857,0,0.017857,0.35714,0.60714,0,0,1,0,0,0,0,1,0,0,0
8.0229,6.1706,0,0,10.454,37.838,12.539,0,7.8032,11.212,5.9597,5.7475,2.0646,0,5.6062,20.168,22.123,16.271,6.5882,11.931,9.5013,0,0,6.1706,17.524,7.0113,20.718,3.9169,0,8.8636,22.176,13.62,0,0,0,0,0,1,0,0,1,0,0,0,0,1,0,0,1
18.188,9.0159,0,0,8.2818,29.9,4.1639,2.0563,0,17.271,11.123,13.134,0,0,2.1076,22.398,24.611,11.229,6.2254,9.1723,11.123,0,0,13.231,24.206,7.1108,10.338,13.336,0,11.28,16.334,4.1639,0,0,0,0,0.72727,0.27273,0,0,1,0,0,0,0,1,0,0,0
0,0,0,0,11.602,54.896,23.88,6.3987,0,3.2231,0,0,0,0,14.258,9.5744,47.085,3.1756,25.908,0,0,0,0,0,6.3987,9.6219,65.978,3.1756,0,0,8.4268,3.1756,3.2231,0.027027,0,0,0.067568,0.90541,0,0,1,0,0,0,0,1,0,0,1
4.6921,7.0313,0,0,24.614,42.694,0,0,0,18.63,2.3392,0,0,0,16.182,18.43,27.895,25.57,2.3392,9.584,0,0,0,4.6921,4.6921,7.0313,0,25.756,9.8928,32.059,11.185,4.6921,0,0,0,0,0,1,0,0,1,0,0,0,0,1,0,0,0
0,0,0,0,0,0,0,0,0,0,0,0,0,0,0,0,0,0,0,0,0,0,0,0,0,0,0,0,0,0,0,0,0,0,0,0,0.045455,0.95455,0,0,1,0,0,0,0,1,0,0,0
2.1499,0,0,0,21.283,56.908,0,0,0,19.659,0,0,0,0,15.623,13.472,44.024,13.472,0,13.41,0,0,9.373,0,0,2.1499,0,41.347,6.1884,27.208,13.734,0,0,0,0,0,0.12963,0.87037,0,0,1,0,0,0,0,1,0,0,0
0,7.6014,0,0,11.671,38.078,42.649,0,0,0,0,0,0,0,19.308,7.6014,50.251,7.6014,15.239,0,0,0,7.6014,7.6014,0,23.341,42.184,0,0,0,19.272,0,0,0.46939,0,0,0.081633,0.44898,0,0,1,0,0,0,0,1,0,0,1
2.296,6.8881,0,0,7.2967,64.334,7.2967,0,0,0,11.889,2.296,9.5927,2.296,0,30.408,26.305,0,24.51,0,4.5921,0,2.296,2.296,0,9.5927,10.49,50.241,15.491,0,9.5927,0,0,0,0,0,0.41791,0.58209,0,0,1,0,0,0,0,1,0,0,0
12.393,14.93,0,0,14.07,44.983,3.3189,0,0,0,10.306,3.4933,6.8123,7.943,0,6.6379,33.895,4.4496,20.883,4.4496,11.436,0,7.943,7.943,4.4496,6.8123,33.895,18.074,3.3189,0,17.564,0,0,0.36364,0,0,0.054545,0.58182,0,0,1,0,0,0,0,1,0,0,1
4.9738,22.93,0,0,5.3697,43.499,6.6398,0,0,0,16.587,11.614,4.9738,10.344,0,18.635,23.609,2.6387,18.239,0,9.9476,0,7.6125,12.982,0,11.614,7.6125,33.917,12.009,0,14.252,0,0,0,0,0,0.39583,0.60417,0,0,1,0,0,0,0,1,0,0,0
12.696,23.633,0,0,0,54.336,0,0,0,5.3511,3.9832,1.9916,1.9916,7.3453,5.3511,4.0341,53.29,4.0341,6.0257,11.953,3.9832,0,9.7082,6.0257,10.705,13.181,8.46,40.543,0,0,11.377,0,0,0,0,0,0.97143,0.028571,0,0,1,0,0,0,0,1,0,0,0
7.3121,3.656,0,0,15.613,62.07,0,0,0,11.349,0,0,0,3.656,4.2639,11.349,47.065,26.354,0,3.656,3.656,0,3.656,3.656,3.656,0,7.3121,39.145,15.613,15.613,11.349,0,0,0,0,0,0.12727,0.87273,0,0,1,0,0,0,0,1,0,0,0
16.897,24.947,0,0,0,49.718,0,0,0,4.7478,3.691,1.8455,1.8455,11.927,4.7478,2.5429,49.86,4.9698,1.8455,7.0081,13.409,0,6.8153,9.3582,10.081,10.67,14.858,41.624,0,0,6.5933,0,0,0,0,0,0,1,0,0,1,0,0,0,0,1,0,0,0
6.2182,13.817,0,0,8.9279,48.835,8.3889,0,0,5.424,8.3889,2.4815,5.9074,5.0947,5.424,20.615,27.936,5.373,17.595,4.1439,5.4287,0,5.373,8.3934,4.1439,13.813,7.4473,32.309,11.409,0,17.112,0,0,0,0,0,0.048387,0.95161,0,0,1,0,0,0,0,1,0,0,0
3.6812,0,0,0,9.4364,53.192,9.8468,0,2.5288,14.407,6.9076,0,3.8185,0,10.589,23.844,23.375,22.167,3.0891,2.5288,10.589,0,0,6.1783,8.0473,3.6812,19.328,15.365,3.6812,10.999,27.102,5.6179,0,0,0,0,0,1,0,0,1,0,0,0,0,1,0,0,1
3.1042,4.6617,0,0,0,58.548,5.3147,0,5.3147,18.395,4.6617,0,0,0,13.081,8.4189,34.977,20.467,4.6617,9.9764,8.4189,0,0,0,5.3147,16.71,11.523,31.873,7.7658,7.7658,8.4189,10.629,0,0,0,0,0,1,0,0,1,0,0,0,0,1,0,0,0
2.6836,2.1977,0,0,4.6166,49.396,4.1947,0,0,26.78,10.131,0,0,0,22.89,8.0748,32.388,16.464,7.0355,13.147,0,0,0,0,4.1947,4.8813,0,32,18.039,25.829,15.056,0,0,0,0,0,0,1,0,0,1,0,0,0,0,1,0,0,0
8.6062,0,0,0,9.6093,54.96,8.5966,0,0,16.221,2.0064,0,2.0064,0,7.3145,25.83,8.6062,36.026,7.6029,2.0004,8.6123,2.0004,0,0,7.6089,11.904,17.921,2.0064,20.514,14.209,25.836,0,0,0,0,0,0,1,0,0,1,0,0,0,0,1,0,0,1
4.7591,0,0,0,0,83.014,7.468,0,0,4.7591,0,0,0,0,4.7591,4.7591,61.268,24.454,0,0,4.7591,0,0,0,7.468,4.7591,9.5183,56.509,4.7591,12.227,4.7591,0,0,0,0,0,0,1,0,0,1,0,0,0,0,1,0,0,0
0,7.7921,0,0,11.199,36.286,0,0,0,13.592,31.131,0,2.6919,0,30.63,0,36.725,0,22.161,7.7921,0,0,0,0,0,5.1002,2.6919,25.063,33.823,13.654,19.668,0,0,0,0,0,0,1,0,0,1,0,0,0,0,1,0,0,0
2.2853,6,0,0,18.552,49.272,0,0,0,19.684,4.207,0,0,0,17.723,9.1137,47.84,11.038,6,8.2854,0,0,0,0,0,8.2854,0,42.322,11.157,23.251,14.985,0,0,0,0,0,0.083333,0.91667,0,0,1,0,0,0,0,1,0,0,0
0,11.297,0,0,6.1183,41.88,0,0,0,30.363,10.342,0,3.5437,0,26.122,0,44.469,0,7.753,18.113,0,0,0,0,0,7.753,3.5437,38.337,7.0694,18.81,24.487,0,0,0,0,0,0.026316,0.97368,0,0,1,0,0,0,0,1,0,0,0
19.934,19.127,0,0,0,60.939,0,0,0,0,0,0,0,7.4722,10.429,4.1826,60.014,0,4.2144,13.687,0,0,0,0,7.4404,31.62,0,60.939,0,0,0,0,0,0,0,0,0.86364,0.13636,0,0,1,0,0,0,0,1,0,0,0
0,3.2182,0,0,13.696,59.926,0,0,0,23.16,0,0,0,0,23.171,13.392,29.174,16.599,3.2182,14.446,0,0,4.6784,0,0,3.2182,0,38.942,16.306,23.577,13.279,0,0,0,0,0,0.18056,0.81944,0,0,1,0,0,0,0,1,0,0,0
14.197,29.948,0,0,0,53.809,0,0,0,2.0461,0,0,0,13.176,2.0461,3.0549,63.49,1.5053,2.5312,12.691,1.5053,0,1.5053,4.5602,12.691,25.388,3.0106,50.799,0,0,2.0461,0,0,0,0,0,0,1,0,0,1,0,0,0,0,1,0,0,0
7.4433,22.112,0,0,0,67.79,0,0,0,2.6542,0,0,0,7.1726,2.6542,6.0655,75.233,0,2.3834,2.6542,3.8367,0,0,6.0655,11.28,7.4211,4.7891,67.79,0,0,2.6542,0,0,0,0,0,0,1,0,0,1,0,0,0,0,1,0,0,0
14.096,16.167,0,0,0,69.737,0,0,0,0,0,0,0,1.9995,12.168,4.6956,65.041,0,7.544,8.5515,0,0,0,0,6.6235,23.639,0,69.737,0,0,0,0,0,0,0,0,0,1,0,0,1,0,0,0,0,1,0,0,0
0,2.1165,0,0,11.766,42.187,0,0,0,12.619,31.311,0,0,0,30.066,2.2128,38.587,2.2128,19.554,7.3679,0,0,0,0,0,2.1165,0,25.995,35.746,24.386,11.757,0,0,0,0,0,0.21127,0.78873,0,0,1,0,0,0,0,1,0,0,0
14.979,17.433,0,0,0,67.589,0,0,0,0,0,0,0,6.0917,6.5913,2.3349,73.68,0,4.2954,4.5004,2.5061,0,0,2.3349,8.5978,17.592,3.8872,67.589,0,0,0,0,0,0,0,0,0,1,0,0,1,0,0,0,0,1,0,0,0
0,22.07,0,0,0,77.93,0,0,0,0,0,0,0,2.742,6.2368,4.1122,77.93,0,2.742,0,6.2368,0,0,4.1122,9.8446,8.1131,0,77.93,0,0,0,0,0,0,0,0,0,1,0,0,1,0,0,0,0,1,0,0,0
0,0,0,0,0,86.552,0,0,6.724,6.724,0,0,6.724,0,0,6.724,73.104,6.724,6.724,0,0,0,0,0,0,0,0,74.247,12.305,6.724,6.724,0,0,0,0,0,0,1,0,0,1,0,0,0,0,1,0,0,0
0,0,0,0,20.839,71.594,7.5671,0,0,0,0,0,0,3.7835,0,24.622,31.104,21.949,14.758,0,3.7835,0,0,0,4.3095,14.758,16.003,36.524,0,24.622,0,0,3.7835,0,0,0,0,1,0,0,1,0,0,0,0,1,0,0,0
0,3.1603,0,0,0,64.64,0,0,7.4967,21.245,3.4576,0,17.68,0,0,3.1603,58.022,3.4576,14.52,3.1603,0,0,0,0,3.1603,0,3.4576,55.517,9.1232,21.245,7.4967,0,0,0,0,0,0,1,0,0,1,0,0,0,0,1,0,0,0
0,13.024,0,0,0,56.255,0,0,7.7782,22.942,0,0,21.872,0,0,12.51,35.967,7.7782,12.994,8.8781,0,0,0,0,8.8781,4.1462,0,48.477,7.7782,22.942,7.7782,0,0,0,0,0,0,1,0,0,1,0,0,0,0,1,0,0,0
0,0,0,0,0,85.601,0,0,0,8.7468,5.6522,0,5.6522,0,0,0,79.949,5.6522,5.6522,3.0946,0,0,0,0,0,0,5.6522,70.93,14.671,5.6522,3.0946,0,0,0,0,0,0,1,0,0,1,0,0,0,0,1,0,0,0
0,0,0,0,0,100,0,0,0,0,0,0,0,0,0,0,100,0,0,0,0,0,0,0,0,0,6.5268,71.033,22.441,0,0,0,0,0,0,0,0,1,0,0,1,0,0,0,0,1,0,0,0
0,0,0,0,0,62.037,0,0,2.495,30.549,4.9188,0,17.586,0,0,2.495,57.047,2.495,12.667,7.7089,0,0,0,0,0,0,4.1837,46.991,15.781,22.84,10.204,0,0,0,0,0,0,1,0,0,1,0,0,0,0,1,0,0,0
0,0,0,0,0,53.71,0,0,6.5087,23.145,16.636,0,23.145,0,0,2.7006,37.631,13.379,17.187,5.9581,0,0,0,0,0,0,10.678,40.332,19.337,17.187,12.467,0,0,0,0,0,0,1,0,0,1,0,0,0,0,1,0,0,0
0,0,0,0,0,89.869,0,0,0,10.131,0,0,0,0,0,0,89.869,0,0,10.131,0,0,0,0,0,0,5.7243,66.525,17.619,0,10.131,0,0,0,0,0,0.047619,0.95238,0,0,1,0,0,0,0,1,0,0,0
0,0,0,0,0,100,0,0,0,0,0,0,0,0,0,0,100,0,0,0,0,0,0,0,0,0,2.9828,85.233,11.784,0,0,0,0,0.018519,0,0.018519,0.018519,0.94444,0,0,1,0,0,0,0,1,0,0,0
0,0,0,0,0,62.677,0,0,0,18.662,18.662,0,18.662,0,0,0,59.905,2.7723,2.7723,15.889,0,0,0,0,0,0,5.0482,53.077,23.213,2.7723,15.889,0,0,0,0,0,0,1,0,0,1,0,0,0,0,1,0,0,0
0,0,0,0,0,66.583,0,0,0,28.996,4.4208,0,9.5221,0,0,0,62.162,4.4208,9.5221,14.373,0,0,0,0,0,0,4.4208,62.162,4.4208,14.623,14.373,0,0,0,0,0,0,1,0,0,1,0,0,0,0,1,0,0,0
0,0,0,0,0,100,0,0,0,0,0,0,0,0,0,0,100,0,0,0,0,0,0,0,0,0,0,100,0,0,0,0,0,0,0,0,0,1,0,0,1,0,0,0,0,1,0,0,0
0,0,0,0,0,100,0,0,0,0,0,0,0,0,0,0,100,0,0,0,0,0,0,0,0,0,0,100,0,0,0,0,0,0,0,0,0,1,0,0,1,0,0,0,0,1,0,0,0
0,0,0,0,0,100,0,0,0,0,0,0,0,0,0,0,100,0,0,0,0,0,0,0,0,0,0,100,0,0,0,0,0,0,0,0,0,1,0,0,1,0,0,0,0,1,0,0,0
0,0,0,0,0,100,0,0,0,0,0,0,0,0,0,0,100,0,0,0,0,0,0,0,0,0,0,100,0,0,0,0,0,0,0,0,0,1,0,0,1,0,0,0,0,1,0,0,0
0,0,0,0,0,100,0,0,0,0,0,0,0,0,0,0,100,0,0,0,0,0,0,0,0,0,0,100,0,0,0,0,0,0,0,0,0,1,0,0,1,0,0,0,0,1,0,0,0
0,0,0,0,0,100,0,0,0,0,0,0,0,0,0,0,100,0,0,0,0,0,0,0,0,0,0,100,0,0,0,0,0,0,0,0,0,1,0,0,1,0,0,0,0,1,0,0,0
0,0,0,0,0,100,0,0,0,0,0,0,0,0,0,0,100,0,0,0,0,0,0,0,0,0,0,100,0,0,0,0,0,0,0,0,0,1,0,0,1,0,0,0,0,1,0,0,0
0,0,0,0,0,100,0,0,0,0,0,0,0,0,0,0,100,0,0,0,0,0,0,0,0,0,0,100,0,0,0,0,0,0,0,0,0,1,0,0,1,0,0,0,0,1,0,0,0
0,10.907,0,0,10.907,78.187,0,0,0,0,0,0,0,10.907,0,10.907,78.187,0,0,0,0,0,0,10.907,0,0,0,78.187,10.907,0,0,0,0,0,0,0,0,1,0,0,1,0,0,0,0,1,0,0,0
0,0,0,0,0,100,0,0,0,0,0,0,0,0,0,0,100,0,0,0,0,0,0,0,0,0,0,100,0,0,0,0,0,0,0,0,0,1,0,0,1,0,0,0,0,1,0,0,0
0,0,0,0,0,100,0,0,0,0,0,0,0,0,0,0,100,0,0,0,0,0,0,0,0,0,0,100,0,0,0,0,0,0,0,0,0,1,0,0,1,0,0,0,0,1,0,0,0
0,0,0,0,0,100,0,0,0,0,0,0,0,0,0,0,100,0,0,0,0,0,0,0,0,0,0,100,0,0,0,0,0,0,0,0,0,1,0,0,1,0,0,0,0,1,0,0,0
0,0,0,0,0,100,0,0,0,0,0,0,0,0,0,0,100,0,0,0,0,0,0,0,0,0,0,100,0,0,0,0,0,0,0,0,0,1,0,0,1,0,0,0,0,1,0,0,0
0,0,0,0,0,100,0,0,0,0,0,0,0,0,0,0,100,0,0,0,0,0,0,0,0,0,0,100,0,0,0,0,0,0,0,0,0,1,0,0,1,0,0,0,0,1,0,0,0
3.894,11.682,0,0,8.2221,51.969,8.2221,0,0,0,16.01,3.894,12.116,3.894,0,16.444,35.525,0,20.338,0,7.788,0,3.894,3.894,0,12.116,3.894,55.863,8.2221,0,12.116,0,0,0,0,0,0,1,0,0,1,0,0,0,0,1,0,0,0
0,0,0,0,0,100,0,0,0,0,0,0,0,0,0,0,100,0,0,0,0,0,0,0,0,0,0,100,0,0,0,0,0,0,0,0,0,1,0,0,1,0,0,0,0,1,0,0,0
0,12.554,0,0,0,74.892,0,0,0,12.554,0,0,0,0,12.554,0,74.892,0,0,0,12.554,0,0,0,0,12.554,0,74.892,0,0,12.554,0,0,0,0,0,0,1,0,0,1,0,0,0,0,1,0,0,0
0,0,0,0,0,100,0,0,0,0,0,0,0,0,0,0,100,0,0,0,0,0,0,0,0,0,0,100,0,0,0,0,0,0,0,0,0,1,0,0,1,0,0,0,0,1,0,0,0
0,0,0,0,0,100,0,0,0,0,0,0,0,0,0,0,100,0,0,0,0,0,0,0,0,0,0,100,0,0,0,0,0,0,0,0,0,1,0,0,1,0,0,0,0,1,0,0,0
0,0,0,0,0,100,0,0,0,0,0,0,0,0,0,0,100,0,0,0,0,0,0,0,0,0,0,100,0,0,0,0,0,0,0,0,0,1,0,0,1,0,0,0,0,1,0,0,0
0,0,0,0,0,100,0,0,0,0,0,0,0,0,0,0,100,0,0,0,0,0,0,0,0,0,0,100,0,0,0,0,0,0,0,0,0,1,0,0,1,0,0,0,0,1,0,0,0
0,0,0,0,0,100,0,0,0,0,0,0,0,0,0,0,100,0,0,0,0,0,0,0,0,0,0,100,0,0,0,0,0,0,0,0,0,1,0,0,1,0,0,0,0,1,0,0,0
0,12.49,0,0,0,82.529,0,0,0,4.9812,0,0,0,0,4.9812,7.5084,82.529,0,0,0,4.9812,0,0,7.5084,0,4.9812,0,82.529,0,0,4.9812,0,0,0,0,0,0,1,0,0,1,0,0,0,0,1,0,0,0
0,7.3536,0,0,0,92.646,0,0,0,0,0,0,0,0,0,7.3536,92.646,0,0,0,0,0,0,7.3536,0,0,0,92.646,0,0,0,0,0,0,0,0,0,1,0,0,1,0,0,0,0,1,0,0,0
0,16.206,0,0,0,83.794,0,0,0,0,0,0,0,0,4.8386,6.5291,83.794,0,0,0,4.8386,0,0,6.5291,9.6772,0,0,83.794,0,0,0,0,0,0,0,0,0,1,0,0,1,0,0,0,0,1,0,0,0
0,0,0,0,0,100,0,0,0,0,0,0,0,0,0,0,100,0,0,0,0,0,0,0,0,0,0,100,0,0,0,0,0,0,0,0,0,1,0,0,1,0,0,0,0,1,0,0,0
0,0,0,0,0,100,0,0,0,0,0,0,0,0,0,0,100,0,0,0,0,0,0,0,0,0,0,100,0,0,0,0,0,0,0,0,0,1,0,0,1,0,0,0,0,1,0,0,0
0,0,0,0,0,100,0,0,0,0,0,0,0,0,0,0,100,0,0,0,0,0,0,0,0,0,0,100,0,0,0,0,0,0,0,0,0,1,0,0,1,0,0,0,0,1,0,0,0
0,0,0,0,0,100,0,0,0,0,0,0,0,0,0,0,100,0,0,0,0,0,0,0,0,0,0,100,0,0,0,0,0,0,0,0,0,1,0,0,1,0,0,0,0,1,0,0,0
0,0,0,0,0,100,0,0,0,0,0,0,0,0,0,0,100,0,0,0,0,0,0,0,0,0,0,100,0,0,0,0,0,0,0,0,0,1,0,0,1,0,0,0,0,1,0,0,0
0,0,0,0,13.969,86.031,0,0,0,0,0,0,0,0,0,26.234,62.346,11.421,0,0,0,0,0,0,0,0,15.557,55.66,14.813,0,0,13.969,0,0,0,0,1,0,0,0,1,0,0,0,0,1,0,0,0
0,0,0,0,12.76,81.486,5.7538,0,0,0,0,0,0,0,0,12.76,81.486,5.7538,0,0,0,0,0,5.7538,0,0,0,81.486,0,12.76,0,0,0,0,0,0,0,1,0,0,1,0,0,0,0,1,0,0,0
0,0,0,0,5.3974,94.603,0,0,0,0,0,0,0,0,0,26.76,45.266,27.974,0,0,0,0,0,0,0,0,10.681,73.24,10.681,0,0,5.3974,0,0,0,0,1,0,0,0,1,0,0,0,0,1,0,0,0
0,0,0,0,39.104,44.032,16.864,0,0,0,0,0,0,2.4745,3.4916,23.033,45.307,13.226,3.1215,9.3459,0,0,0,3.1215,0,16.864,3.3797,37.531,6.6132,28.999,3.4916,0,0,0.018519,0,0.0092593,0.28704,0.68519,0,0,1,0,0,0,0,1,0,0,1
0,0,0,0,18.983,81.017,0,0,0,0,0,0,0,0,0,36.131,36.312,27.557,0,0,0,0,0,0,0,0,8.5741,63.869,8.5741,0,0,18.983,0,0,0,0,0.71667,0.28333,0,0,1,0,0,0,0,1,0,0,0
0,0,0,0,10.922,89.078,0,0,0,0,0,0,0,0,0,10.922,77.537,11.541,0,0,0,0,0,0,0,0,13.922,68.811,6.3449,0,0,10.922,0,0,0,0,0.83051,0.16949,0,0,1,0,0,0,0,1,0,0,0
0,0,0,0,0,100,0,0,0,0,0,0,0,0,0,0,83.233,16.767,0,0,0,0,0,0,0,0,0,100,0,0,0,0,0,0,0,0,1,0,0,0,1,0,0,0,0,1,0,0,0
1.9878,0,0,0,38.505,25.698,30.925,0,0,2.8839,0,0,0,2.4554,5.9499,19.597,24.508,29.685,9.8671,5.9499,0,1.9878,0,4.9954,0,30.925,11.731,4.9954,17.805,22.702,6.8459,0,0,0,0,0,0,1,0,0,1,0,0,0,0,1,0,0,1
2.4887,0,0,0,11.853,28.185,40.254,0,0,8.4491,8.771,0,0,0,3.0775,25.01,30.303,25.048,7.8735,6.2001,1.6067,0.88203,0,1.6005,0,28.032,24.733,4.4671,4.2466,26.021,3.8022,0,7.0984,0,0,0,0,1,0,0,1,0,0,0,0,1,0,0,1
0,0,0,0,0,100,0,0,0,0,0,0,0,0,0,11.071,83.394,5.5355,0,0,0,0,0,0,0,0,17.859,76.605,5.5355,0,0,0,0,0,0,0,0.96,0.04,0,0,1,0,0,0,0,1,0,0,0
0,0,0,0,29.149,33.209,32.133,0,0,5.5098,0,0,0,2.6016,0,18.597,38.794,28.766,1.8471,9.3933,0,0,0,7.1953,0,28.47,20.283,5.7306,1.8471,20.106,1.8471,0,14.521,0,0,0,0,1,0,0,1,0,0,0,0,1,0,0,1
0,0,0,0,36.035,63.965,0,0,0,0,0,0,0,0,4.322,11.179,59.643,20.534,4.322,0,0,0,0,0,0,0,0,55.859,8.644,19.285,8.1059,8.1059,0,0,0,0,0.20339,0.79661,0,0,1,0,0,0,0,1,0,0,0
0,0,0,0,12.597,18.968,19.699,0,0,21.34,27.397,0,0,0,12.178,33.654,19.987,27.39,4.3392,2.4529,0,0,0,6.3664,0,14.204,13.195,4.9011,4.3392,26.83,11.616,0,18.549,0,0,0,0,1,0,0,1,0,0,0,0,1,0,0,1
0,0,0,0,12.57,23.214,29.499,0,0,20.501,14.216,0,0,0,7.1081,30.094,26.521,23.181,10.118,2.9775,0,0,0,0,0,19.711,23.214,0,3.3076,30.289,10.416,0,13.063,0,0,0,0,1,0,0,1,0,0,0,0,1,0,0,1
30.477,9.7639,0,0,0,59.759,0,0,0,0,0,0,0,0,19.523,4.0733,47.539,4.0733,4.4954,20.296,0,0,0,0,5.2686,39.046,0,51.612,4.0733,0,0,0,0,0,0,0,0.92308,0.076923,0,0,1,0,0,0,0,1,0,0,0
0,0,0,0,20.347,14.199,43.78,0,0,10.173,11.501,0,0,0,2.5161,34.794,24.693,25.307,1.509,11.181,0,0,0,0,0,26.13,20.668,2.5161,1.509,25.307,1.509,0,22.361,0,0,0,0,1,0,0,1,0,0,0,0,1,0,0,1
32.152,0,0,0,0,60.697,7.1515,0,0,0,0,0,0,0,17.848,25,0,25,0,25,7.1515,0,0,0,14.303,50,0,17.848,17.848,0,0,0,0,0,0,0,0.55172,0.44828,0,0,1,0,0,0,0,1,0,0,0
20.065,6.2466,0,0,0,44.582,29.107,0,0,0,0,0,0,0,29.935,32.372,12.21,5.4182,0,14.647,5.4182,0,0,0,40.772,20.065,0,15.475,23.689,0,0,0,0,0,0,0,0.72917,0.27083,0,0,1,0,0,0,0,1,0,0,0
19.475,4.6088,0,0,0,63.332,12.584,0,0,0,0,0,0,0,24.377,19.768,29.196,7.1837,0,16.401,3.0739,0,0,0,20.267,23.585,0,36.38,19.768,0,0,0,0,0.16129,0,0.016129,0.080645,0.74194,0,0,1,0,0,0,0,1,0,0,1
0,0,0,0,15.855,26.497,25.687,0,0,3.559,28.402,0,0,0,14.201,11.486,36.33,15.855,4.3684,17.76,0,0,0,4.3684,0,7.9273,17.76,18.569,4.3684,11.486,0,0,35.52,0,0,0,0.30769,0.69231,0,0,1,0,0,0,0,1,0,0,0
0,0,0,0,24.572,48.855,5.8687,0,0,9.6909,11.013,0,0,0,3.3783,12.625,34.408,46.654,0,2.9344,0,0,0,18.704,0,2.9344,21.638,12.77,0,12.625,3.3783,0,27.951,0,0,0,0,1,0,0,1,0,0,0,0,1,0,0,0
0,2.6902,0,0,0,87.644,0,0,0,2.193,7.4726,0,2.6902,0,2.193,0,95.117,0,0,0,0,0,0,0,0,0,2.6902,92.924,2.193,0,2.193,0,0,0,0,0,0,1,0,0,1,0,0,0,0,1,0,0,0
0,0,0,0,0,91.937,0,0,0,4.0314,4.0314,0,0,0,4.0314,0,83.112,12.857,0,0,0,0,0,0,0,12.857,0,79.08,4.0314,0,4.0314,0,0,0,0,0,0,1,0,0,1,0,0,0,0,1,0,0,0
0,10.943,0,0,2.503,55.748,0,0,0,20.011,10.796,0,10.943,0,15.012,0,59.034,0,5.006,10.006,0,0,0,0,0,0,10.943,46.526,14.228,15.795,12.509,0,0,0,0,0,0,1,0,0,1,0,0,0,0,1,0,0,0
0,0,0,0,0,81.114,6.2953,0,0,0,12.591,0,0,0,6.2953,0,87.409,0,0,6.2953,0,0,0,0,0,0,6.2953,81.114,0,0,0,0,12.591,0,0,0,0,1,0,0,1,0,0,0,0,1,0,0,0
0,2.951,0,0,0,89.239,0,0,0,0,7.8097,0,2.951,0,0,0,97.049,0,0,0,0,0,0,0,0,0,2.951,97.049,0,0,0,0,0,0,0,0,0,1,0,0,1,0,0,0,0,1,0,0,0
0,12.132,0,0,0,87.868,0,0,0,0,0,0,12.132,0,0,0,87.868,0,0,0,0,0,0,0,0,0,12.132,87.868,0,0,0,0,0,0,0,0,0,1,0,0,1,0,0,0,0,1,0,0,0
0,4.5696,0,0,4.6396,55.133,0,0,0,12.278,23.38,0,4.5696,0,18.741,0,64.595,0,9.2791,2.8159,0,0,0,0,0,0,4.5696,50.493,20.564,10.271,14.101,0,0,0,0,0,0,1,0,0,1,0,0,0,0,1,0,0,0
0,4.1905,0,0,0,79.766,0,0,0,12.212,3.8311,0,4.1905,0,8.0216,0,83.597,0,0,4.1905,0,0,0,0,0,0,4.1905,75.576,8.0216,4.1905,8.0216,0,0,0,0,0,0,1,0,0,1,0,0,0,0,1,0,0,0
24.398,5.1385,0,0,0,66.234,4.23,0,0,0,0,0,0,0,11.044,12.997,45.98,7.8585,0,15.274,6.8471,0,0,0,16.216,25.409,0,54.747,3.6285,0,0,0,0,0,0,0,0,1,0,0,1,0,0,0,0,1,0,0,0
8.4452,12.884,0,0,0,78.671,0,0,0,0,0,0,0,2.2715,6.675,0,78.671,0,2.2715,4.2226,5.8889,0,0,0,5.8889,15.44,0,78.671,0,0,0,0,0,0,0,0,0,1,0,0,1,0,0,0,0,1,0,0,0
1.5203,19.311,0,0,0,76.328,0,0,0,2.84,0,0,0,2.84,8.4345,0,76.328,2.0719,0,0,10.325,0,0,2.0719,15.92,2.84,0,73.488,2.84,0,2.84,0,0,0,0,0,0,1,0,0,1,0,0,0,0,1,0,0,0
11.982,9.3038,0,0,0,76.833,0,0,0,1.881,0,0,0,1.881,7.1659,0,76.833,1.335,0,5.8055,6.9792,0,0,1.335,10.508,9.4422,0,76.833,0,0,1.881,0,0,0,0,0,0,1,0,0,1,0,0,0,0,1,0,0,0
2.2909,19.456,0,0,0,65.458,0,0,0,12.796,0,0,0,12.796,8.2124,0,65.458,3.031,0,0,10.503,0,0,3.031,10.503,8.2124,0,55.771,9.6865,0,12.796,0,0,0,0,0,0,1,0,0,1,0,0,0,0,1,0,0,0
0,30.217,0,0,0,67.45,0,0,0,2.3338,0,0,0,2.3338,11.047,0,67.45,14.863,0,0,4.307,0,0,14.863,13.193,2.161,0,59.326,8.1235,0,2.3338,0,0,0,0,0,0,1,0,0,1,0,0,0,0,1,0,0,0
0,19.834,0,0,0,76.678,0,0,0,3.4881,0,0,0,3.4881,7.8447,0,76.678,0,0,0,11.99,0,0,0,11.99,7.8447,0,73.19,3.4881,0,3.4881,0,0,0,0,0,0,1,0,0,1,0,0,0,0,1,0,0,0
0,8.6154,0,0,0,91.385,0,0,0,0,0,0,0,0,4.3077,0,91.385,0,0,0,4.3077,0,0,0,8.6154,0,0,91.385,0,0,0,0,0,0,0,0,0,1,0,0,1,0,0,0,0,1,0,0,0
0,16.054,0,0,0,83.946,0,0,0,0,0,0,0,0,0,0,83.946,16.054,0,0,0,0,0,16.054,0,0,0,67.892,16.054,0,0,0,0,0,0,0,0,1,0,0,1,0,0,0,0,1,0,0,0
0,0,0,0,0,100,0,0,0,0,0,0,0,0,0,0,100,0,0,0,0,0,0,0,0,0,0,100,0,0,0,0,0,0,0,0,0,1,0,0,1,0,0,0,0,1,0,0,0
0,0,0,0,0,100,0,0,0,0,0,0,0,0,0,0,100,0,0,0,0,0,0,0,0,0,0,100,0,0,0,0,0,0,0,0,0,1,0,0,1,0,0,0,0,1,0,0,0
0,0,0,0,0,100,0,0,0,0,0,0,0,0,0,0,100,0,0,0,0,0,0,0,0,0,0,100,0,0,0,0,0,0,0,0,0,1,0,0,1,0,0,0,0,1,0,0,0
0,0,0,0,0,100,0,0,0,0,0,0,0,0,0,0,100,0,0,0,0,0,0,0,0,0,0,100,0,0,0,0,0,0,0,0,0,1,0,0,1,0,0,0,0,1,0,0,0
0,0,0,0,0,100,0,0,0,0,0,0,0,0,0,0,100,0,0,0,0,0,0,0,0,0,0,100,0,0,0,0,0,0,0,0,0,1,0,0,1,0,0,0,0,1,0,0,0
9.2884,21.096,0,0,0,56.738,0,0,0,5.6983,7.1801,3.5901,3.5901,3.5901,5.6983,4.627,62.436,0,3.5901,5.6983,7.1801,0,3.5901,8.2171,5.6983,9.2884,3.5901,60.328,0,0,9.2884,0,0,0,0,0,0,1,0,0,1,0,0,0,0,1,0,0,0
19.515,20.793,0,0,0,58.064,0,0,0,1.6278,0,0,0,14.85,4.2212,0,68.49,2.1653,4.3152,3.7931,2.1653,0,2.1653,2.1653,14.756,10.258,15.294,53.734,0,0,1.6278,0,0,0,0,0,0.88571,0.11429,0,0,1,0,0,0,0,1,0,0,0
0,0,0,0,26.199,50.404,23.397,0,0,0,0,0,0,13.1,0,5.3004,60.701,15.598,0,5.3004,0,0,0,0,0,23.397,0,50.404,0,26.199,0,0,0,0,0,0,0,1,0,0,1,0,0,0,0,1,0,0,0
0,0,0,0,0,100,0,0,0,0,0,0,0,0,0,0,100,0,0,0,0,0,0,0,0,0,0,100,0,0,0,0,0,0.90909,0,0.012987,0.051948,0.025974,0,0,1,0,0,0,0,1,0,0,0
0,0,0,0,17.521,82.479,0,0,0,0,0,0,0,8.7603,0,17.521,64.959,0,0,8.7603,0,0,0,0,0,0,0,66.054,7.665,8.7603,8.7603,8.7603,0,0,0,0,0,1,0,0,1,0,0,0,0,1,0,0,0
8.1046,8.84,0,0,0,73.969,2.1022,0,0,6.9839,0,0,0,6.9839,5.3951,2.1022,71.867,4.4009,0,6.0024,3.2485,0,0,2.2987,9.5995,9.2509,0,71.867,0,0,6.9839,0,0,0,0,0,0,1,0,0,1,0,0,0,0,1,0,0,0
6.8239,16.559,0,0,0,74.357,0,0,0,2.2595,0,0,0,2.2595,8.2796,0,74.357,6.02,0,0,9.0835,0,0,6.02,15.104,2.2595,0,72.098,2.2595,0,2.2595,0,0,0,0,0,0,1,0,0,1,0,0,0,0,1,0,0,0
0,24.59,0,0,0,66.486,0,0,0,8.9236,0,0,0,8.9236,12.295,0,66.486,3.3716,0,0,8.9236,0,0,3.3716,12.295,8.9236,0,57.562,8.9236,0,8.9236,0,0,0,0,0,0,1,0,0,1,0,0,0,0,1,0,0,0
0,0,0,0,37.051,45.092,17.858,0,0,0,0,0,0,0,18.101,8.1503,32.048,30.474,11.227,0,0,0,0,0,0,12.73,12.849,37.369,15.272,21.778,0,0,0,0,0,0,0.91667,0.083333,0,0,1,0,0,0,0,1,0,0,1
0,0,0,0,7.1812,76.598,0,0,0,3.7037,12.517,0,0,0,0,22.942,51.31,14.863,3.7037,3.7037,3.4775,0,0,0,0,0,7.8805,57.36,21.32,9.7359,3.7037,0,0,0,0,0,0,1,0,0,1,0,0,0,0,1,0,0,0
0,0,0,0,23.211,27.554,43.254,5.9811,0,0,0,0,0,0,12.424,11.962,64.827,5.9811,4.8053,0,0,0,0,0,5.9811,30.83,33.997,5.9811,0,0,17.23,5.9811,0,0,0,0,0,1,0,0,1,0,0,0,0,1,0,0,1
0,0,0,0,0,100,0,0,0,0,0,0,0,0,0,0,100,0,0,0,0,0,0,0,0,0,0,100,0,0,0,0,0,0,0,0,1,0,0,0,1,0,0,0,0,1,0,0,0
0,0,0,0,0,100,0,0,0,0,0,0,0,0,0,0,100,0,0,0,0,0,0,0,0,0,0,100,0,0,0,0,0,0,0,0,0,1,0,0,1,0,0,0,0,1,0,0,0
0,18.09,0,0,0,60.101,0,0,0,21.809,0,0,9.0449,0,21.809,0,60.101,0,0,0,9.0449,0,0,0,0,18.09,12.764,47.337,0,0,21.809,0,0,0,0,0,0,1,0,0,1,0,0,0,0,1,0,0,0
1.5155,0,0,0,34.01,56.207,5.4989,0,0,2.7682,0,0,0,3.9493,3.5072,12.993,29.216,22.572,11.537,14.71,0,1.5155,0,0,2.7682,13.397,4.5464,14.507,27.226,15.52,22.035,0,0,0,0,0,0,1,0,0,1,0,0,0,0,1,0,0,1
5.9903,0,0,0,9.5023,51.658,0,0,0,32.849,0,0,0,0,9.6487,17.112,39.014,24.478,0,9.7464,0,0,0,0,0,5.9903,0,34.644,17.015,23.005,19.347,0,0,0,0,0,0,1,0,0,1,0,0,0,0,1,0,0,0
0,0,0,0,0,100,0,0,0,0,0,0,0,0,0,0,100,0,0,0,0,0,0,0,0,0,0,100,0,0,0,0,0,0,0,0,0,1,0,0,1,0,0,0,0,1,0,0,0
