h1,h2,h3,h4,h5,h6,h7,h8,h9,h10,h11,h12,h13,h14,h15,h16,h17,h18,h19,h20,h21,h22,h23,h24,h25,h26,h27,h28,h29,h30,h31,h32,h33,h34,h35,h36,h37,h38,h39,h40,h41,h42,h43,h44,h45,h46,h47,h48,label
0,0,0,0,0,100,0,0,0,0,0,0,0,0,0,0,100,0,0,0,0,0,0,0,0,0,0,100,0,0,0,0,0,0,0,0,0,1,0,0,1,0,0,0,0,1,0,0,0
0,0,0,0,0,100,0,0,0,0,0,0,0,0,0,0,100,0,0,0,0,0,0,0,0,0,0,100,0,0,0,0,0,0,0,0,0,1,0,0,1,0,0,0,0,1,0,0,0
0,0,0,0,0,100,0,0,0,0,0,0,0,0,0,0,100,0,0,0,0,0,0,0,0,0,0,100,0,0,0,0,0,0,0,0,0,1,0,0,1,0,0,0,0,1,0,0,0
0,0,0,0,0,100,0,0,0,0,0,0,0,0,0,0,100,0,0,0,0,0,0,0,0,0,0,100,0,0,0,0,0,0,0,0,0,1,0,0,1,0,0,0,0,1,0,0,0
0,0,0,0,0,100,0,0,0,0,0,0,0,0,0,0,100,0,0,0,0,0,0,0,0,0,0,100,0,0,0,0,0,0,0,0,0,1,0,0,1,0,0,0,0,1,0,0,0
0,0,0,0,0,100,0,0,0,0,0,0,0,0,0,0,100,0,0,0,0,0,0,0,0,0,0,100,0,0,0,0,0,0,0,0,0,1,0,0,1,0,0,0,0,1,0,0,0
0,0,0,0,0,100,0,0,0,0,0,0,0,0,0,0,100,0,0,0,0,0,0,0,0,0,0,100,0,0,0,0,0,0,0,0,0,1,0,0,1,0,0,0,0,1,0,0,0
0,0,0,0,0,100,0,0,0,0,0,0,0,0,0,0,100,0,0,0,0,0,0,0,0,0,0,100,0,0,0,0,0,0,0,0,0,1,0,0,1,0,0,0,0,1,0,0,0
0,0,0,0,0,100,0,0,0,0,0,0,0,0,0,0,100,0,0,0,0,0,0,0,0,0,0,100,0,0,0,0,0,0,0,0.030303,0.18182,0.78788,0,0,1,0,0,0,0,1,0,0,0
0,0,0,0,0,100,0,0,0,0,0,0,0,0,0,0,100,0,0,0,0,0,0,0,0,0,0,100,0,0,0,0,0,0,0,0,0,1,0,0,1,0,0,0,0,1,0,0,0
0,0,0,0,0,100,0,0,0,0,0,0,0,0,0,0,100,0,0,0,0,0,0,0,0,0,0,100,0,0,0,0,0,0,0,0,0,1,0,0,1,0,0,0,0,1,0,0,0
0,0,0,0,0,100,0,0,0,0,0,0,0,0,0,0,100,0,0,0,0,0,0,0,0,0,0,100,0,0,0,0,0,0,0,0,0,1,0,0,1,0,0,0,0,1,0,0,0
0,0,0,0,0,100,0,0,0,0,0,0,0,0,0,0,100,0,0,0,0,0,0,0,0,0,0,100,0,0,0,0,0,0,0,0,0,1,0,0,1,0,0,0,0,1,0,0,0
0,0,0,0,7.2761,92.724,0,0,0,0,0,0,0,0,0,10.025,82.699,7.2761,0,0,0,0,0,0,0,0,0,82.699,17.301,0,0,0,0,0,0,0,0,1,0,0,1,0,0,0,0,1,0,0,0
0,0,0,0,32.433,67.567,0,0,0,0,0,0,0,0,0,25.668,41.899,32.433,0,0,0,0,0,0,0,0,0,41.899,58.101,0,0,0,0,0,0,0,0,1,0,0,1,0,0,0,0,1,0,0,0
0,0,0,0,0,100,0,0,0,0,0,0,0,0,0,0,100,0,0,0,0,0,0,0,0,0,0,100,0,0,0,0,0,0,0,0,0,1,0,0,1,0,0,0,0,1,0,0,0
0,0,0,0,0,100,0,0,0,0,0,0,0,0,0,0,100,0,0,0,0,0,0,0,0,0,0,100,0,0,0,0,0,0,0,0,0,1,0,0,1,0,0,0,0,1,0,0,0
0,0,0,0,0,100,0,0,0,0,0,0,0,0,0,0,100,0,0,0,0,0,0,0,0,0,0,100,0,0,0,0,0,0,0,0,0,1,0,0,1,0,0,0,0,1,0,0,0
0,0,0,0,0,100,0,0,0,0,0,0,0,0,0,0,100,0,0,0,0,0,0,0,0,0,0,100,0,0,0,0,0,0,0,0,0,1,0,0,1,0,0,0,0,1,0,0,0
0,0,0,0,0,100,0,0,0,0,0,0,0,0,0,0,100,0,0,0,0,0,0,0,0,0,0,100,0,0,0,0,0,0,0,0,0,1,0,0,1,0,0,0,0,1,0,0,0
0,0,0,0,0,100,0,0,0,0,0,0,0,0,0,0,100,0,0,0,0,0,0,0,0,0,0,100,0,0,0,0,0,0,0,0,0,1,0,0,1,0,0,0,0,1,0,0,0
0,0,0,0,0,100,0,0,0,0,0,0,0,0,0,0,100,0,0,0,0,0,0,0,0,0,0,100,0,0,0,0,0,0,0,0,0,1,0,0,1,0,0,0,0,1,0,0,0
0,0,0,0,0,100,0,0,0,0,0,0,0,0,0,0,100,0,0,0,0,0,0,0,0,0,0,100,0,0,0,0,0,0,0,0,0,1,0,0,1,0,0,0,0,1,0,0,0
0,0,0,0,0,100,0,0,0,0,0,0,0,0,0,0,100,0,0,0,0,0,0,0,0,0,0,100,0,0,0,0,0,0,0,0,0,1,0,0,1,0,0,0,0,1,0,0,0
0,0,0,0,0,100,0,0,0,0,0,0,0,0,0,0,100,0,0,0,0,0,0,0,0,0,0,100,0,0,0,0,0,0,0,0,0,1,0,0,1,0,0,0,0,1,0,0,0
0,0,0,0,0,100,0,0,0,0,0,0,0,0,0,0,100,0,0,0,0,0,0,0,0,0,0,100,0,0,0,0,0,0,0,0,0,1,0,0,1,0,0,0,0,1,0,0,0
0,0,0,0,0,100,0,0,0,0,0,0,0,0,0,0,100,0,0,0,0,0,0,0,0,0,0,100,0,0,0,0,0,0,0,0,0,1,0,0,1,0,0,0,0,1,0,0,0
0,0,0,0,0,100,0,0,0,0,0,0,0,0,0,0,100,0,0,0,0,0,0,0,0,0,0,100,0,0,0,0,0,0,0,0,0,1,0,0,1,0,0,0,0,1,0,0,0
0,0,0,0,0,100,0,0,0,0,0,0,0,0,0,0,100,0,0,0,0,0,0,0,0,0,0,100,0,0,0,0,0,0,0,0,0,1,0,0,1,0,0,0,0,1,0,0,0
0,0,0,0,0,100,0,0,0,0,0,0,0,0,0,0,100,0,0,0,0,0,0,0,0,0,0,100,0,0,0,0,0,0,0,0,0,1,0,0,1,0,0,0,0,1,0,0,0
0,0,0,0,0,100,0,0,0,0,0,0,0,0,0,0,100,0,0,0,0,0,0,0,0,0,0,100,0,0,0,0,0,0,0,0,0,1,0,0,1,0,0,0,0,1,0,0,0
0,0,0,0,0,100,0,0,0,0,0,0,0,0,0,0,100,0,0,0,0,0,0,0,0,0,0,100,0,0,0,0,0,0,0,0,0,1,0,0,1,0,0,0,0,1,0,0,0
0,0,0,0,17.431,82.569,0,0,0,0,0,0,0,0,0,21.529,66.964,11.507,0,0,0,0,0,0,0,0,0,61.04,38.96,0,0,0,0,0,0,0,0,1,0,0,1,0,0,0,0,1,0,0,0
0,0,0,0,0,100,0,0,0,0,0,0,0,0,0,0,100,0,0,0,0,0,0,0,0,0,0,100,0,0,0,0,0,0,0,0,0,1,0,0,1,0,0,0,0,1,0,0,0
0,0,0,0,20.494,79.506,0,0,0,0,0,0,0,0,0,0,73.5,26.5,0,0,0,0,0,0,0,0,0,79.506,20.494,0,0,0,0,0,0,0,0,1,0,0,1,0,0,0,0,1,0,0,0
0,0,0,0,7.1877,92.812,0,0,0,0,0,0,0,0,0,23.75,69.063,7.1877,0,0,0,0,0,0,0,0,0,69.063,30.937,0,0,0,0,0,0,0,0,1,0,0,1,0,0,0,0,1,0,0,0
0,0,0,0,11.727,88.273,0,0,0,0,0,0,0,0,0,0,86.727,13.273,0,0,0,0,0,0,0,0,0,88.273,11.727,0,0,0,0,0,0,0,0,1,0,0,1,0,0,0,0,1,0,0,0
0,0,0,0,0,100,0,0,0,0,0,0,0,0,0,0,100,0,0,0,0,0,0,0,0,0,0,100,0,0,0,0,0,0,0,0,0,1,0,0,1,0,0,0,0,1,0,0,0
0,0,0,0,5.6852,94.315,0,0,0,0,0,0,0,0,0,0,93.29,6.7104,0,0,0,0,0,0,0,0,0,94.315,5.6852,0,0,0,0,0,0,0,0,1,0,0,1,0,0,0,0,1,0,0,0
0,0,0,0,0,100,0,0,0,0,0,0,0,0,0,0,100,0,0,0,0,0,0,0,0,0,0,100,0,0,0,0,0,0,0,0,0,1,0,0,1,0,0,0,0,1,0,0,0
0,0,0,0,0,100,0,0,0,0,0,0,0,0,0,0,100,0,0,0,0,0,0,0,0,0,0,100,0,0,0,0,0,0,0,0,0,1,0,0,1,0,0,0,0,1,0,0,0
0,0,0,0,19.991,80.009,0,0,0,0,0,0,0,0,0,0,85.545,14.455,0,0,0,0,0,0,0,0,0,80.009,19.991,0,0,0,0,0,0,0,0,1,0,0,1,0,0,0,0,1,0,0,0
0,0,0,0,0,100,0,0,0,0,0,0,0,0,0,0,92.495,7.5046,0,0,0,0,0,0,0,0,0,100,0,0,0,0,0,0,0,0,0,1,0,0,1,0,0,0,0,1,0,0,0
0,0,0,0,0,100,0,0,0,0,0,0,0,0,0,0,100,0,0,0,0,0,0,0,0,0,7.5763,92.424,0,0,0,0,0,0,0,0,0,1,0,0,1,0,0,0,0,1,0,0,0
0,0,0,0,0,100,0,0,0,0,0,0,0,0,0,0,100,0,0,0,0,0,0,0,0,0,5.0215,85.65,9.3288,0,0,0,0,0,0,0,0,1,0,0,1,0,0,0,0,1,0,0,0
0,0,0,0,0,100,0,0,0,0,0,0,0,0,0,0,100,0,0,0,0,0,0,0,0,0,0,100,0,0,0,0,0,0,0,0,0,1,0,0,1,0,0,0,0,1,0,0,0
0,0,0,0,0,84.607,0,0,15.393,0,0,0,0,0,0,0,84.607,15.393,0,0,0,0,0,0,0,0,15.393,69.215,0,0,0,0,15.393,0,0,0,0,1,0,0,1,0,0,0,0,1,0,0,0
0,0,0,0,0,100,0,0,0,0,0,0,0,0,0,10.009,68.702,21.288,0,0,0,0,0,0,0,0,0,57.423,42.577,0,0,0,0,0,0,0,0,1,0,0,1,0,0,0,0,1,0,0,0
0,0,0,0,0,100,0,0,0,0,0,0,0,0,0,0,100,0,0,0,0,0,0,0,0,0,0,100,0,0,0,0,0,0,0,0,0,1,0,0,1,0,0,0,0,1,0,0,0
0,0,0,0,0,100,0,0,0,0,0,0,0,0,0,15.158,77.363,7.4788,0,0,0,0,0,0,0,0,0,59.188,40.812,0,0,0,0,0,0,0,0,1,0,0,1,0,0,0,0,1,0,0,0
0,0,0,0,0,100,0,0,0,0,0,0,0,0,0,0,100,0,0,0,0,0,0,0,0,0,0,100,0,0,0,0,0,0,0,0,0,1,0,0,1,0,0,0,0,1,0,0,0
0,0,0,0,0,89.92,0,0,10.08,0,0,0,0,0,0,7.6174,74.686,17.697,0,0,0,0,0,0,0,0,0,62.409,27.511,0,0,10.08,0,0,0,0,0,1,0,0,1,0,0,0,0,1,0,0,0
0,0,0,0,0,92.16,0,0,7.8398,0,0,0,0,0,0,13.339,65.482,21.179,0,0,0,0,0,0,0,0,0,65.482,26.678,0,0,0,7.8398,0,0,0,0,1,0,0,1,0,0,0,0,1,0,0,0
0,0,5.429,0,0,87.054,0,0,7.5175,0,0,0,0,0,0,11.756,82.815,0,5.429,0,0,0,5.429,0,0,0,0,75.298,11.756,0,0,7.5175,0,0,0,0,0,1,0,0,1,0,0,0,0,1,0,0,0
0,0,5.714,0,0,72.872,0,0,21.414,0,0,5.714,0,0,0,2.8631,85.709,0,2.8631,0,2.8508,0,2.8631,0,2.8508,0,0,72.872,0,0,5.714,3.2732,12.427,0,0,0,0,1,0,0,1,0,0,0,0,1,0,0,0
0,0,15.399,0,0,53.475,0,0,31.126,0,0,22.405,0,0,0,2.8435,49.445,9.9075,5.4918,0,9.9075,0,5.4918,0,9.9075,0,9.9075,43.567,0,0,22.405,0,8.7212,0.098361,0,0,0.016393,0.88525,0,0,1,0,0,0,0,1,0,0,0
0,0,0,0,0,80.44,0,0,19.56,0,0,0,0,0,0,0,80.44,19.56,0,0,0,0,0,0,0,0,12.079,68.362,0,0,0,5.0847,14.475,0.11111,0,0,0.027778,0.86111,0,0,1,0,0,0,0,1,0,0,0
0,0,0,0,0,74.999,0,0,25.001,0,0,0,0,0,0,0,74.999,25.001,0,0,0,0,0,0,0,0,16.941,58.058,0,0,0,8.0595,16.941,0.83333,0,0,0,0.16667,0,0,1,0,0,0,0,1,0,0,0
0,0,0,0,0,77.548,0,0,22.452,0,0,0,0,0,0,0,67.936,32.064,0,0,0,0,0,0,0,0,5.1333,53.191,19.223,0,0,13.51,8.9421,0.11429,0,0,0.057143,0.82857,0,0,1,0,0,0,0,1,0,0,0
0,0,0,0,0,71.384,0,0,28.616,0,0,0,0,0,0,0,71.384,28.616,0,0,0,0,0,0,0,0,0,71.384,0,0,0,14.151,14.465,0.93269,0,0.019231,0.038462,0.0096154,0,0,1,0,0,0,0,1,0,0,0
0,0,0,0,0,80.057,0,0,19.943,0,0,0,0,0,0,9.6509,73.891,16.458,0,0,0,0,0,0,0,0,0,70.406,9.6509,0,0,7.7334,12.209,0.13514,0,0,0,0.86486,0,0,1,0,0,0,0,1,0,0,0
0,0,0,0,0,72.999,0,0,27.001,0,0,0,0,0,0,0,79.216,20.784,0,0,0,0,0,0,0,0,6.2172,66.782,0,0,0,14.222,12.779,0.92174,0,0,0.017391,0.06087,0,0,1,0,0,0,0,1,0,0,0
0,0,2.9357,0,0,80.953,0,0,16.111,0,0,0,0,0,0,0,93.835,3.2293,2.9357,0,0,0,2.9357,0,0,0,9.4975,71.456,0,0,0,9.4975,6.6136,0.11594,0,0.014493,0.014493,0.85507,0,0,1,0,0,0,0,1,0,0,0
0,0,3.6424,0,0,73.82,0,0,22.538,0,0,3.6424,0,0,0,3.6424,83.477,5.5961,3.6424,0,0,0,3.6424,0,0,0,4.1789,69.641,0,0,3.6424,9.6568,9.2385,0.88776,0,0,0.081633,0.030612,0,0,1,0,0,0,0,1,0,0,0
0,0,17.708,0,0,60.046,0,0,22.246,0,0,11.899,0,0,0,8.0552,62.338,0,13.865,0,3.8434,0,13.865,0,3.8434,0,0,60.046,0,0,11.899,2.2921,8.0552,0.2,0,0,0,0.8,0,0,1,0,0,0,0,1,0,0,0
0,0,4.7894,0,0,78.786,0,0,16.424,0,0,2.4747,0,0,0,6.7516,79.233,6.7516,2.3147,0,2.4747,0,2.3147,0,2.4747,0,9.9805,68.806,0,0,2.4747,3.2289,10.721,1,0,0,0,0,0,0,1,0,0,0,0,1,0,0,0
0,0,29.24,0,0,41.52,0,0,29.24,0,0,29.24,0,0,0,0,18.421,23.099,0,0,29.24,0,0,0,29.24,0,23.099,18.421,0,0,29.24,0,0,0.16667,0,0.027778,0.027778,0.77778,0,0,1,0,0,0,0,1,0,0,0
0,0,6.6254,0,0,62.463,0,0,30.912,0,0,30.912,0,0,0,6.1002,50.263,6.1002,0,0,6.6254,0,0,0,6.6254,0,6.1002,56.363,0,0,30.912,0,0,0.64706,0.014706,0.17647,0.088235,0.073529,0,0,1,0,0,0,0,1,0,0,0
0,3.6659,3.6659,0,27.361,31.648,0,0,11.945,5.7002,16.014,13.032,3.6659,8.5503,12.566,7.9524,0,20.356,3.6659,21.932,0,8.2794,0,0,0,3.6659,0,12.566,11.618,18.593,28.448,19.409,5.7002,0.028571,0,0,0.057143,0.91429,0,0,1,0,0,0,0,1,0,0,0
0,10.93,7.6526,0.47207,18.656,23.754,2.7828,2.7845,19.353,5.3837,8.2322,21.4,8.4686,6.0279,3.2261,2.9901,2.377,15.281,6.3931,14.753,5.6865,13.397,4.2608,8.2678,2.0137,9.5742,3.9691,4.7833,8.9111,14.09,21.27,21.428,1.4329,0.032258,0,0,0.32258,0.64516,0,0,1,0,0,0,0,1,0,0,0
0,7.3057,0,0,21.236,50.223,0,0,6.965,7.3057,6.965,0,0,0,6.965,7.3057,19.325,20.895,0,31.239,0,14.271,0,0,0,0,0,23.933,26.631,21.236,14.271,13.93,0,0,0,0,0,1,0,0,1,0,0,0,0,1,0,0,0
0,6.7151,3.3216,0,20.071,30.884,4.3175,3.4919,5.4792,11.224,14.496,13.309,6.0623,11.539,7.4895,13.624,0,8.607,2.1576,25.428,2.3279,9.4558,5.8943,3.9047,2.3279,3.3216,0,13.624,15.781,13.381,27.488,9.1878,5.0894,0,0,0,0,1,0,0,1,0,0,0,0,1,0,0,0
0,0,0,0,11.622,88.378,0,0,0,0,0,0,0,0,11.622,11.622,65.134,0,0,11.622,0,0,0,0,0,0,0,48.425,39.953,0,11.622,0,0,0,0,0,0,1,0,0,1,0,0,0,0,1,0,0,0
0,13.685,0,0,0,86.315,0,0,0,0,0,0,0,0,0,13.685,66.667,0,0,19.648,0,0,0,0,13.685,0,0,33.333,52.982,0,0,0,0,0,0,0,0,1,0,0,1,0,0,0,0,1,0,0,0
0,0,0,0,0,100,0,0,0,0,0,0,0,0,0,0,90.935,0,0,9.0649,0,0,0,0,0,0,11.068,50.223,38.709,0,0,0,0,0,0,0,0,1,0,0,1,0,0,0,0,1,0,0,0
0,0,6.4499,0,0,87.095,0,6.455,0,0,0,0,6.455,0,0,15.694,71.401,0,6.4499,0,0,0,0,12.905,0,0,6.4499,63.006,17.64,0,0,0,0,0,0,0,0,1,0,0,1,0,0,0,0,1,0,0,0
0,0,0,0,0,82.882,0,0,17.118,0,0,0,0,0,0,0,82.882,17.118,0,0,0,0,0,0,0,0,0,82.882,0,0,0,0,17.118,0.67089,0,0,0.012658,0.31646,0,0,1,0,0,0,0,1,0,0,0
0,0,0,0,0,100,0,0,0,0,0,0,0,0,0,0,100,0,0,0,0,0,0,0,0,0,0,100,0,0,0,0,0,0.84043,0,0,0,0.15957,0,0,1,0,0,0,0,1,0,0,0
0,0,0,0,0,100,0,0,0,0,0,0,0,0,0,0,100,0,0,0,0,0,0,0,0,0,0,100,0,0,0,0,0,0.84884,0,0,0,0.15116,0,0,1,0,0,0,0,1,0,0,0
0,0,0,0,0,100,0,0,0,0,0,0,0,0,0,0,100,0,0,0,0,0,0,0,0,0,0,100,0,0,0,0,0,0.93103,0,0,0,0.068966,0,0,1,0,0,0,0,1,0,0,0
0,0,0,0,0,100,0,0,0,0,0,0,0,0,0,0,100,0,0,0,0,0,0,0,0,0,0,100,0,0,0,0,0,1,0,0,0,0,0,0,1,0,0,0,0,1,0,0,0
0,0,0,0,0,100,0,0,0,0,0,0,0,0,0,0,100,0,0,0,0,0,0,0,0,0,0,100,0,0,0,0,0,0.88608,0,0.012658,0.063291,0.037975,0,0,1,0,0,0,0,1,0,0,0
0,0,0,0,0,100,0,0,0,0,0,0,0,0,0,0,100,0,0,0,0,0,0,0,0,0,9.2073,90.793,0,0,0,0,0,0.88889,0,0,0,0.11111,0,0,1,0,0,0,0,1,0,0,0
0,0,0,0,0,100,0,0,0,0,0,0,0,0,0,0,100,0,0,0,0,0,0,0,0,0,0,100,0,0,0,0,0,0.93182,0,0,0.034091,0.034091,0,0,1,0,0,0,0,1,0,0,0
0,0,0,0,0,100,0,0,0,0,0,0,0,0,0,0,100,0,0,0,0,0,0,0,0,0,0,100,0,0,0,0,0,0.98649,0,0,0.013514,0,0,0,1,0,0,0,0,1,0,0,0
0,0,0,0,0,100,0,0,0,0,0,0,0,0,0,0,100,0,0,0,0,0,0,0,0,0,0,100,0,0,0,0,0,0.92982,0,0.035088,0.035088,0,0,0,1,0,0,0,0,1,0,0,0
0,0,0,0,0,100,0,0,0,0,0,0,0,0,0,0,100,0,0,0,0,0,0,0,0,0,0,100,0,0,0,0,0,0.52113,0,0.056338,0.25352,0.16901,0,0,1,0,0,0,0,1,0,0,0
0,0,0,0,0,100,0,0,0,0,0,0,0,0,0,0,100,0,0,0,0,0,0,0,0,0,0,100,0,0,0,0,0,0,0,0,0,1,0,0,1,0,0,0,0,1,0,0,0
0,0,0,0,0,94.391,0,0,5.6085,0,0,0,0,0,0,0,100,0,0,0,0,0,0,0,0,0,5.6085,88.783,0,0,0,5.6085,0,1,0,0,0,0,0,0,1,0,0,0,0,1,0,0,0
0,0,0,0,0,100,0,0,0,0,0,0,0,0,0,0,100,0,0,0,0,0,0,0,0,0,10.863,89.137,0,0,0,0,0,0.725,0,0.0125,0.1,0.1625,0,0,1,0,0,0,0,1,0,0,0
0,0,0,0,0,100,0,0,0,0,0,0,0,0,0,14.912,70.176,14.912,0,0,0,0,0,0,0,0,28.728,71.272,0,0,0,0,0,0.69663,0.011236,0.05618,0.1236,0.11236,0,0,1,0,0,0,0,1,0,0,0
0,0,18.641,0,0,54.15,0,0,27.208,0,0,18.641,0,0,0,8.5673,44.077,10.074,8.5673,0,10.074,0,8.5673,0,10.074,0,10.074,44.077,0,0,18.641,0,8.5673,0.78947,0,0.052632,0.10526,0.052632,0,0,1,0,0,0,0,1,0,0,0
0,6.1269,5.3061,1.3776,12.569,29.915,5.8504,17.26,7.0659,3.0553,11.474,15.009,9.5236,15.918,2.3042,4.2412,10.982,14.52,2.43,3.9819,11.12,9.9705,6.6837,13.331,14.598,6.9028,5.6934,3.0267,2.1001,3.5309,24.547,17.076,2.511,0,0,0.011628,0.011628,0.97674,0,0,1,0,0,0,0,1,0,0,0
0,1.1655,24.799,0,8.7354,31.807,0,0,16.184,4.9072,12.401,0,10.112,2.331,28.661,0,31.687,0,5.0724,13.488,4.9072,3.7417,0,10.946,4.9072,10.112,0,29.476,1.1655,8.814,30.038,4.5417,0,0.025641,0,0,0.15385,0.82051,0,0,1,0,0,0,0,1,0,0,0
0,6.6258,3.37,2.3226,8.7243,29.241,11.017,3.9123,6.9435,10.371,17.473,16.922,5.639,15.071,3.6315,7.2885,10.157,12.072,4.2143,10.07,3.8188,11.116,17.005,14.143,3.893,5.8674,9.1309,5.3661,5.2194,8.4214,16.27,11.066,3.6179,0.28,0,0.04,0.12,0.56,0,0,1,0,0,0,0,1,0,0,1
0,0,0,0,7.5976,62.012,0,0,0,0,30.391,0,0,7.5976,22.793,0,62.012,0,7.5976,0,0,0,0,0,0,0,0,54.414,7.5976,15.195,15.195,7.5976,0,0,0,0,0,1,0,0,1,0,0,0,0,1,0,0,0
0,1.7623,9.6201,0,6.0715,35.292,0,0,9.123,4.2257,33.906,0,3.1351,9.596,29.801,0,35.789,0,6.0715,8.9189,4.2257,2.4634,0,4.0215,4.2257,3.1351,0,25.696,7.8337,14.606,26.865,13.617,0,0.76596,0,0.14894,0.042553,0.042553,0,0,1,0,0,0,0,1,0,0,0
0,2.9917,31.991,0,3.7913,36.998,0,0,9.9209,2.2083,12.099,0,6.1495,4.1857,22.429,0,38.561,0,8.3058,6.1495,7.8915,6.3284,7.1119,8.2806,9.3202,6.1495,0,26.001,2.7571,10.279,19.104,6.8772,4.1201,0.62745,0.019608,0.078431,0.17647,0.098039,0,0,1,0,0,0,0,1,0,0,0
0,2.6715,21.283,0,9.0298,28.765,0,0,13.383,2.6715,22.196,0,4.3926,9.9803,33.9,0,27.069,0,6.8499,7.0641,8.5316,2.2127,2.2127,10.253,4.8843,4.3926,0,10.711,10.956,15.134,23.403,15.84,2.2127,0,0.011765,0,0.035294,0.95294,0,0,1,0,0,0,0,1,0,0,0
0,2.1438,23.941,0,0,44.893,0,0,8.4223,11.372,9.2284,0,0,4.2875,17.509,5.0936,35.512,0,4.9514,2.1438,21.417,9.0862,4.9514,4.9514,11.23,0,0,15.944,11.809,19.273,17.651,9.2389,4.9514,0,0,0,0.014286,0.98571,0,0,1,0,0,0,0,1,0,0,0
0,8.4414,0,0,8.4414,50.884,9.5167,4.2207,0,4.7583,13.737,8.9791,4.7583,4.7583,0,8.9791,41.367,4.7583,4.2207,4.7583,4.2207,13.2,14.275,8.9791,4.2207,4.2207,8.4414,21.221,21.221,4.7583,4.2207,8.4414,0,0,0,0,0,1,0,0,1,0,0,0,0,1,0,0,0
0,0,0,0,0,84.166,0,0,0,0,15.834,0,0,0,0,0,84.166,0,15.834,0,0,0,0,0,0,0,0,84.166,0,15.834,0,0,0,0,0,0,0,1,0,0,1,0,0,0,0,1,0,0,0
0,0,12.659,0,0,87.341,0,0,0,0,0,0,0,0,0,12.659,74.682,0,12.659,0,0,0,0,12.659,0,0,21.605,56.789,8.946,0,0,0,0,0,0,0,0,1,0,0,1,0,0,0,0,1,0,0,0
0,0,0,0,0,100,0,0,0,0,0,0,0,0,0,11.664,88.336,0,0,0,0,0,0,0,0,0,0,100,0,0,0,0,0,0,0,0,0,1,0,0,1,0,0,0,0,1,0,0,0
0,0,0,0,0,100,0,0,0,0,0,0,0,0,0,0,100,0,0,0,0,0,0,0,0,0,0,100,0,0,0,0,0,0,0,0,0,1,0,0,1,0,0,0,0,1,0,0,0
0,0,8.3466,0,0,74.96,0,0,8.3466,0,8.3466,0,0,0,8.3466,0,83.307,0,0,0,8.3466,0,0,8.3466,0,0,0,66.614,8.3466,8.3466,0,8.3466,0,0,0,0,0,1,0,0,1,0,0,0,0,1,0,0,0
0,0,0,0,0,100,0,0,0,0,0,0,0,0,0,0,100,0,0,0,0,0,0,0,0,0,0,100,0,0,0,0,0,0,0,0,0.014706,0.98529,0,0,1,0,0,0,0,1,0,0,0
0,0,0,0,0,54.876,0,0,0,22.562,22.562,0,0,0,0,22.562,32.314,0,0,0,45.124,0,0,0,0,0,0,32.314,0,45.124,22.562,0,0,0,0,0,0.011628,0.98837,0,0,1,0,0,0,0,1,0,0,0
0,0,19.823,0,0,43.977,0,0,4.2702,27.66,4.2702,0,0,0,8.1584,27.66,48.247,0,3.8882,0,8.1584,3.8882,3.8882,8.1584,3.8882,0,0,31.93,4.2702,8.1584,27.66,8.1584,3.8882,0.36585,0,0.04878,0.26829,0.31707,0,0,1,0,0,0,0,1,0,0,0
0,0,0,0,0,82.545,0,0,0,17.455,0,0,0,0,0,17.455,82.545,0,0,0,0,0,0,0,0,0,0,82.545,0,0,17.455,0,0,0,0,0,0,1,0,0,1,0,0,0,0,1,0,0,0
0,0,0,0,0,100,0,0,0,0,0,0,0,0,0,0,100,0,0,0,0,0,0,0,0,0,0,100,0,0,0,0,0,0,0,0,0,1,0,0,1,0,0,0,0,1,0,0,0
0,6.798,2.162,0.48222,11.096,22.802,0.56022,2.1629,9.6611,16.254,28.021,22.202,1.1204,21.045,3.4116,2.2283,3.0484,12.357,0.48222,19.092,7.6937,7.3196,1.0424,9.5422,1.6027,5.3655,5.5342,3.5559,2.2283,17.709,25.397,15.599,12.424,0.91379,0.017241,0.034483,0.034483,0,0,0,1,0,0,0,0,1,0,0,0
0,9.6998,6.6075,1.6009,9.1733,29.136,4.8165,6.0392,10.576,6.3609,15.99,21.033,5.3351,14.978,2.2262,5.5418,8.036,10.884,3.9342,8.7148,14.149,5.1671,4.0331,27.038,3.5626,11.454,10.888,0,1.5494,7.1139,19.084,12.582,2.6948,0.30435,0.043478,0.014493,0.10145,0.53623,0,0,1,0,0,0,0,1,0,0,1
0,7.145,16.548,1.8983,4.9059,27.133,6.5282,4.2319,15.876,9.3131,6.4196,20.836,1.7558,8.0672,6.3879,10.376,14.449,7.4877,7.0152,3.485,6.9457,13.195,7.5964,17.268,7.1274,13.347,10.594,0,0,1.5868,23.625,15.115,3.7409,0,0,0.021739,0.30435,0.67391,0,0,1,0,0,0,0,1,0,0,1
0,6.0377,11.244,1.4593,10.535,23.363,10.23,9.7133,10.155,7.5372,9.7258,17.827,7.0372,9.9869,3.151,8.5459,10.708,11.265,5.3579,4.479,9.2052,12.437,9.2592,18.606,9.2634,12.622,5.5736,0.9365,1.4541,3.0197,24.031,13.161,2.0742,0.038462,0.019231,0.038462,0.48077,0.42308,0,0,1,0,0,0,0,1,0,0,1
7.8191,0,0,0,0,92.181,0,0,0,0,0,0,0,0,0,7.8191,92.181,0,0,0,0,0,0,0,0,0,7.8191,92.181,0,0,0,0,0,0,0,0,0,1,0,0,1,0,0,0,0,1,0,0,0
0,0,7.6823,0,0,84.635,0,0,0,0,7.6823,0,0,0,0,0,92.318,0,0,7.6823,0,0,0,7.6823,0,0,0,84.635,0,0,0,7.6823,0,0,0,0,0,1,0,0,1,0,0,0,0,1,0,0,0
0,0,0,0,0,100,0,0,0,0,0,0,0,0,0,0,100,0,0,0,0,0,0,0,0,0,0,100,0,0,0,0,0,0,0,0,0,1,0,0,1,0,0,0,0,1,0,0,0
0,0,0,0,0,100,0,0,0,0,0,0,0,0,0,0,100,0,0,0,0,0,0,0,0,0,0,100,0,0,0,0,0,0,0,0,0,1,0,0,1,0,0,0,0,1,0,0,0
0,0,7.5991,0,0,80.932,0,0,3.8698,0,7.5991,0,3.8698,0,3.8698,0,84.661,0,0,7.5991,0,0,0,3.7294,0,3.8698,0,80.932,0,0,7.7395,3.7294,0,0,0,0,0,1,0,0,1,0,0,0,0,1,0,0,0
0,4.0393,4.0393,0,0,91.921,0,0,0,0,0,0,0,4.0393,0,0,91.921,0,4.0393,0,0,0,4.0393,0,4.0393,0,0,91.921,0,0,0,0,0,0,0,0,0,1,0,0,1,0,0,0,0,1,0,0,0
7.5566,0,0,7.5566,0,84.887,0,0,0,0,0,0,0,7.5566,0,7.5566,84.887,0,0,0,0,0,0,0,0,0,7.5566,84.887,0,0,0,0,7.5566,0,0,0,0,1,0,0,1,0,0,0,0,1,0,0,0
10.296,0,0,18.756,0,70.948,0,0,0,0,0,0,0,6.4215,12.335,10.296,70.948,0,0,0,0,0,0,0,0,0,10.296,70.948,0,0,0,0,18.756,0,0,0,0,1,0,0,1,0,0,0,0,1,0,0,0
0,0,0,6.8911,0,93.109,0,0,0,0,0,0,0,6.8911,0,0,93.109,0,0,0,0,0,0,0,0,0,0,93.109,0,0,0,0,6.8911,0,0,0,0,1,0,0,1,0,0,0,0,1,0,0,0
0,0,0,5.1329,0,94.867,0,0,0,0,0,0,0,5.1329,0,0,94.867,0,0,0,0,0,0,0,0,0,0,94.867,0,0,0,0,5.1329,0,0,0,0,1,0,0,1,0,0,0,0,1,0,0,0
5.3434,0,0,11.275,0,83.382,0,0,0,0,0,0,0,5.3434,5.9314,5.3434,83.382,0,0,0,0,0,0,0,0,0,5.3434,83.382,0,0,0,0,11.275,0,0,0,0,1,0,0,1,0,0,0,0,1,0,0,0
0,0,0,4.2211,0,95.779,0,0,0,0,0,0,0,4.2211,0,0,95.779,0,0,0,0,0,0,0,0,0,0,95.779,0,0,0,0,4.2211,0,0,0,0,1,0,0,1,0,0,0,0,1,0,0,0
0,0,0,0,0,100,0,0,0,0,0,0,0,0,0,0,100,0,0,0,0,0,0,0,0,0,0,100,0,0,0,0,0,0,0,0,0,1,0,0,1,0,0,0,0,1,0,0,0
0,0,0,0,0,100,0,0,0,0,0,0,0,0,0,0,100,0,0,0,0,0,0,0,0,0,0,100,0,0,0,0,0,0,0,0,0,1,0,0,1,0,0,0,0,1,0,0,0
8.3088,0,0,0,0,91.691,0,0,0,0,0,0,0,0,0,8.3088,91.691,0,0,0,0,0,0,0,0,0,8.3088,91.691,0,0,0,0,0,0,0,0,0,1,0,0,1,0,0,0,0,1,0,0,0
11.384,0,0,18.497,0,70.119,0,0,0,0,0,0,0,11.384,7.1136,11.384,70.119,0,0,0,0,0,0,0,0,0,11.384,70.119,0,0,0,0,18.497,0,0,0,0,1,0,0,1,0,0,0,0,1,0,0,0
0,0,0,0,0,100,0,0,0,0,0,0,0,0,0,0,100,0,0,0,0,0,0,0,0,0,0,100,0,0,0,0,0,0,0,0,0,1,0,0,1,0,0,0,0,1,0,0,0
0,0,0,15.624,0,84.376,0,0,0,0,0,0,0,0,15.624,0,84.376,0,0,0,0,0,0,0,0,0,0,84.376,0,0,0,0,15.624,0,0,0,0,1,0,0,1,0,0,0,0,1,0,0,0
0,0,0,12.028,0,87.972,0,0,0,0,0,0,0,5.7789,6.249,0,87.972,0,0,0,0,0,0,0,0,0,0,87.972,0,0,0,0,12.028,0,0,0,0,1,0,0,1,0,0,0,0,1,0,0,0
0,0,0,7.09,0,92.91,0,0,0,0,0,0,0,0,7.09,0,92.91,0,0,0,0,0,0,0,0,0,0,92.91,0,0,0,0,7.09,0,0,0,0,1,0,0,1,0,0,0,0,1,0,0,0
0,0,0,8.4294,0,91.571,0,0,0,0,0,0,0,0,8.4294,0,80.544,11.027,0,0,0,0,0,0,0,0,0,91.571,0,0,0,0,8.4294,0,0,0,0,1,0,0,1,0,0,0,0,1,0,0,0
0,0,0,0,0,100,0,0,0,0,0,0,0,0,0,0,100,0,0,0,0,0,0,0,0,0,0,94.622,5.3779,0,0,0,0,0,0,0,0,1,0,0,1,0,0,0,0,1,0,0,0
0,0,0,0,0,100,0,0,0,0,0,0,0,0,0,0,100,0,0,0,0,0,0,0,0,0,0,100,0,0,0,0,0,0,0,0,0,1,0,0,1,0,0,0,0,1,0,0,0
0,0,0,0,0,100,0,0,0,0,0,0,0,0,0,0,100,0,0,0,0,0,0,0,0,0,0,100,0,0,0,0,0,0,0,0,0,1,0,0,1,0,0,0,0,1,0,0,0
0,0,0,0,0,100,0,0,0,0,0,0,0,0,0,0,100,0,0,0,0,0,0,0,0,0,0,100,0,0,0,0,0,0,0,0,0,1,0,0,1,0,0,0,0,1,0,0,0
0,0,0,0,0,100,0,0,0,0,0,0,0,0,0,0,100,0,0,0,0,0,0,0,0,0,0,100,0,0,0,0,0,0,0,0,0,1,0,0,1,0,0,0,0,1,0,0,0
0,0,0,0,0,100,0,0,0,0,0,0,0,0,0,0,100,0,0,0,0,0,0,0,0,0,0,100,0,0,0,0,0,0,0,0,0,1,0,0,1,0,0,0,0,1,0,0,0
0,0,0,0,0,100,0,0,0,0,0,0,0,0,0,0,100,0,0,0,0,0,0,0,0,0,0,100,0,0,0,0,0,0,0,0,0,1,0,0,1,0,0,0,0,1,0,0,0
0,0,0,0,0,100,0,0,0,0,0,0,0,0,0,0,100,0,0,0,0,0,0,0,0,0,0,100,0,0,0,0,0,0,0,0,0,1,0,0,1,0,0,0,0,1,0,0,0
0,0,0,0,0,100,0,0,0,0,0,0,0,0,0,0,100,0,0,0,0,0,0,0,0,0,0,100,0,0,0,0,0,0,0,0,0,1,0,0,1,0,0,0,0,1,0,0,0
0,0,0,0,0,100,0,0,0,0,0,0,0,0,0,0,100,0,0,0,0,0,0,0,0,0,0,100,0,0,0,0,0,0,0,0,0,1,0,0,1,0,0,0,0,1,0,0,0
0,9.2608,7.6932,0.67919,9.7161,23.627,2.2251,4.2409,19.76,13.939,8.8581,25.642,5.5551,10.076,5.0424,1.5568,7.9575,13.643,3.3409,6.3178,8.8134,12.056,1.3475,8.9221,2.0158,21.09,7.9575,0,2.6617,5.6386,24.114,18.233,8.0193,0,0,0.090909,0.045455,0.86364,0,0,1,0,0,0,0,1,0,0,0
0,0,15.762,0,8.0896,53.238,0,0,9.9088,0,13.001,0,9.9088,2.2364,22.471,0,53.238,0,2.2364,9.9088,0,0,0,5.8533,0,9.9088,0,51.002,2.2364,4.4727,24.29,2.2364,0,0,0,0,0.044444,0.95556,0,0,1,0,0,0,0,1,0,0,0
0,9.2446,13.111,2.2777,8.9638,26.892,7.5389,8.1377,7.7196,9.2535,6.8605,16.727,2.6322,7.2959,3.3759,11.432,19.626,10.788,8.3176,2.2777,7.6484,9.8799,5.7021,26.95,7.6527,16.107,8.688,0,0,0,24.501,8.5059,1.8936,0,0,0,0.3871,0.6129,0,0,1,0,0,0,0,1,0,0,1
0,7.2876,19.641,1.007,9.9454,26.31,10.137,5.8191,6.5569,6.0993,7.1961,15.896,4.9238,8.9517,2.0583,13.575,18.018,7.2974,15.958,1.4291,3.665,8.2286,5.7669,26.108,13.701,8.5042,7.3829,0.42214,0.42214,0.42214,20.41,15.448,1.4121,0.81818,0,0,0.090909,0.090909,0,0,1,0,0,0,0,1,0,0,1
0,3.3665,10.939,3.7928,14.166,27.098,16.229,9.2489,6.4986,5.9881,2.6724,8.2531,4.1703,9.8945,5.2037,15.584,22.641,7.3226,8.649,3.7928,4.04,10.449,11.896,26.326,12.416,9.9932,6.49,0,0,0,22.227,9.5155,1.1368,0,0,0,0,1,0,0,1,0,0,0,0,1,0,0,1
0,5.9949,14.889,0,5.4751,50.923,0,0,10.645,3.2249,8.8487,0,4.195,10.5,18.68,0,48.202,0,4.0501,11.148,3.2249,0,2.7701,7.9234,5.9949,4.195,0,43.193,4.505,2.5601,17.4,11.458,0,0,0,0,0.039216,0.96078,0,0,1,0,0,0,0,1,0,0,0
0,3.6121,14.439,0,0,63.745,0,0,10.908,3.6121,3.6838,0,3.6838,7.2241,13.597,0,56.521,0,2.6888,7.2959,6.3008,2.6888,2.6888,2.6888,6.3008,3.6838,0,51.143,3.6121,2.6888,14.592,9.9129,2.6888,0,0,0,0,1,0,0,1,0,0,0,0,1,0,0,0
0,6.9877,13.4,0,0,44.569,0,0,15.06,10.273,9.7112,0,0,11.524,17.074,3.723,40.708,0,2.4518,4.5359,17.97,2.0136,2.4518,3.9746,9.0013,0,0,27.799,8.5106,13.434,16.822,13.047,4.9598,0.77,0.07,0.1,0.05,0.01,0,0,1,0,0,0,0,1,0,0,0
0,0,29.527,0,0,39.291,0,0,8.2,0,22.982,15.591,8.2,0,0,8.9553,37.727,0,22.136,0,0,7.391,0,29.527,0,0,8.9553,30.336,22.982,0,8.2,0,0,0,0,0,0.021978,0.97802,0,0,1,0,0,0,0,1,0,0,1
0,0,32.36,0,0,18.951,0,0,29.738,0,18.951,18.951,29.738,0,0,0,29.738,0,21.574,0,0,0,0,32.36,0,0,0,18.951,18.951,0,29.738,0,0,0,0,0,0,1,0,0,1,0,0,0,0,1,0,0,1
0,0,10.841,8.0078,0,81.152,0,0,0,0,0,0,0,0,0,8.0078,83.984,0,0,0,0,8.0078,0,0,8.0078,0,0,73.144,8.0078,0,0,0,10.841,0,0,0,1,0,0,0,1,0,0,0,0,1,0,0,0
0,0,0,0,0,0,0,0,0,0,0,0,0,0,0,0,0,0,0,0,0,0,0,0,0,0,0,0,0,0,0,0,0,0.05,0,0,0.05,0.9,0,0,1,0,0,0,0,1,0,0,1
0,0,0,2.884,8.428,65.84,5.7679,2.884,11.312,2.884,0,8.428,2.884,2.884,5.7679,9.9436,58.781,0,0,2.884,0,8.428,8.428,5.544,2.884,5.7679,0,45.409,20.431,0,2.884,8.6519,0,0,0,0,1,0,0,0,1,0,0,0,0,1,0,0,0
0,0,10.847,1.595,12.678,34.593,8.7922,1.8776,26.639,2.9778,0,10.168,11.515,1.1592,5.1871,8.529,29.707,16.803,0,3.2914,5.169,8.4714,4.7441,14.355,4.9636,8.7922,7.71,15.081,10.642,0,13.103,20.608,0,0,0,0,0.81481,0.18519,0,0,1,0,0,0,0,1,0,0,0
0,0,20.435,2.2402,15.973,23.916,9.1666,2.2402,23.789,2.2402,0,4.0204,8.6279,4.8319,7.3864,24.522,23.026,20.435,0,3.1303,0.89009,3.1303,4.8319,15.827,7.7378,9.1666,6.702,14.623,0,0,14.271,26.841,0,0,0,0,0.75,0.25,0,0,1,0,0,0,0,1,0,0,0
0,5.3009,5.3009,0,0,89.398,0,0,0,0,0,0,0,5.3009,0,0,89.398,0,5.3009,0,0,0,5.3009,0,5.3009,0,0,89.398,0,0,0,0,0,0,0,0,0,1,0,0,1,0,0,0,0,1,0,0,0
0,0,0,0,0,100,0,0,0,0,0,0,0,0,0,0,100,0,0,0,0,0,0,0,0,0,0,100,0,0,0,0,0,0,0,0,0.01087,0.98913,0,0,1,0,0,0,0,1,0,0,0
0,0,14.04,0,0,85.96,0,0,0,0,0,0,0,0,0,0,100,0,0,0,0,0,0,0,0,0,0,85.96,0,0,0,0,14.04,0,0,0,1,0,0,0,1,0,0,0,0,1,0,0,0
0,0,0,0,0,78.125,0,0,21.875,0,0,0,9.1103,0,0,9.1103,59.905,21.875,0,0,0,0,0,0,0,0,0,69.015,9.1103,0,0,9.1103,12.764,0,0,0,1,0,0,0,1,0,0,0,0,1,0,0,0
0,0,0,0,0,91.524,0,0,8.4758,0,0,0,8.4758,0,0,8.4758,74.572,8.4758,0,0,0,0,0,0,0,0,0,75.674,15.85,0,0,8.4758,0,0,0,0,0,1,0,0,1,0,0,0,0,1,0,0,0
0,0,0,0,0,92.533,0,0,7.467,0,0,0,7.467,0,0,7.467,70.354,14.712,0,0,0,0,0,0,0,0,0,85.066,7.467,0,0,7.467,0,0,0,0,0,1,0,0,1,0,0,0,0,1,0,0,0
0,0,0,0,0,91.148,0,0,8.8517,0,0,0,8.8517,0,0,6.7297,77.355,7.0635,0,0,0,0,0,0,0,0,0,84.814,6.3339,0,0,8.8517,0,0,0,0,0,1,0,0,1,0,0,0,0,1,0,0,0
0,0,0,0,0,84.409,0,0,15.591,0,0,0,7.187,0,0,7.187,70.035,15.591,0,0,0,0,0,0,0,0,0,77.222,7.187,0,0,7.187,8.4037,0,0,0,0,1,0,0,1,0,0,0,0,1,0,0,0
0,0,0,0,0,100,0,0,0,0,0,0,0,0,0,0,100,0,0,0,0,0,0,0,0,0,0,92.654,7.3465,0,0,0,0,0,0,0,0,1,0,0,1,0,0,0,0,1,0,0,0
0,0,0,0,0,100,0,0,0,0,0,0,0,0,0,0,100,0,0,0,0,0,0,0,0,0,0,100,0,0,0,0,0,0,0,0,0,1,0,0,1,0,0,0,0,1,0,0,0
0,0,0,0,0,100,0,0,0,0,0,0,0,0,0,9.13,90.87,0,0,0,0,0,0,0,0,0,0,100,0,0,0,0,0,0,0,0,0,1,0,0,1,0,0,0,0,1,0,0,0
0,0,0,0,0,100,0,0,0,0,0,0,0,0,0,0,100,0,0,0,0,0,0,0,0,0,0,100,0,0,0,0,0,0,0,0,0,1,0,0,1,0,0,0,0,1,0,0,0
0,0,0,0,0,100,0,0,0,0,0,0,0,0,0,6.5532,93.447,0,0,0,0,0,0,0,0,0,0,93.889,6.1106,0,0,0,0,0,0,0,1,0,0,0,1,0,0,0,0,1,0,0,0
0,0,0,0,0,79.082,0,0,20.918,0,0,0,8.5173,0,0,0,79.082,12.4,0,0,0,0,0,0,0,0,0,79.082,0,0,0,8.5173,12.4,0,0,0,0.96203,0.037975,0,0,1,0,0,0,0,1,0,0,0
0,0,0,8.6118,0,91.388,0,0,0,0,0,0,0,0,0,8.6118,82.776,0,0,0,0,8.6118,0,0,8.6118,0,0,82.776,8.6118,0,0,0,0,0,0,0,0.9878,0.012195,0,0,1,0,0,0,0,1,0,0,0
0,0,0,0,0,100,0,0,0,0,0,0,0,0,0,0,100,0,0,0,0,0,0,0,0,0,0,90.282,9.7177,0,0,0,0,0,0,0,0.96078,0.039216,0,0,1,0,0,0,0,1,0,0,0
0,0,0,0,0,100,0,0,0,0,0,0,0,0,0,0,100,0,0,0,0,0,0,0,0,0,0,100,0,0,0,0,0,0,0,0,0,1,0,0,1,0,0,0,0,1,0,0,0
0,0,0,0,0,86.67,0,0,13.33,0,0,0,0,0,0,5.8093,80.861,13.33,0,0,0,0,0,0,0,0,0,86.67,0,0,0,0,13.33,0,0,0,0,1,0,0,1,0,0,0,0,1,0,0,0
0,0,0,0,0,88.896,0,0,11.104,0,0,0,0,0,0,4.7425,84.154,11.104,0,0,0,0,0,0,0,0,0,88.896,0,0,0,0,11.104,0,0,0,0,1,0,0,1,0,0,0,0,1,0,0,0
0,0,0,0,0,100,0,0,0,0,0,0,0,0,0,0,100,0,0,0,0,0,0,0,0,0,0,100,0,0,0,0,0,0,0,0,0.014493,0.98551,0,0,1,0,0,0,0,1,0,0,0
0,0,12.556,1.0751,23.916,19.299,5.0566,1.0751,27.898,9.124,0,1.0751,18.774,7.8183,13.106,9.124,19.299,28.654,0,1.0751,0,1.0751,7.8183,2.9064,10.725,5.0566,5.8128,6.7432,0,0,17.173,43.765,0,0,0,0,0.31373,0.68627,0,0,1,0,0,0,0,1,0,0,1
0,0,0,0,0,100,0,0,0,0,0,0,0,0,0,0,100,0,0,0,0,0,0,0,0,0,0,100,0,0,0,0,0,0,0,0,0,1,0,0,1,0,0,0,0,1,0,0,0
0,0,0,0,0,100,0,0,0,0,0,0,0,0,0,0,100,0,0,0,0,0,0,0,0,0,0,100,0,0,0,0,0,0,0,0,0,1,0,0,1,0,0,0,0,1,0,0,0
0,0,0,0,0,100,0,0,0,0,0,0,0,0,0,0,100,0,0,0,0,0,0,0,0,0,0,100,0,0,0,0,0,0,0,0,0,1,0,0,1,0,0,0,0,1,0,0,0
0,0,0,0,0,100,0,0,0,0,0,0,0,0,0,0,100,0,0,0,0,0,0,0,0,0,0,100,0,0,0,0,0,0,0,0,0,1,0,0,1,0,0,0,0,1,0,0,0
0,0,0,0,0,100,0,0,0,0,0,0,0,0,0,0,100,0,0,0,0,0,0,0,0,0,0,100,0,0,0,0,0,0,0,0,0,1,0,0,1,0,0,0,0,1,0,0,0
0,0,0,0,0,100,0,0,0,0,0,0,0,0,0,0,100,0,0,0,0,0,0,0,0,0,0,100,0,0,0,0,0,0,0,0,0,1,0,0,1,0,0,0,0,1,0,0,0
0,0,0,0,0,100,0,0,0,0,0,0,0,0,0,0,100,0,0,0,0,0,0,0,0,0,0,100,0,0,0,0,0,0,0,0,0,1,0,0,1,0,0,0,0,1,0,0,0
0,0,0,0,0,100,0,0,0,0,0,0,0,0,0,0,100,0,0,0,0,0,0,0,0,0,0,100,0,0,0,0,0,0,0,0,0,1,0,0,1,0,0,0,0,1,0,0,0
0,0,0,0,0,100,0,0,0,0,0,0,0,0,0,0,100,0,0,0,0,0,0,0,0,0,0,100,0,0,0,0,0,0,0,0,0,1,0,0,1,0,0,0,0,1,0,0,0
0,0,0,0,0,100,0,0,0,0,0,0,0,0,0,0,100,0,0,0,0,0,0,0,0,0,0,100,0,0,0,0,0,0,0,0,0,1,0,0,1,0,0,0,0,1,0,0,0
0,0,0,0,0,100,0,0,0,0,0,0,0,0,0,0,100,0,0,0,0,0,0,0,0,0,0,100,0,0,0,0,0,0,0,0,0,1,0,0,1,0,0,0,0,1,0,0,0
0,0,0,0,0,100,0,0,0,0,0,0,0,0,0,0,100,0,0,0,0,0,0,0,0,0,0,100,0,0,0,0,0,0,0,0,0,1,0,0,1,0,0,0,0,1,0,0,0
0,0,0,0,0,100,0,0,0,0,0,0,0,0,0,0,100,0,0,0,0,0,0,0,0,0,0,100,0,0,0,0,0,0,0,0,0,1,0,0,1,0,0,0,0,1,0,0,0
0,0,0,0,0,100,0,0,0,0,0,0,0,0,0,0,100,0,0,0,0,0,0,0,0,0,0,100,0,0,0,0,0,0,0,0,0,1,0,0,1,0,0,0,0,1,0,0,0
0,0,0,0,0,100,0,0,0,0,0,0,0,0,0,0,100,0,0,0,0,0,0,0,0,0,0,100,0,0,0,0,0,0,0,0,0,1,0,0,1,0,0,0,0,1,0,0,0
0,0,0,0,0,100,0,0,0,0,0,0,0,0,0,0,100,0,0,0,0,0,0,0,0,0,0,100,0,0,0,0,0,0,0,0,0,1,0,0,1,0,0,0,0,1,0,0,0
0,0,0,0,0,100,0,0,0,0,0,0,0,0,0,0,100,0,0,0,0,0,0,0,0,0,0,100,0,0,0,0,0,0,0,0,0,1,0,0,1,0,0,0,0,1,0,0,0
0,0,0,0,0,100,0,0,0,0,0,0,0,0,0,0,100,0,0,0,0,0,0,0,0,0,0,100,0,0,0,0,0,0,0,0,0,1,0,0,1,0,0,0,0,1,0,0,0
0,0,0,0,0,100,0,0,0,0,0,0,0,0,0,0,100,0,0,0,0,0,0,0,0,0,0,100,0,0,0,0,0,0,0,0,0,1,0,0,1,0,0,0,0,1,0,0,0
0,0,0,0,0,100,0,0,0,0,0,0,0,0,0,0,100,0,0,0,0,0,0,0,0,0,0,100,0,0,0,0,0,0,0,0,0,1,0,0,1,0,0,0,0,1,0,0,0
0,0,0,0,0,100,0,0,0,0,0,0,0,0,0,0,100,0,0,0,0,0,0,0,0,0,0,100,0,0,0,0,0,0,0,0,0,1,0,0,1,0,0,0,0,1,0,0,0
0,0,0,0,0,100,0,0,0,0,0,0,0,0,0,0,100,0,0,0,0,0,0,0,0,0,0,100,0,0,0,0,0,0,0,0,0,1,0,0,1,0,0,0,0,1,0,0,0
0,0,0,0,0,100,0,0,0,0,0,0,0,0,0,0,100,0,0,0,0,0,0,0,0,0,0,100,0,0,0,0,0,0,0,0,0,1,0,0,1,0,0,0,0,1,0,0,0
0,0,0,0,0,100,0,0,0,0,0,0,0,0,0,0,100,0,0,0,0,0,0,0,0,0,0,100,0,0,0,0,0,0,0,0,0,1,0,0,1,0,0,0,0,1,0,0,0
0,0,0,0,0,100,0,0,0,0,0,0,0,0,0,0,100,0,0,0,0,0,0,0,0,0,0,100,0,0,0,0,0,0,0,0,0,1,0,0,1,0,0,0,0,1,0,0,0
0,0,0,0,0,100,0,0,0,0,0,0,0,0,0,0,100,0,0,0,0,0,0,0,0,0,0,100,0,0,0,0,0,0,0,0,0,1,0,0,1,0,0,0,0,1,0,0,0
0,0,0,0,0,100,0,0,0,0,0,0,0,0,0,0,100,0,0,0,0,0,0,0,0,0,0,100,0,0,0,0,0,0,0,0,0,1,0,0,1,0,0,0,0,1,0,0,0
0,0,0,0,0,100,0,0,0,0,0,0,0,0,0,0,100,0,0,0,0,0,0,0,0,0,0,100,0,0,0,0,0,0,0,0,0,1,0,0,1,0,0,0,0,1,0,0,0
0,0,0,0,0,100,0,0,0,0,0,0,0,0,0,0,100,0,0,0,0,0,0,0,0,0,0,100,0,0,0,0,0,0,0,0,0,1,0,0,1,0,0,0,0,1,0,0,0
0,0,0,0,0,100,0,0,0,0,0,0,0,0,0,0,100,0,0,0,0,0,0,0,0,0,0,100,0,0,0,0,0,0,0,0,0,1,0,0,1,0,0,0,0,1,0,0,0
0,0,0,0,0,100,0,0,0,0,0,0,0,0,0,0,100,0,0,0,0,0,0,0,0,0,0,100,0,0,0,0,0,0,0,0,0,1,0,0,1,0,0,0,0,1,0,0,0
0,0,0,0,0,100,0,0,0,0,0,0,0,0,0,0,100,0,0,0,0,0,0,0,0,0,0,100,0,0,0,0,0,0,0,0,0,1,0,0,1,0,0,0,0,1,0,0,0
0,0,0,0,0,100,0,0,0,0,0,0,0,0,0,0,100,0,0,0,0,0,0,0,0,0,0,100,0,0,0,0,0,0,0,0,0,1,0,0,1,0,0,0,0,1,0,0,0
0,0,0,0,0,100,0,0,0,0,0,0,0,0,0,0,100,0,0,0,0,0,0,0,0,0,0,100,0,0,0,0,0,0,0,0,0,1,0,0,1,0,0,0,0,1,0,0,0
0,0,0,0,0,100,0,0,0,0,0,0,0,0,0,0,100,0,0,0,0,0,0,0,0,0,0,100,0,0,0,0,0,0,0,0,0,1,0,0,1,0,0,0,0,1,0,0,0
0,0,0,0,0,100,0,0,0,0,0,0,0,0,0,0,100,0,0,0,0,0,0,0,0,0,0,100,0,0,0,0,0,0,0,0,0,1,0,0,1,0,0,0,0,1,0,0,0
0,0,0,0,0,100,0,0,0,0,0,0,0,0,0,0,100,0,0,0,0,0,0,0,0,0,0,100,0,0,0,0,0,0,0,0,0,1,0,0,1,0,0,0,0,1,0,0,0
0,0,0,0,0,100,0,0,0,0,0,0,0,0,0,0,100,0,0,0,0,0,0,0,0,0,0,100,0,0,0,0,0,0,0,0,0,1,0,0,1,0,0,0,0,1,0,0,0
0,0,0,0,0,100,0,0,0,0,0,0,0,0,0,0,100,0,0,0,0,0,0,0,0,0,0,100,0,0,0,0,0,0,0,0,0,1,0,0,1,0,0,0,0,1,0,0,0
0,0,0,0,0,100,0,0,0,0,0,0,0,0,0,0,100,0,0,0,0,0,0,0,0,0,0,100,0,0,0,0,0,0,0,0,0,1,0,0,1,0,0,0,0,1,0,0,0
0,0,0,0,0,100,0,0,0,0,0,0,0,0,0,0,100,0,0,0,0,0,0,0,0,0,0,100,0,0,0,0,0,0,0,0,0,1,0,0,1,0,0,0,0,1,0,0,0
0,0,0,0,0,100,0,0,0,0,0,0,0,0,0,0,100,0,0,0,0,0,0,0,0,0,0,100,0,0,0,0,0,0,0,0,0,1,0,0,1,0,0,0,0,1,0,0,0
0,0,0,0,0,100,0,0,0,0,0,0,0,0,0,0,100,0,0,0,0,0,0,0,0,0,0,100,0,0,0,0,0,0,0,0,0,1,0,0,1,0,0,0,0,1,0,0,0
0,0,0,0,0,100,0,0,0,0,0,0,0,0,0,0,100,0,0,0,0,0,0,0,0,0,0,100,0,0,0,0,0,0,0,0,0,1,0,0,1,0,0,0,0,1,0,0,0
0,0,0,0,0,100,0,0,0,0,0,0,0,0,0,0,100,0,0,0,0,0,0,0,0,0,0,100,0,0,0,0,0,0,0,0,0,1,0,0,1,0,0,0,0,1,0,0,0
0,0,0,0,0,100,0,0,0,0,0,0,0,0,0,0,100,0,0,0,0,0,0,0,0,0,0,100,0,0,0,0,0,0,0,0,0,1,0,0,1,0,0,0,0,1,0,0,0
0,0,0,0,0,100,0,0,0,0,0,0,0,0,0,0,100,0,0,0,0,0,0,0,0,0,0,100,0,0,0,0,0,0,0,0,0,1,0,0,1,0,0,0,0,1,0,0,0
0,0,0,0,0,100,0,0,0,0,0,0,0,0,0,0,100,0,0,0,0,0,0,0,0,0,0,100,0,0,0,0,0,0,0,0,0,1,0,0,1,0,0,0,0,1,0,0,0
0,0,0,0,0,100,0,0,0,0,0,0,0,0,0,0,100,0,0,0,0,0,0,0,0,0,0,100,0,0,0,0,0,0,0,0,0,1,0,0,1,0,0,0,0,1,0,0,0
0,0,0,0,0,100,0,0,0,0,0,0,0,0,0,0,100,0,0,0,0,0,0,0,0,0,0,100,0,0,0,0,0,0,0,0,0.014706,0.98529,0,0,1,0,0,0,0,1,0,0,0
0,0,0,0,0,100,0,0,0,0,0,0,0,0,0,0,100,0,0,0,0,0,0,0,0,0,0,100,0,0,0,0,0,0,0,0,0,1,0,0,1,0,0,0,0,1,0,0,0
0,0,0,0,0,100,0,0,0,0,0,0,0,0,0,0,100,0,0,0,0,0,0,0,0,0,0,100,0,0,0,0,0,0,0,0,0,1,0,0,1,0,0,0,0,1,0,0,0
0,0,0,0,0,100,0,0,0,0,0,0,0,0,0,0,100,0,0,0,0,0,0,0,0,0,0,100,0,0,0,0,0,0,0,0,0,1,0,0,1,0,0,0,0,1,0,0,0
0,0,0,0,0,100,0,0,0,0,0,0,0,0,0,0,100,0,0,0,0,0,0,0,0,0,0,100,0,0,0,0,0,0,0,0,0,1,0,0,1,0,0,0,0,1,0,0,0
0,0,0,0,0,100,0,0,0,0,0,0,0,0,0,0,100,0,0,0,0,0,0,0,0,0,0,100,0,0,0,0,0,0,0,0,0,1,0,0,1,0,0,0,0,1,0,0,0
0,0,0,0,0,100,0,0,0,0,0,0,0,0,0,0,100,0,0,0,0,0,0,0,0,0,0,100,0,0,0,0,0,0,0,0,0.15094,0.84906,0,0,1,0,0,0,0,1,0,0,0
0,0,0,0,0,100,0,0,0,0,0,0,0,0,0,0,100,0,0,0,0,0,0,0,0,0,0,100,0,0,0,0,0,0,0,0,0,1,0,0,1,0,0,0,0,1,0,0,0
0,0,0,0,0,100,0,0,0,0,0,0,0,0,0,0,100,0,0,0,0,0,0,0,0,0,0,100,0,0,0,0,0,0,0,0,0,1,0,0,1,0,0,0,0,1,0,0,0
0,0,0,0,0,100,0,0,0,0,0,0,0,0,0,0,100,0,0,0,0,0,0,0,0,0,0,100,0,0,0,0,0,0,0,0,0,1,0,0,1,0,0,0,0,1,0,0,0
0,0,0,0,0,100,0,0,0,0,0,0,0,0,0,0,100,0,0,0,0,0,0,0,0,0,0,100,0,0,0,0,0,0,0,0,0,1,0,0,1,0,0,0,0,1,0,0,0
0,0,0,0,0,100,0,0,0,0,0,0,0,0,0,0,100,0,0,0,0,0,0,0,0,0,0,100,0,0,0,0,0,0,0,0,0,1,0,0,1,0,0,0,0,1,0,0,0
0,0,0,0,0,100,0,0,0,0,0,0,0,0,0,0,100,0,0,0,0,0,0,0,0,0,0,100,0,0,0,0,0,0,0,0,0,1,0,0,1,0,0,0,0,1,0,0,0
0,0,0,0,0,100,0,0,0,0,0,0,0,0,0,0,100,0,0,0,0,0,0,0,0,0,0,100,0,0,0,0,0,0,0,0,0,1,0,0,1,0,0,0,0,1,0,0,0
0,0,0,0,0,100,0,0,0,0,0,0,0,0,0,0,100,0,0,0,0,0,0,0,0,0,0,100,0,0,0,0,0,0,0,0,0,1,0,0,1,0,0,0,0,1,0,0,0
0,0,0,0,0,88.085,0,11.915,0,0,0,0,11.915,12.988,0,0,62.109,12.988,0,0,0,0,0,11.915,0,0,0,41.764,46.321,0,0,0,0,0,0,0,0,1,0,0,1,0,0,0,0,1,0,0,0
0,0,0,12.957,12.957,61.128,0,12.957,0,0,0,0,12.957,0,0,0,74.085,0,0,0,0,12.957,0,12.957,12.957,0,17.628,29,14.5,0,0,12.957,0,0,0,0,0,1,0,0,1,0,0,0,0,1,0,0,0
0,0,0,0,26.304,67.591,0,0,6.1053,0,0,0,0,23.158,6.1053,0,41.474,19.164,0,10.099,0,0,0,6.1053,0,0,0,35.368,32.222,20.199,6.1053,0,0,0,0,0,0,1,0,0,1,0,0,0,0,1,0,0,0
0,0,0,13.096,18.692,62.338,0,0,5.8738,0,0,13.096,0,16.168,5.6196,2.8215,38.675,10.548,0,5.6196,0,7.453,13.327,2.8215,7.453,0,2.8215,29.979,29.537,8.4411,5.6196,0,0,0,0,0,0,1,0,0,1,0,0,0,0,1,0,0,0
0,0,0,0,59.256,40.744,0,0,0,0,0,0,0,17.843,15.49,0,33.333,0,7.4102,25.923,0,0,0,0,0,0,0,40.744,0,35.686,23.57,0,0,0,0,0,0,1,0,0,1,0,0,0,0,1,0,0,0
0,0,0,0,56.387,43.613,0,0,0,0,0,0,0,8.855,14.198,10.28,23.053,0,20.56,23.053,0,0,0,0,0,0,0,43.613,0,19.135,37.252,0,0,0,0,0,0.14286,0.85714,0,0,1,0,0,0,0,1,0,0,0
0,0,0,0,49.469,44.082,0,0,6.4491,0,0,0,0,24.735,8.9921,0,41.539,0,0,24.735,0,0,6.4491,0,0,0,0,35.09,8.9921,24.735,24.735,0,0,0,0,0,0,1,0,0,1,0,0,0,0,1,0,0,0
0,0,15.1,0,30.447,40.463,5.2204,0,8.7707,0,0,0,0,8.3682,3.8312,10.16,45.402,13.71,0,8.3682,0,10.16,4.9395,13.991,0,0,10.441,26.471,13.71,16.736,3.8312,9.8791,0,0,0,0,0,1,0,0,1,0,0,0,0,1,0,0,0
0,0,0,0,43.166,56.834,0,0,0,0,0,0,0,9.8324,14.459,9.0423,42.376,0,14.459,9.8324,0,0,0,0,0,0,0,56.834,0,18.875,24.291,0,0,0,0,0,0,1,0,0,1,0,0,0,0,1,0,0,0
0,0,10.965,0,0,55.483,33.552,0,0,0,0,0,0,0,0,10.965,78.07,0,0,0,0,10.965,0,10.965,0,0,44.517,44.517,0,0,0,0,0,0,0,0,0,1,0,0,1,0,0,0,0,1,0,0,0
0,0,0,2.8577,18.364,27.762,11.458,36.7,2.8577,0,0,2.8577,36.714,0,2.8577,13.874,8.6008,2.8577,0,0,11.016,21.222,0,21.222,24.079,0,0,8.6008,19.161,2.8577,18.364,5.7155,0,0,0,0,0.25424,0.74576,0,0,1,0,0,0,0,1,0,0,0
0,0,0,0,24.58,44.065,31.355,0,0,0,0,0,18.645,0,0,18.645,25.42,0,0,0,24.58,12.71,0,12.71,18.645,0,0,25.42,18.645,0,24.58,0,0,0,0,0,0.06383,0.93617,0,0,1,0,0,0,0,1,0,0,0
0,0,0,7.9922,5.6716,62.947,10.06,11.177,2.1518,0,0,2.1518,7.9078,0,2.1518,22.212,31.504,2.1518,6.8738,0,22.896,2.1518,2.9202,11.946,7.1394,0,0,25.663,37.284,2.1518,5.6716,7.2238,0,0,0,0,0,1,0,0,1,0,0,0,0,1,0,0,0
0,0,0,0,33.333,66.667,0,0,0,0,0,0,0,11.242,11.879,10.213,43.546,0,23.121,0,0,0,0,0,0,0,0,66.667,0,21.454,11.879,0,0,0,0,0,0.13043,0.86957,0,0,1,0,0,0,0,1,0,0,0
0,0,6.0581,6.0581,21.217,54.55,6.0581,6.0581,0,0,0,0,0,33.333,6.0581,6.0581,21.217,6.0581,21.217,0,0,6.0581,0,0,6.0581,6.0581,0,48.492,0,27.275,0,12.116,0,0,0,0,0.2381,0.7619,0,0,1,0,0,0,0,1,0,0,0
0,0,0,0,26.385,54.528,19.087,0,0,0,0,0,0,38.175,0,7.2975,39.933,0,14.595,0,0,0,0,0,0,19.087,0,54.528,0,26.385,0,0,0,0,0,0,0,1,0,0,1,0,0,0,0,1,0,0,0
0,0,0,0,31.512,68.488,0,0,0,0,0,0,0,0,10.521,10.471,47.546,0,20.942,10.521,0,0,0,0,0,0,0,68.488,0,10.471,21.041,0,0,0,0,0,0,1,0,0,1,0,0,0,0,1,0,0,0
0,0,0,0,0,80.131,9.9347,9.9347,0,0,0,0,0,0,0,0,90.065,0,0,0,9.9347,0,0,0,9.9347,0,9.9347,70.196,9.9347,0,0,0,0,0,0,0,0,1,0,0,1,0,0,0,0,1,0,0,0
0,0,0,0,11.664,88.336,0,0,0,0,0,0,0,0,0,11.664,88.336,0,0,0,0,0,0,0,0,0,0,88.336,0,11.664,0,0,0,0,0,0,0,1,0,0,1,0,0,0,0,1,0,0,0
0,0,0,0,0,66.667,33.333,0,0,0,0,0,0,0,0,0,100,0,0,0,0,0,0,0,0,0,33.333,33.333,33.333,0,0,0,0,0,0,0,0,1,0,0,1,0,0,0,0,1,0,0,0
0,0,4.0602,8.3758,22.715,23.793,24.049,12.691,4.3156,0,0,4.3156,15.673,8.1204,8.3758,19.733,4.3156,8.3758,0,0,22.715,8.3758,0,4.3156,24.049,4.0602,0,8.3758,11.357,8.3758,22.715,16.752,0,0,0,0,0.0375,0.9625,0,0,1,0,0,0,0,1,0,0,0
0,0,0,11.298,3.6174,57.51,12.884,14.69,0,0,0,0,9.2666,4.5204,0,3.6174,65.191,0,5.6492,4.5204,3.6174,3.6174,5.6492,14.916,12.658,0,0,53.893,3.6174,0,3.6174,5.6492,0,0,0,0,0,1,0,0,1,0,0,0,0,1,0,0,0
7.762,4.2468,42.055,7.8467,9.3818,5.7819,12.094,3.881,1.5351,5.4161,0,9.2971,3.881,15.164,5.7819,4.2468,24.545,7.8467,0,11.728,17.51,0,13.629,42.866,3.881,12.094,3.881,1.5351,0,5.7819,11.728,1.5351,3.0702,0.39286,0,0.035714,0.035714,0.53571,0,0,1,0,0,0,0,1,0,0,1
0,0,0,0,0,72.781,13.609,0,13.609,0,0,0,0,0,0,0,86.391,0,13.609,0,0,0,0,0,0,0,13.609,72.781,0,0,0,0,13.609,0,0,0,0,1,0,0,1,0,0,0,0,1,0,0,0
14.981,0,0,0,0,65.383,7.6714,0,11.965,0,0,3.9885,0,0,0,7.6714,50.708,18.663,3.9885,0,3.9885,10.992,0,0,0,0,22.652,46.052,15.343,3.9885,0,7.9769,3.9885,0,0,0,0,1,0,0,1,0,0,0,0,1,0,0,0
9.7154,0,11.572,12.547,8.28,16.589,2.8694,4.8385,22.768,10.821,0,6.3394,4.8385,16.082,0,4.8385,20.452,11.656,8.2145,2.8694,21.333,3.376,7.708,16.41,2.9635,2.8694,11.59,0,0,11.75,18.529,19.393,8.7866,0.03125,0.03125,0.010417,0.03125,0.89583,0,0,1,0,0,0,0,1,0,0,0
18.716,0,12.97,9.0821,1.5693,24.938,2.1832,6.3053,21.687,2.5489,0,15.519,6.3053,12.608,0,5.3257,29.02,6.3357,7.5089,2.5489,10.062,4.7664,3.7564,19.276,12.97,0,11.686,10.761,0,8.852,9.444,21.073,2.1832,0.1875,0,0.0625,0.125,0.625,0,0,1,0,0,0,0,1,0,0,1
0,0,35.511,0,0,52.652,0,0,11.837,0,0,0,11.837,0,0,10.589,53.9,0,23.674,0,0,0,0,35.511,0,0,5.2213,42.209,5.2213,0,11.837,0,0,0,0,0,0,1,0,0,1,0,0,0,0,1,0,0,0
0,0,0,22.162,10.814,47.699,0,5.1385,14.187,0,0,17.023,5.1385,0,5.6752,8.5116,52.838,5.6752,0,0,0,5.1385,8.5116,19.325,5.1385,0,13.65,19.862,14.187,8.5116,5.6752,5.1385,0,0,0,0,0.017544,0.98246,0,0,1,0,0,0,0,1,0,0,0
0,0,0,0,0,100,0,0,0,0,0,0,0,0,0,0,100,0,0,0,0,0,0,0,0,0,0,100,0,0,0,0,0,0.068966,0,0.034483,0.13793,0.75862,0,0,1,0,0,0,0,1,0,0,0
0,0,0,0,0,100,0,0,0,0,0,0,0,0,0,0,100,0,0,0,0,0,0,0,0,0,0,100,0,0,0,0,0,0,0,0,0,1,0,0,1,0,0,0,0,1,0,0,1
0,0,0,0,0,100,0,0,0,0,0,0,0,0,0,0,100,0,0,0,0,0,0,0,0,0,0,100,0,0,0,0,0,0,0,0,0.086957,0.91304,0,0,1,0,0,0,0,1,0,0,1
0,0,0,0,0,100,0,0,0,0,0,0,0,0,0,0,100,0,0,0,0,0,0,0,0,0,0,100,0,0,0,0,0,0,0,0,0.028986,0.97101,0,0,1,0,0,0,0,1,0,0,0
0,0,4.9446,0,4.9446,61.406,7.8663,7.8663,7.6113,5.3609,0,0,2.5054,0,0,12.844,64.006,10.305,0,0,5.3609,4.9778,7.6113,15.35,0,0,7.8663,46.056,12.811,0,5.3609,4.9446,0,0,0,0,0.014493,0.98551,0,0,1,0,0,0,0,1,0,0,0
0,9.4365,17.992,3.9111,6.3979,36.929,9.2129,7.2574,0,8.8634,0,17.79,0,3.5615,0,18.649,33.561,9.7442,0,0,14.738,1.9555,0,26.653,24.39,0,10.296,9.7442,14.187,0,8.8634,3.9111,1.9555,0,0,0,0.12,0.88,0,0,1,0,0,0,0,1,0,0,1
0,1.1733,3.2103,27.782,4.8463,26.058,14.661,19.038,0,3.2314,0,9.6925,5.0437,0,0,16.44,42.171,4.4046,0,0,11.495,10.754,0,22.657,18.153,0,9.3516,12.571,7.6242,0,3.2314,22.738,3.673,0,0,0,0,1,0,0,1,0,0,0,0,1,0,0,0
0,16.574,13.992,3.435,1.7175,29.251,12.94,5.2657,0,16.825,0,25.966,1.0542,8.3745,0,19.781,25.321,2.494,0,0,14.238,2.7717,0,17.297,26.496,0,15.292,9.4325,3.5482,0,16.825,3.435,7.6742,0,0,0,0,1,0,0,1,0,0,0,0,1,0,0,0
0,0,0,0,0,100,0,0,0,0,0,0,0,0,0,0,100,0,0,0,0,0,0,0,0,0,0,100,0,0,0,0,0,0,0,0,0.070175,0.92982,0,0,1,0,0,0,0,1,0,0,0
0,0,0,0,0,100,0,0,0,0,0,0,0,0,0,0,100,0,0,0,0,0,0,0,0,0,0,100,0,0,0,0,0,0,0,0,0,1,0,0,1,0,0,0,0,1,0,0,0
0,0,0,0,0,100,0,0,0,0,0,0,0,0,0,0,100,0,0,0,0,0,0,0,0,0,0,100,0,0,0,0,0,0,0,0,0,1,0,0,1,0,0,0,0,1,0,0,0
0,0,0,0,0,100,0,0,0,0,0,0,0,0,0,0,100,0,0,0,0,0,0,0,0,0,0,100,0,0,0,0,0,0,0,0,0.051282,0.94872,0,0,1,0,0,0,0,1,0,0,0
0,0,0,0,0,100,0,0,0,0,0,0,0,0,0,0,100,0,0,0,0,0,0,0,0,0,0,100,0,0,0,0,0,0,0,0,0.12698,0.87302,0,0,1,0,0,0,0,1,0,0,0
0,0,0,0,0,100,0,0,0,0,0,0,0,0,0,0,100,0,0,0,0,0,0,0,0,0,0,100,0,0,0,0,0,0,0,0,0.125,0.875,0,0,1,0,0,0,0,1,0,0,0
0,0,0,18.896,0,51.486,17.835,11.783,0,0,0,0,7.329,0,0,5.7508,69.602,0,0,0,4.4536,12.864,0,13.08,14.442,0,17.835,31.781,13.955,0,0,8.9072,0,0,0,0,0,1,0,0,1,0,0,0,0,1,0,0,0
0,0,0,11.271,0,70.809,5.2035,12.717,0,0,0,0,3.7569,0,0,0,83.526,0,0,0,8.9604,3.7569,0,3.7569,12.717,0,5.2035,60.05,10.759,0,0,7.5137,0,0,0,0,0,1,0,0,1,0,0,0,0,1,0,0,0
0,0,0,0,0,53.607,41.23,5.1628,0,0,0,0,0,0,0,0,94.837,0,0,0,5.1628,0,0,0,5.1628,0,41.23,38.915,14.692,0,0,0,0,0,0,0,0,1,0,0,1,0,0,0,0,1,0,0,0
0,0,0,5.4825,0,85.023,9.4946,0,0,0,0,0,0,0,0,0,94.517,0,0,0,0,5.4825,0,0,5.4825,0,9.4946,56.632,28.391,0,0,0,0,0,0,0,0,1,0,0,1,0,0,0,0,1,0,0,0
0,0,0,0,0,100,0,0,0,0,0,0,0,0,0,0,100,0,0,0,0,0,0,0,0,0,0,100,0,0,0,0,0,0,0,0,0,1,0,0,1,0,0,0,0,1,0,0,0
0,0,0,0,0,100,0,0,0,0,0,0,0,0,0,0,100,0,0,0,0,0,0,0,0,0,0,100,0,0,0,0,0,0,0,0,0,1,0,0,1,0,0,0,0,1,0,0,0
7.102,0,0,0,0,79.213,6.8426,0,6.8426,0,0,0,0,0,0,5.7574,61.681,18.617,6.8426,0,0,7.102,0,0,0,5.7574,13.945,44.964,28.491,0,0,0,6.8426,0,0,0,0,1,0,0,1,0,0,0,0,1,0,0,0
0,0,0,0,0,94.96,5.0403,0,0,0,0,0,0,0,0,12.227,61.687,26.086,0,0,0,0,0,0,0,10.523,5.0403,48.728,35.709,0,0,0,0,0,0,0,0,1,0,0,1,0,0,0,0,1,0,0,0
12.308,0,0,0,0,46.081,15.769,0,25.842,0,0,6.1541,0,0,0,8.3895,45.071,14.544,13.533,0,6.1541,6.1541,0,0,0,0,28.077,23.148,16.779,6.1541,0,12.308,13.533,0.034091,0.011364,0.022727,0.034091,0.89773,0,0,1,0,0,0,0,1,0,0,0
0,0,0,0,0,100,0,0,0,0,0,0,0,0,0,8.9314,63.318,27.751,0,0,0,0,0,0,0,13.875,0,68.262,17.863,0,0,0,0,0,0,0,0,1,0,0,1,0,0,0,0,1,0,0,0
0,0,9.9083,0,0,80.183,0,0,9.9083,0,0,0,0,0,9.9083,0,80.183,0,0,0,9.9083,0,0,9.9083,0,0,0,80.183,0,0,0,9.9083,0,0,0,0,0,1,0,0,1,0,0,0,0,1,0,0,0
0,0,24.942,0,0,52.117,0,0,22.942,0,0,4.9026,12.708,0,5.3314,4.9026,47.214,0,9.8052,0,10.234,4.9026,0,32.747,0,0,0,47.214,4.9026,0,4.9026,10.234,0,0.011364,0,0.022727,0.022727,0.94318,0,0,1,0,0,0,0,1,0,0,0
0,0,21.965,0,0,53.629,0,0,11.981,7.1918,5.2336,14.781,9.5864,0,7.1918,9.5864,42.084,0,4.7893,7.1918,2.3946,2.3946,7.1918,14.773,0,0,0,36.85,16.778,5.2336,2.3946,9.5864,7.1918,0,0,0,0,1,0,0,1,0,0,0,0,1,0,0,0
0,0,0,0,0,100,0,0,0,0,0,0,0,0,0,0,100,0,0,0,0,0,0,0,0,0,0,100,0,0,0,0,0,0,0,0,0.032258,0.96774,0,0,1,0,0,0,0,1,0,0,0
0,0,0,0,0,100,0,0,0,0,0,0,0,0,0,0,100,0,0,0,0,0,0,0,0,0,0,100,0,0,0,0,0,0,0,0,0,1,0,0,1,0,0,0,0,1,0,0,0
0,0,0,0,0,88.119,0,0,0,0,11.881,0,0,0,0,0,100,0,0,0,0,0,0,0,0,0,0,88.119,0,11.881,0,0,0,0,0,0,0,1,0,0,1,0,0,0,0,1,0,0,0
19.802,0,3.9052,0,0,52.586,0,0,3.9052,0,19.802,0,19.802,0,3.9052,0,72.388,0,0,0,3.9052,0,0,3.9052,19.802,0,0,32.784,19.802,19.802,0,3.9052,0,0,0,0,0,1,0,0,1,0,0,0,0,1,0,0,0
0,0,0,31.328,6.0068,38.424,0,11.581,3.0849,0,9.5755,21.752,11.581,0,0,3.0849,47.999,0,0,0,0,15.582,9.0917,14.666,6.0068,0,3.0849,20.673,24.242,12.66,0,9.5755,0,0,0,0,0,1,0,0,1,0,0,0,0,1,0,0,1
0,0,12.803,21.515,26.665,27.051,0,3.3073,4.8875,0,3.7704,14.438,3.3073,0,5.4968,4.9992,36.324,9.8867,0,2.8042,2.8042,19.94,12.862,8.1948,13.975,0,3.3073,18.857,13.657,6.5746,2.6926,17.076,2.8042,0.14286,0,0,0.089286,0.76786,0,0,1,0,0,0,0,1,0,0,1
0,0,18.286,5.101,26.825,44.754,0,0,5.0339,0,0,5.101,11.708,0,14.013,7.3387,39.951,13.118,0,4.4222,1.8644,2.4834,5.0339,5.0339,0,0,2.5505,25.461,7.5173,18.681,6.727,26.691,2.3048,0,0,0,0.017857,0.98214,0,0,1,0,0,0,0,1,0,0,1
0,0,17.426,5.3049,26.447,41.324,2.3074,0,7.1907,0,0,5.3049,4.3096,0,7.6091,8.2594,45.862,12.829,0,7.6091,5.9095,2.3074,7.1907,4.9599,0,0,7.2673,29.402,5.952,14.571,4.3096,23.048,3.2995,0,0,0,0.013699,0.9863,0,0,1,0,0,0,0,1,0,0,1
0,0,36.667,0,21.975,38.468,0,0,2.8892,0,0,0,5.0006,0,11.506,9.3947,36.357,21.222,0,3.9389,9.6915,2.8892,2.8892,2.8892,0,0,0,30.578,9.7172,8.9395,2.5666,35.914,6.5055,0,0,0,0,1,0,0,1,0,0,0,0,1,0,0,1
0,0,4.4793,18.33,16.09,13.091,14.154,25.894,3.9809,3.9809,0,5.4409,22.78,10.019,7.0001,6.906,21.397,1.5592,6.3948,0,8.3807,10.122,10.376,18.432,13.155,1.5592,0,6.1854,5.3469,3.0192,16.09,21.855,3.9809,0,0,0,0,1,0,0,1,0,0,0,0,1,0,0,1
0,0,5.2286,22.906,25.341,7.07,9.2787,20.535,7.07,0,2.5708,4.2184,13.702,17.37,17.397,12.536,11.974,7.07,8.0802,0,0,7.653,2.6143,7.653,9.2571,6.0705,0,1.6041,0,18.326,27.307,27.168,0,0,0,0,0,1,0,0,1,0,0,0,0,1,0,0,0
0,0,12.122,20.341,14.42,9.1673,1.1607,3.4301,15.537,15.131,8.6915,4.3542,0,4.5908,38.435,23.544,8.7084,11.226,7.9805,0,0,1.1607,9.8262,0,1.1607,1.1607,0,1.1607,0,17.833,33.176,32.463,3.2195,0,0,0,0,1,0,0,1,0,0,0,0,1,0,0,1
0,0,10.099,25.691,24.371,5.5876,2.7938,6.7425,3.3564,10.253,11.106,5.4227,0,9.5363,41.535,6.1502,26.345,6.2421,1.9744,0,0,2.7938,5.3307,0,2.7938,2.7938,0,2.7938,0,15.874,38.925,28.04,3.4483,0,0,0,0,1,0,0,1,0,0,0,0,1,0,0,1
0,0,0,0,0,100,0,0,0,0,0,0,0,0,0,0,100,0,0,0,0,0,0,0,0,0,0,100,0,0,0,0,0,0,0,0,0,1,0,0,1,0,0,0,0,1,0,0,0
0,0,11.993,31.004,10.784,2.5642,12.155,24.148,2.5642,4.7876,0,10.955,9.5904,11.993,10.955,2.5642,33.397,4.958,13.023,0,0,2.5642,13.023,16.616,5.1285,0,0,2.5642,0,8.5609,13.178,38.535,2.3938,0.011236,0,0,0.044944,0.94382,0,0,1,0,0,0,0,1,0,0,1
0,0,3.5179,32.788,33.85,2.9843,0,3.5179,2.9843,11.609,8.7485,7.5637,0,3.5179,36.793,5.9685,32.624,8.789,4.7432,0,0,0,1.7589,0,0,0,0,0,0,13.492,51.387,27.558,5.8047,0,0,0,0,1,0,0,1,0,0,0,0,1,0,0,1
0,0,4.4309,22.782,15.498,7.2383,3.8391,10.383,12.855,18.613,4.3617,12.283,1.0264,10.117,29.793,10.736,20.429,10.164,2.6393,0,0,2.8127,9.1889,1.0264,3.8391,1.7863,0,2.8127,0,9.8137,27.21,33.066,11.256,0.011628,0,0.011628,0.023256,0.95349,0,0,1,0,0,0,0,1,0,0,1
0,0,14.434,24.652,15.162,3.6657,0,9.5714,12.683,9.0175,10.815,5.8244,0,9.5714,41.934,14.272,17.32,3.6657,7.4127,0,0,0,12.765,0,0,0,0,0,0,18.227,29.642,37.289,2.0774,0,0,0,0,1,0,0,1,0,0,0,0,1,0,0,1
0,0,0,12.822,2.5406,27.731,13.069,22.188,12.822,8.8281,0,12.822,6.5345,8.8281,12.822,6.5345,34.018,3.9939,5.3717,0,2.5406,6.5345,8.8281,11.906,10.528,0,0,25.19,2.5406,3.9939,2.5406,25.644,8.8281,0,0,0,0.017241,0.98276,0,0,1,0,0,0,0,1,0,0,1
0,3.6418,31.148,11.146,17.734,13.872,4.4548,3.6418,2.0108,12.35,0,2.0108,3.0495,20.337,8.7021,9.7409,23.753,9.6245,3.0495,8.0966,11.635,0,10.107,23.485,3.6418,4.4548,0,2.0108,6.6913,13.28,14.794,12.344,9.1913,0.078947,0,0,0.078947,0.84211,0,0,1,0,0,0,0,1,0,0,1
4.1429,3.683,22.904,4.6259,13.02,17.26,3.683,3.7988,6.2359,20.647,0,6.924,4.9699,20.041,7.6352,7.7526,19.923,7.8971,2.8985,2.0715,19.887,0,8.1915,21.141,2.0715,3.683,3.7988,2.7811,1.1711,16.703,19.593,7.407,13.459,0.080645,0,0.032258,0.032258,0.85484,0,0,1,0,0,0,0,1,0,0,1
20.422,0,5.625,12.144,3.9648,14.622,0,5.7496,35.813,1.6602,0,13.853,5.7496,4.0894,0,8.0542,10.533,14.498,14.622,1.6602,16.407,10.533,4.0894,11.375,5.625,0,18.886,0,0,6.5682,13.679,33.21,6.5682,0.18919,0,0.027027,0.081081,0.7027,0,0,1,0,0,0,0,1,0,0,1
0,0,22.34,24.541,0,11.134,0,0,18.58,0,23.405,23.405,18.58,0,0,0,30.851,0,14.893,0,0,12.271,0,22.34,0,0,0,11.134,23.405,12.271,18.58,12.271,0,0.14286,0,0.14286,0,0.71429,0,0,1,0,0,0,0,1,0,0,1
0,0,52.382,0,0,20.627,0,0,7.3041,0,19.687,9.8434,7.3041,0,0,0,37.774,0,35.235,0,0,9.8434,0,52.382,0,0,0,20.627,19.687,0,7.3041,0,0,0,0,0,0,1,0,0,1,0,0,0,0,1,0,0,1
0,0,13.125,16.951,9.7723,20.54,0,9.7723,3.5891,0,26.251,20.304,9.7723,0,0,3.5891,43.437,0,0,0,0,22.898,3.5891,26.487,9.7723,0,13.361,3.5891,29.84,3.5891,0,9.7723,0,0,0,0,0.027273,0.97273,0,0,1,0,0,0,0,1,0,0,1
0,0,30.193,0,37.881,31.927,0,0,0,0,0,0,4.024,0,17.401,13.377,31.927,15.617,0,9.2463,8.4078,0,0,0,0,0,0,27.903,5.2223,13.27,12.179,28.049,13.377,0,0,0,0,1,0,0,1,0,0,0,0,1,0,0,1
0,0,3.143,2.4829,18.065,37.754,11.252,2.4829,22.338,2.4829,0,16.712,5.6259,2.4829,4.9658,2.4829,42.25,3.143,0,5.6259,3.143,13.569,10.426,14.229,2.4829,11.252,3.143,18.725,23.525,0,5.6259,10.592,0,0,0,0,1,0,0,0,1,0,0,0,0,1,0,0,0
1.7216,0,3.3366,8.1687,3.4749,32.399,15.345,9.2973,22.782,3.4749,0,11.87,12.634,3.4749,6.9498,6.4471,26.091,3.3366,0,6.8115,9.159,13.227,5.1965,8.3947,8.1687,13.623,3.3366,18.547,10.516,0,12.634,19.584,0,0,0,0,1,0,0,0,1,0,0,0,0,1,0,0,0
3.3341,0,9.8357,5.1522,9.4576,32.306,10.71,5.891,18.664,4.6505,0,9.9082,13.641,3.4208,10.208,6.2532,30.279,8.3352,0,3.4208,2.4702,12.064,13.114,10.227,7.2888,10.157,7.4786,12.292,11.357,0,8.3504,18.558,1.1785,0,0,0,0.94545,0.054545,0,0,1,0,0,0,0,1,0,0,1
0,0,0,0,19.973,50,0,5.0275,25,0,0,0,5.0275,0,0,0,69.973,0,0,0,25,0,0,0,0,0,0,44.973,25,0,5.0275,25,0,0,0,0,1,0,0,0,1,0,0,0,0,1,0,0,0
3.7731,0,3.4722,5.5091,24.223,49.851,3.7731,0,9.3992,0,0,5.5091,5.9271,0,0,3.4722,74.073,0,0,0,1.7361,9.2822,3.7731,5.5091,7.2452,0,1.7361,44.342,27.996,0,0,7.6631,1.7361,0,0,0,1,0,0,0,1,0,0,0,0,1,0,0,0
0,0,0,0,28.567,62.721,0,0,8.712,0,0,0,0,9.9275,18.64,0,52.793,8.712,0,9.9275,0,0,0,8.712,0,0,0,35.196,27.525,9.9275,18.64,0,0,0,0,0,0,1,0,0,1,0,0,0,0,1,0,0,0
1.0857,0,14.497,1.8617,18.965,23.402,7.188,1.8617,26.023,5.1167,0,5.3263,15.107,7.9486,6.9783,15.215,19.498,19.921,0,3.594,1.7323,4.6797,10.12,9.0565,7.9486,7.188,3.9037,13.411,0,0,14.61,33.762,0,0,0,0,0.74603,0.25397,0,0,1,0,0,0,0,1,0,0,1
0,8.7238,5.8232,5.1999,4.8656,39.381,17.853,5.2374,0,12.916,0,22.647,2.6375,6.4581,0,22.756,25.716,2.2656,0,0,8.7238,8.795,0,21.201,13.589,0,16.211,14.656,7.1688,0,12.916,5.1999,9.0581,0,0,0,0,1,0,0,1,0,0,0,0,1,0,0,0
0,22.369,34.265,0,2.1155,28.715,4.1783,0,0,8.3567,0,28.663,0,4.1783,0,22.369,20.306,2.1155,0,0,22.369,0,0,20.306,40.559,0,20.253,2.1155,4.231,0,8.3567,0,4.1783,0,0,0.055556,0.77778,0.16667,0,0,1,0,0,0,0,1,0,0,1
0,0,20.611,0,40.568,36.814,0,0,2.0078,0,0,0,11.144,0,19.385,10.249,34.279,12.523,0,8.507,1.9057,2.0078,2.0078,2.0078,0,0,0,23.662,5.9214,19.651,12.937,25.572,8.2411,0,0,0.030769,0.13846,0.83077,0,0,1,0,0,0,0,1,0,0,1
0,2.672,1.0575,38.439,1.0575,27.255,5.4087,19.119,0,4.9912,0,5.344,9.6942,1.6145,0,16.224,42.512,2.8197,0,0,12.096,9.6942,0,25.362,19.054,0,5.4087,6.8837,5.9092,0,4.9912,30.777,1.6145,0,0,0,0,1,0,0,1,0,0,0,0,1,0,0,0
0,15.088,16.198,0,3.8801,39.046,4.4898,0,0,21.298,0,23.458,0,16.808,0,8.3699,39.114,3.8801,0,0,8.3699,0,0,20.078,31.286,0,4.4898,10.598,7.7602,0,21.298,0,4.4898,0,0,0.425,0.225,0.35,0,0,1,0,0,0,0,1,0,0,1
0,0,0,0,50,50,0,0,0,0,0,0,0,0,0,0,100,0,0,0,0,0,0,0,0,0,0,50,50,0,0,0,0,0,0,0,1,0,0,0,1,0,0,0,0,1,0,0,0
0,0,0,0,67.273,24.545,0,0,8.1817,0,0,0,8.1817,0,0,0,91.818,0,0,0,0,0,0,0,0,0,0,24.545,67.273,0,0,8.1817,0,0,0,0,1,0,0,0,1,0,0,0,0,1,0,0,0
0,0,0,0,0,68.329,19.815,11.856,0,0,0,0,0,0,11.856,16.842,71.302,0,0,0,0,0,0,11.856,0,19.815,0,68.329,0,0,0,0,0,0,0,0,0.70455,0.29545,0,0,1,0,0,0,0,1,0,0,0
0,20.097,33.657,0,6.5371,39.708,0,0,0,0,0,26.634,0,0,0,20.097,26.634,6.5371,0,0,20.097,0,0,26.634,40.194,0,13.56,6.5371,13.074,0,0,0,0,0,0,0,0,1,0,0,1,0,0,0,0,1,0,0,0
0,0,0,0,0,66.667,0,33.333,0,0,0,0,0,0,33.333,33.333,33.333,0,0,0,0,0,0,33.333,0,0,0,66.667,0,0,0,0,0,0,0,0,0.90323,0.096774,0,0,1,0,0,0,0,1,0,0,0
0,0,0,0,0,64.718,16.231,19.051,0,0,0,0,0,0,19.051,24.78,50.719,5.4499,0,0,0,0,0,19.051,0,16.231,0,64.718,0,0,0,0,0,0,0,0,0,1,0,0,1,0,0,0,0,1,0,0,0
0,0,0,0,0,75.124,24.876,0,0,0,0,0,0,0,0,18.626,81.374,0,0,0,0,0,0,0,0,24.876,0,75.124,0,0,0,0,0,0,0,0,0,1,0,0,1,0,0,0,0,1,0,0,0
0,0,0,0,0,84.598,8.2076,0,7.1944,0,0,7.1944,0,0,0,0,92.806,0,0,0,0,0,0,0,0,8.2076,0,77.404,7.1944,0,0,0,7.1944,0,0,0,0,1,0,0,1,0,0,0,0,1,0,0,0
0,0,0,0,0,74.439,25.561,0,0,0,0,0,0,0,5.0531,7.2504,82.643,5.0531,0,0,0,0,0,0,0,20.508,5.0531,74.439,0,0,0,0,0,0,0,0,0,1,0,0,1,0,0,0,0,1,0,0,0
0,0,0,0,0,86.828,7.6804,0,5.4918,0,0,0,0,0,0,5.4918,89.016,0,0,0,0,5.4918,0,0,0,7.6804,0,75.844,10.984,0,0,5.4918,0,0,0,0,0,1,0,0,1,0,0,0,0,1,0,0,0
3.0558,0,18.969,3.7348,6.6837,39.263,4.162,0,24.131,0,0,13.422,11.927,0,0,10.525,35.536,5.1368,0,2.081,10.281,11.09,8.3302,13.171,10.776,4.162,11.927,22.899,8.9024,0,2.081,14.016,3.7348,0,0,0,1,0,0,0,1,0,0,0,0,1,0,0,0
7.5274,0,39.662,1.9882,1.3339,38.111,1.6317,0,9.7461,0,0,3.6199,28.433,1.3339,0,20.744,22.24,9.6772,0,0.81586,2.8041,10.331,25.629,20.388,5.3103,1.6317,17.859,18.918,0,0,0.81586,7.4601,1.9882,0,0,0,0.027778,0.97222,0,0,1,0,0,0,0,1,0,0,1
3.5712,0,36.797,2.2176,0,38.151,0,0,19.263,0,0,14.827,21.97,0,0,8.0065,43.618,3.5712,0,0,2.2176,5.7889,19.752,18.399,4.4353,12.61,9.3601,16.181,0,0,0,4.4353,14.827,0,0,0,0,1,0,0,1,0,0,0,0,1,0,0,1
3.0565,0,13.199,9.6558,0,42.368,3.0565,0,28.665,0,0,9.6558,15.466,0,0,13.199,42.368,0,0,0,6.5994,12.712,3.0565,9.6558,16.255,0,6.5994,32.712,3.0565,0,0,22.065,6.5994,0,0,0,0.98113,0.018868,0,0,1,0,0,0,0,1,0,0,0
0,0,0,0,0,66.667,0,0,33.333,0,0,33.333,0,0,0,0,66.667,0,0,0,0,0,0,0,0,0,0,66.667,0,0,0,0,33.333,0,0,0,0.91228,0.087719,0,0,1,0,0,0,0,1,0,0,0
7.8183,0,25.646,3.0601,1.6833,52.288,3.0601,0,6.4445,0,0,11.738,16.589,0,0,7.0699,47.283,4.7582,0,0,1.6833,10.878,17.717,12.958,8.9097,2.8283,9.5163,36.883,4.7435,0,0,3.6162,2.8283,0,0,0,0.96875,0.03125,0,0,1,0,0,0,0,1,0,0,0
0,0,0,0,0,94.597,0,0,5.4033,0,0,5.4033,0,0,0,0,94.597,0,0,0,0,0,0,0,0,0,0,94.597,0,0,0,0,5.4033,0,0,0,0,1,0,0,1,0,0,0,0,1,0,0,0
0,0,0,0,0,73.686,0,0,26.314,0,0,26.314,0,0,0,0,73.686,0,0,0,0,0,0,0,0,0,0,73.686,0,0,0,0,26.314,0,0,0,0,1,0,0,1,0,0,0,0,1,0,0,0
0,0,0,0,0,86.132,0,0,13.868,0,0,13.868,0,0,0,0,86.132,0,0,0,0,0,0,0,0,0,0,86.132,0,0,0,0,13.868,0,0,0,0,1,0,0,1,0,0,0,0,1,0,0,0
0,0,23.74,0.90045,15.89,23.74,7.4119,0.90045,23.841,3.5765,0,2.3406,10.628,0.90045,10.088,22.851,25.18,26.211,0,0.90045,0,0.90045,2.3406,16.689,6.5115,8.8521,11.222,11.078,0,0,15.89,25.978,1.4402,0,0,0,0.085714,0.91429,0,0,1,0,0,0,0,1,0,0,1
0,4.7197,10.872,2.9662,9.4447,28.964,13.889,8.0269,6.633,6.1878,8.2972,12.588,7.1152,13.442,3.9931,12.268,15.798,9.5617,5.9716,5.2348,3.3738,10.654,15.359,14.58,12.885,5.5129,5.4139,4.9152,4.9152,2.2686,22.491,10.539,1.1201,0.066667,0.033333,0,0.23333,0.66667,0,0,1,0,0,0,0,1,0,0,0
1.8744,0,31.887,5.4365,0,32.343,5.2248,0,23.235,0,0,15.816,16.534,0,0.98723,9.9112,39.177,3.156,0,1.1816,4.7437,8.4924,12.678,19.59,9.9858,11.367,6.7181,15.734,1.8744,0,1.1816,9.293,11.578,0,0,0,0.88525,0.11475,0,0,1,0,0,0,0,1,0,0,1
0,0,0,0,0,100,0,0,0,0,0,0,0,0,0,0,100,0,0,0,0,0,0,0,0,0,0,100,0,0,0,0,0,0,0,0,0,1,0,0,1,0,0,0,0,1,0,0,0
0,0,0,0,0,100,0,0,0,0,0,0,0,0,0,0,100,0,0,0,0,0,0,0,0,0,0,100,0,0,0,0,0,0,0,0,0,1,0,0,1,0,0,0,0,1,0,0,0
0,0,0,0,0,100,0,0,0,0,0,0,0,0,0,0,100,0,0,0,0,0,0,0,0,0,0,100,0,0,0,0,0,0,0,0,0,1,0,0,1,0,0,0,0,1,0,0,0
0,0,0,0,0,100,0,0,0,0,0,0,0,0,0,0,100,0,0,0,0,0,0,0,0,0,0,100,0,0,0,0,0,0,0,0,0,1,0,0,1,0,0,0,0,1,0,0,0
0,0,15.365,2.5329,20.362,48.817,0,0,12.924,0,0,12.832,2.5329,0,0,5.0657,69.179,0,0,0,7.858,2.5329,0,2.5329,15.365,0,2.5329,46.284,20.362,0,0,10.391,2.5329,0,0,0,1,0,0,0,1,0,0,0,0,1,0,0,0
0,0,13.471,0,8.825,56.539,0,0,21.165,0,0,14.32,0,7.3984,0,11.919,46.047,0,2.4262,0,0,17.89,4.646,8.825,0,7.3984,8.825,39.679,9.4618,0,0,9.0654,12.1,0,0,0,0,1,0,0,1,0,0,0,0,1,0,0,0
0,0,31.422,0,3.018,59.524,0,0,6.0359,0,0,27.197,0,5.1307,0,7.2435,52.281,0,2.1128,0,0,6.0359,26.291,5.1307,0,3.018,3.018,56.506,0,0,0,3.018,3.018,0,0,0,0,1,0,0,1,0,0,0,0,1,0,0,0
0,0,16.914,0,7.379,66.453,0,0,9.2535,0,0,10.183,0,5.4272,0,18.866,52.718,0,3.1784,0,0,9.6278,6.3568,10.557,0,2.2488,7.379,54.318,9.886,0,0,2.2488,7.0047,0,0,0,0,1,0,0,1,0,0,0,0,1,0,0,0
0,0,30.813,0,3.3206,59.225,0,0,6.6412,0,0,5.2278,0,5.2278,0,7.135,52.09,0,23.678,0,0,6.6412,25.585,5.2278,0,3.3206,3.3206,55.905,0,0,0,3.3206,3.3206,0,0,0,0,1,0,0,1,0,0,0,0,1,0,0,0
0,0,26.528,0,2.0786,63.687,0,0,7.707,0,0,3.9608,0,3.9608,0,37.022,31.653,13.814,1.8822,0,0,7.707,8.7525,17.775,0,15.893,2.0786,26.88,7.0996,13.814,0,5.6284,2.0786,0,0,0,0,1,0,0,1,0,0,0,0,1,0,0,0
0,0,0,0,0,100,0,0,0,0,0,0,0,0,0,0,100,0,0,0,0,0,0,0,0,0,0,100,0,0,0,0,0,0,0,0,0,1,0,0,1,0,0,0,0,1,0,0,0
0,0,0,0,0,100,0,0,0,0,0,0,0,0,0,0,100,0,0,0,0,0,0,0,0,0,0,100,0,0,0,0,0,0,0,0,0,1,0,0,1,0,0,0,0,1,0,0,0
0,0,0,0,0,100,0,0,0,0,0,0,0,0,0,0,100,0,0,0,0,0,0,0,0,0,0,100,0,0,0,0,0,0,0,0,0,1,0,0,1,0,0,0,0,1,0,0,0
0,0,0,0,0,100,0,0,0,0,0,0,0,0,0,0,100,0,0,0,0,0,0,0,0,0,0,100,0,0,0,0,0,0,0,0,0,1,0,0,1,0,0,0,0,1,0,0,0
0,0,0,0,0,100,0,0,0,0,0,0,0,0,0,0,100,0,0,0,0,0,0,0,0,0,0,100,0,0,0,0,0,0,0,0,0,1,0,0,1,0,0,0,0,1,0,0,0
0,0,0,0,0,100,0,0,0,0,0,0,0,0,0,0,100,0,0,0,0,0,0,0,0,0,0,100,0,0,0,0,0,0,0,0,0,1,0,0,1,0,0,0,0,1,0,0,0
0,0,0,0,0,100,0,0,0,0,0,0,0,0,0,0,100,0,0,0,0,0,0,0,0,0,0,100,0,0,0,0,0,0,0,0,0,1,0,0,1,0,0,0,0,1,0,0,0
0,0,0,0,0,100,0,0,0,0,0,0,0,0,0,0,100,0,0,0,0,0,0,0,0,0,0,100,0,0,0,0,0,0,0,0,0,1,0,0,1,0,0,0,0,1,0,0,0
0,0,0,0,0,100,0,0,0,0,0,0,0,0,0,0,100,0,0,0,0,0,0,0,0,0,0,100,0,0,0,0,0,0,0,0,0,1,0,0,1,0,0,0,0,1,0,0,0
0,0,0,31.76,7.2656,30.561,18.84,11.574,0,0,0,14.531,2.6458,0,0,27.691,42.066,0,0,0,1.6626,11.403,0,30.337,10.42,0,4.3084,11.601,5.8003,0,0,30.268,7.2656,0,0,0,0,1,0,0,1,0,0,0,0,1,0,0,0
0,0,0,0,0,100,0,0,0,0,0,0,0,0,0,0,100,0,0,0,0,0,0,0,0,0,0,100,0,0,0,0,0,0,0,0,0,1,0,0,1,0,0,0,0,1,0,0,0
0,0,0,0,0,100,0,0,0,0,0,0,0,0,0,0,100,0,0,0,0,0,0,0,0,0,0,100,0,0,0,0,0,0,0,0,0,1,0,0,1,0,0,0,0,1,0,0,0
0,0,0,14.141,0,85.859,0,0,0,0,0,0,0,0,0,0,85.859,0,0,0,0,14.141,0,0,14.141,0,0,71.718,14.141,0,0,0,0,0,0,0,0,1,0,0,1,0,0,0,0,1,0,0,0
0,0,0,0,0,73.479,13.26,13.26,0,0,0,0,0,0,13.26,13.26,36.74,36.74,0,0,0,0,0,13.26,0,13.26,0,73.479,0,0,0,0,0,0,0,0,0.93333,0.066667,0,0,1,0,0,0,0,1,0,0,0
0,0,0,0,0,61.842,28.405,9.7527,0,0,0,0,0,0,24.816,7.321,52.8,15.063,0,0,0,0,0,9.7527,0,13.342,15.063,61.842,0,0,0,0,0,0,0,0,0,1,0,0,1,0,0,0,0,1,0,0,0
0,0,0,0,0,100,0,0,0,0,0,0,0,0,0,0,100,0,0,0,0,0,0,0,0,0,0,81.06,18.94,0,0,0,0,0,0,0,0,1,0,0,1,0,0,0,0,1,0,0,0
0,0,0,0,0,76.214,0,23.786,0,0,0,0,0,0,23.786,0,50,26.214,0,0,0,0,0,23.786,0,0,0,76.214,0,0,0,0,0,0,0,0,0.92593,0.074074,0,0,1,0,0,0,0,1,0,0,0
0,0,0,0,0,42.639,49.017,8.3446,0,0,0,0,0,0,13.958,23.067,19.572,43.403,0,0,0,0,0,8.3446,0,13.958,35.058,42.639,0,0,0,0,0,0,0,0,0,1,0,0,1,0,0,0,0,1,0,0,0
0,0,0,0,0,65.939,26.827,7.2339,0,0,0,0,0,0,14.543,13.835,57.079,14.543,0,0,0,0,0,7.2339,0,12.917,13.91,59.338,6.6007,0,0,0,0,0,0,0,0,1,0,0,1,0,0,0,0,1,0,0,0
0,0,0,0,0,100,0,0,0,0,0,0,0,0,0,0,100,0,0,0,0,0,0,0,0,0,0,75,25,0,0,0,0,0,0,0,0,1,0,0,1,0,0,0,0,1,0,0,0
0,0,0,0,0,63.458,36.542,0,0,0,0,0,0,0,6.1153,6.5426,56.915,30.427,0,0,0,0,0,0,0,6.1153,30.427,46.673,16.784,0,0,0,0,0,0,0,0,1,0,0,1,0,0,0,0,1,0,0,0
0,0,0,0,0,88.617,5.2902,0,6.0927,0,0,0,0,6.0927,0,5.2902,88.617,0,0,0,0,0,0,0,0,0,5.2902,65.633,22.984,0,0,6.0927,0,0,0,0,0,1,0,0,1,0,0,0,0,1,0,0,0
0,0,0,0,0,100,0,0,0,0,0,0,0,0,0,0,100,0,0,0,0,0,0,0,0,0,0,100,0,0,0,0,0,0,0,0,0,1,0,0,1,0,0,0,0,1,0,0,0
0,0,0,0,0,95.55,4.45,0,0,0,0,0,0,0,0,4.45,65.591,29.959,0,0,0,0,0,0,0,20.018,4.45,47.924,27.609,0,0,0,0,0,0,0,0,1,0,0,1,0,0,0,0,1,0,0,0
0,0,0,0,0,100,0,0,0,0,0,0,0,0,0,0,79.289,20.711,0,0,0,0,0,0,0,10.356,0,68.958,20.686,0,0,0,0,0,0,0,0,1,0,0,1,0,0,0,0,1,0,0,0
0,0,0,0,0,100,0,0,0,0,0,0,0,0,0,0,78.133,21.867,0,0,0,0,0,0,0,0,0,100,0,0,0,0,0,0,0,0,1,0,0,0,1,0,0,0,0,1,0,0,0
0,0,0,0,0,68.446,31.554,0,0,0,0,0,0,0,14.493,5.3389,53.954,26.215,0,0,0,0,0,0,0,0,31.554,51.385,17.061,0,0,0,0,0,0,0,0.51111,0.48889,0,0,1,0,0,0,0,1,0,0,0
0,0,0,0,0,100,0,0,0,0,0,0,0,0,0,6.7829,69.721,23.496,0,0,0,0,0,0,0,16.713,0,47.284,36.003,0,0,0,0,0,0,0,0,1,0,0,1,0,0,0,0,1,0,0,0
0,0,43.952,0,0,43.306,0,0,12.742,0,0,6.3712,6.3712,0,0,6.3712,36.934,0,12.742,9.2336,6.3712,15.605,0,25.485,0,0,0,27.701,15.605,0,15.605,6.3712,9.2336,0,0,0,0.98864,0.011364,0,0,1,0,0,0,0,1,0,0,0
0,0,0,0,0,65.242,34.758,0,0,0,0,0,0,0,0,22.262,52.746,24.992,0,0,0,0,0,0,0,0,34.758,47.66,17.582,0,0,0,0,0,0,0,0.074074,0.92593,0,0,1,0,0,0,0,1,0,0,0
0,0,0,0,0,82.305,8.6468,0,0,9.0486,0,0,0,0,0,0,82.305,8.6468,0,0,0,9.0486,0,0,0,0,8.6468,52.881,29.424,0,9.0486,0,0,0,0,0,0,1,0,0,1,0,0,0,0,1,0,0,0
0,0,9.8769,0,0,90.123,0,0,0,0,0,0,0,0,0,0,74.217,15.906,0,4.9384,0,4.9384,0,0,0,0,0,85.185,4.9384,0,4.9384,0,4.9384,0,0,0,1,0,0,0,1,0,0,0,0,1,0,0,0
0,0,4.5763,0,0,95.424,0,0,0,0,0,0,0,0,0,0,95.424,0,0,2.2881,0,2.2881,0,0,0,0,0,93.136,2.2881,0,2.2881,0,2.2881,0,0,0,1,0,0,0,1,0,0,0,0,1,0,0,0
0,0,0,0,0,74.223,0,0,25.777,0,0,0,0,0,25.777,0,74.223,0,0,0,0,0,0,0,0,0,0,74.223,0,0,0,0,25.777,0,0,0,1,0,0,0,1,0,0,0,0,1,0,0,0
0,0,0,0,4.5835,81.055,0,0,14.361,0,0,0,0,0,18.945,0,81.055,0,0,0,0,0,0,0,0,0,0,81.055,0,0,4.5835,0,14.361,0,0,0,0,1,0,0,1,0,0,0,0,1,0,0,0
0,0,0,0,0,89.489,0,0,10.511,0,0,0,0,0,10.511,0,89.489,0,0,0,0,0,0,0,0,0,0,89.489,0,0,0,0,10.511,0,0,0,0,1,0,0,1,0,0,0,0,1,0,0,0
0,0,0,0,7.8455,92.154,0,0,0,0,0,0,0,0,0,0,100,0,0,0,0,0,0,0,0,0,0,92.154,0,7.8455,0,0,0,0,0,0,0,1,0,0,1,0,0,0,0,1,0,0,0
0,0,0,0,0,100,0,0,0,0,0,0,0,0,0,0,100,0,0,0,0,0,0,0,0,0,0,100,0,0,0,0,0,0,0,0,0,1,0,0,1,0,0,0,0,1,0,0,0
0,0,20.618,0,6.4419,63.081,0,0,9.8598,0,0,0,0,9.8598,0,12.884,56.639,14.176,0,0,0,6.4419,14.176,6.4419,0,0,6.4419,32.603,16.302,14.176,0,9.8598,0,0,0,0,0,1,0,0,1,0,0,0,0,1,0,0,0
0,0,0,0,0,100,0,0,0,0,0,0,0,0,0,0,100,0,0,0,0,0,0,0,0,0,0,100,0,0,0,0,0,0,0,0,0,1,0,0,1,0,0,0,0,1,0,0,0
0,0,25.242,0,14.853,54.948,0,0,4.9571,0,0,2.4786,0,2.4786,0,27.228,40.095,10.389,0,0,0,17.332,10.389,14.853,0,2.4786,14.853,29.706,12.375,10.389,0,2.4786,2.4786,0,0,0,0,1,0,0,1,0,0,0,0,1,0,0,0
0,0,0,0,0,100,0,0,0,0,0,0,0,0,0,0,100,0,0,0,0,0,0,0,0,0,0,100,0,0,0,0,0,0,0,0,0,1,0,0,1,0,0,0,0,1,0,0,0
0,0,7.2892,0,12.208,48.182,0,0,12.208,20.113,0,0,0,12.208,0,0,55.471,12.208,0,0,0,20.113,7.2892,0,0,0,0,35.828,12.353,12.208,20.113,12.208,0,0,0,0,0,1,0,0,1,0,0,0,0,1,0,0,0
0,0,33.333,0,0,66.667,0,0,0,0,0,0,0,0,0,34.25,48.625,17.125,0,0,0,0,16.208,17.125,0,17.125,0,32.417,0,17.125,0,0,0,0,0,0,0,1,0,0,1,0,0,0,0,1,0,0,0
0,0,0,0,34.923,46.83,0,0,10.336,7.9117,0,0,0,10.336,0,0,46.83,34.923,0,0,0,7.9117,0,0,0,0,0,28.583,18.247,34.923,7.9117,10.336,0,0,0,0,0,1,0,0,1,0,0,0,0,1,0,0,0
0,0,0,0,33.333,0,0,0,33.333,33.333,0,0,0,33.333,0,0,0,33.333,0,0,0,33.333,0,0,0,0,0,0,0,33.333,33.333,33.333,0,0,0,0,0,1,0,0,1,0,0,0,0,1,0,0,0
0,0,0,0,0,100,0,0,0,0,0,0,0,0,0,0,100,0,0,0,0,0,0,0,0,0,0,100,0,0,0,0,0,0,0,0,0,1,0,0,1,0,0,0,0,1,0,0,0
0,0,0,0,0,100,0,0,0,0,0,0,0,0,0,0,100,0,0,0,0,0,0,0,0,0,0,100,0,0,0,0,0,0,0,0,0,1,0,0,1,0,0,0,0,1,0,0,0
0,0,0,0,0,100,0,0,0,0,0,0,0,0,0,0,100,0,0,0,0,0,0,0,0,0,0,100,0,0,0,0,0,0,0,0,0,1,0,0,1,0,0,0,0,1,0,0,0
0,0,0,0,0,100,0,0,0,0,0,0,0,0,0,0,100,0,0,0,0,0,0,0,0,0,0,100,0,0,0,0,0,0,0,0,0,1,0,0,1,0,0,0,0,1,0,0,0
0,0,0,0,0,100,0,0,0,0,0,0,0,0,0,0,100,0,0,0,0,0,0,0,0,0,0,100,0,0,0,0,0,0,0,0,0,1,0,0,1,0,0,0,0,1,0,0,0
0,0,0,0,0,100,0,0,0,0,0,0,0,0,0,0,100,0,0,0,0,0,0,0,0,0,0,100,0,0,0,0,0,0,0,0,0,1,0,0,1,0,0,0,0,1,0,0,0
0,0,0,0,0,100,0,0,0,0,0,0,0,0,0,0,100,0,0,0,0,0,0,0,0,0,0,100,0,0,0,0,0,0,0,0,0,1,0,0,1,0,0,0,0,1,0,0,0
0,0,0,0,0,100,0,0,0,0,0,0,0,0,0,0,100,0,0,0,0,0,0,0,0,0,0,100,0,0,0,0,0,0,0,0,0,1,0,0,1,0,0,0,0,1,0,0,0
0,0,0,0,0,100,0,0,0,0,0,0,0,0,0,0,100,0,0,0,0,0,0,0,0,0,0,100,0,0,0,0,0,0,0,0,0,1,0,0,1,0,0,0,0,1,0,0,0
0,0,0,0,2.3095,85.901,4.619,7.1702,0,0,0,0,2.3095,0,0,2.3095,83.592,0,7.1702,0,2.3095,2.3095,0,9.4797,2.3095,0,0,83.592,2.3095,0,2.3095,0,0,0,0,0,0,1,0,0,1,0,0,0,0,1,0,0,0
0,0,0,0,0,86.26,0,13.74,0,0,0,0,0,3.4306,0,0,86.26,0,0,10.309,0,0,0,0,13.74,0,0,86.26,0,0,0,0,0,0,0,0,0,1,0,0,1,0,0,0,0,1,0,0,0
0,4.7899,4.7899,8.0949,6.6101,53.464,0,22.251,0,0,0,0,3.3051,8.0949,4.7899,4.7899,56.769,0,5.6237,13.323,0,3.3051,4.7899,5.6237,19.933,0,0,45.369,8.0949,3.3051,0,12.885,0,0,0,0,0,1,0,0,1,0,0,0,0,1,0,0,0
0,3.2726,23.687,9.3478,19.921,24.493,3.2726,13.554,1.2257,1.2257,0,1.2257,9.3478,18.621,10.618,15.512,24.053,0,6.1196,6.7772,4.4982,3.2282,4.4982,21.236,16.783,3.2726,0,11.873,9.3478,19.966,0,10.573,2.4513,0,0,0,0.054348,0.94565,0,0,1,0,0,0,0,1,0,0,1
0,0,0,3.8101,18.176,61.221,0,16.792,0,0,0,0,3.8101,8.3962,0,0,65.031,0,0,8.3962,0,14.366,0,0,31.159,0,0,57.411,3.8101,3.8101,0,3.8101,0,0,0,0,0,1,0,0,1,0,0,0,0,1,0,0,0
0,0,0,10.574,15.379,48.087,5.7702,20.189,0,0,0,0,16.345,10.574,0,0,52.892,0,0,15.385,0,4.8042,5.7702,0,24.994,0,0,43.283,4.8042,4.8042,0,16.345,0,0,0,0,0,1,0,0,1,0,0,0,0,1,0,0,0
23.574,0,18.942,4.5216,7.4485,13.754,1.763,3.5649,22.868,3.5649,0,20.884,4.5405,8.1167,0,3.7343,20.707,13.873,6.4243,5.3279,8.9935,7.3999,2.7386,20.556,11.702,1.763,12.847,0.97563,0,9.0438,13.772,22.937,3.6656,0,0,0,0.015385,0.98462,0,0,1,0,0,0,0,1,0,0,1
0,0,0,0,0,100,0,0,0,0,0,0,0,0,0,0,100,0,0,0,0,0,0,0,0,0,0,100,0,0,0,0,0,0,0,0,0,1,0,0,1,0,0,0,0,1,0,0,0
4.1395,0,0,7.906,4.9704,45.471,16.185,21.328,0,0,0,0,17.016,4.9704,4.1395,10.011,31.269,11.266,10.062,0,11.266,0,7.906,21.328,0,4.1395,17.137,35.409,0,0,0,14.08,0,0,0,0,0.2,0.8,0,0,1,0,0,0,0,1,0,0,0
0,0,0,0,0,80.683,0,19.317,0,0,0,0,0,0,0,0,71.024,9.6587,9.6587,0,9.6587,0,0,19.317,0,0,9.6587,71.024,0,0,0,0,0,0.047619,0,0,0.095238,0.85714,0,0,1,0,0,0,0,1,0,0,1
3.3059,0,0,3.633,12.974,48.444,18.959,12.684,0,0,0,0,6.9389,8.7141,12.02,19.286,21.204,6.1787,6.5058,0,14.893,4.2597,3.633,12.684,4.2597,3.3059,30.873,33.224,0,0,0,12.02,0,0,0,0,0,1,0,0,1,0,0,0,0,1,0,0,1
4.174,0,0,4.4109,12.606,49.573,23.008,6.2283,0,0,0,0,10.941,12.606,14.423,18.532,22.846,4.174,2.0543,0,14.423,0,4.4109,6.2283,0,4.174,28.781,37.269,0,0,0,19.136,0,0,0,0,0,1,0,0,1,0,0,0,0,1,0,0,0
0,0,0,0,0,100,0,0,0,0,0,0,0,0,0,0,100,0,0,0,0,0,0,0,0,0,0,100,0,0,0,0,0,0,0,0,0,1,0,0,1,0,0,0,0,1,0,0,0
0,0,0,0,0,100,0,0,0,0,0,0,0,0,0,0,83.68,16.32,0,0,0,0,0,0,0,16.32,0,83.68,0,0,0,0,0,0,0,0,0,1,0,0,1,0,0,0,0,1,0,0,0
0,0,0,0,0,95.388,0,0,4.6119,0,0,0,4.6119,0,0,0,87.732,7.6561,0,0,0,0,0,4.6119,0,7.6561,0,87.732,0,0,0,0,0,0,0,0,0,1,0,0,1,0,0,0,0,1,0,0,0
0,0,0,0,0,100,0,0,0,0,0,0,0,0,0,0,100,0,0,0,0,0,0,0,0,0,0,100,0,0,0,0,0,0,0,0,0,1,0,0,1,0,0,0,0,1,0,0,0
0,0,0,0,0,100,0,0,0,0,0,0,0,0,0,0,100,0,0,0,0,0,0,0,0,0,0,100,0,0,0,0,0,0,0,0,0,1,0,0,1,0,0,0,0,1,0,0,0
0,0,17.243,0,0,68.66,0,0,9.5215,4.5751,0,14.398,2.4732,0,0,2.4732,66.187,0,9.5215,0,2.4732,2.4732,4.5751,21.818,0,0,0,66.187,2.4732,0,2.4732,2.4732,0,0,0,0,0,1,0,0,1,0,0,0,0,1,0,0,0
4.2515,0,14.27,0,0,61.977,0,0,14.131,5.371,0,7.5957,11.906,0,5.371,7.5957,53.262,0,4.4494,5.371,2.2247,2.2247,5.371,13.209,4.2515,0,0,49.01,12.967,0,2.2247,7.5957,5.371,0,0,0.014493,0,0.98551,0,0,1,0,0,0,0,1,0,0,0
0,0,0,0,0,95.477,0,0,4.5234,0,0,0,4.5234,0,0,0,95.477,0,0,0,0,0,0,4.5234,0,0,0,95.477,0,0,0,0,0,0,0,0,0,1,0,0,1,0,0,0,0,1,0,0,0
10.3,9.6351,0,0,0,71.196,0,0,4.4346,4.4346,0,4.4346,0,6.1441,0,0,76.19,2.6531,7.9255,0,2.6531,0,4.4346,7.0877,8.4849,8.7972,0,71.196,0,0,0,0,0,0,0,0,0,1,0,0,1,0,0,0,0,1,0,0,0
0,0,0,0,0,100,0,0,0,0,0,0,0,0,0,0,100,0,0,0,0,0,0,0,0,0,0,100,0,0,0,0,0,0,0,0,0,1,0,0,1,0,0,0,0,1,0,0,0
5.7241,0,0,0,0,88.552,0,0,0,5.7241,0,0,0,0,0,0,94.276,0,5.7241,0,0,0,0,0,0,5.7241,0,88.552,0,0,0,5.7241,0,0,0,0,0,1,0,0,1,0,0,0,0,1,0,0,0
2.9565,0,0,0,0,87.296,0,0,0,9.7473,0,0,0,6.7908,0,0,90.253,0,2.9565,0,0,0,0,0,0,2.9565,0,87.296,0,0,0,9.7473,0,0,0,0,0,1,0,0,1,0,0,0,0,1,0,0,0
10.563,7.2054,4.8569,0,0,68.389,0,0,0,8.9864,0,0,0,12.207,4.475,0,66.573,4.8569,5.0361,1.4334,1.8152,3.6027,4.8569,8.0777,7.6959,5.0361,3.2486,62.098,0,0,0,8.9864,0,0,0,0,0,1,0,0,1,0,0,0,0,1,0,0,0
6.6332,14.9,0,0,0,78.466,0,0,0,0,0,0,3.9696,5.4654,0,0,78.466,0,5.4654,0,0,6.6332,0,2.6636,9.435,9.435,0,74.497,0,0,3.9696,0,0,0,0,0,0,1,0,0,1,0,0,0,0,1,0,0,0
13.625,25.95,0,0,0,60.425,0,0,0,0,0,0,11.134,5.0965,2.0173,2.0173,58.407,5.0965,3.6675,0,8.764,3.7994,0,7.1138,14.802,17.66,0,56.625,0,0,3.7994,0,0,0,0,0,0,1,0,0,1,0,0,0,0,1,0,0,0
20.859,22.231,3.1945,0,0,49.239,0,0,0,4.4756,0,0,7.6894,11.122,4.2157,0,43.614,3.1945,5.4968,8.2921,7.2709,9.1045,3.1945,11.487,14.341,19.042,3.8514,41.775,0,0,1.8336,4.4756,0,0,0,0,0,1,0,0,1,0,0,0,0,1,0,0,0
9.2981,38.232,0,0,0,52.469,0,0,0,0,0,0,15.378,7.5118,0,0,49.76,0,9.6401,2.7096,10.54,4.4601,0,4.4601,28.011,15.059,0,49.477,0,0,2.9928,0,0,0,0,0,0,1,0,0,1,0,0,0,0,1,0,0,0
5.9612,14.029,0,0,0,64.674,0,0,4.6871,4.6871,5.9612,4.6871,5.9612,0,0,0,77.65,0,4.6871,0,7.0147,0,4.6871,4.6871,12.976,7.0147,0,58.713,5.9612,5.9612,0,0,0,0,0,0,0,1,0,0,1,0,0,0,0,1,0,0,0
31.482,21.662,0,0,0,46.856,0,0,0,0,0,0,0,10.064,7.3129,6.5838,46.298,10.064,4.4416,9.6122,5.6227,0,0,12.936,10.467,29.741,0,46.856,0,0,0,0,0,0,0,0,0.015385,0.98462,0,0,1,0,0,0,0,1,0,0,0
9.3331,31.465,0,20.896,0,38.306,0,0,0,0,0,0,0,24.007,10.448,3.111,18.028,24.007,3.111,13.559,3.7292,0,10.448,10.448,17.288,13.062,0,27.858,0,10.448,0,10.448,0,0,0,0,0,1,0,0,1,0,0,0,0,1,0,0,0
0,9.5342,0,24.621,4.6276,53.756,7.4609,0,0,0,0,0,7.6261,17.16,9.3947,0,36.596,9.5342,7.4609,12.228,0,0,12.228,12.228,4.7671,0,0,41.363,7.6261,4.7671,4.6276,12.393,0,0,0,0,0.51163,0.48837,0,0,1,0,0,0,0,1,0,0,0
0,7.8104,0,7.8104,8.8623,66.655,8.8623,0,0,0,0,0,8.8623,7.8104,12.767,0,41.12,16.673,8.8623,3.9052,0,0,3.9052,12.767,3.9052,0,0,45.025,8.8623,12.767,8.8623,3.9052,0,0,0,0,0.33333,0.66667,0,0,1,0,0,0,0,1,0,0,0
5.8975,46.695,0,0,0,47.407,0,0,0,0,0,0,2.65,11.69,7.726,9.2501,40.864,9.2501,5.2886,1.5242,11.758,0,0,15.452,10.645,26.496,0,47.407,0,0,0,0,0,0,0,0,0,1,0,0,1,0,0,0,0,1,0,0,0
0,0,0,0,0,100,0,0,0,0,0,0,0,0,0,0,100,0,0,0,0,0,0,0,0,0,0,100,0,0,0,0,0,0,0,0,0.26667,0.73333,0,0,1,0,0,0,0,1,0,0,0
0,0,0,15.381,0,69.237,15.381,0,0,0,0,0,0,0,0,0,69.237,0,15.381,15.381,0,0,15.381,15.381,0,0,0,69.237,0,0,0,0,0,0,0,0,0.26667,0.73333,0,0,1,0,0,0,0,1,0,0,0
0,0,0,0,0,100,0,0,0,0,0,0,0,0,0,0,100,0,0,0,0,0,0,0,0,0,0,100,0,0,0,0,0,0,0,0,0.22222,0.77778,0,0,1,0,0,0,0,1,0,0,0
14.199,21.225,8.2462,0,0,35.728,0,0,0,20.602,0,0,1.3333,22.561,2.5519,0,30.44,8.2462,13.457,2.5519,9.5795,9.2792,8.2462,13.164,8.8033,14.79,10.798,23.596,0,0,0,20.602,0,0,0,0,0.041667,0.95833,0,0,1,0,0,0,0,1,0,0,0
32.171,11.761,5.1382,0,0,44.465,0,0,0,6.4652,0,0,1.7651,15.355,9.0307,0,39.467,5.1382,10.358,8.8903,4.9977,4.9977,5.1382,14.028,17.921,13.888,10.358,32.201,0,0,0,6.4652,0,0,0,0,0,1,0,0,1,0,0,0,0,1,0,0,0
0,0,0,0,27.127,72.873,0,0,0,0,0,0,0,0,0,0,45.746,27.127,0,0,0,27.127,0,0,0,0,0,45.746,27.127,27.127,0,0,0,0,0,0,0,1,0,0,1,0,0,0,0,1,0,0,0
0,0,0,0,50,50,0,0,0,0,0,0,0,0,0,0,0,50,0,0,0,50,0,0,0,0,0,0,50,50,0,0,0,0,0,0,0.125,0.875,0,0,1,0,0,0,0,1,0,0,0
0,0,0,0,36.801,63.199,0,0,0,0,0,0,0,0,0,0,31.599,31.599,0,0,0,36.801,0,0,0,0,0,31.599,31.599,36.801,0,0,0,0,0,0,0.16667,0.83333,0,0,1,0,0,0,0,1,0,0,0
0,0,0,0,0,100,0,0,0,0,0,0,0,0,0,0,100,0,0,0,0,0,0,0,0,0,0,100,0,0,0,0,0,0,0,0,0,1,0,0,1,0,0,0,0,1,0,0,0
0,0,0,0,0,100,0,0,0,0,0,0,0,0,0,0,100,0,0,0,0,0,0,0,0,0,0,100,0,0,0,0,0,0,0,0,0,1,0,0,1,0,0,0,0,1,0,0,0
0,0,0,0,0,100,0,0,0,0,0,0,0,0,0,0,85.185,14.815,0,0,0,0,0,0,0,0,0,85.185,14.815,0,0,0,0,0,0,0,0,1,0,0,1,0,0,0,0,1,0,0,0
0,9.6365,26.28,12.549,7.664,19.079,4.365,15.672,2.3773,2.3773,0,2.3773,4.5082,17.727,12.014,9.6365,28.554,1.3844,2.5571,9.9916,9.2993,1.9511,15.955,14.869,12.509,4.365,0,4.9344,11.164,7.309,1.3844,20.198,7.3117,0,0,0.018182,0.036364,0.94545,0,0,1,0,0,0,0,1,0,0,1
4.6375,5.5501,16.864,9.9748,19.936,18.743,3.2313,13.22,5.5369,2.3056,0,2.3056,9.9748,12.267,8.4454,16.423,23.368,2.3187,3.821,6.1537,7.8557,7.0663,4.6243,12.253,19.374,5.5501,6.4627,7.8557,7.656,13.783,2.3187,12.28,7.8425,0,0,0.023256,0.023256,0.95349,0,0,1,0,0,0,0,1,0,0,1
4.5366,4.0651,27.903,10.527,15.56,15.314,7.6089,5.4463,2.2672,6.7714,0,3.3997,5.9641,16.7,8.1298,13.327,18.224,9.7005,5.9663,5.6951,10.627,2.2672,12.286,25.13,3.9124,6.4742,3.3997,3.0341,6.4746,11.668,11.952,10.383,5.2873,0,0,0.025974,0.077922,0.8961,0,0,1,0,0,0,0,1,0,0,1
14.351,3.5142,11.604,5.9962,4.5693,14.865,4.9158,2.9981,34.382,2.8032,0,14.548,7.663,12.619,1.4016,16.215,21.144,7.3509,7.1813,0,7.6606,4.2167,9.0646,17.217,8.4701,0,10.03,1.1507,0,8.7329,6.4502,35.819,3.066,0,0,0,0,1,0,0,1,0,0,0,0,1,0,0,1
15.751,4.901,10.278,6.0609,11.777,11.016,5.5957,2.9539,20.737,10.928,0,9.4812,4.9559,9.8788,6.356,24.28,12.603,8.3305,6.8504,2.899,7.7198,6.6459,11.323,16.202,12.158,2.899,4.6185,2.7623,0,6.3647,10.024,28.389,5.2603,0,0,0,0,1,0,0,1,0,0,0,0,1,0,0,1
13.052,0.8087,17.407,3.2338,18.451,18.092,3.0659,0,16.816,9.0738,0,9.9672,1.4294,7.5611,3.0659,26.252,9.0871,20.329,10.02,0.8087,2.9421,8.5378,6.1127,18.423,8.5568,0.8087,5.9247,1.4294,0,5.1992,14.214,36.266,3.0659,0.67391,0,0,0.065217,0.26087,0,0,1,0,0,0,0,1,0,0,1
6.9212,3.2693,0,10.639,3.2693,46.589,11.786,14.624,1.4506,1.4506,0,2.9013,12.473,0,5.1025,16.99,35.186,5.1025,7.37,3.2693,8.7049,2.9013,12.09,9.9527,3.6374,6.5532,13.72,36.318,2.1518,0,3.2693,10.156,2.1518,0,0,0,0.8,0.2,0,0,1,0,0,0,0,1,0,0,0
15.945,8.8244,7.2687,5.7021,16.419,16.954,4.2247,7.3837,13.352,3.9269,0,5.0107,8.3766,3.4387,6.8045,24.25,15.518,14.824,2.9518,5.7021,9.1057,4.0178,9.479,7.3442,15.291,7.3837,6.9332,8.6175,0,2.8245,12.848,26.496,2.784,0.028571,0.028571,0.057143,0.057143,0.82857,0,0,1,0,0,0,0,1,0,0,1
0,8.7997,0,0,0,64.801,8.7997,8.7997,8.7997,0,0,0,0,0,0,17.599,64.801,0,0,0,8.7997,8.7997,0,0,8.7997,8.7997,17.599,56.002,0,0,0,0,8.7997,0,0,0,0.93878,0.061224,0,0,1,0,0,0,0,1,0,0,0
8.7883,6.5887,5.1148,2.1412,17.908,9.5717,7.6699,0,32.059,10.158,0,12.932,6.3062,5.5659,2.3099,31.356,15.942,8.9731,3.2224,1.2287,5.5382,6.6259,11.073,12.121,5.5323,1.2287,4.2022,0.94619,0,6.6194,14.511,41.456,2.3099,0,0,0,0,1,0,0,1,0,0,0,0,1,0,0,1
0,0,0,0,0,100,0,0,0,0,0,0,0,0,0,0,100,0,0,0,0,0,0,0,0,0,0,100,0,0,0,0,0,0,0,0,1,0,0,0,1,0,0,0,0,1,0,0,0
8.45,2.718,0,2.3377,5.6493,38.469,25.267,14.391,2.718,0,0,0,13.125,5.6493,11.762,17.198,21.784,10.061,1.6114,0,16.091,2.718,2.3377,11.673,2.718,11.168,22.121,30.828,0,0,0,16.437,2.718,0,0,0,0.38095,0.61905,0,0,1,0,0,0,0,1,0,0,0
1.2811,2.3043,0,10.929,7.2519,43.183,16.494,16.893,1.6637,0,0,0,12.998,6.6113,5.1828,24.949,22.695,3.8252,11.404,0.64056,10.031,1.6637,10.929,14.588,2.9449,2.3043,32.035,25.573,0,0,0.64056,9.321,1.6637,0,0,0,0,1,0,0,1,0,0,0,0,1,0,0,0
0,0,23.537,0,0,57.789,0,0,11.724,6.9502,0,11.554,7.0617,0,6.9034,4.5957,48.597,0,10.875,6.3505,2.3077,1.7548,6.9502,11.732,0,0,0,38.322,19.467,0,1.7548,15.424,6.3505,0.64103,0.025641,0.025641,0.25641,0.051282,0,0,1,0,0,0,0,1,0,0,0
5.3507,0,23.034,0,0,45.123,0,0,16.77,4.3716,5.3507,7.9059,8.885,0,5.3299,3.5343,46.94,0,11.44,1.7834,8.8642,5.3177,4.3716,23.839,5.3507,0,0,34.455,10.668,5.3507,5.3177,8.8642,1.7834,0.8913,0.021739,0.086957,0,0,0,0,1,0,0,0,0,1,0,0,0
11.735,29.154,8.0484,0,0,39.443,0,0,0,11.62,0,0,6.8504,13.994,2.6339,0,38.26,8.0484,7.6649,1.7049,12.265,8.5791,8.0484,16.359,16.09,16.22,5.4145,26.249,0,0,0,11.62,0,0,0,0,0.32143,0.67857,0,0,1,0,0,0,0,1,0,0,0
9.5895,35.583,0,0,0,54.828,0,0,0,0,0,0,12.041,7.993,1.8394,1.8394,51.389,3.266,3.1282,1.5988,10.169,6.7364,0,6.7042,20.473,17.995,0,44.386,0,0,10.442,0,0,0,0,0,0.85366,0.14634,0,0,1,0,0,0,0,1,0,0,0
21.341,28.407,0,0,0,50.251,0,0,0,0,0,0,10.93,7.8089,2.5535,0,52.161,0,9.2242,2.5535,6.9669,7.8027,0,9.7182,28.259,13.681,2.5535,39.599,0,0,6.1896,0,0,0,0,0,0.925,0.075,0,0,1,0,0,0,0,1,0,0,0
12.939,32.287,0,0,0,54.774,0,0,0,0,0,0,18.387,4.2261,0,0,50.548,0,5.4482,4.2261,9.6743,7.4905,0,4.2261,23.835,17.165,0,51.51,0,0,3.2644,0,0,0,0,0,0,1,0,0,1,0,0,0,0,1,0,0,0
0,43.415,0,0,0,56.585,0,0,0,0,0,8.5372,13.17,0,0,0,56.585,0,0,0,0,21.707,0,0,13.17,30.245,0,56.585,0,0,0,0,0,0,0,0,0.75862,0.24138,0,0,1,0,0,0,0,1,0,0,0
0,20.835,27.228,0,0,51.937,0,0,0,0,0,0,16.96,0,0,14.142,37.795,0,0,0,0,31.103,0,13.086,31.103,3.8743,0,51.937,0,0,0,0,0,0,0,0,0.72727,0.27273,0,0,1,0,0,0,0,1,0,0,0
0,50.565,3.3535,0,0,46.081,0,0,0,0,0,0,26.959,0,0,6.0578,40.023,0,0,0,0,26.959,0,9.4113,20.902,23.606,0,46.081,0,0,0,0,0,0,0,0,0,1,0,0,1,0,0,0,0,1,0,0,0
0,0,10.188,0,0,89.812,0,0,0,0,0,0,0,0,0,0,89.812,0,0,5.0942,0,5.0942,0,0,0,0,0,84.717,5.0942,0,5.0942,0,5.0942,0,0,0,0.91667,0.083333,0,0,1,0,0,0,0,1,0,0,0
0,0,0,0,0,90.979,0,0,9.021,0,0,0,0,0,9.021,0,90.979,0,0,0,0,0,0,0,0,0,0,90.979,0,0,0,0,9.021,0,0,0,0.95714,0.042857,0,0,1,0,0,0,0,1,0,0,0
14.685,38.345,0,4.4293,0,37.475,0,0,5.0663,0,0,0,0,14.571,10.04,2.7856,35.449,9.5044,10.133,7.254,10.264,0,2.2147,15.115,12.47,25.445,0,35.26,0,2.2147,0,7.281,0,0,0,0,0.6,0.4,0,0,1,0,0,0,0,1,0,0,0
22.372,19.039,0,5.732,4.5175,36.068,7.633,0,4.6379,0,0,0,7.1339,8.9209,17.252,1.6665,22.75,6.184,18.575,17.517,0,0,3.1155,20.368,6.3044,22.372,0,24.416,7.1339,4.5175,4.5175,7.2544,0,0,0,0,0.58696,0.41304,0,0,1,0,0,0,0,1,0,0,0
0,0,0,7.2651,6.3452,74.641,6.3452,0,5.4037,0,0,0,13.61,7.2651,11.749,0,54.685,6.3452,6.3452,0,0,0,0,6.3452,0,0,0,54.685,13.61,6.3452,6.3452,7.2651,5.4037,0,0,0,0,1,0,0,1,0,0,0,0,1,0,0,0
0,0,0,0,9.3571,86.104,0,0,4.539,0,0,0,0,0,9.5862,0,83.421,0,0,6.993,0,0,0,0,0,6.993,0,79.111,0,4.31,5.0472,0,4.539,0,0,0,0,1,0,0,1,0,0,0,0,1,0,0,0
0,6.5187,0,6.5187,15.258,62.702,9.0027,0,0,0,0,0,9.0027,6.5187,18.517,0,31.707,15.521,9.0027,9.7306,0,0,3.2594,12.262,3.2594,6.4712,0,34.966,9.0027,12.262,15.258,3.2594,0,0,0,0,0.35484,0.64516,0,0,1,0,0,0,0,1,0,0,0
11.971,0,0,7.6171,11.971,68.442,0,0,0,0,0,11.971,7.6171,7.6171,0,0,60.824,0,0,11.971,0,0,0,0,0,11.971,0,60.824,7.6171,11.971,0,7.6171,0,0,0,0,0.34375,0.65625,0,0,1,0,0,0,0,1,0,0,0
5.4682,16.931,18.4,0,0,53.732,0,0,5.4682,0,0,11.2,0,0,0,0,53.732,18.4,0,0,0,16.668,18.4,0,5.4682,11.463,0,59.2,0,0,5.4682,0,0,0,0,0,0.78824,0.21176,0,0,1,0,0,0,0,1,0,0,0
9.6807,10.715,15.907,0,9.6807,46.271,0,0,7.7458,0,0,15.038,0,0,0,0,46.271,15.907,0,9.6807,0,13.103,15.907,0,5.3573,15.038,0,46.271,0,9.6807,7.7458,0,0,0,0,0,0,1,0,0,1,0,0,0,0,1,0,0,0
9.985,0,0,0,9.985,80.03,0,0,0,0,0,9.985,0,0,0,0,80.03,0,0,9.985,0,0,0,0,0,9.985,0,80.03,0,9.985,0,0,0,0,0,0,0,1,0,0,1,0,0,0,0,1,0,0,0
0,0,0,0,6.7907,93.209,0,0,0,0,0,0,0,0,0,0,100,0,0,0,0,0,0,0,0,0,0,93.209,0,6.7907,0,0,0,0,0,0,0,1,0,0,1,0,0,0,0,1,0,0,0
9.8023,9.8023,0,0,8.0295,62.564,0,0,9.8023,0,0,9.8023,0,0,0,0,61.036,0,0,9.5575,0,19.605,0,0,9.8023,9.5575,0,62.808,0,8.0295,9.8023,0,0,0,0,0,0.34066,0.65934,0,0,1,0,0,0,0,1,0,0,0
0,0,0,0,0,100,0,0,0,0,0,0,0,0,0,0,100,0,0,0,0,0,0,0,0,0,0,100,0,0,0,0,0,0,0,0,0,1,0,0,1,0,0,0,0,1,0,0,0
22.784,35.41,0,0,0,41.806,0,0,0,0,0,0,3.426,11.208,14.119,1.8594,41.617,9.606,5.1747,1.8594,11.13,0,0,21.866,10.271,26.057,0,41.806,0,0,0,0,0,0,0,0,0.74359,0.25641,0,0,1,0,0,0,0,1,0,0,0
13.842,15.84,0,11.226,0,46.212,0,0,12.879,0,0,0,0,15.84,5.6132,17.493,17.493,15.84,17.493,10.227,0,0,5.6132,5.6132,10.227,13.842,0,14.841,25.758,5.6132,0,18.492,0,0,0,0,0,1,0,0,1,0,0,0,0,1,0,0,0
0,66.667,0,0,0,33.333,0,0,0,0,0,0,0,16.667,16.667,16.667,16.667,16.667,0,0,16.667,0,0,33.333,0,33.333,0,33.333,0,0,0,0,0,0,0,0,0,1,0,0,1,0,0,0,0,1,0,0,0
0,0,0,0,33.333,33.333,0,0,0,33.333,0,0,0,0,33.333,0,0,66.667,0,0,0,0,0,0,0,0,0,0,33.333,33.333,0,33.333,0,0,0,0,0,1,0,0,1,0,0,0,0,1,0,0,0
13.536,13.536,0,0,6.4652,52.928,0,0,13.536,0,0,0,0,13.536,0,6.4652,46.462,6.4652,27.071,0,0,0,0,0,13.536,13.536,0,29.696,23.231,6.4652,0,13.536,0,0,0,0,0.23529,0.76471,0,0,1,0,0,0,0,1,0,0,0
0,0,0,0,11.78,70.593,0,0,17.627,0,0,0,0,0,0,29.407,41.186,11.78,17.627,0,0,0,0,0,0,0,0,23.559,47.034,11.78,0,17.627,0,0,0,0,0.32911,0.67089,0,0,1,0,0,0,0,1,0,0,0
0,0,0,0,8.0698,59.989,0,0,0,31.941,0,0,0,0,11.927,8.0698,28.066,51.938,0,0,0,0,0,0,0,0,0,39.993,19.996,8.0698,0,31.941,0,0,0,0,0.15517,0.84483,0,0,1,0,0,0,0,1,0,0,0
0,0,0,0,10.686,71.673,0,0,6.9545,10.686,0,0,0,0,18.344,6.9545,38.717,29.03,6.9545,0,0,0,0,0,0,0,0,27.368,44.305,10.686,0,17.641,0,0,0,0,0.23944,0.76056,0,0,1,0,0,0,0,1,0,0,0
0,44.089,13.702,0,0,42.209,0,0,0,0,0,6.7901,15.254,0,0,0,42.209,13.702,0,0,0,22.044,13.702,0,22.044,22.044,0,42.209,0,0,0,0,0,0,0,0,0,1,0,0,1,0,0,0,0,1,0,0,0
8.8545,48.711,15.13,0,0,18.45,0,0,8.8545,0,0,28.783,0,0,0,0,18.45,15.13,0,0,0,37.637,15.13,0,23.985,24.726,0,27.304,0,0,8.8545,0,0,0,0,0,0,1,0,0,1,0,0,0,0,1,0,0,0
0,20.979,0,0,0,79.021,0,0,0,0,0,6.015,4.4745,0,0,0,79.021,0,0,0,0,10.489,0,0,4.4745,16.504,0,79.021,0,0,0,0,0,0,0,0,0,1,0,0,1,0,0,0,0,1,0,0,0
0,0,0,0,0,72.405,0,0,27.595,0,0,0,0,0,0,0,72.405,27.595,0,0,0,0,0,0,0,0,0,72.405,0,0,0,0,27.595,0,0,0,0,1,0,0,1,0,0,0,0,1,0,0,0
9.5306,9.5306,0,0,0,64.112,0,0,16.827,0,0,9.5306,0,0,0,0,64.112,7.2965,0,0,0,19.061,0,0,9.5306,0,0,73.642,0,0,9.5306,0,7.2965,0,0,0,0,1,0,0,1,0,0,0,0,1,0,0,0
0,0,0,0,0,88.301,0,0,11.699,0,0,0,0,0,0,0,88.301,0,0,0,0,11.699,0,0,0,0,0,88.301,0,0,11.699,0,0,0,0,0,0,1,0,0,1,0,0,0,0,1,0,0,0
0,0,0,0,0,68.167,0,0,31.833,0,0,5.0029,0,0,0,0,68.167,21.307,0,0,0,5.5229,0,0,0,0,0,68.167,0,0,10.526,0,21.307,0,0,0,0,1,0,0,1,0,0,0,0,1,0,0,0
0,0,0,0,0,90.413,0,0,9.5871,0,0,0,0,0,0,0,90.413,9.5871,0,0,0,0,0,0,0,0,0,90.413,0,0,0,0,9.5871,0,0,0,0,1,0,0,1,0,0,0,0,1,0,0,0
0,0,0,0,0,100,0,0,0,0,0,0,0,0,0,0,100,0,0,0,0,0,0,0,0,0,0,100,0,0,0,0,0,0,0,0,0,1,0,0,1,0,0,0,0,1,0,0,0
0,0,0,0,0,100,0,0,0,0,0,0,0,0,0,0,100,0,0,0,0,0,0,0,0,0,0,100,0,0,0,0,0,0,0,0,0,1,0,0,1,0,0,0,0,1,0,0,0
0,0,0,0,0,100,0,0,0,0,0,0,0,0,0,0,100,0,0,0,0,0,0,0,0,0,0,100,0,0,0,0,0,0,0,0,0,1,0,0,1,0,0,0,0,1,0,0,0
0,0,0,0,0,100,0,0,0,0,0,0,0,0,0,0,100,0,0,0,0,0,0,0,0,0,0,100,0,0,0,0,0,0,0,0,0,1,0,0,1,0,0,0,0,1,0,0,0
0,0,0,0,0,100,0,0,0,0,0,0,0,0,0,0,100,0,0,0,0,0,0,0,0,0,0,100,0,0,0,0,0,0,0,0,0,1,0,0,1,0,0,0,0,1,0,0,0
0,0,0,0,0,100,0,0,0,0,0,0,0,0,0,0,100,0,0,0,0,0,0,0,0,0,0,100,0,0,0,0,0,0,0,0,0,1,0,0,1,0,0,0,0,1,0,0,0
0,0,0,0,0,100,0,0,0,0,0,0,0,0,0,0,100,0,0,0,0,0,0,0,0,0,0,100,0,0,0,0,0,0,0,0,0,1,0,0,1,0,0,0,0,1,0,0,0
0,0,0,0,0,100,0,0,0,0,0,0,0,0,0,0,100,0,0,0,0,0,0,0,0,0,0,100,0,0,0,0,0,0,0,0,0,1,0,0,1,0,0,0,0,1,0,0,0
29.871,5.5345,7.401,0,0,54.838,0,0,0,2.3557,0,0,2.0299,6.9305,12.109,0,57.738,7.401,6.316,4.7081,2.0299,0.73731,7.401,14.876,21.614,8.346,4.7081,40.699,0,0,0,2.3557,0,0,0,0,0.96774,0.032258,0,0,1,0,0,0,0,1,0,0,0
0,0,0,0,0,100,0,0,0,0,0,0,0,0,0,0,100,0,0,0,0,0,0,0,0,0,0,100,0,0,0,0,0,0,0,0,0,1,0,0,1,0,0,0,0,1,0,0,0
0,15.143,0,0,0,84.857,0,0,0,0,0,0,7.5717,0,0,0,84.857,0,0,0,7.5717,0,0,0,15.143,0,0,77.285,0,0,7.5717,0,0,0,0,0,0,1,0,0,1,0,0,0,0,1,0,0,0
7.6641,15.328,0,0,0,77.008,0,0,0,0,0,0,7.6641,0,0,0,84.672,0,0,0,7.6641,0,0,7.6641,15.328,7.6641,0,69.343,0,0,0,0,0,0,0,0,0,1,0,0,1,0,0,0,0,1,0,0,0
0,0,0,0,0,100,0,0,0,0,0,0,0,0,0,0,100,0,0,0,0,0,0,0,0,0,0,100,0,0,0,0,0,0,0,0,0,1,0,0,1,0,0,0,0,1,0,0,0
0,32.898,14.193,0,0,52.909,0,0,0,0,0,0,16.449,0,0,28.326,24.583,0,0,0,0,30.642,0,14.133,16.51,16.449,0,52.909,0,0,0,0,0,0,0,0,0,1,0,0,1,0,0,0,0,1,0,0,0
0,16.065,6.7598,0,0,77.176,0,0,0,0,0,0,11.412,0,0,0,77.176,0,0,0,0,11.412,0,6.7598,11.412,4.6524,0,77.176,0,0,0,0,0,0,0,0,0,1,0,0,1,0,0,0,0,1,0,0,0
0,0,0,0,0,100,0,0,0,0,0,0,0,0,0,0,100,0,0,0,0,0,0,0,0,0,0,100,0,0,0,0,0,0,0,0,0,1,0,0,1,0,0,0,0,1,0,0,0
0,0,0,0,0,54.884,0,0,45.116,0,0,0,22.558,0,0,0,29.304,25.58,0,12.79,9.768,0,0,0,0,0,0,54.884,0,0,0,45.116,0,0,0,0,0,1,0,0,1,0,0,0,0,1,0,0,0
0,0,0,0,0,100,0,0,0,0,0,0,0,0,0,0,100,0,0,0,0,0,0,0,0,0,0,100,0,0,0,0,0,0,0,0,0,1,0,0,1,0,0,0,0,1,0,0,0
0,0,0,0,0,58.769,0,0,41.231,0,0,0,18.185,0,0,0,41.416,17.353,0,14.715,8.3302,0,0,0,0,0,0,58.769,0,0,0,41.231,0,0,0,0,0,1,0,0,1,0,0,0,0,1,0,0,0
0,0,0,0,0,65.119,0,0,34.881,0,0,0,11.292,0,11.075,0,35.829,18.215,0,12.297,11.292,0,0,0,0,0,0,54.044,11.075,0,0,34.881,0,0,0,0,0.26562,0.73438,0,0,1,0,0,0,0,1,0,0,0
0,0,0,0,18.762,49.809,0,0,18.794,12.636,0,0,9.3968,0,12.636,6.1266,12.253,50.191,0,9.3968,0,0,0,0,0,0,0,31.047,18.762,18.762,0,31.429,0,0,0,0,0.22222,0.77778,0,0,1,0,0,0,0,1,0,0,0
0,0,0,0,0,62.043,0,0,37.957,0,0,0,23.073,0,0,0,47.69,14.353,0,7.1767,7.7068,0,0,0,0,0,0,62.043,0,0,0,37.957,0,0,0,0,0.10526,0.89474,0,0,1,0,0,0,0,1,0,0,0
0,0,0,0,0,100,0,0,0,0,0,0,0,0,0,0,100,0,0,0,0,0,0,0,0,0,0,100,0,0,0,0,0,0,0,0,0,1,0,0,1,0,0,0,0,1,0,0,0
0,0,0,0,0,88.277,0,0,7.8156,3.9078,0,3.9078,0,0,0,0,88.277,3.9078,0,0,0,3.9078,0,0,0,0,0,88.277,0,0,7.8156,3.9078,0,0,0,0,0,1,0,0,1,0,0,0,0,1,0,0,0
0,0,0,0,0,100,0,0,0,0,0,0,0,0,0,0,100,0,0,0,0,0,0,0,0,0,0,100,0,0,0,0,0,0,0,0,0,1,0,0,1,0,0,0,0,1,0,0,0
0,0,0,0,0,70.989,0,0,19.34,9.6702,0,9.6702,0,0,0,0,70.989,9.6702,0,0,0,9.6702,0,0,0,0,0,70.989,0,0,19.34,9.6702,0,0,0,0,0,1,0,0,1,0,0,0,0,1,0,0,0
0,0,0,0,0,75.944,0,0,19.786,4.2698,0,4.2698,0,0,0,0,75.944,15.517,0,0,0,4.2698,0,0,0,0,0,70.833,5.1106,0,8.5396,9.3804,6.1363,0,0,0,0,1,0,0,1,0,0,0,0,1,0,0,0
0,0,0,0,0,91.602,0,0,8.3982,0,0,5.4707,0,0,0,0,91.602,2.9275,0,0,0,0,0,0,0,0,0,88.674,2.9275,0,5.4707,2.9275,0,0,0,0,0,1,0,0,1,0,0,0,0,1,0,0,0
0,0,0,0,0,75.211,0,0,13.291,11.498,0,8.6455,0,0,0,0,75.211,4.6455,0,0,0,11.498,0,0,0,0,0,55.866,19.345,0,20.143,4.6455,0,0,0,0,0,1,0,0,1,0,0,0,0,1,0,0,0
0,0,0,0,0,96.161,0,0,3.8391,0,0,0,0,0,0,0,96.161,3.8391,0,0,0,0,0,0,0,0,0,82.709,13.452,0,0,3.8391,0,0,0,0,0,1,0,0,1,0,0,0,0,1,0,0,0
0,0,0,0,0,83.089,0,0,16.911,0,0,0,12.095,0,0,0,83.089,0,0,0,4.8156,0,0,0,0,0,0,83.089,0,0,0,16.911,0,0,0,0,0,1,0,0,1,0,0,0,0,1,0,0,0
0,0,0,0,0,76.789,0,0,23.211,0,0,0,11.606,0,0,0,69.552,7.2369,0,0,11.606,0,0,0,0,0,0,76.789,0,0,0,23.211,0,0,0,0,0,1,0,0,1,0,0,0,0,1,0,0,0
0,0,0,0,0,75,0,0,25,0,0,0,25,0,0,0,75,0,0,0,0,0,0,0,0,0,0,75,0,0,0,25,0,0,0,0,0.066667,0.93333,0,0,1,0,0,0,0,1,0,0,0
0,0,0,0,0,79.025,0,0,4.1273,16.847,0,0,0,0,0,0,79.025,4.1273,0,0,0,16.847,0,0,0,0,0,41.203,37.822,0,16.847,4.1273,0,0,0,0,0,1,0,0,1,0,0,0,0,1,0,0,0
0,0,0,0,0,100,0,0,0,0,0,0,0,0,0,0,100,0,0,0,0,0,0,0,0,0,0,100,0,0,0,0,0,0,0,0,0,1,0,0,1,0,0,0,0,1,0,0,0
0,0,0,0,0,100,0,0,0,0,0,0,0,0,0,0,100,0,0,0,0,0,0,0,0,0,0,100,0,0,0,0,0,0,0,0,0,1,0,0,1,0,0,0,0,1,0,0,0
0,0,0,0,0,100,0,0,0,0,0,0,0,0,0,0,100,0,0,0,0,0,0,0,0,0,0,100,0,0,0,0,0,0,0,0,0,1,0,0,1,0,0,0,0,1,0,0,0
0,0,0,0,0,100,0,0,0,0,0,0,0,0,0,0,100,0,0,0,0,0,0,0,0,0,0,100,0,0,0,0,0,0,0,0,0,1,0,0,1,0,0,0,0,1,0,0,0
0,0,0,0,0,100,0,0,0,0,0,0,0,0,0,0,100,0,0,0,0,0,0,0,0,0,0,100,0,0,0,0,0,0,0,0,0,1,0,0,1,0,0,0,0,1,0,0,0
0,0,0,0,0,100,0,0,0,0,0,0,0,0,0,0,100,0,0,0,0,0,0,0,0,0,0,100,0,0,0,0,0,0,0,0,0,1,0,0,1,0,0,0,0,1,0,0,0
0,0,0,0,0,100,0,0,0,0,0,0,0,0,0,0,100,0,0,0,0,0,0,0,0,0,0,100,0,0,0,0,0,0,0,0,0,1,0,0,1,0,0,0,0,1,0,0,0
0,0,0,0,0,100,0,0,0,0,0,0,0,0,0,0,100,0,0,0,0,0,0,0,0,0,0,100,0,0,0,0,0,0,0,0,0,1,0,0,1,0,0,0,0,1,0,0,0
0,0,0,0,0,100,0,0,0,0,0,0,0,0,0,0,100,0,0,0,0,0,0,0,0,0,0,100,0,0,0,0,0,0,0,0,0,1,0,0,1,0,0,0,0,1,0,0,0
0,0,0,0,20.395,79.605,0,0,0,0,0,0,0,20.395,0,0,59.21,0,20.395,0,0,0,0,0,0,0,0,79.605,0,20.395,0,0,0,0,0,0,0,1,0,0,1,0,0,0,0,1,0,0,0
0,4.2497,8.9728,9.7174,10.052,45.862,0,21.146,0,0,0,0,5.4678,9.835,6.6112,8.9728,43.5,0,5.4678,11.71,3.1062,5.3291,7.3559,4.7231,20.263,0,0,36.145,9.7174,4.7231,0,13.967,3.1062,0,0,0,0,1,0,0,1,0,0,0,0,1,0,0,1
7.1256,6.7716,5.4971,6.4956,16.304,25.102,5.6118,6.2023,11.801,9.0884,0,15.385,4.9498,4.6124,2.5133,19.461,9.6897,9.3121,2.7944,4.9437,11.254,15.085,14.809,8.6995,4.313,8.0423,10.424,8.0484,1.5519,2.9021,14.645,21.943,4.6223,0.066667,0.033333,0.066667,0.23333,0.6,0,0,1,0,0,0,0,1,0,0,1
0,0,0,0,0,100,0,0,0,0,0,0,0,0,0,0,100,0,0,0,0,0,0,0,0,0,0,100,0,0,0,0,0,0,0,0,0,1,0,0,1,0,0,0,0,1,0,0,0
0,0,0,0,0,100,0,0,0,0,0,0,0,0,0,0,100,0,0,0,0,0,0,0,0,0,0,83.914,16.086,0,0,0,0,0,0,0,0,1,0,0,1,0,0,0,0,1,0,0,0
0,0,0,0,0,100,0,0,0,0,0,0,0,0,0,0,100,0,0,0,0,0,0,0,0,0,0,100,0,0,0,0,0,0,0,0,0.11905,0.88095,0,0,1,0,0,0,0,1,0,0,0
4.258,0,5.1768,0,0,61.184,0,0,5.1768,5.1768,19.028,5.1768,5.1768,0,5.1768,5.1768,74.116,0,0,5.1768,0,0,5.1768,0,4.258,0,0,50.83,10.354,19.028,0,5.1768,5.1768,0.15625,0,0.25,0.09375,0.5,0,0,1,0,0,0,0,1,0,0,0
0,3.063,20.627,1.6837,21.112,17.752,21.473,2.1554,4.6364,4.4345,3.063,9.305,9.2641,11.884,2.3572,14.935,15.896,4.9062,22.455,1.6837,0.94333,6.3692,4.4022,26.026,21.548,5.7392,2.7554,0,0,0,18.056,21.162,0.31222,0.071429,0,0,0.14286,0.78571,0,0,1,0,0,0,0,1,0,0,1
0,3.7425,17.456,2.5324,6.2732,33.205,12.906,11.731,4.3065,4.7008,3.1454,9.2261,0.39432,4.0666,2.5324,21.333,33.429,5.0952,12.733,2.5324,1.3857,7.273,12.892,41.464,13.111,5.7065,2.7282,0,0,0,19.99,3.7281,0.37996,0.27273,0,0.090909,0.18182,0.45455,0,0,1,0,0,0,0,1,0,0,1
0,0,29.3,0,21.324,49.376,0,0,0,0,0,0,13.614,0,15.815,2.2005,38.513,16.788,0,4.9517,8.1185,0,0,0,0,0,0,35.762,2.2005,18.566,2.7512,38.52,2.2005,0,0,0,0.12903,0.87097,0,0,1,0,0,0,0,1,0,0,0
0,0,0,41.12,7.8743,7.4776,17.244,26.284,0,0,0,15.749,9.9526,0,0,18.74,29.275,0,0,0,8.4571,17.827,0,28.692,24.788,0,1.4955,2.991,1.4955,0,0,32.663,7.8743,0,0,0,0,1,0,0,1,0,0,0,0,1,0,0,0
0,0,0,0,11.791,54.654,0,0,21.764,11.791,0,0,0,21.764,0,0,54.654,11.791,0,0,0,11.791,0,0,0,0,0,36.436,18.218,11.791,11.791,21.764,0,0,0,0,0,1,0,0,1,0,0,0,0,1,0,0,0
4.6753,4.0817,11.262,2.1736,27.529,16.84,2.7876,0.73147,23.468,6.4513,0,10,5.852,3.417,1.2735,29.671,15.933,18.385,2.6539,1.2941,7.1828,4.3377,7.5194,8.8627,2.3424,1.2941,4.6659,3.6064,0,5.8887,20.745,43.991,1.084,0.13043,0,0,0.086957,0.78261,0,0,1,0,0,0,0,1,0,0,1
19.528,3.85,14.691,1.8824,9.0683,12.042,7.3908,0.99094,18.819,11.738,0,11.726,4.2345,12.122,6.4142,24.656,8.2841,11.535,8.7813,1.8824,1.8824,8.4822,11.441,20.422,12.828,1.8824,7.9751,2.2669,0,5.4232,5.7103,26.628,5.4232,0,0,0,0,1,0,0,1,0,0,0,0,1,0,0,1
0,0,23.658,0,0,76.342,0,0,0,0,0,0,0,0,5.9145,7.6025,68.74,0,5.9145,0,5.9145,5.9145,5.9145,5.9145,5.9145,0,0,64.513,0,5.9145,0,5.9145,5.9145,0,0,0,1,0,0,0,1,0,0,0,0,1,0,0,0
0,0,0,0,0,89.937,0,0,10.063,0,0,0,10.063,0,0,0,89.937,0,0,0,0,0,0,0,0,0,0,89.937,0,0,0,10.063,0,0,0,0,1,0,0,0,1,0,0,0,0,1,0,0,0
0,0,0,0,0,100,0,0,0,0,0,0,0,0,0,0,100,0,0,0,0,0,0,0,0,0,0,100,0,0,0,0,0,0,0,0,0,1,0,0,1,0,0,0,0,1,0,0,0
0,0,0,0,0,100,0,0,0,0,0,0,0,0,0,0,100,0,0,0,0,0,0,0,0,0,0,100,0,0,0,0,0,0,0,0,0,1,0,0,1,0,0,0,0,1,0,0,0
0,0,0,0,0,100,0,0,0,0,0,0,0,0,0,0,100,0,0,0,0,0,0,0,0,0,0,100,0,0,0,0,0,0,0,0,0,1,0,0,1,0,0,0,0,1,0,0,0
0,0,0,0,0,83.001,0,0,16.999,0,0,0,0,0,0,0,83.001,16.999,0,0,0,0,0,0,0,0,0,83.001,0,0,0,0,16.999,0,0,0,1,0,0,0,1,0,0,0,0,1,0,0,0
0,0,0,0,0,100,0,0,0,0,0,0,0,0,0,0,100,0,0,0,0,0,0,0,0,0,0,100,0,0,0,0,0,0,0,0,0,1,0,0,1,0,0,0,0,1,0,0,0
0,0,0,0,0,100,0,0,0,0,0,0,0,0,0,0,100,0,0,0,0,0,0,0,0,0,0,100,0,0,0,0,0,0,0,0,0,1,0,0,1,0,0,0,0,1,0,0,0
0,0,0,0,0,54.162,21.668,24.17,0,0,0,0,0,0,24.17,21.668,54.162,0,0,0,0,0,0,24.17,0,21.668,0,54.162,0,0,0,0,0,0,0,0,0.028571,0.97143,0,0,1,0,0,0,0,1,0,0,0
0,0,24.108,0,2.7481,63.87,0,0,9.2737,0,0,9.8682,0,9.8682,0,20.766,43.104,0,7.1201,0,0,9.2737,14.24,9.8682,0,2.7481,2.7481,53.567,7.555,0,0,6.5256,2.7481,0,0,0,0,1,0,0,1,0,0,0,0,1,0,0,0
0,0,0,0,0,100,0,0,0,0,0,0,0,0,0,0,100,0,0,0,0,0,0,0,0,0,0,100,0,0,0,0,0,0,0,0,0,1,0,0,1,0,0,0,0,1,0,0,0
0,0,0,0,0,100,0,0,0,0,0,0,0,0,0,0,100,0,0,0,0,0,0,0,0,0,0,100,0,0,0,0,0,0,0,0,0,1,0,0,1,0,0,0,0,1,0,0,0
0,0,35.428,0,1.6812,59.695,0,0,3.195,0,0,13.956,0,7.8953,0,24.888,36.489,2.238,11.594,0,0,2.9399,23.614,11.815,0,2.238,1.6812,49.084,6.1349,2.238,0,1.2586,1.9364,0,0,0,0,1,0,0,1,0,0,0,0,1,0,0,0
0,0,22.523,0,0,69.016,0,0,6.0532,2.4083,0,4.2308,4.2308,0,2.4083,4.2308,62.377,0,16.469,2.4083,1.8225,1.8225,2.4083,7.2898,0,0,0,49.552,19.464,0,1.8225,17.055,2.4083,0,0,0,1,0,0,0,1,0,0,0,0,1,0,0,0
0,0,0,0,0,100,0,0,0,0,0,0,0,0,0,0,100,0,0,0,0,0,0,0,0,0,0,100,0,0,0,0,0,0,0,0,0,1,0,0,1,0,0,0,0,1,0,0,0
0,0,0,0,0,100,0,0,0,0,0,0,0,0,0,0,100,0,0,0,0,0,0,0,0,0,0,100,0,0,0,0,0,0,0,0,0.055556,0.94444,0,0,1,0,0,0,0,1,0,0,0
8.6931,5.3814,6.7297,0,0,69.16,0,0,0,10.035,0,0,0,5.3814,4.039,0,71.124,6.7297,7.3448,0,2.6907,2.6907,6.7297,6.7297,4.039,7.3448,2.6907,62.431,0,0,0,10.035,0,0,0,0,0,1,0,0,1,0,0,0,0,1,0,0,0
0,43.609,13.834,0,0,42.556,0,0,0,0,0,0,28.722,0,0,14.887,27.669,0,0,0,0,28.722,0,28.722,13.834,14.887,0,42.556,0,0,0,0,0,0,0,0,0.88889,0.11111,0,0,1,0,0,0,0,1,0,0,0
0,0,0,0,0,87.421,0,0,12.579,0,0,0,0,0,0,0,87.421,12.579,0,0,0,0,0,0,0,0,0,87.421,0,0,0,0,12.579,0,0,0,0,1,0,0,1,0,0,0,0,1,0,0,0
0,0,0,0,0,100,0,0,0,0,0,0,0,0,0,0,100,0,0,0,0,0,0,0,0,0,0,100,0,0,0,0,0,0,0,0,0,1,0,0,1,0,0,0,0,1,0,0,0
0,0,0,0,0,100,0,0,0,0,0,0,0,0,0,0,100,0,0,0,0,0,0,0,0,0,0,100,0,0,0,0,0,0,0,0,0,1,0,0,1,0,0,0,0,1,0,0,0
0,0,0,0,0,86.507,0,0,7.5086,5.9849,0,3.1416,0,0,0,0,86.507,4.367,0,0,0,5.9849,0,0,0,0,0,70.17,16.337,0,9.1265,4.367,0,0,0,0,0,1,0,0,1,0,0,0,0,1,0,0,0
0,0,0,0,0,81.725,0,0,13.791,4.4831,0,4.4831,0,0,0,0,81.725,9.3083,0,0,0,4.4831,0,0,0,0,0,60.689,21.036,0,8.9663,9.3083,0,0,0,0,0,1,0,0,1,0,0,0,0,1,0,0,0
