h1,h2,h3,h4,h5,h6,h7,h8,h9,h10,h11,h12,h13,h14,h15,h16,h17,h18,h19,h20,h21,h22,h23,h24,h25,h26,h27,h28,h29,h30,h31,h32,h33,h34,h35,h36,h37,h38,h39,h40,h41,h42,h43,h44,h45,h46,h47,h48,label
0,0,0,0,0,100,0,0,0,0,0,0,0,0,0,0,100,0,0,0,0,0,0,0,0,0,0,100,0,0,0,0,0,0,0,0,0,1,0,0,1,0,0,0,0,1,0,0,0
0,0,0,0,0,100,0,0,0,0,0,0,0,0,0,0,100,0,0,0,0,0,0,0,0,0,0,100,0,0,0,0,0,0,0,0,0,1,0,0,1,0,0,0,0,1,0,0,0
0,0,0,0,0,100,0,0,0,0,0,0,0,0,0,0,100,0,0,0,0,0,0,0,0,0,0,100,0,0,0,0,0,0,0,0,0,1,0,0,1,0,0,0,0,1,0,0,0
0,0,0,0,0,100,0,0,0,0,0,0,0,0,0,0,100,0,0,0,0,0,0,0,0,0,0,100,0,0,0,0,0,0,0,0.011765,0,0.98824,0,0,1,0,0,0,0,1,0,0,0
0,0,0,0,0,100,0,0,0,0,0,0,0,0,0,0,100,0,0,0,0,0,0,0,0,0,0,100,0,0,0,0,0,0,0,0,0,1,0,0,1,0,0,0,0,1,0,0,0
0,0,0,0,0,100,0,0,0,0,0,0,0,0,0,0,100,0,0,0,0,0,0,0,0,0,0,100,0,0,0,0,0,0,0,0,0,1,0,0,1,0,0,0,0,1,0,0,0
0,0,0,0,0,100,0,0,0,0,0,0,0,0,0,0,100,0,0,0,0,0,0,0,0,0,0,100,0,0,0,0,0,0,0,0,0,1,0,0,1,0,0,0,0,1,0,0,0
0,0,0,0,0,100,0,0,0,0,0,0,0,0,0,0,100,0,0,0,0,0,0,0,0,0,0,100,0,0,0,0,0,0,0,0,0,1,0,0,1,0,0,0,0,1,0,0,0
0,0,0,0,0,100,0,0,0,0,0,0,0,0,0,0,100,0,0,0,0,0,0,0,0,0,0,100,0,0,0,0,0,0,0,0.014085,0.16901,0.8169,0,0,1,0,0,0,0,1,0,0,0
0,0,0,0,0,100,0,0,0,0,0,0,0,0,0,0,100,0,0,0,0,0,0,0,0,0,0,100,0,0,0,0,0,0,0,0,0,1,0,0,1,0,0,0,0,1,0,0,0
0,0,0,0,0,100,0,0,0,0,0,0,0,0,0,0,100,0,0,0,0,0,0,0,0,0,0,100,0,0,0,0,0,0,0,0,0,1,0,0,1,0,0,0,0,1,0,0,0
0,0,0,0,0,100,0,0,0,0,0,0,0,0,0,0,100,0,0,0,0,0,0,0,0,0,0,100,0,0,0,0,0,0,0,0,0,1,0,0,1,0,0,0,0,1,0,0,0
0,0,0,0,0,100,0,0,0,0,0,0,0,0,0,0,100,0,0,0,0,0,0,0,0,0,0,100,0,0,0,0,0,0,0,0,0,1,0,0,1,0,0,0,0,1,0,0,0
0,0,0,0,7.2761,92.724,0,0,0,0,0,0,0,0,0,10.025,82.699,7.2761,0,0,0,0,0,0,0,0,0,82.699,17.301,0,0,0,0,0,0,0,0,1,0,0,1,0,0,0,0,1,0,0,0
0,0,0,0,32.433,67.567,0,0,0,0,0,0,0,0,0,25.668,41.899,32.433,0,0,0,0,0,0,0,0,0,41.899,58.101,0,0,0,0,0,0,0,0,1,0,0,1,0,0,0,0,1,0,0,0
0,0,0,0,0,100,0,0,0,0,0,0,0,0,0,0,100,0,0,0,0,0,0,0,0,0,0,100,0,0,0,0,0,0,0,0,0,1,0,0,1,0,0,0,0,1,0,0,0
0,0,0,0,0,100,0,0,0,0,0,0,0,0,0,0,100,0,0,0,0,0,0,0,0,0,0,100,0,0,0,0,0,0,0,0,0,1,0,0,1,0,0,0,0,1,0,0,0
0,0,0,0,0,100,0,0,0,0,0,0,0,0,0,0,100,0,0,0,0,0,0,0,0,0,0,100,0,0,0,0,0,0,0,0,0,1,0,0,1,0,0,0,0,1,0,0,0
0,0,0,0,0,100,0,0,0,0,0,0,0,0,0,0,100,0,0,0,0,0,0,0,0,0,0,100,0,0,0,0,0,0,0,0,0,1,0,0,1,0,0,0,0,1,0,0,0
0,0,0,0,0,100,0,0,0,0,0,0,0,0,0,0,100,0,0,0,0,0,0,0,0,0,0,100,0,0,0,0,0,0,0,0,0,1,0,0,1,0,0,0,0,1,0,0,0
0,0,0,0,0,100,0,0,0,0,0,0,0,0,0,0,100,0,0,0,0,0,0,0,0,0,0,100,0,0,0,0,0,0,0,0,0,1,0,0,1,0,0,0,0,1,0,0,0
0,0,0,0,0,100,0,0,0,0,0,0,0,0,0,0,100,0,0,0,0,0,0,0,0,0,0,100,0,0,0,0,0,0,0,0,0,1,0,0,1,0,0,0,0,1,0,0,0
0,0,0,0,0,100,0,0,0,0,0,0,0,0,0,0,100,0,0,0,0,0,0,0,0,0,0,100,0,0,0,0,0,0,0,0,0,1,0,0,1,0,0,0,0,1,0,0,0
0,0,0,0,0,100,0,0,0,0,0,0,0,0,0,0,100,0,0,0,0,0,0,0,0,0,0,100,0,0,0,0,0,0,0,0,0,1,0,0,1,0,0,0,0,1,0,0,0
0,0,0,0,0,100,0,0,0,0,0,0,0,0,0,0,100,0,0,0,0,0,0,0,0,0,0,100,0,0,0,0,0,0,0,0,0,1,0,0,1,0,0,0,0,1,0,0,0
0,0,0,0,0,100,0,0,0,0,0,0,0,0,0,0,100,0,0,0,0,0,0,0,0,0,0,100,0,0,0,0,0,0,0,0,0,1,0,0,1,0,0,0,0,1,0,0,0
0,0,0,0,0,0,0,0,0,0,0,0,0,0,0,0,0,0,0,0,0,0,0,0,0,0,0,0,0,0,0,0,0,0,0,0,0,1,0,0,1,0,0,0,0,1,0,0,0
0,0,0,0,0,100,0,0,0,0,0,0,0,0,0,0,100,0,0,0,0,0,0,0,0,0,0,100,0,0,0,0,0,0,0,0,0,1,0,0,1,0,0,0,0,1,0,0,0
0,0,0,0,0,100,0,0,0,0,0,0,0,0,0,0,100,0,0,0,0,0,0,0,0,0,0,100,0,0,0,0,0,0,0,0,0,1,0,0,1,0,0,0,0,1,0,0,0
0,0,0,0,0,100,0,0,0,0,0,0,0,0,0,0,100,0,0,0,0,0,0,0,0,0,0,100,0,0,0,0,0,0,0,0,0,1,0,0,1,0,0,0,0,1,0,0,0
0,0,0,0,0,100,0,0,0,0,0,0,0,0,0,0,100,0,0,0,0,0,0,0,0,0,0,100,0,0,0,0,0,0,0,0,0,1,0,0,1,0,0,0,0,1,0,0,0
0,0,0,0,0,100,0,0,0,0,0,0,0,0,0,0,100,0,0,0,0,0,0,0,0,0,0,100,0,0,0,0,0,0,0,0,0,1,0,0,1,0,0,0,0,1,0,0,0
0,0,0,0,17.431,82.569,0,0,0,0,0,0,0,0,0,21.529,66.964,11.507,0,0,0,0,0,0,0,0,0,61.04,38.96,0,0,0,0,0,0,0,0,1,0,0,1,0,0,0,0,1,0,0,0
0,0,0,0,0,100,0,0,0,0,0,0,0,0,0,0,100,0,0,0,0,0,0,0,0,0,0,100,0,0,0,0,0,0,0,0,0,1,0,0,1,0,0,0,0,1,0,0,0
0,0,0,0,20.494,79.506,0,0,0,0,0,0,0,0,0,0,73.5,26.5,0,0,0,0,0,0,0,0,0,79.506,20.494,0,0,0,0,0,0,0,0,1,0,0,1,0,0,0,0,1,0,0,0
0,0,0,0,7.1877,92.812,0,0,0,0,0,0,0,0,0,23.75,69.063,7.1877,0,0,0,0,0,0,0,0,0,69.063,30.937,0,0,0,0,0,0,0,0,1,0,0,1,0,0,0,0,1,0,0,0
0,0,0,0,11.727,88.273,0,0,0,0,0,0,0,0,0,0,86.727,13.273,0,0,0,0,0,0,0,0,0,88.273,11.727,0,0,0,0,0,0,0,0,1,0,0,1,0,0,0,0,1,0,0,0
0,0,0,0,0,100,0,0,0,0,0,0,0,0,0,0,100,0,0,0,0,0,0,0,0,0,0,100,0,0,0,0,0,0,0,0,0,1,0,0,1,0,0,0,0,1,0,0,0
0,0,0,0,5.6852,94.315,0,0,0,0,0,0,0,0,0,0,93.29,6.7104,0,0,0,0,0,0,0,0,0,94.315,5.6852,0,0,0,0,0,0,0,0,1,0,0,1,0,0,0,0,1,0,0,0
0,0,0,0,0,100,0,0,0,0,0,0,0,0,0,0,100,0,0,0,0,0,0,0,0,0,0,100,0,0,0,0,0,0,0,0,0,1,0,0,1,0,0,0,0,1,0,0,0
0,0,0,0,0,100,0,0,0,0,0,0,0,0,0,0,100,0,0,0,0,0,0,0,0,0,0,100,0,0,0,0,0,0,0,0,0,1,0,0,1,0,0,0,0,1,0,0,0
0,0,0,0,19.991,80.009,0,0,0,0,0,0,0,0,0,0,85.545,14.455,0,0,0,0,0,0,0,0,0,80.009,19.991,0,0,0,0,0,0,0,0,1,0,0,1,0,0,0,0,1,0,0,0
0,0,0,0,0,100,0,0,0,0,0,0,0,0,0,0,92.495,7.5046,0,0,0,0,0,0,0,0,0,100,0,0,0,0,0,0,0,0,0,1,0,0,1,0,0,0,0,1,0,0,0
0,0,0,0,0,100,0,0,0,0,0,0,0,0,0,0,100,0,0,0,0,0,0,0,0,0,7.3847,92.615,0,0,0,0,0,0,0,0,0,1,0,0,1,0,0,0,0,1,0,0,0
0,0,0,0,0,100,0,0,0,0,0,0,0,0,0,0,100,0,0,0,0,0,0,0,0,0,3.4387,88.118,8.4435,0,0,0,0,0,0,0,0,1,0,0,1,0,0,0,0,1,0,0,0
0,0,0,0,0,88.757,0,0,11.243,0,0,0,0,0,0,0,84.365,15.635,0,0,0,0,0,0,0,0,11.243,68.731,8.7834,0,0,0,11.243,0,0,0,0,1,0,0,1,0,0,0,0,1,0,0,0
0,0,0,0,0,100,0,0,0,0,0,0,0,0,0,10.592,70.815,18.593,0,0,0,0,0,0,0,0,0,62.814,37.186,0,0,0,0,0,0,0,0,1,0,0,1,0,0,0,0,1,0,0,0
0,0,0,0,0,100,0,0,0,0,0,0,0,0,0,14.829,79.809,5.3623,0,0,0,0,0,0,0,0,0,63.092,36.908,0,0,0,0,0,0,0,0,1,0,0,1,0,0,0,0,1,0,0,0
0,0,0,0,0,91.701,0,0,8.2994,0,0,0,0,0,0,6.242,79.217,14.541,0,0,0,0,0,0,0,0,4.5305,64.701,22.469,0,0,8.2994,0,0,0,0,0,1,0,0,1,0,0,0,0,1,0,0,0
0,0,0,0,0,92.217,0,0,7.7826,0,0,0,0,0,0,13.485,65.247,21.268,0,0,0,0,0,0,0,0,0,65.247,26.97,0,0,0,7.7826,0,0,0,0,1,0,0,1,0,0,0,0,1,0,0,0
0,0,5.429,0,0,87.054,0,0,7.5175,0,0,0,0,0,0,11.756,82.815,0,5.429,0,0,0,5.429,0,0,0,0,75.298,11.756,0,0,7.5175,0,0,0,0,0,1,0,0,1,0,0,0,0,1,0,0,0
0,0,5.714,0,0,72.872,0,0,21.414,0,0,5.714,0,0,0,2.8631,85.709,0,2.8631,0,2.8508,0,2.8631,0,2.8508,0,0,72.872,0,0,5.714,3.2732,12.427,0,0,0,0,1,0,0,1,0,0,0,0,1,0,0,0
0,0,15.399,0,0,53.475,0,0,31.126,0,0,22.405,0,0,0,2.8435,49.445,9.9075,5.4918,0,9.9075,0,5.4918,0,9.9075,0,9.9075,43.567,0,0,22.405,0,8.7212,0.098361,0,0,0.016393,0.88525,0,0,1,0,0,0,0,1,0,0,0
0,0,0,0,0,81.134,0,0,18.866,0,0,0,0,0,0,0,81.134,18.866,0,0,0,0,0,0,0,0,9.6245,71.51,0,0,0,4.9043,13.962,0.11111,0,0,0.027778,0.86111,0,0,1,0,0,0,0,1,0,0,0
0,0,0,0,0,74.999,0,0,25.001,0,0,0,0,0,0,0,74.999,25.001,0,0,0,0,0,0,0,0,16.941,58.058,0,0,0,8.0595,16.941,0.83333,0,0,0,0.16667,0,0,1,0,0,0,0,1,0,0,0
0,0,0,0,0,77.548,0,0,22.452,0,0,0,0,0,0,0,70.339,29.661,0,0,0,0,0,0,0,0,5.1333,57.997,14.417,0,0,13.51,8.9421,0.11429,0,0,0.057143,0.82857,0,0,1,0,0,0,0,1,0,0,0
0,0,0,0,0,71.384,0,0,28.616,0,0,0,0,0,0,0,71.384,28.616,0,0,0,0,0,0,0,0,0,71.384,0,0,0,14.151,14.465,0.93269,0,0.019231,0.038462,0.0096154,0,0,1,0,0,0,0,1,0,0,0
0,0,0,0,0,80.057,0,0,19.943,0,0,0,0,0,0,9.6509,73.891,16.458,0,0,0,0,0,0,0,0,0,70.406,9.6509,0,0,7.7334,12.209,0.13514,0,0,0,0.86486,0,0,1,0,0,0,0,1,0,0,0
0,0,0,0,0,72.999,0,0,27.001,0,0,0,0,0,0,0,79.216,20.784,0,0,0,0,0,0,0,0,6.2172,66.782,0,0,0,14.222,12.779,0.92174,0,0,0.017391,0.06087,0,0,1,0,0,0,0,1,0,0,0
0,0,2.9357,0,0,80.953,0,0,16.111,0,0,0,0,0,0,0,93.835,3.2293,2.9357,0,0,0,2.9357,0,0,0,9.4975,71.456,0,0,0,9.4975,6.6136,0.11594,0,0.014493,0.014493,0.85507,0,0,1,0,0,0,0,1,0,0,0
0,0,3.6424,0,0,73.82,0,0,22.538,0,0,3.6424,0,0,0,3.6424,83.477,5.5961,3.6424,0,0,0,3.6424,0,0,0,4.1789,69.641,0,0,3.6424,9.6568,9.2385,0.88776,0,0,0.081633,0.030612,0,0,1,0,0,0,0,1,0,0,0
0,0,17.708,0,0,60.046,0,0,22.246,0,0,11.899,0,0,0,8.0552,62.338,0,13.865,0,3.8434,0,13.865,0,3.8434,0,0,60.046,0,0,11.899,2.2921,8.0552,0.2,0,0,0,0.8,0,0,1,0,0,0,0,1,0,0,0
0,0,4.7894,0,0,78.786,0,0,16.424,0,0,2.4747,0,0,0,6.7516,79.233,6.7516,2.3147,0,2.4747,0,2.3147,0,2.4747,0,9.9805,68.806,0,0,2.4747,3.2289,10.721,1,0,0,0,0,0,0,1,0,0,0,0,1,0,0,0
0,0,29.24,0,0,41.52,0,0,29.24,0,0,29.24,0,0,0,0,18.421,23.099,0,0,29.24,0,0,0,29.24,0,23.099,18.421,0,0,29.24,0,0,0.16667,0,0.027778,0.027778,0.77778,0,0,1,0,0,0,0,1,0,0,0
0,0,6.6254,0,0,62.463,0,0,30.912,0,0,30.912,0,0,0,6.1002,50.263,6.1002,0,0,6.6254,0,0,0,6.6254,0,6.1002,56.363,0,0,30.912,0,0,0.64706,0.014706,0.17647,0.088235,0.073529,0,0,1,0,0,0,0,1,0,0,0
0,0,0,0,30.811,27.526,0,0,13.759,4.3237,23.58,0,2.4554,0,33.267,7.8178,0,16.214,4.3237,14.597,11.89,9.435,0,0,0,0,0,17.253,12.729,32.428,18.921,18.67,0,0.030303,0,0,0.060606,0.90909,0,0,1,0,0,0,0,1,0,0,0
0,0,1.1861,0,19.659,26.797,0,0,12.977,21.525,17.856,0,10.037,1.1861,23.278,1.9192,11.223,19.601,4.5553,11.179,9.2575,7.7632,0,0,1.1861,0,0,25.611,4.4966,29.65,17.229,21.828,0,0,0,0,0.38235,0.61765,0,0,1,0,0,0,0,1,0,0,0
0,0,0,0,23.007,38.259,0,0,7.2804,7.2804,24.173,0,0,0,14.561,8.4462,14.907,7.2804,15.727,30.633,0,8.4462,0,0,0,0,0,8.4462,29.813,31.453,23.007,7.2804,0,0,0,0,0,1,0,0,1,0,0,0,0,1,0,0,0
0,0,0,0,27.052,33.509,0,0,4.8798,5.5873,28.971,0,6.4639,0,26.018,12.039,2.7937,11.344,4.7051,18.502,8.5501,9.5849,0,0,0,0,0,22.506,14.674,29.304,18.502,15.014,0,0,0,0,0,1,0,0,1,0,0,0,0,1,0,0,0
0,0,0,0,15.101,84.899,0,0,0,0,0,0,0,0,15.101,15.101,54.698,0,0,15.101,0,0,0,0,0,0,0,42.45,42.45,0,15.101,0,0,0,0,0,0,1,0,0,1,0,0,0,0,1,0,0,0
0,0,0,0,0,100,0,0,0,0,0,0,0,0,0,0,72.657,0,0,27.343,0,0,0,0,0,0,0,45.315,54.685,0,0,0,0,0,0,0,0,1,0,0,1,0,0,0,0,1,0,0,0
0,0,0,0,0,100,0,0,0,0,0,0,0,0,0,0,100,0,0,0,0,0,0,0,0,0,0,66.667,33.333,0,0,0,0,0,0,0,0,1,0,0,1,0,0,0,0,1,0,0,0
0,0,0,0,0,100,0,0,0,0,0,0,0,0,0,0,100,0,0,0,0,0,0,0,0,0,0,49.058,50.942,0,0,0,0,0,0,0,0,1,0,0,1,0,0,0,0,1,0,0,0
0,0,0,0,0,82.882,0,0,17.118,0,0,0,0,0,0,0,82.882,17.118,0,0,0,0,0,0,0,0,0,82.882,0,0,0,0,17.118,0.67089,0,0,0.012658,0.31646,0,0,1,0,0,0,0,1,0,0,0
0,0,0,0,0,100,0,0,0,0,0,0,0,0,0,0,100,0,0,0,0,0,0,0,0,0,0,100,0,0,0,0,0,0.84043,0,0,0,0.15957,0,0,1,0,0,0,0,1,0,0,0
0,0,0,0,0,100,0,0,0,0,0,0,0,0,0,0,100,0,0,0,0,0,0,0,0,0,0,100,0,0,0,0,0,0.84884,0,0,0,0.15116,0,0,1,0,0,0,0,1,0,0,0
0,0,0,0,0,100,0,0,0,0,0,0,0,0,0,0,100,0,0,0,0,0,0,0,0,0,0,100,0,0,0,0,0,0.93103,0,0,0,0.068966,0,0,1,0,0,0,0,1,0,0,0
0,0,0,0,0,100,0,0,0,0,0,0,0,0,0,0,100,0,0,0,0,0,0,0,0,0,0,100,0,0,0,0,0,1,0,0,0,0,0,0,1,0,0,0,0,1,0,0,0
0,0,0,0,0,100,0,0,0,0,0,0,0,0,0,0,100,0,0,0,0,0,0,0,0,0,0,100,0,0,0,0,0,0.88608,0,0.012658,0.063291,0.037975,0,0,1,0,0,0,0,1,0,0,0
0,0,0,0,0,100,0,0,0,0,0,0,0,0,0,0,100,0,0,0,0,0,0,0,0,0,9.2073,90.793,0,0,0,0,0,0.88889,0,0,0,0.11111,0,0,1,0,0,0,0,1,0,0,0
0,0,0,0,0,100,0,0,0,0,0,0,0,0,0,0,100,0,0,0,0,0,0,0,0,0,0,100,0,0,0,0,0,0.93182,0,0,0.034091,0.034091,0,0,1,0,0,0,0,1,0,0,0
0,0,0,0,0,100,0,0,0,0,0,0,0,0,0,0,100,0,0,0,0,0,0,0,0,0,0,100,0,0,0,0,0,0.98649,0,0,0.013514,0,0,0,1,0,0,0,0,1,0,0,0
0,0,0,0,0,100,0,0,0,0,0,0,0,0,0,0,100,0,0,0,0,0,0,0,0,0,0,100,0,0,0,0,0,0.92982,0,0.035088,0.035088,0,0,0,1,0,0,0,0,1,0,0,0
0,0,0,0,0,100,0,0,0,0,0,0,0,0,0,0,100,0,0,0,0,0,0,0,0,0,0,100,0,0,0,0,0,0.52113,0,0.056338,0.25352,0.16901,0,0,1,0,0,0,0,1,0,0,0
0,0,0,0,0,94.391,0,0,5.6085,0,0,0,0,0,0,0,100,0,0,0,0,0,0,0,0,0,5.6085,88.783,0,0,0,5.6085,0,1,0,0,0,0,0,0,1,0,0,0,0,1,0,0,0
0,0,0,0,0,100,0,0,0,0,0,0,0,0,0,0,100,0,0,0,0,0,0,0,0,0,10.863,89.137,0,0,0,0,0,0.725,0,0.0125,0.1,0.1625,0,0,1,0,0,0,0,1,0,0,0
0,0,0,0,0,100,0,0,0,0,0,0,0,0,0,14.912,70.176,14.912,0,0,0,0,0,0,0,0,28.728,71.272,0,0,0,0,0,0.69663,0.011236,0.05618,0.1236,0.11236,0,0,1,0,0,0,0,1,0,0,0
0,0,18.641,0,0,54.15,0,0,27.208,0,0,18.641,0,0,0,8.5673,44.077,10.074,8.5673,0,10.074,0,8.5673,0,10.074,0,10.074,44.077,0,0,18.641,0,8.5673,0.78947,0,0.052632,0.10526,0.052632,0,0,1,0,0,0,0,1,0,0,0
0,5.941,3.4332,0,6.2543,29.754,0,0,14.192,19.247,21.18,0,11.062,3.4332,25.624,2.5078,24.939,13.991,0,4.8152,13.627,0,0,0,9.3742,0,0,28.315,12.054,12.501,16.078,21.678,0,0.76471,0,0.098039,0.13725,0,0,0,1,0,0,0,0,1,0,0,0
0,2.8031,4.9289,0,0,41.565,0,0,25.351,25.351,0,0,2.1258,4.9289,11.856,11.369,39.439,2.1258,0,0,18.496,9.6587,0,0,7.732,0,0,39.439,2.1258,23.226,25.351,2.1258,0,0.56452,0,0.12903,0.25806,0.048387,0,0,1,0,0,0,0,1,0,0,0
0,0,11.033,0,9.6586,37.927,0,0,11.033,11.033,19.317,0,15.862,11.033,14.488,0,22.065,15.862,0,4.8293,15.862,0,0,0,11.033,0,0,22.065,20.691,9.6586,15.862,20.691,0,0,0,0,0,1,0,0,1,0,0,0,0,1,0,0,0
0,14.081,0,0,0,38.027,0,0,38.027,9.865,0,0,0,0,23.946,14.081,38.027,0,0,0,19.013,4.9325,0,0,14.081,0,0,38.027,0,9.865,38.027,0,0,0,0,0,0,1,0,0,1,0,0,0,0,1,0,0,0
0,2.4338,0,0,0,43.637,0,0,37.92,16.009,0,0,0,2.2737,22.554,6.8445,41.364,0,0,0,24.363,2.6016,0,0,2.4338,0,0,41.364,0,16.009,35.646,4.5474,0,0.63333,0,0.15,0.11667,0.1,0,0,1,0,0,0,0,1,0,0,0
0,0,25.867,0,0,43.328,0,0,22.209,8.5957,0,6.046,0,6.0139,18.441,7.7615,31.236,0,0,6.046,20.574,3.8814,12.06,7.7615,0,0,0,31.236,6.046,8.5957,20.494,13.807,0,0.66071,0.017857,0.071429,0.16071,0.089286,0,0,1,0,0,0,0,1,0,0,0
0,0,5.1663,0,0,35.055,0,0,34.706,25.072,0,0,0,4.8169,29.889,5.1663,30.239,0,0,0,17.178,12.711,0,5.1663,0,0,0,30.239,0,25.072,24.723,14.8,0,0,0.0089286,0,0.0089286,0.98214,0,0,1,0,0,0,0,1,0,0,0
0,0,18.112,0,0,41.073,0,0,20.934,15.757,4.1248,6.0374,0,2.7007,26.445,6.0374,17.366,4.1248,0,14.969,17.855,4.4656,6.0374,6.0374,0,0,0,17.366,19.093,7.1663,18.233,26.067,0,0,0,0,0.034884,0.96512,0,0,1,0,0,0,0,1,0,0,0
0,0,0,0,0,100,0,0,0,0,0,0,0,0,0,0,100,0,0,0,0,0,0,0,0,0,0,50,50,0,0,0,0,0,0,0,0,1,0,0,1,0,0,0,0,1,0,0,0
16.751,0,0,0,0,66.497,16.751,0,0,0,0,0,0,0,0,0,83.249,0,0,0,0,16.751,0,16.751,16.751,0,0,66.497,0,0,0,0,0,0,0,0,0,1,0,0,1,0,0,0,0,1,0,0,0
0,0,0,0,0,100,0,0,0,0,0,0,0,0,0,0,100,0,0,0,0,0,0,0,0,0,0,81.423,18.577,0,0,0,0,0,0,0,0,1,0,0,1,0,0,0,0,1,0,0,0
12.119,17.546,0,0,0,35.244,5.4266,0,12.119,17.546,0,12.119,17.546,12.119,0,0,35.244,0,0,5.4266,5.4266,12.119,0,5.4266,12.119,29.665,0,29.817,0,0,5.4266,12.119,5.4266,0,0,0,0,1,0,0,1,0,0,0,0,1,0,0,0
0,0,0,0,0,100,0,0,0,0,0,0,0,0,0,0,100,0,0,0,0,0,0,0,0,0,0,100,0,0,0,0,0,0,0,0,0,1,0,0,1,0,0,0,0,1,0,0,0
0,0,0,0,0,100,0,0,0,0,0,0,0,0,0,0,100,0,0,0,0,0,0,0,0,0,0,100,0,0,0,0,0,0,0,0,0,1,0,0,1,0,0,0,0,1,0,0,0
4.5979,21.092,0,0,0,38.149,4.6688,0,15.251,16.241,0,16.423,9.2667,8.2765,0,0,45.124,0,0,4.6688,11.644,4.5979,6.9748,16.494,4.5979,13.865,0,33.48,0,0,11.644,8.2765,4.6688,0,0,0,0,1,0,0,1,0,0,0,0,1,0,0,0
0,0,0,0,0,100,0,0,0,0,0,0,0,0,0,0,100,0,0,0,0,0,0,0,0,0,0,100,0,0,0,0,0,0,0,0,0,1,0,0,1,0,0,0,0,1,0,0,0
0,0,3.0674,0,0,58.2,0,0,3.0674,18.622,17.043,0,0,0,10.845,3.0674,25.602,17.043,0,32.598,0,10.845,0,3.0674,0,0,0,25.602,49.64,10.845,0,10.845,0,0,0,0,0,1,0,0,1,0,0,0,0,1,0,0,0
0,0,14.532,0,0,46.558,0,0,3.0605,10.228,25.622,3.8238,0,0,14.052,6.8843,20.456,25.622,0,22.278,3.8238,3.0605,3.8238,6.8843,0,0,0,20.456,47.899,3.0605,0,17.876,0,0.57895,0,0.052632,0.21053,0.15789,0,0,1,0,0,0,0,1,0,0,0
0,0,0,0,0,81.705,0,0,0,9.1474,9.1474,0,0,0,9.1474,0,81.705,9.1474,0,0,0,0,0,0,0,0,0,81.705,9.1474,0,0,9.1474,0,0,0,0,0,1,0,0,1,0,0,0,0,1,0,0,0
0,0,0,0,0,100,0,0,0,0,0,0,0,0,0,0,100,0,0,0,0,0,0,0,0,0,0,100,0,0,0,0,0,0,0,0,0,1,0,0,1,0,0,0,0,1,0,0,0
0,0,0,0,27.217,21.329,0,0,2.9808,13.068,35.405,0,10.014,0,25.916,6.2718,5.0436,12.995,9.2525,19.266,4.9701,6.2718,0,0,0,0,0,16.359,9.9403,33.489,22.247,17.965,0,0.94737,0,0.026316,0.026316,0,0,0,1,0,0,0,0,1,0,0,0
0,0,2.0186,0,16.824,22.604,0,0,7.7762,18.357,32.42,0,14.265,2.0186,29.07,0,11.479,12.581,1.4556,6.2608,18.567,4.3021,0,0,2.0186,0,0,15.781,11.629,28.567,17.176,24.828,0,0.70833,0.020833,0.14583,0.125,0,0,0,1,0,0,0,0,1,0,0,0
8.7732,0,0,0,0,81.459,0,0,0,0,9.7675,0,0,0,0,8.7732,91.227,0,0,0,0,0,0,0,0,0,8.7732,81.459,9.7675,0,0,0,0,0,0,0,0,1,0,0,1,0,0,0,0,1,0,0,0
0,3.77,3.914,0,0,52.906,0,0,16.403,18.293,4.7147,0,8.6287,3.914,13.434,3.77,48.991,3.914,0,0,12.399,4.9492,0,0,7.684,0,0,48.991,3.914,9.6639,21.118,8.6287,0,0,0,0.016129,0.048387,0.93548,0,0,1,0,0,0,0,1,0,0,0
0,5.1687,5.1687,0,0,73.356,0,0,8.1533,8.1533,0,0,0,5.1687,8.1533,0,73.356,0,0,0,5.1687,8.1533,0,0,10.337,0,0,73.356,0,8.1533,8.1533,0,0,0,0,0,0,1,0,0,1,0,0,0,0,1,0,0,0
0,0,0,0,0,100,0,0,0,0,0,0,0,0,0,0,100,0,0,0,0,0,0,0,0,0,0,100,0,0,0,0,0,0,0,0,0,1,0,0,1,0,0,0,0,1,0,0,0
0,0,0,0,0,100,0,0,0,0,0,0,0,0,0,0,100,0,0,0,0,0,0,0,0,0,0,100,0,0,0,0,0,0,0,0,0,1,0,0,1,0,0,0,0,1,0,0,0
0,0,0,0,0,85.973,0,0,7.0134,7.0134,0,0,0,0,7.0134,0,85.973,0,0,0,7.0134,0,0,0,0,0,0,85.973,0,7.0134,7.0134,0,0,0,0,0,0,1,0,0,1,0,0,0,0,1,0,0,0
0,0,6.3877,0,0,87.225,0,0,6.3877,0,0,0,0,6.3877,0,0,87.225,0,0,0,6.3877,0,6.3877,0,0,0,0,87.225,0,0,6.3877,0,0,0,0,0,0,1,0,0,1,0,0,0,0,1,0,0,0
7.8344,0,0,7.8344,0,74.375,0,0,0,0,9.956,0,0,7.8344,0,7.8344,84.331,0,0,0,0,0,0,0,0,0,7.8344,74.375,9.956,0,0,0,7.8344,0,0,0,0,1,0,0,1,0,0,0,0,1,0,0,0
10.288,0,0,6.7844,0,71.19,0,0,0,0,11.738,0,0,6.7844,0,10.288,82.928,0,0,0,0,0,0,0,0,0,10.288,71.19,11.738,0,0,0,6.7844,0,0,0,0,1,0,0,1,0,0,0,0,1,0,0,0
0,0,0,6.8911,0,93.109,0,0,0,0,0,0,0,6.8911,0,0,93.109,0,0,0,0,0,0,0,0,0,0,93.109,0,0,0,0,6.8911,0,0,0,0,1,0,0,1,0,0,0,0,1,0,0,0
0,0,0,5.1329,0,94.867,0,0,0,0,0,0,0,5.1329,0,0,94.867,0,0,0,0,0,0,0,0,0,0,94.867,0,0,0,0,5.1329,0,0,0,0,1,0,0,1,0,0,0,0,1,0,0,0
5.5244,0,0,5.5244,0,88.951,0,0,0,0,0,0,0,5.5244,0,5.5244,88.951,0,0,0,0,0,0,0,0,0,5.5244,88.951,0,0,0,0,5.5244,0,0,0,0,1,0,0,1,0,0,0,0,1,0,0,0
0,0,0,4.2211,0,95.779,0,0,0,0,0,0,0,4.2211,0,0,95.779,0,0,0,0,0,0,0,0,0,0,95.779,0,0,0,0,4.2211,0,0,0,0,1,0,0,1,0,0,0,0,1,0,0,0
0,0,0,0,0,100,0,0,0,0,0,0,0,0,0,0,100,0,0,0,0,0,0,0,0,0,0,100,0,0,0,0,0,0,0,0,0,1,0,0,1,0,0,0,0,1,0,0,0
0,0,0,0,0,100,0,0,0,0,0,0,0,0,0,0,100,0,0,0,0,0,0,0,0,0,0,100,0,0,0,0,0,0,0,0,0,1,0,0,1,0,0,0,0,1,0,0,0
7.9777,0,0,0,0,87.326,0,0,0,0,4.6965,0,0,0,0,7.9777,92.022,0,0,0,0,0,0,0,0,0,7.9777,87.326,4.6965,0,0,0,0,0,0,0,0,1,0,0,1,0,0,0,0,1,0,0,0
10.787,0,0,10.787,0,71.353,0,0,0,0,7.0727,0,0,10.787,0,10.787,78.426,0,0,0,0,0,0,0,0,0,10.787,71.353,7.0727,0,0,0,10.787,0,0,0,0,1,0,0,1,0,0,0,0,1,0,0,0
0,0,0,0,0,90.051,0,0,0,0,9.9491,0,0,0,0,0,100,0,0,0,0,0,0,0,0,0,0,90.051,9.9491,0,0,0,0,0,0,0,0,1,0,0,1,0,0,0,0,1,0,0,0
0,0,0,0,0,84.567,0,0,0,0,15.433,0,0,0,0,0,100,0,0,0,0,0,0,0,0,0,0,84.567,15.433,0,0,0,0,0,0,0,0,1,0,0,1,0,0,0,0,1,0,0,0
0,0,0,7.1123,0,92.888,0,0,0,0,0,0,0,7.1123,0,0,92.888,0,0,0,0,0,0,0,0,0,0,92.888,0,0,0,0,7.1123,0,0,0,0,1,0,0,1,0,0,0,0,1,0,0,0
0,0,0,0,0,100,0,0,0,0,0,0,0,0,0,0,100,0,0,0,0,0,0,0,0,0,0,100,0,0,0,0,0,0,0,0,0,1,0,0,1,0,0,0,0,1,0,0,0
0,0,0,0,0,100,0,0,0,0,0,0,0,0,0,0,89.18,10.82,0,0,0,0,0,0,0,0,0,100,0,0,0,0,0,0,0,0,0,1,0,0,1,0,0,0,0,1,0,0,0
0,0,0,0,0,100,0,0,0,0,0,0,0,0,0,0,94.756,5.2442,0,0,0,0,0,0,0,0,0,94.756,5.2442,0,0,0,0,0,0,0,0,1,0,0,1,0,0,0,0,1,0,0,0
0,0,0,0,0,100,0,0,0,0,0,0,0,0,0,0,100,0,0,0,0,0,0,0,0,0,0,100,0,0,0,0,0,0,0,0,0,1,0,0,1,0,0,0,0,1,0,0,0
0,0,0,0,0,100,0,0,0,0,0,0,0,0,0,0,100,0,0,0,0,0,0,0,0,0,0,100,0,0,0,0,0,0,0,0,0,1,0,0,1,0,0,0,0,1,0,0,0
0,0,0,0,0,100,0,0,0,0,0,0,0,0,0,0,100,0,0,0,0,0,0,0,0,0,0,100,0,0,0,0,0,0,0,0,0,1,0,0,1,0,0,0,0,1,0,0,0
0,0,0,0,0,100,0,0,0,0,0,0,0,0,0,0,100,0,0,0,0,0,0,0,0,0,0,100,0,0,0,0,0,0,0,0,0,1,0,0,1,0,0,0,0,1,0,0,0
0,0,0,0,0,100,0,0,0,0,0,0,0,0,0,0,100,0,0,0,0,0,0,0,0,0,0,100,0,0,0,0,0,0,0,0,0,1,0,0,1,0,0,0,0,1,0,0,0
0,0,0,0,0,100,0,0,0,0,0,0,0,0,0,0,100,0,0,0,0,0,0,0,0,0,0,100,0,0,0,0,0,0,0,0,0,1,0,0,1,0,0,0,0,1,0,0,0
0,0,0,0,0,100,0,0,0,0,0,0,0,0,0,0,100,0,0,0,0,0,0,0,0,0,0,100,0,0,0,0,0,0,0,0,0,1,0,0,1,0,0,0,0,1,0,0,0
0,0,0,0,0,100,0,0,0,0,0,0,0,0,0,0,100,0,0,0,0,0,0,0,0,0,0,100,0,0,0,0,0,0,0,0,0,1,0,0,1,0,0,0,0,1,0,0,0
0,0,0,0,0,100,0,0,0,0,0,0,0,0,0,0,100,0,0,0,0,0,0,0,0,0,0,100,0,0,0,0,0,0,0,0,0,1,0,0,1,0,0,0,0,1,0,0,0
0,2.9686,7.453,0,12.814,42.167,0,0,4.4844,22.353,7.7598,0,15.359,7.453,14.754,0,26.809,15.359,0,10.874,9.3929,0,0,0,10.422,0,0,35.743,8.3643,12.814,15.359,17.299,0,0.02,0,0.04,0.06,0.88,0,0,1,0,0,0,0,1,0,0,0
0,11.111,3.6701,0,0,55.39,0,0,22.356,7.4734,0,0,0,3.6701,14.915,7.4412,55.39,0,0,0,16.242,2.3428,0,0,14.781,0,0,55.39,0,7.4734,22.356,0,0,0,0,0,0.12963,0.87037,0,0,1,0,0,0,0,1,0,0,0
0,0,2.9266,0,0,52.522,0,0,26.283,18.269,0,0,0,5.47,20.813,0,49.978,0,0,0,14.405,9.3343,2.9266,0,0,0,0,49.978,0,18.269,23.739,5.0868,0,0,0,0,0.048387,0.95161,0,0,1,0,0,0,0,1,0,0,0
0,0,12.64,0,0,54.271,0,0,23.195,9.8937,0,4.2134,0,6.6507,20.758,4.2134,39.194,0,0,4.2134,20.758,0,4.2134,4.2134,0,0,0,39.194,4.2134,9.8937,16.544,21.728,0,0,0,0,0.013514,0.98649,0,0,1,0,0,0,0,1,0,0,0
0,0,20.208,0,0,35.617,0,0,26.641,17.534,0,12.308,0,10.184,20.119,3.9626,22.046,0,0,7.3241,16.431,7.6247,3.9368,3.9626,0,0,0,22.046,7.3241,13.872,16.431,32.427,0,0.76087,0.076087,0.097826,0.054348,0.01087,0,0,1,0,0,0,0,1,0,0,0
7.7916,12.771,0,0,0,36.543,16.759,0,10.225,15.911,0,6.9434,8.9672,3.2811,0,0,48.139,0,0,12.107,12.771,7.7916,6.9434,20.563,7.7916,12.107,0,24.437,0,0,12.771,3.2811,12.107,0,0,0,0,1,0,0,1,0,0,0,0,1,0,0,0
0,0,0,0,0,0,0,0,0,0,0,0,0,0,0,0,0,0,0,0,0,0,0,0,0,0,0,0,0,0,0,0,0,0,0,0,1,0,0,0,1,0,0,0,0,1,0,0,0
11.236,17.023,0,0,0,28.797,3.1472,0,19.899,19.899,0,19.899,8.0889,8.0889,0,0,40.878,0,0,2.8756,8.934,11.236,11.81,12.081,11.236,19.053,0,25.921,0,0,8.934,8.0889,2.8756,0,0,0,0,1,0,0,1,0,0,0,0,1,0,0,0
0,0,0,0,0,100,0,0,0,0,0,0,0,0,0,0,100,0,0,0,0,0,0,0,0,0,0,100,0,0,0,0,0,0,0,0,1,0,0,0,1,0,0,0,0,1,0,0,0
0,0,0,0,0,100,0,0,0,0,0,0,0,0,0,0,100,0,0,0,0,0,0,0,0,0,0,100,0,0,0,0,0,0,0,0,0,1,0,0,1,0,0,0,0,1,0,0,0
0,0,0,0,0,100,0,0,0,0,0,0,0,0,0,0,100,0,0,0,0,0,0,0,0,0,0,100,0,0,0,0,0,0,0,0,0.010989,0.98901,0,0,1,0,0,0,0,1,0,0,0
0,0,60,0,0,40,0,0,0,0,0,20,0,0,20,20,0,0,0,20,20,0,20,20,0,0,0,0,20,0,0,40,0,0,0,0,1,0,0,0,1,0,0,0,0,1,0,0,0
0,0,0,0,0,75,0,0,25,0,0,0,25,0,0,25,0,50,0,0,0,0,0,0,0,0,0,25,50,0,0,0,25,0,0,0,1,0,0,0,1,0,0,0,0,1,0,0,0
0,0,0,0,0,92.083,0,0,7.9168,0,0,0,7.9168,0,0,7.9168,60.407,23.759,0,0,0,0,0,0,0,0,0,68.324,23.759,0,0,0,7.9168,0,0,0,0,1,0,0,1,0,0,0,0,1,0,0,0
0,0,0,0,0,92.928,0,0,7.0723,0,0,0,7.0723,0,0,7.0723,63.883,21.972,0,0,0,0,0,0,0,0,0,78.783,14.145,0,0,0,7.0723,0,0,0,0,1,0,0,1,0,0,0,0,1,0,0,0
0,0,0,0,0,80.258,0,0,19.742,0,0,0,19.742,0,0,8.4514,58.439,13.368,0,0,0,0,0,0,0,0,0,65.458,14.8,0,0,0,19.742,0,0,0,0,1,0,0,1,0,0,0,0,1,0,0,0
0,0,0,0,0,86.096,0,0,13.904,0,0,0,8.6204,5.2835,0,8.6204,60.235,17.241,0,0,0,0,0,0,0,0,0,68.855,17.241,0,0,0,13.904,0,0,0,0,1,0,0,1,0,0,0,0,1,0,0,0
0,0,0,0,0,100,0,0,0,0,0,0,0,0,0,0,92.863,7.1373,0,0,0,0,0,0,0,0,0,92.863,7.1373,0,0,0,0,0,0,0,0,1,0,0,1,0,0,0,0,1,0,0,0
0,0,0,0,0,100,0,0,0,0,0,0,0,0,0,0,100,0,0,0,0,0,0,0,0,0,0,100,0,0,0,0,0,0,0,0,0,1,0,0,1,0,0,0,0,1,0,0,0
0,0,0,0,0,100,0,0,0,0,0,0,0,0,0,9.1057,90.894,0,0,0,0,0,0,0,0,0,0,90.894,9.1057,0,0,0,0,0,0,0,0,1,0,0,1,0,0,0,0,1,0,0,0
0,0,0,0,0,100,0,0,0,0,0,0,0,0,0,0,100,0,0,0,0,0,0,0,0,0,0,100,0,0,0,0,0,0,0,0,0,1,0,0,1,0,0,0,0,1,0,0,0
0,0,0,0,0,0,0,0,0,0,0,0,0,0,0,0,0,0,0,0,0,0,0,0,0,0,0,0,0,0,0,0,0,0,0,0,1,0,0,0,1,0,0,0,0,1,0,0,0
0,0,0,0,0,71.601,0,0,28.399,0,0,0,13.596,14.803,0,0,71.601,0,0,0,0,0,0,0,0,0,0,71.601,0,0,0,0,28.399,0,0,0,1,0,0,0,1,0,0,0,0,1,0,0,0
0,0,0,0,0,100,0,0,0,0,0,0,0,0,0,0,100,0,0,0,0,0,0,0,0,0,0,100,0,0,0,0,0,0,0,0,1,0,0,0,1,0,0,0,0,1,0,0,0
0,0,0,0,0,65.352,0,0,34.648,0,0,0,10.171,24.477,0,0,65.352,0,0,0,0,0,0,0,0,0,0,65.352,0,0,0,0,34.648,0,0,0,1,0,0,0,1,0,0,0,0,1,0,0,0
0,0,0,0,0,82.834,0,0,17.166,0,0,0,4.5401,12.626,0,4.8795,77.954,0,0,0,0,0,0,0,0,0,0,77.954,4.8795,0,0,0,17.166,0,0,0,0,1,0,0,1,0,0,0,0,1,0,0,0
0,0,0,0,0,89.456,0,0,10.544,0,0,0,0,10.544,0,5.4015,84.054,0,0,0,0,0,0,0,0,0,0,84.054,5.4015,0,0,0,10.544,0,0,0,0,1,0,0,1,0,0,0,0,1,0,0,0
0,0,0,0,0,80.944,0,0,19.056,0,0,0,8.5302,10.526,0,0,80.944,0,0,0,0,0,0,0,0,0,0,80.944,0,0,0,0,19.056,0,0,0,0,1,0,0,1,0,0,0,0,1,0,0,0
0,0,0,0,0,88.846,0,0,11.154,0,0,0,11.154,0,0,0,88.846,0,0,0,0,0,0,0,0,0,0,88.846,0,0,0,0,11.154,0,0,0,0,1,0,0,1,0,0,0,0,1,0,0,0
0,0,0,0,0,100,0,0,0,0,0,0,0,0,0,0,100,0,0,0,0,0,0,0,0,0,0,100,0,0,0,0,0,0,0,0,0,1,0,0,1,0,0,0,0,1,0,0,0
0,0,0,0,0,100,0,0,0,0,0,0,0,0,0,0,100,0,0,0,0,0,0,0,0,0,0,100,0,0,0,0,0,0,0,0,0,1,0,0,1,0,0,0,0,1,0,0,0
0,0,0,0,0,100,0,0,0,0,0,0,0,0,0,0,100,0,0,0,0,0,0,0,0,0,0,100,0,0,0,0,0,0,0,0,0,1,0,0,1,0,0,0,0,1,0,0,0
0,0,0,0,0,100,0,0,0,0,0,0,0,0,0,0,100,0,0,0,0,0,0,0,0,0,0,100,0,0,0,0,0,0,0,0,0,1,0,0,1,0,0,0,0,1,0,0,0
0,0,0,0,0,100,0,0,0,0,0,0,0,0,0,0,100,0,0,0,0,0,0,0,0,0,0,100,0,0,0,0,0,0,0,0,0,1,0,0,1,0,0,0,0,1,0,0,0
0,0,0,0,0,100,0,0,0,0,0,0,0,0,0,0,100,0,0,0,0,0,0,0,0,0,0,100,0,0,0,0,0,0,0,0,0,1,0,0,1,0,0,0,0,1,0,0,0
0,0,0,0,0,100,0,0,0,0,0,0,0,0,0,0,100,0,0,0,0,0,0,0,0,0,0,100,0,0,0,0,0,0,0,0,0,1,0,0,1,0,0,0,0,1,0,0,0
0,0,0,0,0,100,0,0,0,0,0,0,0,0,0,0,100,0,0,0,0,0,0,0,0,0,0,100,0,0,0,0,0,0,0,0,0,1,0,0,1,0,0,0,0,1,0,0,0
0,0,0,0,0,100,0,0,0,0,0,0,0,0,0,0,100,0,0,0,0,0,0,0,0,0,0,100,0,0,0,0,0,0,0,0,0,1,0,0,1,0,0,0,0,1,0,0,0
0,0,0,0,0,100,0,0,0,0,0,0,0,0,0,0,100,0,0,0,0,0,0,0,0,0,0,100,0,0,0,0,0,0,0,0,0,1,0,0,1,0,0,0,0,1,0,0,0
0,0,0,0,0,100,0,0,0,0,0,0,0,0,0,0,100,0,0,0,0,0,0,0,0,0,0,100,0,0,0,0,0,0,0,0,0,1,0,0,1,0,0,0,0,1,0,0,0
0,0,0,0,0,100,0,0,0,0,0,0,0,0,0,0,100,0,0,0,0,0,0,0,0,0,0,100,0,0,0,0,0,0,0,0,0,1,0,0,1,0,0,0,0,1,0,0,0
0,0,0,0,0,100,0,0,0,0,0,0,0,0,0,0,100,0,0,0,0,0,0,0,0,0,0,100,0,0,0,0,0,0,0,0,0,1,0,0,1,0,0,0,0,1,0,0,0
0,0,0,0,0,100,0,0,0,0,0,0,0,0,0,0,100,0,0,0,0,0,0,0,0,0,0,100,0,0,0,0,0,0,0,0,0,1,0,0,1,0,0,0,0,1,0,0,0
0,0,0,0,0,100,0,0,0,0,0,0,0,0,0,0,100,0,0,0,0,0,0,0,0,0,0,100,0,0,0,0,0,0,0,0,0,1,0,0,1,0,0,0,0,1,0,0,0
0,0,0,0,0,100,0,0,0,0,0,0,0,0,0,0,100,0,0,0,0,0,0,0,0,0,0,100,0,0,0,0,0,0,0,0,0,1,0,0,1,0,0,0,0,1,0,0,0
0,0,0,0,0,100,0,0,0,0,0,0,0,0,0,0,100,0,0,0,0,0,0,0,0,0,0,100,0,0,0,0,0,0,0,0,0,1,0,0,1,0,0,0,0,1,0,0,0
0,0,0,0,0,100,0,0,0,0,0,0,0,0,0,0,100,0,0,0,0,0,0,0,0,0,0,100,0,0,0,0,0,0,0,0,0,1,0,0,1,0,0,0,0,1,0,0,0
0,0,0,0,0,100,0,0,0,0,0,0,0,0,0,0,100,0,0,0,0,0,0,0,0,0,0,100,0,0,0,0,0,0,0,0,0,1,0,0,1,0,0,0,0,1,0,0,0
0,0,0,0,0,100,0,0,0,0,0,0,0,0,0,0,100,0,0,0,0,0,0,0,0,0,0,100,0,0,0,0,0,0,0,0,0,1,0,0,1,0,0,0,0,1,0,0,0
0,0,0,0,0,100,0,0,0,0,0,0,0,0,0,0,100,0,0,0,0,0,0,0,0,0,0,100,0,0,0,0,0,0,0,0,0,1,0,0,1,0,0,0,0,1,0,0,0
0,0,0,0,0,100,0,0,0,0,0,0,0,0,0,0,100,0,0,0,0,0,0,0,0,0,0,100,0,0,0,0,0,0,0,0,0,1,0,0,1,0,0,0,0,1,0,0,0
0,0,0,0,0,100,0,0,0,0,0,0,0,0,0,0,100,0,0,0,0,0,0,0,0,0,0,100,0,0,0,0,0,0,0,0,0,1,0,0,1,0,0,0,0,1,0,0,0
0,0,0,0,0,100,0,0,0,0,0,0,0,0,0,0,100,0,0,0,0,0,0,0,0,0,0,100,0,0,0,0,0,0,0,0,0,1,0,0,1,0,0,0,0,1,0,0,0
0,0,0,0,0,100,0,0,0,0,0,0,0,0,0,0,100,0,0,0,0,0,0,0,0,0,0,100,0,0,0,0,0,0,0,0,0,1,0,0,1,0,0,0,0,1,0,0,0
0,0,0,0,0,100,0,0,0,0,0,0,0,0,0,0,100,0,0,0,0,0,0,0,0,0,0,100,0,0,0,0,0,0,0,0,0,1,0,0,1,0,0,0,0,1,0,0,0
0,0,0,0,0,100,0,0,0,0,0,0,0,0,0,0,100,0,0,0,0,0,0,0,0,0,0,100,0,0,0,0,0,0,0,0,0,1,0,0,1,0,0,0,0,1,0,0,0
0,0,0,0,0,100,0,0,0,0,0,0,0,0,0,0,100,0,0,0,0,0,0,0,0,0,0,100,0,0,0,0,0,0,0,0,0,1,0,0,1,0,0,0,0,1,0,0,0
0,0,0,0,0,100,0,0,0,0,0,0,0,0,0,0,100,0,0,0,0,0,0,0,0,0,0,100,0,0,0,0,0,0,0,0,0,1,0,0,1,0,0,0,0,1,0,0,0
0,0,0,0,0,100,0,0,0,0,0,0,0,0,0,0,100,0,0,0,0,0,0,0,0,0,0,100,0,0,0,0,0,0,0,0,0,1,0,0,1,0,0,0,0,1,0,0,0
0,0,0,0,0,100,0,0,0,0,0,0,0,0,0,0,100,0,0,0,0,0,0,0,0,0,0,100,0,0,0,0,0,0,0,0,0,1,0,0,1,0,0,0,0,1,0,0,0
0,0,0,0,0,100,0,0,0,0,0,0,0,0,0,0,100,0,0,0,0,0,0,0,0,0,0,100,0,0,0,0,0,0,0,0,0,1,0,0,1,0,0,0,0,1,0,0,0
0,0,0,0,0,100,0,0,0,0,0,0,0,0,0,0,100,0,0,0,0,0,0,0,0,0,0,100,0,0,0,0,0,0,0,0,0,1,0,0,1,0,0,0,0,1,0,0,0
0,0,0,0,0,100,0,0,0,0,0,0,0,0,0,0,100,0,0,0,0,0,0,0,0,0,0,100,0,0,0,0,0,0,0,0,0,1,0,0,1,0,0,0,0,1,0,0,0
0,0,0,0,0,100,0,0,0,0,0,0,0,0,0,0,100,0,0,0,0,0,0,0,0,0,0,100,0,0,0,0,0,0,0,0,0,1,0,0,1,0,0,0,0,1,0,0,0
0,0,0,0,0,100,0,0,0,0,0,0,0,0,0,0,100,0,0,0,0,0,0,0,0,0,0,100,0,0,0,0,0,0,0,0,0,1,0,0,1,0,0,0,0,1,0,0,0
0,0,0,0,0,100,0,0,0,0,0,0,0,0,0,0,100,0,0,0,0,0,0,0,0,0,0,100,0,0,0,0,0,0,0,0,0,1,0,0,1,0,0,0,0,1,0,0,0
0,0,0,0,0,100,0,0,0,0,0,0,0,0,0,0,100,0,0,0,0,0,0,0,0,0,0,100,0,0,0,0,0,0,0,0,0,1,0,0,1,0,0,0,0,1,0,0,0
0,0,0,0,0,100,0,0,0,0,0,0,0,0,0,0,100,0,0,0,0,0,0,0,0,0,0,100,0,0,0,0,0,0,0,0,0,1,0,0,1,0,0,0,0,1,0,0,0
0,0,0,0,0,100,0,0,0,0,0,0,0,0,0,0,100,0,0,0,0,0,0,0,0,0,0,100,0,0,0,0,0,0,0,0,0,1,0,0,1,0,0,0,0,1,0,0,0
0,0,0,0,0,100,0,0,0,0,0,0,0,0,0,0,100,0,0,0,0,0,0,0,0,0,0,100,0,0,0,0,0,0,0,0,0,1,0,0,1,0,0,0,0,1,0,0,0
0,0,0,0,0,100,0,0,0,0,0,0,0,0,0,0,100,0,0,0,0,0,0,0,0,0,0,100,0,0,0,0,0,0,0,0,0,1,0,0,1,0,0,0,0,1,0,0,0
0,0,0,0,0,100,0,0,0,0,0,0,0,0,0,0,100,0,0,0,0,0,0,0,0,0,0,100,0,0,0,0,0,0,0,0,0,1,0,0,1,0,0,0,0,1,0,0,0
0,0,0,0,0,100,0,0,0,0,0,0,0,0,0,0,100,0,0,0,0,0,0,0,0,0,0,100,0,0,0,0,0,0,0,0,0,1,0,0,1,0,0,0,0,1,0,0,0
0,0,0,0,0,100,0,0,0,0,0,0,0,0,0,0,100,0,0,0,0,0,0,0,0,0,0,100,0,0,0,0,0,0,0,0,0,1,0,0,1,0,0,0,0,1,0,0,0
0,0,0,0,0,100,0,0,0,0,0,0,0,0,0,0,100,0,0,0,0,0,0,0,0,0,0,100,0,0,0,0,0,0,0,0,0,1,0,0,1,0,0,0,0,1,0,0,0
0,0,0,0,0,100,0,0,0,0,0,0,0,0,0,0,100,0,0,0,0,0,0,0,0,0,0,100,0,0,0,0,0,0,0,0,0,1,0,0,1,0,0,0,0,1,0,0,0
0,0,0,0,0,100,0,0,0,0,0,0,0,0,0,0,100,0,0,0,0,0,0,0,0,0,0,100,0,0,0,0,0,0,0,0,0,1,0,0,1,0,0,0,0,1,0,0,0
0,0,0,0,0,100,0,0,0,0,0,0,0,0,0,0,100,0,0,0,0,0,0,0,0,0,0,100,0,0,0,0,0,0,0,0,0,1,0,0,1,0,0,0,0,1,0,0,0
0,0,0,0,0,100,0,0,0,0,0,0,0,0,0,0,100,0,0,0,0,0,0,0,0,0,0,100,0,0,0,0,0,0,0,0,0.014706,0.98529,0,0,1,0,0,0,0,1,0,0,0
0,0,0,0,0,100,0,0,0,0,0,0,0,0,0,0,100,0,0,0,0,0,0,0,0,0,0,100,0,0,0,0,0,0,0,0,0,1,0,0,1,0,0,0,0,1,0,0,0
0,0,0,0,0,100,0,0,0,0,0,0,0,0,0,0,100,0,0,0,0,0,0,0,0,0,0,100,0,0,0,0,0,0,0,0,0,1,0,0,1,0,0,0,0,1,0,0,0
0,0,0,0,0,100,0,0,0,0,0,0,0,0,0,0,100,0,0,0,0,0,0,0,0,0,0,100,0,0,0,0,0,0,0,0,0,1,0,0,1,0,0,0,0,1,0,0,0
0,0,0,0,0,100,0,0,0,0,0,0,0,0,0,0,100,0,0,0,0,0,0,0,0,0,0,100,0,0,0,0,0,0,0,0,0,1,0,0,1,0,0,0,0,1,0,0,0
0,0,0,0,0,100,0,0,0,0,0,0,0,0,0,0,100,0,0,0,0,0,0,0,0,0,0,100,0,0,0,0,0,0,0,0,0,1,0,0,1,0,0,0,0,1,0,0,0
0,0,0,0,0,100,0,0,0,0,0,0,0,0,0,0,100,0,0,0,0,0,0,0,0,0,0,100,0,0,0,0,0,0,0,0,0.15094,0.84906,0,0,1,0,0,0,0,1,0,0,0
0,0,0,0,0,100,0,0,0,0,0,0,0,0,0,0,100,0,0,0,0,0,0,0,0,0,0,100,0,0,0,0,0,0,0,0,0,1,0,0,1,0,0,0,0,1,0,0,0
0,0,0,0,0,100,0,0,0,0,0,0,0,0,0,0,100,0,0,0,0,0,0,0,0,0,0,100,0,0,0,0,0,0,0,0,0,1,0,0,1,0,0,0,0,1,0,0,0
0,0,0,0,0,100,0,0,0,0,0,0,0,0,0,0,100,0,0,0,0,0,0,0,0,0,0,100,0,0,0,0,0,0,0,0,0,1,0,0,1,0,0,0,0,1,0,0,0
0,0,0,0,0,100,0,0,0,0,0,0,0,0,0,0,100,0,0,0,0,0,0,0,0,0,0,100,0,0,0,0,0,0,0,0,0,1,0,0,1,0,0,0,0,1,0,0,0
0,0,0,0,0,100,0,0,0,0,0,0,0,0,0,0,100,0,0,0,0,0,0,0,0,0,0,100,0,0,0,0,0,0,0,0,0.012048,0.98795,0,0,1,0,0,0,0,1,0,0,0
0,0,0,0,0,100,0,0,0,0,0,0,0,0,0,0,100,0,0,0,0,0,0,0,0,0,0,100,0,0,0,0,0,0,0,0,0,1,0,0,1,0,0,0,0,1,0,0,0
0,0,0,0,0,100,0,0,0,0,0,0,0,0,0,0,100,0,0,0,0,0,0,0,0,0,0,100,0,0,0,0,0,0,0,0,0,1,0,0,1,0,0,0,0,1,0,0,0
0,0,0,0,0,100,0,0,0,0,0,0,0,0,0,0,100,0,0,0,0,0,0,0,0,0,0,100,0,0,0,0,0,0,0,0,0,1,0,0,1,0,0,0,0,1,0,0,0
0,0,0,0,0,100,0,0,0,0,0,0,0,0,0,0,100,0,0,0,0,0,0,0,0,0,0,66.667,33.333,0,0,0,0,0,0,0,0,1,0,0,1,0,0,0,0,1,0,0,0
0,0,0,0,0,100,0,0,0,0,0,0,0,0,0,0,100,0,0,0,0,0,0,0,0,0,0,50.751,49.249,0,0,0,0,0,0,0,0,1,0,0,1,0,0,0,0,1,0,0,0
0,0,0,0,58.167,41.833,0,0,0,0,0,0,0,16.333,25.5,0,41.833,0,0,16.333,0,0,0,0,0,0,0,41.833,0,16.333,41.833,0,0,0,0,0,0,1,0,0,1,0,0,0,0,1,0,0,0
0,0,0,0,55.622,14.793,14.793,0,14.793,0,0,0,0,0,27.811,14.793,29.585,0,0,27.811,0,0,0,14.793,14.793,0,0,14.793,0,27.811,27.811,0,0,0,0,0,0,1,0,0,1,0,0,0,0,1,0,0,0
0,0,0,0,67.521,32.479,0,0,0,0,0,0,0,16.436,21.336,0,24.457,0,8.0219,29.749,0,0,0,0,0,0,0,24.457,8.0219,16.436,51.085,0,0,0,0,0,0,1,0,0,1,0,0,0,0,1,0,0,0
0,0,0,0,75.16,24.84,0,0,0,0,0,0,0,8.842,20.739,15.998,8.842,0,15.998,29.581,0,0,0,0,0,0,0,8.842,15.998,15.998,59.162,0,0,0,0,0,0.16667,0.83333,0,0,1,0,0,0,0,1,0,0,0
0,0,0,0,56.506,24.71,0,18.785,0,0,0,9.3923,0,15.317,12.935,0,24.71,0,0,28.253,0,9.3923,0,9.3923,9.3923,0,0,24.71,0,12.935,43.57,0,0,0,0,0,0,1,0,0,1,0,0,0,0,1,0,0,0
0,0,0,28.733,19.548,34.326,0,11.339,6.0542,0,0,11.339,5.285,7.1315,5.285,5.285,18.471,28.733,0,7.1315,6.0542,5.285,0,5.285,12.108,5.285,0,7.1315,10.57,23.756,19.24,16.624,0,0,0,0,0,1,0,0,1,0,0,0,0,1,0,0,0
0,0,0,0,47.146,52.854,0,0,0,0,0,0,0,13.813,19.521,0,33.333,0,19.521,13.813,0,0,0,0,0,0,0,33.333,19.521,0,47.146,0,0,0,0,0,0,1,0,0,1,0,0,0,0,1,0,0,0
0,0,0,21.149,0,64.752,0,7.0497,7.0497,0,0,7.0497,0,0,0,0,64.752,21.149,0,0,7.0497,0,0,0,14.099,0,16.933,40.769,0,7.0497,14.099,7.0497,0,0,0,0,0,1,0,0,1,0,0,0,0,1,0,0,0
0,0,0,0,50,50,0,0,0,0,0,0,20.265,0,0,21.976,35.783,0,0,14.217,7.7587,0,0,0,0,0,0,50,0,21.976,28.024,0,0,0,0,0,0.25862,0.74138,0,0,1,0,0,0,0,1,0,0,0
0,0,0,0,54.635,45.365,0,0,0,0,0,0,9.2704,0,0,18.047,36.094,0,0,9.2704,27.318,0,0,0,0,0,0,45.365,0,18.047,36.588,0,0,0,0,0,0.15,0.85,0,0,1,0,0,0,0,1,0,0,0
0,0,0,0,34.494,65.506,0,0,0,0,0,0,6.1957,0,0,22.102,37.208,0,0,28.298,6.1957,0,0,0,0,0,0,65.506,0,22.102,12.391,0,0,0,0,0,0,1,0,0,1,0,0,0,0,1,0,0,0
0,0,0,0,63.254,36.746,0,0,0,0,0,0,0,0,18.373,44.881,18.373,0,18.373,0,0,0,0,0,0,0,0,18.373,18.373,44.881,18.373,0,0,0,0,0,0.084337,0.91566,0,0,1,0,0,0,0,1,0,0,0
0,0,0,0,100,0,0,0,0,0,0,0,0,0,100,0,0,0,0,0,0,0,0,0,0,0,0,0,0,0,100,0,0,0,0,0,0.28571,0.71429,0,0,1,0,0,0,0,1,0,0,0
0,0,0,0,100,0,0,0,0,0,0,0,0,0,100,0,0,0,0,0,0,0,0,0,0,0,0,0,0,0,100,0,0,0,0,0,0,1,0,0,1,0,0,0,0,1,0,0,0
0,0,0,0,50,50,0,0,0,0,0,0,0,0,0,50,0,0,50,0,0,0,0,0,0,0,0,0,50,50,0,0,0,0,0,0,0,1,0,0,1,0,0,0,0,1,0,0,0
0,0,0,0,0,74.868,14.649,0,10.483,0,0,0,0,0,0,0,89.517,0,0,0,10.483,0,0,0,10.483,0,34.945,54.572,0,0,0,0,0,0,0,0,0,1,0,0,1,0,0,0,0,1,0,0,0
0,0,0,0,0,0,0,0,0,0,0,0,0,0,0,0,0,0,0,0,0,0,0,0,0,0,0,0,0,0,0,0,0,0,0,0,0,1,0,0,1,0,0,0,0,1,0,0,0
0,0,0,0,0,82.599,17.401,0,0,0,0,0,0,0,0,0,100,0,0,0,0,0,0,0,0,0,33.333,49.266,17.401,0,0,0,0,0,0,0,0,1,0,0,1,0,0,0,0,1,0,0,0
0,0,0,0,42.616,57.384,0,0,0,0,0,0,21.308,0,0,0,36.076,0,0,21.308,21.308,0,0,0,0,0,0,57.384,0,0,42.616,0,0,0,0,0,0,1,0,0,1,0,0,0,0,1,0,0,0
0,0,0,0,0,100,0,0,0,0,0,0,0,0,0,0,100,0,0,0,0,0,0,0,0,0,0,100,0,0,0,0,0,0,0,0,0,1,0,0,1,0,0,0,0,1,0,0,0
0,0,0,0,31.045,68.955,0,0,0,0,0,0,13.257,0,0,8.8942,68.955,0,0,0,8.8942,0,0,0,0,0,0,68.955,0,8.8942,22.151,0,0,0,0,0,0,1,0,0,1,0,0,0,0,1,0,0,0
0,0,0,0,0,100,0,0,0,0,0,0,0,0,0,0,100,0,0,0,0,0,0,0,0,0,0,100,0,0,0,0,0,0,0,0,0,1,0,0,1,0,0,0,0,1,0,0,0
0,0,0,0,0,0,0,0,0,0,0,0,0,0,0,0,0,0,0,0,0,0,0,0,0,0,0,0,0,0,0,0,0,0,0,0,0,1,0,0,1,0,0,0,0,1,0,0,0
8.0332,3.6562,8.754,0,0,57.415,3.6562,0,18.486,0,0,0,0,3.6562,0,13.131,53.038,3.6562,0,0,18.486,8.0332,4.377,16.066,0,4.377,3.6562,4.377,45.005,0,0,22.142,0,0,0,0,0.0079365,0.99206,0,0,1,0,0,0,0,1,0,0,0
0,0,0,0,0,90.441,0,0,9.5589,0,0,0,0,9.5589,0,0,90.441,0,0,0,0,0,0,9.5589,0,0,0,90.441,0,0,0,0,0,0,0,0,0.011765,0.98824,0,0,1,0,0,0,0,1,0,0,0
5.4104,0,41.653,0,0,28.711,12.113,0,12.113,0,0,0,6.2399,0,0,28.344,35.413,0,6.2399,0,12.113,11.65,23.763,10.821,12.48,5.4104,12.113,11.65,11.65,0,0,12.113,0,0,0,0,0.86792,0.13208,0,0,1,0,0,0,0,1,0,0,1
0,0,0,0,0,100,0,0,0,0,0,0,0,0,0,0,100,0,0,0,0,0,0,0,0,0,0,80.852,19.148,0,0,0,0,0,0,0,0,1,0,0,1,0,0,0,0,1,0,0,0
7.7603,7.7603,0,0,0,57.078,0,0,13.701,13.701,0,13.701,7.7603,7.7603,0,0,57.078,0,0,5.9404,0,7.7603,5.9404,0,7.7603,21.461,0,51.138,0,0,0,7.7603,5.9404,0,0,0,0,1,0,0,1,0,0,0,0,1,0,0,0
0,0,2.4892,4.9784,13.793,46.266,29.984,0,2.4892,0,0,0,16.237,2.4892,25.051,13.747,16.282,21.215,0,2.4892,0,2.4892,0,18.726,13.747,13.747,0,13.793,2.4892,2.4892,16.282,18.726,0,0,0,0,0,1,0,0,1,0,0,0,0,1,0,0,0
0,0,0,0,0,83.036,0,0,16.964,0,0,0,0,16.964,0,0,83.036,0,0,0,0,0,0,0,0,0,0,83.036,0,0,0,16.964,0,0,0,0,0,1,0,0,1,0,0,0,0,1,0,0,0
0,4.0532,0,0,0,77.407,0,0,9.2699,9.2699,0,9.2699,0,0,0,0,81.46,0,0,5.2167,4.0532,0,9.2699,4.0532,0,5.2167,0,72.19,0,0,4.0532,0,5.2167,0,0,0,0,1,0,0,1,0,0,0,0,1,0,0,0
0,9.77,0,0,0,90.23,0,0,0,0,0,9.77,0,0,0,0,90.23,0,0,0,0,0,0,9.77,0,0,0,90.23,0,0,0,0,0,0,0,0,0,1,0,0,1,0,0,0,0,1,0,0,0
0,16.779,0,0,0,83.221,0,0,0,0,0,16.779,0,0,0,0,83.221,0,0,0,0,0,0,16.779,0,0,0,83.221,0,0,0,0,0,0,0,0,0,1,0,0,1,0,0,0,0,1,0,0,0
0,0,0,0,0,100,0,0,0,0,0,0,0,0,0,0,100,0,0,0,0,0,0,0,0,0,0,100,0,0,0,0,0,0,0,0,0,1,0,0,1,0,0,0,0,1,0,0,0
0,0,3.1999,14.045,13.279,37.835,14.356,2.9291,14.356,0,0,4.7166,6.129,3.1999,8.2916,14.085,31.641,17.245,1.7875,6.7749,0,6.129,0,20.485,11.156,4.7166,0,14.356,10.846,10.846,13.55,14.045,0,0,0,0,0,1,0,0,1,0,0,0,0,1,0,0,1
0,0,0,0,0,100,0,0,0,0,0,0,0,0,0,0,100,0,0,0,0,0,0,0,0,0,4.5619,95.438,0,0,0,0,0,0,0,0,0,1,0,0,1,0,0,0,0,1,0,0,0
0,0,0,0,0,92.761,0,0,7.2393,0,0,0,0,0,0,0,92.761,0,0,0,7.2393,0,0,0,7.2393,0,13.605,79.156,0,0,0,0,0,0,0,0,0,1,0,0,1,0,0,0,0,1,0,0,0
0,0,0,0,0,100,0,0,0,0,0,0,0,0,0,0,100,0,0,0,0,0,0,0,0,0,4.6251,95.375,0,0,0,0,0,0,0,0,0,1,0,0,1,0,0,0,0,1,0,0,0
0,0,0,0,0,100,0,0,0,0,0,0,0,0,0,0,100,0,0,0,0,0,0,0,0,0,0,100,0,0,0,0,0,0,0,0,0,1,0,0,1,0,0,0,0,1,0,0,0
0,0,0,0,0,100,0,0,0,0,0,0,0,0,0,0,100,0,0,0,0,0,0,0,0,0,0,100,0,0,0,0,0,0,0,0,0,1,0,0,1,0,0,0,0,1,0,0,0
0,0,0,0,0,100,0,0,0,0,0,0,0,0,0,0,100,0,0,0,0,0,0,0,0,0,0,100,0,0,0,0,0,0,0,0,0,1,0,0,1,0,0,0,0,1,0,0,0
0,0,0,0,0,100,0,0,0,0,0,0,0,0,0,0,100,0,0,0,0,0,0,0,0,0,0,100,0,0,0,0,0,0,0,0,0.063291,0.93671,0,0,1,0,0,0,0,1,0,0,0
0,0,0,0,0,100,0,0,0,0,0,0,0,0,0,0,100,0,0,0,0,0,0,0,0,0,0,100,0,0,0,0,0,0,0,0,0.082353,0.91765,0,0,1,0,0,0,0,1,0,0,0
0,0,0,0,0,100,0,0,0,0,0,0,0,0,0,0,100,0,0,0,0,0,0,0,0,0,0,100,0,0,0,0,0,0,0,0,0.12222,0.87778,0,0,1,0,0,0,0,1,0,0,0
0,0,0,0,0,92.593,7.4066,0,0,0,0,0,0,0,0,0,100,0,0,0,0,0,0,0,0,0,21.997,70.596,7.4066,0,0,0,0,0,0,0,0,1,0,0,1,0,0,0,0,1,0,0,0
0,0,0,0,0,100,0,0,0,0,0,0,0,0,0,0,100,0,0,0,0,0,0,0,0,0,5.5418,88.46,5.998,0,0,0,0,0,0,0,0,1,0,0,1,0,0,0,0,1,0,0,0
0,0,0,0,0,86.019,13.981,0,0,0,0,0,0,0,0,0,100,0,0,0,0,0,0,0,0,0,21.148,68.009,10.843,0,0,0,0,0,0,0,0,1,0,0,1,0,0,0,0,1,0,0,0
4.2597,0,0,0,0,86.586,9.1547,0,0,0,0,0,0,0,0,0,91.481,4.2597,0,0,0,4.2597,0,8.5194,0,0,9.1547,68.912,13.414,0,0,0,0,0,0,0,0,1,0,0,1,0,0,0,0,1,0,0,0
0,0,0,0,0,100,0,0,0,0,0,0,0,0,0,0,100,0,0,0,0,0,0,0,0,0,0,100,0,0,0,0,0,0,0,0,0,1,0,0,1,0,0,0,0,1,0,0,0
0,0,0,0,0,100,0,0,0,0,0,0,0,0,0,0,100,0,0,0,0,0,0,0,0,0,0,100,0,0,0,0,0,0,0,0,0,1,0,0,1,0,0,0,0,1,0,0,0
12.296,8.172,17.874,5.3334,2.8386,44.444,4.5214,0,4.5214,0,0,5.3334,0,5.3334,0,17.625,33.83,15.383,2.8386,0,7.36,12.296,12.445,30.27,8.172,13.257,4.5214,11.335,6.9628,5.6772,0,7.36,0,0,0,0,0,1,0,0,1,0,0,0,0,1,0,0,0
8.7266,11.813,7.521,4.4351,3.086,60.127,4.2915,0,0,0,0,4.4351,0,8.7266,0,4.4351,52.606,14.899,3.086,0,3.086,8.7266,4.4351,23.625,7.521,8.8701,4.2915,29.254,8.4542,6.172,0,7.3775,0,0,0,0,0.068493,0.93151,0,0,1,0,0,0,0,1,0,0,0
0,0,0,0,0,100,0,0,0,0,0,0,0,0,0,0,100,0,0,0,0,0,0,0,0,0,0,100,0,0,0,0,0,0,0,0,0,1,0,0,1,0,0,0,0,1,0,0,0
0,0,0,0,0,100,0,0,0,0,0,0,0,0,0,0,100,0,0,0,0,0,0,0,0,0,0,100,0,0,0,0,0,0,0,0,0,1,0,0,1,0,0,0,0,1,0,0,0
0,0,0,0,0,100,0,0,0,0,0,0,0,0,0,0,100,0,0,0,0,0,0,0,0,0,0,100,0,0,0,0,0,0,0,0,0.03125,0.96875,0,0,1,0,0,0,0,1,0,0,0
0,0,0,0,0,100,0,0,0,0,0,0,0,0,0,0,100,0,0,0,0,0,0,0,0,0,0,100,0,0,0,0,0,0,0,0,0,1,0,0,1,0,0,0,0,1,0,0,0
0,0,0,0,0,100,0,0,0,0,0,0,0,0,0,0,100,0,0,0,0,0,0,0,0,0,0,100,0,0,0,0,0,0,0,0,0,1,0,0,1,0,0,0,0,1,0,0,0
0,0,0,0,0,100,0,0,0,0,0,0,0,0,0,0,100,0,0,0,0,0,0,0,0,0,0,100,0,0,0,0,0,0,0,0,0,1,0,0,1,0,0,0,0,1,0,0,0
0,0,1.8569,23.214,15.892,34.798,5.3892,14.905,3.9449,0,0,12.916,3.1349,1.8569,12.227,3.9691,14.849,24.691,5.039,8.4481,3.0645,9.8041,0,8.5901,12.958,9.189,0,5.4553,6.1003,10.141,29.022,17.625,0.91926,0,0,0,0,1,0,0,1,0,0,0,0,1,0,0,1
0,0,0.72995,38.394,19.006,34.745,0.72995,4.8314,1.5634,0,0,3.7906,1.4277,0.72995,12.717,3.9979,24.507,28.005,5.5595,7.8266,0.83346,10.606,0,2.1577,1.6669,8.8352,0,0.72995,6.9628,7.7963,41.087,22.945,7.8188,0,0,0,0,1,0,0,1,0,0,0,0,1,0,0,1
0,0,1.1859,21.785,13.645,41.073,0,18.795,3.5157,0,0,12.49,3.116,1.1859,8.1357,6.952,20.498,19.135,5.5093,3.3465,3.5157,16.117,0,8.4446,8.8444,9.8111,3.5157,8.8444,9.091,10.277,23.223,17.949,0,0,0,0,0.010753,0.98925,0,0,1,0,0,0,0,1,0,0,0
0,0,16.525,47.292,32.526,3.6576,0,0,0,0,0,0,0,4.0733,4.089,17.207,53.6,0,12.578,8.4536,0,0,0,0,0,0,0,0,3.6576,16.825,20.772,45.311,13.434,0,0,0,0,1,0,0,1,0,0,0,0,1,0,0,0
0,0,25.731,35.304,31.336,7.6294,0,0,0,0,0,0,0,7.5448,8.1576,22.984,50.742,0,4.4913,6.0806,0,0,0,0,0,0,0,0,7.6294,6.7509,19.955,58.803,6.8623,0,0,0,0.42857,0.57143,0,0,1,0,0,0,0,1,0,0,0
0,0,34.774,30.024,31.796,3.406,0,0,0,0,0,0,0,4.7347,5.0018,27.383,51.798,0,6.5573,4.5252,0,0,0,0,0,0,0,0,3.406,5.8479,23.849,50.98,15.917,0,0,0,0.17647,0.82353,0,0,1,0,0,0,0,1,0,0,0
0,0,34.48,31.58,27.206,6.7341,0,0,0,0,0,0,0,8.4429,3.5946,22.615,44.935,0,11.882,8.5295,0,0,0,0,0,0,0,0,6.7341,6.1449,26.363,45.153,15.605,0,0,0,1,0,0,0,1,0,0,0,0,1,0,0,1
3.9763,3.9763,23.744,1.7765,2.6136,41.233,6.7968,0,13.269,0,2.6136,4.3901,6.6614,3.9763,0,11.601,41.44,3.9763,4.0478,0,13.269,10.638,10.421,10.566,12.486,3.553,6.7968,4.0478,31.433,2.6136,2.6136,15.469,0,0,0,0,0.50909,0.49091,0,0,1,0,0,0,0,1,0,0,1
0,0,25.138,39.794,32.722,2.3464,0,0,0,0,0,0,0,1.3203,3.0489,19.614,54.838,0,11.635,9.5445,0,0,0,0,0,0,0,0,2.3464,12.82,22.356,42.151,20.326,0,0,0,1,0,0,0,1,0,0,0,0,1,0,0,1
0,0,19.769,32.668,42.843,4.7202,0,0,0,0,0,0,0,2.0627,8.487,22.87,45.548,0,6.621,14.412,0,0,0,0,0,0,0,0,4.7202,13.06,23.091,49.673,9.4557,0,0,0,0.78947,0.21053,0,0,1,0,0,0,0,1,0,0,1
3.7043,0,21.634,5.8529,7.6393,50.23,0,0,9.1529,0,1.7864,1.7864,7.6393,0,0,31.191,39.94,0,4.7997,0,9.1529,5.4907,8.504,9.195,7.6393,3.7043,0,14.357,32.169,1.7864,7.6393,15.006,0,0,0,0,0.92647,0.073529,0,0,1,0,0,0,0,1,0,0,1
0,0,27.304,29.869,38.498,4.3292,0,0,0,0,0,0,0,7.4677,9.2422,25.754,45.141,0,6.1449,6.25,0,0,0,0,0,0,0,0,4.3292,9.2563,27.857,50.801,7.7569,0,0,0,1,0,0,0,1,0,0,0,0,1,0,0,1
0,0,1.4533,21.3,16.982,45.092,9.2207,3.7402,2.2122,0,0,6.0863,10.069,1.4533,12.213,8.0033,25.576,20.632,2.9609,6.7696,0,6.237,0,6.9692,5.7164,12.087,0,7.5244,8.8018,10.255,23.635,20.419,4.5915,0,0,0,0,1,0,0,1,0,0,0,0,1,0,0,1
0,0,3.161,6.3219,74.712,9.4829,3.161,0,3.161,0,0,0,3.161,3.161,0,0,77.873,9.4829,0,3.161,0,3.161,0,6.3219,0,0,0,3.161,3.161,3.161,77.873,6.3219,0,0,0,0,0,1,0,0,1,0,0,0,0,1,0,0,1
0,0,5.1785,33.053,18.888,33.778,1.8761,5.3504,1.8761,0,0,9.9461,2.7177,5.1785,13.305,2.048,19.031,32.06,3.7063,6.8757,0,5.1307,0,4.5938,0,7.8502,0,1.8761,9.3614,12.664,36.773,21.917,4.9644,0,0,0,0,1,0,0,1,0,0,0,0,1,0,0,1
4.1018,17.556,0,0,0,38.51,10.679,0,9.2369,19.916,0,12.011,14.781,4.1018,0,0,38.51,0,0,15.815,10.679,4.1018,5.1351,13.454,4.1018,24.018,0,22.695,0,0,10.679,4.1018,15.815,0,0,0,0,1,0,0,1,0,0,0,0,1,0,0,0
0,0,0,0,0,100,0,0,0,0,0,0,0,0,0,0,100,0,0,0,0,0,0,0,0,0,0,100,0,0,0,0,0,0,0,0,1,0,0,0,1,0,0,0,0,1,0,0,0
0,0,0,0,0,100,0,0,0,0,0,0,0,0,0,0,100,0,0,0,0,0,0,0,0,0,0,50,50,0,0,0,0,0,0,0,1,0,0,0,1,0,0,0,0,1,0,0,0
0,0,0,0,0,100,0,0,0,0,0,0,0,0,0,0,100,0,0,0,0,0,0,0,0,0,0,23.527,76.473,0,0,0,0,0,0,0,1,0,0,0,1,0,0,0,0,1,0,0,0
0,0,3.6663,32.886,7.7027,40.756,3.3334,9.2205,2.4355,0,0,9.1687,4.9154,3.6663,5.1016,6.4346,20.642,31.548,2.6187,3.3165,1.3361,11.253,0,6.0149,3.7892,11.218,0,1.0995,11.281,15.184,21.769,26.141,3.5026,0,0,0,0,1,0,0,1,0,0,0,0,1,0,0,1
0,0,0,0,50,50,0,0,0,0,0,0,50,0,0,0,50,0,0,0,0,0,0,0,0,0,0,50,0,0,50,0,0,0,0,0,0,1,0,0,1,0,0,0,0,1,0,0,1
0,0,7.1232,29.077,7.7626,46.452,0.98549,7.6138,0.98549,0,0,13.601,0.98549,7.1232,3.9757,1.4761,23.201,30.186,2.8014,8.1747,0,8.4764,0,1.971,0,13.478,0,0.98549,12.987,19.125,19.314,27.601,4.5387,0,0,0,0,1,0,0,1,0,0,0,0,1,0,0,1
0,0,4.539,31.074,14.528,36.839,0.61721,8.5821,3.8212,0,0,15.243,2.0735,4.539,11.172,1.4563,16.17,32.996,2.7392,7.2148,3.204,3.1928,0,2.6907,6.408,9.2366,0,0.61721,11.31,18.436,27.014,21.67,2.6171,0,0,0,0,1,0,0,1,0,0,0,0,1,0,0,1
0,0,0,0,0,100,0,0,0,0,0,0,0,0,0,0,100,0,0,0,0,0,0,0,0,0,0,71.642,28.358,0,0,0,0,0,0,0,0,1,0,0,1,0,0,0,0,1,0,0,0
0,0,0,0,0,100,0,0,0,0,0,0,0,0,0,0,100,0,0,0,0,0,0,0,0,0,0,100,0,0,0,0,0,0,0,0,0,1,0,0,1,0,0,0,0,1,0,0,0
0,0,0,0,0,100,0,0,0,0,0,0,0,0,0,0,100,0,0,0,0,0,0,0,0,0,0,66.667,33.333,0,0,0,0,0,0,0,1,0,0,0,1,0,0,0,0,1,0,0,0
0,0,0,0,0,50,38.897,11.103,0,0,0,0,0,0,0,0,77.795,22.205,0,0,0,0,0,11.103,0,38.897,0,22.205,27.795,0,0,0,0,0,0,0,0.65306,0.34694,0,0,1,0,0,0,0,1,0,0,0
0,0,0,0,0,100,0,0,0,0,0,0,0,0,0,0,100,0,0,0,0,0,0,0,0,0,0,100,0,0,0,0,0,0,0,0,0,1,0,0,1,0,0,0,0,1,0,0,0
0,0,0,0,0,50,25,25,0,0,0,0,0,0,0,0,50,50,0,0,0,0,0,25,0,25,0,50,0,0,0,0,0,0,0,0,0.90323,0.096774,0,0,1,0,0,0,0,1,0,0,0
0,0,0,0,0,45.031,28.34,26.629,0,0,0,0,0,0,0,6.0958,61.977,31.927,0,0,0,0,6.0958,20.533,0,28.34,5.2977,34.436,5.2977,0,0,0,0,0,0,0,0,1,0,0,1,0,0,0,0,1,0,0,0
0,0,0,0,0,59.123,40.877,0,0,0,0,0,0,0,0,0,90.877,9.123,0,0,0,0,0,0,0,40.877,9.123,40.877,9.123,0,0,0,0,0,0,0,0,1,0,0,1,0,0,0,0,1,0,0,0
0,0,0,0,14.242,85.758,0,0,0,0,0,0,0,0,0,0,85.758,14.242,0,0,0,0,0,0,0,0,0,85.758,0,14.242,0,0,0,0,0,0,0,1,0,0,1,0,0,0,0,1,0,0,0
0,0,0,0,0,66.552,27.707,5.7408,0,0,0,0,0,0,4.3792,0,79.76,15.861,0,0,0,0,0,5.7408,0,23.328,8.7584,48.965,13.208,0,0,0,0,0,0,0,0,1,0,0,1,0,0,0,0,1,0,0,0
0,0,0,0,11.262,80.448,8.2903,0,0,0,0,0,0,0,0,0,80.448,19.552,0,0,0,0,0,0,0,8.2903,8.2903,63.868,8.2903,11.262,0,0,0,0,0,0,0,1,0,0,1,0,0,0,0,1,0,0,0
0,0,0,0,0,100,0,0,0,0,0,0,0,0,0,0,100,0,0,0,0,0,0,0,0,0,0,100,0,0,0,0,0,0,0,0,1,0,0,0,1,0,0,0,0,1,0,0,0
0,0,0,0,0,61.444,0,0,38.556,0,0,0,10.62,12.268,15.669,0,61.444,0,0,0,0,0,0,0,0,0,0,61.444,0,0,0,0,38.556,0,0,0,1,0,0,0,1,0,0,0,0,1,0,0,0
0,0,0,0,0,100,0,0,0,0,0,0,0,0,0,0,100,0,0,0,0,0,0,0,0,0,0,66.667,33.333,0,0,0,0,0,0,0,1,0,0,0,1,0,0,0,0,1,0,0,0
0,0,0,0,0,56.66,0,0,43.34,0,0,0,0,13.32,30.02,0,56.66,0,0,0,0,0,0,0,0,0,0,56.66,0,0,0,0,43.34,0,0,0,0.96296,0.037037,0,0,1,0,0,0,0,1,0,0,0
0,0,0,0,0,85.185,0,0,14.815,0,0,0,5.479,9.3363,0,0,85.185,0,0,0,0,0,0,0,0,0,0,85.185,0,0,0,0,14.815,0,0,0,0,1,0,0,1,0,0,0,0,1,0,0,0
0,0,0,0,0,87.589,0,0,12.411,0,0,0,0,12.411,0,0,87.589,0,0,0,0,0,0,0,0,0,0,87.589,0,0,0,0,12.411,0,0,0,0,1,0,0,1,0,0,0,0,1,0,0,0
0,0,0,0,0,80.186,0,0,19.814,0,0,0,0,0,19.814,0,80.186,0,0,0,0,0,0,0,0,0,0,80.186,0,0,0,0,19.814,0,0,0,0,1,0,0,1,0,0,0,0,1,0,0,0
0,0,0,0,0,76.012,0,0,23.988,0,0,0,0,0,23.988,0,76.012,0,0,0,0,0,0,0,0,0,0,76.012,0,0,0,0,23.988,0,0,0,0,1,0,0,1,0,0,0,0,1,0,0,0
0,0,0,0,0,100,0,0,0,0,0,0,0,0,0,0,100,0,0,0,0,0,0,0,0,0,0,100,0,0,0,0,0,0,0,0,0,1,0,0,1,0,0,0,0,1,0,0,0
0,0,0,0,0,100,0,0,0,0,0,0,0,0,0,0,100,0,0,0,0,0,0,0,0,0,0,100,0,0,0,0,0,0,0,0,0,1,0,0,1,0,0,0,0,1,0,0,0
0,0,0,0,0,100,0,0,0,0,0,0,0,0,0,0,100,0,0,0,0,0,0,0,0,0,0,100,0,0,0,0,0,0,0,0,0,1,0,0,1,0,0,0,0,1,0,0,0
0,0,0,0,0,100,0,0,0,0,0,0,0,0,0,0,100,0,0,0,0,0,0,0,0,0,0,100,0,0,0,0,0,0,0,0,0,1,0,0,1,0,0,0,0,1,0,0,0
0,0,0,0,0,100,0,0,0,0,0,0,0,0,0,0,100,0,0,0,0,0,0,0,0,0,0,50.207,49.793,0,0,0,0,0,0,0,0.98649,0.013514,0,0,1,0,0,0,0,1,0,0,0
0,0,15.792,18.108,8.4901,31.51,0,0,16.349,9.751,0,7.859,10.909,10.249,0,8.4901,23.651,5.44,14.56,9.751,9.091,0,10.249,14.56,9.091,0,6.7009,16.95,7.859,8.4901,10.909,9.751,5.44,0,0,0,0,1,0,0,1,0,0,0,0,1,0,0,1
0,0,13.022,5.892,17.422,26.037,0,0,28.297,9.3299,0,2.1399,5.7649,3.752,0,21.789,28.177,18.164,3.565,9.3299,7.317,0,3.752,7.8449,7.317,0,10.073,9.457,6.5077,17.422,5.7649,9.3299,22.532,0,0,0,0,1,0,0,1,0,0,0,0,1,0,0,1
0,0,0,0,13.347,70.704,15.949,0,0,0,0,14.031,0,0,0,0,56.673,13.347,0,0,0,15.949,29.98,0,0,0,0,56.673,0,13.347,0,0,0,0,0,0,0,1,0,0,1,0,0,0,0,1,0,0,0
0,0,0,0,5.1133,89.773,5.1133,0,0,0,0,47.443,0,0,0,0,42.33,5.1133,0,0,0,5.1133,52.557,0,0,0,0,42.33,0,5.1133,0,0,0,0,0,0,0,1,0,0,1,0,0,0,0,1,0,0,0
0,0,0,0,11.949,76.102,11.949,0,0,0,0,11.949,0,0,0,0,64.153,11.949,0,0,0,11.949,23.898,0,0,0,0,64.153,0,11.949,0,0,0,0,0,0,0,1,0,0,1,0,0,0,0,1,0,0,0
0,0,0,0,4.5828,47.709,47.709,0,0,0,0,4.5828,0,0,0,0,43.126,4.5828,0,0,0,47.709,52.291,0,0,0,0,43.126,0,4.5828,0,0,0,0,0,0,0,1,0,0,1,0,0,0,0,1,0,0,0
0,0,11.847,14.041,22.797,21.046,0,0,20.966,9.3032,0,11.03,10.401,3.0114,0,16.367,26.053,16.996,4.9255,9.3032,1.9141,0,3.0114,20.962,1.9141,0,3.5025,12.944,4.5998,22.797,10.401,9.3032,10.566,0,0,0,0,1,0,0,1,0,0,0,0,1,0,0,1
0,0,0,0,0,100,0,0,0,0,0,0,0,0,0,0,100,0,0,0,0,0,0,0,0,0,0,100,0,0,0,0,0,0,0,0,0,1,0,0,1,0,0,0,0,1,0,0,0
0,0,0,0,0,100,0,0,0,0,0,0,0,0,0,0,100,0,0,0,0,0,0,0,0,0,0,100,0,0,0,0,0,0,0,0,0,1,0,0,1,0,0,0,0,1,0,0,0
0,0,0,0,0,100,0,0,0,0,0,0,0,0,0,0,100,0,0,0,0,0,0,0,0,0,0,100,0,0,0,0,0,0,0,0,0,1,0,0,1,0,0,0,0,1,0,0,0
0,0,0,0,0,100,0,0,0,0,0,0,0,0,0,0,100,0,0,0,0,0,0,0,0,0,0,100,0,0,0,0,0,0,0,0,0,1,0,0,1,0,0,0,0,1,0,0,0
0,0,0,0,0,100,0,0,0,0,0,0,0,0,0,0,100,0,0,0,0,0,0,0,0,0,0,100,0,0,0,0,0,0,0,0,0,1,0,0,1,0,0,0,0,1,0,0,0
0,0,0,0,0,100,0,0,0,0,0,0,0,0,0,0,100,0,0,0,0,0,0,0,0,0,0,100,0,0,0,0,0,0,0,0,0,1,0,0,1,0,0,0,0,1,0,0,0
0,0,0,0,0,100,0,0,0,0,0,0,0,0,0,0,100,0,0,0,0,0,0,0,0,0,0,100,0,0,0,0,0,0,0,0,0,1,0,0,1,0,0,0,0,1,0,0,0
0,0,0,0,0,100,0,0,0,0,0,0,0,0,0,0,100,0,0,0,0,0,0,0,0,0,0,100,0,0,0,0,0,0,0,0,0,1,0,0,1,0,0,0,0,1,0,0,0
16.759,9.7054,16.355,4.8527,0,35.24,0,0,6.6493,0,10.439,4.8527,4.8527,0,4.8527,18.151,17.088,17.088,5.5864,16.025,0,11.502,0,9.7054,5.5864,27.527,0,17.088,23.738,0,4.8527,4.8527,6.6493,0,0,0,0,1,0,0,1,0,0,0,0,1,0,0,0
0,0,33.757,8.9768,15.193,35.857,0,0,0,0,6.2162,6.2162,19.309,0,0,30.386,29.641,0,4.1158,0,0,10.332,4.1158,6.2162,23.425,0,0,13.093,22.765,6.2162,15.193,8.9768,0,0,0,0,0,1,0,0,1,0,0,0,0,1,0,0,1
0,0,0,0,0,100,0,0,0,0,0,0,0,0,0,0,100,0,0,0,0,0,0,0,0,0,0,100,0,0,0,0,0,0,0,0,0,1,0,0,1,0,0,0,0,1,0,0,0
0,0,0,0,0,76.518,11.741,11.741,0,0,0,0,0,0,0,38.259,23.482,38.259,0,0,0,0,11.741,0,0,11.741,0,76.518,0,0,0,0,0,0,0,0,0.92453,0.075472,0,0,1,0,0,0,0,1,0,0,0
0,0,0,0,0,57.57,26.617,15.813,0,0,0,0,0,0,15.14,19.018,38.095,27.747,0,0,0,0,9.509,6.3038,0,11.478,20.314,52.396,0,0,0,0,0,0,0,0,0,1,0,0,1,0,0,0,0,1,0,0,0
0,0,0,0,0,100,0,0,0,0,0,0,0,0,0,0,100,0,0,0,0,0,0,0,0,0,0,86.222,13.778,0,0,0,0,0,0,0,0,1,0,0,1,0,0,0,0,1,0,0,0
0,0,0,0,0,73.509,0,26.491,0,0,0,0,0,0,0,52.983,15.672,31.345,0,0,0,0,26.491,0,0,0,0,73.509,0,0,0,0,0,0,0,0,0.92593,0.074074,0,0,1,0,0,0,0,1,0,0,0
0,0,0,0,0,44.594,46.789,8.6177,0,0,0,0,0,0,4.1365,23.567,29.645,42.652,0,0,0,0,8.6177,0,0,12.754,38.171,40.457,0,0,0,0,0,0,0,0,0,1,0,0,1,0,0,0,0,1,0,0,0
0,0,0,0,0,71.714,22.301,5.985,0,0,0,0,0,0,5.5334,11.933,66.181,16.352,0,0,0,0,5.985,0,0,10.819,16.316,56.098,10.782,0,0,0,0,0,0,0,0,1,0,0,1,0,0,0,0,1,0,0,0
0,0,0,0,0,87.812,12.188,0,0,0,0,0,0,0,6.094,0,87.812,6.094,0,0,0,0,0,0,0,6.094,12.188,72.902,8.8162,0,0,0,0,0,0,0,0,1,0,0,1,0,0,0,0,1,0,0,0
0,0,0,0,0,60.103,39.897,0,0,0,0,0,0,0,5.266,6.4363,53.666,34.631,0,0,0,0,0,0,0,5.266,39.897,33,21.837,0,0,0,0,0,0,0,0,1,0,0,1,0,0,0,0,1,0,0,0
0,0,6.7982,0,0,84.383,5.4194,0,3.3991,0,0,0,0,3.3991,0,27.177,62.626,0,3.3991,3.3991,0,0,6.7982,0,0,0,5.4194,60.606,23.778,0,0,3.3991,0,0,0,0,0,1,0,0,1,0,0,0,0,1,0,0,0
4.65,13.031,13.198,1.4966,13.333,46.496,2.0764,0,5.1047,0,0.61501,1.4966,2.1116,2.0764,0.61501,4.5546,32.353,25.129,12.451,0,14.563,4.65,4.4225,33.32,10.954,1.4293,2.0764,4.9479,5.265,22.175,1.4966,12.416,1.4966,0,0,0,0.8,0.2,0,0,1,0,0,0,0,1,0,0,1
12.091,12.019,13.286,12.638,6.1524,31.646,1.0547,0,9.4047,0,1.709,13.251,4.4786,10.923,1.0959,14.96,17.805,13.187,3.8655,0,7.731,12.704,16.503,30.852,11.577,20.832,1.0547,3.4325,5.1584,3.3828,3.3828,1.0547,2.7696,0.033333,0,0,0.033333,0.93333,0,0,1,0,0,0,0,1,0,0,1
1.2085,4.7742,20.63,4.0107,9.0982,28.392,2.2705,0,26.625,1.7534,1.2376,11.818,5.7931,1.2085,11.121,7.7952,20.627,5.7212,12.156,1.3093,17.735,4.7166,20.997,18.921,6.9729,4.6875,0,8.4065,9.49,8.5524,4.0397,13.377,4.5555,0.022727,0,0.011364,0.011364,0.95455,0,0,1,0,0,0,0,1,0,0,1
3.095,3.2867,31.338,1.6018,4.8633,45.142,0,0,7.739,1.3066,1.627,5.5215,6.8469,0,2.9336,21.894,26.446,4.9464,16.58,0,9.4239,5.4066,22.231,17.299,7.9098,4.722,0,16.414,19.027,4.9212,1.6018,2.9663,2.9084,0.16176,0.014706,0.014706,0.058824,0.75,0,0,1,0,0,0,0,1,0,0,0
2.7654,10.763,21.72,2.7654,6.508,39.668,0,0,10.02,2.0102,3.7807,9.9418,5.7909,2.7654,7.3327,7.6918,23.114,16.125,10.685,0,12.642,3.9111,12.108,27.316,11.908,8.1658,0,5.3225,10.093,11.87,1.1457,10.06,2.0102,1,0,0,0,0,0,0,1,0,0,0,0,1,0,0,1
0,8.5319,31.861,4.8755,5.0472,28.088,3.676,0,14.341,0.94756,2.6314,11.732,5.6266,0,5.3554,15.311,17.872,1.6795,3.7271,5.9049,27.215,5.5755,20.996,32.257,7.255,5.3554,0,9.4647,8.2113,2.9996,3.9471,5.5711,3.9427,0.034483,0,0.017241,0.034483,0.91379,0,0,1,0,0,0,0,1,0,0,1
0,9.6702,29.757,1.8304,0,34.58,1.1802,0,15.785,4.2188,2.9778,17.639,6.0165,0,9.7207,11.501,21.254,1.7977,6.6821,7.8725,15.157,2.3603,26.123,30.339,1.7977,2.9778,0,16.385,7.8749,0,0,9.1032,5.3989,0,0,0,0.033898,0.9661,0,0,1,0,0,0,0,1,0,0,1
20,0,0,0,0,80,0,0,0,0,0,0,0,0,0,0,60,20,0,0,0,20,0,40,0,0,0,40,20,0,0,0,0,0,0,0,0,1,0,0,1,0,0,0,0,1,0,0,0
0,0,0,0,0,100,0,0,0,0,0,0,0,0,0,24.263,51.475,24.263,0,0,0,0,0,0,0,0,0,90.681,9.3186,0,0,0,0,0,0,0,1,0,0,0,1,0,0,0,0,1,0,0,0
0,0,0,0,0,62.55,37.45,0,0,0,0,0,0,0,14.533,5.2837,48.017,32.166,0,0,0,0,0,0,0,0,37.45,39.634,22.916,0,0,0,0,0,0,0,0.51111,0.48889,0,0,1,0,0,0,0,1,0,0,0
0,0,0,0,0,100,0,0,0,0,0,0,0,0,0,15.279,56.481,28.24,0,0,0,0,0,0,0,0,0,71.76,28.24,0,0,0,0,0,0,0,1,0,0,0,1,0,0,0,0,1,0,0,0
0,0,0,0,0,100,0,0,0,0,0,0,0,0,0,15.79,49.605,34.605,0,0,0,0,0,0,0,0,0,59.052,40.948,0,0,0,0,0,0,0,1,0,0,0,1,0,0,0,0,1,0,0,0
0,0,0,0,0,54.411,45.589,0,0,0,0,0,0,0,0,29.118,37.941,32.942,0,0,0,0,0,0,0,0,45.589,41.765,12.647,0,0,0,0,0,0,0,0.074074,0.92593,0,0,1,0,0,0,0,1,0,0,0
0,0,11.406,0,0,82.891,0,0,5.703,0,0,0,0,5.703,0,5.703,77.188,0,5.703,5.703,0,0,11.406,0,0,0,0,66.446,16.446,0,0,5.703,0,0,0,0,0,1,0,0,1,0,0,0,0,1,0,0,0
0,0,0,0,0,100,0,0,0,0,0,0,0,0,0,10.806,64.63,24.564,0,0,0,0,0,0,0,0,0,89.194,10.806,0,0,0,0,0,0,0,1,0,0,0,1,0,0,0,0,1,0,0,0
0,0,0,0,0,100,0,0,0,0,0,0,0,0,0,0,100,0,0,0,0,0,0,0,0,0,0,100,0,0,0,0,0,0,0,0,1,0,0,0,1,0,0,0,0,1,0,0,0
0,0,0,0,0,73.815,0,0,26.185,0,0,0,0,0,26.185,0,73.815,0,0,0,0,0,0,0,0,0,0,73.815,0,0,0,0,26.185,0,0,0,1,0,0,0,1,0,0,0,0,1,0,0,0
0,0,0,0,4.5835,81.055,0,0,14.361,0,0,0,0,0,18.945,0,81.055,0,0,0,0,0,0,0,0,0,0,81.055,0,0,4.5835,0,14.361,0,0,0,0,1,0,0,1,0,0,0,0,1,0,0,0
0,0,0,0,0,89.489,0,0,10.511,0,0,0,0,0,10.511,0,89.489,0,0,0,0,0,0,0,0,0,0,89.489,0,0,0,0,10.511,0,0,0,0,1,0,0,1,0,0,0,0,1,0,0,0
0,0,0,0,7.8712,92.129,0,0,0,0,0,0,0,0,0,0,100,0,0,0,0,0,0,0,0,0,0,92.129,0,7.8712,0,0,0,0,0,0,0,1,0,0,1,0,0,0,0,1,0,0,0
0,0,0,0,0,100,0,0,0,0,0,0,0,0,0,0,100,0,0,0,0,0,0,0,0,0,0,100,0,0,0,0,0,0,0,0,0,1,0,0,1,0,0,0,0,1,0,0,0
0,0,6.2424,14.142,17.461,26.438,0,0,30.107,5.6093,0,7.55,9.5593,6.5923,0,20.009,26.088,18,3.95,5.6093,2.6424,0,6.5923,11.15,2.6424,0,6.1479,10.192,10.098,17.461,9.5593,5.6093,20.547,0,0,0,0,1,0,0,1,0,0,0,0,1,0,0,1
0,0,18.794,19.853,11.166,31.287,0,0,15.086,3.8144,0,8.5726,4.3435,11.28,0,8.8394,31.173,13.068,8.158,3.8144,10.751,0,11.28,16.616,10.751,0,5.7173,19.324,6.2464,11.166,4.3435,3.8144,10.742,0,0,0,0,1,0,0,1,0,0,0,0,1,0,0,1
0,0,16.224,0,0,75.664,0,0,8.1119,0,0,0,0,8.1119,0,8.1119,67.552,0,8.1119,8.1119,0,0,16.224,0,0,0,0,75.664,0,0,0,8.1119,0,0,0,0,0,1,0,0,1,0,0,0,0,1,0,0,0
0,0,19.682,0,0,75,0,0,5.3181,0,0,0,0,3.4373,0,5.3181,60.926,8.7555,5.3181,16.245,0,0,19.682,0,0,0,0,39.364,35.636,0,0,5.3181,0,0,0,0,0,1,0,0,1,0,0,0,0,1,0,0,0
0,0,15.709,13.596,20.213,19.787,0,0,22.252,8.4432,0,2.0388,7.3864,11.557,0,20.213,17.748,14.866,5.1344,8.4432,12.614,0,11.557,5.1344,12.614,0,3.0956,14.652,2.0388,20.213,7.3864,8.4432,14.866,0,0,0,0,1,0,0,1,0,0,0,0,1,0,0,0
0,0,5.3913,0,0,82.949,0,0,11.66,0,0,0,0,2.4908,0,16.803,51.995,14.151,11.66,2.9005,0,0,5.3913,0,0,0,0,34.688,48.26,0,0,11.66,0,0,0,0,0,1,0,0,1,0,0,0,0,1,0,0,0
0,0,10.313,0,0,82.527,0,0,7.1606,0,0,0,0,8.7421,0,20.338,49.428,12.761,7.1606,1.5707,0,0,10.313,0,0,0,0,45.409,37.118,0,0,7.1606,0,0,0,0,0,1,0,0,1,0,0,0,0,1,0,0,0
0,0,24.91,0,0,67.853,0,0,7.2364,0,0,0,0,11.268,0,12.18,51.642,4.0313,7.2364,13.643,0,0,24.91,0,0,0,0,52.472,15.381,0,0,7.2364,0,0,0,0,0,1,0,0,1,0,0,0,0,1,0,0,0
0,0,16.667,0,0,75.115,0,0,8.2184,0,0,0,0,2.2779,0,12.927,56.247,5.9405,8.2184,14.389,0,0,16.667,0,0,0,0,40.473,34.641,0,0,8.2184,0,0,0,0,0,1,0,0,1,0,0,0,0,1,0,0,0
0,0,0,0,0,100,0,0,0,0,0,0,0,0,0,0,100,0,0,0,0,0,0,0,0,0,0,100,0,0,0,0,0,0,0,0,0,1,0,0,1,0,0,0,0,1,0,0,0
0,0,0,0,0,100,0,0,0,0,0,0,0,0,0,0,100,0,0,0,0,0,0,0,0,0,0,100,0,0,0,0,0,0,0,0,0,1,0,0,1,0,0,0,0,1,0,0,0
0,0,0,0,0,100,0,0,0,0,0,0,0,0,0,0,100,0,0,0,0,0,0,0,0,0,0,100,0,0,0,0,0,0,0,0,0,1,0,0,1,0,0,0,0,1,0,0,0
0,0,0,0,0,100,0,0,0,0,0,0,0,0,0,0,100,0,0,0,0,0,0,0,0,0,0,100,0,0,0,0,0,0,0,0,0,1,0,0,1,0,0,0,0,1,0,0,0
0,0,0,0,0,100,0,0,0,0,0,0,0,0,0,0,100,0,0,0,0,0,0,0,0,0,0,100,0,0,0,0,0,0,0,0,0,1,0,0,1,0,0,0,0,1,0,0,0
0,0,0,0,0,100,0,0,0,0,0,0,0,0,0,0,100,0,0,0,0,0,0,0,0,0,0,100,0,0,0,0,0,0,0,0,0,1,0,0,1,0,0,0,0,1,0,0,0
0,0,0,0,0,100,0,0,0,0,0,0,0,0,0,0,100,0,0,0,0,0,0,0,0,0,0,100,0,0,0,0,0,0,0,0,0,1,0,0,1,0,0,0,0,1,0,0,0
0,0,0,0,0,100,0,0,0,0,0,0,0,0,0,0,100,0,0,0,0,0,0,0,0,0,0,100,0,0,0,0,0,0,0,0,0,1,0,0,1,0,0,0,0,1,0,0,0
0,0,0,0,0,100,0,0,0,0,0,0,0,0,0,0,100,0,0,0,0,0,0,0,0,0,0,100,0,0,0,0,0,0,0,0,0,1,0,0,1,0,0,0,0,1,0,0,0
0,0,0,0,11.11,88.89,0,0,0,0,0,0,0,0,0,5.5551,88.89,0,0,0,5.5551,0,0,0,0,0,0,88.89,0,5.5551,5.5551,0,0,0,0,0,0,1,0,0,1,0,0,0,0,1,0,0,0
0,0,0,0,0,100,0,0,0,0,0,0,0,0,0,0,100,0,0,0,0,0,0,0,0,0,0,100,0,0,0,0,0,0,0,0,0,1,0,0,1,0,0,0,0,1,0,0,0
0,0,0,0,0,100,0,0,0,0,0,0,0,0,0,0,100,0,0,0,0,0,0,0,0,0,0,100,0,0,0,0,0,0,0,0,0,1,0,0,1,0,0,0,0,1,0,0,0
0,0,0,0,0,93.154,0,0,6.8459,0,0,0,0,6.8459,0,0,93.154,0,0,0,0,0,0,6.8459,0,0,0,93.154,0,0,0,0,0,0,0,0,0,1,0,0,1,0,0,0,0,1,0,0,0
0,0,0,0,0,100,0,0,0,0,0,0,0,0,0,0,100,0,0,0,0,0,0,0,0,0,0,100,0,0,0,0,0,0,0,0,0,1,0,0,1,0,0,0,0,1,0,0,0
0,0,0,6.3085,0,87.383,6.3085,0,0,0,0,6.3085,6.3085,0,0,0,84.212,0,0,0,0,3.1713,6.3085,0,0,0,3.1713,81.04,0,0,0,3.1713,6.3085,0,0,0,0,1,0,0,1,0,0,0,0,1,0,0,0
0,0,0,5.0242,5.0242,73.602,0,11.325,5.0242,0,0,0,0,5.0242,0,10.048,64.205,6.301,0,0,11.325,3.0959,0,16.349,0,0,9.3969,61.11,0,0,0,13.144,0,0,0,0,0,1,0,0,1,0,0,0,0,1,0,0,0
0,0,0,8.9162,8.9162,59.502,0,8.9162,13.749,0,0,0,0,13.749,0,17.832,49.058,7.4983,0,0,8.9162,2.9461,0,22.665,0,0,2.9461,53.61,0,0,0,20.779,0,0,0,0,0,1,0,0,1,0,0,0,0,1,0,0,0
0,0,0,2.895,0,67.113,22.224,4.3013,3.4667,0,0,2.895,5.9423,3.4667,0,3.0472,62.812,4.3013,0,0,14.489,3.0472,2.895,7.768,10.187,0,10.396,59.764,0,0,0,3.0472,5.9423,0,0,0,0,1,0,0,1,0,0,0,0,1,0,0,0
0,0,0,0,0,89.93,0,10.07,0,0,0,0,0,0,0,0,79.859,10.07,0,0,10.07,0,0,10.07,0,0,10.07,79.859,0,0,0,0,0,0,0,0,0,1,0,0,1,0,0,0,0,1,0,0,0
0,0,0,3.3123,0,55.267,41.421,0,0,0,0,3.3123,8.3594,0,0,11.672,53.314,0,0,0,13.031,10.312,3.3123,0,13.031,0,25.296,39.69,0,0,0,10.312,8.3594,0,0,0,0,1,0,0,1,0,0,0,0,1,0,0,0
0,0,0,4.9839,0,54.629,40.387,0,0,0,0,4.9839,13.835,0,0,8.8508,49.491,0,0,0,8.8508,13.989,4.9839,0,8.8508,0,22.839,35.503,0,0,0,13.989,13.835,0,0,0,0,1,0,0,1,0,0,0,0,1,0,0,0
0,0,0,0,0,100,0,0,0,0,0,0,0,0,0,0,89.651,10.349,0,0,0,0,0,0,0,0,0,100,0,0,0,0,0,0,0,0,0,1,0,0,1,0,0,0,0,1,0,0,0
0,11.933,9.82,1.818,0,55.543,3.7941,0,15.274,1.818,0,11.933,7.8439,3.7941,0,25.803,33.376,0,0,0,15.432,1.818,0,17.664,1.818,13.909,12.347,37.584,0,0,1.818,7.4302,7.4302,0,0,0,0,1,0,0,1,0,0,0,0,1,0,0,0
0,4.4278,0,0,0,91.144,0,0,4.4278,0,0,4.4278,0,4.4278,0,4.4278,77.531,9.1853,0,0,0,0,0,0,4.4278,0,0,91.144,0,0,0,4.4278,0,0,0,0,0,1,0,0,1,0,0,0,0,1,0,0,0
0,10.964,8.1554,0,0,61.762,4.9528,0,14.166,0,0,10.964,3.2026,10.964,0,17.369,44.393,0,0,0,13.108,0,0,11.358,6.0109,9.9056,3.2026,53.606,0,0,0,10.964,4.9528,0,0,0.017857,0,0.98214,0,0,1,0,0,0,0,1,0,0,0
0,18.5,7.1103,3.7495,0,36.52,7.1103,0,23.26,3.7495,0,18.5,3.7495,12.012,0,22.25,21.77,0,0,0,17.97,3.7495,0,10.86,8.6506,16.96,2.7393,22.921,0,0,3.7495,19.51,14.609,0,0,0,0,1,0,0,1,0,0,0,0,1,0,0,0
0,10.239,7.9265,2.0763,1.6184,51.995,1.6184,0,19.214,5.313,0,11.857,13.239,5.0586,0,28.168,26.361,0,1.6184,0,11.621,2.0763,0,19.548,5.5165,6.3408,12.649,35.651,0,0,5.313,7.5927,7.3892,0.41538,0,0.030769,0.061538,0.49231,0,0,1,0,0,0,0,1,0,0,1
0,0,0,0,0,100,0,0,0,0,0,0,0,0,0,0,100,0,0,0,0,0,0,0,0,0,0,100,0,0,0,0,0,0,0,0,0,1,0,0,1,0,0,0,0,1,0,0,0
0,4.5955,0,0,0,92.792,0,0,0,2.6122,0,4.5955,0,0,0,4.5955,90.809,0,0,0,0,0,0,0,0,4.5955,4.5955,88.197,0,0,0,2.6122,0,0,0,0,0,1,0,0,1,0,0,0,0,1,0,0,0
0,0,0,0,0,93.531,0,0,0,6.4692,0,0,0,0,0,0,100,0,0,0,0,0,0,0,0,0,0,93.531,0,0,0,6.4692,0,0,0,0,0,1,0,0,1,0,0,0,0,1,0,0,0
7.3383,16.52,0,0,0,73.684,0,0,0,2.4582,0,0,0,2.4582,7.3383,7.9897,73.684,0,4.265,0,0,4.265,7.9897,4.265,7.3383,9.7965,2.4582,61.429,2.4582,1.8068,0,2.4582,0,0,0,0,0,1,0,0,1,0,0,0,0,1,0,0,0
3.4034,10.854,0,0,0,81.974,0,0,0,3.7683,0,4.0476,0,0,3.4034,4.0476,81.695,0,3.4034,0,0,3.4034,0,3.4034,3.4034,7.451,4.0476,74.523,0,3.4034,0,3.7683,0,0,0,0,0,1,0,0,1,0,0,0,0,1,0,0,0
13.55,20.033,8.1282,0,0,48.653,0,0,0,2.8768,6.7591,6.7591,0,4.0491,11.305,6.0507,46.305,0,7.9631,9.3039,0,8.2634,11.634,8.2634,7.0912,12.81,7.9631,32.97,8.2634,1.3691,6.7591,2.8768,0,0,0,0,0,1,0,0,1,0,0,0,0,1,0,0,0
31.96,18.822,0,0,4.0016,30.018,0,0,0,6.817,8.3811,6.817,8.0032,0,0,0,22.015,27.203,15.198,20.764,0,0,0,14.82,8.3811,27.581,0,19.2,8.3811,10.819,6.817,4.0016,0,0,0,0,0.020408,0.97959,0,0,1,0,0,0,0,1,0,0,0
11.609,36.112,2.5079,1.2539,10.543,31.145,1.7737,0,0,1.7737,3.2827,4.8014,26.088,0,3.0277,1.2539,14.327,31.364,3.8025,14.081,0,1.2539,0,21.82,7.5511,22.631,1.7737,17.574,3.2827,12.317,3.0277,10.023,0,0,0,0,0,1,0,0,1,0,0,0,0,1,0,0,0
2.9892,15.774,8.3761,7.3766,10.664,44.454,5.3558,0,0,2.9892,2.0208,5.01,20.853,0,10.792,2.0208,32.27,13.753,8.345,4.9351,0,2.0208,0,22.55,0,9.9451,4.3345,32.196,2.0208,5.9035,8.4254,14.625,0,0,0,0,0.56098,0.43902,0,0,1,0,0,0,0,1,0,0,0
0,12.952,7.675,3.8375,5.277,55.867,5.277,0,0,5.277,3.8375,14.392,9.1145,0,9.1145,3.8375,41.475,9.1145,5.277,3.8375,0,3.8375,0,12.952,0,12.952,5.277,41.475,3.8375,10.554,9.1145,3.8375,0,0,0,0,0.33333,0.66667,0,0,1,0,0,0,0,1,0,0,0
0,0,0,33.333,0,33.333,33.333,0,0,0,0,0,0,0,33.333,0,33.333,0,33.333,0,0,0,0,33.333,0,0,0,33.333,0,0,0,33.333,0,0,0,0,0.26667,0.73333,0,0,1,0,0,0,0,1,0,0,0
13.198,30.793,0,0,0,44.786,0,0,0,11.223,0,1.3009,0,11.203,3.9302,12.504,42.151,0,16.434,2.6556,0,9.8219,8.5472,11.123,6.5858,16.38,13.858,22.461,8.5472,1.2746,0,11.223,0,0,0,0,0.040816,0.95918,0,0,1,0,0,0,0,1,0,0,0
25.843,16.198,3.6146,0,0,49.128,0,0,0,3.6517,1.5643,1.5643,0,9.0715,9.0982,11.186,40.339,0,16.541,6.9841,0,5.2161,9.3804,5.2161,12.954,12.75,16.541,30.676,5.2161,2.0503,1.5643,3.6517,0,0,0,0,0,1,0,0,1,0,0,0,0,1,0,0,0
0,0,0,0,0,100,0,0,0,0,0,0,0,0,0,0,100,0,0,0,0,0,0,0,0,0,0,100,0,0,0,0,0,0,0,0,0,1,0,0,1,0,0,0,0,1,0,0,0
0,0,0,0,0,100,0,0,0,0,0,0,0,0,0,0,100,0,0,0,0,0,0,0,0,0,0,100,0,0,0,0,0,0,0,0,0,1,0,0,1,0,0,0,0,1,0,0,0
0,0,0,0,0,100,0,0,0,0,0,0,0,0,0,0,100,0,0,0,0,0,0,0,0,0,0,100,0,0,0,0,0,0,0,0,0,1,0,0,1,0,0,0,0,1,0,0,0
0,0,0,0,0,100,0,0,0,0,0,0,0,0,0,0,100,0,0,0,0,0,0,0,0,0,0,100,0,0,0,0,0,0,0,0,0,1,0,0,1,0,0,0,0,1,0,0,0
0,0,0,2.1112,0,56.026,41.862,0,0,0,0,2.1112,7.951,0,0,38.624,39.634,0,0,0,5.8397,5.8397,2.1112,0,5.8397,0,31.761,46.497,0,0,0,5.8397,7.951,0,0,0,0.63636,0.36364,0,0,1,0,0,0,0,1,0,0,0
0,0,12.905,25,25,12.905,0,12.095,12.095,0,0,0,12.905,12.095,0,50,12.905,0,0,0,12.095,0,0,24.191,12.905,0,0,12.905,0,0,12.905,37.095,0,0,0,0,0.081081,0.91892,0,0,1,0,0,0,0,1,0,0,1
0,0,4.2484,4.2484,41.356,39.478,0,7.45,3.2198,0,0,0,4.2484,3.2198,0,27.051,50.581,7.45,0,0,7.45,0,0,10.67,4.2484,0,7.45,32.028,0,0,22.802,22.802,0,0,0,0,0,1,0,0,1,0,0,0,0,1,0,0,1
0,0,0,14.677,0,57.661,27.662,0,0,0,0,14.677,3.2461,0,0,17.924,57.661,0,0,0,3.2461,3.2461,14.677,0,3.2461,0,44.2,31.384,0,0,0,3.2461,3.2461,0,0,0,0.85714,0.14286,0,0,1,0,0,0,0,1,0,0,0
0,0,0,5.4997,0,75.094,19.406,0,0,0,0,5.4997,0,0,0,33.313,61.187,0,0,0,0,0,5.4997,0,0,0,24.906,69.594,0,0,0,0,0,0,0,0,0.93878,0.061224,0,0,1,0,0,0,0,1,0,0,0
0,0,0,0,0,100,0,0,0,0,0,0,0,0,0,0,100,0,0,0,0,0,0,0,0,0,33.333,66.667,0,0,0,0,0,0,0,0,1,0,0,0,1,0,0,0,0,1,0,0,0
0,6.3974,29.477,2.5761,5.1523,24.753,5.5607,0,19.686,0,6.3974,2.5761,8.9735,0,11.958,8.9735,11.958,6.3974,8.9735,0,34.629,5.5607,17.11,27.329,11.958,11.958,0,6.3974,11.958,2.5761,2.5761,5.5607,2.5761,0.02381,0,0.071429,0.071429,0.83333,0,0,1,0,0,0,0,1,0,0,1
0,0,0,13.201,0,63.062,23.737,0,0,0,0,13.201,6.2983,0,0,15.473,57.228,0,0,0,6.2503,1.5484,13.201,0,6.2503,0,19.639,53.063,0,0,0,1.5484,6.2983,0,0,0,0.056604,0.9434,0,0,1,0,0,0,0,1,0,0,0
0,0,22.427,3.8633,39.864,26.12,0,3.8633,3.8633,0,0,0,4.6834,3.8633,0,34.103,35.744,0,13.06,0,3.8633,4.6834,13.06,7.7266,9.3667,0,0,13.06,13.06,0,18,25.727,0,0,0,0,0.091837,0.90816,0,0,1,0,0,0,0,1,0,0,1
0,8.1897,13.785,2.308,0,30.574,6.0269,3.4619,20.444,10.754,4.4568,9.3097,13.249,4.8869,2.6283,20.312,17.387,2.308,5.2962,3.3028,12.407,8.9136,8.5593,18.628,2.1628,8.751,5.484,19.417,2.9485,0,1.154,17.948,14.946,0.056604,0,0.018868,0.075472,0.84906,0,0,1,0,0,0,0,1,0,0,0
0,9.1791,33.766,2.9187,0,31.518,2.1619,6.3336,8.8719,3.7913,1.4594,14.686,1.8358,1.9555,5.4571,14.55,20.007,4.8742,4.8742,9.1791,17.501,5.0807,17.931,41.78,2.1619,6.073,0,10.639,5.8335,0,3.4149,8.8719,3.2951,0.22222,0,0.037037,0.25926,0.48148,0,0,1,0,0,0,0,1,0,0,1
0,2.1826,39.464,5.86,0,27.873,6.4472,0,10.909,5.0814,2.1826,16.901,5.8631,0,9.5084,8.0426,22.629,0.7817,0.7817,1.4009,26.243,7.8481,32.17,16.932,5.8279,7.2289,0,8.0426,13.189,0,0,10.128,6.4823,0,0.037037,0.18519,0.037037,0.74074,0,0,1,0,0,0,0,1,0,0,1
0,3.3443,10.645,6.8537,8.7145,18.367,0,13.081,22.059,9.3752,7.5601,3.0307,0,1.0495,9.0883,10.315,25.331,6.4007,15.764,9.1723,11.154,8.6955,13.097,16.31,3.3443,5.0544,7.6322,4.1781,4.8845,0,20.753,20.543,4.2038,0.03125,0,0.03125,0.03125,0.90625,0,0,1,0,0,0,0,1,0,0,1
0,5.7873,10.665,2.1615,8.5702,25.428,1.6436,5.5697,25.147,11.286,3.7416,5.9656,3.0176,5.235,5.902,14.395,23.639,4.5778,14.531,6.0569,9.9057,6.7737,6.5053,18.427,4.801,10.661,6.3994,3.7455,2.7552,0,22.688,16.15,7.8677,0.62162,0,0.027027,0.10811,0.24324,0,0,1,0,0,0,0,1,0,0,1
0,7.3649,15.39,2.1392,5.2315,26.235,0,12.013,21.754,4.2051,5.6683,2.7663,0,4.7914,8.4345,5.7219,29.322,6.9306,14.342,8.9429,9.2439,9.5041,4.0182,26.78,7.3649,11.13,11.709,1.0696,4.5987,0,16.039,13.455,3.8359,0,0,0,0,1,0,0,1,0,0,0,0,1,0,0,1
0,1.4372,16.913,4.8616,11.743,17.784,0.63848,11.33,16.653,11.141,7.4998,0.63848,1.277,6.0007,7.4998,12.736,22.976,10.224,15.573,9.9895,6.7868,6.2988,5.9409,26.892,1.4372,6.1971,6.3578,3.7077,5.069,0,21.045,19.646,3.7077,0,0,0,0.10345,0.89655,0,0,1,0,0,0,0,1,0,0,1
0,9.5705,0,1.6303,3.0404,27.003,15.137,0,15.871,19.807,7.9403,4.6706,23.963,7.1962,0,11.201,19.807,0,3.0404,7.9403,4.6706,17.511,7.9403,4.6706,5.7861,15.137,0,18.177,0,0,7.711,15.357,25.222,0,0,0,0,1,0,0,1,0,0,0,0,1,0,0,0
0,0,0,0,0,100,0,0,0,0,0,0,0,0,0,27.481,45.039,27.481,0,0,0,0,0,0,0,0,0,56.348,43.652,0,0,0,0,0,0,0,1,0,0,0,1,0,0,0,0,1,0,0,0
0,4.6982,10.534,4.4761,1.4428,24.13,2.9775,3.2912,22.074,25.279,1.0971,6.141,15.223,1.4428,2.6318,8.0772,31.424,2.1941,13.693,2.4162,10.745,6.0109,6.1451,15.799,3.8168,2.9775,0,16.455,1.5348,0,6.2646,28.405,18.603,0,0,0,0,1,0,0,1,0,0,0,0,1,0,0,0
0,6.3287,8.1813,1.6915,2.9621,27.003,15.799,2.5372,15.609,17.373,2.515,2.761,23.51,12.175,1.9094,9.7936,23.925,3.5899,10.115,1.6693,4.4583,6.0936,3.3607,9.9298,13.496,17.44,1.0636,13.764,0,0,5.8781,21.826,13.242,0.34286,0,0.028571,0.25714,0.37143,0,0,1,0,0,0,0,1,0,0,1
0,2.4665,8.9269,0,8.0972,29.927,14.558,0,14.671,21.354,0,5.6307,21.241,13.619,0,10.454,26.287,2.4665,14.671,0,5.6307,0,0,13.03,8.9269,16.085,0,16.308,0,0,15.255,10.093,20.302,0.021277,0,0.06383,0.2766,0.6383,0,0,1,0,0,0,0,1,0,0,1
1.3371,6.4972,19.928,0,13.076,28.297,10.258,0,16.025,4.5825,0,2.6215,6.5961,18.501,3.9039,16.54,13.7,6.4972,14.741,15.615,1.2844,0,0,3.9049,16.754,17.217,0,11.08,0,7.8343,19.983,7.2009,16.026,0,0,0,0.74286,0.25714,0,0,1,0,0,0,0,1,0,0,1
0,10.96,26.752,0,14.364,14.594,20.297,0,6.6971,6.3366,0,1.3724,25.261,6.9957,4.063,9.6979,26.994,10.96,4.6656,8.6179,1.3724,0,0,26.403,24.249,12.631,0,9.6298,0,3.2932,8.0695,9.6863,6.038,0,0.011236,0,0.42697,0.5618,0,0,1,0,0,0,0,1,0,0,1
0,6.6834,14.689,1.9371,7.9522,25.014,0,11.857,14.116,8.631,9.12,1.1421,0,5,10.262,13.01,24.162,6.9371,11.832,9.741,9.2936,8.6205,1.9371,28.988,6.6834,12.362,8.2729,0.96853,8.1515,0,17.226,13.3,2.1107,0,0,0,0,1,0,0,1,0,0,0,0,1,0,0,1
0,1.244,9.9513,1.2534,14.283,18.217,0,7.9775,24.672,16.549,5.8526,1.244,0,4.1512,7.0967,14.208,24.399,5.4046,17.652,12.345,11.003,2.4974,5.7863,14.334,1.244,7.662,8.3636,0.62669,5.2259,0,28.721,26.166,1.8707,0.19048,0,0.047619,0.28571,0.47619,0,0,1,0,0,0,0,1,0,0,1
0,7.6484,5.4943,1.9557,11.551,18.847,0,9.1323,27.321,10.101,7.9491,4.3017,0,1.1698,12.251,10.567,20.337,3.1255,17.036,8.6535,12.955,9.604,3.638,13.136,7.6484,7.3686,9.3307,0.97784,6.9712,0,27.609,18.041,5.2795,0,0,0,0.058824,0.94118,0,0,1,0,0,0,0,1,0,0,1
8.7286,34.05,3.8025,0,0,45.313,0,0,0,5.6472,2.4583,5.6938,0,5.6472,6.607,11.459,46.657,0,11.799,2.4583,0,9.6778,12.026,12.913,4.1488,21.961,6.9915,22.832,8.1055,2.9166,2.4583,5.6472,0,0,0,0,0.34783,0.65217,0,0,1,0,0,0,0,1,0,0,0
0,12.486,21.879,0,15.636,28.121,15.636,0,0,0,6.2428,6.2428,0,15.636,6.2428,15.636,28.121,0,15.636,6.2428,0,6.2428,6.2428,6.2428,0,6.2428,15.636,21.879,6.2428,0,21.879,15.636,0,0,0,0,0,1,0,0,1,0,0,0,0,1,0,0,1
6.8355,5.2327,22.223,0,28.278,5.2327,12.214,0,7.7713,0,12.214,6.8355,0,2.5387,11.913,9.3742,14.607,5.2327,17.446,19.839,0,12.214,0,9.3742,7.7713,0,12.214,5.2327,0,12.068,33.656,14.452,5.2327,0,0,0,0.017857,0.98214,0,0,1,0,0,0,0,1,0,0,1
4.042,5.7223,32.144,0,24.731,9.7677,18.579,0,5.0138,0,0,4.042,11.445,12.148,8.8035,21.913,22.369,5.7223,7.1346,6.4228,0,0,0,23.59,16.458,10.988,4.5016,4.5016,0,4.042,17.599,15.686,2.633,0,0,0,0.18333,0.81667,0,0,1,0,0,0,0,1,0,0,1
10.249,11.036,19.581,0,30.144,11.369,8.8307,0,8.791,0,0,10.249,6.2529,7.9046,10.249,16.835,17.217,5.1089,9.0054,14.214,0,2.9635,0,12.22,12.08,9.3349,3.1779,6.6421,0,10.75,26.54,13.427,5.8275,0,0,0,0.32955,0.67045,0,0,1,0,0,0,0,1,0,0,1
22.442,16.741,3.3947,0,0,47.185,4.4992,0,0,1.2382,4.4992,1.1904,0,4.3716,8.4565,5.562,44.313,0,21.912,3.1334,0,11.06,4.6328,7.7516,11.59,13.266,15.399,31.667,1.2382,8.7177,4.4992,1.2382,0,0,0,0,0.72414,0.27586,0,0,1,0,0,0,0,1,0,0,0
14.593,18.549,5.2186,0,0,56.421,0,0,0,0,5.2186,7.6171,0,2.6342,9.5104,5.0326,51.152,0,9.3244,7.8528,0,6.8763,5.2186,9.2747,6.9259,16.706,5.2683,44.512,5.2186,1.6576,5.2186,0,0,0,0,0,0,1,0,0,1,0,0,0,0,1,0,0,0
1.9962,9.9334,36.772,0,18.334,11.294,9.3741,0,12.296,0,0,1.9962,4.6769,12.393,13.395,13.733,19.674,5.9411,11.294,14.901,0,1.9962,0,9.7204,14.977,3.3365,6.6934,11.294,0,4.6007,18.99,25.787,4.6007,0,0,0,0.31429,0.68571,0,0,1,0,0,0,0,1,0,0,1
2.7001,21.486,15.243,0,11.236,46.2,0,0,3.1357,0,0,7.2645,12.357,3.1357,8.9715,5.8358,52.035,0,0,5.8358,0,4.5644,0,5.8358,15.493,9.1288,0,46.2,0,2.7001,8.5359,12.107,0,0,0,0,0.75758,0.24242,0,0,1,0,0,0,0,1,0,0,0
0,0,33.333,0,0,66.667,0,0,0,0,0,0,0,0,0,0,66.667,33.333,0,0,0,0,0,33.333,0,0,0,66.667,0,0,0,0,0,0,0,0,0.79365,0.20635,0,0,1,0,0,0,0,1,0,0,0
12.093,24.185,5.1699,0,0,46.46,0,0,12.093,0,0,12.093,12.093,0,12.093,0,46.46,5.1699,0,0,0,12.093,0,5.1699,12.093,12.093,0,46.46,0,0,12.093,12.093,0,0,0,0,0,1,0,0,1,0,0,0,0,1,0,0,0
0,0,0,0,0,100,0,0,0,0,0,0,0,0,0,0,91.693,8.3072,0,0,0,0,0,0,0,0,0,91.693,8.3072,0,0,0,0,0,0,0,0.91489,0.085106,0,0,1,0,0,0,0,1,0,0,0
0,0,0,0,0,91.01,0,0,8.9896,0,0,0,0,0,8.9896,0,91.01,0,0,0,0,0,0,0,0,0,0,91.01,0,0,0,0,8.9896,0,0,0,0.95714,0.042857,0,0,1,0,0,0,0,1,0,0,0
19.125,28.63,3.1872,1.5936,3.9328,33.317,0,0,5.4807,3.1392,1.5936,4.7328,19.965,0,1.5936,7.0743,28.883,27.493,3.1392,5.5264,0,1.5936,0,14.192,10.505,26.245,0,24.652,1.5936,7.072,4.7328,5.5264,5.4807,0,0,0,0.48387,0.51613,0,0,1,0,0,0,0,1,0,0,0
19.07,18.173,6.0763,2.4144,2.9269,34.58,1.6795,0,0,10.196,4.8829,14.29,10.984,0,4.0939,2.4144,30.708,15.079,12.665,7.3514,0,2.4144,0,16.272,5.6168,23.11,2.9269,19.043,4.8829,11.876,12.611,3.6618,0,0,0,0,0.75,0.25,0,0,1,0,0,0,0,1,0,0,0
0,4.3343,5.4932,0,9.8275,66.158,4.3343,0,5.5187,4.3343,0,8.6685,20.814,0,9.8529,0,51.996,4.3343,4.3343,0,0,0,0,9.8275,0,4.3343,9.8275,51.996,0,8.6685,4.3343,5.4932,5.5187,0,0,0,0,1,0,0,1,0,0,0,0,1,0,0,0
0,0,0,0,9.2445,86.271,0,0,4.4844,0,0,0,0,0,9.4708,0,83.219,0,0,7.31,0,0,0,0,0,7.31,0,78.961,0,4.2581,4.9864,0,4.4844,0,0,0,0,1,0,0,1,0,0,0,0,1,0,0,0
0,17.855,6.3604,3.1802,11.494,48.727,4.6013,0,0,4.6013,3.1802,12.383,12.377,0,12.377,3.1802,26.821,14.675,4.6013,10.406,0,3.1802,0,15.557,0,18.187,4.6013,29.119,3.1802,11.5,12.377,5.4779,0,0,0,0,0.34043,0.65957,0,0,1,0,0,0,0,1,0,0,0
0,0,5.8593,0,23.383,70.758,0,0,0,0,0,0,17.578,0,0,0,64.899,0,0,17.523,0,0,0,5.8593,0,17.523,5.8593,47.375,0,17.523,0,5.8593,0,0,0,0,0.34375,0.65625,0,0,1,0,0,0,0,1,0,0,0
0,14.673,23.552,0,0,61.776,0,0,0,0,0,7.3363,0,0,0,0,61.776,23.552,0,0,0,7.3363,23.552,0,0,14.673,0,61.776,0,0,0,0,0,0,0,0,0.78824,0.21176,0,0,1,0,0,0,0,1,0,0,0
0,0,17.539,0,0,66.667,0,0,15.794,0,0,0,0,0,0,0,66.667,17.539,15.794,0,0,0,17.539,0,0,0,0,66.667,0,0,0,15.794,0,0,0,0,0,1,0,0,1,0,0,0,0,1,0,0,0
0,0,0,0,14.977,85.023,0,0,0,0,0,0,0,0,0,0,85.023,0,0,14.977,0,0,0,0,0,14.977,0,70.045,0,14.977,0,0,0,0,0,0,0,1,0,0,1,0,0,0,0,1,0,0,0
0,0,0,0,6.8075,93.192,0,0,0,0,0,0,0,0,0,0,100,0,0,0,0,0,0,0,0,0,0,93.192,0,6.8075,0,0,0,0,0,0,0,1,0,0,1,0,0,0,0,1,0,0,0
0,0,0,0,13.375,86.625,0,0,0,0,0,0,0,0,0,0,84.5,0,0,15.5,0,0,0,0,0,15.5,0,71.125,0,13.375,0,0,0,0,0,0,0.34066,0.65934,0,0,1,0,0,0,0,1,0,0,0
0,0,0,0,0,100,0,0,0,0,0,0,0,0,0,0,100,0,0,0,0,0,0,0,0,0,0,100,0,0,0,0,0,0,0,0,0,1,0,0,1,0,0,0,0,1,0,0,0
0,0,0,0,0,50,0,0,0,38.505,11.495,0,0,0,25,0,22.989,11.495,0,27.011,0,13.505,0,0,0,0,0,22.989,38.505,13.505,0,25,0,0,0,0.045455,0.18182,0.77273,0,0,1,0,0,0,0,1,0,0,0
11.362,15.176,4.7819,3.5387,8.3645,39.298,5.3748,0,6.7712,3.7561,1.577,5.5921,17.615,0,5.3748,8.8312,16.459,28.235,8.8718,6.9605,0,2.06,0,17.63,1.577,17.488,4.5579,23.057,5.6969,9.3987,3.7561,10.067,6.7712,0,0,0,0,1,0,0,1,0,0,0,0,1,0,0,0
7.8016,4.979,4.979,2.4895,0,69.46,0,0,7.8016,0,2.4895,2.4895,2.4895,0,2.4895,21.74,47.72,18.093,0,2.4895,0,2.4895,0,4.979,0,12.781,0,53.977,15.482,0,2.4895,2.4895,7.8016,0,0,0,0.22727,0.77273,0,0,1,0,0,0,0,1,0,0,0
0,0,9.5231,0,0,80.954,0,0,9.5231,0,0,0,0,0,0,32.142,48.811,9.5231,0,0,0,9.5231,0,0,0,9.5231,0,48.811,32.142,0,0,0,9.5231,0,0,0,0.34568,0.65432,0,0,1,0,0,0,0,1,0,0,0
0,0,5.0612,0,0,89.878,0,0,5.0612,0,0,0,0,0,0,23.173,66.704,5.0612,0,0,0,5.0612,0,0,0,5.0612,0,66.704,23.173,0,0,0,5.0612,0,0,0,0.17778,0.82222,0,0,1,0,0,0,0,1,0,0,0
0,0,2.9398,0,0,94.12,0,0,2.9398,0,0,0,0,0,0,22.06,72.061,2.9398,0,0,0,2.9398,0,0,0,2.9398,0,77.903,16.218,0,0,0,2.9398,0,0,0,0.23913,0.76087,0,0,1,0,0,0,0,1,0,0,0
6.926,24.745,18.286,0,0,43.117,0,0,6.926,0,0,17.819,6.926,0,6.926,0,43.117,18.286,0,0,0,6.926,18.286,0,6.926,17.819,0,43.117,0,0,6.926,6.926,0,0,0,0,0,1,0,0,1,0,0,0,0,1,0,0,0
0,27.702,19.47,0,0,30.53,0,0,22.298,0,0,23.586,0,0,0,0,30.53,19.47,22.298,0,0,4.116,19.47,0,0,27.702,0,30.53,0,0,0,22.298,0,0,0,0,0,1,0,0,1,0,0,0,0,1,0,0,0
0,18.604,0,0,0,81.396,0,0,0,0,0,6.3039,5.9957,0,0,0,81.396,0,0,0,0,6.3039,0,0,5.9957,12.608,0,81.396,0,0,0,0,0,0,0,0,0,1,0,0,1,0,0,0,0,1,0,0,0
0,0,0,0,0,100,0,0,0,0,0,0,0,0,0,0,100,0,0,0,0,0,0,0,0,0,0,100,0,0,0,0,0,0,0,0,0,1,0,0,1,0,0,0,0,1,0,0,0
0,0,0,0,0,73.708,0,0,26.292,0,0,0,0,0,0,0,73.708,0,26.292,0,0,0,0,0,0,0,0,73.708,0,0,0,26.292,0,0,0,0,0,1,0,0,1,0,0,0,0,1,0,0,0
0,0,0,0,0,88.301,0,0,11.699,0,0,0,0,0,0,0,88.301,0,11.699,0,0,0,0,0,0,0,0,88.301,0,0,0,11.699,0,0,0,0,0,1,0,0,1,0,0,0,0,1,0,0,0
0,0,0,0,0,90.376,0,0,9.6241,0,0,0,0,0,0,0,90.376,0,9.6241,0,0,0,0,0,0,0,0,90.376,0,0,0,9.6241,0,0,0,0,0,1,0,0,1,0,0,0,0,1,0,0,0
0,0,0,0,0,100,0,0,0,0,0,0,0,0,0,0,100,0,0,0,0,0,0,0,0,0,0,100,0,0,0,0,0,0,0,0,0,1,0,0,1,0,0,0,0,1,0,0,0
0,0,0,0,0,100,0,0,0,0,0,0,0,0,0,0,100,0,0,0,0,0,0,0,0,0,0,100,0,0,0,0,0,0,0,0,0,1,0,0,1,0,0,0,0,1,0,0,0
0,0,0,0,0,100,0,0,0,0,0,0,0,0,0,0,100,0,0,0,0,0,0,0,0,0,0,100,0,0,0,0,0,0,0,0,0,1,0,0,1,0,0,0,0,1,0,0,0
0,0,0,0,0,100,0,0,0,0,0,0,0,0,0,0,100,0,0,0,0,0,0,0,0,0,0,100,0,0,0,0,0,0,0,0,0,1,0,0,1,0,0,0,0,1,0,0,0
0,0,0,0,0,100,0,0,0,0,0,0,0,0,0,0,100,0,0,0,0,0,0,0,0,0,0,100,0,0,0,0,0,0,0,0,0,1,0,0,1,0,0,0,0,1,0,0,0
0,0,0,0,0,100,0,0,0,0,0,0,0,0,0,0,100,0,0,0,0,0,0,0,0,0,0,100,0,0,0,0,0,0,0,0,0,1,0,0,1,0,0,0,0,1,0,0,0
0,0,0,0,0,100,0,0,0,0,0,0,0,0,0,0,100,0,0,0,0,0,0,0,0,0,0,100,0,0,0,0,0,0,0,0,0,1,0,0,1,0,0,0,0,1,0,0,0
0,0,0,0,0,100,0,0,0,0,0,0,0,0,0,0,100,0,0,0,0,0,0,0,0,0,0,100,0,0,0,0,0,0,0,0,0,1,0,0,1,0,0,0,0,1,0,0,0
0,0,0,0,0,100,0,0,0,0,0,0,0,0,0,0,100,0,0,0,0,0,0,0,0,0,0,100,0,0,0,0,0,0,0,0,0,1,0,0,1,0,0,0,0,1,0,0,0
31.566,15.28,0.90208,0,0,50.278,0,0,0,1.0714,0.90208,2.9266,0,5.2443,14.71,14.97,40.861,0,13.376,6.1464,0,1.7652,8.6029,3.7897,19.053,20.784,10.489,33.544,0.90208,0.86311,0.90208,1.0714,0,0,0,0,0.9375,0.0625,0,0,1,0,0,0,0,1,0,0,0
0,0,0,0,0,100,0,0,0,0,0,0,0,0,0,0,100,0,0,0,0,0,0,0,0,0,0,100,0,0,0,0,0,0,0,0,0,1,0,0,1,0,0,0,0,1,0,0,0
4.1447,0,4.1447,0,0,91.711,0,0,0,0,0,0,0,0,0,0,95.855,0,4.1447,0,0,0,4.1447,0,0,0,4.1447,87.566,0,4.1447,0,0,0,0,0,0,0,1,0,0,1,0,0,0,0,1,0,0,0
7.698,8.7778,3.3092,0,0,80.215,0,0,0,0,0,4.3889,0,0,0,4.3889,83.524,0,7.698,0,0,0,3.3092,4.3889,0,13.167,3.3092,72.517,0,3.3092,0,0,0,0,0,0,0,1,0,0,1,0,0,0,0,1,0,0,0
0,0,0,0,0,100,0,0,0,0,0,0,0,0,0,0,100,0,0,0,0,0,0,0,0,0,0,100,0,0,0,0,0,0,0,0,0,1,0,0,1,0,0,0,0,1,0,0,0
0,3.5189,66.282,0,0,30.2,0,0,0,0,0,0,3.5189,0,0,0,30.2,66.282,0,0,0,0,0,66.282,3.5189,0,0,30.2,0,0,0,0,0,0,0,0,0,1,0,0,1,0,0,0,0,1,0,0,0
0,7.449,11.471,0,0,81.08,0,0,0,0,0,0,7.449,0,0,0,81.08,11.471,0,0,0,0,0,11.471,7.449,0,0,81.08,0,0,0,0,0,0,0,0,0,1,0,0,1,0,0,0,0,1,0,0,0
0,0,0,0,0,100,0,0,0,0,0,0,0,0,0,0,100,0,0,0,0,0,0,0,0,0,0,100,0,0,0,0,0,0,0,0,0,1,0,0,1,0,0,0,0,1,0,0,0
0,0,0,0,0,90.33,0,0,9.6702,0,0,0,4.8351,0,0,0,90.33,0,0,4.8351,0,0,0,0,0,0,0,90.33,0,0,4.8351,4.8351,0,0,0,0,0,1,0,0,1,0,0,0,0,1,0,0,0
0,0,0,0,0,100,0,0,0,0,0,0,0,0,0,0,100,0,0,0,0,0,0,0,0,0,0,100,0,0,0,0,0,0,0,0,0,1,0,0,1,0,0,0,0,1,0,0,0
0,11.442,0,0,0,72.344,0,0,16.214,0,0,11.442,4.7719,0,0,0,56.13,16.214,0,11.442,0,0,0,0,0,0,11.442,48.652,23.692,0,4.7719,11.442,0,0,0,0,0,1,0,0,1,0,0,0,0,1,0,0,0
0,12.323,0,0,0,63.545,0,0,24.131,0,0,12.323,5.904,0,0,0,51.222,12.323,0,18.227,0,0,0,0,0,0,12.323,51.222,12.323,0,5.904,18.227,0,0,0,0,0.29167,0.70833,0,0,1,0,0,0,0,1,0,0,0
0,0,0,0,0,89.436,0,0,10.564,0,0,0,10.564,0,0,20.295,58.577,10.564,0,0,0,0,0,0,0,0,0,71.448,17.988,0,10.564,0,0,0,0,0,0.25,0.75,0,0,1,0,0,0,0,1,0,0,0
0,11.866,0,0,0,59.371,0,0,28.763,0,0,11.866,18.743,0,0,0,50.649,8.7226,0,10.02,0,0,0,0,0,0,11.866,38.783,20.589,0,18.743,10.02,0,0,0,0,0.085106,0.91489,0,0,1,0,0,0,0,1,0,0,0
0,0,0,0,0,100,0,0,0,0,0,0,0,0,0,0,100,0,0,0,0,0,0,0,0,0,0,100,0,0,0,0,0,0,0,0,0,1,0,0,1,0,0,0,0,1,0,0,0
0,0,0,0,0,100,0,0,0,0,0,0,0,0,0,0,100,0,0,0,0,0,0,0,0,0,0,100,0,0,0,0,0,0,0,0,0,1,0,0,1,0,0,0,0,1,0,0,0
0,0,0,0,0,100,0,0,0,0,0,0,0,0,0,0,100,0,0,0,0,0,0,0,0,0,0,100,0,0,0,0,0,0,0,0,0,1,0,0,1,0,0,0,0,1,0,0,0
0,0,0,0,0,100,0,0,0,0,0,0,0,0,0,0,100,0,0,0,0,0,0,0,0,0,0,100,0,0,0,0,0,0,0,0,0,1,0,0,1,0,0,0,0,1,0,0,0
0,0,0,0,0,100,0,0,0,0,0,0,0,0,0,0,100,0,0,0,0,0,0,0,0,0,0,92.203,7.7973,0,0,0,0,0,0,0,0,1,0,0,1,0,0,0,0,1,0,0,0
0,0,0,0,0,100,0,0,0,0,0,0,0,0,0,0,100,0,0,0,0,0,0,0,0,0,0,96.45,3.55,0,0,0,0,0,0,0,0,1,0,0,1,0,0,0,0,1,0,0,0
0,0,0,0,0,100,0,0,0,0,0,0,0,0,0,0,100,0,0,0,0,0,0,0,0,0,0,65.877,34.123,0,0,0,0,0,0,0,0,1,0,0,1,0,0,0,0,1,0,0,0
0,0,0,0,0,100,0,0,0,0,0,0,0,0,0,0,100,0,0,0,0,0,0,0,0,0,0,85.515,14.485,0,0,0,0,0,0,0,0,1,0,0,1,0,0,0,0,1,0,0,0
0,0,0,0,0,92.82,0,0,7.1804,0,0,0,3.5902,0,0,0,92.82,0,0,3.5902,0,0,0,0,0,0,0,83.923,8.8965,0,3.5902,3.5902,0,0,0,0,0,1,0,0,1,0,0,0,0,1,0,0,0
0,20.121,0,0,0,67.296,0,0,12.583,0,0,20.121,6.2916,0,0,0,67.296,0,0,6.2916,0,0,0,0,0,0,20.121,47.175,20.121,0,6.2916,6.2916,0,0,0,0,0,1,0,0,1,0,0,0,0,1,0,0,0
0,12.056,0,0,0,75.888,0,0,12.056,0,0,12.056,0,0,0,0,63.833,12.056,0,12.056,0,0,0,0,0,0,12.056,42.555,33.333,0,0,12.056,0,0,0,0,0.06,0.94,0,0,1,0,0,0,0,1,0,0,0
0,0,0,0,0,100,0,0,0,0,0,0,0,0,0,0,100,0,0,0,0,0,0,0,0,0,0,44.505,55.495,0,0,0,0,0,0,0,0,1,0,0,1,0,0,0,0,1,0,0,0
0,0,0,0,0,100,0,0,0,0,0,0,0,0,0,0,100,0,0,0,0,0,0,0,0,0,0,100,0,0,0,0,0,0,0,0,0,1,0,0,1,0,0,0,0,1,0,0,0
0,0,0,0,0,100,0,0,0,0,0,0,0,0,0,0,100,0,0,0,0,0,0,0,0,0,0,100,0,0,0,0,0,0,0,0,0,1,0,0,1,0,0,0,0,1,0,0,0
0,0,0,0,0,100,0,0,0,0,0,0,0,0,0,0,100,0,0,0,0,0,0,0,0,0,0,100,0,0,0,0,0,0,0,0,0,1,0,0,1,0,0,0,0,1,0,0,0
0,0,0,0,0,100,0,0,0,0,0,0,0,0,0,0,100,0,0,0,0,0,0,0,0,0,0,100,0,0,0,0,0,0,0,0,0,1,0,0,1,0,0,0,0,1,0,0,0
