h1,h2,h3,h4,h5,h6,h7,h8,h9,h10,h11,h12,h13,h14,h15,h16,h17,h18,h19,h20,h21,h22,h23,h24,h25,h26,h27,h28,h29,h30,h31,h32,h33,h34,h35,h36,h37,h38,h39,h40,h41,h42,h43,h44,h45,h46,h47,h48,label
0,0,0,0,0,100,0,0,0,0,0,0,0,0,0,0,100,0,0,0,0,0,0,0,0,0,0,100,0,0,0,0,0,0,0,0,0,1,0,0,1,0,0,0,0,1,0,0,0
0,0,0,0,0,100,0,0,0,0,0,0,0,0,0,0,100,0,0,0,0,0,0,0,0,0,0,100,0,0,0,0,0,0,0,0,0,1,0,0,1,0,0,0,0,1,0,0,0
0,0,0,0,0,100,0,0,0,0,0,0,0,0,0,0,100,0,0,0,0,0,0,0,0,0,0,100,0,0,0,0,0,0,0,0,0,1,0,0,1,0,0,0,0,1,0,0,0
0,0,0,0,0,100,0,0,0,0,0,0,0,0,0,0,100,0,0,0,0,0,0,0,0,0,0,100,0,0,0,0,0,0,0,0.021739,0.054348,0.92391,0,0,1,0,0,0,0,1,0,0,0
0,0,0,0,0,100,0,0,0,0,0,0,0,0,0,0,100,0,0,0,0,0,0,0,0,0,0,100,0,0,0,0,0,0,0,0,0.010309,0.98969,0,0,1,0,0,0,0,1,0,0,0
0,0,0,0,0,100,0,0,0,0,0,0,0,0,0,0,100,0,0,0,0,0,0,0,0,0,0,100,0,0,0,0,0,0,0,0,0,1,0,0,1,0,0,0,0,1,0,0,0
0,0,0,0,0,100,0,0,0,0,0,0,0,0,0,0,100,0,0,0,0,0,0,0,0,0,0,100,0,0,0,0,0,0,0,0,0,1,0,0,1,0,0,0,0,1,0,0,0
0,0,0,0,0,100,0,0,0,0,0,0,0,0,0,0,100,0,0,0,0,0,0,0,0,0,0,100,0,0,0,0,0,0,0,0,0,1,0,0,1,0,0,0,0,1,0,0,0
0,0,0,0,0,100,0,0,0,0,0,0,0,0,0,0,100,0,0,0,0,0,0,0,0,0,0,100,0,0,0,0,0,0,0,0,0.10714,0.89286,0,0,1,0,0,0,0,1,0,0,0
0,0,0,0,0,100,0,0,0,0,0,0,0,0,0,0,100,0,0,0,0,0,0,0,0,0,0,100,0,0,0,0,0,0,0,0,0,1,0,0,1,0,0,0,0,1,0,0,0
0,0,0,0,0,100,0,0,0,0,0,0,0,0,0,0,100,0,0,0,0,0,0,0,0,0,0,100,0,0,0,0,0,0,0,0,0,1,0,0,1,0,0,0,0,1,0,0,0
0,0,0,0,0,100,0,0,0,0,0,0,0,0,0,0,100,0,0,0,0,0,0,0,0,0,0,100,0,0,0,0,0,0,0,0,0,1,0,0,1,0,0,0,0,1,0,0,0
0,0,0,0,0,100,0,0,0,0,0,0,0,0,0,0,100,0,0,0,0,0,0,0,0,0,0,92.302,7.6983,0,0,0,0,0,0,0,0,1,0,0,1,0,0,0,0,1,0,0,0
0,0,0,0,11.313,88.687,0,0,0,0,0,0,0,0,0,10.41,89.59,0,0,0,0,0,0,0,0,0,0,78.277,10.41,11.313,0,0,0,0,0,0,0,1,0,0,1,0,0,0,0,1,0,0,0
0,0,0,0,23.098,76.902,0,0,0,0,0,0,0,0,0,16.596,83.404,0,0,0,0,0,0,0,0,0,0,68.834,8.068,23.098,0,0,0,0,0,0,0,1,0,0,1,0,0,0,0,1,0,0,0
0,0,0,0,0,100,0,0,0,0,0,0,0,0,0,0,100,0,0,0,0,0,0,0,0,0,0,100,0,0,0,0,0,0,0,0,0,1,0,0,1,0,0,0,0,1,0,0,0
0,0,0,0,0,100,0,0,0,0,0,0,0,0,0,0,100,0,0,0,0,0,0,0,0,0,0,100,0,0,0,0,0,0,0,0,0,1,0,0,1,0,0,0,0,1,0,0,0
0,0,0,0,0,100,0,0,0,0,0,0,0,0,0,0,100,0,0,0,0,0,0,0,0,0,0,100,0,0,0,0,0,0,0,0,0,1,0,0,1,0,0,0,0,1,0,0,0
0,0,0,0,0,100,0,0,0,0,0,0,0,0,0,0,100,0,0,0,0,0,0,0,0,0,0,100,0,0,0,0,0,0,0,0,0,1,0,0,1,0,0,0,0,1,0,0,0
0,0,0,0,0,100,0,0,0,0,0,0,0,0,0,0,100,0,0,0,0,0,0,0,0,0,0,100,0,0,0,0,0,0,0,0,0,1,0,0,1,0,0,0,0,1,0,0,0
0,0,0,0,0,100,0,0,0,0,0,0,0,0,0,0,100,0,0,0,0,0,0,0,0,0,0,100,0,0,0,0,0,0,0,0,0,1,0,0,1,0,0,0,0,1,0,0,0
0,0,0,0,0,100,0,0,0,0,0,0,0,0,0,0,100,0,0,0,0,0,0,0,0,0,0,100,0,0,0,0,0,0,0,0,0,1,0,0,1,0,0,0,0,1,0,0,0
0,0,0,0,0,100,0,0,0,0,0,0,0,0,0,0,100,0,0,0,0,0,0,0,0,0,0,100,0,0,0,0,0,0,0,0,0,1,0,0,1,0,0,0,0,1,0,0,0
0,0,0,0,0,100,0,0,0,0,0,0,0,0,0,0,100,0,0,0,0,0,0,0,0,0,0,100,0,0,0,0,0,0,0,0,0,1,0,0,1,0,0,0,0,1,0,0,0
0,0,0,0,0,100,0,0,0,0,0,0,0,0,0,0,100,0,0,0,0,0,0,0,0,0,0,100,0,0,0,0,0,0,0,0,0,1,0,0,1,0,0,0,0,1,0,0,0
0,0,0,0,0,100,0,0,0,0,0,0,0,0,0,0,100,0,0,0,0,0,0,0,0,0,0,100,0,0,0,0,0,0,0,0,0,1,0,0,1,0,0,0,0,1,0,0,0
0,0,0,0,0,0,0,0,0,0,0,0,0,0,0,0,0,0,0,0,0,0,0,0,0,0,0,0,0,0,0,0,0,0,0,0,0,1,0,0,1,0,0,0,0,1,0,0,0
0,0,0,0,0,100,0,0,0,0,0,0,0,0,0,0,100,0,0,0,0,0,0,0,0,0,0,100,0,0,0,0,0,0,0,0,0,1,0,0,1,0,0,0,0,1,0,0,0
0,0,0,0,0,100,0,0,0,0,0,0,0,0,0,0,100,0,0,0,0,0,0,0,0,0,0,100,0,0,0,0,0,0,0,0,0,1,0,0,1,0,0,0,0,1,0,0,0
0,0,0,0,0,100,0,0,0,0,0,0,0,0,0,0,100,0,0,0,0,0,0,0,0,0,0,100,0,0,0,0,0,0,0,0,0,1,0,0,1,0,0,0,0,1,0,0,0
0,0,0,0,0,100,0,0,0,0,0,0,0,0,0,0,100,0,0,0,0,0,0,0,0,0,0,100,0,0,0,0,0,0,0,0,0,1,0,0,1,0,0,0,0,1,0,0,0
0,0,0,0,0,100,0,0,0,0,0,0,0,0,0,0,100,0,0,0,0,0,0,0,0,0,0,100,0,0,0,0,0,0,0,0,0,1,0,0,1,0,0,0,0,1,0,0,0
0,0,0,0,13.553,86.447,0,0,0,0,0,0,0,0,0,15.727,84.273,0,0,0,0,0,0,0,0,0,0,68.491,23.428,8.0812,0,0,0,0,0,0,0,1,0,0,1,0,0,0,0,1,0,0,0
0,0,0,0,0,100,0,0,0,0,0,0,0,0,0,0,100,0,0,0,0,0,0,0,0,0,0,100,0,0,0,0,0,0,0,0,0,1,0,0,1,0,0,0,0,1,0,0,0
0,0,0,0,16.584,83.416,0,0,0,0,0,0,0,0,0,0,85.234,0,14.766,0,0,0,0,0,0,0,0,83.416,9.5166,7.0674,0,0,0,0,0,0,0,1,0,0,1,0,0,0,0,1,0,0,0
0,0,0,0,14.544,85.456,0,0,0,0,0,0,0,0,0,16.51,75.783,0,7.7068,0,0,0,0,0,0,0,0,68.946,24.217,6.8371,0,0,0,0,0,0,0,1,0,0,1,0,0,0,0,1,0,0,0
0,0,0,0,17.97,82.03,0,0,0,0,0,0,0,0,0,9.9343,80.552,0,9.5139,0,0,0,0,0,0,0,0,82.03,8.0354,9.9343,0,0,0,0,0,0,0,1,0,0,1,0,0,0,0,1,0,0,0
0,0,0,0,0,100,0,0,0,0,0,0,0,0,0,0,100,0,0,0,0,0,0,0,0,0,0,100,0,0,0,0,0,0,0,0,0,1,0,0,1,0,0,0,0,1,0,0,0
0,0,0,0,6.3987,93.601,0,0,0,0,0,0,0,0,0,0,90.822,0,9.178,0,0,0,0,0,0,0,0,93.601,6.3987,0,0,0,0,0,0,0,0,1,0,0,1,0,0,0,0,1,0,0,0
0,0,0,0,0,100,0,0,0,0,0,0,0,0,0,0,100,0,0,0,0,0,0,0,0,0,0,100,0,0,0,0,0,0,0,0,0,1,0,0,1,0,0,0,0,1,0,0,0
0,0,0,0,0,100,0,0,0,0,0,0,0,0,0,0,100,0,0,0,0,0,0,0,0,0,0,100,0,0,0,0,0,0,0,0,0,1,0,0,1,0,0,0,0,1,0,0,0
0,0,0,0,14.614,85.386,0,0,0,0,0,0,0,0,0,0,90.03,0,9.9695,0,0,0,0,0,0,0,0,85.386,14.614,0,0,0,0,0,0,0,0,1,0,0,1,0,0,0,0,1,0,0,0
0,0,0,0,0,100,0,0,0,0,0,0,0,0,0,0,93.546,0,6.4538,0,0,0,0,0,0,0,0,100,0,0,0,0,0,0,0,0,0,1,0,0,1,0,0,0,0,1,0,0,0
0,0,0,0,0,100,0,0,0,0,0,0,0,0,0,0,100,0,0,0,0,0,0,0,0,0,0,100,0,0,0,0,0,0,0,0,0,1,0,0,1,0,0,0,0,1,0,0,0
0,0,0,0,0,100,0,0,0,0,0,0,0,0,0,0,100,0,0,0,0,0,0,0,0,0,0,91.195,8.8051,0,0,0,0,0,0,0,0,1,0,0,1,0,0,0,0,1,0,0,0
0,0,0,0,0,87.815,0,0,12.185,0,0,0,0,0,0,0,94.855,5.1445,0,0,0,0,0,0,0,0,0,77.526,10.289,0,0,0,12.185,0,0,0,0,1,0,0,1,0,0,0,0,1,0,0,0
0,0,0,0,0,100,0,0,0,0,0,0,0,0,0,9.3321,73.03,17.638,0,0,0,0,0,0,0,0,0,64.724,35.276,0,0,0,0,0,0,0,0,1,0,0,1,0,0,0,0,1,0,0,0
0,0,0,0,0,100,0,0,0,0,0,0,0,0,0,16.002,78.108,5.8908,0,0,0,0,0,0,0,0,0,62.739,37.261,0,0,0,0,0,0,0,0,1,0,0,1,0,0,0,0,1,0,0,0
0,0,0,0,0,91.932,0,0,8.0676,0,0,0,0,0,0,6.8026,86.395,6.8026,0,0,0,0,0,0,0,0,0,68.587,23.346,0,0,0,8.0676,0,0,0,0,1,0,0,1,0,0,0,0,1,0,0,0
0,0,0,0,0,91.771,0,0,8.2285,0,0,0,0,0,0,14.467,71.065,14.467,0,0,0,0,0,0,0,0,0,62.836,28.935,0,0,0,8.2285,0,0,0,0,1,0,0,1,0,0,0,0,1,0,0,0
0,0,5.2279,0,0,86.299,0,0,8.473,0,0,0,0,0,0,10.498,84.274,5.2279,0,0,0,0,0,5.2279,0,0,5.2279,70.573,10.498,0,0,0,8.473,0,0,0,0,1,0,0,1,0,0,0,0,1,0,0,0
0,0,6.0929,0,0,71.699,0,0,22.208,0,0,6.0929,0,0,0,0,87.814,2.9862,0,3.1067,0,0,0,2.9862,3.1067,0,10.307,61.391,0,0,6.0929,0,16.115,0,0,0,0,1,0,0,1,0,0,0,0,1,0,0,0
0,0,15.85,0,6.8684,49.523,0,0,27.759,0,0,19.885,0,0,0,0,47.038,15.85,0,17.227,0,0,0,5.4909,10.359,0,18.408,31.115,0,0,19.885,6.8684,7.8737,0.092593,0,0,0.018519,0.88889,0,0,1,0,0,0,0,1,0,0,0
0,0,0,0,0,73.471,0,0,26.529,0,0,0,0,0,0,0,100,0,0,0,0,0,0,0,0,0,0,73.471,0,0,0,0,26.529,0.10526,0,0,0.026316,0.86842,0,0,1,0,0,0,0,1,0,0,0
0,0,0,0,0,66.667,0,0,33.333,0,0,0,0,0,0,0,100,0,0,0,0,0,0,0,0,0,0,66.667,0,0,0,0,33.333,0.8,0,0,0,0.2,0,0,1,0,0,0,0,1,0,0,0
0,0,0,0,0,77.717,0,0,22.283,0,0,0,0,0,0,0,92.769,7.2306,0,0,0,0,0,0,0,0,0,63.255,14.461,0,0,0,22.283,0.12308,0,0,0.061538,0.81538,0,0,1,0,0,0,0,1,0,0,0
0,0,0,0,0,67.226,0,0,32.774,0,0,0,0,0,0,0,100,0,0,0,0,0,0,0,0,0,0,67.226,0,0,0,0,32.774,0.94545,0,0.018182,0.036364,0,0,0,1,0,0,0,0,1,0,0,0
0,0,0,0,0,80.037,0,0,19.963,0,0,0,0,0,0,9.6805,90.32,0,0,0,0,0,0,0,0,0,0,70.356,9.6805,0,0,0,19.963,0.14286,0,0,0,0.85714,0,0,1,0,0,0,0,1,0,0,0
0,0,0,0,0,71.023,0,0,28.977,0,0,0,0,0,0,0,100,0,0,0,0,0,0,0,0,0,0,71.023,0,0,0,0,28.977,0.92,0,0,0.016,0.064,0,0,1,0,0,0,0,1,0,0,0
0,0,2.8072,0,0,78.486,0,0,18.707,0,0,0,0,0,0,0,97.193,2.8072,0,0,0,0,0,2.8072,0,0,6.3424,72.144,0,0,0,0,18.707,0.11429,0,0.014286,0.014286,0.85714,0,0,1,0,0,0,0,1,0,0,0
0,0,4.5445,0,0,68.014,0,0,27.442,0,0,4.5445,0,0,0,0,90.911,4.5445,0,0,0,0,0,4.5445,0,0,0,68.014,0,0,4.5445,0,22.897,0.90566,0,0,0.075472,0.018868,0,0,1,0,0,0,0,1,0,0,0
0,0,17.791,0,0,60.79,0,0,21.419,0,0,11.383,0,0,0,0,70.827,14.235,0,3.5559,0,0,0,14.235,3.5559,0,6.4078,54.382,0,0,11.383,0,10.036,0.23256,0,0,0,0.76744,0,0,1,0,0,0,0,1,0,0,0
0,0,4.9736,0,0,77.885,0,0,17.141,0,0,2.4565,0,0,0,0,85.748,9.3391,0,2.4565,0,0,0,2.5171,2.4565,0,19.951,57.934,0,0,2.4565,0,14.685,1,0,0,0,0,0,0,1,0,0,0,0,1,0,0,0
3.6644,0,23.164,0,7.3287,39.014,0,0,23.164,0,3.6644,23.164,0,0,0,3.6644,18.279,17.071,3.6644,30.493,0,3.6644,0,0,23.164,0,17.071,21.944,0,7.3287,26.828,3.6644,0,0.17143,0,0.028571,0.028571,0.77143,0,0,1,0,0,0,0,1,0,0,0
0,0,7.6932,0,14.291,56.031,0,0,21.985,0,0,21.985,0,0,0,0,49.811,6.2199,0,21.985,0,0,0,0,7.6932,0,6.2199,49.811,0,0,21.985,14.291,0,0.64935,0.012987,0.16883,0.1039,0.064935,0,0,1,0,0,0,0,1,0,0,0
8.0738,0,0,0,32.884,26.617,0,0,15.521,3.2767,13.627,4.1709,0,11.351,17.363,7.1861,4.1709,14.801,3.2767,10.898,18.71,8.0738,0,0,0,0,8.0738,11.357,7.1861,29.601,10.898,32.884,0,0.032258,0,0,0.064516,0.90323,0,0,1,0,0,0,0,1,0,0,0
10.816,0,0,0,25.318,24.88,0,0,12.097,19.48,7.4086,0,8.103,12.097,11.377,1.9928,8.103,18.058,5.2669,13.221,10.965,10.816,0,0,0,0,14.784,10.096,0,36.283,13.37,25.467,0,0,0,0,0.36364,0.63636,0,0,1,0,0,0,0,1,0,0,0
7.3794,0,0,0,28.051,37.253,0,0,6.6459,6.6459,14.025,0,0,6.6459,6.6459,7.3794,14.937,6.6459,14.025,21.405,14.937,7.3794,0,0,0,0,0,7.3794,29.873,28.051,14.025,20.671,0,0,0,0,0,1,0,0,1,0,0,0,0,1,0,0,0
8.2338,0,0,0,32.881,27.346,0,0,4.8501,5.7452,20.945,0,2.8726,4.8501,21.263,10.067,2.8726,13.576,3.3838,15.494,17.387,8.2338,0,0,0,0,7.7227,12.94,6.6832,31.048,12.11,29.497,0,0,0,0,0,1,0,0,1,0,0,0,0,1,0,0,0
0,0,0,0,14.818,85.182,0,0,0,0,0,0,0,0,14.818,14.818,55.545,0,0,0,14.818,0,0,0,0,0,0,42.591,42.591,0,0,14.818,0,0,0,0,0,1,0,0,1,0,0,0,0,1,0,0,0
0,0,0,0,0,100,0,0,0,0,0,0,0,0,0,0,70.752,0,0,0,29.248,0,0,0,0,0,0,41.505,58.495,0,0,0,0,0,0,0,0,1,0,0,1,0,0,0,0,1,0,0,0
0,0,0,0,0,100,0,0,0,0,0,0,0,0,0,0,100,0,0,0,0,0,0,0,0,0,0,50,50,0,0,0,0,0,0,0,0,1,0,0,1,0,0,0,0,1,0,0,0
0,0,0,0,0,100,0,0,0,0,0,0,0,0,0,0,100,0,0,0,0,0,0,0,0,0,0,42.363,57.637,0,0,0,0,0,0,0,0,1,0,0,1,0,0,0,0,1,0,0,0
0,0,0,0,0,0,0,0,0,0,0,0,0,0,0,0,0,0,0,0,0,0,0,0,0,0,0,0,0,0,0,0,0,0.75,0,0,0.01087,0.23913,0,0,1,0,0,0,0,1,0,0,0
0,0,0,0,0,100,0,0,0,0,0,0,0,0,0,0,100,0,0,0,0,0,0,0,0,0,0,100,0,0,0,0,0,0.83158,0,0,0,0.16842,0,0,1,0,0,0,0,1,0,0,0
8.6737,0,0,0,0,91.326,0,0,0,0,0,8.6737,0,0,0,0,91.326,0,0,0,0,0,0,0,0,0,0,91.326,8.6737,0,0,0,0,0.85882,0,0,0,0.14118,0,0,1,0,0,0,0,1,0,0,0
32.932,0,0,0,0,67.068,0,0,0,0,0,32.932,0,0,0,0,67.068,0,0,0,0,0,32.932,0,0,0,0,67.068,0,0,0,0,0,0.92308,0,0,0,0.076923,0,0,1,0,0,0,0,1,0,0,0
0,0,0,0,0,100,0,0,0,0,0,0,0,0,0,0,100,0,0,0,0,0,0,0,0,0,0,100,0,0,0,0,0,1,0,0,0,0,0,0,1,0,0,0,0,1,0,0,0
0,0,0,0,0,100,0,0,0,0,0,0,0,0,0,0,100,0,0,0,0,0,0,0,0,0,0,100,0,0,0,0,0,0.86517,0,0.011236,0.078652,0.044944,0,0,1,0,0,0,0,1,0,0,0
0,0,0,0,0,100,0,0,0,0,0,0,0,0,0,0,100,0,0,0,0,0,0,0,0,0,0,100,0,0,0,0,0,0.8913,0,0,0,0.1087,0,0,1,0,0,0,0,1,0,0,0
0,0,0,0,0,100,0,0,0,0,0,0,0,0,0,0,100,0,0,0,0,0,0,0,0,0,0,100,0,0,0,0,0,0.95604,0,0,0.010989,0.032967,0,0,1,0,0,0,0,1,0,0,0
0,0,0,0,0,100,0,0,0,0,0,0,0,0,0,0,100,0,0,0,0,0,0,0,0,0,0,100,0,0,0,0,0,1,0,0,0,0,0,0,1,0,0,0,0,1,0,0,0
13.92,0,0,0,0,86.08,0,0,0,0,0,13.92,0,0,0,0,86.08,0,0,0,0,0,0,0,0,0,0,86.08,13.92,0,0,0,0,0.92,0,0.04,0.04,0,0,0,1,0,0,0,0,1,0,0,0
0,0,0,0,0,100,0,0,0,0,0,0,0,0,0,0,100,0,0,0,0,0,0,0,0,0,0,100,0,0,0,0,0,0.49254,0,0.059701,0.28358,0.16418,0,0,1,0,0,0,0,1,0,0,0
33.333,0,0,0,0,66.667,0,0,0,0,0,33.333,0,0,0,0,66.667,0,0,0,0,0,0,0,0,0,0,66.667,33.333,0,0,0,0,1,0,0,0,0,0,0,1,0,0,0,0,1,0,0,0
0,0,0,0,0,100,0,0,0,0,0,0,0,0,0,0,100,0,0,0,0,0,0,0,0,0,0,100,0,0,0,0,0,0.89412,0,0.011765,0.070588,0.023529,0,0,1,0,0,0,0,1,0,0,0
0,0,0,0,0,100,0,0,0,0,0,0,0,0,0,0,100,0,0,0,0,0,0,0,0,0,0,100,0,0,0,0,0,0.69863,0,0.013699,0.10959,0.17808,0,0,1,0,0,0,0,1,0,0,0
0,0,0,0,0,100,0,0,0,0,0,0,0,0,0,0,83.159,16.841,0,0,0,0,0,0,0,0,16.841,83.159,0,0,0,0,0,0.75,0.013158,0.052632,0.078947,0.10526,0,0,1,0,0,0,0,1,0,0,0
0,0,16.877,0,0,58.339,0,0,24.783,0,0,16.877,0,0,0,0,57.274,16.877,0,8.9712,0,0,0,7.9061,8.9712,0,8.9712,49.368,0,0,16.877,0,7.9061,0.77143,0,0.057143,0.085714,0.085714,0,0,1,0,0,0,0,1,0,0,0
0,10.302,0,0,3.5957,30.897,0,0,27.239,21.041,6.925,0,10.521,3.8225,13.177,0,29.958,25.521,0,3.5957,13.404,0,0,0,10.302,0,3.5957,27.302,0,10.521,10.521,37.759,0,0.64912,0,0.12281,0.15789,0.070175,0,0,1,0,0,0,0,1,0,0,0
0,7.8031,0,0,0,41.987,0,0,37.119,13.091,0,0,0,5.1725,10.549,2.6358,63.379,2.5419,0,0,5.1725,10.549,0,0,7.8031,0,0,41.987,0,10.549,5.1778,34.483,0,0.54412,0,0.11765,0.22059,0.11765,0,0,1,0,0,0,0,1,0,0,0
0,20,0,0,0,40,0,0,20,20,0,0,0,20,0,0,40,20,0,0,20,0,0,0,20,0,0,40,0,0,20,20,0,0,0,0,0,1,0,0,1,0,0,0,0,1,0,0,0
0,20,0,0,0,40,0,0,40,0,0,0,0,0,20,0,60,0,0,0,20,0,0,0,20,0,0,40,0,0,0,40,0,0,0,0,0,1,0,0,1,0,0,0,0,1,0,0,0
0,2.576,2.7778,0,0,47.496,0,0,24.762,22.388,0,0,0,2.7778,17.465,7.4995,47.294,0,0,0,22.486,2.4784,0,0,5.3538,0,0,44.718,0,12.756,16.487,20.686,0,0.58462,0,0.12308,0.13846,0.15385,0,0,1,0,0,0,0,1,0,0,0
0,0,32.019,0,0,44.762,0,0,14.32,8.8987,0,5.9392,0,2.5285,18.494,5.0737,41.351,0,0,0,11.945,14.669,11.776,8.4678,5.8366,0,0,32.884,0,11.013,10.543,19.481,0,0.67797,0.016949,0.084746,0.11864,0.10169,0,0,1,0,0,0,0,1,0,0,0
0,0,11.171,0,0,40.563,0,0,29.392,18.874,0,0,0,11.171,18.874,9.1103,41.97,0,0,0,9.7638,9.1103,0,6.2893,4.8819,0,0,35.681,0,13.992,13.992,25.163,0,0,0.0088496,0,0.017699,0.97345,0,0,1,0,0,0,0,1,0,0,0
0,0,26.461,0,0,42.41,0,0,10.515,20.614,0,7.6316,0,3.5659,21.713,0,37.746,0,0,0,21.713,7.6316,7.6316,7.6316,3.5659,0,0,23.581,0,11.197,23.997,22.395,0,0,0,0,0.025641,0.97436,0,0,1,0,0,0,0,1,0,0,0
0,0,0,0,0,100,0,0,0,0,0,0,0,0,0,0,100,0,0,0,0,0,0,0,0,0,0,50,50,0,0,0,0,0,0,0,0,1,0,0,1,0,0,0,0,1,0,0,0
0,0,0,0,0,100,0,0,0,0,0,0,0,0,0,0,100,0,0,0,0,0,0,0,0,0,0,100,0,0,0,0,0,0,0,0,0,1,0,0,1,0,0,0,0,1,0,0,0
0,0,0,0,0,100,0,0,0,0,0,0,0,0,0,0,100,0,0,0,0,0,0,0,0,0,0,72.362,27.638,0,0,0,0,0,0,0,0,1,0,0,1,0,0,0,0,1,0,0,0
0,31.36,0,0,0,27.85,4.4594,0,18.421,17.91,0,31.36,18.421,0,0,0,23.391,4.4594,0,4.4594,4.4594,13.45,0,4.4594,13.45,31.36,0,23.391,0,0,4.4594,18.421,4.4594,0,0,0,0,1,0,0,1,0,0,0,0,1,0,0,0
0,0,0,0,0,100,0,0,0,0,0,0,0,0,0,0,100,0,0,0,0,0,0,0,0,0,0,100,0,0,0,0,0,0,0,0,0,1,0,0,1,0,0,0,0,1,0,0,0
0,0,0,0,0,100,0,0,0,0,0,0,0,0,0,0,100,0,0,0,0,0,0,0,0,0,0,100,0,0,0,0,0,0,0,0,0,1,0,0,1,0,0,0,0,1,0,0,0
0,27.895,0,0,0,40.18,4.6541,0,11.308,15.962,0,27.895,3.8604,7.4479,0,0,35.526,4.6541,0,4.6541,12.102,3.8604,7.4479,20.175,3.8604,12.375,0,35.526,0,0,12.102,3.8604,4.6541,0,0,0,0,1,0,0,1,0,0,0,0,1,0,0,0
0,0,0,0,0,100,0,0,0,0,0,0,0,0,0,0,100,0,0,0,0,0,0,0,0,0,0,100,0,0,0,0,0,0,0,0,0,1,0,0,1,0,0,0,0,1,0,0,0
0,0,4.7659,0,0,63.112,0,0,4.7659,27.356,0,0,0,4.7659,0,0,67.878,0,0,0,27.356,0,0,4.7659,0,0,0,35.755,0,27.356,27.356,4.7659,0,0,0,0,0,1,0,0,1,0,0,0,0,1,0,0,0
0,0,15.638,0,0,59.717,0,0,0,24.646,0,5.2126,0,0,5.2126,0,79.15,0,0,0,5.2126,5.2126,5.2126,5.2126,0,0,0,49.291,0,5.2126,24.646,10.425,0,0.19048,0,0.047619,0.28571,0.47619,0,0,1,0,0,0,0,1,0,0,0
0,0,0,0,0,86.536,0,0,0,13.464,0,0,0,0,0,0,100,0,0,0,0,0,0,0,0,0,0,86.536,0,0,13.464,0,0,0,0,0,0,1,0,0,1,0,0,0,0,1,0,0,0
0,0,0,0,0,100,0,0,0,0,0,0,0,0,0,0,100,0,0,0,0,0,0,0,0,0,0,100,0,0,0,0,0,0,0,0,0,1,0,0,1,0,0,0,0,1,0,0,0
4.4296,0,0,0,35.387,13.656,0,0,2.5767,11.803,32.148,0,4.6133,2.5767,23.951,4.4296,4.6133,15.57,7.0063,24.43,8.3805,4.4296,0,0,0,0,4.6133,9.0428,0,35.387,20,30.957,0,0.97368,0,0.026316,0,0,0,0,1,0,0,0,0,1,0,0,0
4.8138,2.3791,0,0,19.816,17.408,0,0,8.7854,19.644,27.154,0,7.8361,8.7854,21.245,0,12.594,14.694,1.5925,7.5009,20.938,4.8138,0,0,2.3791,0,4.8138,12.594,0,32.466,17.716,30.031,0,0.7,0.02,0.14,0.12,0.02,0,0,1,0,0,0,0,1,0,0,0
0,0,0,0,0,90.839,0,0,0,0,9.161,0,0,0,0,9.161,90.839,0,0,0,0,0,0,0,0,0,0,90.839,9.161,0,0,0,0,0,0,0,0,1,0,0,1,0,0,0,0,1,0,0,0
0,8.0856,0,0,0,50.687,0,0,16.357,19.778,5.0929,0,5.0929,4.7029,13.364,0,54.07,4.7029,0,0,13.178,4.8888,0,0,8.0856,0,0,50.687,0,9.9817,9.7958,21.45,0,0,0,0,0.05,0.95,0,0,1,0,0,0,0,1,0,0,0
0,10.702,0,0,0,72.342,0,0,8.4778,8.4778,0,0,0,5.351,8.4778,0,72.342,0,0,0,5.351,8.4778,0,0,10.702,0,0,72.342,0,8.4778,0,8.4778,0,0,0,0,0,1,0,0,1,0,0,0,0,1,0,0,0
0,0,0,0,0,100,0,0,0,0,0,0,0,0,0,0,100,0,0,0,0,0,0,0,0,0,0,100,0,0,0,0,0,0,0,0,0,1,0,0,1,0,0,0,0,1,0,0,0
0,0,0,0,0,100,0,0,0,0,0,0,0,0,0,0,100,0,0,0,0,0,0,0,0,0,0,100,0,0,0,0,0,0,0,0,0,1,0,0,1,0,0,0,0,1,0,0,0
0,0,0,0,0,88.329,0,0,5.8357,5.8357,0,0,0,0,0,5.8357,88.329,0,0,0,5.8357,0,0,0,0,0,0,88.329,0,5.8357,0,5.8357,0,0,0,0,0,1,0,0,1,0,0,0,0,1,0,0,0
0,0,11.03,0,0,88.97,0,0,0,0,0,0,0,0,5.5148,0,88.97,0,0,0,0,5.5148,5.5148,0,5.5148,0,0,88.97,0,0,0,0,0,0,0,0,0,1,0,0,1,0,0,0,0,1,0,0,0
0,0,0,7.5007,0,84.999,0,0,0,0,7.5007,0,0,0,7.5007,7.5007,84.999,0,0,0,0,0,0,0,0,0,0,84.999,7.5007,0,0,0,7.5007,0,0,0,0,1,0,0,1,0,0,0,0,1,0,0,0
0,0,0,18.377,0,71.155,0,0,0,0,10.468,0,0,0,6.7319,22.113,71.155,0,0,0,0,0,0,0,0,0,0,71.155,10.468,0,0,0,18.377,0,0,0,0,1,0,0,1,0,0,0,0,1,0,0,0
0,0,0,5.887,0,94.113,0,0,0,0,0,0,0,0,5.887,0,94.113,0,0,0,0,0,0,0,0,0,0,94.113,0,0,0,0,5.887,0,0,0,0,1,0,0,1,0,0,0,0,1,0,0,0
0,0,0,4.994,0,95.006,0,0,0,0,0,0,0,0,4.994,0,95.006,0,0,0,0,0,0,0,0,0,0,95.006,0,0,0,0,4.994,0,0,0,0,1,0,0,1,0,0,0,0,1,0,0,0
0,0,0,10.695,0,83.959,0,0,0,0,5.3458,0,0,0,5.3458,10.695,83.959,0,0,0,0,0,0,0,0,0,0,83.959,5.3458,0,0,0,10.695,0,0,0,0,1,0,0,1,0,0,0,0,1,0,0,0
0,0,0,4.4008,0,95.599,0,0,0,0,0,0,0,0,4.4008,0,95.599,0,0,0,0,0,0,0,0,0,0,95.599,0,0,0,0,4.4008,0,0,0,0,1,0,0,1,0,0,0,0,1,0,0,0
0,0,0,0,0,100,0,0,0,0,0,0,0,0,0,0,100,0,0,0,0,0,0,0,0,0,0,100,0,0,0,0,0,0,0,0,0,1,0,0,1,0,0,0,0,1,0,0,0
0,0,0,0,0,100,0,0,0,0,0,0,0,0,0,0,100,0,0,0,0,0,0,0,0,0,0,100,0,0,0,0,0,0,0,0,0,1,0,0,1,0,0,0,0,1,0,0,0
0,0,0,0,0,90.472,0,0,0,0,9.5276,0,0,0,0,9.5276,90.472,0,0,0,0,0,0,0,0,0,0,90.472,9.5276,0,0,0,0,0,0,0,0,1,0,0,1,0,0,0,0,1,0,0,0
0,0,0,19.026,0,69.64,0,0,0,0,11.335,0,0,0,11.335,19.026,69.64,0,0,0,0,0,0,0,0,0,0,69.64,11.335,0,0,0,19.026,0,0,0,0,1,0,0,1,0,0,0,0,1,0,0,0
0,0,0,0,0,100,0,0,0,0,0,0,0,0,0,0,100,0,0,0,0,0,0,0,0,0,0,100,0,0,0,0,0,0,0,0,0,1,0,0,1,0,0,0,0,1,0,0,0
0,0,0,43.532,0,56.468,0,0,0,0,0,0,0,0,30.597,12.935,56.468,0,0,0,0,0,0,0,0,0,0,56.468,0,0,0,0,43.532,0,0,0,0,1,0,0,1,0,0,0,0,1,0,0,0
0,0,0,11.994,0,88.006,0,0,0,0,0,0,0,0,5.5196,6.4745,88.006,0,0,0,0,0,0,0,0,0,0,88.006,0,0,0,0,11.994,0,0,0,0,1,0,0,1,0,0,0,0,1,0,0,0
0,0,0,7.3798,0,92.62,0,0,0,0,0,0,0,0,0,7.3798,92.62,0,0,0,0,0,0,0,0,0,0,92.62,0,0,0,0,7.3798,0,0,0,0,1,0,0,1,0,0,0,0,1,0,0,0
0,0,0,16.245,0,83.756,0,0,0,0,0,0,0,0,8.2884,7.9561,75.467,8.2884,0,0,0,0,0,0,0,0,0,83.756,0,0,0,0,16.245,0,0,0,0,1,0,0,1,0,0,0,0,1,0,0,0
0,0,0,0,0,100,0,0,0,0,0,0,0,0,0,0,94.389,5.6106,0,0,0,0,0,0,0,0,0,94.389,5.6106,0,0,0,0,0,0,0,0,1,0,0,1,0,0,0,0,1,0,0,0
0,0,0,0,0,100,0,0,0,0,0,0,0,0,0,0,100,0,0,0,0,0,0,0,0,0,0,100,0,0,0,0,0,0,0,0,0,1,0,0,1,0,0,0,0,1,0,0,0
0,0,0,0,0,100,0,0,0,0,0,0,0,0,0,0,100,0,0,0,0,0,0,0,0,0,0,100,0,0,0,0,0,0,0,0,0,1,0,0,1,0,0,0,0,1,0,0,0
0,0,0,0,0,100,0,0,0,0,0,0,0,0,0,0,100,0,0,0,0,0,0,0,0,0,0,100,0,0,0,0,0,0,0,0,0,1,0,0,1,0,0,0,0,1,0,0,0
0,0,0,0,0,100,0,0,0,0,0,0,0,0,0,0,100,0,0,0,0,0,0,0,0,0,0,100,0,0,0,0,0,0,0,0,0,1,0,0,1,0,0,0,0,1,0,0,0
0,0,0,0,0,100,0,0,0,0,0,0,0,0,0,0,100,0,0,0,0,0,0,0,0,0,0,100,0,0,0,0,0,0,0,0,0,1,0,0,1,0,0,0,0,1,0,0,0
0,0,0,0,0,100,0,0,0,0,0,0,0,0,0,0,100,0,0,0,0,0,0,0,0,0,0,100,0,0,0,0,0,0,0,0,0,1,0,0,1,0,0,0,0,1,0,0,0
0,0,0,0,0,100,0,0,0,0,0,0,0,0,0,0,100,0,0,0,0,0,0,0,0,0,0,100,0,0,0,0,0,0,0,0,0,1,0,0,1,0,0,0,0,1,0,0,0
0,0,0,0,0,100,0,0,0,0,0,0,0,0,0,0,100,0,0,0,0,0,0,0,0,0,0,100,0,0,0,0,0,0,0,0,0,1,0,0,1,0,0,0,0,1,0,0,0
0,0,0,0,0,100,0,0,0,0,0,0,0,0,0,0,100,0,0,0,0,0,0,0,0,0,0,100,0,0,0,0,0,0,0,0,0,1,0,0,1,0,0,0,0,1,0,0,0
0,11.644,0,0,13.983,38.256,0,0,5.3033,23.443,7.3706,0,9.0697,8.4735,13.983,0,29.187,16.83,0,11.527,10.93,0,0,0,11.644,0,9.0697,29.187,0,13.983,16.83,19.287,0,0.020408,0,0.040816,0.081633,0.85714,0,0,1,0,0,0,0,1,0,0,0
0,14.821,0,0,0,56.966,0,0,22.876,5.3369,0,0,0,3.6315,9.9807,5.3369,64.524,0,0,0,14.104,2.4223,0,0,14.821,0,0,56.966,0,5.3369,2.4223,20.454,0,0,0,0,0.125,0.875,0,0,1,0,0,0,0,1,0,0,0
0,0,8.2386,0,0,55.77,0,0,20.795,15.196,0,0,0,2.1695,18.231,7.7684,53.6,0,0,0,4.339,13.892,3.0346,0,5.204,0,0,53.6,0,13.027,9.9379,15.196,0,0,0,0,0.046875,0.95312,0,0,1,0,0,0,0,1,0,0,0
0,0,19.023,0,0,54.839,0,0,9.8384,16.3,0,4.1872,0,6.4613,17.11,3.3771,44.19,0,0,0,20.487,4.1872,4.1872,4.1872,6.4613,0,0,40.003,0,14.026,6.4613,24.674,0,0,0,0,0.013699,0.9863,0,0,1,0,0,0,0,1,0,0,0
0,0,32.178,0,0,37.597,0,0,11.891,18.335,0,12.363,0,11.891,16.406,0,37.044,0,0,0,18.335,3.9623,3.9623,5.6688,10.184,0,0,25.484,0,12.113,12.113,30.475,0,0.79,0.07,0.09,0.05,0,0,0,1,0,0,0,0,1,0,0,0
0,22.513,0,0,0,34.329,18.674,0,9.7476,14.736,0,14.736,2.8964,6.8512,0,0,23.433,18.674,0,10.896,11.725,10.789,6.8512,22.513,10.789,10.896,0,23.433,0,0,11.725,2.8964,10.896,0,0,0,0,1,0,0,1,0,0,0,0,1,0,0,0
0,0,0,0,0,0,0,0,0,0,0,0,0,0,0,0,0,0,0,0,0,0,0,0,0,0,0,0,0,0,0,0,0,0,0,0,1,0,0,0,1,0,0,0,0,1,0,0,0
0,27.894,0,0,0,27.326,3.2579,0,20.761,20.761,0,27.943,7.1818,13.579,0,0,24.019,3.2579,0,3.3068,10.273,10.44,13.579,13.53,10.44,17.67,0,24.019,0,0,10.273,7.1818,3.3068,0,0,0,0,1,0,0,1,0,0,0,0,1,0,0,0
0,0,0,0,0,100,0,0,0,0,0,0,0,0,0,0,100,0,0,0,0,0,0,0,0,0,0,100,0,0,0,0,0,0,0,0,1,0,0,0,1,0,0,0,0,1,0,0,0
0,0,0,0,0,100,0,0,0,0,0,0,0,0,0,0,100,0,0,0,0,0,0,0,0,0,0,100,0,0,0,0,0,0,0,0,0,1,0,0,1,0,0,0,0,1,0,0,0
0,0,0,9.4124,0,90.588,0,0,0,0,0,0,0,0,9.4124,0,81.175,9.4124,0,0,0,0,0,0,0,0,0,90.588,0,0,0,0,9.4124,0,0,0,0.012987,0.98701,0,0,1,0,0,0,0,1,0,0,0
0,0,60,0,0,40,0,0,0,0,0,20,0,0,20,0,20,0,0,0,20,20,20,20,0,0,0,0,0,20,0,40,0,0,0,0,1,0,0,0,1,0,0,0,0,1,0,0,0
0,0,0,0,0,71.086,0,0,28.914,0,0,0,13.259,0,15.655,13.259,31.31,26.518,0,0,0,0,0,0,0,0,0,44.569,26.518,0,0,0,28.914,0,0,0,1,0,0,0,1,0,0,0,0,1,0,0,0
0,0,0,11.019,0,83.116,0,0,5.8643,0,0,0,5.8643,0,11.019,5.8643,58.621,18.631,0,0,0,0,0,0,0,0,0,64.485,18.631,0,0,0,16.884,0,0,0,0,1,0,0,1,0,0,0,0,1,0,0,0
0,0,0,7.109,0,86.64,0,0,6.251,0,0,0,6.251,0,7.109,6.251,60.778,19.611,0,0,0,0,0,0,0,0,0,74.138,12.502,0,0,0,13.36,0,0,0,0,1,0,0,1,0,0,0,0,1,0,0,0
0,0,0,5.1149,0,84.317,0,0,10.569,0,0,0,10.569,0,5.1149,12.409,61.499,10.409,0,0,0,0,0,0,0,0,0,66.613,17.703,0,0,0,15.683,0,0,0,0,1,0,0,1,0,0,0,0,1,0,0,0
0,0,0,0,0,87.905,0,0,12.095,0,0,0,12.095,0,0,12.095,51.62,24.19,0,0,0,0,0,0,0,0,0,63.715,24.19,0,0,0,12.095,0,0,0,0,1,0,0,1,0,0,0,0,1,0,0,0
0,0,0,0,0,100,0,0,0,0,0,0,0,0,0,0,93.005,6.9954,0,0,0,0,0,0,0,0,0,93.005,6.9954,0,0,0,0,0,0,0,0,1,0,0,1,0,0,0,0,1,0,0,0
0,0,0,0,0,100,0,0,0,0,0,0,0,0,0,0,100,0,0,0,0,0,0,0,0,0,0,100,0,0,0,0,0,0,0,0,0,1,0,0,1,0,0,0,0,1,0,0,0
0,0,0,0,0,100,0,0,0,0,0,0,0,0,0,12.049,87.951,0,0,0,0,0,0,0,0,0,0,87.951,12.049,0,0,0,0,0,0,0,0,1,0,0,1,0,0,0,0,1,0,0,0
0,0,0,0,0,100,0,0,0,0,0,0,0,0,0,0,100,0,0,0,0,0,0,0,0,0,0,100,0,0,0,0,0,0,0,0,0,1,0,0,1,0,0,0,0,1,0,0,0
0,0,0,0,0,100,0,0,0,0,0,0,0,0,0,0,100,0,0,0,0,0,0,0,0,0,0,100,0,0,0,0,0,0,0,0,1,0,0,0,1,0,0,0,0,1,0,0,0
0,0,0,0,0,55.025,0,0,44.975,0,0,0,15.422,0,29.553,0,55.025,0,0,0,0,0,0,0,0,0,0,55.025,0,0,0,0,44.975,0,0,0,1,0,0,0,1,0,0,0,0,1,0,0,0
0,0,0,0,0,100,0,0,0,0,0,0,0,0,0,0,100,0,0,0,0,0,0,0,0,0,0,100,0,0,0,0,0,0,0,0,1,0,0,0,1,0,0,0,0,1,0,0,0
0,0,0,0,0,59.981,0,0,40.019,0,0,0,0,0,30.226,9.7927,59.981,0,0,0,0,0,0,0,0,0,0,59.981,0,0,0,0,40.019,0,0,0,1,0,0,0,1,0,0,0,0,1,0,0,0
0,0,0,0,0,87.941,0,0,12.059,0,0,0,0,0,12.059,0,87.941,0,0,0,0,0,0,0,0,0,0,87.941,0,0,0,0,12.059,0,0,0,0,1,0,0,1,0,0,0,0,1,0,0,0
0,0,0,0,0,75.516,0,0,24.484,0,0,0,0,0,24.484,7.138,68.378,0,0,0,0,0,0,0,0,0,0,68.378,7.138,0,0,0,24.484,0,0,0,0,1,0,0,1,0,0,0,0,1,0,0,0
0,0,0,0,0,89.5,0,0,10.5,0,0,0,0,0,10.5,0,89.5,0,0,0,0,0,0,0,0,0,0,89.5,0,0,0,0,10.5,0,0,0,0,1,0,0,1,0,0,0,0,1,0,0,0
0,0,0,0,0,72.889,0,0,27.111,0,0,0,0,0,27.111,0,72.889,0,0,0,0,0,0,0,0,0,0,72.889,0,0,0,0,27.111,0,0,0,0,1,0,0,1,0,0,0,0,1,0,0,0
0,0,0,0,0,100,0,0,0,0,0,0,0,0,0,0,100,0,0,0,0,0,0,0,0,0,0,100,0,0,0,0,0,0,0,0,0,1,0,0,1,0,0,0,0,1,0,0,0
0,0,0,0,0,100,0,0,0,0,0,0,0,0,0,0,100,0,0,0,0,0,0,0,0,0,0,100,0,0,0,0,0,0,0,0,0,1,0,0,1,0,0,0,0,1,0,0,0
0,0,0,0,0,100,0,0,0,0,0,0,0,0,0,0,100,0,0,0,0,0,0,0,0,0,0,100,0,0,0,0,0,0,0,0,0,1,0,0,1,0,0,0,0,1,0,0,0
0,0,0,0,0,100,0,0,0,0,0,0,0,0,0,0,100,0,0,0,0,0,0,0,0,0,0,100,0,0,0,0,0,0,0,0,0,1,0,0,1,0,0,0,0,1,0,0,0
0,0,0,0,0,100,0,0,0,0,0,0,0,0,0,0,100,0,0,0,0,0,0,0,0,0,0,100,0,0,0,0,0,0,0,0,0,1,0,0,1,0,0,0,0,1,0,0,0
0,0,0,0,0,100,0,0,0,0,0,0,0,0,0,0,100,0,0,0,0,0,0,0,0,0,0,100,0,0,0,0,0,0,0,0,0,1,0,0,1,0,0,0,0,1,0,0,0
0,0,0,0,0,100,0,0,0,0,0,0,0,0,0,0,100,0,0,0,0,0,0,0,0,0,0,100,0,0,0,0,0,0,0,0,0,1,0,0,1,0,0,0,0,1,0,0,0
0,0,0,0,0,100,0,0,0,0,0,0,0,0,0,0,100,0,0,0,0,0,0,0,0,0,0,100,0,0,0,0,0,0,0,0,0,1,0,0,1,0,0,0,0,1,0,0,0
0,0,0,0,0,100,0,0,0,0,0,0,0,0,0,0,100,0,0,0,0,0,0,0,0,0,0,100,0,0,0,0,0,0,0,0,0,1,0,0,1,0,0,0,0,1,0,0,0
0,0,0,0,0,100,0,0,0,0,0,0,0,0,0,0,100,0,0,0,0,0,0,0,0,0,0,100,0,0,0,0,0,0,0,0,0,1,0,0,1,0,0,0,0,1,0,0,0
0,0,0,0,0,100,0,0,0,0,0,0,0,0,0,0,100,0,0,0,0,0,0,0,0,0,0,100,0,0,0,0,0,0,0,0,0,1,0,0,1,0,0,0,0,1,0,0,0
0,0,0,0,0,100,0,0,0,0,0,0,0,0,0,0,100,0,0,0,0,0,0,0,0,0,0,100,0,0,0,0,0,0,0,0,0,1,0,0,1,0,0,0,0,1,0,0,0
0,0,0,0,0,100,0,0,0,0,0,0,0,0,0,0,100,0,0,0,0,0,0,0,0,0,0,100,0,0,0,0,0,0,0,0,0,1,0,0,1,0,0,0,0,1,0,0,0
0,0,0,0,0,100,0,0,0,0,0,0,0,0,0,0,100,0,0,0,0,0,0,0,0,0,0,100,0,0,0,0,0,0,0,0,0,1,0,0,1,0,0,0,0,1,0,0,0
0,0,0,0,0,100,0,0,0,0,0,0,0,0,0,0,100,0,0,0,0,0,0,0,0,0,0,100,0,0,0,0,0,0,0,0,0,1,0,0,1,0,0,0,0,1,0,0,0
0,0,0,0,0,100,0,0,0,0,0,0,0,0,0,0,100,0,0,0,0,0,0,0,0,0,0,100,0,0,0,0,0,0,0,0,0,1,0,0,1,0,0,0,0,1,0,0,0
0,0,0,0,0,100,0,0,0,0,0,0,0,0,0,0,100,0,0,0,0,0,0,0,0,0,0,100,0,0,0,0,0,0,0,0,0,1,0,0,1,0,0,0,0,1,0,0,0
0,0,0,0,0,100,0,0,0,0,0,0,0,0,0,0,100,0,0,0,0,0,0,0,0,0,0,100,0,0,0,0,0,0,0,0,0,1,0,0,1,0,0,0,0,1,0,0,0
0,0,0,0,0,100,0,0,0,0,0,0,0,0,0,0,100,0,0,0,0,0,0,0,0,0,0,100,0,0,0,0,0,0,0,0,0,1,0,0,1,0,0,0,0,1,0,0,0
0,0,0,0,0,100,0,0,0,0,0,0,0,0,0,0,100,0,0,0,0,0,0,0,0,0,0,100,0,0,0,0,0,0,0,0,0,1,0,0,1,0,0,0,0,1,0,0,0
0,0,0,0,0,100,0,0,0,0,0,0,0,0,0,0,100,0,0,0,0,0,0,0,0,0,0,100,0,0,0,0,0,0,0,0,0,1,0,0,1,0,0,0,0,1,0,0,0
0,0,0,0,0,100,0,0,0,0,0,0,0,0,0,0,100,0,0,0,0,0,0,0,0,0,0,100,0,0,0,0,0,0,0,0,0,1,0,0,1,0,0,0,0,1,0,0,0
0,0,0,0,0,100,0,0,0,0,0,0,0,0,0,0,100,0,0,0,0,0,0,0,0,0,0,100,0,0,0,0,0,0,0,0,0,1,0,0,1,0,0,0,0,1,0,0,0
0,0,0,0,0,100,0,0,0,0,0,0,0,0,0,0,100,0,0,0,0,0,0,0,0,0,0,100,0,0,0,0,0,0,0,0,0,1,0,0,1,0,0,0,0,1,0,0,0
0,0,0,0,0,100,0,0,0,0,0,0,0,0,0,0,100,0,0,0,0,0,0,0,0,0,0,100,0,0,0,0,0,0,0,0,0,1,0,0,1,0,0,0,0,1,0,0,0
0,0,0,0,0,100,0,0,0,0,0,0,0,0,0,0,100,0,0,0,0,0,0,0,0,0,0,100,0,0,0,0,0,0,0,0,0,1,0,0,1,0,0,0,0,1,0,0,0
0,0,0,0,0,100,0,0,0,0,0,0,0,0,0,0,100,0,0,0,0,0,0,0,0,0,0,100,0,0,0,0,0,0,0,0,0,1,0,0,1,0,0,0,0,1,0,0,0
0,0,0,0,0,100,0,0,0,0,0,0,0,0,0,0,100,0,0,0,0,0,0,0,0,0,0,100,0,0,0,0,0,0,0,0,0,1,0,0,1,0,0,0,0,1,0,0,0
0,0,0,0,0,100,0,0,0,0,0,0,0,0,0,0,100,0,0,0,0,0,0,0,0,0,0,100,0,0,0,0,0,0,0,0,0,1,0,0,1,0,0,0,0,1,0,0,0
0,0,0,0,0,100,0,0,0,0,0,0,0,0,0,0,100,0,0,0,0,0,0,0,0,0,0,100,0,0,0,0,0,0,0,0,0,1,0,0,1,0,0,0,0,1,0,0,0
0,0,0,0,0,100,0,0,0,0,0,0,0,0,0,0,100,0,0,0,0,0,0,0,0,0,0,100,0,0,0,0,0,0,0,0,0,1,0,0,1,0,0,0,0,1,0,0,0
0,0,0,0,0,100,0,0,0,0,0,0,0,0,0,0,100,0,0,0,0,0,0,0,0,0,0,100,0,0,0,0,0,0,0,0,0,1,0,0,1,0,0,0,0,1,0,0,0
0,0,0,0,0,100,0,0,0,0,0,0,0,0,0,0,100,0,0,0,0,0,0,0,0,0,0,100,0,0,0,0,0,0,0,0,0,1,0,0,1,0,0,0,0,1,0,0,0
0,0,0,0,0,100,0,0,0,0,0,0,0,0,0,0,100,0,0,0,0,0,0,0,0,0,0,100,0,0,0,0,0,0,0,0,0,1,0,0,1,0,0,0,0,1,0,0,0
0,0,0,0,0,100,0,0,0,0,0,0,0,0,0,0,100,0,0,0,0,0,0,0,0,0,0,100,0,0,0,0,0,0,0,0,0,1,0,0,1,0,0,0,0,1,0,0,0
0,0,0,0,0,100,0,0,0,0,0,0,0,0,0,0,100,0,0,0,0,0,0,0,0,0,0,100,0,0,0,0,0,0,0,0,0,1,0,0,1,0,0,0,0,1,0,0,0
0,0,0,0,0,100,0,0,0,0,0,0,0,0,0,0,100,0,0,0,0,0,0,0,0,0,0,100,0,0,0,0,0,0,0,0,0,1,0,0,1,0,0,0,0,1,0,0,0
0,0,0,0,0,100,0,0,0,0,0,0,0,0,0,0,100,0,0,0,0,0,0,0,0,0,0,100,0,0,0,0,0,0,0,0,0,1,0,0,1,0,0,0,0,1,0,0,0
0,0,0,0,0,100,0,0,0,0,0,0,0,0,0,0,100,0,0,0,0,0,0,0,0,0,0,100,0,0,0,0,0,0,0,0,0,1,0,0,1,0,0,0,0,1,0,0,0
0,0,0,0,0,100,0,0,0,0,0,0,0,0,0,0,100,0,0,0,0,0,0,0,0,0,0,100,0,0,0,0,0,0,0,0,0,1,0,0,1,0,0,0,0,1,0,0,0
0,0,0,0,0,100,0,0,0,0,0,0,0,0,0,0,100,0,0,0,0,0,0,0,0,0,0,100,0,0,0,0,0,0,0,0,0,1,0,0,1,0,0,0,0,1,0,0,0
0,0,0,0,0,100,0,0,0,0,0,0,0,0,0,0,100,0,0,0,0,0,0,0,0,0,0,100,0,0,0,0,0,0,0,0,0,1,0,0,1,0,0,0,0,1,0,0,0
0,0,0,0,0,100,0,0,0,0,0,0,0,0,0,0,100,0,0,0,0,0,0,0,0,0,0,100,0,0,0,0,0,0,0,0,0,1,0,0,1,0,0,0,0,1,0,0,0
0,0,0,0,0,100,0,0,0,0,0,0,0,0,0,0,100,0,0,0,0,0,0,0,0,0,0,100,0,0,0,0,0,0,0,0,0,1,0,0,1,0,0,0,0,1,0,0,0
0,0,0,0,0,100,0,0,0,0,0,0,0,0,0,0,100,0,0,0,0,0,0,0,0,0,0,100,0,0,0,0,0,0,0,0,0,1,0,0,1,0,0,0,0,1,0,0,0
0,0,0,0,0,100,0,0,0,0,0,0,0,0,0,0,100,0,0,0,0,0,0,0,0,0,0,100,0,0,0,0,0,0,0,0,0,1,0,0,1,0,0,0,0,1,0,0,0
0,0,0,0,0,100,0,0,0,0,0,0,0,0,0,0,100,0,0,0,0,0,0,0,0,0,0,100,0,0,0,0,0,0,0,0,0,1,0,0,1,0,0,0,0,1,0,0,0
0,0,0,0,0,100,0,0,0,0,0,0,0,0,0,0,100,0,0,0,0,0,0,0,0,0,0,100,0,0,0,0,0,0,0,0,0,1,0,0,1,0,0,0,0,1,0,0,0
0,0,0,0,0,100,0,0,0,0,0,0,0,0,0,0,100,0,0,0,0,0,0,0,0,0,0,100,0,0,0,0,0,0,0,0,0,1,0,0,1,0,0,0,0,1,0,0,0
0,0,0,0,0,100,0,0,0,0,0,0,0,0,0,0,100,0,0,0,0,0,0,0,0,0,0,100,0,0,0,0,0,0,0,0,0.014706,0.98529,0,0,1,0,0,0,0,1,0,0,0
0,0,0,0,0,100,0,0,0,0,0,0,0,0,0,0,100,0,0,0,0,0,0,0,0,0,0,100,0,0,0,0,0,0,0,0,0,1,0,0,1,0,0,0,0,1,0,0,0
0,0,0,0,0,100,0,0,0,0,0,0,0,0,0,0,100,0,0,0,0,0,0,0,0,0,0,100,0,0,0,0,0,0,0,0,0,1,0,0,1,0,0,0,0,1,0,0,0
0,0,0,0,0,100,0,0,0,0,0,0,0,0,0,0,100,0,0,0,0,0,0,0,0,0,0,100,0,0,0,0,0,0,0,0,0,1,0,0,1,0,0,0,0,1,0,0,0
0,0,0,0,0,100,0,0,0,0,0,0,0,0,0,0,100,0,0,0,0,0,0,0,0,0,0,100,0,0,0,0,0,0,0,0,0,1,0,0,1,0,0,0,0,1,0,0,0
0,0,0,0,0,100,0,0,0,0,0,0,0,0,0,0,100,0,0,0,0,0,0,0,0,0,0,100,0,0,0,0,0,0,0,0,0,1,0,0,1,0,0,0,0,1,0,0,0
0,0,0,0,0,100,0,0,0,0,0,0,0,0,0,0,100,0,0,0,0,0,0,0,0,0,0,100,0,0,0,0,0,0,0,0,0.2,0.8,0,0,1,0,0,0,0,1,0,0,0
0,0,0,0,0,100,0,0,0,0,0,0,0,0,0,0,100,0,0,0,0,0,0,0,0,0,0,100,0,0,0,0,0,0,0,0,0,1,0,0,1,0,0,0,0,1,0,0,0
0,0,0,0,0,100,0,0,0,0,0,0,0,0,0,0,100,0,0,0,0,0,0,0,0,0,0,100,0,0,0,0,0,0,0,0,0,1,0,0,1,0,0,0,0,1,0,0,0
0,0,0,0,0,100,0,0,0,0,0,0,0,0,0,0,100,0,0,0,0,0,0,0,0,0,0,100,0,0,0,0,0,0,0,0,0,1,0,0,1,0,0,0,0,1,0,0,0
0,0,0,0,0,100,0,0,0,0,0,0,0,0,0,0,100,0,0,0,0,0,0,0,0,0,0,100,0,0,0,0,0,0,0,0,0,1,0,0,1,0,0,0,0,1,0,0,0
0,0,0,0,0,100,0,0,0,0,0,0,0,0,0,0,100,0,0,0,0,0,0,0,0,0,0,100,0,0,0,0,0,0,0,0,0.013158,0.98684,0,0,1,0,0,0,0,1,0,0,0
0,0,0,0,0,100,0,0,0,0,0,0,0,0,0,0,100,0,0,0,0,0,0,0,0,0,0,100,0,0,0,0,0,0,0,0,0,1,0,0,1,0,0,0,0,1,0,0,0
0,0,0,0,0,100,0,0,0,0,0,0,0,0,0,0,100,0,0,0,0,0,0,0,0,0,0,100,0,0,0,0,0,0,0,0,0,1,0,0,1,0,0,0,0,1,0,0,0
0,0,0,0,0,100,0,0,0,0,0,0,0,0,0,0,100,0,0,0,0,0,0,0,0,0,0,100,0,0,0,0,0,0,0,0,0,1,0,0,1,0,0,0,0,1,0,0,0
0,0,0,0,0,100,0,0,0,0,0,0,0,0,0,0,100,0,0,0,0,0,0,0,0,0,0,50,50,0,0,0,0,0,0,0,0,1,0,0,1,0,0,0,0,1,0,0,0
0,0,0,0,0,100,0,0,0,0,0,0,0,0,0,0,100,0,0,0,0,0,0,0,0,0,0,42.602,57.398,0,0,0,0,0,0,0,0,1,0,0,1,0,0,0,0,1,0,0,0
0,0,0,0,82.974,17.026,0,0,0,0,0,0,0,17.026,48.922,0,17.026,0,0,17.026,0,0,0,0,0,0,17.026,0,0,17.026,65.948,0,0,0,0,0,0,1,0,0,1,0,0,0,0,1,0,0,0
0,0,0,0,100,0,0,0,0,0,0,0,0,0,50,0,0,0,0,50,0,0,0,0,0,0,0,0,0,50,50,0,0,0,0,0,0,1,0,0,1,0,0,0,0,1,0,0,0
0,0,0,0,65.94,34.06,0,0,0,0,0,0,0,18.012,18.97,0,26.036,0,8.0238,28.958,0,0,0,0,0,0,18.012,8.0238,8.0238,18.012,47.928,0,0,0,0,0,0,1,0,0,1,0,0,0,0,1,0,0,0
0,0,0,0,74.573,25.427,0,0,0,0,0,0,0,9.3962,19.875,0,25.427,0,16.031,29.271,0,0,0,0,0,0,0,9.3962,16.031,16.031,58.543,0,0,0,0,0,0.14286,0.85714,0,0,1,0,0,0,0,1,0,0,0
0,0,0,0,58.862,24.953,0,16.185,0,0,0,8.0925,0,16.861,12.57,0,24.953,0,0,29.431,0,8.0925,0,8.0925,8.0925,0,8.0925,16.861,0,12.57,46.292,0,0,0,0,0,0,1,0,0,1,0,0,0,0,1,0,0,0
0,0,0,23.161,25.407,33.16,0,11.58,6.6919,0,0,11.58,9.7772,6.9133,0,0,30.074,23.161,0,6.9133,6.6919,4.8886,0,4.8886,13.384,4.8886,6.9133,0,9.7772,23.382,13.605,23.161,0,0,0,0,0,1,0,0,1,0,0,0,0,1,0,0,0
0,0,0,0,46.403,53.597,0,0,0,0,0,0,0,13.069,20.264,0,33.333,0,20.264,13.069,0,0,0,0,0,0,0,33.333,20.264,0,46.403,0,0,0,0,0,0,1,0,0,1,0,0,0,0,1,0,0,0
0,0,0,15.022,7.5109,62.446,0,7.5109,7.5109,0,0,7.5109,0,0,0,0,69.957,15.022,0,0,7.5109,0,0,0,15.022,0,22.66,32.275,0,7.5109,7.5109,15.022,0,0,0,0,0,1,0,0,1,0,0,0,0,1,0,0,0
0,0,0,0,48.482,51.518,0,0,0,0,0,0,40.511,0,0,21.774,15.941,0,0,0,21.774,0,0,0,0,0,0,15.941,35.578,0,48.482,0,0,0,0,0,0.28333,0.71667,0,0,1,0,0,0,0,1,0,0,0
0,0,0,0,34.976,65.024,0,0,0,0,0,0,7.9809,0,0,19.014,38.029,0,0,0,34.976,0,0,0,0,0,0,38.029,26.995,0,34.976,0,0,0,0,0,0.095238,0.90476,0,0,1,0,0,0,0,1,0,0,0
0,0,0,0,11.372,88.628,0,0,0,0,0,0,5.6862,0,0,23.462,36.017,0,0,0,34.835,0,0,0,0,0,0,36.017,52.61,0,11.372,0,0,0,0,0,0,1,0,0,1,0,0,0,0,1,0,0,0
0,0,0,0,40.746,59.254,0,0,0,0,0,0,0,0,18.508,0,62.984,0,18.508,0,0,0,0,0,0,0,0,40.746,18.508,22.238,18.508,0,0,0,0,0,0.10588,0.89412,0,0,1,0,0,0,0,1,0,0,0
0,0,0,0,100,0,0,0,0,0,0,0,0,0,100,0,0,0,0,0,0,0,0,0,0,0,0,0,0,0,100,0,0,0,0,0,0.27778,0.72222,0,0,1,0,0,0,0,1,0,0,0
0,0,0,0,100,0,0,0,0,0,0,0,0,0,100,0,0,0,0,0,0,0,0,0,0,0,0,0,0,0,100,0,0,0,0,0,0,1,0,0,1,0,0,0,0,1,0,0,0
0,0,0,0,23.76,76.24,0,0,0,0,0,0,0,0,0,0,76.24,0,23.76,0,0,0,0,0,0,0,0,52.481,23.76,23.76,0,0,0,0,0,0,0,1,0,0,1,0,0,0,0,1,0,0,0
0,0,0,0,0,85.245,0,0,14.755,0,0,0,0,0,0,0,85.245,0,0,0,14.755,0,0,0,14.755,0,28.689,56.556,0,0,0,0,0,0,0,0,0,1,0,0,1,0,0,0,0,1,0,0,0
0,0,0,0,50,50,0,0,0,0,0,0,0,0,0,0,100,0,0,0,0,0,0,0,0,0,0,50,0,50,0,0,0,0,0,0,0,1,0,0,1,0,0,0,0,1,0,0,0
0,0,0,0,0,75,25,0,0,0,0,0,0,0,0,0,100,0,0,0,0,0,0,0,0,0,25,50,25,0,0,0,0,0,0,0,0,1,0,0,1,0,0,0,0,1,0,0,0
0,0,0,0,66.667,33.333,0,0,0,0,0,0,33.333,0,0,0,0,0,0,0,66.667,0,0,0,0,0,0,0,33.333,0,66.667,0,0,0,0,0,0,1,0,0,1,0,0,0,0,1,0,0,0
0,0,0,0,0,100,0,0,0,0,0,0,0,0,0,0,100,0,0,0,0,0,0,0,0,0,0,100,0,0,0,0,0,0,0,0,0,1,0,0,1,0,0,0,0,1,0,0,0
0,0,0,0,9.7258,90.274,0,0,0,0,0,0,0,0,0,9.7258,80.548,0,0,0,9.7258,0,0,0,0,0,0,80.548,9.7258,0,9.7258,0,0,0,0,0,0,1,0,0,1,0,0,0,0,1,0,0,0
0,0,0,0,0,100,0,0,0,0,0,0,0,0,0,0,100,0,0,0,0,0,0,0,0,0,0,100,0,0,0,0,0,0,0,0,0,1,0,0,1,0,0,0,0,1,0,0,0
0,0,0,0,0,0,0,0,0,0,0,0,0,0,0,0,0,0,0,0,0,0,0,0,0,0,0,0,0,0,0,0,0,0,0,0,0,1,0,0,1,0,0,0,0,1,0,0,0
7.3725,2.9826,8.7798,0,2.9826,56.312,2.9826,0,18.588,0,0,0,0,0,7.3725,4.3899,59.294,2.9826,0,0,18.588,7.3725,4.3899,14.745,4.3899,0,2.9826,7.3725,44.549,0,0,18.588,2.9826,0,0,0,0.0081301,0.99187,0,0,1,0,0,0,0,1,0,0,0
0,0,0,0,0,90.655,0,0,9.3449,0,0,0,0,9.3449,0,9.3449,81.31,0,0,0,0,0,0,9.3449,0,0,0,90.655,0,0,0,0,0,0,0,0,0.012658,0.98734,0,0,1,0,0,0,0,1,0,0,0
5.4838,0,38.137,0,0,30.864,12.757,0,12.757,0,0,0,0,7.2062,5.4838,18.241,43.621,0,0,0,12.757,12.69,18.241,18.174,12.69,0,12.757,12.69,12.69,0,0,12.757,0,0,0,0,0.83673,0.16327,0,0,1,0,0,0,0,1,0,0,1
0,0,0,0,0,78.119,10.94,0,10.94,0,0,0,0,0,10.94,10.94,78.119,0,0,0,0,0,0,10.94,10.94,0,0,59.635,18.484,0,0,0,0,0,0,0,0,1,0,0,1,0,0,0,0,1,0,0,0
0,23.425,0,0,0,53.151,9.549,0,6.9378,6.9378,0,13.876,6.9378,0,0,0,53.151,9.549,0,0,0,16.487,0,9.549,16.487,13.876,0,53.151,0,0,0,6.9378,0,0,0,0,0,1,0,0,1,0,0,0,0,1,0,0,0
0,0,0,9.8526,0,58.137,29.547,0,2.4632,0,0,0,29.547,2.4632,13.542,2.4632,26.128,20.931,0,2.4632,0,2.4632,0,18.468,13.542,13.542,0,23.664,4.9263,2.4632,2.4632,20.931,0,0,0,0,0,1,0,0,1,0,0,0,0,1,0,0,0
0,0,0,0,0,80.932,0,0,19.068,0,0,0,19.068,0,0,0,80.932,0,0,0,0,0,0,0,0,0,0,80.932,0,0,0,19.068,0,0,0,0,0,1,0,0,1,0,0,0,0,1,0,0,0
0,4.2061,0,0,0,70.49,0,0,12.652,12.652,0,12.652,0,12.652,0,0,62.044,0,0,8.4458,4.2061,0,12.652,4.2061,0,8.4458,0,62.044,0,0,4.2061,0,8.4458,0,0,0,0,1,0,0,1,0,0,0,0,1,0,0,0
0,7.625,0,0,0,92.375,0,0,0,0,0,7.625,0,0,0,0,92.375,0,0,0,0,0,0,7.625,0,0,0,92.375,0,0,0,0,0,0,0,0,0,1,0,0,1,0,0,0,0,1,0,0,0
0,18.51,0,0,0,81.49,0,0,0,0,0,18.51,0,0,0,0,81.49,0,0,0,0,0,0,18.51,0,0,0,81.49,0,0,0,0,0,0,0,0,0,1,0,0,1,0,0,0,0,1,0,0,0
0,0,0,0,0,100,0,0,0,0,0,0,0,0,0,0,100,0,0,0,0,0,0,0,0,0,0,100,0,0,0,0,0,0,0,0,0,1,0,0,1,0,0,0,0,1,0,0,0
0,0,0,19.777,10.468,36.194,16.17,3.0703,14.321,0,0,3.0703,12.786,2.9467,13.223,14.321,22.311,16.83,0,6.6456,0,7.8664,0,20.338,11.374,3.0703,3.6989,11.374,12.034,10.937,8.495,18.68,0,0,0,0,0,1,0,0,1,0,0,0,0,1,0,0,0
0,0,0,0,0,100,0,0,0,0,0,0,0,0,0,0,100,0,0,0,0,0,0,0,0,0,0,100,0,0,0,0,0,0,0,0,0,1,0,0,1,0,0,0,0,1,0,0,0
0,0,0,0,0,89.512,0,0,10.488,0,0,0,0,0,0,0,89.512,0,0,0,10.488,0,0,0,10.488,0,18.899,70.613,0,0,0,0,0,0,0,0,0,1,0,0,1,0,0,0,0,1,0,0,0
0,0,0,0,0,100,0,0,0,0,0,0,0,0,0,0,100,0,0,0,0,0,0,0,0,0,5.8095,94.191,0,0,0,0,0,0,0,0,0,1,0,0,1,0,0,0,0,1,0,0,0
0,0,0,0,0,100,0,0,0,0,0,0,0,0,0,0,100,0,0,0,0,0,0,0,0,0,0,100,0,0,0,0,0,0,0,0,0,1,0,0,1,0,0,0,0,1,0,0,0
0,0,0,0,0,100,0,0,0,0,0,0,0,0,0,0,100,0,0,0,0,0,0,0,0,0,0,100,0,0,0,0,0,0,0,0,0,1,0,0,1,0,0,0,0,1,0,0,0
0,0,0,0,0,100,0,0,0,0,0,0,0,0,0,0,100,0,0,0,0,0,0,0,0,0,0,100,0,0,0,0,0,0,0,0,0,1,0,0,1,0,0,0,0,1,0,0,0
0,0,0,0,0,100,0,0,0,0,0,0,0,0,0,0,100,0,0,0,0,0,0,0,0,0,0,100,0,0,0,0,0,0,0,0,0.064935,0.93506,0,0,1,0,0,0,0,1,0,0,0
0,0,0,0,0,100,0,0,0,0,0,0,0,0,0,0,100,0,0,0,0,0,0,0,0,0,0,100,0,0,0,0,0,0,0,0,0.082353,0.91765,0,0,1,0,0,0,0,1,0,0,0
0,0,0,0,0,100,0,0,0,0,0,0,0,0,0,0,100,0,0,0,0,0,0,0,0,0,0,100,0,0,0,0,0,0,0,0,0.12088,0.87912,0,0,1,0,0,0,0,1,0,0,0
0,0,0,0,0,94.39,5.6096,0,0,0,0,0,0,0,0,0,100,0,0,0,0,0,0,0,0,0,25.896,68.494,5.6096,0,0,0,0,0,0,0,0,1,0,0,1,0,0,0,0,1,0,0,0
0,0,0,0,0,100,0,0,0,0,0,0,0,0,0,0,100,0,0,0,0,0,0,0,0,0,6.1988,88.588,5.2135,0,0,0,0,0,0,0,0,1,0,0,1,0,0,0,0,1,0,0,0
3.5333,3.5333,0,0,3.5333,62.806,26.594,0,0,0,0,0,0,0,3.5333,0,89.4,3.5333,0,0,0,3.5333,0,7.0666,0,0,32.561,45.338,11.501,0,0,0,3.5333,0,0,0,0,1,0,0,1,0,0,0,0,1,0,0,0
4.9845,0,0,0,0,88.666,6.349,0,0,0,0,0,0,0,0,0,90.031,4.9845,0,0,0,4.9845,0,9.9689,0,0,6.349,72.348,11.334,0,0,0,0,0,0,0,0,1,0,0,1,0,0,0,0,1,0,0,0
0,0,0,0,0,100,0,0,0,0,0,0,0,0,0,0,100,0,0,0,0,0,0,0,0,0,0,100,0,0,0,0,0,0,0,0,0,1,0,0,1,0,0,0,0,1,0,0,0
0,0,0,0,0,100,0,0,0,0,0,0,0,0,0,0,100,0,0,0,0,0,0,0,0,0,0,100,0,0,0,0,0,0,0,0,0,1,0,0,1,0,0,0,0,1,0,0,0
9.9071,6.0871,15.204,3.3799,2.7072,47.695,7.3385,0,4.3006,0,3.3799,6.7598,0,0,9.1682,9.4162,39.413,12.24,0,8.7943,4.3006,9.9071,12.796,22.521,11.875,3.3799,7.3385,16.722,12.272,6.0871,0,4.3006,2.7072,0,0,0,0,1,0,0,1,0,0,0,0,1,0,0,0
6.7277,10.333,6.7708,3.1653,7.168,59.107,3.5624,0,0,0,3.1653,6.3306,0,0,9.893,3.6056,48.688,14.379,0,10.376,0,6.7277,6.7708,17.061,9.9361,3.1653,3.5624,33.746,11.819,6.7708,0,0,7.168,0,0,0,0.069444,0.93056,0,0,1,0,0,0,0,1,0,0,0
0,0,0,0,0,100,0,0,0,0,0,0,0,0,0,0,100,0,0,0,0,0,0,0,0,0,0,100,0,0,0,0,0,0,0,0,0,1,0,0,1,0,0,0,0,1,0,0,0
0,0,0,0,0,100,0,0,0,0,0,0,0,0,0,0,100,0,0,0,0,0,0,0,0,0,0,100,0,0,0,0,0,0,0,0,0,1,0,0,1,0,0,0,0,1,0,0,0
0,0,0,0,0,100,0,0,0,0,0,0,0,0,0,0,100,0,0,0,0,0,0,0,0,0,0,100,0,0,0,0,0,0,0,0,0.030612,0.96939,0,0,1,0,0,0,0,1,0,0,0
0,0,0,0,0,100,0,0,0,0,0,0,0,0,0,0,100,0,0,0,0,0,0,0,0,0,0,100,0,0,0,0,0,0,0,0,0,1,0,0,1,0,0,0,0,1,0,0,0
0,0,0,0,0,100,0,0,0,0,0,0,0,0,0,0,100,0,0,0,0,0,0,0,0,0,0,100,0,0,0,0,0,0,0,0,0,1,0,0,1,0,0,0,0,1,0,0,0
0,0,0,0,0,100,0,0,0,0,0,0,0,0,0,0,100,0,0,0,0,0,0,0,0,0,0,100,0,0,0,0,0,0,0,0,0,1,0,0,1,0,0,0,0,1,0,0,0
0,0,0,23.678,17.716,31.698,10.002,13.268,3.6381,0,0,7.6217,12.361,2.0163,6.8572,1.9352,20.612,19.085,3.0163,9.7509,2.7449,13.999,0,7.7916,14.511,2.2517,13.734,0,2.8283,10.409,20.036,27.395,1.042,0,0,0,0,1,0,0,1,0,0,0,0,1,0,0,1
0,0,0,36.446,22.05,32.158,3.9273,4.0731,1.3465,0,0,1.4468,8.6845,0.62927,3.298,8.04,21.859,28.189,2.6264,9.8517,0.71719,14.658,0,1.9881,4.0608,0.72957,9.2225,0,5.092,8.4779,33.977,29.042,7.4107,0,0,0,0,1,0,0,1,0,0,0,0,1,0,0,1
0,0,0,22.394,10.528,41.866,3.0586,18.244,3.9097,0,0,9.1735,9.4668,1.127,3.0586,0,29.378,13.615,4.9528,7.689,3.9097,17.63,0,8.0465,14.107,2.8018,17.97,3.9097,5.6036,9.7892,14.573,23.198,0,0,0,0,0.011364,0.98864,0,0,1,0,0,0,0,1,0,0,0
0,0,15.135,53.944,27.261,3.6597,0,0,0,0,0,0,0,3.9729,4.1404,18.439,37.611,17.239,10.256,2.4374,5.9037,0,0,0,0,0,0,0,9.8766,6.3844,30.652,39.177,13.91,0,0,0,0,1,0,0,1,0,0,0,0,1,0,0,0
0,0,20.521,47.163,25.075,7.2408,0,0,0,0,0,0,0,7.0861,7.8631,26.867,29.14,20.238,2.5295,2.7056,3.5712,0,0,0,0,0,0,0,10.657,4.1935,22.789,55.045,7.3157,0,0,0,0.4375,0.5625,0,0,1,0,0,0,0,1,0,0,0
0,0,27.447,39.51,29.581,3.4618,0,0,0,0,0,0,0,5.1855,5.6344,30.286,35.382,15.14,2.6948,4.509,1.1682,0,0,0,0,0,0,0,6.3538,3.3408,26.763,48.648,14.895,0,0,0,0.35294,0.64706,0,0,1,0,0,0,0,1,0,0,0
0,0,30.713,38.752,23.933,6.6017,0,0,0,0,0,0,0,7.4031,3.2137,19.802,33.522,21.499,4.7088,3.388,6.4644,0,0,0,0,0,0,0,13.868,3.0764,28.953,38.706,15.397,0,0,0,1,0,0,0,1,0,0,0,0,1,0,0,1
3.3245,3.3245,21.674,1.5203,4.3346,41.853,6.546,0,13.373,0,4.0507,8.1015,0,5.1754,4.8448,9.8027,44.348,1.8042,0,1.5203,13.373,11.03,6.2622,14.355,10.746,1.5203,6.546,9.51,26.772,6.5811,2.5304,13.373,1.8042,0,0,0,0.5625,0.4375,0,0,1,0,0,0,0,1,0,0,1
0,0,20.104,48.255,28.988,2.6529,0,0,0,0,0,0,0,1.2597,3.0246,22.334,39.768,15.584,7.7114,5.6775,4.6406,0,0,0,0,0,0,0,5.9004,5.0123,31.315,37.741,20.031,0,0,0,1,0,0,0,1,0,0,0,0,1,0,0,1
0,0,11.593,46.226,37.475,4.7057,0,0,0,0,0,0,0,1.8285,7.5519,22.335,26.349,21.993,4.8267,8.6004,6.5152,0,0,0,0,0,0,0,8.3437,9.3614,30.094,42.659,9.5425,0,0,0,0.87097,0.12903,0,0,1,0,0,0,0,1,0,0,1
4.5668,0,20.284,7.0977,9.1241,46.893,0,0,10.008,0,2.0264,4.0528,0,7.0977,4.5668,8.6196,51.964,7.0977,0,0,10.008,6.5932,4.5668,18.258,6.5932,0,0,13.691,26.609,4.0528,2.0264,24.203,0,0,0,0,0.92424,0.075758,0,0,1,0,0,0,0,1,0,0,1
0,0,20.593,38.671,36.539,4.1973,0,0,0,0,0,0,0,7.3333,9.2422,27.178,29.73,16.747,3.1235,5.0449,1.6018,0,0,0,0,0,0,0,8.9351,6.6467,27.971,49.103,7.3443,0,0,0,1,0,0,0,1,0,0,0,0,1,0,0,1
0,0,0,23.219,18.796,39.956,11.976,3.7862,2.2672,0,0,2.7821,18.164,1.4475,8.7468,7.0859,23.509,19.928,2.4516,4.6099,0,11.275,0,6.8309,7.948,4.5637,6.0574,2.2672,11.165,10.432,22.623,23.295,4.8188,0,0,0,0,1,0,0,1,0,0,0,0,1,0,0,1
0,0,0,12.523,71.823,9.3922,3.1307,0,3.1307,0,0,0,3.1307,3.1307,0,3.1307,74.954,9.3922,0,3.1307,0,3.1307,0,6.2615,0,0,0,0,6.2615,3.1307,74.954,9.3922,0,0,0,0,0,1,0,0,1,0,0,0,0,1,0,0,1
0,0,0,40.68,14.797,29.456,7.5677,5.5712,1.9286,0,0,4.4173,8.2917,5.366,5.639,6.9388,16.845,33.006,4.5913,7.4859,0,7.4181,0,4.8372,4.5913,0.97991,8.9946,0,5.8171,12.965,29.309,27.496,5.0101,0,0,0,0,1,0,0,1,0,0,0,0,1,0,0,1
0,22.073,0,0,0,36.111,11.268,0,9.6404,20.908,0,27.877,3.8361,5.8043,0,0,19.04,11.268,0,17.072,11.268,3.8361,5.8043,14.401,3.8361,24.744,0,19.04,0,0,11.268,3.8361,17.072,0,0,0,0,1,0,0,1,0,0,0,0,1,0,0,0
0,0,0,0,0,100,0,0,0,0,0,0,0,0,0,0,100,0,0,0,0,0,0,0,0,0,0,100,0,0,0,0,0,0,0,0,1,0,0,0,1,0,0,0,0,1,0,0,0
0,0,0,0,33.333,66.667,0,0,0,0,0,0,0,0,0,0,100,0,0,0,0,0,0,0,0,0,0,66.667,0,33.333,0,0,0,0,0,0,1,0,0,0,1,0,0,0,0,1,0,0,0
0,0,0,0,54.296,45.704,0,0,0,0,0,0,0,0,0,0,100,0,0,0,0,0,0,0,0,0,0,45.704,0,54.296,0,0,0,0,0,0,1,0,0,0,1,0,0,0,0,1,0,0,0
0,0,0,37.758,6.2478,37.731,5.8203,10.438,2.0048,0,0,6.7619,7.0413,4.0653,4.1622,3.5512,22.658,25.702,6.9612,4.457,1.2243,13.416,0,4.6915,10.287,3.1303,6.9612,0,7.5815,14.595,17.925,32.058,2.7707,0,0,0,0,1,0,0,1,0,0,0,0,1,0,0,1
0,0,0,0,50,50,0,0,0,0,0,0,50,0,0,0,50,0,0,0,0,0,0,0,0,0,0,0,50,0,50,0,0,0,0,0,0,1,0,0,1,0,0,0,0,1,0,0,1
0,0,0,36.759,10.517,35.427,8.7304,7.623,0.94301,0,0,6.2279,4.062,7.1709,7.7874,5.2224,20.079,22.519,7.623,5.4571,0,13.851,0,1.886,7.623,0,10.742,0,6.1654,19.238,18.919,31.148,4.2794,0,0,0,0,1,0,0,1,0,0,0,0,1,0,0,1
0,0,0,29.55,23.474,28.621,7.7892,7.2547,3.3111,0,0,7.2547,11.854,3.5322,7.2858,2.7237,19.38,25.099,3.0288,9.0173,2.8077,8.0169,0,2.4249,8.6443,1.4181,11.543,0,4.7622,17.381,23.933,27.673,2.2203,0,0,0,0,1,0,0,1,0,0,0,0,1,0,0,1
0,0,0,0,0,100,0,0,0,0,0,0,0,0,0,0,100,0,0,0,0,0,0,0,0,0,0,100,0,0,0,0,0,0,0,0,0,1,0,0,1,0,0,0,0,1,0,0,0
0,0,0,0,0,100,0,0,0,0,0,0,0,0,0,0,100,0,0,0,0,0,0,0,0,0,0,100,0,0,0,0,0,0,0,0,1,0,0,0,1,0,0,0,0,1,0,0,0
0,0,0,0,0,50,38.597,11.403,0,0,0,0,0,0,0,0,77.195,22.805,0,0,0,0,0,11.403,0,38.597,0,22.805,27.195,0,0,0,0,0,0,0,0.66667,0.33333,0,0,1,0,0,0,0,1,0,0,0
0,0,0,0,0,100,0,0,0,0,0,0,0,0,0,0,100,0,0,0,0,0,0,0,0,0,0,100,0,0,0,0,0,0,0,0,0,1,0,0,1,0,0,0,0,1,0,0,0
0,0,0,0,0,50,25,25,0,0,0,0,0,0,0,0,50,50,0,0,0,0,0,25,0,25,0,50,0,0,0,0,0,0,0,0,0.90323,0.096774,0,0,1,0,0,0,0,1,0,0,0
0,0,0,0,0,45.364,28.837,25.799,0,0,0,0,0,0,0,5.7019,63.086,31.212,0,0,0,0,5.7019,20.097,0,28.837,5.4128,34.539,5.4128,0,0,0,0,0,0,0,0,1,0,0,1,0,0,0,0,1,0,0,0
0,0,0,0,0,59.503,40.497,0,0,0,0,0,0,0,0,0,90.497,9.5031,0,0,0,0,0,0,0,40.497,9.5031,40.497,9.5031,0,0,0,0,0,0,0,0,1,0,0,1,0,0,0,0,1,0,0,0
0,0,0,0,0,100,0,0,0,0,0,0,0,0,0,0,85.688,14.312,0,0,0,0,0,0,0,0,0,85.688,0,14.312,0,0,0,0,0,0,0,1,0,0,1,0,0,0,0,1,0,0,0
0,0,0,0,0,69.322,24.905,5.7727,0,0,0,0,0,0,0,0,83.143,16.857,0,0,0,0,0,5.7727,0,24.905,5.3117,50.189,13.821,0,0,0,0,0,0,0,0,1,0,0,1,0,0,0,0,1,0,0,0
0,0,0,0,0,91.768,8.2325,0,0,0,0,0,0,0,0,0,80.183,19.817,0,0,0,0,0,0,0,8.2325,8.2325,63.718,8.2325,11.585,0,0,0,0,0,0,0,1,0,0,1,0,0,0,0,1,0,0,0
0,0,0,0,0,100,0,0,0,0,0,0,0,0,0,0,100,0,0,0,0,0,0,0,0,0,0,100,0,0,0,0,0,0,0,0,1,0,0,0,1,0,0,0,0,1,0,0,0
0,0,0,0,0,61.691,0,0,38.309,0,0,0,0,0,24.881,13.428,61.691,0,0,0,0,0,0,0,0,0,0,61.691,0,0,0,0,38.309,0,0,0,1,0,0,0,1,0,0,0,0,1,0,0,0
0,0,0,0,9.4245,90.575,0,0,0,0,0,0,0,0,0,0,100,0,0,0,0,0,0,0,0,0,0,90.575,0,9.4245,0,0,0,0,0,0,1,0,0,0,1,0,0,0,0,1,0,0,0
0,0,0,0,0,66.667,0,0,33.333,0,0,0,0,0,19.38,13.953,66.667,0,0,0,0,0,0,0,0,0,0,66.667,0,0,0,0,33.333,0,0,0,0.96774,0.032258,0,0,1,0,0,0,0,1,0,0,0
0,0,0,0,0,84.593,0,0,15.407,0,0,0,0,0,7.0108,8.3967,84.593,0,0,0,0,0,0,0,0,0,0,84.593,0,0,0,0,15.407,0,0,0,0,1,0,0,1,0,0,0,0,1,0,0,0
0,0,0,0,0,85.271,0,0,14.729,0,0,0,0,0,0,14.729,85.271,0,0,0,0,0,0,0,0,0,0,85.271,0,0,0,0,14.729,0,0,0,0,1,0,0,1,0,0,0,0,1,0,0,0
0,0,0,0,0,80.461,0,0,19.539,0,0,0,0,0,12.682,6.8576,80.461,0,0,0,0,0,0,0,0,0,0,80.461,0,0,0,0,19.539,0,0,0,0,1,0,0,1,0,0,0,0,1,0,0,0
0,0,0,0,0,81.651,0,0,18.349,0,0,0,0,0,18.349,0,81.651,0,0,0,0,0,0,0,0,0,0,81.651,0,0,0,0,18.349,0,0,0,0,1,0,0,1,0,0,0,0,1,0,0,0
0,0,0,0,0,100,0,0,0,0,0,0,0,0,0,0,100,0,0,0,0,0,0,0,0,0,0,100,0,0,0,0,0,0,0,0,0,1,0,0,1,0,0,0,0,1,0,0,0
0,0,0,0,0,100,0,0,0,0,0,0,0,0,0,0,100,0,0,0,0,0,0,0,0,0,0,100,0,0,0,0,0,0,0,0,0,1,0,0,1,0,0,0,0,1,0,0,0
0,0,0,0,0,100,0,0,0,0,0,0,0,0,0,0,100,0,0,0,0,0,0,0,0,0,0,100,0,0,0,0,0,0,0,0,0,1,0,0,1,0,0,0,0,1,0,0,0
0,0,0,0,0,100,0,0,0,0,0,0,0,0,0,0,100,0,0,0,0,0,0,0,0,0,0,100,0,0,0,0,0,0,0,0,0,1,0,0,1,0,0,0,0,1,0,0,0
0,0,0,0,10.601,89.399,0,0,0,0,0,0,0,0,0,0,100,0,0,0,0,0,0,0,0,0,0,89.399,0,10.601,0,0,0,0,0,0,0.98246,0.017544,0,0,1,0,0,0,0,1,0,0,0
0,0,13.453,20.731,5.8156,34.184,0,0,16.181,9.6343,0,10.366,13.273,0,2.9078,13.273,13.453,30.366,0,9.6343,6.7265,0,10.366,17.092,6.7265,0,0,23.819,10.366,5.8156,13.273,9.6343,2.9078,0,0,0,0,1,0,0,1,0,0,0,0,1,0,0,1
0,0,13.614,7.5753,15.258,34.985,0,0,20.037,8.5296,0,1.6685,4.6758,0,15.361,13.152,25.968,20.884,0,8.5296,8.0921,1.6685,4.2383,7.1907,8.0921,0,0,24.3,10.685,15.258,4.6758,10.198,15.361,0,0,0,0,1,0,0,1,0,0,0,0,1,0,0,1
0,0,0,0,0,85.288,14.712,0,0,0,0,12.736,0,0,0,0,57.517,15.035,0,0,0,14.712,27.448,0,0,0,0,57.517,0,15.035,0,0,0,0,0,0,0,1,0,0,1,0,0,0,0,1,0,0,0
0,0,0,0,0,94.817,5.183,0,0,0,0,47.408,0,0,0,0,42.225,5.183,0,0,0,5.183,52.592,0,0,0,0,42.225,0,5.183,0,0,0,0,0,0,0,1,0,0,1,0,0,0,0,1,0,0,0
0,0,0,0,0,86.394,13.606,0,0,0,0,13.606,0,0,0,0,59.181,13.606,0,0,0,13.606,27.213,0,0,0,0,59.181,0,13.606,0,0,0,0,0,0,0,1,0,0,1,0,0,0,0,1,0,0,0
0,0,0,0,0,52.291,47.709,0,0,0,0,4.5823,0,0,0,0,43.126,4.5823,0,0,0,47.709,52.291,0,0,0,0,43.126,0,4.5823,0,0,0,0,0,0,0,1,0,0,1,0,0,0,0,1,0,0,0
0,0,10.637,20.408,22.15,17.85,0,0,19.159,9.7961,0,10.204,11.383,0,7.7764,11.383,17.235,23.606,0,9.7961,2.0197,6.5976,3.6063,18.821,2.0197,0,0,14.243,3.6063,22.15,11.383,16.394,7.7764,0,0,0,0,1,0,0,1,0,0,0,0,1,0,0,1
0,0,0,0,0,100,0,0,0,0,0,0,0,0,0,0,100,0,0,0,0,0,0,0,0,0,0,100,0,0,0,0,0,0,0,0,0,1,0,0,1,0,0,0,0,1,0,0,0
0,0,0,0,0,100,0,0,0,0,0,0,0,0,0,0,100,0,0,0,0,0,0,0,0,0,0,100,0,0,0,0,0,0,0,0,0,1,0,0,1,0,0,0,0,1,0,0,0
0,0,0,0,0,100,0,0,0,0,0,0,0,0,0,0,100,0,0,0,0,0,0,0,0,0,0,100,0,0,0,0,0,0,0,0,0,1,0,0,1,0,0,0,0,1,0,0,0
0,0,0,0,0,100,0,0,0,0,0,0,0,0,0,0,100,0,0,0,0,0,0,0,0,0,0,100,0,0,0,0,0,0,0,0,0,1,0,0,1,0,0,0,0,1,0,0,0
0,0,0,0,0,100,0,0,0,0,0,0,0,0,0,0,100,0,0,0,0,0,0,0,0,0,0,100,0,0,0,0,0,0,0,0,0,1,0,0,1,0,0,0,0,1,0,0,0
0,0,0,0,0,100,0,0,0,0,0,0,0,0,0,0,100,0,0,0,0,0,0,0,0,0,0,100,0,0,0,0,0,0,0,0,0,1,0,0,1,0,0,0,0,1,0,0,0
0,0,0,0,0,100,0,0,0,0,0,0,0,0,0,0,100,0,0,0,0,0,0,0,0,0,0,100,0,0,0,0,0,0,0,0,0,1,0,0,1,0,0,0,0,1,0,0,0
0,0,0,0,0,100,0,0,0,0,0,0,0,0,0,0,100,0,0,0,0,0,0,0,0,0,0,100,0,0,0,0,0,0,0,0,0,1,0,0,1,0,0,0,0,1,0,0,0
0,0,0,0,0,100,0,0,0,0,0,0,0,0,0,0,100,0,0,0,0,0,0,0,0,0,0,100,0,0,0,0,0,0,0,0,0,1,0,0,1,0,0,0,0,1,0,0,0
0,0,0,0,0,74.128,12.936,12.936,0,0,0,0,0,0,0,37.064,25.872,37.064,0,0,0,0,12.936,0,0,12.936,0,74.128,0,0,0,0,0,0,0,0,0.92857,0.071429,0,0,1,0,0,0,0,1,0,0,0
0,0,0,0,0,71.196,12.563,16.241,0,0,0,0,0,0,0,20.712,46.322,32.966,0,0,0,0,10.356,5.8847,0,12.563,6.6781,64.518,0,0,0,0,0,0,0,0,0,1,0,0,1,0,0,0,0,1,0,0,0
0,0,0,0,0,100,0,0,0,0,0,0,0,0,0,0,100,0,0,0,0,0,0,0,0,0,0,86.071,13.929,0,0,0,0,0,0,0,0,1,0,0,1,0,0,0,0,1,0,0,0
0,0,0,0,0,74.897,0,25.103,0,0,0,0,0,0,0,50.205,16.598,33.197,0,0,0,0,25.103,0,0,0,0,74.897,0,0,0,0,0,0,0,0,0.93103,0.068966,0,0,1,0,0,0,0,1,0,0,0
0,0,0,0,0,79.853,10.074,10.074,0,0,0,0,0,0,0,29.975,20.147,49.877,0,0,0,0,10.074,0,0,10.074,39.803,40.049,0,0,0,0,0,0,0,0,0.039474,0.96053,0,0,1,0,0,0,0,1,0,0,0
0,0,0,0,0,80.092,12.72,7.1878,0,0,0,0,0,0,0,14.46,72.82,12.72,0,0,0,0,7.1878,0,0,12.72,12.805,54.483,12.805,0,0,0,0,0,0,0,0,1,0,0,1,0,0,0,0,1,0,0,0
0,0,0,0,0,88.513,11.487,0,0,0,0,0,0,0,0,0,88.513,11.487,0,0,0,0,0,0,0,11.487,11.487,50,13.513,13.513,0,0,0,0,0,0,0,1,0,0,1,0,0,0,0,1,0,0,0
0,0,0,0,0,93.545,6.4552,0,0,0,0,0,0,0,0,7.0775,56.911,36.012,0,0,0,0,0,0,0,6.4552,36.012,31.06,20.937,5.5359,0,0,0,0,0,0,0,1,0,0,1,0,0,0,0,1,0,0,0
0,0,0,7.2712,0,92.729,0,0,0,0,0,0,3.6356,3.6356,0,9.3185,79.775,0,0,0,0,3.6356,7.2712,0,0,0,9.3185,32.837,43.302,3.6356,3.6356,0,0,0,0,0,0,1,0,0,1,0,0,0,0,1,0,0,0
1.9987,14.142,15.518,1.2892,15.276,47.584,0.74487,0,3.0908,0,0.35675,2.0027,0,1.8016,1.1921,15.335,7.2218,40.718,0.51234,28.861,0,2.3554,16.935,18.264,13.689,0.51234,0.74487,3.1619,16.53,13.598,1.646,0,14.919,0.033898,0,0,0.66102,0.30508,0,0,1,0,0,0,0,1,0,0,1
12.452,12.36,13.208,12.965,2.6698,30.01,0.51589,0,4.3489,0,11.472,24.767,0,2.5256,22.799,2.4846,16.436,2.0126,0.70236,15.49,0,12.782,16.193,26.639,22.613,11.844,0.51589,2.4354,3.4642,11.803,2.1539,0,2.3391,0.032258,0,0,0.096774,0.87097,0,0,1,0,0,0,0,1,0,0,1
1.7971,4.6463,36.621,6.0457,7.0977,30.273,0,0,11.722,0,1.7971,14.292,0,13.922,3.5943,7.0977,12.455,8.5476,7.4337,15.993,7.4337,9.2309,16.368,35.194,6.4435,1.7971,0,0,20.981,4.6463,4.2485,0,10.322,0.0086957,0,0.034783,0.017391,0.93913,0,0,1,0,0,0,0,1,0,0,1
5.5531,3.7277,28.009,7.9887,8.1183,37.804,0,0,7,0,1.7991,10.214,0,15.828,7.3521,8.1441,29.408,9.5141,0,10.579,0,8.96,14.482,24.324,12.688,1.7991,0,10.889,15.705,3.7277,2.4614,7.4564,6.4672,0.15714,0.014286,0.014286,0.057143,0.75714,0,0,1,0,0,0,0,1,0,0,1
3.4703,12.406,26.372,3.4703,6.9894,36.555,0,0,5.953,0,4.7841,14.954,0,11.339,6.9405,8.3032,12.051,20.287,3.2602,18.082,0,4.7841,18.359,25.836,13.93,6.7305,0,1.3138,12.375,11.774,1.3138,0,8.3684,1,0,0,0,0,0,0,1,0,0,0,0,1,0,0,1
0,9.6596,40.771,5.8151,4.2186,22.669,6.9137,0,8.7224,0,1.2304,9.5358,0,8.561,0,15.189,11.537,9.6596,9.0763,8.7224,14.504,13.214,24.036,36.714,4.0572,9.6596,0,1.2304,10.549,2.4607,4.2186,0,7.0751,0.031746,0,0.015873,0.031746,0.92063,0,0,1,0,0,0,0,1,0,0,1
0,13.385,41.869,2.8776,0,23.451,8.3516,0,10.066,0,0,15.54,0,23.01,0,11.229,10.066,13.385,5.0331,5.0331,10.948,5.7552,29.206,33.958,2.8776,13.385,0,0,10.066,0,0,0,10.507,0,0,0,0.051724,0.94828,0,0,1,0,0,0,0,1,0,0,1
20,0,0,0,0,80,0,0,0,0,0,0,0,0,0,0,60,20,0,0,0,20,0,40,0,0,0,40,20,0,0,0,0,0,0,0,0,1,0,0,1,0,0,0,0,1,0,0,0
0,0,0,0,9.1615,90.839,0,0,0,0,0,0,0,0,0,24.019,51.962,24.019,0,0,0,0,0,0,0,0,0,90.839,9.1615,0,0,0,0,0,0,0,1,0,0,0,1,0,0,0,0,1,0,0,0
0,0,0,0,0,100,0,0,0,0,0,0,0,0,0,5.3688,55.369,39.262,0,0,0,0,0,0,0,0,23.843,52.313,23.843,0,0,0,0,0,0,0,0.5,0.5,0,0,1,0,0,0,0,1,0,0,0
0,0,0,0,15.102,84.898,0,0,0,0,0,0,0,0,0,15.102,56.598,28.299,0,0,0,0,0,0,0,0,0,71.701,28.299,0,0,0,0,0,0,0,1,0,0,0,1,0,0,0,0,1,0,0,0
0,0,0,0,15.19,84.81,0,0,0,0,0,0,0,0,0,15.19,48.995,35.815,0,0,0,0,0,0,0,0,0,58.281,41.719,0,0,0,0,0,0,0,1,0,0,0,1,0,0,0,0,1,0,0,0
0,0,0,0,0,100,0,0,0,0,0,0,0,0,0,29.521,34.31,36.169,0,0,0,0,0,0,0,0,47.606,40.958,11.437,0,0,0,0,0,0,0,0.078431,0.92157,0,0,1,0,0,0,0,1,0,0,0
0,0,0,0,0,100,0,0,0,0,0,0,0,0,0,0,100,0,0,0,0,0,0,0,0,0,0,50,25,25,0,0,0,0,0,0,0,1,0,0,1,0,0,0,0,1,0,0,0
0,0,0,0,8.6727,91.327,0,0,0,0,0,0,0,0,0,8.6727,69.01,22.317,0,0,0,0,0,0,0,0,0,91.327,8.6727,0,0,0,0,0,0,0,1,0,0,0,1,0,0,0,0,1,0,0,0
0,0,0,0,0,100,0,0,0,0,0,0,0,0,0,0,100,0,0,0,0,0,0,0,0,0,0,100,0,0,0,0,0,0,0,0,1,0,0,0,1,0,0,0,0,1,0,0,0
0,0,0,0,0,61.274,0,0,38.726,0,0,0,38.726,0,0,0,61.274,0,0,0,0,0,0,0,0,0,0,61.274,0,0,0,0,38.726,0,0,0,1,0,0,0,1,0,0,0,0,1,0,0,0
0,0,0,0,4.4853,84.007,0,0,11.508,0,0,0,11.508,4.4853,0,0,79.522,4.4853,0,0,0,0,0,0,0,0,0,84.007,0,4.4853,0,0,11.508,0,0,0,0,1,0,0,1,0,0,0,0,1,0,0,0
0,0,0,0,0,88.486,0,0,11.514,0,0,0,11.514,0,0,0,88.486,0,0,0,0,0,0,0,0,0,0,88.486,0,0,0,0,11.514,0,0,0,0,1,0,0,1,0,0,0,0,1,0,0,0
0,0,0,0,0,100,0,0,0,0,0,0,0,0,0,0,89.258,10.742,0,0,0,0,0,0,0,0,0,100,0,0,0,0,0,0,0,0,0,1,0,0,1,0,0,0,0,1,0,0,0
0,0,0,0,0,100,0,0,0,0,0,0,0,0,0,0,100,0,0,0,0,0,0,0,0,0,0,100,0,0,0,0,0,0,0,0,0,1,0,0,1,0,0,0,0,1,0,0,0
0,0,5.6559,17.793,16.022,31.873,0,0,23.474,5.1829,0,7.4544,9.8656,0,13.608,15.634,16.853,25.746,0,5.1829,2.8843,2.7717,7.567,10.226,2.8843,0,0,18.764,13.108,16.022,9.8656,7.9545,13.608,0,0,0,0,1,0,0,1,0,0,0,0,1,0,0,1
0,0,19.675,24.978,12.398,32.765,0,0,6.5452,3.6383,0,8.5911,3.9884,0,2.5568,19.58,26.835,18.775,0,3.6383,11.434,4.6028,11.784,16.832,11.434,0,0,26.22,6.5452,12.398,3.9884,8.2411,2.5568,0,0,0,0,1,0,0,1,0,0,0,0,1,0,0,1
0,0,4.8266,42.55,4.8266,47.797,0,0,0,0,0,4.8266,10.073,10.073,6.3752,10.073,32.477,4.8266,0,0,0,21.275,32.897,9.6533,0,0,10.073,17.577,0,14.9,10.073,4.8266,0,0,0,0,0,1,0,0,1,0,0,0,0,1,0,0,0
0,0,0,29.508,0,51.24,19.253,0,0,0,0,0,2.7441,17.76,4.5015,7.2456,45.487,0,0,15.016,0,7.2456,25.006,4.2366,15.016,0,7.2456,38.506,0,2.7441,2.7441,4.5015,0,0,0,0,0,1,0,0,1,0,0,0,0,1,0,0,0
0,0,14.347,19.21,21.604,21.38,0,0,14.516,8.9432,0,1.9436,8.2296,0,9.4313,29.44,14.347,12.83,0,8.9432,11.69,3.1454,14.121,4.6008,11.69,0,3.1454,16.291,1.9436,21.604,8.2296,12.089,6.286,0,0,0,0,1,0,0,1,0,0,0,0,1,0,0,0
0,0,0,25.842,0,45.227,28.931,0,0,0,0,0,12.712,3.5059,11.168,8.0589,37.169,0,0,16.218,0,11.168,17.783,12.712,16.218,0,8.0589,18.843,2.8065,2.8065,12.712,8.0589,0,0,0,0,0,1,0,0,1,0,0,0,0,1,0,0,0
0,0,0,26.264,0,54.119,19.617,0,0,0,0,0,6.7845,2.2436,10.889,2.2436,60.167,0,0,4.5408,0,13.132,26.264,15.076,4.5408,0,2.2436,42.847,0,2.2436,6.7845,0,0,0,0,0,0,1,0,0,1,0,0,0,0,1,0,0,0
0,0,0,25.69,0,59.582,14.727,0,0,0,0,0,10.042,15.648,0,10.042,48.62,0,0,5.6052,0,10.042,25.69,9.1223,5.6052,0,10.042,29.455,0,10.042,10.042,0,0,0,0,0,0,1,0,0,1,0,0,0,0,1,0,0,0
0,0,0,21.775,0,45.176,33.049,0,0,0,0,0,9.6478,13.754,4.0106,0,45.176,0,0,23.401,0,4.0106,21.775,9.6478,23.401,0,0,35.528,0,0,9.6478,0,0,0,0,0,0,1,0,0,1,0,0,0,0,1,0,0,0
0,0,0,0,0,100,0,0,0,0,0,0,0,0,0,0,100,0,0,0,0,0,0,0,0,0,0,100,0,0,0,0,0,0,0,0,0,1,0,0,1,0,0,0,0,1,0,0,0
0,0,0,0,0,100,0,0,0,0,0,0,0,0,0,0,100,0,0,0,0,0,0,0,0,0,0,100,0,0,0,0,0,0,0,0,0,1,0,0,1,0,0,0,0,1,0,0,0
0,0,0,0,0,100,0,0,0,0,0,0,0,0,0,0,100,0,0,0,0,0,0,0,0,0,0,100,0,0,0,0,0,0,0,0,0,1,0,0,1,0,0,0,0,1,0,0,0
0,0,0,0,0,100,0,0,0,0,0,0,0,0,0,0,100,0,0,0,0,0,0,0,0,0,0,100,0,0,0,0,0,0,0,0,0,1,0,0,1,0,0,0,0,1,0,0,0
0,0,0,0,0,100,0,0,0,0,0,0,0,0,0,0,100,0,0,0,0,0,0,0,0,0,0,100,0,0,0,0,0,0,0,0,0,1,0,0,1,0,0,0,0,1,0,0,0
0,0,0,0,0,100,0,0,0,0,0,0,0,0,0,0,100,0,0,0,0,0,0,0,0,0,0,100,0,0,0,0,0,0,0,0,0,1,0,0,1,0,0,0,0,1,0,0,0
0,0,0,0,0,100,0,0,0,0,0,0,0,0,0,0,100,0,0,0,0,0,0,0,0,0,0,100,0,0,0,0,0,0,0,0,0,1,0,0,1,0,0,0,0,1,0,0,0
0,0,0,0,0,100,0,0,0,0,0,0,0,0,0,0,100,0,0,0,0,0,0,0,0,0,0,100,0,0,0,0,0,0,0,0,0,1,0,0,1,0,0,0,0,1,0,0,0
0,0,0,0,0,100,0,0,0,0,0,0,0,0,0,0,100,0,0,0,0,0,0,0,0,0,0,100,0,0,0,0,0,0,0,0,0,1,0,0,1,0,0,0,0,1,0,0,0
0,0,0,0,4.4424,95.558,0,0,0,0,0,0,0,0,0,4.4424,91.115,0,0,0,4.4424,0,0,0,0,0,0,91.115,4.4424,0,4.4424,0,0,0,0,0,0,1,0,0,1,0,0,0,0,1,0,0,0
0,0,0,0,0,100,0,0,0,0,0,0,0,0,0,0,100,0,0,0,0,0,0,0,0,0,0,100,0,0,0,0,0,0,0,0,0,1,0,0,1,0,0,0,0,1,0,0,0
0,0,0,0,0,100,0,0,0,0,0,0,0,0,0,0,100,0,0,0,0,0,0,0,0,0,0,100,0,0,0,0,0,0,0,0,0,1,0,0,1,0,0,0,0,1,0,0,0
0,0,0,0,0,93.367,0,0,6.6327,0,0,0,0,6.6327,0,6.6327,86.735,0,0,0,0,0,0,6.6327,0,0,0,93.367,0,0,0,0,0,0,0,0,0,1,0,0,1,0,0,0,0,1,0,0,0
0,0,0,0,0,100,0,0,0,0,0,0,0,0,0,0,100,0,0,0,0,0,0,0,0,0,0,100,0,0,0,0,0,0,0,0,0,1,0,0,1,0,0,0,0,1,0,0,0
0,0,0,6.5979,0,86.804,6.5979,0,0,0,0,6.5979,6.5979,0,0,0,83.746,0,0,0,0,3.0577,6.5979,0,0,0,3.0577,77.631,3.0577,0,3.0577,6.5979,0,0,0,0,0,1,0,0,1,0,0,0,0,1,0,0,0
0,0,0,5.5297,5.5297,71.59,0,11.821,5.5297,0,0,0,0,5.5297,0,11.821,61.606,6.2908,0,0,11.821,2.9326,0,17.35,0,0,9.2235,56.502,2.9326,0,8.4623,5.5297,0,0,0,0,0,1,0,0,1,0,0,0,0,1,0,0,0
0,0,0,10.614,10.614,52.982,0,10.614,15.175,0,0,0,0,15.175,0,15.175,49.904,6.6835,0,0,10.614,2.448,0,25.789,0,0,2.448,45.638,2.448,0,13.062,10.614,0,0,0,0,0,1,0,0,1,0,0,0,0,1,0,0,0
0,0,0,2.8814,0,65.562,24.334,3.8653,3.3572,0,0,2.8814,6.4659,3.3572,0,10.807,54.474,3.8653,0,10.699,3.8653,3.5845,2.8814,7.2225,10.699,0,11.034,50.997,7.1149,0,3.5845,6.4659,0,0,0,0,0,1,0,0,1,0,0,0,0,1,0,0,0
0,0,0,0,0,90.347,0,9.6534,0,0,0,0,0,0,0,9.6534,71.04,9.6534,0,0,9.6534,0,0,9.6534,0,0,9.6534,80.693,0,0,0,0,0,0,0,0,0,1,0,0,1,0,0,0,0,1,0,0,0
0,0,0,3.5618,0,56.998,39.44,0,0,0,0,3.5618,7.5723,0,0,11.134,55.117,0,0,13.161,0,9.4537,3.5618,0,13.161,0,24.15,34.631,7.4706,0,9.4537,7.5723,0,0,0,0,0,1,0,0,1,0,0,0,0,1,0,0,0
0,0,0,4.9701,0,49.769,45.261,0,0,0,0,4.9701,15.043,0,0,10.073,45.638,0,0,10.073,0,14.204,4.9701,0,10.073,0,24.276,27.303,4.1311,0,14.204,15.043,0,0,0,0,0.020408,0.97959,0,0,1,0,0,0,0,1,0,0,0
0,0,0,0,0,100,0,0,0,0,0,0,0,0,0,0,89.381,10.619,0,0,0,0,0,0,0,0,0,100,0,0,0,0,0,0,0,0,0,1,0,0,1,0,0,0,0,1,0,0,0
0,18.358,10.975,2.5063,0,48.068,4.1058,0,15.987,0,0,15.852,0,9.3752,4.1058,32.096,18.479,0,0,0,15.08,5.0126,0,25.362,0,17.451,16.108,25.348,0,0,2.5063,4.1058,9.1184,0,0,0,0,1,0,0,1,0,0,0,0,1,0,0,0
0,0,0,0,0,100,0,0,0,0,0,0,0,0,0,0,88.643,11.357,0,0,0,0,0,0,0,0,0,100,0,0,0,0,0,0,0,0,0,1,0,0,1,0,0,0,0,1,0,0,0
0,15.167,9.15,0,0,51.366,5.5486,0,18.768,0,0,15.167,0,3.6014,15.167,22.37,28.996,0,0,0,14.699,0,0,22.37,0,11.097,3.6014,42.216,0,0,0,15.167,5.5486,0,0,0.016667,0,0.98333,0,0,1,0,0,0,0,1,0,0,0
0,25.547,6.5942,4.3904,0,34.735,6.5942,0,22.14,0,0,21.156,0,4.3904,13.359,25.547,13.579,0,0,0,13.188,8.7809,0,26.53,0,16.595,3.407,20.343,0,0,4.3904,13.359,15.375,0,0,0,0,1,0,0,1,0,0,0,0,1,0,0,0
0,15.417,7.4832,2.4357,2.212,48.873,4.4241,0,16.943,0,2.212,15.193,2.212,12.131,4.5886,30.383,20.926,0,0,0,9.6953,4.8714,0,29.074,0,8.1687,13.44,30.786,0,0,4.6477,4.5886,9.2955,0.39706,0,0.029412,0.058824,0.51471,0,0,1,0,0,0,0,1,0,0,1
0,0,0,0,0,100,0,0,0,0,0,0,0,0,0,0,100,0,0,0,0,0,0,0,0,0,0,100,0,0,0,0,0,0,0,0,0,1,0,0,1,0,0,0,0,1,0,0,0
2.3168,5.4125,0,0,0,89.954,0,0,2.3168,0,0,5.4125,0,0,0,7.7293,84.541,2.3168,0,0,0,0,0,0,0,7.7293,5.4125,84.541,0,0,0,2.3168,0,0,0,0,0,1,0,0,1,0,0,0,0,1,0,0,0
5.8148,0,0,0,0,88.37,0,0,5.8148,0,0,0,0,0,0,5.8148,88.37,5.8148,0,0,0,0,0,0,0,5.8148,0,88.37,0,0,0,5.8148,0,0,0,0,0,1,0,0,1,0,0,0,0,1,0,0,0
17.271,8.2435,6.4015,0,0,65.739,0,0,2.3453,0,0,4.0562,0,3.8217,5.5326,3.2528,61.917,8.7468,3.2528,5.298,0,4.1217,6.4015,9.6543,4.7292,13.71,5.298,56.085,0,1.7764,0,2.3453,0,0,0,0,0,1,0,0,1,0,0,0,0,1,0,0,0
7.63,8.2444,0,0,0,80.618,0,0,3.5078,0,0,0,0,0,0,7.63,80.618,3.5078,4.1222,0,0,4.1222,0,4.1222,4.1222,7.63,0,76.496,0,4.1222,0,3.5078,0,0,0,0,0,1,0,0,1,0,0,0,0,1,0,0,0
20.979,22.488,3.0329,0,0,43.513,1.1189,0,2.6372,6.231,0,7.9259,6.231,3.126,3.4829,9.3182,34.156,5.6702,9.1379,12.264,1.1189,7.569,3.0329,18.402,10.926,14.046,6.0329,37.573,0,1.1189,6.231,2.6372,0,0,0,0,0,1,0,0,1,0,0,0,0,1,0,0,0
39.207,19.038,0,3.0431,3.0431,25.761,0,0,9.9082,0,0,9.9082,0,6.0863,3.0431,12.951,19.674,0,42.25,6.0863,0,0,3.0431,12.951,12.809,32.484,3.0431,22.718,0,9.9082,0,3.0431,0,0,0,0,0.023256,0.97674,0,0,1,0,0,0,0,1,0,0,0
16.04,30.44,0,7.7682,10.237,28.109,4.9372,0,2.4686,0,0,2.4686,2.4686,25.141,7.7682,7.7682,17.239,0,16.673,18.005,2.4686,0,7.7682,10.237,20.341,20.84,10.237,17.872,0,4.9372,0,7.7682,0,0,0,0,0,1,0,0,1,0,0,0,0,1,0,0,0
4.0418,13.779,0,9.4909,13.84,42.408,12.399,0,4.0418,0,0,4.0418,6.1535,17.086,3.2457,7.2875,25.322,10.594,7.2875,12.737,6.2452,0,9.4909,13.533,9.3992,7.2875,3.2457,33.009,6.1535,8.4827,0,9.3992,0,0,0,0,0.64516,0.35484,0,0,1,0,0,0,0,1,0,0,0
0,9.8785,0,3.2928,10.34,55.348,14.094,0,7.0469,0,0,7.0469,7.0469,13.633,3.2928,3.2928,41.716,0,3.2928,13.633,7.0469,0,3.2928,10.34,10.34,3.2928,10.34,45.009,0,14.094,0,3.2928,0,0,0,0,0.33333,0.66667,0,0,1,0,0,0,0,1,0,0,0
0,0,0,33.333,0,33.333,33.333,0,0,0,0,0,0,0,0,0,33.333,0,0,33.333,33.333,0,33.333,33.333,0,0,0,33.333,0,0,0,0,0,0,0,0,0.26667,0.73333,0,0,1,0,0,0,0,1,0,0,0
17.13,23.445,8.4538,0,0,39.883,0,0,10.285,0.80285,0,0.80285,1.8211,10.94,2.4863,6.1668,29.158,18.739,4.3355,15.248,0,10.303,8.4538,14.61,8.8583,15.639,13.426,26.878,0,1.0463,0.80285,10.285,0,0,0,0,0.046512,0.95349,0,0,1,0,0,0,0,1,0,0,0
29.838,12.649,4.7734,0,0,46.304,1.8378,0,2.9843,1.6141,0,3.4032,1.6141,7.5458,6.3507,6.1757,37.144,7.7576,8.0135,15.559,1.8378,4.5984,4.7734,14.401,12.575,12.738,13.945,35.131,0,1.8378,1.6141,2.9843,0,0,0,0,0,1,0,0,1,0,0,0,0,1,0,0,0
0,0,0,0,0,100,0,0,0,0,0,0,0,0,0,0,100,0,0,0,0,0,0,0,0,0,0,100,0,0,0,0,0,0,0,0,0,1,0,0,1,0,0,0,0,1,0,0,0
0,0,0,0,0,100,0,0,0,0,0,0,0,0,0,0,100,0,0,0,0,0,0,0,0,0,0,100,0,0,0,0,0,0,0,0,0,1,0,0,1,0,0,0,0,1,0,0,0
0,0,0,0,0,100,0,0,0,0,0,0,0,0,0,0,100,0,0,0,0,0,0,0,0,0,0,100,0,0,0,0,0,0,0,0,0,1,0,0,1,0,0,0,0,1,0,0,0
0,0,0,0,0,100,0,0,0,0,0,0,0,0,0,0,100,0,0,0,0,0,0,0,0,0,0,100,0,0,0,0,0,0,0,0,0,1,0,0,1,0,0,0,0,1,0,0,0
0,0,0,2.3052,0,53.235,44.46,0,0,0,0,2.3052,9.1151,0,0,36.641,38.319,0,0,6.8099,0,6.8099,2.3052,0,6.8099,0,31.761,43.199,0,0,6.8099,9.1151,0,0,0,0,0.52632,0.47368,0,0,1,0,0,0,0,1,0,0,0
0,0,9.6656,25,25,9.6656,0,15.334,15.334,0,0,0,0,25,0,15.334,34.666,9.6656,0,0,15.334,0,0,40.334,0,0,0,9.6656,0,0,15.334,34.666,0,0,0,0,0.098039,0.90196,0,0,1,0,0,0,0,1,0,0,1
0,0,3.1584,3.1584,38.63,42.911,0,8.8128,3.3287,0,0,0,0,6.4871,0,29.877,25.116,29.707,0,0,8.8128,0,0,15.3,0,0,8.8128,34.099,0,0,17.736,24.053,0,0,0,0,0,1,0,0,1,0,0,0,0,1,0,0,1
0,0,0,14.172,0,55.696,30.131,0,0,0,0,14.172,3.9898,0,0,18.162,55.696,0,0,3.9898,0,3.9898,14.172,0,3.9898,0,44.111,29.747,0,0,3.9898,3.9898,0,0,0,0,0.86792,0.13208,0,0,1,0,0,0,0,1,0,0,0
0,0,0,5.2774,0,76.038,18.685,0,0,0,0,5.2774,0,0,0,32.092,62.63,0,0,0,0,0,5.2774,0,0,0,23.962,70.76,0,0,0,0,0,0,0,0,0.94643,0.053571,0,0,1,0,0,0,0,1,0,0,0
0,0,0,0,0,100,0,0,0,0,0,0,0,0,0,0,100,0,0,0,0,0,0,0,0,0,33.333,66.667,0,0,0,0,0,0,0,0,1,0,0,0,1,0,0,0,0,1,0,0,0
0,0,0,12.272,0,63.372,24.356,0,0,0,0,12.272,5.1359,0,0,15.937,57.384,0,0,7.6829,0,1.5875,12.272,0,7.6829,0,20.261,43.79,9.2704,0,1.5875,5.1359,0,0,0,0,0.04,0.96,0,0,1,0,0,0,0,1,0,0,0
0,0,22.432,4.2536,37.035,25.102,0,4.2536,4.2536,0,2.67,5.34,0,12.8,0,24.649,26.686,15.056,0,0,4.2536,11.216,0,19.723,11.216,0,0,11.216,11.216,5.34,21.979,19.309,0,0,0,0,0.045455,0.95455,0,0,1,0,0,0,0,1,0,0,1
0,16.444,10.649,2.5963,6.369,25.587,7.2634,3.8945,18.951,0,8.2461,16.444,2.8951,6.2802,7.899,22.635,7.7239,5.1926,2.5963,0,15.895,12.439,9.5443,24.653,1.2982,6.1403,12.649,13.342,0,0,1.2982,15.566,15.509,0.056604,0,0.018868,0.075472,0.84906,0,0,1,0,0,0,0,1,0,0,0
0,17.503,39.416,0.63685,0.3602,19.93,17.426,1.2807,2.0837,0.32542,1.0388,19.025,0,2.6091,0.31842,17.468,3.0305,18.381,1.6115,0.32542,34.899,2.3319,18.901,38.973,0.96926,16.782,1.011,0,2.4971,0,0.31842,1.6479,18.901,0.3,0,0.3,0.35,0.05,0,0,1,0,0,0,0,1,0,0,1
0,14.697,35.424,14.422,0.3931,17.272,14.166,0.76705,1.8167,0,1.0419,2.6107,0,16.647,0.25568,28.214,2.7047,14.933,2.0482,0,1.9299,30.656,43.942,20.857,14.166,13.911,0.3931,0,3.3613,0,0.25568,0.90446,2.2098,0,0.029412,0,0.029412,0.94118,0,0,1,0,0,0,0,1,0,0,1
0,5.0501,10.142,5.5099,10.21,14.542,3.2069,12.182,20.903,3.5589,14.694,0,0,2.1483,10.008,1.8078,23.059,15.58,14.232,11.924,5.857,15.383,10.293,13.84,7.3532,0.90389,13.639,0,5.857,0,23.87,17.791,6.4541,0.043478,0,0.021739,0.021739,0.91304,0,0,1,0,0,0,0,1,0,0,1
0,11.067,12.458,2.1292,9.847,18.515,5.504,5.086,22.6,5.0238,7.77,4.1307,0,6.4696,6.6972,9.5783,22.134,8.9025,7.9241,12.024,6.2067,15.934,7.8025,14.996,12.28,2.3697,16.24,0,2.8551,0,17.457,17.102,8.8983,0.6,0,0.026667,0.10667,0.26667,0,0,1,0,0,0,0,1,0,0,1
0,7.5575,16.085,2.0993,5.9065,23.031,3.7401,11.711,20.257,2.6904,6.9216,0,0,5.3638,8.6071,2.6904,26.771,13.783,9.5533,14.469,4.3244,14.437,3.6469,21.459,13.988,0,23.031,0,4.3244,0,13.284,14.934,5.3324,0,0,0,0,1,0,0,1,0,0,0,0,1,0,0,1
0,1.4724,17.907,5.1523,11.862,12.322,4.2625,11.861,16.745,5.5889,12.827,0,0,5.7437,7.951,1.6864,24.389,21.079,14.086,12.092,5.3749,7.5981,6.1258,21.955,7.4213,0,12.322,0,5.3749,0,20.288,21.361,5.1523,0,0,0,0.1,0.9,0,0,1,0,0,0,0,1,0,0,1
0,18.233,0,1.7589,11.83,24.553,13.562,0,10.875,0,19.188,20.947,13.705,10.848,0,10.875,13.562,0,0,0,11.83,18.233,14.715,9.7494,4.6163,9.089,7.3576,9.089,0,0,6.2316,11.974,27.178,0,0,0,0,1,0,0,1,0,0,0,0,1,0,0,0
0,0,0,0,27.607,72.393,0,0,0,0,0,0,0,0,0,27.607,44.787,27.607,0,0,0,0,0,0,0,0,0,57.506,42.494,0,0,0,0,0,0,0,1,0,0,0,1,0,0,0,0,1,0,0,0
0,18.825,8.2399,6.6088,11.996,20.616,18.978,3.4392,7.8627,0,3.4344,16.797,11.996,6.604,1.1464,10.648,15.431,8.1323,2.2928,0,6.3195,20.633,8.9015,28.207,2.6774,5.8347,9.7084,2.288,0,0,6.2194,12.001,24.163,0,0,0,0,1,0,0,1,0,0,0,0,1,0,0,0
0,13.468,6.256,0,9.4849,38.077,22.687,0,5.9974,0,4.0294,11.195,27.666,12.99,1.9683,10.285,16.431,2.2733,2.0144,0,5.9513,9.2263,4.0294,11.712,15.522,19.2,7.2116,8.9611,0,0,2.0144,20.155,11.195,0.28571,0,0.02381,0.19048,0.5,0,0,1,0,0,0,0,1,0,0,0
0,7.4293,6.9154,0,15.223,28.555,29.932,0,4.151,0,7.7938,12.459,17.988,16.096,0,11.066,23.017,2.7644,4.151,0,7.7938,4.665,0,17.988,9.6798,18.86,4.665,7.7938,0,0,11.945,8.816,20.253,0.025641,0,0.076923,0.35897,0.53846,0,0,1,0,0,0,0,1,0,0,1
0,6.2808,10.88,10.722,1.7356,39.15,13.816,0,15.68,0,1.7356,1.7356,8.0694,21.48,1.4805,17.318,7.3784,18.842,21.961,0,1.7356,0,0,3.2162,18.106,19.999,0,10.443,6.2808,0,17.415,21.068,3.4712,0,0,0,0.70588,0.29412,0,0,1,0,0,0,0,1,0,0,1
0,12.171,13.031,8.9276,10.886,22.235,25.967,0,5.0125,0,1.7705,1.7705,30.349,7.9228,1.9576,11.073,18.809,18.28,8.0674,0,1.7705,0,0,21.959,27.439,15.081,0,9.0202,3.0549,0,6.7829,13.122,3.5409,0,0.011111,0,0.44444,0.54444,0,0,1,0,0,0,0,1,0,0,1
0,7.4158,15.378,1.635,7.486,22.004,4.1732,12.021,12.574,5.665,11.648,0,0,5.0198,10.543,3.3557,30.796,9.9539,6.8117,14.745,8.5217,10.254,1.635,22.408,14.945,0,22.004,0,8.5217,0,11.816,15.832,2.8384,0,0,0,0,1,0,0,1,0,0,0,0,1,0,0,0
0,1.3579,10.356,1.1941,13.594,17.104,2.5311,8.3601,23.894,6.7483,14.86,0,0,4.5423,6.7692,1.9341,29.264,14.173,14.609,15.349,4.8142,8.5448,5.8289,10.953,5.8232,0,17.104,0,4.8142,0,29.633,23.292,2.552,0.2,0,0.05,0.3,0.45,0,0,1,0,0,0,0,1,0,0,1
0,8.1207,5.6285,1.9077,12.397,17.31,2.2931,9.1238,24.584,5.1453,13.489,0,0,1.3393,12.881,1.3393,27.215,6.7423,12.087,14.854,7.1414,16.401,3.4953,9.9177,11.753,0,17.31,0,7.1414,0,25.118,18.571,6.693,0,0,0,0.058824,0.94118,0,0,1,0,0,0,0,1,0,0,1
12.374,26.188,8.8204,0,0,43.219,0.76173,0,6.8967,1.7399,0,4.3682,4.4843,6.1921,2.6283,3.6113,38.032,15.717,3.6684,11.438,0.76173,9.0988,8.8204,16.973,9.1572,17.804,6.9538,29.726,0,1.9285,1.7399,6.8967,0,0,0,0,0.34615,0.65385,0,0,1,0,0,0,0,1,0,0,0
5.9429,12.933,0,14.6,0,45.981,17.048,0,0,3.4951,0,3.4951,3.4951,14.6,0,3.4951,27.886,14.6,20.543,5.9429,2.4478,3.4951,0,9.438,5.9429,3.4951,17.048,28.934,0,17.048,3.4951,14.6,0,0,0,0,0,1,0,0,1,0,0,0,0,1,0,0,1
0,10.537,9.6611,16.341,0,21.075,23.804,0,6.6795,11.902,0,5.7923,13.519,1.9344,1.9344,1.9344,7.7267,20.028,23.327,0,11.902,11.902,0,7.7267,18.582,0,11.902,4.7451,10.537,11.585,18.582,16.341,0,0,0,0,0.023256,0.97674,0,0,1,0,0,0,0,1,0,0,1
0,10.343,18.854,17.114,6.3322,22.073,19.69,0,5.5932,0,0,4.0106,23.603,12.619,2.9177,14.601,17.611,14.693,9.9438,0,0,0,0,19.593,18.258,11.683,4.3506,4.3506,4.0106,12.372,5.5932,19.79,0,0,0,0,0.17647,0.82353,0,0,1,0,0,0,0,1,0,0,1
0,22.387,10.812,13.067,2.2678,31.344,9.8352,0,10.287,0,0,9.1884,19.664,7.9042,3.249,7.4773,10.902,24.201,14.165,0,0,3.249,0,10.475,14.822,10.726,2.6947,7.1277,10.372,17.823,7.0377,18.921,0,0,0,0,0.33333,0.66667,0,0,1,0,0,0,0,1,0,0,1
22.63,17.967,2.2979,0,0,44.959,8.1015,0,1.1845,2.8603,0,1.1134,1.2741,3.4672,3.3961,7.6172,42.766,3.4824,12.858,9.4049,5.2412,9.3794,2.2979,13.57,17.689,12.303,10.991,31.389,0,7.7154,2.8603,1.1845,0,0,0,0,0.77143,0.22857,0,0,1,0,0,0,0,1,0,0,0
16.035,19.597,0,0,0,50.619,6.565,0,0,7.1838,0,3.9013,6.2782,1.6375,1.6375,7.1084,47.457,0,10.391,9.5533,3.2825,8.7534,0,13.387,16.782,9.4854,6.5575,45.035,0,1.5697,7.1838,0,0,0,0,0,0,1,0,0,1,0,0,0,0,1,0,0,0
0,15.432,16.254,26.219,0,23.222,6.6153,0,12.258,0,0,2.3929,10.52,11.485,7.2623,4.8694,11.485,24.86,21.476,0,0,5.6503,0,11.384,12.258,5.6503,6.6153,11.611,4.9957,9.0081,9.8652,28.612,0,0,0,0,0.17073,0.82927,0,0,1,0,0,0,0,1,0,0,1
0,30.732,9.9465,13.378,0,42.511,0,0,3.4318,0,0,3.0829,23.422,3.4318,3.4318,3.4318,42.86,3.0829,3.4318,0,0,13.825,0,6.5147,17.257,13.825,0,36.345,3.0829,6.1658,3.4318,13.378,0,0,0,0,0.75385,0.24615,0,0,1,0,0,0,0,1,0,0,0
0,7.7304,27.338,2.6788,0,62.253,0,0,0,0,0,2.6788,7.8834,0,0,0,59.574,27.338,0,0,0,2.5258,0,27.338,2.5258,2.5258,0,56.895,2.6788,5.3576,0,2.6788,0,0,0,0,0.80645,0.19355,0,0,1,0,0,0,0,1,0,0,0
0,31.286,13.943,0,0,45.715,0,0,9.0553,0,0,9.0553,13.176,0,9.0553,0,45.715,9.8225,0,0,0,13.176,0,13.943,9.0553,13.176,0,45.715,0,9.0553,0,9.0553,0,0,0,0,0,1,0,0,1,0,0,0,0,1,0,0,0
0,0,0,0,0,100,0,0,0,0,0,0,0,0,0,0,91.618,8.3824,0,0,0,0,0,0,0,0,0,91.618,8.3824,0,0,0,0,0,0,0,0.88889,0.11111,0,0,1,0,0,0,0,1,0,0,0
0,0,0,0,0,93.378,0,0,6.6217,0,0,0,6.6217,0,0,0,93.378,0,0,0,0,0,0,0,0,0,0,93.378,0,0,0,0,6.6217,0,0,0,0.95161,0.048387,0,0,1,0,0,0,0,1,0,0,0
23.923,33.884,0,3.3204,3.3204,23.453,0,0,12.1,0,0,4.9891,0,18.463,10.431,8.3095,28.634,0,15.42,6.6408,7.1109,0,3.3204,8.3095,22.254,27.243,3.3204,20.132,0,4.9891,0,10.431,0,0,0,0,0.37037,0.62963,0,0,1,0,0,0,0,1,0,0,0
24.737,17.032,0,2.3174,4.7499,24.758,9.6449,0,16.76,0,0,12.678,4.7499,7.5995,4.0822,10.1,22.858,2.1724,21.888,4.895,8.9771,0,2.3174,14.995,14.25,22.169,2.5775,20.008,2.1724,15.255,0,6.2546,0,0,0,0,0.66038,0.33962,0,0,1,0,0,0,0,1,0,0,0
0,0,0,0,12.48,58.486,18.146,0,10.888,0,0,5.6662,17.702,12.48,0,0,46.007,6.8134,0,5.6662,5.6662,0,0,5.6662,12.48,0,5.6662,46.007,6.8134,11.332,0,6.8134,5.2221,0,0,0,0,1,0,0,1,0,0,0,0,1,0,0,0
0,0,0,0,6.0592,88.48,0,0,5.4609,0,0,0,5.4609,6.0592,0,0,82.421,6.0592,0,0,0,0,0,0,0,0,0,75.591,12.889,6.0592,0,0,5.4609,0,0,0,0,1,0,0,1,0,0,0,0,1,0,0,0
0,9.3732,0,3.1244,16.252,50.167,14.056,0,7.0281,0,0,7.0281,7.0281,19.376,3.1244,3.1244,30.791,6.099,3.1244,13.277,7.0281,0,3.1244,10.152,10.152,3.1244,10.152,30.718,9.2963,20.155,0,3.1244,0,0,0,0,0.31579,0.68421,0,0,1,0,0,0,0,1,0,0,0
0,0,0,0,11.339,77.321,11.339,0,0,0,0,0,11.339,11.339,0,0,65.982,11.339,0,0,0,0,0,0,11.339,0,0,65.982,11.339,0,0,11.339,0,0,0,0,0.3578,0.6422,0,0,1,0,0,0,0,1,0,0,0
0,43.918,0,0,0,56.082,0,0,0,0,0,12.164,15.877,0,0,0,43.918,0,0,0,12.164,15.877,0,12.164,15.877,28.041,0,43.918,0,0,0,0,0,0,0,0,0.71698,0.28302,0,0,1,0,0,0,0,1,0,0,0
0,14.739,0,0,0,85.261,0,0,0,0,0,33.333,0,0,0,18.594,14.739,18.594,0,0,14.739,0,0,14.739,0,14.739,0,51.928,0,0,0,18.594,0,0,0,0,0.44697,0.55303,0,0,1,0,0,0,0,1,0,0,0
0,0,0,0,0,100,0,0,0,0,0,11.407,0,0,0,11.407,65.778,11.407,0,0,0,0,0,0,0,0,0,88.593,0,0,0,11.407,0,0,0,0,0,1,0,0,1,0,0,0,0,1,0,0,0
0,0,0,0,0,100,0,0,0,0,0,0,0,0,0,7.4476,83.61,8.9424,0,0,0,0,0,0,0,0,0,100,0,0,0,0,0,0,0,0,0,1,0,0,1,0,0,0,0,1,0,0,0
0,0,0,0,0,100,0,0,0,0,0,46.415,0,0,0,8.3767,35.723,9.485,0,0,0,0,0,0,0,23.207,0,53.585,0,0,0,23.207,0,0,0,0,0.028986,0.97101,0,0,1,0,0,0,0,1,0,0,0
0,0,0,0,0,100,0,0,0,0,0,11.745,0,0,0,11.745,64.766,11.745,0,0,0,0,0,0,0,0,0,88.255,0,0,0,11.745,0,0,0,0,0,1,0,0,1,0,0,0,0,1,0,0,0
20.271,15.044,0,5.0148,5.0148,45.188,0,0,9.4671,0,0,0,0,10.03,5.0148,23.949,16.224,0,25.286,10.03,9.4671,0,5.0148,5.0148,11.772,18.529,5.0148,21.239,18.934,0,0,14.482,0,0,0,0,0,1,0,0,1,0,0,0,0,1,0,0,0
10.674,10.674,0,0,0,67.977,0,0,10.674,0,0,0,0,0,10.674,13.24,54.737,0,10.674,0,10.674,0,0,0,10.674,10.674,0,51.556,16.42,0,0,10.674,0,0,0,0,0.23077,0.76923,0,0,1,0,0,0,0,1,0,0,0
0,0,0,0,0,87.941,0,0,12.059,0,0,0,0,0,0,37.059,50.882,0,0,0,12.059,0,0,0,0,0,0,50.882,37.059,0,0,12.059,0,0,0,0,0.32468,0.67532,0,0,1,0,0,0,0,1,0,0,0
0,0,0,0,0,94.419,0,0,5.5811,0,0,0,0,0,0,25.051,69.368,0,0,0,5.5811,0,0,0,0,0,0,69.368,25.051,0,0,5.5811,0,0,0,0,0.1875,0.8125,0,0,1,0,0,0,0,1,0,0,0
0,0,0,0,0,96.407,0,0,3.5928,0,0,0,0,0,0,24.066,72.341,0,0,0,3.5928,0,0,0,0,0,0,79.267,17.14,0,0,3.5928,0,0,0,0,0.22917,0.77083,0,0,1,0,0,0,0,1,0,0,0
0,61.459,0,0,0,33.355,0,0,5.1865,0,0,10.38,25.539,0,5.1865,0,28.161,0,0,0,25.546,5.1865,0,25.546,25.539,10.38,0,28.161,0,5.1865,0,5.1865,0,0,0,0,0,1,0,0,1,0,0,0,0,1,0,0,0
0,48.806,0,0,0,51.194,0,0,0,0,0,39,24.403,0,0,0,12.194,0,0,0,18.306,6.0972,0,18.306,24.403,25.597,0,12.194,0,0,0,19.5,0,0,0,0,0,1,0,0,1,0,0,0,0,1,0,0,0
0,23.557,0,0,0,76.443,0,0,0,0,0,0,11.779,0,0,0,76.443,0,0,0,0,11.779,0,0,11.779,11.779,0,76.443,0,0,0,0,0,0,0,0,0,1,0,0,1,0,0,0,0,1,0,0,0
0,0,0,0,0,100,0,0,0,0,0,0,0,0,0,0,100,0,0,0,0,0,0,0,0,0,0,100,0,0,0,0,0,0,0,0,0,1,0,0,1,0,0,0,0,1,0,0,0
0,0,0,0,0,100,0,0,0,0,0,0,0,0,0,0,100,0,0,0,0,0,0,0,0,0,0,100,0,0,0,0,0,0,0,0,0,1,0,0,1,0,0,0,0,1,0,0,0
0,0,0,0,0,100,0,0,0,0,0,0,0,0,0,7.4886,92.511,0,0,0,0,0,0,0,0,0,0,100,0,0,0,0,0,0,0,0,0,1,0,0,1,0,0,0,0,1,0,0,0
0,0,0,0,0,100,0,0,0,0,0,0,0,0,0,0,100,0,0,0,0,0,0,0,0,0,0,100,0,0,0,0,0,0,0,0,0,1,0,0,1,0,0,0,0,1,0,0,0
0,0,0,0,0,100,0,0,0,0,0,0,0,0,0,0,100,0,0,0,0,0,0,0,0,0,0,100,0,0,0,0,0,0,0,0,0,1,0,0,1,0,0,0,0,1,0,0,0
0,0,0,0,0,100,0,0,0,0,0,0,0,0,0,0,100,0,0,0,0,0,0,0,0,0,0,100,0,0,0,0,0,0,0,0,0,1,0,0,1,0,0,0,0,1,0,0,0
0,0,0,0,0,100,0,0,0,0,0,0,0,0,0,0,100,0,0,0,0,0,0,0,0,0,0,100,0,0,0,0,0,0,0,0,0,1,0,0,1,0,0,0,0,1,0,0,0
0,0,0,0,0,100,0,0,0,0,0,0,0,0,0,0,100,0,0,0,0,0,0,0,0,0,0,100,0,0,0,0,0,0,0,0,0,1,0,0,1,0,0,0,0,1,0,0,0
0,0,0,0,0,100,0,0,0,0,0,0,0,0,0,0,100,0,0,0,0,0,0,0,0,0,0,100,0,0,0,0,0,0,0,0,0,1,0,0,1,0,0,0,0,1,0,0,0
0,0,0,0,0,100,0,0,0,0,0,0,0,0,0,0,100,0,0,0,0,0,0,0,0,0,0,100,0,0,0,0,0,0,0,0,0,1,0,0,1,0,0,0,0,1,0,0,0
0,0,0,0,0,100,0,0,0,0,0,0,0,0,0,0,100,0,0,0,0,0,0,0,0,0,0,100,0,0,0,0,0,0,0,0,0,1,0,0,1,0,0,0,0,1,0,0,0
0,0,0,0,0,100,0,0,0,0,0,0,0,0,0,0,100,0,0,0,0,0,0,0,0,0,0,100,0,0,0,0,0,0,0,0,0,1,0,0,1,0,0,0,0,1,0,0,0
0,0,0,0,0,100,0,0,0,0,0,0,0,0,0,0,100,0,0,0,0,0,0,0,0,0,0,100,0,0,0,0,0,0,0,0,0,1,0,0,1,0,0,0,0,1,0,0,0
41.815,6.2856,6.9814,0,0,43.339,0,0,0.87446,0.70533,0,7.6868,2.108,4.8374,11.819,7.0993,39.199,7.8559,6.2249,11.783,0,1.3875,6.9814,15.314,13.868,22.465,9.6749,29.435,0,0.68212,0.70534,0.87446,0,0,0,0,0.95833,0.041667,0,0,1,0,0,0,0,1,0,0,0
3.5168,3.5168,0,0,0,89.45,3.5168,0,0,0,0,0,0,0,0,0,89.45,0,3.5168,3.5168,3.5168,0,0,3.5168,3.5168,0,3.5168,85.933,0,3.5168,0,0,0,0,0,0,0,1,0,0,1,0,0,0,0,1,0,0,0
6.9137,11.483,0,0,0,79.259,2.3446,0,0,0,0,0,4.5691,0,0,0,83.828,0,2.3446,6.9137,2.3446,0,0,6.9137,11.483,4.5691,2.3446,72.345,0,2.3446,0,0,0,0,0,0,0,1,0,0,1,0,0,0,0,1,0,0,0
0,0,0,0,0,100,0,0,0,0,0,0,0,0,0,0,100,0,0,0,0,0,0,0,0,0,0,100,0,0,0,0,0,0,0,0,0,1,0,0,1,0,0,0,0,1,0,0,0
0,28.852,44.959,0,0,26.19,0,0,0,0,0,0,25.665,0,0,0,26.19,22.479,0,0,0,25.665,0,44.959,3.1861,25.665,0,26.19,0,0,0,0,0,0,0,0,0,1,0,0,1,0,0,0,0,1,0,0,0
0,13.281,10.495,0,0,76.224,0,0,0,0,0,0,6.6406,0,0,0,76.224,10.495,0,0,0,6.6406,0,10.495,6.6406,6.6406,0,76.224,0,0,0,0,0,0,0,0,0,1,0,0,1,0,0,0,0,1,0,0,0
0,0,0,0,0,100,0,0,0,0,0,0,0,0,0,0,100,0,0,0,0,0,0,0,0,0,0,100,0,0,0,0,0,0,0,0,0,1,0,0,1,0,0,0,0,1,0,0,0
0,0,0,0,0,87.813,0,0,12.187,0,0,0,0,0,0,0,87.813,12.187,0,0,0,0,0,0,0,0,0,87.813,0,0,0,0,12.187,0,0,0,0,1,0,0,1,0,0,0,0,1,0,0,0
0,0,0,0,0,100,0,0,0,0,0,0,0,0,0,0,100,0,0,0,0,0,0,0,0,0,0,100,0,0,0,0,0,0,0,0,0,1,0,0,1,0,0,0,0,1,0,0,0
0,0,8.7132,0,0,64.514,0,0,8.7132,18.06,0,26.773,0,0,0,0,46.453,26.773,0,0,0,0,0,0,0,0,8.7132,55.167,9.347,0,0,18.06,8.7132,0,0,0,0,1,0,0,1,0,0,0,0,1,0,0,0
0,0,11.347,0,0,65.959,0,0,11.347,11.347,0,22.694,0,0,0,0,54.612,22.694,0,0,0,0,0,0,0,0,11.347,65.959,0,0,0,11.347,11.347,0,0,0,0.28571,0.71429,0,0,1,0,0,0,0,1,0,0,0
0,0,0,0,0,100,0,0,0,0,0,0,0,0,0,18.265,62.414,19.322,0,0,0,0,0,0,0,0,0,93.437,6.5626,0,0,0,0,0,0,0,0.2619,0.7381,0,0,1,0,0,0,0,1,0,0,0
0,0,9.6295,0,0,74.102,0,0,11.414,4.8546,0,14.484,0,0,0,0,46.077,39.439,0,0,0,0,0,0,0,0,9.6295,59.618,14.484,0,0,4.8546,11.414,0,0,0,0.096154,0.90385,0,0,1,0,0,0,0,1,0,0,0
0,0,0,0,0,100,0,0,0,0,0,0,0,0,0,0,100,0,0,0,0,0,0,0,0,0,0,100,0,0,0,0,0,0,0,0,0,1,0,0,1,0,0,0,0,1,0,0,0
0,0,0,0,0,100,0,0,0,0,0,0,0,0,0,0,100,0,0,0,0,0,0,0,0,0,0,100,0,0,0,0,0,0,0,0,0,1,0,0,1,0,0,0,0,1,0,0,0
0,0,0,0,0,100,0,0,0,0,0,0,0,0,0,0,100,0,0,0,0,0,0,0,0,0,0,100,0,0,0,0,0,0,0,0,0,1,0,0,1,0,0,0,0,1,0,0,0
0,0,0,0,0,100,0,0,0,0,0,0,0,0,0,0,100,0,0,0,0,0,0,0,0,0,0,100,0,0,0,0,0,0,0,0,0,1,0,0,1,0,0,0,0,1,0,0,0
0,0,0,0,0,100,0,0,0,0,0,0,0,0,0,0,100,0,0,0,0,0,0,0,0,0,0,100,0,0,0,0,0,0,0,0,0,1,0,0,1,0,0,0,0,1,0,0,0
0,0,0,0,0,100,0,0,0,0,0,0,0,0,0,0,100,0,0,0,0,0,0,0,0,0,0,100,0,0,0,0,0,0,0,0,0,1,0,0,1,0,0,0,0,1,0,0,0
0,0,0,0,0,100,0,0,0,0,0,0,0,0,0,0,100,0,0,0,0,0,0,0,0,0,0,100,0,0,0,0,0,0,0,0,0,1,0,0,1,0,0,0,0,1,0,0,0
0,0,0,0,0,100,0,0,0,0,0,0,0,0,0,0,100,0,0,0,0,0,0,0,0,0,0,100,0,0,0,0,0,0,0,0,0,1,0,0,1,0,0,0,0,1,0,0,0
0,0,0,0,0,92.689,0,0,0,7.311,0,7.311,0,0,0,0,85.378,7.311,0,0,0,0,0,0,0,0,0,85.378,7.311,0,0,7.311,0,0,0,0,0,1,0,0,1,0,0,0,0,1,0,0,0
0,0,23.176,0,0,58.972,0,0,13.904,3.9477,0,27.124,0,0,0,0,35.795,37.081,0,0,0,0,0,0,0,0,23.176,39.743,19.229,0,0,3.9477,13.904,0,0,0,0,1,0,0,1,0,0,0,0,1,0,0,0
0,0,7.2346,0,0,60.531,0,0,7.2346,25,0,32.235,0,0,0,0,35.531,32.235,0,0,0,0,0,0,0,0,7.2346,42.765,17.765,0,0,25,7.2346,0,0,0,0.088889,0.91111,0,0,1,0,0,0,0,1,0,0,0
0,0,0,0,0,100,0,0,0,0,0,0,0,0,0,0,100,0,0,0,0,0,0,0,0,0,0,100,0,0,0,0,0,0,0,0,0,1,0,0,1,0,0,0,0,1,0,0,0
0,0,0,0,0,100,0,0,0,0,0,0,0,0,0,0,100,0,0,0,0,0,0,0,0,0,0,100,0,0,0,0,0,0,0,0,0,1,0,0,1,0,0,0,0,1,0,0,0
0,0,0,0,0,100,0,0,0,0,0,0,0,0,0,0,100,0,0,0,0,0,0,0,0,0,0,100,0,0,0,0,0,0,0,0,0,1,0,0,1,0,0,0,0,1,0,0,0
0,0,0,0,0,100,0,0,0,0,0,0,0,0,0,0,100,0,0,0,0,0,0,0,0,0,0,100,0,0,0,0,0,0,0,0,0,1,0,0,1,0,0,0,0,1,0,0,0
0,0,0,0,0,100,0,0,0,0,0,0,0,0,0,0,100,0,0,0,0,0,0,0,0,0,0,100,0,0,0,0,0,0,0,0,0,1,0,0,1,0,0,0,0,1,0,0,0
