h1,h2,h3,h4,h5,h6,h7,h8,h9,h10,h11,h12,h13,h14,h15,h16,h17,h18,h19,h20,h21,h22,h23,h24,h25,h26,h27,h28,h29,h30,h31,h32,h33,h34,h35,h36,h37,h38,h39,h40,h41,h42,h43,h44,h45,h46,h47,h48,label
0,0,0,0,0,100,0,0,0,0,0,0,0,0,0,0,100,0,0,0,0,0,0,0,0,0,0,100,0,0,0,0,0,0,0,0,0,1,0,0,1,0,0,0,0,1,0,0,0
0,0,0,0,0,100,0,0,0,0,0,0,0,0,0,0,100,0,0,0,0,0,0,0,0,0,0,100,0,0,0,0,0,0,0,0,0,1,0,0,1,0,0,0,0,1,0,0,0
0,0,0,0,0,100,0,0,0,0,0,0,0,0,0,0,100,0,0,0,0,0,0,0,0,0,0,100,0,0,0,0,0,0,0,0,0,1,0,0,1,0,0,0,0,1,0,0,0
0,0,0,0,0,100,0,0,0,0,0,0,0,0,0,0,100,0,0,0,0,0,0,0,0,0,0,100,0,0,0,0,0,0,0,0.011765,0,0.98824,0,0,1,0,0,0,0,1,0,0,0
0,0,0,0,0,100,0,0,0,0,0,0,0,0,0,0,100,0,0,0,0,0,0,0,0,0,0,100,0,0,0,0,0,0,0,0,0,1,0,0,1,0,0,0,0,1,0,0,0
0,0,0,0,0,100,0,0,0,0,0,0,0,0,0,0,100,0,0,0,0,0,0,0,0,0,0,100,0,0,0,0,0,0,0,0,0,1,0,0,1,0,0,0,0,1,0,0,0
0,0,0,0,0,100,0,0,0,0,0,0,0,0,0,0,100,0,0,0,0,0,0,0,0,0,0,100,0,0,0,0,0,0,0,0,0,1,0,0,1,0,0,0,0,1,0,0,0
0,0,0,0,0,100,0,0,0,0,0,0,0,0,0,0,100,0,0,0,0,0,0,0,0,0,0,100,0,0,0,0,0,0,0,0,0,1,0,0,1,0,0,0,0,1,0,0,0
0,0,0,0,0,100,0,0,0,0,0,0,0,0,0,0,100,0,0,0,0,0,0,0,0,0,0,100,0,0,0,0,0,0,0,0.014085,0.16901,0.8169,0,0,1,0,0,0,0,1,0,0,0
0,0,0,0,0,100,0,0,0,0,0,0,0,0,0,0,100,0,0,0,0,0,0,0,0,0,0,100,0,0,0,0,0,0,0,0,0,1,0,0,1,0,0,0,0,1,0,0,0
0,0,0,0,0,100,0,0,0,0,0,0,0,0,0,0,100,0,0,0,0,0,0,0,0,0,0,100,0,0,0,0,0,0,0,0,0,1,0,0,1,0,0,0,0,1,0,0,0
0,0,0,0,0,100,0,0,0,0,0,0,0,0,0,0,100,0,0,0,0,0,0,0,0,0,0,100,0,0,0,0,0,0,0,0,0,1,0,0,1,0,0,0,0,1,0,0,0
0,0,0,0,0,100,0,0,0,0,0,0,0,0,0,0,100,0,0,0,0,0,0,0,0,0,0,100,0,0,0,0,0,0,0,0,0,1,0,0,1,0,0,0,0,1,0,0,0
0,0,0,0,7.2761,92.724,0,0,0,0,0,0,0,0,0,10.025,82.699,7.2761,0,0,0,0,0,0,0,0,0,82.699,17.301,0,0,0,0,0,0,0,0,1,0,0,1,0,0,0,0,1,0,0,0
0,0,0,0,32.433,67.567,0,0,0,0,0,0,0,0,0,25.668,41.899,32.433,0,0,0,0,0,0,0,0,0,41.899,58.101,0,0,0,0,0,0,0,0,1,0,0,1,0,0,0,0,1,0,0,0
0,0,0,0,0,100,0,0,0,0,0,0,0,0,0,0,100,0,0,0,0,0,0,0,0,0,0,100,0,0,0,0,0,0,0,0,0,1,0,0,1,0,0,0,0,1,0,0,0
0,0,0,0,0,100,0,0,0,0,0,0,0,0,0,0,100,0,0,0,0,0,0,0,0,0,0,100,0,0,0,0,0,0,0,0,0,1,0,0,1,0,0,0,0,1,0,0,0
0,0,0,0,0,100,0,0,0,0,0,0,0,0,0,0,100,0,0,0,0,0,0,0,0,0,0,100,0,0,0,0,0,0,0,0,0,1,0,0,1,0,0,0,0,1,0,0,0
0,0,0,0,0,100,0,0,0,0,0,0,0,0,0,0,100,0,0,0,0,0,0,0,0,0,0,100,0,0,0,0,0,0,0,0,0,1,0,0,1,0,0,0,0,1,0,0,0
0,0,0,0,0,100,0,0,0,0,0,0,0,0,0,0,100,0,0,0,0,0,0,0,0,0,0,100,0,0,0,0,0,0,0,0,0,1,0,0,1,0,0,0,0,1,0,0,0
0,0,0,0,0,100,0,0,0,0,0,0,0,0,0,0,100,0,0,0,0,0,0,0,0,0,0,100,0,0,0,0,0,0,0,0,0,1,0,0,1,0,0,0,0,1,0,0,0
0,0,0,0,0,100,0,0,0,0,0,0,0,0,0,0,100,0,0,0,0,0,0,0,0,0,0,100,0,0,0,0,0,0,0,0,0,1,0,0,1,0,0,0,0,1,0,0,0
0,0,0,0,0,100,0,0,0,0,0,0,0,0,0,0,100,0,0,0,0,0,0,0,0,0,0,100,0,0,0,0,0,0,0,0,0,1,0,0,1,0,0,0,0,1,0,0,0
0,0,0,0,0,100,0,0,0,0,0,0,0,0,0,0,100,0,0,0,0,0,0,0,0,0,0,100,0,0,0,0,0,0,0,0,0,1,0,0,1,0,0,0,0,1,0,0,0
0,0,0,0,0,100,0,0,0,0,0,0,0,0,0,0,100,0,0,0,0,0,0,0,0,0,0,100,0,0,0,0,0,0,0,0,0,1,0,0,1,0,0,0,0,1,0,0,0
0,0,0,0,0,100,0,0,0,0,0,0,0,0,0,0,100,0,0,0,0,0,0,0,0,0,0,100,0,0,0,0,0,0,0,0,0,1,0,0,1,0,0,0,0,1,0,0,0
0,0,0,0,0,0,0,0,0,0,0,0,0,0,0,0,0,0,0,0,0,0,0,0,0,0,0,0,0,0,0,0,0,0,0,0,0,1,0,0,1,0,0,0,0,1,0,0,0
0,0,0,0,0,100,0,0,0,0,0,0,0,0,0,0,100,0,0,0,0,0,0,0,0,0,0,100,0,0,0,0,0,0,0,0,0,1,0,0,1,0,0,0,0,1,0,0,0
0,0,0,0,0,100,0,0,0,0,0,0,0,0,0,0,100,0,0,0,0,0,0,0,0,0,0,100,0,0,0,0,0,0,0,0,0,1,0,0,1,0,0,0,0,1,0,0,0
0,0,0,0,0,100,0,0,0,0,0,0,0,0,0,0,100,0,0,0,0,0,0,0,0,0,0,100,0,0,0,0,0,0,0,0,0,1,0,0,1,0,0,0,0,1,0,0,0
0,0,0,0,0,100,0,0,0,0,0,0,0,0,0,0,100,0,0,0,0,0,0,0,0,0,0,100,0,0,0,0,0,0,0,0,0,1,0,0,1,0,0,0,0,1,0,0,0
0,0,0,0,0,100,0,0,0,0,0,0,0,0,0,0,100,0,0,0,0,0,0,0,0,0,0,100,0,0,0,0,0,0,0,0,0,1,0,0,1,0,0,0,0,1,0,0,0
0,0,0,0,17.431,82.569,0,0,0,0,0,0,0,0,0,21.529,66.964,11.507,0,0,0,0,0,0,0,0,0,61.04,38.96,0,0,0,0,0,0,0,0,1,0,0,1,0,0,0,0,1,0,0,0
0,0,0,0,0,100,0,0,0,0,0,0,0,0,0,0,100,0,0,0,0,0,0,0,0,0,0,100,0,0,0,0,0,0,0,0,0,1,0,0,1,0,0,0,0,1,0,0,0
0,0,0,0,20.494,79.506,0,0,0,0,0,0,0,0,0,0,73.5,26.5,0,0,0,0,0,0,0,0,0,79.506,20.494,0,0,0,0,0,0,0,0,1,0,0,1,0,0,0,0,1,0,0,0
0,0,0,0,7.1877,92.812,0,0,0,0,0,0,0,0,0,23.75,69.063,7.1877,0,0,0,0,0,0,0,0,0,69.063,30.937,0,0,0,0,0,0,0,0,1,0,0,1,0,0,0,0,1,0,0,0
0,0,0,0,11.727,88.273,0,0,0,0,0,0,0,0,0,0,86.727,13.273,0,0,0,0,0,0,0,0,0,88.273,11.727,0,0,0,0,0,0,0,0,1,0,0,1,0,0,0,0,1,0,0,0
0,0,0,0,0,100,0,0,0,0,0,0,0,0,0,0,100,0,0,0,0,0,0,0,0,0,0,100,0,0,0,0,0,0,0,0,0,1,0,0,1,0,0,0,0,1,0,0,0
0,0,0,0,5.6852,94.315,0,0,0,0,0,0,0,0,0,0,93.29,6.7104,0,0,0,0,0,0,0,0,0,94.315,5.6852,0,0,0,0,0,0,0,0,1,0,0,1,0,0,0,0,1,0,0,0
0,0,0,0,0,100,0,0,0,0,0,0,0,0,0,0,100,0,0,0,0,0,0,0,0,0,0,100,0,0,0,0,0,0,0,0,0,1,0,0,1,0,0,0,0,1,0,0,0
0,0,0,0,0,100,0,0,0,0,0,0,0,0,0,0,100,0,0,0,0,0,0,0,0,0,0,100,0,0,0,0,0,0,0,0,0,1,0,0,1,0,0,0,0,1,0,0,0
0,0,0,0,19.991,80.009,0,0,0,0,0,0,0,0,0,0,85.545,14.455,0,0,0,0,0,0,0,0,0,80.009,19.991,0,0,0,0,0,0,0,0,1,0,0,1,0,0,0,0,1,0,0,0
0,0,0,0,0,100,0,0,0,0,0,0,0,0,0,0,92.495,7.5046,0,0,0,0,0,0,0,0,0,100,0,0,0,0,0,0,0,0,0,1,0,0,1,0,0,0,0,1,0,0,0
0,0,0,0,0,100,0,0,0,0,0,0,0,0,0,0,100,0,0,0,0,0,0,0,0,0,7.3847,92.615,0,0,0,0,0,0,0,0,0,1,0,0,1,0,0,0,0,1,0,0,0
0,0,0,0,0,100,0,0,0,0,0,0,0,0,0,0,100,0,0,0,0,0,0,0,0,0,3.4387,88.118,8.4435,0,0,0,0,0,0,0,0,1,0,0,1,0,0,0,0,1,0,0,0
0,0,0,0,0,88.757,0,0,11.243,0,0,0,0,0,0,0,84.365,15.635,0,0,0,0,0,0,0,0,11.243,68.731,8.7834,0,0,0,11.243,0,0,0,0,1,0,0,1,0,0,0,0,1,0,0,0
0,0,0,0,0,100,0,0,0,0,0,0,0,0,0,10.592,70.815,18.593,0,0,0,0,0,0,0,0,0,62.814,37.186,0,0,0,0,0,0,0,0,1,0,0,1,0,0,0,0,1,0,0,0
0,0,0,0,0,100,0,0,0,0,0,0,0,0,0,14.829,79.809,5.3623,0,0,0,0,0,0,0,0,0,63.092,36.908,0,0,0,0,0,0,0,0,1,0,0,1,0,0,0,0,1,0,0,0
0,0,0,0,0,91.701,0,0,8.2994,0,0,0,0,0,0,6.242,79.217,14.541,0,0,0,0,0,0,0,0,4.5305,64.701,22.469,0,0,8.2994,0,0,0,0,0,1,0,0,1,0,0,0,0,1,0,0,0
0,0,0,0,0,92.217,0,0,7.7826,0,0,0,0,0,0,13.485,65.247,21.268,0,0,0,0,0,0,0,0,0,65.247,26.97,0,0,0,7.7826,0,0,0,0,1,0,0,1,0,0,0,0,1,0,0,0
0,0,5.429,0,0,87.054,0,0,7.5175,0,0,0,0,0,0,11.756,82.815,0,5.429,0,0,0,5.429,0,0,0,0,75.298,11.756,0,0,7.5175,0,0,0,0,0,1,0,0,1,0,0,0,0,1,0,0,0
0,0,5.714,0,0,72.872,0,0,21.414,0,0,5.714,0,0,0,2.8631,85.709,0,2.8631,0,2.8508,0,2.8631,0,2.8508,0,0,72.872,0,0,5.714,3.2732,12.427,0,0,0,0,1,0,0,1,0,0,0,0,1,0,0,0
0,0,15.399,0,0,53.475,0,0,31.126,0,0,22.405,0,0,0,2.8435,49.445,9.9075,5.4918,0,9.9075,0,5.4918,0,9.9075,0,9.9075,43.567,0,0,22.405,0,8.7212,0.098361,0,0,0.016393,0.88525,0,0,1,0,0,0,0,1,0,0,0
0,0,0,0,0,81.134,0,0,18.866,0,0,0,0,0,0,0,81.134,18.866,0,0,0,0,0,0,0,0,9.6245,71.51,0,0,0,4.9043,13.962,0.11111,0,0,0.027778,0.86111,0,0,1,0,0,0,0,1,0,0,0
0,0,0,0,0,74.999,0,0,25.001,0,0,0,0,0,0,0,74.999,25.001,0,0,0,0,0,0,0,0,16.941,58.058,0,0,0,8.0595,16.941,0.83333,0,0,0,0.16667,0,0,1,0,0,0,0,1,0,0,0
0,0,0,0,0,77.548,0,0,22.452,0,0,0,0,0,0,0,70.339,29.661,0,0,0,0,0,0,0,0,5.1333,57.997,14.417,0,0,13.51,8.9421,0.11429,0,0,0.057143,0.82857,0,0,1,0,0,0,0,1,0,0,0
0,0,0,0,0,71.384,0,0,28.616,0,0,0,0,0,0,0,71.384,28.616,0,0,0,0,0,0,0,0,0,71.384,0,0,0,14.151,14.465,0.93269,0,0.019231,0.038462,0.0096154,0,0,1,0,0,0,0,1,0,0,0
0,0,0,0,0,80.057,0,0,19.943,0,0,0,0,0,0,9.6509,73.891,16.458,0,0,0,0,0,0,0,0,0,70.406,9.6509,0,0,7.7334,12.209,0.13514,0,0,0,0.86486,0,0,1,0,0,0,0,1,0,0,0
0,0,0,0,0,72.999,0,0,27.001,0,0,0,0,0,0,0,79.216,20.784,0,0,0,0,0,0,0,0,6.2172,66.782,0,0,0,14.222,12.779,0.92174,0,0,0.017391,0.06087,0,0,1,0,0,0,0,1,0,0,0
0,0,2.9357,0,0,80.953,0,0,16.111,0,0,0,0,0,0,0,93.835,3.2293,2.9357,0,0,0,2.9357,0,0,0,9.4975,71.456,0,0,0,9.4975,6.6136,0.11594,0,0.014493,0.014493,0.85507,0,0,1,0,0,0,0,1,0,0,0
0,0,3.6424,0,0,73.82,0,0,22.538,0,0,3.6424,0,0,0,3.6424,83.477,5.5961,3.6424,0,0,0,3.6424,0,0,0,4.1789,69.641,0,0,3.6424,9.6568,9.2385,0.88776,0,0,0.081633,0.030612,0,0,1,0,0,0,0,1,0,0,0
0,0,17.708,0,0,60.046,0,0,22.246,0,0,11.899,0,0,0,8.0552,62.338,0,13.865,0,3.8434,0,13.865,0,3.8434,0,0,60.046,0,0,11.899,2.2921,8.0552,0.2,0,0,0,0.8,0,0,1,0,0,0,0,1,0,0,0
0,0,4.7894,0,0,78.786,0,0,16.424,0,0,2.4747,0,0,0,6.7516,79.233,6.7516,2.3147,0,2.4747,0,2.3147,0,2.4747,0,9.9805,68.806,0,0,2.4747,3.2289,10.721,1,0,0,0,0,0,0,1,0,0,0,0,1,0,0,0
0,0,29.24,0,0,41.52,0,0,29.24,0,0,29.24,0,0,0,0,18.421,23.099,0,0,29.24,0,0,0,29.24,0,23.099,18.421,0,0,29.24,0,0,0.16667,0,0.027778,0.027778,0.77778,0,0,1,0,0,0,0,1,0,0,0
0,0,6.6254,0,0,62.463,0,0,30.912,0,0,30.912,0,0,0,6.1002,50.263,6.1002,0,0,6.6254,0,0,0,6.6254,0,6.1002,56.363,0,0,30.912,0,0,0.64706,0.014706,0.17647,0.088235,0.073529,0,0,1,0,0,0,0,1,0,0,0
0,0,0,0,30.824,27.488,0,0,13.767,4.3454,23.575,0,2.452,2.452,30.824,7.807,0,16.219,4.3454,14.604,11.874,9.4219,0,0,0,0,0,17.229,12.711,32.439,18.95,18.671,0,0.030303,0,0,0.060606,0.90909,0,0,1,0,0,0,0,1,0,0,0
0,7.261,1.1805,0,18.465,26.24,0,0,11.386,19.224,16.243,0,16.152,2.9475,18.772,1.9102,11.839,16.88,4.5324,10.026,9.2139,7.7266,0,0,1.1805,7.261,0,25.059,2.9475,28.409,16.046,19.097,0,0,0,0,0.38235,0.61765,0,0,1,0,0,0,0,1,0,0,0
0,0,0,0,22.797,38.837,0,0,7.229,7.229,23.907,0,0,0,14.458,8.3393,15.249,7.229,15.568,30.817,0,8.3393,0,0,0,0,0,8.3393,30.498,31.136,22.797,7.229,0,0,0,0,0,1,0,0,1,0,0,0,0,1,0,0,0
0,2.3189,0,0,26.594,32.609,0,0,4.8825,4.6377,28.958,0,8.2956,3.6579,21.871,12.076,2.3189,10.859,4.7221,18.053,8.5404,9.6046,0,0,0,2.3189,0,21.597,14.67,28.844,18.053,14.517,0,0,0,0,0,1,0,0,1,0,0,0,0,1,0,0,0
0,0,0,0,15.38,84.62,0,0,0,0,0,0,0,0,15.38,15.38,53.861,0,0,15.38,0,0,0,0,0,0,0,51.287,33.333,0,15.38,0,0,0,0,0,0,1,0,0,1,0,0,0,0,1,0,0,0
0,0,0,0,0,100,0,0,0,0,0,0,0,0,0,0,80.737,0,0,19.263,0,0,0,0,0,0,0,53.318,46.682,0,0,0,0,0,0,0,0,1,0,0,1,0,0,0,0,1,0,0,0
0,0,0,0,0,100,0,0,0,0,0,0,0,0,0,0,100,0,0,0,0,0,0,0,0,0,0,66.667,33.333,0,0,0,0,0,0,0,0,1,0,0,1,0,0,0,0,1,0,0,0
0,0,0,0,0,88.813,0,11.187,0,0,0,0,0,11.187,0,0,88.813,0,0,0,0,0,11.187,0,0,0,0,36.99,51.824,0,0,0,0,0,0,0,0,1,0,0,1,0,0,0,0,1,0,0,0
0,0,0,0,0,82.882,0,0,17.118,0,0,0,0,0,0,0,82.882,17.118,0,0,0,0,0,0,0,0,0,82.882,0,0,0,0,17.118,0.67089,0,0,0.012658,0.31646,0,0,1,0,0,0,0,1,0,0,0
0,0,0,0,0,100,0,0,0,0,0,0,0,0,0,0,100,0,0,0,0,0,0,0,0,0,0,100,0,0,0,0,0,0.84043,0,0,0,0.15957,0,0,1,0,0,0,0,1,0,0,0
0,0,0,0,0,100,0,0,0,0,0,0,0,0,0,0,100,0,0,0,0,0,0,0,0,0,0,100,0,0,0,0,0,0.84884,0,0,0,0.15116,0,0,1,0,0,0,0,1,0,0,0
0,0,0,0,0,100,0,0,0,0,0,0,0,0,0,0,100,0,0,0,0,0,0,0,0,0,0,100,0,0,0,0,0,0.93103,0,0,0,0.068966,0,0,1,0,0,0,0,1,0,0,0
0,0,0,0,0,100,0,0,0,0,0,0,0,0,0,0,100,0,0,0,0,0,0,0,0,0,0,100,0,0,0,0,0,1,0,0,0,0,0,0,1,0,0,0,0,1,0,0,0
0,0,0,0,0,100,0,0,0,0,0,0,0,0,0,0,100,0,0,0,0,0,0,0,0,0,0,100,0,0,0,0,0,0.88608,0,0.012658,0.063291,0.037975,0,0,1,0,0,0,0,1,0,0,0
0,0,0,0,0,100,0,0,0,0,0,0,0,0,0,0,100,0,0,0,0,0,0,0,0,0,9.2073,90.793,0,0,0,0,0,0.88889,0,0,0,0.11111,0,0,1,0,0,0,0,1,0,0,0
0,0,0,0,0,100,0,0,0,0,0,0,0,0,0,0,100,0,0,0,0,0,0,0,0,0,0,100,0,0,0,0,0,0.93182,0,0,0.034091,0.034091,0,0,1,0,0,0,0,1,0,0,0
0,0,0,0,0,100,0,0,0,0,0,0,0,0,0,0,100,0,0,0,0,0,0,0,0,0,0,100,0,0,0,0,0,0.98649,0,0,0.013514,0,0,0,1,0,0,0,0,1,0,0,0
0,0,0,0,0,100,0,0,0,0,0,0,0,0,0,0,100,0,0,0,0,0,0,0,0,0,0,100,0,0,0,0,0,0.92982,0,0.035088,0.035088,0,0,0,1,0,0,0,0,1,0,0,0
0,0,0,0,0,100,0,0,0,0,0,0,0,0,0,0,100,0,0,0,0,0,0,0,0,0,0,100,0,0,0,0,0,0.52113,0,0.056338,0.25352,0.16901,0,0,1,0,0,0,0,1,0,0,0
0,0,0,0,0,94.391,0,0,5.6085,0,0,0,0,0,0,0,100,0,0,0,0,0,0,0,0,0,5.6085,88.783,0,0,0,5.6085,0,1,0,0,0,0,0,0,1,0,0,0,0,1,0,0,0
0,0,0,0,0,100,0,0,0,0,0,0,0,0,0,0,100,0,0,0,0,0,0,0,0,0,10.863,89.137,0,0,0,0,0,0.725,0,0.0125,0.1,0.1625,0,0,1,0,0,0,0,1,0,0,0
0,0,0,0,0,100,0,0,0,0,0,0,0,0,0,14.912,70.176,14.912,0,0,0,0,0,0,0,0,28.728,71.272,0,0,0,0,0,0.69663,0.011236,0.05618,0.1236,0.11236,0,0,1,0,0,0,0,1,0,0,0
0,0,18.641,0,0,54.15,0,0,27.208,0,0,18.641,0,0,0,8.5673,44.077,10.074,8.5673,0,10.074,0,8.5673,0,10.074,0,10.074,44.077,0,0,18.641,0,8.5673,0.78947,0,0.052632,0.10526,0.052632,0,0,1,0,0,0,0,1,0,0,0
0,13.753,3.3124,0,5.4913,32.927,0,0,10.146,17.484,16.887,0,18.151,10.007,13.938,2.4196,28.824,9.4092,0,4.1029,13.148,0,0,0,9.0443,8.0208,0,31.539,8.0832,11.519,14.969,16.825,0,0.76471,0,0.098039,0.13725,0,0,0,1,0,0,0,0,1,0,0,0
0,2.8031,4.9289,0,0,41.565,0,0,25.351,25.351,0,0,2.1258,4.9289,11.856,11.369,39.439,2.1258,0,0,18.496,9.6587,0,0,7.732,0,0,39.439,2.1258,23.226,25.351,2.1258,0,0.56452,0,0.12903,0.25806,0.048387,0,0,1,0,0,0,0,1,0,0,0
0,3.2532,7.0765,0,8.7962,49.129,0,0,7.0765,13.583,11.086,0,16.354,9.848,8.7962,0,36.027,13.101,0,6.0247,9.848,0,0,0,7.0765,3.2532,0,39.281,12.62,8.7962,13.101,15.873,0,0,0,0,0,1,0,0,1,0,0,0,0,1,0,0,0
0,14.081,0,0,0,38.027,0,0,38.027,9.865,0,0,0,0,23.946,14.081,38.027,0,0,0,19.013,4.9325,0,0,14.081,0,0,38.027,0,9.865,38.027,0,0,0,0,0,0,1,0,0,1,0,0,0,0,1,0,0,0
0,2.399,0,0,0,43.49,0,0,38.331,15.78,0,0,0,2.2412,22.708,6.7466,41.249,0,0,0,24.491,2.5644,0,0,2.399,0,0,41.249,0,15.78,36.09,4.4823,0,0.63333,0,0.15,0.11667,0.1,0,0,1,0,0,0,0,1,0,0,0
0,0,25.34,0,0,44.189,0,0,22.378,8.0932,0,5.8865,0,6.2858,17.979,7.281,32.416,0,0,5.8865,8.5897,15.675,12.172,7.281,0,0,0,31.021,7.281,8.0932,20.984,13.167,0,0.66071,0.017857,0.071429,0.16071,0.089286,0,0,1,0,0,0,0,1,0,0,0
0,0,3.9277,0,0,37.261,0,0,34.38,24.431,0,0,0,4.9744,29.406,3.9277,32.287,0,0,0,17.713,11.692,0,3.9277,0,0,0,28.359,3.9277,24.431,25.478,13.877,0,0,0.0093458,0,0.0093458,0.98131,0,0,1,0,0,0,0,1,0,0,0
0,0,15.608,0,0,49.614,0,0,17.202,13.919,3.6576,5.2025,0,2.2847,22.592,5.2025,28.947,3.6576,0,13.179,9.7436,9.1908,5.2025,5.2025,0,0,0,25.404,20.38,6.273,14.918,22.62,0,0,0,0,0.037037,0.96296,0,0,1,0,0,0,0,1,0,0,0
0,6.4829,0,0,0,80.551,0,0,6.4829,0,6.4829,0,6.4829,6.4829,0,0,80.551,6.4829,0,0,0,0,0,0,0,6.4829,0,66.932,20.102,0,0,6.4829,0,0,0,0,0,1,0,0,1,0,0,0,0,1,0,0,0
0,0,0,0,0,100,0,0,0,0,0,0,0,0,0,0,100,0,0,0,0,0,0,0,0,0,0,100,0,0,0,0,0,0,0,0,0,1,0,0,1,0,0,0,0,1,0,0,0
0,0,17.191,0,0,65.619,0,17.191,0,0,0,0,0,17.191,0,17.191,65.619,0,0,0,0,0,17.191,17.191,0,0,0,52.617,13.002,0,0,0,0,0,0,0,0,1,0,0,1,0,0,0,0,1,0,0,0
0,0,0,0,0,89.951,0,10.049,0,0,0,0,0,10.049,0,0,89.951,0,0,0,0,0,10.049,0,0,0,0,89.951,0,0,0,0,0,0,0,0,0,1,0,0,1,0,0,0,0,1,0,0,0
0,0,0,0,0,100,0,0,0,0,0,0,0,0,0,0,100,0,0,0,0,0,0,0,0,0,0,87.457,12.543,0,0,0,0,0,0,0,0,1,0,0,1,0,0,0,0,1,0,0,0
0,0,4.1993,0,0,87.402,0,0,4.1993,4.1993,0,0,0,0,4.1993,4.1993,87.402,0,0,0,0,4.1993,0,4.1993,0,0,0,83.203,4.1993,4.1993,0,4.1993,0,0,0,0,0,1,0,0,1,0,0,0,0,1,0,0,0
0,0,0,0,0,100,0,0,0,0,0,0,0,0,0,0,100,0,0,0,0,0,0,0,0,0,0,100,0,0,0,0,0,0,0,0,0,1,0,0,1,0,0,0,0,1,0,0,0
0,0,0,0,0,100,0,0,0,0,0,0,0,0,0,0,100,0,0,0,0,0,0,0,0,0,0,93.96,6.0399,0,0,0,0,0,0,0,0,1,0,0,1,0,0,0,0,1,0,0,0
0,0,2.6862,0,0,59.322,0,0,2.6862,18.252,17.054,0,0,0,10.469,2.6862,26.702,17.054,0,32.62,0,10.469,0,2.6862,0,0,0,24.016,52.36,10.469,0,10.469,0,0,0,0,0,1,0,0,1,0,0,0,0,1,0,0,0
0,0,14.045,0,0,48.105,0,0,2.674,9.7789,25.397,3.7903,0,0,13.569,6.4643,22.232,25.397,0,22.083,0,6.4643,3.7903,6.4643,0,0,0,19.558,50.154,2.674,0,17.36,0,0.57895,0,0.052632,0.21053,0.15789,0,0,1,0,0,0,0,1,0,0,0
0,0,0,0,0,81.508,0,0,0,9.2458,9.2458,0,0,0,9.2458,0,81.508,9.2458,0,0,0,0,0,0,0,0,0,73.936,16.818,0,0,9.2458,0,0,0,0,0,1,0,0,1,0,0,0,0,1,0,0,0
0,0,0,0,0,100,0,0,0,0,0,0,0,0,0,0,100,0,0,0,0,0,0,0,0,0,0,100,0,0,0,0,0,0,0,0,0,1,0,0,1,0,0,0,0,1,0,0,0
0,4.2009,0,0,26.383,19.638,0,0,2.9893,11.391,35.397,0,13.37,4.9677,20.115,6.2686,4.2009,12.158,9.2579,18.426,4.9677,6.2686,0,0,0,4.2009,0,14.67,9.9353,32.652,21.416,17.126,0,0.94737,0,0.026316,0.026316,0,0,0,1,0,0,0,0,1,0,0,0
0,1.6915,1.8822,0,15.684,22.768,0,0,8.9406,17.115,31.919,0,14.993,8.0541,22.622,0,12.394,13.421,1.3556,5.8361,17.313,4.0114,0,0,1.8822,1.6915,0,16.406,12.535,26.634,16.012,24.84,0,0.70833,0.020833,0.14583,0.125,0,0,0,1,0,0,0,0,1,0,0,0
0,3.7424,3.8854,0,0,49.577,0,0,16.283,21.831,4.6803,0,8.5657,3.8854,13.336,3.7424,45.692,3.8854,0,0,12.308,8.5853,0,0,7.6278,0,0,45.692,3.8854,13.266,20.964,8.5657,0,0,0,0.016129,0.048387,0.93548,0,0,1,0,0,0,0,1,0,0,0
0,10.235,8.7968,0,0,50.97,0,0,17.505,12.493,0,6.4498,0,3.7849,17.505,0,50.97,5.0119,0,0,3.7849,12.493,5.0119,0,7.5699,0,6.4498,44.52,6.4498,12.493,6.0433,11.462,0,0,0,0,0,1,0,0,1,0,0,0,0,1,0,0,0
0,4.53,15.523,0,0,66.156,0,0,9.261,4.53,0,9.926,0,0,9.261,0,66.156,10.127,0,0,0,4.53,10.127,5.396,0,0,4.53,56.23,9.926,4.53,0,9.261,0,0,0,0,0,1,0,0,1,0,0,0,0,1,0,0,0
0,4.9571,4.9571,0,0,90.086,0,0,0,0,0,9.9142,0,0,0,0,90.086,0,0,0,0,0,0,4.9571,0,0,4.9571,90.086,0,0,0,0,0,0,0,0,0,1,0,0,1,0,0,0,0,1,0,0,0
0,11.749,12.935,0,0,47.499,0,0,12.026,15.792,0,20.123,0,0,12.026,0,47.499,4.5613,0,0,4.0887,11.703,4.5613,8.3735,0,0,11.749,35,12.498,15.792,4.0887,7.9371,0,0,0,0,0,1,0,0,1,0,0,0,0,1,0,0,0
0,5.104,11.046,0,0,77.909,0,0,5.9416,0,0,10.208,0,5.9416,0,0,77.909,0,0,0,0,5.9416,5.9416,5.104,0,0,5.104,77.909,0,0,5.9416,0,0,0,0,0,0,1,0,0,1,0,0,0,0,1,0,0,0
0,3.0723,33.034,0,0,53.135,0,0,6.6803,4.0789,0,17.785,0,0,6.6803,0,53.135,18.321,0,0,0,4.0789,18.321,14.713,0,0,3.0723,41.494,11.641,4.0789,0,6.6803,0,0,0,0,0,1,0,0,1,0,0,0,0,1,0,0,0
14.204,0,0,14.204,0,71.593,0,0,0,0,0,0,0,8.4177,5.7859,8.4177,71.593,5.7859,0,0,0,0,0,0,0,0,14.204,71.593,0,0,0,0,14.204,0,0,0,0,1,0,0,1,0,0,0,0,1,0,0,0
30.745,0,0,15.171,0,54.084,0,0,0,0,0,0,0,6.3821,8.7891,10.978,54.084,19.767,0,0,0,0,0,0,0,0,30.745,54.084,0,0,0,0,15.171,0,0,0,0,1,0,0,1,0,0,0,0,1,0,0,0
0,0,0,6.8911,0,93.109,0,0,0,0,0,0,0,6.8911,0,0,93.109,0,0,0,0,0,0,0,0,0,0,93.109,0,0,0,0,6.8911,0,0,0,0,1,0,0,1,0,0,0,0,1,0,0,0
0,0,0,5.1329,0,94.867,0,0,0,0,0,0,0,5.1329,0,0,94.867,0,0,0,0,0,0,0,0,0,0,94.867,0,0,0,0,5.1329,0,0,0,0,1,0,0,1,0,0,0,0,1,0,0,0
5.4355,0,0,11.347,0,83.217,0,0,0,0,0,0,0,5.4355,5.9119,5.4355,83.217,0,0,0,0,0,0,0,0,0,5.4355,83.217,0,0,0,0,11.347,0,0,0,0,1,0,0,1,0,0,0,0,1,0,0,0
0,0,0,4.2211,0,95.779,0,0,0,0,0,0,0,4.2211,0,0,95.779,0,0,0,0,0,0,0,0,0,0,95.779,0,0,0,0,4.2211,0,0,0,0,1,0,0,1,0,0,0,0,1,0,0,0
0,0,0,0,0,100,0,0,0,0,0,0,0,0,0,0,100,0,0,0,0,0,0,0,0,0,0,100,0,0,0,0,0,0,0,0,0,1,0,0,1,0,0,0,0,1,0,0,0
0,0,0,0,0,100,0,0,0,0,0,0,0,0,0,0,100,0,0,0,0,0,0,0,0,0,0,100,0,0,0,0,0,0,0,0,0,1,0,0,1,0,0,0,0,1,0,0,0
27.729,0,0,0,0,72.271,0,0,0,0,0,0,0,0,0,13.864,72.271,13.864,0,0,0,0,0,0,0,0,27.729,72.271,0,0,0,0,0,0,0,0,0,1,0,0,1,0,0,0,0,1,0,0,0
23.447,0,0,14.216,0,62.337,0,0,0,0,0,0,0,8.6297,5.586,16.038,62.337,7.4087,0,0,0,0,0,0,0,0,23.447,62.337,0,0,0,0,14.216,0,0,0,0,1,0,0,1,0,0,0,0,1,0,0,0
0,0,0,0,0,100,0,0,0,0,0,0,0,0,0,0,100,0,0,0,0,0,0,0,0,0,0,100,0,0,0,0,0,0,0,0,0,1,0,0,1,0,0,0,0,1,0,0,0
11.821,0,0,11.821,0,76.358,0,0,0,0,0,0,0,0,11.821,0,76.358,11.821,0,0,0,0,0,0,0,0,11.821,76.358,0,0,0,0,11.821,0,0,0,0,1,0,0,1,0,0,0,0,1,0,0,0
4.727,0,0,10.495,0,84.778,0,0,0,0,0,0,0,5.7675,4.727,0,84.778,4.727,0,0,0,0,0,0,0,0,4.727,84.778,0,0,0,0,10.495,0,0,0,0,1,0,0,1,0,0,0,0,1,0,0,0
0,0,0,7.09,0,92.91,0,0,0,0,0,0,0,0,7.09,0,92.91,0,0,0,0,0,0,0,0,0,0,92.91,0,0,0,0,7.09,0,0,0,0,1,0,0,1,0,0,0,0,1,0,0,0
0,0,0,8.5078,0,91.492,0,0,0,0,0,0,0,0,8.5078,0,80.673,10.82,0,0,0,0,0,0,0,0,0,91.492,0,0,0,0,8.5078,0,0,0,0,1,0,0,1,0,0,0,0,1,0,0,0
0,0,0,0,0,100,0,0,0,0,0,0,0,0,0,0,94.756,5.2442,0,0,0,0,0,0,0,0,0,94.756,5.2442,0,0,0,0,0,0,0,0,1,0,0,1,0,0,0,0,1,0,0,0
0,0,0,0,0,100,0,0,0,0,0,0,0,0,0,0,100,0,0,0,0,0,0,0,0,0,0,100,0,0,0,0,0,0,0,0,0,1,0,0,1,0,0,0,0,1,0,0,0
0,0,0,0,0,100,0,0,0,0,0,0,0,0,0,0,100,0,0,0,0,0,0,0,0,0,0,100,0,0,0,0,0,0,0,0,0,1,0,0,1,0,0,0,0,1,0,0,0
0,0,0,0,0,100,0,0,0,0,0,0,0,0,0,0,100,0,0,0,0,0,0,0,0,0,0,100,0,0,0,0,0,0,0,0,0,1,0,0,1,0,0,0,0,1,0,0,0
0,0,0,0,0,100,0,0,0,0,0,0,0,0,0,0,100,0,0,0,0,0,0,0,0,0,0,100,0,0,0,0,0,0,0,0,0,1,0,0,1,0,0,0,0,1,0,0,0
0,0,0,0,0,100,0,0,0,0,0,0,0,0,0,0,100,0,0,0,0,0,0,0,0,0,0,100,0,0,0,0,0,0,0,0,0,1,0,0,1,0,0,0,0,1,0,0,0
0,0,0,0,0,100,0,0,0,0,0,0,0,0,0,0,100,0,0,0,0,0,0,0,0,0,0,100,0,0,0,0,0,0,0,0,0,1,0,0,1,0,0,0,0,1,0,0,0
0,0,0,0,0,100,0,0,0,0,0,0,0,0,0,0,100,0,0,0,0,0,0,0,0,0,0,100,0,0,0,0,0,0,0,0,0,1,0,0,1,0,0,0,0,1,0,0,0
0,0,0,0,0,100,0,0,0,0,0,0,0,0,0,0,100,0,0,0,0,0,0,0,0,0,0,100,0,0,0,0,0,0,0,0,0,1,0,0,1,0,0,0,0,1,0,0,0
0,0,0,0,0,100,0,0,0,0,0,0,0,0,0,0,100,0,0,0,0,0,0,0,0,0,0,100,0,0,0,0,0,0,0,0,0,1,0,0,1,0,0,0,0,1,0,0,0
0,10.414,7.453,0,11.325,39.189,0,0,4.4844,19.375,7.7598,0,21.315,9.3929,11.325,0,25.32,13.87,0,9.3851,9.3929,0,0,0,10.422,7.4452,0,32.765,8.3643,11.325,13.87,15.809,0,0.02,0,0.04,0.06,0.88,0,0,1,0,0,0,0,1,0,0,0
0,10.993,3.6311,0,0,51.529,0,0,22.119,11.728,0,0,0,3.6311,14.756,7.3622,51.529,0,0,0,16.07,6.6516,0,0,14.625,0,0,51.529,0,11.728,22.119,0,0,0,0,0,0.12963,0.87037,0,0,1,0,0,0,0,1,0,0,0
0,0,7.213,0,0,44.718,0,0,30.138,17.932,0,0,0,5.6228,24.515,0,42.221,4.0866,0,0,11.266,12.288,7.213,0,0,0,0,42.221,0,17.932,23.555,9.0795,0,0,0,0,0.048387,0.95161,0,0,1,0,0,0,0,1,0,0,0
0,0,11.826,0,0,55.051,0,0,23.201,9.9219,0,3.9419,0,6.6396,20.503,3.9419,40.528,0,0,3.9419,16.562,3.9419,3.9419,3.9419,0,0,0,40.528,3.9419,9.9219,16.562,21.163,0,0,0,0,0.014286,0.98571,0,0,1,0,0,0,0,1,0,0,0
0,0,19.582,0,0,37.641,0,0,25.929,16.848,0,12.292,0,10.152,19.419,3.3515,24.145,0,0,7.2838,12.426,10.932,3.9388,3.3515,0,0,0,20.793,10.635,13.206,16.364,31.711,0,0.76087,0.076087,0.097826,0.054348,0.01087,0,0,1,0,0,0,0,1,0,0,0
0,0,46.398,0,0,20.269,0,10.135,23.199,0,0,23.199,0,10.135,23.199,23.199,20.269,0,0,0,0,0,10.135,69.596,0,0,0,20.269,0,0,0,0,0,0,0,0,0,1,0,0,1,0,0,0,0,1,0,0,0
0,0,0,0,0,0,0,0,0,0,0,0,0,0,0,0,0,0,0,0,0,0,0,0,0,0,0,0,0,0,0,0,0,0,0,0,1,0,0,0,1,0,0,0,0,1,0,0,0
0,0,0,0,0,100,0,0,0,0,0,0,0,0,0,0,100,0,0,0,0,0,0,0,0,0,0,66.667,33.333,0,0,0,0,0,0,0,1,0,0,0,1,0,0,0,0,1,0,0,0
0,0,0,0,0,100,0,0,0,0,0,0,0,0,0,0,100,0,0,0,0,0,0,0,0,0,0,43.27,56.73,0,0,0,0,0,0,0,1,0,0,0,1,0,0,0,0,1,0,0,0
0,0,0,0,0,100,0,0,0,0,0,0,0,0,0,0,100,0,0,0,0,0,0,0,0,0,0,100,0,0,0,0,0,0,0,0,0,1,0,0,1,0,0,0,0,1,0,0,0
0,0,0,0,0,100,0,0,0,0,0,0,0,0,0,0,100,0,0,0,0,0,0,0,0,0,0,100,0,0,0,0,0,0,0,0,0.01087,0.98913,0,0,1,0,0,0,0,1,0,0,0
0,0,60,0,0,40,0,0,0,0,0,20,0,0,20,20,0,0,0,20,0,20,20,20,0,0,0,0,20,0,0,40,0,0,0,0,1,0,0,0,1,0,0,0,0,1,0,0,0
0,0,0,0,0,75,0,0,25,0,0,0,25,0,0,25,0,50,0,0,0,0,0,0,0,0,0,25,50,0,0,0,25,0,0,0,1,0,0,0,1,0,0,0,0,1,0,0,0
0,0,0,0,0,92.337,0,0,7.6633,0,0,0,7.6633,0,0,7.6633,61.304,23.37,0,0,0,0,0,0,0,0,0,68.967,23.37,0,0,0,7.6633,0,0,0,0,1,0,0,1,0,0,0,0,1,0,0,0
0,0,0,0,0,93.087,0,0,6.9134,0,0,0,6.9134,0,0,6.9134,64.332,21.841,0,0,0,0,0,0,0,0,0,79.26,13.827,0,0,0,6.9134,0,0,0,0,1,0,0,1,0,0,0,0,1,0,0,0
0,0,0,0,0,79.973,0,0,20.027,0,0,0,20.027,0,0,8.9803,58.317,12.676,0,0,0,0,0,0,0,0,0,64.97,15.004,0,0,0,20.027,0,0,0,0,1,0,0,1,0,0,0,0,1,0,0,0
0,0,0,0,0,85.852,0,0,14.148,0,0,0,9.2377,0,4.9105,9.2377,58.139,18.475,0,0,0,0,0,0,0,0,0,67.377,18.475,0,0,0,14.148,0,0,0,0,1,0,0,1,0,0,0,0,1,0,0,0
0,0,0,0,0,100,0,0,0,0,0,0,0,0,0,0,92.899,7.1006,0,0,0,0,0,0,0,0,0,92.899,7.1006,0,0,0,0,0,0,0,0,1,0,0,1,0,0,0,0,1,0,0,0
0,0,0,0,0,100,0,0,0,0,0,0,0,0,0,0,100,0,0,0,0,0,0,0,0,0,0,100,0,0,0,0,0,0,0,0,0,1,0,0,1,0,0,0,0,1,0,0,0
0,0,0,0,0,100,0,0,0,0,0,0,0,0,0,8.8394,91.161,0,0,0,0,0,0,0,0,0,0,91.161,8.8394,0,0,0,0,0,0,0,0,1,0,0,1,0,0,0,0,1,0,0,0
0,0,0,0,0,100,0,0,0,0,0,0,0,0,0,0,100,0,0,0,0,0,0,0,0,0,0,100,0,0,0,0,0,0,0,0,0,1,0,0,1,0,0,0,0,1,0,0,0
0,0,0,0,0,0,0,0,0,0,0,0,0,0,0,0,0,0,0,0,0,0,0,0,0,0,0,0,0,0,0,0,0,0,0,0,1,0,0,0,1,0,0,0,0,1,0,0,0
0,0,0,0,0,71.6,0,0,28.4,0,0,0,0,13.6,14.8,0,71.6,0,0,0,0,0,0,0,0,0,0,71.6,0,0,0,0,28.4,0,0,0,1,0,0,0,1,0,0,0,0,1,0,0,0
0,0,0,0,0,100,0,0,0,0,0,0,0,0,0,0,100,0,0,0,0,0,0,0,0,0,0,82.131,17.869,0,0,0,0,0,0,0,1,0,0,0,1,0,0,0,0,1,0,0,0
0,0,0,0,0,62.198,0,0,37.802,0,0,0,0,15.167,22.634,0,62.198,0,0,0,0,0,0,0,0,0,0,62.198,0,0,0,0,37.802,0,0,0,1,0,0,0,1,0,0,0,0,1,0,0,0
0,0,0,0,0,81.306,0,0,18.694,0,0,0,0,6.0724,12.621,4.4791,76.827,0,0,0,0,0,0,0,0,0,0,76.827,4.4791,0,0,0,18.694,0,0,0,0,1,0,0,1,0,0,0,0,1,0,0,0
0,0,0,0,0,89.093,0,0,10.907,0,0,0,0,0,10.907,5.3241,83.769,0,0,0,0,0,0,0,0,0,0,83.769,5.3241,0,0,0,10.907,0,0,0,0,1,0,0,1,0,0,0,0,1,0,0,0
0,0,0,0,0,83.336,0,0,16.664,0,0,0,0,11.392,5.2716,0,83.336,0,0,0,0,0,0,0,0,0,0,83.336,0,0,0,0,16.664,0,0,0,0,1,0,0,1,0,0,0,0,1,0,0,0
0,0,0,0,0,84.697,0,0,15.303,0,0,0,0,15.303,0,0,84.697,0,0,0,0,0,0,0,0,0,0,84.697,0,0,0,0,15.303,0,0,0,0,1,0,0,1,0,0,0,0,1,0,0,0
0,0,0,0,0,100,0,0,0,0,0,0,0,0,0,0,100,0,0,0,0,0,0,0,0,0,0,100,0,0,0,0,0,0,0,0,0,1,0,0,1,0,0,0,0,1,0,0,0
0,0,0,0,0,100,0,0,0,0,0,0,0,0,0,0,100,0,0,0,0,0,0,0,0,0,0,100,0,0,0,0,0,0,0,0,0,1,0,0,1,0,0,0,0,1,0,0,0
0,0,0,0,0,100,0,0,0,0,0,0,0,0,0,0,100,0,0,0,0,0,0,0,0,0,0,100,0,0,0,0,0,0,0,0,0,1,0,0,1,0,0,0,0,1,0,0,0
0,0,0,0,0,100,0,0,0,0,0,0,0,0,0,0,100,0,0,0,0,0,0,0,0,0,0,100,0,0,0,0,0,0,0,0,0,1,0,0,1,0,0,0,0,1,0,0,0
0,0,0,0,0,100,0,0,0,0,0,0,0,0,0,0,100,0,0,0,0,0,0,0,0,0,0,100,0,0,0,0,0,0,0,0,0,1,0,0,1,0,0,0,0,1,0,0,0
0,0,0,0,0,100,0,0,0,0,0,0,0,0,0,0,100,0,0,0,0,0,0,0,0,0,0,100,0,0,0,0,0,0,0,0,0,1,0,0,1,0,0,0,0,1,0,0,0
0,0,0,0,0,100,0,0,0,0,0,0,0,0,0,0,100,0,0,0,0,0,0,0,0,0,0,100,0,0,0,0,0,0,0,0,0,1,0,0,1,0,0,0,0,1,0,0,0
0,0,0,0,0,100,0,0,0,0,0,0,0,0,0,0,100,0,0,0,0,0,0,0,0,0,0,100,0,0,0,0,0,0,0,0,0,1,0,0,1,0,0,0,0,1,0,0,0
0,0,0,0,0,100,0,0,0,0,0,0,0,0,0,0,100,0,0,0,0,0,0,0,0,0,0,100,0,0,0,0,0,0,0,0,0,1,0,0,1,0,0,0,0,1,0,0,0
0,0,0,0,0,100,0,0,0,0,0,0,0,0,0,0,100,0,0,0,0,0,0,0,0,0,0,100,0,0,0,0,0,0,0,0,0,1,0,0,1,0,0,0,0,1,0,0,0
0,0,0,0,0,100,0,0,0,0,0,0,0,0,0,0,100,0,0,0,0,0,0,0,0,0,0,100,0,0,0,0,0,0,0,0,0,1,0,0,1,0,0,0,0,1,0,0,0
0,0,0,0,0,100,0,0,0,0,0,0,0,0,0,0,100,0,0,0,0,0,0,0,0,0,0,100,0,0,0,0,0,0,0,0,0,1,0,0,1,0,0,0,0,1,0,0,0
0,0,0,0,0,100,0,0,0,0,0,0,0,0,0,0,100,0,0,0,0,0,0,0,0,0,0,100,0,0,0,0,0,0,0,0,0,1,0,0,1,0,0,0,0,1,0,0,0
0,0,0,0,0,100,0,0,0,0,0,0,0,0,0,0,100,0,0,0,0,0,0,0,0,0,0,100,0,0,0,0,0,0,0,0,0,1,0,0,1,0,0,0,0,1,0,0,0
0,0,0,0,0,100,0,0,0,0,0,0,0,0,0,0,100,0,0,0,0,0,0,0,0,0,0,100,0,0,0,0,0,0,0,0,0,1,0,0,1,0,0,0,0,1,0,0,0
0,0,0,0,0,100,0,0,0,0,0,0,0,0,0,0,100,0,0,0,0,0,0,0,0,0,0,100,0,0,0,0,0,0,0,0,0,1,0,0,1,0,0,0,0,1,0,0,0
0,0,0,0,0,100,0,0,0,0,0,0,0,0,0,0,100,0,0,0,0,0,0,0,0,0,0,100,0,0,0,0,0,0,0,0,0,1,0,0,1,0,0,0,0,1,0,0,0
0,0,0,0,0,100,0,0,0,0,0,0,0,0,0,0,100,0,0,0,0,0,0,0,0,0,0,100,0,0,0,0,0,0,0,0,0,1,0,0,1,0,0,0,0,1,0,0,0
0,0,0,0,0,100,0,0,0,0,0,0,0,0,0,0,100,0,0,0,0,0,0,0,0,0,0,100,0,0,0,0,0,0,0,0,0,1,0,0,1,0,0,0,0,1,0,0,0
0,0,0,0,0,100,0,0,0,0,0,0,0,0,0,0,100,0,0,0,0,0,0,0,0,0,0,100,0,0,0,0,0,0,0,0,0,1,0,0,1,0,0,0,0,1,0,0,0
0,0,0,0,0,100,0,0,0,0,0,0,0,0,0,0,100,0,0,0,0,0,0,0,0,0,0,100,0,0,0,0,0,0,0,0,0,1,0,0,1,0,0,0,0,1,0,0,0
0,0,0,0,0,100,0,0,0,0,0,0,0,0,0,0,100,0,0,0,0,0,0,0,0,0,0,100,0,0,0,0,0,0,0,0,0,1,0,0,1,0,0,0,0,1,0,0,0
0,0,0,0,0,100,0,0,0,0,0,0,0,0,0,0,100,0,0,0,0,0,0,0,0,0,0,100,0,0,0,0,0,0,0,0,0,1,0,0,1,0,0,0,0,1,0,0,0
0,0,0,0,0,100,0,0,0,0,0,0,0,0,0,0,100,0,0,0,0,0,0,0,0,0,0,100,0,0,0,0,0,0,0,0,0,1,0,0,1,0,0,0,0,1,0,0,0
0,0,0,0,0,100,0,0,0,0,0,0,0,0,0,0,100,0,0,0,0,0,0,0,0,0,0,100,0,0,0,0,0,0,0,0,0,1,0,0,1,0,0,0,0,1,0,0,0
0,0,0,0,0,100,0,0,0,0,0,0,0,0,0,0,100,0,0,0,0,0,0,0,0,0,0,100,0,0,0,0,0,0,0,0,0,1,0,0,1,0,0,0,0,1,0,0,0
0,0,0,0,0,100,0,0,0,0,0,0,0,0,0,0,100,0,0,0,0,0,0,0,0,0,0,100,0,0,0,0,0,0,0,0,0,1,0,0,1,0,0,0,0,1,0,0,0
0,0,0,0,0,100,0,0,0,0,0,0,0,0,0,0,100,0,0,0,0,0,0,0,0,0,0,100,0,0,0,0,0,0,0,0,0,1,0,0,1,0,0,0,0,1,0,0,0
0,0,0,0,0,100,0,0,0,0,0,0,0,0,0,0,100,0,0,0,0,0,0,0,0,0,0,100,0,0,0,0,0,0,0,0,0,1,0,0,1,0,0,0,0,1,0,0,0
0,0,0,0,0,100,0,0,0,0,0,0,0,0,0,0,100,0,0,0,0,0,0,0,0,0,0,100,0,0,0,0,0,0,0,0,0,1,0,0,1,0,0,0,0,1,0,0,0
0,0,0,0,0,100,0,0,0,0,0,0,0,0,0,0,100,0,0,0,0,0,0,0,0,0,0,100,0,0,0,0,0,0,0,0,0,1,0,0,1,0,0,0,0,1,0,0,0
0,0,0,0,0,100,0,0,0,0,0,0,0,0,0,0,100,0,0,0,0,0,0,0,0,0,0,100,0,0,0,0,0,0,0,0,0,1,0,0,1,0,0,0,0,1,0,0,0
0,0,0,0,0,100,0,0,0,0,0,0,0,0,0,0,100,0,0,0,0,0,0,0,0,0,0,100,0,0,0,0,0,0,0,0,0,1,0,0,1,0,0,0,0,1,0,0,0
0,0,0,0,0,100,0,0,0,0,0,0,0,0,0,0,100,0,0,0,0,0,0,0,0,0,0,100,0,0,0,0,0,0,0,0,0,1,0,0,1,0,0,0,0,1,0,0,0
0,0,0,0,0,100,0,0,0,0,0,0,0,0,0,0,100,0,0,0,0,0,0,0,0,0,0,100,0,0,0,0,0,0,0,0,0,1,0,0,1,0,0,0,0,1,0,0,0
0,0,0,0,0,100,0,0,0,0,0,0,0,0,0,0,100,0,0,0,0,0,0,0,0,0,0,100,0,0,0,0,0,0,0,0,0,1,0,0,1,0,0,0,0,1,0,0,0
0,0,0,0,0,100,0,0,0,0,0,0,0,0,0,0,100,0,0,0,0,0,0,0,0,0,0,100,0,0,0,0,0,0,0,0,0,1,0,0,1,0,0,0,0,1,0,0,0
0,0,0,0,0,100,0,0,0,0,0,0,0,0,0,0,100,0,0,0,0,0,0,0,0,0,0,100,0,0,0,0,0,0,0,0,0,1,0,0,1,0,0,0,0,1,0,0,0
0,0,0,0,0,100,0,0,0,0,0,0,0,0,0,0,100,0,0,0,0,0,0,0,0,0,0,100,0,0,0,0,0,0,0,0,0,1,0,0,1,0,0,0,0,1,0,0,0
0,0,0,0,0,100,0,0,0,0,0,0,0,0,0,0,100,0,0,0,0,0,0,0,0,0,0,100,0,0,0,0,0,0,0,0,0,1,0,0,1,0,0,0,0,1,0,0,0
0,0,0,0,0,100,0,0,0,0,0,0,0,0,0,0,100,0,0,0,0,0,0,0,0,0,0,100,0,0,0,0,0,0,0,0,0,1,0,0,1,0,0,0,0,1,0,0,0
0,0,0,0,0,100,0,0,0,0,0,0,0,0,0,0,100,0,0,0,0,0,0,0,0,0,0,100,0,0,0,0,0,0,0,0,0,1,0,0,1,0,0,0,0,1,0,0,0
0,0,0,0,0,100,0,0,0,0,0,0,0,0,0,0,100,0,0,0,0,0,0,0,0,0,0,100,0,0,0,0,0,0,0,0,0,1,0,0,1,0,0,0,0,1,0,0,0
0,0,0,0,0,100,0,0,0,0,0,0,0,0,0,0,100,0,0,0,0,0,0,0,0,0,0,100,0,0,0,0,0,0,0,0,0,1,0,0,1,0,0,0,0,1,0,0,0
0,0,0,0,0,100,0,0,0,0,0,0,0,0,0,0,100,0,0,0,0,0,0,0,0,0,0,100,0,0,0,0,0,0,0,0,0,1,0,0,1,0,0,0,0,1,0,0,0
0,0,0,0,0,100,0,0,0,0,0,0,0,0,0,0,100,0,0,0,0,0,0,0,0,0,0,100,0,0,0,0,0,0,0,0,0,1,0,0,1,0,0,0,0,1,0,0,0
0,0,0,0,0,100,0,0,0,0,0,0,0,0,0,0,100,0,0,0,0,0,0,0,0,0,0,100,0,0,0,0,0,0,0,0,0,1,0,0,1,0,0,0,0,1,0,0,0
0,0,0,0,0,100,0,0,0,0,0,0,0,0,0,0,100,0,0,0,0,0,0,0,0,0,0,100,0,0,0,0,0,0,0,0,0,1,0,0,1,0,0,0,0,1,0,0,0
0,0,0,0,0,100,0,0,0,0,0,0,0,0,0,0,100,0,0,0,0,0,0,0,0,0,0,100,0,0,0,0,0,0,0,0,0,1,0,0,1,0,0,0,0,1,0,0,0
0,0,0,0,0,100,0,0,0,0,0,0,0,0,0,0,100,0,0,0,0,0,0,0,0,0,0,100,0,0,0,0,0,0,0,0,0.014706,0.98529,0,0,1,0,0,0,0,1,0,0,0
0,0,0,0,0,100,0,0,0,0,0,0,0,0,0,0,100,0,0,0,0,0,0,0,0,0,0,100,0,0,0,0,0,0,0,0,0,1,0,0,1,0,0,0,0,1,0,0,0
0,0,0,0,0,100,0,0,0,0,0,0,0,0,0,0,100,0,0,0,0,0,0,0,0,0,0,100,0,0,0,0,0,0,0,0,0,1,0,0,1,0,0,0,0,1,0,0,0
0,0,0,0,0,100,0,0,0,0,0,0,0,0,0,0,100,0,0,0,0,0,0,0,0,0,0,100,0,0,0,0,0,0,0,0,0,1,0,0,1,0,0,0,0,1,0,0,0
0,0,0,0,0,100,0,0,0,0,0,0,0,0,0,0,100,0,0,0,0,0,0,0,0,0,0,100,0,0,0,0,0,0,0,0,0,1,0,0,1,0,0,0,0,1,0,0,0
0,0,0,0,0,100,0,0,0,0,0,0,0,0,0,0,100,0,0,0,0,0,0,0,0,0,0,100,0,0,0,0,0,0,0,0,0,1,0,0,1,0,0,0,0,1,0,0,0
0,0,0,0,0,100,0,0,0,0,0,0,0,0,0,0,100,0,0,0,0,0,0,0,0,0,0,100,0,0,0,0,0,0,0,0,0.15094,0.84906,0,0,1,0,0,0,0,1,0,0,0
0,0,0,0,0,100,0,0,0,0,0,0,0,0,0,0,100,0,0,0,0,0,0,0,0,0,0,100,0,0,0,0,0,0,0,0,0,1,0,0,1,0,0,0,0,1,0,0,0
0,0,0,0,0,100,0,0,0,0,0,0,0,0,0,0,100,0,0,0,0,0,0,0,0,0,0,100,0,0,0,0,0,0,0,0,0,1,0,0,1,0,0,0,0,1,0,0,0
0,0,0,0,0,100,0,0,0,0,0,0,0,0,0,0,100,0,0,0,0,0,0,0,0,0,0,100,0,0,0,0,0,0,0,0,0,1,0,0,1,0,0,0,0,1,0,0,0
0,0,0,0,0,100,0,0,0,0,0,0,0,0,0,0,100,0,0,0,0,0,0,0,0,0,0,100,0,0,0,0,0,0,0,0,0,1,0,0,1,0,0,0,0,1,0,0,0
0,0,0,0,0,100,0,0,0,0,0,0,0,0,0,0,100,0,0,0,0,0,0,0,0,0,0,100,0,0,0,0,0,0,0,0,0.012048,0.98795,0,0,1,0,0,0,0,1,0,0,0
0,0,0,0,0,100,0,0,0,0,0,0,0,0,0,0,100,0,0,0,0,0,0,0,0,0,0,100,0,0,0,0,0,0,0,0,0,1,0,0,1,0,0,0,0,1,0,0,0
0,0,0,0,0,100,0,0,0,0,0,0,0,0,0,0,100,0,0,0,0,0,0,0,0,0,0,100,0,0,0,0,0,0,0,0,0,1,0,0,1,0,0,0,0,1,0,0,0
0,0,0,0,0,100,0,0,0,0,0,0,0,0,0,0,100,0,0,0,0,0,0,0,0,0,0,100,0,0,0,0,0,0,0,0,0,1,0,0,1,0,0,0,0,1,0,0,0
0,0,0,0,0,100,0,0,0,0,0,0,0,0,0,0,100,0,0,0,0,0,0,0,0,0,0,50,50,0,0,0,0,0,0,0,0,1,0,0,1,0,0,0,0,1,0,0,0
0,0,8.7731,0,0,82.454,0,8.7731,0,0,0,0,8.7731,0,8.7731,8.7731,73.681,0,0,0,0,0,0,17.546,8.7731,0,0,17.546,56.135,0,0,0,0,0,0,0,0,1,0,0,1,0,0,0,0,1,0,0,0
0,0,0,0,82.551,17.449,0,0,0,0,0,0,0,17.449,47.652,0,17.449,0,0,17.449,0,0,0,0,0,0,0,17.449,0,34.899,47.652,0,0,0,0,0,0,1,0,0,1,0,0,0,0,1,0,0,0
0,0,0,0,100,0,0,0,0,0,0,0,0,0,50,0,0,0,0,50,0,0,0,0,0,0,0,0,0,50,50,0,0,0,0,0,0,1,0,0,1,0,0,0,0,1,0,0,0
0,0,0,0,54.554,31.416,7.0146,0,7.0146,0,0,0,0,16.545,14.451,0,23.981,7.0146,14.451,23.559,0,0,0,7.0146,7.0146,0,0,31.416,0,33.089,21.465,0,0,0,0,0,0,1,0,0,1,0,0,0,0,1,0,0,0
0,0,0,0,54.131,22.415,11.727,0,11.727,0,0,0,0,8.2625,11.727,14.152,8.2625,11.727,25.879,19.989,0,0,0,11.727,11.727,0,0,22.415,0,22.415,31.716,0,0,0,0,0,0.17143,0.82857,0,0,1,0,0,0,0,1,0,0,0
0,0,0,0,57.216,35.836,0,0,6.9477,0,0,6.9477,0,21.941,13.615,0,28.889,0,0,28.608,0,0,0,6.9477,0,0,6.9477,28.889,0,28.608,28.608,0,0,0,0,0,0,1,0,0,1,0,0,0,0,1,0,0,0
0,7.5049,0,9.4554,24.393,32.909,19.695,0,6.0422,0,0,9.4554,0,15.271,3.4133,7.5049,21.991,0,3.4133,23.942,0,15.01,0,15.498,14.331,7.5049,10.918,21.991,0,16.888,0,12.869,0,0,0,0,0,1,0,0,1,0,0,0,0,1,0,0,0
0,0,3.2832,14.278,23.53,34.629,20.996,0,3.2832,0,0,4.4283,0,22.137,17.813,3.2832,20.099,3.2832,14.53,11.142,0,3.2832,0,7.7115,12.14,0,4.4283,30.201,0,6.7142,16.816,18.706,3.2832,0,0,0,0,1,0,0,1,0,0,0,0,1,0,0,0
0,0,4.1732,25.178,8.0813,23.127,21.104,1.5933,16.743,0,0,10.122,1.825,11.053,13.225,5.9982,17.002,8.2138,9.0522,15.685,1.825,5.9982,0,24.158,13.457,3.65,2.7066,15.409,1.5933,0,8.0813,26.772,4.1732,0,0,0,0,1,0,0,1,0,0,0,0,1,0,0,0
0,0,0,0,50,50,0,0,0,0,0,0,21.573,0,0,21.215,35.996,0,0,14.004,7.2117,0,0,0,0,0,0,50,0,21.215,28.785,0,0,0,0,0,0.23214,0.76786,0,0,1,0,0,0,0,1,0,0,0
0,0,0,0,54.362,45.638,0,0,0,0,0,0,8.7242,0,0,18.457,36.914,0,0,8.7242,27.181,0,0,0,0,0,0,45.638,0,18.457,35.905,0,0,0,0,0,0.17778,0.82222,0,0,1,0,0,0,0,1,0,0,0
0,0,0,0,34.821,65.179,0,0,0,0,0,0,5.7009,0,0,23.42,36.058,0,0,29.121,5.7009,0,0,0,0,0,0,65.179,0,23.42,11.402,0,0,0,0,0,0,1,0,0,1,0,0,0,0,1,0,0,0
0,0,0,0,29.11,45.55,12.67,12.67,0,0,0,0,12.67,0,29.11,12.67,29.11,0,16.44,0,0,0,0,12.67,12.67,0,0,45.55,0,12.67,16.44,0,0,0,0,0,0.094595,0.90541,0,0,1,0,0,0,0,1,0,0,0
0,0,0,0,100,0,0,0,0,0,0,0,0,0,100,0,0,0,0,0,0,0,0,0,0,0,0,0,0,0,100,0,0,0,0,0,0.29091,0.70909,0,0,1,0,0,0,0,1,0,0,0
0,0,0,0,100,0,0,0,0,0,0,0,0,0,100,0,0,0,0,0,0,0,0,0,0,0,0,0,0,0,100,0,0,0,0,0,0,1,0,0,1,0,0,0,0,1,0,0,0
0,0,0,17.11,11.833,49.232,17.985,3.8395,0,0,0,3.8395,4.7153,0,12.394,16.548,28.845,0,24.227,0,4.7153,4.7153,0,3.8395,13.27,9.4306,0,36.838,3.8395,11.833,0,20.949,0,0,0,0,0,1,0,0,1,0,0,0,0,1,0,0,0
0,0,6.7025,20.27,3.6354,26.614,25.273,15.381,2.1236,0,0,5.631,3.6354,12.71,15.079,14.917,20.983,2.1236,9.32,9.9991,3.4781,2.1236,0,19.447,13.332,8.057,1.9421,12.715,8.2678,3.6354,0,25.901,6.7025,0,0,0,0,1,0,0,1,0,0,0,0,1,0,0,0
0,0,11.299,0,20.317,35.332,16.526,16.526,0,0,0,11.299,9.0183,0,9.0183,20.317,35.332,0,0,7.5076,7.5076,0,11.299,27.825,9.0183,7.5076,0,35.332,0,9.0183,0,0,0,0,0,0,0,1,0,0,1,0,0,0,0,1,0,0,0
0,0,4.433,12.881,0,52.898,17.105,4.433,8.2503,0,0,0,4.2239,4.433,4.2239,21.34,48.674,0,4.2239,4.433,4.2239,4.2239,0,4.433,8.4478,12.881,16.501,27.741,4.433,0,0,12.881,12.683,0,0,0,0,1,0,0,1,0,0,0,0,1,0,0,0
0,0,0,0,43.546,56.454,0,0,0,0,0,0,21.773,0,0,0,34.68,0,0,21.773,21.773,0,0,0,0,0,0,56.454,0,0,43.546,0,0,0,0,0,0,1,0,0,1,0,0,0,0,1,0,0,0
0,0,0,0,60,0,0,20,0,20,0,20,0,20,0,0,40,0,0,0,20,0,0,20,40,0,0,0,0,20,20,0,0,0,0,0,0,1,0,0,1,0,0,0,0,1,0,0,0
0,0,0,0,31.574,68.426,0,0,0,0,0,0,13.775,0,0,8.8996,68.426,0,0,0,8.8996,0,0,0,0,0,0,68.426,0,8.8996,22.674,0,0,0,0,0,0,1,0,0,1,0,0,0,0,1,0,0,0
0,0,0,0,10.874,89.126,0,0,0,0,0,0,0,0,0,0,89.126,0,0,0,10.874,0,0,0,10.874,0,0,89.126,0,0,0,0,0,0,0,0,0,1,0,0,1,0,0,0,0,1,0,0,0
0,0,14.182,0,20.478,23.325,0,6.8259,0,35.19,0,6.8259,0,21.008,0,14.182,36.977,0,0,0,21.008,0,14.182,6.8259,13.652,0,0,23.325,0,6.8259,35.19,0,0,0,0,0,0,1,0,0,1,0,0,0,0,1,0,0,0
0,18.128,37.441,0,0,8.7676,8.7676,8.7676,18.128,0,0,8.7676,0,0,0,18.721,45.616,0,0,0,8.7676,18.128,18.128,46.209,0,17.535,0,8.7676,0,0,0,0,9.3604,0,0,0,0,1,0,0,1,0,0,0,0,1,0,0,0
0,0,0,0,18.739,57.799,0,6.2463,10.97,6.2463,0,6.2463,0,6.2463,0,0,70.291,10.97,0,0,6.2463,0,0,17.216,12.493,0,0,57.799,0,6.2463,6.2463,0,0,0,0,0,0,1,0,0,1,0,0,0,0,1,0,0,0
0,0,11.11,22.22,7.9132,47.646,0,0,11.11,0,0,0,0,0,11.11,0,58.756,11.11,11.11,0,7.9132,0,0,22.22,7.9132,0,0,47.646,0,0,22.22,0,0,0,0,0,0,1,0,0,1,0,0,0,0,1,0,0,0
0,0,19.605,19.225,12.149,31.612,0,5.2605,12.149,0,0,12.149,10.521,8.7045,5.4504,14.155,35.056,0,8.7045,0,0,5.2605,0,35.198,5.2605,5.2605,0,20.782,10.83,3.4441,8.7045,0,10.521,0,0,0,0,1,0,0,1,0,0,0,0,1,0,0,0
0,0,0,0,0,86.415,0,0,13.585,0,0,13.585,0,0,0,0,86.415,0,0,0,0,0,0,13.585,0,0,0,86.415,0,0,0,0,0,0,0,0,0,1,0,0,1,0,0,0,0,1,0,0,0
0,9.1745,17.148,14.122,26.742,29.645,0,3.1687,0,0,0,0,7.1755,13.714,3.1687,17.589,38.357,0,13.714,0,0,6.2807,0,30.696,12.079,4.0401,2.2406,8.578,15.657,12.587,10.38,0,3.7424,0,0,0,0,1,0,0,1,0,0,0,0,1,0,0,0
0,0,28.024,0,0,54.136,0,7.658,10.183,0,0,10.183,7.658,0,17.841,17.841,46.478,0,0,0,0,0,0,45.864,7.658,0,0,46.478,0,0,0,0,0,0,0,0,0,1,0,0,1,0,0,0,0,1,0,0,0
0,0,0,0,0,100,0,0,0,0,0,0,0,0,0,0,100,0,0,0,0,0,0,0,0,0,0,100,0,0,0,0,0,0,0,0,0,1,0,0,1,0,0,0,0,1,0,0,0
0,0,0,0,0,100,0,0,0,0,0,0,0,0,0,0,100,0,0,0,0,0,0,0,0,0,0,100,0,0,0,0,0,0,0,0,0,1,0,0,1,0,0,0,0,1,0,0,0
0,0,0,0,0,100,0,0,0,0,0,0,0,0,0,0,100,0,0,0,0,0,0,0,0,0,0,100,0,0,0,0,0,0,0,0,0,1,0,0,1,0,0,0,0,1,0,0,0
0,0,0,0,0,100,0,0,0,0,0,0,0,0,0,0,100,0,0,0,0,0,0,0,0,0,0,100,0,0,0,0,0,0,0,0,0,1,0,0,1,0,0,0,0,1,0,0,0
0,29.001,20.389,9.3872,3.1291,26.223,0,6.2401,5.63,0,0,5.63,17.999,20.5,0,14.87,14.371,3.111,11.759,0,0,11.759,3.111,26.019,23.5,14.87,8.741,11.26,3.111,0,3.1291,0,6.2582,0,0,0,0,1,0,0,1,0,0,0,0,1,0,0,0
0,0,0,0,0,100,0,0,0,0,0,0,0,0,0,0,87.423,12.577,0,0,0,0,0,0,0,0,0,87.423,12.577,0,0,0,0,0,0,0,0,1,0,0,1,0,0,0,0,1,0,0,0
0,29.183,18.634,7.479,7.0176,33.829,0,3.8575,0,0,0,0,7.3885,14.867,0,10.785,27.456,10.455,11.01,3.8575,0,14.181,3.8575,14.777,25.416,10.785,3.396,16.592,13.841,0,3.8575,3.8575,3.6215,0,0,0,0,1,0,0,1,0,0,0,0,1,0,0,0
0,5.59,0,0,0,88.82,0,5.59,0,0,0,0,5.59,5.59,0,5.59,77.64,5.59,0,0,0,0,5.59,0,5.59,5.59,5.59,72.05,5.59,0,0,0,0,0,0,0,0,1,0,0,1,0,0,0,0,1,0,0,0
0,0,0,0,0,100,0,0,0,0,0,0,0,0,0,0,100,0,0,0,0,0,0,0,0,0,0,100,0,0,0,0,0,0,0,0,0,1,0,0,1,0,0,0,0,1,0,0,0
0,0,0,0,0,100,0,0,0,0,0,0,0,0,0,0,100,0,0,0,0,0,0,0,0,0,0,100,0,0,0,0,0,0,0,0,0,1,0,0,1,0,0,0,0,1,0,0,0
0,0,0,0,0,100,0,0,0,0,0,0,0,0,0,0,100,0,0,0,0,0,0,0,0,0,0,100,0,0,0,0,0,0,0,0,0,1,0,0,1,0,0,0,0,1,0,0,0
0,0,0,0,0,100,0,0,0,0,0,0,0,0,0,0,100,0,0,0,0,0,0,0,0,0,0,100,0,0,0,0,0,0,0,0,0.060241,0.93976,0,0,1,0,0,0,0,1,0,0,0
0,0,0,0,0,100,0,0,0,0,0,0,0,0,0,0,100,0,0,0,0,0,0,0,0,0,0,100,0,0,0,0,0,0,0,0,0.077778,0.92222,0,0,1,0,0,0,0,1,0,0,0
0,0,0,0,0,100,0,0,0,0,0,0,0,0,0,0,100,0,0,0,0,0,0,0,0,0,0,100,0,0,0,0,0,0,0,0,0.11111,0.88889,0,0,1,0,0,0,0,1,0,0,0
0,1.851,17.821,0,0,43.748,8.7774,12.737,9.2548,0,5.8106,13.472,7.6616,4.1543,1.851,21.781,29.371,0,0,8.7774,6.9265,6.0053,0,32.409,1.851,14.588,9.965,23.818,9.965,0,3.7019,0,3.7019,0,0,0,0,1,0,0,1,0,0,0,0,1,0,0,0
0,8.5691,18.334,0,0,59.761,1.667,0,8.3349,1.667,1.667,1.667,0,11.667,0,20.001,43.095,0,5.0009,1.667,0,16.902,0,20.001,8.5691,1.667,8.3333,43.095,8.3333,0,0,6.6679,3.334,0,0,0,0,1,0,0,1,0,0,0,0,1,0,0,0
0,8.2922,16.947,4.728,0,26.601,6.7163,5.8671,28.867,0.9902,0.9902,8.2922,3.011,6.948,4.5869,17.921,33.142,1.576,6.1226,4.0012,4.2911,10.108,2.7151,25.24,5.5771,9.4314,12.533,10.677,3.3916,0,6.0219,11.841,12.573,0,0,0,0.02381,0.97619,0,0,1,0,0,0,0,1,0,0,0
0,4.2034,9.6026,0,0,40.113,4.2034,3.2938,31.094,2.0979,5.3918,10.791,5.3993,4.1958,2.1054,22.966,32.938,0,13.198,4.2034,0,4.2034,0,17.1,4.2034,7.4972,9.6407,27.179,3.2938,0,4.2109,15.295,11.58,0,0,0,0,1,0,0,1,0,0,0,0,1,0,0,0
0,0,0,0,0,100,0,0,0,0,0,0,0,0,0,0,100,0,0,0,0,0,0,0,0,0,0,100,0,0,0,0,0,0,0,0,0,1,0,0,1,0,0,0,0,1,0,0,0
0,0,0,0,0,100,0,0,0,0,0,0,0,0,0,0,100,0,0,0,0,0,0,0,0,0,0,100,0,0,0,0,0,0,0,0,0,1,0,0,1,0,0,0,0,1,0,0,0
0,7.9649,32.714,10.69,0,10.687,9.265,10.689,14.426,0,3.5624,12.304,5.1778,3.5635,5.1788,25.526,27.98,3.5635,7.127,1.6153,3.5635,4.4015,2.7861,41.456,5.1788,12.827,3.5624,3.5624,3.5624,0,3.2306,17.817,6.0168,0,0,0,0,1,0,0,1,0,0,0,0,1,0,0,0
0,0,0,0,0,100,0,0,0,0,0,0,0,11.897,15.77,11.897,10.437,38.103,0,11.897,0,0,27.667,11.897,0,0,0,10.437,27.667,10.437,11.897,0,0,0,0,0,0.066667,0.93333,0,0,1,0,0,0,0,1,0,0,0
0,0,0,0,0,69.353,0,0,15.323,15.323,0,15.323,0,0,12.902,15.323,30.647,12.902,0,12.902,0,0,25.804,0,15.323,0,0,30.647,0,12.902,0,15.323,0,0,0,0,0,1,0,0,1,0,0,0,0,1,0,0,0
0,0,0,0,0,73.85,0,0,7.2356,0,18.915,0,0,0,7.2356,0,73.85,0,18.915,0,0,0,0,0,0,0,0,73.85,0,18.915,0,7.2356,0,0,0,0,0.027027,0.97297,0,0,1,0,0,0,0,1,0,0,1
0,0,10.951,0,17.249,40.937,3.612,0,10.951,8.1501,8.1501,3.2065,14.563,11.762,3.2065,3.612,27.015,14.327,3.2065,3.2065,15.895,0,10.025,4.5381,3.2065,3.612,0,23.403,3.612,25.684,8.1501,14.563,3.2065,0,0,0.025641,0.025641,0.94872,0,0,1,0,0,0,0,1,0,0,0
0,0,11.569,0,20.789,28.411,9.2207,0,11.569,0,18.441,5.7843,20.789,9.2207,15.005,0,22.627,0,15.005,5.7843,5.7843,0,11.569,0,5.7843,9.2207,0,22.627,0,33.447,0,11.569,5.7843,0,0,0,0,1,0,0,1,0,0,0,0,1,0,0,0
0,0,0,0,0,100,0,0,0,0,0,0,0,0,0,0,100,0,0,0,0,0,0,0,0,0,0,100,0,0,0,0,0,0,0,0,0.044444,0.95556,0,0,1,0,0,0,0,1,0,0,0
0,0,0,0,0,100,0,0,0,0,0,0,0,0,0,0,100,0,0,0,0,0,0,0,0,0,0,100,0,0,0,0,0,0,0,0,0,1,0,0,1,0,0,0,0,1,0,0,0
0,0,0,0,0,100,0,0,0,0,0,0,0,0,0,0,100,0,0,0,0,0,0,0,0,0,0,100,0,0,0,0,0,0,0,0,0,1,0,0,1,0,0,0,0,1,0,0,0
0,0,0,0,15.366,38.537,15.366,0,0,0,30.731,0,15.366,15.366,15.366,0,38.537,0,15.366,0,0,0,0,0,0,15.366,0,38.537,0,46.097,0,0,0,0,0,0,0,1,0,0,1,0,0,0,0,1,0,0,0
0,0,4.4341,38.938,0,22.559,25.335,0,8.734,0,0,9.525,0,33.824,9.6592,4.4341,13.034,4.4341,10.328,10.328,0,4.4341,0,13.959,14.884,0,9.525,13.034,0,0,0,44.163,4.4341,0,0,0,0,1,0,0,1,0,0,0,0,1,0,0,0
0,0,1.3395,30.814,4.9654,19.399,31.139,5.766,6.5774,0,0,11.98,1.6538,13.137,16.448,4.3328,9.8606,2.4827,18.888,17.91,1.6538,1.6538,0,19.896,17.134,4.6471,3.4585,4.0946,5.766,0,4.9654,38.699,1.3395,0,0,0,0,1,0,0,1,0,0,0,0,1,0,0,0
0,0,8.0559,30.369,0,23.391,19.092,8.8665,10.226,0,0,11.036,0,11.545,12.087,12.623,19.092,3.4887,8.5985,18.041,0,3.4887,0,25.829,7.7879,4.5672,0,10.226,8.8665,0,0,34.668,8.0559,0,0,0,0,1,0,0,1,0,0,0,0,1,0,0,1
0,0,8.6544,37.343,2.3665,15.325,25.29,6.4769,4.5439,0,0,1.3554,5.3156,22.083,11.215,18.08,11.021,4.5439,7.3913,8.5526,2.9491,7.493,0,12.376,15.519,10.009,1.3554,6.9105,4.1104,2.3665,0,38.698,8.6544,0,0,0,0,1,0,0,1,0,0,0,0,1,0,0,1
0,0,1.6967,40.453,0,23.56,23.921,8.673,1.6967,0,0,5.0721,4.5169,11.486,16.358,6.2136,13.971,1.6967,18.707,7.6473,8.1179,6.2136,0,10.37,15.803,12.635,0,8.8986,5.0721,0,0,45.525,1.6967,0,0,0,0,1,0,0,1,0,0,0,0,1,0,0,1
0,0,5.622,0,53.275,5.622,0,12.172,0,23.309,0,17.794,0,12.172,0,5.622,41.103,0,0,0,23.309,0,5.622,17.794,24.344,0,0,5.622,0,23.309,23.309,0,0,0,0,0,0,1,0,0,1,0,0,0,0,1,0,0,0
0,4.1223,18.364,25.955,0,16.912,10.777,5.5034,18.367,0,0,4.1223,0,1.3811,15.626,9.4164,47.061,5.2013,10.329,0,4.1223,2.7413,2.7413,26.307,1.3811,13.518,0,2.7413,14.171,0,21.811,6.9053,10.425,0,0,0,0,1,0,0,1,0,0,0,0,1,0,0,0
0,0,23.354,0,14.22,9.2148,0,7.5089,0,45.702,0,4.2476,0,19.107,0,23.354,24.212,0,0,0,29.079,0,23.354,4.2476,9.9925,0,0,9.2148,0,7.4884,45.702,0,0,0,0,0,0,1,0,0,1,0,0,0,0,1,0,0,0
0,3.2268,22.431,17.968,0,35.791,0,0,20.582,0,0,0,0,0,8.4439,6.4536,63.44,8.9115,9.5242,0,0,3.2268,3.2268,31.343,0,0,0,17.823,17.968,0,17.968,0,11.671,0,0,0,0,1,0,0,1,0,0,0,0,1,0,0,0
0,0,32.441,0,0,27.856,0,32.441,7.262,0,0,7.262,4.444,27.997,4.444,32.441,23.412,0,0,0,0,0,27.997,44.147,4.444,0,0,23.412,0,0,0,0,0,0,0,0,0,1,0,0,1,0,0,0,0,1,0,0,0
0,7.3848,14.675,35.257,16.405,14.968,0,11.31,0,0,0,0,27.06,13.446,1.884,12.992,20.064,0,13.446,0,0,11.108,0,16.559,19.35,11.108,0,3.7679,9.3166,4.6414,9.426,0,25.831,0,0,0,0,1,0,0,1,0,0,0,0,1,0,0,0
0,8.3867,10.953,25.946,26.989,24.423,0,3.3034,0,0,0,0,6.6067,19.339,0,10.953,40.459,0,19.339,0,0,3.3034,0,18.602,20.077,3.3034,0,0,24.423,7.6493,10.953,0,14.993,0,0,0,0,1,0,0,1,0,0,0,0,1,0,0,0
0,0,0,0,0,100,0,0,0,0,0,0,0,0,0,0,100,0,0,0,0,0,0,0,0,0,0,75,25,0,0,0,0,0,0,0,1,0,0,0,1,0,0,0,0,1,0,0,0
0,0,0,0,0,100,0,0,0,0,0,0,0,0,0,6.3918,93.608,0,0,0,0,0,0,0,0,0,0,45.949,54.051,0,0,0,0,0,0,0,1,0,0,0,1,0,0,0,0,1,0,0,0
0,0,0,0,0,100,0,0,0,0,0,0,0,0,0,21.211,54.545,24.244,0,0,0,0,0,0,0,0,0,78.789,21.211,0,0,0,0,0,0,0,1,0,0,0,1,0,0,0,0,1,0,0,0
0,0,0,0,0,100,0,0,0,0,0,0,0,0,0,22.993,54.014,22.993,0,0,0,0,0,0,0,0,0,70.653,29.347,0,0,0,0,0,0,0,1,0,0,0,1,0,0,0,0,1,0,0,0
0,17.14,3.762,13.252,17.819,41.181,0,6.8457,0,0,0,0,8.6994,14.537,0,15.119,32.523,4.9921,9.545,0,0,14.584,4.9921,5.6703,24.777,13.211,11.357,6.3652,18.467,1.9083,3.762,0,9.4904,0,0,0,0,1,0,0,1,0,0,0,0,1,0,0,0
0,24.376,19.454,16.214,15.584,19.411,0,4.9602,0,0,0,0,21.136,15.346,0,15.346,23.758,3.013,12.333,0,0,9.0682,3.013,22.719,19.202,12.081,3.013,0,13.385,10.372,5.212,0,11.002,0,0,0,0,1,0,0,1,0,0,0,0,1,0,0,0
0,0,40.835,40.835,0,0,0,18.33,0,0,0,0,0,18.33,22.505,0,0,40.835,0,18.33,0,0,18.33,0,0,0,0,0,0,0,18.33,63.34,0,0,0,0,0,1,0,0,1,0,0,0,0,1,0,0,1
0,0,0,0,0,100,0,0,0,0,0,0,0,0,0,0,100,0,0,0,0,0,0,0,0,0,0,100,0,0,0,0,0,0,0,0,0,1,0,0,1,0,0,0,0,1,0,0,0
0,0,0,0,0,84.596,0,15.404,0,0,0,0,0,0,0,18.097,32.999,48.904,0,0,0,0,0,15.404,0,0,0,66.499,18.097,0,0,0,0,0,0,0,1,0,0,0,1,0,0,0,0,1,0,0,0
0,0,0,0,0,57.424,27.728,14.848,0,0,0,0,0,0,0,0,85.152,14.848,0,0,0,0,0,14.848,0,27.728,0,57.424,0,0,0,0,0,0,0,0,0.65306,0.34694,0,0,1,0,0,0,0,1,0,0,0
0,0,0,0,0,100,0,0,0,0,0,0,0,0,0,0,91.164,8.8358,0,0,0,0,0,0,0,0,0,91.164,8.8358,0,0,0,0,0,0,0,0,1,0,0,1,0,0,0,0,1,0,0,0
0,0,0,0,0,82.625,0,17.375,0,0,0,0,0,0,0,0,50.708,49.292,0,0,0,0,0,17.375,0,0,0,82.625,0,0,0,0,0,0,0,0,0.90323,0.096774,0,0,1,0,0,0,0,1,0,0,0
0,0,0,0,0,50,29.723,20.277,0,0,0,0,0,0,8.1142,0,59.446,32.44,0,0,0,0,8.1142,12.163,0,29.723,0,50,0,0,0,0,0,0,0,0,0,1,0,0,1,0,0,0,0,1,0,0,0
0,0,0,0,0,69.306,30.694,0,0,0,0,0,0,0,0,0,100,0,0,0,0,0,0,0,0,30.694,0,69.306,0,0,0,0,0,0,0,0,0,1,0,0,1,0,0,0,0,1,0,0,0
0,0,0,0,0,100,0,0,0,0,0,0,0,0,0,0,100,0,0,0,0,0,0,0,0,0,0,100,0,0,0,0,0,0,0,0,0,1,0,0,1,0,0,0,0,1,0,0,0
0,0,0,0,0,50,50,0,0,0,0,0,0,0,0,0,100,0,0,0,0,0,0,0,0,50,0,50,0,0,0,0,0,0,0,0,0,1,0,0,1,0,0,0,0,1,0,0,0
0,0,9.3293,0,0,90.671,0,0,0,0,0,0,9.3293,0,0,0,81.341,9.3293,0,0,0,0,0,9.3293,0,0,9.3293,72.012,9.3293,0,0,0,0,0,0,0,0,1,0,0,1,0,0,0,0,1,0,0,0
0,0,0,0,0,100,0,0,0,0,0,0,0,0,0,0,100,0,0,0,0,0,0,0,0,0,0,90.434,9.5655,0,0,0,0,0,0,0,1,0,0,0,1,0,0,0,0,1,0,0,0
0,0,0,0,0,61.446,0,0,38.554,0,0,0,0,10.025,12.867,15.662,61.446,0,0,0,0,0,0,0,0,0,0,61.446,0,0,0,0,38.554,0,0,0,1,0,0,0,1,0,0,0,0,1,0,0,0
0,0,0,0,0,100,0,0,0,0,0,0,0,0,0,0,100,0,0,0,0,0,0,0,0,0,0,100,0,0,0,0,0,0,0,0,1,0,0,0,1,0,0,0,0,1,0,0,0
0,0,0,0,0,66.667,0,0,33.333,0,0,0,0,0,13.208,20.126,66.667,0,0,0,0,0,0,0,0,0,0,66.667,0,0,0,0,33.333,0,0,0,0.96296,0.037037,0,0,1,0,0,0,0,1,0,0,0
0,0,0,0,0,83.381,0,0,16.619,0,0,0,0,0,9.5448,7.0737,83.381,0,0,0,0,0,0,0,0,0,0,83.381,0,0,0,0,16.619,0,0,0,0,1,0,0,1,0,0,0,0,1,0,0,0
0,0,0,0,0,87.354,0,0,12.646,0,0,0,0,0,12.646,0,87.354,0,0,0,0,0,0,0,0,0,0,87.354,0,0,0,0,12.646,0,0,0,0,1,0,0,1,0,0,0,0,1,0,0,0
0,0,0,0,0,77.345,0,0,22.655,0,0,0,0,0,6.4675,16.187,77.345,0,0,0,0,0,0,0,0,0,0,77.345,0,0,0,0,22.655,0,0,0,0,1,0,0,1,0,0,0,0,1,0,0,0
0,0,0,0,0,84.049,0,0,15.951,0,0,0,0,0,0,15.951,84.049,0,0,0,0,0,0,0,0,0,0,84.049,0,0,0,0,15.951,0,0,0,0,1,0,0,1,0,0,0,0,1,0,0,0
0,0,0,0,0,100,0,0,0,0,0,0,0,0,0,0,100,0,0,0,0,0,0,0,0,0,0,100,0,0,0,0,0,0,0,0,0,1,0,0,1,0,0,0,0,1,0,0,0
0,0,0,0,0,100,0,0,0,0,0,0,0,0,0,0,100,0,0,0,0,0,0,0,0,0,0,100,0,0,0,0,0,0,0,0,0,1,0,0,1,0,0,0,0,1,0,0,0
0,0,0,0,0,100,0,0,0,0,0,0,0,0,0,0,100,0,0,0,0,0,0,0,0,0,0,100,0,0,0,0,0,0,0,0,0,1,0,0,1,0,0,0,0,1,0,0,0
0,0,0,0,0,100,0,0,0,0,0,0,0,0,0,0,100,0,0,0,0,0,0,0,0,0,0,100,0,0,0,0,0,0,0,0,0,1,0,0,1,0,0,0,0,1,0,0,0
0,0,0,0,0,100,0,0,0,0,0,0,0,0,0,12.328,67.014,20.658,0,0,0,0,0,0,0,0,0,87.672,12.328,0,0,0,0,0,0,0,0.9863,0.013699,0,0,1,0,0,0,0,1,0,0,0
0,0,9.8714,0,0,59.871,14.258,15.999,0,0,0,14.258,9.8714,0,0,0,50,9.8714,0,0,0,15.999,30.257,9.8714,0,0,9.8714,40.129,9.8714,0,0,0,0,0,0,0,0,1,0,0,1,0,0,0,0,1,0,0,0
0,0,0,0,0,47.091,47.091,5.818,0,0,0,47.091,0,0,0,0,41.273,5.818,0,0,0,5.818,52.909,0,0,0,0,41.273,5.818,0,0,0,0,0,0,0,0,1,0,0,1,0,0,0,0,1,0,0,0
0,0,11.125,20.404,0,48.751,9.8602,9.8602,0,0,0,9.8602,11.125,0,0,0,38.891,9.8602,0,0,20.404,9.8602,19.72,31.529,0,0,9.2785,29.612,9.8602,0,0,0,0,0,0,0,0,1,0,0,1,0,0,0,0,1,0,0,0
0,0,0,0,0,47.357,5.2853,47.357,0,0,0,5.2853,0,0,0,0,42.072,5.2853,0,0,0,47.357,52.643,0,0,0,0,42.072,5.2853,0,0,0,0,0,0,0,0,1,0,0,1,0,0,0,0,1,0,0,0
0,0,0,0,0,100,0,0,0,0,0,0,0,0,0,0,100,0,0,0,0,0,0,0,0,0,0,100,0,0,0,0,0,0,0,0,0,1,0,0,1,0,0,0,0,1,0,0,0
0,0,0,0,0,100,0,0,0,0,0,0,0,0,0,0,100,0,0,0,0,0,0,0,0,0,0,100,0,0,0,0,0,0,0,0,0,1,0,0,1,0,0,0,0,1,0,0,0
0,0,0,0,0,100,0,0,0,0,0,0,0,0,0,0,100,0,0,0,0,0,0,0,0,0,0,100,0,0,0,0,0,0,0,0,0,1,0,0,1,0,0,0,0,1,0,0,0
0,0,0,0,0,100,0,0,0,0,0,0,0,0,0,0,100,0,0,0,0,0,0,0,0,0,0,100,0,0,0,0,0,0,0,0,0,1,0,0,1,0,0,0,0,1,0,0,0
0,0,0,0,0,100,0,0,0,0,0,0,0,0,0,0,100,0,0,0,0,0,0,0,0,0,0,100,0,0,0,0,0,0,0,0,0,1,0,0,1,0,0,0,0,1,0,0,0
0,0,0,0,0,100,0,0,0,0,0,0,0,0,0,0,100,0,0,0,0,0,0,0,0,0,0,100,0,0,0,0,0,0,0,0,0,1,0,0,1,0,0,0,0,1,0,0,0
0,0,0,0,0,100,0,0,0,0,0,0,0,0,0,0,100,0,0,0,0,0,0,0,0,0,0,100,0,0,0,0,0,0,0,0,0,1,0,0,1,0,0,0,0,1,0,0,0
0,0,0,0,0,100,0,0,0,0,0,0,0,0,0,0,100,0,0,0,0,0,0,0,0,0,0,100,0,0,0,0,0,0,0,0,0,1,0,0,1,0,0,0,0,1,0,0,0
0,0,9.3772,81.246,0,0,0,9.3772,0,0,0,0,0,9.3772,35.934,0,0,9.3772,0,45.311,0,0,9.3772,0,0,0,0,0,0,0,45.311,45.311,0,0,0,0,0,1,0,0,1,0,0,0,0,1,0,0,1
0,14.057,14.057,18.094,0,26.49,0,12.433,0,14.868,0,19.718,5.6612,0,6.7721,0,14.057,5.6612,25.379,0,15.979,6.7721,4.8498,9.2071,21.64,19.718,0,14.057,0,5.6612,12.433,12.433,0,0.0086957,0,0,0.0086957,0.98261,0,0,1,0,0,0,0,1,0,0,1
0,5.0585,13.702,9.5619,4.209,28.109,2.9183,8.0505,20.999,2.8918,4.5001,10.41,2.676,12.185,4.1145,18.101,27.675,2.1402,10.66,3.9594,3.2343,4.8451,1.0941,21.275,3.9644,6.6884,7.1906,6.9908,8.8117,8.418,1.9743,23.113,10.479,0,0,0.6,0.1,0.3,0,0,1,0,0,0,0,1,0,0,1
0,5.3738,15.386,6.6804,6.0858,34.209,2.3962,3.1512,23.163,2.3982,1.156,5.7059,3.5523,8.0174,6.6062,14.038,39.026,2.2467,5.7186,7.1927,0.99759,6.8982,0,18.352,5.3738,3.5523,3.678,12.618,9.7638,12.172,9.2539,14.797,10.439,0,0,0.88679,0.018868,0.09434,0,0,1,0,0,0,0,1,0,0,1
0,4.7413,11.685,10.584,8.7685,23.019,3.0408,3.401,29.307,4.3693,1.0832,4.7413,1.9576,5.7151,10.578,13.093,33.879,3.5487,12.133,9.613,1.7005,3.0408,0,16.775,4.7413,3.0408,0,0,8.7685,17.537,12.684,27.086,9.3677,0,0,0,0,1,0,0,1,0,0,0,0,1,0,0,1
0,3.6659,5.5407,13.072,10.59,28.089,2.8383,1.655,30.968,1.791,1.791,3.6659,1.0474,17,3.5537,8.8146,39.418,6.0582,13.938,2.8383,0.82752,2.8383,0,10.885,3.6659,2.8383,0,0,10.59,21.179,9.0042,28.801,13.037,0,0,0,0.04,0.96,0,0,1,0,0,0,0,1,0,0,1
0,21.221,0,0,0,69.695,0,0,9.0845,0,0,0,0,0,0,9.0845,60.61,0,9.0845,0,0,21.221,0,0,21.221,0,0,69.695,0,0,0,9.0845,0,0,0,0,0,1,0,0,1,0,0,0,0,1,0,0,0
0,0,0,0,0,75.711,12.145,12.145,0,0,0,0,0,0,12.145,0,75.711,12.145,0,0,0,0,12.145,0,0,12.145,0,75.711,0,0,0,0,0,0,0,0,0.92593,0.074074,0,0,1,0,0,0,0,1,0,0,0
0,0,0,0,0,54.198,27.941,17.861,0,0,0,0,0,0,28.179,0,44.841,26.98,0,0,0,0,9.5303,8.3307,0,9.2917,18.649,54.198,0,0,0,0,0,0,0,0,0,1,0,0,1,0,0,0,0,1,0,0,0
0,2.0614,2.0614,0,0,72.229,2.0614,0,17.464,2.0614,2.0614,2.0614,0,4.1229,0,11.279,65.073,0,13.341,2.0614,0,2.0614,0,4.1229,2.0614,2.0614,0,72.229,0,0,0,15.402,4.1229,0,0,0.016129,0,0.98387,0,0,1,0,0,0,0,1,0,0,0
0,0,0,0,0,50,0,50,0,0,0,0,0,0,50,0,50,0,0,0,0,0,50,0,0,0,0,50,0,0,0,0,0,0,0,0,0.92593,0.074074,0,0,1,0,0,0,0,1,0,0,0
0,0,0,0,0,38.895,52.762,8.343,0,0,0,0,0,0,15.762,14.791,24.105,45.343,0,0,0,0,8.343,0,0,15.762,37,38.895,0,0,0,0,0,0,0,0,0,1,0,0,1,0,0,0,0,1,0,0,0
0,0,0,0,0,62.56,27.276,10.164,0,0,0,0,0,0,19.266,8.0092,53.458,19.266,0,0,0,0,10.164,0,0,10.164,17.111,54.551,8.0092,0,0,0,0,0,0,0,0,1,0,0,1,0,0,0,0,1,0,0,0
0,0,0,0,0,100,0,0,0,0,0,0,0,0,0,0,100,0,0,0,0,0,0,0,0,0,0,75,25,0,0,0,0,0,0,0,0,1,0,0,1,0,0,0,0,1,0,0,0
0,0,0,0,0,52.45,47.55,0,0,0,0,0,0,0,8.1814,6.9269,45.524,39.368,0,0,0,0,0,0,0,8.1814,39.368,30.115,22.335,0,0,0,0,0,0,0,0,1,0,0,1,0,0,0,0,1,0,0,0
0,0,4.6067,0,0,85.787,5,0,4.6067,0,0,0,0,4.6067,0,32.034,63.359,0,0,0,0,0,4.6067,0,0,0,5,40.539,45.248,0,0,4.6067,0,0,0,0,0,1,0,0,1,0,0,0,0,1,0,0,0
0,6.9761,12.347,5.4938,6.4333,23.566,5.9172,4.2479,30.828,1.7851,2.4056,9.0369,3.9433,7.0073,5.6627,13.992,38.724,0.99217,5.8692,5.108,2.6881,6.9761,3.7469,21.225,3.2292,10.165,1.5598,4.2479,7.9931,12.867,9.0383,13.148,12.78,0,0,0,0,1,0,0,1,0,0,0,0,1,0,0,1
0,0,0,3.0572,3.0572,89.536,0,0,4.3496,0,0,0,0,1.7648,38.343,2.5848,9.1716,38.815,3.0572,6.2635,0,0,43.314,1.2924,0,0,0,0,33.844,12.378,3.0572,6.1144,0,0,0,0,0.1875,0.8125,0,0,1,0,0,0,0,1,0,0,1
0,3.9462,9.0799,14.315,9.3198,29.476,1.6605,4.5714,24.421,2.536,0.67423,3.9462,0.9863,17.578,5.1337,6.5933,37.717,7.2033,9.5388,7.3568,2.2857,1.6605,1.9728,13.137,3.9462,1.6605,0,0,11.293,18.64,8.7519,26.39,14.209,0,0,0,0,1,0,0,1,0,0,0,0,1,0,0,1
0,2.0233,8.8592,8.2274,11.149,36.152,1.0446,1.9574,22.641,6.9018,1.0446,2.0233,0,10.424,9.8095,11.735,36.742,3.6989,8.0647,15.479,0.9787,1.0446,2.7202,10.719,2.0233,1.0446,0,0,13.869,22.297,11.551,23.194,12.582,0,0,0,0,1,0,0,1,0,0,0,0,1,0,0,1
0,6.0473,43.495,25.105,0,13.507,0,0,11.846,0,0,0,0,0,5.7992,12.095,50.954,5.7992,19.306,0,0,6.0473,6.0473,49.294,0,0,0,0,13.507,0,25.105,0,6.0473,0,0,0,0,1,0,0,1,0,0,0,0,1,0,0,0
0,0,0,0,0,100,0,0,0,0,0,0,0,20.794,5.6081,20.794,0,26.402,0,26.402,0,0,32.01,20.794,0,0,0,0,20.794,5.6081,20.794,0,0,0,0,0,0.058824,0.94118,0,0,1,0,0,0,0,1,0,0,1
0,3.8226,42.355,0,38.532,7.6453,0,0,3.8226,3.8226,0,3.8226,0,3.8226,0,0,42.355,3.8226,0,0,3.8226,42.355,0,42.355,0,3.8226,0,7.6453,38.532,0,0,3.8226,3.8226,0,0,0,1,0,0,0,1,0,0,0,0,1,0,0,0
0,7.5726,7.5726,0,27.282,15.145,0,0,7.5726,34.855,0,7.5726,0,7.5726,0,0,34.855,7.5726,0,0,34.855,7.5726,0,7.5726,0,7.5726,0,15.145,27.282,0,0,34.855,7.5726,0,0,0,1,0,0,0,1,0,0,0,0,1,0,0,0
0,0,0,0,0,63.184,36.816,0,0,0,0,0,0,0,15.09,5.6387,48.094,31.178,0,0,0,0,0,0,0,0,36.816,41.457,21.727,0,0,0,0,0,0,0,0.47826,0.52174,0,0,1,0,0,0,0,1,0,0,0
0,2.083,30.713,0,20.754,25.218,0,0,9.2628,8.1501,3.8202,9.7235,0,1.8086,7.4374,10.14,36.983,7.1798,0,4.166,7.2731,15.289,2.083,20.918,5.6288,2.083,0,12.135,33.837,3.8202,0,12.316,7.1798,0,0,0,0.26667,0.73333,0,0,1,0,0,0,0,1,0,0,1
0,10.442,28.487,0,7.6028,24.833,0,0,25.105,3.5299,0,14.244,7.6028,0,3.8014,21.032,13.972,7.0599,3.8014,24.686,3.8014,0,18.045,0,3.8014,10.442,0,3.5299,17.502,3.8014,0,32.017,10.861,0,0,0,0.98276,0.017241,0,0,1,0,0,0,0,1,0,0,0
0,1.6252,16.639,0,2.5157,39.949,0,0,27.416,11.854,0,2.8831,2.5157,1.6252,7.9472,26.815,20.48,24.9,3.1942,3.1942,4.8194,1.6252,4.452,3.5616,3.1942,1.6252,0,13.48,25.212,1.2578,0,14.37,32.848,0,0,0,1,0,0,0,1,0,0,0,0,1,0,0,0
0,2.2655,19.092,0,9.6242,32.964,0,0,11.731,16.162,8.1607,15.857,0,1.8501,11.861,19.866,25.095,12.913,6.1772,4.531,1.8501,0,2.2655,7.2807,7.2807,2.2655,0,13.072,19.892,17.785,0,14.516,15.643,0,0,0,0,1,0,0,1,0,0,0,0,1,0,0,1
0,0,0,0,0,55.793,44.207,0,0,0,0,0,0,0,0,28.841,40.428,30.731,0,0,0,0,0,0,0,0,44.207,42.317,13.476,0,0,0,0,0,0,0,0.068966,0.93103,0,0,1,0,0,0,0,1,0,0,1
0,3.4186,27.107,0,5.3062,34.393,0,0,13.41,13.238,3.127,8.7248,0,10.167,16.623,9.9357,16.414,15.589,5.0714,1.9444,12.111,3.4186,1.9444,14.291,10.872,3.4186,0,19.331,15.063,8.4332,0,10.111,16.537,0,0,0,0.05,0.95,0,0,1,0,0,0,0,1,0,0,1
0,0,7.5232,0,0,84.954,0,0,7.5232,0,0,0,0,7.5232,0,15.046,77.431,0,0,0,0,0,7.5232,0,0,0,0,61.834,23.119,0,0,7.5232,0,0,0,0,0,1,0,0,1,0,0,0,0,1,0,0,0
0,0,42.066,0,7.6579,35.693,0,0,6.1824,5.9461,2.4538,12.565,0,3.7938,10.041,8.3347,33.375,13.84,4.7518,4.7518,8.5456,0,4.7518,18.657,18.657,0,0,22.305,13.388,10.112,0,5.9461,6.1824,0,0,0,0,1,0,0,1,0,0,0,0,1,0,0,1
0,10.882,35.126,0,1.39,28.096,0,0,13.251,8.3841,2.8709,15.234,0,2.195,5.2396,13.486,25.901,4.5637,4.7991,20.783,5.604,2.195,12.096,7.0849,4.89,10.882,0,10.761,17.336,4.2609,0,24.368,8.3224,0,0,0,0.66038,0.33962,0,0,1,0,0,0,0,1,0,0,0
0,2.7259,19.108,33.351,0,16.942,0,0,27.872,0,0,0,0,0,25.147,5.4518,50.266,8.2048,8.2048,0,0,2.7259,2.7259,27.313,0,0,0,0,16.942,0,33.351,0,19.668,0,0,0,0,1,0,0,1,0,0,0,0,1,0,0,0
0,0,0,0,12.62,87.38,0,0,0,0,0,0,0,0,0,0,87.38,12.62,0,0,0,0,0,0,0,0,0,87.38,0,0,0,0,12.62,0,0,0,0,1,0,0,1,0,0,0,0,1,0,0,0
0,1.487,29.72,0,9.8587,34.767,0,0,1.487,12.038,10.642,23.747,0,1.487,10.642,6.1085,38.696,6.9037,6.1085,1.6664,3.1535,1.487,1.6664,14.77,13.283,1.487,0,22.458,12.309,20.501,0,7.5956,5.9292,0,0,0,0.027027,0.97297,0,0,1,0,0,0,0,1,0,0,1
0,0,23.55,0,8.7429,31.218,0,0,5.2815,20.513,10.695,12.648,0,5.2815,21.258,11.77,20.655,5.2815,11.77,3.0273,8.3089,0,3.0273,10.261,10.261,0,0,12.214,19.004,19.438,0,11.77,14.024,0,0,0,0,1,0,0,1,0,0,0,0,1,0,0,1
0,0,0,0,0,100,0,0,0,0,0,0,0,0,0,0,92.475,7.5245,0,0,0,0,0,0,0,0,0,100,0,0,0,0,0,0,0,0,0,1,0,0,1,0,0,0,0,1,0,0,0
0,0,0,0,0,100,0,0,0,0,0,0,0,0,0,0,100,0,0,0,0,0,0,0,0,0,0,100,0,0,0,0,0,0,0,0,0,1,0,0,1,0,0,0,0,1,0,0,0
0,0,32.375,17.513,0,44.586,0,0,5.5268,0,0,0,26.848,5.5268,0,11.054,29.724,9.3352,0,0,17.513,0,5.5268,44.36,0,0,9.3352,20.389,14.862,0,0,5.5268,0,0,0,0,0,1,0,0,1,0,0,0,0,1,0,0,0
0,3.0959,10.254,74.266,0,9.2877,0,3.0959,0,0,0,0,3.0959,3.0959,42.26,3.0959,3.0959,13.35,0,32.006,0,0,3.0959,0,3.0959,3.0959,3.0959,0,3.0959,0,32.006,52.515,0,0,0,0,0,1,0,0,1,0,0,0,0,1,0,0,1
0,0,5.6477,3.4353,0,63.482,0,0,27.435,0,0,0,0,5.6477,0,33.113,57.804,0,0,0,3.4353,0,5.6477,3.4353,0,0,3.4353,12.565,47.482,0,0,27.435,0,0,0,0,0,1,0,0,1,0,0,0,0,1,0,0,0
0,0,11.502,17.997,0,70.501,0,0,0,0,0,0,11.502,0,0,0,58.998,11.502,0,0,17.997,0,0,29.499,0,0,29.499,29.499,11.502,0,0,0,0,0,0,0,0,1,0,0,1,0,0,0,0,1,0,0,0
0,0,29.228,0,0,56.924,0,0,13.848,0,0,0,0,29.228,0,27.696,43.076,0,0,0,0,0,29.228,0,0,0,0,27.696,29.228,0,0,13.848,0,0,0,0,0,1,0,0,1,0,0,0,0,1,0,0,0
0,0,6.3329,0,0,53.166,0,0,40.501,0,0,0,0,6.3329,0,46.834,46.834,0,0,0,0,0,6.3329,0,0,0,0,12.666,40.501,0,0,40.501,0,0,0,0,0,1,0,0,1,0,0,0,0,1,0,0,0
0,0,0,0,0,100,0,0,0,0,0,0,0,0,0,0,100,0,0,0,0,0,0,0,0,0,0,100,0,0,0,0,0,0,0,0,0,1,0,0,1,0,0,0,0,1,0,0,0
0,0,0,0,0,100,0,0,0,0,0,0,0,0,0,0,100,0,0,0,0,0,0,0,0,0,0,100,0,0,0,0,0,0,0,0,0,1,0,0,1,0,0,0,0,1,0,0,0
0,0,0,0,0,100,0,0,0,0,0,0,0,0,0,0,100,0,0,0,0,0,0,0,0,0,0,100,0,0,0,0,0,0,0,0,0,1,0,0,1,0,0,0,0,1,0,0,0
0,0,0,0,0,100,0,0,0,0,0,0,0,0,0,0,100,0,0,0,0,0,0,0,0,0,0,100,0,0,0,0,0,0,0,0,0,1,0,0,1,0,0,0,0,1,0,0,0
0,0,0,0,0,100,0,0,0,0,0,0,0,0,0,0,100,0,0,0,0,0,0,0,0,0,0,100,0,0,0,0,0,0,0,0,0,1,0,0,1,0,0,0,0,1,0,0,0
0,0,0,0,0,100,0,0,0,0,0,0,0,0,0,0,100,0,0,0,0,0,0,0,0,0,0,100,0,0,0,0,0,0,0,0,0,1,0,0,1,0,0,0,0,1,0,0,0
0,0,0,0,0,100,0,0,0,0,0,0,0,0,0,0,100,0,0,0,0,0,0,0,0,0,0,100,0,0,0,0,0,0,0,0,0,1,0,0,1,0,0,0,0,1,0,0,0
0,0,0,0,0,100,0,0,0,0,0,0,0,0,0,0,100,0,0,0,0,0,0,0,0,0,0,100,0,0,0,0,0,0,0,0,0,1,0,0,1,0,0,0,0,1,0,0,0
0,0,0,0,0,100,0,0,0,0,0,0,0,0,0,0,100,0,0,0,0,0,0,0,0,0,0,100,0,0,0,0,0,0,0,0,0,1,0,0,1,0,0,0,0,1,0,0,0
0,0,0,0,10.955,89.045,0,0,0,0,0,0,0,0,0,5.4774,89.045,0,0,0,5.4774,0,0,0,0,0,0,89.045,0,5.4774,5.4774,0,0,0,0,0,0,1,0,0,1,0,0,0,0,1,0,0,0
0,0,0,0,0,100,0,0,0,0,0,0,0,0,0,0,100,0,0,0,0,0,0,0,0,0,0,100,0,0,0,0,0,0,0,0,0,1,0,0,1,0,0,0,0,1,0,0,0
0,0,0,0,0,100,0,0,0,0,0,0,0,0,0,0,100,0,0,0,0,0,0,0,0,0,0,100,0,0,0,0,0,0,0,0,0,1,0,0,1,0,0,0,0,1,0,0,0
0,0,0,0,0,100,0,0,0,0,0,0,0,0,0,0,100,0,0,0,0,0,0,0,0,0,0,100,0,0,0,0,0,0,0,0,0,1,0,0,1,0,0,0,0,1,0,0,0
0,0,0,0,0,100,0,0,0,0,0,0,0,0,0,0,100,0,0,0,0,0,0,0,0,0,0,100,0,0,0,0,0,0,0,0,0,1,0,0,1,0,0,0,0,1,0,0,0
0,0,0,0,6.3105,87.379,6.3105,0,0,0,0,6.3105,6.3105,0,0,0,84.245,0,0,0,0,3.1343,6.3105,0,0,0,0,84.245,0,0,0,3.1343,6.3105,0,0,0,0,1,0,0,1,0,0,0,0,1,0,0,0
0,0,0,0,0,100,0,0,0,0,0,0,0,0,0,0,93.562,0,0,0,0,6.4378,0,0,0,0,0,93.562,0,0,0,6.4378,0,0,0,0,0,1,0,0,1,0,0,0,0,1,0,0,0
0,0,0,0,0,76.78,0,0,23.22,0,0,0,0,0,0,6.8342,76.78,9.5517,0,6.8342,0,0,0,9.5517,0,0,0,76.78,0,0,0,13.668,0,0,0,0,0,1,0,0,1,0,0,0,0,1,0,0,0
0,0,0,0,2.9862,74.636,22.378,0,0,0,0,2.9862,6.0864,0,0,3.1002,74.636,0,0,0,10.091,3.1002,2.9862,0,10.091,0,6.2005,71.536,0,0,0,3.1002,6.0864,0,0,0,0,1,0,0,1,0,0,0,0,1,0,0,0
0,3.9862,3.9862,0,0,92.028,0,0,0,0,0,7.9724,0,0,0,0,87.975,0,0,0,0,4.0524,0,0,3.9862,3.9862,0,87.975,0,0,0,4.0524,0,0,0,0,0,1,0,0,1,0,0,0,0,1,0,0,0
0,0,0,0,3.2365,54.509,42.255,0,0,0,0,3.2365,8.5312,0,0,11.768,52.659,0,0,0,13.425,10.381,3.2365,0,13.425,0,23.535,40.891,0,0,0,10.381,8.5312,0,0,0,0,1,0,0,1,0,0,0,0,1,0,0,0
0,0,0,0,5.2907,53.056,41.653,0,0,0,0,5.2907,14.381,0,0,9.0907,48.374,0,0,0,9.0907,13.773,5.2907,0,9.0907,0,18.181,39.283,0,0,0,13.773,14.381,0,0,0,0,1,0,0,1,0,0,0,0,1,0,0,0
0,4.5776,4.5776,0,0,90.845,0,0,0,0,0,9.1552,0,0,0,0,90.845,0,0,0,0,0,0,0,4.5776,4.5776,0,90.845,0,0,0,0,0,0,0,0,0,1,0,0,1,0,0,0,0,1,0,0,0
0,8.6827,16.84,0,0,47.282,0,0,13.144,14.052,0,20.536,0,4.9867,0,19.039,38.217,0,0,12.235,0,4.9867,4.0784,14.052,7.7744,8.6827,0,47.282,0,0,0,18.13,0,0,0,0,0,1,0,0,1,0,0,0,0,1,0,0,0
0,6.4075,23.478,0,0,34.71,0,0,11.801,18.209,5.3937,6.4075,5.3937,11.801,0,25.061,28.303,0,0,5.8385,10.787,6.4075,0,35.724,0,6.4075,0,23.033,0,5.3937,5.3937,24.047,0,0,0,0,0,1,0,0,1,0,0,0,0,1,0,0,0
0,2.2346,13.829,0,0,50.088,0,0,21.15,12.698,0,16.261,0,2.2346,0,16.161,42.056,0,0,21.052,0,2.2346,8.2289,10.267,5.7974,2.2346,0,47.657,0,0,0,25.816,0,0,0,0,0,1,0,0,1,0,0,0,0,1,0,0,0
0,2.6175,14.5,0,0,73.701,0,0,6.1212,3.0606,0,11.356,0,0,0,5.9413,70.64,0,0,12.062,0,0,3.0606,11.703,5.6781,2.6175,0,67.939,0,0,0,9.0019,0,0,0,0,0,1,0,0,1,0,0,0,0,1,0,0,0
0,0,5.5768,0,21.235,36.419,2.203,0,15.188,17.176,2.203,3.5451,2.203,16.048,0,5.7481,37.529,2.7884,11.838,0,16.829,3.4703,2.203,12.517,3.5451,2.203,3.8808,17.23,17.922,12.949,10.16,17.391,0,0,0,0.010753,0.021505,0.96774,0,0,1,0,0,0,0,1,0,0,0
0,0,13.398,0,17.068,34.25,2.483,0,20.65,4.9944,7.1558,5.5669,15.881,14.804,5.2453,2.8046,33.794,0,8.6225,2.7623,10.519,0,11.208,7.8734,5.5669,2.483,9.0609,13.366,6.7544,12.401,7.8734,20.65,2.7623,0,0,0,0,1,0,0,1,0,0,0,0,1,0,0,0
0,0,23.246,0,13.273,33.356,0,0,18.936,5.5942,5.5942,0,5.5942,18.936,0,0,37.735,8.8259,4.4473,0,24.462,0,0,23.246,0,0,4.4473,24.462,8.8946,14.42,5.5942,18.936,0,0,0,0,0.14286,0.85714,0,0,1,0,0,0,0,1,0,0,0
0,0,19.97,0,22.26,29.061,2.9051,0,7.9478,11.632,6.2234,0,10.473,11.494,0,2.9051,42.366,6.2518,5.409,0,21.1,0,7.1551,19.97,0,2.9051,4.25,15.152,8.3141,15.518,15.882,10.853,0,0,0,0,0,1,0,0,1,0,0,0,0,1,0,0,0
0,0,0,0,0,94.495,0,0,0,5.505,0,5.505,0,0,0,0,94.495,0,0,0,0,0,5.505,0,0,0,0,88.99,0,0,0,5.505,0,0,0,0,0,1,0,0,1,0,0,0,0,1,0,0,0
0,0,0,0,0,87.494,0,0,0,12.506,0,6.8712,0,0,2.8175,0,87.494,2.8175,0,0,0,0,6.8712,0,0,0,0,80.623,0,2.8175,0,9.6887,0,0,0,0,0,1,0,0,1,0,0,0,0,1,0,0,0
0,0,0,0,0,87.935,0,0,0,12.065,0,0,0,0,6.0324,0,87.935,6.0324,0,0,0,0,0,0,0,0,0,87.935,0,6.0324,0,6.0324,0,0,0,0,0,1,0,0,1,0,0,0,0,1,0,0,0
10.965,15.367,0,0,0,69.266,0,0,0,4.4022,0,0,6.7823,0,8.0791,0,72.371,2.5638,0,3.4571,2.5638,4.1825,7.5076,6.0209,8.6207,4.1825,0,62.704,0,8.4009,0,2.5638,0,0,0,0,0,1,0,0,1,0,0,0,0,1,0,0,0
4.3356,8.8588,0,0,0,82.008,0,0,0,4.798,0,0,0,4.5233,2.399,0,82.008,2.399,0,4.3356,0,4.3356,0,8.8588,0,4.3356,0,73.149,0,6.7345,4.5233,2.399,0,0,0,0,0.016949,0.98305,0,0,1,0,0,0,0,1,0,0,0
0,54.93,0,0,0,45.07,0,0,0,0,0,0,0,40.376,0,0,45.07,0,0,14.554,0,0,0,40.376,14.554,0,0,33.802,0,0,11.267,0,0,0,0,0,0.068966,0.93103,0,0,1,0,0,0,0,1,0,0,0
10.474,24.771,0,0,0,54.038,0,0,0,10.718,0,0,8.4796,2.823,23.087,0,50.527,3.3581,0,5.9954,3.7364,1.994,4.4781,12.555,16.217,1.994,0,45.246,0,13.329,2.823,3.3581,0,0,0,0,0,1,0,0,1,0,0,0,0,1,0,0,0
1.9352,56.887,0,0,0,41.178,0,0,0,0,0,0,0,29.891,0,0,41.178,0,0,26.996,0,1.9352,0,31.826,25.06,1.9352,0,36.25,0,1.9352,2.9932,0,0,0,0,0,0,1,0,0,1,0,0,0,0,1,0,0,0
0,0,6.8901,0,16.509,27.169,3.2064,0,16.088,3.2064,26.931,3.445,10.097,6.4128,12.643,3.2064,26.931,0,27.169,3.445,6.6515,0,10.097,0,3.445,3.2064,0,23.724,3.2064,30.376,3.2064,19.294,3.445,0.25,0,0.325,0.075,0.35,0,0,1,0,0,0,0,1,0,0,0
0,0,0,0,0,0,0,0,0,0,0,0,0,0,0,0,0,0,0,0,0,0,0,0,0,0,0,0,0,0,0,0,0,0,0,0,0.33333,0.66667,0,0,1,0,0,0,0,1,0,0,0
0,0,19.449,0,24.992,0,0,8.3307,0,47.228,0,8.3307,0,27.78,0,19.449,16.661,0,0,0,27.78,0,19.449,8.3307,16.661,0,0,0,0,8.3307,47.228,0,0,0,0,0,0,1,0,0,1,0,0,0,0,1,0,0,0
14.691,31.024,0,0,0,36.341,0,0,0,17.944,0,0,2.7397,0,22.618,0,33.601,12.887,0,4.1215,12.081,11.951,10.57,16.203,6.991,11.951,0,31.936,0,9.4623,0,12.887,0,0,0,0,0.04,0.96,0,0,1,0,0,0,0,1,0,0,0
15.943,27.915,0,0,0,44.171,0,0,0,11.972,0,0,9.9617,0,27.056,0,39.048,4.4297,0,9.0935,4.4297,5.9811,6.8493,13.523,17.504,5.9811,0,40.2,0,11.513,0,4.4297,0,0,0,0,0,1,0,0,1,0,0,0,0,1,0,0,0
0,0,0,0,27.127,72.873,0,0,0,0,0,0,0,0,0,0,45.746,27.127,0,0,0,27.127,0,0,0,0,0,45.746,27.127,27.127,0,0,0,0,0,0,0,1,0,0,1,0,0,0,0,1,0,0,0
0,0,0,0,50,50,0,0,0,0,0,0,0,0,0,0,0,50,0,0,0,50,0,0,0,0,0,0,50,50,0,0,0,0,0,0,0.13043,0.86957,0,0,1,0,0,0,0,1,0,0,0
0,0,0,0,37.988,62.012,0,0,0,0,0,0,0,0,0,0,31.006,31.006,0,0,0,37.988,0,0,0,0,0,31.006,31.006,37.988,0,0,0,0,0,0,0.16667,0.83333,0,0,1,0,0,0,0,1,0,0,0
0,18.203,8.921,0,0,40.612,0,0,18.416,13.849,0,22.556,0,0,18.416,0,40.612,4.5672,0,0,0,13.849,4.5672,4.3538,0,0,18.203,26.763,13.849,13.849,0,18.416,0,0,0,0,0,1,0,0,1,0,0,0,0,1,0,0,0
0,0,0,0,0,100,0,0,0,0,0,0,0,0,0,0,100,0,0,0,0,0,0,0,0,0,0,100,0,0,0,0,0,0,0,0,0,1,0,0,1,0,0,0,0,1,0,0,0
0,0,0,0,0,100,0,0,0,0,0,0,0,0,0,0,85.185,14.815,0,0,0,0,0,0,0,0,0,85.185,14.815,0,0,0,0,0,0,0,0,1,0,0,1,0,0,0,0,1,0,0,0
0,0,0,0,2.1256,56.03,41.845,0,0,0,0,2.1256,7.9606,0,0,38.593,39.65,0,0,0,5.835,5.835,2.1256,0,5.835,0,31.736,46.508,0,0,0,5.835,7.9606,0,0,0,0.63636,0.36364,0,0,1,0,0,0,0,1,0,0,0
0,0,0,0,14.677,57.661,27.662,0,0,0,0,14.677,3.2461,0,0,17.924,57.661,0,0,0,3.2461,3.2461,14.677,0,3.2461,0,44.2,31.384,0,0,0,3.2461,3.2461,0,0,0,0.85714,0.14286,0,0,1,0,0,0,0,1,0,0,0
0,0,0,0,5.4997,75.094,19.406,0,0,0,0,5.4997,0,0,0,33.313,61.187,0,0,0,0,0,5.4997,0,0,0,24.906,69.594,0,0,0,0,0,0,0,0,0.93878,0.061224,0,0,1,0,0,0,0,1,0,0,0
0,0,0,0,0,100,0,0,0,0,0,0,0,0,0,0,100,0,0,0,0,0,0,0,0,0,33.333,66.667,0,0,0,0,0,0,0,0,1,0,0,0,1,0,0,0,0,1,0,0,0
0,0,0,0,0,50,0,0,0,38.505,11.495,0,0,0,25,0,22.989,11.495,0,27.011,0,13.505,0,0,0,0,0,22.989,38.505,13.505,0,25,0,0,0,0.045455,0.18182,0.77273,0,0,1,0,0,0,0,1,0,0,0
0,0,0,0,13.245,62.921,23.834,0,0,0,0,13.245,6.4881,0,0,15.146,57.265,0,0,0,6.3947,1.4607,13.245,0,6.3947,0,17.708,54.703,0,0,0,1.4607,6.4881,0,0,0,0.056604,0.9434,0,0,1,0,0,0,0,1,0,0,0
0,1.2369,17.135,0,0,37.03,0,0,26.601,17.998,0,14.567,0,9.0397,0,10.683,30.983,0,0,31.816,0,2.9111,6.0468,17.575,7.2837,1.2369,0,30.315,0,0,0,37.542,0,0,0,0.022222,0.022222,0.95556,0,0,1,0,0,0,0,1,0,0,1
0,5.6416,29.77,0,0,30.174,0,0,17.301,17.113,0,17.301,0,5.6416,0,28.989,18.703,0,0,23.724,0,5.6416,5.8299,35.816,5.8299,5.6416,0,17.706,0,0,0,29.177,0,0,0,0,0.31034,0.68966,0,0,1,0,0,0,0,1,0,0,1
0,8.518,11.57,0,0,40.461,0,0,18.277,21.175,0,12.919,0,14.162,0,20.278,34.896,0,0,12.18,0,5.5648,1.4483,15.708,2.9532,8.518,0,35.96,0,0,0,35.413,0,0,0,0,0,1,0,0,1,0,0,0,0,1,0,0,1
0,2.852,7.8246,0,0,37.155,0,0,22.802,29.366,0,10.046,0,17.83,0,11.042,31.816,0,0,22.437,0,6.8292,4.7073,16.145,2.4863,2.852,0,30.956,0,0,0,42.853,0,0,0,0,0.86,0.14,0,0,1,0,0,0,0,1,0,0,1
0,1.9144,13.047,0,17.907,27.334,6.1441,0,13.494,5.9426,14.218,4.7315,11.656,9.2696,11.781,7.857,35.971,3.7063,8.0744,3.8287,3.1255,0,10.551,5.5115,2.8171,8.0585,5.5115,10.69,8.7462,17.237,8.637,14.827,7.4126,0.81579,0.026316,0.013158,0.11842,0.026316,0,0,1,0,0,0,0,1,0,0,0
0,0,15.599,0,22.952,22.796,4.1109,0,26.319,4.1109,4.1109,3.5231,11.157,18.942,3.5231,4.1109,28.363,0,7.0966,3.5231,19.76,0,11.157,8.5528,3.5231,4.1109,3.5734,12.126,11.258,7.6341,4.1109,30.43,3.5231,0,0,0,0,1,0,0,1,0,0,0,0,1,0,0,0
0,0,12.391,0,13.801,35.779,0,0,23.396,12.383,2.2506,0,2.2506,23.396,0,0,32.111,10.141,13.801,0,18.302,0,0,12.391,0,0,3.6682,18.31,17.469,12.383,12.383,23.396,0,0.012658,0,0,0.075949,0.91139,0,0,1,0,0,0,0,1,0,0,0
0,0,21.369,0,17.156,44.77,0,0,16.705,0,0,0,14.033,16.705,0,0,55.68,7.3364,3.1229,0,3.1229,0,14.033,21.369,0,0,17.156,10.459,6.2457,0,14.033,16.705,0,0.027778,0.018519,0.12963,0.16667,0.65741,0,0,1,0,0,0,0,1,0,0,0
11.677,27.198,0,0,0,54.44,0,0,0,6.6842,0,0,3.144,0,11.103,0,57.584,5.6952,0,3.827,10.114,8.5332,7.8502,13.941,8.5514,8.5332,0,36.655,0,18.775,0,5.6952,0,0,0,0,0.7027,0.2973,0,0,1,0,0,0,0,1,0,0,0
0,0,35.508,0,17.366,30.679,0,0,16.447,0,0,0,0,9.4023,0,0,48.821,14.232,3.1341,0,24.411,0,0,35.508,0,0,3.1341,24.411,6.2682,14.232,0,16.447,0,0,0,0.012195,0.2561,0.73171,0,0,1,0,0,0,0,1,0,0,0
0,27.8,0,0,0,72.2,0,0,0,0,0,0,0,17.648,0,0,72.2,0,0,10.153,0,0,0,17.648,10.153,0,0,54.552,0,0,17.648,0,0,0,0,0,0.86957,0.13043,0,0,1,0,0,0,0,1,0,0,0
0,51.528,0,0,0,48.472,0,0,0,0,0,0,0,35.61,0,0,48.472,0,0,15.918,0,0,0,35.61,15.918,0,0,44.697,0,0,3.7748,0,0,0,0,0,0,1,0,0,1,0,0,0,0,1,0,0,0
0,31.725,0,0,0,68.275,0,0,0,0,0,6.725,18.275,0,0,0,68.275,0,0,0,0,6.725,0,0,25,6.725,0,68.275,0,0,0,0,0,0,0,0,0.75758,0.24242,0,0,1,0,0,0,0,1,0,0,0
0,0,33.333,0,0,66.667,0,0,0,0,0,0,0,0,0,0,66.667,33.333,0,0,0,0,0,33.333,0,0,0,66.667,0,0,0,0,0,0,0,0,0.79365,0.20635,0,0,1,0,0,0,0,1,0,0,0
0,48.37,5.1699,0,0,46.46,0,0,0,0,0,0,24.185,0,0,0,46.46,5.1699,0,0,0,24.185,0,5.1699,24.185,24.185,0,46.46,0,0,0,0,0,0,0,0,0,1,0,0,1,0,0,0,0,1,0,0,0
0,0,0,0,0,75.788,24.212,0,0,0,0,0,0,0,0,8.8872,75.788,0,15.325,0,0,0,0,0,15.325,8.8872,0,75.788,0,0,0,0,0,0,0,0,0.051282,0.94872,0,0,1,0,0,0,0,1,0,0,1
0,0,0,0,2.7019,94.163,3.1354,0,0,0,0,0,0,0,0,3.1354,94.163,2.7019,0,0,0,0,0,0,0,3.1354,0,94.163,0,0,0,0,2.7019,0,0,0,0,1,0,0,1,0,0,0,0,1,0,0,1
0,0,0,0,3.0222,92.505,4.4733,0,0,0,0,0,0,0,0,2.7859,92.505,3.0222,1.6873,0,0,0,0,0,1.6873,2.7859,0,92.505,0,0,0,0,3.0222,0,0,0,0,1,0,0,1,0,0,0,0,1,0,0,1
0,0,0,0,3.4357,96.564,0,0,0,0,0,0,0,0,0,0,96.564,3.4357,0,0,0,0,0,0,0,0,0,96.564,0,0,0,0,3.4357,0,0,0,0.019231,0.98077,0,0,1,0,0,0,0,1,0,0,1
0,0,0,0,0,76.491,23.509,0,0,0,0,0,0,0,0,5.9649,76.491,0,17.544,0,0,0,0,0,17.544,5.9649,0,76.491,0,0,0,0,0,0,0,0,0.064516,0.93548,0,0,1,0,0,0,0,1,0,0,1
0,0,0,0,0,52.226,47.774,0,0,0,0,0,0,0,0,26.506,52.226,0,21.268,0,0,0,0,0,21.268,26.506,0,52.226,0,0,0,0,0,0,0,0.11905,0.21429,0.66667,0,0,1,0,0,0,0,1,0,0,1
0,0,0,0,4.2325,88.22,7.5474,0,0,0,0,0,0,0,0,2.8104,88.22,4.2325,4.7371,0,0,0,0,0,4.7371,2.8104,0,88.22,0,0,0,0,4.2325,0,0,0,0.025641,0.97436,0,0,1,0,0,0,0,1,0,0,1
0,0,0,0,5.3369,88.691,5.972,0,0,0,0,0,0,0,0,0,82.542,11.486,0,0,5.972,0,0,0,0,0,5.972,82.719,0,0,0,5.972,5.3369,0,0,0,0,1,0,0,1,0,0,0,0,1,0,0,0
0,0,0,0,0,89.922,4.8069,0,5.2712,0,0,0,0,0,0,5.2712,84.651,0,5.2712,0,4.8069,0,0,0,0,0,4.8069,79.844,5.2712,0,0,4.8069,5.2712,0,0,0,0.34146,0.65854,0,0,1,0,0,0,0,1,0,0,0
0,0,0,5.2108,6.0775,79.864,8.8479,0,0,0,0,0,14.059,0,0,0,51.746,11.288,14.059,0,8.8479,0,0,0,0,0,5.2108,46.535,5.2108,0,5.2108,17.696,20.136,0,0,0,0.33784,0.66216,0,0,1,0,0,0,0,1,0,0,0
0,38.145,11.855,0,0,38.145,0,0,0,11.855,0,25,0,0,0,0,38.145,0,11.855,0,11.855,13.145,0,11.855,25,25,0,38.145,0,0,0,0,0,0,0,0,0.79245,0.20755,0,0,1,0,0,0,0,1,0,0,0
0,0,0,21.586,0,59.638,6.0015,6.3873,0,6.3873,0,6.3873,15.199,0,0,0,35.627,15.199,21.586,0,6.0015,0,0,0,6.3873,6.3873,14.813,20.814,8.8114,6.3873,15.199,12.389,8.8114,0.011364,0,0.011364,0.625,0.35227,0,0,1,0,0,0,0,1,0,0,0
0,8.7853,8.7853,11.129,0,56.047,6.4676,5.5831,0,3.2022,0,8.7853,17.597,0,0,0,25.46,11.618,21.287,0,9.6699,5.5831,0,8.7853,8.7853,8.7853,6.0345,14.331,11.129,5.0945,11.618,12.935,12.502,0.31343,0,0.059701,0.14925,0.47761,0,0,1,0,0,0,0,1,0,0,1
0,0,0,5.3315,5.8357,88.833,0,0,0,0,0,0,5.3315,0,0,0,78.17,11.167,5.3315,0,0,0,0,0,0,0,5.3315,72.838,5.3315,0,5.3315,0,11.167,0,0,0,0,1,0,0,1,0,0,0,0,1,0,0,0
0,0,0,7.5785,0,92.421,0,0,0,0,0,0,7.5785,0,0,0,85.206,7.215,0,0,0,0,0,0,0,0,0,84.843,7.5785,7.5785,0,0,0,0,0,0,0,1,0,0,1,0,0,0,0,1,0,0,0
0,0,0,16.568,0,59.084,12.388,5.9798,0,5.9798,0,5.9798,19.43,0,0,0,31.531,9.871,20.801,0,12.388,0,0,0,5.9798,5.9798,3.5465,27.267,4.6087,10.588,5.9798,27.209,8.8413,0,0,0,0,1,0,0,1,0,0,0,0,1,0,0,0
0,0,0,21.21,0,64.227,0,7.2813,0,7.2813,0,7.2813,13.929,0,0,0,43.652,13.929,21.21,0,0,0,0,0,7.2813,7.2813,6.6473,37.004,6.6473,7.2813,13.929,7.2813,6.6473,0,0,0,0,1,0,0,1,0,0,0,0,1,0,0,0
0,0,0,0,0,72.827,0,0,13.586,13.586,0,0,0,0,0,13.586,72.827,0,0,0,13.586,0,0,0,0,0,0,72.827,0,0,13.586,0,13.586,0,0,0,0,1,0,0,1,0,0,0,0,1,0,0,0
0,0,0,0,7.4871,70.508,0,0,5.9575,16.048,0,0,0,0,3.7436,18.262,60.807,3.7436,9.701,0,3.7436,0,0,0,0,0,0,60.807,13.445,3.7436,3.7436,12.304,5.9575,0,0,0,0,1,0,0,1,0,0,0,0,1,0,0,0
0,12.262,0,0,0,87.738,0,0,0,0,0,0,0,12.262,0,0,87.738,0,0,0,0,0,0,12.262,0,0,0,75.475,0,0,12.262,0,0,0,0,0,0,1,0,0,1,0,0,0,0,1,0,0,0
0,0,0,0,14.233,44.877,0,0,18.88,22.01,0,0,0,0,7.1166,14.893,37.76,7.1166,7.1166,11.104,14.893,0,0,0,0,0,0,37.76,14.233,7.1166,14.893,18.22,7.7764,0,0,0,0,1,0,0,1,0,0,0,0,1,0,0,0
0,0,0,0,13.235,68.893,0,0,5.1864,12.686,0,0,0,0,3.7499,8.9362,65.143,9.4847,3.7499,0,8.9362,0,0,0,0,0,0,65.143,7.4998,9.4847,8.9362,3.7499,5.1864,0,0,0,0.25,0.75,0,0,1,0,0,0,0,1,0,0,0
0,0,0,0,5.8501,89.373,0,0,4.7765,0,0,0,0,0,0,4.7765,84.597,5.8501,4.7765,0,0,0,0,0,0,0,0,84.597,4.7765,5.8501,0,0,4.7765,0,0,0,0.35185,0.64815,0,0,1,0,0,0,0,1,0,0,0
0,0,0,0,13.62,68.911,0,0,7.165,10.304,0,0,0,0,7.8902,14.137,57.188,13.62,3.8334,0,3.3316,0,0,0,0,0,0,65.078,11.724,5.7298,3.3316,6.9722,7.165,0,0,0,0.14545,0.85455,0,0,1,0,0,0,0,1,0,0,0
0,0,0,0,18.63,64.872,0,0,5.5835,10.914,0,0,0,0,13.173,11.041,46.116,13.173,11.041,0,5.4572,0,0,0,0,0,0,53.832,24.213,5.4572,5.4572,5.4572,5.5835,0,0,0,0.18966,0.81034,0,0,1,0,0,0,0,1,0,0,0
0,64.539,4.1869,0,0,27.087,0,0,0,4.1869,0,23.327,11.036,0,0,0,27.087,0,4.1869,0,23.327,11.036,0,4.1869,53.503,15.223,0,27.087,0,0,0,0,0,0,0,0,0,1,0,0,1,0,0,0,0,1,0,0,0
0,48.144,9.2944,6.5557,0,20.156,0,12.572,0,3.2779,0,31.997,3.2779,0,0,0,7.5838,12.572,15.85,0,15.633,13.086,0,9.2944,47.63,16.364,0,7.5838,0,3.2779,12.572,3.2779,0,0,0,0,0,1,0,0,1,0,0,0,0,1,0,0,1
0,5.6403,17.306,27.054,0,32.694,0,17.306,0,0,0,5.6403,0,0,27.054,0,27.054,5.6403,17.306,0,11.666,5.6403,11.666,5.6403,17.306,5.6403,0,27.054,0,0,5.6403,27.054,0,0.42857,0,0,0.010989,0.56044,0,0,1,0,0,0,0,1,0,0,1
0,25.974,7.3145,0,0,66.712,0,0,0,0,0,13.659,5.9704,0,0,0,66.712,0,7.3145,0,0,6.3445,7.3145,0,12.315,13.659,0,66.712,0,0,0,0,0,0,0,0,0,1,0,0,1,0,0,0,0,1,0,0,0
0,6.2229,28.582,0,0,36.614,0,28.582,0,0,0,6.2229,0,0,0,0,30.391,6.2229,28.582,0,22.359,6.2229,22.359,6.2229,28.582,6.2229,0,30.391,0,0,6.2229,0,0,0,0,0,0,1,0,0,1,0,0,0,0,1,0,0,0
0,18.479,18.479,14.854,0,33.333,0,14.854,0,0,0,18.479,0,0,14.854,0,18.479,0,18.479,0,14.854,14.854,18.479,0,14.854,18.479,0,18.479,0,0,14.854,14.854,0,0.02439,0,0.02439,0.089431,0.86179,0,0,1,0,0,0,0,1,0,0,1
0,0,0,23.911,0,52.179,0,23.911,0,0,0,0,0,0,23.911,0,28.268,0,0,0,23.911,23.911,0,0,23.911,0,0,28.268,0,0,23.911,23.911,0,0,0,0,0,1,0,0,1,0,0,0,0,1,0,0,0
0,0,0,0,0,100,0,0,0,0,0,0,0,0,0,0,100,0,0,0,0,0,0,0,0,0,0,100,0,0,0,0,0,0,0,0,0,1,0,0,1,0,0,0,0,1,0,0,0
0,0,0,0,0,100,0,0,0,0,0,0,0,0,0,0,100,0,0,0,0,0,0,0,0,0,0,100,0,0,0,0,0,0,0,0,0,1,0,0,1,0,0,0,0,1,0,0,0
0,0,0,0,0,100,0,0,0,0,0,0,0,0,0,0,100,0,0,0,0,0,0,0,0,0,0,100,0,0,0,0,0,0,0,0,0,1,0,0,1,0,0,0,0,1,0,0,0
0,0,0,0,0,100,0,0,0,0,0,0,0,0,0,0,100,0,0,0,0,0,0,0,0,0,0,100,0,0,0,0,0,0,0,0,0,1,0,0,1,0,0,0,0,1,0,0,0
0,0,0,0,0,100,0,0,0,0,0,0,0,0,0,0,100,0,0,0,0,0,0,0,0,0,0,100,0,0,0,0,0,0,0,0,0,1,0,0,1,0,0,0,0,1,0,0,0
0,0,0,18.062,0,81.938,0,0,0,0,0,0,0,0,18.062,0,81.938,0,0,0,0,0,0,0,0,0,0,81.938,0,0,0,18.062,0,0,0,0,0,1,0,0,1,0,0,0,0,1,0,0,0
0,0,0,0,0,100,0,0,0,0,0,0,0,0,0,0,100,0,0,0,0,0,0,0,0,0,0,100,0,0,0,0,0,0,0,0,0,1,0,0,1,0,0,0,0,1,0,0,0
0,0,0,0,0,100,0,0,0,0,0,0,0,0,0,0,100,0,0,0,0,0,0,0,0,0,0,100,0,0,0,0,0,0,0,0,0,1,0,0,1,0,0,0,0,1,0,0,0
0,0,0,0,0,100,0,0,0,0,0,0,0,0,0,0,100,0,0,0,0,0,0,0,0,0,0,100,0,0,0,0,0,0,0,0,0,1,0,0,1,0,0,0,0,1,0,0,0
15.266,24.588,0,0,0,53.854,0,0,0,6.2928,0,0,14.193,0,15.742,0,60.112,1.1627,0,5.0404,2.6773,1.073,10.225,7.7177,20.837,1.073,0,37.201,0,21.783,0,1.1627,0,0,0,0,0.92857,0.071429,0,0,1,0,0,0,0,1,0,0,0
0,0,0,0,0,100,0,0,0,0,0,0,0,0,0,0,100,0,0,0,0,0,0,0,0,0,0,100,0,0,0,0,0,0,0,0,0,1,0,0,1,0,0,0,0,1,0,0,0
0,7.6385,0,0,0,92.361,0,0,0,0,0,0,0,7.6385,0,0,92.361,0,0,0,0,0,0,7.6385,0,0,0,84.723,0,0,7.6385,0,0,0,0,0,0,1,0,0,1,0,0,0,0,1,0,0,0
0,14.75,0,0,0,85.25,0,0,0,0,0,0,0,0,7.3751,0,85.25,0,0,0,7.3751,0,0,7.3751,7.3751,0,0,70.499,0,14.75,0,0,0,0,0,0,0,1,0,0,1,0,0,0,0,1,0,0,0
0,0,0,0,0,100,0,0,0,0,0,0,0,0,0,0,100,0,0,0,0,0,0,0,0,0,0,100,0,0,0,0,0,0,0,0,0,1,0,0,1,0,0,0,0,1,0,0,0
0,3.5189,66.282,0,0,30.2,0,0,0,0,0,0,3.5189,0,0,0,30.2,66.282,0,0,0,0,0,66.282,3.5189,0,0,30.2,0,0,0,0,0,0,0,0,0,1,0,0,1,0,0,0,0,1,0,0,0
0,7.449,11.471,0,0,81.08,0,0,0,0,0,0,7.449,0,0,0,81.08,11.471,0,0,0,0,0,11.471,7.449,0,0,81.08,0,0,0,0,0,0,0,0,0,1,0,0,1,0,0,0,0,1,0,0,0
0,0,0,0,0,100,0,0,0,0,0,0,0,0,0,0,100,0,0,0,0,0,0,0,0,0,0,100,0,0,0,0,0,0,0,0,0,1,0,0,1,0,0,0,0,1,0,0,0
0,0,0,0,0,58.881,0,0,29.975,11.144,0,0,14.988,0,0,11.144,42.144,16.737,0,8.3686,6.6189,0,0,0,0,0,0,58.881,0,0,0,41.119,0,0,0,0,0,1,0,0,1,0,0,0,0,1,0,0,0
0,0,0,0,0,100,0,0,0,0,0,0,0,0,0,0,100,0,0,0,0,0,0,0,0,0,0,100,0,0,0,0,0,0,0,0,0,1,0,0,1,0,0,0,0,1,0,0,0
0,0,0,0,0,62.263,0,0,37.737,0,0,0,17.811,0,0,0,45.268,16.995,0,11.768,8.1586,0,0,0,0,0,0,62.263,0,0,0,37.737,0,0,0,0,0,1,0,0,1,0,0,0,0,1,0,0,0
0,0,0,0,11.194,58.387,0,0,30.419,0,0,0,10.969,0,11.194,0,40.258,18.129,0,8.4823,10.969,0,0,0,0,0,0,58.387,11.194,0,0,30.419,0,0,0,0,0.26562,0.73438,0,0,1,0,0,0,0,1,0,0,0
0,0,0,0,20.77,46.752,0,0,18.753,13.725,0,0,9.3764,0,6.8623,6.8623,21.137,32.661,6.8623,9.3764,6.8623,0,0,0,0,0,0,39.89,13.725,13.908,6.8623,25.615,0,0,0,0,0.22951,0.77049,0,0,1,0,0,0,0,1,0,0,0
0,0,0,0,0,62.043,0,0,37.957,0,0,0,23.073,0,0,0,47.69,14.353,0,7.1767,7.7068,0,0,0,0,0,0,62.043,0,0,0,37.957,0,0,0,0,0.10526,0.89474,0,0,1,0,0,0,0,1,0,0,0
0,0,0,0,0,100,0,0,0,0,0,0,0,0,0,0,100,0,0,0,0,0,0,0,0,0,0,100,0,0,0,0,0,0,0,0,0,1,0,0,1,0,0,0,0,1,0,0,0
0,0,0,0,0,100,0,0,0,0,0,0,0,0,0,0,100,0,0,0,0,0,0,0,0,0,0,100,0,0,0,0,0,0,0,0,0.016667,0.98333,0,0,1,0,0,0,0,1,0,0,0
0,0,0,0,0,100,0,0,0,0,0,0,0,0,0,0,100,0,0,0,0,0,0,0,0,0,0,100,0,0,0,0,0,0,0,0,0,1,0,0,1,0,0,0,0,1,0,0,0
0,0,0,0,0,100,0,0,0,0,0,0,0,0,0,0,100,0,0,0,0,0,0,0,0,0,0,100,0,0,0,0,0,0,0,0,0,1,0,0,1,0,0,0,0,1,0,0,0
0,0,0,0,0,100,0,0,0,0,0,0,0,0,0,0,100,0,0,0,0,0,0,0,0,0,0,100,0,0,0,0,0,0.075472,0,0,0.018868,0.90566,0,0,1,0,0,0,0,1,0,0,0
0,0,0,0,0,100,0,0,0,0,0,0,0,0,0,0,100,0,0,0,0,0,0,0,0,0,0,100,0,0,0,0,0,0,0,0,0,1,0,0,1,0,0,0,0,1,0,0,0
0,0,0,0,0,100,0,0,0,0,0,0,0,0,0,0,100,0,0,0,0,0,0,0,0,0,0,100,0,0,0,0,0,0,0,0,0,1,0,0,1,0,0,0,0,1,0,0,0
0,0,0,0,0,100,0,0,0,0,0,0,0,0,0,0,100,0,0,0,0,0,0,0,0,0,0,100,0,0,0,0,0,0,0,0,0,1,0,0,1,0,0,0,0,1,0,0,0
0,0,0,0,0,83.089,0,0,16.911,0,0,0,12.095,0,0,0,83.089,0,0,0,4.8156,0,0,0,0,0,0,83.089,0,0,0,16.911,0,0,0,0,0,1,0,0,1,0,0,0,0,1,0,0,0
0,0,0,0,0,76.789,0,0,23.211,0,0,0,11.606,0,0,0,69.552,7.2369,0,0,11.606,0,0,0,0,0,0,76.789,0,0,0,23.211,0,0,0,0,0,1,0,0,1,0,0,0,0,1,0,0,0
0,0,0,0,0,75,0,0,25,0,0,0,25,0,0,0,75,0,0,0,0,0,0,0,0,0,0,75,0,0,0,25,0,0,0,0,0.066667,0.93333,0,0,1,0,0,0,0,1,0,0,0
0,0,0,0,0,100,0,0,0,0,0,0,0,0,0,0,100,0,0,0,0,0,0,0,0,0,0,100,0,0,0,0,0,0,0,0,0,1,0,0,1,0,0,0,0,1,0,0,0
0,0,0,0,0,100,0,0,0,0,0,0,0,0,0,0,100,0,0,0,0,0,0,0,0,0,0,100,0,0,0,0,0,0,0,0,0,1,0,0,1,0,0,0,0,1,0,0,0
0,0,0,0,0,100,0,0,0,0,0,0,0,0,0,0,100,0,0,0,0,0,0,0,0,0,0,100,0,0,0,0,0,0,0,0,0,1,0,0,1,0,0,0,0,1,0,0,0
0,0,0,0,0,100,0,0,0,0,0,0,0,0,0,0,100,0,0,0,0,0,0,0,0,0,0,100,0,0,0,0,0,0,0,0,0,1,0,0,1,0,0,0,0,1,0,0,0
0,0,0,0,0,100,0,0,0,0,0,0,0,0,0,0,100,0,0,0,0,0,0,0,0,0,0,100,0,0,0,0,0,0,0,0,0,1,0,0,1,0,0,0,0,1,0,0,0
