h1,h2,h3,h4,h5,h6,h7,h8,h9,h10,h11,h12,h13,h14,h15,h16,h17,h18,h19,h20,h21,h22,h23,h24,h25,h26,h27,h28,h29,h30,h31,h32,h33,h34,h35,h36,h37,h38,h39,h40,h41,h42,h43,h44,h45,h46,h47,h48,label
0,0,0,0,0,100,0,0,0,0,0,0,0,0,0,0,100,0,0,0,0,0,0,0,0,0,0,100,0,0,0,0,0,0,0,0,0,1,0,0,1,0,0,0,0,1,0,0,0
0,0,0,0,0,100,0,0,0,0,0,0,0,0,0,0,100,0,0,0,0,0,0,0,0,0,0,100,0,0,0,0,0,0,0,0,0,1,0,0,1,0,0,0,0,1,0,0,0
0,0,0,0,0,100,0,0,0,0,0,0,0,0,0,0,100,0,0,0,0,0,0,0,0,0,0,100,0,0,0,0,0,0,0,0,0,1,0,0,1,0,0,0,0,1,0,0,0
0,0,0,0,0,100,0,0,0,0,0,0,0,0,0,0,100,0,0,0,0,0,0,0,0,0,0,100,0,0,0,0,0,0,0,0,0.038462,0.96154,0,0,1,0,0,0,0,1,0,0,0
0,0,0,0,0,100,0,0,0,0,0,0,0,0,0,0,100,0,0,0,0,0,0,0,0,0,0,100,0,0,0,0,0,0,0,0,0,1,0,0,1,0,0,0,0,1,0,0,0
0,0,0,0,0,100,0,0,0,0,0,0,0,0,0,0,100,0,0,0,0,0,0,0,0,0,0,100,0,0,0,0,0,0,0,0,0,1,0,0,1,0,0,0,0,1,0,0,0
0,0,0,0,0,100,0,0,0,0,0,0,0,0,0,0,100,0,0,0,0,0,0,0,0,0,0,100,0,0,0,0,0,0,0,0,0,1,0,0,1,0,0,0,0,1,0,0,0
0,0,0,0,0,100,0,0,0,0,0,0,0,0,0,0,76.237,23.763,0,0,0,0,20.298,23.869,0,0,0,30.068,0,0,0,19.566,6.1994,0,0.7,0.3,0,0,0,0,0.1,0.9,0,0,0,0.1,0.9,0,1
0,0,0,0,0,100,0,0,0,0,0,0,0,0,0,0,77.143,22.857,0,0,0,0,2.7821,24.869,0,0,0,30.095,0,0,0,2.4436,39.811,0,0,0,0.045455,0.95455,0,0,1,0,0,0,0,1,0,0,0
0,0,0,0,0,100,0,0,0,0,0,0,0,0,0,0,100,0,0,0,0,0,0,0,0,0,0,100,0,0,0,0,0,0.078947,0.47368,0.28947,0.10526,0.052632,0,0,1,0,0,0,0,1,0,0,0
0,0,0,0,0,100,0,0,0,0,0,0,0,0,0,0,100,0,0,0,0,0,0,0,0,0,0,100,0,0,0,0,0,0,0,0,0,1,0,0,1,0,0,0,0,1,0,0,0
0,0,0,0,0,100,0,0,0,0,0,0,0,0,0,0,100,0,0,0,0,0,0,0,0,0,0,100,0,0,0,0,0,0,0,0,0,1,0,0,1,0,0,0,0,1,0,0,0
0,0,0,0,0,100,0,0,0,0,0,0,0,0,0,0,100,0,0,0,0,0,0,0,0,0,0,100,0,0,0,0,0,0,0,0,0.032787,0.96721,0,0,1,0,0,0,0,1,0,0,0
0,0,0,0,0,100,0,0,0,0,0,0,0,0,0,0,100,0,0,0,0,0,0,0,0,0,0,100,0,0,0,0,0,0,0,0,0,1,0,0,1,0,0,0,0,1,0,0,0
0,0,0,0,11.277,88.723,0,0,0,0,0,0,0,0,0,7.2311,88.723,4.0455,0,0,0,0,0,0,0,0,0,77.447,18.508,4.0455,0,0,0,0,0.018868,0.037736,0.056604,0.88679,0,0,1,0,0,0,0,1,0,0,0
0,0,0,0,22.973,77.027,0,0,0,0,0,0,0,0,0,3.1071,77.027,19.866,0,0,0,0,0,0,0,0,0,54.053,39.523,6.4237,0,0,0,0,0.019231,0.13462,0.096154,0.75,0,0,1,0,0,0,0,1,0,0,0
0,0,0,0,0,100,0,0,0,0,0,0,0,0,0,0,100,0,0,0,0,0,0,0,0,0,0,100,0,0,0,0,0,0,0,0,0,1,0,0,1,0,0,0,0,1,0,0,0
0,0,0,0,0,100,0,0,0,0,0,0,0,0,0,0,100,0,0,0,0,0,0,0,0,0,0,100,0,0,0,0,0,0,0,0,0,1,0,0,1,0,0,0,0,1,0,0,0
0,0,0,0,0,100,0,0,0,0,0,0,0,0,0,0,100,0,0,0,0,0,0,0,0,0,0,100,0,0,0,0,0,0,0,0,0,1,0,0,1,0,0,0,0,1,0,0,0
0,0,0,0,0,100,0,0,0,0,0,0,0,0,0,0,100,0,0,0,0,0,0,0,0,0,0,100,0,0,0,0,0,0,0,0,0,1,0,0,1,0,0,0,0,1,0,0,0
0,0,0,0,0,100,0,0,0,0,0,0,0,0,0,0,100,0,0,0,0,0,0,0,0,0,0,100,0,0,0,0,0,0,0,0,0.08,0.92,0,0,1,0,0,0,0,1,0,0,0
0,0,0,0,0,100,0,0,0,0,0,0,0,0,0,0,100,0,0,0,0,0,0,0,0,0,0,100,0,0,0,0,0,0,0,0,0,1,0,0,1,0,0,0,0,1,0,0,0
0,0,0,0,0,100,0,0,0,0,0,0,0,0,0,0,100,0,0,0,0,0,0,0,0,0,0,100,0,0,0,0,0,0,0,0,0.066667,0.93333,0,0,1,0,0,0,0,1,0,0,0
0,0,0,0,0,100,0,0,0,0,0,0,0,0,0,0,100,0,0,0,0,0,0,0,0,0,0,100,0,0,0,0,0,0,0,0,0,1,0,0,1,0,0,0,0,1,0,0,0
0,0,0,0,0,100,0,0,0,0,0,0,0,0,0,0,100,0,0,0,0,0,0,0,0,0,0,100,0,0,0,0,0,0,0,0,0,1,0,0,1,0,0,0,0,1,0,0,0
0,0,0,0,0,100,0,0,0,0,0,0,0,0,0,0,100,0,0,0,0,0,0,0,0,0,0,100,0,0,0,0,0,0,0,0,0,1,0,0,1,0,0,0,0,1,0,0,0
0,0,0,0,0,100,0,0,0,0,0,0,0,0,0,0,100,0,0,0,0,0,0,19.789,0,0,0,80.211,0,0,0,0,0,0,0,0,0,1,0,0,1,0,0,0,0,1,0,0,0
0,0,0,0,0,100,0,0,0,0,0,0,0,0,0,0,100,0,0,0,0,0,0,0,0,0,0,100,0,0,0,0,0,0,0,0,0,1,0,0,1,0,0,0,0,1,0,0,0
0,0,0,0,0,100,0,0,0,0,0,0,0,0,0,0,100,0,0,0,0,0,0,0,0,0,0,100,0,0,0,0,0,0,0,0,0.033333,0.96667,0,0,1,0,0,0,0,1,0,0,0
0,0,0,0,0,100,0,0,0,0,0,0,0,0,0,0,100,0,0,0,0,0,0,0,0,0,0,100,0,0,0,0,0,0,0,0,0,1,0,0,1,0,0,0,0,1,0,0,0
0,0,0,0,0,100,0,0,0,0,0,0,0,0,0,0,100,0,0,0,0,0,0,0,0,0,0,100,0,0,0,0,0,0,0,0,0.072165,0.92784,0,0,1,0,0,0,0,1,0,0,0
0,0,0,0,0,100,0,0,0,0,0,0,0,0,0,0,100,0,0,0,0,0,0,0,0,0,0,100,0,0,0,0,0,0,0,0,0,1,0,0,1,0,0,0,0,1,0,0,0
0,0,0,0,0,100,0,0,0,0,0,0,0,0,0,0,100,0,0,0,0,0,0,0,0,0,0,100,0,0,0,0,0,0,0,0,0,1,0,0,1,0,0,0,0,1,0,0,0
0,0,0,0,16.473,83.527,0,0,0,0,0,0,0,0,0,12.011,83.527,4.4614,0,0,0,0,0,0,0,0,0,62.148,31.104,6.7487,0,0,0,0,0,0,0,1,0,0,1,0,0,0,0,1,0,0,0
0,0,0,0,0,100,0,0,0,0,0,0,0,0,0,0,100,0,0,0,0,0,0,0,0,0,0,100,0,0,0,0,0,0,0,0,0,1,0,0,1,0,0,0,0,1,0,0,0
0,0,0,0,5.1002,94.9,0,0,0,0,0,0,0,0,0,0,79.949,20.051,0,0,0,0,0,0,0,0,0,66.713,28.187,5.1002,0,0,0,0,0,0,0,1,0,0,1,0,0,0,0,1,0,0,0
0,0,0,0,19.616,80.384,0,0,0,0,0,0,0,0,0,4.4862,72.256,23.258,0,0,0,0,0,0,0,0,0,44.512,49.346,6.1412,0,0,0,0,1,0,0,0,0,0,1,0,0,0,0,0,1,0,0
0,0,0,0,7.0454,92.955,0,0,0,0,0,0,0,0,0,7.0454,81.175,11.78,0,0,0,0,0,0,0,0,0,67.955,25,7.0454,0,0,0,0,1,0,0,0,0,0,1,0,0,0,0,0,1,0,0
0,0,0,0,0,100,0,0,0,0,0,0,0,0,0,0,100,0,0,0,0,0,0,0,0,0,0,100,0,0,0,0,0,0,0,0,0,1,0,0,1,0,0,0,0,1,0,0,0
0,0,0,0,0,100,0,0,0,0,0,0,0,0,0,0,93.918,6.082,0,0,0,0,0,0,0,0,0,87.376,12.624,0,0,0,0,0,0,0,0,1,0,0,1,0,0,0,0,1,0,0,0
0,0,0,0,0,100,0,0,0,0,0,0,0,0,0,0,100,0,0,0,0,0,0,0,0,0,0,100,0,0,0,0,0,0,0,0,0,1,0,0,1,0,0,0,0,1,0,0,0
0,0,0,0,0,100,0,0,0,0,0,0,0,0,0,0,100,0,0,0,0,0,0,0,0,0,0,100,0,0,0,0,0,0,0,0.0125,0,0.9875,0,0,1,0,0,0,0,1,0,0,0
0,0,0,0,0,100,0,0,0,0,0,0,0,0,0,0,87.75,12.25,0,0,0,0,0,0,0,0,0,70.121,29.879,0,0,0,0,0,0.31579,0.15789,0.026316,0.5,0,0,1,0,0,0,0,0.68421,0.31579,0,0
0,0,0,0,0,100,0,0,0,0,0,0,0,0,0,0,91.14,8.8601,0,0,0,0,0,0,0,0,0,91.14,8.8601,0,0,0,0,0,0.27273,0.045455,0,0.68182,0,0,1,0,0,0,0,0.72727,0.27273,0,0
0,0,0,0,0,100,0,0,0,0,0,0,0,0,0,14.123,70.138,15.739,0,0,0,0,0,0,0,0,0,100,0,0,0,0,0,0,0,0,0.018868,0.98113,0,0,1,0,0,0,0,1,0,0,0
0,0,0,0,0,100,0,0,0,0,0,0,0,0,0,9.9101,70.113,19.977,0,0,0,0,0,0,0,0,0,91.164,8.836,0,0,0,0,0,1,0,0,0,0,0,1,0,0,0,0,1,0,0,0
0,0,0,11.885,7.2175,68.895,0,0,0,0,12.002,3.0391,8.0319,0,0,11.791,69.106,0,0,3.8535,0,4.1784,0,0,0,0,0,52.926,27.971,0,0,11.071,8.0319,0,0.19231,0.57692,0.19231,0.038462,0,0,1,0,0,0,0,1,0,0,0
0,0,0,0,0,89.15,0,0,10.85,0,0,0,5.4249,0,0,14.164,67.072,7.914,5.4249,0,0,0,0,0,0,0,0,80.847,8.3033,0,0,5.4249,5.4249,0,1,0,0,0,0,0,1,0,0,0,0,1,0,0,0
0,0,0,0,0,100,0,0,0,0,0,0,0,0,0,18.862,57.61,23.528,0,0,0,0,0,0,0,0,0,69.365,30.635,0,0,0,0,0,1,0,0,0,0,0,1,0,0,0,0,1,0,0,0
0,0,0,0,0,100,0,0,0,0,0,0,0,0,0,0,100,0,0,0,0,0,0,0,0,0,0,100,0,0,0,0,0,0,1,0,0,0,0,0,1,0,0,0,0,1,0,0,0
0,0,0,0,0,100,0,0,0,0,0,0,0,0,0,14.2,82.128,3.6724,0,0,0,0,0,0,0,0,0,78.072,21.928,0,0,0,0,0,1,0,0,0,0,0,1,0,0,0,0,1,0,0,0
0,0,0,0,0,100,0,0,0,0,0,0,0,0,0,0,100,0,0,0,0,0,0,0,0,0,0,100,0,0,0,0,0,0,0,0,0,1,0,0,1,0,0,0,0,1,0,0,0
0,0,0,0,0,90.049,0,0,9.9512,0,0,4.9756,0,0,0,16.84,68.842,4.3666,0,4.9756,0,0,0,0,0,0,0,70.741,19.308,4.9756,0,4.9756,0,0,1,0,0,0,0,0,1,0,0,0,0,1,0,0,0
0,0,0,0,0,90.402,0,0,9.5976,0,0,4.7988,0,0,0,19.456,63.522,7.4244,0,4.7988,0,0,0,0,0,0,0,75.554,14.849,4.7988,0,4.7988,0,0,1,0,0,0,0,0,1,0,0,0,0,1,0,0,0
0,0,5.6247,0,0,83.491,0,0,10.884,0,0,5.4422,0,0,0,14.282,69.209,0,0,11.067,0,0,5.6247,0,0,0,5.6247,74.144,3.7217,0,5.4422,5.4422,0,0,1,0,0,0,0,0,1,0,0,0,0,1,0,0,0
0,2.7716,8.3576,0,0,61.072,0,0,27.798,0,0,12.976,0,7.4113,0,5.5646,55.486,2.793,0,12.997,0,2.7716,2.793,0,8.3363,0,12.997,48.075,0,7.4113,0,10.204,10.183,0,1,0,0,0,0,0,1,0,0,0,0,1,0,0,0
0,6.7953,9.1946,0,0,54.554,0,0,29.456,0,0,5.7694,14.928,2.8419,0,9.0767,35.754,12.797,0,12.037,0,6.7953,6.2671,0,9.7228,0,24.981,29.573,0,2.8419,14.928,5.7694,5.9165,0.098592,0.90141,0,0,0,0,0,1,0,0,0,0,1,0,0,0
0,0,0,0,0,66.685,0,0,33.315,0,0,14.217,4.8813,0,0,10.02,56.664,0,11.166,3.0512,0,0,0,0,0,0,16.047,50.637,0,14.217,0,14.217,4.8813,0.15517,0.60345,0.017241,0.034483,0.18966,0,0,1,0,0,0,0,1,0,0,0
0,0,0,0,0,70.596,0,0,29.404,0,0,2.2261,16.533,0,0,12.662,53.387,4.5476,8.4185,2.2261,0,0,0,0,0,0,17.21,53.387,0,2.2261,0,10.645,16.533,1,0,0,0,0,0,0,1,0,0,0,0,1,0,0,0
0,0,0,0,0,66.141,0,0,33.859,0,0,13.615,3.3143,0,0,7.5461,46.674,11.921,6.5214,10.408,0,0,0,0,0,0,18.299,39.092,8.7492,13.615,0,16.93,3.3143,0.14754,0.85246,0,0,0,0,0,1,0,0,0,0,1,0,0,0
0,0,0,0,0,74.405,0,0,25.595,0,0,12.798,0,0,0,8.2228,63.061,3.1207,0,12.798,0,0,0,0,0,0,18.846,55.558,0,10.397,2.4009,12.798,0,0.95833,0.041667,0,0,0,0,0,1,0,0,0,0,1,0,0,0
0,0,0,0,0,70.228,0,0,29.772,0,0,14.886,0,0,0,8.2876,58.767,3.1734,0,14.886,0,0,0,0,0,0,12.438,52.676,5.1142,6.0838,8.802,14.886,0,0.14754,0.85246,0,0,0,0,0,1,0,0,0,0,1,0,0,0
0,0,0,0,0,70.94,0,0,29.06,0,0,14.53,0,0,0,11.367,57.05,2.5221,0,14.53,0,0,0,0,0,0,22.734,48.205,0,11.332,3.1978,14.53,0,1,0,0,0,0,0,0,1,0,0,0,0,1,0,0,0
0,0,0,0,0,100,0,0,0,0,0,0,0,0,0,0,38.392,61.608,0,0,0,0,30.699,3.0352,0,0,0,32.322,0,0,0,1.4121,32.533,0,0.88889,0.11111,0,0,0,0.88889,0.11111,0,0,0,0,1,0,0,1
0,0,0,0,0,100,0,0,0,0,0,0,0,0,0,0,96.425,3.575,0,0,0,0,1.5682,3.575,0,0,0,32.142,0,0,0,30.135,32.58,0,0.16667,0.33333,0.16667,0.33333,0,0.16667,0.83333,0,0,0,0,1,0,0,1
0,0,0,0,0,69.415,0,0,30.585,0,0,14.211,0,2.1638,0,6.27,63.145,0,0,14.211,0,0,0,0,0,0,17.82,51.594,0,11.094,3.1165,14.211,2.1638,0.14706,0.85294,0,0,0,0,0,1,0,0,0,0,1,0,0,0
0,0,3.8486,0,0,66.184,0,0,29.968,0,0,13.635,0,4.6212,0,4.2803,57.623,4.2803,0,15.56,0,0,1.9243,0,1.9243,0,15.83,50.354,0,2.2652,9.4458,13.635,4.6212,0.94521,0.054795,0,0,0,0,0,1,0,0,0,0,1,0,0,0
0,1.8289,20.305,0,0,61.469,0,0,16.397,0,0,11.671,0,1.2486,0,11.167,44.518,7.6134,0,21.954,0,1.8289,12.112,0,10.023,0,24.423,37.046,0,1.7246,1.7526,9.842,3.0775,0.21277,0.78723,0,0,0,0,0,1,0,0,0,0,1,0,0,0
0,1.9415,4.1733,0,0,63.974,0,0,29.912,0,0,10.01,0,8.8806,0,11.677,51.917,5.2736,0,10.301,0,1.9415,2.2318,0,3.8829,0,22.358,41.616,0,8.0688,0,8.0688,13.774,1,0,0,0,0,0,0,1,0,0,0,0,1,0,0,0
0,29.787,3.5466,0,0,36.88,0,0,29.787,0,0,3.5466,26.24,0,0,3.5466,10.64,26.24,0,0,0,29.787,0,0,33.333,0,26.24,10.64,0,0,26.24,0,3.5466,0.21053,0.78947,0,0,0,0,0,1,0,0,0,0,1,0,0,0
0,3.4533,3.4533,0,0,55.436,0,0,37.657,0,0,3.4533,30.579,0,0,10.702,48.188,3.6243,0,0,0,3.4533,0,0,6.9066,0,7.2485,48.188,0,0,30.579,0,7.0776,0.91525,0.084746,0,0,0,0,0,1,0,0,0,0,0.9322,0.067797,0,0
9.4908,0,0,0,15.389,53.832,0,0,9.4908,0,11.797,0,15.389,0,5.8986,5.8986,0,32.544,9.4908,21.288,0,9.4908,0,0,0,0,9.4908,32.544,5.8986,15.389,30.779,5.8986,0,0.069767,0.93023,0,0,0,0,0,1,0,0,0,0,0.069767,0.93023,0,0
17.792,6.8455,0,5.2143,11.895,25.563,0,2.9598,19.143,4.2884,6.2996,3.8857,17.512,2.5571,8.1741,2.5571,8.4767,4.6684,14.452,15.235,4.2884,18.194,0,5.5169,0,6.4428,14.452,3.3398,1.3286,18.194,38.263,6.8455,5.617,0.26471,0.73529,0,0,0,0,0,1,0,0,0,0,0.32353,0.67647,0,0
18.008,0,0,0,0,63.985,0,0,0,0,18.008,0,0,0,0,0,22.989,40.996,0,18.008,0,18.008,0,0,0,0,0,40.996,22.989,18.008,18.008,0,0,0,1,0,0,0,0,0,1,0,0,0,0,0,1,0,0
5.5346,4.7248,4.0522,17.417,8.3673,29.495,0,9.8977,7.7256,2.3284,10.458,8.777,16.611,4.6554,14.541,7.6255,10.967,4.5874,7.3278,13.596,4.1217,7.1904,0,16.346,0,7.1212,9.5868,0,7.5575,10.626,26.047,11.747,10.968,0.033898,0.9661,0,0,0,0,0,1,0,0,0,0,0.042373,0.95763,0,0
0,0,0,0,0,100,0,0,0,0,0,0,0,0,0,0,49.09,50.91,0,0,0,0,0,0,0,0,0,83.637,16.363,0,0,0,0,0,1,0,0,0,0,0,1,0,0,0,0,0,1,0,0
0,0,17.19,8.5949,0,74.215,0,0,0,0,0,8.5949,0,0,0,0,55.344,18.872,8.5949,0,0,8.5949,8.5949,17.19,0,0,0,48.374,25.841,0,0,0,0,0,1,0,0,0,0,0,1,0,0,0,0,0,1,0,0
0,0,0,0,0,100,0,0,0,0,0,0,0,0,0,0,100,0,0,0,0,0,0,0,0,0,0,75,25,0,0,0,0,0,1,0,0,0,0,0,1,0,0,0,0,0,1,0,0
0,0,0,0,0,100,0,0,0,0,0,0,0,0,0,0,100,0,0,0,0,0,0,0,0,0,0,57.154,42.846,0,0,0,0,0,1,0,0,0,0,0,1,0,0,0,0,0,1,0,0
0,0,0,0,0,95.583,0,0,4.4168,0,0,0,4.4168,0,0,9.9207,80.159,5.5039,0,0,0,0,0,0,0,0,15.425,80.159,0,0,0,0,4.4168,0.96154,0.038462,0,0,0,0,0,1,0,0,0,0,1,0,0,0
0,0,0,0,0,100,0,0,0,0,0,0,0,0,0,0,100,0,0,0,0,0,0,0,0,0,0,100,0,0,0,0,0,1,0,0,0,0,0,0,1,0,0,0,0,1,0,0,0
0,0,0,0,0,100,0,0,0,0,0,0,0,0,0,0,100,0,0,0,0,0,0,0,0,0,0,100,0,0,0,0,0,1,0,0,0,0,0,0,1,0,0,0,0,1,0,0,0
0,0,0,0,0,100,0,0,0,0,0,0,0,0,0,0,100,0,0,0,0,0,0,0,0,0,0,100,0,0,0,0,0,0.91304,0.021739,0,0,0.065217,0,0,1,0,0,0,0,1,0,0,0
0,0,0,0,0,100,0,0,0,0,0,0,0,0,0,11.925,82.998,5.0768,0,0,0,0,0,0,0,0,23.85,76.15,0,0,0,0,0,1,0,0,0,0,0,0,1,0,0,0,0,1,0,0,0
0,0,0,0,0,100,0,0,0,0,0,0,0,0,0,0,100,0,0,0,0,0,0,0,0,0,0,100,0,0,0,0,0,0.9,0.1,0,0,0,0,0,1,0,0,0,0,1,0,0,0
0,0,0,0,0,100,0,0,0,0,0,0,0,0,0,8.119,91.881,0,0,0,0,0,0,0,0,0,20.736,79.264,0,0,0,0,0,0.90769,0.092308,0,0,0,0,0,1,0,0,0,0,1,0,0,0
0,0,0,0,0,100,0,0,0,0,0,0,0,0,0,0,100,0,0,0,0,0,0,0,0,0,0,100,0,0,0,0,0,1,0,0,0,0,0,0,1,0,0,0,0,1,0,0,0
0,0,0,0,0,100,0,0,0,0,0,0,0,0,0,0,100,0,0,0,0,0,0,0,0,0,0,100,0,0,0,0,0,1,0,0,0,0,0,0,1,0,0,0,0,1,0,0,0
0,0,0,0,0,100,0,0,0,0,0,0,0,0,0,0,100,0,0,0,0,0,0,0,0,0,0,100,0,0,0,0,0,1,0,0,0,0,0,0,1,0,0,0,0,1,0,0,0
0,0,0,0,0,100,0,0,0,0,0,0,0,0,0,0,100,0,0,0,0,0,0,0,0,0,0,100,0,0,0,0,0,0.83333,0.16667,0,0,0,0,0,1,0,0,0,0,0.93939,0.060606,0,0
0,0,0,0,0,100,0,0,0,0,0,0,0,0,0,0,100,0,0,0,0,0,0,0,0,0,0,100,0,0,0,0,0,0,0,0,0,1,0,0,1,0,0,0,0,1,0,0,0
0,0,0,0,0,91.142,0,0,8.8583,0,0,3.0001,0,2.8581,0,5.8582,82.425,2.8581,0,3.0001,0,0,0,0,0,0,11.716,79.425,0,3.0001,0,3.0001,2.8581,1,0,0,0,0,0,0,1,0,0,0,0,1,0,0,0
0,0,0,0,0,100,0,0,0,0,0,0,0,0,0,0,100,0,0,0,0,0,0,0,0,0,4.2344,95.766,0,0,0,0,0,0.89552,0.10448,0,0,0,0,0,1,0,0,0,0,0.92537,0.074627,0,0
0,0,0,0,0,95.763,0,0,4.2373,0,0,0,0,4.2373,0,4.2373,87.288,4.2373,0,0,0,0,0,0,0,0,11.861,83.902,0,0,0,0,4.2373,0.875,0.125,0,0,0,0,0,1,0,0,0,0,0.95312,0.046875,0,0
0,9.379,11.006,0,0,63.975,0,0,15.639,0,0,6.9159,6.5537,2.1697,0,9.0856,44.901,12.814,0,8.1811,0,9.379,4.0906,0,16.295,0,19.074,44.901,0,0,6.5537,4.0906,4.9951,1,0,0,0,0,0,0,1,0,0,0,0,1,0,0,0
7.4329,6.3897,10.234,18.993,1.6629,27.073,0,10.796,10.793,1.6495,4.9753,8.8816,5.0401,10.711,15.546,4.8798,24.475,7.4936,5.604,3.3257,4.0366,10.007,1.5232,22.724,0,10.65,13.098,4.216,1.6629,10.806,14.643,11.609,9.0686,0.97826,0.021739,0,0,0,0,0,1,0,0,0,0,1,0,0,0
3.7002,9.1815,20.712,14.591,0,21.69,0,15.725,7.8535,4.9288,1.617,11.414,15.504,4.4082,13.801,1.2488,18.643,5.7632,11.806,0,10.638,6.7741,6.7075,30.979,1.1438,7.117,8.266,1.3076,3.3118,5.9202,14.11,10.191,10.946,1,0,0,0,0,0,0,1,0,0,0,0,1,0,0,1
5.7197,0,11.439,0,0,71.401,0,11.439,0,0,0,5.7197,0,0,0,0,77.121,5.7197,5.7197,0,0,5.7197,0,22.879,5.7197,0,0,65.682,0,5.7197,0,0,0,0,1,0,0,0,0,0,1,0,0,0,0,0.02381,0.97619,0,0
0,3.0144,15.689,1.4253,4.5486,49.513,0,2.7417,11.26,11.808,0,2.7417,3.1233,4.1226,1.698,1.4253,54.379,3.1233,3.1233,4.1226,3.8499,18.29,7.9081,8.0983,2.4246,3.0144,1.4253,46.39,0,11.808,7.9725,7.8357,3.1233,0.92453,0.075472,0,0,0,0,0,1,0,0,0,0,0.98113,0.018868,0,0
0,5.8385,28.829,3.9722,7.7874,34.792,0,6.0028,10.127,2.6512,0,8.4026,9.5371,4.3958,1.8004,5.5197,32.058,8.2684,3.1199,3.7964,5.1159,17.986,19.011,9.2761,3.7964,5.8385,4.9204,25.419,2.6527,2.6512,11.059,10.456,4.9204,0.81132,0.18868,0,0,0,0,0,1,0,0,0,0,0.88679,0.11321,0,0
0,6.0542,22.868,6.012,12.278,26.021,0,3.1118,17.601,6.0542,0,9.193,9.506,8.9544,4.6337,9.193,16.515,12.687,5.9849,4.6337,3.1118,15.587,9.7446,13.854,1.7605,6.0542,4.8723,11.855,4.6608,6.0542,15.247,18.153,7.7455,0.05618,0.93258,0.011236,0,0,0,0,0.97753,0.022472,0,0,0,0.078652,0.92135,0,0
0,1.2041,25.428,1.6349,8.5682,37.822,0,1.6349,19.999,1.2041,2.5054,1.6349,14.927,4.0505,3.9482,4.1403,25.4,12.422,2.839,6.7946,8.5757,15.268,11.605,4.379,5.5906,1.2041,4.379,18.125,15.464,3.7095,12.626,17.335,5.5831,0,1,0,0,0,0,0,1,0,0,0,0,0.032787,0.96721,0,0
5.061,0,21.504,10.603,0,30.725,0,32.107,0,0,0,10.362,13.643,3.0405,0,0,35.786,5.061,16.443,0,5.3013,10.362,6.0811,47.53,5.061,0,5.3013,11.548,5.7742,8.1015,0,5.3013,5.3013,0.064516,0.93548,0,0,0,0,0,1,0,0,0,0,0.096774,0.90323,0,0
16.787,0,0,0,0,83.213,0,0,0,0,0,16.787,0,0,0,0,83.213,0,0,0,0,0,0,0,16.787,0,0,83.213,0,0,0,0,0,0,1,0,0,0,0,0,1,0,0,0,0,0,1,0,0
0,0,0,0,0,100,0,0,0,0,0,0,0,0,0,0,100,0,0,0,0,0,0,0,0,0,0,86.935,13.065,0,0,0,0,0,1,0,0,0,0,0,1,0,0,0,0,0,1,0,0
0,0,0,0,0,100,0,0,0,0,0,0,0,0,0,0,100,0,0,0,0,0,0,0,0,0,0,100,0,0,0,0,0,0,1,0,0,0,0,0,1,0,0,0,0,0,1,0,0
11.006,0,0,0,0,88.994,0,0,0,0,0,11.006,0,0,0,0,88.994,0,0,0,0,0,0,0,11.006,0,0,78.57,10.424,0,0,0,0,0,1,0,0,0,0,0,1,0,0,0,0,0,1,0,0
0,0,5.3895,5.3895,0,78.442,0,0,10.779,0,0,5.3895,0,5.3895,0,5.3895,78.442,0,0,0,0,5.3895,0,10.779,0,0,0,73.053,5.3895,0,5.3895,5.3895,0,0,1,0,0,0,0,0,1,0,0,0,0,0,1,0,0
0,0,0,0,0,100,0,0,0,0,0,0,0,0,0,0,100,0,0,0,0,0,0,0,0,0,0,100,0,0,0,0,0,0,1,0,0,0,0,0,1,0,0,0,0,0,1,0,0
0,0,0,0,0,100,0,0,0,0,0,0,0,0,0,0,100,0,0,0,0,0,0,0,0,0,0,88.441,11.559,0,0,0,0,0,1,0,0,0,0,0,1,0,0,0,0,0,1,0,0
0,0,2.4424,2.4424,24.992,34.401,0,0,16.574,0,19.147,2.4424,5.8448,2.4424,0,2.4424,47.704,5.8448,0,0,24.992,8.2872,0,4.8848,0,0,0,26.114,33.279,19.147,8.2872,8.2872,0,0,1,0,0,0,0,0,1,0,0,0,0,0,1,0,0
0,0,20.293,2.4715,20.745,23.563,0,0,8.5621,0,24.365,2.4715,9.5596,2.4715,2.9702,6.0906,38.368,5.9405,0,2.9702,20.745,8.412,5.9405,7.9132,2.9702,0,2.9702,12.181,26.187,24.365,2.4715,12.031,2.9702,0.88235,0.11765,0,0,0,0,0,1,0,0,0,0,0.97059,0.029412,0,0
0,0,0,0,0,74.188,0,0,12.906,0,12.906,0,12.906,0,0,12.906,74.188,0,0,0,0,0,0,0,0,0,0,74.188,0,12.906,0,12.906,0,0,1,0,0,0,0,0,1,0,0,0,0,0,1,0,0
0,0,0,0,0,100,0,0,0,0,0,0,0,0,0,0,100,0,0,0,0,0,0,0,0,0,0,100,0,0,0,0,0,0,1,0,0,0,0,0,1,0,0,0,0,0,1,0,0
8.284,4.934,0,3.2798,11.077,36.997,0,1.6541,3.3083,1.6541,28.812,3.2798,12.731,3.2798,16.011,14.357,6.5881,5.0042,3.2798,27.158,1.6541,6.6583,0,4.934,0,6.5597,3.2798,5.0042,11.077,17.735,33.746,16.011,1.6541,1,0,0,0,0,0,0,1,0,0,0,0,1,0,0,0
9.1107,4.9382,1.2418,14.872,7.6452,27.93,0,4.1895,16.997,4.9382,8.1375,4.4742,15.816,5.9232,17.31,3.2158,11.819,9.1556,4.4294,10.861,4.9382,12.058,0,5.4314,0,7.9137,10.353,4.6813,6.4482,15.274,26.409,12.835,10.654,1,0,0,0,0,0,0,1,0,0,0,0,1,0,0,0
0,0,0,0,0,81.316,0,0,0,0,18.684,0,0,0,0,0,100,0,0,0,0,0,0,0,0,0,0,81.316,18.684,0,0,0,0,0,1,0,0,0,0,0,1,0,0,0,0,1,0,0,0
5.3305,11.934,8.6018,19.42,0,40.624,0,2.9613,6.3044,4.8237,0,13.415,9.6474,6.8112,18.239,5.3305,25.057,6.3044,7.1108,0,6.604,1.4807,1.7803,15.113,0,15.485,8.5915,11.724,4.8237,1.4807,18.239,10.154,12.609,0.047619,0.95238,0,0,0,0,0,1,0,0,0,0,1,0,0,0
0,0,2.8058,0,0,88.386,0,0,0,8.8085,0,0,0,0,0,0,91.192,0,0,0,0,8.8085,0,2.8058,0,0,0,88.386,0,8.8085,0,0,0,0,1,0,0,0,0,0,1,0,0,0,0,1,0,0,0
0,0,0,0,0,100,0,0,0,0,0,0,0,0,0,0,100,0,0,0,0,0,0,0,0,0,0,100,0,0,0,0,0,0,1,0,0,0,0,0,1,0,0,0,0,1,0,0,0
0,0,0,0,0,100,0,0,0,0,0,0,0,0,0,0,100,0,0,0,0,0,0,0,0,0,0,100,0,0,0,0,0,0,1,0,0,0,0,0,1,0,0,0,0,1,0,0,0
0,2.6643,6.3666,0,0,81.938,0,2.6643,2.6643,3.7023,0,2.6643,0,0,0,0,88.305,0,0,0,0,9.0308,5.3285,3.7023,0,2.6643,0,81.938,0,3.7023,0,2.6643,0,0,1,0,0,0,0,0,1,0,0,0,0,1,0,0,0
0,6.3068,6.3068,0,2.7247,78.592,0,1.6725,1.6725,0,2.7247,1.6725,9.2687,0,0,0,82.989,0,2.7247,0,0,3.345,7.9793,0,0,6.3068,0,78.592,0,5.4495,0,1.6725,0,0,1,0,0,0,0,0,1,0,0,0,0,1,0,0,0
0,0,0,0,0,83.93,0,0,0,0,16.07,0,0,0,0,8.0873,91.913,0,0,0,0,0,0,0,0,0,0,75.843,24.157,0,0,0,0,0,1,0,0,0,0,0,1,0,0,0,0,1,0,0,0
0,0,0,12.89,12.89,62.148,0,0,0,0,12.072,7.5904,5.2994,0,0,5.2994,68.921,0,0,7.5904,0,5.2994,0,0,0,0,0,43.959,30.262,0,0,12.89,12.89,0,0,0.013514,0.13514,0.85135,0,0,1,0,0,0,0,1,0,0,0
0,0,0,18.181,9.2272,72.592,0,0,0,0,0,0,13.704,0,0,9.2272,63.365,0,0,4.4767,0,9.2272,0,0,0,0,0,54.138,18.454,0,0,13.704,13.704,0,0,0,0.16667,0.83333,0,0,1,0,0,0,0,1,0,0,0
0,0,0,9.001,11.97,79.029,0,0,0,0,0,0,4.5005,0,0,0,79.029,0,0,4.5005,0,11.97,0,0,0,0,0,79.029,0,0,0,4.5005,16.47,0,0,0,0.13725,0.86275,0,0,1,0,0,0,0,1,0,0,0
0,0,0,8.018,17.49,74.492,0,0,0,0,0,9.6513,2.9711,0,0,2.9711,71.521,0,0,5.047,0,7.8385,0,0,0,0,0,63.503,10.989,0,0,12.622,12.885,0,0,0,0.2029,0.7971,0,0,1,0,0,0,0,1,0,0,0
0,0,0,7.0861,0,92.914,0,0,0,0,0,0,3.543,0,0,0,92.914,0,0,3.543,0,0,0,0,0,0,0,92.914,0,0,0,3.543,3.543,0,0,0,0.13846,0.86154,0,0,1,0,0,0,0,1,0,0,0
0,0,0,0,0,100,0,0,0,0,0,0,0,0,0,0,100,0,0,0,0,0,0,0,0,0,0,100,0,0,0,0,0,0,0,0,0.19355,0.80645,0,0,1,0,0,0,0,1,0,0,0
0,0,0,0,0,100,0,0,0,0,0,0,0,0,0,0,100,0,0,0,0,0,0,0,0,0,0,100,0,0,0,0,0,0,0,0.013699,0.20548,0.78082,0,0,1,0,0,0,0,1,0,0,0
0,0,0,0,6.6666,75.435,0,0,0,0,17.898,0,0,0,0,0,93.333,0,6.6666,0,0,0,0,0,0,0,0,75.435,11.232,13.333,0,0,0,0,1,0,0,0,0,0,1,0,0,0,0,1,0,0,0
6.2842,0,0,5.5313,5.5313,66.138,0,0,0,0,16.515,11.816,0,0,0,5.8551,76.798,0,0,5.5313,0,0,0,0,0,6.2842,0,54.752,21.617,6.2842,0,5.5313,5.5313,0,0.014286,0.17143,0.17143,0.64286,0,0,1,0,0,0,0,1,0,0,0
5.5625,6.0136,0,0,15.471,62.923,0,0,0,0,10.029,5.5625,0,3.0068,0,0,85.417,0,3.0068,0,3.0068,0,0,6.0136,0,5.5625,0,62.923,7.4737,5.5625,12.464,0,0,0,1,0,0,0,0,0,1,0,0,0,0,1,0,0,0
4.3781,21.425,0,8.3377,11.014,47.468,0,0,0,0,7.3767,4.3781,0,12.716,0,0,46.554,12.669,14.973,0,8.7095,0,0,21.425,0,4.3781,0,47.468,5.119,8.8934,4.3781,0,8.3377,0,0,0.027397,0.21918,0.75342,0,0,1,0,0,0,0,1,0,0,0
0,0,0,20.229,4.2651,75.505,0,0,0,0,0,4.2651,4.9338,0,0,0,75.505,0,6.0967,9.199,0,0,0,0,0,0,0,71.24,4.2651,0,0,9.199,15.296,0,0,0.013699,0.28767,0.69863,0,0,1,0,0,0,0,1,0,0,0
0,0,0,0,6.2974,93.703,0,0,0,0,0,6.2974,0,0,0,0,93.703,0,0,0,0,0,0,0,0,0,0,93.703,0,0,0,6.2974,0,0,0,0,0.22785,0.77215,0,0,1,0,0,0,0,1,0,0,0
0,9.168,0,9.168,5.382,76.282,0,0,0,0,0,5.382,0,9.168,0,0,59.988,16.294,9.168,0,0,0,0,9.168,0,0,0,76.282,0,0,0,5.382,9.168,0,0,0,0.2625,0.7375,0,0,1,0,0,0,0,1,0,0,0
0,0,0,6.3891,0,93.611,0,0,0,0,0,0,0,0,0,0,93.611,0,6.3891,0,0,0,0,0,0,0,0,93.611,0,0,0,0,6.3891,0,0,0,0.22078,0.77922,0,0,1,0,0,0,0,1,0,0,0
0,0,0,0,0,100,0,0,0,0,0,0,0,0,0,0,100,0,0,0,0,0,0,0,0,0,0,100,0,0,0,0,0,0,0,0.014493,0.18841,0.7971,0,0,1,0,0,0,0,1,0,0,0
0,0,0,0,0,100,0,0,0,0,0,0,0,0,0,0,100,0,0,0,0,0,0,0,0,0,0,100,0,0,0,0,0,0,0,0,0.20988,0.79012,0,0,1,0,0,0,0,1,0,0,0
0,0,0,0,0,100,0,0,0,0,0,0,0,0,0,0,100,0,0,0,0,0,0,0,0,0,0,100,0,0,0,0,0,0,0,0,0.16667,0.83333,0,0,1,0,0,0,0,1,0,0,0
0,0,0,0,0,100,0,0,0,0,0,0,0,0,0,0,100,0,0,0,0,0,0,0,0,0,0,100,0,0,0,0,0,0,0,0.039474,0.14474,0.81579,0,0,1,0,0,0,0,1,0,0,0
0,0,0,0,0,100,0,0,0,0,0,0,0,0,0,0,100,0,0,0,0,0,0,0,0,0,0,100,0,0,0,0,0,0,0,0,0.14667,0.85333,0,0,1,0,0,0,0,1,0,0,0
0,0,0,0,0,100,0,0,0,0,0,0,0,0,0,0,100,0,0,0,0,0,0,0,0,0,0,100,0,0,0,0,0,0,0,0.027397,0.34247,0.63014,0,0,1,0,0,0,0,1,0,0,0
0,0,0,0,0,100,0,0,0,0,0,0,0,0,0,0,100,0,0,0,0,0,0,0,0,0,0,100,0,0,0,0,0,0,0,0.082192,0.15068,0.76712,0,0,1,0,0,0,0,1,0,0,0
0,0,0,0,0,100,0,0,0,0,0,0,0,0,0,0,100,0,0,0,0,0,0,0,0,0,0,100,0,0,0,0,0,0,0,0,0.26966,0.73034,0,0,1,0,0,0,0,1,0,0,0
0,0,0,0,0,100,0,0,0,0,0,0,0,0,0,0,100,0,0,0,0,0,0,0,0,0,0,100,0,0,0,0,0,0,0,0.033708,0.26966,0.69663,0,0,1,0,0,0,0,1,0,0,0
5.8381,3.3636,33.789,13.544,0,16.139,0,25.936,1.3897,0,0,16.139,7.6537,1.3897,4.7534,0,28.12,7.2279,14.75,0,7.1905,12.776,5.0846,56.362,5.8381,0,8.5802,1.7209,0,7.2279,4.7534,3.8268,6.6063,0,0.066667,0.26667,0.66667,0,0,0,0.93333,0.066667,0,0,0,0.73333,0.26667,0,1
0,3.5876,8.0915,0,3.5876,73.054,0,0,3.5876,8.0915,0,3.5876,0,3.5876,0,3.5876,77.558,3.5876,0,0,0,8.0915,0,8.0915,0,3.5876,0,73.054,0,8.0915,7.1753,0,0,0.21739,0.78261,0,0,0,0,0,1,0,0,0,0,1,0,0,0
3.7899,3.5068,32.388,12.175,0,17.303,0,22.418,5.3982,1.8942,1.1275,12.057,7.1397,6.8553,6.6499,0,28.18,6.9331,17.872,0,3.5068,10.806,14.082,44.236,3.7899,0.76668,3.9891,3.5118,0.76668,11.773,7.7774,1.8942,7.4139,0.3,0.56667,0.1,0.033333,0,0,0,1,0,0,0,0,1,0,0,1
2.6562,1.4057,31.234,14.194,0,21.964,0,27.524,1.0224,0,0,12.353,14.668,7.9764,2.4282,0,25.414,1.0224,22.583,0,5.2629,8.2915,18.726,43.445,2.6562,0,6.2853,8.7244,0,7.9764,2.4282,3.8571,5.902,0.89091,0.10909,0,0,0,0,0,1,0,0,0,0,0.94545,0.054545,0,1
0,8.9406,7.8186,0,7.304,51.815,0,1.6365,11.184,11.301,0,7.8186,1.1219,7.304,1.1219,6.1821,52.329,7.304,1.1219,1.1219,0,14.574,3.2731,6.1821,0,8.9406,0,50.693,0,11.301,13.486,5.0023,1.1219,0.040816,0.95918,0,0,0,0,0,1,0,0,0,0,1,0,0,0
0,7.5422,14.666,1.6501,8.0382,48.417,0,1.6501,11.429,6.6065,0,3.0425,12.371,4.7381,4.2292,3.0425,43.523,8.1553,4.9958,4.2292,1.6501,10.024,7.8713,5.7945,0.88356,7.5422,2.5336,40.771,0.88356,6.6065,7.7806,13.454,5.8793,0,1,0,0,0,0,0,1,0,0,0,0,1,0,0,0
0,3.9141,19.979,5.4554,12.405,31.346,0,4.1939,20.784,1.923,0,6.2685,15.587,5.3039,1.923,5.4554,23.136,9.0238,5.3038,5.5611,8.407,14.031,10.872,7.53,1.3063,3.9141,3.3808,20.248,9.5146,1.923,13.711,19.965,7.6355,0.97917,0.020833,0,0,0,0,0,1,0,0,0,0,0.97917,0.020833,0,0
0,0,0,0,0,0,0,0,0,0,0,0,0,0,0,0,0,0,0,0,0,0,0,0,0,0,0,0,0,0,0,0,0,1,0,0,0,0,0,0,1,0,0,0,0,1,0,0,0
0,0,0,0,0,100,0,0,0,0,0,0,0,0,0,0,92.338,7.6625,0,0,0,0,0,0,0,0,0,69.253,30.747,0,0,0,0,1,0,0,0,0,0,0,1,0,0,0,0,1,0,0,0
0,0,0,0,0,100,0,0,0,0,0,0,0,0,0,0,79.006,20.994,0,0,0,0,0,0,0,0,0,58.011,41.989,0,0,0,0,1,0,0,0,0,0,0,1,0,0,0,0,1,0,0,0
7.3508,20.081,5.3791,0,21.972,37.948,0,0,0,0,7.2701,7.3508,10.758,7.3508,0,0,52.569,0,14.621,0,7.3508,0,5.3791,14.702,0,12.73,0,37.948,0,21.891,7.3508,0,0,0,1,0,0,0,0,0,1,0,0,0,0,1,0,0,0
14.597,28.082,0,6.7536,21.329,25.306,0,0,0,0,3.9328,14.597,0,17.418,0,0,33.149,6.7536,17.418,0,10.664,0,0,28.082,0,14.597,0,25.306,0,14.597,10.664,0,6.7536,0,0.059701,0.10448,0.25373,0.58209,0,0,1,0,0,0,0,1,0,0,0
0,0,46.143,0,0,53.857,0,0,0,0,0,0,20.417,0,2.6543,0,48.549,5.3086,0,17.763,0,5.3086,5.3086,2.6543,2.6543,0,2.6543,45.894,2.6543,0,0,20.417,17.763,1,0,0,0,0,0,0,1,0,0,0,0,1,0,0,0
0,0,0,0,0,84.456,0,0,15.544,0,0,0,15.544,0,0,0,68.913,15.544,0,0,0,0,0,0,0,0,0,84.456,0,0,0,15.544,0,0.98958,0,0,0,0.010417,0,0,1,0,0,0,0,1,0,0,0
0,0,0,9.5952,0,82.6,0,0,7.8052,0,0,0,7.8052,0,0,0,74.794,7.8052,9.5952,0,0,0,0,0,0,0,0,82.6,0,0,0,7.8052,9.5952,0,0,0.024096,0.27711,0.6988,0,0,1,0,0,0,0,1,0,0,0
0,0,0,0,0,92.854,0,0,7.1461,0,0,0,7.1461,0,0,0,78.673,14.181,0,0,0,0,0,0,0,0,0,92.854,0,0,0,7.1461,0,0,0,0,0.1573,0.8427,0,0,1,0,0,0,0,1,0,0,0
0,0,0,0,0,84.923,0,0,15.077,0,0,0,15.077,0,0,0,78.619,6.3043,0,0,0,0,0,0,0,0,0,84.923,0,0,0,15.077,0,0,0,0,0.20635,0.79365,0,0,1,0,0,0,0,1,0,0,0
0,0,0,0,0,86.328,0,0,13.672,0,0,0,13.672,0,0,0,79.382,6.9466,0,0,0,0,0,0,0,0,0,86.328,0,0,0,6.9466,6.725,0,0,0,0.10145,0.89855,0,0,1,0,0,0,0,1,0,0,0
0,0,0,0,0,100,0,0,0,0,0,0,0,0,0,0,100,0,0,0,0,0,0,0,0,0,0,100,0,0,0,0,0,0,0,0,0.10526,0.89474,0,0,1,0,0,0,0,1,0,0,0
0,0,0,0,0,100,0,0,0,0,0,0,0,0,0,0,100,0,0,0,0,0,0,0,0,0,0,100,0,0,0,0,0,0,0,0.09375,0.1875,0.71875,0,0,1,0,0,0,0,1,0,0,0
0,0,0,0,0,100,0,0,0,0,0,0,0,0,0,0,100,0,0,0,0,0,0,0,0,0,0,100,0,0,0,0,0,0,0,0,0.082192,0.91781,0,0,1,0,0,0,0,1,0,0,0
0,0,0,0,0,100,0,0,0,0,0,0,0,0,0,0,100,0,0,0,0,0,0,0,0,0,0,100,0,0,0,0,0,0,0,0.011765,0.094118,0.89412,0,0,1,0,0,0,0,1,0,0,0
0,0,0,0,0,100,0,0,0,0,0,0,0,0,0,0,100,0,0,0,0,0,0,0,0,0,0,89.107,10.893,0,0,0,0,1,0,0,0,0,0,0,1,0,0,0,0,1,0,0,0
0,0,0,0,0,79.76,0,0,20.24,0,0,0,20.24,0,0,0,79.76,0,0,0,0,0,0,0,0,0,0,79.76,0,0,0,0,20.24,1,0,0,0,0,0,0,1,0,0,0,0,1,0,0,0
0,0,0,0,0,100,0,0,0,0,0,0,0,0,0,0,100,0,0,0,0,0,0,0,0,0,0,87.502,12.498,0,0,0,0,1,0,0,0,0,0,0,1,0,0,0,0,1,0,0,0
0,0,0,0,0,70.538,0,0,29.462,0,0,0,20.657,8.8053,0,0,70.538,0,0,0,0,0,0,0,0,0,0,70.538,0,0,0,0,29.462,1,0,0,0,0,0,0,1,0,0,0,0,1,0,0,0
0,0,0,0,0,86.349,0,0,13.651,0,0,0,13.651,0,0,0,86.349,0,0,0,0,0,0,0,0,0,0,86.349,0,0,0,0,13.651,0,0,0,0.084507,0.91549,0,0,1,0,0,0,0,1,0,0,0
0,0,0,0,0,90.799,0,0,9.2013,0,0,0,9.2013,0,0,0,90.799,0,0,0,0,0,0,0,0,0,0,90.799,0,0,0,0,9.2013,0,0,0,0.27632,0.72368,0,0,1,0,0,0,0,1,0,0,0
0,0,0,0,0,84.531,0,0,15.469,0,0,0,15.469,0,0,0,84.531,0,0,0,0,0,0,0,0,0,0,84.531,0,0,0,0,15.469,0,0,0,0.16176,0.83824,0,0,1,0,0,0,0,1,0,0,0
0,0,0,0,0,87.7,0,0,12.3,0,0,0,6.5302,5.7696,0,0,87.7,0,0,0,0,0,0,0,0,0,0,87.7,0,0,0,0,12.3,0,0,0,0.18919,0.81081,0,0,1,0,0,0,0,1,0,0,0
0,0,0,0,0,100,0,0,0,0,0,0,0,0,0,0,100,0,0,0,0,0,0,0,0,0,0,100,0,0,0,0,0,0,0,0,0.13699,0.86301,0,0,1,0,0,0,0,1,0,0,0
0,0,0,0,0,100,0,0,0,0,0,0,0,0,0,0,100,0,0,0,0,0,0,0,0,0,0,100,0,0,0,0,0,0,0,0.010417,0.29167,0.69792,0,0,1,0,0,0,0,1,0,0,0
0,0,0,0,0,100,0,0,0,0,0,0,0,0,0,0,100,0,0,0,0,0,0,0,0,0,0,100,0,0,0,0,0,0,0,0,0.081081,0.91892,0,0,1,0,0,0,0,1,0,0,0
0,0,0,0,0,100,0,0,0,0,0,0,0,0,0,0,100,0,0,0,0,0,0,0,0,0,0,100,0,0,0,0,0,0,0,0,0.27083,0.72917,0,0,1,0,0,0,0,1,0,0,0
0,0,0,0,0,100,0,0,0,0,0,0,0,0,0,0,100,0,0,0,0,0,0,0,0,0,0,100,0,0,0,0,0,0,0,0.011628,0.16279,0.82558,0,0,1,0,0,0,0,1,0,0,0
0,0,0,0,0,100,0,0,0,0,0,0,0,0,0,0,100,0,0,0,0,0,0,0,0,0,0,100,0,0,0,0,0,0,0,0.10753,0.25806,0.63441,0,0,1,0,0,0,0,1,0,0,0
0,0,0,0,0,100,0,0,0,0,0,0,0,0,0,0,100,0,0,0,0,0,0,0,0,0,0,100,0,0,0,0,0,0,0,0,0.23864,0.76136,0,0,1,0,0,0,0,1,0,0,0
0,0,0,0,0,100,0,0,0,0,0,0,0,0,0,0,100,0,0,0,0,0,0,0,0,0,0,100,0,0,0,0,0,0,0,0.03125,0.14583,0.82292,0,0,1,0,0,0,0,1,0,0,0
0,0,0,0,0,100,0,0,0,0,0,0,0,0,0,0,100,0,0,0,0,0,0,0,0,0,0,100,0,0,0,0,0,0,0,0,0.075472,0.92453,0,0,1,0,0,0,0,1,0,0,0
0,0,0,0,0,100,0,0,0,0,0,0,0,0,0,0,100,0,0,0,0,0,0,0,0,0,0,100,0,0,0,0,0,0,0,0.11702,0.18085,0.70213,0,0,1,0,0,0,0,1,0,0,0
0,0,0,0,0,100,0,0,0,0,0,0,0,0,0,0,100,0,0,0,0,0,0,0,0,0,0,100,0,0,0,0,0,0,0,0,0.042553,0.95745,0,0,1,0,0,0,0,1,0,0,0
0,0,0,0,0,100,0,0,0,0,0,0,0,0,0,0,100,0,0,0,0,0,0,0,0,0,0,100,0,0,0,0,0,0,0,0.019048,0.31429,0.66667,0,0,1,0,0,0,0,1,0,0,0
0,0,0,0,0,100,0,0,0,0,0,0,0,0,0,0,100,0,0,0,0,0,0,21.506,0,0,0,78.494,0,0,0,0,0,0,0,0,0,1,0,0,1,0,0,0,0,1,0,0,0
0,0,0,0,0,100,0,0,0,0,0,0,0,0,0,0,100,0,0,0,0,0,0,0,0,0,0,100,0,0,0,0,0,0,0,0,0,1,0,0,1,0,0,0,0,1,0,0,0
0,0,0,0,0,100,0,0,0,0,0,0,0,0,0,0,100,0,0,0,0,0,0,0,0,0,0,100,0,0,0,0,0,0,0,0,0,1,0,0,1,0,0,0,0,1,0,0,0
0,0,0,0,0,100,0,0,0,0,0,0,0,0,0,0,100,0,0,0,0,0,0,0,0,0,0,100,0,0,0,0,0,0,0,0,0,1,0,0,1,0,0,0,0,1,0,0,0
0,0,0,0,0,100,0,0,0,0,0,0,0,0,0,0,100,0,0,0,0,0,0,0,0,0,0,100,0,0,0,0,0,0,0,0,0,1,0,0,1,0,0,0,0,1,0,0,0
0,0,0,0,0,100,0,0,0,0,0,0,0,0,0,0,100,0,0,0,0,0,0,0,0,0,0,100,0,0,0,0,0,0,0,0,0,1,0,0,1,0,0,0,0,1,0,0,0
0,0,0,0,0,100,0,0,0,0,0,0,0,0,0,0,100,0,0,0,0,0,0,0,0,0,0,100,0,0,0,0,0,0,0,0,0,1,0,0,1,0,0,0,0,1,0,0,0
0,0,0,0,0,100,0,0,0,0,0,0,0,0,0,0,100,0,0,0,0,0,0,0,0,0,0,100,0,0,0,0,0,0,0,0,0,1,0,0,1,0,0,0,0,1,0,0,0
0,0,0,0,0,100,0,0,0,0,0,0,0,0,0,0,100,0,0,0,0,0,0,0,0,0,0,100,0,0,0,0,0,0,0,0,0,1,0,0,1,0,0,0,0,1,0,0,0
0,0,0,0,0,100,0,0,0,0,0,0,0,0,0,0,100,0,0,0,0,0,0,0,0,0,0,100,0,0,0,0,0,0,0,0,0,1,0,0,1,0,0,0,0,1,0,0,0
0,0,0,0,0,100,0,0,0,0,0,0,0,0,0,0,100,0,0,0,0,0,0,0,0,0,0,100,0,0,0,0,0,0,0,0,0,1,0,0,1,0,0,0,0,1,0,0,0
0,0,0,0,0,100,0,0,0,0,0,0,0,0,0,0,100,0,0,0,0,0,0,0,0,0,0,100,0,0,0,0,0,0,0,0,0,1,0,0,1,0,0,0,0,1,0,0,0
0,0,0,0,0,100,0,0,0,0,0,0,0,0,0,0,100,0,0,0,0,0,0,0,0,0,0,100,0,0,0,0,0,0,0,0,0.066038,0.93396,0,0,1,0,0,0,0,1,0,0,0
0,0,0,0,0,100,0,0,0,0,0,0,0,0,0,0,100,0,0,0,0,0,0,0,0,0,0,100,0,0,0,0,0,0,0,0,0,1,0,0,1,0,0,0,0,1,0,0,0
0,0,0,0,0,100,0,0,0,0,0,0,0,0,0,0,100,0,0,0,0,0,0,0,0,0,0,100,0,0,0,0,0,0,0,0,0.032967,0.96703,0,0,1,0,0,0,0,1,0,0,0
0,0,0,0,0,100,0,0,0,0,0,0,0,0,0,0,100,0,0,0,0,0,0,0,0,0,0,100,0,0,0,0,0,0,0,0,0,1,0,0,1,0,0,0,0,1,0,0,0
0,0,0,0,0,100,0,0,0,0,0,0,0,0,0,0,100,0,0,0,0,0,0,0,0,0,0,100,0,0,0,0,0,0,0,0,0,1,0,0,1,0,0,0,0,1,0,0,0
0,0,0,0,0,100,0,0,0,0,0,0,0,0,0,0,100,0,0,0,0,0,0,0,0,0,0,100,0,0,0,0,0,0,0,0,0,1,0,0,1,0,0,0,0,1,0,0,0
0,0,0,0,0,100,0,0,0,0,0,0,0,0,0,0,100,0,0,0,0,0,0,0,0,0,0,100,0,0,0,0,0,0,0,0,0,1,0,0,1,0,0,0,0,1,0,0,0
0,0,0,0,0,100,0,0,0,0,0,0,0,0,0,0,100,0,0,0,0,0,0,0,0,0,0,100,0,0,0,0,0,0,0,0,0,1,0,0,1,0,0,0,0,1,0,0,0
0,0,0,0,0,100,0,0,0,0,0,0,0,0,0,0,100,0,0,0,0,0,0,0,0,0,0,100,0,0,0,0,0,0,0,0,0.085106,0.91489,0,0,1,0,0,0,0,1,0,0,0
0,0,0,0,0,100,0,0,0,0,0,0,0,0,0,0,100,0,0,0,0,0,0,0,0,0,0,100,0,0,0,0,0,0,0,0,0,1,0,0,1,0,0,0,0,1,0,0,0
0,0,0,0,0,100,0,0,0,0,0,0,0,0,0,0,100,0,0,0,0,0,0,0,0,0,0,100,0,0,0,0,0,0,0,0,0.05618,0.94382,0,0,1,0,0,0,0,1,0,0,0
0,0,0,0,0,100,0,0,0,0,0,0,0,0,0,0,100,0,0,0,0,0,0,0,0,0,0,100,0,0,0,0,0,0,0,0,0,1,0,0,1,0,0,0,0,1,0,0,0
0,0,0,0,0,100,0,0,0,0,0,0,0,0,0,0,100,0,0,0,0,0,0,0,0,0,0,100,0,0,0,0,0,0,0,0,0,1,0,0,1,0,0,0,0,1,0,0,0
0,0,0,0,0,100,0,0,0,0,0,0,0,0,0,0,100,0,0,0,0,0,0,0,0,0,0,100,0,0,0,0,0,0,0,0,0,1,0,0,1,0,0,0,0,1,0,0,0
0,0,0,0,0,100,0,0,0,0,0,0,0,0,0,0,100,0,0,0,0,0,0,0,0,0,0,100,0,0,0,0,0,0,0,0,0,1,0,0,1,0,0,0,0,1,0,0,0
0,0,0,0,0,100,0,0,0,0,0,0,0,0,0,0,100,0,0,0,0,0,0,0,0,0,0,100,0,0,0,0,0,0,0,0,0,1,0,0,1,0,0,0,0,1,0,0,0
0,0,0,0,0,100,0,0,0,0,0,0,0,0,0,0,100,0,0,0,0,0,0,0,0,0,0,100,0,0,0,0,0,0,0,0,0,1,0,0,1,0,0,0,0,1,0,0,0
0,0,0,0,0,100,0,0,0,0,0,0,0,0,0,0,100,0,0,0,0,0,0,0,0,0,0,100,0,0,0,0,0,0,0,0,0,1,0,0,1,0,0,0,0,1,0,0,0
0,0,0,0,0,100,0,0,0,0,0,0,0,0,0,0,100,0,0,0,0,0,0,0,0,0,0,100,0,0,0,0,0,0,0,0,0,1,0,0,1,0,0,0,0,1,0,0,0
0,0,0,0,0,100,0,0,0,0,0,0,0,0,0,0,100,0,0,0,0,0,0,0,0,0,0,100,0,0,0,0,0,0,0,0,0,1,0,0,1,0,0,0,0,1,0,0,0
0,0,0,0,0,100,0,0,0,0,0,0,0,0,0,0,100,0,0,0,0,0,0,0,0,0,0,100,0,0,0,0,0,0,0,0,0,1,0,0,1,0,0,0,0,1,0,0,0
0,0,0,0,0,100,0,0,0,0,0,0,0,0,0,0,100,0,0,0,0,0,0,0,0,0,0,100,0,0,0,0,0,0,0,0,0,1,0,0,1,0,0,0,0,1,0,0,0
0,0,0,0,0,100,0,0,0,0,0,0,0,0,0,0,100,0,0,0,0,0,0,0,0,0,0,100,0,0,0,0,0,0,0,0,0.042553,0.95745,0,0,1,0,0,0,0,1,0,0,0
0,0,0,0,0,100,0,0,0,0,0,0,0,0,0,0,100,0,0,0,0,0,0,0,0,0,0,100,0,0,0,0,0,0,0,0,0,1,0,0,1,0,0,0,0,1,0,0,0
0,0,0,0,0,100,0,0,0,0,0,0,0,0,0,0,100,0,0,0,0,0,0,0,0,0,0,100,0,0,0,0,0,0,0,0,0,1,0,0,1,0,0,0,0,1,0,0,0
0,0,0,0,0,100,0,0,0,0,0,0,0,0,0,0,100,0,0,0,0,0,0,0,0,0,0,100,0,0,0,0,0,0,0.012821,0.038462,0.076923,0.87179,0,0,1,0,0,0,0,1,0,0,0
0,0,0,0,0,100,0,0,0,0,0,0,0,0,0,0,100,0,0,0,0,0,0,0,0,0,0,100,0,0,0,0,0,0,0,0,0,1,0,0,1,0,0,0,0,1,0,0,0
0,0,0,0,0,0,0,0,0,0,0,0,0,0,0,0,0,0,0,0,0,0,0,0,0,0,0,0,0,0,0,0,0,0,0,0,0,1,0,0,1,0,0,0,0,1,0,0,0
0,0,0,0,0,100,0,0,0,0,0,0,0,0,0,0,100,0,0,0,0,0,0,0,0,0,0,100,0,0,0,0,0,0,0,0,0,1,0,0,1,0,0,0,0,1,0,0,0
0,0,0,0,0,100,0,0,0,0,0,0,0,0,0,0,100,0,0,0,0,0,0,0,0,0,0,100,0,0,0,0,0,0,0,0,0,1,0,0,1,0,0,0,0,1,0,0,0
0,0,0,0,0,100,0,0,0,0,0,0,0,0,0,0,100,0,0,0,0,0,0,0,0,0,0,100,0,0,0,0,0,0,0,0,0,1,0,0,1,0,0,0,0,1,0,0,0
0,0,0,0,0,100,0,0,0,0,0,0,0,0,0,0,100,0,0,0,0,0,0,0,0,0,0,100,0,0,0,0,0,0,0.14545,0.036364,0.14545,0.67273,0,0,1,0,0,0,0,1,0,0,0
0,0,0,0,0,100,0,0,0,0,0,0,0,0,0,0,100,0,0,0,0,0,0,0,0,0,0,100,0,0,0,0,0,0,0,0,0,1,0,0,1,0,0,0,0,1,0,0,0
0,0,0,0,0,100,0,0,0,0,0,0,0,0,0,0,100,0,0,0,0,0,0,0,0,0,0,100,0,0,0,0,0,0,0,0,0,1,0,0,1,0,0,0,0,1,0,0,0
0,0,0,0,0,100,0,0,0,0,0,0,0,0,0,0,100,0,0,0,0,0,0,0,0,0,0,100,0,0,0,0,0,0,0,0,0,1,0,0,1,0,0,0,0,1,0,0,0
0,0,0,0,0,100,0,0,0,0,0,0,0,0,0,0,100,0,0,0,0,0,0,0,0,0,0,100,0,0,0,0,0,0,0,0,0,1,0,0,1,0,0,0,0,1,0,0,0
0,0,0,0,0,0,0,0,0,0,0,0,0,0,0,0,0,0,0,0,0,0,0,0,0,0,0,0,0,0,0,0,0,0.012048,0,0.024096,0.012048,0.95181,0,0,1,0,0,0,0,1,0,0,0
0,0,0,0,0,100,0,0,0,0,0,0,0,0,0,0,100,0,0,0,0,0,0,0,0,0,0,100,0,0,0,0,0,0,0,0,0,1,0,0,1,0,0,0,0,1,0,0,0
0,0,0,0,0,100,0,0,0,0,0,0,0,0,0,0,100,0,0,0,0,0,0,0,0,0,0,100,0,0,0,0,0,0,0,0,0,1,0,0,1,0,0,0,0,1,0,0,0
0,0,0,0,0,100,0,0,0,0,0,0,0,0,0,0,100,0,0,0,0,0,0,0,0,0,0,100,0,0,0,0,0,0,0,0,0.011236,0.98876,0,0,1,0,0,0,0,1,0,0,0
0,0,0,0,12.31,87.69,0,0,0,0,0,0,0,12.31,0,0,75.38,12.31,0,0,0,0,0,0,0,0,0,62.69,25,12.31,0,0,0,0,1,0,0,0,0,0,1,0,0,0,0,0,1,0,0
0,0,0,0,5.3404,94.66,0,0,0,0,0,0,0,5.3404,0,0,74.241,20.418,0,0,0,0,0,0,0,0,0,53.601,41.059,5.3404,0,0,0,0,1,0,0,0,0,0,1,0,0,0,0,0,1,0,0
0,0,0,28.713,13.337,29.876,18.06,10.014,0,0,0,3.3177,9.9937,9.9587,0,2.4047,15.707,9.0657,19.014,0,20.525,10.014,21.418,16.71,5.7223,5.7223,0,6.6866,16.594,16.635,0,7.214,3.2977,0,1,0,0,0,0,0,1,0,0,0,0,0.16327,0.83673,0,0
0,0,0,4.7445,4.7445,85.766,4.7445,0,0,0,0,0,9.4891,4.7445,0,0,65.677,15.345,4.7445,0,0,0,0,4.7445,0,4.7445,0,39.985,41.037,4.7445,0,0,4.7445,0,1,0,0,0,0,0,1,0,0,0,0,0.10588,0.89412,0,0
0,0,0,0,21.593,52.19,16.935,9.2821,0,0,0,5.645,0,5.645,12.172,3.637,30.875,9.2821,9.2821,12.172,5.645,5.645,5.645,9.2821,5.645,5.645,0,25.23,26.96,5.7838,12.172,3.637,0,0,0.39394,0.090909,0.24242,0.27273,0,0,1,0,0,0,0,0.81818,0.18182,0,0
0,0,0,0,45.589,54.411,0,0,0,0,0,0,0,4.809,22.397,4.809,40.779,0,0,27.206,0,0,0,0,0,0,0,40.779,13.632,27.206,13.574,4.809,0,0,0.34483,0.068966,0.24138,0.34483,0,0,1,0,0,0,0,0.93103,0.068966,0,0
0,0,2.2363,25.564,21.311,31.874,10.998,8.0163,0,0,0,2.2363,12.154,12.705,0,8.8724,18.646,8.2825,17.406,5.0625,10.987,3.6481,11.615,14.765,1.6779,7.0145,0,9.3264,14.837,16.422,0,18.937,5.4058,0,1,0,0,0,0,0,1,0,0,0,0,0.10606,0.89394,0,0
0,0,5.456,10.912,17.947,44.898,12.862,7.9248,0,0,0,7.9248,0,11.702,5.1966,3.777,36.183,13.381,7.9248,8.9736,2.4688,2.4688,2.4688,7.9248,2.4688,7.9248,0,28.258,16.639,8.9736,5.1966,20.145,0,0,1,0,0,0,0,0,1,0,0,0,0,0,1,0,0
0,0,0,0,33.765,62.082,0,4.1533,0,0,0,0,0,4.8004,14.965,8.9537,43.209,4.1533,4.1533,19.766,0,0,0,4.1533,0,0,0,38.163,23.919,9.8458,14.965,8.9537,0,0,1,0,0,0,0,0,1,0,0,0,0,0,1,0,0
0,0,0,0,5.7316,77.013,0,5.7316,11.524,0,0,0,0,0,0,17.256,50.565,14.924,5.7316,11.524,0,0,11.524,5.7316,0,0,29.909,41.372,5.7316,0,0,5.7316,0,0,1,0,0,0,0,0,1,0,0,0,0,0,1,0,0
0,0,0,33.333,0,66.667,0,0,0,0,0,0,0,0,0,0,66.667,0,33.333,0,0,0,0,0,0,0,0,33.333,33.333,0,0,33.333,0,0.21277,0.38298,0.12766,0.021277,0.25532,0,0,1,0,0,0,0,0.80851,0.19149,0,0
0,5.8847,0,69.927,0,10.024,2.3943,1.7452,4.1395,0,5.8847,6.5338,0,4.1395,4.1395,0,11.769,1.7452,69.927,1.7452,0,0,0,4.1395,3.4904,2.3943,0,10.024,1.7452,2.3943,4.1395,71.673,0,0,1,0,0,0,0,0,1,0,0,0,0,0.012658,0.98734,0,0
6.2297,8.8179,13.658,2.5832,13.373,15.179,5.3188,5.9699,10.626,2.3225,15.922,7.8345,2.5794,10.577,14.52,3.7865,24.362,9.5125,8.119,0.97376,2.2502,15.485,3.1572,11.512,14.82,4.4632,0,10.954,2.5832,5.0972,16.023,25.924,5.4664,0,1,0,0,0,0,0,1,0,0,0,0,0.015152,0.98485,0,0
0,0,0,0,37.766,62.234,0,0,0,0,0,0,0,0,26.306,13.299,47.388,0,0,13.006,0,0,0,0,0,0,0,49.227,13.006,11.461,26.306,0,0,0,0.96552,0.017241,0,0.017241,0,0,1,0,0,0,0,0.2069,0.7931,0,0
0,0,0,0,79.513,20.487,0,0,0,0,0,0,0,0,10.243,69.27,10.243,0,0,10.243,0,0,0,0,0,0,0,10.243,10.243,10.243,69.27,0,0,0,0.94118,0.019608,0,0.039216,0,0,1,0,0,0,0,0.39216,0.60784,0,0
0,0,0,0,50,50,0,0,0,0,0,0,0,0,50,50,0,0,0,0,0,0,0,0,0,0,0,50,0,0,50,0,0,0,1,0,0,0,0,0,1,0,0,0,0,0,1,0,0
0,0,0,0,25.983,74.017,0,0,0,0,0,0,0,0,18.959,0,62.083,0,0,18.959,0,0,0,0,0,0,0,62.083,11.934,18.959,7.0247,0,0,0,1,0,0,0,0,0,1,0,0,0,0,0,1,0,0
0,0,0,0,0,96.696,3.3038,0,0,0,0,0,0,0,3.3038,3.3038,83.481,6.6076,0,0,0,3.3038,0,0,0,0,12.758,83.939,0,0,3.3038,0,0,0,1,0,0,0,0,0,1,0,0,0,0,0.020408,0.97959,0,0
0,0,0,0,33.333,66.667,0,0,0,0,0,0,0,0,0,0,100,0,0,0,0,0,0,0,0,0,0,66.667,0,33.333,0,0,0,0,1,0,0,0,0,0,1,0,0,0,0,0,1,0,0
0,0,0,0,0,100,0,0,0,0,0,0,0,0,0,16.48,70.88,12.64,0,0,0,0,0,0,0,0,41.76,58.24,0,0,0,0,0,0,1,0,0,0,0,0,1,0,0,0,0,0,1,0,0
0,0,0,0,56.893,23.324,0,11.662,4.0602,0,4.0602,0,0,0,7.602,4.0602,27.385,56.893,0,0,4.0602,0,0,11.662,0,0,0,23.324,0,0,4.0602,60.953,0,0,1,0,0,0,0,0,1,0,0,0,0,0,1,0,0
0,0,9.9967,19.993,8.7474,51.266,0,9.9967,0,0,0,0,0,0,9.9967,0,61.262,18.744,0,0,9.9967,0,0,9.9967,0,0,0,41.269,9.9967,0,9.9967,28.741,0,0,1,0,0,0,0,0,1,0,0,0,0,0,1,0,0
7.7316,4.751,4.5118,10.917,13.233,19.966,1.5039,10.632,3.1275,12.648,10.979,10.632,3.639,6.9933,8.4972,12.648,26.732,5.8476,1.5039,1.6236,5.1429,16.74,0,9.7743,6.255,3.8658,0,17.185,5.2625,0,16.002,25.369,16.287,0,1,0,0,0,0,0,1,0,0,0,0,0.0125,0.9875,0,0
3.4046,0.83405,8.2447,24.384,3.0804,27.177,5.1347,15.669,4.2979,1.9923,5.7804,1.9923,5.4982,6.1233,7.6504,7.0624,28.846,15.429,2.4403,1.6063,11.129,12.222,1.0881,11.878,5.4506,2.2464,0,8.086,17.494,0,21.162,25.784,6.8111,0,1,0,0,0,0,0,1,0,0,0,0,0.59184,0.40816,0,0
0,0,0,0,0,85.938,0,14.062,0,0,0,0,0,0,14.062,0,85.938,0,0,0,0,0,0,14.062,0,0,0,85.938,0,0,0,0,0,0,1,0,0,0,0,0,1,0,0,0,0,0,1,0,0
0,0,0,0,0,100,0,0,0,0,0,0,0,0,0,16.765,74.852,8.3826,0,0,0,0,0,0,0,0,8.3826,74.852,16.765,0,0,0,0,0,1,0,0,0,0,0,1,0,0,0,0,0.010753,0.98925,0,0
0,0,0,0,0,100,0,0,0,0,0,0,0,0,0,10.745,89.255,0,0,0,0,0,0,0,0,0,10.745,89.255,0,0,0,0,0,0,1,0,0,0,0,0,1,0,0,0,0,0,1,0,0
0,0,0,0,0,100,0,0,0,0,0,0,0,0,0,0,86.051,13.949,0,0,0,0,0,0,0,0,13.949,86.051,0,0,0,0,0,0,0.94118,0.058824,0,0,0,0,1,0,0,0,0,0.24706,0.75294,0,0
0,0,0,0,0,100,0,0,0,0,0,0,0,0,0,0,100,0,0,0,0,0,0,0,0,0,0,92.012,7.9885,0,0,0,0,0,1,0,0,0,0,0,1,0,0,0,0,0,1,0,0
0,0,0,0,0,96.093,3.9072,0,0,0,0,3.9072,0,0,0,3.9072,88.279,0,0,0,0,3.9072,7.8143,0,0,3.9072,6.2018,82.077,0,0,0,0,0,0,1,0,0,0,0,0,1,0,0,0,0,0,1,0,0
0,0,0,0,6.3484,93.652,0,0,0,0,0,0,0,6.3484,0,0,87.303,6.3484,0,0,0,0,0,0,0,0,9.7545,77.549,6.3484,6.3484,0,0,0,0,1,0,0,0,0,0,1,0,0,0,0,0.067568,0.93243,0,0
0,3.977,1.9565,11.417,1.9565,77.178,1.7572,0,1.7572,0,0,1.7572,0,0,3.977,13.637,63.49,0,1.7572,1.7572,7.6907,5.9335,19.108,5.9335,0,3.977,10.878,48.898,1.7572,0,1.9565,7.4915,0,0,0.98148,0.018519,0,0,0,0,1,0,0,0,0,0.037037,0.96296,0,0
0,0,0,7.6682,0,92.332,0,0,0,0,0,0,0,0,0,7.6682,92.332,0,0,0,0,0,7.6682,0,0,0,0,92.332,0,0,0,0,0,0,1,0,0,0,0,0,1,0,0,0,0,0,1,0,0
0,0,0,0,0,100,0,0,0,0,0,0,0,0,0,0,100,0,0,0,0,0,0,0,0,0,0,100,0,0,0,0,0,0,1,0,0,0,0,0,1,0,0,0,0,0,1,0,0
0,0,4.9812,4.9812,4.9812,75.878,9.1786,0,0,0,0,9.1786,0,0,0,14.16,57.521,0,0,0,4.9812,14.16,28.32,4.9812,0,9.1786,0,52.539,0,0,4.9812,0,0,0,0.98462,0.015385,0,0,0,0,1,0,0,0,0,0.030769,0.96923,0,0
0,0,0,0,0,100,0,0,0,0,0,0,0,0,0,0,100,0,0,0,0,0,0,0,0,0,0,100,0,0,0,0,0,0,1,0,0,0,0,0,1,0,0,0,0,0.090909,0.90909,0,0
0,0,28.919,0,14.459,39.01,3.1523,0,14.459,0,0,0,0,0,3.1523,17.612,40.861,6.3045,14.459,14.459,0,3.1523,14.459,0,0,0,6.3045,32.706,0,0,3.1523,43.378,0,0,1,0,0,0,0,0,1,0,0,0,0,0.072289,0.92771,0,0
10.932,4.1686,4.1686,2.9979,2.5945,56.21,7.5937,0,7.1664,4.1686,0,11.762,0,0,7.7835,4.5958,40.406,0,7.1664,9.7609,2.9979,15.527,15.187,8.3371,0,4.5958,6.0594,27.18,10.781,0,0,16.927,10.932,0,0.24324,0.2973,0.45946,0,0,0,0.83784,0.16216,0,0,0,0.2973,0.7027,0,0
0,0,0,0,2.8798,67.816,16.616,0,12.688,0,0,19.084,0,5.4014,2.8798,4.4069,46.507,9.0331,2.8798,4.4069,0,5.4014,9.8082,0,0,0,23.105,39.721,0,0,10.803,11.161,5.4014,0,0.050847,0,0.66102,0.28814,0,0,1,0,0,0,0,0.016949,0.98305,0,0
0,0,0,0,7.8699,68.905,18.171,0,5.0546,0,0,17.787,0,5.0546,2.0564,4.6797,44.155,12.741,6.415,0,0,7.111,5.0546,0,0,0,16.533,43.021,2.6233,0,20.035,7.6779,5.0546,0,0.34043,0.46809,0.19149,0,0,0,0.53191,0.46809,0,0,0,0.10638,0.89362,0,1
0,0,0,0,0,100,0,0,0,0,0,0,0,0,0,0,100,0,0,0,0,0,0,0,0,0,0,100,0,0,0,0,0,0,1,0,0,0,0,0,1,0,0,0,0,0,1,0,0
0,0,0,0,0,100,0,0,0,0,0,0,0,0,0,0,100,0,0,0,0,0,0,0,0,0,0,100,0,0,0,0,0,0,1,0,0,0,0,0,1,0,0,0,0,0.030769,0.96923,0,0
0,0,0,0,0,100,0,0,0,0,0,0,0,0,0,0,100,0,0,0,0,0,0,0,0,0,0,100,0,0,0,0,0,0,1,0,0,0,0,0,1,0,0,0,0,0.21429,0.78571,0,0
0,0,0,0,0,100,0,0,0,0,0,0,0,0,0,0,100,0,0,0,0,0,0,0,0,0,0,100,0,0,0,0,0,0,1,0,0,0,0,0,1,0,0,0,0,0.13235,0.86765,0,0
0,0,0,0,0,92.317,7.6832,0,0,0,0,0,0,0,3.3865,3.3865,73.078,16.763,0,0,0,3.3865,0,0,0,0,22.456,61.412,12.745,0,3.3865,0,0,0,0,0.015152,0.65152,0.33333,0,0,1,0,0,0,0,0.075758,0.92424,0,0
0,0,0,0,6.6271,77.807,8.9384,0,6.6271,0,0,6.6271,0,0,8.9384,2.3113,55.865,11.25,12.698,0,0,2.3113,0,0,0,0,27.512,53.53,3.3924,0,2.3113,13.254,0,0,0,0.014493,0.98551,0,0,0,1,0,0,0,0,0,1,0,0
0,0,0,0,0,100,0,0,0,0,0,0,0,0,0,9.6498,85.525,4.8249,0,0,0,0,0,0,0,0,9.9605,63.54,26.499,0,0,0,0,0,0,0,0.77419,0.22581,0,0,1,0,0,0,0,0.016129,0.98387,0,0
0,0,0,0,0,95.841,4.1589,0,0,0,0,0,0,0,0,0,95.841,4.1589,0,0,0,0,0,0,0,0,7.5268,72.73,19.744,0,0,0,0,0,0,0,1,0,0,0,1,0,0,0,0,0,1,0,0
0,0,0,0,0,100,0,0,0,0,0,0,0,0,0,0,100,0,0,0,0,0,0,0,0,0,0,100,0,0,0,0,0,0,1,0,0,0,0,0,1,0,0,0,0,0,1,0,0
0,0,0,0,0,100,0,0,0,0,0,0,0,0,0,0,100,0,0,0,0,0,0,0,0,0,0,100,0,0,0,0,0,0,1,0,0,0,0,0,1,0,0,0,0,0,1,0,0
0,0,0,0,0,100,0,0,0,0,0,0,0,0,0,12.216,74.208,13.576,0,0,0,0,0,0,0,0,21.426,52.221,26.353,0,0,0,0,0,0,0.027778,0.69444,0.27778,0,0,1,0,0,0,0,0.027778,0.97222,0,0
0,0,0,0,0,100,0,0,0,0,0,0,0,0,0,10.951,69.97,19.08,0,0,0,0,0,0,0,3.2174,12.645,58.915,25.223,0,0,0,0,0,0,0,1,0,0,0,1,0,0,0,0,0,1,0,0
0,0,0,0,0,100,0,0,0,0,0,0,0,0,0,14.803,70.966,14.231,0,0,0,0,0,0,0,0,14.231,66.413,19.356,0,0,0,0,0,0.98571,0.014286,0,0,0,0,1,0,0,0,0,0.042857,0.95714,0,0
0,0,0,0,0,100,0,0,0,0,0,0,0,0,0,11.705,44.147,44.147,0,0,0,0,0,0,0,10.368,23.411,42.81,23.411,0,0,0,0,0,1,0,0,0,0,0,1,0,0,0,0,0,1,0,0
0,0,6.902,0,0,86.196,0,0,6.902,0,0,0,0,6.902,0,0,86.196,0,0,6.902,0,0,0,6.902,0,0,0,86.196,0,0,0,6.902,0,0,1,0,0,0,0,0,1,0,0,0,0,0,1,0,0
0,0,28.828,0,0,60.027,0,0,11.146,0,0,5.8939,0,5.2519,5.8939,5.8939,54.133,5.8939,0,11.146,0,5.8939,0,22.934,0,0,0,54.133,5.8939,0,0,11.146,5.8939,0.045977,0.95402,0,0,0,0,0,1,0,0,0,0,0.057471,0.94253,0,0
7.0314,7.0314,17.236,0,0,43.991,0,0,10.012,14.697,0,15.324,0,7.0314,10.012,2.981,33.979,2.981,0,2.981,7.0314,17.678,7.0314,21.286,0,0,0,33.979,10.012,14.697,0,10.012,2.981,0,1,0,0,0,0,0,1,0,0,0,0,0,1,0,0
0,0,0,0,0,100,0,0,0,0,0,0,0,0,0,0,100,0,0,0,0,0,0,0,0,0,0,100,0,0,0,0,0,0,1,0,0,0,0,0,1,0,0,0,0,0.0125,0.9875,0,0
0,0,0,0,0,100,0,0,0,0,0,0,0,0,0,0,100,0,0,0,0,0,0,0,0,0,0,100,0,0,0,0,0,0,1,0,0,0,0,0,1,0,0,0,0,0,1,0,0
0,0,0,0,0,100,0,0,0,0,0,0,0,0,0,0,100,0,0,0,0,0,0,0,0,0,0,100,0,0,0,0,0,0,1,0,0,0,0,0,1,0,0,0,0,0,1,0,0
10.945,10.945,9.0551,0,0,38.11,0,0,20,10.945,0,10.945,0,20,10.945,0,27.165,0,0,9.0551,10.945,10.945,10.945,20,0,0,0,27.165,10.945,10.945,0,20,0,0.096774,0.90323,0,0,0,0,0,1,0,0,0,0,0.096774,0.90323,0,0
0,0,0,21.33,13.634,42.707,20.925,1.404,0,0,0,1.404,16.042,15.038,0,1.5392,16.577,2.9433,27.803,0,17.248,1.404,26.934,3.8123,2.9433,5.3515,0,0,17.846,24.86,0,4.6177,13.634,0.15152,0.84848,0,0,0,0,0,1,0,0,0,0,0.81818,0.18182,0,0
0,0,0.88053,46.619,16.037,8.5997,12.076,15.788,0,0,0,1.9725,16.734,4.1941,0,2.8489,7.043,6.4639,21.62,0,24.216,14.907,20.605,31.062,3.9409,7.805,0,0,5.6162,16.799,0,12.712,1.4596,0.23333,0.76667,0,0,0,0,0,1,0,0,0,0,0.9,0.1,0,1
0,0,5.4967,24.278,14.813,27.641,21.119,6.653,0,0,0,3.5208,11.363,11.911,0,6.58,18.491,10.937,21.674,0,11.077,4.4463,13.868,11.545,4.6041,12.41,0,0,12.62,21.443,0,17.04,6.4706,0.019048,0.98095,0,0,0,0,0.047619,0.95238,0,0,0,0,1,0,0,1
0,0,2.2967,25.564,12.75,32.077,21.467,5.844,0,0,0,1.881,1.5637,8.3717,0,10.926,23.261,15.438,21.195,0,15.482,1.881,9.7483,5.844,6.5477,16.402,0,7.9261,11.17,15.278,0,25.521,1.5637,0,1,0,0,0,0,0,1,0,0,0,0,0.92784,0.072165,0,1
0,0,11.911,26.794,18.09,12.348,25.935,4.9211,0,0,0,4.9211,1.3515,9.522,0,19.289,23.876,18.892,12.933,0,9.2155,0,6.8215,4.9211,9.0496,17.22,0,1.6862,6.2726,8.0071,3.2495,41.421,1.3515,0,0.93333,0.066667,0,0,0,0.66667,0.33333,0,0,0,0,1,0,0,1
0,0,8.5838,33.244,11.631,23.122,21.097,2.322,0,0,0,2.322,0,7.6911,0,13.634,17.525,17.386,21.555,0,19.886,0,7.1447,2.322,7.3726,22.894,0,6.2617,2.322,10.738,2.4614,38.483,0,0,0.83562,0.15068,0.013699,0,0,0.86301,0.13699,0,0,0,0,0.9589,0.041096,0,1
0,0,6.5452,0,33.427,32.668,15.506,0,11.855,0,0,0,0,8.9606,0,29.774,27.36,2.4132,17.224,11.855,2.4132,0,11.855,0,2.4132,15.506,11.855,18.4,0,0,13.093,26.88,0,0,0.85849,0.04717,0.056604,0.037736,0,0,0.99057,0.009434,0,0,0,0.87736,0.12264,0,1
0,0,28.07,5.2911,22.85,20.938,14.985,0,7.8652,0,0,0,0,2.6455,0,23.512,22.85,5.9531,31.22,7.8652,5.9531,0,7.8652,0,3.3076,17.631,0,12.34,0,5.2911,9.032,44.534,0,0,0.7931,0.2069,0,0,0,0.2069,0.75862,0.034483,0,0,0,0.96552,0.034483,0,1
0,0,4.1683,26.477,2.7981,50.681,0,10.279,0,5.5962,0,2.7981,9.6034,1.4907,7.4812,5.5962,47.861,16.592,0,0,4.2888,4.2888,0,10.279,0,0,0,17.64,33.041,0,12.585,18.06,8.3943,0,1,0,0,0,0,0,1,0,0,0,0,0.52475,0.47525,0,1
6.2222,0.89747,12.013,18.078,9.2603,21.688,3.5982,15.354,5.0303,5.6646,2.1946,6.5595,12.667,5.6259,4.2191,5.894,19.033,8.8655,4.2907,3.6226,9.1404,20.083,6.094,7.8915,10.59,3.7981,0,5.7659,13.85,5.4597,14.948,22.7,8.9025,0,0.4902,0.5098,0,0,0,0,1,0,0,0,0,0.93137,0.068627,0,1
0,0.73576,8.7756,27.179,3.0149,34.707,6.44,13.119,0.73576,5.2941,0,3.0149,5.3123,3.5879,5.8712,10.77,33.387,13.089,3.5879,5.4754,4.5625,11.342,0,8.8861,4.3236,0,0,10.267,22.968,0,19.282,18.143,16.13,0,0.59184,0.40816,0,0,0,0,1,0,0,0,0,1,0,0,1
0,0,16.638,27.852,1.8193,41.859,0,8.1931,0,3.6386,0,1.8193,1.8193,2.7365,6.3738,5.075,50.534,13.283,0,1.4364,10.93,5.9922,0,8.1931,0,0,0,10.401,31.458,0,16.539,27.951,5.4579,0,0.875,0.125,0,0,0,0,1,0,0,0,0,0.85,0.15,0,1
0,0,14.771,22.209,1.4858,38.699,4.2659,9.3704,7.1149,2.0836,0,1.4858,3.2488,5.0379,2.133,4.2166,36.125,15.636,3.6187,7.7621,6.4505,14.286,1.4858,2.133,5.6785,0,2.0836,8.9183,29.781,2.9715,13.325,23.679,9.9444,0,0.77083,0.22917,0,0,0,0,1,0,0,0,0,0.5,0.5,0,0
4.4199,2.21,2.21,16.422,5.4307,44.875,8.4214,0,8.3711,7.6406,0,10.631,0,0,5.4307,7.09,36.403,0,8.3711,13.802,11.592,6.6801,21.673,4.4199,0,2.2602,0,22.601,11.592,0,5.4307,27.604,4.4199,0,1,0,0,0,0,0,1,0,0,0,0,0,1,0,0
7.8609,5.1496,7.0004,13.43,14.498,34.256,1.1875,0,3.3965,13.222,0,4.584,0,0,14.783,6.5446,26.814,0,3.3965,14.29,15.183,14.405,11.336,12.15,0,2.9406,2.8211,7.1665,13.03,0,13.43,29.265,7.8609,0,1,0,0,0,0,0,1,0,0,0,0,0,1,0,0
10.749,4.6741,7.3716,11.041,4.0986,36.03,8.3434,0,13.018,4.6741,0,13.018,0,0,4.2036,2.6975,28.157,0,13.018,14.419,11.041,13.447,22.082,12.046,0,0,1.4012,11.041,12.547,0,2.6975,27.436,10.749,0,1,0,0,0,0,0,1,0,0,0,0,0,1,0,0
0,0,0,0,0,100,0,0,0,0,0,0,0,0,0,9.4775,68.627,21.896,0,0,0,0,0,0,0,0,0,56.209,43.791,0,0,0,0,1,0,0,0,0,0,0,1,0,0,0,0,1,0,0,0
0,0,0,0,0,100,0,0,0,0,0,0,0,0,0,4.6979,68.413,26.889,0,0,0,0,0,0,0,0,0,41.948,58.052,0,0,0,0,1,0,0,0,0,0,0,1,0,0,0,0,1,0,0,0
0,0,0,0,0,100,0,0,0,0,0,0,0,0,0,29.266,41.467,29.266,0,0,0,0,0,0,0,0,0,58.533,41.467,0,0,0,0,1,0,0,0,0,0,0,1,0,0,0,0,1,0,0,0
0,0,0,0,0,100,0,0,0,0,0,0,0,0,0,14.551,54.215,31.233,0,0,0,0,0,0,0,0,0,37.533,62.467,0,0,0,0,1,0,0,0,0,0,0,1,0,0,0,0,1,0,0,0
0,0,20.323,6.7623,31.019,15.023,24.403,0,2.4687,0,0,0,0,5.4549,0,25.272,26.872,5.1623,33.17,2.4687,1.5999,0,2.4687,0,3.5624,22.441,0,11.823,0,6.7623,15.678,37.264,0,0,0.064516,0.90323,0.032258,0,0,0.85484,0.12903,0.016129,0,0,0,0.8871,0.1129,0,1
12.245,3.3405,3.3405,0,28.934,40.886,4.5726,0,3.3405,3.3405,0,8.082,0,9.1452,21.266,4.7415,22.96,9.3141,3.3405,8.905,0,12.245,4.5726,6.6811,0,0,10.137,0,26.007,4.5726,18.797,16.987,12.245,0,0.36145,0.63855,0,0,0,0,0.46988,0.53012,0,0,0,0.036145,0.96386,0,1
0,0,17.417,1.7794,38.512,18.237,20.795,0,3.2599,0,0,0,0,8.118,0,33.173,24.055,10.898,11.378,3.2599,9.1183,0,3.2599,0,10.898,19.016,0,9.1183,0,1.7794,8.118,47.811,0,0,0.33929,0.66071,0,0,0,0.66071,0.19643,0.14286,0,0,0,0.83929,0.16071,0,1
0,0,0,0,25.451,40,25.319,0,9.2299,0,0,31.6,0,22.949,6.8597,3.9104,14.681,10.77,0,0,0,9.2299,16.09,0,0,0,6.8597,0,10.77,6.8597,37.051,13.14,9.2299,0.4,0.425,0.175,0,0,0,0,0.85,0.15,0,0,0,0.6625,0.3375,0,1
5.6384,0,0,0,30.462,41.875,14.994,0,7.0301,0,0,26.139,0,18.118,8.0969,6.5728,19.374,14.67,3.5814,0,0,3.4487,7.9642,0,0,0,11.678,3.5814,21.431,11.088,17.986,10.611,15.66,0.033708,0.33708,0.60674,0.022472,0,0,0,0.34831,0.65169,0,0,0,0.05618,0.94382,0,0
8.0222,0,0,0,29.137,50.94,7.9333,0,3.9666,0,0,26.766,0,7.7294,12.779,11.103,18.034,11.103,0,4.2595,0,8.2262,3.9666,0,0,0,4.2595,0,27.191,7.9785,25.286,11.351,19.967,0,0.74468,0.25532,0,0,0,0,0.55319,0.44681,0,0,0,0.17021,0.82979,0,1
4.6176,3.0696,1.6278,12.836,15.467,46.897,4.2769,0,4.2769,6.9315,0,6.5668,0,2.2899,16.984,4.6975,28.718,0,4.2769,13.536,15.906,7.0251,14.879,4.6975,0,3.0696,5.3973,5.9047,25.061,0,8.5593,27.814,4.6176,0,0.62121,0.34848,0.030303,0,0,0,0.40909,0.59091,0,0,0,0.015152,0.98485,0,1
0,0,0,0,0,100,0,0,0,0,0,0,0,0,0,34.223,31.555,34.223,0,0,0,0,0,0,0,0,0,73.302,26.698,0,0,0,0,1,0,0,0,0,0,0,1,0,0,0,0,1,0,0,0
0,0,0,0,0,66.667,18.772,14.562,0,0,0,0,0,0,0,14.562,85.438,0,0,0,0,0,0,14.562,0,0,18.772,66.667,0,0,0,0,0,0.65957,0.34043,0,0,0,0,0,1,0,0,0,0,1,0,0,0
0,0,0,0,0,73.362,0,26.638,0,0,0,0,0,8.1437,0,36.681,28.845,18.187,0,0,8.1437,0,0,26.638,0,0,0,73.362,0,0,0,0,0,0.89286,0.10714,0,0,0,0,0,1,0,0,0,0,1,0,0,0
0,0,0,0,0,88.537,0,11.463,0,0,0,0,0,0,0,44.796,21.871,33.333,0,0,0,0,0,11.463,0,0,0,66.667,21.871,0,0,0,0,1,0,0,0,0,0,0,1,0,0,0,0,1,0,0,0
0,0,0,0,0,56.957,29.129,13.914,0,0,0,0,0,6.9137,0,14.001,58.257,20.828,0,0,0,0,0,13.914,0,6.9137,22.215,56.957,0,0,0,0,0,0,0.31868,0.68132,0,0,0,0,1,0,0,0,0,1,0,0,0
0,0,0,0,0,74.706,25.294,0,0,0,0,0,0,0,0,0,100,0,0,0,0,0,0,0,0,0,25.294,74.706,0,0,0,0,0,0,0.68,0.12,0.16,0.04,0,0,1,0,0,0,0,1,0,0,0
0,0,0,0,0,85.378,14.622,0,0,0,0,0,0,0,0,14.033,85.967,0,0,0,0,0,0,0,0,0,14.622,85.378,0,0,0,0,0,0,0.71111,0.2,0,0.088889,0,0,1,0,0,0,0,1,0,0,0
0,0,0,0,0,80.145,19.855,0,0,0,0,0,0,0,0,10.109,89.891,0,0,0,0,0,0,0,0,0,19.855,80.145,0,0,0,0,0,0,0,0.038835,0.41748,0.54369,0,0,1,0,0,0,0,1,0,0,0
0,0,8.1742,0,0,75.477,0,0,12.69,0,3.6588,4.5154,4.5154,3.6588,0,8.1742,70.962,0,0,3.6588,4.5154,0,3.6588,4.5154,0,0,3.6588,63.645,11.833,0,4.5154,8.1742,0,0,0,0,0.078947,0.92105,0,0,1,0,0,0,0,1,0,0,0
0,0,0,0,0,100,0,0,0,0,0,0,0,0,0,0,92.573,7.4269,0,0,0,0,0,0,0,0,0,85.146,14.854,0,0,0,0,1,0,0,0,0,0,0,1,0,0,0,0,1,0,0,0
0,0,0,0,0,66.667,0,0,33.333,0,0,0,9.7634,13.941,9.6291,0,66.667,0,0,0,0,0,0,0,0,0,0,66.667,0,0,0,0,33.333,1,0,0,0,0,0,0,1,0,0,0,0,1,0,0,0
0,0,0,0,0,89.328,0,0,10.672,0,0,0,0,0,10.672,0,89.328,0,0,0,0,0,0,0,0,0,0,89.328,0,0,0,0,10.672,1,0,0,0,0,0,0,1,0,0,0,0,1,0,0,0
0,0,0,0,0,67.875,0,0,32.125,0,0,0,0,8.8733,23.251,0,67.875,0,0,0,0,0,0,0,0,0,0,67.875,0,0,0,0,32.125,0.93617,0.053191,0,0,0.010638,0,0,1,0,0,0,0,1,0,0,0
0,0,0,0,0,88.637,0,0,11.363,0,0,0,0,11.363,0,0,88.637,0,0,0,0,0,0,0,0,0,0,88.637,0,0,0,0,11.363,0,0,0,0.19403,0.80597,0,0,1,0,0,0,0,1,0,0,0
0,0,0,0,0,89.372,0,0,10.628,0,0,0,0,10.628,0,0,89.372,0,0,0,0,0,0,0,0,0,0,89.372,0,0,0,0,10.628,0,0,0,0.27027,0.72973,0,0,1,0,0,0,0,1,0,0,0
0,0,0,0,0,84.479,0,0,15.521,0,0,0,0,0,15.521,0,84.479,0,0,0,0,0,0,0,0,0,0,84.479,0,0,0,0,15.521,0,0,0.028986,0.27536,0.69565,0,0,1,0,0,0,0,1,0,0,0
0,0,0,0,0,79.756,0,0,20.244,0,0,0,0,0,20.244,0,79.756,0,0,0,0,0,0,0,0,0,0,79.756,0,0,0,0,20.244,0,0,0.015873,0.34921,0.63492,0,0,1,0,0,0,0,1,0,0,0
0,0,0,0,0,100,0,0,0,0,0,0,0,0,0,0,100,0,0,0,0,0,0,0,0,0,0,100,0,0,0,0,0,0,0,0.012658,0.20253,0.78481,0,0,1,0,0,0,0,1,0,0,0
0,0,0,0,0,100,0,0,0,0,0,0,0,0,0,0,100,0,0,0,0,0,0,0,0,0,0,100,0,0,0,0,0,0,0,0,0.19767,0.80233,0,0,1,0,0,0,0,1,0,0,0
0,0,0,0,0,100,0,0,0,0,0,0,0,0,0,0,100,0,0,0,0,0,0,0,0,0,0,100,0,0,0,0,0,0,0,0.028986,0.13043,0.84058,0,0,1,0,0,0,0,1,0,0,0
0,0,0,0,0,100,0,0,0,0,0,0,0,0,0,0,100,0,0,0,0,0,0,0,0,0,0,100,0,0,0,0,0,0,0,0.094118,0.11765,0.78824,0,0,1,0,0,0,0,1,0,0,0
0,0,0,0,0,100,0,0,0,0,0,0,0,0,0,21.391,57.219,21.391,0,0,0,0,0,0,0,0,0,71.8,28.2,0,0,0,0,0.98611,0.013889,0,0,0,0,0,1,0,0,0,0,1,0,0,0
0,0,6.1054,0,1.8736,57.14,0,0,31.698,0,3.1828,1.8736,3.3349,3.1828,20.812,7.3752,54.821,0,0,4.6441,3.956,0,4.6441,1.4613,0,0,3.1828,50.774,8.2392,0,1.8736,9.0124,20.812,0,0.22917,0,0.125,0.64583,0,0,1,0,0,0,0,1,0,0,0
0,0,4.9975,0,0,85.984,0,0,9.0189,0,0,0,2.4987,0,4.5095,0,85.984,0,0,2.4987,4.5095,0,2.4987,2.4987,0,0,0,85.984,0,0,0,4.5095,4.5095,0,0.5,0,0.5,0,0,0,1,0,0,0,0,1,0,0,0
0,0,8.3401,0,11.515,52.085,0,0,21.204,4.606,2.2504,10.602,15.228,2.2504,0,12.72,44.129,6.8564,0,2.3762,5.8381,0,2.3762,5.9639,0,0,2.3556,46.142,15.103,2.2504,15.208,10.602,0,0,0.36765,0.16176,0.47059,0,0,0,1,0,0,0,0,1,0,0,0
0,0,10.796,0,2.0575,78.306,0,0,8.8401,0,0,2.0575,7.4555,0,2.3625,2.0575,78.306,0,0,5.3979,2.3625,0,5.3979,5.3979,0,0,0,78.306,2.0575,0,2.0575,4.4201,2.3625,0,0.55556,0,0.11111,0.33333,0,0,1,0,0,0,0,1,0,0,0
0,0,0,0,0,100,0,0,0,0,0,0,0,0,0,0,100,0,0,0,0,0,0,0,0,0,0,100,0,0,0,0,0,0,0,0.022222,0.2,0.77778,0,0,1,0,0,0,0,1,0,0,0
0,0,0,0,0,100,0,0,0,0,0,0,0,0,0,0,100,0,0,0,0,0,0,0,0,0,0,100,0,0,0,0,0,0,0,0.0098039,0.32353,0.66667,0,0,1,0,0,0,0,1,0,0,0
0,0,0,0,0,100,0,0,0,0,0,0,0,0,0,0,100,0,0,0,0,0,0,0,0,0,0,100,0,0,0,0,0,0,0,0.022989,0.24138,0.73563,0,0,1,0,0,0,0,1,0,0,0
0,0,0,0,0,100,0,0,0,0,0,0,0,0,0,0,100,0,0,0,0,0,0,0,0,0,0,100,0,0,0,0,0,0,0,0.022222,0.31111,0.66667,0,0,1,0,0,0,0,1,0,0,0
0,0,0,0,0,100,0,0,0,0,0,0,0,0,0,0,100,0,0,0,0,0,0,0,0,0,0,100,0,0,0,0,0,0,0,0.013514,0.2973,0.68919,0,0,1,0,0,0,0,1,0,0,0
0,0,0,0,0,100,0,0,0,0,0,0,0,0,0,0,100,0,0,0,0,0,0,0,0,0,0,100,0,0,0,0,0,0,0,0,0.15556,0.84444,0,0,1,0,0,0,0,1,0,0,0
0,0,0,0,0,100,0,0,0,0,0,0,0,0,0,0,100,0,0,0,0,0,0,0,0,0,0,100,0,0,0,0,0,0,0,0,0.2,0.8,0,0,1,0,0,0,0,1,0,0,0
0,0,0,0,0,100,0,0,0,0,0,0,0,0,0,0,100,0,0,0,0,0,0,0,0,0,0,100,0,0,0,0,0,0,0,0.024691,0.22222,0.75309,0,0,1,0,0,0,0,1,0,0,0
0,0,1.8362,6.419,0,59.672,0,0,21.445,10.628,0,8.2552,0,11.318,0,1.5676,53.896,4.2086,0,1.5676,8.559,10.628,0,0,0,0,8.607,44.717,6.3486,0,19.187,12.886,8.2552,0,0.72,0,0.28,0,0,0,1,0,0,0,0,0.28,0.72,0,0
0,10.749,3.8573,18.729,3.3192,15.866,7.4523,0,28.576,4.8864,6.5642,8.6774,15.476,5.3912,0,13.188,23.318,8.8595,3.8573,1.2251,7.5603,12.447,0,5.3724,19.899,0,0,13.954,3.1371,6.7984,32.797,18.042,0,0.17143,0.2,0.31429,0.31429,0,0,0,1,0,0,0,0,0.94286,0.057143,0,1
0,0,0,0,7.3171,71.774,13.592,0,7.3171,0,0,7.3171,0,0,7.3171,0,64.457,13.592,7.3171,0,0,0,0,0,0,0,20.909,64.457,0,0,0,14.634,0,0,0,0.25,0.75,0,0,0,0.9375,0.0625,0,0,0,0.03125,0.96875,0,0
0,0,0,0,0,63.614,4.4301,31.956,0,0,0,0,0,19.459,0,20.266,34.189,21.357,0,0,4.7288,0,0,31.956,0,4.4301,4.7288,58.885,0,0,0,0,0,0.88462,0.11538,0,0,0,0,0,1,0,0,0,0,1,0,0,0
0,0,0,0,0,58.312,20.196,21.492,0,0,0,0,0,6.7011,0,30.397,37.57,18.631,0,0,6.7011,0,0,21.492,0,4.5903,24.139,49.779,0,0,0,0,0,0,0.25,0.75,0,0,0,0,1,0,0,0,0,1,0,0,0
0,0,0,0,0,100,0,0,0,0,0,0,0,0,0,0,87.877,0,12.123,0,0,0,0,0,0,0,12.123,80.579,7.2982,0,0,0,0,0,0,0.041667,0.95833,0,0,0,1,0,0,0,0,0,1,0,0
0,0,0,0,0,70.495,0,29.505,0,0,0,0,0,14.752,0,14.752,49.247,6.4952,0,0,14.752,0,0,29.505,0,0,6.4952,52.502,11.498,0,0,0,0,0.89362,0.10638,0,0,0,0,0,1,0,0,0,0,1,0,0,0
0,0,0,0,0,59.64,23.146,17.214,0,0,0,0,0,10.566,0,18.049,32.142,25.884,6.7119,0,6.6482,0,0,17.214,0,16.888,12.906,49.419,3.5726,0,0,0,0,0,0.44068,0.55932,0,0,0,0,1,0,0,0,0,1,0,0,0
0,0,0,0,0,71.31,23.971,4.7189,0,0,0,0,0,4.7189,0,19.252,47.34,28.69,0,0,0,0,0,4.7189,0,7.8815,22.553,58.522,6.3253,0,0,0,0,0,0.12162,0.13514,0.64865,0.094595,0,0,1,0,0,0,0,1,0,0,0
0,0,0,0,0,74.413,16.886,0,0,8.7013,0,0,0,0,0,14.728,68.128,17.144,0,0,0,0,0,0,0,8.443,17.144,53.142,12.569,0,8.7013,0,0,0,0,0,0.53704,0.46296,0,0,1,0,0,0,0,1,0,0,0
0,0,0,0,0,78.935,21.065,0,0,0,0,0,0,0,0,19.732,53.818,13.525,12.926,0,0,0,0,0,0,12.835,10.782,59.3,17.083,0,0,0,0,0,0,0.028169,0.35211,0.61972,0,0,1,0,0,0,0,1,0,0,0
0,0,2.736,0,0,83.303,5.7534,0,2.736,5.472,0,0,2.736,0,0,20.908,64.158,9.4623,2.736,0,0,0,0,2.736,0,2.8767,2.8767,52.713,30.59,0,2.736,5.472,0,0,0,0,0.2,0.8,0,0,1,0,0,0,0,1,0,0,0
11.619,5.8139,3.193,4.6951,23.05,33.836,6.7123,0,5.0378,6.0434,0,10.27,0,14.968,10.339,2.6208,27.686,4.8675,5.0378,7.8882,7.316,9.0069,11.178,9.0069,0,2.6208,7.4884,1.8447,25.26,4.8675,7.7179,18.397,11.619,0.018182,0.4,0.58182,0,0,0,0,0.63636,0.36364,0,0,0,0.054545,0.94545,0,1
0,0,0,0,0,100,0,0,0,0,0,0,0,0,0,7.9219,55.655,36.423,0,0,0,0,0,0,0,14.279,17.14,47.653,20.928,0,0,0,0,0,0.17308,0.076923,0.75,0,0,0,1,0,0,0,0,0.21154,0.78846,0,0
0,0,0,0,0,100,0,0,0,0,0,0,0,0,0,0,81.317,18.683,0,0,0,0,0,0,0,9.3413,0,71.763,18.896,0,0,0,0,0,0,0.1,0.9,0,0,0,1,0,0,0,0,0,1,0,0
0,0,0,0,0,89.768,0,10.232,0,0,0,0,0,10.232,0,15.81,67.895,6.0622,0,0,0,0,0,10.232,0,0,0,52.085,37.683,0,0,0,0,1,0,0,0,0,0,0,1,0,0,0,0,1,0,0,0
0,0,0,0,0,80.337,11.051,8.6118,0,0,0,0,0,4.3059,0,23.238,41.871,12.317,13.962,0,4.3059,0,0,8.6118,0,4.3384,13.726,67.687,5.6366,0,0,0,0,0.63333,0.33333,0.033333,0,0,0,0,1,0,0,0,0,1,0,0,0
0,0,0,0,0,100,0,0,0,0,0,0,0,0,0,5.8255,63.397,30.778,0,0,0,0,0,0,0,9.5633,21.214,47.38,21.842,0,0,0,0,0,0.083333,0.083333,0.83333,0,0,0,1,0,0,0,0,0.15,0.85,0,0
0,0,9.7283,0,0,90.272,0,0,0,0,0,0,0,0,0,10.192,83.154,3.3273,0,0,0,3.3273,0,0,0,0,0,49.035,41.237,0,0,3.3273,6.401,1,0,0,0,0,0,0,1,0,0,0,0,1,0,0,0
0,0,0,0,0,90.511,9.4887,0,0,0,0,0,0,0,0,23.326,48.48,13.627,14.567,0,0,0,0,0,0,7.1781,2.3105,72.746,17.765,0,0,0,0,0.043478,0.69565,0.17391,0.043478,0.043478,0,0,1,0,0,0,0,1,0,0,0
0,0,2.0375,0,0,79.872,0,0,2.0375,10.064,5.9893,0,2.0375,0,0,16.024,60.878,13.034,2.0375,0,5.9893,0,0,2.0375,0,0,0,45.91,39.951,0,2.0375,10.064,0,0,0.75,0.13636,0.022727,0.090909,0,0,1,0,0,0,0,1,0,0,0
0,0,0,0,0,100,0,0,0,0,0,0,0,0,0,3.557,92.886,3.557,0,0,0,0,0,0,0,0,0,68.471,31.529,0,0,0,0,1,0,0,0,0,0,0,1,0,0,0,0,1,0,0,0
0,0,0,0,0,100,0,0,0,0,0,0,0,0,0,4.1792,95.821,0,0,0,0,0,0,0,0,0,0,85.63,14.37,0,0,0,0,1,0,0,0,0,0,0,1,0,0,0,0,1,0,0,0
0,0,0,0,0,87.408,0,0,12.592,0,0,0,0,0,0,12.592,87.408,0,0,0,0,0,0,0,0,0,0,87.408,0,0,0,0,12.592,1,0,0,0,0,0,0,1,0,0,0,0,1,0,0,0
0,0,0,0,4.1286,84.282,0,0,11.589,0,0,0,0,0,0,15.718,84.282,0,0,0,0,0,0,0,0,0,0,84.282,0,0,4.1286,0,11.589,0,0,0.014085,0.19718,0.78873,0,0,1,0,0,0,0,1,0,0,0
0,0,0,0,0,90.592,0,0,9.4079,0,0,0,0,0,0,9.4079,90.592,0,0,0,0,0,0,0,0,0,0,90.592,0,0,0,0,9.4079,0,0,0,0.2623,0.7377,0,0,1,0,0,0,0,1,0,0,0
0,0,0,5.8447,0,94.155,0,0,0,0,0,0,0,0,0,0,94.155,5.8447,0,0,0,0,0,0,0,0,0,94.155,0,0,5.8447,0,0,0,0,0.12329,0.068493,0.80822,0,0,1,0,0,0,0,1,0,0,0
0,0,0,0,0,100,0,0,0,0,0,0,0,0,0,0,100,0,0,0,0,0,0,0,0,0,0,100,0,0,0,0,0,0,0,0,0.22222,0.77778,0,0,1,0,0,0,0,1,0,0,0
0,0,5.9055,0,16.084,47.252,0,0,5.9055,13.769,11.084,0,10.905,11.084,0,8.7688,39.21,16.084,2.8634,3.0421,8.0421,0,3.0421,2.8634,0,0,3.0421,35.441,27.895,8.0421,10.905,8.7688,0,0,0,0.094118,0.85882,0.047059,0,0,1,0,0,0,0,1,0,0,0
0,0,0,0,15.908,34.092,0,0,40.908,0,9.0917,0,25,0,0,9.0917,18.183,15.908,0,0,15.908,15.908,0,0,0,0,0,18.183,31.817,9.0917,15.908,25,0,0.15152,0.84848,0,0,0,0,0,1,0,0,0,0,0.33333,0.66667,0,0
0,0,1.9547,0,14.835,58.998,0,0,2.6488,14.075,7.4886,0,1.8504,0,14.745,6.509,40.497,17.971,8.2906,0,10.137,0,0,1.9547,0,0,8.5276,33.859,24.099,2.6488,11.176,17.734,0,0,0.086957,0.10145,0.78261,0.028986,0,0,1,0,0,0,0,1,0,0,0
0,0,3.1517,0,7.9327,63.582,0,0,23.473,0,1.8614,9.223,9.223,1.8614,1.5826,11.084,62.291,0,0,1.8614,2.873,0,1.8614,1.2903,0,0,1.8614,58.568,12.946,0,9.223,12.667,1.5826,0,1,0,0,0,0,0,1,0,0,0,0,1,0,0,0
0,0,5.3162,0,21.773,45.007,0,0,10.049,13.91,3.9444,0,6.6224,1.6396,23.845,7.6232,24.589,11.269,12.725,0,11.687,0,0,5.3162,0,0,2.6758,29.728,18.188,9.3818,14.365,20.346,0,0,1,0,0,0,0,0,1,0,0,0,0,1,0,0,0
0,0,1.2594,0,29.493,42.334,0,0,12.82,10.907,3.1864,0,3.8604,0,31.509,2.5189,19.784,8.9738,18.607,0,14.747,0,0,1.2594,0,0,5.7874,31.427,8.3063,11.56,18.607,23.053,0,0,0.95556,0,0.022222,0.022222,0,0,1,0,0,0,0,1,0,0,0
0,0,0,0,0,100,0,0,0,0,0,0,0,0,0,0,100,0,0,0,0,0,0,0,0,0,0,100,0,0,0,0,0,0,0,0,0.034091,0.96591,0,0,1,0,0,0,0,1,0,0,0
0,0,0,0,0,100,0,0,0,0,0,0,0,0,0,0,100,0,0,0,0,0,0,0,0,0,0,100,0,0,0,0,0,0,0,0.014085,0.30986,0.67606,0,0,1,0,0,0,0,1,0,0,0
0,0,0,0,0,100,0,0,0,0,0,0,0,0,0,0,100,0,0,0,0,0,0,0,0,0,0,100,0,0,0,0,0,0,0,0.032258,0.27419,0.69355,0,0,1,0,0,0,0,1,0,0,0
0,0,0,0,0,100,0,0,0,0,0,0,0,0,0,0,100,0,0,0,0,0,0,0,0,0,0,100,0,0,0,0,0,0,0,0,0.2561,0.7439,0,0,1,0,0,0,0,1,0,0,0
0,0,0,0,0,100,0,0,0,0,0,0,0,0,0,0,100,0,0,0,0,0,0,0,0,0,0,100,0,0,0,0,0,0,0,0,0.30864,0.69136,0,0,1,0,0,0,0,1,0,0,0
0,0,0,0,0,100,0,0,0,0,0,0,0,0,0,0,100,0,0,0,0,0,0,0,0,0,0,100,0,0,0,0,0,0,0,0,0.25843,0.74157,0,0,1,0,0,0,0,1,0,0,0
0,0,0,0,0,100,0,0,0,0,0,0,0,0,0,0,100,0,0,0,0,0,0,0,0,0,0,100,0,0,0,0,0,0,0,0.010989,0.13187,0.85714,0,0,1,0,0,0,0,1,0,0,0
0,0,0,0,0,100,0,0,0,0,0,0,0,0,0,0,100,0,0,0,0,0,0,0,0,0,0,100,0,0,0,0,0,0,0,0.030928,0.28866,0.68041,0,0,1,0,0,0,0,1,0,0,0
5.4875,24.507,6.8325,0,16.528,7.739,10.669,0,13.056,0,15.18,7.739,8.1124,12.252,17.74,0,14.572,14.945,6.8325,5.4875,0,12.32,5.4875,16.157,17.808,8.0446,0,5.1141,0,6.7647,14.639,21.777,4.2077,0.052632,0.5,0.15789,0.28947,0,0,0,0.71053,0.28947,0,0,0,0.68421,0.31579,0,1
3.2174,18.186,8.5212,0,7.3225,13.592,11.804,3.3613,24.263,0,9.7322,13.858,13.939,7.0163,10.234,0,21.059,13.317,4.1051,3.6346,0,12.839,3.2174,12.867,19.834,7.699,0,9.4871,1.8893,1.9097,16.114,22.938,4.044,0.40909,0.59091,0,0,0,0,0,1,0,0,0,0,0.54545,0.45455,0,0
9.4298,8.6473,13.719,0,12.856,13.603,5.7077,5.6647,15.394,4.3823,10.596,10.371,3.183,10.406,11.407,4.3823,21.142,8.1979,6.2571,2.1719,2.5247,19.957,0.88944,15.342,13.126,5.1596,0,8.1175,3.695,1.4388,20.779,25.632,5.8211,0,0.020408,0.28571,0.69388,0,0,0,1,0,0,0,0,1,0,0,1
6.4341,0.90096,10.094,20.607,8.1654,5.4547,7.6187,23.27,5.6264,6.7897,5.0388,8.1654,7.2858,8.1746,9.0756,8.7532,12.371,4.6293,8.0179,6.992,4.2506,22.285,5.0285,9.7145,11.46,2.5194,0,2.5194,3.7777,6.1208,16.908,21.736,20.216,0,1,0,0,0,0,0,1,0,0,0,0,0.088889,0.91111,0,0
3.5612,0,16.554,13.24,7.6797,21.312,0.95052,15.359,15.491,5.8531,0,9.0466,11.898,4.9282,2.6107,3.2424,18.288,9.7528,6.7292,9.0551,6.7632,17.685,7.6797,8.1961,10.324,0.95052,5.5599,7.2541,13.401,13.165,4.1184,20.928,8.4234,0.038462,0.63462,0.32692,0,0,0,0,1,0,0,0,0,0.48077,0.51923,0,1
0,0,3.6923,0,0,92.615,0,0,3.6923,0,0,3.6923,0,0,0,0,92.615,0,3.6923,0,0,0,0,0,0,3.6923,0,92.615,0,0,0,3.6923,0,0,1,0,0,0,0,0,1,0,0,0,0,0.054795,0.94521,0,0
0,0,0,2.1339,0,29.871,30.874,37.121,0,0,0,0,23.623,0,0,16.53,17.069,12.801,7.7897,22.186,0,0,2.1339,31.413,12.854,0,20.798,5.6558,19.947,0,0,0,7.1982,0.071429,0.67857,0.25,0,0,0,0,0.42857,0.57143,0,0,0,0.14286,0.85714,0,1
2.2654,5.4132,14.634,0,0,59.405,6.3142,0,8.8207,0,3.1477,7.4375,2.0244,3.1477,2.0244,0,68.867,2.2654,4.5309,4.2898,0,5.4132,0,16.017,12.851,2.0244,0,57.38,3.1477,2.0244,0,4.2898,2.2654,0,1,0,0,0,0,0,1,0,0,0,0,0,1,0,0
0,0,0,8.4256,0,28.771,25.156,37.647,0,0,0,0,9.4469,0,0,17.301,22.811,5.96,7.5523,36.928,0,0,8.4256,16.999,13.815,0,20.486,12.793,12.793,0,0,0,14.688,0.058824,0.76471,0.17647,0,0,0,0,0.47059,0.52941,0,0,0,0.35294,0.64706,0,1
0,0,0,8.7918,0,32.941,27.785,30.482,0,0,0,0,23.275,0,0,14.012,25.262,7.6788,1.8234,27.949,0,0,8.7918,25.099,6.0941,0,17.658,6.9684,22.326,0,0,0,13.063,0,0.9697,0.030303,0,0,0,0,1,0,0,0,0,0.060606,0.93939,0,0
13.919,0,7.3873,0,0,71.306,0,0,7.3873,0,0,21.306,0,0,0,0,71.306,0,7.3873,0,0,0,0,0,13.919,7.3873,0,71.306,0,0,0,7.3873,0,0,0.96552,0.034483,0,0,0,0,1,0,0,0,0,0.13793,0.86207,0,0
0,3.3609,6.7217,0,0,78.753,0,0,3.9016,0,7.2625,3.3609,0,3.3609,0,0,79.397,6.6192,0,0,3.9016,3.3609,0,3.3609,6.7217,0,6.6192,72.134,3.3609,0,3.9016,3.9016,0,0,1,0,0,0,0,0,1,0,0,0,0,0,1,0,0
0,5.0767,5.3598,13.526,4.3665,50.671,2.3968,0,7.1903,0,11.413,5.0767,6.7632,7.0464,0,15.496,55.747,2.3968,0,0,2.3968,5.0767,0,2.6799,10.153,0,0,46.304,7.0464,4.3665,20.29,9.16,0,0,1,0,0,0,0,0,1,0,0,0,0,0,1,0,0
1.6951,1.6951,17.479,6.0319,3.0159,34.289,10.886,0,17.898,1.3109,5.6978,9.5988,8.267,1.7051,3.9402,6.426,47.463,4.3169,7.3537,5.6353,2.2876,3.006,0,18.217,9.9523,6.5927,0,28.644,1.7051,6.9561,11.335,14.902,1.6951,0,0.98507,0.014925,0,0,0,0,1,0,0,0,0,0.029851,0.97015,0,0
0,8.3916,8.2182,16.595,5.9628,10.947,12.357,0,28.314,2.6052,6.6096,10.509,15.451,2.6995,1.1905,9.9762,26.556,10.903,2.6052,1.1905,9.6022,9.3181,0,8.8763,23.184,1.1905,0,9.7561,2.6995,3.7958,28.802,21.695,0,0.13208,0.79245,0.075472,0,0,0,0,1,0,0,0,0,0.33962,0.66038,0,0
3.096,0,9.8331,0,0,63.205,0,0,13.481,0,10.385,12.929,0,0,0,0,68.611,3.096,0,0,10.385,4.9789,0,21.004,4.9789,0,0,63.205,0,0,5.4061,5.4061,0,0,1,0,0,0,0,0,1,0,0,0,0,0,1,0,0
4.0857,7.4754,13.276,0,0,57.108,0,0,10.687,4.0857,3.2822,7.4046,0,4.0857,7.4046,3.319,49.704,3.319,0,3.319,10.758,10.687,7.4754,17.325,3.2822,0,0,49.704,7.4046,4.0857,0,7.4046,3.319,0.013514,0.98649,0,0,0,0,0,1,0,0,0,0,0.013514,0.98649,0,0
3.5815,5.6093,0,5.761,5.4576,56.301,5.6093,0,12.223,0,5.4576,6.462,8.338,2.7288,0,5.6093,61.91,6.462,0,0,5.6093,2.8805,0,9.8918,11.219,0,0,56.301,2.7288,0,11.37,8.4898,0,0,1,0,0,0,0,0,1,0,0,0,0,0,1,0,0
10.02,11.962,0,0,0,66.896,0,0,7.0833,0,4.0394,3.0438,0,4.0738,2.9023,0,66.896,3.0438,4.0738,2.9023,9.0252,4.0394,4.9857,14.201,8.1133,5.8045,0,66.896,0,0,0,0,0,0,1,0,0,0,0,0,1,0,0,0,0,0,1,0,0
4.5618,4.5618,4.5618,0,0,68.067,4.5618,0,13.686,0,0,4.5618,0,0,0,0,72.629,4.5618,9.1237,4.5618,0,4.5618,0,13.686,9.1237,0,0,68.067,0,0,0,4.5618,4.5618,0,0.9589,0.041096,0,0,0,0,1,0,0,0,0,0.054795,0.94521,0,0
3.848,5.3452,0,0,0,85.462,0,0,0,5.3452,0,3.848,0,0,0,5.3452,85.462,5.3452,0,0,0,0,0,0,3.848,5.3452,0,85.462,0,0,0,5.3452,0,0,0.85714,0.14286,0,0,0,0,1,0,0,0,0,0,1,0,0
4.7056,3.7682,0,0,0,87.758,0,0,0,3.7682,0,4.7056,0,0,0,3.7682,87.758,3.7682,0,0,0,0,0,0,4.7056,3.7682,0,87.758,0,0,0,3.7682,0,0,1,0,0,0,0,0,1,0,0,0,0,0.12821,0.87179,0,0
16.065,15.947,0,0,0,65.634,0,0,0,2.3545,0,0,2.4729,7.0799,11.789,4.0391,59.24,2.3545,5.8421,0,2.3545,4.8275,7.7499,4.1575,13.592,6.5121,0,57.766,0,5.3953,2.4729,2.3545,0,0,0.79592,0.20408,0,0,0,0,1,0,0,0,0,0,1,0,0
17.878,35.357,0,0,0,46.765,0,0,0,0,0,0,0,15.916,16.268,0,26.065,4.7843,4.7843,32.183,0,0,0,15.916,12.742,19.793,4.7843,46.765,0,0,0,0,0,0,0.94444,0.055556,0,0,0,0,1,0,0,0,0,0.055556,0.94444,0,0
13.297,38.632,0,0,0,44.083,0,0,0,3.9884,0,0,12.704,6.9443,11.166,13.818,25.971,3.9884,14.072,0,9.2264,2.1106,4.8133,4.2416,29.056,13.818,0,38.325,0,4.2301,1.5275,3.9884,0,0,1,0,0,0,0,0,1,0,0,0,0,0,1,0,0
8.3673,11.209,0,0,0,71.147,0,0,6.2149,3.0617,0,6.2149,0,3.0616,5.2141,0,74.08,3.1532,0,2.1525,3.0616,3.0616,3.0617,9.3681,0,10.3,0,68.085,3.0617,3.0617,0,3.0617,0,0,1,0,0,0,0,0,1,0,0,0,0,0,1,0,0
23.665,21.979,0,0,0,52.223,0,0,0,2.1331,0,0,4.023,0,15.455,0,61.043,0,6.0763,13.402,0,0,0,10.099,0,31.358,4.1864,48.2,0,4.023,2.1331,0,0,0,1,0,0,0,0,0,1,0,0,0,0,0,1,0,0
21.248,28.173,2.4998,0,1.4859,42.371,1.4859,0,1.2499,1.4859,0,2.7358,16.845,0,4.7291,1.4859,56.497,1.4859,11.402,3.5694,1.2499,0,0,26.762,1.2499,19,5.1454,27.907,1.4859,13.214,3.9857,1.2499,0,0,1,0,0,0,0,0,1,0,0,0,0,0,1,0,0
9.4363,11.239,15.197,0,3.4618,51.086,5.6132,0,1.8336,2.1329,0,1.8336,19.436,0,7.4468,3.4618,52.773,5.6132,3.6362,3.9665,1.8336,0,0,16.852,7.7502,5.7691,3.6672,37.567,5.9166,5.7691,9.2618,7.4468,0,0.29167,0.64583,0.0625,0,0,0,0,1,0,0,0,0,0.4375,0.5625,0,0
12.461,3.431,6.8621,0,5.5991,57.017,5.5991,0,3.431,5.5991,0,9.0302,14.629,0,3.431,5.5991,54.849,5.5991,0,3.431,3.431,0,0,9.0302,3.431,0,12.461,42.388,5.5991,11.198,12.461,3.431,0,0.13333,0.86667,0,0,0,0,0,1,0,0,0,0,0.26667,0.73333,0,0
14.442,28.275,0,0,0,57.283,0,0,0,0,0,0,3.8698,11.763,6.7639,0,57.361,0,6.871,11.656,1.7144,0,1.7144,16.867,8.7003,14.202,1.2336,57.283,0,0,0,0,0,0,1,0,0,0,0,0,1,0,0,0,0,0,1,0,0
0,0,0,0,0,100,0,0,0,0,0,0,0,0,0,0,100,0,0,0,0,0,0,0,0,0,0,100,0,0,0,0,0,0,1,0,0,0,0,0,1,0,0,0,0,0.15385,0.84615,0,0
0,0,14.225,0,0,71.549,14.225,0,0,0,0,0,0,0,14.225,0,71.549,14.225,0,0,0,0,0,14.225,0,0,0,71.549,0,0,0,14.225,0,0.066667,0.93333,0,0,0,0,0,1,0,0,0,0,0.13333,0.86667,0,0
0,0,0,0,0,100,0,0,0,0,0,0,0,0,0,0,100,0,0,0,0,0,0,0,0,0,0,100,0,0,0,0,0,0.071429,0.92857,0,0,0,0,0,1,0,0,0,0,0.14286,0.85714,0,0
16.927,29.378,0,0,0,42.412,0,0,0,11.283,0,0,3.0435,2.3402,18.871,13.623,24.593,11.283,6.6709,0,9.3184,10.256,8.2656,4.3308,18.095,15.614,0,38.315,0,1.0529,3.0435,11.283,0,0.052632,0.94737,0,0,0,0,0,1,0,0,0,0,0.10526,0.89474,0,0
20.175,29.629,0,0,0,47.48,0,0,0,2.7163,0,0,7.597,7.738,13.171,11.578,30.319,2.7163,16.719,0,5.5833,4.5792,4.4597,7.8574,24.046,13.441,0,43.874,0,1.7435,1.8629,2.7163,0,0,1,0,0,0,0,0,1,0,0,0,0,0.021978,0.97802,0,0
0,0,0,0,0,100,0,0,0,0,0,0,0,0,0,0,100,0,0,0,0,0,0,0,0,0,0,100,0,0,0,0,0,0,1,0,0,0,0,0,1,0,0,0,0,0,1,0,0
0,0,0,0,0,100,0,0,0,0,0,0,0,0,0,0,100,0,0,0,0,0,0,0,0,0,0,100,0,0,0,0,0,0,1,0,0,0,0,0,1,0,0,0,0,0,1,0,0
0,0,0,0,0,100,0,0,0,0,0,0,0,0,0,0,100,0,0,0,0,0,0,0,0,0,0,100,0,0,0,0,0,0,1,0,0,0,0,0,1,0,0,0,0,0,1,0,0
0,0,0,0,0,100,0,0,0,0,0,0,0,0,0,0,100,0,0,0,0,0,0,0,0,0,0,100,0,0,0,0,0,0,1,0,0,0,0,0,1,0,0,0,0,0,1,0,0
0,0,0,0,0,100,0,0,0,0,0,0,0,0,0,0,100,0,0,0,0,0,0,0,0,0,0,100,0,0,0,0,0,0,1,0,0,0,0,0,1,0,0,0,0,0,1,0,0
8.653,20.117,14.017,0,15.553,7.0233,6.7854,3.7246,6.3471,0.46227,17.317,7.1453,8.0103,13.257,17.42,0.46227,14.792,10.346,4.5065,3.9902,0.46227,19.607,5.3514,13.177,22.37,7.9739,0,6.0987,2.6013,4.8424,8.3682,22.225,6.9919,0.94444,0,0,0.055556,0,0,0,1,0,0,0,0,1,0,0,1
3.8296,10.399,10.739,0,10.646,9.8935,11.647,1.8567,25.218,0,15.771,14.99,16.931,6.64,6.4202,0,17.749,11.687,5.9989,0.72665,0,18.858,1.13,8.3041,17.392,9.1655,0,6.062,2.0764,3.4335,17.004,26.715,8.7169,0.068966,0.2069,0.27586,0.44828,0,0,0,1,0,0,0,0,1,0,0,1
13.144,5.1379,14.618,8.6952,10.594,10.637,3.5472,15.116,5.8719,4.7537,7.8848,6.6973,4.5551,10.78,12.603,6.2508,16.859,9.0116,2.4134,1.7082,3.3774,25.745,5.2951,10.828,16.722,4.748,0,8.3623,6.0899,0.70985,14.594,24.145,8.5057,0.59459,0.16216,0.13514,0.10811,0,0,0,1,0,0,0,0,1,0,0,1
4.772,0,10.849,24.824,4.772,22.528,5.0155,18.378,3.9008,4.9609,0,4.3818,16.48,6.0998,4.9106,4.3875,21.292,12.604,4.9106,9.0105,2.5227,13.4,8.4517,12.548,16.372,1.5794,2.9575,6.6045,12.668,4.3818,5.2385,19.909,9.2899,0,0.90909,0.045455,0.045455,0,0,0,1,0,0,0,0,0.9697,0.030303,0,1
7.0326,12.371,22.622,3.8119,11.127,11.806,5.8445,7.9882,14.691,2.7056,0,7.9065,8.2595,10.933,15.55,1.3969,18.681,13.622,5.4033,1.75,1.3969,15.101,7.0326,20.677,22.222,1.75,2.5032,2.5032,2.6174,3.8119,10.887,23.29,2.7056,0.011364,0.056818,0.090909,0.84091,0,0,0,1,0,0,0,0,1,0,0,1
2.9223,0.56941,16.15,21.123,6.0435,17.623,4.0121,15.806,13.817,1.9335,0,8.9511,15.618,6.6595,2.3487,3.1434,16.571,11.45,5.2807,8.6336,5.0939,16.251,7.0827,15.31,13.013,1.9727,5.2948,6.2444,3.6779,10.934,8.0095,20.761,7.7003,0.15385,0.65385,0.19231,0,0,0,0,0.69231,0.30769,0,0,0,0.38462,0.61538,0,0
1.5128,0,24.771,17.392,3.6636,28.238,0,10.851,12.059,1.5128,0,5.2835,12.331,3.1327,1.5128,1.5373,30.731,6.6808,3.6636,13.349,8.2886,13.489,7.1872,8.2763,16.849,0,1.6199,12.37,12.238,7.4343,5.2253,18.999,9.8015,0,0.19697,0.80303,0,0,0,0,1,0,0,0,0,0.9697,0.030303,0,1
0,0,3.3774,8.9728,0,47.664,15.8,22.497,1.6887,0,0,0,11.249,0,0,13.524,47.664,0,8.9728,15.213,1.6887,1.6887,8.9728,20.221,3.9646,0,40.25,19.249,1.6887,0,0,1.6887,3.9646,0.89744,0.10256,0,0,0,0,0,1,0,0,0,0,1,0,0,0
0,0,0,3.3555,0,62.448,15.42,6.7111,12.065,0,0,0,3.3555,0,0,15.42,62.448,0,3.3555,3.3555,0,12.065,3.3555,6.7111,0,0,34.196,43.672,0,0,0,0,12.065,0.86667,0.13333,0,0,0,0,0,1,0,0,0,0,1,0,0,0
0,0,0,0,0,100,0,0,0,0,0,0,0,0,0,0,100,0,0,0,0,0,0,0,0,0,33.333,66.667,0,0,0,0,0,1,0,0,0,0,0,0,1,0,0,0,0,1,0,0,0
0,0,0,2.2085,0,41.805,27.892,17.132,10.963,0,0,0,8.5149,0,0,21.1,38.55,3.2549,1.5316,16.085,0,10.963,2.2085,10.047,6.5999,0,35.047,20.671,7.1867,0,0,0,18.24,0.375,0.59375,0.03125,0,0,0,0,1,0,0,0,0,0.96875,0.03125,0,0
0,0,0,9.9499,0,45.971,12.995,28.873,2.2103,0,0,0,17.542,0,0,6.2388,35.146,10.826,8.0974,19.94,0,2.2103,9.9499,25.639,4.0689,0,16.506,12.201,23.504,0,0,0,8.1317,0.02,0.74,0.24,0,0,0,0,1,0,0,0,0,0.48,0.52,0,0
3.357,6.9134,14.002,7.408,3.704,18.787,5.8516,0,31.508,2.4946,5.9752,10.445,11.277,3.6056,3.9184,6.1228,27.034,8.3462,12.567,8.4357,0,8.2478,0,17.282,16.496,1.0374,0,17.577,4.7658,3.704,16.191,15.672,7.2755,0.42857,0.035714,0.53571,0,0,0,0,1,0,0,0,0,1,0,0,1
1.1307,8.5647,14.486,9.9554,5.4273,16.251,9.8948,0,22.156,1.1811,10.952,8.6881,15.487,6.1265,4.7853,11.87,26.985,3.323,6.0627,7.8167,3.5133,5.3431,0,17.23,14.772,2.6254,0,10.841,6.8461,6.5919,21.496,16.308,3.2906,0.96226,0,0,0.037736,0,0,0,1,0,0,0,0,1,0,0,1
6.4921,3.8376,16.098,0,0,60.766,0,0,8.9682,3.8376,0,11.444,0,6.3137,3.8376,5.7025,53.961,5.6223,0,2.4761,3.8376,6.8054,3.8376,16.574,0,0,0,39.588,21.178,3.8376,0,9.2815,5.7025,0.79592,0.20408,0,0,0,0,0,1,0,0,0,0,0.95918,0.040816,0,0
3.255,2.6222,21.109,0,0,52.452,0,0,12.896,7.6667,0,7.0777,0,5.8179,3.8227,3.8227,48.629,7.0777,0,9.6406,2.6222,11.489,2.6222,23.796,0,0,0,48.629,3.8227,7.6667,0,9.6406,3.8227,1,0,0,0,0,0,0,1,0,0,0,0,1,0,0,0
0,7.2154,3.4867,13.561,16.077,17.026,6.4441,0,10.257,3.5173,22.415,2.6412,20.44,11.355,0,21.399,24.543,3.5915,3.4867,0.84549,6.9508,4.7471,0,9.3649,15.84,0,0,12.041,10.479,8.5022,28.63,15.143,0,0.081633,0.040816,0.87755,0,0,0,0,1,0,0,0,0,1,0,0,1
3.0229,2.3644,17.978,2.3132,1.1566,30.558,8.385,0,30.701,1.1566,2.3644,11.408,14.219,1.1099,10.652,1.1566,40.053,2.3132,4.9156,11.906,0,2.2665,0,15.618,11.17,4.8641,0,26.944,2.3644,4.7708,11.762,15.469,7.0374,0,0.33898,0.66102,0,0,0,0,0.59322,0.40678,0,0,0,0.57627,0.42373,0,1
1.4636,7.352,8.1037,7.0003,5.0132,14.491,9.2508,0,39.028,5.5525,2.7449,6.421,19.72,4.6566,7.9224,4.8726,23.741,7.2321,5.1955,9.386,2.6043,8.2479,0,12.403,17.414,1.4573,0,13.033,1.3725,7.0097,21.622,17.759,7.9288,0,0,0.038462,0.96154,0,0,0,1,0,0,0,0,1,0,0,1
13.159,35.291,0,0,0,45.974,0,0,0,5.5755,0,0,12.611,2.3212,11.603,8.5365,34.36,5.5755,6.0597,0,11.193,7.7396,6.9621,3.0987,26.755,11.635,0,33.372,0,5.9119,6.6894,5.5755,0,0.33333,0.66667,0,0,0,0,0,1,0,0,0,0,0.45833,0.54167,0,0
0,20,0,0,0,40,0,0,20,20,0,0,20,20,0,0,40,0,0,0,0,20,0,0,20,0,0,40,0,20,20,0,0,0.13462,0.57692,0.26923,0.019231,0,0,0,0.53846,0.46154,0,0,0,0.42308,0.57692,0,1
20.779,41.016,0,0,0,38.205,0,0,0,0,0,0,0,23.944,12.013,0,28.087,6.517,7.308,15.178,6.9538,0,0,23.944,12.367,18.53,6.9538,38.205,0,0,0,0,0,0.12821,0.74359,0.12821,0,0,0,0,0.69231,0.30769,0,0,0,0.12821,0.87179,0,0
26.691,29.82,0,0,0,41.948,0,0,0,1.5404,0,0,8.615,4.3983,11.705,5.9386,37.02,1.5404,14.861,0,8.3174,7.6044,1.5404,10.462,24.054,16.229,4.2261,30.782,0,2.5509,8.615,1.5404,0,0.82143,0.17857,0,0,0,0,0,1,0,0,0,0,0.89286,0.10714,0,0
25.717,19.466,0,0,0,54.818,0,0,0,0,0,0,12.977,0,8.5723,6.4885,33.268,8.5723,15.061,8.5723,6.4885,0,0,0,21.549,15.061,8.5723,54.818,0,0,0,0,0,0,0.93976,0.060241,0,0,0,0,0.75904,0.24096,0,0,0,0,1,0,0
0,36.854,0,0,0,63.146,0,0,0,0,0,18.427,0,0,0,0,63.146,0,0,0,0,18.427,0,0,26.292,10.562,0,63.146,0,0,0,0,0,0.74576,0.25424,0,0,0,0,0,1,0,0,0,0,0.74576,0.25424,0,0
0,44.75,0,0,0,55.25,0,0,0,0,0,5.2502,11.061,0,0,0,55.25,0,0,0,23.189,5.2502,0,0,44.75,0,0,55.25,0,0,0,0,0,0.75556,0.24444,0,0,0,0,0,1,0,0,0,0,0.82222,0.17778,0,0
0,49.631,0,0,0,50.369,0,0,0,0,0,14.143,10.673,0,0,0,50.369,0,0,0,3.0459,21.769,0,0,47.444,2.1869,0,50.369,0,0,0,0,0,0,1,0,0,0,0,0,1,0,0,0,0,0,1,0,0
0,0,4.8195,0,0,95.181,0,0,0,0,0,0,0,0,0,0,90.361,4.8195,0,0,0,4.8195,0,0,0,0,0,77.325,17.855,0,0,4.8195,0,0.89474,0.052632,0.052632,0,0,0,0,1,0,0,0,0,1,0,0,0
0,0,0,0,0,91.132,0,0,8.8676,0,0,0,0,0,0,8.8676,91.132,0,0,0,0,0,0,0,0,0,0,91.132,0,0,0,0,8.8676,0.98333,0.016667,0,0,0,0,0,1,0,0,0,0,1,0,0,0
16.964,25.523,2.0482,0,0,52.889,0,0,1.0241,1.5511,0,1.0241,11.11,2.8742,7.2917,0,62.675,0,2.2847,11.717,1.0241,0,0,16.269,5.9134,19.281,2.0482,48.029,0,3.8358,3.5993,1.0241,0,0.45161,0.54839,0,0,0,0,0,1,0,0,0,0,0.58065,0.41935,0,0
22.35,14.893,5.9022,0,1.9185,40.391,1.9185,0,2.9511,9.6755,0,4.8696,16.143,0,6.8323,1.9185,50.778,1.9185,1.2937,13.296,2.9511,0,0,15.518,2.9511,14.53,9.1144,25.846,1.9185,11.594,15.578,2.9511,0,0.64865,0.35135,0,0,0,0,0,1,0,0,0,0,0.72973,0.27027,0,0
4.2535,0,7.4139,0,4.2535,70.625,4.2535,0,4.9464,4.2535,0,4.2535,23.335,0,0,9.2,58.958,4.2535,0,0,0,0,0,4.2535,7.4139,0,4.2535,54.704,11.667,8.5071,4.2535,0,4.9464,0,0,0.015625,0.32812,0.65625,0,0,1,0,0,0,0,1,0,0,0
0,0,0,3.5064,10.415,81.263,0,0,4.8165,0,0,0,0,0,0,9.9466,81.263,3.5064,0,0,5.2845,0,0,5.2845,0,0,5.2845,75.978,0,0,8.6364,0,4.8165,0,0,0.013333,0.093333,0.89333,0,0,1,0,0,0,0,1,0,0,0
11.288,2.7114,5.4229,0,16.644,49.49,5.8656,0,2.7114,5.8656,0,8.577,14.443,0,2.7114,11.847,46.336,5.8656,0,2.7114,7.5084,0,0,13.374,2.7114,0,16.085,30.251,5.8656,11.731,17.27,2.7114,0,0,1,0,0,0,0,0,1,0,0,0,0,0.023256,0.97674,0,0
0,0,6.2022,8.4054,8.4054,59.354,13.019,0,0,4.614,0,4.614,25.424,0,0,0,56.943,4.614,0,0,8.4054,0,0,8.4054,6.2022,0,4.614,48.537,6.2022,4.614,8.4054,13.019,0,0.021505,0.97849,0,0,0,0,0,1,0,0,0,0,0.064516,0.93548,0,0
0,35.693,0,0,0,64.307,0,0,0,0,0,7.0787,0,0,0,0,64.307,0,21.536,0,0,7.0787,0,21.536,7.0787,7.0787,0,64.307,0,0,0,0,0,0.74074,0.25926,0,0,0,0,0,1,0,0,0,0,0.74074,0.25926,0,0
0,14.694,0,0,0,65.656,3.0308,0,13.588,3.0308,0,3.0308,3.0308,0,0,0,62.626,3.0308,28.282,0,0,0,0,14.694,0,0,3.0308,62.626,0,3.0308,0,16.619,0,0,1,0,0,0,0,0,1,0,0,0,0,0,1,0,0
0,0,0,6.6201,6.6201,72.038,10.671,0,0,4.0506,0,4.0506,10.671,0,0,0,74.608,4.0506,0,0,6.6201,0,0,6.6201,0,0,4.0506,67.988,0,4.0506,6.6201,10.671,0,0,0,0.012658,0.11392,0.87342,0,0,1,0,0,0,0,1,0,0,0
0,0,0,5.1546,0,94.845,0,0,0,0,0,0,0,0,0,0,94.845,5.1546,0,0,0,0,0,0,0,0,0,94.845,0,0,5.1546,0,0,0,0,0.010989,0.076923,0.91209,0,0,1,0,0,0,0,1,0,0,0
0,0,0,15.571,16.114,47.196,12.608,0,4.2559,4.2559,0,4.2559,12.608,0,0,0,59.804,2.9629,4.2559,0,16.114,0,0,16.114,0,0,3.506,43.69,0,4.2559,15.571,16.864,0,0,0.36735,0.040816,0.36735,0.22449,0,0,1,0,0,0,0,0.63265,0.36735,0,0
0,0,0,0,0,75.994,12.003,0,0,12.003,0,12.003,12.003,0,0,0,63.991,12.003,0,0,0,0,0,0,0,0,12.003,63.991,0,12.003,0,12.003,0,0,0,0.010638,0.14894,0.84043,0,0,1,0,0,0,0,1,0,0,0
34.008,19.719,0,0,0,46.273,0,0,0,0,0,0,0,12.234,12.579,0,42.174,6.4844,14.944,11.584,0,0,0,13.23,17.071,18.331,5.095,46.273,0,0,0,0,0,0.72727,0.27273,0,0,0,0,0,1,0,0,0,0,0.84091,0.15909,0,0
12.985,14.475,5.8879,0,1.7484,45.579,5.0283,0,8.592,5.7044,0,1.7484,15.757,5.4186,6.4242,4.9218,45.094,5.0283,6.3818,3.8071,3.1734,2.2452,0,18.455,2.608,11.237,2.7965,26.083,10.703,10.541,8.8778,8.6984,0,0,1,0,0,0,0,0,1,0,0,0,0,0,1,0,0
38.223,26.291,0,0,0,35.486,0,0,0,0,0,0,0,9.0317,22.742,0,16.456,9.9984,9.9984,31.774,0,0,0,9.0317,22.742,22.742,9.9984,35.486,0,0,0,0,0,0,1,0,0,0,0,0,1,0,0,0,0,0,1,0,0
0,0,11.842,0,9.5882,40.655,0,0,21.918,15.997,0,0,0,12.329,9.5882,0,40.655,9.5882,5.9211,0,5.9211,15.997,0,11.842,0,0,0,31.067,9.5882,9.5882,21.918,6.4083,9.5882,0,1,0,0,0,0,0,1,0,0,0,0,0,1,0,0
6.7536,3.3768,6.7536,0,4.8531,62.729,0,0,9.4554,6.0786,0,3.3768,3.3768,6.0786,3.3768,4.8531,61.253,4.8531,0,3.3768,3.3768,6.0786,0,3.3768,3.3768,0,6.7536,42.909,16.443,4.8531,12.832,9.4554,0,0,1,0,0,0,0,0,1,0,0,0,0,0,1,0,0
0,0,0,0,12.103,62.103,0,0,25.795,0,0,0,0,12.897,0,25,37.103,12.103,0,0,12.897,0,0,0,0,0,0,24.205,37.897,12.103,12.897,12.897,0,0.025974,0.97403,0,0,0,0,0,1,0,0,0,0,0.064935,0.93506,0,0
0,0,6.5616,0,6.3637,72.199,0,0,11.985,2.8909,0,0,0,9.4525,6.5616,6.3637,61.806,12.925,0,0,0,2.8909,0,6.5616,0,0,0,52.712,19.487,6.3637,2.8909,2.8909,9.0942,0,1,0,0,0,0,0,1,0,0,0,0,0,1,0,0
0,0,4.8168,0,7.7719,61.297,0,0,18.342,7.7719,0,0,0,10.102,12.589,5.285,46.379,12.589,0,0,5.285,7.7719,0,4.8168,0,0,0,21.478,39.82,7.7719,13.057,5.285,7.7719,0.012987,0.98701,0,0,0,0,0,1,0,0,0,0,0.051948,0.94805,0,0
0,61.773,0,0,0,38.227,0,0,0,0,0,28.309,0,0,0,0,38.227,0,14.34,0,0,19.125,0,14.34,38.25,9.1834,0,38.227,0,0,0,0,0,0,1,0,0,0,0,0,1,0,0,0,0,0,1,0,0
0,44.353,0,0,0,25.459,0,0,15.094,15.094,0,37.27,0,0,0,0,25.459,0,33.815,0,0,3.4551,0,18.721,3.4551,22.177,0,25.459,0,15.094,0,15.094,0,0,1,0,0,0,0,0,1,0,0,0,0,0,1,0,0
0,17.964,0,0,0,82.036,0,0,0,0,0,8.9821,0,0,0,0,82.036,0,0,0,0,8.9821,0,0,13.164,4.7999,0,82.036,0,0,0,0,0,0,1,0,0,0,0,0,1,0,0,0,0,0,1,0,0
0,0,0,0,0,80.616,0,0,19.384,0,0,9.6922,0,0,0,0,80.616,0,0,9.6922,0,0,0,0,0,0,0,80.616,0,0,9.6922,9.6922,0,0,1,0,0,0,0,0,1,0,0,0,0,0,1,0,0
0,0,0,0,0,59.446,0,0,23.486,17.069,0,23.486,0,0,0,0,59.446,0,17.069,0,0,0,0,0,0,0,0,59.446,0,17.069,6.417,17.069,0,0,0.2,0.0375,0.1625,0.6,0,0,1,0,0,0,0,0.8,0.2,0,0
0,0,0,0,0,83.84,0,0,16.16,0,0,0,0,0,0,0,83.84,0,16.16,0,0,0,0,0,0,0,0,83.84,0,0,0,16.16,0,0,0,0,0.2093,0.7907,0,0,1,0,0,0,0,1,0,0,0
0,0,0,0,0,73.723,0,0,26.277,0,0,6.262,0,0,0,5.444,68.279,0,8.3093,11.706,0,0,0,0,0,0,5.444,68.279,0,0,6.262,20.015,0,0,0.23684,0,0.32895,0.43421,0,0,1,0,0,0,0,0.76316,0.23684,0,0
0,0,0,0,0,87.551,0,0,12.449,0,0,12.449,0,0,0,0,87.551,0,0,0,0,0,0,0,0,0,0,87.551,0,0,12.449,0,0,0,0,0,0.18085,0.81915,0,0,1,0,0,0,0,1,0,0,0
0,0,0,0,0,100,0,0,0,0,0,0,0,0,0,0,100,0,0,0,0,0,0,0,0,0,0,100,0,0,0,0,0,0,0,0,0.24742,0.75258,0,0,1,0,0,0,0,1,0,0,0
0,0,0,0,0,100,0,0,0,0,0,0,0,0,0,0,100,0,0,0,0,0,0,0,0,0,0,100,0,0,0,0,0,0,0,0.038095,0.11429,0.84762,0,0,1,0,0,0,0,1,0,0,0
0,0,0,0,0,100,0,0,0,0,0,0,0,0,0,0,100,0,0,0,0,0,0,0,0,0,0,100,0,0,0,0,0,0,0,0,0.16364,0.83636,0,0,1,0,0,0,0,1,0,0,0
0,0,0,0,0,100,0,0,0,0,0,0,0,0,0,0,100,0,0,0,0,0,0,0,0,0,0,100,0,0,0,0,0,0,0,0.11628,0.15116,0.73256,0,0,1,0,0,0,0,1,0,0,0
0,0,0,0,0,100,0,0,0,0,0,0,0,0,0,0,100,0,0,0,0,0,0,0,0,0,0,100,0,0,0,0,0,0,0,0,0.049383,0.95062,0,0,1,0,0,0,0,1,0,0,0
0,0,0,0,0,100,0,0,0,0,0,0,0,0,0,0,100,0,0,0,0,0,0,0,0,0,0,100,0,0,0,0,0,0,0,0.077778,0.2,0.72222,0,0,1,0,0,0,0,1,0,0,0
0,0,0,0,0,100,0,0,0,0,0,0,0,0,0,0,100,0,0,0,0,0,0,0,0,0,0,100,0,0,0,0,0,0,0,0.02381,0.19048,0.78571,0,0,1,0,0,0,0,1,0,0,0
0,0,0,0,0,100,0,0,0,0,0,0,0,0,0,0,100,0,0,0,0,0,0,0,0,0,0,100,0,0,0,0,0,0,0,0.13,0.22,0.65,0,0,1,0,0,0,0,1,0,0,0
20.386,28.075,0,0,0,50.244,0,0,0,1.2948,0,0,5.1976,12.728,12.728,6.9237,45.2,1.2948,11.758,0,2.641,1.5285,8.1274,6.1293,25.752,8.4522,0,37.362,0,9.7404,3.1415,1.2948,0,0.82143,0.17857,0,0,0,0,0,1,0,0,0,0,0.92857,0.071429,0,0
0,0,0,0,0,100,0,0,0,0,0,0,0,0,0,9.0111,72.747,18.242,0,0,0,0,0,0,0,0,0,100,0,0,0,0,0,0,0,0.125,0.125,0.75,0,0,1,0,0,0,0,1,0,0,0
12.963,12.963,0,0,0,74.075,0,0,0,0,0,0,0,0,12.963,0,74.075,0,0,0,12.963,0,0,0,0,12.963,12.963,74.075,0,0,0,0,0,0,1,0,0,0,0,0,1,0,0,0,0,0,1,0,0
0,19.562,0,0,0,80.438,0,0,0,0,0,0,6.5207,0,0,0,86.959,0,0,0,6.5207,0,0,0,19.562,0,0,67.396,0,6.5207,6.5207,0,0,0,1,0,0,0,0,0,0.97015,0.029851,0,0,0,0,1,0,0
0,0,0,0,0,100,0,0,0,0,0,0,0,0,0,0,100,0,0,0,0,0,0,0,0,0,0,100,0,0,0,0,0,0,1,0,0,0,0,0,1,0,0,0,0,0,1,0,0
0,43.855,0,0,0,56.145,0,0,0,0,0,2.0795,10.97,0,0,0,56.145,0,0,0,17.756,13.049,0,0,43.855,0,0,56.145,0,0,0,0,0,0,1,0,0,0,0,0,1,0,0,0,0,0,1,0,0
0,26.948,0,0,0,73.052,0,0,0,0,0,4.6017,8.8722,0,0,0,73.052,0,0,0,8.8722,4.6017,0,0,26.948,0,0,73.052,0,0,0,0,0,0,1,0,0,0,0,0,0.98507,0.014925,0,0,0,0,1,0,0
0,0,0,0,0,0,0,0,0,0,0,0,0,0,0,0,0,0,0,0,0,0,0,0,0,0,0,0,0,0,0,0,0,0,1,0,0,0,0,0,1,0,0,0,0,0,1,0,0
0,0,9.881,0,0,66.193,0,0,23.926,0,0,0,8.5277,3.5536,3.5536,0,50.592,18.918,6.3274,0,8.5277,0,0,9.881,0,0,0,43.721,22.472,0,8.5277,8.5277,6.8704,0,1,0,0,0,0,0,1,0,0,0,0,0,1,0,0
0,0,0,0,0,100,0,0,0,0,0,0,0,0,0,0,100,0,0,0,0,0,0,0,0,0,0,100,0,0,0,0,0,0,1,0,0,0,0,0,1,0,0,0,0,0,1,0,0
0,0,7.7823,0,0,56.929,0,0,29.971,5.3171,0,5.3171,15.264,3.8912,0,0,45.931,10.999,3.8912,0,14.708,0,0,7.7823,0,0,0,45.931,16.316,0,14.708,15.264,0,0,1,0,0,0,0,0,1,0,0,0,0,0,1,0,0
0,0,22.737,0,0,57.892,0,0,16.281,3.09,0,3.09,6.7008,5.0072,2.1277,0,38.787,16.978,17.73,0,9.5804,0,0,22.737,0,0,0,38.787,22.195,0,9.5804,6.7008,0,0,1,0,0,0,0,0,1,0,0,0,0,0.02,0.98,0,0
0,0,16.287,0,10.182,52.706,0,0,14.465,6.3595,0,0,2.6451,2.8153,6.3595,3.8226,32.937,26.129,13.472,0,5.4604,6.3595,0,16.287,0,0,0,26.578,26.129,10.182,11.82,2.6451,6.3595,0.016667,0.98333,0,0,0,0,0,1,0,0,0,0,0.05,0.95,0,0
0,0,0,0,0,62.58,0,0,28.253,9.1671,0,9.1671,17.804,0,0,0,52.768,9.8119,0,0,10.449,0,0,0,0,0,0,52.768,18.979,0,10.449,17.804,0,0.038462,0.96154,0,0,0,0,0,1,0,0,0,0,0.096154,0.90385,0,0
0,0,0,0,0,100,0,0,0,0,0,0,0,0,0,0,100,0,0,0,0,0,0,0,0,0,0,100,0,0,0,0,0,0,1,0,0,0,0,0,1,0,0,0,0,0,1,0,0
0,0,6.1034,0,0,76.579,0,0,17.318,0,0,14.762,0,0,0,0,76.579,0,0,8.659,0,0,0,0,0,0,0,76.579,0,0,8.659,8.659,6.1034,0,1,0,0,0,0,0,1,0,0,0,0,0,1,0,0
0,0,6.2815,0,0,93.719,0,0,0,0,0,6.2815,0,0,0,0,93.719,0,0,0,0,0,0,0,0,0,0,93.719,0,0,0,0,6.2815,0,1,0,0,0,0,0,1,0,0,0,0,0,1,0,0
0,0,2.4512,11.25,0,59.901,0,0,17.598,8.7992,0,13.702,0,8.7992,0,2.4512,54.998,2.4512,0,0,8.7992,8.7992,0,0,0,0,7.3535,52.547,0,0,17.598,8.7992,13.702,0,1,0,0,0,0,0,1,0,0,0,0,0,1,0,0
0,0,2.2335,2.2335,0,71.111,0,0,24.422,0,0,17.268,0,3.4998,0,2.2335,66.644,2.2335,0,8.1217,0,0,0,0,0,0,10.2,60.91,0,0,12.801,11.621,4.4669,0,0.20779,0.064935,0.23377,0.49351,0,0,1,0,0,0,0,0.79221,0.20779,0,0
0,0,0,0,0,92.115,0,0,7.885,0,0,0,0,4.1368,0,3.7482,88.367,0,0,3.7482,0,0,0,0,0,0,7.885,84.23,0,0,0,7.885,0,0,0,0,0.1039,0.8961,0,0,1,0,0,0,0,1,0,0,0
0,0,5.7515,8.4578,0,72.268,0,0,10.816,2.7063,0,14.209,0,2.7063,0,8.6351,57.882,5.7515,0,2.8836,5.2262,2.7063,0,0,0,0,22.658,47.09,2.5199,0,7.9326,5.5899,14.209,0,0,0.15385,0.11538,0.73077,0,0,1,0,0,0,0,1,0,0,0
0,0,0,0,0,89.952,0,0,10.048,0,0,0,0,3.7313,0,0,89.952,0,0,0,6.3169,0,0,0,0,0,10.048,73.587,6.3169,0,6.3169,3.7313,0,0,0,0,0.10938,0.89062,0,0,1,0,0,0,0,1,0,0,0
0,0,0,0,0,81.989,0,0,18.011,0,0,0,13.263,0,0,0,81.989,0,0,0,4.7479,0,0,0,0,0,0,81.989,0,0,4.7479,13.263,0,0,1,0,0,0,0,0,1,0,0,0,0,0,1,0,0
0,0,0,0,0,56.776,0,0,20.21,23.014,0,23.014,10.105,0,0,0,56.776,0,0,0,10.105,0,0,0,0,0,0,56.776,23.014,0,10.105,10.105,0,0,1,0,0,0,0,0,1,0,0,0,0,0,1,0,0
0,0,0,0,0,59.261,0,0,32.87,7.8695,0,7.8695,25,0,0,0,59.261,0,0,0,7.8695,0,0,0,0,0,0,59.261,7.8695,0,7.8695,25,0,0,1,0,0,0,0,0,1,0,0,0,0,0.056604,0.9434,0,0
0,0,2.326,4.944,0,69.082,0,0,7.5692,16.078,0,7.27,0,4.9511,0,2.326,50.97,15.786,0,0,2.618,16.078,0,0,0,0,9.3111,46.311,13.46,0,18.696,4.9511,7.27,0,0,0.053571,0.14286,0.80357,0,0,1,0,0,0,0,1,0,0,0
0,0,0,0,0,100,0,0,0,0,0,0,0,0,0,0,100,0,0,0,0,0,0,0,0,0,0,100,0,0,0,0,0,0,0,0.011364,0.29545,0.69318,0,0,1,0,0,0,0,1,0,0,0
0,0,0,0,0,100,0,0,0,0,0,0,0,0,0,0,100,0,0,0,0,0,0,0,0,0,0,100,0,0,0,0,0,0,0,0.02439,0.26829,0.70732,0,0,1,0,0,0,0,1,0,0,0
0,0,0,0,0,100,0,0,0,0,0,0,0,0,0,0,100,0,0,0,0,0,0,0,0,0,0,100,0,0,0,0,0,0,0,0.014286,0.27143,0.71429,0,0,1,0,0,0,0,1,0,0,0
0,0,0,0,0,100,0,0,0,0,0,0,0,0,0,0,100,0,0,0,0,0,0,0,0,0,0,100,0,0,0,0,0,0,0,0.066667,0.26667,0.66667,0,0,1,0,0,0,0,1,0,0,0
0,0,0,0,0,100,0,0,0,0,0,0,0,0,0,0,100,0,0,0,0,0,0,0,0,0,0,100,0,0,0,0,0,0,0,0,0.046875,0.95312,0,0,1,0,0,0,0,1,0,0,0
0,0,0,0,0,100,0,0,0,0,0,0,0,0,0,0,100,0,0,0,0,0,0,0,0,0,0,100,0,0,0,0,0,0,0,0,0.015625,0.98438,0,0,1,0,0,0,0,1,0,0,0
0,0,0,0,0,100,0,0,0,0,0,0,0,0,0,0,100,0,0,0,0,0,0,0,0,0,0,100,0,0,0,0,0,0,0,0,0,1,0,0,1,0,0,0,0,1,0,0,0
0,0,0,0,0,100,0,0,0,0,0,0,0,0,0,0,100,0,0,0,0,0,0,0,0,0,0,100,0,0,0,0,0,0,0,0,0,1,0,0,1,0,0,0,0,1,0,0,0
0,0,0,0,0,100,0,0,0,0,0,0,0,0,0,0,100,0,0,0,0,0,0,0,0,0,0,100,0,0,0,0,0,0,0,0,0,1,0,0,1,0,0,0,0,1,0,0,0
0,0,0,0,24.332,75.668,0,0,0,0,0,0,0,0,0,21.658,75.668,2.6738,0,0,0,0,0,0,0,0,0,51.337,40.069,8.5941,0,0,0,0,1,0,0,0,0,0,1,0,0,0,0,0,1,0,0
4.5913,0,0,4.5913,0,76.127,0,0,4.5913,10.099,0,0,0,4.5913,4.5913,0,71.536,4.5913,0,0,0,14.69,0,0,0,4.5913,4.5913,71.536,0,14.69,0,4.5913,0,0,1,0,0,0,0,0,1,0,0,0,0,1,0,0,0
0,5.1736,12.22,0,8.9834,59.466,0,3.2686,8.9835,1.905,0,3.2686,4.8887,1.905,3.3968,0,64.925,4.8887,1.905,3.3968,0,11.426,9.521,1.4919,1.4919,5.1736,1.4919,53.086,1.4919,1.905,8.9834,11.967,3.3968,0,1,0,0,0,0,0,1,0,0,0,0,1,0,0,0
4.0591,13.697,0,2.8073,10.294,62.621,0,0,0,0,6.5217,4.0591,0,2.8073,0,0,63.278,13.697,5.2699,0,10.889,0,0,13.697,0,4.0591,0,62.621,0,8.9842,7.8316,0,2.8073,0,0,0,0.13333,0.86667,0,0,1,0,0,0,0,1,0,0,0
0,0,0,0,0,84,0,0,16,0,0,0,16,0,0,0,84,0,0,0,0,0,0,0,0,0,0,84,0,0,0,9.6595,6.3409,1,0,0,0,0,0,0,1,0,0,0,0,1,0,0,0
0,0,0,0,33.333,66.667,0,0,0,0,0,0,0,0,0,0,66.667,33.333,0,0,0,0,0,0,0,0,0,66.667,0,0,0,33.333,0,0,0.42105,0.052632,0.10526,0.42105,0,0,1,0,0,0,0,0.86842,0.13158,0,0
1.966,17.13,5.2446,4.1066,10.893,16.565,8.2673,2.2633,13.251,0,20.313,8.5646,13.006,7.9117,9.8778,0,24.073,11.036,9.3512,4.2293,0,11.95,1.966,7.7576,18.442,6.7051,0,10.896,6.3698,3.6824,10.632,25.126,8.4215,0,1,0,0,0,0,0,1,0,0,0,0,0,1,0,0
4.6188,7.3947,14.836,8.1304,7.9175,17.052,6.794,17.427,6.4276,4.1734,5.2284,4.5234,7.1675,7.3062,12.251,8.0885,24.778,6.9798,3.5602,2.3609,8.1752,14.809,4.6188,17.905,20.193,2.0976,0,9.232,2.0994,0,11.999,23.399,8.4567,0.13636,0.86364,0,0,0,0,0,1,0,0,0,0,0.22727,0.77273,0,0
10.062,0,14.137,17.971,9.3809,16.497,0,16.95,7.83,7.1725,0,9.3809,13.007,7.6457,5.2293,1.9433,22.596,6.9076,6.9644,6.6995,1.7352,17.892,9.9855,10.667,13.007,2.4164,1.9433,4.3597,16.761,8.6996,4.1516,21.045,6.9644,0.083333,0.64583,0.27083,0,0,0,0,0.375,0.625,0,0,0,0.125,0.875,0,1
0,0,10.028,32.304,0,54.73,0,2.9375,0,0,0,0,7.1355,2.5336,2.9375,4.5571,38.884,26.833,0,4.5571,5.4712,7.0907,0,2.9375,0,0,0,13.671,41.059,0,24.254,18.078,0,0,0.6087,0.3913,0,0,0,0,1,0,0,0,0,0.63043,0.36957,0,1
0,0,6.7506,0,0,86.499,0,0,6.7506,0,0,6.7506,0,0,0,0,86.499,0,6.7506,0,0,0,0,0,0,6.7506,0,86.499,0,0,0,6.7506,0,0,1,0,0,0,0,0,1,0,0,0,0,0,1,0,0
5.1193,9.1505,23.995,3.2145,1.6072,11.131,12.864,0,27.28,1.6072,4.0312,13.827,10.314,0,3.0688,1.6072,23.995,8.3338,19.908,12.219,0,6.7265,0,34.234,16.522,3.0688,0,8.0624,4.0312,4.676,8.8529,15.434,5.1193,0.035714,0.071429,0.14286,0.75,0,0,0,1,0,0,0,0,0.96429,0.035714,0,1
0,8.8803,7.311,7.1807,8.4359,35.804,7.1624,0,13.781,1.2917,10.154,6.6,15.036,3.5721,0,7.1624,42.966,4.8821,7.311,3.0096,5.8706,3.5903,0,10.883,14.325,0,0,35.804,6.5817,1.2917,17.353,13.762,0,0,0.059701,0.32836,0.61194,0,0,0,1,0,0,0,0,0.97015,0.029851,0,1
17.083,19.171,0,0,0,61.576,0,0,0,2.1706,0,0,8.859,0,6.777,0,70.435,0,1.4472,7.5004,4.9818,0,4.9818,10.306,0,19.519,1.4472,59.405,0,2.1706,2.1706,0,0,0,1,0,0,0,0,0,1,0,0,0,0,0,1,0,0
0,0,0,0,0,77.19,0,0,22.81,0,0,9.6045,3.6008,0,0,6.7536,67.284,3.1528,6.4517,3.1528,0,0,0,0,0,0,22.546,54.644,0,9.6045,0,9.6045,3.6008,1,0,0,0,0,0,0,1,0,0,0,0,1,0,0,0
22.145,34.412,0,0,0,35.854,0,0,3.7941,3.7941,0,0,0,20.652,16.391,0,25.914,6.9171,3.8071,22.525,0,3.7941,0,20.665,4.9703,27.116,3.8071,35.854,0,0,3.7941,3.7941,0,0,1,0,0,0,0,0,1,0,0,0,0,0,1,0,0
0,5.5128,34.742,1.0922,4.1709,31.301,0,1.342,17.668,4.1709,0,3.6603,13.458,7.3034,5.9323,2.3184,23.723,10.146,2.9448,12.511,2.0403,15.962,10.699,6.3981,5.0279,5.5128,2.9875,18.302,4.0798,4.1709,10.57,21.782,10.47,1,0,0,0,0,0,0,1,0,0,0,0,1,0,0,0
0,0,14.09,0,0,85.91,0,0,0,0,0,0,14.09,0,0,0,85.91,0,0,0,0,0,0,0,0,0,0,85.91,0,0,0,14.09,0,1,0,0,0,0,0,0,1,0,0,0,0,1,0,0,0
0,0,39.272,5.7726,11.545,37.637,0,5.7726,0,0,0,5.7726,23.016,0,2.621,5.7726,26.623,11.015,5.7726,2.621,5.7726,11.015,16.787,8.3936,2.621,0,8.3936,24.002,2.621,0,5.7726,23.016,8.3936,1,0,0,0,0,0,0,1,0,0,0,0,1,0,0,0
0,0,0,0,0,100,0,0,0,0,0,0,0,0,0,22.968,69.533,7.4995,0,0,0,0,0,0,0,0,0,77.032,22.968,0,0,0,0,0,1,0,0,0,0,0,1,0,0,0,0,1,0,0,0
0,0,2.5248,0,5.1733,60.799,0,0,2.5248,26.391,2.5867,0,11.902,0,21.342,9.3981,25.731,14.551,14.489,0,2.5867,0,0,2.5248,0,0,11.964,25.711,25.711,0,14.489,19.6,0,0,0.78723,0.12766,0,0.085106,0,0,1,0,0,0,0,1,0,0,0
0,0,2.7471,0,16.256,51.279,0,0,14.314,10.129,5.2744,3.9775,3.9775,2.7471,9.7513,6.7246,45.14,12.656,6.1393,2.7471,6.1393,0,2.7471,0,0,0,12.876,35.656,11.999,3.612,17.718,15.391,0,0,1,0,0,0,0,0,1,0,0,0,0,1,0,0,0
0,0,4.5923,0,14.981,45.327,0,0,3.9293,17.029,14.142,0,1.4434,0,11.551,6.0357,36.262,20.721,7.3596,0,16.628,0,0,4.5923,0,0,3.4303,25.149,30.889,2.4859,7.3596,26.094,0,0,0.92308,0,0.038462,0.038462,0,0,1,0,0,0,0,1,0,0,0
0,0,0,0,0,59.834,27.157,13.01,0,0,0,0,0,10.109,0,22.272,29.776,23.845,11.097,0,2.901,0,0,13.01,0,13.334,20.733,52.923,0,0,0,0,0,0.042553,0.2766,0.68085,0,0,0,0,1,0,0,0,0,1,0,0,0
0,0,20.402,0,4.5254,57.872,0,0,7.8041,2.2627,7.1335,1.4666,10.762,7.1335,0,6.3374,54.143,4.5254,0,11.903,3.7293,0,11.903,8.4989,0,0,4.8708,46.664,15.734,2.2627,3.7293,6.3374,0,0,1,0,0,0,0,0,1,0,0,0,0,1,0,0,0
0,0,0,0,0,68.066,0,0,31.934,0,0,10.985,4.9821,0,0,3.436,61.194,3.436,15.967,0,0,0,0,0,0,0,22.595,45.472,0,10.985,0,15.967,4.9821,0,0.03125,0,0,0.96875,0,0,1,0,0,0,0,1,0,0,0
0,0,10.069,0,24.985,41.732,0,0,1.2953,13.813,8.1055,0,4.7371,1.8833,18.113,11.365,20.177,26.543,9.0758,0,8.1055,0,0,10.069,0,0,7.7805,21.028,22.912,1.8833,10.959,25.367,0,0,1,0,0,0,0,0,1,0,0,0,0,1,0,0,0
0,0,7.7572,0,0,92.243,0,0,0,0,0,0,0,0,0,10.4,75.37,8.7229,0,0,0,5.5079,0,0,0,0,0,57.213,35.03,0,0,5.5079,2.2494,1,0,0,0,0,0,0,1,0,0,0,0,1,0,0,0
0,0,25.479,0,0,69.727,0,0,4.7939,0,0,4.7939,0,0,4.7939,9.9394,48.34,16.242,0,4.7939,0,11.097,0,14.382,0,0,0,32.226,37.501,0,0,11.097,4.7939,0.80645,0.19355,0,0,0,0,0,1,0,0,0,0,0.93548,0.064516,0,0
0,0,15.181,0,0,82.493,0,0,2.3261,0,0,2.3261,0,0,2.3261,10.696,75.18,4.8197,0,2.3261,0,2.3261,0,6.9783,0,0,0,50.284,32.209,0,0,2.3261,8.2025,0.80556,0.19444,0,0,0,0,0,1,0,0,0,0,1,0,0,0
0,0,0,0,0,93.931,0,0,6.0686,0,0,0,0,0,0,6.0686,93.931,0,0,0,0,0,0,0,0,0,0,93.931,0,0,0,0,6.0686,0.89744,0.025641,0.076923,0,0,0,0,1,0,0,0,0,1,0,0,0
0,0,0,4.293,5.6623,67.69,11.177,0,0,11.177,0,11.177,11.177,0,0,0,56.513,15.47,0,0,5.6623,0,0,5.6623,0,0,16.839,50.851,0,11.177,4.293,11.177,0,0.69231,0.30769,0,0,0,0,0,1,0,0,0,0,0.72308,0.27692,0,0
0,55.615,0,0,0,44.385,0,0,0,0,0,0,27.807,0,0,0,44.385,0,0,0,16.578,11.23,0,0,55.615,0,0,44.385,0,0,0,0,0,0.74286,0.25714,0,0,0,0,0,1,0,0,0,0,0.77143,0.22857,0,0
0,0,0,0,0,88.634,0,0,11.366,0,0,4.5304,0,0,0,6.8359,81.798,0,0,6.8359,0,0,0,0,0,0,6.8359,81.798,0,0,4.5304,6.8359,0,0,1,0,0,0,0,0,1,0,0,0,0,0,1,0,0
0,0,12.057,5.9483,0,72.327,0,0,4.3684,5.2996,0,18.005,0,2.1363,0,5.9483,55.131,11.248,0,0,2.2321,5.2996,0,0,0,0,22.213,42.582,7.5317,0,7.5317,2.1363,18.005,0,1,0,0,0,0,0,1,0,0,0,0,0,1,0,0
0,0,3.6354,8.5754,0,62.272,0,0,20.578,4.94,0,12.211,0,4.94,0,3.6354,55.001,3.6354,0,0,15.638,4.94,0,0,0,0,21.604,29.97,10.698,0,20.578,4.94,12.211,0,0.59091,0.13636,0.18182,0.090909,0,0,1,0,0,0,0,0.40909,0.59091,0,0
0,0,0,0,0,79.816,0,0,20.184,0,0,10.092,0,0,0,4.6922,70.432,4.6922,0,10.092,0,0,0,0,0,0,14.784,65.032,0,4.6922,5.3997,10.092,0,0.82222,0.17778,0,0,0,0,0,1,0,0,0,0,1,0,0,0
0,0,6.2475,0,0,78.354,0,0,15.399,0,0,7.3422,0,1.7313,0,9.8246,65.405,5.2306,0,10.466,0,0,3.1238,0,3.1238,0,19.408,58.946,0,4.2185,0,7.3422,3.8381,0.94,0.06,0,0,0,0,0,1,0,0,0,0,1,0,0,0
0,0,0,0,0,100,0,0,0,0,0,0,0,0,0,0,86.877,13.123,0,0,0,0,6.7154,13.123,0,0,0,60.632,0,0,0,6.7154,12.815,0,0,0,0,1,0,0,1,0,0,0,0,1,0,0,0
0,0,0,0,0,100,0,0,0,0,0,0,0,0,0,0,100,0,0,0,0,0,0,0,0,0,0,100,0,0,0,0,0,0,0,0,0,1,0,0,1,0,0,0,0,1,0,0,0
0,0,0,0,0,100,0,0,0,0,0,0,0,0,0,0,100,0,0,0,0,0,0,0,0,0,0,100,0,0,0,0,0,0,0,0,0,1,0,0,1,0,0,0,0,1,0,0,0
0,0,0,0,0,100,0,0,0,0,0,0,0,0,0,0,100,0,0,0,0,0,0,0,0,0,0,100,0,0,0,0,0,0,0,0,0,1,0,0,1,0,0,0,0,1,0,0,0
0,0,0,0,0,100,0,0,0,0,0,0,0,0,0,0,100,0,0,0,0,0,0,0,0,0,0,100,0,0,0,0,0,0,0,0,0,1,0,0,1,0,0,0,0,1,0,0,0
0,0,7.2961,18.485,1.4802,42.27,3.1682,5.3356,14.047,7.9185,0,1.4802,6.2307,0,0,13.047,26.367,20.173,1.4802,13.734,1.4802,16.007,3.8554,2.3753,6.2307,0,14.255,16.968,19.758,2.9603,5.4011,23.548,4.6483,0,0.95833,0.041667,0,0,0,0,1,0,0,0,0,0.29167,0.70833,0,0
0,0,0,0,0,100,0,0,0,0,0,0,0,0,0,0,100,0,0,0,0,0,0,0,0,0,8.0324,91.968,0,0,0,0,0,0.047619,0,0,0,0.95238,0,0,1,0,0,0,0,1,0,0,0
0,0,0,0,0,100,0,0,0,0,0,0,0,0,0,0,100,0,0,0,0,0,0,0,0,0,0,100,0,0,0,0,0,0.21429,0.14286,0,0,0.64286,0,0,1,0,0,0,0,1,0,0,0
0,0,0,0,0,100,0,0,0,0,0,0,0,0,0,0,100,0,0,0,0,0,0,0,0,0,0,100,0,0,0,0,0,0.25,0.16667,0,0,0.58333,0,0,1,0,0,0,0,1,0,0,0
0,0,0,11.068,15.035,67.148,0,0,0,0,6.7496,5.3064,2.8809,0,0,6.7496,67.148,0,0,8.1873,0,9.7281,0,0,0,0,0,55.092,18.806,0,0,8.1873,17.915,0,0.15,0.4,0.2,0.25,0,0,1,0,0,0,0,1,0,0,0
0,0,0,0,0,100,0,0,0,0,0,0,0,0,0,0,100,0,0,0,0,0,0,0,0,0,4.9518,95.048,0,0,0,0,0,1,0,0,0,0,0,0,1,0,0,0,0,1,0,0,0
0,0,0,0,0,100,0,0,0,0,0,0,0,0,0,0,100,0,0,0,0,0,0,0,0,0,0,100,0,0,0,0,0,1,0,0,0,0,0,0,1,0,0,0,0,1,0,0,0
0,0,0,0,0,100,0,0,0,0,0,0,0,0,0,0,100,0,0,0,0,0,0,0,0,0,0,100,0,0,0,0,0,1,0,0,0,0,0,0,1,0,0,0,0,1,0,0,0
0,0,0,0,0,100,0,0,0,0,0,0,0,0,0,0,100,0,0,0,0,0,0,0,0,0,0,100,0,0,0,0,0,0.78378,0.21622,0,0,0,0,0,1,0,0,0,0,0.78378,0.21622,0,0
0,0,0,0,0,90.725,0,0,9.2751,0,0,0,0,3.5007,0,15.049,72.175,9.2751,0,0,0,0,0,0,0,0,18.55,72.175,0,0,0,0,9.2751,0.3913,0.6087,0,0,0,0,0,1,0,0,0,0,0.6087,0.3913,0,0
3.5997,1.7617,19.401,19.841,0,19.593,0,27.042,6.9998,1.7617,0,9.1017,12.857,10.368,8.7615,0,22.947,8.7999,14.162,0,3.8632,9.1397,10.261,36.182,1.8,3.5614,7.3396,1.7997,1.7617,12.168,6.9619,5.6628,12.502,0.7069,0.17241,0.034483,0.086207,0,0,0,0.98276,0.017241,0,0,0,0.98276,0.017241,0,1
10.377,12.32,0,6.935,5.5293,57.225,0,0,0,0,7.6126,10.377,0,2.7646,0,0,60.811,6.7912,9.6996,0,9.5558,0,0,12.32,0,10.377,0,57.225,0,10.377,2.7646,0,6.935,0,0.34,0.6,0.06,0,0,0,1,0,0,0,0,1,0,0,0
0,3.2814,0,0,0,89.167,7.5518,0,0,0,0,7.5518,0,0,3.2814,10.833,64.219,0,0,0,3.2814,10.833,18.385,3.2814,0,10.833,3.2814,60.938,0,0,0,3.2814,0,0,0.97778,0.022222,0,0,0,0,1,0,0,0,0,0.022222,0.97778,0,0
0,0,0,0,27.895,56.463,11.289,0,4.3525,0,0,16.313,0,7.2313,11.289,15.282,15.64,26.571,4.3525,0,0,3.3212,3.6156,0,0,0,18.963,14.316,5.7909,13.401,23.248,10.88,9.7853,0.095238,0.85714,0.047619,0,0,0,0,0.57143,0.42857,0,0,0,0.14286,0.85714,0,1
9.2832,6.6817,5.2032,0,3.5305,44.978,0,0,26.793,3.5305,0,2.6016,2.6016,6.6193,10.212,6.6193,48.383,3.5305,0,6.6817,9.2208,3.5305,0,2.6016,6.6817,4.0801,5.2032,25.607,16.769,3.5305,15.353,9.2208,10.953,0,1,0,0,0,0,0,1,0,0,0,0,0,1,0,0
0,0,12.12,0,0,63.307,0,0,24.573,0,0,0,10.818,9.1821,6.2446,0,29.182,27.88,2.9374,0,13.755,0,0,12.12,0,0,0,29.182,34.125,0,13.755,10.818,0,0.068966,0.93103,0,0,0,0,0,1,0,0,0,0,0.068966,0.93103,0,0
0,0,10.371,0,0,53.778,0,0,35.852,0,0,10.371,10.371,0,7.5551,10.371,43.407,0,0,0,17.926,0,0,10.371,0,0,0,43.407,10.371,0,10.371,17.926,7.5551,0,0.83019,0.15094,0,0.018868,0,0,1,0,0,0,0,1,0,0,0
0,0,8.4968,0,0,68.751,0,0,22.752,0,0,4.4576,6.4772,0,13.837,4.4576,64.294,0,0,2.0196,4.4576,0,2.0196,6.4772,0,0,0,64.294,4.4576,0,4.4576,4.4576,13.837,0,1,0,0,0,0,0,1,0,0,0,0,1,0,0,0
0,0,0,0,0,70.382,29.618,0,0,0,0,0,0,0,0,13.222,46.8,13.222,26.756,0,0,0,0,0,0,28.187,1.4312,54.464,15.918,0,0,0,0,0.12903,0.77419,0.096774,0,0,0,0,1,0,0,0,0,1,0,0,0
0,0,0,0,0,86.3,13.7,0,0,0,0,0,0,0,0,15.155,68.513,3.9982,12.333,0,0,0,0,0,0,11.701,1.9991,55.551,30.75,0,0,0,0,0,0.67742,0.19355,0.032258,0.096774,0,0,1,0,0,0,0,1,0,0,0
