h1,h2,h3,h4,h5,h6,h7,h8,h9,h10,h11,h12,h13,h14,h15,h16,h17,h18,h19,h20,h21,h22,h23,h24,h25,h26,h27,h28,h29,h30,h31,h32,h33,h34,h35,h36,h37,h38,h39,h40,h41,h42,h43,h44,h45,h46,h47,h48,label
0,0,0,0,0,100,0,0,0,0,0,0,0,0,0,0,100,0,0,0,0,0,0,0,0,0,0,100,0,0,0,0,0,0,0,0,0,1,0,0,1,0,0,0,0,1,0,0,0
0,0,0,0,0,100,0,0,0,0,0,0,0,0,0,0,100,0,0,0,0,0,0,0,0,0,0,100,0,0,0,0,0,0,0,0,0,1,0,0,1,0,0,0,0,1,0,0,0
0,0,0,0,0,100,0,0,0,0,0,0,0,0,0,0,100,0,0,0,0,0,0,0,0,0,0,100,0,0,0,0,0,0,0,0,0,1,0,0,1,0,0,0,0,1,0,0,0
0,0,0,0,0,100,0,0,0,0,0,0,0,0,0,0,100,0,0,0,0,0,0,0,0,0,0,100,0,0,0,0,0,0,0,0.021739,0.054348,0.92391,0,0,1,0,0,0,0,1,0,0,0
0,0,0,0,0,100,0,0,0,0,0,0,0,0,0,0,100,0,0,0,0,0,0,0,0,0,0,100,0,0,0,0,0,0,0,0,0.010309,0.98969,0,0,1,0,0,0,0,1,0,0,0
0,0,0,0,0,100,0,0,0,0,0,0,0,0,0,0,100,0,0,0,0,0,0,0,0,0,0,100,0,0,0,0,0,0,0,0,0,1,0,0,1,0,0,0,0,1,0,0,0
0,0,0,0,0,100,0,0,0,0,0,0,0,0,0,0,100,0,0,0,0,0,0,0,0,0,0,100,0,0,0,0,0,0,0,0,0,1,0,0,1,0,0,0,0,1,0,0,0
0,0,0,0,0,100,0,0,0,0,0,0,0,0,0,0,100,0,0,0,0,0,0,0,0,0,0,100,0,0,0,0,0,0,0,0,0,1,0,0,1,0,0,0,0,1,0,0,0
0,0,0,0,0,100,0,0,0,0,0,0,0,0,0,0,100,0,0,0,0,0,0,0,0,0,0,100,0,0,0,0,0,0,0,0,0.10714,0.89286,0,0,1,0,0,0,0,1,0,0,0
0,0,0,0,0,100,0,0,0,0,0,0,0,0,0,0,100,0,0,0,0,0,0,0,0,0,0,100,0,0,0,0,0,0,0,0,0,1,0,0,1,0,0,0,0,1,0,0,0
0,0,0,0,0,100,0,0,0,0,0,0,0,0,0,0,100,0,0,0,0,0,0,0,0,0,0,100,0,0,0,0,0,0,0,0,0,1,0,0,1,0,0,0,0,1,0,0,0
0,0,0,0,0,100,0,0,0,0,0,0,0,0,0,0,100,0,0,0,0,0,0,0,0,0,0,100,0,0,0,0,0,0,0,0,0,1,0,0,1,0,0,0,0,1,0,0,0
0,0,0,0,0,100,0,0,0,0,0,0,0,0,0,0,100,0,0,0,0,0,0,0,0,0,0,92.302,7.6983,0,0,0,0,0,0,0,0,1,0,0,1,0,0,0,0,1,0,0,0
0,0,0,0,11.313,88.687,0,0,0,0,0,0,0,0,0,10.41,89.59,0,0,0,0,0,0,0,0,0,0,78.277,10.41,11.313,0,0,0,0,0,0,0,1,0,0,1,0,0,0,0,1,0,0,0
0,0,0,0,23.098,76.902,0,0,0,0,0,0,0,0,0,16.596,83.404,0,0,0,0,0,0,0,0,0,0,68.834,8.068,23.098,0,0,0,0,0,0,0,1,0,0,1,0,0,0,0,1,0,0,0
0,0,0,0,0,100,0,0,0,0,0,0,0,0,0,0,100,0,0,0,0,0,0,0,0,0,0,100,0,0,0,0,0,0,0,0,0,1,0,0,1,0,0,0,0,1,0,0,0
0,0,0,0,0,100,0,0,0,0,0,0,0,0,0,0,100,0,0,0,0,0,0,0,0,0,0,100,0,0,0,0,0,0,0,0,0,1,0,0,1,0,0,0,0,1,0,0,0
0,0,0,0,0,100,0,0,0,0,0,0,0,0,0,0,100,0,0,0,0,0,0,0,0,0,0,100,0,0,0,0,0,0,0,0,0,1,0,0,1,0,0,0,0,1,0,0,0
0,0,0,0,0,100,0,0,0,0,0,0,0,0,0,0,100,0,0,0,0,0,0,0,0,0,0,100,0,0,0,0,0,0,0,0,0,1,0,0,1,0,0,0,0,1,0,0,0
0,0,0,0,0,100,0,0,0,0,0,0,0,0,0,0,100,0,0,0,0,0,0,0,0,0,0,100,0,0,0,0,0,0,0,0,0,1,0,0,1,0,0,0,0,1,0,0,0
0,0,0,0,0,100,0,0,0,0,0,0,0,0,0,0,100,0,0,0,0,0,0,0,0,0,0,100,0,0,0,0,0,0,0,0,0,1,0,0,1,0,0,0,0,1,0,0,0
0,0,0,0,0,100,0,0,0,0,0,0,0,0,0,0,100,0,0,0,0,0,0,0,0,0,0,100,0,0,0,0,0,0,0,0,0,1,0,0,1,0,0,0,0,1,0,0,0
0,0,0,0,0,100,0,0,0,0,0,0,0,0,0,0,100,0,0,0,0,0,0,0,0,0,0,100,0,0,0,0,0,0,0,0,0,1,0,0,1,0,0,0,0,1,0,0,0
0,0,0,0,0,100,0,0,0,0,0,0,0,0,0,0,100,0,0,0,0,0,0,0,0,0,0,100,0,0,0,0,0,0,0,0,0,1,0,0,1,0,0,0,0,1,0,0,0
0,0,0,0,0,100,0,0,0,0,0,0,0,0,0,0,100,0,0,0,0,0,0,0,0,0,0,100,0,0,0,0,0,0,0,0,0,1,0,0,1,0,0,0,0,1,0,0,0
0,0,0,0,0,100,0,0,0,0,0,0,0,0,0,0,100,0,0,0,0,0,0,0,0,0,0,100,0,0,0,0,0,0,0,0,0,1,0,0,1,0,0,0,0,1,0,0,0
0,0,0,0,0,0,0,0,0,0,0,0,0,0,0,0,0,0,0,0,0,0,0,0,0,0,0,0,0,0,0,0,0,0,0,0,0,1,0,0,1,0,0,0,0,1,0,0,0
0,0,0,0,0,100,0,0,0,0,0,0,0,0,0,0,100,0,0,0,0,0,0,0,0,0,0,100,0,0,0,0,0,0,0,0,0,1,0,0,1,0,0,0,0,1,0,0,0
0,0,0,0,0,100,0,0,0,0,0,0,0,0,0,0,100,0,0,0,0,0,0,0,0,0,0,100,0,0,0,0,0,0,0,0,0,1,0,0,1,0,0,0,0,1,0,0,0
0,0,0,0,0,100,0,0,0,0,0,0,0,0,0,0,100,0,0,0,0,0,0,0,0,0,0,100,0,0,0,0,0,0,0,0,0,1,0,0,1,0,0,0,0,1,0,0,0
0,0,0,0,0,100,0,0,0,0,0,0,0,0,0,0,100,0,0,0,0,0,0,0,0,0,0,100,0,0,0,0,0,0,0,0,0,1,0,0,1,0,0,0,0,1,0,0,0
0,0,0,0,0,100,0,0,0,0,0,0,0,0,0,0,100,0,0,0,0,0,0,0,0,0,0,100,0,0,0,0,0,0,0,0,0,1,0,0,1,0,0,0,0,1,0,0,0
0,0,0,0,13.553,86.447,0,0,0,0,0,0,0,0,0,15.727,84.273,0,0,0,0,0,0,0,0,0,0,68.491,23.428,8.0812,0,0,0,0,0,0,0,1,0,0,1,0,0,0,0,1,0,0,0
0,0,0,0,0,100,0,0,0,0,0,0,0,0,0,0,100,0,0,0,0,0,0,0,0,0,0,100,0,0,0,0,0,0,0,0,0,1,0,0,1,0,0,0,0,1,0,0,0
0,0,0,0,16.584,83.416,0,0,0,0,0,0,0,0,0,0,85.234,0,14.766,0,0,0,0,0,0,0,0,83.416,9.5166,7.0674,0,0,0,0,0,0,0,1,0,0,1,0,0,0,0,1,0,0,0
0,0,0,0,14.544,85.456,0,0,0,0,0,0,0,0,0,16.51,75.783,0,7.7068,0,0,0,0,0,0,0,0,68.946,24.217,6.8371,0,0,0,0,0,0,0,1,0,0,1,0,0,0,0,1,0,0,0
0,0,0,0,17.97,82.03,0,0,0,0,0,0,0,0,0,9.9343,80.552,0,9.5139,0,0,0,0,0,0,0,0,82.03,8.0354,9.9343,0,0,0,0,0,0,0,1,0,0,1,0,0,0,0,1,0,0,0
0,0,0,0,0,100,0,0,0,0,0,0,0,0,0,0,100,0,0,0,0,0,0,0,0,0,0,100,0,0,0,0,0,0,0,0,0,1,0,0,1,0,0,0,0,1,0,0,0
0,0,0,0,6.3987,93.601,0,0,0,0,0,0,0,0,0,0,90.822,0,9.178,0,0,0,0,0,0,0,0,93.601,6.3987,0,0,0,0,0,0,0,0,1,0,0,1,0,0,0,0,1,0,0,0
0,0,0,0,0,100,0,0,0,0,0,0,0,0,0,0,100,0,0,0,0,0,0,0,0,0,0,100,0,0,0,0,0,0,0,0,0,1,0,0,1,0,0,0,0,1,0,0,0
0,0,0,0,0,100,0,0,0,0,0,0,0,0,0,0,100,0,0,0,0,0,0,0,0,0,0,100,0,0,0,0,0,0,0,0,0,1,0,0,1,0,0,0,0,1,0,0,0
0,0,0,0,14.614,85.386,0,0,0,0,0,0,0,0,0,0,90.03,0,9.9695,0,0,0,0,0,0,0,0,85.386,14.614,0,0,0,0,0,0,0,0,1,0,0,1,0,0,0,0,1,0,0,0
0,0,0,0,0,100,0,0,0,0,0,0,0,0,0,0,93.546,0,6.4538,0,0,0,0,0,0,0,0,100,0,0,0,0,0,0,0,0,0,1,0,0,1,0,0,0,0,1,0,0,0
0,0,0,0,0,100,0,0,0,0,0,0,0,0,0,0,100,0,0,0,0,0,0,0,0,0,0,100,0,0,0,0,0,0,0,0,0,1,0,0,1,0,0,0,0,1,0,0,0
0,0,0,0,0,100,0,0,0,0,0,0,0,0,0,0,100,0,0,0,0,0,0,0,0,0,0,91.195,8.8051,0,0,0,0,0,0,0,0,1,0,0,1,0,0,0,0,1,0,0,0
0,0,0,0,0,87.815,0,0,12.185,0,0,0,0,0,0,0,94.855,5.1445,0,0,0,0,0,0,0,0,0,77.526,10.289,0,0,0,12.185,0,0,0,0,1,0,0,1,0,0,0,0,1,0,0,0
0,0,0,0,0,100,0,0,0,0,0,0,0,0,0,9.3321,73.03,17.638,0,0,0,0,0,0,0,0,0,64.724,35.276,0,0,0,0,0,0,0,0,1,0,0,1,0,0,0,0,1,0,0,0
0,0,0,0,0,100,0,0,0,0,0,0,0,0,0,16.002,78.108,5.8908,0,0,0,0,0,0,0,0,0,62.739,37.261,0,0,0,0,0,0,0,0,1,0,0,1,0,0,0,0,1,0,0,0
0,0,0,0,0,91.932,0,0,8.0676,0,0,0,0,0,0,6.8026,86.395,6.8026,0,0,0,0,0,0,0,0,0,68.587,23.346,0,0,0,8.0676,0,0,0,0,1,0,0,1,0,0,0,0,1,0,0,0
0,0,0,0,0,91.771,0,0,8.2285,0,0,0,0,0,0,14.467,71.065,14.467,0,0,0,0,0,0,0,0,0,62.836,28.935,0,0,0,8.2285,0,0,0,0,1,0,0,1,0,0,0,0,1,0,0,0
0,0,5.2279,0,0,86.299,0,0,8.473,0,0,0,0,0,0,10.498,84.274,5.2279,0,0,0,0,0,5.2279,0,0,5.2279,70.573,10.498,0,0,0,8.473,0,0,0,0,1,0,0,1,0,0,0,0,1,0,0,0
0,0,6.0929,0,0,71.699,0,0,22.208,0,0,6.0929,0,0,0,0,87.814,2.9862,0,3.1067,0,0,0,2.9862,3.1067,0,10.307,61.391,0,0,6.0929,0,16.115,0,0,0,0,1,0,0,1,0,0,0,0,1,0,0,0
0,0,15.85,0,6.8684,49.523,0,0,27.759,0,0,19.885,0,0,0,0,47.038,15.85,0,17.227,0,0,0,5.4909,10.359,0,18.408,31.115,0,0,19.885,6.8684,7.8737,0.092593,0,0,0.018519,0.88889,0,0,1,0,0,0,0,1,0,0,0
0,0,0,0,0,73.471,0,0,26.529,0,0,0,0,0,0,0,100,0,0,0,0,0,0,0,0,0,0,73.471,0,0,0,0,26.529,0.10526,0,0,0.026316,0.86842,0,0,1,0,0,0,0,1,0,0,0
0,0,0,0,0,66.667,0,0,33.333,0,0,0,0,0,0,0,100,0,0,0,0,0,0,0,0,0,0,66.667,0,0,0,0,33.333,0.8,0,0,0,0.2,0,0,1,0,0,0,0,1,0,0,0
0,0,0,0,0,77.717,0,0,22.283,0,0,0,0,0,0,0,92.769,7.2306,0,0,0,0,0,0,0,0,0,63.255,14.461,0,0,0,22.283,0.12308,0,0,0.061538,0.81538,0,0,1,0,0,0,0,1,0,0,0
0,0,0,0,0,67.226,0,0,32.774,0,0,0,0,0,0,0,100,0,0,0,0,0,0,0,0,0,0,67.226,0,0,0,0,32.774,0.94545,0,0.018182,0.036364,0,0,0,1,0,0,0,0,1,0,0,0
0,0,0,0,0,80.037,0,0,19.963,0,0,0,0,0,0,9.6805,90.32,0,0,0,0,0,0,0,0,0,0,70.356,9.6805,0,0,0,19.963,0.14286,0,0,0,0.85714,0,0,1,0,0,0,0,1,0,0,0
0,0,0,0,0,71.023,0,0,28.977,0,0,0,0,0,0,0,100,0,0,0,0,0,0,0,0,0,0,71.023,0,0,0,0,28.977,0.92,0,0,0.016,0.064,0,0,1,0,0,0,0,1,0,0,0
0,0,2.8072,0,0,78.486,0,0,18.707,0,0,0,0,0,0,0,97.193,2.8072,0,0,0,0,0,2.8072,0,0,6.3424,72.144,0,0,0,0,18.707,0.11429,0,0.014286,0.014286,0.85714,0,0,1,0,0,0,0,1,0,0,0
0,0,4.5445,0,0,68.014,0,0,27.442,0,0,4.5445,0,0,0,0,90.911,4.5445,0,0,0,0,0,4.5445,0,0,0,68.014,0,0,4.5445,0,22.897,0.90566,0,0,0.075472,0.018868,0,0,1,0,0,0,0,1,0,0,0
0,0,17.791,0,0,60.79,0,0,21.419,0,0,11.383,0,0,0,0,70.827,14.235,0,3.5559,0,0,0,14.235,3.5559,0,6.4078,54.382,0,0,11.383,0,10.036,0.23256,0,0,0,0.76744,0,0,1,0,0,0,0,1,0,0,0
0,0,4.9736,0,0,77.885,0,0,17.141,0,0,2.4565,0,0,0,0,85.748,9.3391,0,2.4565,0,0,0,2.5171,2.4565,0,19.951,57.934,0,0,2.4565,0,14.685,1,0,0,0,0,0,0,1,0,0,0,0,1,0,0,0
3.6644,0,23.164,0,7.3287,39.014,0,0,23.164,0,3.6644,23.164,0,0,0,3.6644,18.279,17.071,3.6644,30.493,0,3.6644,0,0,23.164,0,17.071,21.944,0,7.3287,26.828,3.6644,0,0.17143,0,0.028571,0.028571,0.77143,0,0,1,0,0,0,0,1,0,0,0
0,0,7.6932,0,14.291,56.031,0,0,21.985,0,0,21.985,0,0,0,0,49.811,6.2199,0,21.985,0,0,0,0,7.6932,0,6.2199,49.811,0,0,21.985,14.291,0,0.64935,0.012987,0.16883,0.1039,0.064935,0,0,1,0,0,0,0,1,0,0,0
8.0343,0,0,0,32.919,26.487,0,0,15.634,3.4492,13.477,4.1505,0,14.826,13.943,7.1509,4.1505,14.826,3.4492,10.942,18.528,8.0343,0,0,0,0,8.0343,11.301,7.1509,29.652,10.942,32.919,0,0.032258,0,0,0.064516,0.90323,0,0,1,0,0,0,0,1,0,0,0
10.502,0,0,0,25.226,24.966,0,0,11.875,19.974,7.4568,0,8.327,14.064,9.4574,1.9472,8.327,18.012,5.2672,13.352,10.744,10.502,0,0,0,0,14.692,10.274,0,35.971,13.594,25.469,0,0,0,0,0.375,0.625,0,0,1,0,0,0,0,1,0,0,0
7.2932,0,0,0,28.19,36.817,0,0,6.802,6.802,14.095,0,0,6.802,6.802,7.2932,14.762,6.802,14.095,21.388,14.762,7.2932,0,0,0,0,0,7.2932,29.524,28.19,14.095,20.897,0,0,0,0,0,1,0,0,1,0,0,0,0,1,0,0,0
8.3995,0,0,0,32.892,27.461,0,0,4.9238,5.6199,20.704,0,2.81,10.667,15.273,10.196,2.81,13.477,3.4757,15.504,17.387,8.3995,0,0,0,0,7.7338,13.006,6.7206,31.095,12.029,29.416,0,0,0,0,0,1,0,0,1,0,0,0,0,1,0,0,0
0,0,0,0,13.578,66.667,0,19.755,0,0,0,0,0,19.755,13.578,13.578,39.511,0,0,0,13.578,0,0,0,19.755,0,0,33.333,33.333,0,0,13.578,0,0,0,0,0,1,0,0,1,0,0,0,0,1,0,0,0
0,0,5.891,5.891,0,64.654,5.891,5.891,11.782,0,0,0,5.891,5.891,0,0,50.989,5.891,0,5.891,19.556,5.891,0,5.891,11.782,0,0,25.541,39.113,0,0,17.673,0,0,0,0,0,1,0,0,1,0,0,0,0,1,0,0,0
0,16.667,16.667,0,0,33.333,16.667,0,0,16.667,0,0,0,0,0,0,33.333,16.667,0,0,0,50,16.667,16.667,16.667,0,0,16.667,16.667,16.667,0,0,0,0,0,0,0,1,0,0,1,0,0,0,0,1,0,0,0
0,1.9248,19.677,2.2822,0,41.872,9.3636,2.2822,14.544,4.0274,4.0274,4.0274,6.3096,2.2822,5.1567,0,46.079,12.596,11.109,4.207,0,8.2343,5.1567,16.445,4.5644,16.265,4.0274,8.6422,24.045,4.0274,0,12.799,4.0274,0,0,0.010989,0.054945,0.93407,0,0,1,0,0,0,0,1,0,0,0
0,0,0,0,0,0,0,0,0,0,0,0,0,0,0,0,0,0,0,0,0,0,0,0,0,0,0,0,0,0,0,0,0,0.75,0,0,0.01087,0.23913,0,0,1,0,0,0,0,1,0,0,0
0,0,0,0,0,100,0,0,0,0,0,0,0,0,0,0,100,0,0,0,0,0,0,0,0,0,0,100,0,0,0,0,0,0.83158,0,0,0,0.16842,0,0,1,0,0,0,0,1,0,0,0
8.6737,0,0,0,0,91.326,0,0,0,0,0,8.6737,0,0,0,0,91.326,0,0,0,0,0,0,0,0,0,0,91.326,8.6737,0,0,0,0,0.85882,0,0,0,0.14118,0,0,1,0,0,0,0,1,0,0,0
32.932,0,0,0,0,67.068,0,0,0,0,0,32.932,0,0,0,0,67.068,0,0,0,0,0,32.932,0,0,0,0,67.068,0,0,0,0,0,0.92308,0,0,0,0.076923,0,0,1,0,0,0,0,1,0,0,0
0,0,0,0,0,100,0,0,0,0,0,0,0,0,0,0,100,0,0,0,0,0,0,0,0,0,0,100,0,0,0,0,0,1,0,0,0,0,0,0,1,0,0,0,0,1,0,0,0
0,0,0,0,0,100,0,0,0,0,0,0,0,0,0,0,100,0,0,0,0,0,0,0,0,0,0,100,0,0,0,0,0,0.86517,0,0.011236,0.078652,0.044944,0,0,1,0,0,0,0,1,0,0,0
0,0,0,0,0,100,0,0,0,0,0,0,0,0,0,0,100,0,0,0,0,0,0,0,0,0,0,100,0,0,0,0,0,0.8913,0,0,0,0.1087,0,0,1,0,0,0,0,1,0,0,0
0,0,0,0,0,100,0,0,0,0,0,0,0,0,0,0,100,0,0,0,0,0,0,0,0,0,0,100,0,0,0,0,0,0.95604,0,0,0.010989,0.032967,0,0,1,0,0,0,0,1,0,0,0
0,0,0,0,0,100,0,0,0,0,0,0,0,0,0,0,100,0,0,0,0,0,0,0,0,0,0,100,0,0,0,0,0,1,0,0,0,0,0,0,1,0,0,0,0,1,0,0,0
13.92,0,0,0,0,86.08,0,0,0,0,0,13.92,0,0,0,0,86.08,0,0,0,0,0,0,0,0,0,0,86.08,13.92,0,0,0,0,0.92,0,0.04,0.04,0,0,0,1,0,0,0,0,1,0,0,0
0,0,0,0,0,100,0,0,0,0,0,0,0,0,0,0,100,0,0,0,0,0,0,0,0,0,0,100,0,0,0,0,0,0.49254,0,0.059701,0.28358,0.16418,0,0,1,0,0,0,0,1,0,0,0
33.333,0,0,0,0,66.667,0,0,0,0,0,33.333,0,0,0,0,66.667,0,0,0,0,0,0,0,0,0,0,66.667,33.333,0,0,0,0,1,0,0,0,0,0,0,1,0,0,0,0,1,0,0,0
0,0,0,0,0,100,0,0,0,0,0,0,0,0,0,0,100,0,0,0,0,0,0,0,0,0,0,100,0,0,0,0,0,0.89412,0,0.011765,0.070588,0.023529,0,0,1,0,0,0,0,1,0,0,0
0,0,0,0,0,100,0,0,0,0,0,0,0,0,0,0,100,0,0,0,0,0,0,0,0,0,0,100,0,0,0,0,0,0.69863,0,0.013699,0.10959,0.17808,0,0,1,0,0,0,0,1,0,0,0
0,0,0,0,0,100,0,0,0,0,0,0,0,0,0,0,83.159,16.841,0,0,0,0,0,0,0,0,16.841,83.159,0,0,0,0,0,0.75,0.013158,0.052632,0.078947,0.10526,0,0,1,0,0,0,0,1,0,0,0
0,0,16.877,0,0,58.339,0,0,24.783,0,0,16.877,0,0,0,0,57.274,16.877,0,8.9712,0,0,0,7.9061,8.9712,0,8.9712,49.368,0,0,16.877,0,7.9061,0.77143,0,0.057143,0.085714,0.085714,0,0,1,0,0,0,0,1,0,0,0
0,9.7261,0,0,3.3948,42.315,0,0,18.161,19.866,6.5381,0,9.9328,10.147,5.903,0,41.428,16.539,0,3.3948,12.655,0,0,0,9.7261,0,3.3948,38.92,0,9.9328,23.077,14.949,0,0.64912,0,0.12281,0.15789,0.070175,0,0,1,0,0,0,0,1,0,0,0
0,8.0503,2.8552,0,0,52.7,0,0,22.753,13.641,0,0,0,5.3363,8.1637,5.7103,52.7,11.734,0,0,5.3363,11.019,0,2.8552,8.0503,0,0,52.7,0,11.019,5.2448,20.131,0,0.54412,0,0.11765,0.22059,0.11765,0,0,1,0,0,0,0,1,0,0,0
0,13.02,0,0,0,60.939,0,0,13.02,13.02,0,0,0,13.02,0,0,60.939,13.02,0,0,13.02,0,0,0,13.02,0,0,60.939,0,0,26.041,0,0,0,0,0,0,1,0,0,1,0,0,0,0,1,0,0,0
0,21.944,9.7218,0,0,43.889,0,0,24.445,0,0,0,0,0,12.223,9.7218,46.39,9.7218,0,0,12.223,9.7218,0,19.444,12.223,9.7218,0,34.167,0,0,0,24.445,0,0,0,0,0.096154,0.90385,0,0,1,0,0,0,0,1,0,0,0
0,14.058,9.1531,0,2.813,50.545,0,0,13.807,9.6235,0,0,0,2.813,4.0916,13.964,46.297,9.1531,0,0,9.7155,13.966,0,23.117,2.0918,11.966,0,36.581,0,9.6235,2.813,13.807,0,0.58065,0,0.12903,0.12903,0.16129,0,0,1,0,0,0,0,1,0,0,0
0,3.7218,15.727,0,8.4698,37.914,0,0,28.246,5.9215,0,0,8.4698,6.9274,0,13.179,42.662,3.7218,0,0,17.783,7.2572,15.397,13.365,0,3.7218,0,31.806,0,5.9215,15.397,14.391,0,0.5,0.018519,0.11111,0.074074,0.2963,0,0,1,0,0,0,0,1,0,0,1
0,3.6285,11.215,0,3.6285,41.078,0,0,23.478,16.972,0,0,0,3.6285,0,24.558,44.707,6.5061,0,0,5.7569,14.843,0,13.343,0,3.6285,0,38.95,0,16.972,3.6285,23.478,0,0,0,0,0,1,0,0,1,0,0,0,0,1,0,0,0
0,0,0,0,0,58.169,0,16.338,25.493,0,0,0,0,16.338,0,0,58.169,25.493,0,0,0,0,0,0,16.338,0,0,41.831,16.338,0,25.493,0,0,0,0,0,0,1,0,0,1,0,0,0,0,1,0,0,0
0,0,13.035,0,7.6864,26.675,11.146,19.629,15.765,0,6.0638,10.888,7.6648,6.4258,0,11.271,17.336,10.291,5.754,7.2813,14.731,8.3582,15.786,32.281,11.508,0,3.4597,17.336,7.4279,3.8432,1.9108,0,6.4473,0,0,0.029412,0.058824,0.91176,0,0,1,0,0,0,0,1,0,0,0
0,7.1911,32.495,4.4972,0,20.176,17.158,2.325,10.816,3.1975,2.1453,2.1453,2.325,2.325,7.6686,0,30.839,16.515,11.662,8.4638,2.1453,15.911,8.6939,33.137,7.8474,14.986,2.1453,7.4881,7.1911,3.1975,0,13.141,2.1722,0,0,0,0.7619,0.2381,0,0,1,0,0,0,0,1,0,0,1
0,0,14.424,0,4.9061,38.41,4.9061,11.279,18.786,3.6437,3.6437,3.6437,19.315,5.126,0,6.2631,32.037,4.9061,8.6597,5.126,2.4531,12.47,8.8261,23.251,10.032,3.6437,3.6437,24.75,7.4537,6.0967,2.563,3.6437,6.0967,0,0,0.013158,0.052632,0.93421,0,0,1,0,0,0,0,1,0,0,0
7.5838,0,0,15.834,0,17.447,0,29.901,29.234,0,0,15.834,14.066,0,0,14.066,19.215,23.418,0,0,7.5838,5.8157,13.4,29.901,0,0,0,11.631,5.8157,7.5838,0,15.834,15.834,0,0,0,0.2,0.8,0,0,1,0,0,0,0,1,0,0,0
0,0,0,0,0,100,0,0,0,0,0,0,0,0,0,0,100,0,0,0,0,0,0,0,0,0,0,100,0,0,0,0,0,0,0,0,0.03125,0.96875,0,0,1,0,0,0,0,1,0,0,0
7.9971,8.1174,9.4983,0,3.4152,46.405,3.4152,7.4631,7.562,0,6.127,0,24.156,3.514,8.1174,3.9985,30.103,3.4152,3.4646,9.641,1.7076,11.883,5.7555,21.381,21.053,8.1174,0,30.103,8.418,1.7076,1.757,0,1.7076,0,0,0,0,1,0,0,1,0,0,0,0,1,0,0,0
0,0,0,0,0,100,0,0,0,0,0,0,0,0,0,0,100,0,0,0,0,0,0,0,0,0,0,100,0,0,0,0,0,0,0,0,0,1,0,0,1,0,0,0,0,1,0,0,0
0,0,0,0,0,100,0,0,0,0,0,0,0,0,0,0,100,0,0,0,0,0,0,0,0,0,0,100,0,0,0,0,0,0,0,0,0,1,0,0,1,0,0,0,0,1,0,0,0
0,0,0,0,0,100,0,0,0,0,0,0,0,0,0,0,100,0,0,0,0,0,0,0,0,0,0,100,0,0,0,0,0,0,0,0,0,1,0,0,1,0,0,0,0,1,0,0,0
0,0,0,0,0,100,0,0,0,0,0,0,0,0,0,0,100,0,0,0,0,0,0,0,0,0,0,100,0,0,0,0,0,0,0,0,0,1,0,0,1,0,0,0,0,1,0,0,0
4.4669,0,0,0,35.348,13.771,0,0,2.7166,12.021,31.677,0,4.6522,10.881,15.533,4.4669,4.6522,15.533,7.1835,24.467,8.1643,4.4669,0,0,0,0,4.6522,9.1191,0,35.348,20,30.881,0,0.97368,0,0.026316,0,0,0,0,1,0,0,0,0,1,0,0,0
4.7746,2.3598,0,0,19.98,17.266,0,0,8.7255,19.496,27.398,0,7.7723,22.509,7.6027,0,12.492,14.737,1.5912,7.6027,20.918,4.7746,0,0,2.3598,0,4.7746,12.492,0,32.527,20.095,27.752,0,0.7,0.02,0.14,0.12,0.02,0,0,1,0,0,0,0,1,0,0,0
0,4.1504,34.603,4.271,0,25.05,11.454,4.0024,10.877,3.5799,2.0119,2.0119,2.0119,4.0024,11.574,0,36.175,16.175,16.169,2.5824,0,9.2983,8.8714,29.882,5.5704,19.201,2.0119,5.5704,10.165,3.5799,0,8.8653,6.2829,0,0,0,0.74026,0.25974,0,0,1,0,0,0,0,1,0,0,1
0,7.2536,18.331,8.0159,0,16.109,12.208,4.9539,24.273,5.6294,3.2263,3.2263,8.1802,4.9539,3.0619,0,32.037,7.3571,11.139,9.8044,0,20.24,2.4031,23.182,12.311,8.0767,3.2263,2.4031,10.48,5.6294,0,26,6.2882,0,0,0.34286,0.48571,0.17143,0,0,1,0,0,0,0,1,0,0,1
0,0,0,0,0,90.839,0,0,0,0,9.161,0,0,0,0,9.161,90.839,0,0,0,0,0,0,0,0,0,0,90.839,9.161,0,0,0,0,0,0,0,0,1,0,0,1,0,0,0,0,1,0,0,0
0,8.0856,0,0,0,50.687,0,0,16.357,19.778,5.0929,0,5.0929,9.7958,8.2715,0,54.07,4.7029,0,0,13.178,4.8888,0,0,8.0856,0,0,50.687,0,9.9817,14.499,16.747,0,0,0,0,0.05,0.95,0,0,1,0,0,0,0,1,0,0,0
0,10.702,0,0,0,72.342,0,0,8.4778,8.4778,0,0,0,5.351,8.4778,0,72.342,0,0,0,5.351,8.4778,0,0,10.702,0,0,72.342,0,8.4778,0,8.4778,0,0,0,0,0,1,0,0,1,0,0,0,0,1,0,0,0
0,0,0,0,0,100,0,0,0,0,0,0,0,0,0,0,100,0,0,0,0,0,0,0,0,0,0,100,0,0,0,0,0,0,0,0,0,1,0,0,1,0,0,0,0,1,0,0,0
0,0,0,0,0,100,0,0,0,0,0,0,0,0,0,0,100,0,0,0,0,0,0,0,0,0,0,100,0,0,0,0,0,0,0,0,0,1,0,0,1,0,0,0,0,1,0,0,0
0,0,0,0,0,90.274,0,0,4.8631,4.8631,0,0,0,0,0,4.8631,90.274,0,0,0,4.8631,0,0,4.8631,0,0,0,85.411,0,4.8631,0,4.8631,0,0,0,0,0,1,0,0,1,0,0,0,0,1,0,0,0
0,0,0,0,0,88.97,0,0,11.03,0,0,0,0,5.5148,0,0,88.97,0,0,0,5.5148,0,5.5148,0,0,0,0,88.97,0,0,5.5148,0,0,0,0,0,0,1,0,0,1,0,0,0,0,1,0,0,0
0,0,0,7.5007,0,84.999,0,0,0,0,7.5007,0,0,0,7.5007,7.5007,84.999,0,0,0,0,0,0,0,0,0,0,84.999,7.5007,0,0,0,7.5007,0,0,0,0,1,0,0,1,0,0,0,0,1,0,0,0
0,0,0,18.377,0,71.155,0,0,0,0,10.468,0,0,0,6.7319,22.113,71.155,0,0,0,0,0,0,0,0,0,0,71.155,10.468,0,0,0,18.377,0,0,0,0,1,0,0,1,0,0,0,0,1,0,0,0
0,0,0,5.887,0,94.113,0,0,0,0,0,0,0,0,5.887,0,94.113,0,0,0,0,0,0,0,0,0,0,94.113,0,0,0,0,5.887,0,0,0,0,1,0,0,1,0,0,0,0,1,0,0,0
0,0,0,4.994,0,95.006,0,0,0,0,0,0,0,0,4.994,0,95.006,0,0,0,0,0,0,0,0,0,0,95.006,0,0,0,0,4.994,0,0,0,0,1,0,0,1,0,0,0,0,1,0,0,0
0,0,0,10.695,0,83.959,0,0,0,0,5.3458,0,0,0,5.3458,10.695,83.959,0,0,0,0,0,0,0,0,0,0,83.959,5.3458,0,0,0,10.695,0,0,0,0,1,0,0,1,0,0,0,0,1,0,0,0
0,0,0,4.4008,0,95.599,0,0,0,0,0,0,0,0,4.4008,0,95.599,0,0,0,0,0,0,0,0,0,0,95.599,0,0,0,0,4.4008,0,0,0,0,1,0,0,1,0,0,0,0,1,0,0,0
0,0,0,0,0,100,0,0,0,0,0,0,0,0,0,0,100,0,0,0,0,0,0,0,0,0,0,100,0,0,0,0,0,0,0,0,0,1,0,0,1,0,0,0,0,1,0,0,0
0,0,0,0,0,100,0,0,0,0,0,0,0,0,0,0,100,0,0,0,0,0,0,0,0,0,0,100,0,0,0,0,0,0,0,0,0,1,0,0,1,0,0,0,0,1,0,0,0
0,0,0,0,0,90.472,0,0,0,0,9.5276,0,0,0,0,9.5276,90.472,0,0,0,0,0,0,0,0,0,0,90.472,9.5276,0,0,0,0,0,0,0,0,1,0,0,1,0,0,0,0,1,0,0,0
0,0,0,19.026,0,69.64,0,0,0,0,11.335,0,0,0,11.335,19.026,69.64,0,0,0,0,0,0,0,0,0,0,69.64,11.335,0,0,0,19.026,0,0,0,0,1,0,0,1,0,0,0,0,1,0,0,0
0,0,0,0,0,100,0,0,0,0,0,0,0,0,0,0,100,0,0,0,0,0,0,0,0,0,0,100,0,0,0,0,0,0,0,0,0,1,0,0,1,0,0,0,0,1,0,0,0
0,0,0,43.532,0,56.468,0,0,0,0,0,0,0,30.597,0,12.935,56.468,0,0,0,0,0,0,0,0,0,0,56.468,0,0,0,0,43.532,0,0,0,0,1,0,0,1,0,0,0,0,1,0,0,0
0,0,0,12.084,0,87.916,0,0,0,0,0,0,0,0,5.5612,6.5233,87.916,0,0,0,0,0,0,0,0,0,0,87.916,0,0,0,0,12.084,0,0,0,0,1,0,0,1,0,0,0,0,1,0,0,0
0,0,0,7.3798,0,92.62,0,0,0,0,0,0,0,0,0,7.3798,92.62,0,0,0,0,0,0,0,0,0,0,92.62,0,0,0,0,7.3798,0,0,0,0,1,0,0,1,0,0,0,0,1,0,0,0
0,0,0,16.024,0,83.976,0,0,0,0,0,0,0,8.0914,0,7.9321,75.885,8.0914,0,0,0,0,0,0,0,0,0,83.976,0,0,0,0,16.024,0,0,0,0,1,0,0,1,0,0,0,0,1,0,0,0
0,0,0,0,0,100,0,0,0,0,0,0,0,0,0,0,100,0,0,0,0,0,0,0,0,0,0,100,0,0,0,0,0,0,0,0,0,1,0,0,1,0,0,0,0,1,0,0,0
0,0,0,0,0,100,0,0,0,0,0,0,0,0,0,0,100,0,0,0,0,0,0,0,0,0,0,100,0,0,0,0,0,0,0,0,0,1,0,0,1,0,0,0,0,1,0,0,0
0,0,0,0,0,100,0,0,0,0,0,0,0,0,0,0,100,0,0,0,0,0,0,0,0,0,0,100,0,0,0,0,0,0,0,0,0,1,0,0,1,0,0,0,0,1,0,0,0
0,0,0,0,0,100,0,0,0,0,0,0,0,0,0,0,100,0,0,0,0,0,0,0,0,0,0,100,0,0,0,0,0,0,0,0,0,1,0,0,1,0,0,0,0,1,0,0,0
0,0,0,0,0,100,0,0,0,0,0,0,0,0,0,0,100,0,0,0,0,0,0,0,0,0,0,100,0,0,0,0,0,0,0,0,0,1,0,0,1,0,0,0,0,1,0,0,0
0,0,0,0,0,100,0,0,0,0,0,0,0,0,0,0,100,0,0,0,0,0,0,0,0,0,0,100,0,0,0,0,0,0,0,0,0,1,0,0,1,0,0,0,0,1,0,0,0
0,0,0,0,0,100,0,0,0,0,0,0,0,0,0,0,100,0,0,0,0,0,0,0,0,0,0,100,0,0,0,0,0,0,0,0,0,1,0,0,1,0,0,0,0,1,0,0,0
0,0,0,0,0,100,0,0,0,0,0,0,0,0,0,0,100,0,0,0,0,0,0,0,0,0,0,100,0,0,0,0,0,0,0,0,0,1,0,0,1,0,0,0,0,1,0,0,0
0,0,0,0,0,100,0,0,0,0,0,0,0,0,0,0,100,0,0,0,0,0,0,0,0,0,0,100,0,0,0,0,0,0,0,0,0,1,0,0,1,0,0,0,0,1,0,0,0
0,0,0,0,0,100,0,0,0,0,0,0,0,0,0,0,100,0,0,0,0,0,0,0,0,0,0,100,0,0,0,0,0,0,0,0,0,1,0,0,1,0,0,0,0,1,0,0,0
0,11.617,0,0,14.043,38.169,0,0,5.2912,23.389,7.491,0,9.0489,10.951,11.546,0,29.12,16.837,0,11.546,10.951,0,0,0,11.617,0,9.0489,29.12,0,14.043,22.128,14.043,0,0.020408,0,0.040816,0.081633,0.85714,0,0,1,0,0,0,0,1,0,0,0
0,14.744,2.514,0,0,57.844,0,0,19.968,4.9301,0,0,0,3.6125,7.519,7.4441,65.363,0,0,0,13.548,2.514,0,4.9301,14.744,0,0,55.428,0,4.9301,0,19.968,0,0,0,0,0.125,0.875,0,0,1,0,0,0,0,1,0,0,0
5.411,0,0,31.971,0,15.462,0,11.937,35.219,0,0,11.937,26.56,0,0,24.398,14.347,10.822,0,0,11.937,0,11.937,11.937,0,0,8.9358,0,6.5259,5.411,0,23.283,31.971,0,0.016529,0.016529,0.090909,0.87603,0,0,1,0,0,0,0,1,0,0,1
0,5.1607,9.2945,0,2.6949,52.986,0,0,17.612,12.252,0,0,0,5.3751,2.7283,16.123,53.215,2.4658,0,0,5.3751,14.718,2.6801,11.76,0,5.1607,0,50.52,0,12.252,5.3751,12.252,0,0,0,0,0.046875,0.95312,0,0,1,0,0,0,0,1,0,0,0
0,7.9624,7.0446,0,15.007,41.561,0,0,17.735,10.69,0,0,7.0446,7.9624,0,2.7275,56.568,0,0,0,17.735,7.9624,7.0446,2.7275,0,7.9624,0,38.834,0,10.69,15.007,17.735,0,0,0,0,0.013699,0.9863,0,0,1,0,0,0,0,1,0,0,0
10.063,0,0,17.945,0,7.2627,0,36.721,24.377,3.6313,0,21.576,11.513,0,0,18.776,6.432,24.377,3.6313,3.6313,6.432,3.6313,6.432,36.721,0,3.6313,3.6313,3.6313,0,10.063,0,17.945,17.945,0.010309,0.041237,0.030928,0.051546,0.86598,0,0,1,0,0,0,0,1,0,0,1
0,8.7438,10.324,0,8.7438,42.046,0,0,21.398,8.7438,0,0,10.324,15.071,0,10.324,40.466,0,0,0,15.071,8.7438,6.3272,0,0,8.7438,0,42.046,0,8.7438,25.395,8.7438,0,0.33333,0.044444,0.2,0.17778,0.24444,0,0,1,0,0,0,0,1,0,0,0
0,8.6173,25.663,4.0871,0,16.535,17.024,4.0871,20.389,1.7988,1.7988,1.7988,5.8859,4.0871,4.3197,0,29.239,12.726,14.736,12.704,0,14.503,4.3197,29.961,8.1741,19.055,1.7988,0,10.416,1.7988,0,22.677,1.7988,0,0,0,1,0,0,0,1,0,0,0,0,1,0,0,1
0,0,0,25,0,0,0,50,25,0,0,25,25,0,0,25,0,25,0,0,0,0,0,50,0,0,0,0,0,0,0,25,25,0,0.2807,0,0.15789,0.5614,0,0,1,0,0,0,0,1,0,0,1
0,1.1406,37.406,9.9945,0,14.411,9.5357,2.2274,18.183,4.1214,2.9808,2.9808,5.2082,2.2274,13.935,0,32.172,15.704,16.916,2.2274,0,8.63,7.3084,31.238,5.5954,15.316,2.9808,1.1406,4.1214,4.1214,0,17.43,10.748,0,0,0.86364,0.13636,0,0,0,1,0,0,0,0,1,0,0,1
0,0,17.753,2.0964,5.3116,20.405,9.3885,18.966,23.706,0,2.3741,4.7494,18.49,13.479,0,4.2852,11.337,7.129,5.4947,18.282,1.2686,15.485,12.27,30.579,19.109,0,1.2686,11.337,3.5733,9.2388,9.4219,0,3.2019,0,0,0,0,1,0,0,1,0,0,0,0,1,0,0,1
0,0,11.853,4.084,14.032,10.528,14.558,36.287,8.6579,0,0,11.726,16.609,13.414,0,7.279,0,10.474,6.0809,9.8559,3.195,21.366,17.807,33.218,20.33,0,0,0,7.6423,10.837,2.886,0,7.279,0,0,0,0,1,0,0,1,0,0,0,0,1,0,0,1
2.4176,0,0,11.39,0,18.147,9.6714,30.044,25.913,2.4176,0,21.073,6.5538,0,0,35.584,6.0467,11.39,2.4176,7.2533,7.2655,2.4176,12.101,25.208,9.6714,2.4176,8.4643,2.4176,7.2655,2.4176,0,18.647,11.39,0,0.85057,0.057471,0.057471,0.034483,0,0,1,0,0,0,0,1,0,0,1
2.909,0,22.951,12.838,0,21.294,1.8001,12.838,21.77,1.8001,1.8001,4.7091,7.7644,0,0,21.773,25.975,8.1539,11.729,7.5932,2.909,9.3933,2.909,32.161,0,5.4004,4.1078,7.2569,9.9291,2.909,3.6284,19.396,12.302,0.011111,0,0.022222,0.8,0.16667,0,0,1,0,0,0,0,1,0,0,0
4.7897,5.1238,13.739,10.572,0,14.877,5.9548,14.877,18.34,8.2581,3.4684,8.2581,8.766,0,0,20.152,20.827,12.908,13.556,4.7897,0,10.745,0,33.74,0,17.681,4.7897,4.7897,5.2976,4.7897,0,20.169,8.743,0,0,0,0.054545,0.94545,0,0,1,0,0,0,0,1,0,0,1
4.2787,0,2.4429,4.2787,18.357,7.6213,10.736,37.878,14.407,0,0,11.9,15.914,7.6213,0,2.4429,4.2787,19.293,2.4429,5.8498,6.7216,23.535,14.343,24.407,10.736,0,0,0,7.6213,26.043,5.8498,4.2787,6.7216,0,0,0,0,1,0,0,1,0,0,0,0,1,0,0,1
0,0,9.0778,0,0,36.455,9.0778,0,27.233,9.0778,9.0778,9.0778,9.0778,0,0,0,63.689,0,9.0778,0,0,9.0778,0,9.0778,0,27.233,0,36.455,0,0,0,18.156,9.0778,0,0,0.018868,0.9717,0.009434,0,0,1,0,0,0,0,1,0,0,0
2.0539,2.0539,5.4033,7.0641,13.137,5.4104,27.265,21.504,14.054,0,2.0539,7.0641,18.355,2.6053,2.0539,8.5595,0,20.201,2.798,21.87,1.4954,14.998,9.8621,10.255,33.978,2.0539,0,0,2.0539,21.788,11.449,0,8.5595,0,0,0,0.053333,0.94667,0,0,1,0,0,0,0,1,0,0,1
1.4165,8.3526,22.568,13.137,0,20.873,5.4522,10.169,13.063,1.4165,3.5507,4.9672,3.0098,0,0,15.97,33.546,16.815,8.753,5.7432,0,11.195,0,41.09,0,10.419,1.4165,12.12,7.3365,1.4165,0,16.073,10.128,0,0,0.60526,0.18421,0.21053,0,0,1,0,0,0,0,1,0,0,1
1.2461,13.96,21.521,21.879,0,6.9725,7.3006,6.9725,14.821,3.2866,2.0405,3.2866,2.0405,0,0,24.371,24.561,19.22,7.7669,5.7264,0,13.027,0,42.453,0,12.628,1.2461,1.2461,4.4803,1.2461,0,12.78,23.92,0,0,0.1,0.9,0,0,0,1,0,0,0,0,1,0,0,1
0,10.862,11.874,28.365,0,6.6424,3.3346,6.6424,25.611,3.3346,3.3346,3.3346,8.0799,0,0,28.365,27.508,15.607,9.9769,1.897,0,5.2316,0,29.378,0,10.004,0,0,6.6424,0,0,27.021,26.955,0,0,0.90323,0.096774,0,0,0,1,0,0,0,0,1,0,0,1
0,0,0,0,0,100,0,0,0,0,0,0,0,0,0,0,100,0,0,0,0,0,0,0,0,0,0,100,0,0,0,0,0,0,0,0,0,1,0,0,1,0,0,0,0,1,0,0,0
0,0,0,9.3474,0,90.653,0,0,0,0,0,0,0,9.3474,0,0,81.305,9.3474,0,0,0,0,0,0,0,0,0,90.653,0,0,0,0,9.3474,0,0,0,0.012987,0.98701,0,0,1,0,0,0,0,1,0,0,0
0,0,18.626,0,0,81.374,0,0,0,0,0,0,18.626,0,0,18.626,62.749,0,0,0,0,0,0,0,0,0,0,81.374,0,0,18.626,0,0,0,0,0,1,0,0,0,1,0,0,0,0,1,0,0,0
0,0,0,0,0,100,0,0,0,0,0,0,0,0,0,0,100,0,0,0,0,0,0,0,0,0,0,100,0,0,0,0,0,0,0,0,1,0,0,0,1,0,0,0,0,1,0,0,0
0,0,0,10.837,0,89.163,0,0,0,0,0,0,0,10.837,0,0,80.893,8.2704,0,0,0,0,0,0,0,0,0,89.163,0,0,0,0,10.837,0,0,0,0,1,0,0,1,0,0,0,0,1,0,0,0
0,0,0,7.1319,0,92.868,0,0,0,0,0,0,0,7.1319,0,0,77.188,15.68,0,0,0,0,0,0,0,0,0,92.868,0,0,0,0,7.1319,0,0,0,0,1,0,0,1,0,0,0,0,1,0,0,0
0,0,0,6.2267,0,93.773,0,0,0,0,0,0,0,6.2267,0,0,87.547,6.2267,0,0,0,0,0,0,0,0,0,93.773,0,0,0,0,6.2267,0,0,0,0.13889,0.86111,0,0,1,0,0,0,0,1,0,0,0
0,0,0,0,0,100,0,0,0,0,0,0,0,0,0,0,82.552,17.448,0,0,0,0,0,0,0,0,0,100,0,0,0,0,0,0,0,0,0,1,0,0,1,0,0,0,0,1,0,0,0
0,0,0,0,0,100,0,0,0,0,0,0,0,0,0,0,100,0,0,0,0,0,0,0,0,0,0,100,0,0,0,0,0,0,0,0,0,1,0,0,1,0,0,0,0,1,0,0,0
0,0,0,0,0,100,0,0,0,0,0,0,0,0,0,0,100,0,0,0,0,0,0,0,0,0,0,100,0,0,0,0,0,0,0,0,0,1,0,0,1,0,0,0,0,1,0,0,0
0,0,0,0,0,100,0,0,0,0,0,0,0,0,0,0,100,0,0,0,0,0,0,0,0,0,0,100,0,0,0,0,0,0,0,0,0,1,0,0,1,0,0,0,0,1,0,0,0
0,0,0,0,0,100,0,0,0,0,0,0,0,0,0,0,100,0,0,0,0,0,0,0,0,0,0,100,0,0,0,0,0,0,0,0,0,1,0,0,1,0,0,0,0,1,0,0,0
4.1626,0,14.734,0,14.734,39.148,0,8.3253,14.734,4.1626,0,4.1626,14.734,0,0,8.3253,45.556,0,4.1626,4.1626,14.734,4.1626,14.734,8.3253,0,4.1626,4.1626,34.985,0,4.1626,14.734,14.734,0,0,0,0.0077519,0.95349,0.03876,0,0,1,0,0,0,0,1,0,0,0
0,0,0,0,0,61.286,0,0,38.714,0,0,9.4559,21.187,0,0,0,61.286,0,0,0,0,8.0716,0,0,0,0,0,61.286,0,0,0,17.528,21.187,0,0,0,1,0,0,0,1,0,0,0,0,1,0,0,0
0,0,6.5539,0,0,54.123,6.5539,0,19.662,6.5539,6.5539,6.5539,6.5539,0,0,0,73.784,0,6.5539,0,0,6.5539,0,6.5539,0,19.662,0,54.123,0,0,0,13.108,6.5539,0,0,0,0.98969,0.010309,0,0,1,0,0,0,0,1,0,0,0
0,0,0,0,0,47.349,0,0,52.651,0,0,15.149,6.2537,9.8463,0,0,47.349,0,0,0,0,21.403,0,0,0,0,0,47.349,0,0,0,36.551,16.1,0,0,0,1,0,0,0,1,0,0,0,0,1,0,0,0
0,0,0,0,0,72.839,0,0,27.161,0,0,8.5218,5.0585,0,0,0,72.839,0,0,0,0,13.58,0,0,0,0,0,72.839,0,0,0,22.102,5.0585,0,0,0,0.045455,0.95455,0,0,1,0,0,0,0,1,0,0,0
0,0,0,0,0,81.19,0,0,18.81,0,0,18.81,0,0,0,0,81.19,0,0,0,0,0,0,0,0,0,0,81.19,0,0,0,18.81,0,0,0,0,0,1,0,0,1,0,0,0,0,1,0,0,0
0,0,0,0,0,73.465,0,0,26.535,0,0,13.365,5.2876,0,0,0,73.465,0,0,0,0,7.8828,0,0,0,0,0,73.465,0,0,0,21.247,5.2876,0,0,0,0,1,0,0,1,0,0,0,0,1,0,0,0
0,0,0,0,0,72.698,0,0,27.302,0,0,0,13.651,0,0,0,72.698,0,0,0,0,13.651,0,0,0,0,0,72.698,0,0,0,13.651,13.651,0,0,0,0,1,0,0,1,0,0,0,0,1,0,0,0
0,10.328,33.632,9.376,0,9.376,12.015,9.376,12.523,1.6868,1.6868,1.6868,9.1495,0,0,9.376,24.764,28.119,11.063,1.9133,0,13.928,0,53.337,0,15.388,0,0,9.376,0,0,18.299,3.6001,0,0,0.051282,0.94872,0,0,0,1,0,0,0,0,1,0,0,1
0,0,0,0,0,100,0,0,0,0,0,0,0,0,0,0,100,0,0,0,0,0,0,0,0,0,0,100,0,0,0,0,0,0,0,0,0,1,0,0,1,0,0,0,0,1,0,0,0
0,0,0,0,0,100,0,0,0,0,0,0,0,0,0,0,100,0,0,0,0,0,0,0,0,0,0,100,0,0,0,0,0,0,0,0,0,1,0,0,1,0,0,0,0,1,0,0,0
0,0,0,0,0,100,0,0,0,0,0,0,0,0,0,0,100,0,0,0,0,0,0,0,0,0,0,100,0,0,0,0,0,0,0,0,0,1,0,0,1,0,0,0,0,1,0,0,0
0,0,0,0,0,100,0,0,0,0,0,0,0,0,0,0,100,0,0,0,0,0,0,0,0,0,0,100,0,0,0,0,0,0,0,0,0,1,0,0,1,0,0,0,0,1,0,0,0
0,0,0,0,0,100,0,0,0,0,0,0,0,0,0,0,100,0,0,0,0,0,0,0,0,0,0,100,0,0,0,0,0,0,0,0,0,1,0,0,1,0,0,0,0,1,0,0,0
0,0,0,0,0,100,0,0,0,0,0,0,0,0,0,0,100,0,0,0,0,0,0,0,0,0,0,100,0,0,0,0,0,0,0,0,0,1,0,0,1,0,0,0,0,1,0,0,0
0,0,0,0,0,100,0,0,0,0,0,0,0,0,0,0,100,0,0,0,0,0,0,0,0,0,0,100,0,0,0,0,0,0,0,0,0,1,0,0,1,0,0,0,0,1,0,0,0
0,0,0,0,0,100,0,0,0,0,0,0,0,0,0,0,100,0,0,0,0,0,0,0,0,0,0,100,0,0,0,0,0,0,0,0,0,1,0,0,1,0,0,0,0,1,0,0,0
0,0,0,0,0,100,0,0,0,0,0,0,0,0,0,0,100,0,0,0,0,0,0,0,0,0,0,100,0,0,0,0,0,0,0,0,0,1,0,0,1,0,0,0,0,1,0,0,0
0,0,0,0,0,100,0,0,0,0,0,0,0,0,0,0,100,0,0,0,0,0,0,0,0,0,0,100,0,0,0,0,0,0,0,0,0,1,0,0,1,0,0,0,0,1,0,0,0
0,0,0,0,0,100,0,0,0,0,0,0,0,0,0,0,100,0,0,0,0,0,0,0,0,0,0,100,0,0,0,0,0,0,0,0,0,1,0,0,1,0,0,0,0,1,0,0,0
0,0,0,0,0,100,0,0,0,0,0,0,0,0,0,0,100,0,0,0,0,0,0,0,0,0,0,100,0,0,0,0,0,0,0,0,0,1,0,0,1,0,0,0,0,1,0,0,0
0,0,0,0,0,100,0,0,0,0,0,0,0,0,0,0,100,0,0,0,0,0,0,0,0,0,0,100,0,0,0,0,0,0,0,0,0,1,0,0,1,0,0,0,0,1,0,0,0
0,0,0,0,0,100,0,0,0,0,0,0,0,0,0,0,100,0,0,0,0,0,0,0,0,0,0,100,0,0,0,0,0,0,0,0,0,1,0,0,1,0,0,0,0,1,0,0,0
0,0,0,0,0,100,0,0,0,0,0,0,0,0,0,0,100,0,0,0,0,0,0,0,0,0,0,100,0,0,0,0,0,0,0,0,0,1,0,0,1,0,0,0,0,1,0,0,0
0,0,0,0,0,100,0,0,0,0,0,0,0,0,0,0,100,0,0,0,0,0,0,0,0,0,0,100,0,0,0,0,0,0,0,0,0,1,0,0,1,0,0,0,0,1,0,0,0
0,0,0,0,0,100,0,0,0,0,0,0,0,0,0,0,100,0,0,0,0,0,0,0,0,0,0,100,0,0,0,0,0,0,0,0,0,1,0,0,1,0,0,0,0,1,0,0,0
0,0,0,0,0,100,0,0,0,0,0,0,0,0,0,0,100,0,0,0,0,0,0,0,0,0,0,100,0,0,0,0,0,0,0,0,0,1,0,0,1,0,0,0,0,1,0,0,0
0,0,0,0,0,100,0,0,0,0,0,0,0,0,0,0,100,0,0,0,0,0,0,0,0,0,0,100,0,0,0,0,0,0,0,0,0,1,0,0,1,0,0,0,0,1,0,0,0
0,0,0,0,0,100,0,0,0,0,0,0,0,0,0,0,100,0,0,0,0,0,0,0,0,0,0,100,0,0,0,0,0,0,0,0,0,1,0,0,1,0,0,0,0,1,0,0,0
0,0,0,0,0,100,0,0,0,0,0,0,0,0,0,0,100,0,0,0,0,0,0,0,0,0,0,100,0,0,0,0,0,0,0,0,0,1,0,0,1,0,0,0,0,1,0,0,0
0,0,0,0,0,100,0,0,0,0,0,0,0,0,0,0,100,0,0,0,0,0,0,0,0,0,0,100,0,0,0,0,0,0,0,0,0,1,0,0,1,0,0,0,0,1,0,0,0
0,0,0,0,0,100,0,0,0,0,0,0,0,0,0,0,100,0,0,0,0,0,0,0,0,0,0,100,0,0,0,0,0,0,0,0,0,1,0,0,1,0,0,0,0,1,0,0,0
0,0,0,0,0,100,0,0,0,0,0,0,0,0,0,0,100,0,0,0,0,0,0,0,0,0,0,100,0,0,0,0,0,0,0,0,0,1,0,0,1,0,0,0,0,1,0,0,0
0,0,0,0,0,100,0,0,0,0,0,0,0,0,0,0,100,0,0,0,0,0,0,0,0,0,0,100,0,0,0,0,0,0,0,0,0,1,0,0,1,0,0,0,0,1,0,0,0
0,0,0,0,0,100,0,0,0,0,0,0,0,0,0,0,100,0,0,0,0,0,0,0,0,0,0,100,0,0,0,0,0,0,0,0,0,1,0,0,1,0,0,0,0,1,0,0,0
0,0,0,0,0,100,0,0,0,0,0,0,0,0,0,0,100,0,0,0,0,0,0,0,0,0,0,100,0,0,0,0,0,0,0,0,0,1,0,0,1,0,0,0,0,1,0,0,0
0,0,0,0,0,100,0,0,0,0,0,0,0,0,0,0,100,0,0,0,0,0,0,0,0,0,0,100,0,0,0,0,0,0,0,0,0,1,0,0,1,0,0,0,0,1,0,0,0
0,0,0,0,0,100,0,0,0,0,0,0,0,0,0,0,100,0,0,0,0,0,0,0,0,0,0,100,0,0,0,0,0,0,0,0,0,1,0,0,1,0,0,0,0,1,0,0,0
0,0,0,0,0,100,0,0,0,0,0,0,0,0,0,0,100,0,0,0,0,0,0,0,0,0,0,100,0,0,0,0,0,0,0,0,0,1,0,0,1,0,0,0,0,1,0,0,0
0,0,0,0,0,100,0,0,0,0,0,0,0,0,0,0,100,0,0,0,0,0,0,0,0,0,0,100,0,0,0,0,0,0,0,0,0,1,0,0,1,0,0,0,0,1,0,0,0
0,0,0,0,0,100,0,0,0,0,0,0,0,0,0,0,100,0,0,0,0,0,0,0,0,0,0,100,0,0,0,0,0,0,0,0,0,1,0,0,1,0,0,0,0,1,0,0,0
0,0,0,0,0,100,0,0,0,0,0,0,0,0,0,0,100,0,0,0,0,0,0,0,0,0,0,100,0,0,0,0,0,0,0,0,0,1,0,0,1,0,0,0,0,1,0,0,0
0,0,0,0,0,100,0,0,0,0,0,0,0,0,0,0,100,0,0,0,0,0,0,0,0,0,0,100,0,0,0,0,0,0,0,0,0,1,0,0,1,0,0,0,0,1,0,0,0
0,0,0,0,0,100,0,0,0,0,0,0,0,0,0,0,100,0,0,0,0,0,0,0,0,0,0,100,0,0,0,0,0,0,0,0,0,1,0,0,1,0,0,0,0,1,0,0,0
0,0,0,0,0,100,0,0,0,0,0,0,0,0,0,0,100,0,0,0,0,0,0,0,0,0,0,100,0,0,0,0,0,0,0,0,0,1,0,0,1,0,0,0,0,1,0,0,0
0,0,0,0,0,100,0,0,0,0,0,0,0,0,0,0,100,0,0,0,0,0,0,0,0,0,0,100,0,0,0,0,0,0,0,0,0,1,0,0,1,0,0,0,0,1,0,0,0
0,0,0,0,0,100,0,0,0,0,0,0,0,0,0,0,100,0,0,0,0,0,0,0,0,0,0,100,0,0,0,0,0,0,0,0,0,1,0,0,1,0,0,0,0,1,0,0,0
0,0,0,0,0,100,0,0,0,0,0,0,0,0,0,0,100,0,0,0,0,0,0,0,0,0,0,100,0,0,0,0,0,0,0,0,0,1,0,0,1,0,0,0,0,1,0,0,0
0,0,0,0,0,100,0,0,0,0,0,0,0,0,0,0,100,0,0,0,0,0,0,0,0,0,0,100,0,0,0,0,0,0,0,0,0,1,0,0,1,0,0,0,0,1,0,0,0
0,0,0,0,0,100,0,0,0,0,0,0,0,0,0,0,100,0,0,0,0,0,0,0,0,0,0,100,0,0,0,0,0,0,0,0,0,1,0,0,1,0,0,0,0,1,0,0,0
0,0,0,0,0,100,0,0,0,0,0,0,0,0,0,0,100,0,0,0,0,0,0,0,0,0,0,100,0,0,0,0,0,0,0,0,0,1,0,0,1,0,0,0,0,1,0,0,0
0,0,0,0,0,100,0,0,0,0,0,0,0,0,0,0,100,0,0,0,0,0,0,0,0,0,0,100,0,0,0,0,0,0,0,0,0,1,0,0,1,0,0,0,0,1,0,0,0
0,0,0,0,0,100,0,0,0,0,0,0,0,0,0,0,100,0,0,0,0,0,0,0,0,0,0,100,0,0,0,0,0,0,0,0,0,1,0,0,1,0,0,0,0,1,0,0,0
0,0,0,0,0,100,0,0,0,0,0,0,0,0,0,0,100,0,0,0,0,0,0,0,0,0,0,100,0,0,0,0,0,0,0,0,0,1,0,0,1,0,0,0,0,1,0,0,0
0,0,0,0,0,100,0,0,0,0,0,0,0,0,0,0,100,0,0,0,0,0,0,0,0,0,0,100,0,0,0,0,0,0,0,0,0,1,0,0,1,0,0,0,0,1,0,0,0
0,0,0,0,0,100,0,0,0,0,0,0,0,0,0,0,100,0,0,0,0,0,0,0,0,0,0,100,0,0,0,0,0,0,0,0,0,1,0,0,1,0,0,0,0,1,0,0,0
0,0,0,0,0,100,0,0,0,0,0,0,0,0,0,0,100,0,0,0,0,0,0,0,0,0,0,100,0,0,0,0,0,0,0,0,0,1,0,0,1,0,0,0,0,1,0,0,0
0,0,0,0,0,100,0,0,0,0,0,0,0,0,0,0,100,0,0,0,0,0,0,0,0,0,0,100,0,0,0,0,0,0,0,0,0,1,0,0,1,0,0,0,0,1,0,0,0
0,0,0,0,0,100,0,0,0,0,0,0,0,0,0,0,100,0,0,0,0,0,0,0,0,0,0,100,0,0,0,0,0,0,0,0,0.014706,0.98529,0,0,1,0,0,0,0,1,0,0,0
0,0,0,0,0,100,0,0,0,0,0,0,0,0,0,0,100,0,0,0,0,0,0,0,0,0,0,100,0,0,0,0,0,0,0,0,0,1,0,0,1,0,0,0,0,1,0,0,0
0,0,0,0,0,100,0,0,0,0,0,0,0,0,0,0,100,0,0,0,0,0,0,0,0,0,0,100,0,0,0,0,0,0,0,0,0,1,0,0,1,0,0,0,0,1,0,0,0
0,0,0,0,0,100,0,0,0,0,0,0,0,0,0,0,100,0,0,0,0,0,0,0,0,0,0,100,0,0,0,0,0,0,0,0,0,1,0,0,1,0,0,0,0,1,0,0,0
0,0,0,0,0,100,0,0,0,0,0,0,0,0,0,0,100,0,0,0,0,0,0,0,0,0,0,100,0,0,0,0,0,0,0,0,0,1,0,0,1,0,0,0,0,1,0,0,0
0,0,0,0,0,100,0,0,0,0,0,0,0,0,0,0,100,0,0,0,0,0,0,0,0,0,0,100,0,0,0,0,0,0,0,0,0,1,0,0,1,0,0,0,0,1,0,0,0
0,0,0,0,0,100,0,0,0,0,0,0,0,0,0,0,100,0,0,0,0,0,0,0,0,0,0,100,0,0,0,0,0,0,0,0,0.2,0.8,0,0,1,0,0,0,0,1,0,0,0
0,0,0,0,0,100,0,0,0,0,0,0,0,0,0,0,100,0,0,0,0,0,0,0,0,0,0,100,0,0,0,0,0,0,0,0,0,1,0,0,1,0,0,0,0,1,0,0,0
0,0,0,0,0,100,0,0,0,0,0,0,0,0,0,0,100,0,0,0,0,0,0,0,0,0,0,100,0,0,0,0,0,0,0,0,0,1,0,0,1,0,0,0,0,1,0,0,0
0,0,0,0,0,100,0,0,0,0,0,0,0,0,0,0,100,0,0,0,0,0,0,0,0,0,0,100,0,0,0,0,0,0,0,0,0,1,0,0,1,0,0,0,0,1,0,0,0
0,0,0,0,0,100,0,0,0,0,0,0,0,0,0,0,100,0,0,0,0,0,0,0,0,0,0,100,0,0,0,0,0,0,0,0,0,1,0,0,1,0,0,0,0,1,0,0,0
0,0,0,0,0,100,0,0,0,0,0,0,0,0,0,0,100,0,0,0,0,0,0,0,0,0,0,100,0,0,0,0,0,0,0,0,0.013158,0.98684,0,0,1,0,0,0,0,1,0,0,0
0,0,0,0,0,100,0,0,0,0,0,0,0,0,0,0,100,0,0,0,0,0,0,0,0,0,0,100,0,0,0,0,0,0,0,0,0,1,0,0,1,0,0,0,0,1,0,0,0
0,0,0,0,0,100,0,0,0,0,0,0,0,0,0,0,100,0,0,0,0,0,0,0,0,0,0,100,0,0,0,0,0,0,0,0,0,1,0,0,1,0,0,0,0,1,0,0,0
0,0,0,0,0,100,0,0,0,0,0,0,0,0,0,0,100,0,0,0,0,0,0,0,0,0,0,100,0,0,0,0,0,0,0,0,0,1,0,0,1,0,0,0,0,1,0,0,0
0,0,0,0,0,100,0,0,0,0,0,0,0,0,0,0,100,0,0,0,0,0,0,0,0,0,0,75,25,0,0,0,0,0,0,0,0,1,0,0,1,0,0,0,0,1,0,0,0
0,3.6943,3.6943,0,0,66.035,3.6943,19.188,0,3.6943,0,8.0196,0,5.584,0,0,66.035,3.6943,0,0,0,16.667,3.6943,14.862,11.714,0,0,30.902,35.133,3.6943,0,0,0,0,0,0,0,1,0,0,1,0,0,0,0,1,0,0,0
0,0,0,0,20,40,9.2378,30.762,0,0,0,0,9.2378,9.2378,0,10.762,41.524,0,0,9.2378,10.762,9.2378,0,30.762,9.2378,0,0,30.762,9.2378,0,20,0,0,0,0,0,0,1,0,0,1,0,0,0,0,1,0,0,0
0,0,0,13.588,11.89,42.641,0,31.881,0,0,0,4.0506,5.4867,5.4867,0,10.454,39.507,15.024,4.0506,0,11.89,4.0506,0,27.831,4.0506,0,0,28.029,20.098,0,10.454,9.5373,0,0,0,0,0,1,0,0,1,0,0,0,0,1,0,0,0
0,0,0,0,39.759,37.142,11.549,11.549,0,0,0,0,11.549,11.549,17.615,0,18.571,0,7.0216,22.143,0,11.549,0,11.549,11.549,0,0,18.571,18.571,0,39.759,0,0,0,0,0,0,1,0,0,1,0,0,0,0,1,0,0,0
0,0,0,0,62.722,37.278,0,0,0,0,0,0,0,8.5811,22.78,0,8.5811,0,28.697,31.361,0,0,0,0,0,0,0,8.5811,28.697,0,62.722,0,0,0,0,0,0.14286,0.85714,0,0,1,0,0,0,0,1,0,0,0
0,0,3.1538,17.356,34.704,25.271,3.1538,16.361,0,0,0,0,7.1009,12.486,0,6.2072,48.834,0,0,19.165,3.0534,3.1538,0,16.361,3.1538,0,0,18.593,6.6785,0,34.704,20.509,0,0,0,0,0,1,0,0,1,0,0,0,0,1,0,0,0
0,0,5.1091,9.0013,15.725,32.276,8.4439,29.445,0,0,0,0,7.227,13.835,0,5.1091,35.267,7.7843,0,11.832,3.8922,15.052,0,29.445,8.4439,0,0,16.552,19.617,0,11.832,14.11,0,0,0,0,0,1,0,0,1,0,0,0,0,1,0,0,0
0,0,0,0,45.413,54.587,0,0,0,0,0,0,0,12.079,21.254,0,33.333,0,21.254,12.079,0,0,0,0,0,0,0,33.333,21.254,0,45.413,0,0,0,0,0,0,1,0,0,1,0,0,0,0,1,0,0,0
0,0,5.6021,5.6021,0,47.069,10.943,25.182,5.6021,0,0,0,0,0,0,0,63.614,0,9.7898,5.6021,5.6021,15.392,15.392,15.392,0,0,20.733,31.677,5.6021,0,5.6021,0,5.6021,0,0,0,0,1,0,0,1,0,0,0,0,1,0,0,0
0,0,0,0,47.903,52.097,0,0,0,0,0,0,39.71,0,0,21.952,16.386,0,0,0,21.952,0,0,0,0,0,0,16.386,35.711,0,47.903,0,0,0,0,0,0.28333,0.71667,0,0,1,0,0,0,0,1,0,0,0
0,0,0,0,34.959,65.041,0,0,0,0,0,0,7.9673,0,0,19.025,38.049,0,0,0,34.959,0,0,0,0,0,0,38.049,26.992,0,34.959,0,0,0,0,0,0.095238,0.90476,0,0,1,0,0,0,0,1,0,0,0
0,0,0,0,11.917,77.875,0,6.6821,3.5264,0,0,3.341,5.9585,0,0,30.576,20.788,0,0,0,39.337,0,0,6.8674,3.341,0,3.5264,20.602,53.746,0,11.917,0,0,0,0,0,0,1,0,0,1,0,0,0,0,1,0,0,0
0,0,0,0,29.528,47.642,11.415,11.415,0,0,0,0,0,0,40.943,0,29.528,0,29.528,0,0,0,0,11.415,11.415,0,0,18.114,29.528,0,29.528,0,0,0,0,0,0.10843,0.89157,0,0,1,0,0,0,0,1,0,0,0
0,0,0,0,25,25,25,25,0,0,0,0,0,0,50,0,25,0,25,0,0,0,0,25,25,0,0,0,25,0,25,0,0,0,0,0,0.27778,0.72222,0,0,1,0,0,0,0,1,0,0,0
0,0,0,6.4957,27.158,19.388,16.984,29.975,0,0,0,0,0,0,57.132,0,16.984,0,25.884,0,0,0,0,29.975,16.984,0,0,0,19.388,0,27.158,6.4957,0,0,0,0,0,1,0,0,1,0,0,0,0,1,0,0,0
0,0,0,0,0,0,0,0,0,0,0,0,0,0,0,0,0,0,0,0,0,0,0,0,0,0,0,0,0,0,0,0,0,0,0,0,0.020833,0.97917,0,0,1,0,0,0,0,1,0,0,0
0,0,0,0,0,84.821,5.8614,0,9.3176,0,0,0,0,0,0,0,90.682,0,0,9.3176,0,0,9.3176,0,0,0,15.179,69.642,5.8614,0,0,0,0,0,0,0,0,1,0,0,1,0,0,0,0,1,0,0,0
0,0,0,21.887,8.5848,8.5848,8.5848,52.359,0,0,0,0,0,0,60.943,0,8.5848,0,30.472,0,0,0,0,52.359,8.5848,0,0,0,8.5848,0,8.5848,21.887,0,0,0,0,0,1,0,0,1,0,0,0,0,1,0,0,1
0,0,0,0,0,66.667,33.333,0,0,0,0,0,0,0,0,0,100,0,0,0,0,0,0,0,0,0,33.333,66.667,0,0,0,0,0,0.060241,0,0,0.10843,0.83133,0,0,1,0,0,0,0,1,0,0,0
0,0,0,0,66.667,33.333,0,0,0,0,0,0,33.333,0,0,0,0,0,0,0,66.667,0,0,0,0,0,0,0,33.333,0,66.667,0,0,0,0,0,0,1,0,0,1,0,0,0,0,1,0,0,0
0,0,0,0,0,86.951,0,13.049,0,0,0,13.049,0,0,0,0,86.951,0,0,0,0,0,0,0,0,13.049,0,86.951,0,0,0,0,0,0,0,0,0,1,0,0,1,0,0,0,0,1,0,0,0
0,0,3.6711,9.2381,4.8255,56.224,5.411,16.959,3.6711,0,0,11.392,2.7835,0,2.6275,20.362,36.174,2.6275,0,0,14.951,9.0821,2.6275,12.753,3.6711,10.349,5.255,27.092,4.8255,0,14.951,14.805,3.6711,0.010204,0,0,0.010204,0.97959,0,0,1,0,0,0,0,1,0,0,0
0,0,0,6.0616,0,64.402,3.0308,26.506,0,0,0,7.5145,11.477,0,0,15.029,59.918,0,0,0,3.0308,3.0308,8.4461,7.5145,4.4837,3.0308,0,52.925,0,0,3.0308,20.569,0,0,0,0,0,1,0,0,1,0,0,0,0,1,0,0,0
0,0,0,0,0,100,0,0,0,0,0,0,0,0,0,0,100,0,0,0,0,0,0,0,0,0,0,100,0,0,0,0,0,0,0,0,0,1,0,0,1,0,0,0,0,1,0,0,0
0,0,0,0,0,100,0,0,0,0,0,0,0,0,0,0,100,0,0,0,0,0,0,0,0,0,0,100,0,0,0,0,0,0,0,0,0,1,0,0,1,0,0,0,0,1,0,0,0
0,0,0,0,0,72.376,0,7.9493,9.8371,0,9.8371,0,7.9493,9.8371,0,9.8371,72.376,0,0,0,0,0,7.9493,0,0,0,0,64.427,9.8371,0,0,17.786,0,0,0,0,0,1,0,0,1,0,0,0,0,1,0,0,0
0,0,0,0,0,100,0,0,0,0,0,0,0,0,0,0,90.072,9.9278,0,0,0,0,0,0,0,0,0,100,0,0,0,0,0,0,0,0,0,1,0,0,1,0,0,0,0,1,0,0,0
0,0,5.2248,16.688,0,61.4,0,16.688,0,0,0,8.3438,5.2248,0,0,8.3438,53.056,8.3438,8.3438,0,0,8.3438,0,13.569,8.3438,0,0,45.017,16.383,0,8.3438,8.3438,0,0,0,0,0,1,0,0,1,0,0,0,0,1,0,0,0
0,5.4082,10.048,0,0,54.211,4.0752,10.208,8.9739,0,7.0768,9.2904,3.9815,6.9831,5.4082,0,52.22,3.0016,1.9908,8.0568,4.0752,4.9924,4.9924,19.115,9.1967,5.4082,4.0752,52.22,0,0,1.9908,0,3.0016,0,0,0,0,1,0,0,1,0,0,0,0,1,0,0,0
0,0,0,15.876,13.275,55.02,0,15.829,0,0,0,4.5155,13.275,5.6567,0,2.6019,41.746,16.513,10.036,0,3.2384,2.4183,0,11.313,4.5155,0,0,19.071,49.223,0,10.036,5.8403,0,0,0,0,0,1,0,0,1,0,0,0,0,1,0,0,0
9.1259,4.0845,4.7409,0,0,71.729,0,2.0785,2.0785,0,6.163,0,17.951,2.0785,4.0845,0,63.56,2.0785,0,4.0845,0,6.163,2.0785,10.904,13.21,4.0845,0,63.56,4.0845,0,0,0,2.0785,0,0,0,0,1,0,0,1,0,0,0,0,1,0,0,0
5.0367,9.5117,0,0,0,75.214,0,1.7335,1.7335,0,6.7702,0,10.073,1.7335,9.5117,0,65.141,1.7335,0,5.0367,0,6.7702,1.7335,6.7702,10.073,9.5117,0,65.141,5.0367,0,0,0,1.7335,0,0,0,0,1,0,0,1,0,0,0,0,1,0,0,0
4.8629,0,0,0,0,95.137,0,0,0,0,0,0,4.8629,0,0,0,95.137,0,0,0,0,0,0,0,4.8629,0,0,95.137,0,0,0,0,0,0,0,0,0,1,0,0,1,0,0,0,0,1,0,0,0
9.4254,5.168,0,0,0,85.407,0,0,0,0,0,0,9.4254,0,5.168,0,85.407,0,0,0,0,0,0,0,9.4254,5.168,0,85.407,0,0,0,0,0,0,0,0,0,1,0,0,1,0,0,0,0,1,0,0,0
0,0,0,0,0,100,0,0,0,0,0,0,0,0,0,0,100,0,0,0,0,0,0,0,0,0,0,100,0,0,0,0,0,0,0,0,0,1,0,0,1,0,0,0,0,1,0,0,0
0,0,0,0,0,100,0,0,0,0,0,0,0,0,0,0,89.439,10.561,0,0,0,0,0,0,0,0,15.641,69.512,2.1429,0,12.704,0,0,0,0,0,0,1,0,0,1,0,0,0,0,1,0,0,0
0,0,10.515,17.149,0,38.983,3.5691,13.832,15.952,0,0,0,0,0,3.3169,0,56.384,0,3.3169,15.952,10.515,10.515,19.269,10.515,0,0,9.0067,16.145,17.401,0,10.515,6.6338,10.515,0,0,0,0,1,0,0,1,0,0,0,0,1,0,0,0
0,0,0,0,0,91.98,8.0196,0,0,0,0,0,0,0,0,0,100,0,0,0,0,0,0,0,0,0,8.0196,71.98,20,0,0,0,0,0,0,0,0,1,0,0,1,0,0,0,0,1,0,0,0
0,0,0,0,0,100,0,0,0,0,0,0,0,0,0,0,100,0,0,0,0,0,0,0,0,0,0,100,0,0,0,0,0,0,0,0,0,1,0,0,1,0,0,0,0,1,0,0,0
0,0,0,0,0,100,0,0,0,0,0,0,0,0,0,0,100,0,0,0,0,0,0,0,0,0,0,100,0,0,0,0,0,0,0,0,0,1,0,0,1,0,0,0,0,1,0,0,0
0,0,0,0,0,100,0,0,0,0,0,0,0,0,0,0,100,0,0,0,0,0,0,0,0,0,0,100,0,0,0,0,0,0,0,0,0,1,0,0,1,0,0,0,0,1,0,0,0
0,0,0,0,0,100,0,0,0,0,0,0,0,0,0,0,100,0,0,0,0,0,0,0,0,0,0,100,0,0,0,0,0,0,0,0,0.061728,0.93827,0,0,1,0,0,0,0,1,0,0,0
0,0,0,0,0,100,0,0,0,0,0,0,0,0,0,0,100,0,0,0,0,0,0,0,0,0,0,100,0,0,0,0,0,0,0,0,0.077778,0.92222,0,0,1,0,0,0,0,1,0,0,0
0,0,0,0,0,100,0,0,0,0,0,0,0,0,0,0,100,0,0,0,0,0,0,0,0,0,0,100,0,0,0,0,0,0,0,0,0.11111,0.88889,0,0,1,0,0,0,0,1,0,0,0
0,0,0,0,0,83.495,5.7571,10.748,0,0,0,0,0,0,0,0,82.39,0,12.236,0,0,5.3738,5.3738,5.3738,0,0,11.131,61.405,9.8541,0,6.8626,0,0,0,0,0,0,1,0,0,1,0,0,0,0,1,0,0,0
0,0,0,0,0,97.244,2.7565,0,0,0,0,0,0,0,0,0,94.169,5.8308,0,0,0,0,0,0,5.8308,0,2.7565,85.741,5.6719,0,0,0,0,0,0,0,0,1,0,0,1,0,0,0,0,1,0,0,0
0,0,0,0,0,92.331,7.6686,0,0,0,0,0,0,0,0,5.4321,69.905,19.231,5.4321,0,0,0,0,0,24.663,0,7.6686,42.236,14.568,0,10.864,0,0,0,0,0,0.014493,0.98551,0,0,1,0,0,0,0,1,0,0,0
0,0,0,0,0,100,0,0,0,0,0,0,0,0,0,10.448,69.484,10.448,9.619,0,0,0,0,0,20.897,0,0,56.533,9.8344,0,12.736,0,0,0,0,0,0,1,0,0,1,0,0,0,0,1,0,0,0
0,0,0,0,0,100,0,0,0,0,0,0,0,0,0,0,100,0,0,0,0,0,0,0,0,0,0,100,0,0,0,0,0,0,0,0,0,1,0,0,1,0,0,0,0,1,0,0,0
0,0,0,0,0,100,0,0,0,0,0,0,0,0,0,0,100,0,0,0,0,0,0,0,0,0,0,100,0,0,0,0,0,0,0,0,0,1,0,0,1,0,0,0,0,1,0,0,0
0,0,0,0,0,100,0,0,0,0,0,0,0,0,0,8.9394,63.141,24.027,3.893,0,0,0,0,0,12.832,0,5.0463,74.335,0,0,7.7861,0,0,0,0,0,0,1,0,0,1,0,0,0,0,1,0,0,0
0,0,0,0,0,82.528,0,17.472,0,0,0,0,0,0,0,14.332,46.511,21.685,0,17.472,0,0,0,0,17.2,0,7.3532,52.243,0,0,5.7323,17.472,0,0,0,0,0,1,0,0,1,0,0,0,0,1,0,0,0
0,0,4.7424,0,0,90.515,0,0,0,0,4.7424,0,0,0,0,16.512,52.258,21.745,0,9.4847,0,0,0,4.7424,0,0,5.2329,68.77,4.7424,0,16.512,0,0,0,0,0,0,1,0,0,1,0,0,0,0,1,0,0,0
0,0,0,0,0,100,0,0,0,0,0,0,0,0,0,9.0294,75.272,15.699,0,0,0,0,0,0,9.0294,0,9.0294,81.941,0,0,0,0,0,0,0,0,0,1,0,0,1,0,0,0,0,1,0,0,0
0,0,0,0,0,100,0,0,0,0,0,0,0,0,0,0,100,0,0,0,0,0,0,0,0,0,0,100,0,0,0,0,0,0,0,0,0,1,0,0,1,0,0,0,0,1,0,0,0
0,0,0,14.976,7.488,49.282,0,17.871,0,10.383,0,7.488,10.383,0,17.871,0,49.282,0,0,7.488,7.488,0,25.359,0,0,0,0,49.282,0,7.488,7.488,10.383,0,0,0,0,0,1,0,0,1,0,0,0,0,1,0,0,0
0,0,0,16.318,0,83.682,0,0,0,0,0,16.318,0,0,0,0,83.682,0,0,0,0,0,16.318,0,0,0,0,83.682,0,0,0,0,0,0.022989,0,0.011494,0,0.96552,0,0,1,0,0,0,0,1,0,0,0
0,0,0,0,0,100,0,0,0,0,0,0,0,0,0,0,100,0,0,0,0,0,0,0,0,0,0,100,0,0,0,0,0,0,0,0,0.044444,0.95556,0,0,1,0,0,0,0,1,0,0,0
0,0,0,0,0,100,0,0,0,0,0,0,0,0,0,0,100,0,0,0,0,0,0,0,0,0,0,100,0,0,0,0,0,0,0,0,0,1,0,0,1,0,0,0,0,1,0,0,0
0,0,0,0,0,100,0,0,0,0,0,0,0,0,0,0,100,0,0,0,0,0,0,0,0,0,0,100,0,0,0,0,0,0,0,0,0,1,0,0,1,0,0,0,0,1,0,0,0
0,0,0,0,0,100,0,0,0,0,0,0,0,0,0,0,100,0,0,0,0,0,0,0,0,0,0,100,0,0,0,0,0,0,0,0,0,1,0,0,1,0,0,0,0,1,0,0,0
0,0,0,19.076,8.0409,50.741,0,22.142,0,0,0,4.0901,5.1972,4.1372,0,6.9339,38.598,20.685,9.2873,0,2.8438,8.2273,0,18.052,4.0901,0,0,25.36,30.578,0,12.131,9.7892,0,0,0,0,0,1,0,0,1,0,0,0,0,1,0,0,0
0,0,25.758,25.758,4.9568,9.9137,16.807,16.807,0,0,0,0,4.9568,4.9568,0,11.85,56.473,0,0,4.9568,0,16.807,0,16.807,16.807,0,0,4.9568,4.9568,0,4.9568,51.516,0,0,0,0,0,1,0,0,1,0,0,0,0,1,0,0,0
0,0,13.915,41.114,6.2743,12.549,2.5266,23.622,0,0,0,0,16.126,2.5266,0,3.7477,68.799,0,0,2.5266,3.7477,2.5266,0,23.622,2.5266,0,0,10.022,2.5266,0,6.2743,55.029,0,0,0,0,0,1,0,0,1,0,0,0,0,1,0,0,0
0,0,13.439,44.269,0,0,13.439,28.854,0,0,0,0,15.415,0,0,13.439,57.708,0,0,0,0,13.439,0,28.854,13.439,0,0,0,0,0,0,57.708,0,0,0,0,0,1,0,0,1,0,0,0,0,1,0,0,0
0,0,0,13.671,3.4034,30.746,26.09,26.09,0,0,0,0,0,0,29.493,0,53.432,0,17.075,0,0,0,0,26.09,26.09,0,0,0,30.746,0,3.4034,13.671,0,0,0,0,0,1,0,0,1,0,0,0,0,1,0,0,1
0,0,0,11.358,0,88.642,0,0,0,0,0,0,0,0,0,0,88.642,0,11.358,0,0,0,0,0,8.543,0,0,43.951,36.148,0,0,11.358,0,0,0,0,0,1,0,0,1,0,0,0,0,1,0,0,1
0,0,1.0986,7.9501,7.4601,60.999,11.805,8.5944,2.0934,0,0,3.5534,1.4876,0,10.317,14.502,42.091,12.807,0,0,5.9223,9.3194,7.8318,9.6024,2.0657,7.9286,10.005,19.729,7.7524,13.97,7.8492,12.168,1.0986,0,0,0,0,1,0,0,1,0,0,0,0,1,0,0,1
0,0,4.9707,10.964,4.8728,64.258,1.6609,11.514,1.7589,0,0,5.8313,3.831,0,1.6609,13.645,54.016,10.866,0,0,6.7296,3.4198,9.8247,5.3696,3.6108,2.2206,0,38.18,3.3218,12.527,9.5114,10.463,4.9707,0.04,0,0.026667,0.026667,0.90667,0,0,1,0,0,0,0,1,0,0,1
0,0,0,16.644,0,50.069,0,33.287,0,0,0,0,0,0,33.287,0,50.069,0,16.644,0,0,0,0,33.287,0,0,0,33.379,16.69,0,0,16.644,0,0,0,0,0,1,0,0,1,0,0,0,0,1,0,0,1
0,0,0,6.9921,0,93.008,0,0,0,0,0,0,0,0,0,0,93.008,0,6.9921,0,0,0,0,0,14.583,0,0,52.682,25.742,0,0,6.9921,0,0,0,0,0,1,0,0,1,0,0,0,0,1,0,0,1
1.4567,1.4567,8.7093,0,17.351,20.547,17.483,22.462,6.3628,0,4.1713,2.7901,16.6,2.5829,1.4567,7.2555,15.105,17.275,6.056,6.8273,7.5169,16.534,9.8384,22.794,18.935,1.4567,1.4609,15.105,3.9854,15.205,3.9097,0,7.3097,0,0,0,0,1,0,0,1,0,0,0,0,1,0,0,1
0,0,0,28.28,3.5844,43.482,0,24.653,0,0,0,8.7423,3.5844,3.5844,0,12.769,26.066,24.184,8.7423,0,3.5844,8.7423,0,15.911,8.7423,0,0,18.231,25.027,0,12.551,19.538,0,0,0,0,0,1,0,0,1,0,0,0,0,1,0,0,0
0,0,0,13.651,4.8444,76.051,0,5.4532,0,0,0,2.7266,4.8444,0,0,2.7266,55.38,24.025,7.571,0,0,2.7266,0,2.7266,2.7266,0,0,26.199,35.204,0,27.063,6.0804,0,0,0,0,0,1,0,0,1,0,0,0,0,1,0,0,0
4.5043,3.2424,5.0772,0,2.4348,55.43,0,14.076,10.156,0,5.0791,2.4348,10.324,10.899,3.2424,0,51.303,5.0791,1.6924,3.3848,0,11.641,9.2063,16.718,7.8891,3.2424,0,51.303,2.4348,2.4348,1.6924,0,5.0791,0,0,0,0,1,0,0,1,0,0,0,0,1,0,0,1
0,0,0,0,11.607,61.607,0,0,26.786,0,0,0,0,0,0,0,100,0,0,0,0,0,0,0,0,0,0,61.607,0,11.607,0,26.786,0,0,0,0,1,0,0,0,1,0,0,0,0,1,0,0,0
0,0,0,0,25,75,0,0,0,0,0,0,0,0,0,0,100,0,0,0,0,0,0,0,0,0,0,75,0,25,0,0,0,0,0,0,1,0,0,0,1,0,0,0,0,1,0,0,0
0,0,0,0,45.173,54.827,0,0,0,0,0,0,0,0,0,0,100,0,0,0,0,0,0,0,0,0,0,54.827,0,45.173,0,0,0,0,0,0,1,0,0,0,1,0,0,0,0,1,0,0,0
0,0,0,14.419,10.36,63.775,0,11.446,0,0,0,0,10.36,5.7231,0,4.0591,47.022,22.476,4.6366,0,5.7231,0,0,11.446,0,0,0,20.904,40.445,0,17.422,9.7823,0,0,0,0,0,1,0,0,1,0,0,0,0,1,0,0,0
0,0,0,18.88,2.4974,78.623,0,0,0,0,0,0,2.4974,0,0,10.624,67.718,16.663,2.4974,0,0,0,0,0,0,0,2.6491,46.603,26.372,0,7.9932,16.382,0,0,0,0,0,1,0,0,1,0,0,0,0,1,0,0,0
0,0,3.1554,36.023,0,31.866,0,26.043,2.9115,0,0,0,0,0,12.026,8.8155,44.543,0,16.205,2.9115,5.6601,9.8387,19.116,9.8387,0,0,12.75,12.75,6.366,0,14.476,21.548,3.1554,0,0,0,0,1,0,0,1,0,0,0,0,1,0,0,0
0,0,0,0,0,100,0,0,0,0,0,0,0,0,0,0,97.06,2.9398,0,0,0,0,0,0,0,0,7.4876,71.284,2.9398,0,18.289,0,0,0,0,0,0,1,0,0,1,0,0,0,0,1,0,0,0
0,0,17.421,51.16,0,13.822,0,13.822,3.775,0,0,0,0,0,10.047,13.646,54.935,0,10.047,3.775,3.775,3.775,13.822,3.775,0,0,0,0,13.822,0,17.421,33.74,17.421,0,0,0,0,1,0,0,1,0,0,0,0,1,0,0,0
0,0,2.4635,70.265,0,12.404,0,12.404,2.4635,0,0,0,0,0,25.914,15.973,24.808,0,9.9406,2.4635,18.437,2.4635,12.404,2.4635,0,0,0,0,12.404,0,34.41,35.855,2.4635,0,0,0,0,1,0,0,1,0,0,0,0,1,0,0,0
0,0,0,0,0,100,0,0,0,0,0,0,0,0,0,0,96.418,3.582,0,0,0,0,0,0,0,0,14.035,68.805,0,0,17.16,0,0,0,0,0,0,1,0,0,1,0,0,0,0,1,0,0,0
0,0,0,0,0,100,0,0,0,0,0,0,0,0,0,0,100,0,0,0,0,0,0,0,0,0,0,100,0,0,0,0,0,0,0,0,1,0,0,0,1,0,0,0,0,1,0,0,0
0,0,0,0,0,50,39.311,10.689,0,0,0,0,0,0,0,0,89.311,10.689,0,0,0,0,0,10.689,0,39.311,0,50,0,0,0,0,0,0,0,0,0.66667,0.33333,0,0,1,0,0,0,0,1,0,0,0
0,0,0,0,0,100,0,0,0,0,0,0,0,0,0,0,93.258,6.7417,0,0,0,0,0,0,0,0,6.7417,76.929,0,0,16.329,0,0,0,0,0,0,1,0,0,1,0,0,0,0,1,0,0,0
0,0,0,0,0,50,25,25,0,0,0,0,0,0,0,0,75,25,0,0,0,0,0,25,0,25,0,50,0,0,0,0,0,0,0,0,0.90323,0.096774,0,0,1,0,0,0,0,1,0,0,0
0,0,0,0,0,44.814,28.254,26.932,0,0,0,0,0,0,0,0,78.401,21.599,0,0,0,0,5.3321,21.599,0,28.254,0,44.814,0,0,0,0,0,0,0,0,0,1,0,0,1,0,0,0,0,1,0,0,0
0,0,0,0,0,59.623,40.377,0,0,0,0,0,0,0,0,0,100,0,0,0,0,0,0,0,0,40.377,0,59.623,0,0,0,0,0,0,0,0,0,1,0,0,1,0,0,0,0,1,0,0,0
0,0,0,0,0,100,0,0,0,0,0,0,0,0,0,0,100,0,0,0,0,0,0,0,0,0,0,100,0,0,0,0,0,0,0,0,0,1,0,0,1,0,0,0,0,1,0,0,0
0,0,0,0,0,66.974,27.045,5.9808,0,0,0,0,0,0,0,0,94.019,5.9808,0,0,0,0,0,5.9808,0,27.045,0,66.974,0,0,0,0,0,0,0,0,0,1,0,0,1,0,0,0,0,1,0,0,0
0,0,0,0,0,89.952,10.048,0,0,0,0,0,0,0,0,0,100,0,0,0,0,0,0,0,0,10.048,0,89.952,0,0,0,0,0,0,0,0,0,1,0,0,1,0,0,0,0,1,0,0,0
0,0,0,0,0,76.648,0,0,0,0,23.352,23.352,0,0,0,0,76.648,0,0,0,0,0,0,0,0,23.352,0,76.648,0,0,0,0,0,0,0,0,1,0,0,0,1,0,0,0,0,1,0,0,0
0,0,0,0,0,61.805,0,0,38.195,0,0,0,11.287,26.908,0,0,61.805,0,0,0,0,0,0,0,0,0,0,61.805,0,0,0,0,38.195,0,0,0,1,0,0,0,1,0,0,0,0,1,0,0,0
0,0,0,0,6.7629,93.237,0,0,0,0,0,0,0,0,0,0,100,0,0,0,0,0,0,0,0,0,0,93.237,0,6.7629,0,0,0,0,0,0,1,0,0,0,1,0,0,0,0,1,0,0,0
0,0,0,0,0,66.667,0,0,33.333,0,0,0,0,33.333,0,0,66.667,0,0,0,0,0,0,0,0,0,0,66.667,0,0,0,0,33.333,0,0,0,0.96552,0.034483,0,0,1,0,0,0,0,1,0,0,0
0,0,0,0,0,84.475,0,0,15.525,0,0,0,0,15.525,0,0,84.475,0,0,0,0,0,0,0,0,0,0,84.475,0,0,0,0,15.525,0,0,0,0,1,0,0,1,0,0,0,0,1,0,0,0
0,0,0,0,0,85.271,0,0,14.729,0,0,0,0,14.729,0,0,85.271,0,0,0,0,0,0,0,0,0,0,85.271,0,0,0,0,14.729,0,0,0,0,1,0,0,1,0,0,0,0,1,0,0,0
0,0,0,0,0,80.866,0,0,19.134,0,0,0,0,19.134,0,0,80.866,0,0,0,0,0,0,0,0,0,0,80.866,0,0,0,0,19.134,0,0,0,0,1,0,0,1,0,0,0,0,1,0,0,0
0,0,0,0,0,81.651,0,0,18.349,0,0,0,0,18.349,0,0,81.651,0,0,0,0,0,0,0,0,0,0,81.651,0,0,0,0,18.349,0,0,0,0,1,0,0,1,0,0,0,0,1,0,0,0
0,0,0,0,0,100,0,0,0,0,0,0,0,0,0,0,100,0,0,0,0,0,0,0,0,0,0,100,0,0,0,0,0,0,0,0,0,1,0,0,1,0,0,0,0,1,0,0,0
0,0,0,0,0,100,0,0,0,0,0,0,0,0,0,0,100,0,0,0,0,0,0,0,0,0,0,100,0,0,0,0,0,0,0,0,0,1,0,0,1,0,0,0,0,1,0,0,0
0,0,0,0,0,100,0,0,0,0,0,0,0,0,0,0,100,0,0,0,0,0,0,0,0,0,0,100,0,0,0,0,0,0,0,0,0,1,0,0,1,0,0,0,0,1,0,0,0
0,0,0,0,0,100,0,0,0,0,0,0,0,0,0,0,100,0,0,0,0,0,0,0,0,0,0,100,0,0,0,0,0,0,0,0,0,1,0,0,1,0,0,0,0,1,0,0,0
0,0,0,0,7.9504,92.05,0,0,0,0,0,0,0,0,0,0,100,0,0,0,0,0,0,0,0,0,0,92.05,0,7.9504,0,0,0,0,0,0,0.98246,0.017544,0,0,1,0,0,0,0,1,0,0,0
0,0,0,21.703,0,78.297,0,0,0,0,0,0,0,0,0,28.297,21.703,28.297,0,0,0,21.703,21.703,0,0,0,28.297,21.703,28.297,0,0,0,0,0,0,0,0,1,0,0,1,0,0,0,0,1,0,0,0
0,0,0,9.5964,0,90.404,0,0,0,0,0,0,0,0,0,0,80.807,9.5964,0,0,0,9.5964,9.5964,0,0,0,0,80.807,9.5964,0,0,0,0,0,0,0,0,1,0,0,1,0,0,0,0,1,0,0,0
0,0,0,42.753,0,57.247,0,0,0,0,0,0,0,14.494,0,14.494,14.494,28.259,0,0,0,28.259,42.753,0,0,0,14.494,14.494,28.259,0,0,0,0,0,0,0,0,1,0,0,1,0,0,0,0,1,0,0,0
0,0,0,50,0,50,0,0,0,0,0,0,0,0,0,0,50,0,0,0,0,50,50,0,0,0,0,50,0,0,0,0,0,0,0,0,0,1,0,0,1,0,0,0,0,1,0,0,0
0,0,0,0,0,100,0,0,0,0,0,0,0,0,0,0,100,0,0,0,0,0,0,0,0,0,0,100,0,0,0,0,0,0,0,0,0,1,0,0,1,0,0,0,0,1,0,0,0
0,0,0,0,0,100,0,0,0,0,0,0,0,0,0,0,100,0,0,0,0,0,0,0,0,0,0,100,0,0,0,0,0,0,0,0,0,1,0,0,1,0,0,0,0,1,0,0,0
0,0,0,0,0,100,0,0,0,0,0,0,0,0,0,0,100,0,0,0,0,0,0,0,0,0,0,100,0,0,0,0,0,0,0,0,0,1,0,0,1,0,0,0,0,1,0,0,0
0,0,0,0,0,100,0,0,0,0,0,0,0,0,0,0,100,0,0,0,0,0,0,0,0,0,0,100,0,0,0,0,0,0,0,0,0,1,0,0,1,0,0,0,0,1,0,0,0
0,0,0,0,0,100,0,0,0,0,0,0,0,0,0,0,100,0,0,0,0,0,0,0,0,0,0,100,0,0,0,0,0,0,0,0,0,1,0,0,1,0,0,0,0,1,0,0,0
0,0,0,0,0,100,0,0,0,0,0,0,0,0,0,0,100,0,0,0,0,0,0,0,0,0,0,100,0,0,0,0,0,0,0,0,0,1,0,0,1,0,0,0,0,1,0,0,0
0,0,0,0,0,100,0,0,0,0,0,0,0,0,0,0,100,0,0,0,0,0,0,0,0,0,0,100,0,0,0,0,0,0,0,0,0,1,0,0,1,0,0,0,0,1,0,0,0
0,0,0,0,0,100,0,0,0,0,0,0,0,0,0,0,100,0,0,0,0,0,0,0,0,0,0,100,0,0,0,0,0,0,0,0,0,1,0,0,1,0,0,0,0,1,0,0,0
0,0,14.964,60.347,0,9.851,0,9.851,4.9877,0,0,0,0,0,11.803,21.778,34.79,0,2.4316,4.9877,16.79,7.4193,7.4193,7.4193,0,0,2.4316,2.4316,4.9877,0,38.569,21.778,14.964,0,0,0,0,1,0,0,1,0,0,0,0,1,0,0,0
0,0,0,0,0,100,0,0,0,0,0,0,0,0,0,5.3897,83.831,5.3897,5.3897,0,0,0,0,0,10.779,0,0,54.091,24.351,0,10.779,0,0,0,0,0,0,1,0,0,1,0,0,0,0,1,0,0,1
0,0,0,0,0,100,0,0,0,0,0,0,0,0,0,0,100,0,0,0,0,0,0,0,0,0,0,87.614,12.386,0,0,0,0,0,0,0,0,1,0,0,1,0,0,0,0,1,0,0,0
0,0,0,0,0,73.611,13.194,13.194,0,0,0,0,0,0,0,0,100,0,0,0,0,0,13.194,0,0,13.194,0,73.611,0,0,0,0,0,0,0,0,0.93103,0.068966,0,0,1,0,0,0,0,1,0,0,0
0,0,0,0,0,61.865,21.564,16.571,0,0,0,0,0,0,0,8.6811,77.279,5.359,8.6811,0,0,0,11.212,5.359,0,21.564,8.6811,53.184,0,0,0,0,0,0,0,0,0,1,0,0,1,0,0,0,0,1,0,0,0
0,0,0,0,0,100,0,0,0,0,0,0,0,0,0,0,81.709,18.291,0,0,0,0,0,0,18.291,0,0,67.436,14.273,0,0,0,0,0,0,0,0,1,0,0,1,0,0,0,0,1,0,0,0
0,0,0,0,0,50,0,50,0,0,0,0,0,0,0,0,100,0,0,0,0,0,50,0,0,0,0,50,0,0,0,0,0,0,0,0,0.93103,0.068966,0,0,1,0,0,0,0,1,0,0,0
0,0,0,0,0,73.478,17.132,9.3908,0,0,0,0,0,0,0,31.218,53.045,0,15.737,0,0,0,9.3908,0,0,17.132,15.737,34.263,23.478,0,0,0,0,0,0,0,0.24706,0.75294,0,0,1,0,0,0,0,1,0,0,0
0,0,0,0,0,72.485,20.069,7.4458,0,0,0,0,0,0,0,14.763,85.237,0,0,0,0,0,7.4458,0,0,20.069,0,65.104,7.3813,0,0,0,0,0,0,0,0,1,0,0,1,0,0,0,0,1,0,0,0
0,0,0,0,0,88.532,11.468,0,0,0,0,0,0,0,0,0,100,0,0,0,0,0,0,0,0,11.468,0,61.468,27.064,0,0,0,0,0,0,0,0,1,0,0,1,0,0,0,0,1,0,0,0
0,0,0,0,0,86.807,13.193,0,0,0,0,0,0,0,0,21.997,56.005,0,21.997,0,0,0,0,0,0,13.193,21.997,37.965,26.845,0,0,0,0,0,0,0,0,1,0,0,1,0,0,0,0,1,0,0,0
0,0,0,0,0,94.34,5.6605,0,0,0,0,0,6.2097,0,0,11.321,82.469,0,0,0,0,0,0,0,0,5.6605,0,38.789,49.341,0,6.2097,0,0,0,0,0,0,1,0,0,1,0,0,0,0,1,0,0,0
0,0,0,0,0,100,0,0,0,0,0,0,0,0,0,23.074,47.251,26.698,2.977,0,0,0,0,0,48.053,0,0,41.19,4.7894,0,5.9675,0,0,0,0,0,0,1,0,0,1,0,0,0,0,1,0,0,1
0,0,0,0,0,100,0,0,0,0,0,0,0,0,0,17.862,44.545,23.743,13.851,0,0,0,0,0,37.594,0,4.0108,27.753,2.9404,0,27.702,0,0,0,0,0,0,1,0,0,1,0,0,0,0,1,0,0,1
0,0,43.549,0,25.82,3.0488,7.0595,3.0488,17.475,0,0,0,0,14.762,0,28.338,24.599,14.762,6.7882,10.751,0,0,0,32.685,0,7.0595,0,3.0488,0,7.7024,6.7882,39.555,3.1613,0,0,0,0.02439,0.97561,0,0,1,0,0,0,0,1,0,0,0
0,0,48.308,0,19.761,0,7.8691,2.5838,21.479,0,0,0,0,9.6527,0,31.704,20.678,14.82,16.193,6.9513,0,0,0,32.915,0,7.8691,0,0,0,4.3675,11.026,30.213,13.609,0.23529,0.058824,0.058824,0.58824,0.058824,0,0,1,0,0,0,0,1,0,0,0
0,0,7.0593,0,0,64.703,7.0593,7.0593,14.119,0,0,0,0,0,0,16.176,32.352,30.294,14.119,7.0593,0,0,0,7.0593,16.176,7.0593,16.176,32.352,0,0,0,14.119,7.0593,0,0,0,0,1,0,0,1,0,0,0,0,1,0,0,0
0,0,0,0,0,0,0,0,0,0,0,0,0,0,0,0,0,0,0,0,0,0,0,0,0,0,0,0,0,0,0,0,0,0,0,0,1,0,0,0,1,0,0,0,0,1,0,0,0
0,0,32.71,0,25.94,0,5.1647,5.1647,31.02,0,0,0,0,2.6246,0,33.151,17.888,12.954,25.593,7.7894,0,0,0,20.25,0,5.1647,0,0,0,2.6246,15.263,41.697,15,0,0,0,0.27273,0.72727,0,0,1,0,0,0,0,1,0,0,0
0,0,22.637,2.6665,17.653,0,11.708,9.3207,36.015,0,0,1.3333,0,3.7203,1.3333,23.645,13.682,19.695,25.937,9.3207,1.3333,0,2.6665,19.033,0,11.708,0,0,0,1.3333,11.295,42.372,11.592,0.78571,0.047619,0.071429,0.02381,0.071429,0,0,1,0,0,0,0,1,0,0,0
2.1486,6.799,24.198,8.9309,6.614,3.099,21.099,10.541,0,16.571,0,14.838,0,6.0757,18.888,2.1486,18.122,6.0757,6.799,4.4654,4.4654,18.122,15.007,23.475,22.773,12.875,2.1486,3.099,0,4.4654,6.614,9.5447,0,0,0,0.018519,0.92593,0.055556,0,0,1,0,0,0,0,1,0,0,0
0,0,27.19,0,25.462,0,11.154,2.1236,34.07,0,0,0,0,11.366,0,32.158,21.762,15.613,14.643,4.4585,0,0,0,24.855,0,11.154,0,0,0,2.335,10.396,49.136,2.1236,0.029412,0,0,0.94118,0.029412,0,0,1,0,0,0,0,1,0,0,0
7.1328,12.326,32.17,5.0944,4.7322,15.103,9.2697,2.6937,0,11.478,0,9.1712,0,7.504,17.237,4.448,21.963,2.6937,9.6409,0,7.7882,19.554,5.0944,20.128,24.463,9.6409,7.1328,9.9999,0,0,12.52,11.021,0,0,0,0,0.040816,0.95918,0,0,1,0,0,0,0,1,0,0,1
0,0,0,0,0,71.767,28.233,0,0,0,0,0,0,0,0,43.534,43.534,0,12.932,0,0,0,0,0,0,28.233,12.932,43.534,15.301,0,0,0,0,0,0,0,0.090909,0.90909,0,0,1,0,0,0,0,1,0,0,0
0,0,0,0,0,100,0,0,0,0,0,0,0,0,0,0,100,0,0,0,0,0,0,0,0,0,0,50,50,0,0,0,0,0,0,0,0,1,0,0,1,0,0,0,0,1,0,0,0
11.78,1.8404,25.593,1.8404,13.365,5.2665,13.475,5.1939,0,21.646,0,23.486,0,3.6081,18.559,9.9392,16.973,5.1939,0,0,5.2665,16.973,3.6081,28.947,3.6081,1.7678,11.78,1.8404,0,0,18.632,29.817,0,0,0,0.089552,0.91045,0,0,0,1,0,0,0,0,1,0,0,0
1.3402,1.3402,34.412,1.3402,4.9202,22.088,4.6543,6.4365,0,23.468,0,2.8565,0,5.5508,34.381,1.0727,20.91,6.4365,1.0727,0,6.2603,21.459,2.8565,36.815,15.99,4.2106,1.3402,12.852,0,0,12.802,13.134,0,0,0.88462,0,0,0.11538,0,0,1,0,0,0,0,1,0,0,1
0,0,0,0,0,0,0,0,0,0,0,0,0,0,0,0,0,0,0,0,0,0,0,0,0,0,0,0,0,0,0,0,0,0,0,0.03125,0.0625,0.90625,0,0,1,0,0,0,0,1,0,0,1
5.459,0,27.819,0,5.459,19.171,16.199,2.2233,0,23.669,0,13.141,0,8.5655,20.753,8.0015,23.005,2.2233,2.5425,0,2.4939,19.274,2.2233,23.701,15.052,8.5655,5.459,9.029,0,0,9.2587,26.712,0,0,0.82353,0,0.058824,0.11765,0,0,1,0,0,0,0,1,0,0,1
2.1799,0,38.717,0,6.7836,24.37,16.026,4.6038,0,7.3199,0,4.3597,0,2.9602,17.308,5.1401,37.435,4.6038,2.9602,0,18.449,6.7836,0,40.361,16.806,2.9602,2.1799,16.806,0,0,11.387,9.4998,0,0,0.21739,0,0,0.78261,0,0,1,0,0,0,0,1,0,0,1
0,0,0,0,0,100,0,0,0,0,0,0,0,0,0,0,100,0,0,0,0,0,0,0,0,0,0,100,0,0,0,0,0,0,0.033333,0,0.066667,0.9,0,0,1,0,0,0,0,1,0,0,1
0,0,0,0,0,100,0,0,0,0,0,0,0,0,0,0,100,0,0,0,0,0,0,0,0,0,0,100,0,0,0,0,0,0,0,0,0,1,0,0,1,0,0,0,0,1,0,0,0
0,0,0,0,0,100,0,0,0,0,0,0,0,0,0,0,92.196,7.8041,0,0,0,0,0,0,0,0,0,100,0,0,0,0,0,0,0,0,0,1,0,0,1,0,0,0,0,1,0,0,0
0,0,0,0,0,100,0,0,0,0,0,0,0,0,0,0,100,0,0,0,0,0,0,0,0,0,0,100,0,0,0,0,0,0,0,0,0,1,0,0,1,0,0,0,0,1,0,0,0
16.474,0,0,16.474,0,67.051,0,0,0,0,0,16.474,12.763,16.474,0,14.38,25.527,14.38,0,0,0,0,16.474,0,0,0,14.38,29.238,27.144,0,12.763,0,0,0,0,0,0,1,0,0,1,0,0,0,0,1,0,0,0
50,0,0,50,0,0,0,0,0,0,0,50,0,50,0,0,0,0,0,0,0,0,50,0,0,0,0,50,0,0,0,0,0,0,0,0,0,1,0,0,1,0,0,0,0,1,0,0,0
0,0,0,9.4108,0,64.151,26.438,0,0,0,0,0,26.438,9.4108,0,9.4108,54.74,0,0,0,0,0,9.4108,26.438,0,0,9.4108,18.857,9.4459,0,26.438,0,0,0,0,0,0,1,0,0,1,0,0,0,0,1,0,0,0
88.526,0,0,3.8247,0,7.6495,0,0,0,0,0,88.526,0,3.8247,0,3.8247,3.8247,0,0,0,0,0,92.351,0,0,0,3.8247,3.8247,0,0,0,0,0,0,0,0,0,1,0,0,1,0,0,0,0,1,0,0,0
0,0,0,0,0,60.866,39.134,0,0,0,0,0,20.289,0,0,0,79.711,0,0,0,0,0,0,39.134,0,0,0,20.289,20.289,0,20.289,0,0,0,0,0,0,1,0,0,1,0,0,0,0,1,0,0,0
0,0,0,0,0,50,50,0,0,0,0,0,50,0,0,0,50,0,0,0,0,0,0,50,0,0,0,0,0,0,50,0,0,0,0,0,0,1,0,0,1,0,0,0,0,1,0,0,0
0,0,0,0,0,100,0,0,0,0,0,0,0,0,0,0,100,0,0,0,0,0,0,0,0,0,0,100,0,0,0,0,0,0,0,0,0,1,0,0,1,0,0,0,0,1,0,0,0
0,0,0,0,0,100,0,0,0,0,0,0,0,0,0,0,100,0,0,0,0,0,0,0,0,0,0,100,0,0,0,0,0,0,0,0,0,1,0,0,1,0,0,0,0,1,0,0,0
0,0,0,0,0,100,0,0,0,0,0,0,0,0,0,0,100,0,0,0,0,0,0,0,0,0,0,100,0,0,0,0,0,0,0,0,0,1,0,0,1,0,0,0,0,1,0,0,0
0,0,0,0,0,100,0,0,0,0,0,0,0,0,0,0,100,0,0,0,0,0,0,0,0,0,0,100,0,0,0,0,0,0,0,0,0,1,0,0,1,0,0,0,0,1,0,0,0
0,0,0,0,0,100,0,0,0,0,0,0,0,0,0,0,100,0,0,0,0,0,0,0,0,0,0,100,0,0,0,0,0,0,0,0,0,1,0,0,1,0,0,0,0,1,0,0,0
0,0,0,0,0,100,0,0,0,0,0,0,0,0,0,0,100,0,0,0,0,0,0,0,0,0,0,100,0,0,0,0,0,0,0,0,0,1,0,0,1,0,0,0,0,1,0,0,0
0,0,0,0,0,100,0,0,0,0,0,0,0,0,0,0,100,0,0,0,0,0,0,0,0,0,0,100,0,0,0,0,0,0,0,0,0,1,0,0,1,0,0,0,0,1,0,0,0
0,0,0,0,0,100,0,0,0,0,0,0,0,0,0,0,100,0,0,0,0,0,0,0,0,0,0,100,0,0,0,0,0,0,0,0,0,1,0,0,1,0,0,0,0,1,0,0,0
0,0,0,0,0,78.46,7.7001,0,13.84,0,0,0,0,0,0,0,78.46,7.7001,0,0,13.84,0,0,13.84,0,7.7001,21.54,56.92,0,0,0,0,0,0,0,0,0,1,0,0,1,0,0,0,0,1,0,0,0
0,0,2.3275,2.3275,3.1864,78.948,8.5554,2.3275,2.3275,0,0,2.3275,0,0,4.2705,12.112,58.296,8.5554,0,0,7.8413,6.5979,4.2705,8.9254,2.3275,8.5554,12.826,47.413,3.1864,0,7.8413,2.3275,2.3275,0,0,0,0,1,0,0,1,0,0,0,0,1,0,0,0
0,0,0,0,9.6672,70.956,14.591,0,4.7861,0,0,0,0,0,14.591,9.7575,56.184,4.9239,0,0,9.6197,4.9239,4.9239,9.7101,0,14.591,14.634,36.806,0,4.8336,9.6672,4.8336,0,0,0,0,0,1,0,0,1,0,0,0,0,1,0,0,0
0,0,4.1116,5.5096,6.6989,57.57,10.82,7.1853,8.1041,0,0,5.6485,0,0,6.6989,13.947,46.412,6.9173,0,0,14.866,5.5096,1.3979,13.753,5.6485,9.4224,8.1139,24.831,2.7959,6.8443,14.922,8.1601,4.1116,0,0,0,0,1,0,0,1,0,0,0,0,1,0,0,0
0,0,0,13.252,0,61.133,4.5617,21.054,0,0,0,11.93,4.5617,0,0,9.1234,61.133,4.1285,0,0,4.5617,4.5617,4.1285,4.5617,0,11.93,0,48.314,0,4.1285,8.6902,18.247,0,0,0,0,0.017544,0.98246,0,0,1,0,0,0,0,1,0,0,0
0,0,1.5747,3.1033,10.394,72.086,9.692,1.5747,1.5747,0,0,1.5747,0,0,4.7598,15.246,48.849,20.086,0,0,3.1494,6.3345,4.7598,6.3806,1.5747,8.1634,11.395,24.131,20.789,4.5858,6.8477,9.7992,1.5747,0,0,0,0,1,0,0,1,0,0,0,0,1,0,0,1
0,7.6259,5.0271,0,20.279,31.708,5.0271,0,10.054,5.0271,15.252,5.0271,17.68,7.6259,0,17.68,31.708,0,0,15.252,5.0271,0,0,5.0271,22.707,0,0,31.708,15.252,12.653,7.6259,5.0271,0,0,0,0,0.0095238,0.99048,0,0,1,0,0,0,0,1,0,0,0
0,2.8675,15.911,0,11.482,22.143,11.482,0,23.017,3.9842,9.1118,3.9842,10.836,4.6827,0,23.017,19.276,10.366,0,23.854,3.9842,0,0,18.779,22.318,0,5.7351,13.541,11.979,3.9842,7.4982,16.165,0,0.12903,0,0,0.16129,0.70968,0,0,1,0,0,0,0,1,0,0,0
0,6.8146,2.071,0,2.071,51.038,11.554,13.423,10.957,2.071,0,2.071,17.169,2.9415,0,14.228,21.976,22.85,0,8.347,7.1471,3.2709,2.9415,20.174,21.375,0,25.247,5.0761,17.774,5.3419,0,2.071,0,0,0,0,0,1,0,0,1,0,0,0,0,1,0,0,0
0,2.932,4.0135,0,9.8774,41.592,10.884,5.9268,8.027,10.884,5.8639,14.914,10.959,2.932,0,10.959,20.734,16.827,0,8.8274,6.9769,6.8702,0,11.007,24.806,0,9.8336,9.8336,23.758,13.816,2.932,4.0135,0,0,0,0,0,1,0,0,1,0,0,0,0,1,0,0,0
0,0,0,0,0,48.441,26.028,23.734,0,1.7966,0,1.7966,9.3326,5.5664,0,14.899,22.91,10.632,0,13.75,9.9841,11.129,5.5664,19.317,15.547,0,36.012,6.2143,6.2143,11.129,0,0,0,0,0,0,0.041667,0.95833,0,0,1,0,0,0,0,1,0,0,0
0,2.5476,0,0,0,56.889,24.995,8.621,2.5476,4.3994,0,4.3994,14.522,9.1839,0,11.169,22.515,19.485,0,5.7059,2.9151,10.105,9.1839,17.437,12.653,0,26.737,4.3994,19.485,10.105,0,0,0,0,0,0,0,1,0,0,1,0,0,0,0,1,0,0,0
0,4.1383,0,0,15.33,49.958,0,26.436,4.1383,0,0,15.33,4.1383,0,0,4.1383,19.383,41.681,0,0,0,15.33,0,45.904,4.1383,0,8.2766,11.107,15.245,0,15.33,0,0,0,0,0,0,1,0,0,1,0,0,0,0,1,0,0,0
0,5.7039,12.428,0,17.967,39.375,6.5591,0,6.5591,0,11.408,0,5.7039,5.7039,5.8693,12.263,33.933,12.001,0,24.526,0,0,0,12.428,12.263,0,0,39.375,11.408,5.7039,12.263,6.5591,0,0,0,0,0,1,0,0,1,0,0,0,0,1,0,0,0
0,0,16.353,0,0,83.647,0,0,0,0,0,0,0,0,9.1319,0,72.118,11.529,0,0,0,7.2211,0,16.353,0,0,11.529,72.118,0,0,0,0,0,0,0,0,0,1,0,0,1,0,0,0,0,1,0,0,0
0,0,29.716,0,0,64.055,0,0,0,0,6.2293,0,0,0,5.8777,5.8777,58.177,0,0,18.336,0,11.731,5.8777,23.838,0,0,5.8777,58.177,6.2293,0,0,0,0,0,0,0,0,1,0,0,1,0,0,0,0,1,0,0,0
0,6.5534,21.983,0,0,71.463,0,0,0,0,0,0,6.5534,0,11.235,5.3743,66.089,0,0,5.3743,0,5.3743,11.928,16.609,0,0,5.3743,66.089,0,0,0,0,0,0,0,0,0,1,0,0,1,0,0,0,0,1,0,0,0
5.3673,3.9628,0,21.693,5.8655,51.878,0,5.8655,0,5.3673,0,21.195,9.3302,5.3673,5.8655,0,35.776,0,5.3673,11.233,5.8655,0,25.656,0,0,5.3673,10.735,35.776,5.3673,5.8655,5.8655,5.3673,0,0.02521,0,0.02521,0.016807,0.93277,0,0,1,0,0,0,0,1,0,0,0
3.1113,0,14.225,10.89,0,38.184,0,14.879,4.3521,3.7656,10.593,8.4078,11.229,4.3521,3.7656,2.1853,40.333,0,11.132,13.299,0,5.2966,9.0621,28.45,8.9467,3.1113,13.299,13.754,2.1853,2.1853,0,14.655,4.3521,0,0,0.16,0.04,0.8,0,0,1,0,0,0,0,1,0,0,1
2.7633,5.3258,8.0836,5.3258,0,51.414,0,3.173,0,13.062,10.852,5.5266,11.262,9.8894,3.173,5.3258,51.414,0,0,0,0,13.409,21.152,16.173,0,2.7633,5.3258,46.088,0,0,0,3.173,5.3258,0,0,0,0,1,0,0,1,0,0,0,0,1,0,0,0
3.1875,5.6062,3.4143,14.146,0,46.916,0,3.4143,3.4143,8.3923,11.509,7.3791,12.208,11.807,0,7.3172,31.608,0,11.571,10.793,0,7.3172,15.003,9.9542,4.1916,3.1875,17.107,18.239,7.3791,4.1916,0,14.208,6.5399,0,0,0,0,1,0,0,1,0,0,0,0,1,0,0,0
0,0,0,0,8.2222,83.556,0,8.2222,0,0,0,19.498,0,0,0,0,52.782,19.498,0,0,0,8.2222,0,27.72,0,0,0,41.506,22.552,0,8.2222,0,0,0,0,0,0,1,0,0,1,0,0,0,0,1,0,0,0
11.099,0,0,0,0,59.267,0,18.534,11.099,0,0,0,0,0,22.199,0,40.733,37.068,0,0,0,0,0,18.534,0,11.099,0,40.733,18.534,0,11.099,0,0,0,0,0,0,1,0,0,1,0,0,0,0,1,0,0,0
18.604,6.7512,16.79,0,0,41.498,9.6064,0,6.7512,0,0,0,0,9.6064,22.5,0,38.643,2.8551,16.79,2.8551,6.7512,0,16.79,19.645,0,5.7103,9.6064,31.459,0,0,16.79,0,0,0,0,0,0,1,0,0,1,0,0,0,0,1,0,0,0
10.289,16.379,2.4981,3.6655,0,54.84,0,0,0,3.6655,8.6618,4.9963,11.086,11.457,0,3.6655,54.84,0,4.6754,0,0,9.2796,14.751,8.6618,7.7913,10.289,3.6655,48.059,0,0,3.1159,0,3.6655,0,0,0,0,1,0,0,1,0,0,0,0,1,0,0,0
30.647,20.953,0,0,0,45.291,0,0,0,3.1091,0,0,16.227,16.15,0,5.72,39.571,0,3.4081,3.4081,0,15.516,3.1091,12.819,17.545,21.236,0,40.282,0,0,5.0089,0,0,0,0,0,0,1,0,0,1,0,0,0,0,1,0,0,0
25.273,33.429,0,0,0,41.298,0,0,0,0,0,0,13.986,7.1453,0,1.6878,31.391,0,1.6878,9.9076,18.83,15.365,0,9.9076,31.741,17.053,0,31.061,0,0,10.238,0,0,0,0,0,0,1,0,0,1,0,0,0,0,1,0,0,0
27.863,25.219,0,0,0,45.042,0,0,0,1.875,0,0,16.75,10.024,0,3.6164,39.783,0,8.149,5.2589,11.16,5.2589,1.875,11.665,21.603,19.814,0,35.699,0,0,9.3427,0,0,0,0,0,0,1,0,0,1,0,0,0,0,1,0,0,0
38.866,28.874,0,0,0,32.26,0,0,0,0,0,0,19.16,36.575,0,16.868,15.392,0,7.4223,2.2917,0,2.2917,0,16.868,26.582,24.29,0,32.26,0,0,0,0,0,0,0,0,0,1,0,0,1,0,0,0,0,1,0,0,0
0,0,0,0,0,0,0,0,0,0,0,0,0,0,0,0,0,0,0,0,0,0,0,0,0,0,0,0,0,0,0,0,0,0,0,0,0.2,0.8,0,0,1,0,0,0,0,1,0,0,0
17.638,16.637,14.211,0,0,14.842,18.298,0,18.375,0,0,0,1.2132,18.298,30.713,0,10.755,5.3,14.211,4.0867,15.424,0,14.211,19.511,1.2132,13.551,18.298,13.628,0,0,19.588,0,0,0,0,0,0.066667,0.93333,0,0,1,0,0,0,0,1,0,0,0
31.199,10.217,7.856,0,0,34.188,11.978,0,4.5617,0,0,0,2.8277,11.978,22.689,0,23.943,7.4166,7.856,10.244,10.217,2.8277,7.856,18.1,5.6553,17.661,11.978,30.893,0,0,7.856,0,0,0,0,0,0,1,0,0,1,0,0,0,0,1,0,0,0
0,0,0,0,29.516,70.484,0,0,0,0,0,0,0,0,0,0,40.968,29.516,0,0,0,29.516,0,0,0,0,0,40.968,29.516,29.516,0,0,0,0,0,0,0,1,0,0,1,0,0,0,0,1,0,0,0
0,0,0,0,50,50,0,0,0,0,0,0,0,0,0,0,0,50,0,0,0,50,0,0,0,0,0,0,50,50,0,0,0,0,0,0,0.11538,0.88462,0,0,1,0,0,0,0,1,0,0,0
0,0,0,0,31.624,68.376,0,0,0,0,0,0,0,0,0,0,34.188,34.188,0,0,0,31.624,0,0,0,0,0,34.188,34.188,31.624,0,0,0,0,0,0,0.16667,0.83333,0,0,1,0,0,0,0,1,0,0,0
0,0,0,0,0,100,0,0,0,0,0,0,0,0,0,0,100,0,0,0,0,0,0,0,0,0,0,100,0,0,0,0,0,0,0,0,0,1,0,0,1,0,0,0,0,1,0,0,0
0,0,0,0,0,100,0,0,0,0,0,0,0,0,0,0,86.078,13.922,0,0,0,0,0,0,0,0,0,86.078,13.922,0,0,0,0,0,0,0,0,1,0,0,1,0,0,0,0,1,0,0,0
0,0,7.0734,11.772,9.1053,51.825,6.0951,9.5526,4.5766,0,0,6.2353,1.6586,0,4.4365,24.236,31.651,9.2259,0,0,14.733,7.8232,2.9691,12.4,4.5766,6.0951,3.1758,16.954,7.52,5.3023,16.395,17.539,7.0734,0,0,0,0,1,0,0,1,0,0,0,0,1,0,0,1
0,0,0.90366,13.421,8.8248,64.366,3.9739,7.6072,0.90366,0,0,3.1382,2.2345,0,1.7394,13.362,53.734,16.873,0,0,4.0418,4.8776,8.0481,4.0418,0.90366,2.2345,0,23.935,17.65,11.527,16.322,14.434,0.90366,0,0,0,0,1,0,0,1,0,0,0,0,1,0,0,1
0,0,2.79,4.4298,21.859,60.78,10.141,0,0,0,0,0,0,0,10.141,18.758,47.423,14.997,0,0,7.0407,1.6398,1.6398,0,0,8.5014,0,26.225,21.135,11.96,19.069,8.6805,2.79,0,0,0,0,1,0,0,1,0,0,0,0,1,0,0,1
0,0,4.838,8.1066,19.57,63.189,4.2973,0,0,0,0,0,0,0,4.2973,21.72,46.839,19.618,0,0,6.4479,1.0775,3.2686,0,0,3.2198,0,29.33,23.024,11.871,6.4884,17.96,4.838,0,0,0,0,1,0,0,1,0,0,0,0,1,0,0,1
0,0,7.3457,15.486,10.698,48.503,4.6302,13.338,0,0,0,3.5098,6.3184,0,1.1204,23.943,37.805,11.818,0,0,10.855,4.6302,3.929,3.5098,0,3.5098,0,32.118,6.7048,10.707,6.8622,25.314,7.3457,0,0,0,0,1,0,0,1,0,0,0,0,1,0,0,0
0,7.7728,12.19,0,13.264,20.626,7.4399,0,19.081,2.0067,17.621,8.7631,7.7728,6.9489,0,16.24,14.762,18.054,0,18.697,6.7563,2.0067,0,9.2906,21.969,0,9.7216,5.0403,16.728,12.678,9.3485,15.223,0,0.03,0,0.05,0.04,0.88,0,0,1,0,0,0,0,1,0,0,1
0,0,0,0,0,61.901,21.958,16.141,0,0,0,0,5.8171,10.324,0,16.141,45.759,0,0,5.8171,10.324,5.8171,10.324,16.141,5.8171,0,32.282,29.618,0,5.8171,0,0,0,0,0,0,0.77778,0.22222,0,0,1,0,0,0,0,1,0,0,0
0,10.073,16.761,0,16.761,5.0363,16.761,0,23.166,6.4056,5.0363,11.442,12.811,0,0,23.166,5.0363,10.355,0,30.783,6.4056,0,0,21.797,34.608,0,5.0363,0,0,11.442,10.355,16.761,0,0,0,0,0.010526,0.98947,0,0,1,0,0,0,0,1,0,0,1
0,0,0,0,0,83.276,16.724,0,0,0,0,0,0,0,0,33.448,66.552,0,0,0,0,0,0,0,0,0,33.448,66.552,0,0,0,0,0,0,0,0,0.94643,0.053571,0,0,1,0,0,0,0,1,0,0,1
0,0,0,0,0,100,0,0,0,0,0,0,0,0,0,0,100,0,0,0,0,0,0,0,0,0,0,100,0,0,0,0,0,0,0,0,1,0,0,0,1,0,0,0,0,1,0,0,0
0,0,0,0,0,52.145,33.255,14.6,0,0,0,0,15.684,4.14,0,23.597,19.098,11.336,0,13.072,1.5279,11.544,4.14,17.212,13.072,0,36.669,7.554,9.808,11.544,0,0,0,0,0,0,0.35294,0.64706,0,0,1,0,0,0,0,1,0,0,0
0,0,0,0,0,60.212,21.938,16.454,0,1.395,0,1.395,6.5168,17.355,0,17.214,19.624,20.044,0,2.8079,13.647,1.395,17.355,20.163,4.2029,0,32.256,7.3907,17.237,1.395,0,0,0,0,0,0,0.073171,0.92683,0,0,1,0,0,0,0,1,0,0,0
0,17.484,0,0,17.484,59.553,0,5.4788,0,0,0,10.37,0,0,0,0,50.818,21.328,0,0,0,17.484,0,33.333,0,0,0,5.4788,43.704,0,17.484,0,0,0,0,0,0.035088,0.96491,0,0,1,0,0,0,0,1,0,0,1
0,6.0285,17.476,0,16.502,8.1897,4.4451,0,17.826,4.4451,25.088,13.381,14.919,6.0285,0,14.919,8.1897,8.9359,0,20.247,13.381,0,0,8.5399,28.3,0,0,8.1897,16.152,19.409,6.0285,13.381,0,0.79221,0,0.012987,0.012987,0.18182,0,0,1,0,0,0,0,1,0,0,1
0,13.225,46.114,0,6.0572,24.528,0,0,5.0375,0,5.0375,5.0375,0,0,11.303,18.471,19.283,5.0375,0,18.471,5.0375,17.36,18.471,28.663,12.206,0,11.303,0,13.225,5.0375,6.0572,5.0375,0,0.16667,0,0.033333,0.13333,0.66667,0,0,1,0,0,0,0,1,0,0,1
0,30.67,15.872,0,0,42.26,0,0,0,0,11.197,11.197,0,0,3.97,8.2767,42.26,0,0,30.67,0,3.6256,8.2767,18.792,19.474,0,11.197,22.787,8.2767,11.197,0,0,0,0,0,0.057143,0.028571,0.91429,0,0,1,0,0,0,0,1,0,0,0
6.0011,6.0011,18.535,13.838,8.3561,34.472,0,6.3982,0,6.3982,0,13.838,6.3982,10.179,6.3982,4.178,38.65,4.178,0,4.178,6.0011,6.0011,20.236,8.3561,6.0011,0,6.0011,34.472,0,4.178,6.0011,14.754,0,0.25,0,0.125,0.625,0,0,0,1,0,0,0,0,1,0,0,1
4.6309,1.3939,11.308,7.4011,0,39.151,0,3.9254,5.3743,4.0166,22.799,12.646,6.0248,4.0166,0,7.4011,24.01,0,18.562,12.555,0,14.784,10.803,18.636,9.9326,4.6309,16.572,4.0165,8.6298,11.382,0,14.004,1.3939,0,0,0.017241,0.060345,0.92241,0,0,1,0,0,0,0,1,0,0,1
5.5351,5.5351,34.676,5.5351,0,15.601,14.042,7.021,0,12.054,0,12.556,0,17.589,17.087,5.0331,17.589,7.021,5.0331,0,5.5351,12.556,12.556,31.129,17.589,12.054,5.5351,10.568,0,0,5.5351,5.0331,0,0,0,0.012821,0.10256,0.88462,0,0,1,0,0,0,0,1,0,0,1
2.8009,4.2843,4.9246,10.141,0,53.479,0,2.1237,2.1237,2.7339,17.389,11.495,9.2089,4.8576,0,5.8935,40.046,0,11.787,8.0172,0,8.6945,15.713,9.8493,5.8935,2.8009,8.0172,33.675,5.8935,5.8935,0,10.141,2.1237,0,0,0.1875,0.15625,0.65625,0,0,1,0,0,0,0,1,0,0,1
4.1312,4.2251,14.095,17.348,0,23.755,0,8.1953,9.7685,5.6634,12.818,6.8241,14.918,12.225,0,4.2251,38.977,0,3.0724,9.6337,0,10.125,11.143,29.209,1.6341,4.1312,15.297,5.3857,1.4383,3.2073,0,17.768,10.786,0,0,0.060606,0.12121,0.81818,0,0,1,0,0,0,0,1,0,0,1
0,19.404,10.478,0,16.904,31.846,0,16.904,0,0,4.463,21.367,0,0,0,10.478,14.941,16.904,0,19.404,0,16.904,10.478,38.272,14.941,0,4.463,0,10.478,4.463,16.904,0,0,0.015152,0,0.015152,0,0.9697,0,0,1,0,0,0,0,1,0,0,1
0,27.261,23.927,0,13.575,28.394,0,0,0,0,6.8428,6.8428,0,0,7.9757,7.9757,33.994,0,0,21.661,0,21.551,7.9757,36.37,6.8428,0,14.818,0,13.575,6.8428,13.575,0,0,0,0,0,0.032258,0.96774,0,0,1,0,0,0,0,1,0,0,0
12.339,22.218,17.768,0,0,20.459,12.903,0,14.313,0,0,0,4.6578,12.903,20.588,0,19.053,3.2516,17.768,1.4062,18.967,1.4062,17.768,22.426,6.0639,6.0677,12.903,12.343,0,0,22.429,0,0,0,0,0,0.36,0.64,0,0,1,0,0,0,0,1,0,0,0
24.692,21.214,0,0,0,54.094,0,0,0,0,0,0,10.689,15.092,0,1.8856,52.208,0,3.9339,2.7744,5.1437,8.2729,0,10.847,18.44,16.62,0,41.72,0,0,12.373,0,0,0,0,0,0.83333,0.16667,0,0,1,0,0,0,0,1,0,0,0
35.934,12.38,0,0,0,48.692,2.9942,0,0,0,0,0,16.439,4.9011,5.9883,0,45.698,5.6339,0,2.9942,16.439,1.9069,0,16.836,9.7398,21.737,2.9942,27.75,0,0,20.942,0,0,0,0,0,0.89362,0.10638,0,0,1,0,0,0,0,1,0,0,0
25.398,30.154,0,0,0,44.448,0,0,0,0,0,0,14.836,9.3117,0,3.3277,37.492,0,3.3277,10.558,11.809,9.3378,0,15.11,23.224,17.217,0,37.515,0,0,6.9337,0,0,0,0,0,0,1,0,0,1,0,0,0,0,1,0,0,0
0,43.206,0,0,0,56.794,0,0,0,0,0,0,21.603,0,0,0,56.794,0,0,0,0,21.603,0,0,21.603,21.603,0,56.794,0,0,0,0,0,0,0,0,0.75385,0.24615,0,0,1,0,0,0,0,1,0,0,0
0,5.8329,28.473,0,0,65.695,0,0,0,0,0,0,2.9164,0,0,0,65.695,28.473,0,0,0,2.9164,0,28.473,2.9164,2.9164,0,65.695,0,0,0,0,0,0,0,0,0.80645,0.19355,0,0,1,0,0,0,0,1,0,0,0
0,42.402,11.883,0,0,45.715,0,0,0,0,0,0,18.111,0,0,0,45.715,11.883,0,0,0,24.291,0,11.883,18.111,24.291,0,45.715,0,0,0,0,0,0,0,0,0,1,0,0,1,0,0,0,0,1,0,0,0
5.7579,0,13.961,13.209,0,29.164,0,5.5473,13.961,5.7579,12.642,7.8722,11.305,11.305,0,2.1143,33.469,0,9.9864,13.419,0,10.528,2.1143,19.508,2.1143,5.7579,19.177,0,7.8722,10.528,0,27.38,5.5473,0,0,0.63265,0.10204,0.26531,0,0,1,0,0,0,0,1,0,0,1
1.699,6.1079,34.101,0,5.3285,16.845,23.213,6.4685,0,6.237,0,6.237,0,6.3267,11.797,1.699,30.244,6.4685,6.1079,0,9.8698,21.251,2.839,30.974,24.783,12.435,1.699,6.2403,0,0,12.446,8.5846,0,0,0,0,0.076923,0.92308,0,0,1,0,0,0,0,1,0,0,1
0,0,36.85,0,2.8698,39.23,13.15,2.8698,0,5.0303,0,0,0,18.18,15.8,5.0303,21.05,2.8698,5.0303,0,2.8698,29.169,0,21.54,18.18,18.18,0,5.0303,0,0,18.889,18.18,0,0,0,0,0,1,0,0,1,0,0,0,0,1,0,0,1
0,0,15.375,18.574,0,35.412,0,15.375,7.2942,0,7.9708,3.9854,7.2942,7.2942,0,3.9854,38.044,0,16.051,19.36,0,3.9854,3.9854,30.75,12.066,0,19.36,0,3.9854,3.9854,0,18.574,7.2942,0,0,0.14286,0.038961,0.81818,0,0,1,0,0,0,0,1,0,0,1
0,0,20.38,0,0,79.62,0,0,0,0,0,0,11.454,0,0,8.926,70.694,0,0,0,8.926,0,0,11.454,8.926,0,0,61.768,17.852,0,0,0,0,0,0,0,0,1,0,0,1,0,0,0,0,1,0,0,0
0,0,0,0,0,100,0,0,0,0,0,0,0,0,0,0,91.156,8.844,0,0,0,0,0,0,0,0,0,100,0,0,0,0,0,0,0,0,0,1,0,0,1,0,0,0,0,1,0,0,0
0,0,35.285,0,0,64.715,0,0,0,0,0,0,14.385,0,0,6.5149,58.201,0,0,0,20.9,0,0,14.385,20.9,0,0,43.595,21.12,0,0,0,0,0,0,0,0.28302,0.71698,0,0,1,0,0,0,0,1,0,0,0
0,0,0,0,0,100,0,0,0,0,0,0,0,0,0,0,100,0,0,0,0,0,0,0,0,0,0,100,0,0,0,0,0,0,0,0,0.32692,0.67308,0,0,1,0,0,0,0,1,0,0,0
0,43.918,0,0,0,56.082,0,0,0,0,0,12.164,15.877,0,0,0,43.918,0,0,0,12.164,15.877,0,12.164,15.877,28.041,0,43.918,0,0,0,0,0,0,0,0,0.71698,0.28302,0,0,1,0,0,0,0,1,0,0,0
0,14.68,0,0,0,85.32,0,0,0,0,0,33.333,0,0,0,18.653,14.68,18.653,0,0,14.68,0,0,14.68,0,14.68,0,51.987,0,0,0,18.653,0,0,0,0,0.44697,0.55303,0,0,1,0,0,0,0,1,0,0,0
0,0,0,0,0,100,0,0,0,0,0,8.4518,0,0,0,8.4518,74.645,8.4518,0,0,0,0,0,0,0,0,0,91.548,0,0,0,8.4518,0,0,0,0,0,1,0,0,1,0,0,0,0,1,0,0,0
0,0,0,0,0,100,0,0,0,0,0,0,0,0,0,7.3452,85.475,7.1795,0,0,0,0,0,0,0,0,0,100,0,0,0,0,0,0,0,0,0,1,0,0,1,0,0,0,0,1,0,0,0
0,0,0,0,0,100,0,0,0,0,0,46.107,0,0,0,8.3817,38.325,7.1871,0,0,0,0,0,0,0,23.053,0,53.893,0,0,0,23.053,0,0,0,0,0.029412,0.97059,0,0,1,0,0,0,0,1,0,0,0
0,0,0,0,0,100,0,0,0,0,0,11.855,0,0,0,11.855,64.436,11.855,0,0,0,0,0,0,0,0,0,88.145,0,0,0,11.855,0,0,0,0,0,1,0,0,1,0,0,0,0,1,0,0,0
48.034,17.687,0,0,0,34.279,0,0,0,0,0,0,24.517,8.3437,0,1.709,32.57,0,4.1276,5.9251,0,22.808,0,27.024,11.762,26.935,0,34.279,0,0,0,0,0,0,0,0,0.6087,0.3913,0,0,1,0,0,0,0,1,0,0,0
0,0,36.836,0,0,48.249,0,0,14.915,0,0,0,18.418,0,0,0,63.164,0,0,0,18.418,0,0,18.418,18.418,0,0,48.249,0,0,0,0,14.915,0,0,0,0,1,0,0,1,0,0,0,0,1,0,0,0
26.993,38.919,0,0,0,34.088,0,0,0,0,0,0,23.687,21.951,0,13.497,20.591,0,5.0423,5.0423,5.1477,5.0423,0,13.497,33.877,18.539,0,23.792,0,0,10.295,0,0,0,0,0,0,1,0,0,1,0,0,0,0,1,0,0,0
0,0,0,0,0,79.78,0,0,20.22,0,0,0,0,0,0,10.67,69.111,10.67,9.55,0,0,0,0,0,0,0,0,58.441,21.339,0,0,0,20.22,0,0,0,0,1,0,0,1,0,0,0,0,1,0,0,0
0,0,28.58,0,0,67.931,0,0,3.4895,0,0,0,17.507,0,0,7.4133,56.594,7.4133,0,0,11.072,0,0,17.507,11.072,0,0,47.163,20.768,0,0,0,3.4895,0,0,0,0.25,0.75,0,0,1,0,0,0,0,1,0,0,0
0,0,17.112,0,0,82.888,0,0,0,0,0,0,9.8148,0,0,15.815,58.556,8.5171,0,0,7.2975,0,0,9.8148,7.2975,0,0,51.259,31.629,0,0,0,0,0,0,0,0.33803,0.66197,0,0,1,0,0,0,0,1,0,0,0
0,0,3.5564,0,0,88.44,0,0,8.0039,0,0,0,0,0,0,20.219,59.561,16.663,0,0,3.5564,0,0,0,3.5564,0,0,48.001,40.439,0,0,0,8.0039,0,0,0,0.2069,0.7931,0,0,1,0,0,0,0,1,0,0,0
0,0,4.3742,0,0,86.637,0,0,8.9885,0,0,0,0,0,0,19.69,60.619,15.316,0,0,4.3742,0,0,0,4.3742,0,0,39.526,47.112,0,0,0,8.9885,0,0,0,0.21875,0.78125,0,0,1,0,0,0,0,1,0,0,0
0,66.645,0,0,0,33.355,0,0,0,0,0,5.1936,30.726,0,0,0,28.161,0,0,0,25.546,10.373,0,25.546,30.726,15.567,0,28.161,0,0,0,0,0,0,0,0,0,1,0,0,1,0,0,0,0,1,0,0,0
0,48.806,0,0,0,51.194,0,0,0,0,0,39,24.403,0,0,0,12.194,0,0,0,18.306,6.0972,0,18.306,24.403,25.597,0,12.194,0,0,0,19.5,0,0,0,0,0,1,0,0,1,0,0,0,0,1,0,0,0
0,23.557,0,0,0,76.443,0,0,0,0,0,0,11.779,0,0,0,76.443,0,0,0,0,11.779,0,0,11.779,11.779,0,76.443,0,0,0,0,0,0,0,0,0,1,0,0,1,0,0,0,0,1,0,0,0
0,0,0,0,0,100,0,0,0,0,0,0,0,0,0,0,100,0,0,0,0,0,0,0,0,0,0,100,0,0,0,0,0,0,0,0,0,1,0,0,1,0,0,0,0,1,0,0,0
0,0,0,0,0,100,0,0,0,0,0,0,0,0,0,0,100,0,0,0,0,0,0,0,0,0,0,100,0,0,0,0,0,0,0,0,0,1,0,0,1,0,0,0,0,1,0,0,0
0,0,0,0,0,100,0,0,0,0,0,0,0,0,0,7.4886,92.511,0,0,0,0,0,0,0,0,0,0,100,0,0,0,0,0,0,0,0,0,1,0,0,1,0,0,0,0,1,0,0,0
0,0,0,0,0,100,0,0,0,0,0,0,0,0,0,0,100,0,0,0,0,0,0,0,0,0,0,100,0,0,0,0,0,0,0,0,0,1,0,0,1,0,0,0,0,1,0,0,0
0,0,0,0,0,100,0,0,0,0,0,0,0,0,0,0,100,0,0,0,0,0,0,0,0,0,0,100,0,0,0,0,0,0,0,0,0,1,0,0,1,0,0,0,0,1,0,0,0
0,0,0,0,0,100,0,0,0,0,0,0,0,0,0,0,100,0,0,0,0,0,0,0,0,0,0,100,0,0,0,0,0,0,0,0,0,1,0,0,1,0,0,0,0,1,0,0,0
0,0,0,0,0,100,0,0,0,0,0,0,0,0,0,0,100,0,0,0,0,0,0,0,0,0,0,100,0,0,0,0,0,0,0,0,0,1,0,0,1,0,0,0,0,1,0,0,0
0,0,0,0,0,100,0,0,0,0,0,0,0,0,0,0,100,0,0,0,0,0,0,0,0,0,0,100,0,0,0,0,0,0,0,0,0,1,0,0,1,0,0,0,0,1,0,0,0
0,0,0,0,0,100,0,0,0,0,0,0,0,0,0,0,100,0,0,0,0,0,0,0,0,0,0,100,0,0,0,0,0,0,0,0,0,1,0,0,1,0,0,0,0,1,0,0,0
0,0,0,0,0,100,0,0,0,0,0,0,0,0,0,0,100,0,0,0,0,0,0,0,0,0,0,100,0,0,0,0,0,0,0,0,0,1,0,0,1,0,0,0,0,1,0,0,0
0,0,0,0,0,100,0,0,0,0,0,0,0,0,0,0,100,0,0,0,0,0,0,0,0,0,0,100,0,0,0,0,0,0,0,0,0,1,0,0,1,0,0,0,0,1,0,0,0
0,0,0,0,0,100,0,0,0,0,0,0,0,0,0,0,100,0,0,0,0,0,0,0,0,0,0,100,0,0,0,0,0,0,0,0,0,1,0,0,1,0,0,0,0,1,0,0,0
0,0,0,0,0,100,0,0,0,0,0,0,0,0,0,0,100,0,0,0,0,0,0,0,0,0,0,100,0,0,0,0,0,0,0,0,0,1,0,0,1,0,0,0,0,1,0,0,0
39.197,2.572,10.878,0,0,36.912,8.2966,0,2.1438,0,0,0,1.286,8.2966,31.759,0,28.616,9.5825,10.878,8.2966,1.286,0,10.878,20.461,1.286,20.023,8.2966,24.748,0,0,14.308,0,0,0,0,0,0.96,0.04,0,0,1,0,0,0,0,1,0,0,0
0,8.2388,0,0,0,91.761,0,0,0,0,0,0,4.1194,0,0,0,91.761,0,0,0,4.1194,0,0,0,8.2388,0,0,83.522,0,0,8.2388,0,0,0,0,0,0,1,0,0,1,0,0,0,0,1,0,0,0
6.8488,13.698,0,0,0,79.453,0,0,0,0,0,0,6.8488,0,0,0,79.453,6.8488,0,0,6.8488,0,0,6.8488,6.8488,6.8488,0,72.605,0,0,6.8488,0,0,0,0,0,0,1,0,0,1,0,0,0,0,1,0,0,0
0,0,0,0,0,100,0,0,0,0,0,0,0,0,0,0,100,0,0,0,0,0,0,0,0,0,0,100,0,0,0,0,0,0,0,0,0,1,0,0,1,0,0,0,0,1,0,0,0
0,40.091,33.719,0,0,26.19,0,0,0,0,0,0,3.1861,0,0,0,26.19,33.719,0,0,0,36.905,0,33.719,3.1861,36.905,0,26.19,0,0,0,0,0,0,0,0,0,1,0,0,1,0,0,0,0,1,0,0,0
0,13.281,10.495,0,0,76.224,0,0,0,0,0,0,6.6406,0,0,0,76.224,10.495,0,0,0,6.6406,0,10.495,6.6406,6.6406,0,76.224,0,0,0,0,0,0,0,0,0,1,0,0,1,0,0,0,0,1,0,0,0
0,0,0,0,0,100,0,0,0,0,0,0,0,0,0,0,100,0,0,0,0,0,0,0,0,0,0,100,0,0,0,0,0,0,0,0,0,1,0,0,1,0,0,0,0,1,0,0,0
0,0,0,0,0,66.667,0,0,33.333,0,0,0,0,0,0,0,63.842,12.365,23.792,0,0,0,0,0,0,0,0,54.301,12.365,0,0,0,33.333,0,0,0,0,1,0,0,1,0,0,0,0,1,0,0,0
0,0,0,0,0,100,0,0,0,0,0,0,0,0,0,0,100,0,0,0,0,0,0,0,0,0,0,100,0,0,0,0,0,0,0,0,0,1,0,0,1,0,0,0,0,1,0,0,0
0,0,0,0,0,54.505,0,0,21.906,23.588,0,23.588,0,0,0,0,43.078,11.427,21.906,0,0,0,0,0,0,0,0,43.078,11.427,0,23.588,0,21.906,0,0,0,0,1,0,0,1,0,0,0,0,1,0,0,0
0,0,0,0,0,75.718,0,0,16.352,7.9297,0,7.9297,0,0,0,16.981,41.756,16.981,16.352,0,0,0,0,0,0,0,0,41.756,33.962,0,7.9297,0,16.352,0,0,0,0.24561,0.75439,0,0,1,0,0,0,0,1,0,0,0
0,0,0,0,0,75.978,0,0,24.022,0,0,0,0,0,0,12.585,41.723,29.138,16.554,0,0,0,0,0,0,0,0,34.254,41.723,0,0,0,24.022,0,0,0,0.25455,0.74545,0,0,1,0,0,0,0,1,0,0,0
0,0,0,0,0,66.667,0,0,24.644,8.6894,0,8.6894,0,0,0,0,46.901,19.766,24.644,0,0,0,0,0,0,0,0,46.901,19.766,0,8.6894,0,24.644,0,0,0,0.065574,0.93443,0,0,1,0,0,0,0,1,0,0,0
0,0,0,0,0,100,0,0,0,0,0,0,0,0,0,0,100,0,0,0,0,0,0,0,0,0,0,100,0,0,0,0,0,0,0,0,0,1,0,0,1,0,0,0,0,1,0,0,0
0,0,0,0,0,100,0,0,0,0,0,0,0,0,0,0,100,0,0,0,0,0,0,0,0,0,0,100,0,0,0,0,0,0,0,0,0,1,0,0,1,0,0,0,0,1,0,0,0
0,0,0,0,0,100,0,0,0,0,0,0,0,0,0,0,100,0,0,0,0,0,0,0,0,0,0,100,0,0,0,0,0,0,0,0,0,1,0,0,1,0,0,0,0,1,0,0,0
0,0,0,0,0,100,0,0,0,0,0,0,0,0,0,0,100,0,0,0,0,0,0,0,0,0,0,100,0,0,0,0,0,0,0,0,0,1,0,0,1,0,0,0,0,1,0,0,0
0,0,0,0,0,100,0,0,0,0,0,0,0,0,0,0,100,0,0,0,0,0,0,0,0,0,0,100,0,0,0,0,0,0,0,0,0,1,0,0,1,0,0,0,0,1,0,0,0
0,0,0,0,0,100,0,0,0,0,0,0,0,0,0,0,100,0,0,0,0,0,0,0,0,0,0,100,0,0,0,0,0,0,0,0,0,1,0,0,1,0,0,0,0,1,0,0,0
0,0,0,0,0,100,0,0,0,0,0,0,0,0,0,0,100,0,0,0,0,0,0,0,0,0,0,100,0,0,0,0,0,0,0,0,0,1,0,0,1,0,0,0,0,1,0,0,0
0,0,0,0,0,100,0,0,0,0,0,0,0,0,0,0,100,0,0,0,0,0,0,0,0,0,0,100,0,0,0,0,0,0,0,0,0,1,0,0,1,0,0,0,0,1,0,0,0
0,0,0,0,0,100,0,0,0,0,0,0,0,0,0,0,100,0,0,0,0,0,0,0,0,0,0,100,0,0,0,0,0,0,0,0,0,1,0,0,1,0,0,0,0,1,0,0,0
0,0,0,0,0,76.872,0,0,16.457,6.6706,0,6.6706,0,0,0,0,26.244,50.628,16.457,0,0,0,0,0,0,0,0,26.244,50.628,0,6.6706,0,16.457,0,0,0,0,1,0,0,1,0,0,0,0,1,0,0,0
0,0,0,0,0,66.667,0,0,0,33.333,0,33.333,0,0,0,0,33.333,33.333,0,0,0,0,0,0,0,0,0,33.333,33.333,0,33.333,0,0,0,0,0,0.11905,0.88095,0,0,1,0,0,0,0,1,0,0,0
0,0,0,0,0,100,0,0,0,0,0,0,0,0,0,0,100,0,0,0,0,0,0,0,0,0,0,100,0,0,0,0,0,0,0,0,0,1,0,0,1,0,0,0,0,1,0,0,0
0,0,0,0,0,100,0,0,0,0,0,0,0,0,0,0,100,0,0,0,0,0,0,0,0,0,0,100,0,0,0,0,0,0,0,0,0,1,0,0,1,0,0,0,0,1,0,0,0
0,0,0,0,0,100,0,0,0,0,0,0,0,0,0,0,100,0,0,0,0,0,0,0,0,0,0,100,0,0,0,0,0,0,0,0,0,1,0,0,1,0,0,0,0,1,0,0,0
0,0,0,0,0,100,0,0,0,0,0,0,0,0,0,0,100,0,0,0,0,0,0,0,0,0,0,100,0,0,0,0,0,0,0,0,0,1,0,0,1,0,0,0,0,1,0,0,0
0,0,0,0,0,100,0,0,0,0,0,0,0,0,0,0,100,0,0,0,0,0,0,0,0,0,0,100,0,0,0,0,0,0,0,0,0,1,0,0,1,0,0,0,0,1,0,0,0
