h1,h2,h3,h4,h5,h6,h7,h8,h9,h10,h11,h12,h13,h14,h15,h16,h17,h18,h19,h20,h21,h22,h23,h24,h25,h26,h27,h28,h29,h30,h31,h32,h33,h34,h35,h36,h37,h38,h39,h40,h41,h42,h43,h44,h45,h46,h47,h48,label
0,0,0,0,0,100,0,0,0,0,0,0,0,0,0,0,100,0,0,0,0,0,0,0,0,0,0,100,0,0,0,0,0,0,0,0,0,1,0,0,1,0,0,0,0,1,0,0,0
0,0,0,0,0,100,0,0,0,0,0,0,0,0,0,0,100,0,0,0,0,0,0,0,0,0,0,100,0,0,0,0,0,0,0,0,0,1,0,0,1,0,0,0,0,1,0,0,0
0,0,0,0,0,100,0,0,0,0,0,0,0,0,0,0,100,0,0,0,0,0,0,0,0,0,0,100,0,0,0,0,0,0,0,0,0,1,0,0,1,0,0,0,0,1,0,0,0
0,0,0,0,0,100,0,0,0,0,0,0,0,0,0,0,100,0,0,0,0,0,0,0,0,0,0,100,0,0,0,0,0,0,0,0.011765,0,0.98824,0,0,1,0,0,0,0,1,0,0,0
0,0,0,0,0,100,0,0,0,0,0,0,0,0,0,0,100,0,0,0,0,0,0,0,0,0,0,100,0,0,0,0,0,0,0,0,0,1,0,0,1,0,0,0,0,1,0,0,0
0,0,0,0,0,100,0,0,0,0,0,0,0,0,0,0,100,0,0,0,0,0,0,0,0,0,0,100,0,0,0,0,0,0,0,0,0,1,0,0,1,0,0,0,0,1,0,0,0
0,0,0,0,0,100,0,0,0,0,0,0,0,0,0,0,100,0,0,0,0,0,0,0,0,0,0,100,0,0,0,0,0,0,0,0,0,1,0,0,1,0,0,0,0,1,0,0,0
0,0,0,0,0,100,0,0,0,0,0,0,0,0,0,0,100,0,0,0,0,0,0,0,0,0,0,100,0,0,0,0,0,0,0,0,0,1,0,0,1,0,0,0,0,1,0,0,0
0,0,0,0,0,100,0,0,0,0,0,0,0,0,0,0,100,0,0,0,0,0,0,0,0,0,0,100,0,0,0,0,0,0,0,0.014085,0.16901,0.8169,0,0,1,0,0,0,0,1,0,0,0
0,0,0,0,0,100,0,0,0,0,0,0,0,0,0,0,100,0,0,0,0,0,0,0,0,0,0,100,0,0,0,0,0,0,0,0,0,1,0,0,1,0,0,0,0,1,0,0,0
0,0,0,0,0,100,0,0,0,0,0,0,0,0,0,0,100,0,0,0,0,0,0,0,0,0,0,100,0,0,0,0,0,0,0,0,0,1,0,0,1,0,0,0,0,1,0,0,0
0,0,0,0,0,100,0,0,0,0,0,0,0,0,0,0,100,0,0,0,0,0,0,0,0,0,0,100,0,0,0,0,0,0,0,0,0,1,0,0,1,0,0,0,0,1,0,0,0
0,0,0,0,0,100,0,0,0,0,0,0,0,0,0,0,100,0,0,0,0,0,0,0,0,0,0,100,0,0,0,0,0,0,0,0,0,1,0,0,1,0,0,0,0,1,0,0,0
0,0,0,0,7.2761,92.724,0,0,0,0,0,0,0,0,0,10.025,82.699,7.2761,0,0,0,0,0,0,0,0,0,82.699,17.301,0,0,0,0,0,0,0,0,1,0,0,1,0,0,0,0,1,0,0,0
0,0,0,0,32.433,67.567,0,0,0,0,0,0,0,0,0,25.668,41.899,32.433,0,0,0,0,0,0,0,0,0,41.899,58.101,0,0,0,0,0,0,0,0,1,0,0,1,0,0,0,0,1,0,0,0
0,0,0,0,0,100,0,0,0,0,0,0,0,0,0,0,100,0,0,0,0,0,0,0,0,0,0,100,0,0,0,0,0,0,0,0,0,1,0,0,1,0,0,0,0,1,0,0,0
0,0,0,0,0,100,0,0,0,0,0,0,0,0,0,0,100,0,0,0,0,0,0,0,0,0,0,100,0,0,0,0,0,0,0,0,0,1,0,0,1,0,0,0,0,1,0,0,0
0,0,0,0,0,100,0,0,0,0,0,0,0,0,0,0,100,0,0,0,0,0,0,0,0,0,0,100,0,0,0,0,0,0,0,0,0,1,0,0,1,0,0,0,0,1,0,0,0
0,0,0,0,0,100,0,0,0,0,0,0,0,0,0,0,100,0,0,0,0,0,0,0,0,0,0,100,0,0,0,0,0,0,0,0,0,1,0,0,1,0,0,0,0,1,0,0,0
0,0,0,0,0,100,0,0,0,0,0,0,0,0,0,0,100,0,0,0,0,0,0,0,0,0,0,100,0,0,0,0,0,0,0,0,0,1,0,0,1,0,0,0,0,1,0,0,0
0,0,0,0,0,100,0,0,0,0,0,0,0,0,0,0,100,0,0,0,0,0,0,0,0,0,0,100,0,0,0,0,0,0,0,0,0,1,0,0,1,0,0,0,0,1,0,0,0
0,0,0,0,0,100,0,0,0,0,0,0,0,0,0,0,100,0,0,0,0,0,0,0,0,0,0,100,0,0,0,0,0,0,0,0,0,1,0,0,1,0,0,0,0,1,0,0,0
0,0,0,0,0,100,0,0,0,0,0,0,0,0,0,0,100,0,0,0,0,0,0,0,0,0,0,100,0,0,0,0,0,0,0,0,0,1,0,0,1,0,0,0,0,1,0,0,0
0,0,0,0,0,100,0,0,0,0,0,0,0,0,0,0,100,0,0,0,0,0,0,0,0,0,0,100,0,0,0,0,0,0,0,0,0,1,0,0,1,0,0,0,0,1,0,0,0
0,0,0,0,0,100,0,0,0,0,0,0,0,0,0,0,100,0,0,0,0,0,0,0,0,0,0,100,0,0,0,0,0,0,0,0,0,1,0,0,1,0,0,0,0,1,0,0,0
0,0,0,0,0,100,0,0,0,0,0,0,0,0,0,0,100,0,0,0,0,0,0,0,0,0,0,100,0,0,0,0,0,0,0,0,0,1,0,0,1,0,0,0,0,1,0,0,0
0,0,0,0,0,0,0,0,0,0,0,0,0,0,0,0,0,0,0,0,0,0,0,0,0,0,0,0,0,0,0,0,0,0,0,0,0,1,0,0,1,0,0,0,0,1,0,0,0
0,0,0,0,0,100,0,0,0,0,0,0,0,0,0,0,100,0,0,0,0,0,0,0,0,0,0,100,0,0,0,0,0,0,0,0,0,1,0,0,1,0,0,0,0,1,0,0,0
0,0,0,0,0,100,0,0,0,0,0,0,0,0,0,0,100,0,0,0,0,0,0,0,0,0,0,100,0,0,0,0,0,0,0,0,0,1,0,0,1,0,0,0,0,1,0,0,0
0,0,0,0,0,100,0,0,0,0,0,0,0,0,0,0,100,0,0,0,0,0,0,0,0,0,0,100,0,0,0,0,0,0,0,0,0,1,0,0,1,0,0,0,0,1,0,0,0
0,0,0,0,0,100,0,0,0,0,0,0,0,0,0,0,100,0,0,0,0,0,0,0,0,0,0,100,0,0,0,0,0,0,0,0,0,1,0,0,1,0,0,0,0,1,0,0,0
0,0,0,0,0,100,0,0,0,0,0,0,0,0,0,0,100,0,0,0,0,0,0,0,0,0,0,100,0,0,0,0,0,0,0,0,0,1,0,0,1,0,0,0,0,1,0,0,0
0,0,0,0,17.431,82.569,0,0,0,0,0,0,0,0,0,21.529,66.964,11.507,0,0,0,0,0,0,0,0,0,61.04,38.96,0,0,0,0,0,0,0,0,1,0,0,1,0,0,0,0,1,0,0,0
0,0,0,0,0,100,0,0,0,0,0,0,0,0,0,0,100,0,0,0,0,0,0,0,0,0,0,100,0,0,0,0,0,0,0,0,0,1,0,0,1,0,0,0,0,1,0,0,0
0,0,0,0,20.494,79.506,0,0,0,0,0,0,0,0,0,0,73.5,26.5,0,0,0,0,0,0,0,0,0,79.506,20.494,0,0,0,0,0,0,0,0,1,0,0,1,0,0,0,0,1,0,0,0
0,0,0,0,7.1877,92.812,0,0,0,0,0,0,0,0,0,23.75,69.063,7.1877,0,0,0,0,0,0,0,0,0,69.063,30.937,0,0,0,0,0,0,0,0,1,0,0,1,0,0,0,0,1,0,0,0
0,0,0,0,11.727,88.273,0,0,0,0,0,0,0,0,0,0,86.727,13.273,0,0,0,0,0,0,0,0,0,88.273,11.727,0,0,0,0,0,0,0,0,1,0,0,1,0,0,0,0,1,0,0,0
0,0,0,0,0,100,0,0,0,0,0,0,0,0,0,0,100,0,0,0,0,0,0,0,0,0,0,100,0,0,0,0,0,0,0,0,0,1,0,0,1,0,0,0,0,1,0,0,0
0,0,0,0,5.6852,94.315,0,0,0,0,0,0,0,0,0,0,93.29,6.7104,0,0,0,0,0,0,0,0,0,94.315,5.6852,0,0,0,0,0,0,0,0,1,0,0,1,0,0,0,0,1,0,0,0
0,0,0,0,0,100,0,0,0,0,0,0,0,0,0,0,100,0,0,0,0,0,0,0,0,0,0,100,0,0,0,0,0,0,0,0,0,1,0,0,1,0,0,0,0,1,0,0,0
0,0,0,0,0,100,0,0,0,0,0,0,0,0,0,0,100,0,0,0,0,0,0,0,0,0,0,100,0,0,0,0,0,0,0,0,0,1,0,0,1,0,0,0,0,1,0,0,0
0,0,0,0,19.991,80.009,0,0,0,0,0,0,0,0,0,0,85.545,14.455,0,0,0,0,0,0,0,0,0,80.009,19.991,0,0,0,0,0,0,0,0,1,0,0,1,0,0,0,0,1,0,0,0
0,0,0,0,0,100,0,0,0,0,0,0,0,0,0,0,92.495,7.5046,0,0,0,0,0,0,0,0,0,100,0,0,0,0,0,0,0,0,0,1,0,0,1,0,0,0,0,1,0,0,0
0,0,0,0,0,100,0,0,0,0,0,0,0,0,0,0,100,0,0,0,0,0,0,0,0,0,7.3847,92.615,0,0,0,0,0,0,0,0,0,1,0,0,1,0,0,0,0,1,0,0,0
0,0,0,0,0,100,0,0,0,0,0,0,0,0,0,0,100,0,0,0,0,0,0,0,0,0,3.4387,88.118,8.4435,0,0,0,0,0,0,0,0,1,0,0,1,0,0,0,0,1,0,0,0
0,0,0,0,0,88.757,0,0,11.243,0,0,0,0,0,0,0,84.365,15.635,0,0,0,0,0,0,0,0,11.243,68.731,8.7834,0,0,0,11.243,0,0,0,0,1,0,0,1,0,0,0,0,1,0,0,0
0,0,0,0,0,100,0,0,0,0,0,0,0,0,0,10.592,70.815,18.593,0,0,0,0,0,0,0,0,0,62.814,37.186,0,0,0,0,0,0,0,0,1,0,0,1,0,0,0,0,1,0,0,0
0,0,0,0,0,100,0,0,0,0,0,0,0,0,0,14.829,79.809,5.3623,0,0,0,0,0,0,0,0,0,63.092,36.908,0,0,0,0,0,0,0,0,1,0,0,1,0,0,0,0,1,0,0,0
0,0,0,0,0,91.701,0,0,8.2994,0,0,0,0,0,0,6.242,79.217,14.541,0,0,0,0,0,0,0,0,4.5305,64.701,22.469,0,0,8.2994,0,0,0,0,0,1,0,0,1,0,0,0,0,1,0,0,0
0,0,0,0,0,92.217,0,0,7.7826,0,0,0,0,0,0,13.485,65.247,21.268,0,0,0,0,0,0,0,0,0,65.247,26.97,0,0,0,7.7826,0,0,0,0,1,0,0,1,0,0,0,0,1,0,0,0
0,0,5.429,0,0,87.054,0,0,7.5175,0,0,0,0,0,0,11.756,82.815,0,5.429,0,0,0,5.429,0,0,0,0,75.298,11.756,0,0,7.5175,0,0,0,0,0,1,0,0,1,0,0,0,0,1,0,0,0
0,0,5.714,0,0,72.872,0,0,21.414,0,0,5.714,0,0,0,2.8631,85.709,0,2.8631,0,2.8508,0,2.8631,0,2.8508,0,0,72.872,0,0,5.714,3.2732,12.427,0,0,0,0,1,0,0,1,0,0,0,0,1,0,0,0
0,0,15.399,0,0,53.475,0,0,31.126,0,0,22.405,0,0,0,2.8435,49.445,9.9075,5.4918,0,9.9075,0,5.4918,0,9.9075,0,9.9075,43.567,0,0,22.405,0,8.7212,0.098361,0,0,0.016393,0.88525,0,0,1,0,0,0,0,1,0,0,0
0,0,0,0,0,81.134,0,0,18.866,0,0,0,0,0,0,0,81.134,18.866,0,0,0,0,0,0,0,0,9.6245,71.51,0,0,0,4.9043,13.962,0.11111,0,0,0.027778,0.86111,0,0,1,0,0,0,0,1,0,0,0
0,0,0,0,0,74.999,0,0,25.001,0,0,0,0,0,0,0,74.999,25.001,0,0,0,0,0,0,0,0,16.941,58.058,0,0,0,8.0595,16.941,0.83333,0,0,0,0.16667,0,0,1,0,0,0,0,1,0,0,0
0,0,0,0,0,77.548,0,0,22.452,0,0,0,0,0,0,0,70.339,29.661,0,0,0,0,0,0,0,0,5.1333,57.997,14.417,0,0,13.51,8.9421,0.11429,0,0,0.057143,0.82857,0,0,1,0,0,0,0,1,0,0,0
0,0,0,0,0,71.384,0,0,28.616,0,0,0,0,0,0,0,71.384,28.616,0,0,0,0,0,0,0,0,0,71.384,0,0,0,14.151,14.465,0.93269,0,0.019231,0.038462,0.0096154,0,0,1,0,0,0,0,1,0,0,0
0,0,0,0,0,80.057,0,0,19.943,0,0,0,0,0,0,9.6509,73.891,16.458,0,0,0,0,0,0,0,0,0,70.406,9.6509,0,0,7.7334,12.209,0.13514,0,0,0,0.86486,0,0,1,0,0,0,0,1,0,0,0
0,0,0,0,0,72.999,0,0,27.001,0,0,0,0,0,0,0,79.216,20.784,0,0,0,0,0,0,0,0,6.2172,66.782,0,0,0,14.222,12.779,0.92174,0,0,0.017391,0.06087,0,0,1,0,0,0,0,1,0,0,0
0,0,2.9357,0,0,80.953,0,0,16.111,0,0,0,0,0,0,0,93.835,3.2293,2.9357,0,0,0,2.9357,0,0,0,9.4975,71.456,0,0,0,9.4975,6.6136,0.11594,0,0.014493,0.014493,0.85507,0,0,1,0,0,0,0,1,0,0,0
0,0,3.6424,0,0,73.82,0,0,22.538,0,0,3.6424,0,0,0,3.6424,83.477,5.5961,3.6424,0,0,0,3.6424,0,0,0,4.1789,69.641,0,0,3.6424,9.6568,9.2385,0.88776,0,0,0.081633,0.030612,0,0,1,0,0,0,0,1,0,0,0
0,0,17.708,0,0,60.046,0,0,22.246,0,0,11.899,0,0,0,8.0552,62.338,0,13.865,0,3.8434,0,13.865,0,3.8434,0,0,60.046,0,0,11.899,2.2921,8.0552,0.2,0,0,0,0.8,0,0,1,0,0,0,0,1,0,0,0
0,0,4.7894,0,0,78.786,0,0,16.424,0,0,2.4747,0,0,0,6.7516,79.233,6.7516,2.3147,0,2.4747,0,2.3147,0,2.4747,0,9.9805,68.806,0,0,2.4747,3.2289,10.721,1,0,0,0,0,0,0,1,0,0,0,0,1,0,0,0
0,0,29.24,0,0,41.52,0,0,29.24,0,0,29.24,0,0,0,0,18.421,23.099,0,0,29.24,0,0,0,29.24,0,23.099,18.421,0,0,29.24,0,0,0.16667,0,0.027778,0.027778,0.77778,0,0,1,0,0,0,0,1,0,0,0
0,0,6.6254,0,0,62.463,0,0,30.912,0,0,30.912,0,0,0,6.1002,50.263,6.1002,0,0,6.6254,0,0,0,6.6254,0,6.1002,56.363,0,0,30.912,0,0,0.64706,0.014706,0.17647,0.088235,0.073529,0,0,1,0,0,0,0,1,0,0,0
8.9894,4.32,0,0,33.214,26.577,0,0,13.309,2.3174,11.272,0,2.3174,0,27.739,7.7925,4.32,6.6374,18.784,12.113,11.307,8.9894,0,0,4.32,0,8.9894,9.7951,7.7925,29.251,21.908,17.944,0,0.029412,0,0,0.058824,0.91176,0,0,1,0,0,0,0,1,0,0,0
7.4755,20.801,2.2962,0,17.078,26.75,0,4.0527,13.938,1.7212,5.8878,2.6004,10.535,6.4233,13.958,12.811,4.4355,7.5166,16.215,9.0081,9.022,7.4755,0,2.9046,16.006,7.0906,10.725,14.876,1.1481,16.998,11.342,18.909,0,0,0,0,0.37143,0.62857,0,0,1,0,0,0,0,1,0,0,0
6.537,4.9401,0,0,21.886,39.167,5.5843,5.4685,4.9401,6.537,4.9401,0,0,5.4685,9.8802,17.59,10.409,10.524,16.946,22.646,0,6.537,5.4685,0,10.524,0,0,22.53,16.637,11.477,28.423,4.9401,0,0,0,0,0,1,0,0,1,0,0,0,0,1,0,0,0
8.8356,5.769,0,0,28.915,31.511,0,3.7651,4.5514,7.3764,9.2767,0,5.0152,5.6881,14.839,19.091,3.7651,3.0922,18.627,13.403,7.6437,8.8356,3.7651,0,3.846,1.923,6.4745,14.076,10.961,22.664,23.632,12.659,0,0,0,0,0,1,0,0,1,0,0,0,0,1,0,0,0
0,0,4.8582,4.8009,19.984,42.827,4.8009,13.07,9.6592,0,0,0,0,13.07,5.8575,18.984,13.127,9.6592,18.927,10.658,0,9.7165,17.871,9.7165,9.6592,0,0,18.984,18.984,0,19.984,4.8009,0,0,0,0,0,1,0,0,1,0,0,0,0,1,0,0,0
0,4.0569,0,6.9654,17.902,35.011,14.02,6.9654,11.022,0,4.0569,0,0,6.9654,13.008,11.949,4.0569,18.077,15.916,30.027,0,0,13.931,0,18.077,0,0,16.006,19.004,4.0569,17.902,11.022,0,0,0,0,0.049383,0.95062,0,0,1,0,0,0,0,1,0,0,0
0,0,26.909,0,0,46.182,0,0,20,6.9089,0,6.9089,0,0,0,20,13.091,20,0,0,0,40,0,40,20,0,0,13.091,13.091,6.9089,0,0,6.9089,0,0,0,0,1,0,0,1,0,0,0,0,1,0,0,0
0,0,14.599,0,0,36.052,6.8706,3.491,7.4718,21.732,9.7837,17.6,0,0,0,14.342,14.261,14.342,0,7.4486,6.2927,25.713,0,21.236,11.196,3.1463,0,3.7243,24.856,18.241,6.6374,3.491,7.4718,0,0,0,0,1,0,0,1,0,0,0,0,1,0,0,0
0,0,0,0,0,82.882,0,0,17.118,0,0,0,0,0,0,0,82.882,17.118,0,0,0,0,0,0,0,0,0,82.882,0,0,0,0,17.118,0.67089,0,0,0.012658,0.31646,0,0,1,0,0,0,0,1,0,0,0
0,0,0,0,0,100,0,0,0,0,0,0,0,0,0,0,100,0,0,0,0,0,0,0,0,0,0,100,0,0,0,0,0,0.84043,0,0,0,0.15957,0,0,1,0,0,0,0,1,0,0,0
0,0,0,0,0,100,0,0,0,0,0,0,0,0,0,0,100,0,0,0,0,0,0,0,0,0,0,100,0,0,0,0,0,0.84884,0,0,0,0.15116,0,0,1,0,0,0,0,1,0,0,0
0,0,0,0,0,100,0,0,0,0,0,0,0,0,0,0,100,0,0,0,0,0,0,0,0,0,0,100,0,0,0,0,0,0.93103,0,0,0,0.068966,0,0,1,0,0,0,0,1,0,0,0
0,0,0,0,0,100,0,0,0,0,0,0,0,0,0,0,100,0,0,0,0,0,0,0,0,0,0,100,0,0,0,0,0,1,0,0,0,0,0,0,1,0,0,0,0,1,0,0,0
0,0,0,0,0,100,0,0,0,0,0,0,0,0,0,0,100,0,0,0,0,0,0,0,0,0,0,100,0,0,0,0,0,0.88608,0,0.012658,0.063291,0.037975,0,0,1,0,0,0,0,1,0,0,0
0,0,0,0,0,100,0,0,0,0,0,0,0,0,0,0,100,0,0,0,0,0,0,0,0,0,9.2073,90.793,0,0,0,0,0,0.88889,0,0,0,0.11111,0,0,1,0,0,0,0,1,0,0,0
0,0,0,0,0,100,0,0,0,0,0,0,0,0,0,0,100,0,0,0,0,0,0,0,0,0,0,100,0,0,0,0,0,0.93182,0,0,0.034091,0.034091,0,0,1,0,0,0,0,1,0,0,0
0,0,0,0,0,100,0,0,0,0,0,0,0,0,0,0,100,0,0,0,0,0,0,0,0,0,0,100,0,0,0,0,0,0.98649,0,0,0.013514,0,0,0,1,0,0,0,0,1,0,0,0
0,0,0,0,0,100,0,0,0,0,0,0,0,0,0,0,100,0,0,0,0,0,0,0,0,0,0,100,0,0,0,0,0,0.92982,0,0.035088,0.035088,0,0,0,1,0,0,0,0,1,0,0,0
0,0,0,0,0,100,0,0,0,0,0,0,0,0,0,0,100,0,0,0,0,0,0,0,0,0,0,100,0,0,0,0,0,0.52113,0,0.056338,0.25352,0.16901,0,0,1,0,0,0,0,1,0,0,0
0,0,0,0,0,94.391,0,0,5.6085,0,0,0,0,0,0,0,100,0,0,0,0,0,0,0,0,0,5.6085,88.783,0,0,0,5.6085,0,1,0,0,0,0,0,0,1,0,0,0,0,1,0,0,0
0,0,0,0,0,100,0,0,0,0,0,0,0,0,0,0,100,0,0,0,0,0,0,0,0,0,10.863,89.137,0,0,0,0,0,0.725,0,0.0125,0.1,0.1625,0,0,1,0,0,0,0,1,0,0,0
0,0,0,0,0,100,0,0,0,0,0,0,0,0,0,14.912,70.176,14.912,0,0,0,0,0,0,0,0,28.728,71.272,0,0,0,0,0,0.69663,0.011236,0.05618,0.1236,0.11236,0,0,1,0,0,0,0,1,0,0,0
0,0,18.641,0,0,54.15,0,0,27.208,0,0,18.641,0,0,0,8.5673,44.077,10.074,8.5673,0,10.074,0,8.5673,0,10.074,0,10.074,44.077,0,0,18.641,0,8.5673,0.78947,0,0.052632,0.10526,0.052632,0,0,1,0,0,0,0,1,0,0,0
0,19.374,11.493,0,6.4379,30.754,0,7.678,8.2728,3.5833,12.406,4.3186,19.681,4.7633,12.407,7.8431,9.7845,19.997,10.334,3.6811,7.1906,0,7.3019,8.1576,15.103,8.1162,2.3033,20.598,2.7568,6.5932,10.775,14.711,3.5846,0.80392,0,0.078431,0.11765,0,0,0,1,0,0,0,0,1,0,0,0
0,6.1239,21.992,0,6.3255,52.061,0,7.3296,2.8054,3.362,0,8.1336,29.315,0,2.9634,14.858,8.8857,25.354,5.7253,0,1.4027,3.362,16.425,13.056,15.06,0,6.7241,24.546,7.7282,0,7.7282,5.7688,2.9634,0.57447,0,0.14894,0.23404,0.042553,0,0,1,0,0,0,0,1,0,0,0
0,9.5334,15.314,0,9.2762,33.692,0,10.266,12.155,2.4407,7.3222,9.2423,24.524,4.9328,9.6084,13.651,0,17.755,7.0273,7.3735,5.8858,0,8.4238,7.8916,17.288,2.3003,2.3003,12.355,7.9802,7.3222,10.613,16.166,7.3595,0,0,0,0.035294,0.96471,0,0,1,0,0,0,0,1,0,0,0
0,12.455,24.595,0,4.8447,28.396,0,12.151,5.1022,10.526,1.929,3.5156,26.837,1.929,5.282,4.57,1.4917,38.98,14.317,0,1.5866,1.4917,12.388,8.7028,14.137,0,2.9834,17.12,6.4313,1.929,15.466,8.4553,12.388,0,0,0,0,1,0,0,1,0,0,0,0,1,0,0,0
0,2.1587,36.283,0,2.1587,57.241,0,0,0,2.1587,0,0,4.3173,7.9866,0,22.459,32.623,12.314,0,0,0,20.3,0,20.3,0,18.142,4.3173,52.924,2.1587,0,2.1587,0,0,0.62857,0,0.22857,0.085714,0.057143,0,0,1,0,0,0,0,1,0,0,0
0,11.469,29.69,0,0,58.841,0,0,0,0,0,0,0,10.931,0,15.114,43.727,15.114,0,0,0,15.114,0,26.045,0,3.6449,11.469,58.841,0,0,0,0,0,0.97297,0,0.027027,0,0,0,0,1,0,0,0,0,1,0,0,0
0,0,0,0,0,0,0,0,0,0,0,0,0,0,0,0,0,0,0,0,0,0,0,0,0,0,0,0,0,0,0,0,0,0,0,0,0,1,0,0,1,0,0,0,0,1,0,0,0
7.0702,6.1763,0,3.5881,0,19.198,20.304,2.5882,41.076,0,0,22.786,13.127,2.5882,2.5882,3.4821,29.949,3.5881,6.1763,15.715,0,0,0,2.5882,26.374,16.821,16.609,0,0,0,15.715,3.4821,18.41,0,0,0.45455,0.38182,0.16364,0,0,1,0,0,0,0,1,0,0,1
0,0,0,0,0,100,0,0,0,0,0,0,0,0,0,0,100,0,0,0,0,0,0,0,0,0,0,100,0,0,0,0,0,0.015625,0,0,0,0.98438,0,0,1,0,0,0,0,1,0,0,0
0,0,0,0,0,100,0,0,0,0,0,0,0,0,0,0,100,0,0,0,0,0,0,0,0,0,0,100,0,0,0,0,0,0,0,0,0,1,0,0,1,0,0,0,0,1,0,0,0
0,0,0,0,0,100,0,0,0,0,0,0,0,0,0,0,100,0,0,0,0,0,0,0,0,0,0,100,0,0,0,0,0,0,0,0,0,1,0,0,1,0,0,0,0,1,0,0,0
0,0,0,0,0,100,0,0,0,0,0,0,0,0,0,0,100,0,0,0,0,0,0,0,0,0,0,100,0,0,0,0,0,0,0,0,0,1,0,0,1,0,0,0,0,1,0,0,0
5.4936,16.832,0,0,25.248,22.384,0,0,2.8047,10.228,17.009,0,9.4104,4.6757,15.079,19.58,2.8047,7.5394,12.974,17.709,4.7347,5.4936,0,0,12.156,4.6757,4.6757,12.974,4.7347,22.502,21.331,16.95,0,0.97368,0,0.026316,0,0,0,0,1,0,0,0,0,1,0,0,0
4.8299,8.3198,3.2627,0,15.728,22.269,0,3.958,16.412,4.2251,20.995,2.7947,15.052,1.1633,22.824,5.8564,7.1565,11.039,7.2173,5.4492,16.619,4.8299,0,2.3267,5.6501,5.9324,4.8299,11.583,5.8564,24.722,14.237,24.863,0,0.61905,0.02381,0.19048,0.16667,0,0,0,1,0,0,0,0,1,0,0,0
0,0,3.3589,16.411,6.1111,26.363,3.5939,25.881,3.3589,3.3589,11.564,18.282,0,6.1111,0,21.269,6.1111,15.158,14.316,7.1877,8.2054,3.3589,14.316,14.923,6.9527,0,0,9.7049,21.504,0,9.4699,3.3589,19.77,0,0,0,0.14035,0.85965,0,0,1,0,0,0,0,1,0,0,1
0,0,19.749,3.6154,0,17.519,0.92028,15.083,15.255,15.043,12.815,39.326,0,0,0,17.522,2.9729,16.602,2.2678,0,2.2678,19.041,1.3475,32.777,16.175,0.92028,0,1.1323,2.4798,2.6543,11.468,13.309,17.738,0,0,0,0.1954,0.8046,0,0,1,0,0,0,0,1,0,0,0
9.3919,0,0,0,0,90.608,0,0,0,0,0,0,0,0,0,9.3919,90.608,0,0,0,0,0,0,0,0,0,9.3919,90.608,0,0,0,0,0,0,0,0,0,1,0,0,1,0,0,0,0,1,0,0,0
0,12.916,14.473,0,3.4071,44.932,0,2.2708,9.0846,8.373,4.543,2.2708,23.136,0,4.543,9.085,22.932,22.846,4.9659,0,6.8138,3.4071,4.9659,3.4071,9.5075,4.543,10.56,32.101,5.6779,0,15.187,9.0846,4.9659,0,0,0.016129,0.048387,0.93548,0,0,1,0,0,0,0,1,0,0,0
0,8.8323,11.623,0,4.1894,71.166,0,0,0,4.1894,0,0,13.022,0,0,11.869,50.465,12.322,4.6429,0,0,7.6794,0,7.6794,9.2858,3.49,8.3788,62.787,4.1894,0,4.1894,0,0,0,0,0,0,1,0,0,1,0,0,0,0,1,0,0,0
0,0,0,0,0,100,0,0,0,0,0,0,0,0,0,0,100,0,0,0,0,0,0,0,0,0,0,100,0,0,0,0,0,0,0,0,0,1,0,0,1,0,0,0,0,1,0,0,0
0,0,0,0,0,100,0,0,0,0,0,0,0,0,0,0,100,0,0,0,0,0,0,0,0,0,0,100,0,0,0,0,0,0,0,0,0,1,0,0,1,0,0,0,0,1,0,0,0
0,0,13.587,0,0,86.413,0,0,0,0,0,0,0,4.2875,0,4.6499,81.763,4.6499,0,0,0,4.6499,0,8.9374,0,4.6499,5.0041,81.409,0,0,0,0,0,0,0,0,0,1,0,0,1,0,0,0,0,1,0,0,0
0,0,5.8079,0,0,94.192,0,0,0,0,0,0,0,5.8079,0,0,94.192,0,0,0,0,0,0,5.8079,0,0,0,94.192,0,0,0,0,0,0,0,0,0,1,0,0,1,0,0,0,0,1,0,0,0
8.1146,0,0,8.1146,0,83.771,0,0,0,0,0,0,0,8.1146,0,8.1146,83.771,0,0,0,0,0,0,0,0,0,8.1146,83.771,0,0,0,0,8.1146,0,0,0,0,1,0,0,1,0,0,0,0,1,0,0,0
10.477,0,0,18.518,0,71.004,0,0,0,0,0,0,0,6.5062,12.012,10.477,71.004,0,0,0,0,0,0,0,0,0,10.477,71.004,0,0,0,0,18.518,0,0,0,0,1,0,0,1,0,0,0,0,1,0,0,0
0,0,0,6.8911,0,93.109,0,0,0,0,0,0,0,6.8911,0,0,93.109,0,0,0,0,0,0,0,0,0,0,93.109,0,0,0,0,6.8911,0,0,0,0,1,0,0,1,0,0,0,0,1,0,0,0
0,0,0,5.1329,0,94.867,0,0,0,0,0,0,0,5.1329,0,0,94.867,0,0,0,0,0,0,0,0,0,0,94.867,0,0,0,0,5.1329,0,0,0,0,1,0,0,1,0,0,0,0,1,0,0,0
5.3083,0,0,11.247,0,83.445,0,0,0,0,0,0,0,5.3083,5.9389,5.3083,83.445,0,0,0,0,0,0,0,0,0,5.3083,83.445,0,0,0,0,11.247,0,0,0,0,1,0,0,1,0,0,0,0,1,0,0,0
0,0,0,4.1835,0,95.816,0,0,0,0,0,0,0,4.1835,0,0,95.816,0,0,0,0,0,0,0,0,0,0,95.816,0,0,0,0,4.1835,0,0,0,0,1,0,0,1,0,0,0,0,1,0,0,0
0,0,0,0,0,100,0,0,0,0,0,0,0,0,0,0,100,0,0,0,0,0,0,0,0,0,0,100,0,0,0,0,0,0,0,0,0,1,0,0,1,0,0,0,0,1,0,0,0
0,0,0,0,0,100,0,0,0,0,0,0,0,0,0,0,100,0,0,0,0,0,0,0,0,0,0,100,0,0,0,0,0,0,0,0,0,1,0,0,1,0,0,0,0,1,0,0,0
8.7913,0,0,0,0,91.209,0,0,0,0,0,0,0,0,0,8.7913,91.209,0,0,0,0,0,0,0,0,0,8.7913,91.209,0,0,0,0,0,0,0,0,0,1,0,0,1,0,0,0,0,1,0,0,0
10.881,0,0,18.309,0,70.809,0,0,0,0,0,0,0,10.881,7.4279,10.881,70.809,0,0,0,0,0,0,0,0,0,10.881,70.809,0,0,0,0,18.309,0,0,0,0,1,0,0,1,0,0,0,0,1,0,0,0
0,0,0,0,0,100,0,0,0,0,0,0,0,0,0,0,100,0,0,0,0,0,0,0,0,0,0,100,0,0,0,0,0,0,0,0,0,1,0,0,1,0,0,0,0,1,0,0,0
0,0,0,42.602,0,57.398,0,0,0,0,0,0,0,27.805,14.796,0,57.398,0,0,0,0,0,0,0,0,0,0,57.398,0,0,0,0,42.602,0,0,0,0,1,0,0,1,0,0,0,0,1,0,0,0
0,0,0,12.204,0,87.796,0,0,0,0,0,0,0,5.7392,6.4651,0,87.796,0,0,0,0,0,0,0,0,0,0,87.796,0,0,0,0,12.204,0,0,0,0,1,0,0,1,0,0,0,0,1,0,0,0
0,0,0,6.7524,0,93.248,0,0,0,0,0,0,0,0,6.7524,0,93.248,0,0,0,0,0,0,0,0,0,0,93.248,0,0,0,0,6.7524,0,0,0,0,1,0,0,1,0,0,0,0,1,0,0,0
0,0,0,16.542,0,83.458,0,0,0,0,0,0,0,8.1007,8.4413,0,75.357,8.1007,0,0,0,0,0,0,0,0,0,83.458,0,0,0,0,16.542,0,0,0,0,1,0,0,1,0,0,0,0,1,0,0,0
0,0,0,0,0,100,0,0,0,0,0,0,0,0,0,0,94.709,5.291,0,0,0,0,0,0,0,0,0,94.709,5.291,0,0,0,0,0,0,0,0,1,0,0,1,0,0,0,0,1,0,0,0
0,0,0,0,0,100,0,0,0,0,0,0,0,0,0,0,100,0,0,0,0,0,0,0,0,0,0,100,0,0,0,0,0,0,0,0,0,1,0,0,1,0,0,0,0,1,0,0,0
0,0,0,0,0,100,0,0,0,0,0,0,0,0,0,0,100,0,0,0,0,0,0,0,0,0,0,100,0,0,0,0,0,0,0,0,0,1,0,0,1,0,0,0,0,1,0,0,0
0,0,0,0,0,100,0,0,0,0,0,0,0,0,0,0,100,0,0,0,0,0,0,0,0,0,0,100,0,0,0,0,0,0,0,0,0,1,0,0,1,0,0,0,0,1,0,0,0
0,0,0,0,0,100,0,0,0,0,0,0,0,0,0,0,100,0,0,0,0,0,0,0,0,0,0,100,0,0,0,0,0,0,0,0,0,1,0,0,1,0,0,0,0,1,0,0,0
0,0,0,0,0,100,0,0,0,0,0,0,0,0,0,0,100,0,0,0,0,0,0,0,0,0,0,100,0,0,0,0,0,0,0,0,0,1,0,0,1,0,0,0,0,1,0,0,0
0,0,0,0,0,100,0,0,0,0,0,0,0,0,0,0,100,0,0,0,0,0,0,0,0,0,0,100,0,0,0,0,0,0,0,0,0,1,0,0,1,0,0,0,0,1,0,0,0
0,0,0,0,0,100,0,0,0,0,0,0,0,0,0,0,100,0,0,0,0,0,0,0,0,0,0,100,0,0,0,0,0,0,0,0,0,1,0,0,1,0,0,0,0,1,0,0,0
0,0,0,0,0,100,0,0,0,0,0,0,0,0,0,0,100,0,0,0,0,0,0,0,0,0,0,100,0,0,0,0,0,0,0,0,0,1,0,0,1,0,0,0,0,1,0,0,0
0,0,0,0,0,100,0,0,0,0,0,0,0,0,0,0,100,0,0,0,0,0,0,0,0,0,0,100,0,0,0,0,0,0,0,0,0,1,0,0,1,0,0,0,0,1,0,0,0
0,21.648,11.604,0,10.015,36.192,0,4.3241,8.6482,1.8922,5.6765,4.3241,24.051,6.2308,3.7844,18.678,5.9108,13.496,9.1862,8.123,6.2163,0,0,0,27.021,6.2308,6.2308,23.745,6.2163,5.6765,6.2163,18.663,0,0.019231,0,0.019231,0.076923,0.88462,0,0,1,0,0,0,0,1,0,0,0
0,12.485,28.063,0,1.5226,49.354,0,3.0452,0,5.53,0,1.828,15.043,0,1.5226,8.101,25.905,31.158,10.169,0,0,6.273,10.709,9.6236,13.592,2.4349,6.9299,39.561,1.5226,0,7.0526,1.5226,7.0526,0,0,0.065217,0.19565,0.73913,0,0,1,0,0,0,0,1,0,0,0
12.037,13.578,1.7111,12.037,1.7111,9.5123,28.624,6.5036,12.745,0,1.5407,18.127,7.2389,3.9846,3.2518,0,33.173,16.83,15.289,2.1056,0,0,1.7111,4.7925,27.721,28.624,4.5494,1.5407,1.7111,1.5407,3.8167,5.6956,18.298,0,0,0,0,1,0,0,1,0,0,0,0,1,0,0,1
0,11.605,23.852,0,1.7417,35.881,0,7.7273,10.086,7.3175,1.7896,10.638,18.71,4.2876,4.2876,9.8337,1.7417,34.749,9.8634,2.498,1.6501,1.7417,14.976,12.519,17.864,0,3.4834,18.849,3.3918,1.7896,11.466,5.0898,10.572,0.025,0,0,0.025,0.95,0,0,1,0,0,0,0,1,0,0,1
6.324,0,0,0,14.874,45.883,9.8109,0,23.109,0,0,16.135,9.8109,0,0,6.324,57.919,0,0,9.8109,0,0,0,0,16.135,3.4869,31.009,14.874,0,14.874,9.8109,6.324,3.4869,0.21875,0,0,0.0625,0.71875,0,0,1,0,0,0,0,1,0,0,1
0,16.441,24.015,0,1.9537,55.637,0,0,0,1.9537,0,0,3.9073,5.9064,0,22.016,31.668,16.441,0,0,0,20.062,0,22.347,0,3.6209,20.461,49.663,1.9537,0,1.9537,0,0,0,0,0,0.04918,0.95082,0,0,1,0,0,0,0,1,0,0,0
0,0,34.12,0,0,65.88,0,0,0,0,0,0,0,14.094,0,17.06,48.82,2.9664,0,0,0,17.06,0,17.06,0,17.06,0,65.88,0,0,0,0,0,0,0,0,0.013699,0.9863,0,0,1,0,0,0,0,1,0,0,0
0,0,11.509,0,0,76.981,0,0,0,11.509,0,0,0,0,0,0,76.981,0,0,0,0,23.019,0,11.509,11.509,0,0,76.981,0,0,0,0,0,0,0,0,1,0,0,0,1,0,0,0,0,1,0,0,0
3.1903,4.0774,4.0774,0,20.157,14.535,23.347,0,30.615,0,0,26.538,3.1903,0,0,11.345,27.425,0,8.1548,23.347,0,0,0,4.0774,46.695,4.0774,10.458,4.0774,0,20.157,3.1903,7.2677,0,0,0,0,0.030303,0.9697,0,0,1,0,0,0,0,1,0,0,1
2.4095,2.4095,14.232,12.708,0,7.1053,18.12,14.403,10.84,7.6669,10.107,21.286,0,6.7358,0,10.668,11.945,16.251,12.708,6.7358,9.5662,4.1038,13.472,17.774,19.222,11.384,0,0,3.0015,0,7.1053,17.966,10.076,0,0,0.20238,0.083333,0.71429,0,0,1,0,0,0,0,1,0,0,1
11.32,3.4725,0,2.2559,2.4021,24.606,21.24,1.2166,33.487,0,0,29.264,9.0637,6.4789,1.2166,9.0637,26.502,2.2559,3.4725,12.682,0,0,0,1.2166,28.66,9.7741,23.39,0,0,2.4021,10.28,14.326,9.9514,0,0,0.34146,0.21951,0.43902,0,0,1,0,0,0,0,1,0,0,1
1.7854,10.266,0,3.9013,0,20.056,8.0045,14.167,39.87,0,1.9507,22.006,5.115,13.155,10.266,3.736,14.224,1.9507,12.216,15.381,1.9507,0,1.9507,12.216,17.166,6.2191,9.7898,0,1.9507,0,15.381,4.6748,30.652,0,0,0.14286,0.21429,0.64286,0,0,1,0,0,0,0,1,0,0,1
1.4763,2.7053,1.229,1.4763,7.2963,19.797,21.65,0,44.369,0,0,20.174,11.062,2.3186,0,2.4581,42.198,1.4763,3.9344,16.379,0,0,0,1.229,24.649,17.562,16.589,3.2083,0,7.2963,11.062,3.5477,14.857,0.23333,0,0.044444,0.18889,0.53333,0,0,1,0,0,0,0,1,0,0,0
0,0,14.152,19.435,13.447,9.0804,2.2144,11.203,18.602,1.7945,10.072,11.447,0,0,5.0714,9.5684,31.965,7.8581,22.308,0,8.278,3.5048,5.5595,20.3,1.7945,2.2144,3.3611,1.7103,6.0636,0,32.553,15.241,11.203,0,0,0.0088496,0.12389,0.86726,0,0,1,0,0,0,0,1,0,0,1
0,16.22,22.401,9.4749,7.5003,9.2071,5.0215,8.4093,16.404,5.3624,0,1.9746,0,3.0469,8.9035,8.0684,34.629,0,27.927,3.3505,5.3624,6.7383,6.7383,20.426,5.0215,11.456,8.9035,3.3505,0,0,27.633,11.45,5.0215,0.2234,0,0.053191,0.095745,0.62766,0,0,1,0,0,0,0,1,0,0,0
0,0,37.015,8.3584,4.6267,10.149,8.3584,12.985,10.149,8.3584,0,8.3584,0,0,10.149,12.985,36.119,0,19.403,0,8.3584,4.6267,4.6267,24.03,8.3584,8.3584,5.5223,4.6267,0,0,10.149,21.343,12.985,0.046512,0,0,0.27907,0.67442,0,0,1,0,0,0,0,1,0,0,1
0,10.456,23.337,0,1.6222,22.527,10.195,7.4923,10.96,13.41,0,2.6557,0,10.195,4.2779,9.6759,28.173,0,24.119,0,5.8701,15.032,4.8366,19.059,2.6557,7.2413,27.074,5.6491,0,0,20.902,8.3048,4.2779,0.39535,0,0.093023,0.069767,0.44186,0,0,1,0,0,0,0,1,0,0,1
0,6.6867,20.762,0,1.5542,26.065,3.1084,27.09,5.4432,7.7634,1.527,8.2409,10.859,3.0812,2.8584,5.3553,33.397,0,5.9668,6.943,2.8584,20.44,8.2744,46.298,9.3448,1.5542,8.2744,13.962,3.8283,0,1.527,5.3825,1.5542,0,0,0,1,0,0,0,1,0,0,0,0,1,0,0,0
2.2149,14.632,8.4776,0,4.5587,22.025,15.464,9.8602,16.834,5.9333,0,6.9742,2.2149,13.249,9.8602,16.847,31.685,0,8.4776,2.2149,2.5443,5.9333,0,5.9333,14.29,14.632,30.715,4.5587,0,4.5587,10.693,4.7592,9.8602,0.038835,0,0.0097087,0.12621,0.82524,0,0,1,0,0,0,0,1,0,0,1
1.1745,1.4483,19.174,0,1.5929,19.025,5.9527,29.361,8.1871,7.3544,6.7297,3.0412,21.929,6.4976,1.5924,7.5275,22.997,0,7.1273,15.462,1.8251,12.001,11.732,45.117,5.2177,3.418,9.9065,7.6704,1.4483,0,6.497,3.0412,5.9522,0,0,0,0.92308,0.076923,0,0,1,0,0,0,0,1,0,0,0
0,16.656,16.374,0,0,21.364,14.87,7.2919,9.1421,14.302,0,3.1397,0,14.87,3.93,15.145,23.666,3.1397,18.447,0,3.3619,14.302,3.3619,16.374,3.93,13.294,27.882,2.0724,6.2794,0,17.664,2.0724,7.0697,0,0,0,0.15385,0.84615,0,0,1,0,0,0,0,1,0,0,0
0,2.883,15.497,0,3.5029,25.76,7.0058,27.526,10.076,2.883,4.8657,12.959,8.3686,3.5029,2.883,6.5729,21.883,6.5729,9.8888,4.8657,7.7487,14.754,7.7487,34.655,9.8888,8.3686,2.883,9.7314,13.146,0,0,3.5029,10.076,0,0,0,1,0,0,0,1,0,0,0,0,1,0,0,0
0,25.193,11.637,0,0,11.422,8.3629,17.321,23.169,2.8944,0,6.0639,0,8.3629,14.427,22.083,22.894,0,14.316,0,8.9583,2.8944,2.8944,5.5732,14.427,22.299,17.106,2.6788,0,0,11.853,8.7427,14.427,0.44444,0.055556,0.055556,0.44444,0,0,0,1,0,0,0,0,1,0,0,1
3.0501,4.2942,23.101,0,1.9711,10.724,10.886,26.343,10.588,8.1879,0.8536,6.2653,20.902,1.9711,8.1879,3.0501,22.957,0,18.23,2.5264,5.1478,10.763,9.8707,46.62,11.287,2.8247,9.0171,1.7072,0,0,3.8937,1.9711,12.809,0,0,0,0.97143,0.028571,0,0,1,0,0,0,0,1,0,0,0
0,0,0,0,0,100,0,0,0,0,0,0,0,0,0,0,100,0,0,0,0,0,0,0,0,0,0,100,0,0,0,0,0,0,0,0,0,1,0,0,1,0,0,0,0,1,0,0,0
0,0,0,10.157,0,89.843,0,0,0,0,0,0,0,10.157,0,0,79.686,10.157,0,0,0,0,0,0,0,0,0,89.843,0,0,0,0,10.157,0,0,0,0.011765,0.98824,0,0,1,0,0,0,0,1,0,0,0
0,0,4.6343,0,0,79.171,0,0,11.561,4.6343,0,0,11.561,0,0,0,79.171,0,0,0,0,9.2686,0,4.6343,4.6343,0,0,79.171,0,0,0,0,11.561,0,0,0,1,0,0,0,1,0,0,0,0,1,0,0,0
0,0,0,0,0,86.354,0,0,13.646,0,0,0,13.646,0,0,13.646,45.414,27.293,0,0,0,0,0,0,0,0,0,72.707,13.646,0,0,0,13.646,0,0,0,1,0,0,0,1,0,0,0,0,1,0,0,0
0,0,0,11.456,0,82.259,0,0,6.2844,0,0,0,6.2844,11.456,0,6.2844,57.153,18.822,0,0,0,0,0,0,0,0,0,69.722,12.537,0,0,0,17.741,0,0,0,0,1,0,0,1,0,0,0,0,1,0,0,0
0,0,0,6.0258,0,86.884,0,0,7.0899,0,0,0,7.0899,6.0258,0,7.0899,59.589,20.206,0,0,0,0,0,0,0,0,0,79.794,7.0899,0,0,0,13.116,0,0,0,0,1,0,0,1,0,0,0,0,1,0,0,0
0,0,0,5.5307,0,82.962,0,0,11.508,0,0,0,11.508,5.5307,0,9.6544,61.302,12.005,0,0,0,0,0,0,0,0,0,76.487,6.4747,0,0,0,17.038,0,0,0,0,1,0,0,1,0,0,0,0,1,0,0,0
0,0,0,0,0,89.535,0,0,10.465,0,0,0,10.465,0,0,10.465,58.139,20.93,0,0,0,0,0,0,0,0,0,79.07,10.465,0,0,0,10.465,0,0,0,0,1,0,0,1,0,0,0,0,1,0,0,0
0,0,0,0,0,100,0,0,0,0,0,0,0,0,0,0,92.311,7.6893,0,0,0,0,0,0,0,0,0,92.311,7.6893,0,0,0,0,0,0,0,0,1,0,0,1,0,0,0,0,1,0,0,0
0,0,0,0,0,100,0,0,0,0,0,0,0,0,0,0,100,0,0,0,0,0,0,0,0,0,0,100,0,0,0,0,0,0,0,0,0,1,0,0,1,0,0,0,0,1,0,0,0
0,0,0,0,0,100,0,0,0,0,0,0,0,0,0,11.226,88.774,0,0,0,0,0,0,0,0,0,0,100,0,0,0,0,0,0,0,0,0,1,0,0,1,0,0,0,0,1,0,0,0
0,0,0,0,0,100,0,0,0,0,0,0,0,0,0,0,100,0,0,0,0,0,0,0,0,0,0,100,0,0,0,0,0,0,0,0,0,1,0,0,1,0,0,0,0,1,0,0,0
0,1.2656,21.643,0,0,57.165,0,11.229,4.2481,1.2656,3.1838,1.2656,11.68,0,1.2656,0,63.945,0,1.2656,7.4319,4.4493,8.6974,8.6974,29.688,1.2656,3.1838,5.5137,51.652,0,0,0,0,0,0,0,0,1,0,0,0,1,0,0,0,0,1,0,0,0
0,4.2916,21.488,0,1.2123,21.683,4.4793,26.936,3.2671,11.716,4.9267,5.5039,12.303,3.3547,6.3464,2.1425,31.479,0,8.7709,7.0692,7.0759,15.954,9.2183,44.427,9.9431,3.9965,6.4341,15.249,0,0,4.1972,1.2123,5.3219,0,0,0,1,0,0,0,1,0,0,0,0,1,0,0,0
5.8897,4.4432,15.129,0,1.635,21.347,6.2437,26.254,7.6765,7.0838,4.2988,6.0782,19.021,2.9837,4.1001,9.5705,24.67,0,12.609,8.7153,5.0612,7.1911,13.732,38.433,8.0008,1.3151,10.782,8.2323,2.3321,0,4.9727,2.3321,9.8676,0,0,0,1,0,0,0,1,0,0,0,0,1,0,0,0
8.5556,0,0,0,8.5556,55.259,0,8.5556,19.074,0,0,8.5556,27.63,0,0,0,55.259,0,0,0,8.5556,0,8.5556,0,8.5556,0,0,55.259,0,0,0,0,27.63,0,0,0,1,0,0,0,1,0,0,0,0,1,0,0,0
2.0354,1.3696,12.556,0,5.7791,9.503,12.396,33.306,8.652,10.34,4.0625,7.1487,24.567,7.8062,6.2779,4.0625,15.986,0,13.765,8.125,3.405,8.857,7.4675,40.083,10.892,3.7437,5.4321,4.0709,0,0,8.9708,3.7437,15.596,0,0,0,0.55,0.45,0,0,1,0,0,0,0,1,0,0,0
0,0,0,0,0,88.302,0,0,11.698,0,0,0,11.698,0,0,10.451,77.85,0,0,0,0,0,0,0,0,0,0,88.302,0,0,0,0,11.698,0,0,0,0,1,0,0,1,0,0,0,0,1,0,0,0
0,0,0,0,0,86.626,0,0,13.374,0,0,0,13.374,0,0,0,86.626,0,0,0,0,0,0,0,0,0,0,86.626,0,0,0,0,13.374,0,0,0,0.018868,0.98113,0,0,1,0,0,0,0,1,0,0,0
0,0,0,0,0,85.255,0,0,14.745,0,0,0,14.745,0,0,0,85.255,0,0,0,0,0,0,0,0,0,0,85.255,0,0,0,0,14.745,0,0,0,0,1,0,0,1,0,0,0,0,1,0,0,0
5.0427,1.9077,10.402,0,1.798,14.474,8.6387,36.137,9.0361,7.2358,5.3281,3.7057,16.56,7.1261,1.9077,10.371,22.283,0,15.589,12.852,1.9077,7.6991,14.474,44.741,10.546,1.798,14.474,0,0,0,5.3281,1.798,6.8407,0,0,0,0,1,0,0,1,0,0,0,0,1,0,0,0
0,0,0,0,0,100,0,0,0,0,0,0,0,0,0,0,100,0,0,0,0,0,0,0,0,0,0,100,0,0,0,0,0,0,0,0,0,1,0,0,1,0,0,0,0,1,0,0,0
0,0,0,0,0,100,0,0,0,0,0,0,0,0,0,0,100,0,0,0,0,0,0,0,0,0,0,100,0,0,0,0,0,0,0,0,0,1,0,0,1,0,0,0,0,1,0,0,0
0,0,0,0,0,100,0,0,0,0,0,0,0,0,0,0,100,0,0,0,0,0,0,0,0,0,0,100,0,0,0,0,0,0,0,0,0,1,0,0,1,0,0,0,0,1,0,0,0
0,0,0,0,0,100,0,0,0,0,0,0,0,0,0,0,100,0,0,0,0,0,0,0,0,0,0,100,0,0,0,0,0,0,0,0,0,1,0,0,1,0,0,0,0,1,0,0,0
0,0,0,0,0,100,0,0,0,0,0,0,0,0,0,0,100,0,0,0,0,0,0,0,0,0,0,100,0,0,0,0,0,0,0,0,0,1,0,0,1,0,0,0,0,1,0,0,0
0,0,0,0,0,100,0,0,0,0,0,0,0,0,0,0,100,0,0,0,0,0,0,0,0,0,0,100,0,0,0,0,0,0,0,0,0,1,0,0,1,0,0,0,0,1,0,0,0
0,0,0,0,0,100,0,0,0,0,0,0,0,0,0,0,100,0,0,0,0,0,0,0,0,0,0,100,0,0,0,0,0,0,0,0,0,1,0,0,1,0,0,0,0,1,0,0,0
0,0,0,0,0,100,0,0,0,0,0,0,0,0,0,0,100,0,0,0,0,0,0,0,0,0,0,100,0,0,0,0,0,0,0,0,0,1,0,0,1,0,0,0,0,1,0,0,0
0,0,0,0,0,100,0,0,0,0,0,0,0,0,0,0,100,0,0,0,0,0,0,0,0,0,0,100,0,0,0,0,0,0,0,0,0,1,0,0,1,0,0,0,0,1,0,0,0
0,0,0,0,0,100,0,0,0,0,0,0,0,0,0,0,100,0,0,0,0,0,0,0,0,0,0,100,0,0,0,0,0,0,0,0,0,1,0,0,1,0,0,0,0,1,0,0,0
0,0,0,0,0,100,0,0,0,0,0,0,0,0,0,0,100,0,0,0,0,0,0,0,0,0,0,100,0,0,0,0,0,0,0,0,0,1,0,0,1,0,0,0,0,1,0,0,0
0,0,0,0,0,100,0,0,0,0,0,0,0,0,0,0,100,0,0,0,0,0,0,0,0,0,0,100,0,0,0,0,0,0,0,0,0,1,0,0,1,0,0,0,0,1,0,0,0
0,0,0,0,0,100,0,0,0,0,0,0,0,0,0,0,100,0,0,0,0,0,0,0,0,0,0,100,0,0,0,0,0,0,0,0,0,1,0,0,1,0,0,0,0,1,0,0,0
0,0,0,0,0,100,0,0,0,0,0,0,0,0,0,0,100,0,0,0,0,0,0,0,0,0,0,100,0,0,0,0,0,0,0,0,0,1,0,0,1,0,0,0,0,1,0,0,0
0,0,0,0,0,100,0,0,0,0,0,0,0,0,0,0,100,0,0,0,0,0,0,0,0,0,0,100,0,0,0,0,0,0,0,0,0,1,0,0,1,0,0,0,0,1,0,0,0
0,0,0,0,0,100,0,0,0,0,0,0,0,0,0,0,100,0,0,0,0,0,0,0,0,0,0,100,0,0,0,0,0,0,0,0,0,1,0,0,1,0,0,0,0,1,0,0,0
0,0,0,0,0,100,0,0,0,0,0,0,0,0,0,0,100,0,0,0,0,0,0,0,0,0,0,100,0,0,0,0,0,0,0,0,0,1,0,0,1,0,0,0,0,1,0,0,0
0,0,0,0,0,100,0,0,0,0,0,0,0,0,0,0,100,0,0,0,0,0,0,0,0,0,0,100,0,0,0,0,0,0,0,0,0,1,0,0,1,0,0,0,0,1,0,0,0
0,0,0,0,0,100,0,0,0,0,0,0,0,0,0,0,100,0,0,0,0,0,0,0,0,0,0,100,0,0,0,0,0,0,0,0,0,1,0,0,1,0,0,0,0,1,0,0,0
0,0,0,0,0,100,0,0,0,0,0,0,0,0,0,0,100,0,0,0,0,0,0,0,0,0,0,100,0,0,0,0,0,0,0,0,0,1,0,0,1,0,0,0,0,1,0,0,0
0,0,0,0,0,100,0,0,0,0,0,0,0,0,0,0,100,0,0,0,0,0,0,0,0,0,0,100,0,0,0,0,0,0,0,0,0,1,0,0,1,0,0,0,0,1,0,0,0
0,0,0,0,0,100,0,0,0,0,0,0,0,0,0,0,100,0,0,0,0,0,0,0,0,0,0,100,0,0,0,0,0,0,0,0,0,1,0,0,1,0,0,0,0,1,0,0,0
0,0,0,0,0,100,0,0,0,0,0,0,0,0,0,0,100,0,0,0,0,0,0,0,0,0,0,100,0,0,0,0,0,0,0,0,0,1,0,0,1,0,0,0,0,1,0,0,0
0,0,0,0,0,100,0,0,0,0,0,0,0,0,0,0,100,0,0,0,0,0,0,0,0,0,0,100,0,0,0,0,0,0,0,0,0,1,0,0,1,0,0,0,0,1,0,0,0
0,0,0,0,0,100,0,0,0,0,0,0,0,0,0,0,100,0,0,0,0,0,0,0,0,0,0,100,0,0,0,0,0,0,0,0,0,1,0,0,1,0,0,0,0,1,0,0,0
0,0,0,0,0,100,0,0,0,0,0,0,0,0,0,0,100,0,0,0,0,0,0,0,0,0,0,100,0,0,0,0,0,0,0,0,0,1,0,0,1,0,0,0,0,1,0,0,0
0,0,0,0,0,100,0,0,0,0,0,0,0,0,0,0,100,0,0,0,0,0,0,0,0,0,0,100,0,0,0,0,0,0,0,0,0,1,0,0,1,0,0,0,0,1,0,0,0
0,0,0,0,0,100,0,0,0,0,0,0,0,0,0,0,100,0,0,0,0,0,0,0,0,0,0,100,0,0,0,0,0,0,0,0,0,1,0,0,1,0,0,0,0,1,0,0,0
0,0,0,0,0,100,0,0,0,0,0,0,0,0,0,0,100,0,0,0,0,0,0,0,0,0,0,100,0,0,0,0,0,0,0,0,0,1,0,0,1,0,0,0,0,1,0,0,0
0,0,0,0,0,100,0,0,0,0,0,0,0,0,0,0,100,0,0,0,0,0,0,0,0,0,0,100,0,0,0,0,0,0,0,0,0,1,0,0,1,0,0,0,0,1,0,0,0
0,0,0,0,0,100,0,0,0,0,0,0,0,0,0,0,100,0,0,0,0,0,0,0,0,0,0,100,0,0,0,0,0,0,0,0,0,1,0,0,1,0,0,0,0,1,0,0,0
0,0,0,0,0,100,0,0,0,0,0,0,0,0,0,0,100,0,0,0,0,0,0,0,0,0,0,100,0,0,0,0,0,0,0,0,0,1,0,0,1,0,0,0,0,1,0,0,0
0,0,0,0,0,100,0,0,0,0,0,0,0,0,0,0,100,0,0,0,0,0,0,0,0,0,0,100,0,0,0,0,0,0,0,0,0,1,0,0,1,0,0,0,0,1,0,0,0
0,0,0,0,0,100,0,0,0,0,0,0,0,0,0,0,100,0,0,0,0,0,0,0,0,0,0,100,0,0,0,0,0,0,0,0,0,1,0,0,1,0,0,0,0,1,0,0,0
0,0,0,0,0,100,0,0,0,0,0,0,0,0,0,0,100,0,0,0,0,0,0,0,0,0,0,100,0,0,0,0,0,0,0,0,0,1,0,0,1,0,0,0,0,1,0,0,0
0,0,0,0,0,100,0,0,0,0,0,0,0,0,0,0,100,0,0,0,0,0,0,0,0,0,0,100,0,0,0,0,0,0,0,0,0,1,0,0,1,0,0,0,0,1,0,0,0
0,0,0,0,0,100,0,0,0,0,0,0,0,0,0,0,100,0,0,0,0,0,0,0,0,0,0,100,0,0,0,0,0,0,0,0,0,1,0,0,1,0,0,0,0,1,0,0,0
0,0,0,0,0,100,0,0,0,0,0,0,0,0,0,0,100,0,0,0,0,0,0,0,0,0,0,100,0,0,0,0,0,0,0,0,0,1,0,0,1,0,0,0,0,1,0,0,0
0,0,0,0,0,100,0,0,0,0,0,0,0,0,0,0,100,0,0,0,0,0,0,0,0,0,0,100,0,0,0,0,0,0,0,0,0,1,0,0,1,0,0,0,0,1,0,0,0
0,0,0,0,0,100,0,0,0,0,0,0,0,0,0,0,100,0,0,0,0,0,0,0,0,0,0,100,0,0,0,0,0,0,0,0,0,1,0,0,1,0,0,0,0,1,0,0,0
0,0,0,0,0,100,0,0,0,0,0,0,0,0,0,0,100,0,0,0,0,0,0,0,0,0,0,100,0,0,0,0,0,0,0,0,0,1,0,0,1,0,0,0,0,1,0,0,0
0,0,0,0,0,100,0,0,0,0,0,0,0,0,0,0,100,0,0,0,0,0,0,0,0,0,0,100,0,0,0,0,0,0,0,0,0,1,0,0,1,0,0,0,0,1,0,0,0
0,0,0,0,0,100,0,0,0,0,0,0,0,0,0,0,100,0,0,0,0,0,0,0,0,0,0,100,0,0,0,0,0,0,0,0,0,1,0,0,1,0,0,0,0,1,0,0,0
0,0,0,0,0,100,0,0,0,0,0,0,0,0,0,0,100,0,0,0,0,0,0,0,0,0,0,100,0,0,0,0,0,0,0,0,0,1,0,0,1,0,0,0,0,1,0,0,0
0,0,0,0,0,100,0,0,0,0,0,0,0,0,0,0,100,0,0,0,0,0,0,0,0,0,0,100,0,0,0,0,0,0,0,0,0,1,0,0,1,0,0,0,0,1,0,0,0
0,0,0,0,0,100,0,0,0,0,0,0,0,0,0,0,100,0,0,0,0,0,0,0,0,0,0,100,0,0,0,0,0,0,0,0,0,1,0,0,1,0,0,0,0,1,0,0,0
0,0,0,0,0,100,0,0,0,0,0,0,0,0,0,0,100,0,0,0,0,0,0,0,0,0,0,100,0,0,0,0,0,0,0,0,0,1,0,0,1,0,0,0,0,1,0,0,0
0,0,0,0,0,100,0,0,0,0,0,0,0,0,0,0,100,0,0,0,0,0,0,0,0,0,0,100,0,0,0,0,0,0,0,0,0,1,0,0,1,0,0,0,0,1,0,0,0
0,0,0,0,0,100,0,0,0,0,0,0,0,0,0,0,100,0,0,0,0,0,0,0,0,0,0,100,0,0,0,0,0,0,0,0,0,1,0,0,1,0,0,0,0,1,0,0,0
0,0,0,0,0,100,0,0,0,0,0,0,0,0,0,0,100,0,0,0,0,0,0,0,0,0,0,100,0,0,0,0,0,0,0,0,0.014706,0.98529,0,0,1,0,0,0,0,1,0,0,0
0,0,0,0,0,100,0,0,0,0,0,0,0,0,0,0,100,0,0,0,0,0,0,0,0,0,0,100,0,0,0,0,0,0,0,0,0,1,0,0,1,0,0,0,0,1,0,0,0
0,0,0,0,0,100,0,0,0,0,0,0,0,0,0,0,100,0,0,0,0,0,0,0,0,0,0,100,0,0,0,0,0,0,0,0,0,1,0,0,1,0,0,0,0,1,0,0,0
0,0,0,0,0,100,0,0,0,0,0,0,0,0,0,0,100,0,0,0,0,0,0,0,0,0,0,100,0,0,0,0,0,0,0,0,0,1,0,0,1,0,0,0,0,1,0,0,0
0,0,0,0,0,100,0,0,0,0,0,0,0,0,0,0,100,0,0,0,0,0,0,0,0,0,0,100,0,0,0,0,0,0,0,0,0,1,0,0,1,0,0,0,0,1,0,0,0
0,0,0,0,0,100,0,0,0,0,0,0,0,0,0,0,100,0,0,0,0,0,0,0,0,0,0,100,0,0,0,0,0,0,0,0,0,1,0,0,1,0,0,0,0,1,0,0,0
0,0,0,0,0,100,0,0,0,0,0,0,0,0,0,0,100,0,0,0,0,0,0,0,0,0,0,100,0,0,0,0,0,0,0,0,0.15094,0.84906,0,0,1,0,0,0,0,1,0,0,0
0,0,0,0,0,100,0,0,0,0,0,0,0,0,0,0,100,0,0,0,0,0,0,0,0,0,0,100,0,0,0,0,0,0,0,0,0,1,0,0,1,0,0,0,0,1,0,0,0
0,0,0,0,0,100,0,0,0,0,0,0,0,0,0,0,100,0,0,0,0,0,0,0,0,0,0,100,0,0,0,0,0,0,0,0,0,1,0,0,1,0,0,0,0,1,0,0,0
0,0,0,0,0,100,0,0,0,0,0,0,0,0,0,0,100,0,0,0,0,0,0,0,0,0,0,100,0,0,0,0,0,0,0,0,0,1,0,0,1,0,0,0,0,1,0,0,0
0,0,0,0,0,100,0,0,0,0,0,0,0,0,0,0,100,0,0,0,0,0,0,0,0,0,0,100,0,0,0,0,0,0,0,0,0,1,0,0,1,0,0,0,0,1,0,0,0
0,0,0,0,0,100,0,0,0,0,0,0,0,0,0,0,100,0,0,0,0,0,0,0,0,0,0,100,0,0,0,0,0,0,0,0,0.012048,0.98795,0,0,1,0,0,0,0,1,0,0,0
0,0,0,0,0,100,0,0,0,0,0,0,0,0,0,0,100,0,0,0,0,0,0,0,0,0,0,100,0,0,0,0,0,0,0,0,0,1,0,0,1,0,0,0,0,1,0,0,0
0,0,0,0,0,100,0,0,0,0,0,0,0,0,0,0,100,0,0,0,0,0,0,0,0,0,0,100,0,0,0,0,0,0,0,0,0,1,0,0,1,0,0,0,0,1,0,0,0
0,0,0,0,0,100,0,0,0,0,0,0,0,0,0,0,100,0,0,0,0,0,0,0,0,0,0,100,0,0,0,0,0,0,0,0,0,1,0,0,1,0,0,0,0,1,0,0,0
0,0,9.7666,0,9.8377,80.396,0,0,0,0,0,9.7666,0,9.8377,0,0,52.865,17.693,9.8377,0,0,0,0,9.7666,0,0,0,52.936,27.459,0,9.8377,0,0,0,0,0,0,1,0,0,1,0,0,0,0,1,0,0,0
0,0,17.802,0,0,59.081,0,0,14.216,8.9012,0,8.9012,0,7.4118,5.3144,8.9012,31.027,20.642,0,0,0,17.802,0,17.802,8.9012,0,0,31.027,19.152,8.9012,0,5.3144,8.9012,0,0,0,0,1,0,0,1,0,0,0,0,1,0,0,0
0,0,0,11.413,18.025,63.951,0,6.6112,0,0,0,11.413,0,15.912,6.6112,18.025,20.714,20.714,6.6112,0,0,0,0,0,6.6112,11.413,0,20.714,43.237,6.6112,11.413,0,0,0,0,0,0,1,0,0,1,0,0,0,0,1,0,0,0
0,0,5.2522,7.7945,7.7945,79.159,0,0,0,0,0,13.047,0,7.2327,0,16.5,48.194,15.027,0,0,0,0,0,5.2522,0,7.7945,8.705,42.942,27.512,0,7.7945,0,0,0,0,0,0,1,0,0,1,0,0,0,0,1,0,0,0
0,0,0,5.1132,27.582,41.983,6.0977,19.224,0,0,0,2.5566,0,13.126,24.041,15.683,9.9298,10.623,13.126,10.914,0,0,0,9.6387,15.683,2.5566,0,10.914,31.069,19.224,8.3576,2.5566,0,0,0,0,0,1,0,0,1,0,0,0,0,1,0,0,0
0,0,0,0,40.458,32.434,16.16,10.948,0,0,0,0,0,5.2128,10.948,8.137,10.426,32.843,8.137,24.297,0,0,0,27.108,0,0,0,16.16,16.274,29.51,10.948,0,0,0,0,0,0.19355,0.80645,0,0,1,0,0,0,0,1,0,0,0
0,0,0,14.329,33.815,30.465,15.99,5.4016,0,0,0,8.927,0,14.3,5.4016,8.927,35.505,7.2376,3.7122,15.99,0,0,0,15.99,5.4016,8.927,0,23.227,7.2376,26.578,7.2376,5.4016,0,0,0,0,0,1,0,0,1,0,0,0,0,1,0,0,0
0,0,0,6.4855,18.839,62.655,3.2428,8.7775,0,0,0,3.2428,0,15.596,8.7775,8.7775,27.651,17.116,15.596,3.2428,0,0,0,3.2428,8.7775,3.2428,0,34.469,28.186,8.7775,10.061,3.2428,0,0,0,0,0,1,0,0,1,0,0,0,0,1,0,0,0
0,0,0,7.7072,38.745,40.266,5.5742,7.7072,0,0,0,0,0,5.5742,20.237,5.5317,29.607,20.946,1.8277,16.276,0,0,0,13.281,0,0,0,29.564,10.702,14.852,22.065,9.5349,0,0,0,0,0,1,0,0,1,0,0,0,0,1,0,0,0
0,0,0,0,50,50,0,0,0,0,0,0,20.265,0,0,21.976,35.783,0,0,14.217,7.7587,0,0,0,0,0,0,50,0,21.976,28.024,0,0,0,0,0,0.25862,0.74138,0,0,1,0,0,0,0,1,0,0,0
0,0,0,0,54.635,45.365,0,0,0,0,0,0,9.2704,0,0,18.047,36.094,0,0,9.2704,27.318,0,0,0,0,0,0,45.365,0,18.047,36.588,0,0,0,0,0,0.15,0.85,0,0,1,0,0,0,0,1,0,0,0
0,0,0,0,34.416,65.584,0,0,0,0,0,0,6.1817,0,0,22.052,37.351,0,0,28.234,6.1817,0,0,0,0,0,0,65.584,0,22.052,12.363,0,0,0,0,0,0,1,0,0,1,0,0,0,0,1,0,0,0
0,0,0,0,38.429,61.571,0,0,0,0,0,0,0,0,28.38,10.049,23.142,10.049,15.287,13.093,0,0,0,0,0,0,0,33.191,28.38,10.049,28.38,0,0,0,0,0,0.0875,0.9125,0,0,1,0,0,0,0,1,0,0,0
0,0,0,0,50,50,0,0,0,0,0,0,0,0,50,0,0,0,50,0,0,0,0,0,0,0,0,0,50,0,50,0,0,0,0,0,0.28571,0.71429,0,0,1,0,0,0,0,1,0,0,0
0,0,0,0,75.668,24.332,0,0,0,0,0,0,0,0,63.502,12.166,0,0,12.166,12.166,0,0,0,0,0,0,0,0,24.332,12.166,63.502,0,0,0,0,0,0,1,0,0,1,0,0,0,0,1,0,0,0
0,0,0,0,24.23,62.487,6.6417,6.6417,0,0,0,0,0,0,6.6417,10.947,33.952,19.925,10.947,17.588,0,0,0,13.283,0,0,0,40.593,21.893,17.588,6.6417,0,0,0,0,0,0,1,0,0,1,0,0,0,0,1,0,0,0
0,0,0,0,0,58.948,29.474,11.578,0,0,0,0,0,0,0,0,88.422,0,11.578,0,0,0,0,0,11.578,0,29.474,47.37,11.578,0,0,0,0,0,0,0,0.009434,0.99057,0,0,1,0,0,0,0,1,0,0,1
0,0,0,0,33.333,66.667,0,0,0,0,0,0,0,0,0,33.333,33.333,33.333,0,0,0,0,0,0,0,0,0,66.667,0,33.333,0,0,0,0,0,0,0,1,0,0,1,0,0,0,0,1,0,0,0
0,9.9835,0,0,0,53.061,36.956,0,0,0,0,0,0,0,0,0,90.016,0,0,0,0,9.9835,0,0,9.9835,0,36.956,45.008,8.0526,0,0,0,0,0,0,0,0,1,0,0,1,0,0,0,0,1,0,0,0
0,0,0,0,42.75,57.25,0,0,0,0,0,0,21.375,0,0,0,35.875,0,0,21.375,21.375,0,0,0,0,0,0,57.25,0,0,42.75,0,0,0,0,0,0,1,0,0,1,0,0,0,0,1,0,0,0
0,0,0,0,0,100,0,0,0,0,0,0,0,0,0,0,100,0,0,0,0,0,0,0,0,0,0,100,0,0,0,0,0,0,0,0,0,1,0,0,1,0,0,0,0,1,0,0,0
0,0,0,0,31.631,68.369,0,0,0,0,0,0,13.345,0,0,9.1433,68.369,0,0,0,9.1433,0,0,0,0,0,0,68.369,0,9.1433,22.488,0,0,0,0,0,0,1,0,0,1,0,0,0,0,1,0,0,0
0,0,5.7818,0,0,78.005,0,5.7818,10.431,0,0,5.7818,4.6496,0,5.7818,10.431,73.355,0,0,0,0,0,10.431,0,5.7818,5.7818,0,78.005,0,0,0,0,0,0,0,0,0,1,0,0,1,0,0,0,0,1,0,0,0
0,8.9253,27.383,0,0,27.383,0,0,36.308,0,0,9.2289,0,8.9253,18.154,27.08,18.458,0,0,0,9.2289,8.9253,9.2289,0,36.308,9.2289,0,0,18.154,0,8.9253,18.154,0,0,0,0,0,1,0,0,1,0,0,0,0,1,0,0,0
0,22.461,8.0422,0,0,38.289,15.123,0,16.084,0,0,0,0,15.252,8.0422,16.084,45.37,0,7.2096,0,0,8.0422,0,7.2096,23.294,0,15.123,23.037,15.252,0,8.0422,8.0422,0,0,0,0,0.071429,0.92857,0,0,1,0,0,0,0,1,0,0,0
0,0,44.668,7.1535,0,27.249,0,7.1535,13.775,0,0,3.3109,0,13.088,17.618,16.399,33.184,13.088,0,0,3.3109,0,29.488,11.87,19.71,3.3109,0,14.693,3.3109,0,7.1535,10.464,0,0,0,0,0.0095238,0.99048,0,0,1,0,0,0,0,1,0,0,0
0,2.0566,43.265,7.0784,0,22.792,0,4.4242,20.384,0,0,10.348,0,10.06,15.943,18.925,25.2,8.0039,0,0,9.4625,2.0566,22.816,8.9293,31.927,10.348,0,4.4242,7.98,0,5.5958,7.98,0,0,0,0,0.22667,0.77333,0,0,1,0,0,0,0,1,0,0,1
0,0,7.1691,0,0,70.961,0,0,21.87,0,0,7.1691,0,0,21.87,9.1946,61.766,0,0,0,0,0,0,7.1691,0,0,31.065,32.727,7.1691,0,0,21.87,0,0,0,0,0,1,0,0,1,0,0,0,0,1,0,0,0
0,10.101,10.101,0,0,79.798,0,0,0,0,0,0,0,0,0,23.907,45.79,0,10.101,10.101,0,10.101,10.101,10.101,0,11.954,0,55.891,11.954,0,0,0,0,0,0,0,0,1,0,0,1,0,0,0,0,1,0,0,0
0,0,0,0,0,91.789,0,0,8.2112,0,0,0,0,0,8.2112,20.396,62.749,8.6435,0,0,0,0,0,0,0,0,10.198,42.353,39.238,0,0,8.2112,0,0,0,0,0.011628,0.98837,0,0,1,0,0,0,0,1,0,0,0
0,0,10.277,0,0,89.723,0,0,0,0,0,0,0,0,0,23.657,66.066,0,0,10.277,0,0,10.277,0,0,10.927,6.365,42.409,30.022,0,0,0,0,0,0,0,0,1,0,0,1,0,0,0,0,1,0,0,0
0,0,6.8196,0,0,93.18,0,0,0,0,0,0,0,0,0,0,93.18,0,0,6.8196,0,0,6.8196,0,0,0,0,93.18,0,0,0,0,0,0,0,0,0,1,0,0,1,0,0,0,0,1,0,0,0
0,0,0,0,0,100,0,0,0,0,0,0,0,0,0,0,100,0,0,0,0,0,0,0,0,0,0,100,0,0,0,0,0,0,0,0,0,1,0,0,1,0,0,0,0,1,0,0,0
0,0,0,0,0,100,0,0,0,0,0,0,0,0,0,0,100,0,0,0,0,0,0,0,0,0,0,100,0,0,0,0,0,0,0,0,0,1,0,0,1,0,0,0,0,1,0,0,0
0,0,0,0,0,100,0,0,0,0,0,0,0,0,0,0,100,0,0,0,0,0,0,0,0,0,0,100,0,0,0,0,0,0,0,0,0,1,0,0,1,0,0,0,0,1,0,0,0
0,0,0,0,0,100,0,0,0,0,0,0,0,0,0,32.231,67.769,0,0,0,0,0,0,0,0,11.82,9.7317,56.856,21.593,0,0,0,0,0,0,0,0,1,0,0,1,0,0,0,0,1,0,0,0
0,0,0,0,9.2427,78.446,9.2427,3.0687,0,0,0,9.2427,0,0,0,26.298,64.459,0,0,0,0,0,0,0,9.2427,7.0328,3.4768,47.404,29.775,3.0687,0,0,0,0,0,0,0,1,0,0,1,0,0,0,0,1,0,0,0
0,0,0,21.203,12.098,36.172,19.924,10.602,0,0,0,19.924,0,0,0,20.07,54.454,0,2.7758,0,0,2.7758,0,0,30.526,0,0,30.33,15.165,2.7758,0,21.203,0,0,0,0,0,1,0,0,1,0,0,0,0,1,0,0,0
0,0,0,8.8101,8.2578,57.606,12.663,12.663,0,0,0,12.663,0,0,0,26.127,61.211,0,0,0,0,0,0,0,17.068,0,0,38.937,26.927,8.2578,0,8.8101,0,0,0,0,0,1,0,0,1,0,0,0,0,1,0,0,0
0,0,0,0,0,100,0,0,0,0,0,0,0,0,0,0,100,0,0,0,0,0,0,0,0,0,0,100,0,0,0,0,0,0,0,0,0,1,0,0,1,0,0,0,0,1,0,0,0
0,0,0,0,0,100,0,0,0,0,0,0,0,0,0,0,100,0,0,0,0,0,0,0,0,0,0,100,0,0,0,0,0,0,0,0,0,1,0,0,1,0,0,0,0,1,0,0,0
0,0,0,0,0,100,0,0,0,0,0,0,0,0,0,0,100,0,0,0,0,0,0,0,0,0,0,100,0,0,0,0,0,0,0,0,0,1,0,0,1,0,0,0,0,1,0,0,0
0,0,0,0,0,100,0,0,0,0,0,0,0,0,0,0,100,0,0,0,0,0,0,0,0,0,0,100,0,0,0,0,0,0,0,0,0.058824,0.94118,0,0,1,0,0,0,0,1,0,0,0
0,0,0,0,0,100,0,0,0,0,0,0,0,0,0,0,100,0,0,0,0,0,0,0,0,0,0,100,0,0,0,0,0,0,0,0,0.077778,0.92222,0,0,1,0,0,0,0,1,0,0,0
0,0,0,0,0,100,0,0,0,0,0,0,0,0,0,0,100,0,0,0,0,0,0,0,0,0,0,100,0,0,0,0,0,0,0,0,0.12088,0.87912,0,0,1,0,0,0,0,1,0,0,0
0,0,0,10.706,12.539,49.556,21.846,5.3531,0,0,0,5.3531,0,0,0,0,76.755,0,5.3531,0,0,12.539,0,0,17.892,0,16.493,36.617,12.939,5.3531,0,10.706,0,0,0,0,0,1,0,0,1,0,0,0,0,1,0,0,0
0,0,0,9.0583,4.5291,64.791,10.811,10.811,0,0,0,4.5291,0,0,0,0,80.131,0,10.811,0,0,4.5291,0,0,15.34,0,6.2818,52.247,12.544,4.5291,0,9.0583,0,0,0,0,0,1,0,0,1,0,0,0,0,1,0,0,0
0,8.5547,0,0,0,68.582,17.106,5.7573,0,0,0,0,0,4.2774,0,0,85.688,0,10.035,0,0,0,0,4.2774,10.035,0,17.106,49.955,18.627,0,0,0,0,0,0,0,0,1,0,0,1,0,0,0,0,1,0,0,0
0,5.48,0,0,5.9632,81.409,7.1478,0,0,0,0,0,0,0,0,0,88.557,0,0,0,5.48,5.9632,0,5.48,5.9632,0,7.1478,62.818,18.591,0,0,0,0,0,0,0,0,1,0,0,1,0,0,0,0,1,0,0,0
0,0,0,0,0,100,0,0,0,0,0,0,0,0,0,0,100,0,0,0,0,0,0,0,0,0,0,100,0,0,0,0,0,0,0,0,0,1,0,0,1,0,0,0,0,1,0,0,0
0,0,0,0,0,100,0,0,0,0,0,0,0,0,0,0,100,0,0,0,0,0,0,0,0,0,0,100,0,0,0,0,0,0,0,0,0,1,0,0,1,0,0,0,0,1,0,0,0
0,23.617,14.367,0,0,40.581,10.659,0,10.777,0,0,0,0,7.1845,0,0,54.832,4.789,8.3812,4.789,13.083,6.9412,0,22.661,15.322,0,19.04,23.78,8.4196,0,3.5922,3.5922,3.5922,0,0,0,0.026316,0.97368,0,0,1,0,0,0,0,1,0,0,0
0,18.989,0,0,0,61.249,4.3612,0,15.4,0,0,0,0,14.628,0,0,70.744,0,9.4947,0,5.1335,0,0,9.4947,9.4947,0,9.4947,46.444,9.6718,0,5.1335,5.1335,5.1335,0,0,0,0.04,0.96,0,0,1,0,0,0,0,1,0,0,0
0,0,0,0,0,74.507,0,0,12.746,0,12.746,0,0,0,12.746,0,74.507,12.746,0,0,0,0,0,0,0,0,0,74.507,0,12.746,0,0,12.746,0,0,0,0,1,0,0,1,0,0,0,0,1,0,0,0
0,7.111,6.9588,0,14.07,37.955,0,0,13.918,0,19.988,0,14.07,0,7.111,13.918,38.107,6.9588,12.877,0,0,6.9588,0,6.9588,7.111,0,0,37.955,0,34.057,0,0,13.918,0,0,0,0,1,0,0,1,0,0,0,0,1,0,0,0
0,0,0,0,0,100,0,0,0,0,0,0,0,0,0,0,100,0,0,0,0,0,0,0,0,0,0,100,0,0,0,0,0,0,0,0,0.030928,0.96907,0,0,1,0,0,0,0,1,0,0,0
0,0,0,0,0,100,0,0,0,0,0,0,0,0,0,0,100,0,0,0,0,0,0,0,0,0,0,100,0,0,0,0,0,0,0,0,0,1,0,0,1,0,0,0,0,1,0,0,0
0,0,0,0,0,89.055,0,0,0,0,10.945,0,0,0,0,0,89.055,0,10.945,0,0,0,0,0,0,0,0,89.055,0,10.945,0,0,0,0,0,0,0,1,0,0,1,0,0,0,0,1,0,0,0
0,12.267,0,0,12.267,38.155,0,0,6.3889,0,30.922,0,12.267,0,18.656,0,50.422,6.3889,12.267,0,0,0,0,0,12.267,0,0,38.155,0,43.189,0,0,6.3889,0,0,0.010204,0,0.9898,0,0,1,0,0,0,0,1,0,0,0
0,0,18.412,0,0,43.602,5.6584,3.0458,6.0997,8.8197,14.363,21.45,0,0,0,11.758,28.79,11.758,0,0,11.317,14.928,0,30.17,6.0997,5.6584,0,16.362,21.14,5.7739,8.7042,3.0458,3.0458,0,0,0,0.058824,0.94118,0,0,1,0,0,0,0,1,0,0,0
0,0,0,13.586,37.337,33.515,4.9597,10.602,0,0,0,2.7568,0,19.607,12.809,19.611,19.091,11.749,9.4168,4.9597,0,0,0,8.3521,7.2095,2.7568,0,16.339,17.176,24.566,10.564,13.037,0,0,0,0,0,1,0,0,1,0,0,0,0,1,0,0,1
0,0,0,12.632,37.413,33.858,9.7811,6.3158,0,0,0,6.3158,0,3.4653,9.7811,23.552,40.174,3.4653,3.4653,9.7811,0,0,0,9.7811,6.3158,6.3158,0,33.858,0,13.246,6.9306,23.552,0,0,0,0,0,1,0,0,1,0,0,0,0,1,0,0,1
0,0,0,10.1,53.56,13.293,14.987,8.0592,0,0,0,2.4334,0,6.9283,14.987,9.3617,10.1,29.039,12.162,14.987,0,0,0,20.613,2.4334,2.4334,0,13.293,0,21.916,24.716,14.595,0,0,0,0,0,1,0,0,1,0,0,0,0,1,0,0,1
0,0,0,26.478,43.616,26.478,3.4277,0,0,0,0,0,0,18.301,3.4277,18.301,26.478,15.032,15.032,3.4277,0,0,0,3.4277,0,0,0,26.478,0,21.729,18.46,29.906,0,0,0,0,0,1,0,0,1,0,0,0,0,1,0,0,0
0,0,0,24.085,28.912,30.639,3.7405,12.623,0,0,0,2.0301,0,3.7529,12.623,9.22,30.959,30.286,7.3888,3.7405,0,0,0,14.334,2.0301,2.0301,0,30.639,0,7.4934,17.982,25.492,0,0,0,0,0.025,0.975,0,0,1,0,0,0,0,1,0,0,1
0,0,0,6.3254,52.12,28.264,6.9652,6.3254,0,0,0,0,0,6.9652,13.291,17.934,28.264,19.616,6.9652,6.9652,0,0,0,13.291,0,0,0,28.264,0,13.93,20.256,24.26,0,0,0,0,0,1,0,0,1,0,0,0,0,1,0,0,1
0,5.2357,33.192,12.808,0,9.0838,0,8.8782,30.802,0,0,2.2807,0,22.232,23.817,20.917,11.142,11.27,0,0,3.1054,5.2357,21.716,3.1346,27.128,2.2807,0,2.2807,5.2357,0,20.665,17.56,0,0,0,0,0.79545,0.20455,0,0,1,0,0,0,0,1,0,0,1
0,5.2801,27.664,12.227,0,17.946,5.2801,2.7707,28.833,0,0,6.3328,0,14.197,16.602,9.1034,29.924,7.499,0,0,11.061,5.2801,16.602,0,30.173,6.3328,5.2801,5.2801,6.3328,0,14.197,15.802,0,0,0,0,0.90141,0.098592,0,0,1,0,0,0,0,1,0,0,1
0,3.8486,28.127,13.164,3.2141,15.924,0,11.117,24.605,0,0,6.9388,3.2141,6.1012,19.141,16.254,15.924,17.013,3.2141,3.2141,1.9229,7.0627,22.355,10.277,18.177,6.9388,0,8.8645,1.9229,7.0627,6.1012,18.301,0,0,0,0,0.18627,0.81373,0,0,1,0,0,0,0,1,0,0,1
0,4.8317,22.253,33.323,0,12.508,0,4.8723,22.212,0,0,3.8382,0,38.155,18.414,18.374,7.6764,4.8723,0,0,3.8382,4.8317,42.034,0,22.212,3.8382,0,0,8.6699,0,9.704,13.542,0,0,0,0,0.13084,0.86916,0,0,1,0,0,0,0,1,0,0,1
0,0,50,50,0,0,0,0,0,0,0,0,0,25,25,0,0,25,0,0,25,0,25,0,50,0,0,0,0,0,25,0,0,0,0,0,0.44444,0.55556,0,0,1,0,0,0,0,1,0,0,1
0,0,30.093,0,0,41.589,0,0,28.318,0,0,0,0,0,28.318,0,41.589,0,30.093,0,0,0,0,30.093,0,0,15.047,26.542,0,0,15.047,13.271,0,0,0,0,0.18841,0.81159,0,0,1,0,0,0,0,1,0,0,1
0,18.087,22.206,0,2.4938,19.712,9.3231,10.079,13.22,4.8788,0,3.1411,0,9.3231,10.079,11.382,19.946,0,17.218,9.1983,3.1411,16.571,11.692,16.571,7.5854,8.8886,17.343,11.692,0,0,10.514,5.6349,10.079,0.036364,0,0,0,0.96364,0,0,1,0,0,0,0,1,0,0,1
0,0,19.097,6.3403,0,18.641,15.046,6.3403,4.388,2.4323,27.715,17.32,0,1.3846,0,18.725,3.0736,19.276,4.2795,1.3846,28.549,6.0067,4.83,34.556,5.2221,13.661,0,1.4053,16.293,1.5981,12.827,3.0529,6.5538,0,0,0,0.5,0.5,0,0,1,0,0,0,0,1,0,0,1
0,0,16.082,10.597,12.229,19.624,3.2046,8.0411,27.017,3.2046,0,3.2046,0,0,19.624,8.0411,50.492,0,10.597,0,3.2046,4.8366,4.8366,8.0411,3.2046,3.2046,14.787,4.8366,0,0,19.622,33.426,8.0411,0,0,0,0.51579,0.48421,0,0,1,0,0,0,0,1,0,0,0
0,0,0,0,0,100,0,0,0,0,0,0,0,0,0,27.69,72.31,0,0,0,0,0,0,0,0,6.584,3.9894,57.788,31.639,0,0,0,0,0,0,0,0,1,0,0,1,0,0,0,0,1,0,0,0
0,24.34,25.22,0,3.2632,16.311,0,15.433,3.2632,12.17,0,0,0,0,3.2632,3.2632,47.177,0,12.17,6.5237,12.17,15.433,21.957,15.433,0,12.17,0,16.311,0,0,27.603,3.2632,3.2632,0.6,0,0.066667,0.13333,0.2,0,0,1,0,0,0,0,1,0,0,1
0,0,0,0,0,69.767,0,10.503,14.479,5.2513,0,19.73,0,0,0,14.479,40.809,14.479,5.2513,0,0,5.2513,0,0,0,5.2513,0,34.545,35.222,0,0,5.2513,19.73,0,0,0,1,0,0,0,1,0,0,0,0,1,0,0,0
0,6.4684,4.5285,0,0,68.949,0,10.997,9.057,0,0,10.997,0,0,4.5285,6.4684,45.32,17.161,4.5285,0,4.5285,6.4684,0,6.4684,4.5285,0,4.5285,40.791,23.63,0,4.5285,10.997,4.5285,0,0,0,1,0,0,0,1,0,0,0,0,1,0,0,0
0,0,0,0,0,100,0,0,0,0,0,0,0,0,0,0,100,0,0,0,0,0,0,0,0,0,0,75,25,0,0,0,0,0,0,0,1,0,0,0,1,0,0,0,0,1,0,0,0
0,0,3.9445,0,0,86.695,3.9445,0,5.4165,0,0,9.361,0,0,0,0,80.548,10.091,0,0,0,0,0,7.889,0,0,0,34.96,51.735,0,0,5.4165,0,0,0,0,1,0,0,0,1,0,0,0,0,1,0,0,0
0,0,66.667,19.429,0,13.904,0,0,0,0,0,0,0,0,6.7282,0,59.491,0,33.781,0,0,0,26.605,40.062,0,0,13.904,0,0,0,19.429,0,0,0,0,0,0.61446,0.38554,0,0,1,0,0,0,0,1,0,0,1
0,0,66.667,17.417,0,15.917,0,0,0,0,0,0,0,0,22.624,0,38.54,0,38.836,0,0,0,10.71,55.957,0,0,15.917,0,0,0,17.417,0,0,0,0,0,0.083333,0.91667,0,0,1,0,0,0,0,1,0,0,1
0,0,0,44.27,15.924,11.049,15.924,12.833,0,0,0,15.924,0,0,0,26.989,41.151,0,7.9676,0,0,7.9676,0,0,23.892,0,0,6.1833,12.822,12.833,0,44.27,0,0,0,0,0,1,0,0,1,0,0,0,0,1,0,0,0
0,0,0,45.415,9.1707,0,22.707,22.707,0,0,0,22.707,0,0,0,13.537,45.415,0,9.1707,0,0,9.1707,0,0,45.415,0,0,0,0,9.1707,0,45.415,0,0,0,0,0,1,0,0,1,0,0,0,0,1,0,0,0
0,0,0,0,0,100,0,0,0,0,0,0,0,0,0,14.554,85.446,0,0,0,0,0,0,0,0,9.9751,0,70.892,19.133,0,0,0,0,0,0,0,0,1,0,0,1,0,0,0,0,1,0,0,0
0,0,0,0,0,50,0,50,0,0,0,0,0,0,0,0,0,100,0,0,0,0,0,50,0,0,0,50,0,0,0,0,0,0,0,0,1,0,0,0,1,0,0,0,0,1,0,0,0
0,0,0,0,0,57.424,27.728,14.848,0,0,0,0,0,0,0,0,85.152,14.848,0,0,0,0,0,14.848,0,27.728,0,57.424,0,0,0,0,0,0,0,0,0.65306,0.34694,0,0,1,0,0,0,0,1,0,0,0
0,0,66.667,12.296,0,21.038,0,0,0,0,0,0,0,0,6.5987,0,39.03,0,54.371,0,0,0,26.735,39.932,0,0,21.038,0,0,0,12.296,0,0,0,0,0,0.80556,0.19444,0,0,1,0,0,0,0,1,0,0,1
0,0,0,0,9.5153,80.969,9.5153,0,0,0,0,9.5153,0,0,0,13.342,77.142,0,0,0,0,0,0,0,9.5153,0,0,73.315,17.17,0,0,0,0,0,0,0,0,1,0,0,1,0,0,0,0,1,0,0,0
0,0,0,0,0,82.445,0,17.555,0,0,0,0,0,0,0,0,35.11,64.89,0,0,0,0,0,17.555,0,0,0,82.445,0,0,0,0,0,0,0,0,0.90323,0.096774,0,0,1,0,0,0,0,1,0,0,0
0,0,0,0,0,50,29.723,20.277,0,0,0,0,0,0,8.1142,0,59.446,32.44,0,0,0,0,0,20.277,0,29.723,0,50,0,0,0,0,0,0,0,0,0,1,0,0,1,0,0,0,0,1,0,0,0
0,0,0,0,0,69.306,30.694,0,0,0,0,0,0,0,0,0,100,0,0,0,0,0,0,0,0,30.694,0,69.306,0,0,0,0,0,0,0,0,0,1,0,0,1,0,0,0,0,1,0,0,0
0,0,66.667,15.711,0,17.623,0,0,0,0,0,0,0,0,23.518,0,60.771,0,15.711,0,0,0,9.8153,56.851,0,0,17.623,0,0,0,15.711,0,0,0,0,0,0.65517,0.34483,0,0,1,0,0,0,0,1,0,0,1
0,0,0,0,0,100,0,0,0,0,0,0,0,0,0,0,100,0,0,0,0,0,0,0,0,0,0,100,0,0,0,0,0,0,0,0,0,1,0,0,1,0,0,0,0,1,0,0,0
0,0,0,0,0,50,50,0,0,0,0,0,0,0,0,0,100,0,0,0,0,0,0,0,0,50,0,50,0,0,0,0,0,0,0,0,0,1,0,0,1,0,0,0,0,1,0,0,0
0,0,9.3293,0,0,90.671,0,0,0,0,0,0,9.3293,0,0,0,81.341,9.3293,0,0,0,0,0,9.3293,0,0,9.3293,72.012,9.3293,0,0,0,0,0,0,0,0,1,0,0,1,0,0,0,0,1,0,0,0
3.2563,0,13.459,0,3.2563,38.872,7.308,28.23,2.809,2.809,0,16.715,3.2563,0,0,3.3421,33.398,10.927,4.6647,0,24.888,2.809,3.2563,22.254,15.395,2.809,0,33.398,5.4743,0,0,6.1511,11.263,0,0,0,0.94937,0.050633,0,0,1,0,0,0,0,1,0,0,0
3.3766,0,5.6704,0,2.3865,26.883,8.1497,37.246,12.631,3.6561,0,11.713,12.631,2.3865,0,9.047,29.27,0,15.182,0,11.341,8.4291,3.3766,21.877,8.1497,6.0426,3.3766,23.507,0,0,0,11.713,21.958,0,0,0,1,0,0,0,1,0,0,0,0,1,0,0,0
0,0,27.661,0,0,22.615,2.9406,31.874,5.9288,8.9807,0,16.559,0,0,0,11.715,22.615,8.8695,3.0519,0,28.21,8.9807,0,34.091,13.006,8.9807,0,22.615,0,0,0,13.618,7.6893,0,0,0,0.58209,0.41791,0,0,1,0,0,0,0,1,0,0,1
4.0063,0,33.87,0,4.0063,21.589,5.6228,24.404,1.9249,4.5761,0,14.205,4.0063,0,0,13.161,21.589,1.9249,8.274,0,32.263,4.5761,4.0063,22.634,30.338,4.5761,0,21.589,0,0,0,4.5761,12.28,0,0,0,0.78431,0.21569,0,0,1,0,0,0,0,1,0,0,0
0,0,15.745,0,0,17.219,1.8344,33.648,16.565,14.989,0,19.478,0,0,0,0,17.219,13.911,2.9131,0,31.49,14.989,0,29.656,17.579,14.989,0,15.509,1.7101,0,0,17.643,2.9131,0,0,0,0.98305,0.016949,0,0,1,0,0,0,0,1,0,0,0
0,0,17.576,0,0,50.863,16.64,11.964,1.873,1.0833,0,20.533,0,0,0,0.93586,50.863,13.145,4.5782,0,8.8616,1.0833,0,31.658,6.9898,1.0833,0,50.863,0,0,0,3.8922,5.5141,0,0,0,0.96296,0.037037,0,0,1,0,0,0,0,1,0,0,0
0,0,0,0,0,100,0,0,0,0,0,0,0,0,0,0,100,0,0,0,0,0,0,0,0,0,0,100,0,0,0,0,0,0,0,0,0,1,0,0,1,0,0,0,0,1,0,0,0
0,0,0,0,0,100,0,0,0,0,0,0,0,0,0,0,100,0,0,0,0,0,0,0,0,0,0,100,0,0,0,0,0,0,0,0,0,1,0,0,1,0,0,0,0,1,0,0,0
0,0,20,0,0,20,7.8933,52.107,0,0,0,20,0,0,0,12.107,20,0,7.8933,0,40,0,0,32.107,15.787,0,0,20,0,0,0,12.107,20,0,0,0,0.13559,0.86441,0,0,1,0,0,0,0,1,0,0,1
0,0,0,0,0,100,0,0,0,0,0,0,0,0,0,57.383,42.617,0,0,0,0,0,0,0,0,0,0,50,50,0,0,0,0,0,0,0,0,1,0,0,1,0,0,0,0,1,0,0,1
0,0,0,0,0,100,0,0,0,0,0,0,0,0,0,0,100,0,0,0,0,0,0,0,0,0,0,100,0,0,0,0,0,0,0,0,0,1,0,0,1,0,0,0,0,1,0,0,0
0,0,0,0,0,100,0,0,0,0,0,0,0,0,0,0,100,0,0,0,0,0,0,0,0,0,0,100,0,0,0,0,0,0,0,0,0,1,0,0,1,0,0,0,0,1,0,0,0
0,0,0,0,0,100,0,0,0,0,0,0,0,0,0,0,100,0,0,0,0,0,0,0,0,0,0,100,0,0,0,0,0,0,0,0,0,1,0,0,1,0,0,0,0,1,0,0,0
0,0,0,0,0,100,0,0,0,0,0,0,0,0,0,0,100,0,0,0,0,0,0,0,0,0,0,100,0,0,0,0,0,0,0,0,0,1,0,0,1,0,0,0,0,1,0,0,0
0,0,14.232,0,0,53.28,8.1474,12.17,6.085,6.085,0,14.232,0,0,0,0,53.28,14.232,0,0,12.17,6.085,0,28.465,6.085,6.085,0,46.071,7.2094,0,0,6.085,0,0,0,0,0.98765,0.012346,0,0,1,0,0,0,0,1,0,0,0
0,0,0,0,0,100,0,0,0,0,0,0,0,0,0,50,50,0,0,0,0,0,0,0,0,0,0,65.992,34.008,0,0,0,0,0,0,0,0,1,0,0,1,0,0,0,0,1,0,0,1
0,0,0,0,0,100,0,0,0,0,0,0,0,0,0,63.46,36.54,0,0,0,0,0,0,0,0,0,0,86.54,13.46,0,0,0,0,0,0,0,0,1,0,0,1,0,0,0,0,1,0,0,1
0,0,9.8714,0,0,59.871,14.258,15.999,0,0,0,14.258,9.8714,0,0,0,50,9.8714,0,0,0,15.999,30.257,9.8714,0,0,9.8714,40.129,9.8714,0,0,0,0,0,0,0,0,1,0,0,1,0,0,0,0,1,0,0,0
0,0,0,0,0,47.091,47.091,5.818,0,0,0,47.091,0,0,0,0,41.273,5.818,0,0,0,5.818,52.909,0,0,0,0,41.273,5.818,0,0,0,0,0,0,0,0,1,0,0,1,0,0,0,0,1,0,0,0
0,0,11.125,25.043,0,44.112,9.8602,9.8602,0,0,0,9.8602,11.125,0,0,0,34.251,9.8602,0,0,25.043,9.8602,19.72,36.168,0,0,13.918,20.334,9.8602,0,0,0,0,0,0,0,0,1,0,0,1,0,0,0,0,1,0,0,0
0,0,0,0,0,47.357,5.2853,47.357,0,0,0,5.2853,0,0,0,0,42.072,5.2853,0,0,0,47.357,52.643,0,0,0,0,42.072,5.2853,0,0,0,0,0,0,0,0,1,0,0,1,0,0,0,0,1,0,0,0
0,0,0,0,0,100,0,0,0,0,0,0,0,0,0,0,100,0,0,0,0,0,0,0,0,0,0,100,0,0,0,0,0,0,0,0,0,1,0,0,1,0,0,0,0,1,0,0,0
0,0,0,0,0,100,0,0,0,0,0,0,0,0,0,0,100,0,0,0,0,0,0,0,0,0,0,100,0,0,0,0,0,0,0,0,0,1,0,0,1,0,0,0,0,1,0,0,0
0,0,0,0,0,100,0,0,0,0,0,0,0,0,0,0,100,0,0,0,0,0,0,0,0,0,0,100,0,0,0,0,0,0,0,0,0,1,0,0,1,0,0,0,0,1,0,0,0
0,0,0,0,0,100,0,0,0,0,0,0,0,0,0,0,100,0,0,0,0,0,0,0,0,0,0,100,0,0,0,0,0,0,0,0,0,1,0,0,1,0,0,0,0,1,0,0,0
0,0,0,0,0,100,0,0,0,0,0,0,0,0,0,0,100,0,0,0,0,0,0,0,0,0,0,100,0,0,0,0,0,0,0,0,0,1,0,0,1,0,0,0,0,1,0,0,0
0,0,0,0,0,100,0,0,0,0,0,0,0,0,0,0,100,0,0,0,0,0,0,0,0,0,0,100,0,0,0,0,0,0,0,0,0,1,0,0,1,0,0,0,0,1,0,0,0
0,0,0,0,0,100,0,0,0,0,0,0,0,0,0,0,100,0,0,0,0,0,0,0,0,0,0,100,0,0,0,0,0,0,0,0,0,1,0,0,1,0,0,0,0,1,0,0,0
0,0,0,0,0,100,0,0,0,0,0,0,0,0,0,0,100,0,0,0,0,0,0,0,0,0,0,100,0,0,0,0,0,0,0,0,0,1,0,0,1,0,0,0,0,1,0,0,0
0,0,0,47.596,4.9771,15.709,15.859,15.859,0,0,0,13.132,0,0,0,28.474,53.028,0,2.7268,0,0,2.6391,0,0,29.293,0,2.7268,8.005,10.042,2.338,0,47.596,0,0,0,0,0,1,0,0,1,0,0,0,0,1,0,0,0
0,0,0,0,13.873,86.127,0,0,0,0,0,0,0,0,0,0,86.127,0,0,0,0,13.873,0,0,13.873,0,0,72.254,13.873,0,0,0,0,0,0,0,0,1,0,0,1,0,0,0,0,1,0,0,0
0,0,0,0,0,74.489,12.756,12.756,0,0,0,0,0,0,12.756,0,74.489,12.756,0,0,0,0,0,12.756,0,12.756,0,74.489,0,0,0,0,0,0,0,0,0.93333,0.066667,0,0,1,0,0,0,0,1,0,0,0
0,0,0,0,0,54.217,28.064,17.719,0,0,0,0,0,0,28.083,0,44.818,27.099,0,0,0,0,0,17.719,0,9.3329,18.732,54.217,0,0,0,0,0,0,0,0,0,1,0,0,1,0,0,0,0,1,0,0,0
0,0,0,0,0,100,0,0,0,0,0,0,0,0,0,0,100,0,0,0,0,0,0,0,0,0,0,86.186,13.814,0,0,0,0,0,0,0,0,1,0,0,1,0,0,0,0,1,0,0,0
0,0,17.144,0,0,58.572,0,24.284,0,0,0,0,0,0,24.284,0,58.572,0,17.144,0,0,0,0,24.284,17.144,0,0,41.428,17.144,0,0,0,0,0,0,0,0.92593,0.074074,0,0,1,0,0,0,0,1,0,0,0
0,0,0,0,0,38.907,52.734,8.3598,0,0,0,0,0,0,15.794,14.753,24.153,45.3,0,0,0,0,0,8.3598,0,15.794,36.94,38.907,0,0,0,0,0,0,0,0,0,1,0,0,1,0,0,0,0,1,0,0,0
0,0,0,0,0,62.56,27.276,10.164,0,0,0,0,0,0,19.266,8.0092,53.458,19.266,0,0,0,0,0,10.164,0,10.164,17.111,54.551,8.0092,0,0,0,0,0,0,0,0,1,0,0,1,0,0,0,0,1,0,0,0
0,0,0,0,0,100,0,0,0,0,0,0,0,0,0,0,100,0,0,0,0,0,0,0,0,0,0,75,25,0,0,0,0,0,0,0,0,1,0,0,1,0,0,0,0,1,0,0,0
0,0,0,0,0,52.516,47.484,0,0,0,0,0,0,0,8.1863,6.802,45.715,39.297,0,0,0,0,0,0,0,8.1863,39.297,30.004,22.512,0,0,0,0,0,0,0,0,1,0,0,1,0,0,0,0,1,0,0,0
0,0,5.6098,0,0,83.796,4.9845,0,5.6098,0,0,0,0,5.6098,0,28.776,65.614,0,0,0,0,0,5.6098,0,0,0,4.9845,60.63,23.166,0,0,5.6098,0,0,0,0,0,1,0,0,1,0,0,0,0,1,0,0,0
0,15.317,18.913,19.345,0,16.942,3.1232,0,26.359,0,0,0,3.6916,15.886,0,0,36.131,13.976,14.251,6.5925,7.004,2.4686,0,24.103,10.127,0,7.6586,3.1232,9.2835,0,18.511,7.004,20.189,0,0,0,0.79167,0.20833,0,0,1,0,0,0,0,1,0,0,1
0,15.694,31.406,10.747,0,30.784,2.8656,0,8.5034,0,0,0,2.0927,4.9583,0,0,44.227,11.977,10.657,7.7915,14.13,4.1668,0,34.52,12.58,0,8.4132,11.696,13.54,0,6.4294,4.1668,8.6547,0,0,0,0.69643,0.30357,0,0,1,0,0,0,0,1,0,0,1
0,7.4142,41.582,13.646,0,19.735,0,0,17.623,0,0,0,11.658,14.309,0,0,25.038,28.078,6.0887,4.7632,8.0773,1.9886,0,40.919,8.0773,0,6.0887,0,13.646,0,24.641,3.3141,3.3141,0,0,0,0.75439,0.24561,0,0,1,0,0,0,0,1,0,0,1
0,5.1392,41.515,26.902,0,7.4912,0,0,18.953,0,0,0,7.3405,2.4721,0,0,27.56,14.324,15.56,14.324,7.4912,10.929,0,39.163,7.4912,0,3.9032,0,3.588,0,12.893,4.8241,28.138,0,0,0,0.074627,0.92537,0,0,1,0,0,0,0,1,0,0,1
0,0,40,20,0,20,0,0,20,0,0,0,10.565,10.565,0,0,38.871,21.129,0,0,9.4354,9.4354,0,30.565,9.4354,0,0,0,20,0,21.129,9.4354,9.4354,0,0,0,0.45833,0.54167,0,0,1,0,0,0,0,1,0,0,1
0,25,0,0,0,75,0,0,0,0,0,0,0,0,0,0,75,0,0,0,25,0,0,25,0,0,0,50,25,0,0,0,0,0,0,0,0,1,0,0,1,0,0,0,0,1,0,0,0
5.4332,5.4332,10.866,0,0,58.042,0,0,5.4332,14.792,0,10.866,0,0,10.866,0,58.042,0,5.4332,0,0,14.792,0,5.4332,20.225,10.866,5.4332,33.891,9.359,0,0,14.792,0,0,0,0,1,0,0,0,1,0,0,0,0,1,0,0,0
0,0,0,0,0,62.585,37.415,0,0,0,0,0,0,0,14.493,5.3389,48.093,32.076,0,0,0,0,0,0,0,0,37.415,39.663,22.922,0,0,0,0,0,0,0,0.51111,0.48889,0,0,1,0,0,0,0,1,0,0,0
1.1182,5.5355,12.878,0,10.873,46.309,0,0,11.258,12.029,0,5.5355,4.0323,0,13.774,1.1182,51.646,2.6215,2.6948,6.5486,0,12.029,0,7.9466,9.0013,2.6215,2.914,22.67,8.9885,0,12.669,32.071,1.1182,0,0,0,0.25714,0.74286,0,0,1,0,0,0,0,1,0,0,1
1.5478,10.941,18.5,0,16.689,26.894,0,0,15.231,10.197,0,19.026,8.8667,0,13.774,9.5425,18.11,3.5314,1.5478,13.901,0,11.7,0,10.415,10.46,5.1246,8.9119,12.639,2.0289,1.5026,22.551,23.363,3.0051,0,0,0,0.95833,0.041667,0,0,1,0,0,0,0,1,0,0,0
7.9388,11.785,22.525,0,9.5216,33.709,0,0,9.1837,5.337,0,16.46,5.1293,0,14.384,6.9941,30.525,8.976,2.8095,9.3853,0,5.337,0,7.592,10.748,14.595,2.8095,13.158,6.2379,0,4.3923,35.338,5.1293,0,0,0.079365,0.88889,0.031746,0,0,1,0,0,0,0,1,0,0,1
6.1635,10.722,28.059,0,2.8164,33.393,0,0,9.9857,8.8601,0,16.149,2.8164,0,22.239,0.7366,30.914,3.2155,5.4269,9.6427,0,8.8601,0,21.159,15.024,14.069,7.5067,10.659,10.659,0,4.1596,16.028,0.7366,0,0,0,0,1,0,0,1,0,0,0,0,1,0,0,1
0,0,0,0,0,54.595,45.405,0,0,0,0,0,0,0,0,29.081,38.271,32.648,0,0,0,0,0,0,0,0,45.405,41.838,12.757,0,0,0,0,0,0,0,0.074074,0.92593,0,0,1,0,0,0,0,1,0,0,0
0,0,8.6694,0,0,82.661,0,0,8.6694,0,0,0,0,8.6694,0,8.6694,82.661,0,0,0,0,0,8.6694,0,0,0,0,66.331,16.331,0,0,8.6694,0,0,0,0,0,1,0,0,1,0,0,0,0,1,0,0,0
4.5332,4.5332,18.319,0,3.4004,53.347,0,0,7.9336,7.9336,0,9.0664,0,0,12.467,0,56.747,0,13.786,0,0,7.9336,0,4.5332,18.319,9.0664,4.5332,36.16,9.2528,0,3.4004,14.734,0,0,0,0,0.97826,0.021739,0,0,1,0,0,0,0,1,0,0,0
0,0,0,0,0,70.59,0,0,17.638,11.771,0,0,0,0,0,0,70.59,0,0,0,0,29.41,0,0,11.771,0,0,47.048,11.771,0,0,11.771,17.638,0,0,0,0.95238,0.047619,0,0,1,0,0,0,0,1,0,0,0
0,0,27.08,0,0,51.611,0,0,21.309,0,0,0,0,0,0,17.425,65.151,0,0,0,0,17.425,13.54,0,0,0,0,51.611,0,0,13.54,0,21.309,0,0,0,0.88889,0.11111,0,0,1,0,0,0,0,1,0,0,0
2.1723,9.789,6.4858,0,9.5694,43.025,0,0,17.217,11.742,0,11.961,2.1412,0,19.389,0,44.977,5.4754,2.1723,2.1412,0,11.742,0,4.3135,6.4858,9.8201,4.3135,20.332,5.4754,0,11.711,37.549,0,0,0,0,0.038462,0.96154,0,0,1,0,0,0,0,1,0,0,1
0,0,30.571,0,0,54.906,0,0,14.523,0,0,0,0,0,0,10.916,67.97,3.2953,0,0,0,17.819,16.36,0,0,0,0,54.906,0,0,14.211,0,14.523,0,0,0,0,1,0,0,1,0,0,0,0,1,0,0,0
0,0,8.7772,0,0,73.337,0,0,17.886,0,0,0,0,0,0,11.137,77.726,0,0,0,0,11.137,4.3886,0,0,0,0,73.337,0,0,4.3886,0,17.886,0,0,0,0,1,0,0,1,0,0,0,0,1,0,0,0
0,0,9.5741,0,7.786,82.64,0,0,0,0,0,0,0,0,0,0,100,0,0,0,0,0,9.5741,0,0,0,0,82.64,0,7.786,0,0,0,0,0,0,0,1,0,0,1,0,0,0,0,1,0,0,0
0,0,0,0,0,100,0,0,0,0,0,0,0,0,0,0,100,0,0,0,0,0,0,0,0,0,0,100,0,0,0,0,0,0,0,0,0,1,0,0,1,0,0,0,0,1,0,0,0
0,0,37.1,24.2,0,38.7,0,0,0,0,0,0,37.1,0,0,0,25.8,12.9,0,0,24.2,0,0,61.3,0,0,12.9,12.9,12.9,0,0,0,0,0,0,0,0,1,0,0,1,0,0,0,0,1,0,0,0
0,0,0,0,0,100,0,0,0,0,0,0,0,0,0,0,100,0,0,0,0,0,0,0,0,0,0,71.642,28.358,0,0,0,0,0,0,0,0,1,0,0,1,0,0,0,0,1,0,0,0
0,0,6.4368,0,0,62.347,0,0,31.216,0,0,0,0,6.4368,0,5.71,87.853,0,0,0,0,0,6.4368,0,0,0,0,15.666,46.681,0,0,31.216,0,0,0,0,0,1,0,0,1,0,0,0,0,1,0,0,0
0,0,11.502,26.995,0,61.502,0,0,0,0,0,0,11.502,0,0,0,50,11.502,0,0,26.995,0,0,38.498,0,0,38.498,11.502,11.502,0,0,0,0,0,0,0,0,1,0,0,1,0,0,0,0,1,0,0,0
0,0,32.625,0,0,50,0,0,17.375,0,0,0,0,32.625,0,17.375,50,0,0,0,0,0,32.625,0,0,0,0,34.749,15.251,0,0,17.375,0,0,0,0,0,1,0,0,1,0,0,0,0,1,0,0,0
0,0,7.9913,0,0,50,0,0,42.009,0,0,0,0,7.9913,0,7.9913,84.017,0,0,0,0,0,7.9913,0,0,0,0,15.983,34.017,0,0,42.009,0,0,0,0,0,1,0,0,1,0,0,0,0,1,0,0,0
0,0,0,0,0,100,0,0,0,0,0,0,0,0,0,0,100,0,0,0,0,0,0,0,0,0,0,100,0,0,0,0,0,0,0,0,0,1,0,0,1,0,0,0,0,1,0,0,0
0,0,0,0,0,100,0,0,0,0,0,0,0,0,0,0,100,0,0,0,0,0,0,0,0,0,0,100,0,0,0,0,0,0,0,0,0,1,0,0,1,0,0,0,0,1,0,0,0
0,0,0,0,0,100,0,0,0,0,0,0,0,0,0,0,100,0,0,0,0,0,0,0,0,0,0,100,0,0,0,0,0,0,0,0,0,1,0,0,1,0,0,0,0,1,0,0,0
0,0,0,0,0,100,0,0,0,0,0,0,0,0,0,0,100,0,0,0,0,0,0,0,0,0,0,100,0,0,0,0,0,0,0,0,0,1,0,0,1,0,0,0,0,1,0,0,0
0,0,0,0,0,100,0,0,0,0,0,0,0,0,0,0,100,0,0,0,0,0,0,0,0,0,0,100,0,0,0,0,0,0,0,0,0,1,0,0,1,0,0,0,0,1,0,0,0
0,0,0,0,0,100,0,0,0,0,0,0,0,0,0,0,100,0,0,0,0,0,0,0,0,0,0,100,0,0,0,0,0,0,0,0,0,1,0,0,1,0,0,0,0,1,0,0,0
0,0,0,0,0,100,0,0,0,0,0,0,0,0,0,0,100,0,0,0,0,0,0,0,0,0,0,100,0,0,0,0,0,0,0,0,0,1,0,0,1,0,0,0,0,1,0,0,0
0,0,0,0,0,100,0,0,0,0,0,0,0,0,0,0,100,0,0,0,0,0,0,0,0,0,0,100,0,0,0,0,0,0,0,0,0,1,0,0,1,0,0,0,0,1,0,0,0
0,0,0,0,0,100,0,0,0,0,0,0,0,0,0,0,100,0,0,0,0,0,0,0,0,0,0,100,0,0,0,0,0,0,0,0,0,1,0,0,1,0,0,0,0,1,0,0,0
0,0,0,0,10.989,89.011,0,0,0,0,0,0,0,0,0,5.4945,89.011,0,0,0,5.4945,0,0,0,0,0,0,89.011,0,5.4945,5.4945,0,0,0,0,0,0,1,0,0,1,0,0,0,0,1,0,0,0
0,0,0,0,0,100,0,0,0,0,0,0,0,0,0,0,100,0,0,0,0,0,0,0,0,0,0,100,0,0,0,0,0,0,0,0,0,1,0,0,1,0,0,0,0,1,0,0,0
0,0,0,0,0,94.722,0,0,5.2777,0,0,0,5.2777,0,0,5.2777,89.445,0,0,0,0,0,5.2777,0,0,0,0,94.722,0,0,0,0,0,0,0,0,0,1,0,0,1,0,0,0,0,1,0,0,0
0,3.5582,8.7148,2.4807,8.7148,59.297,0,3.5582,13.676,0,0,9.7922,2.4807,3.5582,0,8.7148,53.063,8.7148,2.4807,8.7148,0,2.4807,2.4807,20.988,8.7148,3.5582,0,56.816,0,2.4807,0,4.9614,0,0,0,0,0,1,0,0,1,0,0,0,0,1,0,0,0
0,8.575,0,0,0,82.85,0,8.575,0,0,0,8.575,0,8.575,0,0,82.85,0,0,0,0,0,0,8.575,0,8.575,0,82.85,0,0,0,0,0,0,0,0,0,1,0,0,1,0,0,0,0,1,0,0,0
0,6.5665,6.5665,2.5264,2.5264,54.231,6.5379,11.591,9.4547,0,0,4.5465,11.952,2.5264,4.5465,6.9283,46.796,2.0201,2.5264,11.084,2.5264,4.5465,2.8882,4.5465,18.664,7.0728,0,47.158,0,2.0201,6.5665,4.5465,6.5379,0,0,0,0,1,0,0,1,0,0,0,0,1,0,0,0
0,10.226,15.926,7.3604,7.3604,25.445,0,3.3209,30.361,0,0,5.9433,10.396,1.6605,5.9433,17.301,16.466,9.9828,7.3604,11.643,1.6605,11.643,8.7352,17.343,16.625,7.6038,0,12.141,0,9.9828,10.226,17.343,0,0,0,0,0,1,0,0,1,0,0,0,0,1,0,0,0
0,15.991,13.359,2.2355,4.1579,28.792,14.232,3.8129,17.419,0,0,8.2777,7.1348,1.7545,4.6007,19.452,17.677,7.2895,0.76631,12.286,7.8636,12.897,2.2355,17.069,9.3479,18.509,0,17.364,1.4692,6.8362,13.923,8.6606,4.5856,0,0,0,0,1,0,0,1,0,0,0,0,1,0,0,1
0,6.0173,1.877,1.877,1.877,31.048,37.508,7.8943,11.901,0,0,6.0173,11.901,6.0173,1.877,10.024,21.735,0,1.877,1.877,29.361,9.3136,0,23.478,7.508,25.355,0,19.858,0,0,1.877,11.901,10.024,0,0,0,0,1,0,0,1,0,0,0,0,1,0,0,0
0,2.4022,2.4022,2.4022,2.4022,18.752,44.838,11.778,15.024,0,0,2.4022,21.997,2.4022,2.4022,12.621,16.349,0,2.4022,9.3758,27.645,2.4022,0,15.024,16.582,17.426,0,13.947,0,0,2.4022,15.024,19.595,0,0,0,0,1,0,0,1,0,0,0,0,1,0,0,0
0,0,0,0,0,100,0,0,0,0,0,0,0,0,0,0,100,0,0,0,0,0,0,0,0,0,0,100,0,0,0,0,0,0,0,0,0,1,0,0,1,0,0,0,0,1,0,0,0
0,0,0,0,0,100,0,0,0,0,0,0,0,0,0,0,100,0,0,0,0,0,0,0,0,0,0,100,0,0,0,0,0,0,0,0,0,1,0,0,1,0,0,0,0,1,0,0,0
0,0,0,0,0,100,0,0,0,0,0,0,0,0,0,0,100,0,0,0,0,0,0,0,0,0,0,100,0,0,0,0,0,0,0,0,0,1,0,0,1,0,0,0,0,1,0,0,0
0,0,0,0,0,100,0,0,0,0,0,0,0,0,0,0,100,0,0,0,0,0,0,0,0,0,0,100,0,0,0,0,0,0,0,0,0,1,0,0,1,0,0,0,0,1,0,0,0
0,0,0,0,0,100,0,0,0,0,0,0,0,0,0,0,100,0,0,0,0,0,0,0,0,0,0,100,0,0,0,0,0,0,0,0,0,1,0,0,1,0,0,0,0,1,0,0,0
0,0,0,0,0,100,0,0,0,0,0,0,0,0,0,0,100,0,0,0,0,0,0,0,0,0,0,100,0,0,0,0,0,0,0,0,0,1,0,0,1,0,0,0,0,1,0,0,0
0,9.3967,3.6213,0,13.018,47.928,0,0,7.2427,0,18.793,0,13.018,0,9.3967,7.2427,53.703,3.6213,9.3967,0,0,3.6213,0,3.6213,9.3967,0,0,47.928,0,31.812,0,0,7.2427,0,0,0,0,1,0,0,1,0,0,0,0,1,0,0,0
0,0,0,0,0,100,0,0,0,0,0,0,0,0,0,0,100,0,0,0,0,0,0,0,0,0,0,100,0,0,0,0,0,0,0,0,0,1,0,0,1,0,0,0,0,1,0,0,0
0,14.925,0,0,0,70.149,0,0,8.2574,6.6679,0,0,0,6.6679,0,0,78.407,0,6.6679,0,0,8.2574,0,8.2574,8.2574,6.6679,0,70.149,0,6.6679,0,0,0,0,0,0,0,1,0,0,1,0,0,0,0,1,0,0,0
0,0,0,0,0,100,0,0,0,0,0,0,0,0,0,0,100,0,0,0,0,0,0,0,0,0,0,100,0,0,0,0,0,0,0,0,0.28571,0.71429,0,0,1,0,0,0,0,1,0,0,1
4.1562,0,0,0,0,91.688,0,0,4.1562,0,0,0,0,0,0,4.1562,91.688,4.1562,0,0,0,0,0,0,0,4.1562,0,91.688,0,0,0,4.1562,0,0,0,0,0.050633,0.94937,0,0,1,0,0,0,0,1,0,0,0
7.18,0,0,0,0,85.64,0,0,7.18,0,0,0,0,0,0,7.18,85.64,7.18,0,0,0,0,0,0,0,7.18,0,85.64,0,0,0,7.18,0,0,0,0,0.04,0.96,0,0,1,0,0,0,0,1,0,0,0
13.134,8.969,7.7108,0,0,67.519,0,0,2.6676,0,0,0,0,6.053,6.6117,1.5685,70.993,2.6676,3.3854,1.5685,2.6676,4.4845,7.7108,2.6676,13.383,11.096,4.236,58.239,0,0,0,2.6676,0,0,0,0,0,1,0,0,1,0,0,0,0,1,0,0,0
3.5163,15.86,0,0,0,80.623,0,0,0,0,0,0,4.4139,3.5163,0,0,80.623,0,3.5163,0,4.4139,3.5163,0,0,11.446,7.9301,0,76.21,0,0,4.4139,0,0,0,0,0,0,1,0,0,1,0,0,0,0,1,0,0,0
12.702,30.305,0,0,0,52.805,0,0,0,4.1876,0,0,12.801,6.4625,2.2054,2.2054,57.063,0,4.1876,0,15.076,0,0,8.668,12.801,21.538,0,48.38,0,4.1876,4.4256,0,0,0,0,0,0,1,0,0,1,0,0,0,0,1,0,0,0
14.465,28.667,4.0895,0,0,49.109,0,0,3.6687,0,0,0,7.1707,9.7797,4.8261,4.4053,43.419,3.6687,2.6169,7.8994,14.334,1.8804,4.0895,1.8804,22.513,20.948,4.4973,40.515,0,0,1.8883,3.6687,0,0,0,0,0,1,0,0,1,0,0,0,0,1,0,0,0
6.3056,34.154,0,0,0,51.251,0,0,0,8.2889,0,0,15.003,8.4831,0,0,48.304,0,10.065,2.9474,13.421,1.7762,0,0,24.5,15.96,0,48.255,0,8.2889,2.9969,0,0,0,0,0,0,1,0,0,1,0,0,0,0,1,0,0,0
0,33.809,0,0,0,55.873,0,0,10.318,0,0,0,0,0,0,11.746,66.191,0,0,0,11.746,10.318,0,10.318,22.064,11.746,0,55.873,0,0,0,0,0,0,0,0,0,1,0,0,1,0,0,0,0,1,0,0,0
27.424,21.674,0,0,0,50.901,0,0,0,0,0,0,0,15.165,2.1696,12.584,49.709,0,5.2071,8.9814,6.184,0,0,8.3537,8.9814,31.764,0,50.901,0,0,0,0,0,0,0,0,0.018868,0.98113,0,0,1,0,0,0,0,1,0,0,0
28.037,26.948,0,27.795,0,17.22,0,0,0,0,0,0,0,46.405,0,13.596,12.506,0,4.7134,18.611,4.1688,0,13.897,0,22.779,32.206,0,17.22,0,0,0,13.897,0,0,0,0,0,1,0,0,1,0,0,0,0,1,0,0,0
10.069,10.069,0,20.138,0,59.724,0,0,0,0,0,0,0,30.207,0,0,59.724,0,0,10.069,0,0,10.069,0,10.069,10.069,0,59.724,0,0,0,10.069,0,0,0,0,0.33333,0.66667,0,0,1,0,0,0,0,1,0,0,0
6.9549,47.894,0,0,0,40.644,0,0,0,4.5079,0,0,2.9694,13.18,8.3338,15.352,38.82,0,6.3313,1.8234,13.19,0,0,16.668,8.1639,30.017,0,40.644,0,4.5079,0,0,0,0,0,0,0,1,0,0,1,0,0,0,0,1,0,0,0
0,0,0,0,0,100,0,0,0,0,0,0,0,0,0,0,100,0,0,0,0,0,0,0,0,0,0,100,0,0,0,0,0,0,0,0,0.26667,0.73333,0,0,1,0,0,0,0,1,0,0,0
0,0,0,23.072,0,76.928,0,0,0,0,0,0,0,0,0,0,76.928,0,0,23.072,0,0,23.072,0,0,0,0,76.928,0,0,0,0,0,0,0,0,0.26667,0.73333,0,0,1,0,0,0,0,1,0,0,0
0,0,0,0,0,100,0,0,0,0,0,0,0,0,0,0,100,0,0,0,0,0,0,0,0,0,0,100,0,0,0,0,0,0,0,0,0.22222,0.77778,0,0,1,0,0,0,0,1,0,0,0
15.776,26.271,10.508,0,0,34.229,0,0,13.217,0,0,0,1.4222,14.323,2.6099,5.3185,33.041,13.217,3.8154,2.6099,11.93,11.713,10.508,11.93,11.663,19.876,13.118,19.689,0,0,0,13.217,0,0,0,0,0.037736,0.96226,0,0,1,0,0,0,0,1,0,0,0
30.912,14.991,6.0053,0,0,44.167,0,0,3.9241,0,0,0,1.7856,12.918,9.2889,7.2078,37.255,3.9241,7.2078,8.9934,7.4954,3.9241,6.0053,3.9241,27.276,16.784,11.132,30.954,0,0,0,3.9241,0,0,0,0,0,1,0,0,1,0,0,0,0,1,0,0,0
0,0,0,0,27.127,72.873,0,0,0,0,0,0,0,0,0,0,45.746,27.127,0,0,0,27.127,0,0,0,0,0,45.746,27.127,27.127,0,0,0,0,0,0,0,1,0,0,1,0,0,0,0,1,0,0,0
0,0,0,0,50,50,0,0,0,0,0,0,0,0,0,0,0,50,0,0,0,50,0,0,0,0,0,0,50,50,0,0,0,0,0,0,0.125,0.875,0,0,1,0,0,0,0,1,0,0,0
0,0,0,0,36.801,63.199,0,0,0,0,0,0,0,0,0,0,31.599,31.599,0,0,0,36.801,0,0,0,0,0,31.599,31.599,36.801,0,0,0,0,0,0,0.16667,0.83333,0,0,1,0,0,0,0,1,0,0,0
0,10.697,44.069,12.067,0,12.494,0,0,20.673,0,0,0,16.181,13.575,0,0,19.592,17.464,9.9428,6.0169,6.7708,10.458,0,47.995,6.7708,0,6.7708,0,5.7234,0,18.545,3.9258,10.27,0,0,0,0.16981,0.83019,0,0,1,0,0,0,0,1,0,0,1
0,0,0,0,0,100,0,0,0,0,0,0,0,0,0,0,100,0,0,0,0,0,0,0,0,0,0,100,0,0,0,0,0,0,0,0,0,1,0,0,1,0,0,0,0,1,0,0,0
0,0,0,0,0,100,0,0,0,0,0,0,0,0,0,0,85.185,14.815,0,0,0,0,0,0,0,0,0,85.185,14.815,0,0,0,0,0,0,0,0,1,0,0,1,0,0,0,0,1,0,0,0
0,11.318,13.919,9.9236,12.42,25.998,1.197,8.5445,16.681,0,0,8.8329,7.0345,4.8375,3.7071,11.107,17.098,9.1247,5.8375,15.006,3.7071,13.707,4.7171,18.589,20.954,14.722,0,12.67,2.5867,6.2166,10.077,9.4674,0,0,0,0,0,1,0,0,1,0,0,0,0,1,0,0,1
0,11.038,31.257,5.6196,8.7468,26.171,0,1.5703,15.598,0,0,10.256,2.218,4.1495,3.4942,18.177,17.847,20.104,0.78516,12.656,0.78516,9.5288,9.3615,27.38,15.976,5.4795,0,17.327,1.2001,7.5436,8.6035,7.1286,0,0,0,0,0,1,0,0,1,0,0,0,0,1,0,0,1
0,8.3361,33.85,8.1049,8.1049,19.182,0,0,22.422,0,0,2.4633,4.6953,5.2046,2.4633,18.236,21.924,12.363,4.6953,13.978,0,13.978,18.514,22.263,12.363,5.8729,0,3.4096,3.4096,10.568,11.746,11.854,0,0,0,0,0,1,0,0,1,0,0,0,0,1,0,0,1
0,17.609,16.2,5.9153,2.9943,38.148,2.8704,3.3321,12.932,0,0,5.3066,5.8647,1.6661,5.3066,29.528,14.792,10.811,2.9943,9.6381,1.6661,12.426,4.3315,10.884,11.633,15.584,0,11.798,15.178,7.8898,11.817,10.884,0,0,0,0,0,1,0,0,1,0,0,0,0,1,0,0,1
0,14.286,14.286,14.286,14.286,28.571,0,0,14.286,0,0,0,0,0,0,14.286,28.571,0,0,28.571,0,28.571,14.286,0,0,14.286,0,14.286,14.286,14.286,28.571,0,0,0,0,0,0.19753,0.80247,0,0,1,0,0,0,0,1,0,0,1
0,20.611,2.828,2.828,2.828,59.185,8.8915,0,2.828,0,0,0,8.8915,0,0,20.611,50.294,0,0,5.656,0,14.548,2.828,0,0,29.503,0,47.466,2.828,2.828,14.548,0,0,0,0,0,0.94,0.06,0,0,1,0,0,0,0,1,0,0,0
0,0,33.333,0,0,66.667,0,0,0,0,0,0,0,0,0,0,66.667,0,0,33.333,0,0,33.333,0,0,0,0,66.667,0,0,0,0,0,0,0,0,1,0,0,0,1,0,0,0,0,1,0,0,0
0,8.1046,17.368,4.7993,4.7993,29.778,17.31,3.9668,13.875,0,0,3.6361,7.7535,1.9834,3.6361,11.891,26.141,1.6526,1.9834,18.531,13.524,9.2678,12.079,9.4061,9.5863,14.205,0,21.342,2.8159,4.4685,10.92,9.4061,5.7701,0,0,0,0.75862,0.24138,0,0,1,0,0,0,0,1,0,0,0
0,9.4215,1.8456,1.8456,1.8456,48.882,22.595,11.719,1.8456,0,0,1.8456,13.661,1.8456,1.8456,7.5758,32.469,0,1.8456,9.8736,12.625,16.413,0,12.625,15.411,25.834,0,30.623,0,0,5.6335,1.8456,8.0279,0,0,0,0.090909,0.90909,0,0,1,0,0,0,0,1,0,0,0
6.7775,9.553,24.867,0,18.089,18.089,0,0,19.848,2.7755,0,9.553,18.089,0,2.7755,23.85,9.553,15.314,0,9.553,0,11.312,0,11.312,9.553,6.7775,2.7755,8.5364,0,8.5364,5.5511,23.108,23.85,0.35,0.05,0.05,0.45,0.1,0,0,1,0,0,0,0,1,0,0,0
1.7258,11.544,12.909,0,17.578,29.03,0,0,8.9234,0,18.29,11.183,8.1207,0,11.895,11.183,29.39,7.2264,6.3949,11.183,0,3.4228,0,3.4228,11.544,1.7258,0,27.304,0,24.685,9.4574,14.635,7.2264,0.92727,0.018182,0,0.036364,0.018182,0,0,1,0,0,0,0,1,0,0,0
3.398,7.9644,25.88,0,9.8202,33.211,0,0,9.8631,9.8631,0,9.6849,6.244,0,18.842,1.6776,36.787,1.6776,1.7205,13.503,0,9.8631,0,20.805,9.6849,5.1185,6.2869,14.411,7.2589,0,12.709,22.048,1.6776,0,0,0,0.91176,0.088235,0,0,1,0,0,0,0,1,0,0,1
10.474,33.834,9.4314,0,0,38.717,0,0,7.5435,0,0,0,7.0047,9.9123,2.7878,0.8998,45.023,7.5435,1.5253,1.7433,15.392,8.169,9.4314,11.905,14.586,25.866,6.6437,24.024,0,0,0,7.5435,0,0,0,0,0.32143,0.67857,0,0,1,0,0,0,0,1,0,0,0
3.7525,40.306,0,0,0,52.184,0,0,0,3.7582,0,0,11.898,9.1771,1.8953,1.8953,52.412,0,3.7582,1.6473,17.317,0,0,5.6668,19.01,19.381,0,41.933,0,3.7582,10.25,0,0,0,0,0,0.85366,0.14634,0,0,1,0,0,0,0,1,0,0,0
18.889,29.622,0,0,0,50.007,0,0,0,1.4812,0,0,11.572,7.3925,2.6724,2.6724,49.333,0,8.8737,2.6724,10.091,4.72,0,1.9982,32.842,15.67,2.6724,38.725,0,1.4812,6.6118,0,0,0,0,0,0.925,0.075,0,0,1,0,0,0,0,1,0,0,0
5.4838,34.336,0,0,0,54.696,0,0,0,5.4838,0,0,18.398,4.2537,0,0,50.443,0,5.4838,4.2537,17.168,0,0,0,22.652,17.168,0,51.519,0,5.4838,3.1768,0,0,0,0,0,0,1,0,0,1,0,0,0,0,1,0,0,0
0,31.744,0,0,0,68.256,0,0,0,0,0,6.7435,18.256,0,0,0,68.256,0,0,0,0,6.7435,0,0,18.256,13.487,0,68.256,0,0,0,0,0,0,0,0,0.75758,0.24242,0,0,1,0,0,0,0,1,0,0,0
0,0,33.333,0,0,66.667,0,0,0,0,0,0,0,0,0,0,66.667,33.333,0,0,0,0,0,33.333,0,0,0,66.667,0,0,0,0,0,0,0,0,0.79365,0.20635,0,0,1,0,0,0,0,1,0,0,0
0,48.37,5.1699,0,0,46.46,0,0,0,0,0,0,24.185,0,0,0,46.46,5.1699,0,0,0,24.185,0,5.1699,24.185,24.185,0,46.46,0,0,0,0,0,0,0,0,0,1,0,0,1,0,0,0,0,1,0,0,0
0,7.6411,5.5016,0,5.5016,45.512,0,0,23.48,0,12.364,0,5.5016,0,4.8358,11.003,47.651,10.337,7.5281,0,0,13.143,0,13.143,7.6411,0,0,45.512,0,17.866,0,0,15.839,0.31429,0,0.31429,0.085714,0.28571,0,0,1,0,0,0,0,1,0,0,0
0,0,5.8298,0,0,65.587,0,0,28.583,0,0,0,0,0,0,9.0687,65.639,2.8888,0,0,0,22.403,2.941,0,0,0,0,65.587,0,0,2.8888,0,28.583,0,0,0,0.82143,0.17857,0,0,1,0,0,0,0,1,0,0,1
22.466,34.182,0,0,0,37.744,0,0,5.6075,0,0,0,0,17.061,3.0398,9.8442,40.582,0,11.215,5.5765,12.682,0,0,8.917,12.381,35.35,0,37.744,0,0,0,5.6075,0,0,0,0,0.6,0.4,0,0,1,0,0,0,0,1,0,0,0
26.253,14.219,0,15.987,0,37.524,0,0,6.0169,0,0,0,0,27.553,0,0,30.207,7.317,12.034,22.89,0,0,8.6704,0,14.219,26.253,0,30.207,7.317,0,0,13.334,0,0,0,0,0.57812,0.42188,0,0,1,0,0,0,0,1,0,0,0
0,0,10.314,7.8461,0,66.907,0,0,14.932,0,0,0,0,7.8461,0,10.045,64.219,7.8461,0,0,0,10.045,5.1572,0,0,0,0,59.061,7.8461,0,5.1572,7.8461,14.932,0,0,0,0,1,0,0,1,0,0,0,0,1,0,0,0
0,0,12.13,0,4.281,77.364,0,0,6.2251,0,0,0,0,0,0,3.1126,75.029,6.2406,0,6.2647,0,9.3532,5.8892,0,0,6.2647,0,64.835,6.2647,4.281,6.2406,0,6.2251,0,0,0,0,1,0,0,1,0,0,0,0,1,0,0,0
10.043,10.043,7.7564,20.085,0,52.073,0,0,0,0,0,0,0,30.128,0,0,34.715,7.7564,0,19.644,0,7.7564,10.043,0,10.043,19.644,0,32.87,9.6013,0,7.7564,10.043,0,0,0,0,0.40426,0.59574,0,0,1,0,0,0,0,1,0,0,0
0,0,0,10.097,18.472,71.431,0,0,0,0,0,0,0,10.097,0,0,61.334,10.097,0,18.472,0,0,0,0,0,18.472,0,42.862,10.097,18.472,0,10.097,0,0,0,0,0.34375,0.65625,0,0,1,0,0,0,0,1,0,0,0
0,14.673,23.552,0,0,61.776,0,0,0,0,0,7.3363,0,0,0,0,61.776,23.552,0,0,0,7.3363,23.552,0,0,14.673,0,61.776,0,0,0,0,0,0,0,0,0.78824,0.21176,0,0,1,0,0,0,0,1,0,0,0
0,0,17.539,0,0,66.667,0,0,15.794,0,0,0,0,0,0,0,66.667,17.539,15.794,0,0,0,17.539,0,0,0,0,66.667,0,0,0,15.794,0,0,0,0,0,1,0,0,1,0,0,0,0,1,0,0,0
0,0,0,0,14.608,85.392,0,0,0,0,0,0,0,0,0,0,85.392,0,0,14.608,0,0,0,0,0,14.608,0,70.784,0,14.608,0,0,0,0,0,0,0,1,0,0,1,0,0,0,0,1,0,0,0
0,0,0,0,7.1166,92.883,0,0,0,0,0,0,0,0,0,0,100,0,0,0,0,0,0,0,0,0,0,92.883,0,7.1166,0,0,0,0,0,0,0,1,0,0,1,0,0,0,0,1,0,0,0
0,0,0,0,13.189,86.811,0,0,0,0,0,0,0,0,0,0,84.251,0,0,15.749,0,0,0,0,0,15.749,0,55.314,15.749,13.189,0,0,0,0,0,0,0.34066,0.65934,0,0,1,0,0,0,0,1,0,0,0
0,0,0,0,0,100,0,0,0,0,0,0,0,0,0,0,100,0,0,0,0,0,0,0,0,0,0,100,0,0,0,0,0,0,0,0,0,1,0,0,1,0,0,0,0,1,0,0,0
26.776,34.388,0,0,0,35.42,0,0,0,3.4166,0,0,3.3425,13.209,13.775,6.3841,42.53,0,5.5935,2.1769,12.988,0,0,23.062,7.5497,30.551,0,35.42,0,3.4166,0,0,0,0,0,0,0.74359,0.25641,0,0,1,0,0,0,0,1,0,0,0
25.431,13.437,0,14.881,0,32.833,0,0,13.418,0,0,0,0,28.318,0,25.412,13.418,0,19.415,13.437,0,0,7.4405,0,13.437,25.431,0,5.9968,26.836,0,0,20.858,0,0,0,0,0,1,0,0,1,0,0,0,0,1,0,0,0
0,66.667,0,0,0,33.333,0,0,0,0,0,0,0,16.667,16.667,16.667,33.333,0,0,0,16.667,0,0,33.333,0,33.333,0,33.333,0,0,0,0,0,0,0,0,0,1,0,0,1,0,0,0,0,1,0,0,0
0,0,0,0,33.333,33.333,0,0,0,33.333,0,0,0,0,33.333,0,0,66.667,0,0,0,0,0,0,0,0,0,0,33.333,33.333,0,33.333,0,0,0,0,0,1,0,0,1,0,0,0,0,1,0,0,0
26.466,0,0,0,6.5661,53.735,0,0,13.233,0,0,0,0,13.233,0,6.5661,47.168,6.5661,26.466,0,0,0,0,0,0,26.466,0,30.15,23.584,6.5661,0,13.233,0,0,0,0,0.23529,0.76471,0,0,1,0,0,0,0,1,0,0,0
0,0,0,0,11.699,70.566,0,0,17.734,0,0,0,0,0,0,29.434,41.133,11.699,17.734,0,0,0,0,0,0,0,0,23.399,47.168,11.699,0,17.734,0,0,0,0,0.32911,0.67089,0,0,1,0,0,0,0,1,0,0,0
0,0,0,0,8.0698,59.989,0,0,0,31.941,0,0,0,0,11.927,8.0698,28.066,51.938,0,0,0,0,0,0,0,0,0,39.993,19.996,8.0698,0,31.941,0,0,0,0,0.15517,0.84483,0,0,1,0,0,0,0,1,0,0,0
0,0,0,0,10.656,71.659,0,0,7.0288,10.656,0,0,0,0,18.292,7.0288,38.701,28.949,7.0288,0,0,0,0,0,0,0,0,27.291,44.368,10.656,0,17.685,0,0,0,0,0.23944,0.76056,0,0,1,0,0,0,0,1,0,0,0
0,38.597,18.286,0,0,43.117,0,0,0,0,0,10.893,13.852,0,0,0,43.117,18.286,0,0,0,13.852,18.286,0,13.852,24.745,0,43.117,0,0,0,0,0,0,0,0,0,1,0,0,1,0,0,0,0,1,0,0,0
0,27.702,19.47,0,0,30.53,0,0,22.298,0,0,23.586,0,0,0,0,30.53,19.47,22.298,0,0,4.116,19.47,0,0,27.702,0,30.53,0,0,0,22.298,0,0,0,0,0,1,0,0,1,0,0,0,0,1,0,0,0
0,18.604,0,0,0,81.396,0,0,0,0,0,6.3039,5.9957,0,0,0,81.396,0,0,0,0,6.3039,0,0,5.9957,12.608,0,81.396,0,0,0,0,0,0,0,0,0,1,0,0,1,0,0,0,0,1,0,0,0
0,0,0,0,0,100,0,0,0,0,0,0,0,0,0,0,100,0,0,0,0,0,0,0,0,0,0,100,0,0,0,0,0,0,0,0,0,1,0,0,1,0,0,0,0,1,0,0,0
0,0,0,0,0,73.708,0,0,26.292,0,0,0,0,0,0,0,73.708,0,26.292,0,0,0,0,0,0,0,0,73.708,0,0,0,26.292,0,0,0,0,0,1,0,0,1,0,0,0,0,1,0,0,0
0,0,0,0,0,88.301,0,0,11.699,0,0,0,0,0,0,0,88.301,0,11.699,0,0,0,0,0,0,0,0,88.301,0,0,0,11.699,0,0,0,0,0,1,0,0,1,0,0,0,0,1,0,0,0
0,0,0,0,0,90.376,0,0,9.6241,0,0,0,0,0,0,0,90.376,0,9.6241,0,0,0,0,0,0,0,0,90.376,0,0,0,9.6241,0,0,0,0,0,1,0,0,1,0,0,0,0,1,0,0,0
0,0,0,0,0,100,0,0,0,0,0,0,0,0,0,0,100,0,0,0,0,0,0,0,0,0,0,100,0,0,0,0,0,0,0,0,0,1,0,0,1,0,0,0,0,1,0,0,0
0,0,0,0,0,100,0,0,0,0,0,0,0,0,0,0,100,0,0,0,0,0,0,0,0,0,0,100,0,0,0,0,0,0,0,0,0,1,0,0,1,0,0,0,0,1,0,0,0
0,0,0,0,0,100,0,0,0,0,0,0,0,0,0,0,100,0,0,0,0,0,0,0,0,0,0,100,0,0,0,0,0,0,0,0,0,1,0,0,1,0,0,0,0,1,0,0,0
0,0,0,0,0,100,0,0,0,0,0,0,0,0,0,0,100,0,0,0,0,0,0,0,0,0,0,100,0,0,0,0,0,0,0,0,0,1,0,0,1,0,0,0,0,1,0,0,0
0,0,0,0,0,100,0,0,0,0,0,0,0,0,0,0,100,0,0,0,0,0,0,0,0,0,0,100,0,0,0,0,0,0,0,0,0,1,0,0,1,0,0,0,0,1,0,0,0
0,0,0,0,0,100,0,0,0,0,0,0,0,0,0,0,100,0,0,0,0,0,0,0,0,0,0,100,0,0,0,0,0,0,0,0,0,1,0,0,1,0,0,0,0,1,0,0,0
0,0,0,0,0,100,0,0,0,0,0,0,0,0,0,0,100,0,0,0,0,0,0,0,0,0,0,100,0,0,0,0,0,0,0,0,0,1,0,0,1,0,0,0,0,1,0,0,0
0,0,0,0,0,100,0,0,0,0,0,0,0,0,0,0,100,0,0,0,0,0,0,0,0,0,0,100,0,0,0,0,0,0,0,0,0,1,0,0,1,0,0,0,0,1,0,0,0
0,0,0,0,0,100,0,0,0,0,0,0,0,0,0,0,100,0,0,0,0,0,0,0,0,0,0,100,0,0,0,0,0,0,0,0,0,1,0,0,1,0,0,0,0,1,0,0,0
34.044,6.2292,8.8268,0,0,49.697,0,0,1.2035,0,0,0,2.2527,6.0866,14.052,6.4282,55.552,1.2035,6.0866,5.2247,2.2527,0.8619,8.8268,2.2527,28.477,20.622,5.2247,33.393,0,0,0,1.2035,0,0,0,0,0.96774,0.032258,0,0,1,0,0,0,0,1,0,0,0
0,0,0,0,0,100,0,0,0,0,0,0,0,0,0,0,100,0,0,0,0,0,0,0,0,0,0,100,0,0,0,0,0,0,0,0,0,1,0,0,1,0,0,0,0,1,0,0,0
0,15.143,0,0,0,84.857,0,0,0,0,0,0,7.5717,0,0,0,84.857,0,0,0,7.5717,0,0,0,15.143,0,0,77.285,0,0,7.5717,0,0,0,0,0,0,1,0,0,1,0,0,0,0,1,0,0,0
7.6641,15.328,0,0,0,77.008,0,0,0,0,0,0,7.6641,0,0,0,84.672,0,0,0,7.6641,0,0,7.6641,7.6641,15.328,0,69.343,0,0,0,0,0,0,0,0,0,1,0,0,1,0,0,0,0,1,0,0,0
0,0,0,0,0,100,0,0,0,0,0,0,0,0,0,0,100,0,0,0,0,0,0,0,0,0,0,100,0,0,0,0,0,0,0,0,0,1,0,0,1,0,0,0,0,1,0,0,0
0,3.5189,66.282,0,0,30.2,0,0,0,0,0,0,3.5189,0,0,0,30.2,66.282,0,0,0,0,0,66.282,3.5189,0,0,30.2,0,0,0,0,0,0,0,0,0,1,0,0,1,0,0,0,0,1,0,0,0
0,7.449,11.471,0,0,81.08,0,0,0,0,0,0,7.449,0,0,0,81.08,11.471,0,0,0,0,0,11.471,7.449,0,0,81.08,0,0,0,0,0,0,0,0,0,1,0,0,1,0,0,0,0,1,0,0,0
0,0,0,0,0,100,0,0,0,0,0,0,0,0,0,0,100,0,0,0,0,0,0,0,0,0,0,100,0,0,0,0,0,0,0,0,0,1,0,0,1,0,0,0,0,1,0,0,0
0,0,0,0,0,54.884,0,0,45.116,0,0,0,22.558,0,0,0,29.304,25.58,0,12.79,9.768,0,0,0,0,0,0,54.884,0,0,0,45.116,0,0,0,0,0,1,0,0,1,0,0,0,0,1,0,0,0
0,0,0,0,0,100,0,0,0,0,0,0,0,0,0,0,100,0,0,0,0,0,0,0,0,0,0,100,0,0,0,0,0,0,0,0,0,1,0,0,1,0,0,0,0,1,0,0,0
0,0,0,0,0,58.769,0,0,41.231,0,0,0,18.185,0,0,0,41.416,17.353,0,14.715,8.3302,0,0,0,0,0,0,58.769,0,0,0,41.231,0,0,0,0,0,1,0,0,1,0,0,0,0,1,0,0,0
0,0,0,0,0,65.119,0,0,34.881,0,0,0,11.292,0,11.075,0,35.829,18.215,0,12.297,11.292,0,0,0,0,0,0,54.044,11.075,0,0,34.881,0,0,0,0,0.26562,0.73438,0,0,1,0,0,0,0,1,0,0,0
0,0,0,0,18.762,49.809,0,0,18.794,12.636,0,0,9.3968,0,12.636,6.1266,12.253,50.191,0,9.3968,0,0,0,0,0,0,0,31.047,18.762,18.762,0,31.429,0,0,0,0,0.22222,0.77778,0,0,1,0,0,0,0,1,0,0,0
0,0,0,0,0,62.043,0,0,37.957,0,0,0,23.073,0,0,0,47.69,14.353,0,7.1767,7.7068,0,0,0,0,0,0,62.043,0,0,0,37.957,0,0,0,0,0.10526,0.89474,0,0,1,0,0,0,0,1,0,0,0
0,0,0,0,0,100,0,0,0,0,0,0,0,0,0,0,100,0,0,0,0,0,0,0,0,0,0,100,0,0,0,0,0,0,0,0,0,1,0,0,1,0,0,0,0,1,0,0,0
0,0,0,0,0,100,0,0,0,0,0,0,0,0,0,0,100,0,0,0,0,0,0,0,0,0,0,100,0,0,0,0,0,0,0,0,0,1,0,0,1,0,0,0,0,1,0,0,0
0,0,0,0,0,100,0,0,0,0,0,0,0,0,0,0,100,0,0,0,0,0,0,0,0,0,0,100,0,0,0,0,0,0,0,0,0,1,0,0,1,0,0,0,0,1,0,0,0
0,0,0,0,0,100,0,0,0,0,0,0,0,0,0,0,100,0,0,0,0,0,0,0,0,0,0,100,0,0,0,0,0,0,0,0,0,1,0,0,1,0,0,0,0,1,0,0,0
0,0,0,0,0,100,0,0,0,0,0,0,0,0,0,0,100,0,0,0,0,0,0,0,0,0,0,92.203,7.7973,0,0,0,0,0,0,0,0,1,0,0,1,0,0,0,0,1,0,0,0
0,0,0,0,0,100,0,0,0,0,0,0,0,0,0,0,100,0,0,0,0,0,0,0,0,0,0,96.45,3.55,0,0,0,0,0,0,0,0,1,0,0,1,0,0,0,0,1,0,0,0
0,0,0,0,0,100,0,0,0,0,0,0,0,0,0,0,100,0,0,0,0,0,0,0,0,0,0,65.877,34.123,0,0,0,0,0,0,0,0,1,0,0,1,0,0,0,0,1,0,0,0
0,0,0,0,0,100,0,0,0,0,0,0,0,0,0,0,100,0,0,0,0,0,0,0,0,0,0,85.515,14.485,0,0,0,0,0,0,0,0,1,0,0,1,0,0,0,0,1,0,0,0
0,0,0,0,0,83.089,0,0,16.911,0,0,0,12.095,0,0,0,83.089,0,0,0,4.8156,0,0,0,0,0,0,83.089,0,0,0,16.911,0,0,0,0,0,1,0,0,1,0,0,0,0,1,0,0,0
0,0,0,0,0,76.789,0,0,23.211,0,0,0,11.606,0,0,0,69.552,7.2369,0,0,11.606,0,0,0,0,0,0,76.789,0,0,0,23.211,0,0,0,0,0,1,0,0,1,0,0,0,0,1,0,0,0
0,0,0,0,0,75,0,0,25,0,0,0,25,0,0,0,75,0,0,0,0,0,0,0,0,0,0,75,0,0,0,25,0,0,0,0,0.066667,0.93333,0,0,1,0,0,0,0,1,0,0,0
0,0,0,0,0,100,0,0,0,0,0,0,0,0,0,0,100,0,0,0,0,0,0,0,0,0,0,44.505,55.495,0,0,0,0,0,0,0,0,1,0,0,1,0,0,0,0,1,0,0,0
0,0,0,0,0,100,0,0,0,0,0,0,0,0,0,0,100,0,0,0,0,0,0,0,0,0,0,100,0,0,0,0,0,0,0,0,0,1,0,0,1,0,0,0,0,1,0,0,0
0,0,0,0,0,100,0,0,0,0,0,0,0,0,0,0,100,0,0,0,0,0,0,0,0,0,0,100,0,0,0,0,0,0,0,0,0,1,0,0,1,0,0,0,0,1,0,0,0
0,0,0,0,0,100,0,0,0,0,0,0,0,0,0,0,100,0,0,0,0,0,0,0,0,0,0,100,0,0,0,0,0,0,0,0,0,1,0,0,1,0,0,0,0,1,0,0,0
0,0,0,0,0,100,0,0,0,0,0,0,0,0,0,0,100,0,0,0,0,0,0,0,0,0,0,100,0,0,0,0,0,0,0,0,0,1,0,0,1,0,0,0,0,1,0,0,0
