h1,h2,h3,h4,h5,h6,h7,h8,h9,h10,h11,h12,h13,h14,h15,h16,h17,h18,h19,h20,h21,h22,h23,h24,h25,h26,h27,h28,h29,h30,h31,h32,h33,h34,h35,h36,h37,h38,h39,h40,h41,h42,h43,h44,h45,h46,h47,h48,label
0,0,0,0,0,100,0,0,0,0,0,0,0,0,0,0,100,0,0,0,0,0,0,0,0,0,0,100,0,0,0,0,0,0,0,0,0,1,0,0,1,0,0,0,0,1,0,0,0
0,0,0,0,0,100,0,0,0,0,0,0,0,0,0,0,100,0,0,0,0,0,0,0,0,0,0,100,0,0,0,0,0,0,0,0,0,1,0,0,1,0,0,0,0,1,0,0,0
0,0,0,0,0,100,0,0,0,0,0,0,0,0,0,0,100,0,0,0,0,0,0,0,0,0,0,100,0,0,0,0,0,0,0,0,0,1,0,0,1,0,0,0,0,1,0,0,0
0,0,0,0,0,100,0,0,0,0,0,0,0,0,0,0,100,0,0,0,0,0,0,0,0,0,0,100,0,0,0,0,0,0,0,0,0,1,0,0,1,0,0,0,0,1,0,0,0
0,0,0,0,0,66.667,33.333,0,0,0,0,0,0,0,0,37.53,33.333,14.568,14.568,0,0,0,0,0,18.765,14.568,0,66.667,0,0,0,0,0,0,0,0,0,1,0,0,1,0,0,0,0,1,0,0,0
0,0,0,0,0,75.312,24.688,0,0,0,0,0,0,0,0,31.326,53.165,6.4837,9.0254,0,0,0,0,0,15.663,9.0254,0,75.312,0,0,0,0,0,0.60274,0.013699,0.10959,0.12329,0.15068,0,0,1,0,0,0,0,1,0,0,0
0,0,0,0,0,65.213,34.787,0,0,0,0,0,0,0,0,15.285,34.643,26.928,23.143,0,0,0,0,11.643,0,23.143,0,65.213,0,0,0,0,0,0,0,0,0,1,0,0,1,0,0,0,0,1,0,0,0
0,0,0,0,25.546,53.297,21.157,0,0,0,0,0,0,0,6.784,0,46.513,31.643,10.578,4.4814,0,0,4.4814,10.578,0,10.578,6.784,46.513,21.065,0,0,0,0,0.028169,0,0.014085,0.014085,0.94366,0,0,1,0,0,0,0,1,0,0,0
0,0,0,0,19.851,50.21,29.939,0,0,0,0,0,0,0,10.182,0,40.121,20.271,19.757,9.6688,0,0,9.6688,10.182,0,19.757,0,50.21,10.182,0,0,0,0,0.058824,0,0.039216,0.058824,0.84314,0,0,1,0,0,0,0,1,0,0,0
0,0,0,0,12.722,53.945,33.333,0,0,0,0,0,0,0,0,10.29,33.333,20.611,23.044,12.722,0,0,12.722,0,10.29,23.044,0,53.945,0,0,0,0,0,0.92391,0.01087,0.01087,0.021739,0.032609,0,0,1,0,0,0,0,1,0,0,0
0,0,0,0,11.084,77.833,11.084,0,0,0,0,0,0,0,4.2097,0,77.833,4.2097,6.874,6.874,0,0,6.874,4.2097,0,6.874,0,77.833,4.2097,0,0,0,0,0,0,0,0,1,0,0,1,0,0,0,0,1,0,0,0
0,0,0,0,7.4908,58.88,33.629,0,0,0,0,0,0,0,0,0,58.88,10.283,23.346,7.4908,0,0,7.4908,10.283,0,23.346,0,58.88,0,0,0,0,0,0.86275,0.019608,0,0.04902,0.068627,0,0,1,0,0,0,0,1,0,0,0
0,0,0,0,5.8194,94.181,0,0,0,0,0,0,0,0,0,0,94.181,0,0,5.8194,0,0,5.8194,0,0,0,0,94.181,0,0,0,0,0,0,0,0,0,1,0,0,1,0,0,0,0,1,0,0,0
0,0,0,0,0,100,0,0,0,0,0,0,0,0,0,0,65.199,34.801,0,0,0,0,0,0,0,0,0,100,0,0,0,0,0,0,0,0,0,1,0,0,1,0,0,0,0,1,0,0,0
0,0,0,0,0,100,0,0,0,0,0,0,0,0,0,0,100,0,0,0,0,0,0,0,0,0,0,100,0,0,0,0,0,0,0,0,0,1,0,0,1,0,0,0,0,1,0,0,0
0,0,0,0,0,100,0,0,0,0,0,0,0,0,0,0,100,0,0,0,0,0,0,0,0,0,0,100,0,0,0,0,0,0,0,0,0,1,0,0,1,0,0,0,0,1,0,0,0
0,0,0,0,0,100,0,0,0,0,0,0,0,0,0,0,100,0,0,0,0,0,0,0,0,0,0,100,0,0,0,0,0,0,0,0,0,1,0,0,1,0,0,0,0,1,0,0,0
0,0,0,0,0,100,0,0,0,0,0,0,0,0,0,0,100,0,0,0,0,0,0,0,0,0,0,100,0,0,0,0,0,0,0,0,0,1,0,0,1,0,0,0,0,1,0,0,0
0,0,0,0,0,100,0,0,0,0,0,0,0,0,0,0,100,0,0,0,0,0,0,0,0,0,0,100,0,0,0,0,0,0,0,0,0,1,0,0,1,0,0,0,0,1,0,0,0
0,0,0,0,0,100,0,0,0,0,0,0,0,0,0,0,100,0,0,0,0,0,0,0,0,0,0,100,0,0,0,0,0,0,0,0,0,1,0,0,1,0,0,0,0,1,0,0,0
0,0,0,0,0,89.514,10.486,0,0,0,0,0,0,3.7157,0,0,89.514,0,3.0545,3.7157,0,0,0,0,3.0545,7.4314,0,89.514,0,0,0,0,0,0,0,0,0,1,0,0,1,0,0,0,0,1,0,0,0
0,0,0,0,0,88.443,5.7786,5.7786,0,0,0,0,0,0,0,5.7786,88.443,0,0,5.7786,0,0,0,5.7786,5.7786,0,0,88.443,0,0,0,0,0,0,0,0,0,1,0,0,1,0,0,0,0,1,0,0,0
0,0,0,0,0,100,0,0,0,0,0,0,0,0,0,0,100,0,0,0,0,0,0,0,0,0,0,100,0,0,0,0,0,0,0,0,0,1,0,0,1,0,0,0,0,1,0,0,0
0,0,0,0,0,100,0,0,0,0,0,0,0,0,0,0,100,0,0,0,0,0,0,0,0,0,0,100,0,0,0,0,0,0,0,0,0,1,0,0,1,0,0,0,0,1,0,0,0
0,0,0,0,0,100,0,0,0,0,0,0,0,0,0,0,100,0,0,0,0,0,0,0,0,0,0,100,0,0,0,0,0,0,0,0,0,1,0,0,1,0,0,0,0,1,0,0,0
0,0,0,0,0,100,0,0,0,0,0,0,0,0,0,0,100,0,0,0,0,0,0,0,0,0,0,100,0,0,0,0,0,0,0,0,0,1,0,0,1,0,0,0,0,1,0,0,0
0,0,0,0,3.3114,96.689,0,0,0,0,0,0,3.3114,0,0,0,96.689,0,0,0,0,0,0,0,0,0,0,96.689,0,0,0,3.3114,0,0,0,0,0,1,0,0,1,0,0,0,0,1,0,0,0
0,0,0,0,25.329,74.671,0,0,0,0,0,0,9.6617,0,0,0,65.009,9.6617,0,15.668,0,0,0,0,0,0,0,74.671,0,0,0,25.329,0,0,0,0,0,1,0,0,1,0,0,0,0,1,0,0,0
0,0,0,0,2.3123,97.688,0,0,0,0,0,0,2.3123,0,0,0,97.688,0,0,0,0,0,0,0,0,0,0,97.688,0,0,0,2.3123,0,0,0,0,0,1,0,0,1,0,0,0,0,1,0,0,0
0,0,0,0,0,65.261,23.566,11.172,0,0,0,0,0,4.9997,0,16.052,60.381,0,7.394,11.172,0,0,0,11.172,13.686,9.8798,4.88,60.381,0,0,0,0,0,0,0,0.015152,0.075758,0.90909,0,0,1,0,0,0,0,1,0,0,0
0,0,0,0,0,65.488,28.545,5.9678,0,0,0,0,0,6.0105,0,22.491,48.964,5.2779,0,17.256,0,0,0,5.9678,5.2779,17.989,16.524,54.242,0,0,0,0,0,0,0,0,0,1,0,0,1,0,0,0,0,1,0,0,0
0,0,0,0,30.729,48.273,12.559,8.4395,0,0,0,0,15.365,0,0,16.231,29.236,15.365,0,23.804,0,0,0,8.4395,4.7674,3.6721,7.7912,44.601,0,0,0,30.729,0,0.44444,0,0.11111,0.22222,0.22222,0,0,1,0,0,0,0,1,0,0,0
0,0,0,0,11.259,65.913,22.828,0,0,0,0,0,6.6044,0,0,22.828,43.085,11.414,0,16.068,0,0,0,0,11.414,0,22.828,54.499,0,0,0,11.259,0,0,0.022222,0.022222,0.48889,0.46667,0,0,1,0,0,0,0,1,0,0,0
0,0,0,0,0,65.542,28.992,5.4659,0,0,0,0,0,4.2694,0,20.453,58.095,3.7235,0,13.459,0,0,0,5.4659,9.1894,8.5388,14.987,61.819,0,0,0,0,0,1,0,0,0,0,0,0,1,0,0,0,0,1,0,0,0
0,0,0,0,0,74.826,17.074,8.1001,0,0,0,0,0,0,0,25.174,57.752,4.487,0,12.587,0,0,0,8.1001,4.487,8.1001,17.074,62.239,0,0,0,0,0,1,0,0,0,0,0,0,1,0,0,0,0,1,0,0,0
0,0,0,0,0,100,0,0,0,0,0,0,0,0,0,0,100,0,0,0,0,0,0,0,0,0,0,100,0,0,0,0,0,0,0,0,0,1,0,0,1,0,0,0,0,1,0,0,0
0,0,0,0,21.31,78.69,0,0,0,0,0,0,13.916,0,0,0,71.296,7.394,0,7.394,0,0,0,0,0,0,0,78.69,0,0,0,21.31,0,0,0,0,0,1,0,0,1,0,0,0,0,1,0,0,0
0,0,0,0,8.5267,91.473,0,0,0,0,0,0,0,0,0,0,91.473,0,0,8.5267,0,0,0,0,0,0,0,91.473,0,0,0,8.5267,0,0,0,0,0,1,0,0,1,0,0,0,0,1,0,0,0
0,0,0,0,0,91.801,8.1994,0,0,0,0,0,0,0,0,0,91.801,0,8.1994,0,0,0,0,0,8.1994,0,0,91.801,0,0,0,0,0,0,0,0,0,1,0,0,1,0,0,0,0,1,0,0,0
0,0,0,0,0,74.562,25.438,0,0,0,0,0,0,8.7324,0,15.946,66.589,0,5.3659,3.3665,0,0,0,0,13.339,12.099,0,74.562,0,0,0,0,0,0,0,0,0,1,0,0,1,0,0,0,0,1,0,0,0
0,0,0,0,0,79.94,20.06,0,0,0,0,0,0,0,0,28.833,36.766,28.833,5.5686,0,0,0,0,0,20.06,0,0,79.94,0,0,0,0,0,0,0,0,0.011628,0.98837,0,0,1,0,0,0,0,1,0,0,0
0,0,0,0,0,84.903,15.097,0,0,0,0,0,0,5.4634,0,0,79.867,5.036,4.1701,5.4634,0,0,0,0,4.1701,10.927,0,84.903,0,0,0,0,0,0.77215,0.012658,0.037975,0.075949,0.10127,0,0,1,0,0,0,0,1,0,0,0
0,0,0,0,0,79.644,20.356,0,0,0,0,0,0,6.1212,0,8.1134,71.531,8.1134,6.1212,0,0,0,0,0,14.235,6.1212,0,79.644,0,0,0,0,0,0.99115,0,0,0.0088496,0,0,0,1,0,0,0,0,1,0,0,0
0,0,0,0,0,76.862,20.032,3.106,0,0,0,0,0,6.7145,0,9.7088,73.756,0,6.7145,3.106,0,0,0,3.106,6.7145,9.8205,6.6028,73.756,0,0,0,0,0,0.88732,0,0,0.070423,0.042254,0,0,1,0,0,0,0,1,0,0,0
0,0,0,0,0,92.072,7.9276,0,0,0,0,0,0,0,0,7.9276,92.072,0,0,0,0,0,0,0,0,0,7.9276,92.072,0,0,0,0,0,1,0,0,0,0,0,0,1,0,0,0,0,1,0,0,0
0,0,0,0,0,100,0,0,0,0,0,0,0,0,0,0,93.489,6.5108,0,0,0,0,0,0,0,0,0,100,0,0,0,0,0,0.91765,0,0,0.058824,0.023529,0,0,1,0,0,0,0,1,0,0,0
0,0,0,0,0,100,0,0,0,0,0,0,0,0,0,0,100,0,0,0,0,0,0,0,0,0,0,100,0,0,0,0,0,0.88889,0,0.037037,0.037037,0.037037,0,0,1,0,0,0,0,1,0,0,0
0,0,0,0,0,100,0,0,0,0,0,0,0,0,0,0,100,0,0,0,0,0,0,0,0,0,0,100,0,0,0,0,0,0,0,0,0,1,0,0,1,0,0,0,0,1,0,0,0
0,0,0,0,0,100,0,0,0,0,0,0,0,0,0,0,94.155,5.845,0,0,0,0,0,0,0,0,0,100,0,0,0,0,0,0.85567,0,0.030928,0.082474,0.030928,0,0,1,0,0,0,0,1,0,0,0
0,0,0,0,0,100,0,0,0,0,0,0,0,0,0,0,100,0,0,0,0,0,0,0,0,0,0,100,0,0,0,0,0,0.98901,0,0,0,0.010989,0,0,1,0,0,0,0,1,0,0,0
0,0,0,0,0,100,0,0,0,0,0,0,0,0,0,0,100,0,0,0,0,0,0,0,0,0,0,100,0,0,0,0,0,1,0,0,0,0,0,0,1,0,0,0,0,1,0,0,0
0,0,0,0,0,100,0,0,0,0,0,0,0,0,0,0,100,0,0,0,0,0,0,0,0,0,0,100,0,0,0,0,0,0.89655,0,0.017241,0.068966,0.017241,0,0,1,0,0,0,0,1,0,0,0
0,0,0,0,0,100,0,0,0,0,0,0,0,0,0,0,100,0,0,0,0,0,0,0,0,0,0,100,0,0,0,0,0,0.88462,0,0.019231,0.019231,0.076923,0,0,1,0,0,0,0,1,0,0,0
0,0,0,0,0,100,0,0,0,0,0,0,0,0,0,0,100,0,0,0,0,0,0,0,0,0,0,100,0,0,0,0,0,1,0,0,0,0,0,0,1,0,0,0,0,1,0,0,0
0,0,0,0,33.333,66.667,0,0,0,0,0,0,0,0,0,0,100,0,0,0,0,0,0,0,0,0,0,66.667,0,33.333,0,0,0,0,0,0,0,1,0,0,1,0,0,0,0,1,0,0,0
0,0,0,0,0,100,0,0,0,0,0,0,0,0,0,20,80,0,0,0,0,0,0,0,0,0,0,100,0,0,0,0,0,0,0,0,0,1,0,0,1,0,0,0,0,1,0,0,0
0,0,0,0,15.784,84.216,0,0,0,0,0,0,0,0,0,15.784,84.216,0,0,0,0,0,0,0,0,0,0,84.216,0,0,0,15.784,0,0,0,0,0,1,0,0,1,0,0,0,0,1,0,0,0
0,0,0,0,13.138,86.862,0,0,0,0,0,0,0,0,0,23.2,76.8,0,0,0,0,0,0,0,0,0,0,86.862,0,0,13.138,0,0,0,0,0,0,1,0,0,1,0,0,0,0,1,0,0,0
0,0,0,0,0,100,0,0,0,0,0,0,0,0,0,18.545,68.161,13.294,0,0,0,0,0,0,0,0,8.81,91.19,0,0,0,0,0,0,0,0,0,1,0,0,1,0,0,0,0,1,0,0,0
0,0,0,0,0,100,0,0,0,0,0,0,0,0,0,16.532,50.405,33.064,0,0,0,0,0,0,0,0,16.532,83.468,0,0,0,0,0,0,0,0,0,1,0,0,1,0,0,0,0,1,0,0,0
0,0,0,0,0,100,0,0,0,0,0,0,0,0,0,6.0905,62.025,31.885,0,0,0,0,0,0,0,0,19.467,80.533,0,0,0,0,0,0,0,0,0,1,0,0,1,0,0,0,0,1,0,0,0
0,0,0,0,0,100,0,0,0,0,0,0,0,0,0,15.586,49.913,34.5,0,0,0,0,0,0,0,0,8.9313,77.759,13.31,0,0,0,0,0,0,0,0,1,0,0,1,0,0,0,0,1,0,0,0
0,0,0,0,9.051,90.949,0,0,0,0,0,0,0,0,0,0,100,0,0,0,0,0,0,0,0,0,0,90.949,0,9.051,0,0,0,0,0,0,0.23404,0.76596,0,0,1,0,0,0,0,1,0,0,0
0,0,0,0,0,100,0,0,0,0,0,0,0,0,0,0,79.185,20.815,0,0,0,0,0,0,0,0,0,100,0,0,0,0,0,0,0,0,0.17333,0.82667,0,0,1,0,0,0,0,1,0,0,0
0,0,0,0,9.66,90.34,0,0,0,0,0,0,0,9.66,0,9.66,65.239,15.441,0,0,0,0,0,0,0,0,9.66,71.02,9.66,9.66,0,0,0,0,0,0,0,1,0,0,1,0,0,0,0,1,0,0,0
0,0,0,0,17.663,82.337,0,0,0,0,0,0,0,0,0,0,82.337,17.663,0,0,0,0,0,0,0,0,0,82.337,0,17.663,0,0,0,0,0,0,0.061728,0.93827,0,0,1,0,0,0,0,1,0,0,0
0,0,0,0,32.139,51.792,16.069,0,0,0,0,0,0,16.069,0,0,51.792,21.518,10.621,0,0,0,0,0,0,5.4487,21.518,30.274,0,42.759,0,0,0,0,0,0,0,1,0,0,1,0,0,0,0,1,0,0,0
0,0,0,0,3.072,96.928,0,0,0,0,0,0,0,0,0,0,96.928,0,0,3.072,0,0,0,0,0,0,0,96.928,0,0,0,3.072,0,0,0,0,0,1,0,0,1,0,0,0,0,1,0,0,0
0,0,0,0,0,100,0,0,0,0,0,0,0,0,0,0,100,0,0,0,0,0,0,0,0,0,0,100,0,0,0,0,0,0,0,0,0,1,0,0,1,0,0,0,0,1,0,0,0
0,0,0,0,2.0465,97.953,0,0,0,0,0,0,0,0,0,0,97.953,0,0,2.0465,0,0,0,0,0,0,0,97.953,0,0,0,2.0465,0,0,0,0,0,1,0,0,1,0,0,0,0,1,0,0,0
0,0,0,0,0,100,0,0,0,0,0,0,0,0,0,0,100,0,0,0,0,0,0,0,0,0,0,100,0,0,0,0,0,0,0,0,0,1,0,0,1,0,0,0,0,1,0,0,0
0,0,0,0,2.4961,97.504,0,0,0,0,0,0,0,0,0,0,97.504,0,0,2.4961,0,0,0,0,0,0,0,97.504,0,0,0,2.4961,0,0,0,0,0,1,0,0,1,0,0,0,0,1,0,0,0
0,0,0,0,0,100,0,0,0,0,0,0,0,0,0,0,100,0,0,0,0,0,0,0,0,0,0,100,0,0,0,0,0,0,0,0,0,1,0,0,1,0,0,0,0,1,0,0,0
0,0,0,0,0,100,0,0,0,0,0,0,0,0,0,0,100,0,0,0,0,0,0,0,0,0,0,100,0,0,0,0,0,0,0,0,0,1,0,0,1,0,0,0,0,1,0,0,0
0,0,0,0,0,100,0,0,0,0,0,0,0,0,0,0,100,0,0,0,0,0,0,0,0,0,0,100,0,0,0,0,0,0,0,0,0,1,0,0,1,0,0,0,0,1,0,0,0
0,0,0,0,0,100,0,0,0,0,0,0,0,0,0,0,100,0,0,0,0,0,0,0,0,0,0,100,0,0,0,0,0,0,0,0,0,1,0,0,1,0,0,0,0,1,0,0,0
0,0,0,0,0,100,0,0,0,0,0,0,0,0,0,0,100,0,0,0,0,0,0,0,0,0,0,100,0,0,0,0,0,0,0,0,0,1,0,0,1,0,0,0,0,1,0,0,0
0,0,0,0,0,100,0,0,0,0,0,0,0,0,0,0,100,0,0,0,0,0,0,0,0,0,0,100,0,0,0,0,0,0,0,0,0,1,0,0,1,0,0,0,0,1,0,0,0
0,0,0,0,0,100,0,0,0,0,0,0,0,0,0,0,100,0,0,0,0,0,0,0,0,0,0,100,0,0,0,0,0,0,0,0,0,1,0,0,1,0,0,0,0,1,0,0,0
0,0,0,0,0,100,0,0,0,0,0,0,0,0,0,0,100,0,0,0,0,0,0,0,0,0,0,100,0,0,0,0,0,0,0,0,0,1,0,0,1,0,0,0,0,1,0,0,0
0,0,0,0,0,100,0,0,0,0,0,0,0,0,0,0,100,0,0,0,0,0,0,0,0,0,0,100,0,0,0,0,0,0,0,0,0,1,0,0,1,0,0,0,0,1,0,0,0
0,0,0,0,0,100,0,0,0,0,0,0,0,0,0,0,100,0,0,0,0,0,0,0,0,0,0,100,0,0,0,0,0,0,0,0,0,1,0,0,1,0,0,0,0,1,0,0,0
0,0,0,0,0,100,0,0,0,0,0,0,0,0,0,0,100,0,0,0,0,0,0,0,0,0,0,100,0,0,0,0,0,0,0,0,0,1,0,0,1,0,0,0,0,1,0,0,0
0,0,0,0,0,100,0,0,0,0,0,0,0,0,0,0,100,0,0,0,0,0,0,0,0,0,0,100,0,0,0,0,0,1,0,0,0,0,0,0,1,0,0,0,0,1,0,0,0
0,0,0,0,0,100,0,0,0,0,0,0,0,0,0,0,100,0,0,0,0,0,0,0,0,0,0,100,0,0,0,0,0,1,0,0,0,0,0,0,1,0,0,0,0,1,0,0,0
0,0,0,0,0,100,0,0,0,0,0,0,0,0,0,0,100,0,0,0,0,0,0,0,0,0,0,100,0,0,0,0,0,0,0,0,0,1,0,0,1,0,0,0,0,1,0,0,0
0,0,0,0,0,100,0,0,0,0,0,0,0,0,0,0,100,0,0,0,0,0,0,0,0,0,0,100,0,0,0,0,0,0,0,0,0,1,0,0,1,0,0,0,0,1,0,0,0
0,0,0,0,0,100,0,0,0,0,0,0,0,0,0,0,100,0,0,0,0,0,0,0,0,0,0,100,0,0,0,0,0,1,0,0,0,0,0,0,1,0,0,0,0,1,0,0,0
0,0,0,0,0,100,0,0,0,0,0,0,0,0,0,0,100,0,0,0,0,0,0,0,0,0,0,100,0,0,0,0,0,0,0,0,0,1,0,0,1,0,0,0,0,1,0,0,0
0,0,0,0,0,100,0,0,0,0,0,0,0,0,0,0,100,0,0,0,0,0,0,0,0,0,0,100,0,0,0,0,0,0,0,0,0,1,0,0,1,0,0,0,0,1,0,0,0
0,0,0,0,0,100,0,0,0,0,0,0,0,0,0,0,100,0,0,0,0,0,0,0,0,0,0,100,0,0,0,0,0,0,0,0,0,1,0,0,1,0,0,0,0,1,0,0,0
0,0,0,0,0,100,0,0,0,0,0,0,0,0,0,0,100,0,0,0,0,0,0,0,0,0,0,100,0,0,0,0,0,0,0,0,0,1,0,0,1,0,0,0,0,1,0,0,0
0,0,0,0,0,100,0,0,0,0,0,0,0,0,0,0,100,0,0,0,0,0,0,0,0,0,0,100,0,0,0,0,0,0.69811,0,0.037736,0.15094,0.11321,0,0,1,0,0,0,0,1,0,0,0
0,0,0,0,0,100,0,0,0,0,0,0,0,0,0,0,100,0,0,0,0,0,0,0,0,0,0,100,0,0,0,0,0,0.79487,0,0.025641,0.15385,0.025641,0,0,1,0,0,0,0,1,0,0,0
0,0,0,5.1249,0,94.875,0,0,0,0,0,0,0,0,5.1249,0,94.875,0,0,0,0,0,0,0,0,0,0,94.875,0,0,0,0,5.1249,1,0,0,0,0,0,0,1,0,0,0,0,1,0,0,0
0,0,0,0,9.1298,90.87,0,0,0,0,0,0,0,0,0,9.1298,90.87,0,0,0,0,0,0,0,0,0,0,90.87,0,0,0,0,9.1298,0,0,0,0,1,0,0,1,0,0,0,0,1,0,0,0
0,0,0,11.973,0,88.027,0,0,0,0,0,0,0,0,11.973,0,88.027,0,0,0,0,0,0,0,0,0,0,88.027,0,0,0,0,11.973,1,0,0,0,0,0,0,1,0,0,0,0,1,0,0,0
0,0,0,7.8004,7.8004,84.399,0,0,0,0,0,0,0,0,7.8004,7.8004,76.599,0,0,0,7.8004,0,0,0,0,0,0,76.599,0,0,0,7.8004,15.601,1,0,0,0,0,0,0,1,0,0,0,0,1,0,0,0
0,0,0,0,3.9857,96.014,0,0,0,0,0,0,0,0,0,3.9857,89.22,0,0,0,6.7944,0,0,0,0,0,0,89.22,0,0,0,6.7944,3.9857,0,0,0,0,1,0,0,1,0,0,0,0,1,0,0,0
0,0,0,8.891,9.8903,81.219,0,0,0,0,0,0,0,0,8.891,9.8903,72.777,0,0,0,8.4414,0,0,0,0,0,0,72.777,0,0,0,8.4414,18.781,0,0,0,0,1,0,0,1,0,0,0,0,1,0,0,0
0,0,0,0,0,100,0,0,0,0,0,0,0,0,0,0,100,0,0,0,0,0,0,0,0,0,0,100,0,0,0,0,0,0,0,0,0,1,0,0,1,0,0,0,0,1,0,0,0
0,0,0,0,0,100,0,0,0,0,0,0,0,0,0,0,100,0,0,0,0,0,0,0,0,0,0,100,0,0,0,0,0,0,0,0,0,1,0,0,1,0,0,0,0,1,0,0,0
0,0,0,0,0,100,0,0,0,0,0,0,0,0,0,0,100,0,0,0,0,0,0,0,0,0,0,100,0,0,0,0,0,0,0,0,0,1,0,0,1,0,0,0,0,1,0,0,0
0,0,0,0,0,100,0,0,0,0,0,0,0,0,0,0,100,0,0,0,0,0,0,0,0,0,0,100,0,0,0,0,0,0,0,0,0,1,0,0,1,0,0,0,0,1,0,0,0
0,0,0,0,0,100,0,0,0,0,0,0,0,0,0,0,100,0,0,0,0,0,0,0,0,0,0,100,0,0,0,0,0,0,0,0,0,1,0,0,1,0,0,0,0,1,0,0,0
0,0,0,0,0,100,0,0,0,0,0,0,0,0,0,0,100,0,0,0,0,0,0,0,0,0,0,100,0,0,0,0,0,0,0,0,0,1,0,0,1,0,0,0,0,1,0,0,0
0,0,0,0,0,100,0,0,0,0,0,0,0,0,0,0,100,0,0,0,0,0,0,0,0,0,0,100,0,0,0,0,0,0,0,0,0,1,0,0,1,0,0,0,0,1,0,0,0
0,0,0,0,0,100,0,0,0,0,0,0,0,0,0,0,100,0,0,0,0,0,0,0,0,0,0,100,0,0,0,0,0,0,0,0,0,1,0,0,1,0,0,0,0,1,0,0,0
0,0,0,8.4818,8.4818,83.036,0,0,0,0,0,0,0,0,8.4818,8.4818,67.05,0,0,0,15.986,0,0,0,0,0,0,67.05,0,0,0,15.986,16.964,0,0,0,0,1,0,0,1,0,0,0,0,1,0,0,0
0,0,0,7.3751,15.02,77.605,0,0,0,0,0,0,0,0,7.3751,15.02,70.23,0,0,0,7.3751,0,0,0,0,0,0,70.23,0,0,0,7.3751,22.395,0,0,0,0,1,0,0,1,0,0,0,0,1,0,0,0
0,0,0,0,0,100,0,0,0,0,0,0,0,0,0,0,90.931,0,0,0,9.0694,0,0,0,0,0,0,90.931,0,0,0,9.0694,0,0,0,0,0,1,0,0,1,0,0,0,0,1,0,0,0
0,0,0,0,0,100,0,0,0,0,0,0,0,0,0,0,100,0,0,0,0,0,0,0,0,0,0,100,0,0,0,0,0,0,0,0,0,1,0,0,1,0,0,0,0,1,0,0,0
0,0,0,0,0,100,0,0,0,0,0,0,0,0,0,0,100,0,0,0,0,0,0,0,0,0,0,100,0,0,0,0,0,0,0,0,0,1,0,0,1,0,0,0,0,1,0,0,0
0,0,0,0,0,100,0,0,0,0,0,0,0,0,0,0,100,0,0,0,0,0,0,0,0,0,0,100,0,0,0,0,0,0,0,0,0,1,0,0,1,0,0,0,0,1,0,0,0
0,0,0,0,0,100,0,0,0,0,0,0,0,0,0,0,100,0,0,0,0,0,0,0,0,0,0,100,0,0,0,0,0,0,0,0,0,1,0,0,1,0,0,0,0,1,0,0,0
0,0,0,0,0,100,0,0,0,0,0,0,0,0,0,0,100,0,0,0,0,0,0,0,0,0,0,100,0,0,0,0,0,0,0,0,0,1,0,0,1,0,0,0,0,1,0,0,0
0,0,0,0,0,100,0,0,0,0,0,0,0,0,0,0,100,0,0,0,0,0,0,0,0,0,0,100,0,0,0,0,0,0,0,0,0,1,0,0,1,0,0,0,0,1,0,0,0
0,0,0,0,0,100,0,0,0,0,0,0,0,0,0,0,100,0,0,0,0,0,0,0,0,0,0,100,0,0,0,0,0,0,0,0,0,1,0,0,1,0,0,0,0,1,0,0,0
0,0,0,0,0,100,0,0,0,0,0,0,0,0,0,0,100,0,0,0,0,0,0,0,0,0,0,100,0,0,0,0,0,0,0,0,0,1,0,0,1,0,0,0,0,1,0,0,0
0,0,0,0,0,100,0,0,0,0,0,0,0,0,0,0,100,0,0,0,0,0,0,0,0,0,0,100,0,0,0,0,0,0,0,0,0,1,0,0,1,0,0,0,0,1,0,0,0
0,0,0,0,0,100,0,0,0,0,0,0,0,0,0,0,100,0,0,0,0,0,0,0,0,0,0,100,0,0,0,0,0,0,0,0,0,1,0,0,1,0,0,0,0,1,0,0,0
0,0,0,0,0,100,0,0,0,0,0,0,0,0,0,2.7866,97.213,0,0,0,0,0,0,0,0,0,0,100,0,0,0,0,0,0,0,0,0,1,0,0,1,0,0,0,0,1,0,0,0
0,0,0,0,0,100,0,0,0,0,0,0,0,0,0,0,100,0,0,0,0,0,0,0,0,0,0,100,0,0,0,0,0,0,0,0,0,1,0,0,1,0,0,0,0,1,0,0,0
0,0,0,0,0,100,0,0,0,0,0,0,0,0,0,0,100,0,0,0,0,0,0,0,0,0,0,100,0,0,0,0,0,0,0,0,0,1,0,0,1,0,0,0,0,1,0,0,0
0,0,0,0,0,100,0,0,0,0,0,0,0,0,0,0,100,0,0,0,0,0,0,0,0,0,0,100,0,0,0,0,0,0,0,0,0,1,0,0,1,0,0,0,0,1,0,0,0
0,0,0,0,0,100,0,0,0,0,0,0,0,0,0,0,100,0,0,0,0,0,0,0,0,0,0,100,0,0,0,0,0,0,0,0,0,1,0,0,1,0,0,0,0,1,0,0,0
0,0,0,0,0,100,0,0,0,0,0,0,0,0,0,0,100,0,0,0,0,0,0,0,0,0,0,100,0,0,0,0,0,0,0,0,0,1,0,0,1,0,0,0,0,1,0,0,0
0,0,0,0,0,100,0,0,0,0,0,0,0,0,0,0,100,0,0,0,0,0,0,0,0,0,0,100,0,0,0,0,0,0,0,0,0,1,0,0,1,0,0,0,0,1,0,0,0
0,0,0,0,0,100,0,0,0,0,0,0,0,0,0,0,100,0,0,0,0,0,0,0,0,0,0,100,0,0,0,0,0,0,0,0,0,1,0,0,1,0,0,0,0,1,0,0,0
0,0,0,0,0,100,0,0,0,0,0,0,0,0,0,0,100,0,0,0,0,0,0,0,0,0,0,100,0,0,0,0,0,0,0,0,0,1,0,0,1,0,0,0,0,1,0,0,0
0,0,0,0,0,100,0,0,0,0,0,0,0,0,0,0,100,0,0,0,0,0,0,0,0,0,0,100,0,0,0,0,0,0,0,0,0,1,0,0,1,0,0,0,0,1,0,0,0
0,0,0,0,0,100,0,0,0,0,0,0,0,0,0,0,100,0,0,0,0,0,0,0,0,0,0,100,0,0,0,0,0,0,0,0,0,1,0,0,1,0,0,0,0,1,0,0,0
0,0,0,0,0,100,0,0,0,0,0,0,0,0,0,0,100,0,0,0,0,0,0,0,0,0,0,100,0,0,0,0,0,0,0,0,0,1,0,0,1,0,0,0,0,1,0,0,0
0,0,0,0,0,100,0,0,0,0,0,0,0,0,0,0,100,0,0,0,0,0,0,0,0,0,0,100,0,0,0,0,0,0,0,0,0,1,0,0,1,0,0,0,0,1,0,0,0
0,0,0,0,0,100,0,0,0,0,0,0,0,0,0,0,100,0,0,0,0,0,0,0,0,0,0,100,0,0,0,0,0,0,0,0,0,1,0,0,1,0,0,0,0,1,0,0,0
0,0,0,0,0,100,0,0,0,0,0,0,0,0,0,0,100,0,0,0,0,0,0,0,0,0,0,100,0,0,0,0,0,0,0,0,0,1,0,0,1,0,0,0,0,1,0,0,0
0,0,0,0,0,100,0,0,0,0,0,0,0,0,0,0,100,0,0,0,0,0,0,0,0,0,0,100,0,0,0,0,0,0,0,0,0,1,0,0,1,0,0,0,0,1,0,0,0
0,0,0,0,0,100,0,0,0,0,0,0,0,0,0,0,100,0,0,0,0,0,0,0,0,0,0,100,0,0,0,0,0,0,0,0,0,1,0,0,1,0,0,0,0,1,0,0,0
0,0,0,0,0,100,0,0,0,0,0,0,0,0,0,0,100,0,0,0,0,0,0,0,0,0,0,100,0,0,0,0,0,0,0,0,0,1,0,0,1,0,0,0,0,1,0,0,0
0,0,0,0,0,100,0,0,0,0,0,0,0,0,0,0,100,0,0,0,0,0,0,0,0,0,0,100,0,0,0,0,0,0,0,0,0,1,0,0,1,0,0,0,0,1,0,0,0
0,0,0,0,0,100,0,0,0,0,0,0,0,0,0,0,100,0,0,0,0,0,0,0,0,0,0,100,0,0,0,0,0,0,0,0,0,1,0,0,1,0,0,0,0,1,0,0,0
0,0,0,0,0,100,0,0,0,0,0,0,0,0,0,0,100,0,0,0,0,0,0,0,0,0,0,100,0,0,0,0,0,0,0,0,0,1,0,0,1,0,0,0,0,1,0,0,0
0,0,0,0,0,100,0,0,0,0,0,0,0,0,0,0,100,0,0,0,0,0,0,0,0,0,0,100,0,0,0,0,0,0,0,0,0,1,0,0,1,0,0,0,0,1,0,0,0
0,0,0,0,0,100,0,0,0,0,0,0,0,0,0,0,100,0,0,0,0,0,0,0,0,0,0,100,0,0,0,0,0,0,0,0,0,1,0,0,1,0,0,0,0,1,0,0,0
0,0,0,0,0,100,0,0,0,0,0,0,0,0,0,0,100,0,0,0,0,0,0,0,0,0,0,100,0,0,0,0,0,0,0,0,0,1,0,0,1,0,0,0,0,1,0,0,0
0,0,0,0,0,100,0,0,0,0,0,0,0,0,0,0,100,0,0,0,0,0,0,0,0,0,0,100,0,0,0,0,0,0,0,0,0,1,0,0,1,0,0,0,0,1,0,0,0
0,0,0,0,0,100,0,0,0,0,0,0,0,0,0,0,100,0,0,0,0,0,0,0,0,0,0,100,0,0,0,0,0,0,0,0,0,1,0,0,1,0,0,0,0,1,0,0,0
0,0,0,0,19.502,76.099,4.3987,0,0,0,0,0,0,0,4.3987,7.3307,54.107,34.163,0,0,0,0,0,4.3987,0,0,14.661,61.438,19.502,0,0,0,0,0.95775,0,0.014085,0.028169,0,0,0,1,0,0,0,0,1,0,0,0
0,0,0,0,38.564,56.521,4.9149,0,0,0,0,0,0,0,20.186,3.1057,41.25,35.458,0,0,0,0,0,4.9149,0,0,15.271,41.25,35.458,3.1057,0,0,0,0.19298,0.017544,0.017544,0.035088,0.73684,0,0,1,0,0,0,0,1,0,0,0
0,0,0,0,44.904,32.289,22.807,0,0,0,0,0,0,0,14.401,12.969,17.888,23.884,30.857,0,0,0,0,0,0,22.807,22.452,9.8371,31.935,12.969,0,0,0,0.15385,0,0.051282,0.12821,0.66667,0,0,1,0,0,0,0,1,0,0,0
0,0,0,0,16.303,75.96,7.7374,0,0,0,0,0,0,0,10.029,23.467,25.959,30.517,10.029,0,0,0,0,0,0,7.7374,26.648,43.151,18.48,3.9824,0,0,0,0.88172,0.010753,0.075269,0.032258,0,0,0,1,0,0,0,0,1,0,0,0
0,0,0,0,20.092,79.908,0,0,0,0,0,0,0,0,0,5.9503,79.908,5.4045,0,8.7371,0,0,8.7371,0,0,0,0,79.908,5.4045,5.9503,0,0,0,0,0,0,0,1,0,0,1,0,0,0,0,1,0,0,0
0,0,0,0,24.423,71.337,4.2402,0,0,0,0,0,0,0,5.7983,10.038,65.539,4.3459,14.279,0,0,0,0,0,0,4.2402,4.2402,61.299,25.981,4.2402,0,0,0,0,0,0,0.013699,0.9863,0,0,1,0,0,0,0,1,0,0,0
0,0,0,0,24.456,56.178,19.366,0,0,0,0,0,0,0,13.169,11.675,49.593,6.5847,18.978,0,0,0,0,0,0,12.781,12.781,44.61,18.152,11.675,0,0,0,0.19643,0,0.071429,0.053571,0.67857,0,0,1,0,0,0,0,1,0,0,0
9.9527,0,0,0,17.657,54.896,17.495,0,0,0,0,0,0,0,11.556,13.697,35.798,21.293,17.657,0,0,0,0,0,0,11.717,47.138,23.488,11.717,5.9395,0,0,0,0,0,0,0,1,0,0,1,0,0,0,0,1,0,0,0
32.406,0,0,0,0,43.696,23.898,0,0,0,0,0,0,0,5.6452,12.608,64.153,5.6452,11.949,0,0,0,0,0,0,11.29,45.013,43.696,0,0,0,0,0,0,0,0,0,1,0,0,1,0,0,0,0,1,0,0,0
7.1168,0,0,0,21.409,42.883,28.591,0,0,0,0,0,0,0,13.063,36.99,20.179,9.5891,20.179,0,0,0,0,0,0,9.5369,26.171,34.589,29.703,0,0,0,0,0.79817,0.0091743,0.018349,0.12844,0.045872,0,0,1,0,0,0,0,1,0,0,0
25.445,0,0,0,10.372,47.898,16.285,0,0,0,0,0,0,0,11.825,31.205,40.685,10.372,5.9124,0,0,0,0,0,0,5.9124,25.613,58.103,10.372,0,0,0,0,0,0,0,0,1,0,0,1,0,0,0,0,1,0,0,0
0,0,0,0,0,100,0,0,0,0,0,0,0,0,0,0,100,0,0,0,0,0,0,0,0,0,0,100,0,0,0,0,0,0,0,0,0,1,0,0,1,0,0,0,0,1,0,0,0
0,0,0,0,3.1264,96.874,0,0,0,0,0,0,0,0,0,10.771,89.229,0,0,0,0,0,0,0,0,0,0,86.517,6.5342,3.1264,0,3.8222,0,0,0,0,0,1,0,0,1,0,0,0,0,1,0,0,0
0,0,0,0,21.121,78.879,0,0,0,0,0,0,0,0,6.0684,24.722,63.142,0,6.0684,0,0,0,0,0,0,0,0,67.976,27.189,0,0,4.8345,0,0,0,0,0,1,0,0,1,0,0,0,0,1,0,0,0
0,0,0,0,0,100,0,0,0,0,0,0,0,18.938,0,18.938,43.187,18.938,0,0,0,0,0,0,0,0,18.938,81.062,0,0,0,0,0,0,0,0,0,1,0,0,1,0,0,0,0,1,0,0,0
0,0,0,0,4.2304,95.77,0,0,0,0,0,0,0,4.2304,0,22.819,45.77,22.951,0,4.2304,0,0,0,0,0,0,8.4607,78.015,0,4.2304,0,9.2942,0,0,0,0,0,1,0,0,1,0,0,0,0,1,0,0,0
0,0,0,0,0,81.271,18.729,0,0,0,0,0,0,0,18.729,59.365,21.906,0,0,0,0,0,0,0,0,0,18.729,51.588,18.729,0,0,10.953,0,0,0,0,0,1,0,0,1,0,0,0,0,1,0,0,1
0,0,0,0,0,90.888,9.1116,0,0,0,0,0,0,15.423,9.1116,24.534,35.508,15.423,0,0,0,0,0,0,0,0,24.534,61.658,4.6959,0,0,9.1116,0,0,0,0,0,1,0,0,1,0,0,0,0,1,0,0,0
0,0,0,0,11.037,77.925,11.037,0,0,0,0,0,0,0,0,33.112,55.851,11.037,0,0,0,0,0,0,0,0,11.037,69.866,19.097,0,0,0,0,0,0,0,0,1,0,0,1,0,0,0,0,1,0,0,0
0,0,0,0,10.651,89.349,0,0,0,0,0,0,0,0,0,10.651,89.349,0,0,0,0,0,0,0,0,0,0,89.349,10.651,0,0,0,0,0,0,0,0,1,0,0,1,0,0,0,0,1,0,0,0
19.399,0,0,0,0,80.601,0,0,0,0,0,0,0,0,0,0,100,0,0,0,0,0,0,0,0,0,38.798,61.202,0,0,0,0,0,0,0,0,0,1,0,0,1,0,0,0,0,1,0,0,0
13.839,0,0,0,0,58.484,27.677,0,0,0,0,0,0,0,0,27.677,58.484,0,13.839,0,0,0,0,0,0,0,41.516,58.484,0,0,0,0,0,0,0,0,0,1,0,0,1,0,0,0,0,1,0,0,0
5.0823,0,0,0,23.164,46.847,19.292,0,0,5.6152,0,0,0,0,14.743,34.38,31.052,10.179,9.6459,0,0,0,0,0,0,10.179,19.811,41.231,17.549,11.23,0,0,0,0.50926,0,0.037037,0.15741,0.2963,0,0,1,0,0,0,0,1,0,0,0
0,0,0,0,22.747,49.332,4.7968,0,0,8.4592,14.665,0,0,11.744,14.665,25.466,23.125,11.003,0,5.5378,8.4592,0,0,0,0,13.997,4.7968,44.462,4.7968,31.947,0,0,0,0.68354,0.025316,0.12658,0.12658,0.037975,0,0,1,0,0,0,0,1,0,0,0
0,0,0,0,22.476,66.286,0,0,0,0,11.238,0,0,11.238,11.238,0,66.286,11.238,0,0,0,0,0,0,0,0,0,77.524,0,22.476,0,0,0,0,0,0,0,1,0,0,1,0,0,0,0,1,0,0,0
0,0,0,0,14.768,69.038,0,0,0,5.2925,10.902,0,0,9.4751,8.9265,29.535,33.662,8.9265,0,9.4751,0,0,0,0,0,14.768,3.634,48.429,3.634,29.535,0,0,0,0.021978,0.010989,0.010989,0.054945,0.9011,0,0,1,0,0,0,0,1,0,0,0
0,4.8035,0,0,17.214,26.459,12.702,0,0,19.23,19.592,0,20.6,6.8898,10.324,22.664,6.8898,10.324,0,17.505,4.8035,0,0,12.702,4.8035,8.2375,0,25.112,0,33.349,7.8982,0,7.8982,0.59615,0.019231,0.11538,0.15385,0.11538,0,0,1,0,0,0,0,1,0,0,0
21.522,0,0,0,0,67.623,0,0,0,10.856,0,0,0,0,0,0,100,0,0,0,0,0,0,0,0,0,21.522,67.623,0,10.856,0,0,0,0,0,0,0,1,0,0,1,0,0,0,0,1,0,0,0
0,0,0,0,6.703,72.355,6.703,0,0,14.239,0,0,0,0,0,0,100,0,0,0,0,0,0,6.703,0,0,0,72.355,0,14.239,6.703,0,0,0,0,0,0,1,0,0,1,0,0,0,0,1,0,0,0
0,0,0,0,17.871,47.946,24.617,0,0,9.5659,0,0,0,0,0,0,100,0,0,0,0,0,0,24.617,0,0,0,47.946,0,14.124,13.313,0,0,0,0,0.25,0.25,0.5,0,0,1,0,0,0,0,1,0,0,0
15.418,0,0,0,0,67.119,0,0,0,12.126,5.3366,0,0,0,5.3366,15.418,73.909,0,0,0,5.3366,0,0,0,0,5.3366,0,82.537,0,12.126,0,0,0,0,0,0,0,1,0,0,1,0,0,0,0,1,0,0,0
0,0,0,0,5.4255,68.731,5.4255,0,0,20.418,0,0,0,0,0,0,100,0,0,0,0,0,0,5.4255,0,0,0,68.731,0,25.843,0,0,0,0,0,0,0,1,0,0,1,0,0,0,0,1,0,0,0
0,0,0,0,13.177,60.322,18.028,0,0,8.4739,0,0,0,0,0,0,100,0,0,0,0,0,0,18.028,0,0,0,60.322,0,17.066,4.5847,0,0,0,0,0,0.5,0.5,0,0,1,0,0,0,0,1,0,0,0
0,0,0,0,17.16,38.066,27.613,0,0,17.16,0,0,0,0,0,0,100,0,0,0,0,0,0,27.613,0,0,0,38.066,0,17.16,17.16,0,0,0,0,0,0,1,0,0,1,0,0,0,0,1,0,0,0
0,0,0,0,13.231,40.582,32.955,0,0,13.231,0,0,0,0,0,0,92.373,7.6267,0,0,0,0,0,32.955,0,0,0,40.582,0,26.463,0,0,0,0,0,0,0,1,0,0,1,0,0,0,0,1,0,0,0
0,0,0,0,28.18,40.901,15.459,0,0,15.459,0,0,0,0,0,0,100,0,0,0,0,0,0,15.459,0,0,0,40.901,0,28.18,15.459,0,0,0,0,0,0,1,0,0,1,0,0,0,0,1,0,0,0
0,0,0,0,0,100,0,0,0,0,0,0,0,0,0,0,100,0,0,0,0,0,0,0,0,0,0,100,0,0,0,0,0,0,0,0,0,1,0,0,1,0,0,0,0,1,0,0,0
0,0,0,0,38.857,38.857,11.143,0,0,11.143,0,0,0,0,0,0,100,0,0,0,0,0,0,11.143,0,0,0,38.857,0,35.708,14.292,0,0,0,0,0,0,1,0,0,1,0,0,0,0,1,0,0,0
0,0,0,0,0,100,0,0,0,0,0,0,0,0,0,0,100,0,0,0,0,0,0,0,0,0,0,100,0,0,0,0,0,0,0,0,0,1,0,0,1,0,0,0,0,1,0,0,0
0,4.4467,0,0,9.5228,60.178,4.4467,0,0,16.96,4.4467,0,4.4467,0,9.5228,19.046,44.122,9.5228,0,8.8933,4.4467,0,0,4.4467,4.4467,13.969,0,46.208,0,30.929,0,0,0,0,0,0,0.032967,0.96703,0,0,1,0,0,0,0,1,0,0,0
0,0,0,0,6.3608,54.366,6.3608,0,0,23.41,9.5023,0,0,0,22.224,0,61.913,6.3608,0,0,9.5023,0,0,6.3608,6.3608,9.5023,0,41.645,6.3608,29.771,0,0,0,0,0,0,0,1,0,0,1,0,0,0,0,1,0,0,0
0,0,0,0,10.328,74.695,10.524,0,0,4.4531,0,0,0,0,11.471,5.5504,60.984,21.995,0,0,0,0,0,10.524,5.9206,5.5504,0,46.203,5.5504,14.781,0,11.471,0,0,0,0,0.45,0.55,0,0,1,0,0,0,0,1,0,0,0
0,14.271,0,0,7.4249,35.17,5.3227,0,0,14.432,23.38,0,39.188,7.4249,3.786,25.495,7.572,0,0,12.748,3.786,0,0,5.3227,14.271,11.211,0,20.32,0,23.959,5.3227,0,19.594,0.11429,0.028571,0.028571,0.82857,0,0,0,1,0,0,0,0,1,0,0,0
2.9053,12.546,0,0,10.831,48.285,4.7222,0,0,8.1648,12.546,0,25.629,10.831,0,24.567,11.07,2.9053,0,20.275,4.7222,0,2.9053,4.7222,12.546,15.553,2.9053,18.996,0,31.644,2.9053,0,7.8236,0.97778,0,0.022222,0,0,0,0,1,0,0,0,0,1,0,0,0
0,14.105,0,0,0,22.821,22.821,0,0,17.432,22.821,0,31.537,0,0,17.432,0,0,0,36.926,14.105,0,0,22.821,14.105,14.105,0,8.716,0,22.821,8.716,0,8.716,0,0,0,1,0,0,0,1,0,0,0,0,1,0,0,0
0,0,0,0,3.3571,89.929,3.3571,0,0,3.3571,0,0,0,0,29.151,5.3014,34.452,31.095,0,0,0,0,0,3.3571,25.794,5.3014,0,33.04,3.3571,6.7142,0,22.437,0,0,0.0625,0,0.1875,0.75,0,0,1,0,0,0,0,1,0,0,0
0,0,0,0,10.216,61.535,18.033,0,0,10.216,0,0,0,0,28.921,0,52.374,18.705,0,0,0,0,0,18.033,18.705,0,0,24.124,10.216,20.432,0,8.4892,0,0,0,0,0,1,0,0,1,0,0,0,0,1,0,0,0
0,0,0,0,3.5426,84.139,8.7753,0,0,3.5426,0,0,0,0,29.282,22.196,17.551,30.972,0,0,0,0,0,8.7753,3.5426,22.196,0,10.465,25.739,7.0853,0,22.196,0,0,0,0,0,1,0,0,1,0,0,0,0,1,0,0,0
0,0,0,0,25.127,50.255,12.309,0,0,12.309,0,0,0,0,24.618,0,63.073,12.309,0,0,0,0,0,12.309,12.309,0,0,25.637,12.309,37.436,0,0,0,0,0,0,0,1,0,0,1,0,0,0,0,1,0,0,0
0,0,0,0,0,100,0,0,0,0,0,0,0,0,0,0,100,0,0,0,0,0,0,0,0,0,0,100,0,0,0,0,0,0,0,0,0,1,0,0,1,0,0,0,0,1,0,0,0
0,7.8976,0,0,0,84.205,0,0,0,7.8976,0,0,7.8976,0,12.169,12.169,47.698,20.067,0,0,0,0,0,0,0,20.067,0,47.698,12.169,0,0,20.067,0,0,0,0,0,1,0,0,1,0,0,0,0,1,0,0,0
0,0,0,0,0,100,0,0,0,0,0,0,0,0,0,11.346,77.307,11.346,0,0,0,0,0,0,0,11.346,0,88.654,0,0,0,0,0,0,0,0,0,1,0,0,1,0,0,0,0,1,0,0,0
0,0,0,0,0,100,0,0,0,0,0,0,0,0,0,0,100,0,0,0,0,0,0,0,0,0,0,100,0,0,0,0,0,0,0,0,0,1,0,0,1,0,0,0,0,1,0,0,0
0,0,0,0,0,100,0,0,0,0,0,0,0,0,0,0,100,0,0,0,0,0,0,0,0,0,0,100,0,0,0,0,0,0,0,0,0,1,0,0,1,0,0,0,0,1,0,0,0
0,0,0,0,0,100,0,0,0,0,0,0,0,0,0,0,100,0,0,0,0,0,0,0,0,0,0,100,0,0,0,0,0,0,0,0,0,1,0,0,1,0,0,0,0,1,0,0,0
0,0,0,0,0,100,0,0,0,0,0,0,0,0,0,0,100,0,0,0,0,0,0,0,0,0,0,100,0,0,0,0,0,0,0,0,0,1,0,0,1,0,0,0,0,1,0,0,0
0,0,0,0,0,100,0,0,0,0,0,0,0,0,0,0,100,0,0,0,0,0,0,0,0,0,0,100,0,0,0,0,0,0,0,0,0,1,0,0,1,0,0,0,0,1,0,0,0
0,0,0,0,0,100,0,0,0,0,0,0,0,0,0,0,100,0,0,0,0,0,0,0,0,0,0,100,0,0,0,0,0,0,0,0,0,1,0,0,1,0,0,0,0,1,0,0,0
0,0,0,0,0,100,0,0,0,0,0,0,0,0,0,0,100,0,0,0,0,0,0,0,0,0,0,100,0,0,0,0,0,0,0,0,0,1,0,0,1,0,0,0,0,1,0,0,0
0,0,0,0,0,100,0,0,0,0,0,0,0,0,0,0,100,0,0,0,0,0,0,0,0,0,0,100,0,0,0,0,0,0,0,0,0,1,0,0,1,0,0,0,0,1,0,0,0
0,0,0,0,0,100,0,0,0,0,0,0,0,0,0,0,100,0,0,0,0,0,0,0,0,0,0,100,0,0,0,0,0,0,0,0,0,1,0,0,1,0,0,0,0,1,0,0,0
0,0,0,0,0,100,0,0,0,0,0,0,0,0,0,0,100,0,0,0,0,0,0,0,0,0,0,100,0,0,0,0,0,0,0,0,0,1,0,0,1,0,0,0,0,1,0,0,0
0,0,0,0,0,100,0,0,0,0,0,0,0,0,0,0,100,0,0,0,0,0,0,0,0,0,0,100,0,0,0,0,0,0,0,0,0,1,0,0,1,0,0,0,0,1,0,0,0
0,0,0,0,0,100,0,0,0,0,0,0,0,0,0,0,100,0,0,0,0,0,0,0,0,0,0,100,0,0,0,0,0,0,0,0,0,1,0,0,1,0,0,0,0,1,0,0,0
0,0,0,0,0,100,0,0,0,0,0,0,0,0,0,0,100,0,0,0,0,0,0,0,0,0,0,100,0,0,0,0,0,0,0,0,0,1,0,0,1,0,0,0,0,1,0,0,0
0,0,0,0,0,100,0,0,0,0,0,0,0,0,0,0,100,0,0,0,0,0,0,0,0,0,0,100,0,0,0,0,0,0,0,0,0,1,0,0,1,0,0,0,0,1,0,0,0
0,0,0,0,0,100,0,0,0,0,0,0,0,0,0,0,100,0,0,0,0,0,0,0,0,0,0,100,0,0,0,0,0,0,0,0,0,1,0,0,1,0,0,0,0,1,0,0,0
0,0,0,0,0,100,0,0,0,0,0,0,0,0,0,0,100,0,0,0,0,0,0,0,0,0,0,100,0,0,0,0,0,0,0,0,0,1,0,0,1,0,0,0,0,1,0,0,0
0,0,0,0,9.7444,90.256,0,0,0,0,0,0,0,9.7444,0,13.547,66.965,0,0,9.7444,0,0,0,0,0,0,19.489,70.767,0,9.7444,0,0,0,0,0,0,0,1,0,0,1,0,0,0,0,1,0,0,0
0,0,0,0,16.822,74.824,8.3536,0,0,0,0,0,0,6.7742,8.3536,31.78,42.169,6.7742,0,4.1492,0,0,0,0,0,0,19.277,55.547,8.3536,16.822,0,0,0,0,0,0,0.040404,0.9596,0,0,1,0,0,0,0,1,0,0,1
0,0,0,0,24.989,53.581,16.078,5.3521,0,0,0,0,0,8.9329,16.078,35.715,8.9329,10.704,5.3521,14.285,0,0,0,0,5.3521,0,39.296,8.9329,5.3521,24.989,0,16.078,0,0.29134,0,0.015748,0.11024,0.58268,0,0,1,0,0,0,0,1,0,0,1
0,0,0,0,19.15,80.85,0,0,0,0,0,0,0,2.0454,0,17.337,71.739,0,2.0454,6.8332,0,0,0,0,0,0,6.8332,71.971,0,13.434,2.0454,5.7158,0,0,0,0,0,1,0,0,1,0,0,0,0,1,0,0,0
0,0,0,0,24.847,71.151,0,4.0022,0,0,0,0,0,8.3051,0,18.514,48.867,8.0043,8.5371,7.7724,0,0,0,0,4.0022,0,11.543,51.072,4.0022,20.312,4.5349,4.5349,0,0.13333,0,0.033333,0,0.83333,0,0,1,0,0,0,0,1,0,0,0
0,0,0,0,17.184,56.671,22.846,3.299,0,0,0,0,0,3.0624,15.99,21.938,31.434,15.485,3.0624,9.0287,0,0,0,0,3.299,9.8186,28.318,25.291,9.7286,14.458,3.0624,6.0246,0,0,0,0,0,1,0,0,1,0,0,0,0,1,0,0,1
0,0,0,0,0,53.919,11.487,6.3981,0,0,28.195,0,0,0,24.415,5.0892,52.61,17.885,0,0,0,0,0,5.0892,6.3981,0,12.796,33.285,18.017,6.3981,0,18.017,0,0,0,0,0,1,0,0,1,0,0,0,0,1,0,0,1
0,0,0,0,10.904,62.823,22.638,3.6347,0,0,0,0,0,0,24.194,7.2694,29.804,18.686,10.801,9.2453,0,0,7.1663,11.417,3.6347,5.6106,22.022,0,16.412,22.321,0,11.417,0,0.0087719,0,0,0,0.99123,0,0,1,0,0,0,0,1,0,0,1
0,0,0,0,30.147,50.651,19.201,0,0,0,0,0,0,2.6332,5.1079,14.665,50.651,15.324,2.6332,0,8.9854,0,0,0,0,19.201,5.1079,33.925,0,16.726,11.619,13.421,0,0,0,0,0.026316,0.97368,0,0,1,0,0,0,0,1,0,0,1
0,0,0,0,14.987,78.694,6.3194,0,0,0,0,0,0,10.653,0,10.001,68.693,6.3194,4.3337,0,0,0,0,0,0,6.3194,6.3194,61.721,0,4.3337,10.653,10.653,0,0,0,0,0,1,0,0,1,0,0,0,0,1,0,0,0
0,0,0,0,20.284,44.664,32.745,2.3068,0,0,0,0,0,9.4731,6.6615,10.196,41.388,17.116,6.1975,8.9683,0,0,0,0,2.3068,26.083,21.212,11.672,8.9683,10.811,9.4731,9.4731,0,0,0,0,0,1,0,0,1,0,0,0,0,1,0,0,1
0,0,0,0,29.393,56.194,11.778,2.6351,0,0,0,0,0,3.1798,4.2991,25.393,35.504,21.347,2.6351,7.6413,0,0,0,0,2.6351,11.778,15.12,35.258,2.6351,17.211,3.1798,12.183,0,0,0,0,0,1,0,0,1,0,0,0,0,1,0,0,0
0,0,0,0,28.995,56.936,14.068,0,0,0,0,0,0,8.1445,0,20.637,52.281,8.1445,8.3586,0,2.4348,0,0,0,0,14.068,8.1445,38.213,0,2.4348,20.637,16.503,0,0,0,0,0.71429,0.28571,0,0,1,0,0,0,0,1,0,0,1
0,0,0,0,12.918,74.165,12.918,0,0,0,0,0,0,0,0,12.918,74.165,0,0,0,12.918,0,0,0,0,12.918,0,61.247,0,12.918,12.918,0,0,0,0,0,0.10638,0.89362,0,0,1,0,0,0,0,1,0,0,0
0,0,0,0,12.235,36.133,51.632,0,0,0,0,0,0,0,0,6.4026,52.916,22.615,5.832,0,12.235,0,0,0,0,51.632,0,23.899,0,12.235,6.4026,5.832,0,0,0,0,0.67347,0.32653,0,0,1,0,0,0,0,1,0,0,1
0,0,0,0,8.8703,82.259,8.8703,0,0,0,0,0,1.9014,0,0,6.7481,60.849,21.631,6.1123,0,2.7581,0,0,0,0,8.8703,10.722,62.888,3.9901,4.6595,2.7581,6.1123,0,0,0,0,0,1,0,0,1,0,0,0,0,1,0,0,0
0,0,0,0,25.823,46.204,19.912,8.0603,0,0,0,0,0,0,19.71,6.9855,19.71,39.138,10.963,3.4927,0,0,7.4704,0,8.0603,15.345,27.771,0,10.963,22.718,0,7.6725,0,0.090909,0,0,0.011364,0.89773,0,0,1,0,0,0,0,1,0,0,1
0,0,0,0,0,61.859,20.519,5.7623,0,0,11.859,0,0,0,13.141,11.859,44.238,11.525,11.859,7.3785,0,0,11.859,0,5.7623,7.3785,38.141,11.859,19.238,5.7623,0,0,0,0.18367,0,0.020408,0.061224,0.73469,0,0,1,0,0,0,0,1,0,0,1
0,0,0,0,35.425,29.15,35.425,0,0,0,0,0,0,0,6.2744,0,52.026,18.823,22.876,0,0,0,0,0,0,35.425,6.2744,22.876,0,6.2744,0,29.15,0,0,0,0,0.075,0.925,0,0,1,0,0,0,0,1,0,0,1
0,0,0,0,0,63.681,12.353,0,0,0,23.966,0,0,0,0,15.749,72.638,4.1355,7.478,0,0,0,7.478,0,0,12.353,15.749,36.319,15.749,12.353,0,0,0,0.022222,0,0,0.011111,0.96667,0,0,1,0,0,0,0,1,0,0,0
0,0,0,0,6.8836,93.116,0,0,0,0,0,0,0,0,0,25.872,65.469,8.6589,0,0,0,0,0,0,0,0,0,80.863,12.253,0,6.8836,0,0,0,0,0,0,1,0,0,1,0,0,0,0,1,0,0,0
0,0,0,0,10.413,89.587,0,0,0,0,0,0,2.0605,0,0,7.9122,65.65,14.856,4.7608,0,4.7608,0,0,0,0,0,5.5322,61.409,15.824,12.473,0,4.7608,0,0,0,0,0,1,0,0,1,0,0,0,0,1,0,0,0
0,0,0,0,6.3475,93.653,0,0,0,0,0,0,5.8189,0,0,12.487,61.709,7.2904,6.3475,0,6.3475,0,0,0,0,0,21.409,52.787,7.2904,12.166,0,6.3475,0,0,0,0,0,1,0,0,1,0,0,0,0,1,0,0,0
0,0,0,0,15.511,84.49,0,0,0,0,0,0,0,4.4298,0,17.588,52.919,25.063,0,0,0,0,0,0,0,0,11.905,43.916,28.669,15.511,0,0,0,0,0,0,0,1,0,0,1,0,0,0,0,1,0,0,0
0,0,0,0,8.7017,73.895,17.403,0,0,0,0,0,8.7017,0,8.7017,12.256,49.383,12.256,8.7017,0,0,0,0,0,0,8.7017,8.7017,44.593,20.6,17.403,0,0,0,0,0,0,0.045455,0.95455,0,0,1,0,0,0,0,1,0,0,0
0,0,0,0,12.012,69.693,18.294,0,0,0,0,0,3.0422,0,9.1209,21.186,50.052,12.012,4.5868,0,0,0,0,0,0,13.708,25.923,21.29,24.025,15.054,0,0,0,0,0,0,0.99145,0.008547,0,0,1,0,0,0,0,1,0,0,1
0,0,0,0,5.038,89.078,5.8835,0,0,0,0,0,2.9418,0,2.9418,15.79,47.414,23.778,5.038,0,2.0963,0,0,0,0,2.9418,29.788,51.246,5.949,7.9798,0,2.0963,0,0,0,0,0,1,0,0,1,0,0,0,0,1,0,0,0
0,0,0,0,0,94.471,0,0,0,0,5.5287,0,2.7446,0,0,24.77,56.153,16.332,0,0,0,0,0,0,0,0,32.917,53.281,11.057,2.7446,0,0,0,0,0,0,0,1,0,0,1,0,0,0,0,1,0,0,0
0,0,0,0,8.8791,73.363,17.758,0,0,0,0,0,8.8791,0,8.8791,5.836,67.527,0,8.8791,0,0,0,0,0,0,8.8791,28.428,31.221,0,17.758,0,13.713,0,0,0,0,0.04,0.96,0,0,1,0,0,0,0,1,0,0,1
3.7081,0,0,0,0,93.644,0,0,0,0,2.6477,0,2.6379,0,0,27.4,54.408,11.846,3.7081,0,0,0,0,0,0,3.7081,35.528,39.924,14.494,2.6379,3.7081,0,0,0,0,0,0,1,0,0,1,0,0,0,0,1,0,0,0
0,0,0,0,21.093,57.566,21.341,0,0,0,0,0,0,15.682,0,26.202,29.058,21.093,7.9651,0,0,0,0,0,0,13.376,44.988,10.271,10.271,21.093,0,0,0,0,0,0,1,0,0,0,1,0,0,0,0,1,0,0,1
0,0,0,0,18.256,54.367,27.377,0,0,0,0,0,0,3.0452,0,16.554,48.978,31.423,0,0,0,0,0,0,0,27.377,6.0904,39.501,8.7755,18.256,0,0,0,0,0,0,0.14516,0.85484,0,0,1,0,0,0,0,1,0,0,0
0,0,0,0,13.694,50.531,35.774,0,0,0,0,0,4.3357,0,4.3357,25.1,52.534,9.3587,4.3357,0,0,0,0,0,0,31.439,20.077,30.454,0,18.03,0,0,0,0,0,0,0.17742,0.82258,0,0,1,0,0,0,0,1,0,0,1
0,0,0,0,24.609,52.571,22.82,0,0,0,0,0,0,10.122,0,17.447,35.124,24.609,12.698,0,0,0,0,0,12.698,10.122,40.89,6.9318,0,29.358,0,0,0,0,0,0,0.73611,0.26389,0,0,1,0,0,0,0,1,0,0,1
0,0,0,0,36.981,34.763,28.255,0,0,0,0,0,0,16.943,0,16.528,29.547,29.148,7.8337,0,0,0,0,0,0,20.422,16.943,8.7102,3.525,50.4,0,0,0,0,0,0,0.85135,0.14865,0,0,1,0,0,0,0,1,0,0,1
0,0,0,0,0,70.362,29.638,0,0,0,0,0,0,15.992,0,35.821,41.364,0,6.8231,0,0,0,0,0,0,22.815,42.644,18.55,0,15.992,0,0,0,0,0,0,0,1,0,0,1,0,0,0,0,1,0,0,1
0,0,0,0,33.201,55.753,11.046,0,0,0,0,0,11.241,0,22.551,10.128,15.845,40.235,0,0,0,0,0,0,0,11.046,11.833,26.564,10.719,21.96,17.878,0,0,0,0,0,0,1,0,0,1,0,0,0,0,1,0,0,0
0,0,0,0,0,75.238,24.762,0,0,0,0,0,0,0,5.0153,19.747,68.728,0,6.5104,0,0,0,0,0,0,18.251,44.184,24.653,0,0,0,12.912,0,0,0,0,0,1,0,0,1,0,0,0,0,1,0,0,1
0,0,0,0,0,88.884,11.116,0,0,0,0,0,0,3.587,11.116,12.179,73.118,0,0,0,0,0,0,0,0,11.116,23.295,58.415,0,3.587,0,3.587,0,0,0,0,0,1,0,0,1,0,0,0,0,1,0,0,1
0,0,0,0,28.548,58.331,13.121,0,0,0,0,0,12.895,3.8345,3.0065,16.449,51.242,12.574,0,0,0,0,0,0,0,16.923,9.5671,34.286,0,12.927,12.099,10.395,3.8018,0,0,0,0.2963,0.7037,0,0,1,0,0,0,0,1,0,0,1
0,0,0,0,37.951,44.425,17.623,0,0,0,0,0,8.1031,2.3978,19.408,20.984,23.279,25.829,0,0,0,0,0,0,0,20.021,4.7353,28.42,4.0763,27.511,8.1031,7.1332,0,0,0,0,0.013333,0.98667,0,0,1,0,0,0,0,1,0,0,1
0,0,0,0,26.948,27.125,45.926,0,0,0,0,0,9.0418,4.7464,9.0418,8.8648,32.005,36.3,0,0,0,0,0,0,0,50.672,4.2954,4.2954,0,22.653,13.337,4.7464,0,0,0,0,0,1,0,0,1,0,0,0,0,1,0,0,1
0,0,0,0,14.845,85.155,0,0,0,0,0,0,0,0,0,0,81.512,18.488,0,0,0,0,0,0,0,0,0,51.821,33.333,0,0,0,14.845,0,0.011765,0.011765,0.023529,0.95294,0,0,1,0,0,0,0,1,0,0,0
0,0,0,0,0,100,0,0,0,0,0,0,0,0,0,0,87.331,12.669,0,0,0,0,0,0,0,0,0,92.747,7.2527,0,0,0,0,0,0.016949,0,0,0.98305,0,0,1,0,0,0,0,1,0,0,0
0,0,0,0,0,100,0,0,0,0,0,0,0,0,0,0,90.072,9.9282,0,0,0,0,0,0,0,0,0,80.654,19.346,0,0,0,0,0,0,0,0.024096,0.9759,0,0,1,0,0,0,0,1,0,0,0
0,0,0,0,0,100,0,0,0,0,0,0,0,0,0,0,79.011,20.989,0,0,0,0,0,0,0,0,0,100,0,0,0,0,0,0,0,0,0,1,0,0,1,0,0,0,0,1,0,0,0
0,0,0,0,21.856,78.144,0,0,0,0,0,0,0,0,0,0,100,0,0,0,0,0,0,0,21.856,0,0,36.06,20.229,0,0,0,21.856,0,0,0,0,1,0,0,1,0,0,0,0,1,0,0,0
18.197,0,0,0,18.197,45.41,0,0,0,0,18.197,0,18.197,0,0,0,63.607,0,18.197,0,0,0,18.197,0,18.197,0,0,22.705,22.705,0,0,18.197,0,0,0,0,0,1,0,0,1,0,0,0,0,1,0,0,0
0,0,0,0,13.342,86.658,0,0,0,0,0,0,0,0,0,0,89.992,10.008,0,0,0,0,0,0,0,0,0,63.307,23.35,0,0,0,13.342,0,0,0,0,1,0,0,1,0,0,0,0,1,0,0,0
0,0,0,0,0,100,0,0,0,0,0,0,0,0,0,0,100,0,0,0,0,0,0,0,0,0,0,79.682,20.318,0,0,0,0,0,0,0,0,1,0,0,1,0,0,0,0,1,0,0,0
0,0,0,0,29.052,70.948,0,0,0,0,0,0,0,0,0,0,100,0,0,0,0,0,0,0,0,0,0,27.93,43.017,0,0,29.052,0,0,0,0,0,1,0,0,1,0,0,0,0,1,0,0,0
0,0,0,0,0,100,0,0,0,0,0,0,0,0,0,0,100,0,0,0,0,0,0,0,0,0,0,100,0,0,0,0,0,0,0,0,0,1,0,0,1,0,0,0,0,1,0,0,0
0,0,0,0,0,51.401,25.732,0,0,0,22.867,0,0,0,25.669,4.6112,39.44,30.28,0,0,0,0,0,25.732,0,0,4.5482,22.93,4.5482,21.121,0,21.121,0,0,0,0,0,1,0,0,1,0,0,0,0,1,0,0,0
9.5313,0,0,0,8.9797,41.36,6.8818,0,0,9.5313,23.716,0,0,4.4899,9.9526,16.413,48.242,20.903,0,0,0,0,9.5313,6.8818,0,0,9.5313,44.619,5.4628,8.9797,9.5313,5.4628,0,0,0,0,0,1,0,0,1,0,0,0,0,1,0,0,0
12.542,0,0,0,0,32.401,2.7312,0,0,27.901,24.425,0,27.901,0,7.2313,11.734,36.901,13.502,0,2.7312,0,0,6.2712,2.7312,0,6.2712,7.2313,39.632,7.2313,25.169,2.7312,0,2.7312,0,0,0,0,1,0,0,1,0,0,0,0,1,0,0,0
0,0,0,0,0,56.013,6.6558,0,0,0,37.331,0,0,0,18.193,13.01,55.749,13.048,0,0,0,0,0,6.6558,0,0,6.3923,56.959,11.537,6.6558,0,11.8,0,0,0,0,0,1,0,0,1,0,0,0,0,1,0,0,0
0,0,0,0,0,64.751,10.116,0,0,0,25.133,0,0,0,0,10.116,74.867,15.017,0,0,0,0,0,10.116,0,0,4.9012,80.082,4.9012,0,0,0,0,0,0,0,0,1,0,0,1,0,0,0,0,1,0,0,0
0,0,0,0,0,89.423,0,0,0,0,10.577,0,0,0,0,10.577,89.423,0,0,0,0,0,0,0,0,0,3.2193,96.781,0,0,0,0,0,0,0,0,0,1,0,0,1,0,0,0,0,1,0,0,0
0,0,0,0,0,75.269,13.897,0,0,0,10.835,0,0,0,11.217,7.6701,57.618,12.278,11.217,0,0,0,11.217,0,0,13.897,31.165,21.669,15.825,6.2266,0,0,0,0,0,0,0,1,0,0,1,0,0,0,0,1,0,0,0
0,0,0,0,0,83.03,0,0,0,0,16.97,0,0,0,0,16.97,73.436,4.3963,5.197,0,0,0,5.197,0,0,4.3963,15.071,65.742,5.197,4.3963,0,0,0,0,0,0,0,1,0,0,1,0,0,0,0,1,0,0,0
2.7449,0,0,0,0,90.762,0,0,0,0,6.4928,0,0,0,0,0,90.762,6.4928,0,2.7449,0,0,2.7449,0,0,2.7449,6.4928,81.525,6.4928,0,0,0,0,0,0,0,0,1,0,0,1,0,0,0,0,1,0,0,0
0,0,0,0,0,73.323,11.015,0,0,0,15.661,0,0,0,0,30.986,42.338,21.263,5.4134,0,0,0,5.4134,0,0,16.954,36.062,21.6,14.031,5.9389,0,0,0,0,0,0,0,1,0,0,1,0,0,0,0,1,0,0,0
12.942,0,0,0,0,65.505,6.4208,0,0,0,15.132,0,0,0,0,5.0474,78.347,3.664,5.0474,7.8942,0,0,7.8942,0,0,19.362,8.7114,48.9,8.7114,6.4208,0,0,0,0,0,0,0,1,0,0,1,0,0,0,0,1,0,0,0
5.4259,5.4259,0,0,0,81.935,0,0,0,0,7.2129,0,0,0,0,7.2129,74.723,12.639,0,5.4259,0,0,5.4259,0,5.4259,7.2129,6.0058,68.717,0,7.2129,0,0,0,0,0,0,0,1,0,0,1,0,0,0,0,1,0,0,0
30.551,0,0,0,0,38.898,0,0,0,8.3465,22.205,0,0,0,0,30.551,38.898,8.3465,0,0,0,22.205,8.3465,0,0,44.409,8.3465,30.551,0,0,8.3465,0,0,0,0,0,1,0,0,0,1,0,0,0,0,1,0,0,0
19.601,0,0,0,0,43.521,4.3191,0,0,28.239,4.3191,0,8.6382,0,0,28.239,39.202,19.601,0,4.3191,0,0,19.601,4.3191,0,0,19.601,23.92,0,4.3191,23.92,0,4.3191,0,0,0,0,1,0,0,1,0,0,0,0,1,0,0,0
46.32,0,0,0,6.803,17.645,13.606,0,0,8.8227,6.803,0,0,0,0,29.963,33.271,29.963,0,0,0,6.803,23.16,0,0,36.766,6.803,17.645,0,6.803,0,8.8227,0,0,0,0,0.9898,0.010204,0,0,1,0,0,0,0,1,0,0,0
9.0919,32.804,0,0,0,39.605,0,0,0,9.4072,9.0919,0,21.106,0,0,9.0919,39.605,9.4072,0,11.698,0,9.0919,0,0,11.698,39.289,0,39.605,0,0,0,9.4072,0,0,0,0,1,0,0,0,1,0,0,0,0,1,0,0,0
0,0,0,0,14.9,40.399,29.8,0,0,0,14.9,0,0,0,20.2,14.9,35.1,14.9,0,0,0,14.9,0,0,0,29.8,14.9,20.2,0,35.1,0,0,0,0,0,0,0.98462,0.015385,0,0,1,0,0,0,0,1,0,0,0
0,0,0,0,0,100,0,0,0,0,0,0,0,0,0,0,100,0,0,0,0,0,0,0,0,0,0,100,0,0,0,0,0,0,0,0,0,1,0,0,1,0,0,0,0,1,0,0,0
5.8025,0,0,0,15.967,44.945,27.483,0,0,0,5.8025,0,0,0,13.742,14.827,60.912,4.717,0,0,0,5.8025,0,0,0,43.396,9.434,21.769,4.717,20.684,0,0,0,0,0,0.029851,0.37313,0.59701,0,0,1,0,0,0,0,1,0,0,1
0,25.562,0,0,0,55.318,0,0,0,19.12,0,0,8.4829,0,0,0,65.955,8.4829,0,17.079,0,0,0,0,17.079,8.4829,0,55.318,0,0,0,19.12,0,0,0,0,0.8125,0.1875,0,0,1,0,0,0,0,1,0,0,0
0,18.974,0,0,0,71.46,0,0,0,9.566,0,0,9.4872,0,0,6.5686,67.888,6.5686,0,9.4872,0,0,0,0,9.4872,16.056,0,64.891,0,0,0,9.566,0,0,0,0,0,1,0,0,1,0,0,0,0,1,0,0,0
0,12.884,0,0,0,74.233,0,0,0,12.884,0,0,12.884,0,0,0,74.233,12.884,0,0,0,0,0,0,0,12.884,0,74.233,0,0,0,12.884,0,0,0,0,0,1,0,0,1,0,0,0,0,1,0,0,0
0,0,0,0,9.8914,51.251,28.966,0,0,0,9.8914,0,0,0,13.961,9.8914,42.404,23.852,0,0,0,9.8914,0,0,0,33.744,28.444,0,13.961,14.483,9.3692,0,0,0,0,0,0.17722,0.82278,0,0,1,0,0,0,0,1,0,0,1
0,35.811,0,0,0,64.189,0,0,0,0,0,0,17.906,0,0,0,64.189,0,0,17.906,0,0,0,0,17.906,17.906,0,64.189,0,0,0,0,0,0,0,0,0,1,0,0,1,0,0,0,0,1,0,0,0
0,19.517,0,0,0,80.483,0,0,0,0,0,0,0,0,0,0,80.483,0,0,19.517,0,0,0,0,19.517,0,0,80.483,0,0,0,0,0,0,0,0,0,1,0,0,1,0,0,0,0,1,0,0,0
0,0,0,0,25.138,54.972,19.889,0,0,0,0,0,0,0,9.9447,0,80.111,9.9447,0,0,0,0,0,0,0,9.9447,19.889,25.138,9.9447,35.083,0,0,0,0,0,0,1,0,0,0,1,0,0,0,0,1,0,0,0
0,0,0,0,0,100,0,0,0,0,0,0,0,0,0,0,100,0,0,0,0,0,0,0,0,0,20.022,79.978,0,0,0,0,0,0,0,0,0,1,0,0,1,0,0,0,0,1,0,0,0
3.7463,0,0,0,5.0254,63.48,18.977,0,0,3.7463,5.0254,3.7463,0,0,20.969,9.4883,37.124,23.647,0,0,0,5.0254,0,0,0,34.569,19.901,9.1229,7.3831,14.148,14.876,0,0,0,0,0,0.40964,0.59036,0,0,1,0,0,0,0,1,0,0,1
7.6698,9.0221,0,0,0,58.988,7.6284,0,0,16.692,0,7.6698,0,0,8.6892,7.6698,35.654,33.525,6.7918,0,0,0,0,0,9.0221,16.359,12.503,7.6698,8.6892,3.8142,35.151,0,6.7918,0,0,0,0.98438,0.015625,0,0,1,0,0,0,0,1,0,0,1
6.2199,34.45,0,0,0,24.88,0,0,0,34.45,0,0,0,0,0,0,24.88,68.901,0,6.2199,0,0,6.2199,0,34.45,6.2199,0,18.66,0,0,34.45,0,0,0,0,0,1,0,0,0,1,0,0,0,0,1,0,0,0
15.115,0,0,0,0,84.885,0,0,0,0,0,0,0,0,0,0,84.885,0,0,15.115,0,0,15.115,0,0,15.115,6.1058,63.664,0,0,0,0,0,0,0,0,0,1,0,0,1,0,0,0,0,1,0,0,0
38.319,30.532,0,0,0,23.362,0,0,0,7.7872,0,7.7872,0,0,0,0,7.7872,53.894,0,30.532,0,0,30.532,0,30.532,7.7872,15.574,0,0,0,15.574,0,0,0,0,0,1,0,0,0,1,0,0,0,0,1,0,0,0
6.8081,0,0,0,0,69.894,0,0,0,23.298,0,6.8081,0,0,0,16.49,49.207,27.495,0,0,0,0,0,0,0,6.8081,13.616,49.47,0,0,30.106,0,0,0,0,0,1,0,0,0,1,0,0,0,0,1,0,0,0
3.7955,0,0,0,0,66.267,26.142,0,0,3.7955,0,3.7955,0,0,13.071,7.2189,38.606,27.274,10.035,0,0,0,0,0,0,31.304,19.296,0,5.8524,5.8524,27.66,0,10.035,0,0,0,0.36735,0.63265,0,0,1,0,0,0,0,1,0,0,1
0,0,0,0,0,93.447,0,0,0,6.5529,0,0,0,0,0,6.5529,61.984,19.008,12.455,0,0,0,0,0,0,0,0,56.081,0,0,31.464,0,12.455,0,0,0,0,1,0,0,1,0,0,0,0,1,0,0,0
0,0,0,0,0,100,0,0,0,0,0,0,0,0,0,0,68.19,15.905,15.905,0,0,0,0,0,0,0,0,84.095,0,0,0,0,15.905,0,0,0,0,1,0,0,1,0,0,0,0,1,0,0,0
5.3343,0,0,0,0,89.331,0,0,0,5.3343,0,5.3343,0,0,10.123,0,36.526,37.071,10.946,0,0,0,0,0,0,15.457,20.791,21.892,10.123,0,20.791,0,10.946,0,0,0,0.31707,0.68293,0,0,1,0,0,0,0,1,0,0,1
8.1786,0,0,0,0,75.295,0,0,0,16.527,0,8.1786,0,0,0,16.527,60.238,7.5284,7.5284,0,0,0,0,0,0,8.1786,0,67.766,0,0,16.527,0,7.5284,0,0,0,0,1,0,0,1,0,0,0,0,1,0,0,0
0,0,0,0,0,86.782,0,0,0,13.218,0,0,0,0,0,13.218,73.565,13.218,0,0,0,0,0,0,0,0,0,86.782,0,0,13.218,0,0,0,0,0,0,1,0,0,1,0,0,0,0,1,0,0,0
3.5049,0,0,0,0,78.061,9.7014,0,0,0,8.7324,0,0,0,0,32.21,50.883,13.402,3.5049,0,0,0,0,0,0,13.206,45.612,23.521,12.433,5.2276,0,0,0,0,0,0,0,1,0,0,1,0,0,0,0,1,0,0,0
4.0169,0,0,0,0,87.072,0,0,0,0,8.9108,0,0,0,0,16.334,70.738,8.9108,4.0169,0,0,0,0,0,0,9.5214,18.033,56.111,6.8126,5.5045,4.0169,0,0,0,0,0,0,1,0,0,1,0,0,0,0,1,0,0,0
9.7469,0,0,0,0,82.76,0,0,0,0,7.4934,0,0,0,0,7.4934,82.76,0,7.4934,2.2535,0,0,2.2535,0,0,9.7469,7.4934,73.013,7.4934,0,0,0,0,0,0,0,0,1,0,0,1,0,0,0,0,1,0,0,0
8.7878,0,0,0,4.8933,86.319,0,0,0,0,0,0,4.8933,3.4032,0,24.985,57.931,0,8.7878,0,0,0,0,0,0,13.681,11.304,54.528,0,3.4032,8.7878,3.4032,4.8933,0,0,0,0,1,0,0,1,0,0,0,0,1,0,0,0
11.266,0,0,0,0,84.363,0,0,0,0,4.3718,0,0,6.8938,0,20.708,68.026,0,4.3718,0,0,0,0,0,0,11.266,13.814,63.654,4.3718,0,6.8938,0,0,0,0,0,0,1,0,0,1,0,0,0,0,1,0,0,0
28.175,4.5748,0,0,4.5748,62.675,0,0,0,0,0,0,4.5748,9.1497,0,15.474,64.477,0,6.3246,0,0,0,0,4.5748,0,28.175,0,56.35,0,0,6.3246,0,4.5748,0,0,0,0,1,0,0,1,0,0,0,0,1,0,0,0
0,0,0,0,27.301,72.699,0,0,0,0,0,0,18.056,3.1106,3.1106,14.946,57.667,3.1106,0,0,0,0,0,0,0,11.922,4.1764,46.203,0,12.355,9.2449,7.287,8.8112,0,0,0,0,1,0,0,1,0,0,0,0,1,0,0,0
4.292,4.292,0,0,10.589,80.827,0,0,0,0,0,0,7.4407,20.729,3.1487,8.5839,56.949,3.1487,0,0,0,0,0,4.292,0,7.4407,0,53.388,0,15.294,3.1487,12.145,4.292,0,0,0,0,1,0,0,1,0,0,0,0,1,0,0,0
9.2534,9.7848,0,0,4.8103,58.863,6.3563,10.932,0,0,0,6.3563,9.3858,11.034,0,19.273,43.019,0,0,0,0,10.932,17.288,9.7848,0,14.064,0,49.375,0,0,4.6779,0,4.8103,0,0,0,0,1,0,0,1,0,0,0,0,1,0,0,0
0,0,0,0,29.824,70.176,0,0,0,0,0,0,10.465,10.788,19.358,4.4464,34.375,20.566,0,0,0,0,0,0,0,4.811,5.6544,32.48,0,30.147,16.12,10.788,0,0,0,0,0,1,0,0,1,0,0,0,0,1,0,0,0
20.941,2.5964,0,0,2.5964,50.975,4.5461,18.345,0,0,0,4.5461,20.941,5.1928,0,5.1928,45.782,0,0,0,0,18.345,22.891,2.5964,0,20.941,0,50.975,0,0,0,0,2.5964,0,0,0,0,1,0,0,1,0,0,0,0,1,0,0,0
1.9631,5.7848,0,0,1.9631,44.781,26.24,19.269,0,0,0,26.24,1.9631,23.195,0,7.7479,21.586,0,0,0,0,19.269,45.508,5.7848,0,1.9631,0,44.781,0,0,0,0,1.9631,0,0,0,0,1,0,0,1,0,0,0,0,1,0,0,0
44.167,0,0,0,0,55.833,0,0,0,0,0,0,0,0,0,0,100,0,0,0,0,0,0,0,0,44.167,0,55.833,0,0,0,0,0,0,0,0,1,0,0,0,1,0,0,0,0,1,0,0,0
6.3756,0,0,0,0,93.624,0,0,0,0,0,0,0,0,0,0,100,0,0,0,0,0,0,0,0,6.3756,20.218,73.406,0,0,0,0,0,0,0,0,0,1,0,0,1,0,0,0,0,1,0,0,0
33.731,0,0,0,0,58.135,0,0,0,8.1345,0,0,0,0,0,8.1345,91.865,0,0,0,0,0,0,0,0,33.731,0,58.135,0,0,8.1345,0,0,0,0,0,1,0,0,0,1,0,0,0,0,1,0,0,0
16.044,0,0,0,0,50.25,0,0,0,33.705,0,9.0805,0,0,0,33.705,57.214,0,0,0,0,0,0,0,0,16.044,0,50.25,0,0,33.705,0,0,0,0,0,1,0,0,0,1,0,0,0,0,1,0,0,0
64.039,0,0,0,0,27.845,0,0,0,0,8.116,0,8.116,0,0,0,91.884,0,0,0,0,0,0,0,8.116,64.039,0,27.845,0,0,0,0,0,0,0,0,1,0,0,0,1,0,0,0,0,1,0,0,0
17.57,8.2388,0,0,0,74.191,0,0,0,0,0,0,0,17.57,0,25.809,56.622,0,0,0,0,0,0,8.2388,0,17.57,0,56.622,0,0,17.57,0,0,0,0,0,0,1,0,0,1,0,0,0,0,1,0,0,0
33.333,0,0,0,0,66.667,0,0,0,0,0,0,0,0,0,0,100,0,0,0,0,0,0,0,0,33.333,0,66.667,0,0,0,0,0,0,0,0,1,0,0,0,1,0,0,0,0,1,0,0,0
0,0,0,0,0,72.494,0,0,0,27.506,0,0,0,0,0,27.506,72.494,0,0,0,0,0,0,0,0,0,0,72.494,0,0,27.506,0,0,0,0,0,0.97778,0.022222,0,0,1,0,0,0,0,1,0,0,0
0,0,0,0,0,75.568,0,0,0,24.432,0,0,0,0,0,24.432,68.52,7.0482,0,0,0,0,0,0,0,0,0,75.568,0,0,24.432,0,0,0,0,0,0,1,0,0,1,0,0,0,0,1,0,0,0
0,0,0,0,0,79.732,0,0,0,20.268,0,0,0,0,0,20.268,79.732,0,0,0,0,0,0,0,0,0,0,79.732,0,0,20.268,0,0,0,0,0,0,1,0,0,1,0,0,0,0,1,0,0,0
0,0,0,0,0,75.039,0,0,0,24.961,0,0,0,0,0,24.961,75.039,0,0,0,0,0,0,0,0,0,0,75.039,0,0,24.961,0,0,0,0,0,0,1,0,0,1,0,0,0,0,1,0,0,0
13.712,0,0,0,29.432,50.574,0,0,0,0,6.2823,0,6.2823,0,0,0,81.153,6.2823,6.2823,0,0,0,6.2823,0,29.432,7.4295,0,27.424,0,0,0,0,29.432,0,0,0,1,0,0,0,1,0,0,0,0,1,0,0,0
24.657,8.9438,0,0,8.9438,49.314,0,8.1417,0,0,0,0,17.085,17.888,0,17.888,38.998,0,0,0,0,8.1417,8.1417,8.9438,0,24.657,0,49.314,0,0,0,0,8.9438,0,0,0,0,1,0,0,1,0,0,0,0,1,0,0,0
0,0,0,0,12.618,66.667,0,0,0,0,20.715,0,20.715,0,0,0,79.285,0,0,0,0,0,0,0,20.715,0,0,54.048,12.618,0,0,0,12.618,0,0,0,0,1,0,0,1,0,0,0,0,1,0,0,0
23.138,0,0,0,23.138,20.392,0,0,0,0,33.333,0,33.333,0,0,0,38.409,5.1198,23.138,0,0,0,28.257,0,33.333,0,0,15.272,0,0,0,23.138,0,0,0,0,1,0,0,0,1,0,0,0,0,1,0,0,0
13.249,0,0,0,0,55.351,9.0752,22.325,0,0,0,9.0752,13.249,9.0752,0,0,46.276,0,0,0,0,22.325,31.4,0,0,13.249,0,55.351,0,0,0,0,0,0,0,0,0,1,0,0,1,0,0,0,0,1,0,0,0
20.708,0,0,0,11.92,41.986,0,0,0,0,25.387,0,25.387,0,0,0,28.519,25.387,20.708,0,0,0,25.387,0,4.6791,0,0,46.094,11.92,0,0,11.92,0,0,0,0,0,1,0,0,1,0,0,0,0,1,0,0,0
0,16.02,0,0,0,83.98,0,0,0,0,0,0,3.7049,8.6105,0,12.315,57.398,14.266,0,3.7049,0,0,0,0,3.7049,12.315,0,83.98,0,0,0,0,0,0,0.076923,0,0.076923,0.84615,0,0,1,0,0,0,0,1,0,0,0
0,41.308,0,0,0,58.692,0,0,0,0,0,0,6.9546,13.7,0,6.9546,45.705,6.032,0,20.654,0,0,0,0,20.654,20.654,0,58.692,0,0,0,0,0,0,0,0,0,1,0,0,1,0,0,0,0,1,0,0,0
0,12.055,0,0,0,84.428,0,0,0,3.5177,0,0,6.0274,0,0,6.0274,66.528,11.872,3.5177,6.0274,0,0,0,0,6.0274,6.0274,3.5177,72.678,8.2321,0,0,3.5177,0,0,0,0,0,1,0,0,1,0,0,0,0,1,0,0,0
3.653,33.253,0,0,0,59.441,0,0,0,3.653,0,0,3.653,18.331,0,7.0626,42.68,9.6984,3.653,11.268,3.653,0,0,0,11.268,21.984,3.653,59.441,0,0,0,3.653,0,0,0,0,0,1,0,0,1,0,0,0,0,1,0,0,0
4.1199,35.159,0,0,0,56.602,0,0,0,4.1199,0,0,13.716,11.847,0,21.443,23.311,11.847,4.1199,9.5957,4.1199,0,0,0,9.5957,25.563,4.1199,56.602,0,0,0,4.1199,0,0,0,0,0,1,0,0,1,0,0,0,0,1,0,0,0
12.703,3.956,0,0,0,79.385,0,0,0,3.956,0,0,3.956,0,0,0,70.639,8.7465,3.956,0,12.703,0,0,0,0,3.956,21.449,63.424,7.2151,0,0,3.956,0,0,0,0,0,1,0,0,1,0,0,0,0,1,0,0,0
0,0,0,0,0,92.598,0,0,0,7.4023,0,0,0,0,0,0,85.195,7.4023,7.4023,0,0,0,0,0,0,0,7.4023,77.793,7.4023,0,0,7.4023,0,0,0,0,0,1,0,0,1,0,0,0,0,1,0,0,0
12.856,12.856,0,0,0,56.236,0,0,0,18.053,0,0,12.856,0,0,11.296,39.743,5.1973,18.053,0,12.856,0,0,0,0,12.856,18.053,45.841,5.1973,0,0,18.053,0,0,0,0,0,1,0,0,1,0,0,0,0,1,0,0,0
17.062,17.208,0,0,0,62.61,0,0,0,3.1199,0,0,3.7015,4.9023,0,3.7015,38.727,20.182,3.1199,8.6038,17.062,0,0,0,8.6038,8.6038,37.244,39.309,3.1199,0,0,3.1199,0,0,0,0,0,1,0,0,1,0,0,0,0,1,0,0,0
0,0,0,0,0,92.989,0,0,0,7.011,0,0,0,0,0,0,85.978,7.011,7.011,0,0,0,0,0,0,0,7.011,71.447,14.531,0,0,7.011,0,0,0,0,0,1,0,0,1,0,0,0,0,1,0,0,0
16.703,0,0,0,0,58.352,0,0,0,0,24.945,24.945,0,0,0,24.945,16.703,16.703,0,0,16.703,0,0,0,0,24.945,33.407,41.648,0,0,0,0,0,0,0,0.037736,0.04717,0.91509,0,0,1,0,0,0,0,1,0,0,0
25.388,0,0,0,0,37.306,0,0,0,37.306,0,0,5.9591,25.388,0,0,5.9591,62.694,0,0,0,0,0,0,0,0,31.347,25.388,5.9591,0,5.9591,31.347,0,0,0,0,0,1,0,0,1,0,0,0,0,1,0,0,1
21.039,3.537,0,0,0,44.789,0,0,0,27.098,3.537,0,3.537,21.039,0,10.106,11.121,47.123,0,0,0,7.074,0,0,0,10.106,32.16,13.455,10.106,0,7.074,27.098,0,0,0.01,0.09,0.07,0.83,0,0,1,0,0,0,0,1,0,0,1
28.525,3.8133,0,0,0,44.28,0,0,0,19.568,3.8133,0,9.7842,28.525,0,0,34.496,19.568,0,0,0,7.6265,0,0,0,0,63.021,3.8133,5.971,0,13.597,13.597,0,0,0,0,0,1,0,0,1,0,0,0,0,1,0,0,1
0,0,0,0,0,100,0,0,0,0,0,0,0,0,0,0,100,0,0,0,0,0,0,0,0,0,0,100,0,0,0,0,0,0,0,0,0,1,0,0,1,0,0,0,0,1,0,0,0
0,0,0,0,0,100,0,0,0,0,0,0,0,0,0,0,100,0,0,0,0,0,0,0,0,0,0,100,0,0,0,0,0,0,0,0,0,1,0,0,1,0,0,0,0,1,0,0,0
0,0,0,0,0,100,0,0,0,0,0,0,0,0,0,0,100,0,0,0,0,0,0,0,0,0,0,100,0,0,0,0,0,0,0,0,0,1,0,0,1,0,0,0,0,1,0,0,0
0,0,0,0,0,100,0,0,0,0,0,0,0,0,0,0,100,0,0,0,0,0,0,0,0,0,0,100,0,0,0,0,0,0,0,0,0,1,0,0,1,0,0,0,0,1,0,0,0
0,0,0,0,0,100,0,0,0,0,0,0,0,0,0,0,100,0,0,0,0,0,0,0,0,0,0,100,0,0,0,0,0,0,0,0,0,1,0,0,1,0,0,0,0,1,0,0,0
0,0,0,0,0,100,0,0,0,0,0,0,0,0,0,0,100,0,0,0,0,0,0,0,0,0,0,100,0,0,0,0,0,0,0,0,0,1,0,0,1,0,0,0,0,1,0,0,0
0,0,0,0,0,100,0,0,0,0,0,0,0,0,0,0,100,0,0,0,0,0,0,0,0,0,0,100,0,0,0,0,0,0,0,0,0,1,0,0,1,0,0,0,0,1,0,0,0
0,0,0,0,0,100,0,0,0,0,0,0,0,0,0,0,100,0,0,0,0,0,0,0,0,0,0,100,0,0,0,0,0,0,0,0,0,1,0,0,1,0,0,0,0,1,0,0,0
0,0,0,0,0,100,0,0,0,0,0,0,0,0,0,0,100,0,0,0,0,0,0,0,0,0,0,100,0,0,0,0,0,0,0,0,0,1,0,0,1,0,0,0,0,1,0,0,0
0,0,0,0,0,100,0,0,0,0,0,0,0,0,0,0,100,0,0,0,0,0,0,0,0,0,0,100,0,0,0,0,0,0,0,0,0,1,0,0,1,0,0,0,0,1,0,0,0
0,0,0,0,0,100,0,0,0,0,0,0,0,0,0,0,100,0,0,0,0,0,0,0,0,0,0,100,0,0,0,0,0,0,0,0,0,1,0,0,1,0,0,0,0,1,0,0,0
0,0,0,0,0,100,0,0,0,0,0,0,0,0,0,0,100,0,0,0,0,0,0,0,0,0,0,100,0,0,0,0,0,0,0,0,0,1,0,0,1,0,0,0,0,1,0,0,0
0,0,0,0,0,100,0,0,0,0,0,0,0,0,0,0,100,0,0,0,0,0,0,0,0,0,0,100,0,0,0,0,0,0,0,0,0,1,0,0,1,0,0,0,0,1,0,0,0
0,0,0,0,0,100,0,0,0,0,0,0,0,0,0,0,100,0,0,0,0,0,0,0,0,0,0,100,0,0,0,0,0,0,0,0,0,1,0,0,1,0,0,0,0,1,0,0,0
0,0,0,0,0,100,0,0,0,0,0,0,0,0,0,0,100,0,0,0,0,0,0,0,0,0,0,100,0,0,0,0,0,0,0,0,0,1,0,0,1,0,0,0,0,1,0,0,0
0,0,0,0,0,100,0,0,0,0,0,0,0,0,0,0,100,0,0,0,0,0,0,0,0,0,0,100,0,0,0,0,0,0,0,0,0,1,0,0,1,0,0,0,0,1,0,0,0
0,0,0,0,0,100,0,0,0,0,0,0,0,0,0,0,100,0,0,0,0,0,0,0,0,0,0,100,0,0,0,0,0,0,0,0,0,1,0,0,1,0,0,0,0,1,0,0,0
0,0,0,0,0,100,0,0,0,0,0,0,0,0,0,0,100,0,0,0,0,0,0,0,0,0,0,100,0,0,0,0,0,0,0,0,0,1,0,0,1,0,0,0,0,1,0,0,0
0,0,0,0,0,100,0,0,0,0,0,0,0,0,0,0,100,0,0,0,0,0,0,0,0,0,0,100,0,0,0,0,0,0,0,0,0,1,0,0,1,0,0,0,0,1,0,0,0
0,0,0,0,0,100,0,0,0,0,0,0,0,0,0,0,100,0,0,0,0,0,0,0,0,0,0,100,0,0,0,0,0,0,0,0,0,1,0,0,1,0,0,0,0,1,0,0,0
0,0,0,0,0,100,0,0,0,0,0,0,0,0,0,0,100,0,0,0,0,0,0,0,0,0,0,100,0,0,0,0,0,0,0,0,0,1,0,0,1,0,0,0,0,1,0,0,0
0,0,0,0,0,100,0,0,0,0,0,0,0,0,0,0,100,0,0,0,0,0,0,0,0,0,0,100,0,0,0,0,0,0,0,0,0,1,0,0,1,0,0,0,0,1,0,0,0
0,0,0,0,0,100,0,0,0,0,0,0,0,0,0,0,100,0,0,0,0,0,0,0,0,0,0,100,0,0,0,0,0,0,0,0,0,1,0,0,1,0,0,0,0,1,0,0,0
0,0,0,0,0,100,0,0,0,0,0,0,0,0,0,0,100,0,0,0,0,0,0,0,0,0,0,100,0,0,0,0,0,0,0,0,0,1,0,0,1,0,0,0,0,1,0,0,0
0,0,0,0,0,100,0,0,0,0,0,0,0,0,0,0,100,0,0,0,0,0,0,0,0,0,0,100,0,0,0,0,0,0,0,0,0,1,0,0,1,0,0,0,0,1,0,0,0
0,0,0,0,0,100,0,0,0,0,0,0,0,0,0,11.349,88.651,0,0,0,0,0,0,0,0,0,0,88.651,11.349,0,0,0,0,0,0,0,0,1,0,0,1,0,0,0,0,1,0,0,0
0,0,0,0,0,100,0,0,0,0,0,0,0,0,0,6.1604,93.84,0,0,0,0,0,0,0,0,0,0,93.84,6.1604,0,0,0,0,0,0,0,0,1,0,0,1,0,0,0,0,1,0,0,0
0,0,0,0,0,100,0,0,0,0,0,0,0,0,0,7.5982,92.402,0,0,0,0,0,0,0,0,0,0,92.402,7.5982,0,0,0,0,0,0,0,0,1,0,0,1,0,0,0,0,1,0,0,0
0,0,0,0,0,100,0,0,0,0,0,0,0,0,0,8.019,91.981,0,0,0,0,0,0,0,0,0,0,91.981,8.019,0,0,0,0,0,0,0,0,1,0,0,1,0,0,0,0,1,0,0,0
0,0,0,0,0,100,0,0,0,0,0,0,0,0,0,12.884,87.116,0,0,0,0,0,0,0,0,0,0,87.116,12.884,0,0,0,0,0,0,0,0,1,0,0,1,0,0,0,0,1,0,0,0
0,0,0,0,0,100,0,0,0,0,0,0,0,0,0,13.379,86.621,0,0,0,0,0,0,0,0,0,5.6789,94.321,0,0,0,0,0,0,0,0,0.42105,0.57895,0,0,1,0,0,0,0,1,0,0,0
0,0,0,0,9.9589,90.041,0,0,0,0,0,0,0,0,0,12.047,87.953,0,0,0,0,0,0,0,0,0,0,90.041,0,9.9589,0,0,0,0,0,0,0.21519,0.78481,0,0,1,0,0,0,0,1,0,0,0
0,0,0,0,0,100,0,0,0,0,0,0,0,0,0,15.873,77.518,6.609,0,0,0,0,0,0,0,0,24.07,75.93,0,0,0,0,0,0,0,0,0.33333,0.66667,0,0,1,0,0,0,0,1,0,0,0
0,0,0,0,0,100,0,0,0,0,0,0,0,0,0,17.115,65.77,17.115,0,0,0,0,0,0,0,0,17.115,82.885,0,0,0,0,0,0,0,0,0.011364,0.98864,0,0,1,0,0,0,0,1,0,0,0
0,0,0,0,10.644,89.356,0,0,0,0,0,0,0,0,0,10.644,78.713,0,10.644,0,0,0,0,0,0,10.644,10.644,68.069,0,10.644,0,0,0,0,0,0,0,1,0,0,1,0,0,0,0,1,0,0,0
0,0,0,0,9.415,78.277,12.308,0,0,0,0,0,0,0,0,12.308,63.774,0,23.918,0,0,0,0,0,12.308,11.611,24.615,42.051,0,9.415,0,0,0,0,0,0,0.52083,0.47917,0,0,1,0,0,0,0,1,0,0,1
0,0,0,0,0,100,0,0,0,0,0,0,0,0,0,15.11,66.667,0,18.223,0,0,0,0,0,0,18.223,0,81.777,0,0,0,0,0,0,0,0,0,1,0,0,1,0,0,0,0,1,0,0,0
0,0,0,0,10.824,89.176,0,0,0,0,0,0,0,0,0,10.824,78.352,0,10.824,0,0,0,0,0,0,10.824,10.824,67.528,0,10.824,0,0,0,0,0,0,0,1,0,0,1,0,0,0,0,1,0,0,0
0,0,0,0,0,100,0,0,0,0,0,0,0,0,0,13.166,86.834,0,0,0,0,0,0,0,0,0,13.428,86.572,0,0,0,0,0,0,0,0,0.1194,0.8806,0,0,1,0,0,0,0,1,0,0,0
0,0,0,0,0,100,0,0,0,0,0,0,0,0,0,13.379,86.621,0,0,0,0,0,0,0,0,0,18.625,81.375,0,0,0,0,0,0,0,0,0.1,0.9,0,0,1,0,0,0,0,1,0,0,0
0,0,0,0,0,100,0,0,0,0,0,0,0,0,0,11.696,67.426,20.878,0,0,0,0,0,0,0,0,30.059,69.941,0,0,0,0,0,0,0,0,0.34043,0.65957,0,0,1,0,0,0,0,1,0,0,0
0,0,0,0,0,100,0,0,0,0,0,0,0,0,0,10.207,79.585,10.207,0,0,0,0,0,0,0,0,23.363,76.637,0,0,0,0,0,0,0,0,0,1,0,0,1,0,0,0,0,1,0,0,0
0,0,0,0,0,100,0,0,0,0,0,0,0,0,0,0,100,0,0,0,0,0,0,0,0,0,0,100,0,0,0,0,0,0,0,0,0,1,0,0,1,0,0,0,0,1,0,0,0
0,0,0,0,0,100,0,0,0,0,0,0,0,0,0,0,88.864,11.136,0,0,0,0,0,0,0,0,22.271,77.729,0,0,0,0,0,0,0,0,0,1,0,0,1,0,0,0,0,1,0,0,0
0,0,0,0,0,100,0,0,0,0,0,0,0,0,0,0,100,0,0,0,0,0,0,0,0,0,0,100,0,0,0,0,0,0,0,0,0,1,0,0,1,0,0,0,0,1,0,0,0
0,0,0,0,0,100,0,0,0,0,0,0,0,0,0,0,100,0,0,0,0,0,0,0,0,0,0,100,0,0,0,0,0,0,0,0,0,1,0,0,1,0,0,0,0,1,0,0,0
0,0,0,0,0,100,0,0,0,0,0,0,0,0,0,0,100,0,0,0,0,0,0,0,0,0,0,100,0,0,0,0,0,0,0,0,0,1,0,0,1,0,0,0,0,1,0,0,0
0,0,0,0,0,100,0,0,0,0,0,0,0,0,0,0,100,0,0,0,0,0,0,0,0,0,0,100,0,0,0,0,0,0,0,0,0.34694,0.65306,0,0,1,0,0,0,0,1,0,0,0
0,0,0,0,0,100,0,0,0,0,0,0,0,0,0,11.931,88.069,0,0,0,0,0,0,0,0,0,17.792,82.208,0,0,0,0,0,0,0,0,0.20339,0.79661,0,0,1,0,0,0,0,1,0,0,0
0,0,0,0,0,100,0,0,0,0,0,0,0,0,0,0,100,0,0,0,0,0,0,0,0,0,0,100,0,0,0,0,0,0,0,0,0.30435,0.69565,0,0,1,0,0,0,0,1,0,0,0
0,0,0,0,0,100,0,0,0,0,0,0,0,0,0,0,100,0,0,0,0,0,0,0,0,0,0,100,0,0,0,0,0,0,0,0,0,1,0,0,1,0,0,0,0,1,0,0,0
0,0,0,0,0,100,0,0,0,0,0,0,0,0,0,0,100,0,0,0,0,0,0,0,0,0,0,100,0,0,0,0,0,0,0,0,0.010417,0.98958,0,0,1,0,0,0,0,1,0,0,0
0,0,0,0,0,100,0,0,0,0,0,0,0,0,7.9563,0,84.087,7.9563,0,0,0,0,0,0,0,0,0,84.087,15.913,0,0,0,0,0,0,0,0,1,0,0,1,0,0,0,0,1,0,0,0
0,0,0,0,0,100,0,0,0,0,0,0,0,0,8.2129,0,83.574,8.2129,0,0,0,0,0,0,0,0,0,83.574,16.426,0,0,0,0,0,0,0,0,1,0,0,1,0,0,0,0,1,0,0,0
0,0,0,0,0,88.903,0,0,0,11.097,0,0,0,0,11.097,21.007,48.075,19.821,0,0,0,0,0,0,0,0,0,57.986,21.007,9.9105,11.097,0,0,0,0,0,0,1,0,0,1,0,0,0,0,1,0,0,0
0,0,0,0,0,100,0,0,0,0,0,0,0,0,0,16.834,83.166,0,0,0,0,0,0,0,0,0,8.7507,91.249,0,0,0,0,0,0,0,0,0,1,0,0,1,0,0,0,0,1,0,0,0
0,0,0,0,0,100,0,0,0,0,0,0,0,0,0,0,100,0,0,0,0,0,0,0,0,0,11.094,88.907,0,0,0,0,0,0,0,0,0,1,0,0,1,0,0,0,0,1,0,0,0
0,0,0,0,0,100,0,0,0,0,0,0,0,0,0,0,100,0,0,0,0,0,0,0,0,0,0,100,0,0,0,0,0,0,0,0,0,1,0,0,1,0,0,0,0,1,0,0,0
0,0,0,0,16.667,66.667,16.667,0,0,0,0,0,0,0,16.667,16.667,66.667,0,0,0,0,0,0,0,16.667,0,50,16.667,16.667,0,0,0,0,0,0,0,0,1,0,0,1,0,0,0,0,1,0,0,0
0,0,0,0,2.3333,86.5,11.166,0,0,0,0,0,0,0,16.806,8.3613,63.932,10.9,0,0,0,0,0,3.3296,18.574,0,24.119,26.629,10.535,0,3.1636,13.649,0,0,0,0,0,1,0,0,1,0,0,0,0,1,0,0,1
0,0,0,0,0,100,0,0,0,0,0,0,0,0,13.222,0,86.778,0,0,0,0,0,0,0,0,0,6.6108,86.778,0,0,6.6108,0,0,0,0,0,0,1,0,0,1,0,0,0,0,1,0,0,0
0,0,0,0,0,100,0,0,0,0,0,0,0,0,0,0,100,0,0,0,0,0,0,0,0,0,0,100,0,0,0,0,0,0,0,0,0,1,0,0,1,0,0,0,0,1,0,0,0
0,0,0,0,2.7859,87.281,9.9334,0,0,0,0,0,0,0,9.9334,6.5217,72.662,10.883,0,0,0,0,0,3.7358,9.9334,0,12.094,53.745,6.1975,0,3.7358,10.559,0,0,0,0,0,1,0,0,1,0,0,0,0,1,0,0,0
0,0,0,0,0,93.885,6.1154,0,0,0,0,0,0,0,10.756,6.1154,83.129,0,0,0,0,0,0,6.1154,0,0,11.493,77.014,0,0,5.3778,0,0,0,0,0,0,1,0,0,1,0,0,0,0,1,0,0,0
0,0,0,0,0,0,0,0,0,0,0,0,0,0,0,0,0,0,0,0,0,0,0,0,0,0,0,0,0,0,0,0,0,0,0,0,0,1,0,0,1,0,0,0,0,1,0,0,0
0,0,0,0,4.7697,90.461,4.7697,0,0,0,0,0,0,0,7.9091,15.584,58.992,10.814,6.7009,0,0,0,0,0,7.9091,0,58.758,14.61,4.7697,10.814,0,3.1394,0,0,0,0,0,1,0,0,1,0,0,0,0,1,0,0,1
0,0,0,0,0,77.879,22.121,0,0,0,0,0,0,0,7.6983,30.443,23.718,38.141,0,0,0,0,0,0,0,0,38.764,37.518,15.397,8.3214,0,0,0,0,0,0,0,1,0,0,1,0,0,0,0,1,0,0,1
6.4097,0,0,0,0,87.181,6.4097,0,0,0,0,0,0,0,0,29.574,39.311,18.296,12.819,0,0,0,0,0,0,0,65.557,16.147,0,18.296,0,0,0,0,0,0,0,1,0,0,1,0,0,0,0,1,0,0,1
0,0,0,0,18.517,73.2,8.2831,0,0,0,0,0,0,0,14.238,5.9089,69.655,10.198,0,0,0,0,0,1.9151,10.366,0,18.087,24.162,24.885,0,3.8515,16.734,0,0,0,0,0,1,0,0,1,0,0,0,0,1,0,0,1
0,0,0,0,0,100,0,0,0,0,0,0,0,0,0,13.311,57.597,11.577,17.515,0,0,0,0,0,0,0,50.075,38.348,5.7883,5.7883,0,0,0,0,0,0,0,1,0,0,1,0,0,0,0,1,0,0,1
0,0,0,0,2.5549,87.011,10.434,0,0,0,0,0,0,0,10.434,11.562,54.167,23.837,0,0,0,0,0,2.6607,26.853,0,26.951,16.884,10.895,0,2.6607,13.097,0,0,0,0,0,1,0,0,1,0,0,0,0,1,0,0,1
0,0,0,0,0,100,0,0,0,0,0,0,0,0,7.1194,11.457,58.51,22.913,0,0,0,0,0,0,41.49,0,32.815,7.1194,11.457,0,0,7.1194,0,0,0,0,0,1,0,0,1,0,0,0,0,1,0,0,1
0,0,0,0,5.332,85.554,9.1143,0,0,0,0,0,0,0,16.647,11.918,58.263,13.172,0,0,0,0,0,3.7823,21.087,0,35.251,18.632,8.1358,0,5.7678,7.3435,0,0,0,0,0,1,0,0,1,0,0,0,0,1,0,0,0
0,0,0,0,0,96.834,3.1657,0,0,0,0,0,0,0,3.1657,10.365,65.739,20.73,0,0,0,0,0,3.1657,24.764,0,10.365,48.174,7.1994,0,3.1657,3.1657,0,0,0,0,0,1,0,0,1,0,0,0,0,1,0,0,0
0,0,0,0,0,86.716,13.284,0,0,0,0,0,0,0,9.1447,9.5075,62.14,19.208,0,0,0,0,0,9.5075,19.58,0,28.553,23.164,3.7768,0,2.4979,12.921,0,0,0,0,0,1,0,0,1,0,0,0,0,1,0,0,1
0,0,0,0,0,100,0,0,0,0,0,0,0,0,0,6.9839,93.016,0,0,0,0,0,0,0,0,0,0,100,0,0,0,0,0,0,0,0,0,1,0,0,1,0,0,0,0,1,0,0,0
0,0,0,0,0,100,0,0,0,0,0,0,0,0,0,4.0301,95.97,0,0,0,0,0,0,0,0,0,4.0301,95.97,0,0,0,0,0,0,0,0,0,1,0,0,1,0,0,0,0,1,0,0,0
0,0,0,0,0,100,0,0,0,0,0,0,0,0,0,3.7618,96.238,0,0,0,0,0,0,0,0,0,28.318,71.682,0,0,0,0,0,0,0,0,0,1,0,0,1,0,0,0,0,1,0,0,0
0,0,0,0,0,100,0,0,0,0,0,0,0,0,0,15.68,84.32,0,0,0,0,0,0,0,0,0,0,100,0,0,0,0,0,0,0,0,0,1,0,0,1,0,0,0,0,1,0,0,0
0,0,0,0,0,100,0,0,0,0,0,0,0,0,0,18.144,81.856,0,0,0,0,0,0,0,0,0,20.371,79.629,0,0,0,0,0,0,0,0,0,1,0,0,1,0,0,0,0,1,0,0,0
0,0,0,0,0,100,0,0,0,0,0,0,0,0,0,3.1067,96.893,0,0,0,0,0,0,0,0,0,0,100,0,0,0,0,0,0,0,0,0,1,0,0,1,0,0,0,0,1,0,0,0
0,0,0,0,0,100,0,0,0,0,0,0,0,0,0,0,100,0,0,0,0,0,0,0,0,0,0,100,0,0,0,0,0,0,0,0,0,1,0,0,1,0,0,0,0,1,0,0,0
0,0,0,0,0,100,0,0,0,0,0,0,0,0,0,0,100,0,0,0,0,0,0,0,0,0,14.106,85.894,0,0,0,0,0,0,0,0,0,1,0,0,1,0,0,0,0,1,0,0,0
0,0,0,0,0,100,0,0,0,0,0,0,0,0,0,0,100,0,0,0,0,0,0,0,0,0,0,100,0,0,0,0,0,0,0,0,0,1,0,0,1,0,0,0,0,1,0,0,0
0,0,0,0,0,100,0,0,0,0,0,0,0,0,0,4.696,92.458,2.8461,0,0,0,0,0,0,0,0,24.725,75.275,0,0,0,0,0,0,0,0,0,1,0,0,1,0,0,0,0,1,0,0,0
0,0,0,0,0,100,0,0,0,0,0,0,0,0,0,0,93.528,6.4721,0,0,0,0,0,0,0,0,25.101,74.899,0,0,0,0,0,0,0,0,0,1,0,0,1,0,0,0,0,1,0,0,0
0,0,0,0,0,100,0,0,0,0,0,0,0,0,0,0,100,0,0,0,0,0,0,0,0,0,21.593,78.407,0,0,0,0,0,0,0,0,0,1,0,0,1,0,0,0,0,1,0,0,0
0,0,0,0,0,100,0,0,0,0,0,0,0,0,0,0,89.731,10.269,0,0,0,0,0,0,0,0,24.991,75.009,0,0,0,0,0,0,0,0,0,1,0,0,1,0,0,0,0,1,0,0,0
0,0,0,0,0,100,0,0,0,0,0,0,0,0,0,0,100,0,0,0,0,0,0,0,0,0,10.485,89.515,0,0,0,0,0,0,0,0,0,1,0,0,1,0,0,0,0,1,0,0,0
0,0,0,0,0,100,0,0,0,0,0,0,0,0,0,0,100,0,0,0,0,0,0,0,0,0,0,100,0,0,0,0,0,0,0,0,0,1,0,0,1,0,0,0,0,1,0,0,0
0,0,0,0,0,100,0,0,0,0,0,0,0,0,0,0,98.156,1.8443,0,0,0,0,0,0,0,0,11.533,88.467,0,0,0,0,0,0,0,0,0,1,0,0,1,0,0,0,0,1,0,0,0
0,0,0,0,0,100,0,0,0,0,0,0,0,0,0,0,100,0,0,0,0,0,0,0,0,0,6.7867,93.213,0,0,0,0,0,0,0,0,0,1,0,0,1,0,0,0,0,1,0,0,0
0,0,0,0,0,100,0,0,0,0,0,0,0,0,0,0,100,0,0,0,0,0,0,0,0,0,0,100,0,0,0,0,0,0,0,0,0,1,0,0,1,0,0,0,0,1,0,0,0
0,0,0,0,0,100,0,0,0,0,0,0,0,0,0,0,100,0,0,0,0,0,0,0,0,0,0,100,0,0,0,0,0,0,0,0,0,1,0,0,1,0,0,0,0,1,0,0,0
0,0,0,0,0,100,0,0,0,0,0,0,0,0,0,0,100,0,0,0,0,0,0,0,0,0,0,100,0,0,0,0,0,0,0,0,0,1,0,0,1,0,0,0,0,1,0,0,0
0,0,0,0,0,100,0,0,0,0,0,0,0,0,0,0,100,0,0,0,0,0,0,0,0,0,0,100,0,0,0,0,0,0,0,0,0,1,0,0,1,0,0,0,0,1,0,0,0
0,0,0,0,0,100,0,0,0,0,0,0,0,0,0,0,100,0,0,0,0,0,0,0,0,0,0,100,0,0,0,0,0,0,0,0,0,1,0,0,1,0,0,0,0,1,0,0,0
0,0,0,0,0,100,0,0,0,0,0,0,0,0,0,0,100,0,0,0,0,0,0,0,0,0,0,100,0,0,0,0,0,0,0,0,0,1,0,0,1,0,0,0,0,1,0,0,0
0,0,0,0,0,100,0,0,0,0,0,0,0,0,0,0,100,0,0,0,0,0,0,0,0,0,0,100,0,0,0,0,0,0,0,0,0,1,0,0,1,0,0,0,0,1,0,0,0
0,0,0,0,0,100,0,0,0,0,0,0,0,0,0,0,100,0,0,0,0,0,0,0,0,0,0,100,0,0,0,0,0,0,0,0,0,1,0,0,1,0,0,0,0,1,0,0,0
0,0,0,0,0,100,0,0,0,0,0,0,0,0,0,0,80.306,19.694,0,0,0,0,0,0,0,0,19.71,80.29,0,0,0,0,0,0,0,0,0,1,0,0,1,0,0,0,0,1,0,0,0
0,0,0,0,0,100,0,0,0,0,0,0,0,0,0,0,72.211,27.789,0,0,0,0,0,0,0,0,31.507,68.493,0,0,0,0,0,0,0,0,0,1,0,0,1,0,0,0,0,1,0,0,0
0,0,0,0,0,100,0,0,0,0,0,0,0,0,0,0,82.346,17.654,0,0,0,0,0,0,0,0,34.946,65.054,0,0,0,0,0,0,0,0,0,1,0,0,1,0,0,0,0,1,0,0,0
0,0,0,0,0,100,0,0,0,0,0,0,0,0,0,0,65.836,34.164,0,0,0,0,0,0,0,0,16.931,83.069,0,0,0,0,0,0,0,0,0,1,0,0,1,0,0,0,0,1,0,0,0
0,0,0,0,0,100,0,0,0,0,0,0,0,0,0,0,83.623,16.377,0,0,0,0,0,0,0,0,19,81,0,0,0,0,0,0,0,0,0,1,0,0,1,0,0,0,0,1,0,0,0
0,0,0,0,0,100,0,0,0,0,0,0,0,0,0,0,97.229,2.7713,0,0,0,0,0,0,0,0,16.352,83.648,0,0,0,0,0,0,0,0,0,1,0,0,1,0,0,0,0,1,0,0,0
28.288,0,0,0,0,71.712,0,0,0,0,0,0,0,0,0,0,71.712,0,0,0,28.288,0,0,0,0,0,0,100,0,0,0,0,0,0,0,0,0,1,0,0,1,0,0,0,0,1,0,0,0
42.034,0,0,0,0,36.949,0,0,0,21.017,0,0,21.017,0,9.2372,21.017,18.474,9.2372,0,0,21.017,0,0,0,0,21.017,0,39.491,18.474,0,21.017,0,0,0,0,0.08,0.09,0.83,0,0,1,0,0,0,0,1,0,0,1
28.856,0,0,0,0,56.715,0,0,0,14.428,0,0,14.428,0,0,14.428,56.715,0,0,0,14.428,0,0,0,0,14.428,0,71.144,0,0,14.428,0,0,0,0,0,0,1,0,0,1,0,0,0,0,1,0,0,0
24.756,0,0,0,0,55.363,0,0,0,19.882,0,0,10.725,0,19.882,30.607,14.031,10.725,0,0,14.031,0,0,0,0,10.725,10.725,38.787,19.882,0,19.882,0,0,0,0,0,0,1,0,0,1,0,0,0,0,1,0,0,1
12.575,0,0,0,0,75.144,12.281,0,0,0,0,0,7.2965,0,0,31.574,12.281,38.291,10.558,0,0,0,0,0,0,7.2965,37.137,31.574,11.996,11.996,0,0,0,0,0,0.011905,0.02381,0.96429,0,0,1,0,0,0,0,1,0,0,1
10.069,0,0,0,0,59.676,20.186,0,0,0,10.069,0,0,0,5.0344,20.186,39.381,20.186,15.213,0,0,0,0,0,0,0,54.532,30.365,0,5.0344,5.0344,5.0344,0,0,0,0,0,1,0,0,1,0,0,0,0,1,0,0,1
20.993,0,0,0,0,41.224,27.286,0,0,10.497,0,0,10.497,0,0,37.783,13.938,27.286,0,0,10.497,0,0,0,0,10.497,41.224,37.783,0,0,10.497,0,0,0,0,0.025,0.0375,0.9375,0,0,1,0,0,0,0,1,0,0,1
22.027,0,0,0,0,57.094,20.879,0,0,0,0,0,14.188,0,0,35.067,7.8389,27.228,15.678,0,0,0,0,0,0,14.188,50.745,35.067,0,0,0,0,0,0,0,0,0,1,0,0,1,0,0,0,0,1,0,0,1
11.917,0,0,0,31.508,41.539,0,0,0,0,15.036,0,0,0,14.093,5.1253,47.437,28.389,4.9553,0,0,0,0,0,12.257,0,4.9553,27.276,2.0061,10.081,38.47,4.9553,0,0,0,0,0,1,0,0,1,0,0,0,0,1,0,0,0
0,0,0,0,29.222,47.185,0,0,0,0,23.593,0,0,0,5.6291,23.593,65.149,5.6291,0,0,0,0,0,0,11.258,0,0,35.927,0,5.6291,29.222,17.964,0,0,0,0,0,1,0,0,1,0,0,0,0,1,0,0,0
7.8988,0,0,0,19.588,54.656,4.1103,0,0,0,13.746,0,0,0,13.419,17.857,50.874,9.6302,8.2207,0,0,0,0,0,15.472,0,12.331,31.285,3.7885,5.8417,23.377,7.9048,0,0,0,0,0,1,0,0,1,0,0,0,0,1,0,0,1
13.12,0,0,0,14.773,56.503,0,0,0,0,15.604,0,0,0,12.471,10.325,56.424,16.19,4.5899,0,0,0,0,0,7.8414,0,8.4906,40.82,3.9406,4.5899,23.303,11.014,0,0,0,0,0,1,0,0,1,0,0,0,0,1,0,0,1
5.9651,0,0,0,13.044,68.558,0,0,0,0,12.433,0,0,0,6.931,18.403,52.797,18.887,2.9826,0,0,0,0,0,17.58,0,15.293,36.04,2.6277,6.931,13.399,8.1297,0,0,0,0,0,1,0,0,1,0,0,0,0,1,0,0,0
3.3744,0,0,0,8.9984,87.627,0,0,0,0,0,0,0,0,6.7488,5.0113,61.857,26.383,0,0,0,0,0,0,8.3857,0,14.01,52.859,12.373,0,3.3744,8.9984,0,0,0,0,0,1,0,0,1,0,0,0,0,1,0,0,0
7.3142,0,0,0,13.717,76.017,0,0,0,0,2.9524,0,0,0,17.581,5.4787,51.05,25.891,0,0,0,0,0,0,13.219,0,7.812,39.86,15.126,2.9524,13.219,7.812,0,0,0,0,0.028571,0.97143,0,0,1,0,0,0,0,1,0,0,0
2.6759,0,0,0,5.7865,91.538,0,0,0,0,0,0,0,0,5.3517,22.433,59.008,13.207,0,0,0,0,0,0,13.207,0,10.531,59.337,8.4624,0,2.6759,5.7865,0,0.022727,0,0,0.090909,0.88636,0,0,1,0,0,0,0,1,0,0,0
0,0,0,0,42.085,44.789,13.127,0,0,0,0,0,0,13.127,0,8.1003,36.688,20.857,21.227,0,0,0,0,0,7.7306,8.1003,21.227,7.7306,0,55.211,0,0,0,0,0,0,0.025641,0.97436,0,0,1,0,0,0,0,1,0,0,1
0,0,0,0,18.761,70.224,11.015,0,0,0,0,0,0,0,21.342,11.015,35.285,21.342,11.015,0,0,0,0,0,11.015,0,32.701,26.851,10.671,18.761,0,0,0,0,0,0,0,1,0,0,1,0,0,0,0,1,0,0,0
0,0,0,0,20.108,51.406,28.486,0,0,0,0,0,0,10.054,0,18.432,51.406,14.542,5.5655,0,0,0,0,0,0,22.92,32.974,18.432,0,25.673,0,0,0,0,0,0,0.75949,0.24051,0,0,1,0,0,0,0,1,0,0,1
0,0,0,0,30.235,45.251,24.514,0,0,0,0,0,0,0,21.952,11.581,22.089,44.378,0,0,0,0,0,0,8.283,24.514,5.5232,24.712,6.7337,30.235,0,0,0,0,0,0,0,1,0,0,1,0,0,0,0,1,0,0,0
0,0,0,0,14.829,85.171,0,0,0,0,0,0,0,0,0,0,89.864,0,10.136,0,0,0,0,0,0,10.136,0,75.034,0,14.829,0,0,0,0,0,0,0,1,0,0,1,0,0,0,0,1,0,0,0
0,0,0,0,15.849,70.12,14.031,0,0,0,0,0,0,0,7.0153,0,70.12,22.864,0,0,0,0,0,0,8.8337,14.031,7.0153,54.272,0,15.849,0,0,0,0,0,0,0,1,0,0,1,0,0,0,0,1,0,0,0
0,0,0,0,16.786,64.13,19.084,0,0,0,0,0,0,0,17.457,15.453,30.548,36.542,0,0,0,0,0,0,11.822,19.084,6.9131,34.85,10.544,16.786,0,0,0,0,0,0,0.32258,0.67742,0,0,1,0,0,0,0,1,0,0,1
0,0,0,0,34.899,52.737,12.364,0,0,0,0,0,4.0082,0,31.401,18.102,13.393,33.096,0,0,0,0,0,0,0,12.364,13.902,27.912,6.915,30.891,8.0163,0,0,0,0,0.011905,0.011905,0.97619,0,0,1,0,0,0,0,1,0,0,1
0,0,0,0,16.715,16.715,66.57,0,0,0,0,0,0,0,0,26.945,44.885,28.17,0,0,0,0,0,0,0,66.57,6.485,10.23,0,10.23,0,6.485,0,0,0,0,0,1,0,0,1,0,0,0,0,1,0,0,1
6.6301,0,0,0,23.259,36.519,33.592,0,0,0,0,0,0,0,10.333,25.852,43.149,20.666,0,0,0,0,0,0,6.6301,40.222,10.333,19.556,0,23.259,0,0,0,0,0,0,0,1,0,0,1,0,0,0,0,1,0,0,1
0,0,0,0,18.932,32.552,48.516,0,0,0,0,0,0,0,5.6235,29.584,23.961,40.831,0,0,0,0,0,0,10.653,48.516,0,16.276,5.6235,18.932,0,0,0,0,0,0,0,1,0,0,1,0,0,0,0,1,0,0,1
0,0,0,0,0,100,0,0,0,0,0,0,0,0,0,0,100,0,0,0,0,0,0,0,0,0,0,82.606,17.394,0,0,0,0,0,0,0,0,1,0,0,1,0,0,0,0,1,0,0,0
0,0,0,0,0,100,0,0,0,0,0,0,0,0,0,0,79.481,20.519,0,0,0,0,0,0,0,0,0,79.481,20.519,0,0,0,0,0,0,0,0,1,0,0,1,0,0,0,0,1,0,0,0
0,0,0,0,0,100,0,0,0,0,0,0,0,0,0,22.034,33.898,44.068,0,0,0,0,0,0,0,0,0,61.017,16.949,22.034,0,0,0,0,0,0,0,1,0,0,1,0,0,0,0,1,0,0,0
0,0,0,0,0,100,0,0,0,0,0,0,0,0,0,0,81.091,18.909,0,0,0,0,0,0,0,0,0,100,0,0,0,0,0,0,0,0,0,1,0,0,1,0,0,0,0,1,0,0,0
0,0,0,0,0,100,0,0,0,0,0,0,0,0,0,0,72.595,27.405,0,0,0,0,0,0,0,0,13.702,86.298,0,0,0,0,0,0,0,0,0,1,0,0,1,0,0,0,0,1,0,0,0
0,0,0,0,0,100,0,0,0,0,0,0,0,0,0,10.641,51.699,37.66,0,0,0,0,0,0,0,0,16.811,72.548,0,10.641,0,0,0,0,0,0,0,1,0,0,1,0,0,0,0,1,0,0,0
7.9807,0,0,0,0,92.019,0,0,0,0,0,0,0,0,0,13.103,44.878,42.019,0,0,0,0,0,0,0,7.9807,5.1224,50,23.794,13.103,0,0,0,0,0,0,0,1,0,0,1,0,0,0,0,1,0,0,0
0,0,0,0,14.056,85.944,0,0,0,0,0,0,0,0,8.9628,19.374,28.424,43.239,0,0,0,0,0,0,0,0,14.368,52.202,5.0935,14.28,14.056,0,0,0,0,0,0,1,0,0,1,0,0,0,0,1,0,0,0
7.6204,0,0,0,15.286,41.551,31.732,0,0,3.8102,0,3.8102,0,0,3.9911,15.286,46.521,15.286,0,15.105,0,0,0,3.8102,3.8102,40.873,3.8102,17.124,0,15.286,15.286,0,0,0,0,0.48571,0.11429,0.4,0,0,1,0,0,0,0,1,0,0,1
0,0,0,0,30.1,9.7014,60.199,0,0,0,0,0,0,0,0,30.1,39.801,30.1,0,0,0,0,0,0,0,60.199,9.7014,0,0,20.398,0,9.7014,0,0,0,0,0,1,0,0,1,0,0,0,0,1,0,0,1
0,0,0,0,0,59.969,0,0,0,10.339,29.692,0,0,10.339,0,9.0136,50.956,0,0,0,10.339,19.353,20.678,19.353,0,0,0,42.101,7.5299,0,10.339,0,0,0,0,0,0,1,0,0,1,0,0,0,0,1,0,0,0
0,0,0,0,0,79.993,0,0,0,12.783,7.2232,0,0,12.783,0,12.057,67.937,0,0,0,3.6116,3.6116,16.395,3.6116,0,0,0,67.21,9.1719,0,3.6116,0,0,0,0,0,0,1,0,0,1,0,0,0,0,1,0,0,0
0,0,0,0,0,88.809,0,0,0,11.191,0,0,0,11.191,0,0,88.809,0,0,0,0,0,11.191,0,0,0,0,62.639,26.17,0,0,0,0,0,0,0,0,1,0,0,1,0,0,0,0,1,0,0,0
0,0,0,0,0,100,0,0,0,0,0,0,0,0,0,0,100,0,0,0,0,0,0,0,0,0,0,100,0,0,0,0,0,0,0,0,0,1,0,0,1,0,0,0,0,1,0,0,0
0,0,0,0,0,93.739,0,0,0,0,6.2612,0,0,0,0,12.711,81.028,0,0,0,0,6.2612,0,6.2612,0,0,0,86.59,7.1489,0,0,0,0,0,0,0,0,1,0,0,1,0,0,0,0,1,0,0,0
0,0,0,0,0,100,0,0,0,0,0,0,0,0,0,0,100,0,0,0,0,0,0,0,0,0,0,93.542,6.4584,0,0,0,0,0,0,0,0,1,0,0,1,0,0,0,0,1,0,0,0
0,0,0,0,0,86.83,0,0,0,0,13.17,0,0,0,0,13.17,73.659,0,0,0,0,13.17,0,13.17,0,0,0,86.83,0,0,0,0,0,0.015625,0,0,0.015625,0.96875,0,0,1,0,0,0,0,1,0,0,0
0,0,0,0,0,100,0,0,0,0,0,0,0,0,0,8.0162,91.984,0,0,0,0,0,0,0,0,0,0,100,0,0,0,0,0,0.017241,0,0,0,0.98276,0,0,1,0,0,0,0,1,0,0,0
0,0,0,0,0,100,0,0,0,0,0,0,0,0,0,0,100,0,0,0,0,0,0,0,0,0,0,100,0,0,0,0,0,0.019231,0,0.019231,0,0.96154,0,0,1,0,0,0,0,1,0,0,0
0,0,0,0,0,100,0,0,0,0,0,0,0,0,0,0,100,0,0,0,0,0,0,0,0,0,0,100,0,0,0,0,0,0,0,0,0,1,0,0,1,0,0,0,0,1,0,0,0
0,0,0,0,0,100,0,0,0,0,0,0,0,0,0,0,100,0,0,0,0,0,0,0,0,0,10.01,89.99,0,0,0,0,0,0,0,0,0,1,0,0,1,0,0,0,0,1,0,0,0
0,0,0,0,13.303,86.697,0,0,0,0,0,0,0,0,5.0632,8.2401,60.567,26.13,0,0,0,0,0,0,0,0,14.654,63.803,8.2401,5.0632,8.2401,0,0,0,0,0,0,1,0,0,1,0,0,0,0,1,0,0,0
0,0,0,0,0,100,0,0,0,0,0,0,0,0,0,0,100,0,0,0,0,0,0,0,0,0,0,100,0,0,0,0,0,0,0,0,0,1,0,0,1,0,0,0,0,1,0,0,0
0,0,0,0,7.304,92.696,0,0,0,0,0,0,0,0,7.304,0,79.26,7.304,0,6.1321,0,0,0,0,0,0,0,86.564,6.1321,7.304,0,0,0,0,0,0,0,1,0,0,1,0,0,0,0,1,0,0,0
0,0,0,0,19.575,73.785,6.6402,0,0,0,0,0,0,0,13.28,12.59,54.9,6.2948,0,12.935,0,0,0,0,6.6402,0,5.5451,49.01,19.575,19.23,0,0,0,0,0,0,0,1,0,0,1,0,0,0,0,1,0,0,0
10.606,0,0,0,21.178,52.514,15.702,0,0,0,0,0,0,0,10.606,25.492,38.409,10.572,0,14.921,0,0,0,10.606,0,20.799,6.2572,26.274,10.572,8.6288,16.863,0,0,0,0,0.19512,0.085366,0.71951,0,0,1,0,0,0,0,1,0,0,1
11.249,0,0,0,17.927,46.219,24.605,0,0,0,0,0,0,0,25.395,17.927,32.073,6.6782,0,17.927,0,0,0,11.249,0,38.751,14.146,11.249,0,6.6782,17.927,0,0,0,0,0.13846,0.10769,0.75385,0,0,1,0,0,0,0,1,0,0,1
0,0,0,0,16.82,52.519,7.1662,0,0,23.495,0,0,0,0,23.525,19.309,15.361,24.985,0,9.6543,7.1662,0,0,0,0,8.1948,15.361,9.6543,16.82,19.309,15.33,15.33,0,0,0,0.94231,0.057692,0,0,0,1,0,0,0,0,1,0,0,1
0,0,0,0,10.29,49.517,29.903,0,0,10.29,0,0,0,0,20.579,10.29,69.131,0,0,0,0,0,0,0,0,39.228,20.579,19.614,0,10.29,0,10.29,0,0,0,0.09901,0.049505,0.85149,0,0,1,0,0,0,0,1,0,0,1
0,0,0,0,0,93.321,6.6792,0,0,0,0,0,0,0,0,6.6792,85.18,0,0,8.1408,0,0,0,6.6792,0,0,6.6792,78.501,8.1408,0,0,0,0,0,0,0,0,1,0,0,1,0,0,0,0,1,0,0,0
0,0,0,0,11.946,82.081,5.973,0,0,0,0,0,0,0,11.946,0,82.081,0,0,5.973,0,0,0,0,5.973,0,0,76.108,11.946,5.973,0,0,0,0,0,0,0,1,0,0,1,0,0,0,0,1,0,0,0
0,0,0,0,13.14,65.913,13.582,0,0,7.3654,0,0,0,0,13.14,0,54.495,13.14,0,5.6437,13.582,0,0,0,6.2165,0,7.3654,46.687,13.009,5.7744,7.3654,13.582,0,0,0,0.044776,0.044776,0.91045,0,0,1,0,0,0,0,1,0,0,1
0,0,0,0,0,100,0,0,0,0,0,0,0,4.6796,0,0,95.32,0,0,0,0,0,0,0,0,0,0,95.32,0,0,0,4.6796,0,0,0,0,0,1,0,0,1,0,0,0,0,1,0,0,0
0,0,0,0,0,100,0,0,0,0,0,0,0,6.0646,0,0,89.406,0,0,4.5295,0,0,0,0,0,0,0,89.406,4.5295,0,0,6.0646,0,0,0,0,0,1,0,0,1,0,0,0,0,1,0,0,0
0,0,0,0,0,94.4,5.5997,0,0,0,0,0,0,0,0,0,94.4,0,0,0,5.5997,0,0,0,5.5997,0,0,88.801,0,0,0,5.5997,0,0,0,0,0,1,0,0,1,0,0,0,0,1,0,0,0
0,0,0,0,18.736,31.061,18.791,0,0,31.412,0,0,0,0,37.73,6.5764,31.061,12.418,0,6.08,6.1348,0,0,0,12.215,0,13.153,12.27,12.16,12.656,12.418,25.129,0,0,0,0.084337,0.084337,0.83133,0,0,1,0,0,0,0,1,0,0,1
0,0,0,0,25,25,25,0,0,25,0,0,0,0,34.408,9.4078,25,15.592,0,0,15.592,0,0,0,0,0,34.408,0,15.592,9.4078,15.592,25,0,0,0,0,0,1,0,0,1,0,0,0,0,1,0,0,1
0,0,0,0,8.8635,81.499,5.1348,0,0,0,4.5022,0,0,0,0,4.3614,81.499,4.5022,4.5022,0,5.1348,0,0,0,5.1348,0,0,76.365,4.5022,8.8635,0,5.1348,0,0,0,0,0,1,0,0,1,0,0,0,0,1,0,0,0
5.2885,0,0,0,0,94.712,0,0,0,0,0,0,0,0,0,0,100,0,0,0,0,0,0,0,0,5.2885,0,94.712,0,0,0,0,0,0,0,0,0,1,0,0,1,0,0,0,0,1,0,0,0
0,0,0,0,0,92.273,7.7274,0,0,0,0,7.7274,0,0,0,0,92.273,0,0,0,0,0,7.7274,0,0,0,0,92.273,0,0,0,0,0,0,0,0,0,1,0,0,1,0,0,0,0,1,0,0,0
14.765,0,0,0,0,75.618,9.6168,0,0,0,0,0,0,0,0,18.338,63.324,18.338,0,0,0,0,0,0,9.6168,24.382,0,57.28,0,8.7214,0,0,0,0,0,0,0,1,0,0,1,0,0,0,0,1,0,0,0
6.0573,0,0,0,0,88.038,0,0,0,0,5.9045,0,0,0,0,1.9591,96.082,1.9591,0,0,0,0,0,0,4.0982,6.0573,0,85.899,1.9591,1.9863,0,0,0,0,0,0,0,1,0,0,1,0,0,0,0,1,0,0,0
3.2262,0,0,0,0,94.294,0,0,0,0,2.4799,0,0,0,0,0,98.755,1.2446,0,0,0,0,0,0,0,3.2262,0,94.294,0,2.4799,0,0,0,0,0,0,0,1,0,0,1,0,0,0,0,1,0,0,0
11.245,0,0,0,6.0383,76.013,0,0,0,0,6.7032,0,0,0,6.0383,20.075,43.126,30.761,0,0,0,0,0,0,7.8937,11.245,0,54.747,3.3516,16.724,6.0383,0,0,0,0,0,0,1,0,0,1,0,0,0,0,1,0,0,0
8.9057,0,0,0,6.434,64.61,0,0,0,0,20.051,0,0,2.4021,0,5.1399,70.448,17.978,0,4.0319,0,0,0,0,0,4.8739,10.466,59.47,4.8042,20.386,0,0,0,0,0,0,0,1,0,0,1,0,0,0,0,1,0,0,0
4.5944,0,0,0,3.3147,65.465,0,0,0,0,26.626,0,0,3.3147,0,6.7529,70.06,19.873,0,0,0,0,0,0,0,4.5944,3.3147,65.589,10.068,16.435,0,0,0,0,0,0,0,1,0,0,1,0,0,0,0,1,0,0,0
14.867,0,0,0,10.22,64.693,5.2679,0,0,0,4.9524,0,0,0,5.2679,18.81,33.36,32.342,0,10.22,0,0,0,5.2679,0,9.9141,18.8,42.256,0,18.494,5.2679,0,0,0,0,0,0,1,0,0,1,0,0,0,0,1,0,0,0
22.014,0,0,0,24.024,25.587,0,0,0,15.128,13.247,15.128,0,13.787,4.4204,9.9661,29.448,12.122,0,15.128,0,0,0,9.3123,15.128,3.39,11.468,22.401,19.333,14.548,4.4204,0,0,0.070423,0,0.042254,0.056338,0.83099,0,0,1,0,0,0,0,1,0,0,0
23.845,13.001,0,0,22.083,13.867,0,0,0,9.5297,17.674,9.5297,0,17.298,0,4.2964,23.397,18.163,0,14.315,0,13.001,0,9.5297,22.531,0,23.397,9.5707,21.594,13.378,0,0,0,0.82895,0,0.052632,0.092105,0.026316,0,0,1,0,0,0,0,1,0,0,0
11.236,0,0,0,5.6767,22.132,0,0,0,16.573,44.382,0,11.236,16.573,0,0,22.25,5.5591,11.236,0,16.573,16.573,44.382,16.573,5.6767,0,0,11.118,0,0,16.573,5.6767,0,0,0,0,1,0,0,0,1,0,0,0,0,1,0,0,0
0,6.3221,0,0,0,59.241,0,0,0,8.7703,25.667,0,16.334,8.7703,0,9.3328,39.896,16.334,0,0,6.3221,3.0107,25.104,3.0107,22.656,0,0,34.136,8.7703,0,6.3221,0,0,0,0,0,0,1,0,0,1,0,0,0,0,1,0,0,0
0,37.095,0,0,0,43.548,0,0,0,6.4523,12.905,0,0,6.4523,0,37.095,43.548,0,0,0,6.4523,6.4523,12.905,6.4523,37.095,0,0,37.095,0,0,6.4523,0,0,0,0,0,1,0,0,0,1,0,0,0,0,1,0,0,0
1.6111,0,0,0,0,96.502,0,0,0,0,1.8864,0,0,0,0,0,98.114,1.8864,0,0,0,0,0,0,0,1.6111,0,96.502,0,1.8864,0,0,0,0,0,0,0,1,0,0,1,0,0,0,0,1,0,0,0
0,36.688,0,0,0,26.625,0,0,0,0,36.688,0,0,0,0,36.688,26.625,0,0,0,36.688,0,0,0,36.688,0,5.3249,21.3,0,0,36.688,0,0,0,0,0,1,0,0,0,1,0,0,0,0,1,0,0,0
0,12.757,0,0,0,87.243,0,0,0,0,0,0,0,0,0,12.757,74.486,0,0,0,0,12.757,0,0,12.757,0,25.103,62.14,0,0,0,0,0,0,0,0,1,0,0,0,1,0,0,0,0,1,0,0,0
1.4842,0,0,0,3.2882,70.904,0,0,0,0,24.324,0,0,3.2882,0,4.7724,83.879,8.0606,0,0,0,0,0,0,0,1.4842,3.2882,69.1,8.0606,18.068,0,0,0,0,0,0,0,1,0,0,1,0,0,0,0,1,0,0,0
0,17.535,0,0,0,69.572,0,0,0,12.893,0,0,0,0,3.1172,28.947,48.498,6.6587,0,3.1172,3.1172,6.5445,0,0,14.417,0,35.603,33.969,0,0,9.7759,6.2344,0,0,0,0,1,0,0,0,1,0,0,0,0,1,0,0,0
0,9.7204,0,0,0,56.544,0,0,0,33.736,0,0,0,0,16.868,7.1476,49.396,7.1476,0,9.7204,9.7204,0,0,0,0,0,4.5615,44.834,7.1476,0,24.016,19.441,0,0,0,0,0.98246,0.017544,0,0,1,0,0,0,0,1,0,0,0
0,15.587,0,0,39.928,31.175,0,0,0,13.309,0,13.309,0,26.619,0,15.587,15.587,0,0,13.309,0,15.587,0,0,28.897,0,15.587,15.587,26.619,13.309,0,0,0,0.08,0,0,0.92,0,0,0,1,0,0,0,0,1,0,0,0
4.5394,0,0,0,19.374,53.194,0,0,0,5.6768,17.215,5.6768,0,11.354,0,2.1958,61.066,11.687,0,8.0204,0,0,0,0,5.6768,2.1958,4.6872,55.39,13.549,18.5,0,0,0,0.19355,0,0.064516,0.064516,0.67742,0,0,1,0,0,0,0,1,0,0,0
0,22.145,0,0,22.145,55.71,0,0,0,0,0,0,0,22.145,0,13.329,42.381,0,0,0,0,22.145,0,0,22.145,0,32.469,23.241,22.145,0,0,0,0,0,0,0,1,0,0,0,1,0,0,0,0,1,0,0,0
0,3.0666,0,0,3.0666,67.707,0,0,0,26.16,0,0,0,0,3.7453,19.248,48.458,16.197,3.0666,6.2181,3.0666,0,0,0,0,0,8.8687,55.093,6.8119,0,19.942,9.2848,0,0,0,0,1,0,0,0,1,0,0,0,0,1,0,0,0
11.62,13.333,0,0,16.935,46.491,8.6353,0,0,2.985,0,0,2.985,3.5098,0,19.92,36.143,0,10.348,12.145,6.8386,8.1105,8.6353,0,0,6.4949,28.466,14.949,13.425,10.096,0,9.8237,8.1105,0,0,0,0.25,0.75,0,0,1,0,0,0,0,1,0,0,0
2.0221,4.9611,0,0,8.8969,63.191,2.0221,0,0,18.907,0,0,7.3378,2.0221,2.9389,20.279,42.449,0,2.0221,20.012,2.9389,0,2.0221,0,0,2.0221,33.741,17.26,6.8747,16.235,2.9389,18.907,0,0,0,0,0.20513,0.79487,0,0,1,0,0,0,0,1,0,0,0
0,4.1428,0,0,0,68.991,0,0,0,26.866,0,0,0,0,4.1428,16.905,52.086,10.128,0,12.596,4.1428,0,0,0,0,0,0,57.219,11.773,0,14.27,16.738,0,0,0,0,0,1,0,0,1,0,0,0,0,1,0,0,0
0,0,0,0,0,75.686,0,0,0,24.314,0,0,0,0,12.157,12.157,37.843,37.843,0,0,0,0,0,0,0,0,0,37.843,37.843,0,24.314,0,0,0,0,0,0,1,0,0,1,0,0,0,0,1,0,0,0
0,13.308,0,0,6.5006,49.847,0,0,0,30.345,0,0,0,0,15.172,14.866,34.981,8.3654,6.5006,6.8071,13.308,0,0,0,0,0,13.001,28.48,14.866,0,23.538,20.115,0,0,0,0,0,1,0,0,1,0,0,0,0,1,0,0,0
10.031,0,0,0,0,89.969,0,0,0,0,0,10.031,0,0,0,10.031,49.846,30.092,0,0,0,0,0,0,0,0,10.031,34.954,44.985,10.031,0,0,0,0,0,0,0,1,0,0,1,0,0,0,0,1,0,0,0
0,0,0,0,14.183,69.843,15.974,0,0,0,0,0,0,0,0,24.969,37.484,23.364,0,14.183,0,0,0,0,0,15.974,10.817,34.057,6.196,24.969,7.9869,0,0,0,0,0,0,1,0,0,1,0,0,0,0,1,0,0,0
12.451,0,0,0,43.797,20.852,4.0498,0,0,10.449,8.4012,10.449,0,20.897,4.0498,4.0498,20.852,16.802,0,22.9,0,0,0,4.0498,10.449,4.0498,16.802,20.852,20.897,18.85,4.0498,0,0,0,0,0,0,1,0,0,1,0,0,0,0,1,0,0,0
20.752,32.08,0,0,0,39.16,0,0,0,8.008,0,0,8.008,8.4962,0,27.832,39.16,0,4.2481,4.2481,0,8.008,0,0,19.824,25,0,39.16,0,0,0,8.008,8.008,0,0,0,0,1,0,0,1,0,0,0,0,1,0,0,0
0,0,0,0,25,46.454,19.878,0,0,8.6677,0,0,0,0,21.756,20.579,35.727,16.332,0,5.6052,0,0,0,0,0,11.21,23.642,19.568,6.3065,18.694,11.912,8.6677,0,0,0,0,0.020408,0.97959,0,0,1,0,0,0,0,1,0,0,0
10.477,23.334,17.365,0,0,48.823,0,0,0,0,0,0,2.7908,7.9153,14.574,12.399,19.675,0,5.353,19.927,17.365,0,17.365,0,15.19,18.621,0,34.249,14.574,0,0,0,0,0,0,0,0,1,0,0,1,0,0,0,0,1,0,0,0
31.051,33.384,0,0,0,35.565,0,0,0,0,0,0,0,23.251,0,7.8005,27.915,0,25.583,15.45,0,0,0,0,7.8005,56.634,0,35.565,0,0,0,0,0,0,0,0,0,1,0,0,1,0,0,0,0,1,0,0,0
0,0,4.2635,0,0,95.736,0,0,0,0,0,4.2635,0,0,0,0,91.473,4.2635,0,0,0,0,0,0,0,4.2635,0,95.736,0,0,0,0,0,0,0,0,0,1,0,0,1,0,0,0,0,1,0,0,0
0,0,0,0,18.714,61.428,12.857,0,0,7.0012,0,0,0,0,18.714,0,61.428,7.0012,0,5.8562,7.0012,0,0,0,5.8562,0,7.0012,48.57,18.714,5.8562,7.0012,7.0012,0,0,0,0,0,1,0,0,1,0,0,0,0,1,0,0,0
4.2571,25.74,14.153,0,12.257,37.821,0,0,0,0,5.7725,0,4.2571,4.2571,9.8957,0,11.545,12.257,22.998,14.153,20.637,0,14.153,0,10.741,19.256,6.4843,21.441,15.668,12.257,0,0,0,0,0,0,0,1,0,0,1,0,0,0,0,1,0,0,0
18.101,42.624,7.1505,0,0,27.013,0,0,0,0,5.1109,0,12.261,18.101,5.1109,0,10.951,0,23.212,18.101,12.261,0,7.1505,0,17.372,43.353,0,21.902,10.222,0,0,0,0,0,0,0,0,1,0,0,1,0,0,0,0,1,0,0,0
0,26.409,0,0,11.957,55.126,0,0,0,0,6.5087,0,6.5087,0,6.5087,5.2609,41.922,6.6956,19.9,0,13.204,0,0,0,19.713,6.6956,6.6956,41.922,13.017,11.957,0,0,0,0,0,0,0,1,0,0,1,0,0,0,0,1,0,0,0
13.695,20.878,0,0,5.404,44.099,0,0,0,0,15.924,0,5.9008,9.0763,15.139,0,33.579,5.404,25,0,5.9008,0,0,0,11.802,18.153,13.857,28.961,21.825,5.404,0,0,0,0,0,0,0.85185,0.14815,0,0,1,0,0,0,0,1,0,0,0
0,0,17.942,0,0,82.058,0,0,0,0,0,17.942,0,0,0,17.942,59.297,4.8184,0,0,0,0,0,0,0,17.942,0,64.115,17.942,0,0,0,0,0,0,0,0.074074,0.92593,0,0,1,0,0,0,0,1,0,0,0
17.102,0,15.796,0,0,45.733,0,0,0,0,21.369,15.796,0,0,0,32.898,29.937,21.369,0,0,0,0,0,0,0,15.796,0,68.408,15.796,0,0,0,0,0,0,0,0,1,0,0,1,0,0,0,0,1,0,0,0
0,0,15.229,0,0,66.667,0,0,0,0,18.104,15.229,0,0,0,18.104,33.333,33.333,0,0,0,0,0,0,0,15.229,0,66.667,18.104,0,0,0,0,0,0,0,0,1,0,0,1,0,0,0,0,1,0,0,0
9.8784,15.496,0,0,8.7324,52.342,9.8784,0,0,3.673,0,0,3.673,4.3662,0,8.7324,44.303,0,15.496,17.918,0,5.5122,9.8784,0,0,15.496,20.897,27.771,4.3662,12.405,0,3.673,5.5122,0,0,0,0,1,0,0,1,0,0,0,0,1,0,0,0
17.527,6.1823,0,0,6.8698,51.841,5.6089,0,0,11.972,0,0,8.0317,3.9399,0,10.908,49.642,0,2.1445,13.543,2.1445,9.6468,5.6089,0,0,7.9777,35.27,11.791,6.8698,8.7193,3.9399,10.176,9.6468,0,0,0,0.43158,0.56842,0,0,1,0,0,0,0,1,0,0,0
18.643,25.149,0,0,0,50.298,0,0,0,5.9099,0,0,0,12.734,0,13.531,52.751,0,8.2502,12.734,0,0,0,0,13.531,24.351,5.9099,50.298,0,0,5.9099,0,0,0,0,0,0.83333,0.16667,0,0,1,0,0,0,0,1,0,0,0
22.508,16.23,0,0,7.3492,34.716,3.6746,0,0,15.521,0,0,0,16.23,0,29.148,31.042,0,9.9525,13.627,0,0,3.6746,0,6.2779,28.786,3.6746,15.521,19.196,7.3492,15.521,0,0,0,0,0,0,1,0,0,1,0,0,0,0,1,0,0,0
10.302,10.302,0,0,10.794,52.689,5.3969,0,0,10.517,0,0,10.517,5.3969,0,15.699,41.68,0,5.3969,16.406,0,4.9049,5.3969,0,0,10.302,22.233,24.844,5.3969,16.406,0,10.517,4.9049,0,0,0,0,1,0,0,1,0,0,0,0,1,0,0,0
5.1836,10.829,0,0,16.013,58.951,5.1836,0,0,3.8404,0,0,3.8404,5.1836,0,16.013,29.968,7.1564,10.829,21.364,5.6454,0,5.1836,0,0,5.1836,35.152,5.6454,17.985,21.364,0,9.4858,0,0,0,0,0.29358,0.70642,0,0,1,0,0,0,0,1,0,0,0
9.361,0,0,0,0,81.278,9.361,0,0,0,0,0,0,0,0,0,60.426,20.852,0,9.361,0,9.361,9.361,0,0,0,9.361,71.917,0,0,0,0,9.361,0,0,0,0.074074,0.92593,0,0,1,0,0,0,0,1,0,0,0
30.554,4.0263,0,0,4.0263,46.117,0,0,0,15.277,0,0,0,15.277,0,8.0527,57.367,4.0263,0,15.277,0,0,0,0,4.0263,15.277,15.277,29.098,17.019,0,19.303,0,0,0,0,0,0.15873,0.84127,0,0,1,0,0,0,0,1,0,0,0
7.9925,7.2548,0,0,7.7546,76.998,0,0,0,0,0,7.9925,0,0,0,23.002,30.518,31.232,0,7.2548,0,0,0,0,7.2548,0,23.502,15.247,23.74,30.257,0,0,0,0.0086207,0,0.0086207,0.31034,0.67241,0,0,1,0,0,0,0,1,0,0,0
8.0328,14.061,0,0,0,77.906,0,0,0,0,0,4.0164,0,0,0,18.073,32.124,24.096,4.0164,13.659,4.0164,0,0,4.0164,10.045,0,11.646,28.51,26.095,19.687,0,0,0,0,0,0,0.45283,0.54717,0,0,1,0,0,0,0,1,0,0,0
38.368,18.266,0,0,0,43.366,0,0,0,0,0,6.225,0,12.959,0,12.041,31.734,5.816,6.225,18.775,6.225,0,0,6.225,12.041,12.959,19.184,37.959,0,11.632,0,0,0,0,0,0,0.91176,0.088235,0,0,1,0,0,0,0,1,0,0,0
0,7.4325,0,0,7.4325,64.189,0,0,0,20.946,0,0,0,0,0,35.811,56.757,7.4325,0,0,0,0,0,0,7.4325,0,0,43.243,20.946,0,28.378,0,0,0,0,0,0.11364,0.88636,0,0,1,0,0,0,0,1,0,0,0
39.262,26.495,0,0,0,34.243,0,0,0,0,0,17.258,0,4.3782,0,17.258,8.9856,16.64,13.247,4.6074,17.626,0,0,13.247,13.247,4.3782,26.244,21.636,12.629,8.6182,0,0,0,0,0,0,1,0,0,0,1,0,0,0,0,1,0,0,0
12.917,21.09,0,0,0,65.993,0,0,0,0,0,2.8657,0,5.0256,0,17.073,26.116,22.804,6.8825,14.207,5.0256,0,0,6.8825,14.207,5.0256,7.8913,28.981,5.7313,31.281,0,0,0,0,0,0,0,1,0,0,1,0,0,0,0,1,0,0,0
12.43,19.74,11.886,0,0,52.288,0,0,0,0,3.6549,0,3.6549,12.43,15.541,0,21.375,0,10.271,21.186,15.541,0,11.886,0,7.3098,24.861,0,36.747,19.196,0,0,0,0,0,0,0,0.83673,0.16327,0,0,1,0,0,0,0,1,0,0,0
19.561,36.842,7.4981,0,0,29.793,0,0,0,0,6.3063,0,7.4981,15.54,0,10.327,36.099,0,11.519,11.519,7.4981,0,7.4981,0,17.825,38.577,0,29.793,0,6.3063,0,0,0,0,0,0,0,1,0,0,1,0,0,0,0,1,0,0,0
4.1627,8.6236,0,0,22.259,41.419,0,0,0,0,23.536,0,0,23.874,1.9126,5.0965,38.87,24.172,0,6.0753,0,0,0,0,4.4608,8.3255,0,21.708,21.623,21.623,22.259,0,0,0,0,0,0,1,0,0,1,0,0,0,0,1,0,0,0
6.9296,29.933,3.5336,0,9.6658,49.938,0,0,0,0,0,0,3.5336,3.5336,0,0,43.669,9.6658,22.865,3.5336,13.199,0,3.5336,0,13.199,20.267,13.062,40.273,0,9.6658,0,0,0,0,0,0,0,1,0,0,1,0,0,0,0,1,0,0,0
11.746,17.31,0,0,0,59.815,0,0,0,0,11.128,0,0,11.746,5.5641,0,59.815,5.5641,7.5131,9.7973,0,0,0,0,5.5641,23.493,0,59.815,5.5641,5.5641,0,0,0,0,0,0,0,1,0,0,1,0,0,0,0,1,0,0,0
2.2191,5.6509,0,0,13.307,48.549,0,0,0,4.0869,26.188,0,0,17.394,3.3879,14.401,39.373,9.9189,13.307,2.2191,0,0,0,0,5.6509,0,2.2191,45.161,17.394,29.576,0,0,0,0,0,0,0,1,0,0,1,0,0,0,0,1,0,0,0
0,0,14.049,0,0,85.951,0,0,0,0,0,14.049,0,0,0,0,52.618,33.333,0,0,0,0,0,0,0,14.049,0,85.951,0,0,0,0,0,0,0,0,0,1,0,0,1,0,0,0,0,1,0,0,0
0,23.542,0,0,9.216,52.916,0,0,0,0,14.326,0,0,3.3831,3.3831,25.991,58.026,5.8328,3.3831,0,0,0,0,0,23.542,0,0,49.533,3.3831,17.709,5.8328,0,0,0,0,0,0,1,0,0,1,0,0,0,0,1,0,0,0
3.85,15.107,0,0,8.3459,47.925,0,0,0,5.6247,19.147,0,0,13.971,15.107,3.85,41.354,6.7614,8.3459,10.611,0,0,0,0,15.107,0,3.85,39.579,20.732,20.732,0,0,0,0,0,0,0,1,0,0,1,0,0,0,0,1,0,0,0
30.768,4.6437,0,0,0,64.588,0,0,0,0,0,0,0,23.007,0,4.6437,64.588,0,0,7.7619,0,0,0,0,4.6437,23.007,7.7619,64.588,0,0,0,0,0,0,0,0,0.95,0.05,0,0,1,0,0,0,0,1,0,0,0
0,7.9367,0,0,16.777,53.321,0,0,0,4.8991,17.066,0,0,16.777,3.8237,9.0121,53.61,12.953,3.8237,0,0,0,0,0,7.9367,0,0,24.297,29.024,20.89,17.852,0,0,0,0,0,0.1828,0.8172,0,0,1,0,0,0,0,1,0,0,0
36.439,10.07,15.288,0,0,38.203,0,0,0,0,0,0,0,18.219,0,10.07,53.491,0,0,7.1168,11.103,0,15.288,0,10.07,18.219,18.219,38.203,0,0,0,0,0,0,0,0,0,1,0,0,1,0,0,0,0,1,0,0,0
30.901,0,12.733,0,0,56.366,0,0,0,0,0,0,0,15.45,0,0,69.099,0,0,15.45,0,0,12.733,0,0,15.45,15.45,56.366,0,0,0,0,0,0,0,0,0,1,0,0,1,0,0,0,0,1,0,0,0
24.478,24.202,0,0,0,51.32,0,0,0,0,0,0,0,12.239,0,20.737,51.32,0,3.4654,12.239,0,0,0,0,24.202,12.239,12.239,51.32,0,0,0,0,0,0,0,0,0.039474,0.96053,0,0,1,0,0,0,0,1,0,0,0
0,6.201,0,0,20.587,36.382,0,0,0,0,36.829,0,0,17.78,3.3934,17.878,21.312,23.981,12.263,3.3934,0,0,0,0,6.201,0,0,30.866,21.173,33.436,8.3242,0,0,0,0,0,0.21212,0.78788,0,0,1,0,0,0,0,1,0,0,0
24.911,4.396,10.604,0,0,60.089,0,0,0,0,0,0,0,17.466,0,4.396,70.693,0,0,7.445,0,0,10.604,0,4.396,17.466,7.445,60.089,0,0,0,0,0,0,0,0,0,1,0,0,1,0,0,0,0,1,0,0,0
0,10.979,11.984,0,0,77.036,0,0,0,0,0,0,0,0,0,20.13,79.87,0,0,0,0,0,11.984,0,10.979,0,0,77.036,0,0,0,0,0,0,0,0,0,1,0,0,1,0,0,0,0,1,0,0,0
0,0,0,0,0,100,0,0,0,0,0,0,0,0,0,0,100,0,0,0,0,0,0,0,0,0,0,93.527,6.4732,0,0,0,0,0,0,0,0,1,0,0,1,0,0,0,0,1,0,0,0
0,29.932,0,0,0,55.102,0,0,0,0,14.966,14.966,0,0,0,20.068,35.034,0,0,14.966,14.966,0,0,14.966,0,29.932,0,55.102,0,0,0,0,0,0,0.0097087,0,0,0.99029,0,0,1,0,0,0,0,1,0,0,1
0,23.706,0,0,0,40.022,0,0,0,16.205,20.066,15.428,4.6379,11.462,8.4937,15.428,28.449,0,0,7.6062,8.4937,0,0,19.068,0,20.066,4.6379,35.384,8.4937,0,8.4937,3.8558,0,0,0,0,0,1,0,0,1,0,0,0,0,1,0,0,0
0,7.7981,0,0,0,68.374,0,0,0,17.697,6.1308,0,6.1308,1.6673,7.7981,0,70.042,2.9023,1.8308,0,9.6289,0,0,1.6673,0,6.1308,6.1308,56.976,14.897,0,9.6289,4.5696,0,0,0,0,0,1,0,0,1,0,0,0,0,1,0,0,0
0,0,0,0,0,91.105,0,0,0,8.8954,0,0,0,0,0,0,97.597,2.4027,0,0,0,0,0,0,0,0,6.4927,78.119,6.4927,0,0,8.8954,0,0,0,0,0,1,0,0,1,0,0,0,0,1,0,0,0
0,14.087,0,0,0,48.927,0,0,0,30.244,6.7416,4.2711,2.4705,5.5448,5.5448,0,59.641,2.4705,4.2203,4.2711,11.566,0,0,9.8159,0,8.5421,5.1693,38.589,14.934,0,9.7651,13.185,0,0,0,0,0,1,0,0,1,0,0,0,0,1,0,0,0
0,25.403,0,0,0,39.592,0,0,0,20.439,14.566,3.897,10.669,5.7615,6.0855,0,41.135,4.5837,6.4052,9.6586,11.804,0,0,15.42,0,13.88,7.6284,30.421,14.034,0,12.491,6.1266,0,0,0,0,0,1,0,0,1,0,0,0,0,1,0,0,0
0,8.231,0,0,8.3907,37.653,0,0,0,33.298,12.426,0,16.649,0,0,4.1954,16.809,33.298,4.1954,4.1954,0,20.657,0,4.1954,0,4.1954,8.4181,12.426,8.4181,0,33.271,24.88,4.1954,0,0.043478,0.01087,0.043478,0.90217,0,0,1,0,0,0,0,1,0,0,1
6.7094,4.6617,0,0,9.6067,51.879,0,0,0,24.671,2.4725,0,3.7467,6.7094,0,12.94,18.015,41.848,7.1342,2.4725,0,7.1342,0,7.1342,0,12.94,10.456,13.844,14.214,0,13.353,25.585,2.4725,0,0,0,0.035714,0.96429,0,0,1,0,0,0,0,1,0,0,1
0,3.6203,0,0,36.748,42.559,0,0,0,7.2407,9.8324,0,3.6203,0,0,6.2121,32.726,22.116,6.2121,15.661,0,13.453,0,6.2121,14.875,6.2121,0,15.259,0,0,34.54,7.2407,15.661,0,0.03125,0,0.0625,0.90625,0,0,1,0,0,0,0,1,0,0,1
0,19.064,0,0,22.829,47.113,0,0,0,8.8622,2.1314,0,2.1314,5.0187,0,4.5994,35.783,24.431,6.8954,9.9837,0,11.158,0,16.933,10.969,4.5994,0,20.049,4.5994,0,22.127,15.758,4.9651,0,0,0,0,1,0,0,1,0,0,0,0,1,0,0,1
0,23.357,0,0,9.2731,35.138,0,0,0,19.1,13.132,8.4951,0,6.3667,6.3667,4.6366,36.868,0,4.6366,13.132,14.862,4.6366,0,19.498,0,21.627,0,25.865,6.3667,0,15.64,6.3667,4.6366,0,0.014925,0,0.029851,0.95522,0,0,1,0,0,0,0,1,0,0,1
0,3.2804,0,0,54.66,38.79,0,0,0,0,3.2697,0,0,0,0,3.2697,35.52,22.42,6.5501,25.69,0,6.5501,0,6.5501,22.42,3.2697,0,6.5501,0,0,32.24,3.2804,25.69,0,0,0,0.076923,0.92308,0,0,1,0,0,0,0,1,0,0,1
0,5.3716,0,0,31.543,60.543,0,0,0,0,2.543,0,0,0,0,2.543,58,21.085,7.9146,2.543,0,7.9146,0,7.9146,21.085,2.543,0,29,0,0,31.543,5.3716,2.543,0,0,0,0.10714,0.89286,0,0,1,0,0,0,0,1,0,0,1
0,0,0,0,0,74.741,0,0,0,22.358,2.9018,0,2.9018,0,0,0,77.424,2.9018,9.8369,0,6.9351,0,0,0,0,0,2.6839,67.57,14.323,0,9.8369,5.5857,0,0,0,0,0.033333,0.96667,0,0,1,0,0,0,0,1,0,0,0
0,0,0,0,0,88.987,0,0,0,11.013,0,0,0,0,0,0,91.541,8.4594,0,0,0,0,0,0,0,0,2.5536,80.04,6.3934,0,0,11.013,0,0,0,0,0.046512,0.95349,0,0,1,0,0,0,0,1,0,0,0
0,3.2103,0,0,0,48.478,0,0,0,35.691,12.621,0,12.621,1.5627,3.2103,0,51.494,16.928,10.974,0,3.2103,0,0,1.5627,0,1.6476,3.101,43.923,15.638,0,14.184,19.944,0,0,0,0,0,1,0,0,1,0,0,0,0,1,0,0,0
0,6.103,0,0,0,54.026,0,0,0,37.603,2.2683,0,2.2683,3.8347,6.103,0,57.86,2.4293,10.701,0,16.804,0,0,3.8347,0,2.2683,2.2683,51.757,16.804,0,16.804,6.264,0,0,0,0,0,1,0,0,1,0,0,0,0,1,0,0,0
0,0,0,0,0,100,0,0,0,0,0,0,0,0,0,33.333,66.667,0,0,0,0,0,0,0,0,0,0,66.667,33.333,0,0,0,0,0,0,0,0,1,0,0,1,0,0,0,0,1,0,0,0
0,0,0,0,0,100,0,0,0,0,0,0,0,0,0,7.8556,92.144,0,0,0,0,0,0,0,0,0,15.012,69.976,15.012,0,0,0,0,0,0,0,0,1,0,0,1,0,0,0,0,1,0,0,0
0,0,0,0,0,100,0,0,0,0,0,0,0,0,0,50,50,0,0,0,0,0,0,0,0,0,0,50,50,0,0,0,0,0,0,0,0,1,0,0,1,0,0,0,0,1,0,0,0
0,0,0,0,0,100,0,0,0,0,0,0,0,0,0,27.561,72.439,0,0,0,0,0,0,0,0,0,12.094,72.439,15.466,0,0,0,0,0,0,0,0,1,0,0,1,0,0,0,0,1,0,0,0
0,0,0,0,0,100,0,0,0,0,0,0,0,0,0,26.431,73.569,0,0,0,0,0,0,0,0,0,15.713,68.575,15.713,0,0,0,0,0,0,0,0,1,0,0,1,0,0,0,0,1,0,0,0
0,0,0,0,0,100,0,0,0,0,0,0,0,0,0,0,100,0,0,0,0,0,0,0,0,0,0,100,0,0,0,0,0,0,0,0,0,1,0,0,1,0,0,0,0,1,0,0,0
0,0,0,0,0,100,0,0,0,0,0,0,0,0,0,9.3172,90.683,0,0,0,0,0,0,0,0,0,0,90.683,9.3172,0,0,0,0,0,0,0,0,1,0,0,1,0,0,0,0,1,0,0,0
0,0,0,0,0,100,0,0,0,0,0,0,0,0,0,19.749,80.251,0,0,0,0,0,0,0,0,0,0,80.251,19.749,0,0,0,0,0,0,0,0,1,0,0,1,0,0,0,0,1,0,0,0
0,0,0,0,0,100,0,0,0,0,0,0,0,0,0,12.524,87.476,0,0,0,0,0,0,0,0,0,0,100,0,0,0,0,0,0,0,0,0,1,0,0,1,0,0,0,0,1,0,0,0
0,0,0,0,0,100,0,0,0,0,0,0,0,0,0,24.939,75.061,0,0,0,0,0,0,0,0,0,7.5586,84.883,7.5586,0,0,0,0,0,0,0,0,1,0,0,1,0,0,0,0,1,0,0,0
0,0,0,0,0,100,0,0,0,0,0,0,0,0,0,19.529,80.471,0,0,0,0,0,0,0,0,0,19.529,80.471,0,0,0,0,0,0,0,0,0,1,0,0,1,0,0,0,0,1,0,0,0
0,0,0,0,0,100,0,0,0,0,0,0,0,0,0,0,100,0,0,0,0,0,0,0,0,0,0,100,0,0,0,0,0,0,0,0,0,1,0,0,1,0,0,0,0,1,0,0,0
0,0,0,0,0,100,0,0,0,0,0,0,0,0,0,0,100,0,0,0,0,0,0,0,0,0,0,100,0,0,0,0,0,0,0,0,0,1,0,0,1,0,0,0,0,1,0,0,0
10.141,0,0,0,0,89.859,0,0,0,0,0,10.141,0,0,0,10.141,49.293,30.424,0,0,0,0,0,0,0,0,10.141,59.434,20.283,10.141,0,0,0,0,0,0,0,1,0,0,1,0,0,0,0,1,0,0,0
0,0,0,0,0,100,0,0,0,0,0,0,0,0,0,0,100,0,0,0,0,0,0,0,0,0,0,100,0,0,0,0,0,0,0,0,0,1,0,0,1,0,0,0,0,1,0,0,0
25.505,25.505,16.33,0,0,32.66,0,0,0,0,0,12.753,0,0,0,12.753,48.99,0,12.753,0,12.753,0,16.33,12.753,12.753,0,12.753,45.412,0,0,0,0,0,0,0,0,0,1,0,0,1,0,0,0,0,1,0,0,0
0,0,0,0,0,100,0,0,0,0,0,0,0,0,0,0,100,0,0,0,0,0,0,0,0,0,0,100,0,0,0,0,0,0,0,0,0,1,0,0,1,0,0,0,0,1,0,0,0
0,0,0,0,0,100,0,0,0,0,0,0,0,0,0,0,100,0,0,0,0,0,0,0,0,0,0,100,0,0,0,0,0,0,0,0,0,1,0,0,1,0,0,0,0,1,0,0,0
0,0,0,0,0,100,0,0,0,0,0,0,0,0,0,0,100,0,0,0,0,0,0,0,0,0,0,100,0,0,0,0,0,0,0,0,0,1,0,0,1,0,0,0,0,1,0,0,0
0,0,0,0,0,100,0,0,0,0,0,0,0,0,0,0,100,0,0,0,0,0,0,0,0,0,0,100,0,0,0,0,0,0,0,0,0,1,0,0,1,0,0,0,0,1,0,0,0
0,0,0,0,0,100,0,0,0,0,0,0,0,0,0,0,100,0,0,0,0,0,0,0,0,0,0,100,0,0,0,0,0,0,0,0,0,1,0,0,1,0,0,0,0,1,0,0,0
0,14.606,30.155,0,0,55.239,0,0,0,0,0,0,0,0,0,0,85.394,0,14.606,0,0,0,30.155,14.606,0,0,0,55.239,0,0,0,0,0,0,0,0,0,1,0,0,1,0,0,0,0,1,0,0,0
0,0,0,0,0,100,0,0,0,0,0,0,0,0,0,0,100,0,0,0,0,0,0,0,0,0,0,100,0,0,0,0,0,0,0,0,0,1,0,0,1,0,0,0,0,1,0,0,0
0,0,33.333,0,0,66.667,0,0,0,0,0,0,0,0,0,11.797,88.203,0,0,0,0,0,33.333,0,0,0,0,66.667,0,0,0,0,0,0,0,0,0,1,0,0,1,0,0,0,0,1,0,0,0
0,0,0,0,0,100,0,0,0,0,0,0,0,0,0,0,100,0,0,0,0,0,0,0,0,0,0,100,0,0,0,0,0,0,0,0,0,1,0,0,1,0,0,0,0,1,0,0,0
0,0,0,0,0,100,0,0,0,0,0,0,0,0,0,0,100,0,0,0,0,0,0,0,0,0,0,100,0,0,0,0,0,0,0,0,0,1,0,0,1,0,0,0,0,1,0,0,0
0,0,0,0,0,100,0,0,0,0,0,0,0,0,0,0,100,0,0,0,0,0,0,0,0,0,0,100,0,0,0,0,0,0,0,0,0,1,0,0,1,0,0,0,0,1,0,0,0
0,0,0,0,0,100,0,0,0,0,0,0,0,0,0,0,100,0,0,0,0,0,0,0,0,0,0,100,0,0,0,0,0,0,0,0,0,1,0,0,1,0,0,0,0,1,0,0,0
0,0,0,0,0,100,0,0,0,0,0,0,0,0,0,0,100,0,0,0,0,0,0,0,0,0,0,100,0,0,0,0,0,0,0,0,0,1,0,0,1,0,0,0,0,1,0,0,0
0,0,0,0,13.849,86.151,0,0,0,0,0,0,0,6.5313,0,24.625,68.844,0,0,0,0,0,0,0,0,0,10.776,54.994,13.849,0,0,20.381,0,0,0,0,1,0,0,0,1,0,0,0,0,1,0,0,0
0,0,0,0,0,100,0,0,0,0,0,0,0,7.0547,0,0,92.945,0,0,0,0,0,0,0,0,0,0,92.945,0,0,0,7.0547,0,0,0,0,0,1,0,0,1,0,0,0,0,1,0,0,0
0,0,0,0,0,100,0,0,0,0,0,0,0,6.8438,0,42.814,23.853,26.489,0,0,0,0,0,0,0,0,47.896,23.853,21.407,0,0,6.8438,0,0,0,0,1,0,0,0,1,0,0,0,0,1,0,0,0
0,0,0,0,0,100,0,0,0,0,0,0,0,4.8733,0,0,95.127,0,0,0,0,0,0,0,0,0,0,95.127,0,0,0,4.8733,0,0,0,0,0,1,0,0,1,0,0,0,0,1,0,0,0
0,0,0,0,7.6962,92.304,0,0,0,0,0,0,0,14.679,0,16.785,44.751,23.785,0,0,0,0,0,0,0,0,24.481,37.055,16.089,0,0,22.375,0,0,0,0,0.7561,0.2439,0,0,1,0,0,0,0,1,0,0,0
0,0,0,0,5.1926,94.807,0,0,0,0,0,0,0,0,0,27.296,66.667,6.0372,0,0,0,0,0,0,0,0,28.141,61.474,5.1926,0,0,5.1926,0,0,0,0,0.83019,0.16981,0,0,1,0,0,0,0,1,0,0,0
0,0,0,0,0,100,0,0,0,0,0,0,0,0,0,0,66.667,33.333,0,0,0,0,0,0,0,0,33.333,66.667,0,0,0,0,0,0,0,0,1,0,0,0,1,0,0,0,0,1,0,0,0
0,0,0,0,12.694,87.306,0,0,0,0,0,0,0,0,0,12.694,87.306,0,0,0,0,0,0,0,0,0,0,87.306,0,12.694,0,0,0,0,0,0,0,1,0,0,1,0,0,0,0,1,0,0,0
0,0,0,0,0,100,0,0,0,0,0,0,0,0,0,29.514,60.2,10.286,0,0,0,0,0,0,0,0,29.514,60.2,10.286,0,0,0,0,0,0,0,1,0,0,0,1,0,0,0,0,1,0,0,0
7.4592,0,0,0,7.5799,50.939,0,0,0,13.281,20.74,0,0,0,28.2,7.5799,43.48,13.281,7.4592,0,0,0,0,0,0,0,35.659,22.74,20.74,20.861,0,0,0,0,0,0,0.67692,0.32308,0,0,1,0,0,0,0,1,0,0,0
3.2343,5.7268,0,0,0,73.012,0,0,0,18.027,0,0,0,3.2343,0,18.027,73.012,0,5.7268,0,0,0,0,0,2.4926,3.2343,3.2343,73.012,0,18.027,0,0,0,0,0,0,1,0,0,0,1,0,0,0,0,1,0,0,0
25,25,0,0,0,50,0,0,0,0,0,0,0,25,0,0,50,0,25,0,0,0,0,0,0,25,25,50,0,0,0,0,0,0,0,0,0.88,0.12,0,0,1,0,0,0,0,1,0,0,0
20.339,24.699,0,0,0,38.09,0,0,0,16.872,0,0,0,20.339,0,16.872,38.09,0,24.699,0,0,0,0,0,21.231,3.4671,20.339,38.09,0,16.872,0,0,0,0,0,0,0,1,0,0,1,0,0,0,0,1,0,0,0
4.7793,48.054,0,0,0,36.913,0,0,0,10.253,0,0,0,4.7793,0,10.253,36.913,0,48.054,0,0,0,0,0,4.7793,43.275,4.7793,36.913,0,10.253,0,0,0,0,0,0,0.020833,0.97917,0,0,1,0,0,0,0,1,0,0,0
0,0,0,0,11.166,77.669,0,0,0,7.0375,4.1282,0,0,0,7.0375,7.0375,77.669,4.1282,4.1282,0,0,0,0,0,0,0,7.0375,70.631,4.1282,18.203,0,0,0,0,0,0,0,1,0,0,1,0,0,0,0,1,0,0,0
13.729,0,0,0,0,46.395,0,0,0,0,39.876,0,0,0,0,13.729,46.395,39.876,0,0,0,0,0,0,0,0,0,100,0,0,0,0,0,0,0,0,0,1,0,0,1,0,0,0,0,1,0,0,0
6.2187,10.504,0,0,13.352,46.093,0,0,0,15.966,7.8661,0,0,0,15.966,8.0999,47.059,13.118,10.504,0,5.2522,0,0,0,5.2522,5.2522,27.437,24.875,7.8661,29.318,0,0,0,0,0,0,0.086022,0.91398,0,0,1,0,0,0,0,1,0,0,0
6.6192,0,0,0,0,57.593,0,0,0,0,35.787,0,0,0,0,6.6192,57.593,35.787,0,0,0,0,0,0,0,0,0,100,0,0,0,0,0,0,0,0,0,1,0,0,1,0,0,0,0,1,0,0,0
7.1773,0,0,0,13.159,59.326,0,0,0,13.159,7.1773,0,0,0,27.514,13.159,41.545,10.604,7.1773,0,0,0,0,0,0,0,45.296,21.208,7.1773,26.319,0,0,0,0,0,0,0,1,0,0,1,0,0,0,0,1,0,0,0
9.539,0,0,0,0,60.307,0,0,0,0,30.154,0,0,0,0,11.836,58.01,30.154,0,0,0,0,0,0,0,0,0,97.703,2.2971,0,0,0,0,0,0,0,0,1,0,0,1,0,0,0,0,1,0,0,0
12.913,0,0,0,0,45.144,0,0,0,0,41.942,0,0,0,0,22.268,35.79,41.942,0,0,0,0,0,0,0,0,0,90.646,9.3542,0,0,0,0,0,0,0,0,1,0,0,1,0,0,0,0,1,0,0,0
9.5368,3.5126,0,0,0,80.926,0,0,0,0,6.0242,0,0,3.5126,12.048,0,68.266,6.6357,9.5368,0,0,0,0,0,0,7.0253,24.708,62.242,6.0242,0,0,0,0,0,0,0,0,1,0,0,1,0,0,0,0,1,0,0,0
6.5987,0,0,0,0,83.375,0,0,0,5.0131,5.0131,0,0,5.0131,0,0,94.987,0,0,0,0,0,0,0,0,0,6.5987,83.375,5.0131,5.0131,0,0,0,0,0,0,0,1,0,0,1,0,0,0,0,1,0,0,0
12.697,1.7868,0,0,2.4907,58.601,0,0,0,7.9348,16.49,0,0,15.188,1.7868,10.425,56.11,4.2775,2.4907,9.7216,0,0,0,0,1.7868,0,12.697,58.601,12.212,14.703,0,0,0,0,0,0,0,1,0,0,1,0,0,0,0,1,0,0,0
5.8783,0,0,0,0,74.175,0,0,0,9.9732,9.9732,0,0,0,9.9732,0,80.054,9.9732,0,0,0,0,0,0,0,0,15.852,64.202,9.9732,9.9732,0,0,0,0,0,0,0,1,0,0,1,0,0,0,0,1,0,0,0
5.9424,0,0,0,0,94.058,0,0,0,0,0,0,0,3.5932,0,0,87.518,8.8887,0,0,0,0,0,0,0,0,14.831,85.169,0,0,0,0,0,0,0,0,0,1,0,0,1,0,0,0,0,1,0,0,0
15.967,0,0,0,0,80.131,0,0,0,1.9508,1.9508,0,0,17.918,0,0,82.082,0,0,0,0,0,0,0,0,0,15.967,80.131,1.9508,1.9508,0,0,0,0,0,0,0,1,0,0,1,0,0,0,0,1,0,0,0
5.7189,1.9977,0,0,5.0843,58.101,0,0,0,7.4668,21.631,0,0,18.27,1.9977,5.0843,60.484,7.0821,5.0843,1.9977,0,0,0,0,1.9977,0,5.7189,58.101,14.549,19.633,0,0,0,0,0,0,0,1,0,0,1,0,0,0,0,1,0,0,0
4.0857,0,0,0,0,81.34,0,0,0,7.2871,7.2871,0,0,7.2871,0,4.0857,84.542,0,0,4.0857,0,0,0,0,0,0,4.0857,81.34,7.2871,7.2871,0,0,0,0,0,0,0,1,0,0,1,0,0,0,0,1,0,0,0
7.7771,4.1064,0,0,0,76.336,0,0,0,11.78,0,0,0,7.7771,0,13.519,74.598,0,4.1064,0,0,0,0,0,4.1064,3.6707,4.1064,76.336,0,11.78,0,0,0,0,0,0,0,1,0,0,1,0,0,0,0,1,0,0,0
0,8.4278,6.8564,0,0,84.716,0,0,0,0,0,0,0,0,0,20.005,74.285,0,5.7096,0,0,0,6.8564,0,8.4278,0,0,84.716,0,0,0,0,0,0,0,0,0,1,0,0,1,0,0,0,0,1,0,0,0
0,0,16.84,0,0,83.16,0,0,0,0,0,0,0,0,0,8.0499,91.95,0,0,0,0,0,16.84,0,0,0,0,83.16,0,0,0,0,0,0,0,0,0,1,0,0,1,0,0,0,0,1,0,0,0
5.9283,9.3638,0,0,0,80.433,0,0,0,4.2751,0,0,0,5.9283,0,11.99,72.718,0,9.3638,0,0,0,0,0,3.4355,5.9283,5.9283,80.433,0,4.2751,0,0,0,0,0,0,0,1,0,0,1,0,0,0,0,1,0,0,0
0,1.7336,13.43,0,0,84.837,0,0,0,0,0,0,0,0,0,4.6714,93.595,0,1.7336,0,0,0,13.43,0,1.7336,0,0,84.837,0,0,0,0,0,0,0,0,0,1,0,0,1,0,0,0,0,1,0,0,0
0,0,15.128,0,0,84.872,0,0,0,0,0,0,0,0,0,21.48,78.52,0,0,0,0,0,15.128,0,0,0,0,84.872,0,0,0,0,0,0,0,0,0,1,0,0,1,0,0,0,0,1,0,0,0
0,0,35.82,0,0,64.18,0,0,0,0,0,0,0,0,0,12.259,87.741,0,0,0,0,0,35.82,0,0,0,0,64.18,0,0,0,0,0,0,0,0,0,1,0,0,1,0,0,0,0,1,0,0,0
0,0,0,0,0,100,0,0,0,0,0,0,0,0,0,0,100,0,0,0,0,0,0,0,0,0,0,100,0,0,0,0,0,0,0,0,0,1,0,0,1,0,0,0,0,1,0,0,0
0,0,33.333,0,0,66.667,0,0,0,0,0,0,0,0,0,19.175,80.825,0,0,0,0,0,33.333,0,0,0,0,66.667,0,0,0,0,0,0,0,0,0,1,0,0,1,0,0,0,0,1,0,0,0
0,0,0,0,0,100,0,0,0,0,0,0,0,0,0,0,100,0,0,0,0,0,0,0,0,0,0,100,0,0,0,0,0,0,0,0,0,1,0,0,1,0,0,0,0,1,0,0,0
0,0,0,0,0,100,0,0,0,0,0,0,0,0,0,0,100,0,0,0,0,0,0,0,0,0,0,100,0,0,0,0,0,0,0,0,0,1,0,0,1,0,0,0,0,1,0,0,0
0,0,0,0,0,100,0,0,0,0,0,0,0,0,0,0,100,0,0,0,0,0,0,0,0,0,0,100,0,0,0,0,0,0,0,0,0,1,0,0,1,0,0,0,0,1,0,0,0
0,0,0,0,0,100,0,0,0,0,0,0,0,0,0,0,100,0,0,0,0,0,0,0,0,0,0,100,0,0,0,0,0,0,0,0,0,1,0,0,1,0,0,0,0,1,0,0,0
0,0,0,0,0,100,0,0,0,0,0,0,0,0,0,0,100,0,0,0,0,0,0,0,0,0,0,100,0,0,0,0,0,0,0,0,0,1,0,0,1,0,0,0,0,1,0,0,0
