h1,h2,h3,h4,h5,h6,h7,h8,h9,h10,h11,h12,h13,h14,h15,h16,h17,h18,h19,h20,h21,h22,h23,h24,h25,h26,h27,h28,h29,h30,h31,h32,h33,h34,h35,h36,h37,h38,h39,h40,h41,h42,h43,h44,h45,h46,h47,h48,label
0,0,0,0,0,100,0,0,0,0,0,0,0,0,0,0,100,0,0,0,0,0,0,0,0,0,0,100,0,0,0,0,0,0,0,0,0,1,0,0,1,0,0,0,0,1,0,0,0
0,0,0,0,0,100,0,0,0,0,0,0,0,0,0,0,100,0,0,0,0,0,0,0,0,0,0,100,0,0,0,0,0,0,0,0,0,1,0,0,1,0,0,0,0,1,0,0,0
0,0,0,0,0,100,0,0,0,0,0,0,0,0,0,0,100,0,0,0,0,0,0,0,0,0,0,100,0,0,0,0,0,0,0,0,0,1,0,0,1,0,0,0,0,1,0,0,0
0,0,0,0,0,100,0,0,0,0,0,0,0,0,0,0,100,0,0,0,0,0,0,0,0,0,0,100,0,0,0,0,0,0,0,0,0,1,0,0,1,0,0,0,0,1,0,0,0
0,0,0,0,0,66.667,33.333,0,0,0,0,0,0,0,0,37.53,33.333,14.568,14.568,0,0,0,0,0,18.765,14.568,0,66.667,0,0,0,0,0,0,0,0,0,1,0,0,1,0,0,0,0,1,0,0,0
0,0,0,0,0,75.312,24.688,0,0,0,0,0,0,0,0,31.326,53.165,6.4837,9.0254,0,0,0,0,0,15.663,9.0254,0,75.312,0,0,0,0,0,0.60274,0.013699,0.10959,0.12329,0.15068,0,0,1,0,0,0,0,1,0,0,0
0,0,0,0,0,65.213,34.787,0,0,0,0,0,0,0,0,15.285,34.643,26.928,23.143,0,0,0,0,11.643,0,23.143,0,65.213,0,0,0,0,0,0,0,0,0,1,0,0,1,0,0,0,0,1,0,0,0
0,0,0,0,25.546,53.297,21.157,0,0,0,0,0,0,0,6.784,0,46.513,31.643,10.578,4.4814,0,0,4.4814,10.578,0,10.578,6.784,46.513,21.065,0,0,0,0,0.028169,0,0.014085,0.014085,0.94366,0,0,1,0,0,0,0,1,0,0,0
0,0,0,0,19.851,50.21,29.939,0,0,0,0,0,0,0,10.182,0,40.121,20.271,19.757,9.6688,0,0,9.6688,10.182,0,19.757,0,50.21,10.182,0,0,0,0,0.058824,0,0.039216,0.058824,0.84314,0,0,1,0,0,0,0,1,0,0,0
0,0,0,0,12.722,53.945,33.333,0,0,0,0,0,0,0,0,10.29,33.333,20.611,23.044,12.722,0,0,12.722,0,10.29,23.044,0,53.945,0,0,0,0,0,0.92391,0.01087,0.01087,0.021739,0.032609,0,0,1,0,0,0,0,1,0,0,0
0,0,0,0,11.18,77.641,11.18,0,0,0,0,0,0,0,4.2461,0,77.641,4.2461,6.9335,6.9335,0,0,6.9335,4.2461,0,6.9335,0,77.641,4.2461,0,0,0,0,0,0,0,0,1,0,0,1,0,0,0,0,1,0,0,0
0,0,0,0,7.4908,58.88,33.629,0,0,0,0,0,0,0,0,0,58.88,10.283,23.346,7.4908,0,0,7.4908,10.283,0,23.346,0,58.88,0,0,0,0,0,0.86275,0.019608,0,0.04902,0.068627,0,0,1,0,0,0,0,1,0,0,0
0,0,0,0,5.6235,94.376,0,0,0,0,0,0,0,0,0,0,94.376,0,0,5.6235,0,0,5.6235,0,0,0,0,94.376,0,0,0,0,0,0,0,0,0,1,0,0,1,0,0,0,0,1,0,0,0
0,0,0,0,0,100,0,0,0,0,0,0,0,0,0,0,100,0,0,0,0,0,0,0,0,0,11.061,88.939,0,0,0,0,0,0,0,0,0,1,0,0,1,0,0,0,0,1,0,0,0
0,0,0,0,0,100,0,0,0,0,0,0,0,0,0,0,100,0,0,0,0,0,0,0,0,0,0,100,0,0,0,0,0,0,0,0,0,1,0,0,1,0,0,0,0,1,0,0,0
0,0,0,0,0,100,0,0,0,0,0,0,0,0,0,0,100,0,0,0,0,0,0,0,0,0,0,100,0,0,0,0,0,0,0,0,0,1,0,0,1,0,0,0,0,1,0,0,0
0,0,0,0,0,100,0,0,0,0,0,0,0,0,0,0,100,0,0,0,0,0,0,0,0,0,0,100,0,0,0,0,0,0,0,0,0,1,0,0,1,0,0,0,0,1,0,0,0
0,0,0,0,0,100,0,0,0,0,0,0,0,0,0,0,100,0,0,0,0,0,0,0,0,0,0,100,0,0,0,0,0,0,0,0,0,1,0,0,1,0,0,0,0,1,0,0,0
0,0,0,0,0,100,0,0,0,0,0,0,0,0,0,0,100,0,0,0,0,0,0,0,0,0,0,100,0,0,0,0,0,0,0,0,0,1,0,0,1,0,0,0,0,1,0,0,0
0,0,0,0,0,100,0,0,0,0,0,0,0,0,0,0,100,0,0,0,0,0,0,0,0,0,0,100,0,0,0,0,0,0,0,0,0,1,0,0,1,0,0,0,0,1,0,0,0
0,0,0,0,0,89.514,10.486,0,0,0,0,0,0,3.7157,0,0,89.514,0,3.0545,3.7157,0,0,0,0,3.0545,7.4314,0,89.514,0,0,0,0,0,0,0,0,0,1,0,0,1,0,0,0,0,1,0,0,0
0,0,0,0,0,88.443,5.7786,5.7786,0,0,0,0,0,0,0,5.7786,88.443,0,0,5.7786,0,0,0,5.7786,5.7786,0,0,88.443,0,0,0,0,0,0,0,0,0,1,0,0,1,0,0,0,0,1,0,0,0
0,0,0,0,0,100,0,0,0,0,0,0,0,0,0,0,100,0,0,0,0,0,0,0,0,0,0,100,0,0,0,0,0,0,0,0,0,1,0,0,1,0,0,0,0,1,0,0,0
0,0,0,0,0,100,0,0,0,0,0,0,0,0,0,0,100,0,0,0,0,0,0,0,0,0,0,100,0,0,0,0,0,0,0,0,0,1,0,0,1,0,0,0,0,1,0,0,0
0,0,0,0,0,100,0,0,0,0,0,0,0,0,0,0,100,0,0,0,0,0,0,0,0,0,0,100,0,0,0,0,0,0,0,0,0,1,0,0,1,0,0,0,0,1,0,0,0
0,0,0,0,0,100,0,0,0,0,0,0,0,0,0,0,100,0,0,0,0,0,0,0,0,0,0,100,0,0,0,0,0,0,0,0,0,1,0,0,1,0,0,0,0,1,0,0,0
0,0,0,0,3.3114,96.689,0,0,0,0,0,0,3.3114,0,0,0,96.689,0,0,0,0,0,0,0,0,0,0,96.689,0,0,0,3.3114,0,0,0,0,0,1,0,0,1,0,0,0,0,1,0,0,0
0,0,0,0,25.329,74.671,0,0,0,0,0,0,9.6617,0,0,0,65.009,9.6617,0,15.668,0,0,0,0,0,0,0,74.671,0,0,0,25.329,0,0,0,0,0,1,0,0,1,0,0,0,0,1,0,0,0
0,0,0,0,2.3123,97.688,0,0,0,0,0,0,2.3123,0,0,0,97.688,0,0,0,0,0,0,0,0,0,0,97.688,0,0,0,2.3123,0,0,0,0,0,1,0,0,1,0,0,0,0,1,0,0,0
0,0,0,0,0,65.261,23.566,11.172,0,0,0,0,0,4.9997,0,16.052,60.381,0,7.394,11.172,0,0,0,11.172,13.686,9.8798,4.88,60.381,0,0,0,0,0,0,0,0.015152,0.075758,0.90909,0,0,1,0,0,0,0,1,0,0,0
0,0,0,0,0,65.488,28.545,5.9678,0,0,0,0,0,6.0105,0,22.491,48.964,5.2779,0,17.256,0,0,0,5.9678,5.2779,17.989,16.524,54.242,0,0,0,0,0,0,0,0,0,1,0,0,1,0,0,0,0,1,0,0,0
0,0,0,0,30.729,48.273,12.559,8.4395,0,0,0,0,15.365,0,0,16.231,29.236,15.365,0,23.804,0,0,0,8.4395,4.7674,3.6721,7.7912,44.601,0,0,0,30.729,0,0.44444,0,0.11111,0.22222,0.22222,0,0,1,0,0,0,0,1,0,0,0
0,0,0,0,11.259,65.913,22.828,0,0,0,0,0,6.6044,0,0,22.828,43.085,11.414,0,16.068,0,0,0,0,11.414,0,22.828,54.499,0,0,0,11.259,0,0,0.022222,0.022222,0.48889,0.46667,0,0,1,0,0,0,0,1,0,0,0
0,0,0,0,0,65.542,28.992,5.4659,0,0,0,0,0,4.2694,0,20.453,58.095,3.7235,0,13.459,0,0,0,5.4659,9.1894,8.5388,14.987,61.819,0,0,0,0,0,1,0,0,0,0,0,0,1,0,0,0,0,1,0,0,0
0,0,0,0,0,74.826,17.074,8.1001,0,0,0,0,0,0,0,25.174,57.752,4.487,0,12.587,0,0,0,8.1001,4.487,8.1001,17.074,62.239,0,0,0,0,0,1,0,0,0,0,0,0,1,0,0,0,0,1,0,0,0
0,0,0,0,0,100,0,0,0,0,0,0,0,0,0,0,100,0,0,0,0,0,0,0,0,0,0,100,0,0,0,0,0,0,0,0,0,1,0,0,1,0,0,0,0,1,0,0,0
0,0,0,0,21.31,78.69,0,0,0,0,0,0,13.916,0,0,0,71.296,7.394,0,7.394,0,0,0,0,0,0,0,78.69,0,0,0,21.31,0,0,0,0,0,1,0,0,1,0,0,0,0,1,0,0,0
0,0,0,0,8.5267,91.473,0,0,0,0,0,0,0,0,0,0,91.473,0,0,8.5267,0,0,0,0,0,0,0,91.473,0,0,0,8.5267,0,0,0,0,0,1,0,0,1,0,0,0,0,1,0,0,0
0,0,0,0,0,91.801,8.1994,0,0,0,0,0,0,0,0,0,91.801,0,8.1994,0,0,0,0,0,8.1994,0,0,91.801,0,0,0,0,0,0,0,0,0,1,0,0,1,0,0,0,0,1,0,0,0
0,0,0,0,0,74.562,25.438,0,0,0,0,0,0,8.7324,0,15.946,66.589,0,5.3659,3.3665,0,0,0,0,13.339,12.099,0,74.562,0,0,0,0,0,0,0,0,0,1,0,0,1,0,0,0,0,1,0,0,0
0,0,0,0,0,79.94,20.06,0,0,0,0,0,0,0,0,28.833,36.766,28.833,5.5686,0,0,0,0,0,20.06,0,0,79.94,0,0,0,0,0,0,0,0,0.011628,0.98837,0,0,1,0,0,0,0,1,0,0,0
0,0,0,0,0,84.903,15.097,0,0,0,0,0,0,5.4634,0,0,79.867,5.036,4.1701,5.4634,0,0,0,0,4.1701,10.927,0,84.903,0,0,0,0,0,0.77215,0.012658,0.037975,0.075949,0.10127,0,0,1,0,0,0,0,1,0,0,0
0,0,0,0,0,79.644,20.356,0,0,0,0,0,0,6.1212,0,8.1134,71.531,8.1134,6.1212,0,0,0,0,0,14.235,6.1212,0,79.644,0,0,0,0,0,0.99115,0,0,0.0088496,0,0,0,1,0,0,0,0,1,0,0,0
0,0,0,0,0,76.862,20.032,3.106,0,0,0,0,0,6.7145,0,9.7088,73.756,0,6.7145,3.106,0,0,0,3.106,6.7145,9.8205,6.6028,73.756,0,0,0,0,0,0.88732,0,0,0.070423,0.042254,0,0,1,0,0,0,0,1,0,0,0
0,0,0,0,0,92.072,7.9276,0,0,0,0,0,0,0,0,7.9276,92.072,0,0,0,0,0,0,0,0,0,7.9276,92.072,0,0,0,0,0,1,0,0,0,0,0,0,1,0,0,0,0,1,0,0,0
0,0,0,0,0,100,0,0,0,0,0,0,0,0,0,0,93.489,6.5108,0,0,0,0,0,0,0,0,0,100,0,0,0,0,0,0.91765,0,0,0.058824,0.023529,0,0,1,0,0,0,0,1,0,0,0
0,0,0,0,0,100,0,0,0,0,0,0,0,0,0,0,100,0,0,0,0,0,0,0,0,0,0,100,0,0,0,0,0,0.88889,0,0.037037,0.037037,0.037037,0,0,1,0,0,0,0,1,0,0,0
0,0,0,0,0,100,0,0,0,0,0,0,0,0,0,0,100,0,0,0,0,0,0,0,0,0,0,100,0,0,0,0,0,0,0,0,0,1,0,0,1,0,0,0,0,1,0,0,0
0,0,0,0,0,100,0,0,0,0,0,0,0,0,0,0,94.155,5.845,0,0,0,0,0,0,0,0,0,100,0,0,0,0,0,0.85567,0,0.030928,0.082474,0.030928,0,0,1,0,0,0,0,1,0,0,0
0,0,0,0,0,100,0,0,0,0,0,0,0,0,0,0,100,0,0,0,0,0,0,0,0,0,0,100,0,0,0,0,0,0.98901,0,0,0,0.010989,0,0,1,0,0,0,0,1,0,0,0
0,0,0,0,0,100,0,0,0,0,0,0,0,0,0,0,100,0,0,0,0,0,0,0,0,0,0,100,0,0,0,0,0,1,0,0,0,0,0,0,1,0,0,0,0,1,0,0,0
0,0,0,0,0,100,0,0,0,0,0,0,0,0,0,0,100,0,0,0,0,0,0,0,0,0,0,100,0,0,0,0,0,0.89655,0,0.017241,0.068966,0.017241,0,0,1,0,0,0,0,1,0,0,0
0,0,0,0,0,100,0,0,0,0,0,0,0,0,0,0,100,0,0,0,0,0,0,0,0,0,0,100,0,0,0,0,0,0.88462,0,0.019231,0.019231,0.076923,0,0,1,0,0,0,0,1,0,0,0
0,0,0,0,0,100,0,0,0,0,0,0,0,0,0,0,100,0,0,0,0,0,0,0,0,0,0,100,0,0,0,0,0,1,0,0,0,0,0,0,1,0,0,0,0,1,0,0,0
0,0,0,0,0,100,0,0,0,0,0,0,0,0,0,0,100,0,0,0,0,0,0,0,0,0,23.5,76.5,0,0,0,0,0,0,0,0,0,1,0,0,1,0,0,0,0,1,0,0,0
0,0,0,0,0,100,0,0,0,0,0,0,0,0,0,0,100,0,0,0,0,0,0,0,0,0,0,100,0,0,0,0,0,0,0,0,0,1,0,0,1,0,0,0,0,1,0,0,0
0,0,0,0,0,100,0,0,0,0,0,0,0,0,0,0,100,0,0,0,0,0,0,0,0,0,0,100,0,0,0,0,0,0,0,0,0,1,0,0,1,0,0,0,0,1,0,0,0
0,0,0,0,0,100,0,0,0,0,0,0,0,0,0,9.7472,90.253,0,0,0,0,0,0,0,0,0,0,100,0,0,0,0,0,0,0,0,0,1,0,0,1,0,0,0,0,1,0,0,0
0,0,0,0,0,100,0,0,0,0,0,0,0,0,0,19.522,64.481,15.997,0,0,0,0,0,0,0,0,11.277,88.723,0,0,0,0,0,0,0,0,0,1,0,0,1,0,0,0,0,1,0,0,0
0,0,0,0,0,100,0,0,0,0,0,0,0,0,0,16.476,50.571,32.953,0,0,0,0,0,0,0,0,16.476,83.524,0,0,0,0,0,0,0,0,0,1,0,0,1,0,0,0,0,1,0,0,0
0,0,0,0,7.373,92.627,0,0,0,0,0,0,0,0,0,6.8267,63.495,29.678,0,0,0,0,0,0,0,0,22.851,69.775,0,7.373,0,0,0,0,0,0,0,1,0,0,1,0,0,0,0,1,0,0,0
0,0,0,0,0,100,0,0,0,0,0,0,0,0,0,14.43,42.532,43.038,0,0,0,0,0,0,0,0,14.43,85.57,0,0,0,0,0,0,0,0,0,1,0,0,1,0,0,0,0,1,0,0,0
0,0,0,0,22.56,77.44,0,0,0,0,0,0,0,0,0,0,77.44,22.56,0,0,0,0,0,0,0,0,0,77.44,0,22.56,0,0,0,0,0,0,0.23404,0.76596,0,0,1,0,0,0,0,1,0,0,0
0,0,0,0,23.502,76.498,0,0,0,0,0,0,0,0,0,0,82.773,17.227,0,0,0,0,0,0,0,0,0,76.498,0,23.502,0,0,0,0,0,0,0.17333,0.82667,0,0,1,0,0,0,0,1,0,0,0
0,0,0,0,9.036,81.928,9.036,0,0,0,0,0,0,9.036,0,0,66.731,24.233,0,0,0,0,0,0,0,9.036,9.036,72.892,0,9.036,0,0,0,0,0,0,0,1,0,0,1,0,0,0,0,1,0,0,0
0,0,0,0,6.3958,93.604,0,0,0,0,0,0,0,0,0,12.792,74.417,12.792,0,0,0,0,0,0,0,0,12.792,80.812,0,6.3958,0,0,0,0,0,0,0.041322,0.95868,0,0,1,0,0,0,0,1,0,0,0
0,0,0,0,17.535,48.29,21.347,0,0,9.878,2.9493,0,0,4.7531,0,15.777,42.223,34.298,2.9493,0,0,0,0,0,0,4.7531,33.357,31.528,2.9493,27.413,0,0,0,0,0,0,0,1,0,0,1,0,0,0,0,1,0,0,1
0,0,0,0,3.072,96.928,0,0,0,0,0,0,0,0,0,0,96.928,0,0,3.072,0,0,0,0,0,0,0,96.928,0,0,0,3.072,0,0,0,0,0,1,0,0,1,0,0,0,0,1,0,0,0
0,0,0,0,0,100,0,0,0,0,0,0,0,0,0,0,100,0,0,0,0,0,0,0,0,0,0,100,0,0,0,0,0,0,0,0,0,1,0,0,1,0,0,0,0,1,0,0,0
0,0,0,0,2.0465,97.953,0,0,0,0,0,0,0,0,0,0,97.953,0,0,2.0465,0,0,0,0,0,0,0,97.953,0,0,0,2.0465,0,0,0,0,0,1,0,0,1,0,0,0,0,1,0,0,0
0,0,0,0,0,100,0,0,0,0,0,0,0,0,0,0,100,0,0,0,0,0,0,0,0,0,0,100,0,0,0,0,0,0,0,0,0,1,0,0,1,0,0,0,0,1,0,0,0
0,0,0,0,2.4961,97.504,0,0,0,0,0,0,0,0,0,0,97.504,0,0,2.4961,0,0,0,0,0,0,0,97.504,0,0,0,2.4961,0,0,0,0,0,1,0,0,1,0,0,0,0,1,0,0,0
0,0,0,0,0,100,0,0,0,0,0,0,0,0,0,0,100,0,0,0,0,0,0,0,0,0,0,100,0,0,0,0,0,0,0,0,0,1,0,0,1,0,0,0,0,1,0,0,0
0,0,0,0,0,100,0,0,0,0,0,0,0,0,0,0,100,0,0,0,0,0,0,0,0,0,0,100,0,0,0,0,0,0,0,0,0,1,0,0,1,0,0,0,0,1,0,0,0
0,0,0,0,0,100,0,0,0,0,0,0,0,0,0,0,100,0,0,0,0,0,0,0,0,0,0,100,0,0,0,0,0,0,0,0,0,1,0,0,1,0,0,0,0,1,0,0,0
0,0,0,0,0,100,0,0,0,0,0,0,0,0,0,0,100,0,0,0,0,0,0,0,0,0,0,100,0,0,0,0,0,0,0,0,0,1,0,0,1,0,0,0,0,1,0,0,0
0,0,0,0,0,100,0,0,0,0,0,0,0,0,0,0,100,0,0,0,0,0,0,0,0,0,0,100,0,0,0,0,0,0,0,0,0,1,0,0,1,0,0,0,0,1,0,0,0
0,0,0,0,0,100,0,0,0,0,0,0,0,0,0,0,100,0,0,0,0,0,0,0,0,0,0,100,0,0,0,0,0,0,0,0,0,1,0,0,1,0,0,0,0,1,0,0,0
0,0,0,0,0,100,0,0,0,0,0,0,0,0,0,0,100,0,0,0,0,0,0,0,0,0,0,100,0,0,0,0,0,0,0,0,0,1,0,0,1,0,0,0,0,1,0,0,0
0,0,0,0,0,100,0,0,0,0,0,0,0,0,0,0,100,0,0,0,0,0,0,0,0,0,0,100,0,0,0,0,0,0,0,0,0,1,0,0,1,0,0,0,0,1,0,0,0
0,0,0,0,0,100,0,0,0,0,0,0,0,0,0,0,100,0,0,0,0,0,0,0,0,0,0,100,0,0,0,0,0,0,0,0,0,1,0,0,1,0,0,0,0,1,0,0,0
0,0,0,0,0,100,0,0,0,0,0,0,0,0,0,0,100,0,0,0,0,0,0,0,0,0,0,100,0,0,0,0,0,0,0,0,0,1,0,0,1,0,0,0,0,1,0,0,0
0,0,0,0,0,100,0,0,0,0,0,0,0,0,0,0,100,0,0,0,0,0,0,0,0,0,0,100,0,0,0,0,0,0,0,0,0,1,0,0,1,0,0,0,0,1,0,0,0
0,0,0,0,0,100,0,0,0,0,0,0,0,0,0,0,100,0,0,0,0,0,0,0,0,0,0,100,0,0,0,0,0,1,0,0,0,0,0,0,1,0,0,0,0,1,0,0,0
0,0,0,0,0,100,0,0,0,0,0,0,0,0,0,0,100,0,0,0,0,0,0,0,0,0,0,100,0,0,0,0,0,1,0,0,0,0,0,0,1,0,0,0,0,1,0,0,0
0,0,0,0,0,100,0,0,0,0,0,0,0,0,0,0,100,0,0,0,0,0,0,0,0,0,0,100,0,0,0,0,0,0,0,0,0,1,0,0,1,0,0,0,0,1,0,0,0
0,0,0,0,0,100,0,0,0,0,0,0,0,0,0,0,100,0,0,0,0,0,0,0,0,0,0,100,0,0,0,0,0,0,0,0,0,1,0,0,1,0,0,0,0,1,0,0,0
0,0,0,0,0,100,0,0,0,0,0,0,0,0,0,0,100,0,0,0,0,0,0,0,0,0,0,100,0,0,0,0,0,1,0,0,0,0,0,0,1,0,0,0,0,1,0,0,0
0,0,0,0,0,100,0,0,0,0,0,0,0,0,0,0,100,0,0,0,0,0,0,0,0,0,0,100,0,0,0,0,0,0,0,0,0,1,0,0,1,0,0,0,0,1,0,0,0
0,0,0,0,0,100,0,0,0,0,0,0,0,0,0,0,100,0,0,0,0,0,0,0,0,0,0,100,0,0,0,0,0,0,0,0,0,1,0,0,1,0,0,0,0,1,0,0,0
0,0,0,0,0,100,0,0,0,0,0,0,0,0,0,0,100,0,0,0,0,0,0,0,0,0,0,100,0,0,0,0,0,0,0,0,0,1,0,0,1,0,0,0,0,1,0,0,0
0,0,0,0,0,100,0,0,0,0,0,0,0,0,0,0,100,0,0,0,0,0,0,0,0,0,0,100,0,0,0,0,0,0,0,0,0,1,0,0,1,0,0,0,0,1,0,0,0
0,0,0,0,0,100,0,0,0,0,0,0,0,0,0,0,100,0,0,0,0,0,0,0,0,0,0,100,0,0,0,0,0,0.69811,0,0.037736,0.15094,0.11321,0,0,1,0,0,0,0,1,0,0,0
0,0,0,0,0,100,0,0,0,0,0,0,0,0,0,0,100,0,0,0,0,0,0,0,0,0,0,100,0,0,0,0,0,0.79487,0,0.025641,0.15385,0.025641,0,0,1,0,0,0,0,1,0,0,0
0,0,0,5.1249,0,94.875,0,0,0,0,0,0,0,0,5.1249,0,94.875,0,0,0,0,0,0,0,0,0,0,94.875,0,0,0,0,5.1249,1,0,0,0,0,0,0,1,0,0,0,0,1,0,0,0
0,0,0,0,9.1298,90.87,0,0,0,0,0,0,0,0,0,9.1298,90.87,0,0,0,0,0,0,0,0,0,0,90.87,0,0,0,0,9.1298,0,0,0,0,1,0,0,1,0,0,0,0,1,0,0,0
0,0,0,11.973,0,88.027,0,0,0,0,0,0,0,0,11.973,0,88.027,0,0,0,0,0,0,0,0,0,0,88.027,0,0,0,0,11.973,1,0,0,0,0,0,0,1,0,0,0,0,1,0,0,0
0,0,0,7.8004,7.8004,84.399,0,0,0,0,0,0,0,0,7.8004,7.8004,76.599,0,0,0,7.8004,0,0,0,0,0,0,76.599,0,0,0,7.8004,15.601,1,0,0,0,0,0,0,1,0,0,0,0,1,0,0,0
0,0,0,0,3.9857,96.014,0,0,0,0,0,0,0,0,0,3.9857,89.22,0,0,0,6.7944,0,0,0,0,0,0,89.22,0,0,0,6.7944,3.9857,0,0,0,0,1,0,0,1,0,0,0,0,1,0,0,0
0,0,0,8.891,9.8903,81.219,0,0,0,0,0,0,0,0,8.891,9.8903,72.777,0,0,0,8.4414,0,0,0,0,0,0,72.777,0,0,0,8.4414,18.781,0,0,0,0,1,0,0,1,0,0,0,0,1,0,0,0
0,0,0,0,0,100,0,0,0,0,0,0,0,0,0,0,100,0,0,0,0,0,0,0,0,0,0,100,0,0,0,0,0,0,0,0,0,1,0,0,1,0,0,0,0,1,0,0,0
0,0,0,0,0,100,0,0,0,0,0,0,0,0,0,0,100,0,0,0,0,0,0,0,0,0,0,100,0,0,0,0,0,0,0,0,0,1,0,0,1,0,0,0,0,1,0,0,0
0,0,0,0,0,100,0,0,0,0,0,0,0,0,0,0,100,0,0,0,0,0,0,0,0,0,0,100,0,0,0,0,0,0,0,0,0,1,0,0,1,0,0,0,0,1,0,0,0
0,0,0,0,0,100,0,0,0,0,0,0,0,0,0,0,100,0,0,0,0,0,0,0,0,0,0,100,0,0,0,0,0,0,0,0,0,1,0,0,1,0,0,0,0,1,0,0,0
0,0,0,0,0,100,0,0,0,0,0,0,0,0,0,0,100,0,0,0,0,0,0,0,0,0,0,100,0,0,0,0,0,0,0,0,0,1,0,0,1,0,0,0,0,1,0,0,0
0,0,0,0,0,100,0,0,0,0,0,0,0,0,0,0,100,0,0,0,0,0,0,0,0,0,0,100,0,0,0,0,0,0,0,0,0,1,0,0,1,0,0,0,0,1,0,0,0
0,0,0,0,0,100,0,0,0,0,0,0,0,0,0,0,100,0,0,0,0,0,0,0,0,0,0,100,0,0,0,0,0,0,0,0,0,1,0,0,1,0,0,0,0,1,0,0,0
0,0,0,0,0,100,0,0,0,0,0,0,0,0,0,0,100,0,0,0,0,0,0,0,0,0,0,100,0,0,0,0,0,0,0,0,0,1,0,0,1,0,0,0,0,1,0,0,0
0,0,0,8.4818,8.4818,83.036,0,0,0,0,0,0,0,0,8.4818,8.4818,67.05,0,0,0,15.986,0,0,0,0,0,0,67.05,0,0,0,15.986,16.964,0,0,0,0,1,0,0,1,0,0,0,0,1,0,0,0
0,0,0,7.3751,15.02,77.605,0,0,0,0,0,0,0,0,7.3751,15.02,70.23,0,0,0,7.3751,0,0,0,0,0,0,70.23,0,0,0,7.3751,22.395,0,0,0,0,1,0,0,1,0,0,0,0,1,0,0,0
0,0,0,0,0,100,0,0,0,0,0,0,0,0,0,0,90.931,0,0,0,9.0694,0,0,0,0,0,0,90.931,0,0,0,9.0694,0,0,0,0,0,1,0,0,1,0,0,0,0,1,0,0,0
0,0,0,0,0,100,0,0,0,0,0,0,0,0,0,0,100,0,0,0,0,0,0,0,0,0,0,100,0,0,0,0,0,0,0,0,0,1,0,0,1,0,0,0,0,1,0,0,0
0,0,0,0,0,100,0,0,0,0,0,0,0,0,0,0,100,0,0,0,0,0,0,0,0,0,0,100,0,0,0,0,0,0,0,0,0,1,0,0,1,0,0,0,0,1,0,0,0
0,0,0,0,0,100,0,0,0,0,0,0,0,0,0,0,100,0,0,0,0,0,0,0,0,0,0,100,0,0,0,0,0,0,0,0,0,1,0,0,1,0,0,0,0,1,0,0,0
0,0,0,0,0,100,0,0,0,0,0,0,0,0,0,0,100,0,0,0,0,0,0,0,0,0,0,100,0,0,0,0,0,0,0,0,0,1,0,0,1,0,0,0,0,1,0,0,0
0,0,0,0,0,100,0,0,0,0,0,0,0,0,0,0,100,0,0,0,0,0,0,0,0,0,0,100,0,0,0,0,0,0,0,0,0,1,0,0,1,0,0,0,0,1,0,0,0
0,0,0,0,0,100,0,0,0,0,0,0,0,0,0,0,100,0,0,0,0,0,0,0,0,0,0,100,0,0,0,0,0,0,0,0,0,1,0,0,1,0,0,0,0,1,0,0,0
0,0,0,0,0,100,0,0,0,0,0,0,0,0,0,0,100,0,0,0,0,0,0,0,0,0,0,100,0,0,0,0,0,0,0,0,0,1,0,0,1,0,0,0,0,1,0,0,0
0,0,0,0,0,100,0,0,0,0,0,0,0,0,0,0,100,0,0,0,0,0,0,0,0,0,0,100,0,0,0,0,0,0,0,0,0,1,0,0,1,0,0,0,0,1,0,0,0
0,0,0,0,0,100,0,0,0,0,0,0,0,0,0,0,100,0,0,0,0,0,0,0,0,0,0,100,0,0,0,0,0,0,0,0,0,1,0,0,1,0,0,0,0,1,0,0,0
0,0,0,0,0,100,0,0,0,0,0,0,0,0,0,0,100,0,0,0,0,0,0,0,0,0,0,100,0,0,0,0,0,0,0,0,0,1,0,0,1,0,0,0,0,1,0,0,0
0,0,0,0,0,100,0,0,0,0,0,0,0,0,0,2.7866,97.213,0,0,0,0,0,0,0,0,0,0,100,0,0,0,0,0,0,0,0,0,1,0,0,1,0,0,0,0,1,0,0,0
0,0,0,0,0,100,0,0,0,0,0,0,0,0,0,0,100,0,0,0,0,0,0,0,0,0,0,100,0,0,0,0,0,0,0,0,0,1,0,0,1,0,0,0,0,1,0,0,0
0,0,0,0,0,100,0,0,0,0,0,0,0,0,0,0,100,0,0,0,0,0,0,0,0,0,0,100,0,0,0,0,0,0,0,0,0,1,0,0,1,0,0,0,0,1,0,0,0
0,0,0,0,0,100,0,0,0,0,0,0,0,0,0,0,100,0,0,0,0,0,0,0,0,0,0,100,0,0,0,0,0,0,0,0,0,1,0,0,1,0,0,0,0,1,0,0,0
0,0,0,0,0,100,0,0,0,0,0,0,0,0,0,0,100,0,0,0,0,0,0,0,0,0,0,100,0,0,0,0,0,0,0,0,0,1,0,0,1,0,0,0,0,1,0,0,0
0,0,0,0,0,100,0,0,0,0,0,0,0,0,0,0,100,0,0,0,0,0,0,0,0,0,0,100,0,0,0,0,0,0,0,0,0,1,0,0,1,0,0,0,0,1,0,0,0
0,0,0,0,0,100,0,0,0,0,0,0,0,0,0,0,100,0,0,0,0,0,0,0,0,0,0,100,0,0,0,0,0,0,0,0,0,1,0,0,1,0,0,0,0,1,0,0,0
0,0,0,0,0,100,0,0,0,0,0,0,0,0,0,0,100,0,0,0,0,0,0,0,0,0,0,100,0,0,0,0,0,0,0,0,0,1,0,0,1,0,0,0,0,1,0,0,0
0,0,0,0,0,100,0,0,0,0,0,0,0,0,0,0,100,0,0,0,0,0,0,0,0,0,0,100,0,0,0,0,0,0,0,0,0,1,0,0,1,0,0,0,0,1,0,0,0
0,0,0,0,0,100,0,0,0,0,0,0,0,0,0,0,100,0,0,0,0,0,0,0,0,0,0,100,0,0,0,0,0,0,0,0,0,1,0,0,1,0,0,0,0,1,0,0,0
0,0,0,0,0,100,0,0,0,0,0,0,0,0,0,0,100,0,0,0,0,0,0,0,0,0,0,100,0,0,0,0,0,0,0,0,0,1,0,0,1,0,0,0,0,1,0,0,0
0,0,0,0,0,100,0,0,0,0,0,0,0,0,0,0,100,0,0,0,0,0,0,0,0,0,0,100,0,0,0,0,0,0,0,0,0,1,0,0,1,0,0,0,0,1,0,0,0
0,0,0,0,0,100,0,0,0,0,0,0,0,0,0,0,100,0,0,0,0,0,0,0,0,0,0,100,0,0,0,0,0,0,0,0,0,1,0,0,1,0,0,0,0,1,0,0,0
0,0,0,0,0,100,0,0,0,0,0,0,0,0,0,0,100,0,0,0,0,0,0,0,0,0,0,100,0,0,0,0,0,0,0,0,0,1,0,0,1,0,0,0,0,1,0,0,0
0,0,0,0,0,100,0,0,0,0,0,0,0,0,0,0,100,0,0,0,0,0,0,0,0,0,0,100,0,0,0,0,0,0,0,0,0,1,0,0,1,0,0,0,0,1,0,0,0
0,0,0,0,0,100,0,0,0,0,0,0,0,0,0,0,100,0,0,0,0,0,0,0,0,0,0,100,0,0,0,0,0,0,0,0,0,1,0,0,1,0,0,0,0,1,0,0,0
0,0,0,0,0,100,0,0,0,0,0,0,0,0,0,0,100,0,0,0,0,0,0,0,0,0,0,100,0,0,0,0,0,0,0,0,0,1,0,0,1,0,0,0,0,1,0,0,0
0,0,0,0,0,100,0,0,0,0,0,0,0,0,0,0,100,0,0,0,0,0,0,0,0,0,0,100,0,0,0,0,0,0,0,0,0,1,0,0,1,0,0,0,0,1,0,0,0
0,0,0,0,0,100,0,0,0,0,0,0,0,0,0,0,100,0,0,0,0,0,0,0,0,0,0,100,0,0,0,0,0,0,0,0,0,1,0,0,1,0,0,0,0,1,0,0,0
0,0,0,0,0,100,0,0,0,0,0,0,0,0,0,0,100,0,0,0,0,0,0,0,0,0,0,100,0,0,0,0,0,0,0,0,0,1,0,0,1,0,0,0,0,1,0,0,0
0,0,0,0,0,100,0,0,0,0,0,0,0,0,0,0,100,0,0,0,0,0,0,0,0,0,0,100,0,0,0,0,0,0,0,0,0,1,0,0,1,0,0,0,0,1,0,0,0
0,0,0,0,0,100,0,0,0,0,0,0,0,0,0,0,100,0,0,0,0,0,0,0,0,0,0,100,0,0,0,0,0,0,0,0,0,1,0,0,1,0,0,0,0,1,0,0,0
0,0,0,0,0,100,0,0,0,0,0,0,0,0,0,0,100,0,0,0,0,0,0,0,0,0,0,100,0,0,0,0,0,0,0,0,0,1,0,0,1,0,0,0,0,1,0,0,0
0,0,0,0,0,100,0,0,0,0,0,0,0,0,0,0,100,0,0,0,0,0,0,0,0,0,0,100,0,0,0,0,0,0,0,0,0,1,0,0,1,0,0,0,0,1,0,0,0
0,0,0,0,0,100,0,0,0,0,0,0,0,0,0,0,100,0,0,0,0,0,0,0,0,0,0,100,0,0,0,0,0,0,0,0,0,1,0,0,1,0,0,0,0,1,0,0,0
0,0,0,0,0,100,0,0,0,0,0,0,0,0,0,0,100,0,0,0,0,0,0,0,0,0,0,100,0,0,0,0,0,0,0,0,0,1,0,0,1,0,0,0,0,1,0,0,0
0,0,0,0,19.502,76.099,4.3987,0,0,0,0,0,0,0,4.3987,7.3307,54.107,34.163,0,0,0,0,0,4.3987,0,0,14.661,61.438,19.502,0,0,0,0,0.95775,0,0.014085,0.028169,0,0,0,1,0,0,0,0,1,0,0,0
0,0,0,0,38.614,56.458,4.9281,0,0,0,0,0,0,0,20.241,3.0602,41.146,35.553,0,0,0,0,0,4.9281,0,0,15.313,41.146,35.553,3.0602,0,0,0,0.19298,0.017544,0.017544,0.035088,0.73684,0,0,1,0,0,0,0,1,0,0,0
0,0,0,0,44.713,35.86,19.427,0,0,0,0,0,0,0,9.681,12.675,19.427,26.114,32.103,0,0,0,0,0,0,19.427,22.356,13.503,32.037,12.675,0,0,0,0.15385,0,0.051282,0.12821,0.66667,0,0,1,0,0,0,0,1,0,0,0
0,0,0,0,16.565,78.112,5.3233,0,0,0,0,0,0,0,6.2665,23.233,27.718,31.193,11.59,0,0,0,0,0,0,5.3233,25.87,45.976,18.8,4.0319,0,0,0,0.88542,0.010417,0.072917,0.03125,0,0,0,1,0,0,0,0,1,0,0,0
0,0,0,0,20.092,79.908,0,0,0,0,0,0,0,0,0,5.889,79.908,5.428,0,8.7752,0,0,8.7752,0,0,0,0,79.908,5.428,5.889,0,0,0,0,0,0,0,1,0,0,1,0,0,0,0,1,0,0,0
0,0,0,0,24.255,71.433,4.3117,0,0,0,0,0,0,0,5.6411,9.9528,65.792,4.3498,14.265,0,0,0,0,0,0,4.3117,4.3117,61.48,25.585,4.3117,0,0,0,0,0,0,0.013514,0.98649,0,0,1,0,0,0,0,1,0,0,0
0,0,0,0,33.582,52.515,13.904,0,0,0,0,0,0,0,7.0442,20.153,44.995,7.0442,20.763,0,0,0,0,0,0,13.904,6.8595,38.136,28.467,12.634,0,0,0,0.20339,0,0.067797,0.050847,0.67797,0,0,1,0,0,0,0,1,0,0,0
19.09,0,0,0,15.685,57.383,7.8423,0,0,0,0,0,0,0,0,27.538,36.477,20.3,15.685,0,0,0,0,0,0,7.8423,37.688,38.785,7.8423,7.8423,0,0,0,0,0,0,0,1,0,0,1,0,0,0,0,1,0,0,0
26.482,0,0,0,0,56.578,11.526,0,0,0,5.4139,0,0,0,0,8.6096,73.753,11.526,6.112,0,0,0,0,0,0,11.526,23.286,65.188,0,0,0,0,0,0,0,0,0,1,0,0,1,0,0,0,0,1,0,0,0
10.258,0,0,10.889,24.039,34.297,10.258,0,0,0,10.258,0,0,0,17.464,27.722,27.092,10.258,17.464,0,0,0,0,0,0,10.258,10.258,37.98,30.614,0,0,0,10.889,0.80282,0.0070423,0.021127,0.12676,0.042254,0,0,1,0,0,0,0,1,0,0,0
22.373,0,0,0,18.545,39.034,9.2727,0,0,0,10.775,0,0,0,9.2727,14.778,50.221,9.2727,9.2727,0,7.1831,0,0,7.1831,0,9.2727,11.187,53.812,18.545,0,0,0,0,0,0,0,0,1,0,0,1,0,0,0,0,1,0,0,0
0,0,0,0,0,100,0,0,0,0,0,0,0,0,0,0,100,0,0,0,0,0,0,0,0,0,0,100,0,0,0,0,0,0,0,0,0,1,0,0,1,0,0,0,0,1,0,0,0
0,0,0,0,4.066,95.934,0,0,0,0,0,0,0,0,0,13.409,86.591,0,0,0,0,0,0,0,0,0,0,86.591,9.3431,4.066,0,0,0,0,0,0,0,1,0,0,1,0,0,0,0,1,0,0,0
0,0,0,9.0912,26.838,64.071,0,0,0,0,0,0,0,0,17.965,17.965,46.106,0,17.965,0,0,0,0,0,0,0,0,55.197,35.712,0,0,0,9.0912,0,0,0,0,1,0,0,1,0,0,0,0,1,0,0,0
0,0,0,0,0,100,0,0,0,0,0,0,0,0,0,0,100,0,0,0,0,0,0,0,0,0,0,100,0,0,0,0,0,0,0,0,0,1,0,0,1,0,0,0,0,1,0,0,0
0,0,0,0,9.4453,90.555,0,0,0,0,0,0,0,0,0,9.4453,90.555,0,0,0,0,0,0,0,0,0,0,90.555,0,9.4453,0,0,0,0,0,0,0,1,0,0,1,0,0,0,0,1,0,0,0
0,0,0,0,17.712,73.696,8.5921,0,0,0,0,0,0,0,0,17.712,65.104,0,0,17.184,0,0,0,0,8.5921,0,0,65.104,0,26.304,0,0,0,0,0,0,0,1,0,0,1,0,0,0,0,1,0,0,0
0,0,0,12.554,16.267,52.09,14.417,0,0,0,4.6727,0,0,4.6727,18.584,20.94,31.15,0,12.554,7.427,4.6727,0,0,4.6727,15.774,10.703,9.3454,22.298,17.226,7.427,0,0,12.554,0,0,0,0.011236,0.98876,0,0,1,0,0,0,0,1,0,0,1
0,0,0,4.5892,0,57.494,16.068,0,0,0,21.849,0,0,4.5892,12.383,14.208,46.203,0,0,4.5892,18.029,0,0,18.029,19.272,3.2044,14.072,32.56,4.5892,0,0,3.685,4.5892,0.014706,0,0.029412,0.014706,0.94118,0,0,1,0,0,0,0,1,0,0,1
0,0,0,5.1453,8.2109,69.156,17.488,0,0,0,0,0,0,13.81,17.488,8.2109,46.68,0,0,13.81,0,0,0,8.6652,24.686,7.1976,0,32.285,5.1453,16.876,0,0,5.1453,0,0,0,0,1,0,0,1,0,0,0,0,1,0,0,1
0,0,0,6.6534,5.7314,53.262,30.753,0,0,0,3.5998,0,0,10.253,13.307,9.3312,45.393,0,0,18.116,3.5998,0,0,3.5998,27.154,3.5998,15.315,13.847,10.253,11.463,0,8.1155,6.6534,0,0,0,0,1,0,0,1,0,0,0,0,1,0,0,1
0,0,0,0,0,64.024,18.512,0,0,0,17.463,0,0,8.9756,0,11.805,64.586,0,0,0,14.634,0,0,14.634,9.5367,8.9756,27.488,20.854,8.9756,0,0,9.5367,0,0,0,0,0,1,0,0,1,0,0,0,0,1,0,0,1
0,6.5274,0,0,0,61.319,17.435,0,0,0,14.719,0,6.5274,3.6844,7.223,14.719,46.6,0,0,6.5274,14.719,0,0,14.719,20.973,17.435,18.403,18.258,3.6844,0,0,6.5274,0,0,0,0,0,1,0,0,1,0,0,0,0,1,0,0,1
31.923,0,0,0,0,68.077,0,0,0,0,0,0,0,0,0,15.961,84.039,0,0,0,0,0,0,0,0,0,15.961,84.039,0,0,0,0,0,0,0,0,0,1,0,0,1,0,0,0,0,1,0,0,0
17.045,0,0,0,0,57.677,5.5048,0,0,0,19.773,0,0,0,0,13.187,71.796,5.5048,0,0,9.5123,0,0,9.5123,0,5.5048,14.119,70.864,0,0,0,0,0,0,0,0,0,1,0,0,1,0,0,0,0,1,0,0,0
0,0,0,12.732,19.703,32.25,35.315,0,0,0,0,0,0,12.732,35.315,6.506,13.012,9.8517,9.8517,12.732,0,0,0,0,25.463,9.8517,0,13.012,38.941,0,0,0,12.732,0.11702,0,0.021277,0.06383,0.79787,0,0,1,0,0,0,0,1,0,0,0
15.174,0,0,0,0,64.489,8.306,0,0,0,12.03,0,0,4.3461,0,17.637,65.986,3.9599,0,0,8.0703,0,0,8.0703,0,8.306,21.984,57.294,4.3461,0,0,0,0,0,0,0,0.051282,0.94872,0,0,1,0,0,0,0,1,0,0,0
0,0,0,0,0,60.53,0,0,0,7.6766,31.794,0,0,6.8386,0,0,62.749,0,23.573,6.8386,0,0,0,6.8386,0,0,0,54.529,8.2202,22.192,8.2202,0,0,0,0,0,0,1,0,0,1,0,0,0,0,1,0,0,0
1.9422,0,0,0,9.1721,26.083,2.2588,0,0,10.978,49.566,0,4.5177,8.8554,4.201,8.8554,56.033,0,15.279,2.2588,0,0,1.9422,0,2.2588,0,1.9422,35.783,11.078,20.603,24.134,0,2.2588,0,0,0,0,1,0,0,1,0,0,0,0,1,0,0,0
1.3554,0,0,0,8.2176,23.21,9.6345,0,0,41.161,16.421,0,17.852,2.7723,9.573,1.3554,36.897,1.4169,21.916,8.2176,0,0,1.3554,0,8.2176,1.4169,1.3554,27.373,2.7229,37.107,12.234,0,8.2176,0.125,0,0.125,0.1875,0.5625,0,0,1,0,0,0,0,1,0,0,0
14.227,0,0,0,0,75.108,0,0,0,10.665,0,0,0,0,0,0,100,0,0,0,0,0,0,0,0,0,14.227,75.108,0,10.665,0,0,0,0,0,0,0,1,0,0,1,0,0,0,0,1,0,0,0
0,0,0,0,6.6303,72.263,6.6303,0,0,14.477,0,0,0,0,0,0,100,0,0,0,0,0,0,6.6303,0,0,0,72.263,0,14.477,6.6303,0,0,0,0,0,0,1,0,0,1,0,0,0,0,1,0,0,0
0,0,0,0,17.77,47.94,24.694,0,0,9.5959,0,0,0,0,0,0,100,0,0,0,0,0,0,24.694,0,0,0,47.94,0,9.5959,17.77,0,0,0,0,0.25,0.25,0.5,0,0,1,0,0,0,0,1,0,0,0
10.341,0,0,0,0,76.878,0,0,0,5.0036,7.7779,0,0,0,0,7.7631,87.052,0,0,0,5.1852,0,0,5.1852,0,0,5.1704,84.641,0,5.0036,0,0,0,0,0,0,0,1,0,0,1,0,0,0,0,1,0,0,0
0,0,0,0,5.6147,74.881,5.6147,0,0,13.889,0,0,0,0,0,0,100,0,0,0,0,0,0,5.6147,0,0,0,74.881,0,13.889,5.6147,0,0,0,0,0,0,1,0,0,1,0,0,0,0,1,0,0,0
0,0,0,0,13.148,60.429,17.869,0,0,8.5538,0,0,0,0,0,0,100,0,0,0,0,0,0,17.869,0,0,0,60.429,0,8.5538,13.148,0,0,0,0,0,0.5,0.5,0,0,1,0,0,0,0,1,0,0,0
0,0,0,0,17.16,38.066,27.613,0,0,17.16,0,0,0,0,0,0,100,0,0,0,0,0,0,27.613,0,0,0,38.066,0,17.16,17.16,0,0,0,0,0,0,1,0,0,1,0,0,0,0,1,0,0,0
0,0,0,0,13.231,40.582,32.955,0,0,13.231,0,0,0,0,0,0,92.373,7.6267,0,0,0,0,0,32.955,0,0,0,40.582,0,13.231,13.231,0,0,0,0,0,0,1,0,0,1,0,0,0,0,1,0,0,0
0,0,0,0,28.201,41.006,15.396,0,0,15.396,0,0,0,0,0,0,100,0,0,0,0,0,0,15.396,0,0,0,41.006,0,15.396,28.201,0,0,0,0,0,0,1,0,0,1,0,0,0,0,1,0,0,0
0,0,0,0,0,100,0,0,0,0,0,0,0,0,0,0,100,0,0,0,0,0,0,0,0,0,0,100,0,0,0,0,0,0,0,0,0,1,0,0,1,0,0,0,0,1,0,0,0
0,0,0,0,38.771,38.771,11.229,0,0,11.229,0,0,0,0,0,0,100,0,0,0,0,0,0,11.229,0,0,0,38.771,0,24.532,25.468,0,0,0,0,0,0,1,0,0,1,0,0,0,0,1,0,0,0
0,0,0,0,0,100,0,0,0,0,0,0,0,0,0,0,100,0,0,0,0,0,0,0,0,0,0,100,0,0,0,0,0,0,0,0,0,1,0,0,1,0,0,0,0,1,0,0,0
0,0,0,0,0,70.013,0,0,0,20.185,9.8025,0,0,0,0,3.2675,90.197,0,0,0,6.535,0,0,6.535,0,0,0,73.28,0,20.185,0,0,0,0,0,0,0,1,0,0,1,0,0,0,0,1,0,0,0
0,0,0,0,7.9423,76.173,7.9423,0,0,7.9423,0,0,0,0,15.885,0,76.173,7.9423,0,0,0,0,0,7.9423,7.9423,0,0,60.289,7.9423,15.885,0,0,0,0,0,0,0,1,0,0,1,0,0,0,0,1,0,0,0
0,0,0,0,10.293,72.393,10.488,0,0,6.8258,0,0,0,0,11.432,5.5317,61.115,21.921,0,0,0,0,0,10.488,5.9007,5.5317,0,43.996,5.5317,17.119,0,11.432,0,0,0,0,0.45,0.55,0,0,1,0,0,0,0,1,0,0,0
9.061,9.061,0,0,5.7343,31.074,13.072,0,0,31.998,0,0,29.591,0,5.7343,0,44.145,0,5.7343,14.795,0,0,0,0,13.072,9.061,16.399,16.399,0,17.203,5.7343,7.3375,14.795,0.21951,0.02439,0.04878,0.70732,0,0,0,1,0,0,0,0,1,0,0,0
3.0732,5.6405,0,0,11.115,16.952,4.8222,0,0,6.805,51.592,0,9.0445,13.37,0.96203,12.077,40.659,1.2929,16.955,5.6405,0,0,0.96203,0,3.5293,6.9334,3.0732,14.9,12.408,28.4,24.154,3.5293,2.1112,0.97778,0,0.022222,0,0,0,0,1,0,0,0,0,1,0,0,0
25.507,11.094,0,0,4.1996,27.109,15.293,0,0,16.798,0,0,19.493,6.7228,4.1996,12.061,31.308,0,4.1996,22.016,0,0,6.7228,0,27.354,11.094,6.7228,16.015,0,12.599,4.1996,11.094,4.1996,0,0,0,1,0,0,0,1,0,0,0,0,1,0,0,0
0,0,0,0,3.3423,89.973,3.3423,0,0,3.3423,0,0,0,0,29.023,5.4249,34.447,31.105,0,0,0,0,0,3.3423,25.68,5.4249,0,33.188,3.3423,6.6846,0,22.338,0,0,0.0625,0,0.1875,0.75,0,0,1,0,0,0,0,1,0,0,0
0,0,0,0,10.216,61.535,18.033,0,0,10.216,0,0,0,0,28.921,0,52.374,18.705,0,0,0,0,0,18.033,18.705,0,0,24.124,10.216,20.432,0,8.4892,0,0,0,0,0,1,0,0,1,0,0,0,0,1,0,0,0
0,0,0,0,3.5426,84.139,8.7753,0,0,3.5426,0,0,0,0,29.282,22.196,17.551,30.972,0,0,0,0,0,8.7753,3.5426,22.196,0,10.465,25.739,7.0853,0,22.196,0,0,0,0,0,1,0,0,1,0,0,0,0,1,0,0,0
0,0,0,0,25.108,50.215,12.339,0,0,12.339,0,0,0,0,24.677,0,62.984,12.339,0,0,0,0,0,12.339,12.339,0,0,25.538,12.339,24.677,12.769,0,0,0,0,0,0,1,0,0,1,0,0,0,0,1,0,0,0
0,0,0,0,0,100,0,0,0,0,0,0,0,0,0,0,100,0,0,0,0,0,0,0,0,0,0,100,0,0,0,0,0,0,0,0,0,1,0,0,1,0,0,0,0,1,0,0,0
0,0,0,0,0,89.867,0,0,0,10.133,0,0,0,0,12.752,12.752,51.611,22.885,0,0,0,0,0,0,0,12.752,0,51.611,12.752,0,10.133,12.752,0,0,0,0,0,1,0,0,1,0,0,0,0,1,0,0,0
0,0,0,0,0,100,0,0,0,0,0,0,0,0,0,11.071,77.857,11.071,0,0,0,0,0,0,0,11.071,0,88.929,0,0,0,0,0,0,0,0,0,1,0,0,1,0,0,0,0,1,0,0,0
0,0,0,0,0,100,0,0,0,0,0,0,0,0,0,0,100,0,0,0,0,0,0,0,0,0,0,100,0,0,0,0,0,0,0,0,0,1,0,0,1,0,0,0,0,1,0,0,0
0,0,0,0,0,100,0,0,0,0,0,0,0,0,0,0,100,0,0,0,0,0,0,0,0,0,0,100,0,0,0,0,0,0,0,0,0,1,0,0,1,0,0,0,0,1,0,0,0
0,0,0,0,0,100,0,0,0,0,0,0,0,0,0,0,100,0,0,0,0,0,0,0,0,0,0,100,0,0,0,0,0,0,0,0,0,1,0,0,1,0,0,0,0,1,0,0,0
0,0,0,0,0,100,0,0,0,0,0,0,0,0,0,0,100,0,0,0,0,0,0,0,0,0,0,100,0,0,0,0,0,0,0,0,0,1,0,0,1,0,0,0,0,1,0,0,0
0,0,0,0,0,100,0,0,0,0,0,0,0,0,0,0,100,0,0,0,0,0,0,0,0,0,0,100,0,0,0,0,0,0,0,0,0,1,0,0,1,0,0,0,0,1,0,0,0
0,0,0,0,0,100,0,0,0,0,0,0,0,0,0,0,100,0,0,0,0,0,0,0,0,0,0,100,0,0,0,0,0,0,0,0,0,1,0,0,1,0,0,0,0,1,0,0,0
0,0,0,0,0,100,0,0,0,0,0,0,0,0,0,0,100,0,0,0,0,0,0,0,0,0,0,100,0,0,0,0,0,0,0,0,0,1,0,0,1,0,0,0,0,1,0,0,0
0,0,0,0,0,100,0,0,0,0,0,0,0,0,0,0,100,0,0,0,0,0,0,0,0,0,0,100,0,0,0,0,0,0,0,0,0,1,0,0,1,0,0,0,0,1,0,0,0
0,0,0,0,0,100,0,0,0,0,0,0,0,0,0,0,100,0,0,0,0,0,0,0,0,0,0,100,0,0,0,0,0,0,0,0,0,1,0,0,1,0,0,0,0,1,0,0,0
0,0,0,0,0,100,0,0,0,0,0,0,0,0,0,0,100,0,0,0,0,0,0,0,0,0,0,100,0,0,0,0,0,0,0,0,0,1,0,0,1,0,0,0,0,1,0,0,0
0,0,0,0,0,100,0,0,0,0,0,0,0,0,0,0,100,0,0,0,0,0,0,0,0,0,0,100,0,0,0,0,0,0,0,0,0,1,0,0,1,0,0,0,0,1,0,0,0
0,0,0,0,0,100,0,0,0,0,0,0,0,0,0,0,100,0,0,0,0,0,0,0,0,0,0,100,0,0,0,0,0,0,0,0,0,1,0,0,1,0,0,0,0,1,0,0,0
0,0,0,0,0,100,0,0,0,0,0,0,0,0,0,0,100,0,0,0,0,0,0,0,0,0,0,100,0,0,0,0,0,0,0,0,0,1,0,0,1,0,0,0,0,1,0,0,0
0,0,0,0,0,100,0,0,0,0,0,0,0,0,0,0,100,0,0,0,0,0,0,0,0,0,0,100,0,0,0,0,0,0,0,0,0,1,0,0,1,0,0,0,0,1,0,0,0
0,0,0,0,0,100,0,0,0,0,0,0,0,0,0,0,100,0,0,0,0,0,0,0,0,0,0,100,0,0,0,0,0,0,0,0,0,1,0,0,1,0,0,0,0,1,0,0,0
0,0,0,0,0,100,0,0,0,0,0,0,0,0,0,0,100,0,0,0,0,0,0,0,0,0,0,100,0,0,0,0,0,0,0,0,0,1,0,0,1,0,0,0,0,1,0,0,0
0,0,0,0,0,100,0,0,0,0,0,0,0,0,0,0,100,0,0,0,0,0,0,0,0,0,21.028,78.972,0,0,0,0,0,0,0,0,0,1,0,0,1,0,0,0,0,1,0,0,0
0,0,0,0,11.421,88.579,0,0,0,0,0,0,0,0,0,11.421,88.579,0,0,0,0,0,0,0,0,0,15.267,73.312,0,11.421,0,0,0,0,0,0,0,1,0,0,1,0,0,0,0,1,0,0,0
0,0,0,0,16.443,75.207,8.3503,0,0,0,0,0,0,8.3503,0,16.443,66.857,8.3503,0,0,0,0,0,8.3503,0,8.3503,8.3503,58.506,0,16.443,0,0,0,0,0,0,0,1,0,0,1,0,0,0,0,1,0,0,0
0,0,0,0,0,100,0,0,0,0,0,0,0,0,0,0,100,0,0,0,0,0,0,0,0,0,4.8495,95.151,0,0,0,0,0,0,0,0,0,1,0,0,1,0,0,0,0,1,0,0,0
0,0,0,0,18.861,81.139,0,0,0,0,0,0,0,9.4303,0,0,90.57,0,0,0,0,0,0,0,0,0,0,81.139,9.4303,0,9.4303,0,0,0,0,0,0,1,0,0,1,0,0,0,0,1,0,0,0
0,0,0,0,12.137,83.059,4.8038,0,0,0,0,0,0,4.8038,12.137,0,70.922,7.3335,0,0,4.8038,0,0,0,0,0,24.274,58.784,4.8038,4.8038,7.3335,0,0,0,0,0,0,1,0,0,1,0,0,0,0,1,0,0,0
0,0,0,0,14.841,73.424,5.8676,0,0,0,5.8676,0,0,9.7118,20.474,6.1023,45.261,8.7387,0,9.7118,0,0,0,9.7118,0,5.8676,23.345,36.523,0,15.814,8.7387,0,0,0,0,0,0,1,0,0,1,0,0,0,0,1,0,0,1
0,0,0,0,6.3496,25.304,12.652,0,0,30.998,24.696,0,0,6.3496,30.998,6.3496,18.954,6.3496,30.998,0,0,0,0,6.3496,0,6.3496,18.954,30.998,0,37.348,0,0,0,0,0,0,0,1,0,0,1,0,0,0,0,1,0,0,1
0,0,0,0,26.41,50,20.102,0,0,3.4873,0,0,0,21.513,11.598,8.5042,38.282,8.5042,3.4873,0,8.111,0,0,8.5042,0,8.5042,31.701,13.282,13.009,20.102,4.8975,0,0,0,0,0,0,1,0,0,1,0,0,0,0,1,0,0,1
0,0,0,0,0,44.848,27.576,0,0,17.272,10.304,0,0,0,37.88,0,44.848,0,17.272,0,0,0,0,0,0,10.304,44.848,27.576,0,17.272,0,0,0,0,0,0,0,1,0,0,1,0,0,0,0,1,0,0,1
0,0,0,0,0,100,0,0,0,0,0,0,0,0,0,0,100,0,0,0,0,0,0,0,0,0,0,100,0,0,0,0,0,0,0,0,0,1,0,0,1,0,0,0,0,1,0,0,0
0,0,0,0,0,100,0,0,0,0,0,0,0,0,0,0,100,0,0,0,0,0,0,0,0,0,0,100,0,0,0,0,0,0,0,0,0,1,0,0,1,0,0,0,0,1,0,0,0
0,0,0,0,21.796,78.204,0,0,0,0,0,0,0,10.898,0,0,89.102,0,0,0,0,0,0,0,0,0,0,78.204,10.898,0,10.898,0,0,0,0,0,0,1,0,0,1,0,0,0,0,1,0,0,0
0,0,0,0,0,100,0,0,0,0,0,0,0,0,0,0,100,0,0,0,0,0,0,0,0,0,0,100,0,0,0,0,0,0,0,0,0,1,0,0,1,0,0,0,0,1,0,0,0
0,0,0,8.0341,11.765,80.201,0,0,0,0,0,0,0,3.7304,16.068,0,76.471,0,0,3.7304,0,0,0,0,0,0,0,76.471,7.4608,8.0341,8.0341,0,0,0,0,0,0,1,0,0,1,0,0,0,0,1,0,0,0
0,0,0,12.687,21.23,32.167,33.917,0,0,0,0,12.687,8.5432,0,29.645,0,27.895,0,16.958,4.2716,0,0,25.373,0,0,4.2716,4.2716,23.624,4.2716,21.23,12.687,4.2716,0,0,0,0,0,1,0,0,1,0,0,0,0,1,0,0,0
0,0,0,0,15.96,63.431,5.785,0,0,5.785,9.0396,0,0,3.5244,14.696,0,58.044,8.9109,5.785,0,9.0396,0,0,0,0,0,29.392,30.784,3.5244,23.864,12.435,0,0,0,0,0,0,1,0,0,1,0,0,0,0,1,0,0,1
0,0,0,0,6.921,21.081,8.645,0,0,29.436,33.917,0,0,4.1636,45.32,0,14.16,2.7574,29.436,0,4.1636,0,0,0,0,4.4814,18.323,36.675,4.1636,33.6,2.7574,0,0,0,0,0,0,1,0,0,1,0,0,0,0,1,0,0,1
0,0,0,5.4397,10.583,46.642,37.335,0,0,0,0,5.4397,7.2877,0,15.595,11.162,25.465,20.749,8.0114,6.2898,0,0,10.879,0,3.7181,10.008,35.053,9.5877,12.159,10.583,5.4397,2.5717,0,0,0,0,0,1,0,0,1,0,0,0,0,1,0,0,1
0,0,0,9.9841,19.263,46.798,23.954,0,0,0,0,10.388,13.566,0,33.181,0,25.012,4.2866,4.6397,8.9262,0,0,14.675,0,0,8.9262,4.6397,24.659,8.9262,19.263,9.9841,8.9262,0,0,0,0,0,1,0,0,1,0,0,0,0,1,0,0,1
4.472,7.1846,0,0,0,46.658,32.742,0,0,4.472,4.472,0,8.705,4.472,8.4662,21.324,38.176,14.624,0,4.2331,0,0,4.2331,0,7.1846,15.89,31.715,18.372,9.4285,8.9439,0,4.2331,0,0,0,0,0,1,0,0,1,0,0,0,0,1,0,0,1
0,0,0,0,9.4489,90.551,0,0,0,0,0,0,0,13.029,0,17.958,63.144,0,0,5.8683,0,0,0,0,3.5806,0,0,77.522,11.737,0,7.1612,0,0,0,0,0,0,1,0,0,1,0,0,0,0,1,0,0,0
0,0,0,0,17.704,72.153,10.142,0,0,0,0,0,6.4782,11.46,3.2391,11.46,57.22,3.664,3.2391,3.2391,0,0,0,3.664,3.8982,6.9031,3.2391,50.551,10.567,6.4782,11.46,3.2391,0,0,0,0,0,1,0,0,1,0,0,0,0,1,0,0,0
0,0,0,11.491,21.392,39.838,27.279,0,0,0,0,6.6633,5.4112,6.3614,31.304,3.5397,25.374,8.9509,6.6633,5.7322,0,0,16.237,3.5397,0,6.4502,7.5022,18.704,18.134,11.491,15.031,2.9105,0,0,0,0,0,1,0,0,1,0,0,0,0,1,0,0,0
0,0,0,0,32.26,67.74,0,0,0,0,0,0,0,24.423,0,32.842,16.003,13.366,13.366,0,0,0,0,4.9464,13.948,8.4196,4.9464,25.005,0,4.9464,37.789,0,0,0,0,0,0.2987,0.7013,0,0,1,0,0,0,0,1,0,0,1
0,0,0,0,28.352,68.912,2.7357,0,0,0,0,0,0,21.29,0,9.235,43.859,7.0625,14.795,3.7589,0,0,0,4.89,12.641,4.9082,12.623,27.937,12.989,2.1543,21.858,0,0,0,0,0,0,1,0,0,1,0,0,0,0,1,0,0,0
0,0,0,0,30.576,62.485,3.4261,0,0,0,3.5124,0,0,23.101,0,18.431,26.898,13.593,17.978,0,0,0,0,3.4261,20.582,6.5679,14.836,10.955,6.8523,7.0249,29.755,0,0,0,0,0,0.30189,0.69811,0,0,1,0,0,0,0,1,0,0,1
0,0,0,0,20.022,55.641,24.337,0,0,0,0,0,13.402,11.988,9.4347,8.4103,34.045,8.337,6.8372,7.5452,0,0,0,2.8697,2.7703,3.9675,23.239,24.511,16.59,10.805,11.28,3.9675,0,0,0,0,0,1,0,0,1,0,0,0,0,1,0,0,1
2.6206,0,0,0,0,51.379,32.402,0,0,8.192,5.4063,0,12.422,2.6206,16.299,9.2249,29.595,16.571,0,13.267,0,0,6.498,0,3.9838,17.086,24.706,17.828,12.587,8.0268,0,9.2837,0,0,0,0,0,1,0,0,1,0,0,0,0,1,0,0,1
1.9257,11.224,0,0,0,40.206,25.938,0,0,12.29,8.4163,0,1.9043,1.9257,0,18.035,45.755,18.177,3.8301,10.372,0,0,0,0,10.52,18.945,35.512,4.8978,15.931,10.342,0,3.8518,0,0,0,0,0,1,0,0,1,0,0,0,0,1,0,0,1
10.256,6.8395,0,0,0,31.494,24.042,0,0,17.645,9.7243,0,7.827,10.256,0,15.305,49.607,5.4916,9.617,1.8974,0,0,0,0,6.8395,11.072,40.762,10.363,5.4916,19.98,0,5.4916,0,0,0,0,0.11628,0.88372,0,0,1,0,0,0,0,1,0,0,1
5.5115,1.8033,0,0,0,49.336,14.203,0,0,16.471,12.676,0,13.541,5.5115,2.6687,8.0005,36.368,19.156,12.951,1.8033,0,0,0,0,0,3.5198,42.076,8.8659,18.195,18.187,0,9.1558,0,0,0,0,0.013158,0.98684,0,0,1,0,0,0,0,1,0,0,1
0,0,0,0,15.723,51.745,21.389,0,0,7.4294,3.7147,0,7.9143,5.1969,7.8354,9.7596,37.042,20.622,2.6644,8.9646,0,0,2.5855,5.1969,0,10.447,23.782,10.863,23.921,9.0435,5.1969,8.9646,0,0,0,0,0,1,0,0,1,0,0,0,0,1,0,0,1
14.564,1.8506,0,0,0,42.751,6.7788,0,0,26.335,7.7201,0,0.90929,14.564,0,3.6692,53.58,6.8108,13.655,6.8108,0,0,0,0,0,2.7599,54.555,6.7788,8.6615,22.285,0,4.9602,0,0,0,0,0,1,0,0,1,0,0,0,0,1,0,0,1
1.0343,3.4884,0,0,0,44.392,4.3814,0,0,24.509,22.196,0,16.395,1.0343,0,5.557,34.691,21.161,15.36,5.8011,0,0,0,0,0,4.5227,25.543,4.3814,24.65,23.23,0,17.673,0,0,0,0,0,1,0,0,1,0,0,0,0,1,0,0,1
0,0,0,0,23.786,67.597,4.3086,0,0,0,4.3086,0,0,5.3461,0,27.445,35.455,22.099,9.6547,0,0,0,0,0,5.3461,5.3461,21.062,40.151,4.3086,13.094,10.692,0,0,0,0,0,0,1,0,0,1,0,0,0,0,1,0,0,1
0,0,0,0,28.803,63.822,4.7614,0,0,0,2.6132,0,0,25.798,0,8.9957,28.412,17.138,19.656,0,0,0,0,2.3886,19.265,4.7614,24.418,10.752,0,12.376,26.039,0,0,0,0,0,0,1,0,0,1,0,0,0,0,1,0,0,1
0,0,0,0,14.959,55.074,3.4421,0,0,0,26.524,0,0,7.4797,7.694,24.352,19.8,22.058,18.616,0,0,0,0,3.7804,3.6993,3.6993,14.107,23.161,11.136,11.474,28.942,0,0,0,0,0,0,1,0,0,1,0,0,0,0,1,0,0,1
0,0,0,0,4.4695,91.061,0,0,0,0,4.4695,0,0,0,0,4.4695,82.122,8.939,4.4695,0,0,0,0,0,4.4695,0,4.4695,77.652,0,8.939,4.4695,0,0,0,0,0,0,1,0,0,1,0,0,0,0,1,0,0,0
0,0,0,0,11.275,45.556,14.999,0,0,6.9175,21.253,0,0,5.0801,6.0112,16.089,31.112,32.478,9.2302,0,0,0,0,0,3.219,5.0801,24.17,20.951,6.0112,27.423,13.147,0,0,0,0,0,0,1,0,0,1,0,0,0,0,1,0,0,1
0,0,0,0,6.9578,64.347,5.8128,0,0,0,22.882,0,0,0,10.111,18.583,32.993,25.541,12.771,0,0,0,0,0,6.9578,0,24.396,31.848,5.8128,13.916,17.069,0,0,0,0,0,0,1,0,0,1,0,0,0,0,1,0,0,1
0,0,0,0,0,82.378,0,0,0,0,17.622,0,0,0,5.874,0,82.378,5.874,5.874,0,0,0,0,0,0,0,0,82.378,5.874,5.874,5.874,0,0,0,0,0,0,1,0,0,1,0,0,0,0,1,0,0,0
0,0,0,0,0,100,0,0,0,0,0,0,0,0,0,11.358,88.642,0,0,0,0,0,0,0,0,0,0,88.642,0,0,11.358,0,0,0,0,0,0,1,0,0,1,0,0,0,0,1,0,0,0
4.9471,0,0,0,0,79.675,0,0,0,0,15.378,0,0,0,15.378,0,84.622,0,0,0,0,0,0,0,0,4.9471,0,79.675,0,0,15.378,0,0,0,0,0,0,1,0,0,1,0,0,0,0,1,0,0,0
6.1491,6.8099,0,0,0,37.371,23.752,0,0,12.959,12.959,0,6.1491,6.1491,0,24.835,37.794,12.537,0,12.537,0,0,0,0,5.7267,24.412,24.835,12.298,13.62,19.108,0,0,0,0,0,0,0.033333,0.96667,0,0,1,0,0,0,0,1,0,0,1
0,0,0,0,14.762,85.238,0,0,0,0,0,0,0,0,0,0,81.429,18.571,0,0,0,0,0,0,0,0,0,51.905,33.333,0,0,14.762,0,0,0.011765,0.011765,0.023529,0.95294,0,0,1,0,0,0,0,1,0,0,0
0,0,0,0,0,100,0,0,0,0,0,0,0,0,0,0,87.331,12.669,0,0,0,0,0,0,0,0,0,92.747,7.2527,0,0,0,0,0,0.016949,0,0,0.98305,0,0,1,0,0,0,0,1,0,0,0
0,0,0,0,0,100,0,0,0,0,0,0,0,0,0,0,90.097,9.9026,0,0,0,0,0,0,0,0,0,80.532,19.468,0,0,0,0,0,0,0,0.024096,0.9759,0,0,1,0,0,0,0,1,0,0,0
0,0,0,0,0,100,0,0,0,0,0,0,0,0,0,0,78.927,21.073,0,0,0,0,0,0,0,0,0,100,0,0,0,0,0,0,0,0,0,1,0,0,1,0,0,0,0,1,0,0,0
0,0,0,0,21.944,78.056,0,0,0,0,0,0,0,0,0,0,100,0,0,0,0,0,0,0,0,21.944,0,35.799,20.313,0,0,21.944,0,0,0,0,0,1,0,0,1,0,0,0,0,1,0,0,0
36.519,0,0,0,18.259,45.222,0,0,0,0,0,0,0,18.259,0,0,63.481,18.259,0,0,0,0,18.259,0,0,18.259,0,22.611,22.611,0,0,18.259,0,0,0,0,0,1,0,0,1,0,0,0,0,1,0,0,0
0,0,0,0,13.299,86.701,0,0,0,0,0,0,0,0,0,0,89.994,10.006,0,0,0,0,0,0,0,0,0,63.397,23.305,0,0,13.299,0,0,0,0,0,1,0,0,1,0,0,0,0,1,0,0,0
0,0,0,0,0,100,0,0,0,0,0,0,0,0,0,0,100,0,0,0,0,0,0,0,0,0,0,76.586,23.414,0,0,0,0,0,0,0,0,1,0,0,1,0,0,0,0,1,0,0,0
0,0,0,0,29.052,70.948,0,0,0,0,0,0,0,0,0,0,100,0,0,0,0,0,0,0,0,0,0,27.93,43.017,0,0,29.052,0,0,0,0,0,1,0,0,1,0,0,0,0,1,0,0,0
0,0,0,0,0,100,0,0,0,0,0,0,0,0,0,0,100,0,0,0,0,0,0,0,0,0,0,100,0,0,0,0,0,0,0,0,0,1,0,0,1,0,0,0,0,1,0,0,0
0,0,0,0,18.212,45.475,18.212,0,0,0,18.102,0,0,11.344,0,18.212,45.364,11.344,0,13.736,0,0,0,11.344,6.8682,11.344,11.344,34.021,0,25.08,0,0,0,0,0,0,0,1,0,0,1,0,0,0,0,1,0,0,0
3.9244,0,0,0,1.9517,45.567,3.1244,0,0,8.8923,36.54,0,0,5.8761,7.0488,9.0005,52.889,3.1244,22.061,0,0,0,3.9244,0,0,6.2489,7.0488,52.11,5.0761,13.839,11.752,0,0,0,0,0,0,1,0,0,1,0,0,0,0,1,0,0,0
6.2894,0,0,0,3.1666,42.005,10.048,0,0,12.06,26.431,0,7.5051,9.4986,4.7229,7.8063,39.115,8.9584,19.207,3.1863,0,0,2.0965,0,3.1863,12.591,5.7295,33.481,15.059,17.499,9.267,0,1.0898,0,0,0,0,1,0,0,1,0,0,0,0,1,0,0,0
3.8593,0,0,0,0,73.872,2.5813,0,0,6.4406,13.246,0,2.5813,6.4406,9.141,8.0232,63.971,2.5813,7.2622,0,0,0,3.8593,0,0,6.7451,9.141,60.568,5.9842,2.5813,11.122,0,0,0,0,0,0,1,0,0,1,0,0,0,0,1,0,0,0
2.7357,0,0,0,0,87.774,5.9245,0,0,0,3.5656,0,0,0,8.6601,14.729,58.838,5.9245,11.849,0,0,0,2.7357,0,0,20.653,15.791,51.33,5.9245,3.5656,0,0,0,0,0,0,0,1,0,0,1,0,0,0,0,1,0,0,0
0,0,0,0,9.4971,74.167,9.4971,0,0,0,6.8385,0,0,9.4971,9.4971,0,71.509,0,0,0,9.4971,0,0,0,0,0,32.671,41.496,9.4971,16.336,0,0,0,0,0,0,0,1,0,0,1,0,0,0,0,1,0,0,0
10.712,0,0,0,0,81.551,0,0,0,0,7.7374,0,0,0,15.358,0,76.905,0,0,0,7.7374,0,10.712,0,0,0,15.358,58.456,0,15.475,0,0,0,0,0,0,0,1,0,0,1,0,0,0,0,1,0,0,0
10.275,0,0,0,0,81.482,0,0,0,0,8.2435,0,0,0,7.8808,0,92.119,0,0,0,0,0,5.1375,0,0,5.1375,19.23,62.251,0,8.2435,0,0,0,0,0,0,0,1,0,0,1,0,0,0,0,1,0,0,0
0,0,0,0,0,56.132,31.604,0,0,0,12.264,31.604,0,0,0,0,56.132,0,0,0,12.264,0,31.604,0,0,0,0,43.868,0,24.528,0,0,0,0,0,0,0,1,0,0,1,0,0,0,0,1,0,0,0
25,0,0,0,0,75,0,0,0,0,0,0,0,25,0,0,75,0,0,0,0,0,25,0,0,0,25,50,0,0,0,0,0,0,0,0,0,1,0,0,1,0,0,0,0,1,0,0,0
5.6139,5.6139,0,0,0,88.772,0,0,0,0,0,0,0,5.6139,0,0,94.386,0,0,0,0,0,5.6139,0,5.6139,0,32.227,56.545,0,0,0,0,0,0,0,0,0,1,0,0,1,0,0,0,0,1,0,0,0
22.338,6.4808,0,0,0,57.602,0,0,0,10.03,3.5488,0,12.962,3.5488,3.5488,15.858,54.054,0,3.5488,6.4808,0,0,3.5488,0,12.309,6.4808,10.03,54.054,0,0,7.0976,0,6.4808,0,0,0,1,0,0,0,1,0,0,0,0,1,0,0,0
6.803,0,0,0,4.6445,51.393,4.9752,0,0,14.287,17.897,0,3.7421,9.5765,11.778,15.622,36.65,3.1041,17.656,1.8711,0,0,6.803,0,1.8711,9.1494,9.9072,32.336,5.8776,11.16,21.024,0,1.8711,0,0,0,0,1,0,0,1,0,0,0,0,1,0,0,0
48.562,5.1503,0,0,0,29.6,0,0,0,16.687,0,0,10.301,12.318,0,12.318,47.594,0,0,17.469,0,0,12.318,0,12.318,11.607,17.469,29.6,0,0,11.537,0,5.1503,0,0,0,1,0,0,0,1,0,0,0,0,1,0,0,0
11.098,0,0,0,0,70.366,0,0,0,18.536,0,0,0,0,0,11.098,70.366,18.536,0,0,0,0,0,0,11.098,0,0,70.366,0,0,18.536,0,0,0,0,0,1,0,0,0,1,0,0,0,0,1,0,0,0
33.333,0,0,0,0,66.667,0,0,0,0,0,0,0,0,0,0,100,0,0,0,0,0,0,0,0,33.333,0,66.667,0,0,0,0,0,0,0,0,1,0,0,0,1,0,0,0,0,1,0,0,0
0,0,0,0,0,86.291,7.8787,0,0,2.9153,2.9153,0,2.9153,2.9153,14.32,4.9634,57.081,7.8787,9.9268,0,0,0,0,0,0,12.842,14.32,62.044,7.8787,2.9153,0,0,0,0,0,0,0,1,0,0,1,0,0,0,0,1,0,0,0
55.016,0,0,0,0,31.82,0,0,0,13.164,0,0,0,0,0,6.2187,93.781,0,0,0,0,0,0,0,6.2187,48.798,0,31.82,0,0,13.164,0,0,0,0,0,1,0,0,0,1,0,0,0,0,1,0,0,0
14.392,0,0,0,0,66.667,0,0,0,18.941,0,0,0,0,0,0,100,0,0,0,0,0,0,0,0,14.392,0,66.667,0,0,18.941,0,0,0,0,0,1,0,0,0,1,0,0,0,0,1,0,0,0
0,0,0,0,0,80.158,0,0,0,19.842,0,0,0,0,0,8.6099,82.78,8.6099,0,0,0,0,0,0,0,8.6099,0,71.548,0,0,19.842,0,0,0,0,0,0,1,0,0,1,0,0,0,0,1,0,0,0
0,0,0,0,0,82.234,0,0,0,17.766,0,0,0,0,0,0,82.234,17.766,0,0,0,0,0,0,0,0,0,82.234,0,0,17.766,0,0,0,0,0,0,1,0,0,1,0,0,0,0,1,0,0,0
0,0,0,0,0,73.422,0,0,0,26.578,0,0,0,0,0,0,100,0,0,0,0,0,0,0,0,0,0,73.422,0,0,26.578,0,0,0,0,0,0,1,0,0,1,0,0,0,0,1,0,0,0
0,0,0,0,0,66.667,0,0,0,33.333,0,0,0,0,0,0,100,0,0,0,0,0,0,0,0,0,0,66.667,0,0,33.333,0,0,0,0,0,0,1,0,0,1,0,0,0,0,1,0,0,0
29.029,0,0,0,0,70.971,0,0,0,0,0,0,0,0,6.4561,0,93.544,0,0,0,0,0,6.4561,0,0,22.573,6.4561,64.515,0,0,0,0,0,0,0,0,1,0,0,0,1,0,0,0,0,1,0,0,0
10.686,0,0,0,0,89.314,0,0,0,0,0,0,0,0,13.589,3.5016,82.909,0,0,0,0,0,10.686,0,0,3.5016,13.589,72.223,0,0,0,0,0,0,0,0,0,1,0,0,1,0,0,0,0,1,0,0,0
49.367,7.842,0,0,0,33.755,0,0,0,9.0356,0,0,0,0,24.684,0,75.316,0,0,0,0,0,24.684,0,7.842,24.684,0,33.755,0,0,9.0356,0,0,0,0,0,1,0,0,0,1,0,0,0,0,1,0,0,0
9.9173,0,0,0,0,72.521,0,0,0,17.562,0,0,0,0,0,7.086,92.914,0,0,0,0,0,0,0,0,9.9173,0,72.521,0,0,17.562,0,0,0,0,0,1,0,0,0,1,0,0,0,0,1,0,0,0
7.8152,22.913,0,0,0,69.272,0,0,0,0,0,0,0,7.8152,0,0,92.185,0,0,0,0,0,7.8152,0,22.913,0,7.8152,61.457,0,0,0,0,0,0,0,0,1,0,0,0,1,0,0,0,0,1,0,0,0
15.089,0,0,0,0,84.911,0,0,0,0,0,0,0,12,3.0888,0,84.911,0,0,0,0,0,15.089,0,0,0,15.089,69.822,0,0,0,0,0,0,0,0,0,1,0,0,1,0,0,0,0,1,0,0,0
34.142,26.263,0,0,0,33.636,0,0,0,5.9589,0,0,0,26.263,0,5.9589,67.779,0,0,0,0,0,26.263,0,26.263,7.8798,0,33.636,0,0,5.9589,0,0,0,0,0,1,0,0,0,1,0,0,0,0,1,0,0,0
0,6.6702,0,0,0,71.517,0,0,0,21.813,0,0,0,0,0,14.551,85.449,0,0,0,0,0,0,0,6.6702,0,0,71.517,0,0,21.813,0,0,0,0,0,1,0,0,0,1,0,0,0,0,1,0,0,0
0,0,0,0,0,76.521,0,0,0,23.479,0,0,0,0,0,5.8726,94.127,0,0,0,0,0,0,0,0,0,0,76.521,0,0,23.479,0,0,0,0,0,0,1,0,0,1,0,0,0,0,1,0,0,0
0,0,0,0,0,75,0,0,0,25,0,0,0,0,0,0,100,0,0,0,0,0,0,0,0,0,0,75,0,0,25,0,0,0,0,0,0,1,0,0,1,0,0,0,0,1,0,0,0
0,0,0,0,0,80.521,0,0,0,19.479,0,0,0,0,0,13.795,86.205,0,0,0,0,0,0,0,0,0,0,80.521,0,0,19.479,0,0,0,0,0,0,1,0,0,1,0,0,0,0,1,0,0,0
0,0,0,0,0,86.817,0,0,0,13.183,0,0,0,0,0,13.183,86.817,0,0,0,0,0,0,0,0,0,0,86.817,0,0,13.183,0,0,0,0,0,0,1,0,0,1,0,0,0,0,1,0,0,0
0,0,0,8.9694,8.9694,64.122,17.939,0,0,0,0,8.9694,0,0,17.939,0,64.122,0,8.9694,0,0,0,17.939,0,0,0,0,64.122,0,8.9694,8.9694,0,0,0,0,0,0,1,0,0,1,0,0,0,0,1,0,0,0
9.9795,0,0,0,0,74.023,0,0,0,0,15.997,0,0,0,0,0,90.021,9.9795,0,0,0,0,9.9795,0,0,0,0,84.003,6.0178,0,0,0,0,0,0,0,0,1,0,0,1,0,0,0,0,1,0,0,0
0,0,0,0,0,100,0,0,0,0,0,0,0,0,0,8.8018,91.198,0,0,0,0,0,0,0,0,0,0,91.198,0,0,8.8018,0,0,0,0,0,0,1,0,0,1,0,0,0,0,1,0,0,0
21.954,0,0,0,0,57.859,0,0,0,0,20.187,0,0,0,0,15.526,76.7,7.774,0,0,0,0,7.774,0,0,20.598,7.7628,59.215,4.65,0,0,0,0,0,0,0,0,1,0,0,1,0,0,0,0,1,0,0,0
8.193,0,0,0,0,67.035,0,0,0,0,24.772,0,0,0,0,8.193,86.843,4.9641,0,0,0,0,2.4821,0,0,8.193,0,72.745,16.579,0,0,0,0,0,0,0,0,1,0,0,1,0,0,0,0,1,0,0,0
13.044,0,0,0,0,86.956,0,0,0,0,0,0,0,0,0,0,100,0,0,0,0,0,0,0,0,22.749,0,77.251,0,0,0,0,0,0,0,0,0,1,0,0,1,0,0,0,0,1,0,0,0
12.901,0,0,0,0,67.278,0,0,0,0,19.821,0,0,0,0,18.88,81.12,0,0,0,0,0,0,0,0,12.901,5.9798,74.199,6.9207,0,0,0,0,0,0,0,0,1,0,0,1,0,0,0,0,1,0,0,0
13.647,0,0,0,0,70.431,0,0,0,0,15.922,0,0,0,0,12.062,87.938,0,0,0,0,0,0,0,0,19.334,12.774,55.83,12.062,0,0,0,0,0,0,0,0,1,0,0,1,0,0,0,0,1,0,0,0
9.8884,0,0,0,0,90.112,0,0,0,0,0,0,0,0,0,5.1777,94.822,0,0,0,0,0,0,0,4.7107,5.1777,10.355,79.756,0,0,0,0,0,0,0,0,0,1,0,0,1,0,0,0,0,1,0,0,0
6.7802,0,0,0,0,93.22,0,0,0,0,0,0,0,0,0,20.646,79.354,0,0,0,0,0,0,0,2.5194,4.2608,14.534,61.633,17.053,0,0,0,0,0,0,0,0,1,0,0,1,0,0,0,0,1,0,0,0
9.3217,0,0,0,0,87.935,0,0,0,0,2.7435,0,0,0,0,23.286,76.714,0,0,0,0,0,0,0,0,9.3217,29.934,49.523,11.221,0,0,0,0,0,0,0,0,1,0,0,1,0,0,0,0,1,0,0,0
8.6691,21.775,0,0,0,60.887,0,0,0,0,8.6691,0,0,0,0,8.6691,73.993,17.338,0,0,0,0,8.6691,0,21.775,8.6691,0,60.887,0,0,0,0,0,0,0,0,1,0,0,0,1,0,0,0,0,1,0,0,0
7.81,0,0,0,0,92.19,0,0,0,0,0,0,0,7.81,0,0,92.19,0,0,0,0,0,7.81,0,0,0,7.81,84.38,0,0,0,0,0,0,0,0,0,1,0,0,1,0,0,0,0,1,0,0,0
0,25.277,0,0,0,60.355,0,0,0,14.368,0,0,0,0,0,14.368,60.355,25.277,0,0,0,0,0,0,25.277,0,0,60.355,0,0,14.368,0,0,0,0,0,1,0,0,0,1,0,0,0,0,1,0,0,0
0,5.18,0,0,0,70.175,0,0,0,24.645,0,0,0,0,0,24.645,75.355,0,0,0,0,0,0,0,5.18,0,0,70.175,0,0,24.645,0,0,0,0,0,1,0,0,0,1,0,0,0,0,1,0,0,0
49.082,9.5974,0,0,0,30.746,0,0,0,0,10.574,0,0,6.1944,0,44.702,35.126,13.977,0,0,0,0,4.3799,0,9.5974,50.897,0,35.126,0,0,0,0,0,0,0,0,1,0,0,0,1,0,0,0,0,1,0,0,0
17.319,0,0,0,0,61.221,0,0,0,0,21.46,0,0,0,0,4.1416,82.681,13.177,0,0,0,0,13.177,0,0,4.1416,3.3395,75.2,4.1416,0,0,0,0,0,0,0,0,1,0,0,1,0,0,0,0,1,0,0,0
25,0,0,0,0,50,0,0,0,0,25,0,0,0,0,25,25,50,0,0,0,0,25,0,0,25,0,50,0,0,0,0,0,0,0,0,1,0,0,0,1,0,0,0,0,1,0,0,0
0,6.5277,0,0,0,71.353,0,0,0,22.119,0,0,0,0,0,22.119,77.881,0,0,0,0,0,0,0,6.5277,0,0,71.353,0,0,22.119,0,0,0,0,0,0.97778,0.022222,0,0,1,0,0,0,0,1,0,0,0
0,0,0,0,0,75.629,0,0,0,24.371,0,0,0,0,0,24.371,75.629,0,0,0,0,0,0,0,0,0,0,75.629,0,0,24.371,0,0,0,0,0,0,1,0,0,1,0,0,0,0,1,0,0,0
0,0,0,0,0,79.684,0,0,0,20.316,0,0,0,0,0,20.316,79.684,0,0,0,0,0,0,0,0,0,0,79.684,0,0,20.316,0,0,0,0,0,0,1,0,0,1,0,0,0,0,1,0,0,0
0,0,0,0,0,79.059,0,0,0,20.941,0,0,0,0,0,20.941,79.059,0,0,0,0,0,0,0,0,0,0,79.059,0,0,20.941,0,0,0,0,0,0,1,0,0,1,0,0,0,0,1,0,0,0
11.631,0,0,0,29.954,46.783,0,0,0,0,11.631,0,0,6.4338,0,5.1975,65.106,23.263,0,0,0,0,11.631,0,0,35.152,0,23.263,0,0,0,29.954,0,0,0,0,1,0,0,0,1,0,0,0,0,1,0,0,0
10.586,0,0,0,0,74.135,0,0,0,0,15.279,0,0,0,0,30.893,69.107,0,0,0,0,0,0,0,0,10.586,20.307,54.693,14.414,0,0,0,0,0,0,0,0,1,0,0,1,0,0,0,0,1,0,0,0
0,0,0,0,12.681,66.667,0,0,0,0,20.652,0,0,20.652,0,0,79.348,0,0,0,0,0,0,0,0,20.652,0,53.986,12.681,0,0,12.681,0,0,0,0,0,1,0,0,1,0,0,0,0,1,0,0,0
51.313,0,0,0,23.038,20.59,0,0,0,0,5.0583,0,0,33.333,0,0,33.155,28.275,5.2366,0,0,0,28.275,0,0,33.333,0,15.353,0,0,0,23.038,0,0,0,0,1,0,0,0,1,0,0,0,0,1,0,0,0
2.7839,0,0,0,0,97.216,0,0,0,0,0,0,0,0,0,23.963,76.037,0,0,0,0,0,0,0,0,2.7839,24.046,58.075,15.095,0,0,0,0,0,0,0,0,1,0,0,1,0,0,0,0,1,0,0,0
25.333,0,0,0,12.001,41.912,0,0,0,0,20.755,0,0,25.333,0,0,24.001,46.087,4.5784,0,0,0,25.333,0,0,4.5784,0,46.087,12.001,0,0,12.001,0,0,0,0,0,1,0,0,1,0,0,0,0,1,0,0,0
0,16.392,0,0,0,83.608,0,0,0,0,0,0,3.9323,8.5276,0,12.46,57.055,14.093,3.9323,0,0,0,0,0,3.9323,12.46,0,83.608,0,0,0,0,0,0,0.076923,0,0.076923,0.84615,0,0,1,0,0,0,0,1,0,0,0
0,40.734,0,0,0,59.266,0,0,0,0,0,0,8.0637,12.303,0,8.0637,45.509,5.6929,20.367,0,0,0,0,0,20.367,20.367,0,59.266,0,0,0,0,0,0,0,0,0,1,0,0,1,0,0,0,0,1,0,0,0
0,11.73,0,0,0,88.27,0,0,0,0,0,0,5.8648,0,0,5.8648,73.7,8.7059,5.8648,0,0,0,0,0,5.8648,5.8648,0,77.638,10.632,0,0,0,0,0,0,0,0,1,0,0,1,0,0,0,0,1,0,0,0
0,38.306,0,0,0,61.694,0,0,0,0,0,0,2.5717,20.639,0,8.116,42.82,10.758,12.523,2.5717,0,0,0,0,15.095,23.211,0,61.694,0,0,0,0,0,0,0,0,0,1,0,0,1,0,0,0,0,1,0,0,0
0,39.275,0,0,0,60.725,0,0,0,0,0,0,14.305,10.665,0,21.45,28.61,10.665,10.785,3.5195,0,0,0,0,14.305,24.97,0,60.725,0,0,0,0,0,0,0,0,0,1,0,0,1,0,0,0,0,1,0,0,0
0,20.4,0,0,0,75.737,0,0,0,3.8631,0,0,10.2,0,0,0,75.737,0,3.8631,10.2,0,0,0,0,10.2,10.2,0,65.033,10.704,0,0,3.8631,0,0,0,0,0,1,0,0,1,0,0,0,0,1,0,0,0
0,0,0,0,0,100,0,0,0,0,0,0,0,0,0,0,100,0,0,0,0,0,0,0,0,0,0,87.914,12.086,0,0,0,0,0,0,0,0,1,0,0,1,0,0,0,0,1,0,0,0
0,19.057,4.4987,0,0,64.874,0,0,0,11.57,0,0,11.778,0,4.4987,0,64.874,4.4987,7.0714,7.2792,0,0,0,4.4987,7.2792,11.778,0,55.349,9.5247,4.4987,0,7.0714,0,0,0,0,0,1,0,0,1,0,0,0,0,1,0,0,0
0,44.755,4.2056,0,0,42.628,0,0,0,8.4113,0,0,18.743,5.7373,4.2056,3.6106,39.018,4.2056,13.554,10.927,0,0,0,4.2056,20.275,24.48,0,42.628,0,4.2056,0,4.2056,0,0,0,0,0,1,0,0,1,0,0,0,0,1,0,0,0
0,14.603,4.4227,0,0,72.129,0,0,0,8.8455,0,0,9.5127,0,4.4227,0,72.129,4.4227,4.4227,5.09,0,0,0,4.4227,5.09,9.5127,0,64.992,7.1374,4.4227,0,4.4227,0,0,0,0,0,1,0,0,1,0,0,0,0,1,0,0,0
9.41,15.633,2.4222,0,0,46.477,14.254,0,0,11.803,0,0,17.226,9.41,11.832,2.4222,25.235,21.242,4.8156,7.8164,0,0,0,2.4222,7.8164,31.481,2.4222,22.813,21.242,9.41,0,2.3933,0,0,0,0,0,1,0,0,1,0,0,0,0,1,0,0,0
3.1334,15.459,12.571,0,3.7923,31.119,16.393,0,0,16.333,1.2002,0,9.733,2.4004,15.163,14.756,16.73,19.13,15.163,3.7923,3.1334,0,0,12.571,1.5667,30.652,9.7634,14.726,11.989,10.567,0,8.1663,0,0,0,0,0.975,0.025,0,0,1,0,0,0,0,1,0,0,1
2.9066,5.4793,4.1225,0,9.1554,33.819,32.768,0,0,5.2727,6.4757,0,5.9712,2.9066,13.819,18.838,15.551,17.343,13.808,11.764,0,0,0,4.1225,13.648,22.359,19.47,2.5936,24.836,4.6553,8.3163,0,0,0,0,0,0.21875,0.78125,0,0,1,0,0,0,0,1,0,0,1
6.1317,4.5055,2.9265,0,5.4715,39.669,25.419,0,0,11.985,3.8925,0,9.0581,13.917,10.637,19.008,8.6776,24.554,4.5055,9.6436,0,0,0,2.9265,4.1721,23.819,13.816,12.29,23.206,16.843,0,2.9265,0,0,0,0,1,0,0,0,1,0,0,0,0,1,0,0,1
0,0,4.506,0,12.662,43.776,26.394,0,0,0,12.662,0,7.9426,9.4393,12.449,34.55,4.506,21.888,4.506,4.7196,0,0,0,4.506,7.9426,13.732,9.2256,9.4393,37.773,9.4393,7.9426,0,0,0,0,0,0.64815,0.35185,0,0,1,0,0,0,0,1,0,0,1
0,0,0,0,0,100,0,0,0,0,0,0,0,0,0,0,100,0,0,0,0,0,0,0,0,0,0,100,0,0,0,0,0,0,0,0,0,1,0,0,1,0,0,0,0,1,0,0,0
0,0,0,0,0,100,0,0,0,0,0,0,0,0,0,0,100,0,0,0,0,0,0,0,0,0,0,100,0,0,0,0,0,0,0,0,0,1,0,0,1,0,0,0,0,1,0,0,0
0,0,0,0,0,100,0,0,0,0,0,0,0,0,0,0,100,0,0,0,0,0,0,0,0,0,0,100,0,0,0,0,0,0,0,0,0,1,0,0,1,0,0,0,0,1,0,0,0
0,0,0,0,0,100,0,0,0,0,0,0,0,0,0,0,100,0,0,0,0,0,0,0,0,0,0,100,0,0,0,0,0,0,0,0,0,1,0,0,1,0,0,0,0,1,0,0,0
0,0,0,0,0,100,0,0,0,0,0,0,0,0,0,0,100,0,0,0,0,0,0,0,0,0,0,100,0,0,0,0,0,0,0,0,0,1,0,0,1,0,0,0,0,1,0,0,0
0,0,0,0,0,100,0,0,0,0,0,0,0,0,0,0,100,0,0,0,0,0,0,0,0,0,0,100,0,0,0,0,0,0,0,0,0,1,0,0,1,0,0,0,0,1,0,0,0
0,0,0,0,0,100,0,0,0,0,0,0,0,0,0,0,100,0,0,0,0,0,0,0,0,0,0,100,0,0,0,0,0,0,0,0,0,1,0,0,1,0,0,0,0,1,0,0,0
0,0,0,0,0,100,0,0,0,0,0,0,0,0,0,0,100,0,0,0,0,0,0,0,0,0,0,100,0,0,0,0,0,0,0,0,0,1,0,0,1,0,0,0,0,1,0,0,0
0,0,0,0,0,100,0,0,0,0,0,0,0,0,0,0,100,0,0,0,0,0,0,0,0,0,0,100,0,0,0,0,0,0,0,0,0,1,0,0,1,0,0,0,0,1,0,0,0
0,0,0,0,0,100,0,0,0,0,0,0,0,0,0,0,100,0,0,0,0,0,0,0,0,0,0,100,0,0,0,0,0,0,0,0,0,1,0,0,1,0,0,0,0,1,0,0,0
0,0,0,0,0,100,0,0,0,0,0,0,0,0,0,0,100,0,0,0,0,0,0,0,0,0,0,100,0,0,0,0,0,0,0,0,0,1,0,0,1,0,0,0,0,1,0,0,0
0,0,0,0,0,100,0,0,0,0,0,0,0,0,0,0,100,0,0,0,0,0,0,0,0,0,0,100,0,0,0,0,0,0,0,0,0,1,0,0,1,0,0,0,0,1,0,0,0
0,0,0,0,0,100,0,0,0,0,0,0,0,0,0,0,100,0,0,0,0,0,0,0,0,0,0,100,0,0,0,0,0,0,0,0,0,1,0,0,1,0,0,0,0,1,0,0,0
0,0,0,0,0,100,0,0,0,0,0,0,0,0,0,0,100,0,0,0,0,0,0,0,0,0,0,100,0,0,0,0,0,0,0,0,0,1,0,0,1,0,0,0,0,1,0,0,0
0,0,0,0,0,100,0,0,0,0,0,0,0,0,0,0,100,0,0,0,0,0,0,0,0,0,0,100,0,0,0,0,0,0,0,0,0,1,0,0,1,0,0,0,0,1,0,0,0
0,0,0,0,0,100,0,0,0,0,0,0,0,0,0,0,100,0,0,0,0,0,0,0,0,0,0,100,0,0,0,0,0,0,0,0,0,1,0,0,1,0,0,0,0,1,0,0,0
0,0,0,0,0,100,0,0,0,0,0,0,0,0,0,0,100,0,0,0,0,0,0,0,0,0,0,100,0,0,0,0,0,0,0,0,0,1,0,0,1,0,0,0,0,1,0,0,0
0,0,0,0,0,100,0,0,0,0,0,0,0,0,0,0,100,0,0,0,0,0,0,0,0,0,0,100,0,0,0,0,0,0,0,0,0,1,0,0,1,0,0,0,0,1,0,0,0
0,0,0,0,0,100,0,0,0,0,0,0,0,0,0,0,100,0,0,0,0,0,0,0,0,0,0,100,0,0,0,0,0,0,0,0,0,1,0,0,1,0,0,0,0,1,0,0,0
0,0,0,0,0,100,0,0,0,0,0,0,0,0,0,0,100,0,0,0,0,0,0,0,0,0,0,100,0,0,0,0,0,0,0,0,0,1,0,0,1,0,0,0,0,1,0,0,0
0,0,0,0,0,100,0,0,0,0,0,0,0,0,0,0,100,0,0,0,0,0,0,0,0,0,0,100,0,0,0,0,0,0,0,0,0,1,0,0,1,0,0,0,0,1,0,0,0
0,0,0,0,0,100,0,0,0,0,0,0,0,0,0,0,100,0,0,0,0,0,0,0,0,0,0,100,0,0,0,0,0,0,0,0,0,1,0,0,1,0,0,0,0,1,0,0,0
0,0,0,0,0,100,0,0,0,0,0,0,0,0,0,0,100,0,0,0,0,0,0,0,0,0,0,100,0,0,0,0,0,0,0,0,0,1,0,0,1,0,0,0,0,1,0,0,0
0,0,0,0,0,100,0,0,0,0,0,0,0,0,0,0,100,0,0,0,0,0,0,0,0,0,0,100,0,0,0,0,0,0,0,0,0,1,0,0,1,0,0,0,0,1,0,0,0
0,0,0,0,0,100,0,0,0,0,0,0,0,0,0,0,100,0,0,0,0,0,0,0,0,0,0,100,0,0,0,0,0,0,0,0,0,1,0,0,1,0,0,0,0,1,0,0,0
0,0,0,0,0,100,0,0,0,0,0,0,0,0,0,0,100,0,0,0,0,0,0,0,0,0,0,100,0,0,0,0,0,0,0,0,0,1,0,0,1,0,0,0,0,1,0,0,0
0,0,0,0,0,100,0,0,0,0,0,0,0,0,0,0,100,0,0,0,0,0,0,0,0,0,0,100,0,0,0,0,0,0,0,0,0,1,0,0,1,0,0,0,0,1,0,0,0
0,0,0,0,0,100,0,0,0,0,0,0,0,0,0,0,100,0,0,0,0,0,0,0,0,0,0,100,0,0,0,0,0,0,0,0,0,1,0,0,1,0,0,0,0,1,0,0,0
0,0,0,0,0,100,0,0,0,0,0,0,0,0,0,0,100,0,0,0,0,0,0,0,0,0,0,100,0,0,0,0,0,0,0,0,0,1,0,0,1,0,0,0,0,1,0,0,0
0,0,0,0,0,100,0,0,0,0,0,0,0,0,0,0,100,0,0,0,0,0,0,0,0,0,0,100,0,0,0,0,0,0,0,0,0,1,0,0,1,0,0,0,0,1,0,0,0
0,0,0,0,0,100,0,0,0,0,0,0,0,0,0,13.338,86.662,0,0,0,0,0,0,0,0,0,7.6504,92.35,0,0,0,0,0,0,0,0,0.42105,0.57895,0,0,1,0,0,0,0,1,0,0,0
0,0,0,0,10.501,89.499,0,0,0,0,0,0,0,0,0,11.633,77.866,10.501,0,0,0,0,0,0,0,0,0,89.499,0,10.501,0,0,0,0,0,0,0.22078,0.77922,0,0,1,0,0,0,0,1,0,0,0
0,0,0,0,0,100,0,0,0,0,0,0,0,0,0,15.726,77.609,6.6645,0,0,0,0,0,0,0,0,24.272,75.728,0,0,0,0,0,0,0,0,0.33333,0.66667,0,0,1,0,0,0,0,1,0,0,0
0,0,0,0,0,100,0,0,0,0,0,0,0,0,0,17.37,65.261,17.37,0,0,0,0,0,0,0,0,17.37,82.63,0,0,0,0,0,0,0,0,0.011111,0.98889,0,0,1,0,0,0,0,1,0,0,0
0,0,0,0,8.3079,75.076,8.3079,0,0,8.3079,0,0,0,0,0,8.3079,75.076,16.616,0,0,0,0,0,0,0,0,16.616,66.769,0,16.616,0,0,0,0,0,0,0,1,0,0,1,0,0,0,0,1,0,0,0
0,0,0,0,12.232,47.103,12.31,0,0,28.356,0,0,0,4.4401,0,20.925,48.358,21.837,4.4401,0,0,0,0,0,0,0,22.64,36.773,0,36.147,4.4401,0,0,0,0,0,0.010526,0.98947,0,0,1,0,0,0,0,1,0,0,1
0,0,0,0,0,81.359,0,0,0,18.641,0,0,0,0,0,11.651,69.708,0,18.641,0,0,0,0,0,0,0,0,81.359,0,18.641,0,0,0,0,0,0,0,1,0,0,1,0,0,0,0,1,0,0,0
0,0,0,0,0,55.63,0,0,0,44.37,0,0,0,8.8739,0,8.8739,64.504,8.8739,8.8739,0,0,0,0,0,0,0,0,55.63,0,35.496,8.8739,0,0,0,0,0,0,1,0,0,1,0,0,0,0,1,0,0,0
0,0,0,0,0,100,0,0,0,0,0,0,0,0,0,13.166,86.834,0,0,0,0,0,0,0,0,0,13.428,86.572,0,0,0,0,0,0,0,0,0.1194,0.8806,0,0,1,0,0,0,0,1,0,0,0
0,0,0,0,0,100,0,0,0,0,0,0,0,0,0,13.354,86.646,0,0,0,0,0,0,0,0,0,20.398,79.602,0,0,0,0,0,0,0,0,0.1,0.9,0,0,1,0,0,0,0,1,0,0,0
0,0,0,0,0,100,0,0,0,0,0,0,0,0,0,11.696,67.426,20.878,0,0,0,0,0,0,0,0,30.059,69.941,0,0,0,0,0,0,0,0,0.34043,0.65957,0,0,1,0,0,0,0,1,0,0,0
0,0,0,0,0,100,0,0,0,0,0,0,0,0,0,10.207,79.585,10.207,0,0,0,0,0,0,0,0,23.363,76.637,0,0,0,0,0,0,0,0,0,1,0,0,1,0,0,0,0,1,0,0,0
0,0,0,0,16.855,83.145,0,0,0,0,0,0,0,0,16.855,0,83.145,0,0,0,0,0,0,0,0,0,0,83.145,16.855,0,0,0,0,0,0,0,0,1,0,0,1,0,0,0,0,1,0,0,0
0,0,0,0,0,100,0,0,0,0,0,0,0,0,0,0,91.247,8.7534,0,0,0,0,0,0,0,0,17.507,82.493,0,0,0,0,0,0,0,0,0,1,0,0,1,0,0,0,0,1,0,0,0
0,0,0,0,15.296,84.704,0,0,0,0,0,0,0,0,0,15.296,69.407,0,15.296,0,0,0,0,0,0,0,0,84.704,0,0,15.296,0,0,0,0,0,0,1,0,0,1,0,0,0,0,1,0,0,0
0,0,0,0,7.7533,92.247,0,0,0,0,0,0,0,0,0,7.7533,92.247,0,0,0,0,0,0,0,0,0,0,92.247,7.7533,0,0,0,0,0,0,0,0,1,0,0,1,0,0,0,0,1,0,0,0
0,0,0,0,12.029,87.971,0,0,0,0,0,0,0,0,0,24.058,75.942,0,0,0,0,0,0,0,0,0,0,87.971,0,12.029,0,0,0,0,0,0,0,1,0,0,1,0,0,0,0,1,0,0,0
0,0,0,0,0,100,0,0,0,0,0,0,0,0,0,0,100,0,0,0,0,0,0,0,0,0,0,100,0,0,0,0,0,0,0,0,0.34694,0.65306,0,0,1,0,0,0,0,1,0,0,0
0,0,0,0,0,100,0,0,0,0,0,0,0,0,0,11.904,88.096,0,0,0,0,0,0,0,0,0,19.777,80.223,0,0,0,0,0,0,0,0,0.20339,0.79661,0,0,1,0,0,0,0,1,0,0,0
0,0,0,0,0,100,0,0,0,0,0,0,0,0,0,0,100,0,0,0,0,0,0,0,0,0,0,100,0,0,0,0,0,0,0,0,0.30435,0.69565,0,0,1,0,0,0,0,1,0,0,0
0,0,0,0,0,100,0,0,0,0,0,0,0,0,0,0,100,0,0,0,0,0,0,0,0,0,0,100,0,0,0,0,0,0,0,0,0,1,0,0,1,0,0,0,0,1,0,0,0
0,0,0,0,0,100,0,0,0,0,0,0,0,0,0,0,100,0,0,0,0,0,0,0,0,0,0,100,0,0,0,0,0,0,0,0,0.010417,0.98958,0,0,1,0,0,0,0,1,0,0,0
0,0,0,0,0,100,0,0,0,0,0,0,0,0,0,0,100,0,0,0,0,0,0,0,0,0,0,100,0,0,0,0,0,0,0,0,0,1,0,0,1,0,0,0,0,1,0,0,0
0,0,0,0,0,100,0,0,0,0,0,0,0,0,0,0,100,0,0,0,0,0,0,0,0,0,0,100,0,0,0,0,0,0,0,0,0,1,0,0,1,0,0,0,0,1,0,0,0
0,0,0,0,0,100,0,0,0,0,0,0,0,0,0,0,100,0,0,0,0,0,0,0,0,0,0,100,0,0,0,0,0,0,0,0,0,1,0,0,1,0,0,0,0,1,0,0,0
0,0,0,0,0,100,0,0,0,0,0,0,0,0,0,21.422,78.578,0,0,0,0,0,0,0,0,0,11.159,88.841,0,0,0,0,0,0,0,0,0,1,0,0,1,0,0,0,0,1,0,0,0
0,0,0,0,22.843,77.157,0,0,0,0,0,0,0,0,0,11.421,77.157,0,11.421,0,0,0,0,0,0,0,0,77.157,22.843,0,0,0,0,0,0,0,0,1,0,0,1,0,0,0,0,1,0,0,0
0,0,0,0,25.257,74.743,0,0,0,0,0,0,0,0,7.6764,9.9044,64.838,0,7.6764,9.9044,0,0,0,0,0,0,15.353,49.486,25.257,9.9044,0,0,0,0,0,0,0.0093458,0.99065,0,0,1,0,0,0,0,1,0,0,0
0,0,0,0,21.058,78.942,0,0,0,0,0,0,0,0,10.529,0,78.942,0,10.529,0,0,0,0,0,0,0,21.058,57.883,21.058,0,0,0,0,0,0,0,0,1,0,0,1,0,0,0,0,1,0,0,0
0,0,0,0,35.513,60.581,3.9059,0,0,0,0,0,0,0,8.2362,23.642,34.777,17.514,7.5402,8.2903,0,0,0,0,3.9059,10.71,17.514,24.067,35.513,8.2903,0,0,0,0,0,0.8,0.066667,0.13333,0,0,1,0,0,0,0,1,0,0,1
0,0,0,0,23.828,63.016,13.155,0,0,0,0,0,0,0,5.3365,26.311,42.962,20.054,5.3365,0,0,0,0,0,13.155,13.155,30.727,12.235,23.828,0,0,6.8986,0,0,0,0.38824,0.56471,0.047059,0,0,1,0,0,0,0,1,0,0,1
0,0,0,0,11.457,77.086,11.457,0,0,0,0,0,0,0,0,22.914,65.629,11.457,0,0,0,0,0,0,11.457,11.457,11.457,54.172,11.457,0,0,0,0,0,0,0,0,1,0,0,1,0,0,0,0,1,0,0,0
0,0,0,0,23.624,63.713,12.663,0,0,0,0,0,0,0,0,36.287,63.713,0,0,0,0,0,0,0,12.663,0,0,63.713,10.961,0,12.663,0,0,0,0,0,0,1,0,0,1,0,0,0,0,1,0,0,0
0,0,0,0,21.476,71.672,6.8515,0,0,0,0,0,0,0,2.9935,22.341,45.963,25.71,2.9935,0,0,0,0,0,6.8515,12.855,31.697,27.121,14.625,0,6.8515,0,0,0,0,0,0,1,0,0,1,0,0,0,0,1,0,0,1
0,0,0,0,16.326,74.424,9.2493,0,0,0,0,0,0,0,0,25.576,58.098,9.2493,7.077,0,0,0,0,0,9.2493,9.2493,9.2493,41.772,16.326,0,14.154,0,0,0,0,0,0,1,0,0,1,0,0,0,0,1,0,0,0
0,0,0,0,0,100,0,0,0,0,0,0,0,0,0,0,100,0,0,0,0,0,0,0,0,0,0,100,0,0,0,0,0,0,0,0,0,1,0,0,1,0,0,0,0,1,0,0,0
0,0,0,0,32.345,67.655,0,0,0,0,0,0,0,0,7.4408,8.7319,55.454,0,16.173,12.2,0,0,0,0,0,0,14.882,40.573,32.345,12.2,0,0,0,0,0,0.88889,0.11111,0,0,0,1,0,0,0,0,1,0,0,1
0,0,0,0,0,100,0,0,0,0,0,0,0,0,0,0,100,0,0,0,0,0,0,0,0,0,0,100,0,0,0,0,0,0,0,0,0,1,0,0,1,0,0,0,0,1,0,0,0
0,0,0,0,14.704,85.296,0,0,0,0,0,0,0,0,0,14.704,70.593,0,0,14.704,0,0,0,0,0,0,0,64.245,14.704,14.704,0,6.3473,0,0,0,0,0.016807,0.98319,0,0,1,0,0,0,0,1,0,0,0
0,0,0,0,0,100,0,0,0,0,0,0,0,0,0,0,89.477,0,0,10.523,0,0,0,0,0,0,0,81.852,0,10.523,0,7.6256,0,0,0,0,0,1,0,0,1,0,0,0,0,1,0,0,0
0,0,0,0,0,100,0,0,0,0,0,0,0,0,0,0,70.848,16.26,12.892,0,0,0,0,0,0,8.1299,16.26,40.593,12.892,0,0,9.2335,12.892,0,0,0.056,0.88,0.064,0,0,1,0,0,0,0,1,0,0,1
0,0,0,0,4.7166,39.239,0,0,0,14.011,42.033,0,14.011,14.011,0,4.7166,26.159,14.011,13.08,0,14.011,0,0,0,0,0,0,13.08,27.091,14.011,37.456,0,8.363,0.060606,0,0,0.015152,0.92424,0,0,1,0,0,0,0,1,0,0,1
0,0,0,0,0,100,0,0,0,0,0,0,0,0,0,0,84.555,9.73,0,5.7153,0,0,0,0,0,0,9.73,74.825,0,5.7153,0,9.73,0,0,0,0,0,1,0,0,1,0,0,0,0,1,0,0,0
0,0,0,0,6.3964,82.618,0,0,0,10.985,0,0,0,0,0,6.3964,62.402,24.805,6.3964,0,0,0,0,0,0,0,13.819,20.216,6.3964,10.985,23.778,13.819,10.985,0,0,0,0.38182,0.61818,0,0,1,0,0,0,0,1,0,0,1
0,0,0,0,0,100,0,0,0,0,0,0,0,0,0,0,100,0,0,0,0,0,0,0,0,0,0,89.852,0,0,0,10.149,0,0,0,0,0,1,0,0,1,0,0,0,0,1,0,0,0
0,0,0,0,7.0314,92.969,0,0,0,0,0,0,0,0,7.0314,0,92.969,0,0,0,0,0,0,0,0,0,0,92.969,0,0,0,7.0314,0,0,0,0,0,1,0,0,1,0,0,0,0,1,0,0,0
0,0,0,0,0,100,0,0,0,0,0,0,0,0,0,4.0301,95.97,0,0,0,0,0,0,0,0,0,4.0301,95.97,0,0,0,0,0,0,0,0,0,1,0,0,1,0,0,0,0,1,0,0,0
0,0,0,0,0,100,0,0,0,0,0,0,0,0,0,3.7618,96.238,0,0,0,0,0,0,0,0,0,28.318,71.682,0,0,0,0,0,0,0,0,0,1,0,0,1,0,0,0,0,1,0,0,0
0,0,0,0,0,100,0,0,0,0,0,0,0,0,0,15.68,84.32,0,0,0,0,0,0,0,0,0,0,100,0,0,0,0,0,0,0,0,0,1,0,0,1,0,0,0,0,1,0,0,0
0,0,0,0,0,100,0,0,0,0,0,0,0,0,0,18.144,81.856,0,0,0,0,0,0,0,0,0,20.371,79.629,0,0,0,0,0,0,0,0,0,1,0,0,1,0,0,0,0,1,0,0,0
0,0,0,0,0,100,0,0,0,0,0,0,0,0,0,3.1067,96.893,0,0,0,0,0,0,0,0,0,0,100,0,0,0,0,0,0,0,0,0,1,0,0,1,0,0,0,0,1,0,0,0
0,0,0,0,0,100,0,0,0,0,0,0,0,0,0,0,100,0,0,0,0,0,0,0,0,0,0,100,0,0,0,0,0,0,0,0,0,1,0,0,1,0,0,0,0,1,0,0,0
0,0,0,0,0,100,0,0,0,0,0,0,0,0,0,0,100,0,0,0,0,0,0,0,0,0,14.106,85.894,0,0,0,0,0,0,0,0,0,1,0,0,1,0,0,0,0,1,0,0,0
0,0,0,0,0,100,0,0,0,0,0,0,0,0,0,0,100,0,0,0,0,0,0,0,0,0,0,100,0,0,0,0,0,0,0,0,0,1,0,0,1,0,0,0,0,1,0,0,0
0,0,0,0,0,100,0,0,0,0,0,0,0,0,0,4.696,92.458,2.8461,0,0,0,0,0,0,0,0,24.725,75.275,0,0,0,0,0,0,0,0,0,1,0,0,1,0,0,0,0,1,0,0,0
0,0,0,0,0,100,0,0,0,0,0,0,0,0,0,0,93.528,6.4721,0,0,0,0,0,0,0,0,25.101,74.899,0,0,0,0,0,0,0,0,0,1,0,0,1,0,0,0,0,1,0,0,0
0,0,0,0,0,100,0,0,0,0,0,0,0,0,0,0,100,0,0,0,0,0,0,0,0,0,21.593,78.407,0,0,0,0,0,0,0,0,0,1,0,0,1,0,0,0,0,1,0,0,0
0,0,0,0,0,100,0,0,0,0,0,0,0,0,0,0,89.731,10.269,0,0,0,0,0,0,0,0,24.991,75.009,0,0,0,0,0,0,0,0,0,1,0,0,1,0,0,0,0,1,0,0,0
0,0,0,0,0,100,0,0,0,0,0,0,0,0,0,0,100,0,0,0,0,0,0,0,0,0,10.485,89.515,0,0,0,0,0,0,0,0,0,1,0,0,1,0,0,0,0,1,0,0,0
0,0,0,0,0,100,0,0,0,0,0,0,0,0,0,0,100,0,0,0,0,0,0,0,0,0,0,100,0,0,0,0,0,0,0,0,0,1,0,0,1,0,0,0,0,1,0,0,0
0,0,0,0,0,100,0,0,0,0,0,0,0,0,0,0,98.156,1.8443,0,0,0,0,0,0,0,0,11.533,88.467,0,0,0,0,0,0,0,0,0,1,0,0,1,0,0,0,0,1,0,0,0
0,0,0,0,0,100,0,0,0,0,0,0,0,0,0,0,100,0,0,0,0,0,0,0,0,0,6.7867,93.213,0,0,0,0,0,0,0,0,0,1,0,0,1,0,0,0,0,1,0,0,0
0,0,0,0,0,100,0,0,0,0,0,0,0,0,0,0,100,0,0,0,0,0,0,0,0,0,0,100,0,0,0,0,0,0,0,0,0,1,0,0,1,0,0,0,0,1,0,0,0
0,0,0,0,0,100,0,0,0,0,0,0,0,0,0,0,100,0,0,0,0,0,0,0,0,0,0,100,0,0,0,0,0,0,0,0,0,1,0,0,1,0,0,0,0,1,0,0,0
0,0,0,0,0,100,0,0,0,0,0,0,0,0,0,0,100,0,0,0,0,0,0,0,0,0,0,100,0,0,0,0,0,0,0,0,0,1,0,0,1,0,0,0,0,1,0,0,0
0,0,0,0,0,100,0,0,0,0,0,0,0,0,0,0,100,0,0,0,0,0,0,0,0,0,0,100,0,0,0,0,0,0,0,0,0,1,0,0,1,0,0,0,0,1,0,0,0
0,0,0,0,0,100,0,0,0,0,0,0,0,0,0,0,100,0,0,0,0,0,0,0,0,0,0,100,0,0,0,0,0,0,0,0,0,1,0,0,1,0,0,0,0,1,0,0,0
0,0,0,0,0,100,0,0,0,0,0,0,0,0,0,0,100,0,0,0,0,0,0,0,0,0,0,100,0,0,0,0,0,0,0,0,0,1,0,0,1,0,0,0,0,1,0,0,0
0,0,0,0,0,100,0,0,0,0,0,0,0,0,0,0,100,0,0,0,0,0,0,0,0,0,0,100,0,0,0,0,0,0,0,0,0,1,0,0,1,0,0,0,0,1,0,0,0
0,0,0,0,0,100,0,0,0,0,0,0,0,0,0,0,100,0,0,0,0,0,0,0,0,0,0,100,0,0,0,0,0,0,0,0,0,1,0,0,1,0,0,0,0,1,0,0,0
0,0,0,0,0,100,0,0,0,0,0,0,0,0,0,0,80.306,19.694,0,0,0,0,0,0,0,0,19.71,80.29,0,0,0,0,0,0,0,0,0,1,0,0,1,0,0,0,0,1,0,0,0
0,0,0,0,0,100,0,0,0,0,0,0,0,0,0,0,72.211,27.789,0,0,0,0,0,0,0,0,31.507,68.493,0,0,0,0,0,0,0,0,0,1,0,0,1,0,0,0,0,1,0,0,0
0,0,0,0,0,100,0,0,0,0,0,0,0,0,0,0,82.346,17.654,0,0,0,0,0,0,0,0,34.946,65.054,0,0,0,0,0,0,0,0,0,1,0,0,1,0,0,0,0,1,0,0,0
0,0,0,0,0,100,0,0,0,0,0,0,0,0,0,0,65.836,34.164,0,0,0,0,0,0,0,0,16.931,83.069,0,0,0,0,0,0,0,0,0,1,0,0,1,0,0,0,0,1,0,0,0
0,0,0,0,0,100,0,0,0,0,0,0,0,0,0,0,83.623,16.377,0,0,0,0,0,0,0,0,19,81,0,0,0,0,0,0,0,0,0,1,0,0,1,0,0,0,0,1,0,0,0
0,0,0,0,0,100,0,0,0,0,0,0,0,0,0,0,97.229,2.7713,0,0,0,0,0,0,0,0,16.352,83.648,0,0,0,0,0,0,0,0,0,1,0,0,1,0,0,0,0,1,0,0,0
0,0,0,0,0,100,0,0,0,0,0,0,0,0,0,0,100,0,0,0,0,0,0,0,0,0,0,100,0,0,0,0,0,0,0,0,0,1,0,0,1,0,0,0,0,1,0,0,0
0,0,0,0,0,100,0,0,0,0,0,0,0,0,0,0,100,0,0,0,0,0,0,0,0,0,0,100,0,0,0,0,0,0,0,0,0,1,0,0,1,0,0,0,0,1,0,0,0
0,0,0,0,0,100,0,0,0,0,0,0,0,0,0,0,100,0,0,0,0,0,0,0,0,0,0,100,0,0,0,0,0,0,0,0,0,1,0,0,1,0,0,0,0,1,0,0,0
0,0,0,0,0,100,0,0,0,0,0,0,0,0,0,0,100,0,0,0,0,0,0,0,0,0,0,100,0,0,0,0,0,0,0,0,0,1,0,0,1,0,0,0,0,1,0,0,0
0,0,0,0,0,100,0,0,0,0,0,0,0,0,0,0,100,0,0,0,0,0,0,0,0,0,0,100,0,0,0,0,0,0,0,0,0,1,0,0,1,0,0,0,0,1,0,0,0
0,0,0,0,0,100,0,0,0,0,0,0,0,0,0,0,100,0,0,0,0,0,0,0,0,0,0,100,0,0,0,0,0,0,0,0,0,1,0,0,1,0,0,0,0,1,0,0,0
0,0,0,0,0,100,0,0,0,0,0,0,0,0,0,0,100,0,0,0,0,0,0,0,0,0,0,100,0,0,0,0,0,0,0,0,0,1,0,0,1,0,0,0,0,1,0,0,0
0,0,0,0,0,100,0,0,0,0,0,0,0,0,0,0,100,0,0,0,0,0,0,0,0,0,0,100,0,0,0,0,0,0,0,0,0,1,0,0,1,0,0,0,0,1,0,0,0
0,0,0,0,0,100,0,0,0,0,0,0,0,0,0,0,72.853,27.147,0,0,0,0,0,0,0,0,0,100,0,0,0,0,0,0,0,0,0,1,0,0,1,0,0,0,0,1,0,0,0
0,0,0,0,22.21,77.79,0,0,0,0,0,0,0,0,6.0125,0,77.79,16.198,0,0,0,0,0,0,0,0,0,77.79,0,0,16.198,6.0125,0,0,0,0,0,1,0,0,1,0,0,0,0,1,0,0,0
0,0,0,0,13.645,86.355,0,0,0,0,0,0,0,0,0,0,86.355,13.645,0,0,0,0,0,0,0,0,0,86.355,0,0,13.645,0,0,0,0,0,0,1,0,0,1,0,0,0,0,1,0,0,0
0,0,0,0,8.5684,91.432,0,0,0,0,0,0,0,0,0,8.5684,78.046,13.386,0,0,0,0,0,0,0,0,0,82.863,8.5684,0,8.5684,0,0,0.016949,0,0,0.084746,0.89831,0,0,1,0,0,0,0,1,0,0,0
0,0,0,0,7.6892,38.358,14.4,0,0,37.482,2.0697,0,0,5.0304,0,26.743,29.315,31.811,7.1001,0,0,0,0,0,0,0,28.85,16.645,2.0697,40.141,12.293,0,0,0,0,0,0.048387,0.95161,0,0,1,0,0,0,0,1,0,0,1
0,0,0,0,0,47.192,20.652,0,0,28.919,3.238,0,0,4.0424,0,19.225,58.934,10.518,7.2804,0,0,0,0,0,0,0,27.128,35.107,3.238,24.876,9.651,0,0,0,0,0,0.011236,0.98876,0,0,1,0,0,0,0,1,0,0,1
0,0,0,0,0,89.132,5.4341,0,0,5.4341,0,0,0,0,13.294,5.4341,75.838,5.4341,0,0,0,0,0,0,0,0,5.4341,70.404,0,5.4341,5.4341,13.294,0,0,0,0,0,1,0,0,1,0,0,0,0,1,0,0,0
0,0,0,0,4.2435,42.837,19.835,0,0,33.084,0,0,0,24.383,0,13.996,42.324,12.401,6.8962,0,0,0,0,0,0,0,24.079,22.488,0,37.328,16.105,0,0,0,0,0,0.20588,0.79412,0,0,1,0,0,0,0,1,0,0,1
0,0,0,0,12.683,12.683,0,0,0,74.634,0,0,0,25.073,0,12.39,12.39,12.39,37.756,0,0,0,0,0,0,0,0,0,0,74.927,25.073,0,0,0,0,0,0.084112,0.91589,0,0,1,0,0,0,0,1,0,0,0
24.881,0,0,0,0,50.238,0,0,0,24.881,0,0,0,0,37.441,0,37.678,0,24.881,0,0,0,0,0,0,0,24.881,37.678,0,24.881,0,12.559,0,0,0,0,0.26115,0.73885,0,0,1,0,0,0,0,1,0,0,1
9.2991,0,0,0,0,90.701,0,0,0,0,0,0,0,0,18.598,0,81.402,0,0,0,0,0,0,0,0,0,9.2991,69.516,0,0,11.886,9.2991,0,0,0,0,0,1,0,0,1,0,0,0,0,1,0,0,0
4.9091,0,0,0,0,89.088,0,0,0,0,6.0033,0,0,0,13.864,0,86.136,0,0,0,0,0,0,0,4.9091,0,0,75.629,0,0,11.601,7.8611,0,0,0,0,0,1,0,0,1,0,0,0,0,1,0,0,0
19.885,0,0,0,0,73.942,0,0,0,0,6.1731,0,0,0,6.5608,6.1731,84.619,2.6472,0,0,0,0,0,0,0,19.885,2.6472,67.382,0,6.1731,0,3.9136,0,0,0,0,0,1,0,0,1,0,0,0,0,1,0,0,0
15.032,0,0,0,14.82,42.378,0,0,0,27.77,0,0,0,25.476,15.032,14.82,14.82,0,29.852,0,0,0,0,0,0,0,15.032,29.64,0,27.77,27.558,0,0,0,0,0,0.02459,0.97541,0,0,1,0,0,0,0,1,0,0,1
0,0,0,0,24.903,59.921,0,0,0,15.176,0,0,0,15.176,0,19.454,35.018,0,30.352,0,0,0,0,0,0,0,0,44.745,0,40.079,15.176,0,0,0,0,0,0,1,0,0,1,0,0,0,0,1,0,0,0
24.121,0,0,0,17.253,41.374,0,0,0,17.253,0,0,0,17.253,48.242,0,0,0,34.505,0,0,0,0,0,0,0,24.121,0,0,34.505,17.253,24.121,0,0,0,0,0,1,0,0,1,0,0,0,0,1,0,0,1
17.339,14.698,0,0,0,30.247,0,0,0,0,37.717,0,0,0,16.018,23.019,30.247,16.018,14.698,0,0,0,0,14.698,0,2.6415,16.018,28.926,14.698,23.019,0,0,0,0,0,0,0,1,0,0,1,0,0,0,0,1,0,0,0
0,0,0,0,24.035,59.492,5.7114,0,5.7114,5.0509,0,0,0,0,0,32.475,29.746,27.126,0,0,10.653,0,0,0,0,5.7114,21.524,32.366,0,24.035,0,5.7114,10.653,0,0,0.018349,0.0091743,0.97248,0,0,1,0,0,0,0,1,0,0,1
0,0,0,0,20.72,79.28,0,0,0,0,0,0,0,0,0,20.72,32.461,26.099,7.6707,0,13.05,0,0,0,0,0,26.099,40.131,0,26.099,7.6707,0,0,0,0,0,0.012987,0.98701,0,0,1,0,0,0,0,1,0,0,0
4.933,0,18.097,0,10.194,26.347,26.327,0,4.933,9.1689,0,4.933,0,31.26,0,10.891,4.2358,33.552,0,0,15.127,0,0,4.933,18.097,13.164,33.552,0,0,21.086,0,4.933,4.2358,0,0,0.0375,0.175,0.7875,0,0,1,0,0,0,0,1,0,0,1
2.9814,5.0937,0,0,0,63.758,2.5468,0,0,0,25.62,0,0,0,1.4907,9.1006,63.758,23.104,2.5468,0,0,0,0,2.5468,2.5468,2.9814,4.0375,59.72,24.16,4.0069,0,0,0,0,0,0,0,1,0,0,1,0,0,0,0,1,0,0,0
11.758,4.8878,0,0,0,58.651,0,0,0,0,24.703,0,0,0,8.323,4.8878,58.651,23.25,4.8878,0,0,0,0,4.8878,0,6.8703,8.323,55.216,19.815,4.8878,0,0,0,0,0,0,0,1,0,0,1,0,0,0,0,1,0,0,0
18.625,0,6.5459,0,0,24.829,24.493,0,18.961,6.5459,0,18.625,0,18.625,0,18.961,12.415,24.829,0,0,6.5459,0,0,18.625,6.5459,12.415,36.908,0,0,6.5459,0,18.961,0,0,0,0,0.8,0.2,0,0,1,0,0,0,0,1,0,0,1
28.441,9.1559,0,0,1.6318,28.45,25.187,0,0,0,7.1341,0,0,25.187,2.2481,32.711,26.193,2.2481,3.8799,0,7.5335,0,1.6318,2.2481,4.2698,4.2698,77.183,0,3.8799,3.8799,0,2.638,0,0,0,0,0,1,0,0,1,0,0,0,0,1,0,0,1
4.6232,47.057,0,0,1.4715,22.584,19.641,0,0,0,4.6232,0,0,1.4715,0,47.057,22.793,0,19.641,0,9.0377,0,1.4715,18.17,24.264,6.0947,24.264,0,19.641,1.4715,0,4.6232,0,0,0,0.054054,0.62162,0.32432,0,0,1,0,0,0,0,1,0,0,1
10.339,0,0,0,0,59.969,0,0,10.339,19.353,0,0,0,0,0,19.353,40.617,0,10.339,0,0,29.692,20.678,19.353,0,0,0,42.101,7.5299,0,10.339,0,0,0,0,0,0,1,0,0,1,0,0,0,0,1,0,0,0
3.6116,0,0,0,0,79.993,0,0,12.783,3.6116,0,0,0,0,0,24.84,64.325,0,3.6116,0,0,7.2232,16.395,3.6116,0,0,0,67.21,9.1719,0,3.6116,0,0,0,0,0,0,1,0,0,1,0,0,0,0,1,0,0,0
0,0,0,0,0,88.809,0,0,11.191,0,0,0,0,0,0,11.191,88.809,0,0,0,0,0,11.191,0,0,0,0,62.639,26.17,0,0,0,0,0,0,0,0,1,0,0,1,0,0,0,0,1,0,0,0
0,0,0,0,0,100,0,0,0,0,0,0,0,0,0,0,100,0,0,0,0,0,0,0,0,0,0,100,0,0,0,0,0,0,0,0,0,1,0,0,1,0,0,0,0,1,0,0,0
0,0,0,0,0,93.739,0,0,0,6.2612,0,0,0,0,0,12.711,81.028,0,0,0,0,6.2612,0,6.2612,0,0,0,86.59,7.1489,0,0,0,0,0,0,0,0,1,0,0,1,0,0,0,0,1,0,0,0
0,0,0,0,0,100,0,0,0,0,0,0,0,0,0,0,100,0,0,0,0,0,0,0,0,0,0,91.891,8.1085,0,0,0,0,0,0,0,0,1,0,0,1,0,0,0,0,1,0,0,0
0,0,0,0,0,86.83,0,0,0,13.17,0,0,0,0,0,13.17,73.659,0,0,0,0,13.17,0,13.17,0,0,0,86.83,0,0,0,0,0,0.015625,0,0,0.015625,0.96875,0,0,1,0,0,0,0,1,0,0,0
0,0,0,0,0,100,0,0,0,0,0,0,0,0,0,8.0162,91.984,0,0,0,0,0,0,0,0,0,0,100,0,0,0,0,0,0.017241,0,0,0,0.98276,0,0,1,0,0,0,0,1,0,0,0
0,0,0,0,0,100,0,0,0,0,0,0,0,0,0,0,100,0,0,0,0,0,0,0,0,0,0,100,0,0,0,0,0,0.019231,0,0.019231,0,0.96154,0,0,1,0,0,0,0,1,0,0,0
6.6385,0,6.6385,0,14.928,47.587,5.4656,0,12.104,6.6385,0,6.6385,0,6.6385,0,18.903,13.595,32.659,0,0,21.567,0,0,6.6385,6.6385,5.4656,24.529,8.1291,0,28.366,0,12.104,8.1291,0,0,0.033333,0.033333,0.93333,0,0,1,0,0,0,0,1,0,0,1
0,0,0,0,15.554,76.376,0,0,0,8.0693,0,0,0,0,0,7.4852,45.851,31.109,0,0,15.554,0,0,0,0,0,31.109,37.782,0,23.04,0,0,8.0693,0,0,0,0,1,0,0,1,0,0,0,0,1,0,0,0
24.478,0,5.7952,0,4.2956,16.829,40.187,0,4.1188,4.2956,0,24.478,0,36.069,0,4.1188,8.4145,22.624,0,0,4.2956,0,0,24.478,5.7952,9.914,47.102,0,0,4.2956,0,4.1188,4.2956,0,0,0.013333,0.013333,0.97333,0,0,1,0,0,0,0,1,0,0,1
0,8.3088,0,0,8.3088,75.074,8.3088,0,0,0,0,0,0,8.3088,0,8.3088,50.147,0,8.3088,0,24.926,0,8.3088,0,8.3088,8.3088,8.3088,50.147,8.3088,8.3088,0,0,0,0,0,0,0,1,0,0,1,0,0,0,0,1,0,0,0
0,0,0,0,8.9306,62.26,8.9306,0,0,14.022,5.8574,0,5.8574,0,5.8574,17.861,47.974,14.022,8.4287,0,0,0,0,0,8.9306,0,5.8574,23.217,14.286,8.1642,22.952,0,16.593,0,0,0,0,1,0,0,1,0,0,0,0,1,0,0,1
0,0,0,0,33.333,66.667,0,0,0,0,0,0,0,0,0,0,33.333,33.333,0,0,33.333,0,0,0,0,0,0,33.333,0,33.333,0,0,33.333,0,0,0,0,1,0,0,1,0,0,0,0,1,0,0,0
0,0,0,0,3.4954,37.298,0,0,0,39.628,19.579,0,3.5947,21.185,9.2214,12.29,16.212,12.39,21.512,0,3.5947,0,0,0,0,0,17.59,12.717,7.0901,12.39,50.213,0,0,0,0,0,0,1,0,0,1,0,0,0,0,1,0,0,1
0,0,0,0,24.013,75.987,0,0,0,0,0,0,0,0,0,0,65.592,0,24.013,0,10.395,0,0,0,10.395,0,10.395,55.197,0,24.013,0,0,0,0,0,0,0,1,0,0,1,0,0,0,0,1,0,0,0
18.83,0,27.057,0,0,0,16.452,0,18.83,18.83,0,18.83,0,35.283,0,18.83,0,8.2261,0,0,18.83,0,0,18.83,27.057,8.2261,8.2261,0,0,18.83,0,18.83,0,0,0,0,0.13889,0.86111,0,0,1,0,0,0,0,1,0,0,1
9.7242,18.252,0,0,8.4363,38.272,13.702,0,0,0,11.613,0,0,4.1373,0,22.389,47.864,0,11.975,0,13.634,0,6.026,3.5392,11.148,5.5868,29.585,20.527,3.5392,8.4363,0,11.613,0,0,0,0,0.076923,0.92308,0,0,1,0,0,0,0,1,0,0,1
10.711,14.032,0,0,4.6036,39.93,25.376,0,0,0,5.347,0,0,15.315,0,24.743,31.466,0,9.318,0,19.158,0,9.9506,4.7144,9.318,4.6036,46.798,5.347,9.318,4.6036,0,5.347,0,0,0,0,0.66071,0.33929,0,0,1,0,0,0,0,1,0,0,1
0,2.1461,0,2.401,6.9481,70.153,8.436,0,0,0,9.9162,0,0,6.9481,3.6264,2.1461,63.977,6.0273,2.1461,0,12.728,2.401,8.436,0,2.1461,2.1461,8.436,47.771,9.3989,6.9481,2.401,9.9162,2.401,0,0,0,0,1,0,0,1,0,0,0,0,1,0,0,0
9.0333,1.9164,0,6.9581,7.564,54.102,12.127,2.0922,0,0,6.2065,0,2.1677,9.6562,9.8694,4.0216,38.568,10.651,12.245,0,0,12.821,2.0922,10.198,1.7335,9.6765,3.6499,30.791,16.327,9.4934,4.8659,4.2901,6.8825,0,0,0,0.25641,0.74359,0,0,1,0,0,0,0,1,0,0,1
0,0,0,0,0,48.449,0,0,0,34.842,16.709,0,2.7072,14.468,2.7072,14.002,24.506,20.84,7.2339,6.7679,6.7679,0,0,0,0,0,23.943,2.7072,2.7072,18.133,34.842,6.7679,10.899,0.03125,0,0,0.015625,0.95312,0,0,1,0,0,0,0,1,0,0,1
0,0,0,0,0,27.799,0,0,0,39.067,33.134,0,14.665,11.303,13.984,3.1581,17.632,14.665,6.9741,6.8059,10.813,0,0,0,0,0,10.168,17.632,14.665,11.303,39.427,6.8059,0,0.047619,0,0,0,0.95238,0,0,1,0,0,0,0,1,0,0,1
0,0,0,0,0,41.812,0,0,0,41.377,16.811,0,8.6256,24.561,8.6256,8.1852,16.816,16.811,8.1852,8.1906,0,0,0,0,0,0,24.996,16.816,8.6256,16.376,24.996,8.1906,0,0,0,0,0,1,0,0,1,0,0,0,0,1,0,0,1
0,0,0,8.8771,19.964,53.855,12.612,0,0,4.6922,0,0,4.543,21.28,3.3764,0,28.99,17.095,17.005,3.3764,0,4.3341,0,4.543,0,19.364,0,20.922,4.543,32.725,8.8771,4.6922,4.3341,0,0,0,0,1,0,0,1,0,0,0,0,1,0,0,0
0,0,0,0,0,19.902,0,0,0,41.142,38.956,0,11.321,31.224,0,4.992,9.9182,16.313,4.992,9.9182,11.321,0,0,0,0,0,9.984,9.9182,11.321,26.232,32.627,9.9182,0,0,0,0,0,1,0,0,1,0,0,0,0,1,0,0,1
0,0,0,0,8.4804,76.543,0,0,0,14.977,0,0,0,0,8.4804,0,76.543,0,0,14.977,0,0,0,0,0,0,0,76.543,0,14.977,0,8.4804,0,0,0,0,0,1,0,0,1,0,0,0,0,1,0,0,0
0,0,0,0,0,35.43,0,0,0,47.462,17.108,0,0,12.579,12.032,17.108,12.032,6.2895,18.322,10.818,10.818,0,0,0,0,0,23.397,12.032,0,6.2895,47.462,10.818,0,0,0,0,0,1,0,0,1,0,0,0,0,1,0,0,1
0,0,11.083,5.2016,16.944,30.808,7.4869,0,0,22.166,6.3113,6.3113,0,7.9171,13.798,0,15.834,23.341,19,13.798,0,0,0,0,11.083,17.689,0,7.9171,0,47.027,9.9731,6.3113,0,0,0,0,0.83036,0.16964,0,0,1,0,0,0,0,1,0,0,1
1.3764,0,0,7.6288,18.523,56.521,13.369,2.5822,0,0,0,0,1.3764,16.936,8.9399,4.5993,31.093,14.076,8.0387,4.1701,0,10.771,1.2058,7.1815,1.3764,19.297,0,19.319,6.1462,28.75,7.7994,1.3764,7.5483,0,0,0,0.7027,0.2973,0,0,1,0,0,0,0,1,0,0,1
1.6781,0,0,6.9994,10.846,59.085,12.45,4.0293,0,4.9127,0,0,11.239,11.777,4.7772,7.2639,19.115,11.368,24.308,3.0991,0,7.0536,7.2639,11.029,1.6781,18.858,0,10.098,8.0043,28.684,6.3263,1.6781,6.3804,0,0,0,0.19231,0.80769,0,0,1,0,0,0,0,1,0,0,1
1.905,0,2.7155,0,24.336,26.596,6.4703,0,0,25.61,12.367,4.6205,4.2633,8.3753,12.573,2.3583,10.94,35.206,14.932,4.8269,1.905,0,2.3583,0,2.7155,13.051,0,2.1114,0,53.386,9.6514,8.9795,7.7464,0,0,0,0.077922,0.92208,0,0,1,0,0,0,0,1,0,0,1
10.237,0,2.2336,0,7.9063,41.325,24.763,0,0,11.268,2.2669,10.237,2.2669,5.0866,10.923,5.8695,19.479,27.894,5.0533,5.0533,2.2669,5.8695,7.9706,5.8695,2.2336,32.636,0,2.8197,5.8695,27.863,12.471,2.2669,0,0,0,0,0.04878,0.95122,0,0,1,0,0,0,0,1,0,0,1
18.201,0,0,0,0,81.799,0,0,0,0,0,0,0,0,0,0,100,0,0,0,0,0,0,0,5.8527,12.348,0,75.947,5.8527,0,0,0,0,0,0,0,0,1,0,0,1,0,0,0,0,1,0,0,0
9.7216,0,0,0,0,90.278,0,0,0,0,0,0,0,0,0,24.829,75.171,0,0,0,0,0,0,0,4.2042,5.5174,4.9214,80.718,4.6388,0,0,0,0,0,0,0,0,1,0,0,1,0,0,0,0,1,0,0,0
8.6958,0,0,0,0,91.304,0,0,0,0,0,0,0,0,0,4.11,95.89,0,0,0,0,0,0,0,6.8638,1.832,5.942,60.417,24.945,0,0,0,0,0,0,0,0,1,0,0,1,0,0,0,0,1,0,0,0
11.211,0,0,0,0,88.789,0,0,0,0,0,0,0,0,0,0,100,0,0,0,0,0,0,0,5.0884,6.1221,0,88.789,0,0,0,0,0,0,0,0,0,1,0,0,1,0,0,0,0,1,0,0,0
8.5944,0,0,0,0,91.406,0,0,0,0,0,0,0,0,0,0,100,0,0,0,0,0,0,0,2.8638,5.7306,0,88.542,2.8638,0,0,0,0,0,0,0,0,1,0,0,1,0,0,0,0,1,0,0,0
8.271,0,0,0,0,91.729,0,0,0,0,0,0,0,0,0,0,100,0,0,0,0,0,0,0,0,8.271,0,91.729,0,0,0,0,0,0,0,0,0,1,0,0,1,0,0,0,0,1,0,0,0
5.9675,3.7304,0,0,5.2135,53.795,0,0,0,2.2371,29.056,0,0,0,5.9675,10.777,50.819,21.255,8.9439,2.2371,0,0,0,3.7304,0,7.4506,3.7304,56.033,10.828,18.228,0,0,0,0,0,0,0,1,0,0,1,0,0,0,0,1,0,0,0
6.6934,0,0,0,10.053,52.877,0,0,0,2.7136,27.663,0,0,5.6304,10.537,0,54.347,16.922,9.8499,2.7136,0,0,0,2.7136,0,8.4024,7.6203,45.257,2.9168,33.09,0,0,0,0,0,0,0,1,0,0,1,0,0,0,0,1,0,0,0
3.8776,0,0,0,3.8871,54.616,0,0,0,3.8776,33.741,0,0,3.8871,11.652,0,58.494,22.089,0,3.8776,0,0,0,0,0,3.8776,3.8871,54.607,7.7647,29.864,0,0,0,0,0,0,0,1,0,0,1,0,0,0,0,1,0,0,0
22.753,0,0,0,9.407,45.506,0,0,0,13.716,8.6183,0,0,9.407,18.235,0,31.001,8.8275,18.814,13.716,0,0,0,9.407,0,13.346,13.925,35.889,4.3091,23.123,0,0,0,0,0,0.0092593,0.0092593,0.98148,0,0,1,0,0,0,0,1,0,0,0
10.187,8.5467,0,0,25.595,24.845,0,0,0,1.802,29.025,12.739,0,31.923,5.982,0,11.689,16.715,19.151,1.802,0,0,8.5467,16.932,0,8.2133,2.09,28.749,12.439,23.03,0,0,0,0.68421,0,0.10526,0.21053,0,0,0,1,0,0,0,0,1,0,0,0
12.842,13.241,0,0,22.569,29.612,0,0,0,8.023,13.713,2.4094,0,27.441,15.559,0,13.566,3.768,18.455,8.023,0,10.778,2.4629,12.842,10.778,0,11.791,20.231,14.546,27.35,0,0,0,0.7971,0,0.057971,0.086957,0.057971,0,0,1,0,0,0,0,1,0,0,0
33.31,0,0,0,5.5124,22.286,0,0,16.606,16.606,5.6798,0,0,11.192,0,16.606,5.5124,16.872,16.606,0,0,33.212,44.404,16.606,0,5.5124,0,11.36,0,0,16.606,5.5124,0,0,0,0,1,0,0,0,1,0,0,0,0,1,0,0,0
3.1729,0,0,0,0,96.827,0,0,0,0,0,0,0,0,0,35.225,64.775,0,0,0,0,0,0,0,3.1729,0,0,93.654,3.1729,0,0,0,0,0,0,0,0,1,0,0,1,0,0,0,0,1,0,0,0
22.799,6.4308,0,0,0,59.087,0,0,8.6971,2.9856,0,0,0,16.368,0,18.113,23.365,16.368,16.368,0,0,9.4164,25.065,2.9856,6.4308,16.368,0,34.022,8.6971,0,6.4308,0,0,0,0,0,0,1,0,0,1,0,0,0,0,1,0,0,0
6.6413,36.717,0,0,0,43.359,0,0,6.6413,6.6413,0,0,0,0,0,43.359,36.717,0,6.6413,0,0,13.283,13.283,6.6413,36.717,0,0,36.717,0,0,6.6413,0,0,0,0,0,1,0,0,0,1,0,0,0,0,1,0,0,0
2.9188,0,0,0,0,94.369,0,0,0,0,2.7122,0,0,0,0,0,97.288,2.7122,0,0,0,0,0,0,0,2.9188,0,91.264,3.1046,2.7122,0,0,0,0,0,0,0,1,0,0,1,0,0,0,0,1,0,0,0
36.554,36.554,0,0,0,26.893,0,0,0,0,0,0,0,0,0,36.554,26.893,0,0,0,0,36.554,0,0,36.554,0,5.3786,21.514,0,0,36.554,0,0,0,0,0,1,0,0,0,1,0,0,0,0,1,0,0,0
0,12.803,0,0,0,87.197,0,0,0,0,0,0,0,0,0,12.803,74.395,0,0,0,0,12.803,0,0,12.803,0,25.121,62.076,0,0,0,0,0,0,0,0,1,0,0,0,1,0,0,0,0,1,0,0,0
1.5841,0,0,0,3.5029,58.756,0,0,0,1.5841,34.573,0,0,3.5029,8.5898,0,81.236,5.087,0,1.5841,0,0,0,0,0,1.5841,3.5029,56.837,5.087,32.989,0,0,0,0,0,0,0,1,0,0,1,0,0,0,0,1,0,0,0
0,17.521,0,0,0,69.529,0,0,0,12.95,0,0,0,0,3.1474,28.896,48.501,6.6553,0,3.1474,3.1474,6.5052,0,0,14.374,0,35.549,33.979,0,0,9.8026,6.2947,0,0,0,0,1,0,0,0,1,0,0,0,0,1,0,0,0
0,9.6299,0,0,0,56.68,0,0,0,33.69,0,0,0,0,16.845,7.215,49.465,7.215,0,9.6299,9.6299,0,0,0,0,0,4.5981,44.867,7.215,0,24.06,19.26,0,0,0,0,0.98246,0.017544,0,0,1,0,0,0,0,1,0,0,0
0,26.117,0,0,21.65,41.408,0,0,0,0,10.825,10.825,0,32.475,0,15.291,15.291,0,10.825,0,0,15.291,10.825,10.825,15.291,0,15.291,26.117,10.825,10.825,0,0,0,0.08,0,0,0.92,0,0,0,1,0,0,0,0,1,0,0,0
4.8302,4.8147,0,0,12.136,49.305,0,0,0,4.8302,24.084,4.8147,0,16.951,4.8302,0,50.838,7.9071,9.8285,4.8302,0,0,4.8147,7.3216,0,2.3233,2.5069,49.121,7.138,26.775,0,0,0,0.1875,0,0.0625,0.0625,0.6875,0,0,1,0,0,0,0,1,0,0,0
0,22.334,0,0,22.334,55.331,0,0,0,0,0,0,0,22.334,0,13.317,42.015,0,0,0,0,22.334,0,0,22.334,0,32.373,22.958,22.334,0,0,0,0,0,0,0,1,0,0,0,1,0,0,0,0,1,0,0,0
0,3.0883,0,0,3.0883,67.798,0,0,0,26.026,0,0,0,0,3.7446,19.158,48.64,19.207,0,6.1627,3.0883,0,0,0,0,0,8.9706,55.083,6.8328,0,19.863,9.2509,0,0,0,0,1,0,0,0,1,0,0,0,0,1,0,0,0
3.7163,21.945,0,0,16.688,42.296,11.967,0,0,3.387,0,3.387,0,3.7163,6.7421,13.333,35.375,9.9464,0,12.658,6.2301,8.6121,8.9414,0,7.1032,3.7163,18.512,20.067,12.972,10.458,0,9.6171,8.6121,0,0,0,0.14286,0.85714,0,0,1,0,0,0,0,1,0,0,0
2.2195,5.1687,0,0,9.5779,50.41,14.077,0,0,18.546,0,6.7186,0,2.2195,10.308,14.078,41.471,2.2195,0,20.036,2.9492,0,2.2195,0,2.2195,2.2195,23.715,24.476,7.3584,16.297,2.9492,18.546,0,0,0,0,0.23256,0.76744,0,0,1,0,0,0,0,1,0,0,0
0,4.1044,0,0,0,69.026,0,0,0,26.869,0,0,0,0,4.1044,16.998,52.029,10.162,0,12.603,4.1044,0,0,0,0,0,0,57.278,11.748,0,14.266,16.708,0,0,0,0,0,1,0,0,1,0,0,0,0,1,0,0,0
0,0,0,0,0,75.736,0,0,0,24.264,0,0,0,0,12.132,12.132,37.868,37.868,0,0,0,0,0,0,0,0,0,37.868,37.868,0,24.264,0,0,0,0,0,0,1,0,0,1,0,0,0,0,1,0,0,0
0,13.321,0,0,6.6854,50.025,0,0,0,29.969,0,0,0,0,14.984,15.034,34.991,15.034,0,6.6355,13.321,0,0,0,0,0,13.371,28.305,15.034,0,23.333,19.956,0,0,0,0,0,1,0,0,1,0,0,0,0,1,0,0,0
10.011,0,0,0,0,89.989,0,0,0,0,0,10.011,0,0,0,10.011,49.944,30.034,0,0,0,0,0,0,0,0,10.011,34.983,44.994,10.011,0,0,0,0,0,0,0,1,0,0,1,0,0,0,0,1,0,0,0
5.318,15.574,0,0,4.9385,59.776,4.9385,0,0,0,9.4546,0,0,4.9385,4.1367,15.574,41.286,4.1367,4.9385,0,24.989,0,4.9385,0,15.112,10.256,15.112,26.976,13.212,4.9385,0,9.4546,0,0,0,0,0.042553,0.95745,0,0,1,0,0,0,0,1,0,0,0
15.918,12.706,0,0,12.768,49.355,0,0,0,5.7399,3.5139,3.5139,0,25.473,9.1327,0,34.361,3.3928,18.386,5.7399,0,0,12.706,9.2537,3.3928,3.3928,9.1327,40.222,6.9067,14.994,0,0,0,0,0,0,0,1,0,0,1,0,0,0,0,1,0,0,0
20.43,24.733,0,0,6.4499,28.118,0,0,0,8.7916,11.478,20.269,0,17.928,0,8.7916,32.742,0,11.478,0,0,8.7916,3.2249,19.731,12.716,3.9243,0,36.371,3.2249,3.2249,0,8.7916,8.7916,0,0,0,0,1,0,0,1,0,0,0,0,1,0,0,0
14.762,1.4471,0,2.6853,5.3706,60.234,5.862,3.7767,0,0,5.862,0,3.7767,9.1473,7.9208,0,50.54,12.936,4.1442,0,7.4027,4.1324,4.415,5.2237,9.4615,4.1442,11.547,27.025,11.697,5.3706,6.462,8.1916,6.462,0,0,0,0,1,0,0,1,0,0,0,0,1,0,0,0
23.674,9.5973,0,0,0,48.763,4.0435,2.1441,0,0,11.778,3.9446,2.1441,6.0887,9.977,0,57.736,8.0776,7.9881,0,0,4.0435,0,14.077,7.6979,9.5973,4.0435,38.452,15.911,0,2.1441,5.9335,2.1441,0,0,0,0,1,0,0,1,0,0,0,0,1,0,0,0
48.792,21.851,0,0,0,23.546,2.9058,0,0,0,2.9058,0,0,18.945,7.2557,0,44.323,4.3499,7.2557,14.965,0,2.9058,3.9801,2.9058,19.315,37.186,7.2557,22.102,7.2557,0,0,0,0,0,0,0,0,1,0,0,1,0,0,0,0,1,0,0,0
0,0,0,0,0,100,0,0,0,0,0,0,0,0,0,0,100,0,0,0,0,0,0,0,0,0,0,100,0,0,0,0,0,0,0,0,0,1,0,0,1,0,0,0,0,1,0,0,0
2.2688,0,0,9.5623,10.811,62.655,8.6501,3.4871,0,0,2.5649,0,7.2486,13.065,6.0675,1.2183,36.531,8.3363,20.756,1.2338,1.8895,3.6549,1.2183,9.6851,4.1583,8.681,1.8895,24.159,14.647,15.409,10.613,4.8337,4.7054,0,0,0,0,1,0,0,1,0,0,0,0,1,0,0,0
23.03,10.54,0,3.1211,4.4718,33.781,17.351,1.9504,0,0,5.7544,0,3.7209,11.208,10.225,7.3057,29.507,7.7717,15.851,4.7855,0,9.6253,4.7855,11.996,1.9504,26.922,5.7544,17.331,13.946,6.992,5.0715,1.9504,3.3011,0,0,0,0,1,0,0,1,0,0,0,0,1,0,0,0
21.319,6.4333,0,5.98,0,41.351,15.487,7.8366,0,0,1.5925,0,1.8566,11.364,6.6162,9.5074,28.041,8.4728,12.675,3.5274,0,17.94,9.5074,13.817,7.9296,16.655,3.1671,19.736,10.065,0,1.8566,3.4491,13.817,0,0,0,0,1,0,0,1,0,0,0,0,1,0,0,0
0,0,1.6864,9.7719,11.058,54.084,15.668,0,0,7.7321,0,0,8.1329,13.039,4.8088,5.5003,22.556,15.808,24.06,1.6864,0,4.4081,2.3779,8.8774,1.6864,19.732,0,12.343,8.8774,31.38,11.458,1.9814,1.2857,0,0,0,0.35714,0.64286,0,0,1,0,0,0,0,1,0,0,1
34.538,0,0,0,3.9268,20.337,10.204,0,0,16.865,14.13,3.9268,9.0111,14.13,0,15.288,25.491,23.141,5.0843,0,3.9268,0,5.0843,0,0,15.288,0,30.611,0,41.164,3.9268,3.9268,0,0,0,0,1,0,0,0,1,0,0,0,0,1,0,0,0
0,0,0,0,0,100,0,0,0,0,0,0,0,0,0,0,100,0,0,0,0,0,0,0,0,0,0,100,0,0,0,0,0,0,0,0,0.043478,0.95652,0,0,1,0,0,0,0,1,0,0,0
4.9183,18.598,0,0,9.8367,49.913,13.58,0,0,3.154,0,3.154,0,13.091,4.9183,4.9183,44.995,4.9183,0,18.498,0,5.5074,18.598,0,4.9183,4.9183,6.3081,38.686,4.9183,12.991,0,3.154,5.5074,0,0,0,0,1,0,0,1,0,0,0,0,1,0,0,0
7.0103,18.111,0,0,6.4978,42.285,13.356,0,0,12.741,0,9.2356,0,3.5051,4.3853,7.5337,48.062,2.1125,0,12.476,2.1125,10.577,5.156,0,5.4211,7.0103,20.624,21.66,6.4978,8.1997,3.5051,11.348,10.577,0,0,0,0.52381,0.47619,0,0,1,0,0,0,0,1,0,0,0
40.94,13.398,0,0,0,36.988,0,0,0,8.6748,0,0,0,13.771,0,0,72.458,0,0,13.771,0,0,0,0,13.398,40.94,0,36.988,0,0,8.6748,0,0,0,0,0,0.83333,0.16667,0,0,1,0,0,0,0,1,0,0,0
24.079,13.868,0,0,7.3127,35.275,3.6564,0,0,15.809,0,0,0,13.868,3.6564,19.466,41.83,3.6564,0,17.524,0,0,3.6564,0,13.868,24.079,0,15.809,19.466,7.3127,15.809,0,0,0,0,0,0,1,0,0,1,0,0,0,0,1,0,0,0
5.1165,17.164,0,0,10.233,45.702,10.438,0,0,11.346,0,11.346,0,5.1165,5.1165,11.14,40.586,5.1165,0,15.555,0,6.0238,5.1165,0,11.14,5.1165,10.644,29.942,5.1165,15.555,0,11.346,6.0238,0,0,0,0,1,0,0,1,0,0,0,0,1,0,0,0
5.2717,11.152,0,0,16.423,54.415,9.0053,0,0,3.7336,0,3.7336,0,5.2717,5.2717,11.152,29.728,17.919,0,21.044,5.8799,0,5.2717,0,5.2717,5.2717,25.994,9.6135,17.919,21.044,0,9.6135,0,0,0,0,0.28704,0.71296,0,0,1,0,0,0,0,1,0,0,0
0,9.361,0,0,0,81.278,9.361,0,0,0,0,0,0,0,0,0,81.278,0,0,9.361,0,9.361,9.361,0,0,0,0,81.278,0,0,0,0,9.361,0,0,0,0.074074,0.92593,0,0,1,0,0,0,0,1,0,0,0
30.338,4.1029,0,0,4.1029,46.288,0,0,0,15.169,0,0,0,15.169,0,8.2058,57.354,4.1029,0,15.169,0,0,0,0,4.1029,30.338,0,29.298,16.989,0,19.272,0,0,0,0,0,0.15625,0.84375,0,0,1,0,0,0,0,1,0,0,0
7.9869,7.4761,0,0,7.5403,69.456,7.5403,0,0,0,0,7.9869,0,0,7.5403,15.463,30.097,31.437,0,7.4761,0,0,0,0,7.4761,0,23.067,15.463,23.514,30.479,0,0,0,0.0084746,0,0.0084746,0.30508,0.67797,0,0,1,0,0,0,0,1,0,0,0
7.8321,14.007,0,0,0,78.161,0,0,0,0,0,3.9161,0,0,0,18.249,32.245,24.087,3.9161,13.671,3.9161,0,0,3.9161,10.091,0,11.412,28.664,26.069,19.847,0,0,0,0,0,0,0.45283,0.54717,0,0,1,0,0,0,0,1,0,0,0
38.644,18.297,0,0,0,43.059,0,0,0,0,0,6.3095,0,13.012,0,11.988,31.703,5.6782,6.3095,18.69,6.3095,0,0,6.3095,11.988,13.012,19.322,38.012,0,11.356,0,0,0,0,0,0,0.91176,0.088235,0,0,1,0,0,0,0,1,0,0,0
0,7.2325,0,0,7.2325,64.256,0,0,0,21.279,0,0,0,0,0,35.744,57.023,7.2325,0,0,0,0,0,0,7.2325,0,0,42.977,21.279,0,28.512,0,0,0,0,0,0.11364,0.88636,0,0,1,0,0,0,0,1,0,0,0
38.796,25.866,0,0,0,35.338,0,0,0,0,0,17.112,0,4.375,0,17.112,9.1237,17.286,12.933,4.7487,17.308,0,0,12.933,12.933,4.375,26.236,21.487,13.107,8.928,0,0,0,0,0,0,0.97917,0.020833,0,0,1,0,0,0,0,1,0,0,0
13.343,21.045,0,0,0,65.612,0,0,0,0,0,2.8579,0,5.2423,0,16.805,26.287,22.521,7.0983,13.947,5.2423,0,0,7.0983,13.947,5.2423,8.1003,29.145,5.7159,30.751,0,0,0,0,0,0,0,1,0,0,1,0,0,0,0,1,0,0,0
27.529,3.5687,0,5.0313,0,41.64,13.631,5.0313,0,0,3.5687,0,0,19.036,3.5687,5.0313,38.715,0,8.6,6.387,0,18.663,5.0313,13.631,0,23.96,3.5687,40.177,3.5687,0,0,0,10.063,0,0,0,0.87931,0.12069,0,0,1,0,0,0,0,1,0,0,0
30.637,22.116,0,0,0,32.395,8.0551,0,0,0,6.7973,0,0,15.318,0,21.65,39.658,0,8.0551,15.318,0,0,8.0551,0,14.061,38.692,0,32.395,0,6.7973,0,0,0,0,0,0,0,1,0,0,1,0,0,0,0,1,0,0,0
8.4037,4.5333,0,0,22.107,41.529,0,0,0,0,23.427,0,0,23.727,1.9513,24.689,21.373,22.107,0,6.1531,0,0,0,0,4.5333,8.4037,0,22.004,21.476,21.476,22.107,0,0,0,0,0,0,1,0,0,1,0,0,0,0,1,0,0,0
24.491,9.0899,0,0,0,57.329,9.0899,0,0,0,0,0,0,9.0899,0,9.0899,63.64,0,9.0899,9.0899,0,0,9.0899,0,0,27.27,0,63.64,0,0,0,0,0,0,0,0,0.034483,0.96552,0,0,1,0,0,0,0,1,0,0,0
18.124,5.7036,0,0,0,64.765,0,0,0,0,11.407,0,0,13.766,5.7036,0,70.468,0,0,10.062,0,0,0,0,5.7036,18.124,0,64.765,5.7036,5.7036,0,0,0,0,0,0,0,1,0,0,1,0,0,0,0,1,0,0,0
2.3103,5.3069,0,0,13.813,47.091,0,0,0,4.0273,27.451,0,2.3103,3.1699,15.53,21.255,41.611,0,13.813,2.3103,0,0,0,0,5.3069,0,2.3103,43.921,17.841,26.594,4.0273,0,0,0,0,0,0,1,0,0,1,0,0,0,0,1,0,0,0
0,0,0,0,0,100,0,0,0,0,0,0,0,0,0,0,100,0,0,0,0,0,0,0,0,0,0,100,0,0,0,0,0,0,0,0,0,1,0,0,1,0,0,0,0,1,0,0,0
0,23.485,0,0,9.3607,53.03,0,0,0,0,14.124,0,0,3.3004,3.3004,40.369,43.669,6.0602,3.3004,0,0,0,0,0,23.485,0,0,49.73,3.3004,17.425,6.0602,0,0,0,0,0,0,1,0,0,1,0,0,0,0,1,0,0,0
3.4999,15.676,0,0,8.4017,47.958,0,0,0,4.9583,19.506,0,3.4999,8.4017,17.134,8.4582,43.331,0,8.4017,10.774,0,0,0,0,15.676,0,3.4999,39.557,20.634,15.676,4.9583,0,0,0,0,0,0,1,0,0,1,0,0,0,0,1,0,0,0
30.679,4.6653,0,0,0,64.656,0,0,0,0,0,0,0,22.997,0,4.6653,64.656,0,0,7.6815,0,0,0,0,4.6653,22.997,7.6815,64.656,0,0,0,0,0,0,0,0,0.95,0.05,0,0,1,0,0,0,0,1,0,0,0
0,7.8935,0,0,16.959,52.997,0,0,0,5.0065,17.144,0,0,16.959,3.8544,26.189,36.038,13.105,3.8544,0,0,0,0,0,7.8935,0,0,23.985,29.012,20.998,18.111,0,0,0,0,0,0.1828,0.8172,0,0,1,0,0,0,0,1,0,0,0
36.435,9.949,15.338,0,0,38.278,0,0,0,0,0,0,0,18.218,0,9.949,53.616,0,0,7.0148,11.203,0,15.338,0,9.949,18.218,18.218,38.278,0,0,0,0,0,0,0,0,0,1,0,0,1,0,0,0,0,1,0,0,0
30.874,0,12.751,0,0,56.375,0,0,0,0,0,0,0,15.437,0,0,69.126,0,0,15.437,0,0,12.751,0,0,15.437,15.437,56.375,0,0,0,0,0,0,0,0,0,1,0,0,1,0,0,0,0,1,0,0,0
24.464,24.198,0,0,0,51.337,0,0,0,0,0,0,0,12.232,0,20.726,51.337,0,3.4726,12.232,0,0,0,0,24.198,12.232,12.232,51.337,0,0,0,0,0,0,0,0,0.039474,0.96053,0,0,1,0,0,0,0,1,0,0,0
0,6.0702,0,0,20.676,36.095,0,0,0,0,37.159,0,0,5.1683,15.995,23.467,31.414,7.9596,12.716,3.2789,0,0,0,0,6.0702,0,0,30.927,21.164,33.88,7.9596,0,0,0,0,0,0.21538,0.78462,0,0,1,0,0,0,0,1,0,0,0
24.89,4.3999,10.613,0,0,60.097,0,0,0,0,0,0,0,17.46,0,4.3999,70.71,0,0,7.4302,0,0,10.613,0,4.3999,17.46,7.4302,60.097,0,0,0,0,0,0,0,0,0,1,0,0,1,0,0,0,0,1,0,0,0
0,10.991,11.976,0,0,77.033,0,0,0,0,0,0,0,0,0,20.108,79.892,0,0,0,0,0,11.976,0,10.991,0,0,77.033,0,0,0,0,0,0,0,0,0,1,0,0,1,0,0,0,0,1,0,0,0
10.648,10.648,0,0,0,64.352,0,0,0,14.352,0,0,0,0,10.648,0,64.352,0,14.352,0,10.648,0,0,0,10.648,0,21.297,53.703,0,0,0,14.352,0,0,0,0,0,1,0,0,1,0,0,0,0,1,0,0,0
5.032,14.067,0,0,7.6321,43.327,19.045,0,0,10.897,0,0,2.0534,5.5096,12.462,15.061,19.18,18.651,13.221,9.1558,4.7058,0,0,0,12.024,28.527,17.044,14.069,17.44,2.0534,7.1144,1.7289,0,0,0,0,0,1,0,0,1,0,0,0,0,1,0,0,0
11.553,19.184,1.1605,0,6.3427,33.797,18.095,0,0,8.9207,0.94699,0,7.1028,6.0535,5.9545,13.213,16.444,20.149,14.571,6.1035,10.409,0,0,1.1605,16.115,32.517,14.969,9.5985,12.684,5.6171,7.3395,0,0,0,0,0,0.020833,0.97917,0,0,1,0,0,0,0,1,0,0,1
6.1436,8.2582,0,0,0,74.83,0,0,0,10.768,0,0,0,2.1146,8.2582,0,72.716,7.4166,3.351,0,6.1436,0,0,0,8.2582,0,12.287,61.535,7.1522,0,5.4656,5.302,0,0,0,0,0,1,0,0,1,0,0,0,0,1,0,0,0
0,0,0,0,0,89.883,0,0,0,10.117,0,0,0,0,0,0,89.883,10.117,0,0,0,0,0,0,0,0,7.3916,75.1,7.3916,0,0,10.117,0,0,0,0,0,1,0,0,1,0,0,0,0,1,0,0,0
5.3643,16.187,0,0,0,56.953,0,0,0,21.496,0,0,2.6821,8.1406,8.1406,2.6821,48.812,24.178,0,0,5.3643,0,0,0,10.823,8.0464,7.8967,46.524,5.2145,0,8.1406,13.355,0,0,0,0,0,1,0,0,1,0,0,0,0,1,0,0,0
13.344,17.588,0,0,0,47.504,2.3981,0,0,19.166,0,0,1.846,2.3981,9.6522,4.2441,37.911,14.891,8.5187,4.7962,15.742,0,0,0,16.294,10.334,28.075,24.003,2.1281,0,10.917,8.2487,0,0,0,0,0,1,0,0,1,0,0,0,0,1,0,0,0
5.36,8.0838,0,0,6.5809,38.91,16.405,0,0,11.288,13.372,0,4.5488,6.238,8.5542,12.355,14.212,19.558,16.516,16.855,1.1623,0,0,0,15.994,22.927,11.546,6.0553,21.318,5.0757,12.866,4.2183,0,0,0,0,0.84615,0.15385,0,0,1,0,0,0,0,1,0,0,1
4.7248,13.542,0,0,9.1109,39.585,20.422,0,0,8.5583,4.0573,0,2.0863,5.6823,11.441,12.131,8.9983,18.378,14.087,21.283,5.9128,0,0,0,16.87,26.673,19.432,5.3199,12.949,5.1158,11.425,2.2153,0,0,0,0,0.46154,0.53846,0,0,1,0,0,0,0,1,0,0,1
4.0833,6.3205,0,0,7.0893,27.911,29.454,0,0,8.1666,16.975,0,4.0833,9.3132,8.6951,14.491,10.993,19.854,8.5577,24.012,0,0,0,0,15.341,13.019,22.491,5.2299,19.854,11.55,10.404,2.1104,0,0,0,0,0,1,0,0,1,0,0,0,0,1,0,0,1
1.8779,3.7667,0,0,8.6382,45.943,27.629,0,0,1.8562,10.289,0,2.3925,1.6945,23.862,7.7891,13.897,22.509,9.595,17.703,0.5575,0,0,0,26.459,9.3896,16.566,1.8781,26.179,3.605,6.7167,9.2057,0,0,0,0,0,1,0,0,1,0,0,0,0,1,0,0,1
2.8493,9.5217,0,0,7.881,32.147,23.445,0,0,11.162,12.994,0,2.8493,4.652,14.915,3.6611,13.032,23.066,16.25,19.773,1.8028,0,0,0,22.237,16.032,15.932,1.8584,19.46,5.8606,14.174,4.4459,0,0,0,0,0.41379,0.58621,0,0,1,0,0,0,0,1,0,0,1
5.6208,14.923,0,0,9.1789,37.468,19.049,0,0,10.13,3.63,0,2.3299,2.7745,10.496,9.3713,23.167,16.9,21.002,10.999,2.9607,0,0,0,19.484,25.36,13.551,11.566,13.224,2.3209,9.6767,4.8169,0,0,0,0,0,1,0,0,1,0,0,0,0,1,0,0,1
10.721,10.736,0,0,5.2161,23.22,8.2934,0,0,17.547,24.267,0,8.9506,8.3999,7.5309,4.0738,6.8932,20.428,16.881,26.101,0.74166,0,0,0,10.509,26.008,8.4695,0.74757,21.529,9.2464,20.428,3.0624,0,0,0,0,0,1,0,0,1,0,0,0,0,1,0,0,1
0,0,0,0,0,77.991,0,0,0,22.009,0,0,0,0,0,0,77.991,6.5616,15.448,0,0,0,0,0,0,0,2.6874,70.392,4.9109,0,15.448,6.5616,0,0,0,0,0.033333,0.96667,0,0,1,0,0,0,0,1,0,0,0
0,0,0,0,0,88.949,0,0,0,11.051,0,0,0,0,0,0,88.949,11.051,0,0,0,0,0,0,0,0,2.5624,79.094,7.2923,0,0,11.051,0,0,0,0,0.046512,0.95349,0,0,1,0,0,0,0,1,0,0,0
0,0,0,0,0,55.489,0,0,0,44.511,0,0,0,0,0,0,55.489,26.751,17.76,0,0,0,0,0,0,0,1.7642,51.961,1.7642,0,17.76,26.751,0,0,0,0,0,1,0,0,1,0,0,0,0,1,0,0,0
0,3.9343,0,0,0,63.403,0,0,0,32.663,0,0,0,3.9343,3.9343,0,59.468,10.841,21.822,0,0,0,0,0,3.9343,0,0,63.403,0,0,25.756,6.9068,0,0,0,0,0,1,0,0,1,0,0,0,0,1,0,0,0
0,0,0,0,0,100,0,0,0,0,0,0,0,0,0,0,100,0,0,0,0,0,0,0,0,0,0,100,0,0,0,0,0,0,0,0,0,1,0,0,1,0,0,0,0,1,0,0,0
0,0,0,0,0,100,0,0,0,0,0,0,0,0,0,0,100,0,0,0,0,0,0,0,0,0,0,100,0,0,0,0,0,0,0,0,0,1,0,0,1,0,0,0,0,1,0,0,0
0,0,0,0,0,100,0,0,0,0,0,0,0,0,0,0,100,0,0,0,0,0,0,0,0,0,0,100,0,0,0,0,0,0,0,0,0,1,0,0,1,0,0,0,0,1,0,0,0
0,0,0,0,0,100,0,0,0,0,0,0,0,0,0,0,100,0,0,0,0,0,0,0,0,0,0,100,0,0,0,0,0,0,0,0,0,1,0,0,1,0,0,0,0,1,0,0,0
0,0,0,0,0,100,0,0,0,0,0,0,0,0,0,0,100,0,0,0,0,0,0,0,0,0,0,100,0,0,0,0,0,0,0,0,0,1,0,0,1,0,0,0,0,1,0,0,0
0,0,0,0,0,100,0,0,0,0,0,0,0,0,0,0,100,0,0,0,0,0,0,0,0,0,0,100,0,0,0,0,0,0,0,0,0,1,0,0,1,0,0,0,0,1,0,0,0
0,0,0,0,0,100,0,0,0,0,0,0,0,0,0,19.749,80.251,0,0,0,0,0,0,0,0,0,0,80.251,19.749,0,0,0,0,0,0,0,0,1,0,0,1,0,0,0,0,1,0,0,0
0,0,0,0,0,100,0,0,0,0,0,0,0,0,0,0,100,0,0,0,0,0,0,0,0,0,0,100,0,0,0,0,0,0,0,0,0,1,0,0,1,0,0,0,0,1,0,0,0
0,0,0,0,0,100,0,0,0,0,0,0,0,0,0,0,100,0,0,0,0,0,0,0,0,0,0,100,0,0,0,0,0,0,0,0,0,1,0,0,1,0,0,0,0,1,0,0,0
0,0,0,0,0,100,0,0,0,0,0,0,0,0,0,0,100,0,0,0,0,0,0,0,0,0,0,100,0,0,0,0,0,0,0,0,0,1,0,0,1,0,0,0,0,1,0,0,0
0,0,0,0,0,100,0,0,0,0,0,0,0,0,0,0,100,0,0,0,0,0,0,0,0,0,0,100,0,0,0,0,0,0,0,0,0,1,0,0,1,0,0,0,0,1,0,0,0
0,0,0,0,0,100,0,0,0,0,0,0,0,0,0,0,100,0,0,0,0,0,0,0,0,0,0,100,0,0,0,0,0,0,0,0,0,1,0,0,1,0,0,0,0,1,0,0,0
10.212,0,0,0,0,89.788,0,0,0,0,0,10.212,0,0,0,10.212,48.938,30.637,0,0,0,0,0,0,0,0,10.212,59.151,20.425,10.212,0,0,0,0,0,0,0,1,0,0,1,0,0,0,0,1,0,0,0
0,0,0,0,0,100,0,0,0,0,0,0,0,0,0,0,100,0,0,0,0,0,0,0,0,0,0,100,0,0,0,0,0,0,0,0,0,1,0,0,1,0,0,0,0,1,0,0,0
25.585,25.585,16.276,0,0,32.553,0,0,0,0,0,12.793,0,0,0,12.793,48.829,0,12.793,0,12.793,0,16.276,12.793,12.793,0,12.793,45.345,0,0,0,0,0,0,0,0,0,1,0,0,1,0,0,0,0,1,0,0,0
0,0,0,0,0,100,0,0,0,0,0,0,0,0,0,0,100,0,0,0,0,0,0,0,0,0,0,100,0,0,0,0,0,0,0,0,0,1,0,0,1,0,0,0,0,1,0,0,0
0,0,0,0,0,100,0,0,0,0,0,0,0,0,0,0,100,0,0,0,0,0,0,0,0,0,0,100,0,0,0,0,0,0,0,0,0,1,0,0,1,0,0,0,0,1,0,0,0
0,0,0,0,0,100,0,0,0,0,0,0,0,0,0,0,100,0,0,0,0,0,0,0,0,0,0,100,0,0,0,0,0,0,0,0,0,1,0,0,1,0,0,0,0,1,0,0,0
0,0,0,0,0,100,0,0,0,0,0,0,0,0,0,0,100,0,0,0,0,0,0,0,0,0,0,100,0,0,0,0,0,0,0,0,0,1,0,0,1,0,0,0,0,1,0,0,0
0,0,0,0,0,100,0,0,0,0,0,0,0,0,0,0,100,0,0,0,0,0,0,0,0,0,0,100,0,0,0,0,0,0,0,0,0,1,0,0,1,0,0,0,0,1,0,0,0
0,14.578,30.193,0,0,55.229,0,0,0,0,0,0,0,0,0,0,85.422,0,14.578,0,0,0,30.193,14.578,0,0,0,55.229,0,0,0,0,0,0,0,0,0,1,0,0,1,0,0,0,0,1,0,0,0
0,0,0,0,0,100,0,0,0,0,0,0,0,0,0,0,100,0,0,0,0,0,0,0,0,0,0,100,0,0,0,0,0,0,0,0,0,1,0,0,1,0,0,0,0,1,0,0,0
0,0,33.333,0,0,66.667,0,0,0,0,0,0,0,0,0,11.89,88.11,0,0,0,0,0,33.333,0,0,0,0,66.667,0,0,0,0,0,0,0,0,0,1,0,0,1,0,0,0,0,1,0,0,0
0,0,0,0,0,100,0,0,0,0,0,0,0,0,0,0,100,0,0,0,0,0,0,0,0,0,0,100,0,0,0,0,0,0,0,0,0,1,0,0,1,0,0,0,0,1,0,0,0
0,0,0,0,0,100,0,0,0,0,0,0,0,0,0,0,100,0,0,0,0,0,0,0,0,0,0,100,0,0,0,0,0,0,0,0,0,1,0,0,1,0,0,0,0,1,0,0,0
0,0,0,0,0,100,0,0,0,0,0,0,0,0,0,0,100,0,0,0,0,0,0,0,0,0,0,100,0,0,0,0,0,0,0,0,0,1,0,0,1,0,0,0,0,1,0,0,0
0,0,0,0,0,100,0,0,0,0,0,0,0,0,0,0,100,0,0,0,0,0,0,0,0,0,0,100,0,0,0,0,0,0,0,0,0,1,0,0,1,0,0,0,0,1,0,0,0
0,0,0,0,0,100,0,0,0,0,0,0,0,0,0,0,100,0,0,0,0,0,0,0,0,0,0,100,0,0,0,0,0,0,0,0,0,1,0,0,1,0,0,0,0,1,0,0,0
0,0,0,0,20.35,79.65,0,0,0,0,0,0,0,0,6.4096,24.787,68.803,0,0,0,0,0,0,0,0,0,10.847,54.863,13.941,0,13.941,6.4096,0,0,0,0,1,0,0,0,1,0,0,0,0,1,0,0,0
0,0,11.47,0,22.132,31.986,0,0,0,22.941,11.47,11.47,0,0,22.132,0,31.986,11.47,11.47,11.47,0,0,0,0,11.47,0,0,31.986,0,34.411,0,22.132,0,0,0,0,0,1,0,0,1,0,0,0,0,1,0,0,0
0,0,0,0,6.8438,93.156,0,0,0,0,0,0,0,0,6.8438,42.814,23.853,26.489,0,0,0,0,0,0,0,0,47.896,23.853,21.407,0,0,6.8438,0,0,0,0,1,0,0,0,1,0,0,0,0,1,0,0,0
0,0,2.4229,0,11.712,25.856,7.5673,0,0,26.568,25.874,10.009,0,5.1444,18.288,0,15.866,29.269,8.2787,13.145,0,0,0,0,2.4229,9.9902,0,10.722,0,47.577,8.2787,5.1444,15.865,0,0,0,0.092308,0.90769,0,0,1,0,0,0,0,1,0,0,1
0,0,0,0,24.489,75.511,0,0,0,0,0,0,0,0,15.47,17.689,48.977,17.863,0,0,0,0,0,0,0,0,17.689,48.977,8.8447,0,9.0183,15.47,0,0,0,0,0.7561,0.2439,0,0,1,0,0,0,0,1,0,0,0
0,0,0,0,5.1926,94.807,0,0,0,0,0,0,0,0,0,27.296,66.667,6.0372,0,0,0,0,0,0,0,0,28.141,61.474,5.1926,0,5.1926,0,0,0,0,0,0.83019,0.16981,0,0,1,0,0,0,0,1,0,0,0
0,0,0,0,0,100,0,0,0,0,0,0,0,0,0,0,66.667,33.333,0,0,0,0,0,0,0,0,33.333,66.667,0,0,0,0,0,0,0,0,1,0,0,0,1,0,0,0,0,1,0,0,0
2.9615,0,11.082,0,8.0441,11.998,5.999,0,0,31.048,28.868,18.456,2.9615,2.9615,21.494,0,0,29.003,11.082,11.082,2.9615,0,0,0,11.082,11.998,0,0,0,49.504,8.9605,8.0441,10.412,0,0,0,0,1,0,0,1,0,0,0,0,1,0,0,1
14.735,12.04,2.066,0,8.2947,21.563,11.677,0,0,22.915,6.7095,7.0488,2.5957,2.5622,6.2133,5.1578,14.769,38.739,8.809,2.066,12.04,0,9.6444,0,2.066,28.378,0,7.6865,0,22.776,13.262,12.04,4.1473,0,0,0,0.071429,0.92857,0,0,1,0,0,0,0,1,0,0,1
0,0,0,0,0,100,0,0,0,0,0,0,0,0,0,29.514,60.2,10.286,0,0,0,0,0,0,0,0,29.514,60.2,10.286,0,0,0,0,0,0,0,1,0,0,0,1,0,0,0,0,1,0,0,0
25.298,17.263,0,0,8.0352,17.263,0,0,0,24.106,8.0352,8.0352,8.0352,8.0352,0,17.263,17.263,33.333,0,0,8.0352,0,0,0,0,17.263,0,34.526,0,32.141,8.0352,8.0352,0,0,0,0,0.73529,0.26471,0,0,1,0,0,0,0,1,0,0,0
3.2385,5.7126,0,0,0,72.999,0,0,0,18.05,0,0,0,3.2385,0,18.05,72.999,0,5.7126,0,0,0,0,0,2.4742,3.2385,3.2385,72.999,0,18.05,0,0,0,0,0,0,1,0,0,0,1,0,0,0,0,1,0,0,0
25,25,0,0,0,50,0,0,0,0,0,0,0,25,0,0,50,0,25,0,0,0,0,0,0,25,25,50,0,0,0,0,0,0,0,0,0.88,0.12,0,0,1,0,0,0,0,1,0,0,0
20.418,24.73,0,0,0,37.915,0,0,0,16.937,0,0,0,20.418,0,16.937,37.915,0,24.73,0,0,0,0,0,21.249,3.4806,20.418,37.915,0,16.937,0,0,0,0,0,0,0,1,0,0,1,0,0,0,0,1,0,0,0
4.7793,48.054,0,0,0,36.913,0,0,0,10.253,0,0,0,4.7793,0,10.253,36.913,0,48.054,0,0,0,0,0,4.7793,43.275,4.7793,36.913,0,10.253,0,0,0,0,0,0,0.020833,0.97917,0,0,1,0,0,0,0,1,0,0,0
0,0,10.21,0,34.685,0,0,0,0,32.658,22.447,10.21,0,0,22.447,0,0,34.685,22.447,10.21,0,0,0,0,10.21,0,0,0,0,55.105,12.237,10.21,12.237,0,0,0,0,1,0,0,1,0,0,0,0,1,0,0,0
0,0,0,0,0,100,0,0,0,0,0,0,0,0,0,0,100,0,0,0,0,0,0,0,0,0,0,100,0,0,0,0,0,0,0,0,0,1,0,0,1,0,0,0,0,1,0,0,0
28.701,5.3273,0,0,1.8406,43.611,13.158,0,0,5.5218,1.8406,14.998,1.8406,1.8406,0,5.3273,51.986,22.166,0,0,1.8406,0,13.158,0,0,18.485,0,44.156,0,7.3624,14.998,1.8406,0,0,0,0,0.012658,0.98734,0,0,1,0,0,0,0,1,0,0,0
0,0,0,0,0,100,0,0,0,0,0,0,0,0,0,0,100,0,0,0,0,0,0,0,0,0,0,100,0,0,0,0,0,0,0,0,0,1,0,0,1,0,0,0,0,1,0,0,0
25.037,21.255,0,0,0,20.266,6.0938,0,0,21.255,6.0938,0,0,6.0938,0,6.0938,39.208,27.349,0,0,21.255,0,0,0,0,27.349,0,45.302,0,6.0938,0,21.255,0,0,0,0,0,1,0,0,1,0,0,0,0,1,0,0,0
0,0,0,0,0,100,0,0,0,0,0,0,0,0,0,0,100,0,0,0,0,0,0,0,0,0,0,100,0,0,0,0,0,0,0,0,0,1,0,0,1,0,0,0,0,1,0,0,0
28.645,0,0,0,0,59.167,6.0938,0,0,0,6.0938,0,0,10.889,0,6.0938,76.923,6.0938,0,0,0,0,0,0,0,10.889,0,83.017,0,6.0938,0,0,0,0,0,0,0,1,0,0,1,0,0,0,0,1,0,0,0
8.4118,0,0,0,0,81.502,0,0,0,5.0431,5.0431,0,0,0,5.0431,5.0431,89.914,0,0,0,0,0,0,0,0,0,0,89.914,5.0431,0,5.0431,0,0,0,0,0,0,1,0,0,1,0,0,0,0,1,0,0,0
12.479,1.8134,0,0,2.2537,60.346,0,0,0,7.4873,15.621,0,12.479,0,4.067,17.228,54.672,0,2.2537,9.3006,0,0,0,0,1.8134,0,12.479,60.346,11.554,6.3207,7.4873,0,0,0,0,0,0,1,0,0,1,0,0,0,0,1,0,0,0
23.405,7.3509,0,0,0,62.985,3.1292,0,0,0,3.1292,0,0,3.1292,0,10.48,75.91,10.48,0,0,0,0,0,0,0,10.48,0,86.391,0,3.1292,0,0,0,0,0,0,0,1,0,0,1,0,0,0,0,1,0,0,0
11.38,0,0,0,0,88.62,0,0,0,0,0,0,3.9867,0,0,0,96.013,0,0,0,0,0,0,0,0,0,3.9867,96.013,0,0,0,0,0,0,0,0,0,1,0,0,1,0,0,0,0,1,0,0,0
15.197,0,0,0,0,80.721,0,0,0,2.0411,2.0411,0,15.197,0,2.0411,2.0411,80.721,0,0,0,0,0,0,0,0,0,15.197,80.721,2.0411,0,2.0411,0,0,0,0,0,0,1,0,0,1,0,0,0,0,1,0,0,0
5.2879,2.3693,0,0,5.2522,57.306,0,0,0,7.2706,22.514,0,5.2879,0,14.892,12.523,59.676,0,5.2522,2.3693,0,0,0,0,2.3693,0,5.2879,57.306,14.892,12.874,7.2706,0,0,0,0,0,0,1,0,0,1,0,0,0,0,1,0,0,0
3.7162,0,0,0,0,82.038,0,0,0,7.1227,7.1227,0,3.7162,0,3.4064,10.839,78.322,0,0,3.7162,0,0,0,0,0,0,3.7162,82.038,7.1227,0,7.1227,0,0,0,0,0,0,1,0,0,1,0,0,0,0,1,0,0,0
7.834,4.1144,0,0,0,76.296,0,0,0,11.756,0,0,0,7.834,0,13.518,74.534,0,4.1144,0,0,0,0,0,4.1144,3.7197,4.1144,76.296,0,11.756,0,0,0,0,0,0,0,1,0,0,1,0,0,0,0,1,0,0,0
0,8.3132,6.9892,0,0,84.698,0,0,0,0,0,0,0,0,0,20.278,74.129,0,5.5927,0,0,0,6.9892,0,8.3132,0,0,84.698,0,0,0,0,0,0,0,0,0,1,0,0,1,0,0,0,0,1,0,0,0
0,0,16.565,0,0,83.435,0,0,0,0,0,0,0,0,0,7.7186,92.281,0,0,0,0,0,16.565,0,0,0,0,83.435,0,0,0,0,0,0,0,0,0,1,0,0,1,0,0,0,0,1,0,0,0
5.9317,9.3597,0,0,0,80.431,0,0,0,4.2775,0,0,0,5.9317,0,11.997,72.712,0,9.3597,0,0,0,0,0,3.428,5.9317,5.9317,80.431,0,4.2775,0,0,0,0,0,0,0,1,0,0,1,0,0,0,0,1,0,0,0
0,1.7382,13.423,0,0,84.839,0,0,0,0,0,0,0,0,0,4.6604,93.601,0,1.7382,0,0,0,13.423,0,1.7382,0,0,84.839,0,0,0,0,0,0,0,0,0,1,0,0,1,0,0,0,0,1,0,0,0
0,0,15.135,0,0,84.865,0,0,0,0,0,0,0,0,0,21.507,78.493,0,0,0,0,0,15.135,0,0,0,0,84.865,0,0,0,0,0,0,0,0,0,1,0,0,1,0,0,0,0,1,0,0,0
0,0,36.085,0,0,63.915,0,0,0,0,0,0,0,0,0,11.673,88.327,0,0,0,0,0,36.085,0,0,0,0,63.915,0,0,0,0,0,0,0,0,0,1,0,0,1,0,0,0,0,1,0,0,0
0,0,0,0,0,100,0,0,0,0,0,0,0,0,0,0,100,0,0,0,0,0,0,0,0,0,0,100,0,0,0,0,0,0,0,0,0,1,0,0,1,0,0,0,0,1,0,0,0
0,0,33.333,0,0,66.667,0,0,0,0,0,0,0,0,0,19.08,80.92,0,0,0,0,0,33.333,0,0,0,0,66.667,0,0,0,0,0,0,0,0,0,1,0,0,1,0,0,0,0,1,0,0,0
0,0,0,0,0,100,0,0,0,0,0,0,0,0,0,0,100,0,0,0,0,0,0,0,0,0,0,100,0,0,0,0,0,0,0,0,0,1,0,0,1,0,0,0,0,1,0,0,0
0,0,0,0,0,100,0,0,0,0,0,0,0,0,0,0,100,0,0,0,0,0,0,0,0,0,0,100,0,0,0,0,0,0,0,0,0,1,0,0,1,0,0,0,0,1,0,0,0
0,0,0,0,0,100,0,0,0,0,0,0,0,0,0,0,100,0,0,0,0,0,0,0,0,0,0,100,0,0,0,0,0,0,0,0,0,1,0,0,1,0,0,0,0,1,0,0,0
0,0,0,0,0,100,0,0,0,0,0,0,0,0,0,0,100,0,0,0,0,0,0,0,0,0,0,100,0,0,0,0,0,0,0,0,0,1,0,0,1,0,0,0,0,1,0,0,0
0,0,0,0,0,100,0,0,0,0,0,0,0,0,0,0,100,0,0,0,0,0,0,0,0,0,0,100,0,0,0,0,0,0,0,0,0,1,0,0,1,0,0,0,0,1,0,0,0
