h1,h2,h3,h4,h5,h6,h7,h8,h9,h10,h11,h12,h13,h14,h15,h16,h17,h18,h19,h20,h21,h22,h23,h24,h25,h26,h27,h28,h29,h30,h31,h32,h33,h34,h35,h36,h37,h38,h39,h40,h41,h42,h43,h44,h45,h46,h47,h48,label
0,0,0,0,0,100,0,0,0,0,0,0,0,0,0,0,100,0,0,0,0,0,0,0,0,0,0,100,0,0,0,0,0,0,0,0,0,1,0,0,1,0,0,0,0,1,0,0,0
0,0,0,0,0,100,0,0,0,0,0,0,0,0,0,0,100,0,0,0,0,0,0,0,0,0,0,100,0,0,0,0,0,0,0,0,0,1,0,0,1,0,0,0,0,1,0,0,0
0,0,0,0,0,100,0,0,0,0,0,0,0,0,0,0,100,0,0,0,0,0,0,0,0,0,0,100,0,0,0,0,0,0,0,0,0,1,0,0,1,0,0,0,0,1,0,0,0
0,0,0,0,0,100,0,0,0,0,0,0,0,0,0,0,100,0,0,0,0,0,0,0,0,0,0,100,0,0,0,0,0,0,0,0.021739,0.054348,0.92391,0,0,1,0,0,0,0,1,0,0,0
0,0,0,0,0,100,0,0,0,0,0,0,0,0,0,0,100,0,0,0,0,0,0,0,0,0,0,100,0,0,0,0,0,0,0,0,0.010309,0.98969,0,0,1,0,0,0,0,1,0,0,0
0,0,0,0,0,100,0,0,0,0,0,0,0,0,0,0,100,0,0,0,0,0,0,0,0,0,0,100,0,0,0,0,0,0,0,0,0,1,0,0,1,0,0,0,0,1,0,0,0
0,0,0,0,0,100,0,0,0,0,0,0,0,0,0,0,100,0,0,0,0,0,0,0,0,0,0,100,0,0,0,0,0,0,0,0,0,1,0,0,1,0,0,0,0,1,0,0,0
0,0,0,0,0,100,0,0,0,0,0,0,0,0,0,0,100,0,0,0,0,0,0,0,0,0,0,100,0,0,0,0,0,0,0,0,0,1,0,0,1,0,0,0,0,1,0,0,0
0,0,0,0,0,100,0,0,0,0,0,0,0,0,0,0,100,0,0,0,0,0,0,0,0,0,0,100,0,0,0,0,0,0,0,0,0.10714,0.89286,0,0,1,0,0,0,0,1,0,0,0
0,0,0,0,0,100,0,0,0,0,0,0,0,0,0,0,100,0,0,0,0,0,0,0,0,0,0,100,0,0,0,0,0,0,0,0,0,1,0,0,1,0,0,0,0,1,0,0,0
0,0,0,0,0,100,0,0,0,0,0,0,0,0,0,0,100,0,0,0,0,0,0,0,0,0,0,100,0,0,0,0,0,0,0,0,0,1,0,0,1,0,0,0,0,1,0,0,0
0,0,0,0,0,100,0,0,0,0,0,0,0,0,0,0,100,0,0,0,0,0,0,0,0,0,0,100,0,0,0,0,0,0,0,0,0,1,0,0,1,0,0,0,0,1,0,0,0
0,0,0,0,0,100,0,0,0,0,0,0,0,0,0,0,100,0,0,0,0,0,0,0,0,0,0,92.302,7.6983,0,0,0,0,0,0,0,0,1,0,0,1,0,0,0,0,1,0,0,0
0,0,0,0,11.313,88.687,0,0,0,0,0,0,0,0,0,10.41,89.59,0,0,0,0,0,0,0,0,0,0,78.277,10.41,11.313,0,0,0,0,0,0,0,1,0,0,1,0,0,0,0,1,0,0,0
0,0,0,0,23.098,76.902,0,0,0,0,0,0,0,0,0,16.596,83.404,0,0,0,0,0,0,0,0,0,0,68.834,8.068,23.098,0,0,0,0,0,0,0,1,0,0,1,0,0,0,0,1,0,0,0
0,0,0,0,0,100,0,0,0,0,0,0,0,0,0,0,100,0,0,0,0,0,0,0,0,0,0,100,0,0,0,0,0,0,0,0,0,1,0,0,1,0,0,0,0,1,0,0,0
0,0,0,0,0,100,0,0,0,0,0,0,0,0,0,0,100,0,0,0,0,0,0,0,0,0,0,100,0,0,0,0,0,0,0,0,0,1,0,0,1,0,0,0,0,1,0,0,0
0,0,0,0,0,100,0,0,0,0,0,0,0,0,0,0,100,0,0,0,0,0,0,0,0,0,0,100,0,0,0,0,0,0,0,0,0,1,0,0,1,0,0,0,0,1,0,0,0
0,0,0,0,0,100,0,0,0,0,0,0,0,0,0,0,100,0,0,0,0,0,0,0,0,0,0,100,0,0,0,0,0,0,0,0,0,1,0,0,1,0,0,0,0,1,0,0,0
0,0,0,0,0,100,0,0,0,0,0,0,0,0,0,0,100,0,0,0,0,0,0,0,0,0,0,100,0,0,0,0,0,0,0,0,0,1,0,0,1,0,0,0,0,1,0,0,0
0,0,0,0,0,100,0,0,0,0,0,0,0,0,0,0,100,0,0,0,0,0,0,0,0,0,0,100,0,0,0,0,0,0,0,0,0,1,0,0,1,0,0,0,0,1,0,0,0
0,0,0,0,0,100,0,0,0,0,0,0,0,0,0,0,100,0,0,0,0,0,0,0,0,0,0,100,0,0,0,0,0,0,0,0,0,1,0,0,1,0,0,0,0,1,0,0,0
0,0,0,0,0,100,0,0,0,0,0,0,0,0,0,0,100,0,0,0,0,0,0,0,0,0,0,100,0,0,0,0,0,0,0,0,0,1,0,0,1,0,0,0,0,1,0,0,0
0,0,0,0,0,100,0,0,0,0,0,0,0,0,0,0,100,0,0,0,0,0,0,0,0,0,0,100,0,0,0,0,0,0,0,0,0,1,0,0,1,0,0,0,0,1,0,0,0
0,0,0,0,0,100,0,0,0,0,0,0,0,0,0,0,100,0,0,0,0,0,0,0,0,0,0,100,0,0,0,0,0,0,0,0,0,1,0,0,1,0,0,0,0,1,0,0,0
0,0,0,0,0,100,0,0,0,0,0,0,0,0,0,0,100,0,0,0,0,0,0,0,0,0,0,100,0,0,0,0,0,0,0,0,0,1,0,0,1,0,0,0,0,1,0,0,0
0,0,0,0,0,0,0,0,0,0,0,0,0,0,0,0,0,0,0,0,0,0,0,0,0,0,0,0,0,0,0,0,0,0,0,0,0,1,0,0,1,0,0,0,0,1,0,0,0
0,0,0,0,0,100,0,0,0,0,0,0,0,0,0,0,100,0,0,0,0,0,0,0,0,0,0,100,0,0,0,0,0,0,0,0,0,1,0,0,1,0,0,0,0,1,0,0,0
0,0,0,0,0,100,0,0,0,0,0,0,0,0,0,0,100,0,0,0,0,0,0,0,0,0,0,100,0,0,0,0,0,0,0,0,0,1,0,0,1,0,0,0,0,1,0,0,0
0,0,0,0,0,100,0,0,0,0,0,0,0,0,0,0,100,0,0,0,0,0,0,0,0,0,0,100,0,0,0,0,0,0,0,0,0,1,0,0,1,0,0,0,0,1,0,0,0
0,0,0,0,0,100,0,0,0,0,0,0,0,0,0,0,100,0,0,0,0,0,0,0,0,0,0,100,0,0,0,0,0,0,0,0,0,1,0,0,1,0,0,0,0,1,0,0,0
0,0,0,0,0,100,0,0,0,0,0,0,0,0,0,0,100,0,0,0,0,0,0,0,0,0,0,100,0,0,0,0,0,0,0,0,0,1,0,0,1,0,0,0,0,1,0,0,0
0,0,0,0,13.553,86.447,0,0,0,0,0,0,0,0,0,15.727,84.273,0,0,0,0,0,0,0,0,0,0,68.491,23.428,8.0812,0,0,0,0,0,0,0,1,0,0,1,0,0,0,0,1,0,0,0
0,0,0,0,0,100,0,0,0,0,0,0,0,0,0,0,100,0,0,0,0,0,0,0,0,0,0,100,0,0,0,0,0,0,0,0,0,1,0,0,1,0,0,0,0,1,0,0,0
0,0,0,0,16.584,83.416,0,0,0,0,0,0,0,0,0,0,85.234,0,14.766,0,0,0,0,0,0,0,0,83.416,9.5166,7.0674,0,0,0,0,0,0,0,1,0,0,1,0,0,0,0,1,0,0,0
0,0,0,0,14.544,85.456,0,0,0,0,0,0,0,0,0,16.51,75.783,0,7.7068,0,0,0,0,0,0,0,0,68.946,24.217,6.8371,0,0,0,0,0,0,0,1,0,0,1,0,0,0,0,1,0,0,0
0,0,0,0,17.97,82.03,0,0,0,0,0,0,0,0,0,9.9343,80.552,0,9.5139,0,0,0,0,0,0,0,0,82.03,8.0354,9.9343,0,0,0,0,0,0,0,1,0,0,1,0,0,0,0,1,0,0,0
0,0,0,0,0,100,0,0,0,0,0,0,0,0,0,0,100,0,0,0,0,0,0,0,0,0,0,100,0,0,0,0,0,0,0,0,0,1,0,0,1,0,0,0,0,1,0,0,0
0,0,0,0,6.3987,93.601,0,0,0,0,0,0,0,0,0,0,90.822,0,9.178,0,0,0,0,0,0,0,0,93.601,6.3987,0,0,0,0,0,0,0,0,1,0,0,1,0,0,0,0,1,0,0,0
0,0,0,0,0,100,0,0,0,0,0,0,0,0,0,0,100,0,0,0,0,0,0,0,0,0,0,100,0,0,0,0,0,0,0,0,0,1,0,0,1,0,0,0,0,1,0,0,0
0,0,0,0,0,100,0,0,0,0,0,0,0,0,0,0,100,0,0,0,0,0,0,0,0,0,0,100,0,0,0,0,0,0,0,0,0,1,0,0,1,0,0,0,0,1,0,0,0
0,0,0,0,14.614,85.386,0,0,0,0,0,0,0,0,0,0,90.03,0,9.9695,0,0,0,0,0,0,0,0,85.386,14.614,0,0,0,0,0,0,0,0,1,0,0,1,0,0,0,0,1,0,0,0
0,0,0,0,0,100,0,0,0,0,0,0,0,0,0,0,93.546,0,6.4538,0,0,0,0,0,0,0,0,100,0,0,0,0,0,0,0,0,0,1,0,0,1,0,0,0,0,1,0,0,0
0,0,0,0,0,100,0,0,0,0,0,0,0,0,0,0,100,0,0,0,0,0,0,0,0,0,0,100,0,0,0,0,0,0,0,0,0,1,0,0,1,0,0,0,0,1,0,0,0
0,0,0,0,0,100,0,0,0,0,0,0,0,0,0,0,100,0,0,0,0,0,0,0,0,0,0,91.195,8.8051,0,0,0,0,0,0,0,0,1,0,0,1,0,0,0,0,1,0,0,0
0,0,0,0,0,87.815,0,0,12.185,0,0,0,0,0,0,0,94.855,5.1445,0,0,0,0,0,0,0,0,0,77.526,10.289,0,0,0,12.185,0,0,0,0,1,0,0,1,0,0,0,0,1,0,0,0
0,0,0,0,0,100,0,0,0,0,0,0,0,0,0,9.3321,73.03,17.638,0,0,0,0,0,0,0,0,0,64.724,35.276,0,0,0,0,0,0,0,0,1,0,0,1,0,0,0,0,1,0,0,0
0,0,0,0,0,100,0,0,0,0,0,0,0,0,0,16.002,78.108,5.8908,0,0,0,0,0,0,0,0,0,62.739,37.261,0,0,0,0,0,0,0,0,1,0,0,1,0,0,0,0,1,0,0,0
0,0,0,0,0,91.932,0,0,8.0676,0,0,0,0,0,0,6.8026,86.395,6.8026,0,0,0,0,0,0,0,0,0,68.587,23.346,0,0,0,8.0676,0,0,0,0,1,0,0,1,0,0,0,0,1,0,0,0
0,0,0,0,0,91.771,0,0,8.2285,0,0,0,0,0,0,14.467,71.065,14.467,0,0,0,0,0,0,0,0,0,62.836,28.935,0,0,0,8.2285,0,0,0,0,1,0,0,1,0,0,0,0,1,0,0,0
0,0,5.2279,0,0,86.299,0,0,8.473,0,0,0,0,0,0,10.498,84.274,5.2279,0,0,0,0,0,5.2279,0,0,5.2279,70.573,10.498,0,0,0,8.473,0,0,0,0,1,0,0,1,0,0,0,0,1,0,0,0
0,0,6.0929,0,0,71.699,0,0,22.208,0,0,6.0929,0,0,0,0,87.814,2.9862,0,3.1067,0,0,0,2.9862,3.1067,0,10.307,61.391,0,0,6.0929,0,16.115,0,0,0,0,1,0,0,1,0,0,0,0,1,0,0,0
0,0,15.85,0,6.8684,49.523,0,0,27.759,0,0,19.885,0,0,0,0,47.038,15.85,0,17.227,0,0,0,5.4909,10.359,0,18.408,31.115,0,0,19.885,6.8684,7.8737,0.092593,0,0,0.018519,0.88889,0,0,1,0,0,0,0,1,0,0,0
0,0,0,0,0,73.471,0,0,26.529,0,0,0,0,0,0,0,100,0,0,0,0,0,0,0,0,0,0,73.471,0,0,0,0,26.529,0.10526,0,0,0.026316,0.86842,0,0,1,0,0,0,0,1,0,0,0
0,0,0,0,0,66.667,0,0,33.333,0,0,0,0,0,0,0,100,0,0,0,0,0,0,0,0,0,0,66.667,0,0,0,0,33.333,0.8,0,0,0,0.2,0,0,1,0,0,0,0,1,0,0,0
0,0,0,0,0,77.717,0,0,22.283,0,0,0,0,0,0,0,92.769,7.2306,0,0,0,0,0,0,0,0,0,63.255,14.461,0,0,0,22.283,0.12308,0,0,0.061538,0.81538,0,0,1,0,0,0,0,1,0,0,0
0,0,0,0,0,67.226,0,0,32.774,0,0,0,0,0,0,0,100,0,0,0,0,0,0,0,0,0,0,67.226,0,0,0,0,32.774,0.94545,0,0.018182,0.036364,0,0,0,1,0,0,0,0,1,0,0,0
0,0,0,0,0,80.037,0,0,19.963,0,0,0,0,0,0,9.6805,90.32,0,0,0,0,0,0,0,0,0,0,70.356,9.6805,0,0,0,19.963,0.14286,0,0,0,0.85714,0,0,1,0,0,0,0,1,0,0,0
0,0,0,0,0,71.023,0,0,28.977,0,0,0,0,0,0,0,100,0,0,0,0,0,0,0,0,0,0,71.023,0,0,0,0,28.977,0.92,0,0,0.016,0.064,0,0,1,0,0,0,0,1,0,0,0
0,0,2.8072,0,0,78.486,0,0,18.707,0,0,0,0,0,0,0,97.193,2.8072,0,0,0,0,0,2.8072,0,0,6.3424,72.144,0,0,0,0,18.707,0.11429,0,0.014286,0.014286,0.85714,0,0,1,0,0,0,0,1,0,0,0
0,0,4.5445,0,0,68.014,0,0,27.442,0,0,4.5445,0,0,0,0,90.911,4.5445,0,0,0,0,0,4.5445,0,0,0,68.014,0,0,4.5445,0,22.897,0.90566,0,0,0.075472,0.018868,0,0,1,0,0,0,0,1,0,0,0
0,0,17.791,0,0,60.79,0,0,21.419,0,0,11.383,0,0,0,0,70.827,14.235,0,3.5559,0,0,0,14.235,3.5559,0,6.4078,54.382,0,0,11.383,0,10.036,0.23256,0,0,0,0.76744,0,0,1,0,0,0,0,1,0,0,0
0,0,4.9736,0,0,77.885,0,0,17.141,0,0,2.4565,0,0,0,0,85.748,9.3391,0,2.4565,0,0,0,2.5171,2.4565,0,19.951,57.934,0,0,2.4565,0,14.685,1,0,0,0,0,0,0,1,0,0,0,0,1,0,0,0
0,3.6757,23.148,0,7.3513,39.001,0,0,23.148,0,3.6757,23.148,0,0,0,3.6757,18.267,17.059,3.6757,26.824,3.6757,3.6757,0,0,23.148,0,17.059,21.942,3.6757,0,30.499,3.6757,0,0.17143,0,0.028571,0.028571,0.77143,0,0,1,0,0,0,0,1,0,0,0
0,0,7.6932,0,14.291,56.031,0,0,21.985,0,0,21.985,0,0,0,0,49.811,6.2199,0,21.985,0,0,0,0,7.6932,0,6.2199,49.811,0,0,21.985,14.291,0,0.64935,0.012987,0.16883,0.1039,0.064935,0,0,1,0,0,0,0,1,0,0,0
0,3.8018,0,0,33.176,17.295,8.2306,0,20.585,0,16.911,7.2925,2.4735,16.393,0,8.8577,5.9642,4.4288,22.783,25.532,2.4735,3.8018,0,0,0,8.2306,0,12.348,6.2752,29.686,24.204,19.257,0,0.038462,0,0,0.076923,0.88462,0,0,1,0,0,0,0,1,0,0,0
0,15.378,1.1135,0,23.084,7.5441,16.493,0,28.679,0,7.7083,11.258,2.227,13.875,0,1.4614,3.8558,0,22.736,29.293,3.7716,11.522,0,1.1135,3.8558,16.493,0,3.7716,12.636,21.358,23.003,17.769,0,0,0,0,0.52381,0.47619,0,0,1,0,0,0,0,1,0,0,0
6.215,9.7749,0,5.1555,22.372,10.834,16.526,0,11.722,6.215,11.186,0,0,6.5664,0,9.7749,10.311,11.37,17.752,28.771,4.6194,10.834,0,5.1555,17.585,5.1555,0,10.834,4.6194,13.133,22.02,21.497,0,0,0,0,0,1,0,0,1,0,0,0,0,1,0,0,0
0,11.091,0,0,25.266,22.821,9.23,0,11.126,0,20.466,5.5628,4.9792,8.6464,0,12.863,4.9792,3.6672,11.091,26.612,10.508,11.091,0,0,0,9.23,0,12.863,16.07,14.209,31.557,16.07,0,0,0,0,0,1,0,0,1,0,0,0,0,1,0,0,0
6.0122,10.84,6.0122,4.8274,12.275,23.966,21.346,0,4.8274,6.5963,3.2981,0,0,8.9769,3.2981,25.495,24.977,10.506,0,11.424,9.3104,6.0122,0,16.852,10.84,16.518,0,14.656,0,8.9769,19.205,12.953,0,0,0,0.023256,0.023256,0.95349,0,0,1,0,0,0,0,1,0,0,0
6.9891,3.1464,15.524,0,7.5981,32.083,10.078,0,5.6215,8.9312,10.029,0,3.0887,2.5328,9.3126,12.567,25.611,7.0857,4.3551,25.312,3.1464,6.9891,0,18.671,10.832,6.2351,1.2664,13.286,9.3184,11.42,17.018,11.953,0,0,0,0.41379,0.27586,0.31034,0,0,1,0,0,0,0,1,0,0,0
0,0,12.226,0,11.105,35.558,0,0,0,23.332,17.779,0,0,5.5526,30.005,5.5526,30.005,0,0,23.332,5.5526,0,0,12.226,0,0,0,17.779,12.226,17.779,34.437,5.5526,0,0,0,0,0,1,0,0,1,0,0,0,0,1,0,0,0
0,0,5.7434,0,12.425,36.158,1.9145,0,7.8141,16.41,19.535,0,1.9145,9.5161,5.5309,16.623,29.264,3.2776,1.9145,28.344,3.6165,0,0,5.7434,0,1.9145,0,14.708,12.641,12.086,36.284,16.623,0,0,0,0,0,1,0,0,1,0,0,0,0,1,0,0,0
0,0,0,0,0,0,0,0,0,0,0,0,0,0,0,0,0,0,0,0,0,0,0,0,0,0,0,0,0,0,0,0,0,0.75,0,0,0.01087,0.23913,0,0,1,0,0,0,0,1,0,0,0
0,0,0,0,0,100,0,0,0,0,0,0,0,0,0,0,100,0,0,0,0,0,0,0,0,0,0,100,0,0,0,0,0,0.83158,0,0,0,0.16842,0,0,1,0,0,0,0,1,0,0,0
8.6737,0,0,0,0,91.326,0,0,0,0,0,8.6737,0,0,0,0,91.326,0,0,0,0,0,0,0,0,0,0,91.326,8.6737,0,0,0,0,0.85882,0,0,0,0.14118,0,0,1,0,0,0,0,1,0,0,0
32.932,0,0,0,0,67.068,0,0,0,0,0,32.932,0,0,0,0,67.068,0,0,0,0,0,32.932,0,0,0,0,67.068,0,0,0,0,0,0.92308,0,0,0,0.076923,0,0,1,0,0,0,0,1,0,0,0
0,0,0,0,0,100,0,0,0,0,0,0,0,0,0,0,100,0,0,0,0,0,0,0,0,0,0,100,0,0,0,0,0,1,0,0,0,0,0,0,1,0,0,0,0,1,0,0,0
0,0,0,0,0,100,0,0,0,0,0,0,0,0,0,0,100,0,0,0,0,0,0,0,0,0,0,100,0,0,0,0,0,0.86517,0,0.011236,0.078652,0.044944,0,0,1,0,0,0,0,1,0,0,0
0,0,0,0,0,100,0,0,0,0,0,0,0,0,0,0,100,0,0,0,0,0,0,0,0,0,0,100,0,0,0,0,0,0.8913,0,0,0,0.1087,0,0,1,0,0,0,0,1,0,0,0
0,0,0,0,0,100,0,0,0,0,0,0,0,0,0,0,100,0,0,0,0,0,0,0,0,0,0,100,0,0,0,0,0,0.95604,0,0,0.010989,0.032967,0,0,1,0,0,0,0,1,0,0,0
0,0,0,0,0,100,0,0,0,0,0,0,0,0,0,0,100,0,0,0,0,0,0,0,0,0,0,100,0,0,0,0,0,1,0,0,0,0,0,0,1,0,0,0,0,1,0,0,0
13.92,0,0,0,0,86.08,0,0,0,0,0,13.92,0,0,0,0,86.08,0,0,0,0,0,0,0,0,0,0,86.08,13.92,0,0,0,0,0.92,0,0.04,0.04,0,0,0,1,0,0,0,0,1,0,0,0
0,0,0,0,0,100,0,0,0,0,0,0,0,0,0,0,100,0,0,0,0,0,0,0,0,0,0,100,0,0,0,0,0,0.49254,0,0.059701,0.28358,0.16418,0,0,1,0,0,0,0,1,0,0,0
33.333,0,0,0,0,66.667,0,0,0,0,0,33.333,0,0,0,0,66.667,0,0,0,0,0,0,0,0,0,0,66.667,33.333,0,0,0,0,1,0,0,0,0,0,0,1,0,0,0,0,1,0,0,0
0,0,0,0,0,100,0,0,0,0,0,0,0,0,0,0,100,0,0,0,0,0,0,0,0,0,0,100,0,0,0,0,0,0.89412,0,0.011765,0.070588,0.023529,0,0,1,0,0,0,0,1,0,0,0
0,0,0,0,0,100,0,0,0,0,0,0,0,0,0,0,100,0,0,0,0,0,0,0,0,0,0,100,0,0,0,0,0,0.69863,0,0.013699,0.10959,0.17808,0,0,1,0,0,0,0,1,0,0,0
0,0,0,0,0,100,0,0,0,0,0,0,0,0,0,0,83.159,16.841,0,0,0,0,0,0,0,0,16.841,83.159,0,0,0,0,0,0.75,0.013158,0.052632,0.078947,0.10526,0,0,1,0,0,0,0,1,0,0,0
0,0,16.877,0,0,58.339,0,0,24.783,0,0,16.877,0,0,0,0,57.274,16.877,0,8.9712,0,0,0,7.9061,8.9712,0,8.9712,49.368,0,0,16.877,0,7.9061,0.77143,0,0.057143,0.085714,0.085714,0,0,1,0,0,0,0,1,0,0,0
0,19.657,3.2263,0,1.9586,33.14,13.844,0,15.903,0,12.271,6.3949,5.1849,31.706,0,0,28.068,0,3.1136,17.179,8.3535,0,0,3.2263,19.657,13.844,0,22.301,1.9586,8.3535,19.193,11.467,0,0.91379,0,0.034483,0.051724,0,0,0,1,0,0,0,0,1,0,0,0
0,3.6027,6.6602,0,0,49.536,3.0575,0,10.842,26.302,0,0,18.976,10.842,0,0,43.421,0,3.0575,3.6027,20.101,0,0,6.6602,3.6027,3.0575,0,46.478,3.0575,0,29.359,7.7847,0,0.45588,0,0.10294,0.20588,0.23529,0,0,1,0,0,0,0,1,0,0,0
0,14.963,0,0,0,57.024,0,0,13.964,14.049,0,0,7.524,13.964,0,0,49.586,0,7.4389,7.4389,6.5248,7.524,0,0,7.4389,7.524,0,57.024,0,0,14.049,13.964,0,0.29412,0.058824,0.17647,0.41176,0.058824,0,0,1,0,0,0,0,1,0,0,0
0,13.328,8.5402,8.5402,0,47.723,0,17.883,0,3.9859,0,17.08,13.328,0,8.5402,0,39.183,0,0,0,0,21.868,17.883,8.5402,9.3424,3.9859,8.5402,30.642,0,0,12.526,8.5402,0,0.72973,0.027027,0.13514,0.10811,0,0,0,1,0,0,0,0,1,0,0,0
0,0,1.7859,1.7859,34.861,24.919,0,23.133,0,0,13.514,3.5718,0,0,1.7859,0,23.133,0,0,0,69.723,1.7859,1.7859,1.7859,0,0,23.133,0,48.375,0,1.7859,23.133,0,0,0,0,0,1,0,0,1,0,0,0,0,1,0,0,0
0,0,6.5093,0,17.254,36.831,1.3471,0,20.864,12.997,4.1976,0,1.3471,21.247,8.0127,17.717,16.43,6.2238,7.5709,19.722,1.7297,0,0,6.5093,0,1.3471,6.2238,18.838,8.6917,11.768,16.456,30.165,0,0,0,0.11111,0.22222,0.66667,0,0,1,0,0,0,0,1,0,0,0
4.6347,0,19.04,4.6347,0,52.762,0,9.2694,9.6583,0,0,0,0,0,4.6347,0,50.583,11.837,9.2694,0,11.837,11.837,21.496,4.6347,7.2028,4.6347,9.6583,38.469,0,0,9.2694,0,4.6347,0,0,0,0,1,0,0,1,0,0,0,0,1,0,0,0
0,0,5.7203,0,16.498,40.739,0,0,7.394,14.824,14.824,0,0,7.394,11.441,12.801,20.544,12.801,3.697,31.322,0,0,0,5.7203,0,0,3.697,18.521,9.4173,27.625,14.824,20.195,0,0,0,0,0,1,0,0,1,0,0,0,0,1,0,0,0
0,0,13.583,0,0,64.456,4.6793,15.518,1.7641,0,0,0,4.7908,0,0,9.8187,59.363,10.225,6.4434,0,7.5945,1.7641,16.669,13.583,3.5282,4.6793,3.0267,46.583,7.2512,0,2.9152,0,1.7641,0,0,0,0,1,0,0,1,0,0,0,0,1,0,0,0
0,0,6.784,0,0,55.861,3.392,30.571,3.392,0,0,0,15.07,0,0,0,50.967,20.395,6.784,0,3.392,3.392,27.179,6.784,6.784,3.392,11.678,29.113,11.678,0,0,0,3.392,0.058824,0,0.019608,0.058824,0.86275,0,0,1,0,0,0,0,1,0,0,0
0,0,0,0,0,100,0,0,0,0,0,0,0,0,0,0,100,0,0,0,0,0,0,0,0,0,0,100,0,0,0,0,0,0,0,0,0,1,0,0,1,0,0,0,0,1,0,0,0
0,0,20.671,0,0,49.422,4.6135,13.841,11.453,0,0,0,4.6135,0,0,0,72.13,1.6008,9.2271,0,6.2143,6.2143,17.667,17.469,10.828,4.6135,6.8392,29.727,8.2424,0,0,0,4.6135,0,0.025641,0.025641,0.025641,0.92308,0,0,1,0,0,0,0,1,0,0,0
0,0,0,0,0,100,0,0,0,0,0,0,0,0,0,0,100,0,0,0,0,0,0,0,0,0,0,100,0,0,0,0,0,0,0,0,0,1,0,0,1,0,0,0,0,1,0,0,0
0,0,1.5746,18.506,20.666,3.1493,0,18.506,0,0,37.598,20.081,0,0,1.5746,0,1.5746,0,0,0,75.196,1.5746,1.5746,18.506,0,0,1.5746,0,58.264,0,1.5746,18.506,0,0.6,0,0.11429,0.028571,0.25714,0,0,1,0,0,0,0,1,0,0,0
0,0,0,11.384,21.95,21.95,0,33.333,0,0,11.384,11.384,0,0,0,0,21.95,0,0,0,66.667,0,0,11.384,0,0,21.95,0,33.333,0,0,33.333,0,0.078947,0,0.026316,0.18421,0.71053,0,0,1,0,0,0,0,1,0,0,0
0,0,0,0,0,100,0,0,0,0,0,0,0,0,0,0,100,0,0,0,0,0,0,0,0,0,0,100,0,0,0,0,0,0,0,0,0,1,0,0,1,0,0,0,0,1,0,0,0
0,6.3423,0,0,22.248,23.669,6.2507,0,7.424,0,34.066,1.2828,8.6634,22.338,0,1.9341,13.072,0,11.651,27.245,11.88,1.9341,0,0,4.4082,6.2507,0,3.2169,10.598,19.663,39.125,16.739,0,1,0,0,0,0,0,0,1,0,0,0,0,1,0,0,0
0,13.65,3.5068,0,5.604,22.168,6.7412,0,30.806,0,17.524,13.65,9.3831,26.707,0,0,12.785,0,6.7412,11.208,16.292,3.2344,0,3.5068,10.415,6.7412,0,13.922,9.1108,16.019,24.265,16.019,0,0.31579,0.026316,0.34211,0.28947,0.026316,0,0,1,0,0,0,0,1,0,0,0
10.4,9.6145,17.627,3.9052,5.946,26.197,16.346,3.9052,1.3692,4.6903,0,0,1.3692,4.5768,1.3692,21.507,14.157,17.078,5.2744,10.75,9.6145,14.305,0,23.337,18.995,15.561,3.9052,15.213,0,5.946,10.4,6.6437,0,0,0,0,0,1,0,0,1,0,0,0,0,1,0,0,1
3.4364,12.311,18.632,7.4799,2.3595,17.837,15.107,5.8013,12.816,4.2194,0,0,6.579,0,3.7717,17.03,28.867,7.6324,6.7486,12.647,4.8486,11.875,2.6548,27.215,14.966,14.671,5.462,3.6021,0,2.3595,3.4364,24.22,1.4122,0,0,0,0,1,0,0,1,0,0,0,0,1,0,0,1
5.0973,7.4973,13.874,7.4973,7.5269,18.087,18.009,2.5153,7.9298,9.6763,2.2895,0,2.9478,2.2895,5.2374,15.682,18.149,15.11,5.4632,22.703,4.8049,7.6126,0,18.856,17.692,10.445,2.5153,10.335,0,5.2374,14.255,20.664,0,0,0,0.75,0.022727,0.22727,0,0,1,0,0,0,0,1,0,0,1
3.8859,9.108,11.39,3.8517,11.236,26.694,7.0358,3.6472,6.7793,10.353,6.0197,0,1.3704,6.7966,6.1232,15.464,18.522,10.892,5.5641,17.238,9.1253,8.9035,0,18.221,9.108,9.108,5.5641,7.9366,3.4971,9.4133,18.794,18.358,0,0,0,0.87805,0.10976,0.012195,0,0,1,0,0,0,0,1,0,0,1
0,10.567,15.276,11.454,1.5962,26.491,0,9.0179,23.64,1.9582,0,0,3.4664,1.5962,5.367,13.021,32.392,4.2867,9.407,14.027,9.5363,6.9013,7.3937,11.48,13.003,4.9431,10.699,3.5363,7.4117,0.7981,0,35.369,5.367,0,0,0.6875,0.27083,0.041667,0,0,1,0,0,0,0,1,0,0,1
0,0,0,0,0,90.839,0,0,0,0,9.161,0,0,0,0,9.161,90.839,0,0,0,0,0,0,0,0,0,0,90.839,9.161,0,0,0,0,0,0,0,0,1,0,0,1,0,0,0,0,1,0,0,0
0,8.8099,4.1136,0,0,51.793,4.1136,0,22.047,4.9913,4.132,4.132,8.2273,22.047,0,0,38.888,0,8.7915,4.6778,13.237,0,0,4.1136,8.8099,4.1136,0,47.679,4.1136,4.132,13.237,13.801,0,0,0,0,0.04918,0.95082,0,0,1,0,0,0,0,1,0,0,0
0,5.2342,5.2342,0,0,72.714,0,0,8.4088,8.4088,0,0,5.2342,8.4088,0,0,72.714,0,0,5.2342,8.4088,0,0,5.2342,5.2342,0,0,72.714,0,0,8.4088,8.4088,0,0,0,0,0,1,0,0,1,0,0,0,0,1,0,0,0
0,0,0,0,0,100,0,0,0,0,0,0,0,0,0,0,100,0,0,0,0,0,0,0,0,0,0,100,0,0,0,0,0,0,0,0,0,1,0,0,1,0,0,0,0,1,0,0,0
0,0,0,0,0,100,0,0,0,0,0,0,0,0,0,0,100,0,0,0,0,0,0,0,0,0,0,100,0,0,0,0,0,0,0,0,0,1,0,0,1,0,0,0,0,1,0,0,0
0,5.9498,0,0,0,88.1,0,0,0,5.9498,0,0,5.9498,0,0,0,88.1,0,0,0,0,5.9498,0,0,0,5.9498,0,88.1,0,0,5.9498,0,0,0,0,0,0,1,0,0,1,0,0,0,0,1,0,0,0
0,6.4216,0,0,0,87.157,0,6.4216,0,0,0,0,6.4216,0,0,0,87.157,0,0,0,0,6.4216,6.4216,0,6.4216,0,0,87.157,0,0,0,0,0,0,0,0,0,1,0,0,1,0,0,0,0,1,0,0,0
0,0,0,7.5007,0,84.999,0,0,0,0,7.5007,0,0,0,7.5007,7.5007,84.999,0,0,0,0,0,0,0,0,0,0,84.999,7.5007,0,0,0,7.5007,0,0,0,0,1,0,0,1,0,0,0,0,1,0,0,0
0,0,0,18.377,0,71.155,0,0,0,0,10.468,0,0,0,6.7319,22.113,71.155,0,0,0,0,0,0,0,0,0,0,71.155,10.468,0,0,0,18.377,0,0,0,0,1,0,0,1,0,0,0,0,1,0,0,0
0,0,0,5.887,0,94.113,0,0,0,0,0,0,0,0,5.887,0,94.113,0,0,0,0,0,0,0,0,0,0,94.113,0,0,0,0,5.887,0,0,0,0,1,0,0,1,0,0,0,0,1,0,0,0
0,0,0,4.994,0,95.006,0,0,0,0,0,0,0,0,4.994,0,95.006,0,0,0,0,0,0,0,0,0,0,95.006,0,0,0,0,4.994,0,0,0,0,1,0,0,1,0,0,0,0,1,0,0,0
0,0,0,10.695,0,83.959,0,0,0,0,5.3458,0,0,0,5.3458,10.695,83.959,0,0,0,0,0,0,0,0,0,0,83.959,5.3458,0,0,0,10.695,0,0,0,0,1,0,0,1,0,0,0,0,1,0,0,0
0,0,0,4.4008,0,95.599,0,0,0,0,0,0,0,0,4.4008,0,95.599,0,0,0,0,0,0,0,0,0,0,95.599,0,0,0,0,4.4008,0,0,0,0,1,0,0,1,0,0,0,0,1,0,0,0
0,0,0,0,0,100,0,0,0,0,0,0,0,0,0,0,100,0,0,0,0,0,0,0,0,0,0,100,0,0,0,0,0,0,0,0,0,1,0,0,1,0,0,0,0,1,0,0,0
0,0,0,0,0,100,0,0,0,0,0,0,0,0,0,0,100,0,0,0,0,0,0,0,0,0,0,100,0,0,0,0,0,0,0,0,0,1,0,0,1,0,0,0,0,1,0,0,0
0,0,0,0,0,90.472,0,0,0,0,9.5276,0,0,0,0,9.5276,90.472,0,0,0,0,0,0,0,0,0,0,90.472,9.5276,0,0,0,0,0,0,0,0,1,0,0,1,0,0,0,0,1,0,0,0
0,0,0,19.026,0,69.64,0,0,0,0,11.335,0,0,0,11.335,19.026,69.64,0,0,0,0,0,0,0,0,0,0,69.64,11.335,0,0,0,19.026,0,0,0,0,1,0,0,1,0,0,0,0,1,0,0,0
0,0,0,0,0,100,0,0,0,0,0,0,0,0,0,0,100,0,0,0,0,0,0,0,0,0,0,100,0,0,0,0,0,0,0,0,0,1,0,0,1,0,0,0,0,1,0,0,0
0,0,0,43.532,0,56.468,0,0,0,0,0,0,0,0,30.597,12.935,56.468,0,0,0,0,0,0,0,0,0,0,56.468,0,0,0,0,43.532,0,0,0,0,1,0,0,1,0,0,0,0,1,0,0,0
0,0,0,11.994,0,88.006,0,0,0,0,0,0,0,0,5.5196,6.4745,88.006,0,0,0,0,0,0,0,0,0,0,88.006,0,0,0,0,11.994,0,0,0,0,1,0,0,1,0,0,0,0,1,0,0,0
0,0,0,7.3798,0,92.62,0,0,0,0,0,0,0,0,0,7.3798,92.62,0,0,0,0,0,0,0,0,0,0,92.62,0,0,0,0,7.3798,0,0,0,0,1,0,0,1,0,0,0,0,1,0,0,0
0,0,0,16.275,0,83.725,0,0,0,0,0,0,0,0,8.3466,7.9284,75.378,8.3466,0,0,0,0,0,0,0,0,0,83.725,0,0,0,0,16.275,0,0,0,0,1,0,0,1,0,0,0,0,1,0,0,0
0,0,0,0,0,100,0,0,0,0,0,0,0,0,0,0,95.478,4.5219,0,0,0,0,0,0,0,0,0,95.478,4.5219,0,0,0,0,0,0,0,0,1,0,0,1,0,0,0,0,1,0,0,0
0,0,0,0,0,100,0,0,0,0,0,0,0,0,0,0,100,0,0,0,0,0,0,0,0,0,0,100,0,0,0,0,0,0,0,0,0,1,0,0,1,0,0,0,0,1,0,0,0
0,0,0,0,0,100,0,0,0,0,0,0,0,0,0,0,100,0,0,0,0,0,0,0,0,0,0,100,0,0,0,0,0,0,0,0,0,1,0,0,1,0,0,0,0,1,0,0,0
0,0,0,0,0,100,0,0,0,0,0,0,0,0,0,0,100,0,0,0,0,0,0,0,0,0,0,100,0,0,0,0,0,0,0,0,0,1,0,0,1,0,0,0,0,1,0,0,0
0,0,0,0,0,100,0,0,0,0,0,0,0,0,0,0,100,0,0,0,0,0,0,0,0,0,0,100,0,0,0,0,0,0,0,0,0,1,0,0,1,0,0,0,0,1,0,0,0
0,0,0,0,0,100,0,0,0,0,0,0,0,0,0,0,100,0,0,0,0,0,0,0,0,0,0,100,0,0,0,0,0,0,0,0,0,1,0,0,1,0,0,0,0,1,0,0,0
0,0,0,0,0,100,0,0,0,0,0,0,0,0,0,0,100,0,0,0,0,0,0,0,0,0,0,100,0,0,0,0,0,0,0,0,0,1,0,0,1,0,0,0,0,1,0,0,0
0,0,0,0,0,100,0,0,0,0,0,0,0,0,0,0,100,0,0,0,0,0,0,0,0,0,0,100,0,0,0,0,0,0,0,0,0,1,0,0,1,0,0,0,0,1,0,0,0
0,0,0,0,0,100,0,0,0,0,0,0,0,0,0,0,100,0,0,0,0,0,0,0,0,0,0,100,0,0,0,0,0,0,0,0,0,1,0,0,1,0,0,0,0,1,0,0,0
0,0,0,0,0,100,0,0,0,0,0,0,0,0,0,0,100,0,0,0,0,0,0,0,0,0,0,100,0,0,0,0,0,0,0,0,0,1,0,0,1,0,0,0,0,1,0,0,0
0,16.92,6.1709,0,3.0263,30.28,32.106,0,7.4519,0,4.0443,1.6782,11.615,31.776,0,0,20.741,0,5.7737,21.295,5.4436,1.6782,0,6.1709,15.242,32.106,0,10.322,7.1218,3.0263,22.984,3.0263,0,0,0,0.046512,0,0.95349,0,0,1,0,0,0,0,1,0,0,0
0,13.519,3.5325,0,0,58.038,0,0,7.1537,17.758,0,0,13.828,7.1537,0,0,50.884,0,7.1537,10.686,7.4625,2.8326,0,3.5325,10.686,2.8326,0,58.038,0,0,17.758,7.1537,0,0,0,0,0.125,0.875,0,0,1,0,0,0,0,1,0,0,0
0,7.274,20.94,13.194,3.6017,21.801,1.056,11.67,18.099,2.3641,0,0,3.4201,2.5456,6.9566,12.183,28.782,5.6996,9.2705,14.563,8.4658,8.1139,7.0924,16.211,13.194,6.8058,10.559,4.6929,3.9693,2.3288,0,29.246,5.9006,0,0,0.068182,0.15909,0.77273,0,0,1,0,0,0,0,1,0,0,1
0,14.017,22.316,6.7063,0,32.453,0,4.3881,13.644,6.4763,0,0,7.8305,0,0.97789,18.715,27.416,5.1855,5.5985,12.987,6.5624,14.728,5.4502,16.216,17.278,8.2515,13.325,4.0959,6.8868,0,0,27.517,0.97789,0,0,0.37879,0.62121,0,0,0,1,0,0,0,0,1,0,0,1
0,16.215,0,0,0,54.496,0,3.2085,3.2294,22.851,0,0,19.522,3.2294,6.5031,0,47.993,0,0,0,13.04,9.7115,3.2085,0,9.7115,6.5031,0,47.993,0,0,22.851,9.7325,0,0,0,0,0.048387,0.95161,0,0,1,0,0,0,0,1,0,0,0
0,32.025,3.987,3.987,0,52.965,0,3.987,0,3.0496,0,7.9741,17.537,0,18.475,0,34.49,0,0,0,0,21.524,3.987,3.987,14.488,17.537,3.987,30.503,0,0,7.0366,18.475,0,0,0,0,0.013333,0.98667,0,0,1,0,0,0,0,1,0,0,0
0,34.133,12.362,3.9896,4.4351,28.2,0,12.89,0,0,3.9896,16.352,19.299,0,14.834,0,13.367,0,0,0,16.849,19.299,4.4657,3.9896,19.299,14.834,4.4351,8.9315,8.4247,0,12.362,23.258,0,0.73913,0.086957,0.10145,0.072464,0,0,0,1,0,0,0,0,1,0,0,0
0,5.2457,10.282,0,10.296,35.469,1.7672,1.5227,13.902,14.106,7.4093,0,4.4426,4.0212,5.4573,19.091,22.444,7.8121,3.2899,24.402,1.1199,7.9212,1.1527,9.4997,3.8282,7.0129,8.9687,13.23,2.5703,15.466,13.67,22.031,2.5703,0,0,0.78261,0.10145,0.11594,0,0,1,0,0,0,0,1,0,0,1
11.562,0,21.914,1.6626,0,34.795,14.046,12.86,3.1602,0,0,1.6626,1.4976,5.682,11.066,13.715,20.055,4.348,11.524,0,27.289,3.1602,14.21,24.767,9.8436,17.569,9.2052,8.696,0,0,14.211,0,1.4976,0,0,0.27692,0.18462,0.53846,0,0,1,0,0,0,0,1,0,0,1
0,7.2307,23.899,12.994,0,22.229,0,10.065,19.853,3.7286,0,0,7.7918,0,5.5765,8.9029,42.762,1.1348,7.9911,10.416,6.8563,8.5683,13.513,9.3287,17.242,4.8397,10.936,4.9847,5.1743,0,0,28.405,5.5765,0.057143,0,0.057143,0.65714,0.22857,0,0,1,0,0,0,0,1,0,0,1
0,15.122,17.913,7.8953,0,33.794,0,3.1205,20.562,1.5931,0,0,1.5931,0,3.5163,13.099,43.317,0,8.3586,11.84,13.133,5.1423,9.9517,7.9282,16.32,3.5492,13.897,8.3915,6.7309,0,0,29.716,3.5163,0.083333,0,0,0.055556,0.86111,0,0,1,0,0,0,0,1,0,0,1
0,11.04,21.614,5.9945,4.0862,32.884,0,3.564,17.153,3.6634,0,0,5.7895,4.0862,1.2246,10.671,38.409,3.158,10.34,10.393,8.6014,7.3268,11.857,7.422,16.939,3.6634,14.213,10.549,5.5885,2.0431,0,26.5,1.2246,0,0,0.78723,0.19149,0.021277,0,0,1,0,0,0,0,1,0,0,1
11.92,0,18.488,7.4951,0,24.716,8.1598,24.18,5.0418,0,0,1.8108,3.231,4.9288,8.8023,3.6216,16.489,7.9496,19.641,0,20.534,12.991,14.412,18.382,12.349,13.844,4.9288,9.061,0,0,18.108,0,8.9153,0,0,0,0.033333,0.96667,0,0,1,0,0,0,0,1,0,0,1
0,9.1577,21.682,10.152,0,30.739,0,2.2839,23.617,2.3685,0,0,7.9355,0,5.6303,17.025,40.811,0,1.1419,14.788,3.4427,9.2254,9.0774,5.8112,13.747,6.8569,13.714,2.3685,12.356,0,0,30.439,5.6303,0,0,0,0,1,0,0,1,0,0,0,0,1,0,0,1
14.273,0,25.176,8.0747,0,31.035,8.7768,5.2223,7.4429,0,0,6.6511,0.79174,6.6511,27.122,27.486,3.7092,1.4235,12.416,0,4.8832,8.8664,4.341,5.675,27.735,23.05,19.501,0,0,0,17.483,0,2.2153,0,0,0.041667,0.041667,0.91667,0,0,1,0,0,0,0,1,0,0,1
0,0,0,0,0,100,0,0,0,0,0,0,0,0,0,0,100,0,0,0,0,0,0,0,0,0,0,100,0,0,0,0,0,0,0,0,0.99213,0.007874,0,0,1,0,0,0,0,1,0,0,0
22.673,0,7.6571,7.6571,0,25.076,17.419,12.911,6.6072,0,0,6.6072,0,17.419,11.861,13.214,0,1.0499,8.707,0,33.484,7.6571,1.0499,22.673,13.214,18.469,17.419,0,0,0,26.126,0,1.0499,0,0,0,0,1,0,0,1,0,0,0,0,1,0,0,1
4.7305,0,15.851,2.6499,0,55.548,6.3281,10.635,4.2573,0,0,1.4629,6.4898,3.2347,2.9587,6.0193,45.951,8.9891,6.9302,0,14.002,3.9623,14.877,15.307,4.2383,7.5151,12.519,23.313,10.879,0,10.165,0,1.1869,0,0,0.34091,0.18182,0.47727,0,0,1,0,0,0,0,1,0,0,1
0,0,21.477,6.8715,6.9986,24.936,3.4595,10.411,21.652,4.1949,0,7.6544,0,28.65,0,17.33,14.605,3.412,10.283,3.412,6.9986,7.6544,3.412,10.411,11.114,7.6544,7.6544,13.823,0,0,13.918,20.821,11.193,0,0,0,0.94805,0.051948,0,0,1,0,0,0,0,1,0,0,0
29.325,0,15.238,0.79415,0,23.326,10.897,16.371,2.4655,1.5839,0,1.5839,0.88166,8.9701,30.945,13.219,3.6898,0.79415,4.3965,1.5839,30.676,3.2597,3.6023,25.755,12.354,23.865,21.144,0,0,0,11.603,0,1.6758,0,0,0.74286,0.17143,0.085714,0,0,1,0,0,0,0,1,0,0,1
0,0,28.881,6.4597,5.9902,18.161,0,14.55,14.161,9.5653,2.2315,9.5653,0,8.1633,4.5962,9.3888,16.988,11.056,13.757,9.3888,5.3005,11.797,11.893,19.85,4.4046,9.5653,14.866,8.4563,0,0,6.8277,19.732,4.4046,0,0,0,0.14754,0.85246,0,0,1,0,0,0,0,1,0,0,1
0,0,41.169,7.1355,7.9504,16.811,0,6.358,18.732,0,1.8433,0,1.5184,12.469,9.0087,11.238,22.901,18.312,11.515,4.0986,7.0954,1.8433,16.425,11.519,1.8433,0,4.8361,11.975,0,0,12.786,34.994,5.6211,0,0,0,0,1,0,0,1,0,0,0,0,1,0,0,1
0,0,0,0,0,100,0,0,0,0,0,0,0,0,0,0,100,0,0,0,0,0,0,0,0,0,0,100,0,0,0,0,0,0,0,0,0,1,0,0,1,0,0,0,0,1,0,0,0
0,0,0,9.4338,0,90.566,0,0,0,0,0,0,0,0,9.4338,0,81.132,9.4338,0,0,0,0,0,0,0,0,0,90.566,0,0,0,0,9.4338,0,0,0,0.012987,0.98701,0,0,1,0,0,0,0,1,0,0,0
0,0,20,20,0,40,0,20,0,0,0,40,0,0,20,0,20,0,0,0,0,20,20,20,0,0,20,0,0,0,20,20,0,0,0,0,1,0,0,0,1,0,0,0,0,1,0,0,0
0,0,13.945,0,0,72.111,0,0,0,13.945,0,13.945,0,0,13.945,0,72.111,0,0,0,0,0,0,13.945,0,0,0,72.111,0,0,13.945,0,0,0,0,0,1,0,0,0,1,0,0,0,0,1,0,0,0
0,0,0,11.056,0,83.182,0,0,0,5.7617,0,5.7617,0,0,11.056,5.7617,60.362,17.058,0,0,0,0,0,0,0,0,0,66.124,17.058,0,5.7617,0,11.056,0,0,0,0,1,0,0,1,0,0,0,0,1,0,0,0
0,0,4.5259,5.8232,0,84.491,0,0,0,5.1599,0,5.1599,0,0,10.349,9.6857,58.662,16.143,0,0,0,0,0,4.5259,0,0,0,69.645,14.846,0,5.1599,0,5.8232,0,0,0,0,1,0,0,1,0,0,0,0,1,0,0,0
0,0,16.898,3.9255,0,71.735,0,0,0,7.4418,0,7.4418,0,0,20.824,9.4564,55.012,7.2666,0,0,0,0,0,16.898,0,0,0,58.937,12.797,0,7.4418,0,3.9255,0,0,0,0,1,0,0,1,0,0,0,0,1,0,0,0
0,0,5.305,0,0,78.516,0,0,0,16.179,0,16.179,0,0,5.305,10.874,42.523,25.118,0,0,0,0,0,5.305,0,0,0,53.398,25.118,0,16.179,0,0,0,0,0,0,1,0,0,1,0,0,0,0,1,0,0,0
0,0,0,0,0,100,0,0,0,0,0,0,0,0,0,0,94.442,5.5582,0,0,0,0,0,0,0,0,0,94.442,5.5582,0,0,0,0,0,0,0,0,1,0,0,1,0,0,0,0,1,0,0,0
0,0,0,0,0,100,0,0,0,0,0,0,0,0,0,0,100,0,0,0,0,0,0,0,0,0,0,100,0,0,0,0,0,0,0,0,0,1,0,0,1,0,0,0,0,1,0,0,0
0,0,8.8378,0,0,91.162,0,0,0,0,0,0,0,0,8.8378,8.8378,82.324,0,0,0,0,0,0,8.8378,0,0,0,82.324,8.8378,0,0,0,0,0,0,0,0,1,0,0,1,0,0,0,0,1,0,0,0
0,0,0,0,0,100,0,0,0,0,0,0,0,0,0,0,100,0,0,0,0,0,0,0,0,0,0,100,0,0,0,0,0,0,0,0,0,1,0,0,1,0,0,0,0,1,0,0,0
0,0,0,0,0,100,0,0,0,0,0,0,0,0,0,0,100,0,0,0,0,0,0,0,0,0,0,100,0,0,0,0,0,0,0,0,1,0,0,0,1,0,0,0,0,1,0,0,0
0,0,7.666,0,0,84.668,0,0,0,7.666,0,7.666,0,0,7.666,0,84.668,0,0,0,0,0,0,7.666,0,0,0,84.668,0,0,7.666,0,0,0,0,0,1,0,0,0,1,0,0,0,0,1,0,0,0
0,0,2.4212,0,0,85.922,0,0,11.656,0,0,5.7825,0,0,0,0,85.922,2.4212,0,0,0,5.8739,0,2.4212,0,0,0,85.922,0,0,0,5.7825,5.8739,0,0,0,1,0,0,0,1,0,0,0,0,1,0,0,0
0,0,23.386,8.1181,16.687,14.916,0,10.533,18.894,2.8618,4.6045,2.8618,1.7568,21.701,4.6573,11.185,16.739,11.019,6.5934,2.8618,13.159,7.4663,6.6462,17.126,0,2.8618,11.212,6.566,0,0,15.828,33.194,6.566,0,0,0,0.57692,0.42308,0,0,1,0,0,0,0,1,0,0,0
0,0,4.7731,0,0,87.527,0,0,0,7.6994,0,7.6994,0,0,4.7731,12.473,59.656,15.399,0,0,0,0,0,4.7731,0,0,0,67.355,20.172,0,7.6994,0,0,0,0,0,1,0,0,0,1,0,0,0,0,1,0,0,0
0,0,9.4036,0,0,74.421,0,0,16.175,0,0,5.6996,0,0,0,0,74.421,9.4036,0,0,0,10.475,0,9.4036,0,0,0,74.421,0,0,0,5.6996,10.475,0,0,0,0,1,0,0,1,0,0,0,0,1,0,0,0
0,0,4.1746,0,0,84.223,0,0,11.602,0,0,11.602,0,0,0,0,84.223,4.1746,0,0,0,0,0,4.1746,0,0,0,84.223,0,0,0,11.602,0,0,0,0,0,1,0,0,1,0,0,0,0,1,0,0,0
0,0,33.302,20.303,3.7512,22.235,0,1.9317,11.067,0,7.4092,0,9.3309,1.8756,0,21.796,9.3409,40.702,5.7389,1.9317,1.8756,7.4092,1.9317,18.672,12.699,0,1.8756,3.8633,16.496,0,11.207,27.723,5.5336,0,0,0,0,1,0,0,1,0,0,0,0,1,0,0,1
0,0,27.125,29.54,0,29.54,0,0,10.647,0,3.1466,0,4.354,0,0,53.519,3.1466,31.48,0,0,4.354,3.1466,0,3.1466,23.979,0,4.354,4.354,20.832,0,4.354,31.48,7.5007,0,0,0,0,1,0,0,1,0,0,0,0,1,0,0,0
0,0,29.762,26.849,7.0662,26.849,0,0,7.7906,0,1.6837,0,9.0782,5.3825,3.6988,32.174,9.0812,31.442,1.6837,0,5.7755,1.6837,3.6988,6.67,11.995,0,5.7755,4.0918,16.982,0,14.461,32.235,4.0918,0,0,0,0,1,0,0,1,0,0,0,0,1,0,0,1
0,0,30.729,23.508,0,23.508,0,0,15.789,0,6.4663,0,20.652,0,0,12.179,6.4663,51.381,0,0,2.8561,6.4663,0,24.262,6.4663,0,2.8561,2.8561,17.796,0,20.652,15.789,9.3224,0,0,0,0.034483,0.96552,0,0,1,0,0,0,0,1,0,0,1
0,0,0,0,0,100,0,0,0,0,0,0,0,0,0,0,100,0,0,0,0,0,0,0,0,0,0,100,0,0,0,0,0,0,0,0,0,1,0,0,1,0,0,0,0,1,0,0,0
0,0,0,0,0,100,0,0,0,0,0,0,0,0,0,0,100,0,0,0,0,0,0,0,0,0,0,100,0,0,0,0,0,0,0,0,0,1,0,0,1,0,0,0,0,1,0,0,0
0,0,0,0,0,100,0,0,0,0,0,0,0,0,0,0,100,0,0,0,0,0,0,0,0,0,0,100,0,0,0,0,0,0,0,0,0,1,0,0,1,0,0,0,0,1,0,0,0
0,0,0,0,0,100,0,0,0,0,0,0,0,0,0,0,100,0,0,0,0,0,0,0,0,0,0,100,0,0,0,0,0,0,0,0,0,1,0,0,1,0,0,0,0,1,0,0,0
0,0,0,0,0,100,0,0,0,0,0,0,0,0,0,0,100,0,0,0,0,0,0,0,0,0,0,100,0,0,0,0,0,0,0,0,0,1,0,0,1,0,0,0,0,1,0,0,0
0,0,0,0,0,100,0,0,0,0,0,0,0,0,0,0,100,0,0,0,0,0,0,0,0,0,0,100,0,0,0,0,0,0,0,0,0,1,0,0,1,0,0,0,0,1,0,0,0
0,0,0,0,0,100,0,0,0,0,0,0,0,0,0,0,100,0,0,0,0,0,0,0,0,0,0,100,0,0,0,0,0,0,0,0,0,1,0,0,1,0,0,0,0,1,0,0,0
0,0,0,0,0,100,0,0,0,0,0,0,0,0,0,0,100,0,0,0,0,0,0,0,0,0,0,100,0,0,0,0,0,0,0,0,0,1,0,0,1,0,0,0,0,1,0,0,0
0,0,0,0,0,100,0,0,0,0,0,0,0,0,0,0,100,0,0,0,0,0,0,0,0,0,0,100,0,0,0,0,0,0,0,0,0,1,0,0,1,0,0,0,0,1,0,0,0
0,0,0,0,0,100,0,0,0,0,0,0,0,0,0,0,100,0,0,0,0,0,0,0,0,0,0,100,0,0,0,0,0,0,0,0,0,1,0,0,1,0,0,0,0,1,0,0,0
0,0,0,0,0,100,0,0,0,0,0,0,0,0,0,0,100,0,0,0,0,0,0,0,0,0,0,100,0,0,0,0,0,0,0,0,0,1,0,0,1,0,0,0,0,1,0,0,0
0,0,0,0,0,100,0,0,0,0,0,0,0,0,0,0,100,0,0,0,0,0,0,0,0,0,0,100,0,0,0,0,0,0,0,0,0,1,0,0,1,0,0,0,0,1,0,0,0
0,0,0,0,0,100,0,0,0,0,0,0,0,0,0,0,100,0,0,0,0,0,0,0,0,0,0,100,0,0,0,0,0,0,0,0,0,1,0,0,1,0,0,0,0,1,0,0,0
0,0,0,0,0,100,0,0,0,0,0,0,0,0,0,0,100,0,0,0,0,0,0,0,0,0,0,100,0,0,0,0,0,0,0,0,0,1,0,0,1,0,0,0,0,1,0,0,0
0,0,0,0,0,100,0,0,0,0,0,0,0,0,0,0,100,0,0,0,0,0,0,0,0,0,0,100,0,0,0,0,0,0,0,0,0,1,0,0,1,0,0,0,0,1,0,0,0
0,0,0,0,0,100,0,0,0,0,0,0,0,0,0,0,100,0,0,0,0,0,0,0,0,0,0,100,0,0,0,0,0,0,0,0,0,1,0,0,1,0,0,0,0,1,0,0,0
0,0,0,0,0,100,0,0,0,0,0,0,0,0,0,0,100,0,0,0,0,0,0,0,0,0,0,100,0,0,0,0,0,0,0,0,0,1,0,0,1,0,0,0,0,1,0,0,0
0,0,0,0,0,100,0,0,0,0,0,0,0,0,0,0,100,0,0,0,0,0,0,0,0,0,0,100,0,0,0,0,0,0,0,0,0,1,0,0,1,0,0,0,0,1,0,0,0
0,0,0,0,0,100,0,0,0,0,0,0,0,0,0,0,100,0,0,0,0,0,0,0,0,0,0,100,0,0,0,0,0,0,0,0,0,1,0,0,1,0,0,0,0,1,0,0,0
0,0,0,0,0,100,0,0,0,0,0,0,0,0,0,0,100,0,0,0,0,0,0,0,0,0,0,100,0,0,0,0,0,0,0,0,0,1,0,0,1,0,0,0,0,1,0,0,0
0,0,0,0,0,100,0,0,0,0,0,0,0,0,0,0,100,0,0,0,0,0,0,0,0,0,0,100,0,0,0,0,0,0,0,0,0,1,0,0,1,0,0,0,0,1,0,0,0
0,0,0,0,0,100,0,0,0,0,0,0,0,0,0,0,100,0,0,0,0,0,0,0,0,0,0,100,0,0,0,0,0,0,0,0,0,1,0,0,1,0,0,0,0,1,0,0,0
0,0,0,0,0,100,0,0,0,0,0,0,0,0,0,0,100,0,0,0,0,0,0,0,0,0,0,100,0,0,0,0,0,0,0,0,0,1,0,0,1,0,0,0,0,1,0,0,0
0,0,0,0,0,100,0,0,0,0,0,0,0,0,0,0,100,0,0,0,0,0,0,0,0,0,0,100,0,0,0,0,0,0,0,0,0,1,0,0,1,0,0,0,0,1,0,0,0
0,0,0,0,0,100,0,0,0,0,0,0,0,0,0,0,100,0,0,0,0,0,0,0,0,0,0,100,0,0,0,0,0,0,0,0,0,1,0,0,1,0,0,0,0,1,0,0,0
0,0,0,0,0,100,0,0,0,0,0,0,0,0,0,0,100,0,0,0,0,0,0,0,0,0,0,100,0,0,0,0,0,0,0,0,0,1,0,0,1,0,0,0,0,1,0,0,0
0,0,0,0,0,100,0,0,0,0,0,0,0,0,0,0,100,0,0,0,0,0,0,0,0,0,0,100,0,0,0,0,0,0,0,0,0,1,0,0,1,0,0,0,0,1,0,0,0
0,0,0,0,0,100,0,0,0,0,0,0,0,0,0,0,100,0,0,0,0,0,0,0,0,0,0,100,0,0,0,0,0,0,0,0,0,1,0,0,1,0,0,0,0,1,0,0,0
0,0,0,0,0,100,0,0,0,0,0,0,0,0,0,0,100,0,0,0,0,0,0,0,0,0,0,100,0,0,0,0,0,0,0,0,0,1,0,0,1,0,0,0,0,1,0,0,0
0,0,0,0,0,100,0,0,0,0,0,0,0,0,0,0,100,0,0,0,0,0,0,0,0,0,0,100,0,0,0,0,0,0,0,0,0,1,0,0,1,0,0,0,0,1,0,0,0
0,0,0,0,0,100,0,0,0,0,0,0,0,0,0,0,100,0,0,0,0,0,0,0,0,0,0,100,0,0,0,0,0,0,0,0,0,1,0,0,1,0,0,0,0,1,0,0,0
0,0,0,0,0,100,0,0,0,0,0,0,0,0,0,0,100,0,0,0,0,0,0,0,0,0,0,100,0,0,0,0,0,0,0,0,0,1,0,0,1,0,0,0,0,1,0,0,0
0,0,0,0,0,100,0,0,0,0,0,0,0,0,0,0,100,0,0,0,0,0,0,0,0,0,0,100,0,0,0,0,0,0,0,0,0,1,0,0,1,0,0,0,0,1,0,0,0
0,0,0,0,0,100,0,0,0,0,0,0,0,0,0,0,100,0,0,0,0,0,0,0,0,0,0,100,0,0,0,0,0,0,0,0,0,1,0,0,1,0,0,0,0,1,0,0,0
0,0,0,0,0,100,0,0,0,0,0,0,0,0,0,0,100,0,0,0,0,0,0,0,0,0,0,100,0,0,0,0,0,0,0,0,0,1,0,0,1,0,0,0,0,1,0,0,0
0,0,0,0,0,100,0,0,0,0,0,0,0,0,0,0,100,0,0,0,0,0,0,0,0,0,0,100,0,0,0,0,0,0,0,0,0,1,0,0,1,0,0,0,0,1,0,0,0
0,0,0,0,0,100,0,0,0,0,0,0,0,0,0,0,100,0,0,0,0,0,0,0,0,0,0,100,0,0,0,0,0,0,0,0,0,1,0,0,1,0,0,0,0,1,0,0,0
0,0,0,0,0,100,0,0,0,0,0,0,0,0,0,0,100,0,0,0,0,0,0,0,0,0,0,100,0,0,0,0,0,0,0,0,0,1,0,0,1,0,0,0,0,1,0,0,0
0,0,0,0,0,100,0,0,0,0,0,0,0,0,0,0,100,0,0,0,0,0,0,0,0,0,0,100,0,0,0,0,0,0,0,0,0,1,0,0,1,0,0,0,0,1,0,0,0
0,0,0,0,0,100,0,0,0,0,0,0,0,0,0,0,100,0,0,0,0,0,0,0,0,0,0,100,0,0,0,0,0,0,0,0,0,1,0,0,1,0,0,0,0,1,0,0,0
0,0,0,0,0,100,0,0,0,0,0,0,0,0,0,0,100,0,0,0,0,0,0,0,0,0,0,100,0,0,0,0,0,0,0,0,0,1,0,0,1,0,0,0,0,1,0,0,0
0,0,0,0,0,100,0,0,0,0,0,0,0,0,0,0,100,0,0,0,0,0,0,0,0,0,0,100,0,0,0,0,0,0,0,0,0,1,0,0,1,0,0,0,0,1,0,0,0
0,0,0,0,0,100,0,0,0,0,0,0,0,0,0,0,100,0,0,0,0,0,0,0,0,0,0,100,0,0,0,0,0,0,0,0,0,1,0,0,1,0,0,0,0,1,0,0,0
0,0,0,0,0,100,0,0,0,0,0,0,0,0,0,0,100,0,0,0,0,0,0,0,0,0,0,100,0,0,0,0,0,0,0,0,0,1,0,0,1,0,0,0,0,1,0,0,0
0,0,0,0,0,100,0,0,0,0,0,0,0,0,0,0,100,0,0,0,0,0,0,0,0,0,0,100,0,0,0,0,0,0,0,0,0,1,0,0,1,0,0,0,0,1,0,0,0
0,0,0,0,0,100,0,0,0,0,0,0,0,0,0,0,100,0,0,0,0,0,0,0,0,0,0,100,0,0,0,0,0,0,0,0,0,1,0,0,1,0,0,0,0,1,0,0,0
0,0,0,0,0,100,0,0,0,0,0,0,0,0,0,0,100,0,0,0,0,0,0,0,0,0,0,100,0,0,0,0,0,0,0,0,0,1,0,0,1,0,0,0,0,1,0,0,0
0,0,0,0,0,100,0,0,0,0,0,0,0,0,0,0,100,0,0,0,0,0,0,0,0,0,0,100,0,0,0,0,0,0,0,0,0,1,0,0,1,0,0,0,0,1,0,0,0
0,0,0,0,0,100,0,0,0,0,0,0,0,0,0,0,100,0,0,0,0,0,0,0,0,0,0,100,0,0,0,0,0,0,0,0,0,1,0,0,1,0,0,0,0,1,0,0,0
0,0,0,0,0,100,0,0,0,0,0,0,0,0,0,0,100,0,0,0,0,0,0,0,0,0,0,100,0,0,0,0,0,0,0,0,0.014706,0.98529,0,0,1,0,0,0,0,1,0,0,0
0,0,0,0,0,100,0,0,0,0,0,0,0,0,0,0,100,0,0,0,0,0,0,0,0,0,0,100,0,0,0,0,0,0,0,0,0,1,0,0,1,0,0,0,0,1,0,0,0
0,0,0,0,0,100,0,0,0,0,0,0,0,0,0,0,100,0,0,0,0,0,0,0,0,0,0,100,0,0,0,0,0,0,0,0,0,1,0,0,1,0,0,0,0,1,0,0,0
0,0,0,0,0,100,0,0,0,0,0,0,0,0,0,0,100,0,0,0,0,0,0,0,0,0,0,100,0,0,0,0,0,0,0,0,0,1,0,0,1,0,0,0,0,1,0,0,0
0,0,0,0,0,100,0,0,0,0,0,0,0,0,0,0,100,0,0,0,0,0,0,0,0,0,0,100,0,0,0,0,0,0,0,0,0,1,0,0,1,0,0,0,0,1,0,0,0
0,0,0,0,0,100,0,0,0,0,0,0,0,0,0,0,100,0,0,0,0,0,0,0,0,0,0,100,0,0,0,0,0,0,0,0,0,1,0,0,1,0,0,0,0,1,0,0,0
0,0,0,0,0,100,0,0,0,0,0,0,0,0,0,0,100,0,0,0,0,0,0,0,0,0,0,100,0,0,0,0,0,0,0,0,0.2,0.8,0,0,1,0,0,0,0,1,0,0,0
0,0,0,0,0,100,0,0,0,0,0,0,0,0,0,0,100,0,0,0,0,0,0,0,0,0,0,100,0,0,0,0,0,0,0,0,0,1,0,0,1,0,0,0,0,1,0,0,0
0,0,0,0,0,100,0,0,0,0,0,0,0,0,0,0,100,0,0,0,0,0,0,0,0,0,0,100,0,0,0,0,0,0,0,0,0,1,0,0,1,0,0,0,0,1,0,0,0
0,0,0,0,0,100,0,0,0,0,0,0,0,0,0,0,100,0,0,0,0,0,0,0,0,0,0,100,0,0,0,0,0,0,0,0,0,1,0,0,1,0,0,0,0,1,0,0,0
0,0,0,0,0,100,0,0,0,0,0,0,0,0,0,0,100,0,0,0,0,0,0,0,0,0,0,100,0,0,0,0,0,0,0,0,0,1,0,0,1,0,0,0,0,1,0,0,0
0,0,0,0,0,100,0,0,0,0,0,0,0,0,0,0,100,0,0,0,0,0,0,0,0,0,0,100,0,0,0,0,0,0,0,0,0.013158,0.98684,0,0,1,0,0,0,0,1,0,0,0
0,0,0,0,0,100,0,0,0,0,0,0,0,0,0,0,100,0,0,0,0,0,0,0,0,0,0,100,0,0,0,0,0,0,0,0,0,1,0,0,1,0,0,0,0,1,0,0,0
0,0,0,0,0,100,0,0,0,0,0,0,0,0,0,0,100,0,0,0,0,0,0,0,0,0,0,100,0,0,0,0,0,0,0,0,0,1,0,0,1,0,0,0,0,1,0,0,0
0,0,0,0,0,100,0,0,0,0,0,0,0,0,0,0,100,0,0,0,0,0,0,0,0,0,0,100,0,0,0,0,0,0,0,0,0,1,0,0,1,0,0,0,0,1,0,0,0
0,0,0,0,0,100,0,0,0,0,0,0,0,0,0,0,66.667,33.333,0,0,0,0,0,0,0,0,33.333,33.333,33.333,0,0,0,0,0,0,0,0,1,0,0,1,0,0,0,0,1,0,0,0
0,0,0,0,6.3425,76.542,0,8.5579,8.5579,0,0,8.5579,0,0,6.3425,8.5579,67.984,8.5579,0,0,0,0,8.5579,0,8.5579,0,14.9,21.243,40.398,0,6.3425,0,0,0,0,0,0,1,0,0,1,0,0,0,0,1,0,0,0
0,0,0,0,47.954,52.046,0,0,0,0,0,0,0,18.363,11.228,0,52.046,0,0,18.363,0,0,0,0,0,0,11.228,40.818,18.363,0,29.591,0,0,0,0,0,0,1,0,0,1,0,0,0,0,1,0,0,0
0,0,4.0954,4.0954,25.913,52.674,0,0,13.222,0,0,4.0954,0,0,12.957,0,53.682,12.214,0,12.957,0,4.0954,9.1269,0,8.1909,0,21.341,23.213,21.076,0,12.957,4.0954,0,0,0,0,0,1,0,0,1,0,0,0,0,1,0,0,0
0,0,0,0,59.582,35.104,0,0,5.3134,0,0,0,0,17.197,17.908,5.3134,29.791,0,0,29.791,0,0,0,5.3134,0,0,0,35.104,17.197,0,42.385,0,0,0,0,0,0,1,0,0,1,0,0,0,0,1,0,0,0
0,0,0,0,44.99,36.291,0,9.8479,8.8715,0,0,4.9239,0,8.6996,22.667,13.795,17.571,4.9239,0,22.495,0,4.9239,0,13.795,4.9239,4.9239,0,31.367,0,4.9239,40.066,0,0,0,0,0,0.14706,0.85294,0,0,1,0,0,0,0,1,0,0,0
0,0,0,0,56.707,37.826,0,0,5.467,0,0,0,0,15.958,12.395,0,43.293,0,0,28.354,0,0,5.467,0,0,0,5.467,32.359,12.395,0,44.312,0,0,0,0,0,0,1,0,0,1,0,0,0,0,1,0,0,0
0,13.343,6.6805,6.6805,21.592,38.344,0,0,13.361,0,0,11.602,0,10.627,3.8371,0,45.024,6.6805,0,7.1276,3.4994,11.602,11.602,8.421,9.8617,0,10.199,28.144,7.1276,0,14.464,10.18,0,0,0,0,0,1,0,0,1,0,0,0,0,1,0,0,0
0,0,2.7467,10.459,39.912,31.15,0,8.0206,7.7119,0,0,10.349,0,6.6513,14.678,5.3836,28.623,5.3836,0,18.583,0,10.349,4.9652,13.095,5.3836,2.637,0,28.513,2.7467,2.637,37.275,2.7467,0,0,0,0,0,1,0,0,1,0,0,0,0,1,0,0,0
0,22.673,4.5977,12.514,2.2988,43.103,0,0,14.813,0,0,22.701,0,2.2988,4.5977,2.2988,45.402,0,0,0,0,22.701,27.299,20.402,0,0,0,43.103,0,0,0,9.1953,0,0,0,0,0,1,0,0,1,0,0,0,0,1,0,0,0
0,0,0,0,48.482,51.518,0,0,0,0,0,0,20.256,0,0,21.774,15.941,0,0,20.256,21.774,0,0,0,0,0,0,15.941,35.578,20.256,28.226,0,0,0,0,0,0.28333,0.71667,0,0,1,0,0,0,0,1,0,0,0
0,0,0,0,34.976,65.024,0,0,0,0,0,0,7.9809,0,0,19.014,38.029,0,0,0,34.976,0,0,0,0,0,0,38.029,26.995,0,34.976,0,0,0,0,0,0.095238,0.90476,0,0,1,0,0,0,0,1,0,0,0
0,0,0,0,11.533,88.467,0,0,0,0,0,0,5.7664,0,0,23.793,35.114,0,0,0,35.326,0,0,0,0,0,0,35.114,53.353,0,11.533,0,0,0,0,0,0,1,0,0,1,0,0,0,0,1,0,0,0
0,0,0,0,59.397,20.302,0,20.302,0,0,0,10.151,0,19.548,10.151,10.151,0,10.151,0,29.698,0,10.151,0,10.151,10.151,10.151,0,10.151,0,29.698,29.698,0,0,0,0,0,0.19298,0.80702,0,0,1,0,0,0,0,1,0,0,0
0,0,0,0,100,0,0,0,0,0,0,0,20.9,29.1,0,0,0,0,0,50,0,0,0,0,0,0,0,0,0,50,50,0,0,0,0,0,0.2766,0.7234,0,0,1,0,0,0,0,1,0,0,0
0,0,0,0,100,0,0,0,0,0,0,0,0,27.932,22.068,0,0,0,0,50,0,0,0,0,0,0,0,0,0,72.068,27.932,0,0,0,0,0,0,1,0,0,1,0,0,0,0,1,0,0,0
0,0,4.3371,22.894,45.211,11.325,0,11.447,4.7862,0,0,4.3371,0,0,21.668,11.896,25.58,11.447,3.853,18.808,0,2.4106,0,16.233,2.4106,1.9265,0,9.3983,9.5206,21.645,25.493,4.3371,9.0364,0,0,0,0,1,0,0,1,0,0,0,0,1,0,0,0
0,1.8987,7.1525,8.609,12.042,40.493,0,3.3552,26.45,0,0,5.2539,0,1.8987,29.844,8.6482,42.352,3.3552,0,3.3943,0,5.2539,21.599,10.105,3.3552,0,0,40.493,3.3552,0,10.144,10.95,0,0,0,0,0,1,0,0,1,0,0,0,0,1,0,0,0
0,0,11.174,22.348,11.174,44.129,0,11.174,0,0,0,11.174,0,0,0,0,44.129,11.174,22.348,11.174,0,0,0,11.174,0,11.174,0,32.955,0,11.174,11.174,11.174,11.174,0,0,0,0,1,0,0,1,0,0,0,0,1,0,0,0
0,0,0,0,0,66.667,33.333,0,0,0,0,0,0,0,0,0,100,0,0,0,0,0,0,0,0,0,33.333,66.667,0,0,0,0,0,0,0,0,0,1,0,0,1,0,0,0,0,1,0,0,0
0,0,0,0,79.486,20.514,0,0,0,0,0,0,20.514,19.229,0,0,0,0,0,19.229,41.029,0,0,0,0,0,0,0,20.514,19.229,60.257,0,0,0,0,0,0,1,0,0,1,0,0,0,0,1,0,0,0
0,0,0,0,0,75,0,0,25,0,0,0,0,0,0,0,75,0,0,25,0,0,25,0,0,0,0,75,0,0,0,0,0,0,0,0,0,1,0,0,1,0,0,0,0,1,0,0,0
0,0,0,0,13.673,75,0,0,11.327,0,0,0,0,0,0,13.673,61.327,0,0,11.327,13.673,0,11.327,0,0,0,0,61.327,13.673,0,13.673,0,0,0,0,0,0,1,0,0,1,0,0,0,0,1,0,0,0
0,3.5017,12.005,12.005,0,56.982,3.5017,0,12.005,0,0,3.5017,15.507,0,0,12.005,56.982,0,0,12.005,0,0,12.005,15.507,3.5017,0,0,56.982,0,0,0,12.005,0,0,0,0,0,1,0,0,1,0,0,0,0,1,0,0,0
0,0,19.791,0,0,59.896,0,20.313,0,0,0,0,19.791,0,0,0,59.896,0,20.313,0,0,0,0,40.104,0,0,0,59.896,0,0,0,0,0,0,0,0,0,1,0,0,1,0,0,0,0,1,0,0,0
0,5.8821,0,0,0,74.584,19.534,0,0,0,0,5.8821,5.8821,0,0,5.8821,74.584,7.7696,0,0,0,0,0,0,5.8821,11.764,7.7696,59.045,15.539,0,0,0,0,0,0,0,0,1,0,0,1,0,0,0,0,1,0,0,0
0,6.7656,8.9499,8.9499,0,52.854,13.531,0,8.9499,0,0,6.7656,15.715,0,0,15.715,52.854,0,0,8.9499,0,0,8.9499,8.9499,6.7656,13.531,0,52.854,0,0,0,8.9499,0,0,0,0,0,1,0,0,1,0,0,0,0,1,0,0,0
0,13.747,22.415,0,14.431,20.577,18.655,0,10.176,0,0,6.8733,15.541,0,21.304,3.3025,21.499,14.431,10.176,0,0,6.8733,0,25.717,10.176,18.002,4.2242,17.274,0,14.431,10.176,0,0,0,0,0,0,1,0,0,1,0,0,0,0,1,0,0,0
0,0,0,19.942,0,56.088,0,4.0288,19.942,0,0,8.0575,0,0,4.0288,5.735,54.58,7.6568,11.884,4.0288,0,4.0288,11.884,0,8.0575,0,7.6568,24.862,23.57,0,4.0288,19.942,0,0,0,0,0,1,0,0,1,0,0,0,0,1,0,0,0
0,0,22.772,0,0,64.67,0,6.2789,6.2789,0,0,6.2789,0,0,0,6.2789,56.859,14.38,0,0,8.1015,8.1015,14.38,6.5689,14.38,0,6.2789,51.823,6.5689,0,0,0,0,0,0,0,0,1,0,0,1,0,0,0,0,1,0,0,0
0,0,18.615,16.242,4.5704,26.903,0,3.3835,30.286,0,0,20.812,0,0,3.3835,0,40.948,14.045,0,7.954,0,12.858,14.045,4.5704,25.716,0,18.949,0,7.954,0,3.3835,25.382,0,0,0,0,0.047619,0.95238,0,0,1,0,0,0,0,1,0,0,0
5.0103,36.651,9.9873,0,0,23.333,0,14.998,5.0103,0,5.0103,9.9873,0,0,5.0103,0,26.664,43.341,9.9873,0,5.0103,0,9.9873,56.659,0,0,0,23.333,0,5.0103,5.0103,0,0,0,0,0,0,1,0,0,1,0,0,0,0,1,0,0,0
0,0,13.35,0,0,56.925,3.89,21.945,3.89,0,0,0,14.165,0,0,3.6903,47.955,13.06,7.7799,0,6.675,6.675,20.84,7.7799,10.565,3.89,10.275,32.486,10.275,0,0,0,3.89,0,0,0,0,1,0,0,1,0,0,0,0,1,0,0,0
0,1.5228,5.7015,4.3934,5.6884,36.869,0,1.4353,44.389,0,0,23.617,0,1.5228,3.5115,0,59.731,3.6121,0,3.5247,1.5228,2.9581,5.7268,3.6121,4.3934,0,4.1909,12.019,20.659,0,22.169,27.229,0,0,0,0,0.10145,0.89855,0,0,1,0,0,0,0,1,0,0,0
0,5.2079,7.0236,5.2079,5.2079,48.565,0,0,28.788,0,0,5.2079,0,5.2079,18.696,1.8157,57.08,3.3922,0,0,3.3922,5.2079,27.211,3.3922,3.3922,0,3.307,45.258,0,0,3.3922,14.047,0,0,0,0,0.13043,0.86957,0,0,1,0,0,0,0,1,0,0,0
0,0,0,0,0,100,0,0,0,0,0,0,0,0,0,0,100,0,0,0,0,0,0,0,0,0,0,100,0,0,0,0,0,0,0,0,0,1,0,0,1,0,0,0,0,1,0,0,0
0,0,0,0,0,100,0,0,0,0,0,0,0,0,0,0,100,0,0,0,0,0,0,0,0,0,0,100,0,0,0,0,0,0,0,0,0,1,0,0,1,0,0,0,0,1,0,0,0
0,0,0,0,0,100,0,0,0,0,0,0,0,0,0,0,100,0,0,0,0,0,0,0,0,0,0,100,0,0,0,0,0,0,0,0,0.16667,0.83333,0,0,1,0,0,0,0,1,0,0,0
0,0,0,0,0,100,0,0,0,0,0,0,0,0,0,0,100,0,0,0,0,0,0,0,0,0,0,100,0,0,0,0,0,0,0,0,0.057471,0.94253,0,0,1,0,0,0,0,1,0,0,0
0,0,0,0,0,100,0,0,0,0,0,0,0,0,0,0,100,0,0,0,0,0,0,0,0,0,0,100,0,0,0,0,0,0,0,0,0.12644,0.87356,0,0,1,0,0,0,0,1,0,0,0
0,0,0,0,0,0,0,0,0,0,0,0,0,0,0,0,0,0,0,0,0,0,0,0,0,0,0,0,0,0,0,0,0,0,0,0,0,1,0,0,1,0,0,0,0,1,0,0,0
0,0,0,0,0,100,0,0,0,0,0,0,0,0,0,0,100,0,0,0,0,0,0,0,0,0,0,95.585,4.4148,0,0,0,0,0,0,0,0,1,0,0,1,0,0,0,0,1,0,0,0
0,0,0,0,0,88.383,11.617,0,0,0,0,0,0,0,0,0,88.383,11.617,0,0,0,0,0,0,0,0,11.617,54.442,33.94,0,0,0,0,0,0,0,0,1,0,0,1,0,0,0,0,1,0,0,0
0,0,0,0,0,100,0,0,0,0,0,0,0,0,0,3.0762,96.924,0,0,0,0,0,0,0,0,0,0,78.283,21.717,0,0,0,0,0,0,0,0,1,0,0,1,0,0,0,0,1,0,0,0
0,0,0,0,0,100,0,0,0,0,0,0,0,0,0,0,100,0,0,0,0,0,0,0,0,0,0,100,0,0,0,0,0,0,0,0,0,1,0,0,1,0,0,0,0,1,0,0,0
0,0,0,0,0,100,0,0,0,0,0,0,0,0,0,0,100,0,0,0,0,0,0,0,0,0,0,100,0,0,0,0,0,0,0,0,0,1,0,0,1,0,0,0,0,1,0,0,0
0,6.2434,0,0,0,86.447,7.3099,0,0,0,0,0,0,0,6.2434,0,75.027,12.487,0,0,0,6.2434,0,6.2434,6.2434,0,13.553,46.858,27.102,0,0,0,0,0,0,0,0,1,0,0,1,0,0,0,0,1,0,0,0
0,0,0,0,0,95.444,4.5558,0,0,0,0,0,0,0,0,7.633,68.303,24.064,0,0,0,0,0,0,0,9.7541,20.558,40.779,28.91,0,0,0,0,0,0,0,0,1,0,0,1,0,0,0,0,1,0,0,0
0,16.849,8.4246,0,3.7347,49.067,9.7646,0,12.159,0,0,8.4246,0,0,12.159,3.7347,31.757,23.341,12.159,0,0,8.4246,0,12.159,12.159,16.552,11.569,14.067,17.599,3.7347,12.159,0,0,0,0,0,0,1,0,0,1,0,0,0,0,1,0,0,0
0,2.9318,0,0,0,97.068,0,0,0,0,0,0,0,0,2.9318,3.8356,62.971,27.33,0,0,0,2.9318,0,2.9318,2.9318,10.733,20.563,46.113,16.727,0,0,0,0,0,0,0,0,1,0,0,1,0,0,0,0,1,0,0,0
0,0,0,0,0,91.642,0,0,8.3576,0,0,0,0,0,0,8.3576,91.642,0,0,0,0,0,0,0,0,0,0,91.642,0,0,0,8.3576,0,0,0,0,0,1,0,0,1,0,0,0,0,1,0,0,0
0,0,7.8234,7.8234,0,61.344,0,0,23.009,0,0,0,23.609,0,0,15.047,53.52,0,0,0,7.8234,0,7.8234,15.786,0,0,0,53.52,7.8234,0,7.8234,7.2237,0,0.011905,0,0.02381,0.02381,0.94048,0,0,1,0,0,0,0,1,0,0,0
0,0,0,6.3895,0,64.362,0,0,29.248,0,0,0,21.014,0,0,29.248,49.738,0,0,0,0,0,21.014,0,0,0,0,49.738,14.624,0,0,14.624,0,0,0,0,0,1,0,0,1,0,0,0,0,1,0,0,0
0,0,0,0,0,100,0,0,0,0,0,0,0,0,0,0,100,0,0,0,0,0,0,0,0,0,0,100,0,0,0,0,0,0,0,0,0.030612,0.96939,0,0,1,0,0,0,0,1,0,0,0
0,0,0,0,0,100,0,0,0,0,0,0,0,0,0,0,100,0,0,0,0,0,0,0,0,0,0,100,0,0,0,0,0,0,0,0,0,1,0,0,1,0,0,0,0,1,0,0,0
0,0,0,0,0,100,0,0,0,0,0,0,0,0,0,0,100,0,0,0,0,0,0,0,0,0,0,100,0,0,0,0,0,0,0,0,0,1,0,0,1,0,0,0,0,1,0,0,0
0,0,0,0,0,75,0,0,25,0,0,0,0,0,0,25,75,0,0,0,0,0,0,0,0,0,0,75,0,0,0,25,0,0.036036,0,0.045045,0.018018,0.9009,0,0,1,0,0,0,0,1,0,0,0
0,0,13.858,16.485,4.4422,27.713,0,3.0052,34.497,0,0,15.216,0,0,3.497,3.0052,51.928,8.9235,11.512,4.4422,0,1.4761,16.938,7.9393,5.9573,0,5.9573,3.0052,18.75,0,9.79,31.662,0,0,0,0,0,1,0,0,1,0,0,0,0,1,0,0,0
0,9.8349,7.1409,10.771,18.871,44.068,0,0,9.3137,0,0,12.661,0,8.8129,15.22,3.6295,42.61,7.1629,0,0,2.427,7.4771,12.874,4.3162,3.9169,0,6.9087,21.588,15.571,7.6315,4.8541,22.34,0,0,0,0,0.968,0.032,0,0,1,0,0,0,0,1,0,0,1
0,4.7429,16.034,23.596,18.633,23.839,1.8347,1.8347,9.4858,0,0,8.0617,0,8.0617,17.164,11.239,28.932,10.926,6.8499,0,2.1889,6.5776,11.686,4.0236,2.1889,0,0,13.48,12.194,8.7368,10.874,36.818,0,0,0,0,0.2,0.8,0,0,1,0,0,0,0,1,0,0,1
0,0,2.0115,35.02,21.757,18.039,0,18.16,5.013,0,0,6.9781,0,0,5.35,23.683,33.029,13.911,4.0229,8.059,0,4.9666,5.7105,18.924,1.7524,3.7639,0,11.778,12.643,3.7639,27.494,2.0115,12.158,0,0,0,0.2125,0.7875,0,0,1,0,0,0,0,1,0,0,1
0,5.3553,5.1433,26.719,20.476,22.252,4.9154,6.8384,8.3006,0,0,7.2642,0,3.7103,15.147,14.55,32.507,5.8247,7.0299,0,3.7103,10.257,14.235,12.18,1.1059,0,0,19.647,9.4428,7.3233,18.26,17.806,0,0,0,0,0.97391,0.026087,0,0,1,0,0,0,0,1,0,0,1
0,3.6494,14.549,21.99,22.999,14.073,4.1399,11.301,7.2988,0,0,12.547,0,5.0385,22.085,17.142,21.092,3.8812,6.632,2.4029,1.3891,7.7893,13.351,13.038,0,0,0,6.1416,12.69,9.4102,14.882,30.487,0,0,0,0,0.55814,0.44186,0,0,1,0,0,0,0,1,0,0,1
0,0,11.42,27.796,20.261,13.204,0,20.261,7.0569,0,0,15.014,0,0,10.651,17.261,13.072,15.014,8.7259,9.6098,0,10.651,1.6523,22.071,10.651,7.9575,0,3.5946,8.7091,7.9575,21.623,11.42,4.3629,0,0,0,0.4,0.6,0,0,1,0,0,0,0,1,0,0,1
0,0,3.6453,18.815,43.227,8.1307,9.1285,14.861,2.1929,0,0,10.324,0,0,2.1929,18.635,19.398,5.7324,30.944,1.4524,0,11.321,2.4501,23.732,2.1929,1.4524,0,0,13.408,27.041,20.088,6.0955,3.5394,0,0,0,0.25714,0.74286,0,0,1,0,0,0,0,1,0,0,1
0,0,5.4359,34.743,34.847,5.9857,3.7835,15.205,0,0,0,5.4359,0,0,10.872,38.057,18.989,0,16.878,5.9857,0,3.7835,9.7691,9.2194,0,0,0,0,15.205,13.094,38.057,14.655,0,0,0,0,0,1,0,0,1,0,0,0,0,1,0,0,1
0,0,2.3552,25.209,30.09,15.145,0,24.846,2.3552,0,0,3.995,0,0,3.995,24.142,28.912,11.341,20.045,3.5757,0,3.995,1.9359,23.625,3.995,1.6398,0,11.569,11.637,11.755,24.142,2.3552,7.3455,0,0,0,0,1,0,0,1,0,0,0,0,1,0,0,1
0,0,3.4903,33.072,18.906,18.906,6.719,18.906,0,0,0,10.209,0,0,0,34.788,18.906,3.4903,13.7,12.187,0,6.719,8.697,16.928,0,3.4903,0,0,15.416,10.209,38.278,3.4903,3.4903,0,0,0,0.10294,0.89706,0,0,1,0,0,0,0,1,0,0,1
0,0,5.4877,53.401,0,33.577,0,0,7.5339,0,0,0,5.4877,0,0,53.401,33.577,0,0,7.5339,0,0,7.5339,5.4877,0,0,0,33.577,0,0,0,53.401,0,0,0,0,0,1,0,0,1,0,0,0,0,1,0,0,0
0,0,33.333,33.333,0,0,0,0,33.333,0,0,0,33.333,0,0,33.333,0,0,0,33.333,0,0,33.333,33.333,0,0,0,0,0,0,0,33.333,0,0,0,0,0.14815,0.85185,0,0,1,0,0,0,0,1,0,0,0
0,23.659,23.756,0,13.804,11.057,17.771,0,9.9518,0,0,11.935,15.788,0,25.529,1.9833,5.7392,17.35,9.9518,0,0,11.724,0,25.529,13.708,27.723,1.7726,5.7392,1.7726,13.804,9.9518,0,0,0,0,0,0.11364,0.88636,0,0,1,0,0,0,0,1,0,0,0
0,1.5977,8.6385,30.717,11.434,13.032,0,0,11.239,8.7124,14.629,1.5977,0,0,21.076,5.4431,25.869,27.066,0,2.7215,1.5977,14.629,1.5977,4.3193,4.3193,4.3193,0,0,11.908,11.434,42.151,18.354,1.5977,0,0,0,0.59292,0.40708,0,0,1,0,0,0,0,1,0,0,0
0,0,5.9808,26.558,0,23.442,0,15.37,28.649,0,0,22.668,0,0,13.279,8.0719,27.332,8.0719,5.9808,7.2982,0,7.2982,8.0719,5.9808,22.668,0,8.0719,8.0719,7.2982,0,13.279,26.558,0,0,0,0,0,1,0,0,1,0,0,0,0,1,0,0,0
0,0,20.999,20.325,20.325,0,0,0,19.513,18.838,0,0,0,0,30.081,20.999,39.838,9.082,0,0,0,0,0,20.999,0,0,0,0,20.325,0,9.7563,48.92,0,0,0,0,0,1,0,0,1,0,0,0,0,1,0,0,1
0,0,4.7405,34.759,19.266,0,0,0,17.227,24.007,0,0,0,0,31.753,4.7405,36.494,27.013,0,0,0,0,0,4.7405,0,0,0,0,19.266,0,4.7405,71.253,0,0,0,0,0.41071,0.58929,0,0,1,0,0,0,0,1,0,0,0
0,0,7.7004,26.046,4.5699,24.69,0,4.0068,32.987,0,0,22.189,0,4.5699,14.339,0,41.25,1.9381,5.7623,4.0068,0,5.9449,1.9381,5.7623,11.89,0,3.8762,0,20.814,0,17.436,38.283,0,0,0,0,0.0092593,0.99074,0,0,1,0,0,0,0,1,0,0,1
21.789,21.789,3.017,9.988,0,11.546,0,6.2887,13.26,0,12.323,8.5291,0,0,16.277,0,34.794,15.594,3.017,0,14.818,6.971,8.5291,37.383,0,6.971,0,8.5291,6.0341,9.3057,23.248,0,0,0,0,0,0,1,0,0,1,0,0,0,0,1,0,0,1
0,0,19.799,13.111,6.1761,15.907,0,3.3808,34.18,7.4464,0,12.938,0,0,10.827,7.4464,43.325,6.1761,6.3498,9.5569,0,3.3808,12.526,13.622,6.7615,0,0,0,15.907,0,10.827,40.356,0,0,0,0,0,1,0,0,1,0,0,0,0,1,0,0,1
0,0,11.421,45.105,17.637,0,0,0,13.734,12.103,0,0,0,0,31.371,5.5341,37.258,19.95,5.8867,0,0,0,0,11.421,0,0,0,0,17.637,0,5.8867,65.055,0,0,0,0,0,1,0,0,1,0,0,0,0,1,0,0,1
0,0,7.7448,0,0,76.766,0,0,7.7448,7.7448,0,7.7448,0,7.7448,0,0,63.78,12.985,0,0,0,7.7448,0,0,7.7448,7.7448,7.7448,56.035,12.985,0,0,0,7.7448,0,0,0,1,0,0,0,1,0,0,0,0,1,0,0,0
14.859,14.859,8.1125,22.972,0,8.1125,0,0,14.859,0,16.225,0,0,0,22.972,0,45.944,8.1125,8.1125,0,0,14.859,0,22.972,0,14.859,0,0,16.225,8.1125,37.831,0,0,0,0,0,0.3,0.7,0,0,1,0,0,0,0,1,0,0,0
0,0,31.74,0,5.3639,25.142,0,12.898,21.09,3.767,0,10.359,0,16.092,6.5946,9.1309,25.142,6.5946,6.5946,3.767,11.959,3.767,13.189,19.493,6.5917,3.767,10.362,18.547,0,0,11.959,10.728,5.3639,0,0,0,0.51,0.49,0,0,1,0,0,0,0,1,0,0,1
17.157,13.567,12.164,7.0446,0,7.0446,0,8.4481,3.3291,0,31.246,5.119,0,0,24.201,0,22.537,18.822,12.164,0,3.3291,13.828,5.119,32.389,0,13.828,0,0,27.917,10.374,10.374,0,0,0,0,0,0,1,0,0,1,0,0,0,0,1,0,0,1
0,0,20.892,6.4196,0,59.849,0,0,0,0,12.839,14.472,0,0,6.4196,0,66.269,6.4196,6.4196,0,0,0,0,6.4196,14.472,0,0,53.43,12.839,6.4196,6.4196,0,0,0,0,0,0.97619,0.02381,0,0,1,0,0,0,0,1,0,0,0
23.213,19.479,2.6533,8.4367,0,8.8801,0,8.3889,14.172,0,14.777,2.6533,0,0,23.213,0,31.182,17.085,2.6533,0,5.7357,17.478,2.6533,33.603,0,17.478,0,5.92,12.001,5.7357,22.609,0,0,0,0,0,0.036364,0.96364,0,0,1,0,0,0,0,1,0,0,1
0,0,25.105,26.924,16.322,0,0,0,22.867,8.783,0,0,0,0,30.406,25.105,39.189,5.3011,0,0,0,0,0,25.105,0,0,0,0,16.322,0,8.783,49.791,0,0,0,0,0,1,0,0,1,0,0,0,0,1,0,0,1
0,0,30.211,5.5696,15.098,16.91,0,5.3392,17.238,6.0016,3.6317,6.0016,0,24.271,4.4336,5.3392,23.84,10.003,7.5075,1.9379,7.033,9.6333,6.3716,8.9709,6.0016,6.0016,9.6333,7.2772,0,0,11.467,34.874,9.4029,0,0,0,0.10811,0.89189,0,0,1,0,0,0,0,1,0,0,1
0,3.4661,21.887,5.9268,27.493,30.058,0,0,11.169,0,0,7.7031,0,5.9268,14.868,2.4607,35.3,20.111,0,4.237,5.9268,3.4661,7.7031,7.7031,3.4661,0,0,13.413,16.645,14.868,8.3875,27.814,0,0,0,0,0,1,0,0,1,0,0,0,0,1,0,0,1
8.7434,25.209,12.71,10.969,0,18.689,0,6.2395,4.4981,0,12.942,10.485,0,0,10.969,0,36.409,20.683,12.71,0,4.2453,4.4981,10.485,37.919,0,4.4981,0,12.218,12.942,6.471,15.467,0,0,0,0,0,0.01087,0.98913,0,0,1,0,0,0,0,1,0,0,1
0,2.1349,6.1925,24.856,30.314,32.233,0,0,4.2698,0,0,13.569,0,16.741,21.835,7.2295,19.762,9.3644,4.0576,0,5.3068,2.1349,2.1349,2.1349,2.1349,0,0,6.1925,26.04,10.401,12.536,38.425,0,0,0,0,0,1,0,0,1,0,0,0,0,1,0,0,1
0,0,0,0,0,0,0,0,0,0,0,0,0,0,0,0,0,0,0,0,0,0,0,0,0,0,0,0,0,0,0,0,0,0,0,0,0,1,0,0,1,0,0,0,0,1,0,0,0
0,1.731,14.598,21.323,32.362,13.867,2.748,9.9093,3.4621,0,0,8.8923,0,5.9178,30.133,11.414,24.068,8.1612,2.748,0,4.1868,4.4791,7.9412,9.9093,0,0,0,5.7054,18.07,12.348,13.87,32.156,0,0,0,0,0.13793,0.86207,0,0,1,0,0,0,0,1,0,0,1
20.528,20.528,0,0,0,41.246,0,5.8993,5.8993,0,5.8993,14.629,0,0,5.8993,0,20.528,38.415,0,0,20.528,0,14.629,32.327,0,0,0,41.246,0,5.8993,5.8993,0,0,0,0,0,0,1,0,0,1,0,0,0,0,1,0,0,0
0,0,0,0,0,100,0,0,0,0,0,0,0,0,0,0,83.657,16.343,0,0,0,0,0,0,0,0,0,83.657,16.343,0,0,0,0,0,0,0,1,0,0,0,1,0,0,0,0,1,0,0,0
0,0,0,0,0,50,38.463,11.537,0,0,0,0,0,0,0,0,88.463,11.537,0,0,0,0,0,11.537,0,38.463,0,50,0,0,0,0,0,0,0,0,0.66667,0.33333,0,0,1,0,0,0,0,1,0,0,0
0,33.333,0,0,0,66.667,0,0,0,0,0,0,0,0,0,0,33.333,66.667,0,0,0,0,0,33.333,0,0,0,66.667,0,0,0,0,0,0,0,0,0,1,0,0,1,0,0,0,0,1,0,0,0
0,0,0,0,0,50,25,25,0,0,0,0,0,0,0,0,75,25,0,0,0,0,0,25,0,25,0,50,0,0,0,0,0,0,0,0,0.90769,0.092308,0,0,1,0,0,0,0,1,0,0,0
0,0,0,0,0,44.842,29.146,26.011,0,0,0,0,0,0,0,5.8481,68.141,26.011,0,0,0,0,5.8481,20.163,0,29.146,0,44.842,0,0,0,0,0,0,0,0,0,1,0,0,1,0,0,0,0,1,0,0,0
0,0,0,0,0,59.436,40.564,0,0,0,0,0,0,0,0,0,100,0,0,0,0,0,0,0,0,40.564,0,59.436,0,0,0,0,0,0,0,0,0,1,0,0,1,0,0,0,0,1,0,0,0
0,0,0,0,0,100,0,0,0,0,0,0,0,0,0,0,100,0,0,0,0,0,0,0,0,0,0,100,0,0,0,0,0,0,0,0,0,1,0,0,1,0,0,0,0,1,0,0,0
0,0,0,0,0,67.339,26.864,5.7964,0,0,0,0,0,0,0,0,88.438,11.562,0,0,0,0,0,5.7964,0,26.864,0,67.339,0,0,0,0,0,0,0,0,0,1,0,0,1,0,0,0,0,1,0,0,0
0,0,0,0,0,90.184,9.8158,0,0,0,0,0,0,0,0,0,100,0,0,0,0,0,0,0,0,9.8158,0,90.184,0,0,0,0,0,0,0,0,0,1,0,0,1,0,0,0,0,1,0,0,0
0,0,11.361,0,0,88.639,0,0,0,0,0,11.361,0,0,0,0,88.639,0,0,0,0,0,0,0,11.361,0,0,88.639,0,0,0,0,0,0,0,0,1,0,0,0,1,0,0,0,0,1,0,0,0
0,0,11.933,0,0,49.169,0,0,38.898,0,0,11.933,0,0,15.032,0,49.169,11.933,0,0,0,11.933,0,11.933,0,0,0,49.169,0,0,0,11.933,26.965,0,0,0,1,0,0,0,1,0,0,0,0,1,0,0,0
0,0,0,0,0,100,0,0,0,0,0,0,0,0,0,0,100,0,0,0,0,0,0,0,0,0,0,100,0,0,0,0,0,0,0,0,1,0,0,0,1,0,0,0,0,1,0,0,0
0,0,0,0,0,84.369,0,0,15.631,0,0,0,0,0,15.631,0,84.369,0,0,0,0,0,0,0,0,0,0,84.369,0,0,0,0,15.631,0,0,0,0.9633,0.036697,0,0,1,0,0,0,0,1,0,0,0
0,0,10.71,0,0,67.558,0,0,21.732,0,0,10.561,0,0,5.3835,0,67.558,10.71,0,0,0,5.7875,0,10.71,0,0,0,67.558,0,0,0,10.561,11.171,0,0,0,0,1,0,0,1,0,0,0,0,1,0,0,0
0,0,2.8355,0,0,81.242,0,0,15.922,0,0,7.2363,0,0,0,0,81.242,2.8355,0,0,0,8.6861,0,2.8355,0,0,0,81.242,0,0,0,7.2363,8.6861,0,0,0,0,1,0,0,1,0,0,0,0,1,0,0,0
0,0,0,0,0,82.78,0,0,17.22,0,0,0,0,0,11.902,0,82.78,0,0,0,0,5.3189,0,0,0,0,0,82.78,0,0,0,0,17.22,0,0,0,0,1,0,0,1,0,0,0,0,1,0,0,0
0,0,3.0456,0,0,78.927,0,0,18.028,0,0,0,0,0,14.534,0,78.927,3.0456,0,0,0,3.494,0,3.0456,0,0,0,78.927,0,0,0,0,18.028,0,0,0,0,1,0,0,1,0,0,0,0,1,0,0,0
0,0,32.837,8.2163,13.169,16.336,0,3.9944,15.525,0,9.9217,0,0,10.522,4.1257,8.1192,18.042,20.592,14.761,2.4194,11.498,9.9217,10.671,18.042,4.1248,0,9.9226,6.4138,0,0,11.498,33.629,5.6997,0,0,0,0,1,0,0,1,0,0,0,0,1,0,0,1
0,0,6.665,0,0,93.335,0,0,0,0,0,0,0,0,0,0,93.335,6.665,0,0,0,0,0,6.665,0,0,0,93.335,0,0,0,0,0,0,0,0,0,1,0,0,1,0,0,0,0,1,0,0,0
0,0,0,0,0,100,0,0,0,0,0,0,0,0,0,0,100,0,0,0,0,0,0,0,0,0,0,100,0,0,0,0,0,0,0,0,0,1,0,0,1,0,0,0,0,1,0,0,0
0,0,0,0,0,100,0,0,0,0,0,0,0,0,0,0,100,0,0,0,0,0,0,0,0,0,0,100,0,0,0,0,0,0,0,0,0,1,0,0,1,0,0,0,0,1,0,0,0
0,0,0,0,0,100,0,0,0,0,0,0,0,0,0,0,100,0,0,0,0,0,0,0,0,0,0,100,0,0,0,0,0,0,0,0,0,1,0,0,1,0,0,0,0,1,0,0,0
0,0,0,0,0,100,0,0,0,0,0,0,0,0,0,0,100,0,0,0,0,0,0,0,0,0,0,100,0,0,0,0,0,0,0,0,0.98305,0.016949,0,0,1,0,0,0,0,1,0,0,0
0,0,0,0,15.999,84.001,0,0,0,0,0,13.498,0,0,0,20.502,29.498,20.502,0,0,0,15.999,29.498,0,0,0,20.502,29.498,20.502,0,0,0,0,0,0,0,0,1,0,0,1,0,0,0,0,1,0,0,0
0,0,0,0,6.4481,93.552,0,0,0,0,0,46.776,0,0,0,0,40.328,6.4481,0,0,0,6.4481,53.224,0,0,0,0,40.328,6.4481,0,0,0,0,0,0,0,0,1,0,0,1,0,0,0,0,1,0,0,0
0,0,0,14.556,18.777,66.667,0,0,0,0,0,18.777,0,14.556,0,14.556,14.556,18.777,0,0,0,18.777,52.111,0,0,0,14.556,14.556,18.777,0,0,0,0,0,0,0,0,1,0,0,1,0,0,0,0,1,0,0,0
0,0,0,0,47.195,52.805,0,0,0,0,0,5.6098,0,0,0,0,41.585,5.6098,0,0,0,47.195,52.805,0,0,0,0,41.585,5.6098,0,0,0,0,0,0,0,0,1,0,0,1,0,0,0,0,1,0,0,0
0,0,0,0,0,100,0,0,0,0,0,0,0,0,0,0,100,0,0,0,0,0,0,0,0,0,0,100,0,0,0,0,0,0,0,0,0,1,0,0,1,0,0,0,0,1,0,0,0
0,0,0,0,0,100,0,0,0,0,0,0,0,0,0,0,100,0,0,0,0,0,0,0,0,0,0,100,0,0,0,0,0,0,0,0,0,1,0,0,1,0,0,0,0,1,0,0,0
0,0,0,0,0,100,0,0,0,0,0,0,0,0,0,0,100,0,0,0,0,0,0,0,0,0,0,100,0,0,0,0,0,0,0,0,0,1,0,0,1,0,0,0,0,1,0,0,0
0,0,0,0,0,100,0,0,0,0,0,0,0,0,0,0,100,0,0,0,0,0,0,0,0,0,0,100,0,0,0,0,0,0,0,0,0,1,0,0,1,0,0,0,0,1,0,0,0
0,0,0,0,0,100,0,0,0,0,0,0,0,0,0,0,100,0,0,0,0,0,0,0,0,0,0,100,0,0,0,0,0,0,0,0,0,1,0,0,1,0,0,0,0,1,0,0,0
0,0,0,0,0,100,0,0,0,0,0,0,0,0,0,0,100,0,0,0,0,0,0,0,0,0,0,100,0,0,0,0,0,0,0,0,0,1,0,0,1,0,0,0,0,1,0,0,0
0,0,0,0,0,100,0,0,0,0,0,0,0,0,0,0,100,0,0,0,0,0,0,0,0,0,0,100,0,0,0,0,0,0,0,0,0,1,0,0,1,0,0,0,0,1,0,0,0
0,0,0,0,0,100,0,0,0,0,0,0,0,0,0,0,100,0,0,0,0,0,0,0,0,0,0,100,0,0,0,0,0,0,0,0,0,1,0,0,1,0,0,0,0,1,0,0,0
0,1.4835,9.7157,29.814,19.357,14.413,11.125,11.125,2.9671,0,0,7.6642,0,1.4835,9.7157,18.121,25.785,6.7486,17.874,0,0,12.609,9.395,17.306,0,0,0,8.2321,11.125,12.929,16.637,24.376,0,0,0,0,0.11111,0.88889,0,0,1,0,0,0,0,1,0,0,0
0,0,0,0,0,100,0,0,0,0,0,0,0,0,0,0,100,0,0,0,0,0,0,0,0,0,0,100,0,0,0,0,0,0,0,0,0,1,0,0,1,0,0,0,0,1,0,0,0
0,0,0,0,0,73.847,13.077,13.077,0,0,0,0,0,0,0,13.077,50,36.923,0,0,0,0,13.077,0,0,13.077,0,73.847,0,0,0,0,0,0,0,0,0.93103,0.068966,0,0,1,0,0,0,0,1,0,0,0
0,0,0,0,0,71.213,12.612,16.175,0,0,0,0,0,0,0,10.324,62.612,27.064,0,0,0,0,10.324,5.851,0,12.612,0,71.213,0,0,0,0,0,0,0,0,0,1,0,0,1,0,0,0,0,1,0,0,0
0,0,0,0,0,100,0,0,0,0,0,0,0,0,0,4.3496,95.65,0,0,0,0,0,0,0,0,0,0,89.4,10.6,0,0,0,0,0,0,0,0,1,0,0,1,0,0,0,0,1,0,0,0
0,0,0,0,0,74.842,0,25.158,0,0,0,0,0,0,0,25.158,50,24.842,0,0,0,0,25.158,0,0,0,0,74.842,0,0,0,0,0,0,0,0,0.92982,0.070175,0,0,1,0,0,0,0,1,0,0,0
0,0,0,0,0,79.853,10.074,10.074,0,0,0,0,0,0,0,29.975,20.147,49.877,0,0,0,0,10.074,0,0,10.074,39.803,40.049,0,0,0,0,0,0,0,0,0.039474,0.96053,0,0,1,0,0,0,0,1,0,0,0
0,0,0,0,0,80.08,12.609,7.3104,0,0,0,0,0,0,0,14.739,77.951,7.3104,0,0,0,0,7.3104,0,0,12.609,7.4282,65.224,7.4282,0,0,0,0,0,0,0,0,1,0,0,1,0,0,0,0,1,0,0,0
0,0,0,0,0,88.532,11.468,0,0,0,0,0,0,0,0,0,88.532,11.468,0,0,0,0,0,0,0,11.468,0,61.468,27.064,0,0,0,0,0,0,0,0,1,0,0,1,0,0,0,0,1,0,0,0
0,0,0,0,0,93.443,6.5571,0,0,0,0,0,0,0,0,7.0387,57.01,35.951,0,0,0,0,0,0,0,6.5571,29.394,37.721,26.328,0,0,0,0,0,0,0,0,1,0,0,1,0,0,0,0,1,0,0,0
0,0,0,0,0,100,0,0,0,0,0,0,6.2097,0,0,5.6605,88.13,0,0,0,0,0,0,0,0,0,5.6605,38.789,49.341,0,6.2097,0,0,0,0,0,0,1,0,0,1,0,0,0,0,1,0,0,0
0,6.9088,10.538,0,18.998,29.077,26.017,0,8.4607,0,0,3.5093,14.047,0,22.398,11.97,10.418,25.797,8.4607,0,0,3.3995,0,22.398,15.369,17.556,3.3995,10.418,3.3995,18.998,8.4607,0,0,0,0,0,0,1,0,0,1,0,0,0,0,1,0,0,0
0,2.2216,0,0,0,97.778,0,0,0,0,0,0,0,0,2.2216,8.5196,54.88,32.157,0,0,0,2.2216,0,2.2216,2.2216,16.385,8.495,55.294,15.384,0,0,0,0,0,0,0,0,1,0,0,1,0,0,0,0,1,0,0,0
0,0,0,0,0,100,0,0,0,0,0,0,0,0,0,8.0258,70.147,21.827,0,0,0,0,0,0,0,10.914,13.802,57.459,17.826,0,0,0,0,0,0,0,0,1,0,0,1,0,0,0,0,1,0,0,0
0,0,0,0,0,100,0,0,0,0,0,0,0,0,0,0,77.719,22.281,0,0,0,0,0,0,0,0,0,100,0,0,0,0,0,0,0,0,1,0,0,0,1,0,0,0,0,1,0,0,0
0,0,0,0,0,100,0,0,0,0,0,0,0,0,0,5.3688,55.369,39.262,0,0,0,0,0,0,0,0,23.843,52.313,23.843,0,0,0,0,0,0,0,0.5,0.5,0,0,1,0,0,0,0,1,0,0,0
0,0,0,0,0,100,0,0,0,0,0,0,0,0,0,6.7889,70.394,22.817,0,0,0,0,0,0,0,12.937,13.645,46.321,27.096,0,0,0,0,0,0,0,0,1,0,0,1,0,0,0,0,1,0,0,0
0,0,15.957,15.957,0,52.128,0,0,15.957,0,0,0,31.915,0,0,15.957,36.171,0,0,0,15.957,0,15.957,15.957,0,0,0,36.171,15.957,0,15.957,0,0,0,0,0,1,0,0,0,1,0,0,0,0,1,0,0,0
0,0,0,0,0,100,0,0,0,0,0,0,0,0,0,29.521,34.31,36.169,0,0,0,0,0,0,0,0,47.606,40.958,11.437,0,0,0,0,0,0,0,0.078431,0.92157,0,0,1,0,0,0,0,1,0,0,0
0,0,0,0,0,100,0,0,0,0,0,0,0,0,0,0,100,0,0,0,0,0,0,0,0,0,0,50,50,0,0,0,0,0,0,0,0,1,0,0,1,0,0,0,0,1,0,0,0
0,0,8.9593,0,0,91.041,0,0,0,0,0,0,0,0,0,0,80.052,10.988,0,0,8.9593,0,0,0,0,0,0,91.041,0,0,8.9593,0,0,0,0,0,1,0,0,0,1,0,0,0,0,1,0,0,0
0,0,0,0,0,100,0,0,0,0,0,0,0,0,0,0,100,0,0,0,0,0,0,0,0,0,0,100,0,0,0,0,0,0,0,0,1,0,0,0,1,0,0,0,0,1,0,0,0
0,0,0,0,0,61.653,0,0,38.347,0,0,0,38.347,0,0,0,61.653,0,0,0,0,0,0,0,0,0,0,61.653,0,0,0,0,38.347,0,0,0,1,0,0,0,1,0,0,0,0,1,0,0,0
0,0,0,0,4.4853,84.007,0,0,11.508,0,0,0,11.508,4.4853,0,0,79.522,4.4853,0,0,0,0,0,0,0,0,0,84.007,0,4.4853,0,0,11.508,0,0,0,0,1,0,0,1,0,0,0,0,1,0,0,0
0,0,0,0,0,88.486,0,0,11.514,0,0,0,11.514,0,0,0,88.486,0,0,0,0,0,0,0,0,0,0,88.486,0,0,0,0,11.514,0,0,0,0,1,0,0,1,0,0,0,0,1,0,0,0
0,0,0,0,0,100,0,0,0,0,0,0,0,0,0,0,89.258,10.742,0,0,0,0,0,0,0,0,0,100,0,0,0,0,0,0,0,0,0,1,0,0,1,0,0,0,0,1,0,0,0
0,0,0,0,0,100,0,0,0,0,0,0,0,0,0,0,100,0,0,0,0,0,0,0,0,0,0,100,0,0,0,0,0,0,0,0,0,1,0,0,1,0,0,0,0,1,0,0,0
16.474,0,0,16.474,0,67.051,0,0,0,0,0,16.474,12.763,16.474,0,14.38,25.527,14.38,0,0,0,0,16.474,0,0,0,14.38,29.238,27.144,0,12.763,0,0,0,0,0,0,1,0,0,1,0,0,0,0,1,0,0,0
50,0,0,50,0,0,0,0,0,0,0,50,0,50,0,0,0,0,0,0,0,0,50,0,0,0,0,50,0,0,0,0,0,0,0,0,0,1,0,0,1,0,0,0,0,1,0,0,0
0,0,0,9.4108,0,64.151,26.438,0,0,0,0,0,26.438,9.4108,0,9.4108,54.74,0,0,0,0,0,9.4108,26.438,0,0,9.4108,18.857,9.4459,0,26.438,0,0,0,0,0,0,1,0,0,1,0,0,0,0,1,0,0,0
88.526,0,0,3.8247,0,7.6495,0,0,0,0,0,88.526,0,3.8247,0,3.8247,3.8247,0,0,0,0,0,92.351,0,0,0,3.8247,3.8247,0,0,0,0,0,0,0,0,0,1,0,0,1,0,0,0,0,1,0,0,0
0,0,0,0,0,60.866,39.134,0,0,0,0,0,20.289,0,0,0,79.711,0,0,0,0,0,0,39.134,0,0,0,20.289,20.289,0,20.289,0,0,0,0,0,0,1,0,0,1,0,0,0,0,1,0,0,0
0,0,0,0,0,50,50,0,0,0,0,0,50,0,0,0,50,0,0,0,0,0,0,50,0,0,0,0,0,0,50,0,0,0,0,0,0,1,0,0,1,0,0,0,0,1,0,0,0
0,0,0,0,0,100,0,0,0,0,0,0,0,0,0,0,100,0,0,0,0,0,0,0,0,0,0,100,0,0,0,0,0,0,0,0,0,1,0,0,1,0,0,0,0,1,0,0,0
0,0,0,0,0,100,0,0,0,0,0,0,0,0,0,0,100,0,0,0,0,0,0,0,0,0,0,100,0,0,0,0,0,0,0,0,0,1,0,0,1,0,0,0,0,1,0,0,0
0,0,0,0,0,100,0,0,0,0,0,0,0,0,0,0,100,0,0,0,0,0,0,0,0,0,0,100,0,0,0,0,0,0,0,0,0,1,0,0,1,0,0,0,0,1,0,0,0
0,0,0,0,0,100,0,0,0,0,0,0,0,0,0,0,100,0,0,0,0,0,0,0,0,0,0,100,0,0,0,0,0,0,0,0,0,1,0,0,1,0,0,0,0,1,0,0,0
0,0,0,0,0,100,0,0,0,0,0,0,0,0,0,0,100,0,0,0,0,0,0,0,0,0,0,100,0,0,0,0,0,0,0,0,0,1,0,0,1,0,0,0,0,1,0,0,0
0,0,0,0,0,100,0,0,0,0,0,0,0,0,0,0,100,0,0,0,0,0,0,0,0,0,0,100,0,0,0,0,0,0,0,0,0,1,0,0,1,0,0,0,0,1,0,0,0
0,0,0,0,0,100,0,0,0,0,0,0,0,0,0,0,100,0,0,0,0,0,0,0,0,0,0,100,0,0,0,0,0,0,0,0,0,1,0,0,1,0,0,0,0,1,0,0,0
0,0,0,0,0,100,0,0,0,0,0,0,0,0,0,0,100,0,0,0,0,0,0,0,0,0,0,100,0,0,0,0,0,0,0,0,0,1,0,0,1,0,0,0,0,1,0,0,0
0,0,0,0,0,100,0,0,0,0,0,0,0,0,0,0,100,0,0,0,0,0,0,0,0,0,0,100,0,0,0,0,0,0,0,0,0,1,0,0,1,0,0,0,0,1,0,0,0
0,0,0,0,4.4133,95.587,0,0,0,0,0,0,0,0,0,4.4133,91.173,0,0,0,4.4133,0,0,0,0,0,0,91.173,4.4133,0,4.4133,0,0,0,0,0,0,1,0,0,1,0,0,0,0,1,0,0,0
0,0,0,0,0,100,0,0,0,0,0,0,0,0,0,0,100,0,0,0,0,0,0,0,0,0,0,100,0,0,0,0,0,0,0,0,0,1,0,0,1,0,0,0,0,1,0,0,0
0,4.4347,0,0,0,91.131,4.4347,0,0,0,0,4.4347,4.4347,0,0,0,91.131,0,0,0,0,0,0,4.4347,4.4347,0,0,91.131,0,0,0,0,0,0,0,0,0,1,0,0,1,0,0,0,0,1,0,0,0
0,2.5583,14.042,0,0,58.952,2.7071,7.7521,8.8719,0,5.1165,2.5583,2.7071,0,2.5225,2.7071,61.361,2.7071,0,8.8362,11.484,5.1165,15.091,13.017,2.5583,2.5583,0,48.272,7.8236,0,5.4142,0,5.2654,0,0,0,0,1,0,0,1,0,0,0,0,1,0,0,0
0,0,0,0,0,85.382,0,14.618,0,0,0,0,0,0,7.309,0,85.382,0,0,7.309,0,0,0,14.618,0,0,0,85.382,0,0,0,0,0,0,0,0,0,1,0,0,1,0,0,0,0,1,0,0,0
0,2.0016,2.0904,6.4186,6.6525,51.59,16.989,8.2481,3.9199,2.0904,0,6.4163,6.1554,0,4.4148,6.1577,53.854,1.8295,4.3282,1.8295,12.924,2.0904,13.071,9.8414,6.4163,0,0,41.686,6.2443,4.3282,3.659,6.5052,8.2481,0,0,0,0,1,0,0,1,0,0,0,0,1,0,0,0
0,15.109,18.696,0,0,32.391,5.7608,0,9.3479,0,18.696,15.109,5.7608,0,0,0,51.087,0,0,0,9.3479,18.696,9.3479,15.109,15.109,9.3479,0,23.043,18.696,0,0,0,9.3479,0,0,0,0.075758,0.92424,0,0,1,0,0,0,0,1,0,0,0
0,22.771,8.9679,0,9.9878,19.659,19.659,0,18.956,0,0,13.803,4.8354,0,18.956,14.823,9.6708,9.9878,18.956,0,0,8.9679,0,18.956,23.791,18.639,0,9.6708,0,9.9878,18.956,0,0,0,0,0,0.019608,0.98039,0,0,1,0,0,0,0,1,0,0,0
0,0,1.8147,6.5573,9.6317,36.734,24.944,14.832,3.6724,1.8147,0,8.5581,7.7707,0,14.14,11.546,36.547,0,1.8577,2.6933,12.187,4.6996,10.416,13.762,12.474,2.8849,6.6004,20.545,9.5886,2.8882,0,14.285,6.5573,0,0,0,0,1,0,0,1,0,0,0,0,1,0,0,0
0,0,0,0,0,100,0,0,0,0,0,0,0,0,0,0,100,0,0,0,0,0,0,0,0,0,0,100,0,0,0,0,0,0,0,0,0,1,0,0,1,0,0,0,0,1,0,0,0
0,0,0.90696,12.019,11.787,30.075,21.75,19.32,3.2342,0.90696,0,3.2342,3.492,0,8.9681,20.611,39.767,0,7.6205,1.567,10.341,4.3989,16.148,11.442,8.5658,3.492,8.1464,16.855,5.0738,9.4602,0,8.7979,12.019,0,0,0,0,1,0,0,1,0,0,0,0,1,0,0,0
0,0,0,13.12,8.58,28.793,34.016,13.12,2.3708,0,0,5.917,11.633,0,5.917,18.836,35.996,0,5.0338,0,8.58,8.0867,13.614,2.3708,11.633,8.0867,12.828,12.418,3.5462,2.663,0,19.72,13.12,0,0,0,0.37037,0.62963,0,0,1,0,0,0,0,1,0,0,0
0,0,0,0,0,100,0,0,0,0,0,0,0,0,0,0,100,0,0,0,0,0,0,0,0,0,0,100,0,0,0,0,0,0,0,0,0,1,0,0,1,0,0,0,0,1,0,0,0
0,0,0,0,0,100,0,0,0,0,0,0,0,0,0,0,87.385,12.615,0,0,0,0,0,0,0,8.4099,0,91.59,0,0,0,0,0,0,0,0,0,1,0,0,1,0,0,0,0,1,0,0,0
0,0,0,0,0,95.653,0,0,4.3468,0,0,0,4.3468,0,0,0,83.837,11.816,0,0,0,0,0,4.3468,0,7.8776,0,87.776,0,0,0,0,0,0,0,0,0,1,0,0,1,0,0,0,0,1,0,0,0
0,0,0,0,0,100,0,0,0,0,0,0,0,0,0,0,100,0,0,0,0,0,0,0,0,0,0,100,0,0,0,0,0,0,0,0,0,1,0,0,1,0,0,0,0,1,0,0,0
0,0,0,0,0,100,0,0,0,0,0,0,0,0,0,0,100,0,0,0,0,0,0,0,0,0,0,100,0,0,0,0,0,0,0,0.032787,0.098361,0.86885,0,0,1,0,0,0,0,1,0,0,0
0,0,3.9992,11.605,0,75.002,0,0,9.3941,0,0,0,20.999,0,0,3.9992,71.003,0,0,0,3.9992,0,17,3.9992,0,0,0,71.003,3.9992,0,3.9992,0,0,0,0,0,0,1,0,0,1,0,0,0,0,1,0,0,0
0,0,0,0,0,72.523,0,0,27.477,0,0,0,16.113,0,0,22.73,61.158,0,0,0,0,0,11.365,4.7479,0,0,0,61.158,11.365,0,0,11.365,0,0,0,0.012987,0,0.98701,0,0,1,0,0,0,0,1,0,0,0
0,0,0,0,0,93.917,0,0,6.0827,0,0,0,6.0827,0,0,0,93.917,0,0,0,0,0,0,6.0827,0,0,0,93.917,0,0,0,0,0,0,0,0,0.033333,0.96667,0,0,1,0,0,0,0,1,0,0,0
5.5817,10.045,0,0,0,78.482,0,0,5.8917,0,0,0,5.8917,6.4179,0,0,81.272,0,3.6271,0,2.7909,0,5.8917,2.7909,3.6271,9.2088,0,78.482,0,0,0,0,0,0,0,0,0,1,0,0,1,0,0,0,0,1,0,0,0
0,0,0,0,0,100,0,0,0,0,0,0,0,0,0,0,100,0,0,0,0,0,0,0,0,0,0,100,0,0,0,0,0,0,0,0,0,1,0,0,1,0,0,0,0,1,0,0,0
6.4768,0,0,0,0,87.046,0,0,6.4768,0,0,0,0,0,0,0,93.523,6.4768,0,0,0,0,0,0,0,6.4768,0,87.046,0,0,0,6.4768,0,0,0,0.015625,0.17188,0.8125,0,0,1,0,0,0,0,1,0,0,0
5.9835,0,0,0,0,88.033,0,0,5.9835,0,0,0,0,0,0,0,94.017,5.9835,0,0,0,0,0,0,0,5.9835,0,88.033,0,0,0,5.9835,0,0,0,0,0,1,0,0,1,0,0,0,0,1,0,0,0
14.377,9.4143,8.3323,0,0,60.186,4.7478,0,2.9423,0,0,0,0,4.7478,8.9605,0,60.186,13.08,3.5704,1.8055,2.9423,4.7071,8.3323,11.903,3.5704,8.3182,4.7478,54.796,0,5.3901,0,2.9423,0,0,0,0,0,1,0,0,1,0,0,0,0,1,0,0,0
11.548,25.09,0,0,0,63.362,0,0,0,0,0,0,6.5908,4.2921,4.9575,0,63.362,0,9.2496,0,0,11.548,0,4.9575,15.84,15.84,0,56.771,0,0,6.5908,0,0,0,0,0,0,1,0,0,1,0,0,0,0,1,0,0,0
13.73,30.442,0,0,0,55.828,0,0,0,0,0,0,11.885,4.8272,1.8894,7.8096,52.846,0,4.0307,5.9201,6.9685,3.8236,0,8.8579,17.805,17.509,0,52.005,0,0,3.8236,0,0,0,0,0,0,1,0,0,1,0,0,0,0,1,0,0,0
20.866,28.13,3.8564,0,0,40.213,3.5802,0,3.3541,0,0,0,9.4528,3.5802,11.717,0,34.228,9.1044,1.8939,9.5464,9.3387,11.139,3.8564,13.403,18.999,16.595,3.5802,36.242,0,2.1701,1.8004,3.3541,0,0,0,0,0,1,0,0,1,0,0,0,0,1,0,0,0
9.1872,43.595,0,0,0,47.218,0,0,0,0,0,0,15.433,3.2171,4.5531,4.6341,39.773,0,9.5934,7.445,10.798,4.5531,0,9.1872,31.19,12.404,0,43.865,0,0,3.3535,0,0,0,0,0,0,1,0,0,1,0,0,0,0,1,0,0,0
0,19.636,0,0,0,74.149,0,0,6.2154,0,0,0,6.2154,0,0,0,83.967,0,0,9.8179,0,0,6.2154,0,9.8179,9.8179,0,74.149,0,0,0,0,0,0,0,0,0,1,0,0,1,0,0,0,0,1,0,0,0
21.157,26.078,0,0,0,49.482,0,0,3.2834,0,0,3.2834,0,11.073,5.4194,9.5863,50.968,0,5.3144,10.734,3.6222,0,0,5.7582,16.048,25.429,0,49.482,0,3.2834,0,0,0,0,0,0,0.015625,0.98438,0,0,1,0,0,0,0,1,0,0,0
16.586,23.473,0,20.183,3.2177,26.887,6.4355,0,3.2177,0,0,3.2177,3.2177,26.648,10.091,3.2474,17.021,0,3.2474,16.782,16.527,0,10.091,3.2177,23.247,20.03,13.309,13.577,0,6.4355,0,10.091,0,0,0,0,0,1,0,0,1,0,0,0,0,1,0,0,0
8.6724,8.6724,0,23.112,4.3504,39.875,12.134,0,3.1832,0,0,3.1832,6.0176,21.346,8.6724,0,24.018,10.368,0,14.789,11.606,0,11.606,6.1165,14.69,8.6724,5.4892,28.369,6.0176,7.5336,0,11.507,0,0,0,0,0.67742,0.32258,0,0,1,0,0,0,0,1,0,0,0
5.1879,5.1879,0,10.376,6.9804,51.327,13.961,0,6.9804,0,0,6.9804,6.9804,17.356,5.1879,0,39.159,0,0,5.1879,19.149,0,5.1879,6.9804,12.168,5.1879,12.168,39.159,0,13.961,0,5.1879,0,0,0,0,0.33333,0.66667,0,0,1,0,0,0,0,1,0,0,0
6.2316,49.747,0,0,0,44.022,0,0,0,0,0,0,2.7587,11.928,7.2694,18.344,38.29,0,6.0382,13.992,1.3794,0,0,8.6488,21.41,25.92,0,44.022,0,0,0,0,0,0,0,0,0,1,0,0,1,0,0,0,0,1,0,0,0
0,0,0,0,0,100,0,0,0,0,0,0,0,0,0,0,100,0,0,0,0,0,0,0,0,0,0,100,0,0,0,0,0,0,0,0,0.30769,0.69231,0,0,1,0,0,0,0,1,0,0,0
0,0,0,14.379,0,71.242,14.379,0,0,0,0,0,0,0,0,0,71.242,0,0,14.379,14.379,0,14.379,14.379,0,0,0,71.242,0,0,0,0,0,0,0,0,0.25,0.75,0,0,1,0,0,0,0,1,0,0,0
0,0,0,0,0,100,0,0,0,0,0,0,0,0,0,0,100,0,0,0,0,0,0,0,0,0,0,100,0,0,0,0,0,0,0,0,0.22222,0.77778,0,0,1,0,0,0,0,1,0,0,0
18.232,25.154,10.328,0,0,19.794,13.71,0,12.783,0,0,0,1.203,13.71,4.4279,0,22.25,27.696,4.4279,3.3818,11.531,11.374,10.328,15.959,5.6309,21.796,13.71,18.591,0,1.203,0,12.783,0,0,0,0,0.042553,0.95745,0,0,1,0,0,0,0,1,0,0,0
30.361,16.054,6.0478,0,0,33.825,9.9997,0,3.7124,0,0,0,2.8765,9.9997,11.499,0,30.948,16.047,6.2873,9.1638,6.5889,6.5889,6.0478,15.212,12.04,19.163,9.9997,31.489,0,2.3354,0,3.7124,0,0,0,0,0,1,0,0,1,0,0,0,0,1,0,0,0
0,0,0,0,25.587,74.413,0,0,0,0,0,0,0,0,0,0,48.825,25.587,0,0,0,25.587,0,0,0,0,0,48.825,25.587,25.587,0,0,0,0,0,0,0,1,0,0,1,0,0,0,0,1,0,0,0
0,0,0,0,50,50,0,0,0,0,0,0,0,0,0,0,0,50,0,0,0,50,0,0,0,0,0,0,50,50,0,0,0,0,0,0,0.12,0.88,0,0,1,0,0,0,0,1,0,0,0
0,0,0,0,35.409,64.591,0,0,0,0,0,0,0,0,0,0,32.296,32.296,0,0,0,35.409,0,0,0,0,0,32.296,32.296,35.409,0,0,0,0,0,0,0.15789,0.84211,0,0,1,0,0,0,0,1,0,0,0
0,0,0,0,0,100,0,0,0,0,0,0,0,0,0,0,100,0,0,0,0,0,0,0,0,0,0,100,0,0,0,0,0,0,0,0,0,1,0,0,1,0,0,0,0,1,0,0,0
0,0,0,0,0,100,0,0,0,0,0,0,0,0,0,0,84.123,15.877,0,0,0,0,0,0,0,0,0,84.123,15.877,0,0,0,0,0,0,0,0,1,0,0,1,0,0,0,0,1,0,0,0
0,6.3772,16.108,7.0671,3.3028,24.648,9.2772,6.7431,8.3927,5.5236,12.56,10.141,1.7488,0,8.5565,3.087,37.669,3.5187,0,3.0329,15.921,16.324,8.3927,18.428,11.685,6.172,0,12.953,14.781,3.3028,6.6057,9.2878,8.3927,0,0,0.0375,0.3625,0.6,0,0,1,0,0,0,0,1,0,0,1
0,1.2231,5.1179,6.2038,5.7359,39.564,16.129,13.643,7.265,2.6718,2.4461,7.1669,6.6478,0,7.71,12.251,38.364,3.9066,4.5993,8.3446,6.959,4.0507,11.558,14.704,6.6361,5.4994,8.547,16.938,7.4894,2.4639,7.8132,7.0175,11.333,0,0,0,0.11828,0.88172,0,0,1,0,0,0,0,1,0,0,1
0,1.707,16.275,5.7209,4.5036,38.496,8.9223,5.9981,7.9386,5.9346,4.5036,2.9243,6.4878,0,7.6614,10.175,36.873,10.334,0,6.5076,13.316,5.7209,10.881,17.37,4.6511,1.7268,0,16.492,10.715,4.5036,18.569,9.0924,5.9981,0,0,0,0.51408,0.48592,0,0,1,0,0,0,0,1,0,0,1
0,0,19.739,10.821,10.821,21.114,0,0,10.293,16.391,10.821,0,0,0,21.114,19.739,31.407,12.197,0,4.7229,0,10.821,0,15.016,4.7229,4.7229,0,0,16.391,10.821,21.642,26.684,0,0,0,0.10976,0.28049,0.60976,0,0,1,0,0,0,0,1,0,0,1
0,2.0355,22.319,15.417,5.2458,19.034,1.3321,1.3321,16.21,7.7566,9.3168,2.0355,1.3321,0,18.088,19.58,34.616,6.4179,0,6.5779,2.0355,9.3168,2.0355,17.702,7.2813,7.2813,0,0,13.16,5.2458,23.327,20.599,3.3676,0,0,0,0.5122,0.4878,0,0,1,0,0,0,0,1,0,0,1
0,0,6.3215,11.961,6.6255,39.892,13.492,10.057,7.2347,2.5133,1.9041,7.2347,2.8218,0,9.1388,9.4519,45.227,0,4.7214,1.9041,12.261,7.2392,11.956,11.652,7.2392,4.7259,12.265,23.21,2.5133,1.9041,3.8082,10.67,10.057,0,0,0,0.75862,0.24138,0,0,1,0,0,0,0,1,0,0,0
0,0,10.543,0,0,68.37,10.543,0,0,10.543,0,10.543,0,0,10.543,10.543,57.827,0,0,10.543,0,0,0,0,10.543,10.543,10.543,57.827,0,0,0,10.543,0,0,0,0,0.94643,0.053571,0,0,1,0,0,0,0,1,0,0,0
0,1.783,9.0591,18.485,7.3891,21.684,3.7263,1.6462,12.39,12.882,10.955,3.8631,1.6462,0,18.43,7.1393,30.484,21.972,0,3.7263,1.783,10.955,1.783,8.4882,3.8631,3.8631,2.0801,2.0801,16.014,7.3891,29.167,21.843,3.4291,0,0,0,0,1,0,0,1,0,0,0,0,1,0,0,1
0,0,0,0,0,100,0,0,0,0,0,0,0,0,0,0,100,0,0,0,0,0,0,0,0,0,0,100,0,0,0,0,0,0,0,0,1,0,0,0,1,0,0,0,0,1,0,0,0
0,0,4.7498,9.9358,5.9287,26.401,34.563,12.254,1.4176,4.7498,0,6.6861,8.7799,0,9.0039,23.33,31.069,0,1.6746,3.3322,7.8637,8.2612,6.7031,5.153,15.847,10.176,10.176,10.554,5.6717,3.9924,0,21.791,9.9358,0,0,0,0.20833,0.79167,0,0,1,0,0,0,0,1,0,0,0
0,0,2.4611,8.4616,16.309,32.656,16.457,14.827,6.3678,2.4611,0,10.311,2.3393,0,16.676,16.428,31.665,0,7.6039,1.6035,12.516,0.85766,18.405,13.591,11.166,1.6035,12.624,10.47,9.5625,8.4593,0,5.6581,8.4616,0,0,0,0.38462,0.61538,0,0,1,0,0,0,0,1,0,0,1
0,0,0,0,0,100,0,0,0,0,0,0,0,0,0,31.403,68.597,0,0,0,0,0,0,0,0,0,18.597,50,31.403,0,0,0,0,0,0,0.034483,0.93103,0.034483,0,0,1,0,0,0,0,1,0,0,1
0,0,0,0,0,100,0,0,0,0,0,0,0,0,0,24.789,75.211,0,0,0,0,0,0,0,0,0,50,25.211,24.789,0,0,0,0,0,0,0,0.17391,0.82609,0,0,1,0,0,0,0,1,0,0,1
0,0,0,0,0,100,0,0,0,0,0,0,0,0,0,50,50,0,0,0,0,0,0,0,0,0,18.401,31.599,50,0,0,0,0,0,0,0,0,1,0,0,1,0,0,0,0,1,0,0,1
0,0,15.231,6.697,0,53.47,0,0,24.602,0,0,0,20.79,0,0,21.018,42.961,0,0,0,15.231,0,17.206,3.584,0,0,0,42.961,10.509,0,15.231,10.509,0,0.30435,0.043478,0.043478,0.47826,0.13043,0,0,1,0,0,0,0,1,0,0,0
0,0,7.2506,7.2506,0,60.499,0,0,25,0,0,0,22.486,0,0,17.016,53.248,0,0,0,7.2506,0,15.235,7.2506,0,0,0,53.248,7.2506,0,7.2506,9.7649,0,0.86957,0.014493,0.10145,0.014493,0,0,0,1,0,0,0,0,1,0,0,0
9.4873,32.155,13.286,0,0,24.276,9.9976,0,10.797,0,0,0,4.5113,9.9976,5.5382,0,23.714,27.233,0.8878,1.3619,14.509,12.247,13.286,18.685,6.761,16.196,9.9976,17.839,0,6.4378,0,10.797,0,0,0,0,0.36,0.64,0,0,1,0,0,0,0,1,0,0,0
7.9037,40.862,0,0,0,51.235,0,0,0,0,0,0,9.5913,6.9906,7.0158,3.8685,50.87,0,3.4865,7.0158,6.3972,4.764,0,8.5857,24.921,15.259,0,41.643,0,0,9.5913,0,0,0,0,0,0.83333,0.16667,0,0,1,0,0,0,0,1,0,0,0
20.709,27.414,0,0,0,49.494,2.3827,0,0,0,0,0,8.6223,2.3827,8.6583,0,49.494,4.9034,8.6583,2.3827,6.2401,8.6579,0,11.179,21,15.944,2.3827,40.872,0,2.5208,6.1015,0,0,0,0,0,0.89362,0.10638,0,0,1,0,0,0,0,1,0,0,0
14.023,39.802,0,0,0,46.175,0,0,0,0,0,0,19.317,0,4.948,5.2943,35.932,0,5.2943,10.242,10.242,8.729,0,10.242,29.56,14.023,0,42.394,0,0,3.7809,0,0,0,0,0,0,1,0,0,1,0,0,0,0,1,0,0,0
0,43.206,0,0,0,56.794,0,0,0,0,0,0,21.603,0,0,0,56.794,0,0,0,0,21.603,0,0,21.603,21.603,0,56.794,0,0,0,0,0,0,0,0,0.75385,0.24615,0,0,1,0,0,0,0,1,0,0,0
0,5.8329,28.473,0,0,65.695,0,0,0,0,0,0,2.9164,0,0,0,65.695,28.473,0,0,0,2.9164,0,28.473,2.9164,2.9164,0,65.695,0,0,0,0,0,0,0,0,0.80645,0.19355,0,0,1,0,0,0,0,1,0,0,0
0,42.402,11.883,0,0,45.715,0,0,0,0,0,0,18.111,0,0,0,45.715,11.883,0,0,0,24.291,0,11.883,18.111,24.291,0,45.715,0,0,0,0,0,0,0,0,0,1,0,0,1,0,0,0,0,1,0,0,0
0,0,0,0,0,100,0,0,0,0,0,0,0,0,0,0,100,0,0,0,0,0,0,0,0,0,0,100,0,0,0,0,0,0,0,0,0.91667,0.083333,0,0,1,0,0,0,0,1,0,0,0
0,0,0,0,0,93.378,0,0,6.6217,0,0,0,6.6217,0,0,0,93.378,0,0,0,0,0,0,0,0,0,0,93.378,0,0,0,0,6.6217,0,0,0,0.95161,0.048387,0,0,1,0,0,0,0,1,0,0,0
14.553,39.237,0,0,0,38.037,0,0,8.1737,0,0,3.2785,0,12.24,7.4337,8.3105,42.697,0,9.7905,13.06,3.1895,0,0,7.3447,17.955,28.49,0,38.037,0,3.2785,0,0,4.8952,0,0,0,0.66667,0.33333,0,0,1,0,0,0,0,1,0,0,0
12.997,12.997,0,8.0419,4.8146,25.668,17.671,0,17.811,0,0,13.571,8.8694,13.11,8.7562,0,16.798,4.0548,8.481,12.743,13.616,0,3.9872,8.8018,21.866,12.997,4.8146,16.798,4.0548,18.385,0,4.0548,4.2405,0,0,0,0.5,0.5,0,0,1,0,0,0,0,1,0,0,0
0,0,0,6.8223,5.6476,58.536,18.118,0,10.876,0,0,5.6476,17.699,12.47,0,0,46.066,6.8223,0,0,11.295,0,0,5.6476,12.47,0,5.6476,46.066,6.8223,11.295,0,6.8223,5.2289,0,0,0,0,1,0,0,1,0,0,0,0,1,0,0,0
0,0,0,0,6.0785,88.443,0,0,5.4783,0,0,0,5.4783,6.0785,0,0,82.365,6.0785,0,0,0,0,0,0,0,0,0,75.673,12.771,6.0785,0,0,5.4783,0,0,0,0,1,0,0,1,0,0,0,0,1,0,0,0
5.1206,5.1206,0,10.241,12.487,47.034,13.331,0,6.6655,0,0,6.6655,6.6655,22.728,5.1206,0,29.427,5.8212,0,5.1206,18.452,0,5.1206,6.6655,11.786,5.1206,11.786,26.356,8.8924,19.152,0,5.1206,0,0,0,0,0.31579,0.68421,0,0,1,0,0,0,0,1,0,0,0
0,0,0,11.43,0,77.14,11.43,0,0,0,0,0,11.43,11.43,0,0,65.711,11.43,0,0,0,0,0,0,11.43,0,0,65.711,11.43,0,0,11.43,0,0,0,0,0.35455,0.64545,0,0,1,0,0,0,0,1,0,0,0
0,43.918,0,0,0,56.082,0,0,0,0,0,12.164,15.877,0,0,0,43.918,0,0,0,12.164,15.877,0,12.164,15.877,28.041,0,43.918,0,0,0,0,0,0,0,0,0.71698,0.28302,0,0,1,0,0,0,0,1,0,0,0
0,14.739,0,0,0,85.261,0,0,0,0,0,33.333,0,0,0,18.594,14.739,18.594,0,0,14.739,0,0,14.739,0,14.739,0,51.928,0,0,0,18.594,0,0,0,0,0.44697,0.55303,0,0,1,0,0,0,0,1,0,0,0
0,0,0,0,0,100,0,0,0,0,0,11.407,0,0,0,11.407,65.778,11.407,0,0,0,0,0,0,0,0,0,88.593,0,0,0,11.407,0,0,0,0,0,1,0,0,1,0,0,0,0,1,0,0,0
0,0,0,0,0,100,0,0,0,0,0,0,0,0,0,7.4476,83.61,8.9424,0,0,0,0,0,0,0,0,0,100,0,0,0,0,0,0,0,0,0,1,0,0,1,0,0,0,0,1,0,0,0
0,0,0,0,0,100,0,0,0,0,0,46.415,0,0,0,8.3767,35.723,9.485,0,0,0,0,0,0,0,23.207,0,53.585,0,0,0,23.207,0,0,0,0,0.028986,0.97101,0,0,1,0,0,0,0,1,0,0,0
0,0,0,0,0,100,0,0,0,0,0,11.745,0,0,0,11.745,64.766,11.745,0,0,0,0,0,0,0,0,0,88.255,0,0,0,11.745,0,0,0,0,0,1,0,0,1,0,0,0,0,1,0,0,0
23.259,38.004,0,0,0,38.737,0,0,0,0,0,0,3.5043,12.234,5.2378,5.0108,46.253,0,6.4913,12.022,9.2468,0,0,14.485,20.265,26.513,0,38.737,0,0,0,0,0,0,0,0,0.62857,0.37143,0,0,1,0,0,0,0,1,0,0,0
18.947,18.947,0,12.697,0,40.218,0,0,9.1902,0,0,0,0,18.997,6.3487,15.489,24.679,0,15.489,12.648,6.3487,0,6.3487,0,18.947,18.947,6.3487,15.489,18.38,0,0,6.3487,9.1902,0,0,0,0,1,0,0,1,0,0,0,0,1,0,0,0
7.796,66.667,0,0,0,25.537,0,0,0,0,0,0,15.592,8.8706,8.8706,25.537,8.8706,0,7.796,16.667,7.796,0,0,16.667,32.259,25.537,0,25.537,0,0,0,0,0,0,0,0,0,1,0,0,1,0,0,0,0,1,0,0,0
0,0,0,0,0,71.697,0,0,28.303,0,0,0,0,0,0,15.09,56.607,15.09,13.213,0,0,0,0,0,0,0,0,41.517,30.18,0,0,0,28.303,0,0,0,0,1,0,0,1,0,0,0,0,1,0,0,0
8.9858,8.9858,0,0,0,68.115,0,0,13.913,0,0,0,0,8.9858,0,10.834,51.376,10.834,17.972,0,0,0,0,0,8.9858,8.9858,0,31.594,36.521,0,0,0,13.913,0,0,0,0.25758,0.74242,0,0,1,0,0,0,0,1,0,0,0
0,0,0,0,0,86.519,0,0,13.481,0,0,0,0,0,0,25,50,11.519,13.481,0,0,0,0,0,0,0,0,36.519,50,0,0,0,13.481,0,0,0,0.33333,0.66667,0,0,1,0,0,0,0,1,0,0,0
0,0,0,0,0,83.951,0,0,16.049,0,0,0,0,0,0,21.157,57.686,17.144,4.0128,0,0,0,0,0,0,0,0,41.637,42.314,0,0,0,16.049,0,0,0,0.19298,0.80702,0,0,1,0,0,0,0,1,0,0,0
0,0,0,0,0,85.463,0,0,14.537,0,0,0,0,0,0,20.929,58.142,15.653,5.2759,0,0,0,0,0,0,0,0,32.267,53.196,0,0,0,14.537,0,0,0,0.22388,0.77612,0,0,1,0,0,0,0,1,0,0,0
0,66.645,0,0,0,33.355,0,0,0,0,0,5.1936,30.726,0,0,0,28.161,0,0,0,25.546,10.373,0,25.546,30.726,15.567,0,28.161,0,0,0,0,0,0,0,0,0,1,0,0,1,0,0,0,0,1,0,0,0
0,48.806,0,0,0,51.194,0,0,0,0,0,39,24.403,0,0,0,12.194,0,0,0,18.306,6.0972,0,18.306,24.403,25.597,0,12.194,0,0,0,19.5,0,0,0,0,0,1,0,0,1,0,0,0,0,1,0,0,0
0,23.557,0,0,0,76.443,0,0,0,0,0,0,11.779,0,0,0,76.443,0,0,0,0,11.779,0,0,11.779,11.779,0,76.443,0,0,0,0,0,0,0,0,0,1,0,0,1,0,0,0,0,1,0,0,0
0,0,0,0,0,100,0,0,0,0,0,0,0,0,0,0,100,0,0,0,0,0,0,0,0,0,0,100,0,0,0,0,0,0,0,0,0,1,0,0,1,0,0,0,0,1,0,0,0
0,0,0,0,0,100,0,0,0,0,0,0,0,0,0,0,100,0,0,0,0,0,0,0,0,0,0,100,0,0,0,0,0,0,0,0,0,1,0,0,1,0,0,0,0,1,0,0,0
0,0,0,0,0,100,0,0,0,0,0,0,0,0,0,7.4886,92.511,0,0,0,0,0,0,0,0,0,0,100,0,0,0,0,0,0,0,0,0,1,0,0,1,0,0,0,0,1,0,0,0
0,0,0,0,0,100,0,0,0,0,0,0,0,0,0,0,100,0,0,0,0,0,0,0,0,0,0,100,0,0,0,0,0,0,0,0,0,1,0,0,1,0,0,0,0,1,0,0,0
0,0,0,0,0,100,0,0,0,0,0,0,0,0,0,0,100,0,0,0,0,0,0,0,0,0,0,100,0,0,0,0,0,0,0,0,0,1,0,0,1,0,0,0,0,1,0,0,0
0,0,0,0,0,100,0,0,0,0,0,0,0,0,0,0,100,0,0,0,0,0,0,0,0,0,0,100,0,0,0,0,0,0,0,0,0,1,0,0,1,0,0,0,0,1,0,0,0
0,0,0,0,0,100,0,0,0,0,0,0,0,0,0,0,100,0,0,0,0,0,0,0,0,0,0,100,0,0,0,0,0,0,0,0,0,1,0,0,1,0,0,0,0,1,0,0,0
0,0,0,0,0,100,0,0,0,0,0,0,0,0,0,0,100,0,0,0,0,0,0,0,0,0,0,100,0,0,0,0,0,0,0,0,0,1,0,0,1,0,0,0,0,1,0,0,0
0,0,0,0,0,100,0,0,0,0,0,0,0,0,0,0,100,0,0,0,0,0,0,0,0,0,0,100,0,0,0,0,0,0,0,0,0,1,0,0,1,0,0,0,0,1,0,0,0
0,0,0,0,0,100,0,0,0,0,0,0,0,0,0,0,100,0,0,0,0,0,0,0,0,0,0,100,0,0,0,0,0,0,0,0,0,1,0,0,1,0,0,0,0,1,0,0,0
0,0,0,0,0,100,0,0,0,0,0,0,0,0,0,0,100,0,0,0,0,0,0,0,0,0,0,100,0,0,0,0,0,0,0,0,0,1,0,0,1,0,0,0,0,1,0,0,0
0,0,0,0,0,100,0,0,0,0,0,0,0,0,0,0,100,0,0,0,0,0,0,0,0,0,0,100,0,0,0,0,0,0,0,0,0,1,0,0,1,0,0,0,0,1,0,0,0
0,0,0,0,0,100,0,0,0,0,0,0,0,0,0,0,100,0,0,0,0,0,0,0,0,0,0,100,0,0,0,0,0,0,0,0,0,1,0,0,1,0,0,0,0,1,0,0,0
40.637,3.9895,7.5595,0,0,39.308,7.5254,0,0.98107,0,0,0,1.3997,7.5254,15.68,0,40.289,17.466,8.1204,7.5254,1.3997,0.59499,7.5595,17.08,9.5202,18.027,7.5254,30.348,0,8.9592,0,0.98107,0,0,0,0,0.96,0.04,0,0,1,0,0,0,0,1,0,0,0
0,12.358,0,0,0,87.642,0,0,0,0,0,0,6.1791,0,0,0,87.642,0,0,0,6.1791,0,0,0,12.358,0,0,81.463,0,0,6.1791,0,0,0,0,0,0,1,0,0,1,0,0,0,0,1,0,0,0
6.8488,13.698,0,0,0,79.453,0,0,0,0,0,0,6.8488,0,0,0,79.453,6.8488,0,0,6.8488,0,0,6.8488,6.8488,6.8488,0,72.605,0,6.8488,0,0,0,0,0,0,0,1,0,0,1,0,0,0,0,1,0,0,0
0,0,0,0,0,100,0,0,0,0,0,0,0,0,0,0,100,0,0,0,0,0,0,0,0,0,0,100,0,0,0,0,0,0,0,0,0,1,0,0,1,0,0,0,0,1,0,0,0
0,40.091,33.719,0,0,26.19,0,0,0,0,0,0,3.1861,0,0,0,26.19,33.719,0,0,0,36.905,0,33.719,3.1861,36.905,0,26.19,0,0,0,0,0,0,0,0,0,1,0,0,1,0,0,0,0,1,0,0,0
0,13.281,10.495,0,0,76.224,0,0,0,0,0,0,6.6406,0,0,0,76.224,10.495,0,0,0,6.6406,0,10.495,6.6406,6.6406,0,76.224,0,0,0,0,0,0,0,0,0,1,0,0,1,0,0,0,0,1,0,0,0
0,0,0,0,0,100,0,0,0,0,0,0,0,0,0,0,100,0,0,0,0,0,0,0,0,0,0,100,0,0,0,0,0,0,0,0,0,1,0,0,1,0,0,0,0,1,0,0,0
0,0,0,0,0,62.043,0,0,37.957,0,0,0,0,0,0,0,63.394,12.519,24.087,0,0,0,0,0,0,0,0,49.525,12.519,0,0,0,37.957,0,0,0,0,1,0,0,1,0,0,0,0,1,0,0,0
0,0,0,0,0,100,0,0,0,0,0,0,0,0,0,0,100,0,0,0,0,0,0,0,0,0,0,100,0,0,0,0,0,0,0,0,0,1,0,0,1,0,0,0,0,1,0,0,0
0,0,0,0,0,54.505,0,0,21.906,23.588,0,23.588,0,0,0,0,43.078,11.427,21.906,0,0,0,0,0,0,0,0,43.078,11.427,0,23.588,0,21.906,0,0,0,0,1,0,0,1,0,0,0,0,1,0,0,0
0,0,0,0,0,75.718,0,0,16.352,7.9297,0,7.9297,0,0,0,16.981,41.756,16.981,16.352,0,0,0,0,0,0,0,0,41.756,33.962,0,7.9297,0,16.352,0,0,0,0.24561,0.75439,0,0,1,0,0,0,0,1,0,0,0
0,0,0,0,0,75.893,0,0,24.107,0,0,0,0,0,0,12.563,41.708,29.146,16.583,0,0,0,0,0,0,0,0,34.185,41.708,0,0,0,24.107,0,0,0,0.25455,0.74545,0,0,1,0,0,0,0,1,0,0,0
0,0,0,0,0,66.667,0,0,24.644,8.6894,0,8.6894,0,0,0,0,46.901,19.766,24.644,0,0,0,0,0,0,0,0,46.901,19.766,0,8.6894,0,24.644,0,0,0,0.065574,0.93443,0,0,1,0,0,0,0,1,0,0,0
0,0,0,0,0,100,0,0,0,0,0,0,0,0,0,0,100,0,0,0,0,0,0,0,0,0,0,100,0,0,0,0,0,0,0,0,0,1,0,0,1,0,0,0,0,1,0,0,0
0,0,0,0,0,100,0,0,0,0,0,0,0,0,0,0,100,0,0,0,0,0,0,0,0,0,0,100,0,0,0,0,0,0,0,0,0,1,0,0,1,0,0,0,0,1,0,0,0
0,0,0,0,0,100,0,0,0,0,0,0,0,0,0,0,100,0,0,0,0,0,0,0,0,0,0,100,0,0,0,0,0,0,0,0,0,1,0,0,1,0,0,0,0,1,0,0,0
0,0,0,0,0,100,0,0,0,0,0,0,0,0,0,0,100,0,0,0,0,0,0,0,0,0,0,100,0,0,0,0,0,0,0,0,0,1,0,0,1,0,0,0,0,1,0,0,0
0,0,0,0,0,100,0,0,0,0,0,0,0,0,0,0,100,0,0,0,0,0,0,0,0,0,0,100,0,0,0,0,0,0,0,0,0,1,0,0,1,0,0,0,0,1,0,0,0
0,0,0,0,0,100,0,0,0,0,0,0,0,0,0,0,100,0,0,0,0,0,0,0,0,0,0,100,0,0,0,0,0,0,0,0,0,1,0,0,1,0,0,0,0,1,0,0,0
0,0,0,0,0,100,0,0,0,0,0,0,0,0,0,0,100,0,0,0,0,0,0,0,0,0,0,100,0,0,0,0,0,0,0,0,0,1,0,0,1,0,0,0,0,1,0,0,0
0,0,0,0,0,100,0,0,0,0,0,0,0,0,0,0,100,0,0,0,0,0,0,0,0,0,0,100,0,0,0,0,0,0,0,0,0,1,0,0,1,0,0,0,0,1,0,0,0
0,0,0,0,0,100,0,0,0,0,0,0,0,0,0,0,100,0,0,0,0,0,0,0,0,0,0,100,0,0,0,0,0,0,0,0,0,1,0,0,1,0,0,0,0,1,0,0,0
0,0,0,0,0,76.872,0,0,16.457,6.6706,0,6.6706,0,0,0,0,26.244,50.628,16.457,0,0,0,0,0,0,0,0,26.244,50.628,0,6.6706,0,16.457,0,0,0,0,1,0,0,1,0,0,0,0,1,0,0,0
0,0,0,0,0,66.667,0,0,0,33.333,0,33.333,0,0,0,0,33.333,33.333,0,0,0,0,0,0,0,0,0,33.333,33.333,0,33.333,0,0,0,0,0,0.11905,0.88095,0,0,1,0,0,0,0,1,0,0,0
0,0,0,0,0,100,0,0,0,0,0,0,0,0,0,0,100,0,0,0,0,0,0,0,0,0,0,100,0,0,0,0,0,0,0,0,0,1,0,0,1,0,0,0,0,1,0,0,0
0,0,0,0,0,100,0,0,0,0,0,0,0,0,0,0,100,0,0,0,0,0,0,0,0,0,0,100,0,0,0,0,0,0,0,0,0,1,0,0,1,0,0,0,0,1,0,0,0
0,0,0,0,0,100,0,0,0,0,0,0,0,0,0,0,100,0,0,0,0,0,0,0,0,0,0,100,0,0,0,0,0,0,0,0,0,1,0,0,1,0,0,0,0,1,0,0,0
0,0,0,0,0,100,0,0,0,0,0,0,0,0,0,0,100,0,0,0,0,0,0,0,0,0,0,100,0,0,0,0,0,0,0,0,0,1,0,0,1,0,0,0,0,1,0,0,0
0,0,0,0,0,100,0,0,0,0,0,0,0,0,0,0,100,0,0,0,0,0,0,0,0,0,0,100,0,0,0,0,0,0,0,0,0,1,0,0,1,0,0,0,0,1,0,0,0
