h1,h2,h3,h4,h5,h6,h7,h8,h9,h10,h11,h12,h13,h14,h15,h16,h17,h18,h19,h20,h21,h22,h23,h24,h25,h26,h27,h28,h29,h30,h31,h32,h33,h34,h35,h36,h37,h38,h39,h40,h41,h42,h43,h44,h45,h46,h47,h48,label
0,0,0,0,0,100,0,0,0,0,0,0,0,0,0,0,100,0,0,0,0,0,0,0,0,0,0,100,0,0,0,0,0,0,0,0,0,1,0,0,1,0,0,0,0,1,0,0,0
0,0,0,0,0,100,0,0,0,0,0,0,0,0,0,0,100,0,0,0,0,0,0,0,0,0,0,100,0,0,0,0,0,0,0,0,0,1,0,0,1,0,0,0,0,1,0,0,0
0,0,0,0,0,100,0,0,0,0,0,0,0,0,0,0,100,0,0,0,0,0,0,0,0,0,0,100,0,0,0,0,0,0,0,0,0,1,0,0,1,0,0,0,0,1,0,0,0
0,0,0,0,0,100,0,0,0,0,0,0,0,0,0,0,100,0,0,0,0,0,0,0,0,0,0,100,0,0,0,0,0,0.011765,0,0.047059,0.035294,0.90588,0,0,1,0,0,0,0,1,0,0,0
0,0,0,0,0,100,0,0,0,0,0,0,0,0,0,0,100,0,0,0,0,0,0,0,0,0,0,100,0,0,0,0,0,0,0,0,0.021978,0.97802,0,0,1,0,0,0,0,1,0,0,0
0,0,0,0,0,100,0,0,0,0,0,0,0,0,0,0,100,0,0,0,0,0,0,0,0,0,0,100,0,0,0,0,0,0,0,0,0,1,0,0,1,0,0,0,0,1,0,0,0
0,0,0,0,0,100,0,0,0,0,0,0,0,0,0,0,100,0,0,0,0,0,0,0,0,0,0,100,0,0,0,0,0,0,0,0,0,1,0,0,1,0,0,0,0,1,0,0,0
0,0,0,0,0,100,0,0,0,0,0,0,0,0,0,0,100,0,0,0,0,0,0,0,0,0,0,100,0,0,0,0,0,0,0,0,0,1,0,0,1,0,0,0,0,1,0,0,0
0,0,0,0,0,100,0,0,0,0,0,0,0,0,0,0,100,0,0,0,0,0,0,0,0,0,0,100,0,0,0,0,0,0.028169,0.25352,0.098592,0.070423,0.5493,0,0,1,0,0,0,0,1,0,0,0
0,0,0,0,0,100,0,0,0,0,0,0,0,0,0,0,100,0,0,0,0,0,0,0,0,0,0,100,0,0,0,0,0,0,0,0,0,1,0,0,1,0,0,0,0,1,0,0,0
0,0,0,0,0,100,0,0,0,0,0,0,0,0,0,0,100,0,0,0,0,0,0,0,0,0,0,100,0,0,0,0,0,0,0,0,0,1,0,0,1,0,0,0,0,1,0,0,0
0,0,0,0,0,100,0,0,0,0,0,0,0,0,0,0,100,0,0,0,0,0,0,0,0,0,0,100,0,0,0,0,0,0,0,0,0,1,0,0,1,0,0,0,0,1,0,0,0
0,0,0,0,0,100,0,0,0,0,0,0,0,0,0,0,100,0,0,0,0,0,0,0,0,0,0,100,0,0,0,0,0,0,0,0,0,1,0,0,1,0,0,0,0,1,0,0,0
0,0,0,0,7.2761,92.724,0,0,0,0,0,0,0,0,0,10.025,82.699,7.2761,0,0,0,0,0,0,0,0,0,82.699,17.301,0,0,0,0,0,0,0.034483,0.051724,0.91379,0,0,1,0,0,0,0,1,0,0,0
0,0,0,0,32.433,67.567,0,0,0,0,0,0,0,0,0,25.668,41.899,32.433,0,0,0,0,0,0,0,0,0,41.899,58.101,0,0,0,0,0,0.044444,0.15556,0.11111,0.68889,0,0,1,0,0,0,0,1,0,0,0
0,0,0,0,0,100,0,0,0,0,0,0,0,0,0,0,100,0,0,0,0,0,0,0,0,0,0,100,0,0,0,0,0,0,0,0,0,1,0,0,1,0,0,0,0,1,0,0,0
0,0,0,0,0,100,0,0,0,0,0,0,0,0,0,0,100,0,0,0,0,0,0,0,0,0,0,100,0,0,0,0,0,0,0,0,0,1,0,0,1,0,0,0,0,1,0,0,0
0,0,0,0,0,100,0,0,0,0,0,0,0,0,0,0,100,0,0,0,0,0,0,0,0,0,0,100,0,0,0,0,0,0,0,0,0,1,0,0,1,0,0,0,0,1,0,0,0
0,0,0,0,0,100,0,0,0,0,0,0,0,0,0,0,100,0,0,0,0,0,0,0,0,0,0,100,0,0,0,0,0,0,0,0,0,1,0,0,1,0,0,0,0,1,0,0,0
0,0,0,0,0,100,0,0,0,0,0,0,0,0,0,0,100,0,0,0,0,0,0,0,0,0,0,100,0,0,0,0,0,0,0,0,0.084337,0.91566,0,0,1,0,0,0,0,1,0,0,0
0,0,0,0,0,100,0,0,0,0,0,0,0,0,0,0,100,0,0,0,0,0,0,0,0,0,0,100,0,0,0,0,0,0,0,0,0,1,0,0,1,0,0,0,0,1,0,0,0
0,0,0,0,0,100,0,0,0,0,0,0,0,0,0,0,100,0,0,0,0,0,0,0,0,0,0,100,0,0,0,0,0,0,0,0,0.067416,0.93258,0,0,1,0,0,0,0,1,0,0,0
0,0,0,0,0,100,0,0,0,0,0,0,0,0,0,0,100,0,0,0,0,0,0,0,0,0,0,100,0,0,0,0,0,0,0,0,0,1,0,0,1,0,0,0,0,1,0,0,0
0,0,0,0,0,100,0,0,0,0,0,0,0,0,0,0,100,0,0,0,0,0,0,0,0,0,0,100,0,0,0,0,0,0,0,0,0,1,0,0,1,0,0,0,0,1,0,0,0
0,0,0,0,0,100,0,0,0,0,0,0,0,0,0,0,100,0,0,0,0,0,0,0,0,0,0,100,0,0,0,0,0,0,0,0,0,1,0,0,1,0,0,0,0,1,0,0,0
0,0,0,0,0,100,0,0,0,0,0,0,0,0,0,0,100,0,0,0,0,0,0,0,0,0,0,100,0,0,0,0,0,0,0,0,0,1,0,0,1,0,0,0,0,1,0,0,0
0,0,0,0,0,0,0,0,0,0,0,0,0,0,0,0,0,0,0,0,0,0,0,0,0,0,0,0,0,0,0,0,0,0,0,0,0,1,0,0,1,0,0,0,0,1,0,0,0
0,0,0,0,0,100,0,0,0,0,0,0,0,0,0,0,100,0,0,0,0,0,0,0,0,0,0,100,0,0,0,0,0,0,0,0,0.042105,0.95789,0,0,1,0,0,0,0,1,0,0,0
0,0,0,0,0,100,0,0,0,0,0,0,0,0,0,0,100,0,0,0,0,0,0,0,0,0,0,100,0,0,0,0,0,0,0,0,0,1,0,0,1,0,0,0,0,1,0,0,0
0,0,0,0,0,100,0,0,0,0,0,0,0,0,0,0,100,0,0,0,0,0,0,0,0,0,0,100,0,0,0,0,0,0,0,0,0.060606,0.93939,0,0,1,0,0,0,0,1,0,0,0
0,0,0,0,0,100,0,0,0,0,0,0,0,0,0,0,100,0,0,0,0,0,0,0,0,0,0,100,0,0,0,0,0,0,0,0,0,1,0,0,1,0,0,0,0,1,0,0,0
0,0,0,0,0,100,0,0,0,0,0,0,0,0,0,0,100,0,0,0,0,0,0,0,0,0,0,100,0,0,0,0,0,0,0,0,0,1,0,0,1,0,0,0,0,1,0,0,0
0,0,0,0,17.431,82.569,0,0,0,0,0,0,0,0,0,21.529,66.964,11.507,0,0,0,0,0,0,0,0,0,61.04,38.96,0,0,0,0,0,0,0,0,1,0,0,1,0,0,0,0,1,0,0,0
0,0,0,0,0,100,0,0,0,0,0,0,0,0,0,0,100,0,0,0,0,0,0,0,0,0,0,100,0,0,0,0,0,0,0,0,0,1,0,0,1,0,0,0,0,1,0,0,0
0,0,0,0,20.494,79.506,0,0,0,0,0,0,0,0,0,0,73.5,26.5,0,0,0,0,0,0,0,0,0,79.506,20.494,0,0,0,0,0,0,0,0,1,0,0,1,0,0,0,0,1,0,0,0
0,0,0,0,7.1877,92.812,0,0,0,0,0,0,0,0,0,23.75,69.063,7.1877,0,0,0,0,0,0,0,0,0,69.063,30.937,0,0,0,0,0,0.97436,0,0,0.025641,0,0,1,0,0,0,0,0.025641,0.97436,0,0
0,0,0,0,11.727,88.273,0,0,0,0,0,0,0,0,0,0,86.727,13.273,0,0,0,0,0,0,0,0,0,88.273,11.727,0,0,0,0,0,1,0,0,0,0,0,1,0,0,0,0,0,1,0,0
0,0,0,0,0,100,0,0,0,0,0,0,0,0,0,0,100,0,0,0,0,0,0,0,0,0,0,100,0,0,0,0,0,0,0,0,0,1,0,0,1,0,0,0,0,1,0,0,0
0,0,0,0,5.6852,94.315,0,0,0,0,0,0,0,0,0,0,93.29,6.7104,0,0,0,0,0,0,0,0,0,94.315,5.6852,0,0,0,0,0,0,0,0,1,0,0,1,0,0,0,0,1,0,0,0
0,0,0,0,0,100,0,0,0,0,0,0,0,0,0,0,100,0,0,0,0,0,0,0,0,0,0,100,0,0,0,0,0,0,0,0,0,1,0,0,1,0,0,0,0,1,0,0,0
0,0,0,0,0,100,0,0,0,0,0,0,0,0,0,0,100,0,0,0,0,0,0,0,0,0,0,100,0,0,0,0,0,0,0,0,0,1,0,0,1,0,0,0,0,1,0,0,0
0,0,0,0,19.991,80.009,0,0,0,0,0,0,0,0,0,0,85.545,14.455,0,0,0,0,0,0,0,0,0,80.009,19.991,0,0,0,0,0,0.41667,0.16667,0.027778,0.38889,0,0,1,0,0,0,0,0.58333,0.41667,0,0
0,0,0,0,0,100,0,0,0,0,0,0,0,0,0,0,92.495,7.5046,0,0,0,0,0,0,0,0,0,100,0,0,0,0,0,0,0.28571,0.071429,0,0.64286,0,0,1,0,0,0,0,0.71429,0.28571,0,0
0,0,0,0,0,100,0,0,0,0,0,0,0,0,0,0,100,0,0,0,0,0,0,0,0,0,7.3847,92.615,0,0,0,0,0,0,0,0.020408,0.040816,0.93878,0,0,1,0,0,0,0,1,0,0,0
0,0,0,0,0,100,0,0,0,0,0,0,0,0,0,0,100,0,0,0,0,0,0,0,0,0,3.4387,88.118,8.4435,0,0,0,0,0,1,0,0,0,0,0,1,0,0,0,0,1,0,0,0
0,0,0,0,0,88.757,0,0,11.243,0,0,0,0,0,0,0,84.365,15.635,0,0,0,0,0,0,0,0,11.243,68.731,8.7834,0,0,0,11.243,0,0.70909,0,0,0.29091,0,0,1,0,0,0,0,1,0,0,0
0,0,0,0,0,100,0,0,0,0,0,0,0,0,0,10.592,70.815,18.593,0,0,0,0,0,0,0,0,0,62.814,37.186,0,0,0,0,0,1,0,0,0,0,0,1,0,0,0,0,1,0,0,0
0,0,0,0,0,100,0,0,0,0,0,0,0,0,0,14.829,79.809,5.3623,0,0,0,0,0,0,0,0,0,63.092,36.908,0,0,0,0,0,1,0,0,0,0,0,1,0,0,0,0,1,0,0,0
0,0,0,0,0,91.701,0,0,8.2994,0,0,0,0,0,0,6.242,79.217,14.541,0,0,0,0,0,0,0,0,4.5305,64.701,22.469,0,0,8.2994,0,0,1,0,0,0,0,0,1,0,0,0,0,1,0,0,0
0,0,0,0,0,92.217,0,0,7.7826,0,0,0,0,0,0,13.485,65.247,21.268,0,0,0,0,0,0,0,0,0,65.247,26.97,0,0,0,7.7826,0,1,0,0,0,0,0,1,0,0,0,0,1,0,0,0
0,0,5.429,0,0,87.054,0,0,7.5175,0,0,0,0,0,0,11.756,82.815,0,5.429,0,0,0,5.429,0,0,0,0,75.298,11.756,0,0,7.5175,0,0,1,0,0,0,0,0,1,0,0,0,0,1,0,0,0
0,0,5.714,0,0,72.872,0,0,21.414,0,0,5.714,0,0,0,2.8631,85.709,0,2.8631,0,2.8508,0,2.8631,0,2.8508,0,0,72.872,0,0,5.714,3.2732,12.427,0,1,0,0,0,0,0,1,0,0,0,0,1,0,0,0
0,0,15.399,0,0,53.475,0,0,31.126,0,0,22.405,0,0,0,2.8435,49.445,9.9075,5.4918,0,9.9075,0,5.4918,0,9.9075,0,9.9075,43.567,0,0,22.405,0,8.7212,0.11475,0.88525,0,0,0,0,0,1,0,0,0,0,1,0,0,0
0,0,0,0,0,81.134,0,0,18.866,0,0,0,0,0,0,0,81.134,18.866,0,0,0,0,0,0,0,0,9.6245,71.51,0,0,0,4.9043,13.962,0.125,0.61111,0.013889,0.027778,0.22222,0,0,1,0,0,0,0,1,0,0,0
0,0,0,0,0,74.999,0,0,25.001,0,0,0,0,0,0,0,74.999,25.001,0,0,0,0,0,0,0,0,16.941,58.058,0,0,0,8.0595,16.941,0.83333,0,0,0,0.16667,0,0,1,0,0,0,0,1,0,0,0
0,0,0,0,0,77.548,0,0,22.452,0,0,0,0,0,0,0,70.339,29.661,0,0,0,0,0,0,0,0,5.1333,57.997,14.417,0,0,13.51,8.9421,0.14286,0.85714,0,0,0,0,0,1,0,0,0,0,1,0,0,0
0,0,0,0,0,71.384,0,0,28.616,0,0,0,0,0,0,0,71.384,28.616,0,0,0,0,0,0,0,0,0,71.384,0,0,0,14.151,14.465,0.99038,0.0096154,0,0,0,0,0,1,0,0,0,0,1,0,0,0
0,0,0,0,0,80.057,0,0,19.943,0,0,0,0,0,0,9.6509,73.891,16.458,0,0,0,0,0,0,0,0,0,70.406,9.6509,0,0,7.7334,12.209,0.13514,0.86486,0,0,0,0,0,1,0,0,0,0,1,0,0,0
0,0,0,0,0,72.999,0,0,27.001,0,0,0,0,0,0,0,79.216,20.784,0,0,0,0,0,0,0,0,6.2172,66.782,0,0,0,14.222,12.779,0.93913,0.06087,0,0,0,0,0,1,0,0,0,0,1,0,0,0
0,0,2.9357,0,0,80.953,0,0,16.111,0,0,0,0,0,0,0,93.835,3.2293,2.9357,0,0,0,2.9357,0,0,0,9.4975,71.456,0,0,0,9.4975,6.6136,0.14493,0.85507,0,0,0,0,0,1,0,0,0,0,1,0,0,0
0,0,3.6424,0,0,73.82,0,0,22.538,0,0,3.6424,0,0,0,3.6424,83.477,5.5961,3.6424,0,0,0,3.6424,0,0,0,4.1789,69.641,0,0,3.6424,9.6568,9.2385,0.93878,0.061224,0,0,0,0,0,1,0,0,0,0,1,0,0,0
0,0,17.708,0,0,60.046,0,0,22.246,0,0,11.899,0,0,0,8.0552,62.338,0,13.865,0,3.8434,0,13.865,0,3.8434,0,0,60.046,0,0,11.899,2.2921,8.0552,0.2,0.8,0,0,0,0,0,1,0,0,0,0,1,0,0,0
0,0,4.7894,0,0,78.786,0,0,16.424,0,0,2.4747,0,0,0,6.7516,79.233,6.7516,2.3147,0,2.4747,0,2.3147,0,2.4747,0,9.9805,68.806,0,0,2.4747,3.2289,10.721,1,0,0,0,0,0,0,1,0,0,0,0,1,0,0,0
0,0,29.24,0,0,41.52,0,0,29.24,0,0,29.24,0,0,0,0,18.421,23.099,0,0,29.24,0,0,0,29.24,0,23.099,18.421,0,0,29.24,0,0,0.22222,0.77778,0,0,0,0,0,1,0,0,0,0,1,0,0,0
0,0,6.6254,0,0,62.463,0,0,30.912,0,0,30.912,0,0,0,6.1002,50.263,6.1002,0,0,6.6254,0,0,0,6.6254,0,6.1002,56.363,0,0,30.912,0,0,0.92647,0.073529,0,0,0,0,0,1,0,0,0,0,0.94118,0.058824,0,0
0,0,0,0,30.78,27.545,0,0,13.692,4.2688,23.714,0,2.5054,0,33.285,7.8083,0,16.198,4.2688,14.582,11.929,9.4234,0,0,0,0,0,17.232,12.819,32.395,6.7741,30.78,0,0.090909,0.90909,0,0,0,0,0,1,0,0,0,0,0.090909,0.90909,0,0
0,7.8878,1.1609,0,18.401,24.41,0,0,12.172,18.856,17.111,0,16.632,1.1609,21.123,1.9563,9.9052,17.569,4.4847,9.881,9.3397,7.948,0,0,9.0486,0,0,23.249,3.6523,28.536,13.229,22.284,0,0.31429,0.68571,0,0,0,0,0,1,0,0,0,0,0.37143,0.62857,0,0
0,0,0,0,22.914,38.614,0,0,7.357,7.357,23.758,0,0,0,14.714,8.2003,15.207,7.357,15.557,30.764,0,8.2003,0,0,0,0,0,8.2003,30.414,31.115,15.557,14.714,0,0,1,0,0,0,0,0,1,0,0,0,0,0,1,0,0
0,2.2742,0,0,26.698,33.142,0,0,4.7751,4.5484,28.563,0,8.1327,0,25.557,12.48,2.2742,10.634,4.7252,18.338,8.3595,9.5003,0,0,2.2742,0,0,21.803,14.923,28.444,10.584,21.972,0,0,1,0,0,0,0,0,1,0,0,0,0,0,1,0,0
0,0,0,0,14.256,85.744,0,0,0,0,0,0,0,0,14.256,14.256,57.232,0,0,14.256,0,0,0,0,0,0,0,42.872,42.872,0,0,14.256,0,0,1,0,0,0,0,0,1,0,0,0,0,0,1,0,0
0,0,0,0,0,76.57,0,23.43,0,0,0,0,23.43,0,0,0,50,0,0,26.57,0,0,0,0,23.43,0,0,23.43,53.141,0,0,0,0,0,1,0,0,0,0,0,1,0,0,0,0,0,1,0,0
0,0,25,0,0,50,0,25,0,0,0,0,0,0,0,0,50,0,0,0,25,25,0,25,25,0,0,25,25,0,0,0,0,0,1,0,0,0,0,0,1,0,0,0,0,0,1,0,0
0,0,21.004,5.573,0,46.845,0,11.146,15.431,0,0,7.7157,5.573,0,0,0,73.423,0,0,0,7.7157,5.573,0,7.7157,32.15,0,0,12.962,33.883,0,0,13.289,0,0.010309,0.95876,0.030928,0,0,0,0,0.96907,0.030928,0,0,0,0.030928,0.96907,0,0
0,0,0,0,0,82.882,0,0,17.118,0,0,0,0,0,0,0,82.882,17.118,0,0,0,0,0,0,0,0,0,82.882,0,0,0,0,17.118,0.68354,0.037975,0,0,0.27848,0,0,1,0,0,0,0,1,0,0,0
0,0,0,0,0,100,0,0,0,0,0,0,0,0,0,0,100,0,0,0,0,0,0,0,0,0,0,100,0,0,0,0,0,0.84043,0.010638,0,0,0.14894,0,0,1,0,0,0,0,1,0,0,0
0,0,0,0,0,100,0,0,0,0,0,0,0,0,0,0,100,0,0,0,0,0,0,0,0,0,0,100,0,0,0,0,0,0.84884,0.034884,0,0,0.11628,0,0,1,0,0,0,0,1,0,0,0
0,0,0,0,0,100,0,0,0,0,0,0,0,0,0,0,100,0,0,0,0,0,0,0,0,0,0,100,0,0,0,0,0,0.93103,0.017241,0,0,0.051724,0,0,1,0,0,0,0,1,0,0,0
0,0,0,0,0,100,0,0,0,0,0,0,0,0,0,0,100,0,0,0,0,0,0,0,0,0,0,100,0,0,0,0,0,1,0,0,0,0,0,0,1,0,0,0,0,1,0,0,0
0,0,0,0,0,100,0,0,0,0,0,0,0,0,0,0,100,0,0,0,0,0,0,0,0,0,0,100,0,0,0,0,0,0.96203,0.037975,0,0,0,0,0,1,0,0,0,0,1,0,0,0
0,0,0,0,0,100,0,0,0,0,0,0,0,0,0,0,100,0,0,0,0,0,0,0,0,0,9.2073,90.793,0,0,0,0,0,0.88889,0.11111,0,0,0,0,0,1,0,0,0,0,1,0,0,0
0,0,0,0,0,100,0,0,0,0,0,0,0,0,0,0,100,0,0,0,0,0,0,0,0,0,0,100,0,0,0,0,0,0.96591,0.034091,0,0,0,0,0,1,0,0,0,0,1,0,0,0
0,0,0,0,0,100,0,0,0,0,0,0,0,0,0,0,100,0,0,0,0,0,0,0,0,0,0,100,0,0,0,0,0,1,0,0,0,0,0,0,1,0,0,0,0,1,0,0,0
0,0,0,0,0,100,0,0,0,0,0,0,0,0,0,0,100,0,0,0,0,0,0,0,0,0,0,100,0,0,0,0,0,1,0,0,0,0,0,0,1,0,0,0,0,1,0,0,0
0,0,0,0,0,100,0,0,0,0,0,0,0,0,0,0,100,0,0,0,0,0,0,0,0,0,0,100,0,0,0,0,0,0.8169,0.1831,0,0,0,0,0,1,0,0,0,0,0.91549,0.084507,0,0
0,0,0,0,0,94.391,0,0,5.6085,0,0,0,0,0,0,0,100,0,0,0,0,0,0,0,0,0,5.6085,88.783,0,0,0,5.6085,0,1,0,0,0,0,0,0,1,0,0,0,0,1,0,0,0
0,0,0,0,0,100,0,0,0,0,0,0,0,0,0,0,100,0,0,0,0,0,0,0,0,0,10.863,89.137,0,0,0,0,0,0.825,0.175,0,0,0,0,0,1,0,0,0,0,0.85,0.15,0,0
0,0,0,0,0,100,0,0,0,0,0,0,0,0,0,14.912,70.176,14.912,0,0,0,0,0,0,0,0,28.728,71.272,0,0,0,0,0,0.80899,0.19101,0,0,0,0,0,1,0,0,0,0,0.91011,0.089888,0,0
0,0,18.641,0,0,54.15,0,0,27.208,0,0,18.641,0,0,0,8.5673,44.077,10.074,8.5673,0,10.074,0,8.5673,0,10.074,0,10.074,44.077,0,0,18.641,0,8.5673,0.91228,0.087719,0,0,0,0,0,1,0,0,0,0,0.94737,0.052632,0,0
0,15.407,3.3404,0,5.4843,27.907,0,0,11.809,17.631,18.421,0,19.776,3.3404,24.745,0,23.796,10.96,0,4.1108,13.272,0,0,0,18.747,0,0,26.534,9.5961,11.563,15.149,18.412,0,0.94118,0.058824,0,0,0,0,0,1,0,0,0,0,1,0,0,0
0,2.8577,7.2421,0,0,49.299,0,0,19.195,21.406,0,0,4.3843,5.0313,17.021,0,47.126,2.1736,0,0,14.566,9.6973,0,0,10.1,0,0,47.126,2.1736,9.6973,28.73,2.1736,0,0.83607,0.16393,0,0,0,0,0,1,0,0,0,0,0.98361,0.016393,0,0
0,4.1789,8.3135,0,11.335,36.876,0,0,8.3135,16.671,14.312,0,20.249,8.3135,14.913,0,20.806,16.07,0,7.7568,11.891,0,0,0,12.492,0,0,24.985,15.469,11.335,16.07,19.648,0,0,1,0,0,0,0,0,1,0,0,0,0,0,1,0,0
0,9.3099,4.2639,0,0,55.015,0,0,22.884,8.5278,0,0,4.2639,0,22.884,0,55.015,0,0,0,13.574,4.2639,0,0,13.574,0,0,55.015,0,4.2639,27.148,0,0,0,1,0,0,0,0,0,1,0,0,0,0,0,1,0,0
0,11.106,13.744,4.6271,2.2447,40.03,0,0,17.432,6.1887,4.6271,0,4.6271,2.2447,17.432,2.2447,37.786,2.2447,0,0,12.868,20.553,0,0,20.753,8.7244,0,42.413,0,2.5747,23.291,2.2447,0,0.81967,0.18033,0,0,0,0,0,1,0,0,0,0,0.96721,0.032787,0,0
0,2.3593,28.233,7.6451,12.075,34.175,0,0,4.2561,3.7936,7.4627,0,5.3953,5.523,8.4027,8.1108,21.918,12.075,0,4.1466,5.3953,29.034,9.6696,0,22.062,2.3593,3.9642,29.38,4.1466,1.8968,18.228,4.1466,4.1466,0.97959,0.020408,0,0,0,0,0,1,0,0,0,0,0.97959,0.020408,0,0
0,4.688,20.375,2.88,19.146,31.404,0,0,5.2393,10.479,5.789,0,5.2393,4.688,8.1193,13.357,15.167,19.146,0,2.88,9.9273,21.476,2.88,0,17.495,4.688,5.789,20.956,2.88,5.2393,29.625,7.5681,2.88,0.031579,0.95789,0.010526,0,0,0,0,1,0,0,0,0,0.042105,0.95789,0,0
0,3.8083,28.926,10.655,10.313,42.148,0,0,0,0,4.1502,0,4.1502,3.8083,6.5044,21.074,3.8083,10.313,0,17.266,7.9585,25.118,6.5044,0,26.572,3.8083,10.761,7.9585,17.266,0,10.313,10.313,6.5044,0.11364,0.88636,0,0,0,0,0,1,0,0,0,0,0.27273,0.72727,0,0
0,0,11.736,11.736,0,53.056,0,23.472,0,0,0,0,11.736,0,0,0,76.528,0,0,0,0,11.736,0,0,35.208,0,0,26.528,26.528,0,0,11.736,0,0,0.94318,0.056818,0,0,0,0,0.89773,0.10227,0,0,0,0.011364,0.98864,0,0
0,0,0,0,0,33.333,0,0,33.333,33.333,0,0,0,0,33.333,0,33.333,0,0,0,33.333,0,0,0,0,0,0,33.333,0,0,66.667,0,0,0.012658,0.96203,0.025316,0,0,0,0,0.94937,0.050633,0,0,0,0.012658,0.98734,0,0
0,0,25.575,0,0,55.436,0,0,18.988,0,0,16.081,0,0,0,0,74.425,0,0,0,9.4942,0,6.587,9.4942,18.988,0,0,55.436,0,0,0,9.4942,0,0.090909,0.90909,0,0,0,0,0,1,0,0,0,0,0.18182,0.81818,0,0
0,0,7.9265,0,0,77.829,0,0,14.244,0,0,14.244,0,0,0,7.9265,69.902,7.9265,0,0,0,0,7.9265,0,6.318,0,7.9265,69.902,0,0,0,7.9265,0,0,1,0,0,0,0,0,1,0,0,0,0,0.02439,0.97561,0,0
0,0,8.8162,0,0,91.184,0,0,0,0,0,8.8162,0,0,0,0,91.184,0,0,0,0,0,8.8162,0,0,0,0,91.184,0,0,0,0,0,0,1,0,0,0,0,0,1,0,0,0,0,0,1,0,0
0,0,0,0,0,100,0,0,0,0,0,0,0,0,0,0,100,0,0,0,0,0,0,0,0,0,0,100,0,0,0,0,0,0,1,0,0,0,0,0,1,0,0,0,0,0,1,0,0
0,0,12.973,6.4864,37.027,28.243,0,0,0,0,15.27,0,0,0,6.4864,21.757,0,37.027,0,6.4864,0,28.243,6.4864,0,6.4864,0,15.27,15.27,6.4864,0,37.027,6.4864,6.4864,0.41463,0.5122,0.073171,0,0,0,0,1,0,0,0,0,0.58537,0.41463,0,0
0,0,0,0,0,100,0,0,0,0,0,0,0,0,0,0,100,0,0,0,0,0,0,0,0,0,0,100,0,0,0,0,0,0,1,0,0,0,0,0,1,0,0,0,0,0,1,0,0
0,4.1859,0,0,26.323,19.704,0,0,2.8594,11.231,35.696,0,13.458,0,25.163,6.2462,4.1859,12.131,9.1055,18.378,5.0862,6.2462,0,0,4.1859,0,0,14.618,10.172,32.569,18.378,20.077,0,1,0,0,0,0,0,0,1,0,0,0,0,1,0,0,0
0,2.3804,1.8926,0,15.486,21.103,0,0,9.6189,17.159,32.36,0,15.664,1.8926,29.258,0,10.762,14.033,1.3123,5.7264,17.317,4.0336,0,0,4.273,0,0,14.796,13.101,26.497,14.596,26.737,0,1,0,0,0,0,0,0,1,0,0,0,0,1,0,0,0
0,0,24.186,14.573,0,14.509,0,11.241,35.491,0,0,10.459,7.9718,0,0,0,64.573,0,0,0,13.727,3.2688,0,13.727,32.158,0,0,11.241,3.2688,0,0,39.605,0,0.41758,0.10989,0.47253,0,0,0,0,0.95604,0.043956,0,0,0,0.9011,0.098901,0,1
8.7732,0,0,0,0,81.459,0,0,0,0,9.7675,0,0,0,0,8.7732,91.227,0,0,0,0,0,0,0,0,0,8.7732,81.459,9.7675,0,0,0,0,0,1,0,0,0,0,0,1,0,0,0,0,1,0,0,0
0,3.8106,3.9042,0,0,52.873,0,0,16.462,18.247,4.7029,0,8.6072,3.9042,17.261,0,48.969,3.9042,0,0,12.418,4.9368,0,0,7.7148,0,0,48.969,3.9042,9.6397,21.165,8.6072,0,0.064516,0.93548,0,0,0,0,0,1,0,0,0,0,1,0,0,0
0,5.1687,5.1687,0,0,73.356,0,0,8.1533,8.1533,0,0,0,5.1687,8.1533,0,73.356,0,0,0,5.1687,8.1533,0,0,10.337,0,0,73.356,0,8.1533,8.1533,0,0,0,1,0,0,0,0,0,1,0,0,0,0,1,0,0,0
0,0,0,0,0,100,0,0,0,0,0,0,0,0,0,0,100,0,0,0,0,0,0,0,0,0,0,100,0,0,0,0,0,0,1,0,0,0,0,0,1,0,0,0,0,1,0,0,0
0,0,0,0,0,100,0,0,0,0,0,0,0,0,0,0,100,0,0,0,0,0,0,0,0,0,0,100,0,0,0,0,0,0,1,0,0,0,0,0,1,0,0,0,0,1,0,0,0
0,7.0134,0,0,0,85.973,0,0,7.0134,0,0,0,0,0,7.0134,0,85.973,0,0,0,0,7.0134,0,0,0,7.0134,0,85.973,0,0,7.0134,0,0,0,1,0,0,0,0,0,1,0,0,0,0,1,0,0,0
0,0,12.775,0,0,87.225,0,0,0,0,0,0,0,6.3877,0,0,87.225,0,0,0,0,6.3877,6.3877,0,6.3877,0,0,87.225,0,0,0,0,0,0,1,0,0,0,0,0,1,0,0,0,0,1,0,0,0
7.8344,0,0,7.8344,0,74.375,0,0,0,0,9.956,0,0,7.8344,0,7.8344,84.331,0,0,0,0,0,0,0,0,0,7.8344,74.375,9.956,0,0,0,7.8344,0,0.85106,0,0,0.14894,0,0,1,0,0,0,0,1,0,0,0
10.288,0,0,6.7844,0,71.19,0,0,0,0,11.738,0,0,6.7844,0,10.288,82.928,0,0,0,0,0,0,0,0,0,10.288,71.19,11.738,0,0,0,6.7844,0,0.064815,0.27778,0.2037,0.4537,0,0,1,0,0,0,0,1,0,0,0
0,0,0,6.8911,0,93.109,0,0,0,0,0,0,0,6.8911,0,0,93.109,0,0,0,0,0,0,0,0,0,0,93.109,0,0,0,0,6.8911,0,0,0,0.21212,0.78788,0,0,1,0,0,0,0,1,0,0,0
0,0,0,5.1329,0,94.867,0,0,0,0,0,0,0,5.1329,0,0,94.867,0,0,0,0,0,0,0,0,0,0,94.867,0,0,0,0,5.1329,0,0,0,0.0625,0.9375,0,0,1,0,0,0,0,1,0,0,0
5.5244,0,0,5.5244,0,88.951,0,0,0,0,0,0,0,5.5244,0,5.5244,88.951,0,0,0,0,0,0,0,0,0,5.5244,88.951,0,0,0,0,5.5244,0,0,0,0.21739,0.78261,0,0,1,0,0,0,0,1,0,0,0
0,0,0,4.2211,0,95.779,0,0,0,0,0,0,0,4.2211,0,0,95.779,0,0,0,0,0,0,0,0,0,0,95.779,0,0,0,0,4.2211,0,0,0,0.16667,0.83333,0,0,1,0,0,0,0,1,0,0,0
0,0,0,0,0,100,0,0,0,0,0,0,0,0,0,0,100,0,0,0,0,0,0,0,0,0,0,100,0,0,0,0,0,0,0,0,0.19672,0.80328,0,0,1,0,0,0,0,1,0,0,0
0,0,0,0,0,100,0,0,0,0,0,0,0,0,0,0,100,0,0,0,0,0,0,0,0,0,0,100,0,0,0,0,0,0,0,0.015625,0.20312,0.78125,0,0,1,0,0,0,0,1,0,0,0
7.9777,0,0,0,0,87.326,0,0,0,0,4.6965,0,0,0,0,7.9777,92.022,0,0,0,0,0,0,0,0,0,7.9777,87.326,4.6965,0,0,0,0,0,0.98182,0,0.018182,0,0,0,1,0,0,0,0,1,0,0,0
10.787,0,0,10.787,0,71.353,0,0,0,0,7.0727,0,0,10.787,0,10.787,78.426,0,0,0,0,0,0,0,0,0,10.787,71.353,7.0727,0,0,0,10.787,0,0.082569,0.19266,0.11009,0.61468,0,0,1,0,0,0,0,1,0,0,0
0,0,0,0,0,90.051,0,0,0,0,9.9491,0,0,0,0,0,100,0,0,0,0,0,0,0,0,0,0,90.051,9.9491,0,0,0,0,0,1,0,0,0,0,0,1,0,0,0,0,1,0,0,0
0,0,0,0,0,84.567,0,0,0,0,15.433,0,0,0,0,0,100,0,0,0,0,0,0,0,0,0,0,84.567,15.433,0,0,0,0,0,0.07619,0.21905,0.19048,0.51429,0,0,1,0,0,0,0,1,0,0,0
0,0,0,7.1123,0,92.888,0,0,0,0,0,0,0,7.1123,0,0,92.888,0,0,0,0,0,0,0,0,0,0,92.888,0,0,0,0,7.1123,0,0,0.014706,0.29412,0.69118,0,0,1,0,0,0,0,1,0,0,0
0,0,0,0,0,100,0,0,0,0,0,0,0,0,0,0,100,0,0,0,0,0,0,0,0,0,0,100,0,0,0,0,0,0,0,0,0.2,0.8,0,0,1,0,0,0,0,1,0,0,0
0,0,0,0,0,100,0,0,0,0,0,0,0,0,0,0,89.18,10.82,0,0,0,0,0,0,0,0,0,100,0,0,0,0,0,0,0,0,0.25974,0.74026,0,0,1,0,0,0,0,1,0,0,0
0,0,0,0,0,100,0,0,0,0,0,0,0,0,0,0,94.714,5.2865,0,0,0,0,0,0,0,0,0,94.714,5.2865,0,0,0,0,0,0,0,0.15909,0.84091,0,0,1,0,0,0,0,1,0,0,0
0,0,0,0,0,100,0,0,0,0,0,0,0,0,0,0,100,0,0,0,0,0,0,0,0,0,0,100,0,0,0,0,0,0,0,0.013514,0.2027,0.78378,0,0,1,0,0,0,0,1,0,0,0
0,0,0,0,0,100,0,0,0,0,0,0,0,0,0,0,100,0,0,0,0,0,0,0,0,0,0,100,0,0,0,0,0,0,0,0,0.24419,0.75581,0,0,1,0,0,0,0,1,0,0,0
0,0,0,0,0,100,0,0,0,0,0,0,0,0,0,0,100,0,0,0,0,0,0,0,0,0,0,100,0,0,0,0,0,0,0,0,0.2093,0.7907,0,0,1,0,0,0,0,1,0,0,0
0,0,0,0,0,100,0,0,0,0,0,0,0,0,0,0,100,0,0,0,0,0,0,0,0,0,0,100,0,0,0,0,0,0,0,0.035714,0.14286,0.82143,0,0,1,0,0,0,0,1,0,0,0
0,0,0,0,0,100,0,0,0,0,0,0,0,0,0,0,100,0,0,0,0,0,0,0,0,0,0,100,0,0,0,0,0,0,0,0,0.13115,0.86885,0,0,1,0,0,0,0,1,0,0,0
0,0,0,0,0,100,0,0,0,0,0,0,0,0,0,0,100,0,0,0,0,0,0,0,0,0,0,100,0,0,0,0,0,0,0,0.027778,0.33333,0.63889,0,0,1,0,0,0,0,1,0,0,0
0,0,0,0,0,100,0,0,0,0,0,0,0,0,0,0,100,0,0,0,0,0,0,0,0,0,0,100,0,0,0,0,0,0,0,0.083333,0.125,0.79167,0,0,1,0,0,0,0,1,0,0,0
0,0,0,0,0,100,0,0,0,0,0,0,0,0,0,0,100,0,0,0,0,0,0,0,0,0,0,100,0,0,0,0,0,0,0,0,0.24176,0.75824,0,0,1,0,0,0,0,1,0,0,0
0,0,0,0,0,100,0,0,0,0,0,0,0,0,0,0,100,0,0,0,0,0,0,0,0,0,0,100,0,0,0,0,0,0,0,0.034091,0.30682,0.65909,0,0,1,0,0,0,0,1,0,0,0
0,10.436,7.4691,0,11.288,39.243,0,0,4.4941,19.417,7.6528,0,21.33,7.4691,13.201,0,25.375,13.869,0,9.3745,9.3823,0,0,0,17.905,0,0,32.836,8.3205,11.288,13.869,15.782,0,0.12,0.88,0,0,0,0,0,1,0,0,0,0,1,0,0,0
0,13.871,6.0355,0,0,55.37,0,0,19.988,4.735,0,0,2.3675,3.668,19.988,0,55.37,0,0,0,13.453,5.1536,0,0,17.121,2.7861,0,55.37,0,2.3675,22.355,0,0,0.12963,0.87037,0,0,0,0,0,1,0,0,0,0,1,0,0,0
0,2.7004,17.496,0,2.7004,52.441,0,0,9.1974,15.464,0,0,6.267,5.6147,9.1974,2.7004,49.741,2.7004,0,0,8.9674,14.812,2.9143,0,14.582,2.7004,0,49.741,0,9.1974,18.165,2.7004,0,0.032258,0.96774,0,0,0,0,0,1,0,0,0,0,1,0,0,0
0,10.041,20.623,3.4393,10.312,52.416,0,0,3.1683,0,0,0,0,6.8724,6.6076,10.312,38.665,10.312,0,3.4393,6.8724,16.919,3.4393,0,17.184,10.041,0,38.665,3.4393,0,13.48,10.312,3.4393,0,1,0,0,0,0,0,1,0,0,0,0,1,0,0,0
0,4.3962,26.203,2.2786,18.753,38.913,0,0,0,0,9.4569,0,2.2786,7.3266,6.9922,16.619,17.249,18.753,0,5.0446,6.6748,19.062,2.9304,0,18.559,4.3962,12.223,26.706,5.0446,0,18.753,4.3962,6.9922,1,0,0,0,0,0,0,1,0,0,0,0,1,0,0,0
0,0,36.951,13.049,0,0,0,26.098,23.902,0,0,11.951,13.049,0,0,0,50,0,0,0,11.951,13.049,0,11.951,63.049,0,0,0,0,0,0,25,0,1,0,0,0,0,0,0,1,0,0,0,0,1,0,0,1
0,0,18.326,0,0,55.302,0,0,17.633,8.7394,0,19.868,0,0,0,14.042,49.135,10.45,0,0,0,6.5046,10.45,10.789,10.789,0,22.781,17.633,0,0,7.1829,20.375,0,0.033613,0.033613,0.02521,0.058824,0.84874,0,0,1,0,0,0,0,1,0,0,1
0,0,11.436,0,0,40.993,0,0,15.165,32.406,0,25.819,0,0,0,0,56.274,3.7382,0,0,0,14.17,0,22.872,24.707,0,20.08,8.5874,0,0,7.5827,12.326,3.8445,0.17568,0.10811,0.10811,0.067568,0.54054,0,0,1,0,0,0,0,1,0,0,1
0,0,14.717,23.381,0,18.833,0,24.989,18.08,0,0,4.9713,10.272,0,0,0,65.594,0,0,0,4.4449,14.717,0,4.4449,40.233,0,0,14.388,4.4449,0,0,36.49,0,0.71277,0.042553,0.24468,0,0,0,0,1,0,0,0,0,1,0,0,1
0,0,7.3303,0,0,50.155,0,0,28.892,13.623,0,16.202,0,0,0,6.8592,45.308,7.5867,0,0,0,24.045,5.3184,4.024,19.197,0,12.895,29.674,0,0,21.305,7.5867,0,0.11111,0.63889,0.23611,0.013889,0,0,0,1,0,0,0,0,1,0,0,1
0,0,14.548,0,0,54.481,0,0,22.477,8.4942,0,14.838,0,0,0,5.0977,67.833,4.6401,0,0,0,7.5913,2.2622,14.778,15.633,0,7.6381,16.59,0,0,11.673,25.262,6.1644,0.017241,0.5,0.13793,0.18966,0.15517,0,0,1,0,0,0,0,0.98276,0.017241,0,1
0,0,19.33,9.6649,9.6649,61.34,0,0,0,0,0,0,0,0,9.6649,9.6649,42.01,9.6649,0,9.6649,0,19.33,9.6649,0,9.6649,0,0,42.01,9.6649,0,9.6649,9.6649,9.6649,1,0,0,0,0,0,0,1,0,0,0,0,1,0,0,0
0,0,9.2286,0,0,46.913,0,0,27.089,16.769,0,26.618,0,0,0,0,71.652,0,0,0,0,1.73,0,10.959,18.607,0,9.1213,15.51,0,0,11.579,18.714,15.51,0.88889,0.074074,0.037037,0,0,0,0,0.92593,0.074074,0,0,0,0.92593,0.074074,0,0
0,0,16.657,0,0,44.59,0,0,25.491,13.262,0,18.064,0,0,0,6.8737,57.823,9.4865,0,0,0,7.7528,6.8737,12.31,13.348,0,21.711,17.198,0,0,5.6808,12.554,10.324,0,0.80303,0.19697,0,0,0,0,1,0,0,0,0,0.98485,0.015152,0,1
0,0,8.2933,0,0,85.568,0,0,6.139,0,0,0,0,0,0,6.139,85.568,0,0,0,0,8.2933,0,0,8.2933,0,0,79.429,6.139,0,0,0,6.139,0.60526,0.25,0.14474,0,0,0,0,0.81579,0.18421,0,0,0,0.81579,0.18421,0,0
0,0,20.889,0,0,52.386,0,0,10.591,16.134,0,16.028,0,0,0,2.0157,77.819,0,0,0,0,4.1378,0,32.779,6.6836,0,14.941,20.359,0,0,4.0314,14.647,6.5593,0.33333,0.4359,0.23077,0,0,0,0,0.64103,0.35897,0,0,0,0.64103,0.35897,0,1
0,0,0,0,0,100,0,0,0,0,0,0,0,0,0,0,100,0,0,0,0,0,0,0,0,0,0,100,0,0,0,0,0,0,1,0,0,0,0,0,1,0,0,0,0,1,0,0,0
0,0,0,0,0,100,0,0,0,0,0,0,0,0,0,0,100,0,0,0,0,0,0,0,0,0,0,100,0,0,0,0,0,0,0.12088,0.17582,0.20879,0.49451,0,0,1,0,0,0,0,1,0,0,0
0,0,0,0,0,100,0,0,0,0,0,0,0,0,0,0,100,0,0,0,0,0,0,0,0,0,0,100,0,0,0,0,0,1,0,0,0,0,0,0,1,0,0,0,0,1,0,0,0
0,0,0,0,0,70.931,0,0,29.069,0,0,0,12.794,16.275,0,12.794,32.55,25.587,0,0,0,0,0,0,0,0,0,45.344,25.587,0,0,0,29.069,1,0,0,0,0,0,0,1,0,0,0,0,1,0,0,0
0,0,0,0,0,92.29,0,0,7.7097,0,0,0,7.7097,0,0,7.7097,61.145,23.436,0,0,0,0,0,0,0,0,0,68.855,23.436,0,0,0,7.7097,0,0,0.025316,0.27848,0.6962,0,0,1,0,0,0,0,1,0,0,0
0,0,0,0,0,92.883,0,0,7.1171,0,0,0,7.1171,0,0,7.1171,63.775,21.991,0,0,0,0,0,0,0,0,0,78.649,14.234,0,0,0,7.1171,0,0,0,0.15294,0.84706,0,0,1,0,0,0,0,1,0,0,0
0,0,0,0,0,88.673,0,0,11.327,0,0,0,11.327,0,0,7.577,67.611,13.485,0,0,0,0,0,0,0,0,0,74.513,14.161,0,0,0,11.327,0,0,0,0.22807,0.77193,0,0,1,0,0,0,0,1,0,0,0
0,0,0,0,0,86.412,0,0,13.588,0,0,0,7.5834,6.0046,0,7.5834,63.662,15.167,0,0,0,0,0,0,0,0,0,71.245,15.167,0,0,0,13.588,0,0,0,0.10959,0.89041,0,0,1,0,0,0,0,1,0,0,0
0,0,0,0,0,100,0,0,0,0,0,0,0,0,0,0,92.839,7.1606,0,0,0,0,0,0,0,0,0,92.839,7.1606,0,0,0,0,0,0,0,0.11111,0.88889,0,0,1,0,0,0,0,1,0,0,0
0,0,0,0,0,100,0,0,0,0,0,0,0,0,0,0,100,0,0,0,0,0,0,0,0,0,0,100,0,0,0,0,0,0,0,0.10112,0.11236,0.78652,0,0,1,0,0,0,0,1,0,0,0
0,0,0,0,0,100,0,0,0,0,0,0,0,0,0,9.5195,90.48,0,0,0,0,0,0,0,0,0,0,90.48,9.5195,0,0,0,0,0,0,0,0.064935,0.93506,0,0,1,0,0,0,0,1,0,0,0
0,0,0,0,0,100,0,0,0,0,0,0,0,0,0,0,100,0,0,0,0,0,0,0,0,0,0,100,0,0,0,0,0,0,0,0.011628,0.093023,0.89535,0,0,1,0,0,0,0,1,0,0,0
0,0,0,0,0,100,0,0,0,0,0,0,0,0,0,0,100,0,0,0,0,0,0,0,0,0,0,100,0,0,0,0,0,0.83333,0.059524,0.10714,0,0,0,0,0.85714,0.14286,0,0,0,0.85714,0.14286,0,0
0,0,0,0,0,59.28,0,0,40.72,0,0,0,16.331,16.834,0,0,59.28,0,0,0,0,7.5541,0,0,0,0,0,59.28,0,0,0,7.5541,33.166,1,0,0,0,0,0,0,1,0,0,0,0,1,0,0,0
0,0,7.6208,0,0,92.379,0,0,0,0,0,0,0,0,0,0,92.379,0,0,0,0,7.6208,0,0,7.6208,0,0,92.379,0,0,0,0,0,1,0,0,0,0,0,0,1,0,0,0,0,1,0,0,0
0,0,0,0,0,82.273,0,0,17.727,0,0,0,0,13.171,0,0,82.273,0,0,0,0,4.5562,0,0,0,0,0,82.273,0,0,0,4.5562,13.171,1,0,0,0,0,0,0,1,0,0,0,0,1,0,0,0
0,0,0,0,0,87.908,0,0,12.092,0,0,0,0,12.092,0,5.8289,82.079,0,0,0,0,0,0,0,0,0,0,82.079,5.8289,0,0,0,12.092,0,0,0,0.057971,0.94203,0,0,1,0,0,0,0,1,0,0,0
0,0,0,0,0,90.049,0,0,9.9507,0,0,0,0,9.9507,0,3.8817,86.168,0,0,0,0,0,0,0,0,0,0,86.168,3.8817,0,0,0,9.9507,0,0,0,0.33824,0.66176,0,0,1,0,0,0,0,1,0,0,0
0,0,0,0,0,79.45,0,0,20.55,0,0,0,0,10.138,0,0,79.45,0,0,0,0,10.411,0,0,0,0,0,79.45,0,0,0,10.411,10.138,0,0,0,0.15517,0.84483,0,0,1,0,0,0,0,1,0,0,0
0,0,0,0,0,89.623,0,0,10.377,0,0,0,0,5.5801,0,0,89.623,0,0,0,0,4.7964,0,0,0,0,0,89.623,0,0,0,4.7964,5.5801,0,0,0,0.13043,0.86957,0,0,1,0,0,0,0,1,0,0,0
0,0,0,0,0,100,0,0,0,0,0,0,0,0,0,0,100,0,0,0,0,0,0,0,0,0,0,100,0,0,0,0,0,0,0,0,0.13333,0.86667,0,0,1,0,0,0,0,1,0,0,0
0,0,0,0,0,100,0,0,0,0,0,0,0,0,0,0,100,0,0,0,0,0,0,0,0,0,0,100,0,0,0,0,0,0,0,0.0097087,0.27184,0.71845,0,0,1,0,0,0,0,1,0,0,0
0,0,0,0,0,100,0,0,0,0,0,0,0,0,0,0,100,0,0,0,0,0,0,0,0,0,0,100,0,0,0,0,0,0,0,0,0.050633,0.94937,0,0,1,0,0,0,0,1,0,0,0
0,0,0,0,0,100,0,0,0,0,0,0,0,0,0,0,100,0,0,0,0,0,0,0,0,0,0,100,0,0,0,0,0,0,0,0,0.28713,0.71287,0,0,1,0,0,0,0,1,0,0,0
0,0,0,0,0,100,0,0,0,0,0,0,0,0,0,0,100,0,0,0,0,0,0,0,0,0,0,100,0,0,0,0,0,0,0,0.010204,0.2449,0.7449,0,0,1,0,0,0,0,1,0,0,0
0,0,0,0,0,100,0,0,0,0,0,0,0,0,0,0,100,0,0,0,0,0,0,0,0,0,0,100,0,0,0,0,0,0,0,0.10526,0.26316,0.63158,0,0,1,0,0,0,0,1,0,0,0
0,0,0,0,0,100,0,0,0,0,0,0,0,0,0,0,100,0,0,0,0,0,0,0,0,0,0,100,0,0,0,0,0,0,0,0,0.23333,0.76667,0,0,1,0,0,0,0,1,0,0,0
0,0,0,0,0,100,0,0,0,0,0,0,0,0,0,0,100,0,0,0,0,0,0,0,0,0,0,100,0,0,0,0,0,0,0,0.03125,0.14583,0.82292,0,0,1,0,0,0,0,1,0,0,0
0,0,0,0,0,100,0,0,0,0,0,0,0,0,0,0,100,0,0,0,0,0,0,0,0,0,0,100,0,0,0,0,0,0,0,0,0.075472,0.92453,0,0,1,0,0,0,0,1,0,0,0
0,0,0,0,0,100,0,0,0,0,0,0,0,0,0,0,100,0,0,0,0,0,0,0,0,0,0,100,0,0,0,0,0,0,0,0.11702,0.18085,0.70213,0,0,1,0,0,0,0,1,0,0,0
0,0,0,0,0,100,0,0,0,0,0,0,0,0,0,0,100,0,0,0,0,0,0,0,0,0,0,100,0,0,0,0,0,0,0,0,0.042553,0.95745,0,0,1,0,0,0,0,1,0,0,0
0,0,0,0,0,100,0,0,0,0,0,0,0,0,0,0,100,0,0,0,0,0,0,0,0,0,0,100,0,0,0,0,0,0,0,0.018692,0.3271,0.65421,0,0,1,0,0,0,0,1,0,0,0
0,0,0,0,0,100,0,0,0,0,0,0,0,0,0,0,100,0,0,0,0,0,0,0,0,0,0,100,0,0,0,0,0,0,0,0,0,1,0,0,1,0,0,0,0,1,0,0,0
0,0,0,0,0,100,0,0,0,0,0,0,0,0,0,0,100,0,0,0,0,0,0,0,0,0,0,100,0,0,0,0,0,0,0,0,0,1,0,0,1,0,0,0,0,1,0,0,0
0,0,0,0,0,100,0,0,0,0,0,0,0,0,0,0,100,0,0,0,0,0,0,0,0,0,0,100,0,0,0,0,0,0,0,0,0,1,0,0,1,0,0,0,0,1,0,0,0
0,0,0,0,0,100,0,0,0,0,0,0,0,0,0,0,100,0,0,0,0,0,0,0,0,0,0,100,0,0,0,0,0,0,0,0,0,1,0,0,1,0,0,0,0,1,0,0,0
0,0,0,0,0,100,0,0,0,0,0,0,0,0,0,0,100,0,0,0,0,0,0,0,0,0,0,100,0,0,0,0,0,0,0,0,0,1,0,0,1,0,0,0,0,1,0,0,0
0,0,0,0,0,100,0,0,0,0,0,0,0,0,0,0,100,0,0,0,0,0,0,0,0,0,0,100,0,0,0,0,0,0,0,0,0,1,0,0,1,0,0,0,0,1,0,0,0
0,0,0,0,0,100,0,0,0,0,0,0,0,0,0,0,100,0,0,0,0,0,0,0,0,0,0,100,0,0,0,0,0,0,0,0,0,1,0,0,1,0,0,0,0,1,0,0,0
0,0,0,0,0,100,0,0,0,0,0,0,0,0,0,0,100,0,0,0,0,0,0,0,0,0,0,100,0,0,0,0,0,0,0,0,0,1,0,0,1,0,0,0,0,1,0,0,0
0,0,0,0,0,100,0,0,0,0,0,0,0,0,0,0,100,0,0,0,0,0,0,0,0,0,0,100,0,0,0,0,0,0,0,0,0,1,0,0,1,0,0,0,0,1,0,0,0
0,0,0,0,0,100,0,0,0,0,0,0,0,0,0,0,100,0,0,0,0,0,0,0,0,0,0,100,0,0,0,0,0,0,0,0,0,1,0,0,1,0,0,0,0,1,0,0,0
0,0,0,0,0,100,0,0,0,0,0,0,0,0,0,0,100,0,0,0,0,0,0,0,0,0,0,100,0,0,0,0,0,0,0,0,0,1,0,0,1,0,0,0,0,1,0,0,0
0,0,0,0,0,100,0,0,0,0,0,0,0,0,0,0,100,0,0,0,0,0,0,0,0,0,0,100,0,0,0,0,0,0,0,0,0,1,0,0,1,0,0,0,0,1,0,0,0
0,0,0,0,0,100,0,0,0,0,0,0,0,0,0,0,100,0,0,0,0,0,0,0,0,0,0,100,0,0,0,0,0,0,0,0,0.068627,0.93137,0,0,1,0,0,0,0,1,0,0,0
0,0,0,0,0,100,0,0,0,0,0,0,0,0,0,0,100,0,0,0,0,0,0,0,0,0,0,100,0,0,0,0,0,0,0,0,0,1,0,0,1,0,0,0,0,1,0,0,0
0,0,0,0,0,100,0,0,0,0,0,0,0,0,0,0,100,0,0,0,0,0,0,0,0,0,0,100,0,0,0,0,0,0,0,0,0.032609,0.96739,0,0,1,0,0,0,0,1,0,0,0
0,0,0,0,0,100,0,0,0,0,0,0,0,0,0,0,100,0,0,0,0,0,0,0,0,0,0,100,0,0,0,0,0,0,0,0,0,1,0,0,1,0,0,0,0,1,0,0,0
0,0,0,0,0,100,0,0,0,0,0,0,0,0,0,0,100,0,0,0,0,0,0,0,0,0,0,100,0,0,0,0,0,0,0,0,0,1,0,0,1,0,0,0,0,1,0,0,0
0,0,0,0,0,100,0,0,0,0,0,0,0,0,0,0,100,0,0,0,0,0,0,0,0,0,0,100,0,0,0,0,0,0,0,0,0,1,0,0,1,0,0,0,0,1,0,0,0
0,0,0,0,0,100,0,0,0,0,0,0,0,0,0,0,100,0,0,0,0,0,0,0,0,0,0,100,0,0,0,0,0,0,0,0,0,1,0,0,1,0,0,0,0,1,0,0,0
0,0,0,0,0,100,0,0,0,0,0,0,0,0,0,0,100,0,0,0,0,0,0,0,0,0,0,100,0,0,0,0,0,0,0,0,0,1,0,0,1,0,0,0,0,1,0,0,0
0,0,0,0,0,100,0,0,0,0,0,0,0,0,0,0,100,0,0,0,0,0,0,0,0,0,0,100,0,0,0,0,0,0,0,0,0.085106,0.91489,0,0,1,0,0,0,0,1,0,0,0
0,0,0,0,0,100,0,0,0,0,0,0,0,0,0,0,100,0,0,0,0,0,0,0,0,0,0,100,0,0,0,0,0,0,0,0,0,1,0,0,1,0,0,0,0,1,0,0,0
0,0,0,0,0,100,0,0,0,0,0,0,0,0,0,0,100,0,0,0,0,0,0,0,0,0,0,100,0,0,0,0,0,0,0,0,0.050505,0.94949,0,0,1,0,0,0,0,1,0,0,0
0,0,0,0,0,100,0,0,0,0,0,0,0,0,0,0,100,0,0,0,0,0,0,0,0,0,0,100,0,0,0,0,0,0,0,0,0,1,0,0,1,0,0,0,0,1,0,0,0
0,0,0,0,0,100,0,0,0,0,0,0,0,0,0,0,100,0,0,0,0,0,0,0,0,0,0,100,0,0,0,0,0,0,0,0,0,1,0,0,1,0,0,0,0,1,0,0,0
0,0,0,0,0,100,0,0,0,0,0,0,0,0,0,0,100,0,0,0,0,0,0,0,0,0,0,100,0,0,0,0,0,0,0,0,0,1,0,0,1,0,0,0,0,1,0,0,0
0,0,0,0,0,100,0,0,0,0,0,0,0,0,0,0,100,0,0,0,0,0,0,0,0,0,0,100,0,0,0,0,0,0,0,0,0,1,0,0,1,0,0,0,0,1,0,0,0
0,0,0,0,0,100,0,0,0,0,0,0,0,0,0,0,100,0,0,0,0,0,0,0,0,0,0,100,0,0,0,0,0,0,0,0,0,1,0,0,1,0,0,0,0,1,0,0,0
0,0,0,0,0,100,0,0,0,0,0,0,0,0,0,0,100,0,0,0,0,0,0,0,0,0,0,100,0,0,0,0,0,0,0,0,0,1,0,0,1,0,0,0,0,1,0,0,0
0,0,0,0,0,100,0,0,0,0,0,0,0,0,0,0,100,0,0,0,0,0,0,0,0,0,0,100,0,0,0,0,0,0,0,0,0,1,0,0,1,0,0,0,0,1,0,0,0
0,0,0,0,0,100,0,0,0,0,0,0,0,0,0,0,100,0,0,0,0,0,0,0,0,0,0,100,0,0,0,0,0,0,0,0,0,1,0,0,1,0,0,0,0,1,0,0,0
0,0,0,0,0,100,0,0,0,0,0,0,0,0,0,0,100,0,0,0,0,0,0,0,0,0,0,100,0,0,0,0,0,0,0,0,0,1,0,0,1,0,0,0,0,1,0,0,0
0,0,0,0,0,100,0,0,0,0,0,0,0,0,0,0,100,0,0,0,0,0,0,0,0,0,0,100,0,0,0,0,0,0,0,0,0,1,0,0,1,0,0,0,0,1,0,0,0
0,0,0,0,0,100,0,0,0,0,0,0,0,0,0,0,100,0,0,0,0,0,0,0,0,0,0,100,0,0,0,0,0,0,0,0,0,1,0,0,1,0,0,0,0,1,0,0,0
0,0,0,0,0,100,0,0,0,0,0,0,0,0,0,0,100,0,0,0,0,0,0,0,0,0,0,100,0,0,0,0,0,0,0,0,0.052083,0.94792,0,0,1,0,0,0,0,1,0,0,0
0,0,0,0,0,100,0,0,0,0,0,0,0,0,0,0,100,0,0,0,0,0,0,0,0,0,0,100,0,0,0,0,0,0,0,0,0,1,0,0,1,0,0,0,0,1,0,0,0
0,0,0,0,0,100,0,0,0,0,0,0,0,0,0,0,100,0,0,0,0,0,0,0,0,0,0,100,0,0,0,0,0,0,0,0,0.063291,0.93671,0,0,1,0,0,0,0,1,0,0,0
0,0,0,0,0,100,0,0,0,0,0,0,0,0,0,0,100,0,0,0,0,0,0,0,0,0,0,100,0,0,0,0,0,0,0.014706,0.044118,0.014706,0.92647,0,0,1,0,0,0,0,1,0,0,0
0,0,0,0,0,100,0,0,0,0,0,0,0,0,0,0,100,0,0,0,0,0,0,0,0,0,0,100,0,0,0,0,0,0,0,0,0,1,0,0,1,0,0,0,0,1,0,0,0
0,0,0,0,0,100,0,0,0,0,0,0,0,0,0,0,100,0,0,0,0,0,0,0,0,0,0,100,0,0,0,0,0,0,0,0,0,1,0,0,1,0,0,0,0,1,0,0,0
0,0,0,0,0,100,0,0,0,0,0,0,0,0,0,0,100,0,0,0,0,0,0,0,0,0,0,100,0,0,0,0,0,0,0,0,0,1,0,0,1,0,0,0,0,1,0,0,0
0,0,0,0,0,100,0,0,0,0,0,0,0,0,0,0,100,0,0,0,0,0,0,0,0,0,0,100,0,0,0,0,0,0,0,0,0,1,0,0,1,0,0,0,0,1,0,0,0
0,0,0,0,0,100,0,0,0,0,0,0,0,0,0,0,100,0,0,0,0,0,0,0,0,0,0,100,0,0,0,0,0,0,0,0,0,1,0,0,1,0,0,0,0,1,0,0,0
0,0,0,0,0,100,0,0,0,0,0,0,0,0,0,0,100,0,0,0,0,0,0,0,0,0,0,100,0,0,0,0,0,0,0.15094,0.037736,0.13208,0.67925,0,0,1,0,0,0,0,1,0,0,0
0,0,0,0,0,100,0,0,0,0,0,0,0,0,0,0,100,0,0,0,0,0,0,0,0,0,0,100,0,0,0,0,0,0,0,0,0,1,0,0,1,0,0,0,0,1,0,0,0
0,0,0,0,0,100,0,0,0,0,0,0,0,0,0,0,100,0,0,0,0,0,0,0,0,0,0,100,0,0,0,0,0,0,0,0,0,1,0,0,1,0,0,0,0,1,0,0,0
0,0,0,0,0,100,0,0,0,0,0,0,0,0,0,0,100,0,0,0,0,0,0,0,0,0,0,100,0,0,0,0,0,0,0,0,0,1,0,0,1,0,0,0,0,1,0,0,0
0,0,0,0,0,100,0,0,0,0,0,0,0,0,0,0,100,0,0,0,0,0,0,0,0,0,0,100,0,0,0,0,0,0,0,0,0,1,0,0,1,0,0,0,0,1,0,0,0
0,0,0,0,0,100,0,0,0,0,0,0,0,0,0,0,100,0,0,0,0,0,0,0,0,0,0,100,0,0,0,0,0,0.012048,0,0.024096,0.012048,0.95181,0,0,1,0,0,0,0,1,0,0,0
0,0,0,0,0,100,0,0,0,0,0,0,0,0,0,0,100,0,0,0,0,0,0,0,0,0,0,100,0,0,0,0,0,0,0,0,0,1,0,0,1,0,0,0,0,1,0,0,0
0,0,0,0,0,100,0,0,0,0,0,0,0,0,0,0,100,0,0,0,0,0,0,0,0,0,0,100,0,0,0,0,0,0,0,0,0,1,0,0,1,0,0,0,0,1,0,0,0
0,0,0,0,0,100,0,0,0,0,0,0,0,0,0,0,100,0,0,0,0,0,0,0,0,0,0,100,0,0,0,0,0,0,0,0,0.011111,0.98889,0,0,1,0,0,0,0,1,0,0,0
0,0,0,0,0,100,0,0,0,0,0,0,0,0,0,0,100,0,0,0,0,0,0,0,0,0,0,66.667,33.333,0,0,0,0,0,1,0,0,0,0,0,1,0,0,0,0,0,1,0,0
0,0,6.583,0,0,86.834,0,6.583,0,0,0,0,0,0,0,0,86.834,0,0,0,6.583,6.583,0,6.583,6.583,0,0,40.301,46.533,0,0,0,0,0,1,0,0,0,0,0,1,0,0,0,0,0,1,0,0
0,0,0,0,82.557,17.443,0,0,0,0,0,0,0,17.443,47.672,0,17.443,0,0,17.443,0,0,0,0,0,0,0,17.443,0,17.443,65.115,0,0,0,1,0,0,0,0,0,1,0,0,0,0,0.039216,0.96078,0,0
0,0,0,0,100,0,0,0,0,0,0,0,0,0,50,0,0,0,0,50,0,0,0,0,0,0,0,0,0,50,50,0,0,0,1,0,0,0,0,0,1,0,0,0,0,0,1,0,0
0,0,0,0,54.52,45.48,0,0,0,0,0,0,0,16.711,14.384,0,37.81,0,7.6697,23.425,0,0,0,0,0,0,0,45.48,0,23.425,31.095,0,0,0,0.48571,0.085714,0.2,0.22857,0,0,1,0,0,0,0,0.71429,0.28571,0,0
0,0,0,0,49.679,50.321,0,0,0,0,0,0,0,7.4759,13.305,8.1173,34.086,0,16.235,20.781,0,0,0,0,0,0,0,42.203,8.1173,28.898,20.781,0,0,0,0.38235,0.058824,0.23529,0.32353,0,0,1,0,0,0,0,0.88235,0.11765,0,0
0,0,0,0,57.986,28.982,0,0,13.032,0,0,0,0,15.951,13.043,6.5158,28.982,0,0,28.993,6.5158,0,6.5158,6.5158,0,0,0,28.982,0,28.993,28.993,0,0,0,1,0,0,0,0,0,1,0,0,0,0,0,1,0,0
0,0,17.266,19.416,17.04,37.912,0,2.916,5.4493,0,0,19.416,0,7.0621,0,10.899,35.762,2.5333,0,18.879,5.4493,0,14.35,14.35,2.916,0,0,35.379,2.5333,12.511,9.5955,8.3653,0,0,1,0,0,0,0,0,1,0,0,0,0,0,1,0,0
0,0,0,0,33.875,56.522,0,0,9.6028,0,0,0,0,6.9434,14.115,5.873,42.407,0,14.115,6.9434,0,9.6028,9.6028,0,0,0,0,56.522,0,12.816,21.058,0,0,0,1,0,0,0,0,0,1,0,0,0,0,0,1,0,0
0,0,12.228,12.228,25.543,37.772,0,0,12.228,0,0,12.228,0,0,6.6574,0,50,12.228,0,6.6574,0,12.228,12.228,0,0,0,0,25.543,12.228,6.6574,18.886,24.457,0,0,1,0,0,0,0,0,1,0,0,0,0,0,1,0,0
0,0,0,0,50,50,0,0,0,0,0,0,21.132,0,0,21.615,35.638,0,0,14.362,7.253,0,0,0,0,0,0,50,0,21.615,28.385,0,0,0.072727,0.30909,0.12727,0.036364,0.45455,0,0,1,0,0,0,0,0.92727,0.072727,0,0
0,0,0,0,54.907,45.093,0,0,0,0,0,0,9.8143,0,0,17.639,35.279,0,0,9.8143,27.454,0,0,0,0,0,0,45.093,0,17.639,37.268,0,0,0.13636,0.86364,0,0,0,0,0,1,0,0,0,0,0.18182,0.81818,0,0
2.7758,0,0,0,34.67,59.778,0,0,2.7758,0,0,2.7758,6.2368,0,0,22.197,31.345,0,2.7758,28.433,6.2368,0,0,0,2.7758,0,0,59.778,0,22.197,12.474,2.7758,0,0,1,0,0,0,0,0,1,0,0,0,0,0,1,0,0
0,0,0,0,38.321,61.679,0,0,0,0,0,0,0,0,25.963,12.358,35.716,0,25.963,0,0,0,0,0,0,0,0,46.716,14.963,12.358,25.963,0,0,0,0.96825,0.015873,0,0.015873,0,0,1,0,0,0,0,0.2381,0.7619,0,0
0,0,0,0,50,50,0,0,0,0,0,0,0,0,50,0,0,0,50,0,0,0,0,0,0,0,0,0,50,0,50,0,0,0,0.81481,0.037037,0.055556,0.092593,0,0,1,0,0,0,0,0.57407,0.42593,0,0
0,0,0,0,74.582,25.418,0,0,0,0,0,0,0,0,61.873,12.709,0,0,25.418,0,0,0,0,0,0,0,0,12.709,12.709,12.709,61.873,0,0,0,1,0,0,0,0,0,1,0,0,0,0,0,1,0,0
0,0,0,0,28.012,71.988,0,0,0,0,0,0,0,0,7.68,12.652,46.685,0,25.303,7.68,0,0,0,0,0,0,0,59.337,12.652,20.332,7.68,0,0,0,1,0,0,0,0,0,1,0,0,0,0,0,1,0,0
0,0,8.7024,8.7024,8.7024,41.298,32.595,0,0,0,0,0,0,0,0,0,56.488,26.107,0,8.7024,8.7024,0,8.7024,0,0,0,23.893,32.595,8.7024,8.7024,0,17.405,0,0,1,0,0,0,0,0,1,0,0,0,0,0,1,0,0
0,0,0,0,33.333,66.667,0,0,0,0,0,0,0,0,0,33.333,66.667,0,0,0,0,0,0,0,0,0,0,66.667,0,33.333,0,0,0,0,1,0,0,0,0,0,1,0,0,0,0,0,1,0,0
0,0,0,0,0,65.529,34.471,0,0,0,0,0,0,0,0,0,75.882,0,0,0,24.118,0,24.118,0,0,0,10.353,44.824,20.705,0,0,0,0,0,1,0,0,0,0,0,1,0,0,0,0,0,1,0,0
0,0,0,0,41.85,58.15,0,0,0,0,0,0,20.925,0,0,0,37.225,0,0,20.925,20.925,0,0,0,0,0,0,58.15,0,0,41.85,0,0,0,1,0,0,0,0,0,1,0,0,0,0,0,1,0,0
0,0,0,0,0,0,0,0,0,0,0,0,0,0,0,0,0,0,0,0,0,0,0,0,0,0,0,0,0,0,0,0,0,0,1,0,0,0,0,0,1,0,0,0,0,0,1,0,0
0,0,0,0,33.248,66.752,0,0,0,0,0,0,15.98,0,0,8.6343,66.752,0,0,0,8.6343,0,0,0,0,0,0,66.752,0,8.6343,24.614,0,0,0,1,0,0,0,0,0,1,0,0,0,0,0,1,0,0
0,0,0,0,0,100,0,0,0,0,0,0,0,0,0,0,100,0,0,0,0,0,0,0,0,0,0,100,0,0,0,0,0,0,1,0,0,0,0,0,1,0,0,0,0,0,1,0,0
0,33.333,0,0,0,33.333,0,33.333,0,0,0,0,0,0,33.333,33.333,33.333,0,0,0,0,0,0,66.667,0,0,0,33.333,0,0,0,0,0,0,1,0,0,0,0,0,1,0,0,0,0,0,1,0,0
8.9119,8.9119,8.155,0,17.067,20.65,5.1626,0,8.155,22.986,0,0,0,4.0775,12.989,0,41.795,19.237,0,0,8.9119,12.989,4.0775,8.155,0,0,14.075,5.1626,15.488,0,22.986,30.056,0,0,1,0,0,0,0,0,1,0,0,0,0,0,1,0,0
0,36.158,19.722,3.286,0,34.262,0,3.286,3.286,0,0,0,0,19.722,16.436,3.286,17.826,0,19.722,3.286,0,19.722,36.158,36.158,0,0,3.286,14.54,0,0,0,9.858,0,0,1,0,0,0,0,0,1,0,0,0,0,0.0082645,0.99174,0,0
3.283,3.6405,14.35,3.6405,13.993,20.329,8.1611,3.6405,20.802,8.1611,0,0,0,8.9954,18.257,3.6405,32.996,13.269,3.6405,3.6405,3.283,12.278,8.9954,17.633,0,0,18.368,4.9928,8.4124,0,8.1611,33.438,0,0.44828,0.55172,0,0,0,0,0.034483,0.96552,0,0,0,0,0.65517,0.34483,0,0
0,0,0,0,0,78.58,0,9.7835,11.637,0,0,21.42,0,0,0,0,78.58,0,0,0,0,0,0,0,21.42,0,0,66.667,11.913,0,0,0,0,0,1,0,0,0,0,0,1,0,0,0,0,0,1,0,0
0,0,8.4604,0,0,91.54,0,0,0,0,0,8.4604,0,0,0,0,91.54,0,0,0,0,0,8.4604,0,0,20.025,0,71.514,0,0,0,0,0,0,1,0,0,0,0,0,1,0,0,0,0,0,1,0,0
0,0,18.122,13.834,4.2881,55.179,0,4.2881,4.2881,0,0,13.834,0,0,0,8.5763,59.467,0,0,13.834,4.2881,0,13.834,13.834,4.2881,0,0,55.179,0,4.2881,0,8.5763,0,0,0.76389,0.041667,0.083333,0.11111,0,0,1,0,0,0,0,0.083333,0.91667,0,0
0,0,0,0,0,100,0,0,0,0,0,0,0,0,0,35.215,64.785,0,0,0,0,0,0,0,0,23.477,11.738,64.785,0,0,0,0,0,0,0.98824,0.011765,0,0,0,0,1,0,0,0,0,0.14118,0.85882,0,0
0,0,0,0,0,100,0,0,0,0,0,0,0,0,0,19.488,80.512,0,0,0,0,0,0,0,0,19.488,0,80.512,0,0,0,0,0,0,1,0,0,0,0,0,1,0,0,0,0,0,1,0,0
0,0,0,0,0,100,0,0,0,0,0,0,0,0,0,0,100,0,0,0,0,0,0,0,0,0,0,100,0,0,0,0,0,0,1,0,0,0,0,0,1,0,0,0,0,0,1,0,0
0,0,0,0,0,100,0,0,0,0,0,0,0,0,0,44.485,55.515,0,0,0,0,0,0,0,0,26.056,18.429,55.515,0,0,0,0,0,0,0.96471,0.035294,0,0,0,0,1,0,0,0,0,0.058824,0.94118,0,0
0,0,0,0,0,100,0,0,0,0,0,0,0,0,0,0,100,0,0,0,0,0,0,0,0,0,0,100,0,0,0,0,0,0,1,0,0,0,0,0,1,0,0,0,0,0,1,0,0
0,0,11.794,10.311,5.0144,39.769,0,11.39,21.721,0,0,16.686,0,0,0,21.03,41.253,1.7654,0,5.0144,14.251,0,14.251,14.251,11.39,0,0,38.004,1.7654,6.7799,1.7654,11.794,0,0,0.76562,0.046875,0.078125,0.10938,0,0,1,0,0,0,0,0.03125,0.96875,0,0
0,0,0,0,0,100,0,0,0,0,0,0,0,0,0,0,100,0,0,0,0,0,0,0,0,0,0,100,0,0,0,0,0,0,1,0,0,0,0,0,1,0,0,0,0,0,1,0,0
0,0,0,0,0,100,0,0,0,0,0,0,0,0,0,0,100,0,0,0,0,0,0,0,0,0,0,100,0,0,0,0,0,0,1,0,0,0,0,0,1,0,0,0,0,0,1,0,0
0,0,0,0,0,100,0,0,0,0,0,0,0,0,0,0,100,0,0,0,0,0,0,0,0,0,0,100,0,0,0,0,0,0,1,0,0,0,0,0,1,0,0,0,0,0,1,0,0
0,0,0,0,0,100,0,0,0,0,0,0,0,0,0,0,100,0,0,0,0,0,0,0,0,0,0,100,0,0,0,0,0,0,1,0,0,0,0,0,1,0,0,0,0,0.061728,0.93827,0,0
0,0,0,0,0,100,0,0,0,0,0,0,0,0,0,0,100,0,0,0,0,0,0,0,0,0,0,100,0,0,0,0,0,0,1,0,0,0,0,0,1,0,0,0,0,0.077778,0.92222,0,0
0,0,0,0,0,100,0,0,0,0,0,0,0,0,0,0,100,0,0,0,0,0,0,0,0,0,0,100,0,0,0,0,0,0,1,0,0,0,0,0,1,0,0,0,0,0.12088,0.87912,0,0
0,0,0,0,0,91.87,8.1298,0,0,0,0,0,0,0,0,0,100,0,0,0,0,0,0,0,0,0,8.1298,71.07,20.8,0,0,0,0,0,0.050847,0.016949,0.67797,0.25424,0,0,1,0,0,0,0,0.10169,0.89831,0,0
0,0,0,0,0,100,0,0,0,0,0,0,0,0,0,0,100,0,0,0,0,0,0,0,0,0,0,95.544,4.4564,0,0,0,0,0,0,0,1,0,0,0,1,0,0,0,0,0,1,0,0
0,0,0,0,0,84.895,11.83,0,0,3.2756,0,0,0,0,0,0,93.449,6.5511,0,0,0,0,0,0,0,0,11.83,62.935,21.96,0,3.2756,0,0,0,0,0,0.77419,0.22581,0,0,1,0,0,0,0,0,1,0,0
0,0,0,0,0,96.268,3.7324,0,0,0,0,0,0,0,0,0,100,0,0,0,0,0,0,0,0,0,3.7324,77.546,18.722,0,0,0,0,0,0,0,1,0,0,0,1,0,0,0,0,0,1,0,0
0,0,0,0,0,100,0,0,0,0,0,0,0,0,0,0,100,0,0,0,0,0,0,0,0,0,0,100,0,0,0,0,0,0,1,0,0,0,0,0,1,0,0,0,0,0,1,0,0
0,0,0,0,0,100,0,0,0,0,0,0,0,0,0,0,100,0,0,0,0,0,0,0,0,0,0,100,0,0,0,0,0,0,1,0,0,0,0,0,1,0,0,0,0,0,1,0,0
7.7683,2.3217,0,0,7.7683,59.3,8.0495,0,5.0745,9.7178,0,0,0,0,12.471,0,46.873,25.119,0,0,7.7683,7.7683,0,5.4467,0,2.1525,23.417,22.622,26.927,0,9.7178,9.7178,0,0,0,0,0.70149,0.29851,0,0,1,0,0,0,0,0,1,0,0
0,0,0,0,0,91.98,5.1932,0,0,2.8265,0,0,0,0,0,0,74.278,25.722,0,0,0,0,0,0,0,6.6898,9.6486,45.854,32.747,2.2344,2.8265,0,0,0,0,0,1,0,0,0,1,0,0,0,0,0,1,0,0
4.2673,4.2673,4.8004,0,9.0677,53.834,5.2139,0,4.8004,13.749,0,0,0,2.4002,6.6675,0,47.39,32.608,0,0,4.2673,6.6675,2.4002,4.8004,0,8.8168,12.606,16.877,25.016,0,13.749,15.735,0,0,0.83333,0.10417,0.0625,0,0,0,1,0,0,0,0,0.22917,0.77083,0,0
6.0882,8.5711,0,0,7.1764,78.164,0,0,0,0,0,0,0,0,0,3.1973,41.755,41.783,0,0,7.1764,6.0882,0,2.8908,4.2856,12.828,14.397,32.649,22.342,6.322,4.2856,0,0,0.046154,0.95385,0,0,0,0,0,1,0,0,0,0,0.076923,0.92308,0,0
0,0,0,0,0,93.464,0,0,6.5365,0,0,0,0,0,0,0,93.464,6.5365,0,0,0,0,0,0,0,0,0,86.927,6.5365,0,0,6.5365,0,0,1,0,0,0,0,0,1,0,0,0,0,0,1,0,0
2.0032,12.77,0,0,5.3832,64.199,0,0,5.8191,2.0032,7.8223,7.8223,2.0032,0,0,7.8223,38.648,28.495,2.0032,0,3.38,9.8256,0,5.8191,23.031,12.915,2.0032,33.878,11.638,5.3321,5.3832,0,0,0,1,0,0,0,0,0,1,0,0,0,0,0,1,0,0
0,6.3191,6.3191,0,0,58.405,0,0,25.478,0,3.4787,16.117,0,0,0,9.7978,48.405,12.84,9.3612,0,0,3.4787,9.3612,3.4787,19.596,3.0421,0,44.927,6.9574,0,0,6.3191,6.3191,0,1,0,0,0,0,0,1,0,0,0,0,0,1,0,0
0,0,0,0,0,100,0,0,0,0,0,0,0,0,0,0,100,0,0,0,0,0,0,0,0,0,0,100,0,0,0,0,0,0,1,0,0,0,0,0,1,0,0,0,0,0.030928,0.96907,0,0
0,0,0,0,0,100,0,0,0,0,0,0,0,0,0,0,100,0,0,0,0,0,0,0,0,0,0,100,0,0,0,0,0,0,1,0,0,0,0,0,1,0,0,0,0,0,1,0,0
0,0,0,0,0,100,0,0,0,0,0,0,0,0,0,0,100,0,0,0,0,0,0,0,0,0,0,100,0,0,0,0,0,0,1,0,0,0,0,0,1,0,0,0,0,0,1,0,0
0,0,0,0,0,80,0,0,20,0,0,0,0,0,0,0,80,20,0,0,0,0,0,0,0,0,0,60,20,0,0,20,0,0.12037,0.87963,0,0,0,0,0,1,0,0,0,0,0.12037,0.87963,0,0
0,0,17.988,27.322,12.747,24.298,0,8.9082,8.7367,0,0,14.193,2.8418,1.4932,1.4932,18.125,26.419,13.323,9.9981,4.1314,6.0061,1.9763,8.3551,13.022,6.6944,0,0,14.59,11.83,6.5279,7.7319,29.128,2.1212,0,0.36111,0.16667,0.25,0.22222,0,0,1,0,0,0,0,0.52778,0.47222,0,0
0,0,8.9445,40.677,20.115,18.719,0,8.204,3.3413,0,0,11.687,8.2418,8.1537,4.5691,9.6248,18.94,18.741,11.215,1.9507,5.1959,1.6803,3.3413,9.865,1.1341,0,0,7.6972,22.069,7.0969,9.961,36.079,2.7561,0,1,0,0,0,0,0,1,0,0,0,0,1,0,0,1
0,0,5.4979,25.557,21.807,30.293,2.0352,0,14.81,0,0,8.1962,5.86,4.4464,0,6.9253,26.168,18.644,6.4323,6.4817,3.6952,13.15,16.845,1.66,1.8026,0,0,21.968,21.848,3.6952,6.1065,22.858,3.2162,0,1,0,0,0,0,0,1,0,0,0,0,0.74194,0.25806,0,1
0,0,11.749,34.055,32.851,15.325,1.6697,3.215,1.1366,0,0,3.5141,5.7734,11.69,4.0861,9.8002,22.497,23.549,8.8411,5.8356,3.2772,1.1366,2.8063,3.215,2.3775,0,0,7.6624,21.809,11.024,6.91,41.818,2.3775,0,0.97436,0.025641,0,0,0,0,1,0,0,0,0,1,0,0,1
0,0,13.902,26.155,20.841,31.052,4.801,0,3.249,0,0,8.5637,3.7856,2.1614,2.1614,3.0582,26.347,28.281,12.791,4.801,4.801,3.249,8.05,0,1.5291,0,0,11.74,28.412,6.9624,3.249,34.743,5.3147,0,1,0,0,0,0,0,1,0,0,0,0,0.83871,0.16129,0,1
0,0,12.02,27.299,32.868,21.766,4.2359,0,1.8121,0,0,3.661,7.6991,12.522,5.1039,1.5678,34.251,14.496,8.8016,5.8502,4.2359,1.8121,6.048,0,0,0,0,11.152,27.58,8.2395,7.6623,37.47,1.8488,0,0.73214,0.16071,0.071429,0.035714,0,0,1,0,0,0,0,0.73214,0.26786,0,1
0,0,6.9668,35.161,34.025,16.538,4.7762,2.5324,0,0,0,3.4927,6.2992,8.6874,1.2662,8.0714,15.69,34.958,8.2516,7.2408,6.0424,0,4.7762,2.5324,0.92434,0,0,5.7006,26.784,14.689,3.7308,37.369,3.4927,0,0,0.044776,0.91045,0.044776,0,0,1,0,0,0,0,0.13433,0.86567,0,0
0,21.996,7.6589,7.6589,0,40.295,0,18.506,3.8851,0,0,0,0,11.148,14.621,18.506,36.521,0,3.8851,3.8851,0,11.433,11.148,40.675,0,0,7.6589,25.089,0,0,3.7738,11.655,0,0.38983,0.61017,0,0,0,0,0.016949,0.98305,0,0,0,0,0.84746,0.15254,0,1
0,4.9445,23.488,12.295,11.193,26.997,0,4.9445,16.137,0,0,0,0,17.892,5.5965,4.9445,36.436,0,4.9445,4.9445,0,25.243,17.892,30.839,0,0,12.295,0,0,0,7.3509,31.623,0,0,1,0,0,0,0,0.875,0.125,0,0,0,0,0.9375,0.0625,0,1
0,0,21.896,24.944,11.903,18.847,0,13.996,8.4144,0,0,22.335,2.0932,0,0,23.623,23.623,8.0071,4.7013,7.2018,8.4144,0,8.4144,15.209,11.903,0,0,10.839,8.0071,13.116,5.9139,26.597,0,0.039216,0.82353,0.058824,0.078431,0,0,0,1,0,0,0,0,0.80392,0.19608,0,1
0,0,0,0,0,100,0,0,0,0,0,0,0,0,0,52.555,47.445,0,0,0,0,0,0,0,0,34.424,19.913,45.663,0,0,0,0,0,0,0,0.25,0.75,0,0,0,1,0,0,0,0,0.375,0.625,0,0
0,0,0,0,0,80,0,0,20,0,0,0,0,0,0,20,80,0,0,0,0,0,0,0,0,0,0,60,20,0,0,0,20,0.88333,0.11667,0,0,0,0,0,1,0,0,0,0,1,0,0,0
0,0,22.027,0,0,71.217,0,0,3.4093,3.3466,0,6.7559,0,0,3.4093,6.7559,67.87,3.3466,0,0,0,11.862,0,3.3466,11.925,10.102,3.4093,33.728,34.079,0,0,0,3.4093,1,0,0,0,0,0,0,1,0,0,0,0,1,0,0,0
0,0,5.9815,0,0,47.958,0,0,28.207,17.854,0,30.105,0,0,0,5.936,56.171,0,0,0,0,7.7883,0,11.963,11.872,0,11.493,24.169,0,0,20.039,12.297,8.1674,0.24242,0.60606,0.15152,0,0,0,0,0.77273,0.22727,0,0,0,0.42424,0.57576,0,0
0,0,23.863,0,0,64.206,0,0,0,11.931,0,11.931,0,0,0,11.931,33.333,30.873,0,0,0,11.931,0,11.931,0,23.863,0,42.804,21.402,0,0,0,0,1,0,0,0,0,0,0,1,0,0,0,0,1,0,0,0
0,0,25.921,0,0,49.551,0,8.0629,13.492,2.9729,0,10.323,0,0,2.2815,13.514,40.724,22.814,0,5.09,0,5.2544,0,27.14,12.604,5.2544,7.3715,24.259,17.92,0,0,0,5.4508,0.95312,0.046875,0,0,0,0,0,1,0,0,0,0,1,0,0,0
3.5192,0,47.529,0,0,20.315,0,7.4219,6.4767,11.219,3.5192,13.793,0,0,7.5479,18.767,23.94,13.667,0,3.5192,0,18.767,0,35.549,14.025,19.044,4.0287,10.042,9.7641,0,3.5192,0,4.0287,0.19048,0.80952,0,0,0,0,0,1,0,0,0,0,1,0,0,1
0,0,17.94,24.719,10.967,34.97,0,5.9312,5.4728,0,0,17.256,1.2779,0,0,17.482,31.636,13.912,10.967,3.899,3.5697,0,7.4687,11.173,4.6533,0,0,21.058,13.912,12.634,12.634,16.468,0,0,0.65574,0.081967,0.065574,0.19672,0,0,1,0,0,0,0,0.7541,0.2459,0,1
0,0,0,0,0,100,0,0,0,0,0,0,0,0,0,58.441,41.559,0,0,0,0,0,0,0,0,32.963,12.939,54.098,0,0,0,0,0,0,0,0.085714,0.91429,0,0,0,1,0,0,0,0,0.11429,0.88571,0,0
0,0,31.291,22.335,9.4459,21.512,0,11.571,3.8445,0,0,13.739,7.5226,1.787,1.787,22.396,19.615,16.289,8.971,2.2619,5.6315,0,3.8445,13.154,3.2551,0,0,8.003,14.502,9.042,8.5671,38.639,0.99327,0.020833,0.83333,0.14583,0,0,0,0,1,0,0,0,0,1,0,0,1
0,0,10.186,42.113,12.639,17.698,0,14.469,2.8941,0,0,21.113,2.4977,2.4977,2.4977,19.296,16.798,14.772,13.507,1.6292,5.3918,0,2.8941,15.734,9.4738,0,0,5.4239,12.274,13.904,14.772,25.524,0,0,0.59459,0.13514,0.27027,0,0,0,1,0,0,0,0,0.75676,0.24324,0,1
0,0,0,0,0,100,0,0,0,0,0,0,0,0,0,12.679,87.321,0,0,0,0,0,0,0,0,0,0,100,0,0,0,0,0,0,0.068182,0,0.93182,0,0,0,1,0,0,0,0,0,1,0,0
0,0,13.602,34.117,24.937,22.122,0,4.0684,1.153,0,0,14.864,3.8941,5.0236,1.397,16.973,19.516,23.122,14.057,0,1.153,0,1.153,5.2215,5.4983,0,0,8.3422,24.568,11.815,3.1651,34.912,5.3239,0,0.79747,0.025316,0.17722,0,0,0,1,0,0,0,0,0.82278,0.17722,0,1
0,0,0,0,0,100,0,0,0,0,0,0,0,0,0,48.666,51.334,0,0,0,0,0,0,0,0,26.613,22.053,51.334,0,0,0,0,0,0,0.12,0,0.88,0,0,0,1,0,0,0,0,0,1,0,0
0,0,11.201,0,0,63.326,0,14.273,11.201,0,0,11.201,0,0,0,0,50,38.799,0,0,0,0,0,25.474,11.201,0,0,38.799,24.526,0,0,0,0,1,0,0,0,0,0,0,1,0,0,0,0,1,0,0,0
0,0,0,0,0,57.424,27.728,14.848,0,0,0,0,0,0,0,0,100,0,0,0,0,0,0,14.848,0,27.728,0,57.424,0,0,0,0,0,0.63265,0.36735,0,0,0,0,0,1,0,0,0,0,1,0,0,0
0,0,0,0,0,100,0,0,0,0,0,0,0,0,0,0,100,0,0,0,0,0,0,0,0,0,0,100,0,0,0,0,0,0,0.088235,0,0.91176,0,0,0,1,0,0,0,0,0,1,0,0
0,0,0,0,0,83.181,0,16.819,0,0,0,0,0,0,0,0,66.971,33.029,0,0,0,0,0,16.819,0,0,0,66.667,16.514,0,0,0,0,0.89655,0.10345,0,0,0,0,0,1,0,0,0,0,1,0,0,0
0,0,0,0,0,50,29.932,20.068,0,0,0,0,0,0,7.5829,0,72.349,20.068,0,0,0,0,7.5829,12.485,0,29.932,0,50,0,0,0,0,0,0,0.30208,0.69792,0,0,0,0,1,0,0,0,0,1,0,0,0
0,0,0,0,0,69.306,30.694,0,0,0,0,0,0,0,0,0,100,0,0,0,0,0,0,0,0,30.694,0,69.306,0,0,0,0,0,0,0.64815,0.12963,0.14815,0.074074,0,0,1,0,0,0,0,1,0,0,0
0,0,0,0,0,100,0,0,0,0,0,0,0,0,0,0,100,0,0,0,0,0,0,0,0,0,0,100,0,0,0,0,0,0,0.78,0.2,0,0.02,0,0,1,0,0,0,0,1,0,0,0
0,0,0,0,0,50,50,0,0,0,0,0,0,0,0,0,100,0,0,0,0,0,0,0,0,50,0,50,0,0,0,0,0,0,0,0.05102,0.4898,0.45918,0,0,1,0,0,0,0,1,0,0,0
0,0,9.3293,0,0,90.671,0,0,0,0,0,0,9.3293,0,0,0,81.341,9.3293,0,0,0,0,0,9.3293,0,0,9.3293,72.012,9.3293,0,0,0,0,0,0,0,0.070423,0.92958,0,0,1,0,0,0,0,1,0,0,0
0,0,19.885,0,0,67.513,0,0,12.602,0,0,6.6285,0,0,6.6285,12.602,67.513,0,0,0,0,6.6285,0,0,13.257,6.6285,6.6285,54.911,5.9736,0,0,0,12.602,1,0,0,0,0,0,0,1,0,0,0,0,1,0,0,0
0,0,0,0,0,50,0,0,50,0,0,0,0,25,0,0,50,0,0,0,0,25,0,0,0,0,0,50,0,0,0,25,25,1,0,0,0,0,0,0,1,0,0,0,0,1,0,0,0
4.1978,0,33.512,0,0,41.632,0,5.4499,8.7079,2.3022,4.1978,11.95,0,0,4.1978,15.208,39.33,7.752,0,9.6477,0,11.915,0,27.047,15.062,4.6043,5.4499,30.622,9.758,0,4.1978,0,3.258,0.57143,0.4026,0.012987,0,0.012987,0,0,1,0,0,0,0,0.94805,0.051948,0,1
3.4893,22.944,39.154,0,26.934,0,0,0,6.226,0,1.2526,1.2526,0,0,9.2312,1.2526,6.226,52.115,2.2367,24.197,0,3.4893,3.9893,36.149,1.2526,22.944,0,0,3.4893,26.934,1.2526,0,3.9893,0,0.7037,0.25926,0,0.037037,0,0,1,0,0,0,0,0.74074,0.25926,0,1
0,0,0,0,0,100,0,0,0,0,0,0,0,0,0,0,100,0,0,0,0,0,0,0,0,0,0,71.642,28.358,0,0,0,0,0,0.67742,0.096774,0.19355,0.032258,0,0,1,0,0,0,0,0.32258,0.67742,0,0
3.5816,4.5382,45.158,0,0,9.6648,0,9.9353,17.785,4.7992,4.5382,14.203,0,0,9.067,14.464,18.046,13.517,8.1197,9.6742,0,12.91,4.5382,45.089,14.194,13.866,9.6648,0,3.5816,0,4.5382,0,4.5288,0.088235,0.48039,0.38235,0.029412,0.019608,0,0,1,0,0,0,0,0.59804,0.40196,0,1
2.5599,11.831,42.468,0,17.518,0,0,0,17.27,0,8.3515,8.3515,0,0,31.309,2.5599,11.479,23.558,5.7916,14.391,0,2.5599,17.27,28.43,2.5599,11.831,0,0,2.5599,17.518,8.3515,0,11.479,0.77778,0.16667,0.055556,0,0,0,0,1,0,0,0,0,0.91667,0.083333,0,1
0,0,0,0,0,86.31,0,0,13.69,0,0,0,0,9.0764,0,0,86.31,0,0,0,0,4.6141,0,0,0,0,0,86.31,0,0,0,4.6141,9.0764,0,0.087719,0,0.22807,0.68421,0,0,1,0,0,0,0,0.98246,0.017544,0,0
0,0,0,0,0,89.738,0,0,10.262,0,0,0,0,0,0,0,89.738,0,0,0,0,10.262,0,0,0,0,0,89.738,0,0,0,10.262,0,0,0.013699,0.013699,0.30137,0.67123,0,0,1,0,0,0,0,1,0,0,0
0,0,20.871,0,10.436,58.257,0,0,10.436,0,0,0,0,0,20.871,0,68.693,10.436,0,0,0,0,10.436,10.436,0,0,0,58.257,0,10.436,0,0,10.436,0,0.017241,0.068966,0.24138,0.67241,0,0,1,0,0,0,0,0.96552,0.034483,0,0
1.778,17.49,32.51,0,5.7323,0,0,0,25,0,17.49,17.49,0,0,28.954,0,7.5103,7.5103,19.268,17.49,0,1.778,23.222,28.556,0,17.49,0,0,1.778,5.7323,17.49,0,5.7323,0,0,0.77778,0.22222,0,0,0,1,0,0,0,0,0.55556,0.44444,0,1
7.2143,18.73,33.159,0,12.238,4.2295,0,0,17.936,0,6.4923,6.4923,0,0,10.722,0,11.444,31.691,13.707,18.73,0,7.2143,6.4923,40.373,0,18.73,0,4.2295,7.2143,12.238,6.4923,0,4.2295,0,0.037037,0.40741,0.14815,0.40741,0,0,1,0,0,0,0,0.59259,0.40741,0,0
0,0,0,0,0,100,0,0,0,0,0,0,0,0,0,0,100,0,0,0,0,0,0,0,0,0,0,100,0,0,0,0,0,0,0,0.0125,0.2,0.7875,0,0,1,0,0,0,0,1,0,0,0
0,0,0,0,0,100,0,0,0,0,0,0,0,0,0,0,100,0,0,0,0,0,0,0,0,0,0,100,0,0,0,0,0,0,0,0,0.21176,0.78824,0,0,1,0,0,0,0,1,0,0,0
0,0,0,0,0,81.218,0,0,18.782,0,0,0,0,0,18.782,0,81.218,0,0,0,0,0,0,0,0,0,0,81.218,0,0,0,0,18.782,0,0,0.12121,0.16667,0.71212,0,0,1,0,0,0,0,1,0,0,0
0,0,0,0,0,100,0,0,0,0,0,0,0,0,0,0,100,0,0,0,0,0,0,0,0,0,0,100,0,0,0,0,0,0,0,0.027027,0.067568,0.90541,0,0,1,0,0,0,0,1,0,0,0
0,0,33.577,0,0,35.801,0,13.833,3.2863,13.502,0,6.2414,0,0,0,16.788,27.627,32.555,0,3.2863,0,13.502,0,44.455,3.2863,16.457,3.2863,21.677,10.838,0,0,0,0,1,0,0,0,0,0,0,1,0,0,0,0,1,0,0,0
3.3458,0,37.647,0,0,30.308,0,7.5514,15.545,2.2563,3.3458,21.148,0,0,3.3458,13.154,28.052,17.802,0,10.897,0,5.6021,0,39.596,18.891,4.5126,7.5514,12.507,13.596,0,3.3458,0,0,0.55405,0.44595,0,0,0,0,0,1,0,0,0,0,1,0,0,1
0,0,9.8714,0,0,59.871,14.258,15.999,0,0,0,14.258,9.8714,0,0,0,50,9.8714,0,0,0,15.999,30.257,9.8714,0,0,9.8714,40.129,9.8714,0,0,0,0,0,0.73196,0.061856,0.051546,0.15464,0,0,1,0,0,0,0,1,0,0,0
0,0,0,0,0,47.091,47.091,5.818,0,0,0,47.091,0,0,0,0,41.273,5.818,0,0,0,5.818,52.909,0,0,0,0,41.273,5.818,0,0,0,0,0,0.5,0,0.5,0,0,0,1,0,0,0,0,1,0,0,0
0,0,11.125,20.404,0,48.751,9.8602,9.8602,0,0,0,9.8602,11.125,0,0,0,38.891,9.8602,0,0,20.404,9.8602,19.72,31.529,0,0,9.2785,29.612,9.8602,0,0,0,0,0,0.38095,0.10714,0.44048,0.071429,0,0,1,0,0,0,0,1,0,0,0
0,0,0,0,0,47.357,5.2853,47.357,0,0,0,5.2853,0,0,0,0,42.072,5.2853,0,0,0,47.357,52.643,0,0,0,0,42.072,5.2853,0,0,0,0,0,0.55556,0,0.11111,0.33333,0,0,1,0,0,0,0,1,0,0,0
0,0,0,0,0,100,0,0,0,0,0,0,0,0,0,0,100,0,0,0,0,0,0,0,0,0,0,100,0,0,0,0,0,0,0,0.022222,0.2,0.77778,0,0,1,0,0,0,0,1,0,0,0
0,0,0,0,0,100,0,0,0,0,0,0,0,0,0,0,100,0,0,0,0,0,0,0,0,0,0,100,0,0,0,0,0,0,0,0.0097087,0.31068,0.67961,0,0,1,0,0,0,0,1,0,0,0
0,0,0,0,0,100,0,0,0,0,0,0,0,0,0,0,100,0,0,0,0,0,0,0,0,0,0,100,0,0,0,0,0,0,0,0.022727,0.23864,0.73864,0,0,1,0,0,0,0,1,0,0,0
0,0,0,0,0,100,0,0,0,0,0,0,0,0,0,0,100,0,0,0,0,0,0,0,0,0,0,100,0,0,0,0,0,0,0,0.022727,0.30682,0.67045,0,0,1,0,0,0,0,1,0,0,0
0,0,0,0,0,100,0,0,0,0,0,0,0,0,0,0,100,0,0,0,0,0,0,0,0,0,0,100,0,0,0,0,0,0,0,0.014706,0.33824,0.64706,0,0,1,0,0,0,0,1,0,0,0
0,0,0,0,0,100,0,0,0,0,0,0,0,0,0,0,100,0,0,0,0,0,0,0,0,0,0,100,0,0,0,0,0,0,0,0,0.14943,0.85057,0,0,1,0,0,0,0,1,0,0,0
0,0,0,0,0,100,0,0,0,0,0,0,0,0,0,0,100,0,0,0,0,0,0,0,0,0,0,100,0,0,0,0,0,0,0,0,0.18667,0.81333,0,0,1,0,0,0,0,1,0,0,0
0,0,0,0,0,100,0,0,0,0,0,0,0,0,0,0,100,0,0,0,0,0,0,0,0,0,0,100,0,0,0,0,0,0,0,0.023529,0.2,0.77647,0,0,1,0,0,0,0,1,0,0,0
0,0,21.756,8.7343,6.4306,15.509,18.775,15.509,13.287,0,0,0,0,3.2664,9.9387,16.056,18.207,37.761,2.7696,8.7343,3.2664,0,0,51.963,6.2777,6.5329,9.5441,5.9647,0,6.4306,3.661,9.6257,0,0,1,0,0,0,0,0,1,0,0,0,0,0,1,0,0
0,0,16.428,35.285,16.776,23.319,1.4945,6.6965,0,0,0,5.1162,6.9768,8.3972,8.3972,6.3236,21.758,18.064,18.63,1.4945,4.8428,0,1.4945,6.6965,1.4877,0,0,8.0311,24.033,6.5435,3.3483,43.249,5.1162,0,0.41379,0.27586,0.31034,0,0,0,1,0,0,0,0,0.75862,0.24138,0,1
0,14.945,21.456,20.782,3.5924,21.34,0,5.2746,12.611,0,0,0,0,23.403,6.6314,5.2746,25.904,0,10.11,13.028,0,15.649,16.741,30.034,0,0,5.2746,7.4869,0,0,7.7535,32.709,0,0.018182,0.98182,0,0,0,0,0.69091,0.30909,0,0,0,0,0.94545,0.054545,0,1
0,0,0,0,0,100,0,0,0,0,0,0,0,0,0,0,100,0,0,0,0,0,0,0,0,0,0,100,0,0,0,0,0,0,0,0.096774,0.90323,0,0,0,1,0,0,0,0,0,1,0,0
0,0,0,0,0,58.318,12.523,29.159,0,0,0,0,0,0,29.159,0,41.682,29.159,0,0,0,0,29.159,0,0,12.523,0,58.318,0,0,0,0,0,0.9,0.1,0,0,0,0,0,1,0,0,0,0,1,0,0,0
0,0,0,0,0,52.641,10.662,26.035,0,0,10.662,0,10.662,0,17.566,0,53.635,18.137,0,0,0,0,17.566,8.4687,0,10.662,0,52.641,0,0,0,0,10.662,0,0.27473,0.72527,0,0,0,0,1,0,0,0,0,1,0,0,0
0,0,0,0,0,100,0,0,0,0,0,0,0,0,0,0,100,0,0,0,0,0,0,0,0,0,0,90.851,9.1487,0,0,0,0,0,0,0.046154,0.95385,0,0,0,1,0,0,0,0,0,1,0,0
0,0,0,0,0,72.885,0,27.115,0,0,0,0,0,0,27.115,0,44.189,28.696,0,0,0,0,27.115,0,0,0,0,72.885,0,0,0,0,0,0.90741,0.092593,0,0,0,0,0,1,0,0,0,0,1,0,0,0
0,0,0,0,0,80.308,5.8864,13.805,0,0,0,0,0,0,13.805,17.566,19.692,48.937,0,0,0,0,13.805,0,0,5.8864,35.132,45.177,0,0,0,0,0,0.081633,0.30612,0.61224,0,0,0,0,1,0,0,0,0,1,0,0,0
0,0,0,0,0,33.333,0,0,0,0,66.667,0,33.333,0,0,0,33.333,0,0,0,33.333,0,0,0,0,0,0,0,33.333,0,0,33.333,33.333,0,0.4,0.6,0,0,0,0,1,0,0,0,0,1,0,0,0
0,0,0,0,0,77.096,7.4742,0,0,0,15.429,0,7.4742,0,0,7.9552,69.141,7.4742,0,0,7.9552,0,0,0,0,7.4742,7.9552,23.385,45.757,0,0,7.9552,7.4742,0,0,0.037037,0.59259,0.37037,0,0,1,0,0,0,0,1,0,0,0
0,0,0,0,0,51.586,9.3012,9.3012,0,0,29.812,0,12.323,0,9.3012,5.1651,46.421,9.3012,0,0,17.488,0,9.3012,0,0,9.3012,5.1651,28.933,17.488,0,0,17.488,12.323,0,0.21739,0.13043,0.55072,0.10145,0,0,1,0,0,0,0,1,0,0,0
0,0,0,0,0,100,0,0,0,0,0,0,0,0,0,0,100,0,0,0,0,0,0,0,0,0,0,75,25,0,0,0,0,0,0,0,0.584,0.416,0,0,1,0,0,0,0,1,0,0,0
0,0,0,0,0,68.118,4.5038,0,0,0,27.378,0,15.941,0,0,4.9852,41.129,26.508,0,0,11.437,0,0,0,0,4.5038,22.004,19.354,26.759,0,0,11.437,15.941,0,0,0.064516,0.30645,0.62903,0,0,1,0,0,0,0,1,0,0,0
0,0,4.507,0,0,86.76,0,0,4.507,0,4.2257,0,0,4.507,0,30.859,60.408,0,0,0,4.2257,0,4.507,0,0,0,4.2257,60.69,21.845,0,0,8.7326,0,0,0,0,0.30488,0.69512,0,0,1,0,0,0,0,1,0,0,0
6.2323,16.478,3.9917,0,1.5139,48.973,0,2.6481,17.135,1.5139,1.5139,12.145,1.5139,0,0,10.224,38.296,13.87,10.908,0,2.6481,10.394,6.7457,5.2962,19.335,8.0502,6.2323,29.08,7.1246,6.2323,1.5139,6.398,3.9917,0.085106,0.91489,0,0,0,0,0,1,0,0,0,0,0.10638,0.89362,0,0
7.1634,9.9813,12.572,18.643,7.1634,15.707,2.9361,4.6547,7.5907,13.589,0,0,0,12.572,11.199,4.6547,22.682,10.837,4.6547,10.725,7.1634,15.512,6.5018,16.256,0,0,18.438,1.8368,1.8368,0,21.507,33.624,0,0.88571,0.11429,0,0,0,0,0.057143,0.94286,0,0,0,0,1,0,0,1
2.7172,0,0,0,2.7172,90.982,1.7918,0,0,1.7918,0,0,0,0,0,0,57.467,37.099,0,0,2.7172,2.7172,0,2.7172,0,13.093,7.2262,49.443,21.913,3.8164,1.7918,0,0,0,0.10417,0.0625,0.83333,0,0,0,1,0,0,0,0,0.25,0.75,0,0
0,0,0,0,0,100,0,0,0,0,0,0,0,0,0,0,75.325,24.675,0,0,0,0,0,0,0,8.225,2.3653,61.748,21.802,5.8597,0,0,0,0,0,0.10169,0.89831,0,0,0,1,0,0,0,0,0,1,0,0
0,0,0,0,0,85.054,0,14.946,0,0,0,0,0,0,14.946,0,70.109,14.946,0,0,0,0,14.946,0,0,0,0,71.264,13.791,0,0,0,0,1,0,0,0,0,0,0,1,0,0,0,0,1,0,0,0
0,0,0,0,0,80.382,0,15.163,0,0,4.4549,0,0,0,15.163,4.4549,44.646,31.281,0,0,4.4549,0,15.163,0,0,0,20.574,39.235,20.574,0,0,4.4549,0,0.40909,0.56818,0.022727,0,0,0,0,1,0,0,0,0,1,0,0,0
3.3894,0,0,0,0,96.611,0,0,0,0,0,0,0,0,0,3.3894,67.353,25.868,0,0,0,3.3894,0,0,0,10.581,7.7947,49.259,28.976,3.3894,0,0,0,0,0.085106,0.085106,0.82979,0,0,0,1,0,0,0,0,0.12766,0.87234,0,0
0,10.632,10.632,0,0,46.842,0,0,31.895,0,0,21.263,0,0,0,10.632,46.842,10.632,10.632,0,0,0,10.632,0,21.263,0,0,35.132,11.711,0,0,10.632,10.632,0.91667,0.083333,0,0,0,0,0,1,0,0,0,0,0.98148,0.018519,0,0
0,0,0,0,0,89.47,0,0,0,0,10.53,0,0,0,0,26.313,31.59,31.566,0,0,10.53,0,0,0,0,0,42.096,36.843,10.53,0,0,10.53,0,0.072727,0.72727,0.12727,0.036364,0.036364,0,0,1,0,0,0,0,1,0,0,0
0,0,7.3617,0,0,85.277,0,0,7.3617,0,0,0,0,7.3617,0,14.723,77.915,0,0,0,0,0,7.3617,0,0,0,0,69.479,15.798,0,0,7.3617,0,0,0.72727,0.15584,0.012987,0.1039,0,0,1,0,0,0,0,1,0,0,0
0,0,9.9347,0,0,90.065,0,0,0,0,0,0,0,0,0,9.9347,76.652,13.413,0,0,0,0,0,0,0,0,0,80.131,9.9347,0,0,0,9.9347,1,0,0,0,0,0,0,1,0,0,0,0,1,0,0,0
0,0,0,0,0,100,0,0,0,0,0,0,0,0,0,0,100,0,0,0,0,0,0,0,0,0,0,93.209,6.7908,0,0,0,0,1,0,0,0,0,0,0,1,0,0,0,0,1,0,0,0
0,0,0,0,0,69.461,0,0,30.539,0,0,0,0,0,30.539,0,69.461,0,0,0,0,0,0,0,0,0,0,69.461,0,0,0,0,30.539,1,0,0,0,0,0,0,1,0,0,0,0,1,0,0,0
0,0,0,0,4.5673,80.945,0,0,14.487,0,0,0,0,0,19.055,0,80.945,0,0,0,0,0,0,0,0,0,0,80.945,0,0,4.5673,0,14.487,0,0,0.017857,0.26786,0.71429,0,0,1,0,0,0,0,1,0,0,0
0,0,0,0,0,89.489,0,0,10.511,0,0,0,0,0,10.511,0,89.489,0,0,0,0,0,0,0,0,0,0,89.489,0,0,0,0,10.511,0,0,0,0.21739,0.78261,0,0,1,0,0,0,0,1,0,0,0
0,0,0,0,7.8712,92.129,0,0,0,0,0,0,0,0,0,0,100,0,0,0,0,0,0,0,0,0,0,92.129,0,7.8712,0,0,0,0,0,0,0.069444,0.93056,0,0,1,0,0,0,0,1,0,0,0
0,0,0,0,0,100,0,0,0,0,0,0,0,0,0,0,100,0,0,0,0,0,0,0,0,0,0,100,0,0,0,0,0,0,0,0.1,0.2,0.7,0,0,1,0,0,0,0,1,0,0,0
0,0,32.503,17.695,0,44.426,0,0,5.3763,0,0,0,27.127,5.3763,0,10.753,29.617,9.4323,0,0,17.695,0,5.3763,44.822,0,0,9.4323,25.561,9.4323,0,0,5.3763,0,0,0.29524,0.095238,0.60952,0,0,0,1,0,0,0,0,1,0,0,0
0,0,15.481,0,0,84.519,0,0,0,0,0,0,0,0,15.481,0,84.519,0,0,0,0,0,0,0,0,0,0,84.519,0,0,0,0,15.481,1,0,0,0,0,0,0,1,0,0,0,0,1,0,0,0
0,0,5.7645,3.3657,0,63.443,0,0,27.427,0,0,0,0,5.7645,0,33.033,57.837,0,0,0,3.3657,0,5.7645,3.3657,0,0,3.3657,18.203,41.874,0,0,27.427,0,0,0.35802,0.1358,0.48148,0.024691,0,0,1,0,0,0,0,1,0,0,0
0,0,11.502,17.997,0,70.501,0,0,0,0,0,0,11.502,0,0,0,58.998,11.502,0,0,17.997,0,0,29.499,0,0,29.499,29.499,11.502,0,0,0,0,0,1,0,0,0,0,0,1,0,0,0,0,1,0,0,0
0,0,29.342,0,0,56.886,0,0,13.772,0,0,0,0,29.342,0,27.544,43.114,0,0,0,0,0,29.342,0,0,0,0,41.315,15.571,0,0,13.772,0,0,0.96386,0.012048,0.012048,0.012048,0,0,1,0,0,0,0,1,0,0,0
0,0,6.3458,0,0,53.173,0,0,40.481,0,0,0,0,6.3458,0,46.827,46.827,0,0,0,0,0,6.3458,0,0,0,0,19.037,34.136,0,0,40.481,0,0,0.91667,0,0.041667,0.041667,0,0,1,0,0,0,0,1,0,0,0
0,0,0,0,0,100,0,0,0,0,0,0,0,0,0,0,100,0,0,0,0,0,0,0,0,0,0,100,0,0,0,0,0,0,0,0,0.034091,0.96591,0,0,1,0,0,0,0,1,0,0,0
0,0,0,0,0,100,0,0,0,0,0,0,0,0,0,0,100,0,0,0,0,0,0,0,0,0,0,100,0,0,0,0,0,0,0,0.013889,0.31944,0.66667,0,0,1,0,0,0,0,1,0,0,0
0,0,0,0,0,100,0,0,0,0,0,0,0,0,0,0,100,0,0,0,0,0,0,0,0,0,0,100,0,0,0,0,0,0,0,0.032258,0.27419,0.69355,0,0,1,0,0,0,0,1,0,0,0
0,0,0,0,0,100,0,0,0,0,0,0,0,0,0,0,100,0,0,0,0,0,0,0,0,0,0,100,0,0,0,0,0,0,0,0,0.25301,0.74699,0,0,1,0,0,0,0,1,0,0,0
0,0,0,0,0,100,0,0,0,0,0,0,0,0,0,0,100,0,0,0,0,0,0,0,0,0,0,100,0,0,0,0,0,0,0,0,0.30864,0.69136,0,0,1,0,0,0,0,1,0,0,0
0,0,0,0,0,100,0,0,0,0,0,0,0,0,0,0,100,0,0,0,0,0,0,0,0,0,0,100,0,0,0,0,0,0,0,0,0.25556,0.74444,0,0,1,0,0,0,0,1,0,0,0
0,0,0,0,0,100,0,0,0,0,0,0,0,0,0,0,100,0,0,0,0,0,0,0,0,0,0,100,0,0,0,0,0,0,0,0.01087,0.1413,0.84783,0,0,1,0,0,0,0,1,0,0,0
0,0,0,0,0,100,0,0,0,0,0,0,0,0,0,0,100,0,0,0,0,0,0,0,0,0,0,100,0,0,0,0,0,0,0,0.031579,0.29474,0.67368,0,0,1,0,0,0,0,1,0,0,0
6.8279,0,10.441,0,0,65.462,0,0,6.8279,0,10.441,27.71,0,0,0,0,65.462,0,6.8279,0,0,0,0,20.882,6.8279,0,0,65.462,0,0,0,6.8279,0,0,1,0,0,0,0,0,1,0,0,0,0,0,1,0,0
1.7227,0,10.732,0,6.401,50.372,0,4.1661,12.464,1.7057,12.437,14.193,0,8.3152,3.4283,6.6288,44.483,6.7114,4.8868,0,5.6439,5.7094,7.5774,21.608,11.598,0,5.8888,44.483,0,3.2005,3.2005,2.4434,0,0,1,0,0,0,0,0,1,0,0,0,0,0,1,0,0
3.5065,0,4.3217,0,0,46.821,0,4.3217,24.624,6.0414,10.363,13.87,0,13.375,7.3513,7.3513,41.19,2.6199,8.2199,0,3.0117,3.0117,16.404,20.726,10.84,0,5.6316,41.19,0,0,0,5.2082,0,0,1,0,0,0,0,0,1,0,0,0,0,0,1,0,0
7.5513,0,6.9194,0,0,56.782,0,6.9194,14.909,0,6.9194,14.471,0,9.3719,4.4668,4.4668,45.395,8.9335,7.9897,0,2.4526,2.4526,6.9194,13.839,16.923,0,11.386,45.395,0,0,0,5.5371,0,0,1,0,0,0,0,0,1,0,0,0,0,0,1,0,0
0,15.165,7.1677,0,0,70.499,0,0,0,0,7.1677,0,0,6.2445,0,0,70.499,7.1677,8.9209,0,0,7.1677,6.2445,7.1677,16.089,0,0,70.499,0,0,0,0,0,0,1,0,0,0,0,0,1,0,0,0,0,0,1,0,0
3.231,2.175,11.738,0,0,44.368,2.3463,5.058,14.825,2.3463,13.913,23.823,0,10.487,4.3219,1.9755,34.988,6.2974,11.942,0,3.0825,3.0825,9.7507,25.65,13.547,2.3463,11.555,32.813,0,0,0,4.338,0,0,1,0,0,0,0,0,1,0,0,0,0,0.034483,0.96552,0,0
0,10.441,0,5.6765,0,67.764,5.6765,0,0,0,10.441,10.441,11.353,0,0,0,67.764,0,10.441,0,0,0,5.6765,10.441,10.441,0,10.441,57.323,0,0,0,0,5.6765,0,1,0,0,0,0,0,1,0,0,0,0,0,1,0,0
0,14,7.0001,0,0,73.13,0,0,5.8701,0,0,0,0,12.87,7.0001,0,55.944,0,7.0001,0,0,17.186,14,19.87,0,0,4.3155,51.628,0,0,0,10.186,0,0,1,0,0,0,0,0,1,0,0,0,0,0,1,0,0
12.667,4.8771,10.345,4.8702,0,52.857,7.192,0,7.192,0,0,12.667,0,16.939,12.667,0,35.321,5.4746,0,0,7.192,9.7403,9.7472,15.215,0,27.051,10.345,25.58,0,0,4.8702,7.192,0,0,1,0,0,0,0,0.08,0.92,0,0,0,0,0.18667,0.81333,0,0
3.7877,4.7462,3.7877,3.6457,0,59.061,19.988,4.9832,0,0,0,3.7877,11.078,4.7462,3.7877,3.7864,51.487,3.7877,0,4.9832,8.7696,3.7864,8.3919,17.541,0,3.7877,11.36,47.701,0,0,0,3.7864,7.432,0,1,0,0,0,0,0,1,0,0,0,0,0,1,0,0
5.5494,0,15.3,0,0,57.89,5.5494,5.2635,10.448,0,0,15.586,0,10.448,16.076,0,34.846,10.036,0,0,5.5494,7.4585,0,15.425,10.036,21.912,2.5602,37.059,0,0,0,13.008,0,0,1,0,0,0,0,0,1,0,0,0,0,0,1,0,0
0,4.8206,0,3.5947,0,57.713,26.566,7.306,0,0,0,0,11.213,0,0,14.808,40.721,0,4.8206,7.306,11.33,9.8016,3.5947,18.636,4.8206,0,28.204,27.325,0,0,0,9.8016,7.6183,0,1,0,0,0,0,0,1,0,0,0,0,0,1,0,0
0,0,3.6009,6.0851,0,59.784,28.034,2.4962,0,0,0,3.6009,17.822,0,0,13.141,40.157,3.6009,0,2.4962,8.1482,11.034,6.0851,10.644,3.6009,0,26.671,30.227,0,0,0,11.034,11.737,0,1,0,0,0,0,0,1,0,0,0,0,0.086957,0.91304,0,0
4.8788,0,11.073,0,0,72.36,4.296,7.3929,0,0,0,7.9757,0,0,11.073,0,64.384,7.9757,0,4.296,4.296,0,0,19.665,3.0969,7.9757,4.8788,64.384,0,0,0,0,0,0,1,0,0,0,0,0,1,0,0,0,0,0.066667,0.93333,0,0
4.4867,0,16.309,0,0,47.691,13.6,12.711,5.2027,0,0,10.398,0,12.002,16.309,0,25.29,23.998,0,0,6.7998,5.2027,0,28.312,5.9114,23.998,11.286,25.29,0,0,0,5.2027,0,0,1,0,0,0,0,0.052632,0.94737,0,0,0,0,0.078947,0.92105,0,0
8.6658,27.987,0,0,10.488,32.123,1.8571,0,0,12.345,6.5348,12.345,8.6305,0,0,8.6658,26.768,13.951,6.5348,1.8571,6.0485,15.201,2.0957,2.0957,27.996,11.293,12.619,20.759,2.131,10.523,10.488,0,0,0.025641,0.97436,0,0,0,0,0.15385,0.84615,0,0,0,0,0.30769,0.69231,0,0
0,0,11.786,0,0,88.214,0,0,0,0,0,11.786,0,0,0,0,76.428,11.786,0,0,0,0,0,0,11.786,0,0,88.214,0,0,0,0,0,0,1,0,0,0,0,0,1,0,0,0,0,0,1,0,0
1.0693,47.716,0,0,11.411,24.2,3.1059,0,1.6484,9.7797,1.0693,11.428,14.534,0,0,1.0693,35.612,10.342,1.0693,3.1059,20.701,2.1385,11.816,16.761,9.2055,22.159,9.7797,17.798,0,1.0693,11.411,0,0,0,1,0,0,0,0,0.11765,0.88235,0,0,0,0,0.29412,0.70588,0,0
0,5.853,6.2249,0,0,68.047,0,1.951,13.992,0,3.9318,5.8828,0,0,0,10.157,54.428,13.992,7.7061,0,1.951,5.8828,5.7551,7.8338,11.766,9.6571,0,36.064,18.394,0,0,4.3054,6.2249,0.88636,0.11364,0,0,0,0,0,1,0,0,0,0,0.97727,0.022727,0,0
0,13.559,6.9614,0,0,47.326,0,2.1993,26.673,0,3.2813,19.403,0,0,0,10.243,40.764,12.75,9.1607,0,2.1993,5.4806,6.9614,7.6799,24.884,4.3985,0,30.576,9.0698,0,0,9.4686,6.9614,0.03125,0.96875,0,0,0,0,0,1,0,0,0,0,0.03125,0.96875,0,0
0,26.132,0,0,7.0808,43.725,4.2692,0,7.4428,11.35,0,18.793,10.254,0,0,0,42.267,7.0808,0,4.2692,17.335,0,2.8116,25.14,19.155,9.8925,7.0808,24.57,0,4.2692,7.0808,0,0,0,1,0,0,0,0,0,1,0,0,0,0,0,1,0,0
13.314,34.411,0,0,0,52.275,0,0,0,0,0,0,1.1289,15.58,13.335,2.414,49.861,0,8.2023,2.2578,7.2215,0,8.5066,2.414,11.745,25.059,0,46.182,0,6.0927,0,0,0,0,1,0,0,0,0,0,1,0,0,0,0,0,1,0,0
0,0,0,0,0,100,0,0,0,0,0,0,0,0,0,0,100,0,0,0,0,0,0,0,0,0,0,100,0,0,0,0,0,0,1,0,0,0,0,0,1,0,0,0,0,0.019231,0.98077,0,0
4.8271,0,0,0,0,90.346,0,0,4.8271,0,0,0,0,0,0,4.8271,95.173,0,0,0,0,0,0,0,0,4.8271,0,90.346,0,0,0,4.8271,0,0,1,0,0,0,0,0,1,0,0,0,0,0,1,0,0
3.9988,0,0,0,0,92.002,0,0,3.9988,0,0,0,0,0,0,3.9988,96.001,0,0,0,0,0,0,0,0,3.9988,0,92.002,0,0,0,3.9988,0,0,1,0,0,0,0,0,1,0,0,0,0,0.14286,0.85714,0,0
18.381,16.909,0,0,0,59.346,3.3317,0,2.032,0,0,0,7.9983,10.548,6.4835,3.3317,58.047,5.414,0,1.2997,2.032,4.8465,0,14.145,13.362,11.115,0,56.532,0,0,2.8145,2.032,0,0,1,0,0,0,0,0,1,0,0,0,0,0,1,0,0
0,36.285,0,0,0,57.523,6.192,0,0,0,0,0,6.192,9.4855,0,5.5609,57.523,0,9.4855,11.753,0,0,6.192,6.192,15.046,21.238,0,51.331,0,0,0,0,0,0,1,0,0,0,0,0,1,0,0,0,0,0,1,0,0
9.2084,37.418,0,0,0,53.374,0,0,0,0,0,0,2.754,4.9942,8.5281,9.8202,51.607,0,2.754,13.561,5.9812,0,4.9942,1.767,15.328,24.537,0,50.147,0,3.2272,0,0,0,0,1,0,0,0,0,0,1,0,0,0,0,0,1,0,0
28.265,26.323,0,0,0,33.951,6.3479,0,5.1125,0,0,0,13.52,19.94,7.2096,12.782,23.397,7.4125,0,7.6691,4.7322,3.3385,0,21.261,15.28,24.394,0,32.558,0,0,1.3937,5.1125,0,0,1,0,0,0,0,0,1,0,0,0,0,0,1,0,0
0,22.148,0,0,0,71.141,0,0,6.7112,0,0,0,0,0,0,0,86.578,6.7112,6.7112,0,0,0,6.7112,0,0,28.859,0,64.43,0,0,0,0,0,0,1,0,0,0,0,0,1,0,0,0,0,0,1,0,0
19.224,10.86,0,0,0,63.238,0,0,0,6.6781,0,0,6.6781,4.1819,10.86,0,59.056,4.1819,4.1819,10.86,0,0,0,6.6781,0,23.406,0,63.238,0,6.6781,0,0,0,0,1,0,0,0,0,0,1,0,0,0,0,0.044444,0.95556,0,0
7.713,26.715,0,17.932,2.4284,40.355,2.4284,0,0,2.4284,0,0,4.8568,20.503,13.965,0,21.208,22.931,4.9994,11.537,0,0,8.9659,11.394,8.9659,16.496,0,26.532,2.4284,13.823,2.4284,8.9659,0,0,1,0,0,0,0,0,1,0,0,0,0,0,1,0,0
3.172,11.604,0,21.399,4.0926,50.338,6.2224,0,0,3.172,0,0,9.9166,15.177,11.481,0,35.161,8.432,6.2224,13.61,0,0,10.438,13.61,4.216,3.172,0,39.377,6.7445,7.388,4.0926,10.961,0,0.34884,0.5814,0.069767,0,0,0,0,1,0,0,0,0,0.51163,0.48837,0,0
0,8.5595,0,8.5595,7.5084,60.356,7.5084,0,0,7.5084,0,0,15.017,8.5595,11.788,0,36.779,16.068,7.5084,4.2797,0,0,4.2797,11.788,4.2797,0,0,41.059,7.5084,19.297,7.5084,4.2797,0,0.125,0.875,0,0,0,0,0,1,0,0,0,0,0.25,0.75,0,0
3.4571,52.304,0,0,0,44.239,0,0,0,0,0,0,1.1102,10.102,21.769,12.609,36.999,0.7823,4.7539,10.765,1.1102,0,6.4581,8.0703,19.303,21.93,0,42.627,0,1.6122,0,0,0,0,1,0,0,0,0,0,1,0,0,0,0,0,1,0,0
0,0,0,33.333,0,33.333,33.333,0,0,0,0,0,0,0,0,0,33.333,0,33.333,33.333,0,0,33.333,33.333,0,0,0,33.333,0,0,0,0,0,0.055556,0.94444,0,0,0,0,0,1,0,0,0,0,0.16667,0.83333,0,0
0,0,0,0,0,100,0,0,0,0,0,0,0,0,0,0,100,0,0,0,0,0,0,0,0,0,0,100,0,0,0,0,0,0.083333,0.91667,0,0,0,0,0,1,0,0,0,0,0.16667,0.83333,0,0
17.204,29.797,0,0,0,34.964,8.645,0,9.3904,0,0,0,6.7354,16.507,2.235,13.077,32.805,8.3012,0,3.6871,6.41,10.241,0,19.212,18.886,17.547,0,31.133,0,0,3.8312,9.3904,0,0.064516,0.93548,0,0,0,0,0,1,0,0,0,0,0.12903,0.87097,0,0
30.269,20.411,0,0,0,38.366,8.4538,0,2.5003,0,0,0,11.015,15.514,5.9535,13.014,23.291,13.802,0,10.514,2.5003,4.3951,0,21.364,12.849,24.921,0,36.471,0,0,1.8948,2.5003,0,0,1,0,0,0,0,0,1,0,0,0,0,0.02439,0.97561,0,0
0,0,0,0,0,100,0,0,0,0,0,0,0,0,0,0,100,0,0,0,0,0,0,0,0,0,0,100,0,0,0,0,0,0,1,0,0,0,0,0,1,0,0,0,0,0.11111,0.88889,0,0
0,0,0,0,0,100,0,0,0,0,0,0,0,0,0,0,100,0,0,0,0,0,0,0,0,0,0,100,0,0,0,0,0,0,1,0,0,0,0,0,1,0,0,0,0,0,1,0,0
0,0,0,0,0,100,0,0,0,0,0,0,0,0,0,0,100,0,0,0,0,0,0,0,0,0,0,100,0,0,0,0,0,0,1,0,0,0,0,0,1,0,0,0,0,0,1,0,0
5.4803,0,7.8527,0,0,47.9,7.6075,4.241,12.273,4.6684,9.9768,16.435,0,13.973,13.973,6.3651,26.748,12.344,3.7836,0,5.0631,1.3171,13.578,18.636,11.038,7.6075,16.09,31.811,0,0,0,1.2393,0,0.25,0.65,0.1,0,0,0,0,0.53333,0.46667,0,0,0,0.38333,0.61667,0,1
3.2516,0,9.2396,0,0,28.571,6.4143,9.2396,27.63,6.4143,9.2396,12.491,0,21.642,9.6658,3.2516,9.6658,12.917,18.39,0,5.988,5.988,22.068,18.479,18.479,6.4143,18.905,9.6658,0,0,0,5.988,0,0.2963,0.11111,0.59259,0,0,0,0,0.14815,0.85185,0,0,0,0.2963,0.7037,0,1
0.94564,1.7517,8.2664,0,0,38.429,7.1138,4.5901,21.801,5.6115,11.491,10.921,0,17.767,8.5871,1.4733,23.749,6.7344,16.016,0,7.5657,7.1863,15.813,18.635,14.474,7.1138,13.456,24.973,0,0,0,5.5357,0,0.54545,0.45455,0,0,0,0,0,0.72727,0.27273,0,0,0,0.63636,0.36364,0,0
3.9722,5.6842,6.6156,0,0,40.557,5.6345,6.6156,15.262,1.6797,13.98,17.952,0,16.573,11.286,5.652,18.7,7.9445,10.971,0,8.2778,2.6433,9.975,22.275,18.915,5.6345,21.907,18.65,0,0,0,2.6433,0,0.93939,0.030303,0.030303,0,0,0,0,0.92424,0.075758,0,0,0,0.93939,0.060606,0,1
2.409,8.8749,2.409,0,0,45.726,8.1438,2.409,15.014,10.375,4.6398,7.0487,0,12.784,12.784,4.6398,32.764,12.962,17.019,0,0,0,23.158,9.2795,13.693,8.1438,12.962,32.764,0,0,0,0,0,0.29412,0.70588,0,0,0,0,0,1,0,0,0,0,0.29412,0.70588,0,0
2.986,14.604,20.792,13.317,10.662,20.815,0,3.1759,7.6762,5.972,0,0,0,16.954,14.221,3.1759,31.044,2.986,4.2209,4.4223,2.986,19.99,16.753,35.837,0,0,7.4587,3.1759,0,0,14.867,21.909,0,0.057971,0.94203,0,0,0,0,0.76812,0.23188,0,0,0,0,0.95652,0.043478,0,1
0,0,30.526,3.2625,12.038,7.2282,19.025,4.8565,23.064,0,0,2.3717,0,5.5134,16.003,31.84,4.8565,27.377,8.7759,3.2625,0,0,0,41.787,10.37,7.8851,2.4848,2.3717,0,12.038,14.289,8.7752,0,0,1,0,0,0,0,0,1,0,0,0,0,0,1,0,0
0,0,0,10.212,0,68.447,11.128,10.212,0,0,0,0,13.922,0,0,34.264,34.183,0,0,10.212,3.7094,3.7094,10.212,13.922,0,0,48.186,20.261,0,0,0,3.7094,3.7094,0.77778,0.22222,0,0,0,0,0,1,0,0,0,0,1,0,0,0
12.564,0,8.2858,3.4249,0,39.401,18.356,7.238,10.73,0,0,15.591,0,11.118,12.564,3.4249,23.421,19.337,0,3.4249,11.118,0,0,19.347,3.0268,34.801,9.0721,23.023,0,0,0,10.73,0,0,1,0,0,0,0,0,1,0,0,0,0,0,1,0,0
0,0,0,3.4326,0,78.184,14.951,3.4326,0,0,0,0,3.4326,0,0,36.767,56.368,0,0,3.4326,0,0,3.4326,3.4326,0,0,40.199,52.936,0,0,0,0,0,0.87755,0.12245,0,0,0,0,0,1,0,0,0,0,1,0,0,0
0,0,24.28,15.753,7.8481,10.673,19.819,10.673,10.954,0,0,0,0,3.0485,2.7678,21.85,18.578,27.105,10.897,15.753,0,0,0,61.66,5.8163,3.0485,2.7678,7.9052,0,7.8481,3.0485,7.9052,0,0.025,0.975,0,0,0,0,0,1,0,0,0,0,0.025,0.975,0,0
0,0,0,0,0,100,0,0,0,0,0,0,0,0,0,33.333,66.667,0,0,0,0,0,0,0,0,0,33.333,66.667,0,0,0,0,0,1,0,0,0,0,0,0,1,0,0,0,0,1,0,0,0
0,0,0,2.5713,0,57.271,38.312,1.8464,0,0,0,0,12.9,0,0,31.422,36.471,0,0,1.8464,9.6036,7.7572,2.5713,11.45,0,0,39.179,28.714,0,0,0,7.7572,10.328,0.25,0.625,0.125,0,0,0,0,1,0,0,0,0,0.83333,0.16667,0,0
0,0,0,11.399,0,63.466,13.236,11.898,0,0,0,0,16.103,0,0,20.052,45.344,0,0,11.898,5.2023,1.4,11.399,17.1,0,0,28.148,37.248,0,0,0,1.4,4.7036,0.043478,0.78261,0.17391,0,0,0,0,1,0,0,0,0,0.47826,0.52174,0,0
8.9412,0,21.055,0,0,21.206,27.009,8.2077,13.581,0,0,12.999,0,13.581,21.206,9.2785,8.2077,21.148,4.6393,0,8.9412,0,0,29.844,12.847,35.52,4.1504,4.0573,0,0,4.6393,8.9412,0,0,1,0,0,0,0,0,1,0,0,0,0,0,1,0,0
1.4029,31.024,0,0,14.196,38.042,1.3517,3.7049,4.1696,4.8009,1.3076,10.931,3.2151,0,0,4.4548,40.626,15.162,1.9605,1.3517,15.883,6.4153,2.0975,14.168,17.382,16.726,4.8521,23.806,4.018,2.7546,14.196,0,0,0,1,0,0,0,0,0,0.26923,0.73077,0,0,0,0.038462,0.96154,0,1
0,0,23.586,9.5879,10.251,5.8562,28.565,5.8562,16.298,0,0,0,0,9.603,3.4695,29.632,5.6119,25.711,13.335,9.5879,3.0503,0,0,48.389,6.5527,12.653,3.0503,2.8059,0,10.251,10.022,6.2754,0,0,1,0,0,0,0,0,1,0,0,0,0,0,1,0,0
1.7134,17.4,0,0,15.548,27.091,11.107,2.2441,3.4796,19.703,1.7134,23.957,5.8359,0,0,3.1827,21.711,12.366,2.4882,11.107,13.681,5.6709,2.1123,12.631,23.32,14.558,10.708,10.414,0,10.708,15.548,0,0,0,1,0,0,0,0,0,0.3125,0.6875,0,0,0,0,1,0,1
0,0,24.773,3.4711,9.269,9.861,18.032,9.861,24.733,0,0,0,0,2.7238,15.659,27.457,13.332,34.634,2.7238,3.4711,0,0,0,44.3,9.1137,2.7238,6.3899,3.4711,0,9.269,11.993,12.74,0,0.28235,0.71765,0,0,0,0,0,1,0,0,0,0,0.34118,0.65882,0,0
2.3074,41.19,0,0,4.6866,34.788,0,4.6833,5.3505,4.6866,2.3074,14.72,10.037,0,0,2.3074,39.475,2.3793,6.9907,0,14.792,9.298,2.3793,27.797,29.297,14.125,4.6866,14.72,0,2.3074,4.6866,0,0,0,1,0,0,0,0,0.38462,0.61538,0,0,0,0,0.96923,0.030769,0,1
2.5343,19.298,2.2113,0,12.914,30.698,0,4.5766,18.518,3.7603,5.4907,18.006,6.05,0,0,12.279,26.485,13.031,6.8064,0,4.7418,12.602,5.4982,20.205,25.052,4.5129,3.7603,15.189,5.9128,2.5343,12.914,2.2113,2.2113,0,1,0,0,0,0,0,0.47458,0.52542,0,0,0,0.11864,0.88136,0,1
1.2077,27.398,0,0,14.86,26.653,9.648,6.2847,4.3707,8.37,1.2077,14.655,11.263,0,0,5.5784,28.269,9.2814,3.1217,9.648,9.4838,8.7001,10.056,22.625,10.91,18.794,6.1184,13.177,0,3.4593,14.86,0,0,0,1,0,0,0,0,0,0.45312,0.54688,0,0,0,0.046875,0.95312,0,0
12.919,40.084,0,0,0,32.571,6.9164,0,7.5091,0,0,0,10.822,22.21,1.7725,10.945,26.292,5.345,0,3.4361,10.084,9.0935,0,23.083,20.95,15.886,0,27.226,0,0,5.345,7.5091,0,0.045455,0.95455,0,0,0,0,0,1,0,0,0,0,0.090909,0.90909,0,0
4.8256,45.552,0,0,0,49.623,0,0,0,0,0,0,10.495,10.164,13.395,4.9207,47.179,0,5.3072,6.1271,2.4128,0,4.8566,6.0942,13.878,25.548,0,43.56,0,6.0631,0,0,0,0.63158,0.36842,0,0,0,0,0,1,0,0,0,0,0.71053,0.28947,0,0
31.853,25.766,0,0,0,32.584,7.4036,0,2.3934,0,0,0,6.5944,15.014,6.6894,7.4036,27.574,18.474,0,5.0102,5.9316,7.3086,0,22.451,19.93,22.642,0,24.131,0,0,8.4534,2.3934,0,0.875,0.125,0,0,0,0,0,1,0,0,0,0,0.95833,0.041667,0,0
9.706,38.824,0,0,0,51.47,0,0,0,0,0,0,9.706,0,0,0,51.47,0,9.706,19.412,9.706,0,0,0,19.412,29.118,0,51.47,0,0,0,0,0,0.021739,0.97826,0,0,0,0,0,1,0,0,0,0,0.043478,0.95652,0,0
0,31.744,0,0,0,68.256,0,0,0,0,0,6.7435,18.256,0,0,0,68.256,0,0,0,0,6.7435,0,0,18.256,13.487,0,68.256,0,0,0,0,0,0.74242,0.25758,0,0,0,0,0,1,0,0,0,0,0.75758,0.24242,0,0
0,0,33.333,0,0,66.667,0,0,0,0,0,0,0,0,0,0,66.667,33.333,0,0,0,0,0,33.333,0,0,0,66.667,0,0,0,0,0,0.73016,0.26984,0,0,0,0,0,1,0,0,0,0,0.77778,0.22222,0,0
0,48.37,5.1699,0,0,46.46,0,0,0,0,0,0,24.185,0,0,0,46.46,5.1699,0,0,0,24.185,0,5.1699,24.185,24.185,0,46.46,0,0,0,0,0,0,1,0,0,0,0,0,1,0,0,0,0,0,1,0,0
0,0,0,0,0,100,0,0,0,0,0,0,0,0,0,0,100,0,0,0,0,0,0,0,0,0,0,91.58,8.4202,0,0,0,0,0.84375,0.10938,0.046875,0,0,0,0,1,0,0,0,0,1,0,0,0
0,0,0,0,0,91.047,0,0,8.9528,0,0,0,0,0,8.9528,0,91.047,0,0,0,0,0,0,0,0,0,0,91.047,0,0,0,0,8.9528,0.95652,0.014493,0.028986,0,0,0,0,1,0,0,0,0,1,0,0,0
14.369,36.023,0,4.8378,0,35.058,0,0,5.5335,4.1784,0,0,4.1784,15.905,18.543,3.2057,33.337,4.8378,11.067,6.5973,2.3285,0,7.9531,9.803,11.158,23.897,0,30.311,0,8.9258,0,7.9524,0,0.475,0.525,0,0,0,0,0,1,0,0,0,0,0.575,0.425,0,0
19.343,16.066,0,5.5607,3.5527,30.955,6.5414,0,4.5592,13.422,0,0,19.546,8.7695,15.06,0,19.64,5.1909,17.298,14.496,0,0,2.9887,16.41,4.5592,20.981,0,21.278,6.1247,16.974,3.5527,7.1313,0,0.47826,0.52174,0,0,0,0,0,1,0,0,0,0,0.54348,0.45652,0,0
0,0,0,7.2651,5.0761,72.103,5.0761,0,5.4037,5.0761,0,0,17.417,7.2651,10.48,0,54.685,5.0761,5.0761,0,0,0,0,5.0761,0,0,0,54.685,12.341,10.152,5.0761,7.2651,5.4037,0,0,0.015873,0.31746,0.66667,0,0,1,0,0,0,0,1,0,0,0
0,0,0,0,9.3571,86.104,0,0,4.539,0,0,0,0,0,9.5862,0,83.421,0,0,6.993,0,0,0,0,0,6.993,0,79.111,0,4.31,5.0472,0,4.539,0,0,0.013333,0.12,0.86667,0,0,1,0,0,0,0,1,0,0,0
0,6.5187,0,6.5187,13.457,59.101,7.2021,0,0,7.2021,0,0,14.404,6.5187,16.716,0,31.707,13.721,7.2021,9.7306,0,0,3.2594,10.461,3.2594,6.4712,0,34.966,7.2021,17.664,13.457,3.2594,0,0,1,0,0,0,0,0,1,0,0,0,0,0.021505,0.97849,0,0
0,0,0,7.6171,17.956,74.427,0,0,0,0,0,0,7.6171,7.6171,0,0,66.81,0,0,17.956,0,0,0,0,0,17.956,0,48.854,7.6171,17.956,0,7.6171,0,0.020833,0.97917,0,0,0,0,0,1,0,0,0,0,0.072917,0.92708,0,0
0,14.673,23.552,0,0,61.776,0,0,0,0,0,7.3363,0,0,0,0,61.776,23.552,0,0,0,7.3363,23.552,0,0,14.673,0,61.776,0,0,0,0,0,0.75294,0.24706,0,0,0,0,0,1,0,0,0,0,0.77647,0.22353,0,0
0,0,17.539,0,0,66.667,0,0,15.794,0,0,0,0,0,0,0,66.667,17.539,15.794,0,0,0,17.539,0,0,0,0,66.667,0,0,0,15.794,0,0,1,0,0,0,0,0,1,0,0,0,0,0,1,0,0
0,0,0,0,14.977,85.023,0,0,0,0,0,0,0,0,0,0,85.023,0,0,14.977,0,0,0,0,0,14.977,0,70.045,0,14.977,0,0,0,0,0,0,0.1,0.9,0,0,1,0,0,0,0,1,0,0,0
0,0,0,0,6.8075,93.192,0,0,0,0,0,0,0,0,0,0,100,0,0,0,0,0,0,0,0,0,0,93.192,0,6.8075,0,0,0,0,0,0.011364,0.079545,0.90909,0,0,1,0,0,0,0,1,0,0,0
0,0,0,0,13.209,86.791,0,0,0,0,0,0,0,0,0,0,84.278,0,0,15.722,0,0,0,0,0,15.722,0,71.07,0,13.209,0,0,0,0.32967,0.32967,0.032967,0.1978,0.10989,0,0,1,0,0,0,0,0.67033,0.32967,0,0
0,0,0,0,0,100,0,0,0,0,0,0,0,0,0,0,100,0,0,0,0,0,0,0,0,0,0,100,0,0,0,0,0,0,0,0.0087719,0.21053,0.7807,0,0,1,0,0,0,0,1,0,0,0
21.746,31.484,0,0,0,46.77,0,0,0,0,0,0,1.4158,11.46,12.613,3.0682,45.414,1.356,4.7443,10.382,9.5469,0,8.1311,3.1263,10.999,30.974,0,35.512,0,11.257,0,0,0,0.59459,0.40541,0,0,0,0,0,1,0,0,0,0,0.72973,0.27027,0,0
13.842,15.84,0,11.226,0,46.212,0,0,12.879,0,0,0,0,15.84,10.227,12.879,17.493,15.84,17.493,10.227,0,0,5.6132,5.6132,5.6132,18.456,0,14.841,25.758,5.6132,0,18.492,0,0,1,0,0,0,0,0,1,0,0,0,0,0,1,0,0
14.153,52.708,0,0,0,33.139,0,0,0,0,0,0,4.8474,11.819,26.152,7.1664,25.972,0,4.8474,9.6948,9.5003,0,11.819,7.1664,16.861,31.014,0,28.486,0,4.6529,0,0,0,0,1,0,0,0,0,0,1,0,0,0,0,0,1,0,0
0,0,0,0,33.333,33.333,0,0,0,33.333,0,0,0,0,33.333,0,0,66.667,0,0,0,0,0,0,0,0,0,0,33.333,33.333,0,33.333,0,0,1,0,0,0,0,0,1,0,0,0,0,0,1,0,0
13.536,13.536,0,0,6.4652,52.928,0,0,13.536,0,0,0,0,13.536,0,6.4652,46.462,6.4652,27.071,0,0,0,0,0,13.536,13.536,0,29.696,23.231,6.4652,0,13.536,0,0,1,0,0,0,0,0,1,0,0,0,0,0,1,0,0
0,0,0,0,11.78,70.593,0,0,17.627,0,0,0,0,0,0,29.407,41.186,11.78,17.627,0,0,0,0,0,0,0,0,23.559,47.034,11.78,0,17.627,0,0.025316,0.97468,0,0,0,0,0,1,0,0,0,0,0.050633,0.94937,0,0
0,0,0,0,8.0698,59.989,0,0,0,31.941,0,0,0,0,11.927,8.0698,28.066,51.938,0,0,0,0,0,0,0,0,0,39.993,19.996,8.0698,0,31.941,0,0,1,0,0,0,0,0,1,0,0,0,0,0,1,0,0
0,0,0,0,10.686,71.673,0,0,6.9545,10.686,0,0,0,0,18.344,6.9545,38.717,29.03,6.9545,0,0,0,0,0,0,0,0,27.368,44.305,10.686,0,17.641,0,0.028169,0.97183,0,0,0,0,0,1,0,0,0,0,0.070423,0.92958,0,0
0,38.597,18.286,0,0,43.117,0,0,0,0,0,10.893,13.852,0,0,0,43.117,18.286,0,0,0,13.852,18.286,0,13.852,24.745,0,43.117,0,0,0,0,0,0,1,0,0,0,0,0,1,0,0,0,0,0,1,0,0
0,27.702,19.47,0,0,30.53,0,0,22.298,0,0,23.586,0,0,0,0,30.53,19.47,22.298,0,0,4.116,19.47,0,0,27.702,0,30.53,0,0,0,22.298,0,0,1,0,0,0,0,0,1,0,0,0,0,0,1,0,0
0,18.604,0,0,0,81.396,0,0,0,0,0,6.3039,5.9957,0,0,0,81.396,0,0,0,0,6.3039,0,0,5.9957,12.608,0,81.396,0,0,0,0,0,0,1,0,0,0,0,0,1,0,0,0,0,0,1,0,0
0,0,0,0,0,100,0,0,0,0,0,0,0,0,0,0,100,0,0,0,0,0,0,0,0,0,0,100,0,0,0,0,0,0,1,0,0,0,0,0,1,0,0,0,0,0,1,0,0
0,0,0,0,0,73.708,0,0,26.292,0,0,0,0,0,0,0,73.708,0,26.292,0,0,0,0,0,0,0,0,73.708,0,0,0,26.292,0,0,0.18889,0.033333,0.17778,0.6,0,0,1,0,0,0,0,0.81111,0.18889,0,0
0,0,0,0,0,88.301,0,0,11.699,0,0,0,0,0,0,0,88.301,0,11.699,0,0,0,0,0,0,0,0,88.301,0,0,0,11.699,0,0,0,0,0.20455,0.79545,0,0,1,0,0,0,0,1,0,0,0
0,0,0,0,0,90.376,0,0,9.6241,0,0,0,0,0,0,0,90.376,0,9.6241,0,0,0,0,0,0,0,0,90.376,0,0,0,9.6241,0,0,0.22222,0,0.30864,0.46914,0,0,1,0,0,0,0,0.77778,0.22222,0,0
0,0,0,0,0,100,0,0,0,0,0,0,0,0,0,0,100,0,0,0,0,0,0,0,0,0,0,100,0,0,0,0,0,0,0,0,0.12195,0.87805,0,0,1,0,0,0,0,1,0,0,0
0,0,0,0,0,100,0,0,0,0,0,0,0,0,0,0,100,0,0,0,0,0,0,0,0,0,0,100,0,0,0,0,0,0,0,0,0.24,0.76,0,0,1,0,0,0,0,1,0,0,0
0,0,0,0,0,100,0,0,0,0,0,0,0,0,0,0,100,0,0,0,0,0,0,0,0,0,0,100,0,0,0,0,0,0,0,0.037736,0.11321,0.84906,0,0,1,0,0,0,0,1,0,0,0
0,0,0,0,0,100,0,0,0,0,0,0,0,0,0,0,100,0,0,0,0,0,0,0,0,0,0,100,0,0,0,0,0,0,0,0,0.086957,0.91304,0,0,1,0,0,0,0,1,0,0,0
0,0,0,0,0,100,0,0,0,0,0,0,0,0,0,0,100,0,0,0,0,0,0,0,0,0,0,100,0,0,0,0,0,0,0,0.11765,0.15294,0.72941,0,0,1,0,0,0,0,1,0,0,0
0,0,0,0,0,100,0,0,0,0,0,0,0,0,0,0,100,0,0,0,0,0,0,0,0,0,0,100,0,0,0,0,0,0,0,0,0.044944,0.95506,0,0,1,0,0,0,0,1,0,0,0
0,0,0,0,0,100,0,0,0,0,0,0,0,0,0,0,100,0,0,0,0,0,0,0,0,0,0,100,0,0,0,0,0,0,0,0.077778,0.2,0.72222,0,0,1,0,0,0,0,1,0,0,0
0,0,0,0,0,100,0,0,0,0,0,0,0,0,0,0,100,0,0,0,0,0,0,0,0,0,0,100,0,0,0,0,0,0,0,0.021978,0.25275,0.72527,0,0,1,0,0,0,0,1,0,0,0
0,0,0,0,0,100,0,0,0,0,0,0,0,0,0,0,100,0,0,0,0,0,0,0,0,0,0,100,0,0,0,0,0,0,0,0.13,0.22,0.65,0,0,1,0,0,0,0,1,0,0,0
43.355,15.573,0,0,0,33.37,6.7923,0,0.90992,0,0,0,10.588,14.703,11.785,9.3142,24.263,17.263,0,8.4043,1.3066,2.3718,0,21.059,15.463,29.198,0,29.691,0,0,3.6784,0.90992,0,0.84,0.16,0,0,0,0,0,1,0,0,0,0,1,0,0,0
0,0,0,0,0,100,0,0,0,0,0,0,0,0,0,0,100,0,0,0,0,0,0,0,0,0,0,100,0,0,0,0,0,0,0.14286,0.14286,0.14286,0.57143,0,0,1,0,0,0,0,1,0,0,0
0,14.915,0,0,0,85.085,0,0,0,0,0,0,14.915,0,0,0,85.085,0,0,0,0,0,0,0,0,14.915,0,85.085,0,0,0,0,0,0,1,0,0,0,0,0,1,0,0,0,0,0,1,0,0
7.9382,15.876,0,0,0,76.185,0,0,0,0,0,0,0,7.9382,0,0,76.185,7.9382,0,0,7.9382,0,0,7.9382,7.9382,7.9382,0,68.247,0,0,7.9382,0,0,0,1,0,0,0,0,0,0.96552,0.034483,0,0,0,0,1,0,0
0,0,0,0,0,100,0,0,0,0,0,0,0,0,0,0,100,0,0,0,0,0,0,0,0,0,0,100,0,0,0,0,0,0,1,0,0,0,0,0,1,0,0,0,0,0,1,0,0
0,3.5189,66.282,0,0,30.2,0,0,0,0,0,0,3.5189,0,0,0,30.2,66.282,0,0,0,0,0,66.282,3.5189,0,0,30.2,0,0,0,0,0,0,1,0,0,0,0,0,1,0,0,0,0,0,1,0,0
0,7.449,11.471,0,0,81.08,0,0,0,0,0,0,7.449,0,0,0,81.08,11.471,0,0,0,0,0,11.471,7.449,0,0,81.08,0,0,0,0,0,0,1,0,0,0,0,0,0.98507,0.014925,0,0,0,0,1,0,0
0,0,0,0,0,100,0,0,0,0,0,0,0,0,0,0,100,0,0,0,0,0,0,0,0,0,0,100,0,0,0,0,0,0,1,0,0,0,0,0,1,0,0,0,0,0,1,0,0
0,0,0,0,0,54.884,0,0,45.116,0,0,0,22.558,0,0,0,29.304,25.58,0,12.79,9.768,0,0,0,0,0,0,54.884,0,0,0,45.116,0,0,1,0,0,0,0,0,1,0,0,0,0,0,1,0,0
0,0,0,0,0,100,0,0,0,0,0,0,0,0,0,0,100,0,0,0,0,0,0,0,0,0,0,100,0,0,0,0,0,0,1,0,0,0,0,0,1,0,0,0,0,0,1,0,0
0,0,0,0,0,58.769,0,0,41.231,0,0,0,18.185,0,0,0,41.416,17.353,0,14.715,8.3302,0,0,0,0,0,0,58.769,0,0,0,41.231,0,0,1,0,0,0,0,0,1,0,0,0,0,0,1,0,0
0,0,0,0,0,65.119,0,0,34.881,0,0,0,11.292,0,11.075,0,35.829,18.215,0,12.297,11.292,0,0,0,0,0,0,54.044,11.075,0,0,34.881,0,0.03125,0.96875,0,0,0,0,0,1,0,0,0,0,0.046875,0.95312,0,0
0,0,0,0,18.762,49.809,0,0,18.794,12.636,0,0,9.3968,0,12.636,6.1266,12.253,50.191,0,9.3968,0,0,0,0,0,0,0,31.047,18.762,18.762,0,31.429,0,0,1,0,0,0,0,0,1,0,0,0,0,0.031746,0.96825,0,0
0,0,0,0,0,62.043,0,0,37.957,0,0,0,23.073,0,0,0,47.69,14.353,0,7.1767,7.7068,0,0,0,0,0,0,62.043,0,0,0,37.957,0,0.035088,0.96491,0,0,0,0,0,1,0,0,0,0,0.087719,0.91228,0,0
0,0,0,0,0,100,0,0,0,0,0,0,0,0,0,0,100,0,0,0,0,0,0,0,0,0,0,100,0,0,0,0,0,0,1,0,0,0,0,0,1,0,0,0,0,0,1,0,0
0,0,0,0,0,100,0,0,0,0,0,0,0,0,0,0,100,0,0,0,0,0,0,0,0,0,0,100,0,0,0,0,0,0,1,0,0,0,0,0,1,0,0,0,0,0,1,0,0
0,0,0,0,0,100,0,0,0,0,0,0,0,0,0,0,100,0,0,0,0,0,0,0,0,0,0,100,0,0,0,0,0,0,1,0,0,0,0,0,1,0,0,0,0,0,1,0,0
0,0,0,0,0,100,0,0,0,0,0,0,0,0,0,0,100,0,0,0,0,0,0,0,0,0,0,100,0,0,0,0,0,0,1,0,0,0,0,0,1,0,0,0,0,0,1,0,0
0,0,0,0,0,100,0,0,0,0,0,0,0,0,0,0,100,0,0,0,0,0,0,0,0,0,0,92.203,7.7973,0,0,0,0,0,0.225,0.075,0.2125,0.4875,0,0,1,0,0,0,0,0.775,0.225,0,0
0,0,0,0,0,100,0,0,0,0,0,0,0,0,0,0,100,0,0,0,0,0,0,0,0,0,0,96.45,3.55,0,0,0,0,0,0,0,0.089744,0.91026,0,0,1,0,0,0,0,1,0,0,0
0,0,0,0,0,100,0,0,0,0,0,0,0,0,0,0,100,0,0,0,0,0,0,0,0,0,0,65.877,34.123,0,0,0,0,0,0.10526,0.15789,0.15789,0.57895,0,0,1,0,0,0,0,0.89474,0.10526,0,0
0,0,0,0,0,100,0,0,0,0,0,0,0,0,0,0,100,0,0,0,0,0,0,0,0,0,0,85.515,14.485,0,0,0,0,0,0,0,0.09375,0.90625,0,0,1,0,0,0,0,1,0,0,0
0,0,0,0,0,83.089,0,0,16.911,0,0,0,12.095,0,0,0,83.089,0,0,0,4.8156,0,0,0,0,0,0,83.089,0,0,0,16.911,0,0,1,0,0,0,0,0,1,0,0,0,0,0,1,0,0
0,0,0,0,0,76.789,0,0,23.211,0,0,0,11.606,0,0,0,69.552,7.2369,0,0,11.606,0,0,0,0,0,0,76.789,0,0,0,23.211,0,0,1,0,0,0,0,0,1,0,0,0,0,0,1,0,0
0,0,0,0,0,75,0,0,25,0,0,0,25,0,0,0,75,0,0,0,0,0,0,0,0,0,0,75,0,0,0,25,0,0,1,0,0,0,0,0,1,0,0,0,0,0.066667,0.93333,0,0
0,0,0,0,0,100,0,0,0,0,0,0,0,0,0,0,100,0,0,0,0,0,0,0,0,0,0,44.505,55.495,0,0,0,0,0,0,0.021739,0.17391,0.80435,0,0,1,0,0,0,0,1,0,0,0
0,0,0,0,0,100,0,0,0,0,0,0,0,0,0,0,100,0,0,0,0,0,0,0,0,0,0,100,0,0,0,0,0,0,0,0,0.28395,0.71605,0,0,1,0,0,0,0,1,0,0,0
0,0,0,0,0,100,0,0,0,0,0,0,0,0,0,0,100,0,0,0,0,0,0,0,0,0,0,100,0,0,0,0,0,0,0,0.035294,0.30588,0.65882,0,0,1,0,0,0,0,1,0,0,0
0,0,0,0,0,100,0,0,0,0,0,0,0,0,0,0,100,0,0,0,0,0,0,0,0,0,0,100,0,0,0,0,0,0,0,0.014706,0.27941,0.70588,0,0,1,0,0,0,0,1,0,0,0
0,0,0,0,0,100,0,0,0,0,0,0,0,0,0,0,100,0,0,0,0,0,0,0,0,0,0,100,0,0,0,0,0,0,0,0.067797,0.27119,0.66102,0,0,1,0,0,0,0,1,0,0,0
