h1,h2,h3,h4,h5,h6,h7,h8,h9,h10,h11,h12,h13,h14,h15,h16,h17,h18,h19,h20,h21,h22,h23,h24,h25,h26,h27,h28,h29,h30,h31,h32,h33,h34,h35,h36,h37,h38,h39,h40,h41,h42,h43,h44,h45,h46,h47,h48,label
0,0,0,0,0,100,0,0,0,0,0,0,0,0,0,0,100,0,0,0,0,0,0,0,0,0,0,100,0,0,0,0,0,0,0,0,0,1,0,0,1,0,0,0,0,1,0,0,0
0,0,0,0,0,100,0,0,0,0,0,0,0,0,0,0,100,0,0,0,0,0,0,0,0,0,0,100,0,0,0,0,0,0,0,0,0,1,0,0,1,0,0,0,0,1,0,0,0
0,0,0,0,0,100,0,0,0,0,0,0,0,0,0,0,100,0,0,0,0,0,0,0,0,0,0,100,0,0,0,0,0,0,0,0,0,1,0,0,1,0,0,0,0,1,0,0,0
0,0,0,0,0,100,0,0,0,0,0,0,0,0,0,0,100,0,0,0,0,0,0,0,0,0,0,100,0,0,0,0,0,0.013514,0,0.054054,0.040541,0.89189,0,0,1,0,0,0,0,1,0,0,0
0,0,0,0,0,100,0,0,0,0,0,0,0,0,0,0,100,0,0,0,0,0,0,0,0,0,0,100,0,0,0,0,0,0,0,0,0.023529,0.97647,0,0,1,0,0,0,0,1,0,0,0
0,0,0,0,0,100,0,0,0,0,0,0,0,0,0,0,100,0,0,0,0,0,0,0,0,0,0,100,0,0,0,0,0,0,0,0,0,1,0,0,1,0,0,0,0,1,0,0,0
0,0,0,0,0,100,0,0,0,0,0,0,0,0,0,0,100,0,0,0,0,0,0,0,0,0,0,100,0,0,0,0,0,0,0,0,0,1,0,0,1,0,0,0,0,1,0,0,0
0,0,0,0,0,100,0,0,0,0,0,0,0,0,0,0,100,0,0,0,0,0,0,0,0,0,0,100,0,0,0,0,0,0,0,0,0,1,0,0,1,0,0,0,0,1,0,0,0
0,0,0,0,0,100,0,0,0,0,0,0,0,0,0,0,100,0,0,0,0,0,0,0,0,0,0,100,0,0,0,0,0,0.028169,0.25352,0.098592,0.070423,0.5493,0,0,1,0,0,0,0,1,0,0,0
0,0,0,0,0,100,0,0,0,0,0,0,0,0,0,0,100,0,0,0,0,0,0,0,0,0,0,100,0,0,0,0,0,0,0,0,0,1,0,0,1,0,0,0,0,1,0,0,0
0,0,0,0,0,100,0,0,0,0,0,0,0,0,0,0,100,0,0,0,0,0,0,0,0,0,0,100,0,0,0,0,0,0,0,0,0,1,0,0,1,0,0,0,0,1,0,0,0
0,0,0,0,0,100,0,0,0,0,0,0,0,0,0,0,100,0,0,0,0,0,0,0,0,0,0,100,0,0,0,0,0,0,0,0,0,1,0,0,1,0,0,0,0,1,0,0,0
0,0,0,0,0,100,0,0,0,0,0,0,0,0,0,0,100,0,0,0,0,0,0,0,0,0,0,100,0,0,0,0,0,0,0,0,0,1,0,0,1,0,0,0,0,1,0,0,0
0,0,0,0,7.2761,92.724,0,0,0,0,0,0,0,0,0,10.025,82.699,7.2761,0,0,0,0,0,0,0,0,0,82.699,17.301,0,0,0,0,0,0,0.034483,0.051724,0.91379,0,0,1,0,0,0,0,1,0,0,0
0,0,0,0,32.433,67.567,0,0,0,0,0,0,0,0,0,25.668,41.899,32.433,0,0,0,0,0,0,0,0,0,41.899,58.101,0,0,0,0,0,0.044444,0.15556,0.11111,0.68889,0,0,1,0,0,0,0,1,0,0,0
0,0,0,0,0,100,0,0,0,0,0,0,0,0,0,0,100,0,0,0,0,0,0,0,0,0,0,100,0,0,0,0,0,0,0,0,0,1,0,0,1,0,0,0,0,1,0,0,0
0,0,0,0,0,100,0,0,0,0,0,0,0,0,0,0,100,0,0,0,0,0,0,0,0,0,0,100,0,0,0,0,0,0,0,0,0,1,0,0,1,0,0,0,0,1,0,0,0
0,0,0,0,0,100,0,0,0,0,0,0,0,0,0,0,100,0,0,0,0,0,0,0,0,0,0,100,0,0,0,0,0,0,0,0,0,1,0,0,1,0,0,0,0,1,0,0,0
0,0,0,0,0,100,0,0,0,0,0,0,0,0,0,0,100,0,0,0,0,0,0,0,0,0,0,100,0,0,0,0,0,0,0,0,0,1,0,0,1,0,0,0,0,1,0,0,0
0,0,0,0,0,100,0,0,0,0,0,0,0,0,0,0,100,0,0,0,0,0,0,0,0,0,0,100,0,0,0,0,0,0,0,0,0.085366,0.91463,0,0,1,0,0,0,0,1,0,0,0
0,0,0,0,0,100,0,0,0,0,0,0,0,0,0,0,100,0,0,0,0,0,0,0,0,0,0,100,0,0,0,0,0,0,0,0,0,1,0,0,1,0,0,0,0,1,0,0,0
0,0,0,0,0,100,0,0,0,0,0,0,0,0,0,0,100,0,0,0,0,0,0,0,0,0,0,100,0,0,0,0,0,0,0,0,0.071429,0.92857,0,0,1,0,0,0,0,1,0,0,0
0,0,0,0,0,100,0,0,0,0,0,0,0,0,0,0,100,0,0,0,0,0,0,0,0,0,0,100,0,0,0,0,0,0,0,0,0,1,0,0,1,0,0,0,0,1,0,0,0
0,0,0,0,0,100,0,0,0,0,0,0,0,0,0,0,100,0,0,0,0,0,0,0,0,0,0,100,0,0,0,0,0,0,0,0,0,1,0,0,1,0,0,0,0,1,0,0,0
0,0,0,0,0,100,0,0,0,0,0,0,0,0,0,0,100,0,0,0,0,0,0,0,0,0,0,100,0,0,0,0,0,0,0,0,0,1,0,0,1,0,0,0,0,1,0,0,0
0,0,0,0,0,100,0,0,0,0,0,0,0,0,0,0,100,0,0,0,0,0,0,0,0,0,0,100,0,0,0,0,0,0,0,0,0,1,0,0,1,0,0,0,0,1,0,0,0
0,0,0,0,0,100,0,0,0,0,0,0,0,0,0,0,100,0,0,0,0,0,0,0,0,0,0,100,0,0,0,0,0,0,0,0,0,1,0,0,1,0,0,0,0,1,0,0,0
0,0,0,0,0,100,0,0,0,0,0,0,0,0,0,0,100,0,0,0,0,0,0,0,0,0,0,100,0,0,0,0,0,0,0,0,0.032967,0.96703,0,0,1,0,0,0,0,1,0,0,0
0,0,0,0,0,100,0,0,0,0,0,0,0,0,0,0,100,0,0,0,0,0,0,0,0,0,0,100,0,0,0,0,0,0,0,0,0,1,0,0,1,0,0,0,0,1,0,0,0
0,0,0,0,0,100,0,0,0,0,0,0,0,0,0,0,100,0,0,0,0,0,0,0,0,0,0,100,0,0,0,0,0,0,0,0,0.067308,0.93269,0,0,1,0,0,0,0,1,0,0,0
0,0,0,0,0,100,0,0,0,0,0,0,0,0,0,0,100,0,0,0,0,0,0,0,0,0,0,100,0,0,0,0,0,0,0,0,0,1,0,0,1,0,0,0,0,1,0,0,0
0,0,0,0,0,100,0,0,0,0,0,0,0,0,0,0,100,0,0,0,0,0,0,0,0,0,0,100,0,0,0,0,0,0,0,0,0,1,0,0,1,0,0,0,0,1,0,0,0
0,0,0,0,17.431,82.569,0,0,0,0,0,0,0,0,0,21.529,66.964,11.507,0,0,0,0,0,0,0,0,0,61.04,38.96,0,0,0,0,0,0,0,0,1,0,0,1,0,0,0,0,1,0,0,0
0,0,0,0,0,100,0,0,0,0,0,0,0,0,0,0,100,0,0,0,0,0,0,0,0,0,0,100,0,0,0,0,0,0,0,0,0,1,0,0,1,0,0,0,0,1,0,0,0
0,0,0,0,20.494,79.506,0,0,0,0,0,0,0,0,0,0,73.5,26.5,0,0,0,0,0,0,0,0,0,79.506,20.494,0,0,0,0,0,0,0,0,1,0,0,1,0,0,0,0,1,0,0,0
0,0,0,0,7.1877,92.812,0,0,0,0,0,0,0,0,0,23.75,69.063,7.1877,0,0,0,0,0,0,0,0,0,69.063,30.937,0,0,0,0,0,0.97436,0,0,0.025641,0,0,1,0,0,0,0,0.025641,0.97436,0,0
0,0,0,0,11.727,88.273,0,0,0,0,0,0,0,0,0,0,86.727,13.273,0,0,0,0,0,0,0,0,0,88.273,11.727,0,0,0,0,0,1,0,0,0,0,0,1,0,0,0,0,0,1,0,0
0,0,0,0,0,100,0,0,0,0,0,0,0,0,0,0,100,0,0,0,0,0,0,0,0,0,0,100,0,0,0,0,0,0,0,0,0,1,0,0,1,0,0,0,0,1,0,0,0
0,0,0,0,6.9785,93.021,0,0,0,0,0,0,0,0,0,0,91.763,8.237,0,0,0,0,0,0,0,0,0,93.021,6.9785,0,0,0,0,0,0,0,0,1,0,0,1,0,0,0,0,1,0,0,0
0,0,0,0,0,100,0,0,0,0,0,0,0,0,0,0,100,0,0,0,0,0,0,0,0,0,0,100,0,0,0,0,0,0,0,0,0,1,0,0,1,0,0,0,0,1,0,0,0
0,0,0,0,0,100,0,0,0,0,0,0,0,0,0,0,100,0,0,0,0,0,0,0,0,0,0,100,0,0,0,0,0,0,0,0,0,1,0,0,1,0,0,0,0,1,0,0,0
0,0,0,0,19.991,80.009,0,0,0,0,0,0,0,0,0,0,85.545,14.455,0,0,0,0,0,0,0,0,0,80.009,19.991,0,0,0,0,0,0.41667,0.16667,0.027778,0.38889,0,0,1,0,0,0,0,0.58333,0.41667,0,0
0,0,0,0,0,100,0,0,0,0,0,0,0,0,0,0,92.495,7.5046,0,0,0,0,0,0,0,0,0,100,0,0,0,0,0,0,0.28571,0.071429,0,0.64286,0,0,1,0,0,0,0,0.71429,0.28571,0,0
0,0,0,0,0,100,0,0,0,0,0,0,0,0,0,0,100,0,0,0,0,0,0,0,0,0,0,100,0,0,0,0,0,0,0,0.020833,0.041667,0.9375,0,0,1,0,0,0,0,1,0,0,0
0,0,0,0,0,100,0,0,0,0,0,0,0,0,0,0,100,0,0,0,0,0,0,0,0,0,0,91.71,8.2901,0,0,0,0,0,0.98765,0.012346,0,0,0,0,1,0,0,0,0,1,0,0,0
0,0,4.1518,7.1218,0,74.943,0,6.8916,6.8916,0,0,0,6.8916,7.1218,4.1518,0,74.943,0,0,0,0,6.8916,4.1518,7.1218,11.043,0,7.1218,30.175,19.711,0,0,0,20.675,0,0,0,1,0,0,0,1,0,0,0,0,0,1,0,0
0,0,0,0,0,83.366,0,0,16.634,0,0,0,8.3172,0,0,0,78.877,4.4888,8.3172,0,0,0,0,0,0,0,0,74.388,8.9777,0,0,16.634,0,0,0.74074,0,0,0.25926,0,0,1,0,0,0,0,1,0,0,0
0,0,0,0,0,100,0,0,0,0,0,0,0,0,0,10.314,70.982,18.704,0,0,0,0,0,0,0,0,0,62.592,37.408,0,0,0,0,0,1,0,0,0,0,0,1,0,0,0,0,1,0,0,0
0,0,53.111,0,5.122,13.739,0,23.719,4.3085,0,0,0,18.597,0,5.122,19.411,8.6169,0,5.122,0,19.411,23.72,19.411,0,23.719,14.289,0,5.122,0,0,0,0,37.458,0,1,0,0,0,0,0,1,0,0,0,0,0,1,0,0
0,0,0,0,0,100,0,0,0,0,0,0,0,0,0,15.175,79.52,5.3043,0,0,0,0,0,0,0,0,0,63.13,36.87,0,0,0,0,0,1,0,0,0,0,0,1,0,0,0,0,1,0,0,0
0,0,0,0,0,100,0,0,0,0,0,0,0,0,0,21.538,72.824,5.6387,0,0,0,0,0,0,0,0,0,85.657,14.343,0,0,0,0,1,0,0,0,0,0,0,1,0,0,0,0,1,0,0,0
0,0,0,0,0,92.041,0,0,7.9591,0,0,0,0,0,0,5.9731,80.095,5.9731,7.9591,0,0,0,0,0,0,0,0,69.939,22.102,0,0,7.9591,0,0,1,0,0,0,0,0,1,0,0,0,0,1,0,0,0
0,0,0,0,0,91.822,0,0,8.1779,0,0,0,0,0,0,13.734,64.354,21.912,0,0,0,0,0,0,0,0,0,64.354,27.468,0,0,0,8.1779,0,1,0,0,0,0,0,1,0,0,0,0,1,0,0,0
0,0,5.6318,0,0,86.57,0,0,7.7984,0,0,0,0,0,0,10.95,83.419,0,5.6318,0,0,0,5.6318,0,0,0,0,75.62,10.95,0,0,7.7984,0,0,1,0,0,0,0,0,1,0,0,0,0,1,0,0,0
0,0,5.2527,0,0,74.27,0,0,20.477,0,0,5.2527,0,0,0,2.4058,87.089,0,2.4058,0,2.8469,0,2.4058,0,2.8469,0,4.8116,69.458,0,5.2527,0,3.2686,11.956,0,1,0,0,0,0,0,1,0,0,0,0,1,0,0,0
0,0,14.935,0,0,54.87,0,0,30.196,0,0,21.902,0,0,0,2.4479,50.862,9.8532,5.0817,0,9.8532,0,5.0817,0,9.8532,0,14.749,40.12,0,2.4479,19.454,0,8.2934,0.11475,0.88525,0,0,0,0,0,1,0,0,0,0,1,0,0,0
0,0,0,0,0,81.299,0,0,18.701,0,0,0,6.4951,0,0,0,81.299,0,12.206,0,0,0,0,0,0,0,14.85,66.45,0,0,0,18.701,0,0.12162,0.66216,0.013514,0.027027,0.17568,0,0,1,0,0,0,0,1,0,0,0
0,0,0,0,0,66.356,0,0,33.644,0,0,0,21.295,0,0,0,66.356,0,12.349,0,0,0,0,0,0,0,20.829,45.527,0,0,0,33.644,0,1,0,0,0,0,0,0,1,0,0,0,0,1,0,0,0
0,0,0,0,0,74.457,0,0,25.543,0,0,0,3.7852,0,0,0,67.692,10.646,17.876,0,0,0,0,0,0,0,0,60.927,13.53,0,0,21.661,3.8817,0.15385,0.84615,0,0,0,0,0,1,0,0,0,0,1,0,0,0
0,0,0,0,0,75,0,0,25,0,0,0,0,0,0,0,75,5.7745,19.225,0,0,0,0,0,0,0,11.08,63.92,0,0,0,19.225,5.7745,0.92222,0.077778,0,0,0,0,0,1,0,0,0,0,1,0,0,0
0,0,0,0,0,82.947,0,0,17.053,0,0,0,0,0,0,9.4516,76.928,9.3784,4.242,0,0,0,0,0,0,0,9.3784,64.117,9.4516,0,0,7.6747,9.3784,0.14286,0.85714,0,0,0,0,0,1,0,0,0,0,1,0,0,0
0,0,0,0,0,77.902,0,0,22.098,0,0,0,0,0,0,0,82.868,10.19,6.9414,0,0,0,0,0,0,0,9.6036,68.298,0,0,0,11.908,10.19,0.99048,0.0095238,0,0,0,0,0,1,0,0,0,0,1,0,0,0
0,0,2.8868,0,0,80.854,0,0,16.259,0,0,0,0,0,0,0,93.831,3.282,2.8868,0,0,0,2.8868,0,0,0,9.6491,71.205,0,0,0,9.6491,6.61,0.14493,0.85507,0,0,0,0,0,1,0,0,0,0,1,0,0,0
0,0,2.8902,0,0,77.282,0,0,19.828,0,0,2.8902,0,0,0,2.8902,86.951,4.3788,2.8902,0,0,0,2.8902,0,0,0,13.519,63.763,0,2.8902,0,9.6688,7.269,0.94624,0.053763,0,0,0,0,0,1,0,0,0,0,1,0,0,0
0,0,16.372,0,0,63.759,0,0,19.869,0,0,10.693,0,0,0,6.9356,65.999,0,12.615,0,3.7573,0,12.615,0,3.7573,0,13.871,49.887,0,10.693,0,2.2407,6.9356,0.2,0.8,0,0,0,0,0,1,0,0,0,0,1,0,0,0
0,0,4.249,0,0,80.969,0,0,14.782,0,0,2.2255,0,0,0,5.649,82.227,5.649,2.0235,0,2.2255,0,2.0235,0,2.2255,0,16.94,64.029,0,2.2255,0,2.7468,9.8097,1,0,0,0,0,0,0,1,0,0,0,0,1,0,0,0
0,0,29.24,0,0,41.52,0,0,29.24,0,0,29.24,0,0,0,0,18.421,23.099,0,0,29.24,0,0,0,29.24,0,23.099,18.421,0,6.1403,23.099,0,0,0.22222,0.77778,0,0,0,0,0,1,0,0,0,0,1,0,0,0
0,0,6.6038,0,0,62.586,0,0,30.811,0,0,30.811,0,0,0,6.1892,50.207,6.1892,0,0,6.6038,0,0,0,6.6038,0,12.378,50.207,0,6.6038,24.207,0,0,0.92647,0.073529,0,0,0,0,0,1,0,0,0,0,0.94118,0.058824,0,0
4.9772,3.6086,0,0,36.265,16.18,9.9545,2.9606,13.563,0,12.491,4.9772,10.899,2.9606,19.789,7.5944,11.546,10.178,3.6086,15.532,7.9379,4.9772,0,4.9772,3.6086,4.9772,0,16.18,0,27.079,25.71,14.507,2.9606,0.090909,0.90909,0,0,0,0,0,1,0,0,0,0,0.090909,0.90909,0,0
8.3434,7.005,3.8307,5.0316,20.424,12.855,15.301,4.3153,16.42,0,6.4744,9.2562,16.669,11.93,9.9106,3.0511,10.756,8.0007,4.3982,10.821,7.0172,8.1911,2.9917,8.2181,12.663,10.161,0,11.415,1.4394,17.394,19.207,15.91,0.60046,0.3,0.7,0,0,0,0,0,1,0,0,0,0,0.36667,0.63333,0,0
6.4686,4.2714,0,0,24.711,49.538,0,0,4.2714,0,10.74,0,0,0,8.5429,16.168,33.37,8.5429,10.74,16.168,0,6.4686,0,0,4.2714,0,0,49.538,0,20.439,21.48,4.2714,0,0,1,0,0,0,0,0,1,0,0,0,0,0,1,0,0
7.6883,2.4919,1.2459,1.2459,33.611,22.001,7.6035,3.7784,5.1116,0,15.222,2.5558,13.851,7.5163,7.9569,11.827,15.199,5.0244,3.8866,19.407,6.3342,6.4424,1.2459,2.5558,4.9838,5.0477,0,22.001,0,24.496,24.533,11.359,3.7784,0,1,0,0,0,0,0,1,0,0,0,0,0,1,0,0
0,2.2926,0,0,37.526,55.596,0,0,2.2926,0,2.2926,0,0,0,15.658,21.869,33.727,15.382,2.2926,11.072,0,0,0,0,2.2926,0,0,51.974,14.418,13.365,15.658,2.2926,0,0,1,0,0,0,0,0,1,0,0,0,0,0,1,0,0
0,0,0,0,13.972,86.028,0,0,0,0,0,0,0,0,0,13.972,72.056,7.6266,0,6.3453,0,0,0,0,0,0,0,78.402,15.253,6.3453,0,0,0,0,1,0,0,0,0,0,1,0,0,0,0,0,1,0,0
0,0,0,17.457,17.976,44.269,12.94,7.358,0,0,0,0,7.358,0,0,17.976,23.553,17.976,0,10.099,15.681,7.358,0,10.099,20.298,0,0,30.37,23.553,5.5819,0,10.099,0,0,1,0,0,0,0,0,1,0,0,0,0,0,1,0,0
0,0,0,0,17.746,77.398,0,4.8558,0,0,0,0,4.8558,0,0,27.458,45.085,14.806,0,2.9401,4.8558,0,0,9.7117,0,0,0,67.686,19.662,2.9401,0,0,0,0,1,0,0,0,0,0,1,0,0,0,0,0,1,0,0
0,0,0,0,0,85.848,0,0,14.152,0,0,0,8.3975,0,0,0,85.848,0,5.7548,0,0,0,0,0,0,0,14.152,71.695,0,0,0,14.152,0,0.9589,0.041096,0,0,0,0,0,1,0,0,0,0,1,0,0,0
0,0,0,0,0,100,0,0,0,0,0,0,0,0,0,0,100,0,0,0,0,0,0,0,0,0,0,100,0,0,0,0,0,0.9898,0.010204,0,0,0,0,0,1,0,0,0,0,1,0,0,0
0,0,0,0,0,100,0,0,0,0,0,0,0,0,0,0,100,0,0,0,0,0,0,0,0,0,0,100,0,0,0,0,0,0.87838,0.040541,0,0,0.081081,0,0,1,0,0,0,0,1,0,0,0
0,0,0,0,0,100,0,0,0,0,0,0,0,0,0,0,100,0,0,0,0,0,0,0,0,0,0,100,0,0,0,0,0,0.93103,0.017241,0,0,0.051724,0,0,1,0,0,0,0,1,0,0,0
0,0,0,0,0,100,0,0,0,0,0,0,0,0,0,0,100,0,0,0,0,0,0,0,0,0,37.883,62.117,0,0,0,0,0,1,0,0,0,0,0,0,1,0,0,0,0,1,0,0,0
0,0,0,0,0,100,0,0,0,0,0,0,0,0,0,0,100,0,0,0,0,0,0,0,0,0,0,100,0,0,0,0,0,0.96053,0.039474,0,0,0,0,0,1,0,0,0,0,1,0,0,0
0,0,0,0,0,94.119,0,0,5.8811,0,0,0,0,0,0,0,94.119,5.8811,0,0,0,0,0,0,0,0,11.34,82.779,0,0,0,0,5.8811,0.89412,0.10588,0,0,0,0,0,1,0,0,0,0,1,0,0,0
0,0,0,0,0,100,0,0,0,0,0,0,0,0,0,0,100,0,0,0,0,0,0,0,0,0,3.8144,96.186,0,0,0,0,0,0.95122,0.04878,0,0,0,0,0,1,0,0,0,0,1,0,0,0
0,0,0,0,0,100,0,0,0,0,0,0,0,0,0,0,100,0,0,0,0,0,0,0,0,0,0,100,0,0,0,0,0,1,0,0,0,0,0,0,1,0,0,0,0,1,0,0,0
0,0,0,0,0,100,0,0,0,0,0,0,0,0,0,0,100,0,0,0,0,0,0,0,0,0,0,100,0,0,0,0,0,1,0,0,0,0,0,0,1,0,0,0,0,1,0,0,0
0,0,0,0,0,100,0,0,0,0,0,0,0,0,0,0,100,0,0,0,0,0,0,0,0,0,0,100,0,0,0,0,0,0.83824,0.16176,0,0,0,0,0,1,0,0,0,0,0.94118,0.058824,0,0
0,0,0,0,0,100,0,0,0,0,0,0,0,0,0,0,100,0,0,0,0,0,0,0,0,0,0,96.641,3.3585,0,0,0,0,0,1,0,0,0,0,0,1,0,0,0,0,0,1,0,0
0,0,0,0,0,95.605,0,0,4.3954,0,0,0,0,0,0,0,100,0,0,0,0,0,0,0,0,0,14.564,81.041,0,0,0,4.3954,0,0.98765,0.012346,0,0,0,0,0,1,0,0,0,0,1,0,0,0
0,0,0,0,0,100,0,0,0,0,0,0,0,0,0,0,100,0,0,0,0,0,0,0,0,0,3.9279,96.072,0,0,0,0,0,0.94828,0.051724,0,0,0,0,0,1,0,0,0,0,0.96552,0.034483,0,0
0,0,3.2338,0,0,90.299,0,0,6.4676,0,0,3.2338,0,0,0,10.975,74.816,7.7412,3.2338,0,0,0,3.2338,0,0,0,26.172,64.126,0,3.2338,0,0,3.2338,0.87671,0.12329,0,0,0,0,0,1,0,0,0,0,0.94521,0.054795,0,0
0,0,16.179,0,0,61.133,0,0,22.687,0,0,16.179,0,0,0,6.5077,51.462,9.6718,6.5077,0,9.6718,0,6.5077,0,9.6718,0,30.672,30.462,0,6.5077,9.6718,0,6.5077,0.90909,0.090909,0,0,0,0,0,1,0,0,0,0,0.94545,0.054545,0,0
2.3187,1.0914,15.879,6.7422,15.857,20.574,3.0003,4.6974,18.184,9.4731,2.1828,10.088,9.6066,29.299,1.4232,7.4194,16.146,6.7422,4.5683,6.6778,5.5149,2.5146,10.56,6.4104,9.3348,3.0003,1.4232,13.565,3.0003,12.264,20.906,16.69,2.8463,0.3913,0.6087,0,0,0,0,0,1,0,0,0,0,0.6087,0.3913,0,0
0,0,6.91,1.6497,9.0971,37.896,0,0,17.298,20.112,7.0367,8.3006,1.6497,14.357,2.8141,10.874,28.799,3.6106,5.387,11.911,10.647,1.6497,0,0,8.5597,0,2.8141,27.946,3.2994,26.395,28.172,0,2.8141,0.10714,0.89286,0,0,0,0,0,1,0,0,0,0,0.46429,0.53571,0,0
0,0,5.7393,8.4584,21.021,30.717,5.0494,4.7685,8.7595,10.325,5.1623,5.0494,10.789,18.971,3.409,2.0495,19.422,9.5421,5.1623,2.3303,19.867,3.409,4.7685,5.0494,2.0495,3.6898,2.0495,16.013,2.3303,14.985,21.803,16.641,10.621,0,1,0,0,0,0,0,1,0,0,0,0,0,1,0,0
0,0,1.8186,0,21.086,42.083,0,0,6.7696,13.928,14.316,4.951,7.158,15.746,7.158,4.951,35.313,1.8186,7.158,13.928,1.8186,0,0,0,1.8186,0,0,34.068,10.221,20.697,26.037,0,7.158,0,1,0,0,0,0,0,1,0,0,0,0,0,1,0,0
0,0,9.148,3.2534,10.281,30.279,0,0,14.527,19.242,13.269,7.6491,7.4632,9.3248,17.921,3.4574,23.135,2.6412,5.8056,11.859,7.4904,3.2534,0,0,12.401,0,5.7876,16.735,10.717,15.316,23.763,2.6412,12.639,0.96226,0.037736,0,0,0,0,0,1,0,0,0,0,1,0,0,0
0,0,34.354,7.406,2.4085,38.602,0,0,10.583,3.7208,2.9261,4.4799,2.9261,7.743,12.654,0,37.506,2.4085,0,6.8884,5.3345,20.06,11.342,5.7923,15.667,0,0,25.403,11.644,6.1293,9.2702,5.7923,8.9599,0.81132,0.18868,0,0,0,0,0,1,0,0,0,0,0.88679,0.11321,0,0
0,0,17.636,1.7829,9.3153,42.688,0,0,14.714,8.8178,5.0471,1.7829,2.5235,11.06,18.962,0,32.026,8.478,2.5235,8.5747,8.478,5.5918,1.7829,3.8089,10.261,0,0,29.371,9.8479,13.086,13.525,8.0186,10.299,0.038462,0.96154,0,0,0,0,0,1,0,0,0,0,0.051282,0.94872,0,0
0,0,19.329,5.4925,0,53.731,0,0,4.6096,10.862,5.9766,3.0194,4.9259,2.4731,9.9338,0,50.172,2.3048,3.5035,5.4723,7.2307,10.965,3.0194,3.0194,12.744,0,0,35.176,19.207,2.4528,2.3048,13.733,8.3437,0,1,0,0,0,0,0,1,0,0,0,0,0.014493,0.98551,0,0
0,0,0,0,0,100,0,0,0,0,0,0,0,0,0,0,100,0,0,0,0,0,0,0,0,0,0,100,0,0,0,0,0,0,1,0,0,0,0,0,1,0,0,0,0,0,1,0,0
0,0,0,0,0,100,0,0,0,0,0,0,0,0,0,0,100,0,0,0,0,0,0,0,0,0,0,100,0,0,0,0,0,0,1,0,0,0,0,0,1,0,0,0,0,0,1,0,0
0,0,0,0,0,100,0,0,0,0,0,0,0,0,0,0,100,0,0,0,0,0,0,0,0,0,0,100,0,0,0,0,0,0,0.98529,0.014706,0,0,0,0,1,0,0,0,0,0.088235,0.91176,0,1
0,0,2.0424,0,0,93.873,0,0,2.0424,2.0424,0,0,0,0,2.0424,0,95.915,0,0,0,0,2.0424,0,2.0424,0,0,0,79.721,14.152,2.0424,0,2.0424,0,0,1,0,0,0,0,0,1,0,0,0,0,0,1,0,0
0,0,2.9404,0,0,91.179,0,0,2.9404,2.9404,0,0,0,0,2.9404,0,94.119,0,0,0,0,2.9404,0,2.9404,0,0,0,88.239,2.9404,2.9404,0,2.9404,0,0,1,0,0,0,0,0,1,0,0,0,0,0,1,0,0
0,0,0,0,0,100,0,0,0,0,0,0,0,0,0,0,100,0,0,0,0,0,0,0,0,0,0,100,0,0,0,0,0,0,1,0,0,0,0,0,1,0,0,0,0,0,1,0,0
0,0,0,0,0,100,0,0,0,0,0,0,0,0,0,0,100,0,0,0,0,0,0,0,0,0,0,95.18,4.8202,0,0,0,0,0,1,0,0,0,0,0,1,0,0,0,0,0,1,0,0
0,0,2.322,0,0,52.259,0,0,2.322,25.324,17.772,0,11.751,0,2.322,0,55.082,0,5.8233,5.6255,11.449,7.9475,0,2.322,0,0,0,32.863,25.22,19.896,0,19.699,0,0,1,0,0,0,0,0,1,0,0,0,0,0,1,0,0
0,0,10.259,2.13,0,45.338,0,0,1.7385,10.448,30.087,2.13,2.6937,0,3.8685,0,55.786,0,16.704,2.13,10.688,5.9985,2.13,3.8685,2.13,0,0,28.651,31.261,15.121,0,12.578,4.26,0.65789,0.34211,0,0,0,0,0,1,0,0,0,0,0.86842,0.13158,0,0
0,0,0,0,0,81.066,0,0,0,9.4668,9.4668,0,5.9649,0,0,0,90.533,0,3.5018,0,0,0,0,0,0,0,0,76.2,8.3678,5.9649,0,9.4668,0,0,1,0,0,0,0,0,1,0,0,0,0,0,1,0,0
0,0,0,0,0,100,0,0,0,0,0,0,0,0,0,0,100,0,0,0,0,0,0,0,0,0,0,100,0,0,0,0,0,0,1,0,0,0,0,0,1,0,0,0,0,0,1,0,0
5.8341,7.5534,3.7624,4.9211,28.594,7.5798,6.7765,8.9081,5.2436,0,20.827,4.0332,21.785,16.331,3.8207,4.4624,9.9433,10.985,5.02,12.206,6.3716,5.0418,3.5934,2.9701,14.549,6.1972,0,6.8315,0.74833,16.7,24.25,19.02,5.1395,1,0,0,0,0,0,0,1,0,0,0,0,1,0,0,0
2.6984,3.9799,4.8489,9.5358,15.42,9.6371,8.675,15.634,17.145,0.71721,11.708,15.23,20.427,15.669,5.0831,5.8166,7.0746,5.2549,0.64288,9.0973,8.5701,7.1344,3.0149,9.6033,16.14,5.4952,0.61758,7.8489,2.3154,13.211,14.03,23.826,3.8976,1,0,0,0,0,0,0,1,0,0,0,0,1,0,0,0
1.793,2.9897,13.654,18.925,18.344,8.469,8.3078,10.947,13.497,0.85325,2.2204,12.508,16.736,16.748,4.691,9.7411,9.7943,10.728,0,6.2135,3.4521,9.388,8.5566,14.985,10.561,5.382,5.3521,2.5402,0.57672,2.2636,19.502,20.818,9.4625,0.20833,0.79167,0,0,0,0,0,1,0,0,0,0,1,0,0,0
3.6063,4.8999,8.7116,9.5611,15.721,10.753,7.4862,11.056,10.743,7.0262,10.436,9.5916,17.957,21.532,2.8434,5.1461,8.8193,7.5496,3.597,6.6092,11.649,4.7055,7.481,5.9063,18.066,5.7177,1.0749,5.4148,0.91157,10.759,17.406,20.475,6.7866,1,0,0,0,0,0,0,1,0,0,0,0,1,0,0,0
1.5545,3.0167,12.789,17.087,17.059,8.4383,7.1287,8.9877,20.385,0.61327,2.9409,10.576,17.167,20.272,3.2964,9.4195,9.1371,8.7013,0.61327,9.1558,5.2403,6.4212,5.1999,5.4951,19.629,6.6899,5.1973,2.5391,4.0196,3.9803,18.198,21.65,7.4016,0.66667,0.33333,0,0,0,0,0,1,0,0,0,0,1,0,0,0
0,0,0,13.566,11.85,61.618,7.2388,5.7259,0,0,0,0,5.7259,0,0,18.691,28.247,11.85,0,8.9548,21.919,4.6117,0,20.407,11.85,0,0,23.302,23.636,11.85,0,8.9548,0,0,1,0,0,0,0,0,1,0,0,0,0,0.25424,0.74576,0,0
0,0,4.1109,25.458,0,42.432,10.673,13.215,4.1109,0,0,0,13.215,0,0,9.1949,38.917,4.1109,0,10.673,13.215,10.673,0,15.757,21.347,0,0,5.084,34.806,0,0,18.895,4.1109,0,0.96552,0.034483,0,0,0,0,1,0,0,0,0,0.63793,0.36207,0,1
1.525,6.5094,5.8612,10.281,12.128,13.111,7.3861,12.588,15.591,5.3995,9.6187,13.465,20.166,21.533,0,5.6695,3.6511,6.3508,2.6997,9.3206,13.685,3.4595,1.525,5.5856,23.108,7.3861,0,5.5856,4.3362,13.111,13.387,23.275,2.6997,0,1,0,0,0,0,0,1,0,0,0,0,1,0,0,0
0,0,6.579,0,0,76.954,0,0,5.4889,10.978,0,5.4889,0,0,5.4889,0,76.954,6.579,0,5.4889,0,0,0,6.579,0,0,5.4889,71.466,0,5.4889,5.4889,0,5.4889,0,1,0,0,0,0,0,1,0,0,0,0,1,0,0,0
0,13.66,13.66,0,0,52.765,0,19.915,0,0,0,13.66,0,0,9.9573,9.9573,52.765,9.9573,0,3.7029,0,0,0,19.915,27.32,0,5.4396,47.326,0,0,0,0,0,0,1,0,0,0,0,0,1,0,0,0,0,1,0,0,0
0,2.4181,25.693,0,0,28.676,17.372,17.372,8.4702,0,0,10.888,0,8.4702,8.9014,8.4702,28.676,23.706,0,10.888,0,0,0,14.805,48.049,0,0,28.676,0,0,0,8.4702,0,0,0.93548,0,0.032258,0.032258,0,0,1,0,0,0,0,1,0,0,0
0,8.6515,34.809,0,0,0,13.079,30.382,13.079,0,0,21.73,0,13.079,8.6515,21.73,0,21.73,0,13.079,0,0,0,30.382,56.539,0,0,0,0,0,0,13.079,0,0,0,0.051282,0.28205,0.66667,0,0,1,0,0,0,0,1,0,0,0
0,2.6171,12.626,0,0,68.607,0,0,8.8004,7.3503,0,6.2923,0,0,8.8004,0,68.607,4.8832,0,6.2923,0,5.1252,5.1252,4.8832,5.2343,0,12.304,56.302,0,3.6752,8.8004,0,3.6752,0,1,0,0,0,0,0,1,0,0,0,0,1,0,0,0
0,4.5099,20.345,0,0,46.486,3.9898,13.009,11.66,0,0,8.4996,0,8.198,7.9718,8.4996,46.486,12.893,0,3.9898,0,3.462,3.462,17.403,20.989,0,0,46.486,0,0,3.462,8.198,0,0,1,0,0,0,0,0,1,0,0,0,0,1,0,0,0
0,0,0,9.6288,0,90.371,0,0,0,0,0,0,0,0,0,9.6288,90.371,0,0,0,0,0,0,0,0,0,0,64.443,25.928,0,0,0,9.6288,0,0.19672,0.5082,0.16393,0.13115,0,0,1,0,0,0,0,1,0,0,0
0,0,0,6.8911,0,93.109,0,0,0,0,0,0,0,0,0,6.8911,93.109,0,0,0,0,0,0,0,0,0,0,93.109,0,0,0,0,6.8911,0,0,0,0.21212,0.78788,0,0,1,0,0,0,0,1,0,0,0
0,0,0,5.1329,0,94.867,0,0,0,0,0,0,0,0,0,5.1329,94.867,0,0,0,0,0,0,0,0,0,0,94.867,0,0,0,0,5.1329,0,0,0,0.0625,0.9375,0,0,1,0,0,0,0,1,0,0,0
0,0,0,19.353,0,80.647,0,0,0,0,0,0,0,0,0,14.311,80.647,0,0,5.0419,0,0,0,0,0,0,0,66.336,14.311,0,0,0,19.353,0,0,0,0.21739,0.78261,0,0,1,0,0,0,0,1,0,0,0
0,0,0,4.2211,0,95.779,0,0,0,0,0,0,0,0,0,4.2211,95.779,0,0,0,0,0,0,0,0,0,0,95.779,0,0,0,0,4.2211,0,0,0,0.16667,0.83333,0,0,1,0,0,0,0,1,0,0,0
0,0,0,0,0,100,0,0,0,0,0,0,0,0,0,0,100,0,0,0,0,0,0,0,0,0,0,100,0,0,0,0,0,0,0,0,0.19672,0.80328,0,0,1,0,0,0,0,1,0,0,0
0,0,0,0,0,100,0,0,0,0,0,0,0,0,0,0,100,0,0,0,0,0,0,0,0,0,0,100,0,0,0,0,0,0,0,0.015625,0.20312,0.78125,0,0,1,0,0,0,0,1,0,0,0
0,0,13.372,0,0,49.927,6.6861,6.6861,23.328,0,0,6.6861,0,23.328,0,6.6861,49.927,6.6861,0,6.6861,0,0,0,6.6861,20.058,0,0,49.927,0,0,0,23.328,0,0,0.98246,0,0.017544,0,0,0,1,0,0,0,0,1,0,0,0
0,0,0,5.0441,0,94.956,0,0,0,0,0,0,0,0,0,0,94.956,0,0,5.0441,0,0,0,0,0,0,0,74.749,20.207,0,0,0,5.0441,0,0.094118,0.27059,0.17647,0.45882,0,0,1,0,0,0,0,1,0,0,0
0,11.686,16.672,0,0,21.107,14.822,33.481,2.2318,0,0,16.672,0,2.2318,24.152,9.3296,21.107,24.152,0,2.3563,0,0,0,18.659,58.002,0,0,21.107,0,0,0,2.2318,0,0,0.67816,0.034483,0.091954,0.1954,0,0,1,0,0,0,0,1,0,0,0
0,3.2362,25.21,0,0,62.835,2.9061,2.9061,2.9061,0,0,22.304,0,2.9061,0,2.9061,62.835,2.9061,0,6.1424,0,0,0,2.9061,31.352,0,0,62.835,0,0,0,2.9061,0,0,1,0,0,0,0,0,1,0,0,0,0,1,0,0,0
0,0,0,41.166,0,58.834,0,0,0,0,0,0,0,0,23.497,0,58.834,0,0,17.669,0,0,0,0,0,0,0,58.834,0,0,0,0,41.166,0,0.05618,0.1573,0.14607,0.64045,0,0,1,0,0,0,0,1,0,0,0
0,0,0,12.298,0,87.702,0,0,0,0,0,0,0,0,0,5.7057,87.702,0,0,6.5924,0,0,0,0,0,0,0,87.702,0,0,0,0,12.298,0,0,0.014706,0.29412,0.69118,0,0,1,0,0,0,0,1,0,0,0
0,0,0,7.09,0,92.91,0,0,0,0,0,0,0,0,0,0,92.91,0,0,7.09,0,0,0,0,0,0,0,92.91,0,0,0,0,7.09,0,0,0,0.2,0.8,0,0,1,0,0,0,0,1,0,0,0
0,0,0,16.664,0,83.336,0,0,0,0,0,0,0,0,8.1992,0,75.136,8.1992,0,8.4653,0,0,0,0,0,0,0,83.336,0,0,0,0,16.664,0,0,0,0.25974,0.74026,0,0,1,0,0,0,0,1,0,0,0
0,0,0,0,0,100,0,0,0,0,0,0,0,0,0,0,100,0,0,0,0,0,0,0,0,0,0,94.744,5.2562,0,0,0,0,0,0,0,0.15909,0.84091,0,0,1,0,0,0,0,1,0,0,0
0,0,0,0,0,100,0,0,0,0,0,0,0,0,0,0,100,0,0,0,0,0,0,0,0,0,0,100,0,0,0,0,0,0,0,0.013514,0.2027,0.78378,0,0,1,0,0,0,0,1,0,0,0
0,0,0,0,0,100,0,0,0,0,0,0,0,0,0,0,100,0,0,0,0,0,0,0,0,0,0,100,0,0,0,0,0,0,0,0,0.24419,0.75581,0,0,1,0,0,0,0,1,0,0,0
0,0,0,0,0,100,0,0,0,0,0,0,0,0,0,0,100,0,0,0,0,0,0,0,0,0,0,100,0,0,0,0,0,0,0,0,0.2093,0.7907,0,0,1,0,0,0,0,1,0,0,0
0,0,0,0,0,100,0,0,0,0,0,0,0,0,0,0,100,0,0,0,0,0,0,0,0,0,0,100,0,0,0,0,0,0,0,0.035714,0.14286,0.82143,0,0,1,0,0,0,0,1,0,0,0
0,0,0,0,0,100,0,0,0,0,0,0,0,0,0,0,100,0,0,0,0,0,0,0,0,0,0,100,0,0,0,0,0,0,0,0,0.13115,0.86885,0,0,1,0,0,0,0,1,0,0,0
0,0,0,0,0,100,0,0,0,0,0,0,0,0,0,0,100,0,0,0,0,0,0,0,0,0,0,100,0,0,0,0,0,0,0,0.027778,0.33333,0.63889,0,0,1,0,0,0,0,1,0,0,0
0,0,0,0,0,100,0,0,0,0,0,0,0,0,0,0,100,0,0,0,0,0,0,0,0,0,0,100,0,0,0,0,0,0,0,0.083333,0.125,0.79167,0,0,1,0,0,0,0,1,0,0,0
0,0,0,0,0,100,0,0,0,0,0,0,0,0,0,0,100,0,0,0,0,0,0,0,0,0,0,100,0,0,0,0,0,0,0,0,0.24176,0.75824,0,0,1,0,0,0,0,1,0,0,0
0,0,0,0,0,100,0,0,0,0,0,0,0,0,0,0,100,0,0,0,0,0,0,0,0,0,0,100,0,0,0,0,0,0,0,0.034091,0.30682,0.65909,0,0,1,0,0,0,0,1,0,0,0
6.2701,7.1789,9.9161,14.64,19.948,7.7245,13.853,4.8528,9.1993,3.0359,3.381,8.9485,22.914,26.521,2.5085,3.8755,8.5544,9.1096,0.64288,8.4311,5.9862,2.5085,6.0748,6.039,22.893,12.015,0.67067,4.2244,2.9985,8.0596,17.079,16.141,3.8042,0,1,0,0,0,0,0,1,0,0,0,0,1,0,0,0
0,0,2.0089,0,18.04,24.5,0,0,10.025,24.706,20.719,3.3283,6.9034,13.146,10.232,4.6882,18.042,4.2334,13.816,12.241,13.371,0,0,0,2.0089,0,3.3283,16.723,6.9034,23.387,32.969,2.2245,12.456,0.95,0.05,0,0,0,0,0,1,0,0,0,0,1,0,0,0
0,0,18.268,14.637,18.958,13.85,5.5889,6.9719,21.727,0,0,8.8357,11.39,11.602,2.554,4.6297,15.021,13.85,0,15.714,1.3829,15.021,3.7251,14.809,11.123,4.4179,13.85,0,3.2468,0,33.289,11.602,3.9369,0,1,0,0,0,0,0,1,0,0,0,0,1,0,0,0
0.62934,1.894,14.201,20.612,14.637,8.7185,10.551,10.354,13.738,2.6004,2.0649,14.344,18.615,18.514,3.1284,6.0058,10.42,7.6515,1.8063,8.0945,3.8621,7.5579,8.9102,13.12,10.998,7.4227,3.7942,2.4917,3.0356,3.9122,20.955,19.849,5.5121,1,0,0,0,0,0,0,1,0,0,0,0,1,0,0,0
0,0,16.462,35.033,10.809,2.4847,6.2706,8.7554,20.185,0,0,18.571,13.349,14.156,4.1621,24.169,4.1621,11.869,0,2.9159,2.4847,4.1621,5.8394,12.739,11.232,4.5933,2.4847,0,2.9159,0,11.24,32.924,16.031,0,1,0,0,0,0,0,1,0,0,0,0,1,0,0,0
0,0,6.4884,0,17.303,45.281,0,0,9.9461,13.624,7.3568,3.4577,3.6784,20.113,3.6784,3.4577,35.335,6.4884,3.6784,13.624,6.4884,0,0,0,6.4884,0,3.8539,37.97,3.6784,23.571,20.761,0,3.6784,0.063291,0.93671,0,0,0,0,0,1,0,0,0,0,1,0,0,0
0,2.5735,23.177,2.9604,0,53.766,0,0,17.523,0,0,5.534,0,0,29.245,0,36.243,8.7616,0,5.534,8.7616,5.9209,2.9604,2.9604,16.869,0,0,39.084,2.9604,0,8.7616,11.722,14.682,0,1,0,0,0,0,0,1,0,0,0,0,1,0,0,0
0,0,20.588,1.6236,0,50.157,0,0,17.029,8.9783,1.6236,3.2385,3.8656,1.6236,22.898,0,41.372,5.8694,0,2.2419,9.735,9.1557,3.0376,2.2525,10.74,0,0,35.928,9.9837,4.4945,8.907,15.549,9.1079,0.98913,0.01087,0,0,0,0,0,1,0,0,0,0,0.98913,0.01087,0,0
0,0,0,25,0,75,0,0,0,0,0,0,0,0,0,0,50,0,0,25,25,0,0,25,0,0,0,0,50,0,0,25,0,0,0.73684,0.26316,0,0,0,0,1,0,0,0,0,0.13158,0.86842,0,0
0,0,7.2308,0,0,92.769,0,0,0,0,0,0,0,0,0,26.402,60.397,13.201,0,0,0,0,0,0,0,0,0,92.769,0,0,0,7.2308,0,1,0,0,0,0,0,0,1,0,0,0,0,1,0,0,0
0,0,0,0,0,100,0,0,0,0,0,0,0,0,0,20.87,49.72,29.41,0,0,0,0,0,0,0,0,0,73.819,26.181,0,0,0,0,1,0,0,0,0,0,0,1,0,0,0,0,1,0,0,0
0,0,0,0,0,100,0,0,0,0,0,0,0,0,0,24.48,68.977,6.5435,0,0,0,0,0,0,0,0,0,84.326,15.674,0,0,0,0,1,0,0,0,0,0,0,1,0,0,0,0,1,0,0,0
0,0,0,0,0,75,0,0,25,0,0,0,0,25,0,0,75,0,0,0,0,0,0,0,0,0,0,75,0,0,0,25,0,0,1,0,0,0,0,0,1,0,0,0,0,1,0,0,0
0,0,0,8.6804,0,91.32,0,0,0,0,0,0,0,0,8.6804,0,82.639,8.6804,0,0,0,0,0,0,0,0,0,91.32,0,0,0,0,8.6804,0,0.1236,0.17978,0.21348,0.48315,0,0,1,0,0,0,0,1,0,0,0
0,0,25.55,3.2057,0,71.244,0,0,0,0,0,3.2057,0,0,3.2057,0,83.972,0,0,3.2057,0,6.4114,3.2057,3.2057,3.2057,0,0,64.833,3.2057,0,0,15.933,6.4114,1,0,0,0,0,0,0,1,0,0,0,0,1,0,0,0
0,0,6.6552,0,0,68.527,0,0,12.409,12.409,0,12.409,6.6552,5.7534,0,5.7534,57.021,5.7534,0,0,0,6.6552,6.6552,0,0,0,0,57.021,11.507,12.409,6.6552,0,5.7534,1,0,0,0,0,0,0,1,0,0,0,0,1,0,0,0
0,0,0,10.749,0,79.175,0,0,5.0379,5.0379,0,5.0379,0,5.0379,10.749,5.0379,69.099,5.0379,0,0,0,0,0,0,0,0,0,63.008,16.167,5.0379,0,0,15.787,0,0,0.025641,0.28205,0.69231,0,0,1,0,0,0,0,1,0,0,0
0,0,0,5.7794,0,82.877,0,0,5.6717,5.6717,0,5.6717,0,5.6717,5.7794,5.6717,65.754,11.451,0,0,0,0,0,0,0,0,0,71.534,11.343,5.6717,0,0,11.451,0,0,0,0.15294,0.84706,0,0,1,0,0,0,0,1,0,0,0
0,0,7.9418,4.1874,0,75.215,0,0,9.7959,2.8597,0,2.8597,7.9418,6.9362,4.1874,5.0821,65.946,4.1874,0,0,0,2.8597,7.9418,0,0,0,0,65.165,10.05,2.8597,2.8597,0,11.124,0,0,0,0.22222,0.77778,0,0,1,0,0,0,0,1,0,0,0
0,0,2.8731,0,0,73.145,0,0,15.531,8.4513,0,8.4513,6.4129,5.5783,0,5.5783,61.988,5.5783,0,0,0,6.4129,2.8731,0,0,0,0,61.988,11.157,8.4513,6.4129,0,9.1181,0,0,0,0.097222,0.90278,0,0,1,0,0,0,0,1,0,0,0
0,0,0,0,0,100,0,0,0,0,0,0,0,0,0,0,100,0,0,0,0,0,0,0,0,0,0,92.793,7.2074,0,0,0,0,0,0,0,0.11111,0.88889,0,0,1,0,0,0,0,1,0,0,0
0,0,0,0,0,100,0,0,0,0,0,0,0,0,0,0,100,0,0,0,0,0,0,0,0,0,0,100,0,0,0,0,0,0,0,0.10112,0.11236,0.78652,0,0,1,0,0,0,0,1,0,0,0
0,0,7.2846,0,0,92.715,0,0,0,0,0,0,7.2846,0,0,7.2846,85.431,0,0,0,0,0,7.2846,0,0,0,0,85.431,7.2846,0,0,0,0,0,0,0,0.075949,0.92405,0,0,1,0,0,0,0,1,0,0,0
0,0,0,0,0,100,0,0,0,0,0,0,0,0,0,0,100,0,0,0,0,0,0,0,0,0,0,100,0,0,0,0,0,0,0,0.011364,0.090909,0.89773,0,0,1,0,0,0,0,1,0,0,0
0,0,0,0,0,100,0,0,0,0,0,0,0,0,0,5.104,94.896,0,0,0,0,0,0,0,0,0,0,100,0,0,0,0,0,1,0,0,0,0,0,0,1,0,0,0,0,1,0,0,0
0,0,3.6337,0,0,71.716,0,0,21.017,3.6337,0,3.6337,12.325,0,0,0,71.716,0,0,0,0,12.325,3.6337,0,0,0,0,71.716,0,3.6337,9.9719,2.3533,8.6916,1,0,0,0,0,0,0,1,0,0,0,0,1,0,0,0
0,0,0,0,0,100,0,0,0,0,0,0,0,0,0,0,92.756,7.2443,0,0,0,0,0,0,0,0,0,92.756,7.2443,0,0,0,0,1,0,0,0,0,0,0,1,0,0,0,0,1,0,0,0
0,0,0,0,0,75.693,0,0,24.307,0,0,0,13.738,0,0,0,75.693,0,0,0,0,10.569,0,0,0,0,0,75.693,0,0,2.6202,7.9484,13.738,1,0,0,0,0,0,0,1,0,0,0,0,1,0,0,0
0,0,7.2275,0,0,71.521,0,0,16.696,4.5556,0,4.5556,13.298,0,0,2.6719,68.849,0,0,0,0,10.626,7.2275,0,0,0,0,68.849,2.6719,4.5556,4.5556,6.0701,6.0701,0,0,0,0.052632,0.94737,0,0,1,0,0,0,0,1,0,0,0
0,0,4.3212,0,0,78.808,0,0,16.871,0,0,0,12.757,0,0,4.3212,74.487,0,0,0,0,8.4355,4.3212,0,0,0,0,74.487,4.3212,0,8.4355,0,8.4355,0,0,0,0.3871,0.6129,0,0,1,0,0,0,0,1,0,0,0
0,0,0,0,0,75.029,0,0,24.971,0,0,0,12.486,0,0,0,75.029,0,0,0,0,12.486,0,0,0,0,0,75.029,0,0,10.249,2.2361,12.486,0,0,0,0.16667,0.83333,0,0,1,0,0,0,0,1,0,0,0
0,0,0,0,0,81.832,0,0,18.168,0,0,0,9.084,0,0,0,81.832,0,0,0,0,9.084,0,0,0,0,0,81.832,0,0,0,9.084,9.084,0,0,0,0.16438,0.83562,0,0,1,0,0,0,0,1,0,0,0
0,0,0,0,0,100,0,0,0,0,0,0,0,0,0,0,100,0,0,0,0,0,0,0,0,0,0,100,0,0,0,0,0,0,0,0,0.12346,0.87654,0,0,1,0,0,0,0,1,0,0,0
0,0,0,0,0,100,0,0,0,0,0,0,0,0,0,0,100,0,0,0,0,0,0,0,0,0,0,100,0,0,0,0,0,0,0,0.0097087,0.27184,0.71845,0,0,1,0,0,0,0,1,0,0,0
0,0,0,0,0,100,0,0,0,0,0,0,0,0,0,0,100,0,0,0,0,0,0,0,0,0,0,100,0,0,0,0,0,0,0,0,0.05,0.95,0,0,1,0,0,0,0,1,0,0,0
0,0,0,0,0,100,0,0,0,0,0,0,0,0,0,0,100,0,0,0,0,0,0,0,0,0,0,100,0,0,0,0,0,0,0,0,0.28155,0.71845,0,0,1,0,0,0,0,1,0,0,0
0,0,0,0,0,100,0,0,0,0,0,0,0,0,0,0,100,0,0,0,0,0,0,0,0,0,0,100,0,0,0,0,0,0,0,0.010204,0.2449,0.7449,0,0,1,0,0,0,0,1,0,0,0
0,0,0,0,0,100,0,0,0,0,0,0,0,0,0,0,100,0,0,0,0,0,0,0,0,0,0,100,0,0,0,0,0,0,0,0.10526,0.26316,0.63158,0,0,1,0,0,0,0,1,0,0,0
0,0,0,0,0,100,0,0,0,0,0,0,0,0,0,0,100,0,0,0,0,0,0,0,0,0,0,100,0,0,0,0,0,0,0,0,0.23333,0.76667,0,0,1,0,0,0,0,1,0,0,0
0,0,0,0,0,100,0,0,0,0,0,0,0,0,0,0,100,0,0,0,0,0,0,0,0,0,0,100,0,0,0,0,0,0,0,0.03125,0.14583,0.82292,0,0,1,0,0,0,0,1,0,0,0
0,0,0,0,0,100,0,0,0,0,0,0,0,0,0,0,100,0,0,0,0,0,0,0,0,0,0,100,0,0,0,0,0,0,0,0,0.075472,0.92453,0,0,1,0,0,0,0,1,0,0,0
0,0,0,0,0,100,0,0,0,0,0,0,0,0,0,0,100,0,0,0,0,0,0,0,0,0,0,100,0,0,0,0,0,0,0,0.11702,0.18085,0.70213,0,0,1,0,0,0,0,1,0,0,0
0,0,0,0,0,100,0,0,0,0,0,0,0,0,0,0,100,0,0,0,0,0,0,0,0,0,0,100,0,0,0,0,0,0,0,0,0.042553,0.95745,0,0,1,0,0,0,0,1,0,0,0
0,0,0,0,0,100,0,0,0,0,0,0,0,0,0,0,100,0,0,0,0,0,0,0,0,0,0,100,0,0,0,0,0,0,0,0.018692,0.3271,0.65421,0,0,1,0,0,0,0,1,0,0,0
0,0,0,0,0,100,0,0,0,0,0,0,0,0,0,0,100,0,0,0,0,0,0,0,0,0,0,100,0,0,0,0,0,0,0,0,0,1,0,0,1,0,0,0,0,1,0,0,0
0,0,0,0,0,100,0,0,0,0,0,0,0,0,0,0,100,0,0,0,0,0,0,0,0,0,0,100,0,0,0,0,0,0,0,0,0,1,0,0,1,0,0,0,0,1,0,0,0
0,0,0,0,0,100,0,0,0,0,0,0,0,0,0,0,100,0,0,0,0,0,0,0,0,0,0,100,0,0,0,0,0,0,0,0,0,1,0,0,1,0,0,0,0,1,0,0,0
0,0,0,0,0,100,0,0,0,0,0,0,0,0,0,0,100,0,0,0,0,0,0,0,0,0,0,100,0,0,0,0,0,0,0,0,0,1,0,0,1,0,0,0,0,1,0,0,0
0,0,0,0,0,100,0,0,0,0,0,0,0,0,0,0,100,0,0,0,0,0,0,0,0,0,0,100,0,0,0,0,0,0,0,0,0,1,0,0,1,0,0,0,0,1,0,0,0
0,0,0,0,0,100,0,0,0,0,0,0,0,0,0,0,100,0,0,0,0,0,0,0,0,0,0,100,0,0,0,0,0,0,0,0,0,1,0,0,1,0,0,0,0,1,0,0,0
0,0,0,0,0,100,0,0,0,0,0,0,0,0,0,0,100,0,0,0,0,0,0,0,0,0,0,100,0,0,0,0,0,0,0,0,0,1,0,0,1,0,0,0,0,1,0,0,0
0,0,0,0,0,100,0,0,0,0,0,0,0,0,0,0,100,0,0,0,0,0,0,0,0,0,0,100,0,0,0,0,0,0,0,0,0,1,0,0,1,0,0,0,0,1,0,0,0
0,0,0,0,0,100,0,0,0,0,0,0,0,0,0,0,100,0,0,0,0,0,0,0,0,0,0,100,0,0,0,0,0,0,0,0,0,1,0,0,1,0,0,0,0,1,0,0,0
0,0,0,0,0,100,0,0,0,0,0,0,0,0,0,0,100,0,0,0,0,0,0,0,0,0,0,100,0,0,0,0,0,0,0,0,0,1,0,0,1,0,0,0,0,1,0,0,0
0,0,0,0,0,100,0,0,0,0,0,0,0,0,0,0,100,0,0,0,0,0,0,0,0,0,0,100,0,0,0,0,0,0,0,0,0,1,0,0,1,0,0,0,0,1,0,0,0
0,0,0,0,0,100,0,0,0,0,0,0,0,0,0,0,100,0,0,0,0,0,0,0,0,0,0,100,0,0,0,0,0,0,0,0,0,1,0,0,1,0,0,0,0,1,0,0,0
0,0,0,0,0,100,0,0,0,0,0,0,0,0,0,0,100,0,0,0,0,0,0,0,0,0,0,100,0,0,0,0,0,0,0,0,0.063063,0.93694,0,0,1,0,0,0,0,1,0,0,0
0,0,0,0,0,100,0,0,0,0,0,0,0,0,0,0,100,0,0,0,0,0,0,0,0,0,0,100,0,0,0,0,0,0,0,0,0,1,0,0,1,0,0,0,0,1,0,0,0
0,0,0,0,0,100,0,0,0,0,0,0,0,0,0,0,100,0,0,0,0,0,0,0,0,0,0,100,0,0,0,0,0,0,0,0,0.034483,0.96552,0,0,1,0,0,0,0,1,0,0,0
0,0,0,0,0,100,0,0,0,0,0,0,0,0,0,0,100,0,0,0,0,0,0,0,0,0,0,100,0,0,0,0,0,0,0,0,0,1,0,0,1,0,0,0,0,1,0,0,0
0,0,0,0,0,100,0,0,0,0,0,0,0,0,0,0,100,0,0,0,0,0,0,0,0,0,0,100,0,0,0,0,0,0,0,0,0,1,0,0,1,0,0,0,0,1,0,0,0
0,0,0,0,0,100,0,0,0,0,0,0,0,0,0,0,100,0,0,0,0,0,0,0,0,0,0,100,0,0,0,0,0,0,0,0,0,1,0,0,1,0,0,0,0,1,0,0,0
0,0,0,0,0,100,0,0,0,0,0,0,0,0,0,0,100,0,0,0,0,0,0,0,0,0,0,100,0,0,0,0,0,0,0,0,0,1,0,0,1,0,0,0,0,1,0,0,0
0,0,0,0,0,100,0,0,0,0,0,0,0,0,0,0,100,0,0,0,0,0,0,0,0,0,0,100,0,0,0,0,0,0,0,0,0,1,0,0,1,0,0,0,0,1,0,0,0
0,0,0,0,0,100,0,0,0,0,0,0,0,0,0,0,100,0,0,0,0,0,0,0,0,0,0,100,0,0,0,0,0,0,0,0,0.085106,0.91489,0,0,1,0,0,0,0,1,0,0,0
0,0,0,0,0,100,0,0,0,0,0,0,0,0,0,0,100,0,0,0,0,0,0,0,0,0,0,100,0,0,0,0,0,0,0,0,0,1,0,0,1,0,0,0,0,1,0,0,0
0,0,0,0,0,100,0,0,0,0,0,0,0,0,0,0,100,0,0,0,0,0,0,0,0,0,0,100,0,0,0,0,0,0,0,0,0.052083,0.94792,0,0,1,0,0,0,0,1,0,0,0
0,0,0,0,0,100,0,0,0,0,0,0,0,0,0,0,100,0,0,0,0,0,0,0,0,0,0,100,0,0,0,0,0,0,0,0,0,1,0,0,1,0,0,0,0,1,0,0,0
0,0,0,0,0,100,0,0,0,0,0,0,0,0,0,0,100,0,0,0,0,0,0,0,0,0,0,100,0,0,0,0,0,0,0,0,0,1,0,0,1,0,0,0,0,1,0,0,0
0,0,0,0,0,100,0,0,0,0,0,0,0,0,0,0,100,0,0,0,0,0,0,0,0,0,0,100,0,0,0,0,0,0,0,0,0,1,0,0,1,0,0,0,0,1,0,0,0
0,0,0,0,0,100,0,0,0,0,0,0,0,0,0,0,100,0,0,0,0,0,0,0,0,0,0,100,0,0,0,0,0,0,0,0,0,1,0,0,1,0,0,0,0,1,0,0,0
0,0,0,0,0,100,0,0,0,0,0,0,0,0,0,0,100,0,0,0,0,0,0,0,0,0,0,100,0,0,0,0,0,0,0,0,0,1,0,0,1,0,0,0,0,1,0,0,0
0,0,0,0,0,100,0,0,0,0,0,0,0,0,0,0,100,0,0,0,0,0,0,0,0,0,0,100,0,0,0,0,0,0,0,0,0,1,0,0,1,0,0,0,0,1,0,0,0
0,0,0,0,0,100,0,0,0,0,0,0,0,0,0,0,100,0,0,0,0,0,0,0,0,0,0,100,0,0,0,0,0,0,0,0,0,1,0,0,1,0,0,0,0,1,0,0,0
0,0,0,0,0,100,0,0,0,0,0,0,0,0,0,0,100,0,0,0,0,0,0,0,0,0,0,100,0,0,0,0,0,0,0,0,0,1,0,0,1,0,0,0,0,1,0,0,0
0,0,0,0,0,100,0,0,0,0,0,0,0,0,0,0,100,0,0,0,0,0,0,0,0,0,0,100,0,0,0,0,0,0,0,0,0,1,0,0,1,0,0,0,0,1,0,0,0
0,0,0,0,0,100,0,0,0,0,0,0,0,0,0,0,100,0,0,0,0,0,0,0,0,0,0,100,0,0,0,0,0,0,0,0,0,1,0,0,1,0,0,0,0,1,0,0,0
0,0,0,0,0,100,0,0,0,0,0,0,0,0,0,0,100,0,0,0,0,0,0,0,0,0,0,100,0,0,0,0,0,0,0,0,0,1,0,0,1,0,0,0,0,1,0,0,0
0,0,0,0,0,100,0,0,0,0,0,0,0,0,0,0,100,0,0,0,0,0,0,0,0,0,0,100,0,0,0,0,0,0,0,0,0.010753,0.98925,0,0,1,0,0,0,0,1,0,0,0
0,0,0,0,0,100,0,0,0,0,0,0,0,0,0,0,100,0,0,0,0,0,0,0,0,0,0,100,0,0,0,0,0,0,0,0,0.051948,0.94805,0,0,1,0,0,0,0,1,0,0,0
0,0,0,0,0,100,0,0,0,0,0,0,0,0,0,0,100,0,0,0,0,0,0,0,0,0,0,100,0,0,0,0,0,0,0,0,0.069444,0.93056,0,0,1,0,0,0,0,1,0,0,0
0,0,0,0,0,100,0,0,0,0,0,0,0,0,0,0,100,0,0,0,0,0,0,0,0,0,0,100,0,0,0,0,0,0,0.016129,0.048387,0,0.93548,0,0,1,0,0,0,0,1,0,0,0
0,0,0,0,0,100,0,0,0,0,0,0,0,0,0,0,100,0,0,0,0,0,0,0,0,0,0,100,0,0,0,0,0,0,0,0,0,1,0,0,1,0,0,0,0,1,0,0,0
0,0,0,0,0,100,0,0,0,0,0,0,0,0,0,0,100,0,0,0,0,0,0,0,0,0,0,100,0,0,0,0,0,0,0,0,0,1,0,0,1,0,0,0,0,1,0,0,0
0,0,0,0,0,100,0,0,0,0,0,0,0,0,0,0,100,0,0,0,0,0,0,0,0,0,0,100,0,0,0,0,0,0,0,0,0,1,0,0,1,0,0,0,0,1,0,0,0
0,0,0,0,0,100,0,0,0,0,0,0,0,0,0,0,100,0,0,0,0,0,0,0,0,0,0,100,0,0,0,0,0,0,0,0,0,1,0,0,1,0,0,0,0,1,0,0,0
0,0,0,0,0,100,0,0,0,0,0,0,0,0,0,0,100,0,0,0,0,0,0,0,0,0,0,100,0,0,0,0,0,0,0,0,0,1,0,0,1,0,0,0,0,1,0,0,0
0,0,0,0,0,100,0,0,0,0,0,0,0,0,0,0,100,0,0,0,0,0,0,0,0,0,0,100,0,0,0,0,0,0,0.15094,0.037736,0.13208,0.67925,0,0,1,0,0,0,0,1,0,0,0
0,0,0,0,0,100,0,0,0,0,0,0,0,0,0,0,100,0,0,0,0,0,0,0,0,0,0,100,0,0,0,0,0,0,0,0,0,1,0,0,1,0,0,0,0,1,0,0,0
0,0,0,0,0,100,0,0,0,0,0,0,0,0,0,0,100,0,0,0,0,0,0,0,0,0,0,100,0,0,0,0,0,0,0,0,0,1,0,0,1,0,0,0,0,1,0,0,0
0,0,0,0,0,100,0,0,0,0,0,0,0,0,0,0,100,0,0,0,0,0,0,0,0,0,0,100,0,0,0,0,0,0,0,0,0,1,0,0,1,0,0,0,0,1,0,0,0
0,0,0,0,0,100,0,0,0,0,0,0,0,0,0,0,100,0,0,0,0,0,0,0,0,0,0,100,0,0,0,0,0,0,0,0,0,1,0,0,1,0,0,0,0,1,0,0,0
0,0,0,0,0,100,0,0,0,0,0,0,0,0,0,0,100,0,0,0,0,0,0,0,0,0,0,100,0,0,0,0,0,0.012048,0,0.024096,0.012048,0.95181,0,0,1,0,0,0,0,1,0,0,0
0,0,0,0,0,100,0,0,0,0,0,0,0,0,0,0,100,0,0,0,0,0,0,0,0,0,0,100,0,0,0,0,0,0,0,0,0,1,0,0,1,0,0,0,0,1,0,0,0
0,0,0,0,0,100,0,0,0,0,0,0,0,0,0,0,100,0,0,0,0,0,0,0,0,0,0,100,0,0,0,0,0,0,0,0,0,1,0,0,1,0,0,0,0,1,0,0,0
0,0,0,0,0,100,0,0,0,0,0,0,0,0,0,0,100,0,0,0,0,0,0,0,0,0,0,100,0,0,0,0,0,0,0,0,0.011111,0.98889,0,0,1,0,0,0,0,1,0,0,0
0,0,0,31.292,19.046,33.743,6.123,9.7973,0,0,0,0,9.7973,0,0,7.3485,22.72,19.046,0,6.123,9.7973,25.169,0,13.472,31.292,0,0,26.394,3.6742,19.046,0,6.123,0,0,1,0,0,0,0,0,1,0,0,0,0,0,1,0,0
0,0,0,8.3064,31.555,31.555,24.431,4.1532,0,0,0,0,4.1532,11.277,0,20.278,11.277,20.278,0,4.1532,24.431,4.1532,0,4.1532,28.584,0,0,31.555,0,31.555,0,4.1532,0,0,1,0,0,0,0,0,1,0,0,0,0,0.098039,0.90196,0,0
8.6903,0,0,0,50,41.31,0,0,0,0,0,0,0,41.31,0,0,41.31,0,0,8.6903,0,8.6903,0,0,0,0,0,50,0,41.31,8.6903,0,0,0,1,0,0,0,0,0,1,0,0,0,0,0.041667,0.95833,0,0
0,0,0,15.32,69.361,15.32,0,0,0,0,0,0,0,27.021,0,0,15.32,15.32,0,27.021,0,15.32,0,0,15.32,0,0,15.32,0,69.361,0,0,0,0,1,0,0,0,0,0,1,0,0,0,0,0.032258,0.96774,0,0
13.243,0,0,0,53.628,33.128,0,0,0,0,0,0,0,13.243,13.571,0,33.128,0,0,26.814,0,13.243,0,0,0,0,0,46.372,7.257,13.243,33.128,0,0,0,0.5,0.083333,0.19444,0.22222,0,0,1,0,0,0,0,0.69444,0.30556,0,0
0,0,0,0,48.264,51.736,0,0,0,0,0,0,0,18.969,10.774,0,40.516,0,0,29.742,0,0,0,0,0,0,0,29.296,33.66,0,37.044,0,0,0,0.4,0.057143,0.22857,0.31429,0,0,1,0,0,0,0,0.88571,0.11429,0,0
6.3623,0,0,0,59.119,21.795,0,0,6.3623,6.3623,0,6.3623,0,22.189,10.552,6.3623,21.795,0,0,26.378,0,6.3623,0,0,0,0,0,28.157,0,30.27,35.211,0,6.3623,0.011111,0.97778,0.011111,0,0,0,0,1,0,0,0,0,0.17778,0.82222,0,0
6.7568,0,11.902,4.3178,21.097,44.592,0,0,7.0161,4.3178,0,4.3178,0,18.658,14.6,7.5839,29.425,7.5839,4.3178,6.7568,0,6.7568,0,16.219,0,0,4.3178,39.447,7.5839,18.658,6.7568,0,7.0161,0.69231,0.30769,0,0,0,0,0,1,0,0,0,0,0.76923,0.23077,0,1
5.0878,0,0,0,50.541,38.004,0,0,6.3667,0,0,0,0,12.856,18.781,0,38.004,0,0,25.271,0,5.0878,0,0,0,0,0,43.092,12.414,5.0878,33.039,0,6.3667,0,1,0,0,0,0,0,1,0,0,0,0,0,1,0,0
7.4192,0,9.355,9.355,19.193,30.484,0,0,7.4192,16.774,0,16.774,0,9.355,13.306,7.4192,30.484,0,9.355,5.8871,0,7.4192,0,18.71,0,0,9.355,28.548,0,24.193,11.774,0,7.4192,0,1,0,0,0,0,0,1,0,0,0,0,0,1,0,0
0,0,0,9.3166,26.288,64.396,0,0,0,0,0,0,0,9.3166,16.399,0,51.238,0,0,0,23.046,0,0,0,0,0,0,37.508,26.888,23.046,3.2412,9.3166,0,0.17073,0.36585,0.14634,0.04878,0.26829,0,0,1,0,0,0,0,0.90244,0.097561,0,0
0,0,0,10.168,28.451,61.381,0,0,0,0,0,0,0,10.168,2.2392,0,60.354,0,0,0,27.239,0,0,0,0,0,0,51.212,10.168,11.381,17.071,10.168,0,0.083333,0.91667,0,0,0,0,0,1,0,0,0,0,0.13889,0.86111,0,0
0,0,0,5.3879,17.459,77.153,0,0,0,0,0,0,0,5.3879,14.224,0,59.694,0,0,0,20.695,0,0,0,0,0,0,47.622,29.53,14.224,3.2355,5.3879,0,0,1,0,0,0,0,0,1,0,0,0,0,0,1,0,0
0,0,0,0,35.833,64.167,0,0,0,0,0,0,0,14.485,10.674,0,35.197,0,14.485,25.159,0,0,0,0,0,0,0,37.42,37.42,0,25.159,0,0,0,0.98765,0.012346,0,0,0,0,1,0,0,0,0,0.061728,0.93827,0,0
0,0,0,13.082,39.584,47.334,0,0,0,0,0,0,0,15.632,11.976,0,31.52,0,13.264,19.883,7.7251,0,0,0,0,0,0,34.07,13.264,19.701,19.883,13.082,0,0,0.93939,0.060606,0,0,0,0,1,0,0,0,0,0.36364,0.63636,0,0
0,0,0,0,29.324,70.676,0,0,0,0,0,0,0,29.324,12.027,0,0,0,41.351,17.298,0,0,0,0,0,0,0,41.351,29.324,12.027,17.298,0,0,0,1,0,0,0,0,0,1,0,0,0,0,0,1,0,0
0,0,0,0,17.712,82.288,0,0,0,0,0,0,0,17.712,0,0,64.576,0,0,17.712,0,0,0,0,0,0,0,46.865,53.135,0,0,0,0,0,1,0,0,0,0,0,1,0,0,0,0,0,1,0,0
0,0,0,0,0,86.294,13.706,0,0,0,0,0,0,0,0,0,100,0,0,0,0,0,0,0,0,0,33.333,66.667,0,0,0,0,0,0,1,0,0,0,0,0,1,0,0,0,0,0.0086957,0.9913,0,0
0,0,0,0,0,100,0,0,0,0,0,0,0,0,0,0,100,0,0,0,0,0,0,0,0,0,0,74.468,25.532,0,0,0,0,0,1,0,0,0,0,0,1,0,0,0,0,0,1,0,0
0,0,0,0,0,75.114,16.682,0,8.2043,0,0,0,0,0,8.2043,0,91.796,0,0,0,0,0,0,0,0,0,33.318,50,8.4778,0,0,8.2043,0,0,1,0,0,0,0,0,1,0,0,0,0,0,1,0,0
0,0,0,13.976,19.078,66.946,0,0,0,0,0,0,0,19.078,9.2765,0,47.464,0,10.205,0,13.976,0,0,0,0,0,0,57.669,9.2765,19.078,0,13.976,0,0,1,0,0,0,0,0,1,0,0,0,0,0,1,0,0
0,0,0,12.867,0,87.133,0,0,0,0,0,0,0,0,0,0,87.133,0,12.867,0,0,0,0,0,0,0,0,74.267,12.867,0,0,12.867,0,0,1,0,0,0,0,0,1,0,0,0,0,0,1,0,0
0,0,0,4.1896,4.1896,91.621,0,0,0,0,0,0,0,4.1896,4.1896,0,87.431,0,0,0,4.1896,0,0,0,0,0,0,87.431,4.1896,4.1896,0,4.1896,0,0,1,0,0,0,0,0,1,0,0,0,0,0,1,0,0
0,0,5.0779,0,0,89.844,5.0779,0,0,0,0,5.0779,0,0,0,0,89.844,0,5.0779,0,0,0,5.0779,5.0779,0,0,0,89.844,0,0,0,0,0,0,1,0,0,0,0,0,1,0,0,0,0,0,1,0,0
0,0,0,0,0,100,0,0,0,0,0,0,0,0,0,0,100,0,0,0,0,0,0,0,0,0,0,100,0,0,0,0,0,0,1,0,0,0,0,0,1,0,0,0,0,0,1,0,0
0,0,15.975,0,0,50.294,12.149,0,17.17,4.4127,0,8.665,4.4127,5.8612,4.2523,4.2523,58.191,0,0,0,14.366,0,10.274,10.114,8.665,0,20.654,25.814,15.975,0,4.2523,4.2523,0,0,0.96154,0.028846,0.0096154,0,0,0,0.99038,0.0096154,0,0,0,0.048077,0.95192,0,0
0,7.2539,7.2539,0,3.3972,43.82,3.3972,9.9892,10.746,14.143,0,16.878,3.4919,7.2539,0,3.3972,37.687,17.905,7.2539,0,0,6.1325,20.275,7.2539,13.481,0,0,37.687,0,0,10.651,10.651,0,0,1,0,0,0,0,0,1,0,0,0,0,0,1,0,0
0,14.133,8.5208,5.4426,0,42.561,7.252,0,19.37,2.7213,0,5.7995,2.7213,8.1639,6.3291,5.1596,44.013,0,3.3612,2.7213,21.731,0,8.8039,19.932,2.4383,0,8.7673,35.246,2.4383,0,7.8809,14.493,0,0.012821,0.73077,0.089744,0.16667,0,0,0,1,0,0,0,0,0.025641,0.97436,0,0
0,0,0,0,0,0,0,0,0,0,0,0,0,0,0,0,0,0,0,0,0,0,0,0,0,0,0,0,0,0,0,0,0,0,1,0,0,0,0,0,1,0,0,0,0,0,1,0,0
0,0,0,0,0,100,0,0,0,0,0,0,0,0,0,0,100,0,0,0,0,0,0,0,0,0,0,100,0,0,0,0,0,0.019231,0.73077,0.25,0,0,0,0,1,0,0,0,0,0.57692,0.42308,0,0
0,0,4.1904,0,0,95.81,0,0,0,0,0,4.1904,0,0,0,4.4567,91.353,0,0,0,0,0,0,0,0,0,0,95.81,0,0,0,0,4.1904,1,0,0,0,0,0,0,1,0,0,0,0,1,0,0,0
0,0,0,0,0,100,0,0,0,0,0,0,0,0,0,0,100,0,0,0,0,0,0,0,0,0,0,100,0,0,0,0,0,0,1,0,0,0,0,0,1,0,0,0,0,0,1,0,0
0,0,0,0,0,100,0,0,0,0,0,0,0,0,0,0,100,0,0,0,0,0,0,0,0,0,0,100,0,0,0,0,0,0,1,0,0,0,0,0,1,0,0,0,0,0,1,0,0
0,0,0,0,0,100,0,0,0,0,0,0,0,0,0,0,100,0,0,0,0,0,0,0,0,0,0,100,0,0,0,0,0,0,1,0,0,0,0,0,1,0,0,0,0,0,1,0,0
3.9619,0,4.5032,17.176,8.4651,49.852,0,0,12.08,3.9619,0,3.9619,0,16.296,21.966,8.4651,35.462,4.5032,5.3836,0,0,3.9619,0,21.679,0,0,6.409,24.7,22.705,12.427,0,0,12.08,0,1,0,0,0,0,0,1,0,0,0,0,0,1,0,0
0,0,15.872,0,7.9358,60.099,0,12.015,4.0792,0,0,0,4.0792,0,7.9358,7.9358,52.163,0,7.9358,0,7.9358,12.015,7.9358,0,12.015,0,0,37.379,9.761,0,0,0,32.91,0,0.081395,0,0.9186,0,0,0,1,0,0,0,0,0,1,0,0
0,0,6.5819,20.091,0,66.745,0,0,0,6.5819,0,6.5819,0,13.336,6.7543,0,59.991,0,13.336,0,0,0,0,26.673,0,0,6.5819,34.662,17.683,6.5819,0,0,7.8182,0,0,0.013333,0.68,0.30667,0,0,1,0,0,0,0,0,1,0,0
0,0,4.765,3.1475,0,92.087,0,0,0,0,0,0,0,3.1475,4.765,0,92.087,0,0,0,0,0,4.765,3.1475,4.765,0,3.1475,65.733,12.368,0,0,0,6.0732,0,0,0,1,0,0,0,1,0,0,0,0,0,1,0,0
0,0,0,0,0,0,0,0,0,0,0,0,0,0,0,0,0,0,0,0,0,0,0,0,0,0,0,0,0,0,0,0,0,0,1,0,0,0,0,0,1,0,0,0,0,0,1,0,0
0,0,0,0,0,100,0,0,0,0,0,0,0,0,0,0,100,0,0,0,0,0,0,0,0,0,0,100,0,0,0,0,0,0,1,0,0,0,0,0,1,0,0,0,0,0,1,0,0
0,0,0,0,0,100,0,0,0,0,0,0,0,0,0,0,100,0,0,0,0,0,0,0,0,0,0,100,0,0,0,0,0,0,1,0,0,0,0,0,1,0,0,0,0,0,1,0,0
0,0,0,0,0,100,0,0,0,0,0,0,0,0,0,0,100,0,0,0,0,0,0,0,0,0,0,100,0,0,0,0,0,0,1,0,0,0,0,0,1,0,0,0,0,0,1,0,0
0,0,0,0,0,100,0,0,0,0,0,0,0,0,0,0,100,0,0,0,0,0,0,0,0,0,0,100,0,0,0,0,0,0,1,0,0,0,0,0,1,0,0,0,0,0.14286,0.85714,0,0
0,0,0,0,0,100,0,0,0,0,0,0,0,0,0,0,100,0,0,0,0,0,0,0,0,0,0,100,0,0,0,0,0,0,1,0,0,0,0,0,1,0,0,0,0,0.092105,0.90789,0,0
0,0,0,0,0,93.426,6.5741,0,0,0,0,0,0,0,0,0,100,0,0,0,0,0,0,0,0,0,24.142,69.284,6.5741,0,0,0,0,0,0.014925,0.014925,0.59701,0.37313,0,0,1,0,0,0,0,0.074627,0.92537,0,0
0,0,0,0,0,100,0,0,0,0,0,0,0,0,0,0,100,0,0,0,0,0,0,0,0,0,8.298,79.648,12.054,0,0,0,0,0,0,0,1,0,0,0,1,0,0,0,0,0,1,0,0
0,3.8071,0,0,0,88.864,7.3292,0,0,0,0,0,0,0,0,0,96.193,0,3.8071,0,0,0,0,0,3.8071,0,15.036,65.53,15.626,0,0,0,0,0,0,0,0.78261,0.21739,0,0,1,0,0,0,0,0.028986,0.97101,0,0
0,3.9185,0,0,0,89.795,6.2863,0,0,0,0,0,0,0,0,0,96.081,0,3.9185,0,0,0,0,0,3.9185,0,6.2863,75.672,14.123,0,0,0,0,0,0,0,1,0,0,0,1,0,0,0,0,0,1,0,0
0,0,0,0,0,100,0,0,0,0,0,0,0,0,0,0,100,0,0,0,0,0,0,0,0,0,0,100,0,0,0,0,0,0,1,0,0,0,0,0,1,0,0,0,0,0,1,0,0
0,0,0,0,0,100,0,0,0,0,0,0,0,0,0,0,100,0,0,0,0,0,0,0,0,0,0,100,0,0,0,0,0,0,1,0,0,0,0,0,1,0,0,0,0,0,1,0,0
3.5326,3.0167,7.4201,0,4.3041,61.926,5.2261,0,14.574,0,0,3.116,4.3041,4.3041,8.3421,7.4201,59.732,0,3.0167,3.5326,6.232,0,7.8367,3.116,6.1327,0,24.37,30.1,12.682,0,3.116,12.646,0,0,0.04,0.04,0.72,0.2,0,0,1,0,0,0,0,0.026667,0.97333,0,0
8.4622,3.0573,5.8924,0,3.0573,73.645,5.8853,0,0,0,0,0,3.0573,2.9462,0,3.0573,76.473,0,3.0573,8.4622,2.9462,0,11.408,2.9462,3.0573,0,5.8853,50.844,22.801,0,0,3.0573,0,0,0,0,1,0,0,0,1,0,0,0,0,0,1,0,0
0,6.5258,3.2629,6.5258,0,51.802,0,0,19.205,12.679,0,9.4161,12.679,9.7888,0,3.2629,51.802,0,0,3.2629,9.7888,0,15.942,6.5258,9.4161,0,0,51.802,0,0,6.5258,9.7888,0,0.055556,0.37037,0.12963,0.44444,0,0,0,1,0,0,0,0,0.055556,0.94444,0,1
7.7579,12.16,5.6195,0,7.7579,63.895,2.8098,0,0,0,0,0,7.7579,2.8098,0,7.7579,58.947,0,12.16,7.7579,2.8098,0,10.568,2.8098,12.16,0,2.8098,46.586,17.309,0,0,7.7579,0,0,0,0,1,0,0,0,1,0,0,0,0,0.018519,0.98148,0,0
0,0,0,0,0,93.237,0,0,2.2542,0,4.5084,0,0,0,4.5084,2.2542,93.237,0,0,0,0,0,0,0,0,0,0,93.237,2.2542,2.2542,0,2.2542,0,0,1,0,0,0,0,0,1,0,0,0,0,0,1,0,0
0,0,0,0,0,69.243,0,0,10.252,0,20.505,0,0,0,20.505,10.252,69.243,0,0,0,0,0,0,0,0,0,0,69.243,10.252,10.252,0,10.252,0,0,1,0,0,0,0,0,1,0,0,0,0,0,1,0,0
1.8631,0,0,11.188,6.4438,45.497,0,0,12.13,0,22.878,0,6.4438,0,17.632,6.6073,52.192,9.576,0,0,0,7.5494,0,0,0,1.8631,0,45.497,1.8631,27.459,7.5494,15.769,0,0,1,0,0,0,0,0,0.98387,0.016129,0,0,0,0,1,0,0
0,0,0,0,0,100,0,0,0,0,0,0,0,0,0,0,100,0,0,0,0,0,0,0,0,0,0,100,0,0,0,0,0,0,1,0,0,0,0,0,1,0,0,0,0,0.015152,0.98485,0,0
0,0,0,0,0,100,0,0,0,0,0,0,0,0,0,0,100,0,0,0,0,0,0,0,0,0,0,100,0,0,0,0,0,0,1,0,0,0,0,0,1,0,0,0,0,0,1,0,0
0,0,0,0,0,100,0,0,0,0,0,0,0,0,0,0,100,0,0,0,0,0,0,0,0,0,0,100,0,0,0,0,0,0,1,0,0,0,0,0,1,0,0,0,0,0,1,0,0
6.5228,0,0,6.8548,9.1888,42.944,0,0,7.91,0,26.579,0,9.1888,0,21.2,6.7668,55.99,4.1888,0,0,0,2.666,0,0,0,6.5228,0,42.944,9.1008,26.667,2.666,12.099,0,0,1,0,0,0,0,0,1,0,0,0,0,0,1,0,0
0,4.4341,6.8892,39.39,29.063,4.7551,0,4.3197,11.15,0,0,0,9.3553,6.5682,19.719,21.631,22.399,6.8892,11.305,2.134,0,0,2.3001,7.0552,0,4.4341,0,0,6.7747,0,30.972,39.39,9.0748,0,0.81356,0.18644,0,0,0,0,1,0,0,0,0,0.83051,0.16949,0,1
0,3.4495,7.698,50.939,18.218,5.3267,0,6.4787,6.8402,0,1.0507,0,3.2071,10.097,19.099,25.628,29.391,3.422,4.6838,3.422,0,1.0507,5.3542,1.0782,0,3.4495,1.0507,0,10.727,2.1014,17.771,50.939,7.5294,0,0.78571,0.21429,0,0,0,0,1,0,0,0,0,0.88095,0.11905,0,1
0,0,16.966,21.271,0,21.271,0,6.4071,34.085,0,0,0,0,0,6.4071,21.271,38.237,10.559,0,0,23.526,0,0,6.4071,0,0,0,10.712,10.559,0,17.119,27.525,27.678,0.087719,0.91228,0,0,0,0,0,1,0,0,0,0,0.78947,0.21053,0,1
0,0,37.468,7.8383,0,30.799,0,6.6073,17.288,0,0,0,0,0,22.038,4.0732,33.641,15.43,0,3.7651,21.053,0,0,25.803,0,0,0,19.504,7.5302,0,10.681,25.803,10.681,0,0.48333,0.51667,0,0,0,0,1,0,0,0,0,0.26667,0.73333,0,1
0,0,31.306,22.546,0,23.603,0,7.6764,14.869,0,0,0,0,0,8.7333,14.869,29.766,22.573,0,0,24.059,0,0,8.7333,0,0,0,17.44,6.1629,0,8.7063,28.736,30.222,0.0072993,0.94891,0.043796,0,0,0,0,1,0,0,0,0,0.75912,0.24088,0,1
0,0,44.453,4.0493,0,19.611,0,9.2792,22.608,0,0,0,0,0,24.841,4.0493,32.94,19.611,0,0,18.558,0,0,24.841,0,0,0,15.562,4.0493,0,9.2792,32.94,13.328,0.025641,0.97436,0,0,0,0,0,1,0,0,0,0,0.69231,0.30769,0,1
0,0,12.608,13.606,13.606,36.924,0,7.7521,15.504,0,0,0,0,0,7.7521,13.606,31.069,4.8555,13.606,0,29.11,0,0,7.7521,0,0,0,0,36.924,13.606,7.7521,21.358,12.608,0,0.82895,0.17105,0,0,0,0,1,0,0,0,0,0.82895,0.17105,0,1
0,4.2247,13.761,34.059,25.56,10.633,0,1.0961,7.3694,0,3.2962,0,10.979,9.1996,7.8003,16.925,22.793,11.915,10.667,6.4248,0,3.2962,2.9424,6.5865,0,4.2247,3.2962,0,10.633,6.5924,21.783,34.059,9.8827,0,0.32203,0.67797,0,0,0,0,1,0,0,0,0,0.94915,0.050847,0,1
0,0,23.813,15.871,3.6954,33.608,0,14.024,7.1404,0,1.8477,0,1.8477,0,0,7.1404,28.316,29.106,1.8477,1.8477,28.048,1.8477,0,0,0,0,7.1404,0,28.316,3.6954,1.8477,21.164,37.837,0.035088,0.2807,0.68421,0,0,0,0,1,0,0,0,0,0.89474,0.10526,0,1
0,7.4746,12.836,44.903,15.539,8.4238,0,4.6989,6.1246,0,0,0,9.3385,17.097,12.971,16.948,28.393,7.6262,3.2139,4.4123,0,0,8.2722,6.2762,0,7.4746,0,0,10.06,0,15.101,44.903,7.9128,0.17647,0.76471,0.058824,0,0,0,0,1,0,0,0,0,1,0,0,1
0,3.339,6.3278,36.995,24.832,6.3278,0,6.2904,13.675,0,2.2131,0,11.165,5.1794,21.037,18.125,26.308,4.4874,9.271,2.2131,0,2.2131,5.1794,5.6132,0,3.339,2.2131,0,9.2792,4.4262,22.177,36.995,10.778,0.62069,0.37931,0,0,0,0,0,1,0,0,0,0,1,0,0,1
0,5.0741,11.146,45.271,22.85,6.0715,0,1.5714,6.5309,0,1.4856,0,3.057,13.163,14.677,22.965,21.86,8.1311,8.1024,6.5597,0,1.4856,3.0145,1.5714,0,5.0741,1.4856,0,7.643,2.9712,28.341,45.271,4.6284,0.875,0.125,0,0,0,0,0,1,0,0,0,0,1,0,0,1
6.0567,0,3.9194,32.548,6.0567,26.564,0,0,10.468,9.9762,4.4112,9.9762,0,18.234,20.371,6.0567,12.25,4.4112,18.234,0,0,10.468,0,36.467,0,0,3.9194,14.387,14.314,20.444,0,4.4112,6.0567,0.8913,0.1087,0,0,0,0,0,1,0,0,0,0,1,0,0,1
0,5.2452,5.2947,38.647,16.036,16.509,0,6.7189,8.5723,0,2.9765,0,4.8707,8.8833,8.3259,29.016,25.249,10.653,4.0221,3.6381,2.3656,2.9765,1.6071,3.2636,0,5.2452,2.3817,2.9765,16.263,5.3421,10.54,44.006,8.3754,0.090909,0.29545,0.61364,0,0,0,0,1,0,0,0,0,1,0,0,1
0,0,6.8052,2.6273,9.4325,59.656,0,0,18.852,0,2.6273,0,2.6273,4.178,4.178,23.03,35.076,23.03,2.6273,2.6273,0,2.6273,0,4.178,0,0,18.852,4.178,39.254,9.4325,2.6273,18.852,2.6273,0.19101,0.69663,0.10112,0.011236,0,0,0,1,0,0,0,0,1,0,0,1
0,5.8465,17.708,11.058,1.4245,31.982,1.3666,0,21.359,9.2551,0,2.0859,10.68,16.534,2.0859,12.766,16.511,16.478,3.8452,4.2898,14.725,0,7.271,19.206,2.0859,3.8532,13.419,5.2118,10.865,0,7.9324,30.156,0,0.90698,0.023256,0.069767,0,0,0,0,0.93023,0.069767,0,0,0,0.90698,0.093023,0,1
0,2.6303,34.892,8.3446,0,35.795,5.7143,0,9.0915,3.533,0,0,3.533,17.024,0,12.318,23.256,22.574,2.9282,7.0295,11.337,0,2.6303,36.207,0,10.86,7.3639,5.7143,17.57,0,2.6303,17.024,0,0.11765,0.11765,0.76471,0,0,0,0,0.19608,0.80392,0,0,0,0.13725,0.86275,0,1
0,1.8784,4.899,1.8784,14.891,31.341,18.851,2.0306,13.982,10.248,0,15.299,0.93918,2.8175,0,15.83,20.002,20.473,3.9598,0.93918,8.3998,11.339,26.487,5.8382,2.0306,5.5823,0,20.002,0,0,16.77,23.291,0,0,1,0,0,0,0,0,1,0,0,0,0,0,1,0,0
0,4.3659,18.967,3.6106,1.8747,39.36,3.3736,1.5491,19.712,7.188,0,5.8277,5.639,8.586,1.7332,17.425,25.272,15.051,7.2352,1.4989,11.732,0,4.0945,21.784,5.8277,7.9299,9.0045,16.881,8.9182,0,5.157,20.404,0,0.85156,0,0.09375,0.054688,0,0,0,0.90625,0.09375,0,0,0,0.85156,0.14844,0,1
0,0,23.912,10.288,0,39.288,4.8986,0,11.627,9.9868,0,0,9.9868,15.733,0,14.907,20.631,25.174,7.0297,4.8986,1.6401,0,0,23.912,0,11.136,10.834,10.288,11.928,0,0,31.902,0,0.064516,0.58065,0.33871,0.016129,0,0,0.20968,0.5,0.29032,0,0,0,0.37097,0.62903,0,1
0,0,6.2104,16.065,9.855,51.172,0,6.2104,10.487,0,0,0,0,0,0,20.342,30.829,16.698,9.855,0,22.276,0,0,0,0,0,10.487,0,40.684,9.855,0,26.553,12.421,0,0.92593,0.074074,0,0,0,0,1,0,0,0,0,0.33333,0.66667,0,1
0,0,0,0,0,100,0,0,0,0,0,0,0,0,0,11.952,83.706,4.3428,0,0,0,0,0,0,0,0,0,69.841,30.159,0,0,0,0,1,0,0,0,0,0,0,1,0,0,0,0,1,0,0,0
0,0,0,0,0,100,0,0,0,0,0,0,0,0,0,3.8198,74.361,21.819,0,0,0,0,0,0,0,0,0,60.897,39.103,0,0,0,0,1,0,0,0,0,0,0,1,0,0,0,0,1,0,0,0
0,0,0,0,0,100,0,0,0,0,0,0,0,0,0,13.23,50.973,35.798,0,0,0,0,0,0,0,0,0,73.541,26.459,0,0,0,0,1,0,0,0,0,0,0,1,0,0,0,0,1,0,0,0
0,0,0,0,0,100,0,0,0,0,0,0,0,0,0,16.446,62.351,21.203,0,0,0,0,0,0,0,0,0,69.73,30.27,0,0,0,0,1,0,0,0,0,0,0,1,0,0,0,0,1,0,0,0
0,0,18.343,10.05,13.819,53.264,0,0,0,4.5237,0,4.5237,0,23.869,13.819,13.819,25.626,13.819,4.5237,0,0,0,0,28.393,0,0,10.05,18.343,24.872,18.343,0,0,0,0.088235,0.058824,0.11765,0.67647,0.058824,0,0,1,0,0,0,0,0.29412,0.70588,0,0
0,0,21.933,0,4.3733,60.51,0,4.3733,8.8102,0,0,0,17.62,0,8.7497,13.183,47.327,0,4.3733,0,4.3733,4.3733,8.7497,0,8.7497,8.8102,0,39.035,8.5493,0,0,0,26.106,0.375,0.55,0.075,0,0,0,0,1,0,0,0,0,1,0,0,1
0,0,10.048,6.9707,8.7836,42.59,0,0,15.804,0,15.804,0,1.8129,0,0,6.9707,37.432,24.039,6.9707,1.8129,5.1578,15.804,0,0,0,0,1.8129,13.991,28.599,22.774,1.8129,20.962,10.048,0.018868,0.28302,0.37736,0.32075,0,0,0,1,0,0,0,0,0.54717,0.45283,0,0
0,0,23.969,2.8642,0,73.166,0,0,0,0,0,15.377,0,0,2.8642,7.475,65.692,0,0,2.8642,0,5.7283,2.8642,2.8642,2.8642,0,0,67.438,2.8642,0,0,2.8642,18.241,1,0,0,0,0,0,0,1,0,0,0,0,1,0,0,0
0,0,8.0962,0,0,91.904,0,0,0,0,0,8.0962,0,0,0,0,91.904,0,0,0,0,0,0,0,0,0,0,91.904,0,0,0,0,8.0962,1,0,0,0,0,0,0,1,0,0,0,0,1,0,0,0
0,0,29.132,0,9.8749,31.829,2.6656,13.177,13.321,0,0,0,26.642,0,9.8749,28.527,8.6335,0,9.8749,0,6.5726,9.8749,9.2383,3.3023,6.5726,15.987,0,31.829,0,0,0,0,33.071,0.061224,0.93878,0,0,0,0,0,1,0,0,0,0,0.061224,0.93878,0,0
0,0,0,0,0,84.624,0,15.376,0,0,0,0,0,0,15.376,17.867,33.514,33.243,0,0,0,0,0,15.376,0,0,0,66.757,17.867,0,0,0,0,1,0,0,0,0,0,0,1,0,0,0,0,1,0,0,0
0,0,11.272,0,6.7803,43.004,21.627,17.318,0,0,0,0,3.7572,0,6.7803,10.537,57.85,0,6.7803,0,3.7572,10.537,3.7572,6.7803,3.7572,25.384,0,43.004,0,0,0,0,17.318,0.65,0.35,0,0,0,0,0,1,0,0,0,0,1,0,0,0
0,0,39.58,0,2.1122,32.691,0,16.174,9.4419,0,0,0,25.271,0,7.5268,17.941,23.918,0,2.1122,0,9.1684,14.062,14.583,2.1122,17.364,15.829,0,21.714,0,0,0,0,28.397,0,1,0,0,0,0,0,1,0,0,0,0,0,1,0,0
0,0,0,0,12.399,62.803,0,24.798,0,0,0,0,0,0,12.399,12.399,25.067,25.337,12.399,0,0,12.399,0,12.399,0,0,0,62.803,0,0,0,0,24.798,0.90323,0.096774,0,0,0,0,0,1,0,0,0,0,1,0,0,0
0,0,4.7138,0,8.2476,45.876,18.528,22.635,0,0,0,0,0,0,14.387,17.675,45.303,6.1394,8.2476,0,0,8.2476,4.7138,14.387,0,18.528,0,45.876,0,0,0,0,16.495,0,0.30769,0.69231,0,0,0,0,1,0,0,0,0,1,0,0,0
0,0,16.767,0,0,50,33.233,0,0,0,0,0,0,0,0,33.534,66.466,0,0,0,0,0,16.767,0,0,33.233,0,50,0,0,0,0,0,0,0.64815,0.12963,0.14815,0.074074,0,0,1,0,0,0,0,1,0,0,0
0,0,0,0,0,100,0,0,0,0,0,0,0,0,0,0,100,0,0,0,0,0,0,0,0,0,0,100,0,0,0,0,0,0,0.78,0.2,0,0.02,0,0,1,0,0,0,0,1,0,0,0
0,0,0,0,0,60.56,39.44,0,0,0,0,0,0,0,0,0,100,0,0,0,0,0,0,0,0,39.44,0,60.56,0,0,0,0,0,0,0,0.05102,0.4898,0.45918,0,0,1,0,0,0,0,1,0,0,0
0,0,9.3293,0,0,90.671,0,0,0,0,0,0,0,0,0,0,81.341,9.3293,0,0,9.3293,0,0,9.3293,0,0,9.3293,72.012,9.3293,0,0,0,0,0,0,0,0.070423,0.92958,0,0,1,0,0,0,0,1,0,0,0
0,0,0,0,0,100,0,0,0,0,0,0,0,0,0,0,100,0,0,0,0,0,0,0,0,0,0,93.051,6.9486,0,0,0,0,1,0,0,0,0,0,0,1,0,0,0,0,1,0,0,0
0,0,0,0,0,69.079,0,0,30.921,0,0,0,8.7434,6.7169,0,0,69.079,0,0,6.7169,0,8.7434,0,0,0,0,0,69.079,0,0,8.7434,6.7169,15.46,1,0,0,0,0,0,0,1,0,0,0,0,1,0,0,0
0,0,0,0,0,100,0,0,0,0,0,0,0,0,0,4.2958,91.408,4.2958,0,0,0,0,0,0,0,0,0,91.408,8.5916,0,0,0,0,1,0,0,0,0,0,0,1,0,0,0,0,1,0,0,0
0,0,0,0,0,80.011,0,0,19.989,0,0,0,5.2192,8.8482,0,0,80.011,0,0,5.9215,0,0,0,0,0,0,0,80.011,0,0,0,5.9215,14.067,0.95238,0.035714,0,0,0.011905,0,0,1,0,0,0,0,1,0,0,0
0,0,0,0,0,79.907,0,0,20.093,0,0,0,10.334,4.4513,0,0,79.907,0,0,0,0,5.3083,0,0,0,0,0,79.907,0,0,2.4433,2.865,14.785,0,0,0,0.21429,0.78571,0,0,1,0,0,0,0,1,0,0,0
0,0,0,0,0,85.693,0,0,14.307,0,0,0,7.1537,0,0,0,85.693,0,0,0,0,7.1537,0,0,0,0,0,85.693,0,0,7.1537,0,7.1537,0,0,0,0.32432,0.67568,0,0,1,0,0,0,0,1,0,0,0
0,0,0,0,0,68.902,0,0,31.098,0,0,0,3.2127,7.5019,0,0,68.902,0,0,17.171,0,3.2127,0,0,0,0,0,68.902,0,0,3.2127,17.171,10.715,0,0,0,0.25,0.75,0,0,1,0,0,0,0,1,0,0,0
0,0,0,0,0,82.32,0,0,17.68,0,0,0,0,6.3994,0,0,82.32,0,0,11.281,0,0,0,0,0,0,0,82.32,0,0,0,11.281,6.3994,0,0,0,0.25,0.75,0,0,1,0,0,0,0,1,0,0,0
0,0,0,0,0,100,0,0,0,0,0,0,0,0,0,0,100,0,0,0,0,0,0,0,0,0,0,100,0,0,0,0,0,0,0,0.013333,0.093333,0.89333,0,0,1,0,0,0,0,1,0,0,0
0,0,0,0,0,100,0,0,0,0,0,0,0,0,0,0,100,0,0,0,0,0,0,0,0,0,0,100,0,0,0,0,0,0,0,0,0.25,0.75,0,0,1,0,0,0,0,1,0,0,0
0,0,0,0,0,100,0,0,0,0,0,0,0,0,0,0,100,0,0,0,0,0,0,0,0,0,0,100,0,0,0,0,0,0,0,0.029851,0.1194,0.85075,0,0,1,0,0,0,0,1,0,0,0
0,0,0,0,0,100,0,0,0,0,0,0,0,0,0,0,100,0,0,0,0,0,0,0,0,0,0,100,0,0,0,0,0,0,0,0.094118,0.11765,0.78824,0,0,1,0,0,0,0,1,0,0,0
0,0,0,0,0,100,0,0,0,0,0,0,0,0,0,7.3673,64.422,28.211,0,0,0,0,0,0,0,0,0,85.265,14.735,0,0,0,0,0.98611,0.013889,0,0,0,0,0,1,0,0,0,0,1,0,0,0
0,0,14.292,0,7.3051,64.126,6.7279,7.5494,0,0,0,14.033,0,0,0,0,57.139,6.9869,0,0,14.292,7.5494,14.277,21.597,0,0,6.9869,50.152,6.9869,0,0,0,0,0,0.73196,0.061856,0.051546,0.15464,0,0,1,0,0,0,0,1,0,0,0
0,0,5.6022,0,8.9879,57.289,24.735,3.3857,0,0,0,33.723,0,0,0,0,53.903,3.3857,0,0,5.6022,3.3857,28.121,14.59,0,0,0,53.903,3.3857,0,0,0,0,0,0.5,0,0.5,0,0,0,1,0,0,0,0,1,0,0,0
0,0,19.972,0,14.031,52.525,6.7363,6.7363,0,0,0,20.767,0,12.678,0,0,45.788,6.7363,0,0,7.2944,6.7363,26.15,21.325,0,0,12.678,33.111,6.7363,0,0,0,0,0,0.38095,0.10714,0.44048,0.071429,0,0,1,0,0,0,0,1,0,0,0
0,0,12.265,0,14.284,55.125,2.0193,16.307,0,0,0,16.303,0,0,0,0,53.105,2.0193,0,0,12.265,16.307,18.327,26.549,0,0,0,53.105,2.0193,0,0,0,0,0,0.55556,0,0.11111,0.33333,0,0,1,0,0,0,0,1,0,0,0
0,0,0,0,0,100,0,0,0,0,0,0,0,0,0,0,100,0,0,0,0,0,0,0,0,0,0,100,0,0,0,0,0,0,0,0.021505,0.22581,0.75269,0,0,1,0,0,0,0,1,0,0,0
0,0,0,0,0,100,0,0,0,0,0,0,0,0,0,0,100,0,0,0,0,0,0,0,0,0,0,100,0,0,0,0,0,0,0,0.0097087,0.31068,0.67961,0,0,1,0,0,0,0,1,0,0,0
0,0,0,0,0,100,0,0,0,0,0,0,0,0,0,0,100,0,0,0,0,0,0,0,0,0,0,100,0,0,0,0,0,0,0,0.022472,0.24719,0.73034,0,0,1,0,0,0,0,1,0,0,0
0,0,0,0,0,100,0,0,0,0,0,0,0,0,0,0,100,0,0,0,0,0,0,0,0,0,0,100,0,0,0,0,0,0,0,0.022727,0.30682,0.67045,0,0,1,0,0,0,0,1,0,0,0
0,0,0,0,0,100,0,0,0,0,0,0,0,0,0,0,100,0,0,0,0,0,0,0,0,0,0,100,0,0,0,0,0,0,0,0.014706,0.33824,0.64706,0,0,1,0,0,0,0,1,0,0,0
0,0,0,0,0,100,0,0,0,0,0,0,0,0,0,0,100,0,0,0,0,0,0,0,0,0,0,100,0,0,0,0,0,0,0,0,0.14943,0.85057,0,0,1,0,0,0,0,1,0,0,0
0,0,0,0,0,100,0,0,0,0,0,0,0,0,0,0,100,0,0,0,0,0,0,0,0,0,0,100,0,0,0,0,0,0,0,0,0.18667,0.81333,0,0,1,0,0,0,0,1,0,0,0
0,0,0,0,0,100,0,0,0,0,0,0,0,0,0,0,100,0,0,0,0,0,0,0,0,0,0,100,0,0,0,0,0,0,0,0.023529,0.2,0.77647,0,0,1,0,0,0,0,1,0,0,0
0,0,8.0222,4.0111,0,71.884,0,0,4.024,4.024,8.0351,0,4.0111,4.0111,0,4.024,71.884,0,4.024,0,8.0351,4.0111,0,0,12.033,0,0,67.872,8.0222,4.024,8.048,0,0,0,1,0,0,0,0,0,1,0,0,0,0,0,1,0,0
0,0,7.3125,0,0,69.13,0,0,9.0712,9.0712,5.4149,0,0,7.3125,0,5.4149,72.787,0,9.0712,0,5.4149,0,7.3125,0,0,0,0,69.13,0,5.4149,14.486,3.6562,0,0,1,0,0,0,0,0,1,0,0,0,0,0,1,0,0
0,0,0,0,0,100,0,0,0,0,0,0,0,0,0,0,100,0,0,0,0,0,0,0,0,0,0,93.006,6.9939,0,0,0,0,0,0,0.084507,0.91549,0,0,0,1,0,0,0,0,0,1,0,0
0,0,0,0,0,73.808,13.096,13.096,0,0,0,0,0,0,13.096,0,73.808,13.096,0,0,0,0,0,13.096,0,13.096,0,73.808,0,0,0,0,0,0.9,0.1,0,0,0,0,0,1,0,0,0,0,1,0,0,0
0,0,0,0,0,57.602,33.136,9.2623,0,0,0,0,0,0,26.846,0,55.571,17.583,0,0,0,0,0,9.2623,0,15.552,17.583,57.602,0,0,0,0,0,0,0.24,0.76,0,0,0,0,1,0,0,0,0,1,0,0,0
0,0,0,0,0,100,0,0,0,0,0,0,0,0,0,0,100,0,0,0,0,0,0,0,0,0,0,83.254,16.746,0,0,0,0,0,0,0.043478,0.95652,0,0,0,1,0,0,0,0,0,1,0,0
0,0,0,0,0,50,0,50,0,0,0,0,0,0,50,0,50,0,0,0,0,0,0,50,0,0,0,50,0,0,0,0,0,0.90741,0.092593,0,0,0,0,0,1,0,0,0,0,1,0,0,0
0,0,0,0,0,39.061,52.347,8.5917,0,0,0,0,0,0,15.96,14.509,24.552,44.979,0,0,0,0,0,8.5917,0,15.96,36.387,39.061,0,0,0,0,0,0,0.2875,0.7125,0,0,0,0,1,0,0,0,0,1,0,0,0
0,0,0,0,0,62.826,27.324,9.85,0,0,0,0,0,0,19.146,8.1777,53.53,19.146,0,0,0,0,0,9.85,0,9.85,17.474,54.648,8.1777,0,0,0,0,0,0.27778,0.125,0.51389,0.083333,0,0,1,0,0,0,0,1,0,0,0
0,0,0,0,0,100,0,0,0,0,0,0,0,0,0,0,100,0,0,0,0,0,0,0,0,0,0,75,25,0,0,0,0,0,0,0,0.584,0.416,0,0,1,0,0,0,0,1,0,0,0
0,0,0,0,0,52.481,47.519,0,0,0,0,0,0,0,8.2329,6.7894,45.692,39.286,0,0,0,0,0,0,0,8.2329,39.286,30.01,22.471,0,0,0,0,0,0,0.055556,0.33333,0.61111,0,0,1,0,0,0,0,1,0,0,0
0,0,5.6098,0,0,83.796,4.9845,0,5.6098,0,0,0,0,5.6098,0,28.776,65.614,0,0,0,0,0,5.6098,0,0,0,4.9845,60.63,23.166,0,0,5.6098,0,0,0,0,0.31325,0.68675,0,0,1,0,0,0,0,1,0,0,0
5.7059,5.7059,20.25,0,5.7059,38.294,3.4118,0,19.074,1.8526,0,5.243,7.5584,8.6096,5.243,17.28,25.919,1.8526,7.1986,5.7059,15.39,0,9.1176,16.838,10.949,3.3453,19.096,5.7059,13.559,0,5.243,16.147,0,0.35714,0.21429,0.33333,0.095238,0,0,0,0.61905,0.38095,0,0,0,0.45238,0.54762,0,1
6.796,2.1812,14.301,0,5.0155,62.421,0,0,0,9.2853,0,0,5.0155,5.0155,0,14.301,48.121,0,11.466,16.081,0,0,11.811,9.2853,2.1812,0,15.046,36.217,11.158,0,9.2853,5.0155,0,0,0.625,0.125,0.25,0,0,0,0.58333,0.41667,0,0,0,0.041667,0.95833,0,1
0,1.9237,28.417,6.9693,2.1178,41.285,1.557,0,13.28,4.4504,0,1.309,6.5682,9.5389,1.309,16.813,18.935,22.069,6.4672,2.5189,14.471,0,4.0414,27.261,1.309,4.5356,11.95,5.0456,21.311,0,3.2327,21.314,0,0.5,0.14516,0.35484,0,0,0,0,0.5,0.5,0,0,0,0.5,0.5,0,1
0,3.0612,21.141,3.0612,5.4028,43.832,5.6423,0,13.135,4.7246,0,2.0141,10.127,17.152,3.097,14.87,38.387,1.18,2.2523,1.5306,9.3893,0,13.023,14.723,2.0141,3.4324,26.463,12.236,7.3428,0,3.0612,17.704,0,0.88136,0.016949,0.016949,0.084746,0,0,0,1,0,0,0,0,0.88136,0.11864,0,1
6.3338,6.3338,9.4862,0,43.666,6.3338,0,0,0,27.846,0,0,6.3338,0,37.332,6.3338,0,0,34.18,15.82,0,0,6.3338,9.4862,6.3338,0,0,6.3338,0,0,65.178,6.3338,0,0.17647,0.68627,0.13725,0,0,0,0,0.17647,0.82353,0,0,0,0.17647,0.82353,0,1
0,0,40.004,0,20.013,19.991,0,0,0,19.991,0,0,0,0,20.013,19.991,0,0,19.991,40.004,0,0,0,40.004,0,0,0,19.991,0,0,40.004,0,0,0.086957,0.86957,0.043478,0,0,0,0,0.086957,0.91304,0,0,0,0.13043,0.86957,0,1
3.5832,4.7619,0,0,0,91.655,0,0,0,0,0,0,0,0,0,0,91.655,0,4.7619,3.5832,0,0,3.5832,0,4.7619,0,0,78.548,13.107,0,0,0,0,0,0,0.098361,0.90164,0,0,0,1,0,0,0,0,0,1,0,0
0,3.94,0,0,3.94,92.12,0,0,0,0,0,0,0,0,0,0,92.12,3.94,3.94,0,0,0,0,0,0,3.94,0,58.214,33.906,0,3.94,0,0,1,0,0,0,0,0,0,1,0,0,0,0,1,0,0,0
0,0,0,0,0,62.585,37.415,0,0,0,0,0,0,0,14.493,5.3389,48.093,32.076,0,0,0,0,0,0,0,0,37.415,39.663,22.922,0,0,0,0,0.48889,0.51111,0,0,0,0,0,1,0,0,0,0,1,0,0,0
8.7051,0,0,0,0,91.295,0,0,0,0,0,0,0,0,0,0,91.295,0,0,8.7051,0,0,8.7051,0,0,0,0,68.471,22.824,0,0,0,0,0,0.022727,0.068182,0.90909,0,0,0,1,0,0,0,0,0.045455,0.95455,0,0
7.3242,10.385,0,0,10.385,48.075,0,6.1215,10.385,0,7.3242,13.446,7.3242,3.0607,0,0,50.824,7.6367,10.385,0,7.3242,0,17.709,17.709,3.0607,3.0607,0,35.364,12.712,0,7.3242,0,3.0607,0.95789,0.042105,0,0,0,0,0,1,0,0,0,0,1,0,0,0
0,0,0,0,17.622,77.471,0,4.9073,0,0,0,0,4.9073,0,0,27.437,45.126,12.647,0,4.9749,4.9073,0,0,9.8146,0,0,0,55.009,30.202,4.9749,0,0,0,0,1,0,0,0,0,0,1,0,0,0,0,0,1,0,0
0,0,0,0,0,54.595,45.405,0,0,0,0,0,0,0,0,29.081,38.271,32.648,0,0,0,0,0,0,0,0,45.405,41.838,12.757,0,0,0,0,0.074074,0.7037,0.14815,0.037037,0.037037,0,0,1,0,0,0,0,1,0,0,0
0,0,8.6694,0,0,82.661,0,0,8.6694,0,0,0,0,8.6694,0,8.6694,82.661,0,0,0,0,0,8.6694,0,0,0,0,66.331,16.331,0,0,8.6694,0,0,0.7375,0.15,0.0125,0.1,0,0,1,0,0,0,0,1,0,0,0
0,0,0,0,0,100,0,0,0,0,0,0,0,0,0,0,100,0,0,0,0,0,0,0,0,0,15.673,84.327,0,0,0,0,0,0.6129,0.3871,0,0,0,0,0,1,0,0,0,0,0.77419,0.22581,0,0
0,0,0,0,0,100,0,0,0,0,0,0,0,0,0,0,100,0,0,0,0,0,0,0,0,0,0,100,0,0,0,0,0,0.74286,0.25714,0,0,0,0,0,1,0,0,0,0,0.74286,0.25714,0,0
0,3.4281,0,0,3.4281,93.144,0,0,0,0,0,0,0,0,0,0,88.488,8.0842,3.4281,0,0,0,0,0,0,3.4281,0,70.6,22.544,0,3.4281,0,0,1,0,0,0,0,0,0,1,0,0,0,0,1,0,0,0
0,0,0,0,0,100,0,0,0,0,0,0,0,0,0,0,100,0,0,0,0,0,0,0,0,0,0,94.132,5.868,0,0,0,0,1,0,0,0,0,0,0,1,0,0,0,0,1,0,0,0
0,0,7.4343,0,0,85.131,0,0,7.4343,0,0,0,0,0,0,0,85.131,7.4343,0,0,7.4343,0,0,7.4343,0,0,0,85.131,0,0,0,0,7.4343,1,0,0,0,0,0,0,1,0,0,0,0,1,0,0,0
0,0,20.366,0,6.1785,62.152,0,0,11.303,0,0,0,6.1785,0,0,0,62.152,20.366,0,0,11.303,0,0,20.366,0,0,0,62.152,6.1785,0,0,0,11.303,0,0,0.023256,0.32558,0.65116,0,0,1,0,0,0,0,1,0,0,0
0,0,4.6277,0,4.5298,73.216,0,0,17.627,0,0,0,0,0,0,0,73.216,4.6277,0,0,22.157,0,0,4.6277,0,0,0,73.216,0,4.5298,0,0,17.627,0,0,0,0.09375,0.90625,0,0,1,0,0,0,0,1,0,0,0
0,0,9.285,0,6.5427,84.172,0,0,0,0,0,0,0,0,0,6.5427,84.172,9.285,0,0,0,0,0,9.285,0,0,0,84.172,0,6.5427,0,0,0,0,0,0,0.16456,0.83544,0,0,1,0,0,0,0,1,0,0,0
0,0,0,0,0,100,0,0,0,0,0,0,0,0,0,0,100,0,0,0,0,0,0,0,0,0,0,100,0,0,0,0,0,0,0,0.1,0.2,0.7,0,0,1,0,0,0,0,1,0,0,0
0,0,28.942,0,0,71.058,0,0,0,0,0,0,0,15.769,0,15.769,42.115,13.173,0,0,13.173,0,15.769,13.173,0,0,13.173,28.942,28.942,0,0,0,0,0,0.29524,0.095238,0.60952,0,0,0,1,0,0,0,0,1,0,0,0
0,0,0,0,0,100,0,0,0,0,0,0,0,0,0,0,100,0,0,0,0,0,0,0,0,0,0,100,0,0,0,0,0,0,0,0,0,1,0,0,1,0,0,0,0,1,0,0,0
0,0,4.2912,0,0,74.898,0,0,20.811,0,0,0,0,4.2912,0,26.521,69.188,0,0,0,0,0,4.2912,0,0,0,0,19.957,54.941,0,0,20.811,0,0,0.38554,0.13253,0.45783,0.024096,0,0,1,0,0,0,0,1,0,0,0
0,0,28.492,0,0,60.669,0,0,10.839,0,0,0,0,28.492,0,10.839,60.669,0,0,0,0,0,28.492,0,0,0,17.994,10.499,32.176,0,0,10.839,0,0,1,0,0,0,0,0,1,0,0,0,0,1,0,0,0
0,0,28.255,0,0,56.509,0,0,15.236,0,0,0,0,28.255,0,19.339,52.407,0,0,0,0,0,28.255,0,0,0,0,43.491,13.018,0,0,15.236,0,0,0.96296,0.012346,0.012346,0.012346,0,0,1,0,0,0,0,1,0,0,0
0,0,13.888,0,0,62.579,0,0,23.534,0,0,0,0,13.888,0,31.289,54.823,0,0,0,0,0,13.888,0,0,0,0,20.02,42.559,0,0,23.534,0,0,0.91667,0,0.041667,0.041667,0,0,1,0,0,0,0,1,0,0,0
0,0,0,0,0,100,0,0,0,0,0,0,0,0,0,0,100,0,0,0,0,0,0,0,0,0,0,100,0,0,0,0,0,0,0,0,0.034091,0.96591,0,0,1,0,0,0,0,1,0,0,0
0,0,0,0,0,100,0,0,0,0,0,0,0,0,0,0,100,0,0,0,0,0,0,0,0,0,0,100,0,0,0,0,0,0,0,0.013889,0.31944,0.66667,0,0,1,0,0,0,0,1,0,0,0
0,0,0,0,0,100,0,0,0,0,0,0,0,0,0,0,100,0,0,0,0,0,0,0,0,0,0,100,0,0,0,0,0,0,0,0.032258,0.27419,0.69355,0,0,1,0,0,0,0,1,0,0,0
0,0,0,0,0,100,0,0,0,0,0,0,0,0,0,0,100,0,0,0,0,0,0,0,0,0,0,100,0,0,0,0,0,0,0,0,0.25301,0.74699,0,0,1,0,0,0,0,1,0,0,0
0,0,0,0,0,100,0,0,0,0,0,0,0,0,0,0,100,0,0,0,0,0,0,0,0,0,0,100,0,0,0,0,0,0,0,0,0.30864,0.69136,0,0,1,0,0,0,0,1,0,0,0
0,0,0,0,0,100,0,0,0,0,0,0,0,0,0,0,100,0,0,0,0,0,0,0,0,0,0,100,0,0,0,0,0,0,0,0,0.25556,0.74444,0,0,1,0,0,0,0,1,0,0,0
0,0,0,0,0,100,0,0,0,0,0,0,0,0,0,0,100,0,0,0,0,0,0,0,0,0,0,100,0,0,0,0,0,0,0,0.01087,0.1413,0.84783,0,0,1,0,0,0,0,1,0,0,0
0,0,0,0,0,100,0,0,0,0,0,0,0,0,0,0,100,0,0,0,0,0,0,0,0,0,0,100,0,0,0,0,0,0,0,0.031579,0.29474,0.67368,0,0,1,0,0,0,0,1,0,0,0
0,0,0,0,6.971,93.029,0,0,0,0,0,0,0,0,0,0,96.515,0,0,0,3.4855,0,0,0,0,0,0,93.029,0,3.4855,3.4855,0,0,0,1,0,0,0,0,0,1,0,0,0,0,0,1,0,0
0,0,0,0,4.9044,95.096,0,0,0,0,0,0,0,0,0,0,97.548,0,0,0,2.4522,0,0,0,0,0,0,95.096,0,2.4522,2.4522,0,0,0,1,0,0,0,0,0,1,0,0,0,0,0,1,0,0
0,0,0,0,0,100,0,0,0,0,0,0,0,0,0,0,100,0,0,0,0,0,0,0,0,0,0,100,0,0,0,0,0,0,1,0,0,0,0,0,1,0,0,0,0,0,1,0,0
0,0,0,0,0,100,0,0,0,0,0,0,0,0,0,0,100,0,0,0,0,0,0,0,0,0,0,100,0,0,0,0,0,0,1,0,0,0,0,0,1,0,0,0,0,0,1,0,0
0,0,0,0,0,95.543,0,4.4575,0,0,0,4.4575,0,0,0,0,91.085,0,0,0,0,4.4575,4.4575,0,4.4575,0,0,91.085,0,0,0,0,0,0,1,0,0,0,0,0,1,0,0,0,0,0,1,0,0
0,0,0,0,0,100,0,0,0,0,0,0,0,0,0,0,100,0,0,0,0,0,0,0,0,0,0,100,0,0,0,0,0,0,1,0,0,0,0,0,1,0,0,0,0,0,1,0,0
0,0,0,6.2143,0,87.571,6.2143,0,0,0,0,6.2143,6.2143,0,0,0,84.247,0,0,0,0,3.3239,6.2143,0,0,0,0,84.247,0,0,0,3.3239,6.2143,0,1,0,0,0,0,0,1,0,0,0,0,0,1,0,0
0,4.3387,7.5292,0,3.2986,62.03,6.4891,4.3387,4.3387,7.6373,0,10.828,0,4.3387,0,3.2986,56.155,11.976,7.5292,0,0,5.8749,14.126,7.5292,4.3387,0,0,56.155,0,0,7.6373,10.214,0,0,1,0,0,0,0,0,1,0,0,0,0,0,1,0,0
0,0,0,0,0,95.714,0,4.2864,0,0,0,4.2864,0,0,0,0,85.98,0,0,0,0,9.7336,4.2864,0,4.2864,0,0,85.98,0,0,0,5.4472,0,0,1,0,0,0,0,0,1,0,0,0,0,0,1,0,0
0,0,0,2.9226,0,74.89,19.622,2.5654,0,0,0,5.488,5.9064,0,0,2.9838,72.324,0,0,0,7.7484,5.5491,5.488,0,10.314,0,5.9676,69.341,0,0,0,2.9838,5.9064,0,1,0,0,0,0,0,1,0,0,0,0,0,1,0,0
0,0,0,0,0,92.329,4.3088,0,3.3622,0,0,0,0,0,0,0,92.329,0,0,3.3622,4.3088,0,0,0,4.3088,0,0,92.329,0,0,0,3.3622,0,0,1,0,0,0,0,0,1,0,0,0,0,0,1,0,0
0,0,0,3.3524,0,56.111,40.537,0,0,0,0,3.3524,8.4608,0,0,11.813,54.161,0,0,0,11.802,10.411,3.3524,0,11.802,0,23.626,42.347,0,0,0,10.411,8.4608,0,1,0,0,0,0,0,1,0,0,0,0,0.018519,0.98148,0,0
0,0,0,4.2605,0,61.344,34.395,0,0,0,0,4.2605,11.794,0,0,7.5337,57.291,0,0,0,7.5337,11.587,4.2605,0,7.5337,0,15.067,49.757,0,0,0,11.587,11.794,0,1,0,0,0,0,0,1,0,0,0,0,0.050847,0.94915,0,0
0,6.0324,6.0324,0,0,72.486,6.0324,0,3.3846,0,6.0324,6.0324,0,6.0324,0,12.065,72.486,0,0,3.3846,0,0,6.0324,12.065,0,0,0,72.486,0,6.0324,0,3.3846,0,0,1,0,0,0,0,0,1,0,0,0,0,0.051724,0.94828,0,0
0,10.285,0,0,0,78.084,0,0,11.631,0,0,0,0,0,0,0,84.22,0,0,5.4951,10.285,0,0,10.285,0,0,0,78.084,0,0,6.1361,5.4951,0,0.13333,0.84444,0.022222,0,0,0,0,0.97778,0.022222,0,0,0,0.17778,0.82222,0,0
0,0,10.278,0,0,71.191,0,0,3.9954,6.4348,8.1014,4.3055,0,10.278,0,0,73.367,0,0,1.8193,0,10.231,6.4348,0,18.379,0,0,71.191,0,0,2.1761,1.8193,0,0,1,0,0,0,0,0,1,0,0,0,0,0,1,0,0
0,5.9499,4.1035,1.9892,0,71.367,3.9607,0,6.5369,0,6.0927,3.9607,0,4.1035,1.9892,3.9431,73.926,0,0,5.9675,0,6.1103,3.9607,5.9323,6.253,1.9892,0,71.367,0,1.9716,2.5585,1.9892,3.9783,0,1,0,0,0,0,0,1,0,0,0,0,0,1,0,0
0,3.1552,1.5389,1.5776,0,62.583,1.5776,0,17.374,10.616,1.5776,5.4068,4.4966,1.5389,1.5776,0,66.519,0,4.4966,10.519,0,5.4455,12.194,1.5776,3.1165,1.5776,0,58.086,0,0,12.929,2.8676,7.6517,0,1,0,0,0,0,0,1,0,0,0,0,0,1,0,0
0,0,1.4435,0,0,72.708,0,2.917,1.7369,16.834,4.3605,3.1539,0,1.4435,0,0,74.445,2.917,0,0,2.917,15.124,16.834,5.834,2.887,0,7.3089,65.399,0,0,1.7369,0,0,0.1,0.9,0,0,0,0,0,1,0,0,0,0,0.975,0.025,0,1
3.3141,0,0,14.351,17.665,15.342,0,0,33.368,0,15.96,0,17.665,0,37.41,2.6968,23.939,1.9688,0,0,0,16.32,0,0,0,3.3141,0,15.342,6.011,27.614,16.32,31.399,0,0.29412,0.70588,0,0,0,0,0,1,0,0,0,0,0.35294,0.64706,0,0
0,0,7.5056,0,0,72.628,0,0,6.8704,9.9549,3.041,4.4645,0,7.5056,0,0,79.498,0,0,0,0,8.5314,9.9549,0,10.547,0,0,72.628,0,0,6.8704,0,0,0,1,0,0,0,0,0,1,0,0,0,0,0.037975,0.96203,0,0
0,15.644,2.4788,5.1411,7.0279,30.224,10.096,0,15.947,6.229,7.2114,2.6623,4.5649,4.5491,12.575,5.3638,22.774,0,19.027,13.246,5.3638,9.8737,7.2272,5.1411,2.6623,5.5473,0,22.774,0,4.5491,13.257,14.49,24.351,0,1,0,0,0,0,0,1,0,0,0,0,0,1,0,0
0,17.93,6.6877,3.6651,3.1372,30.358,11.498,0,10.098,3.1372,13.49,5.5931,2.7674,9.8248,9.5697,6.6233,24.823,0,11.809,10.995,2.7674,15.227,8.3605,7.521,13.185,6.4325,0,24.823,0,5.0651,6.2743,9.1999,19.139,0.018519,0.98148,0,0,0,0,0,1,0,0,0,0,0.055556,0.94444,0,0
4.9831,20.652,0,0,0,71.013,0,0,0,3.3521,0,0,1.631,3.3521,15.669,0,67.661,3.3521,0,0,8.3352,0,12.317,0,9.9662,3.3521,0,60.417,0,0,13.948,0,0,0.04878,0.95122,0,0,0,0,0,1,0,0,0,0,0.097561,0.90244,0,0
3.8364,6.11,0,0,0,81.943,0,0,0,8.1104,0,1.6789,1.7608,0,9.1018,2.0757,81.943,0,0,0,1.7608,1.6789,5.6314,0,7.6728,0,0,75.833,0,2.0757,8.7869,0,0,0,1,0,0,0,0,0,1,0,0,0,0,0,1,0,0
12.751,23.421,0,0,0,63.828,0,0,0,0,0,0,10.063,17.099,1.8703,7.6067,50.485,5.7364,1.8703,0,5.2694,0,0,6.6791,23.867,2.813,2.813,57.616,0,0.94268,5.2694,0,0,0,1,0,0,0,0,0,1,0,0,0,0,0.16,0.84,0,0
9.4757,27.355,0,0,0,49.909,0,0,0,13.26,0,0,1.8354,10.239,20.9,0,42.269,7.6403,0,0,17.116,0,7.6403,0,21.55,7.6403,0,45.475,0,0,17.694,0,0,0,1,0,0,0,0,0,1,0,0,0,0,0,1,0,0
8.1985,25.98,0,0,0,62.362,0,0,0,3.4594,0,0,3.3304,10.999,13.115,8.3621,53.706,5.3254,0,0,5.1619,0,4.6239,4.5022,20.714,3.1668,1.1718,52.358,0,6.2035,7.26,0,0,0,1,0,0,0,0,0,1,0,0,0,0,0,1,0,0
4.3831,0,0,11.804,4.4702,30.334,0,0,17.407,0,31.602,0,4.4702,0,19.64,9.0165,41.501,14.118,0,0,0,11.254,0,0,0,4.3831,0,30.334,1.6828,34.389,11.254,17.957,0,0.45455,0.54545,0,0,0,0,0,1,0,0,0,0,0.45455,0.54545,0,0
0,0,0,0,15.394,71.152,13.455,0,0,0,0,0,28.848,0,0,0,57.697,13.455,0,0,0,0,0,13.455,0,0,0,71.152,15.394,0,0,0,0,0.51724,0.37931,0.10345,0,0,0,0,1,0,0,0,0,0.65517,0.34483,0,0
0,0,0,0,0,100,0,0,0,0,0,0,0,0,0,0,100,0,0,0,0,0,0,0,0,0,13.831,86.169,0,0,0,0,0,0,0,0,0,1,0,0,1,0,0,0,0,1,0,0,0
18.592,28.149,0,0,0,53.259,0,0,0,0,0,0,7.3181,18.191,2.6399,12.218,38.623,7.3181,11.915,0,1.7773,0,0,9.0954,22.176,13.692,1.7773,47.065,0,4.4173,1.7773,0,0,0.074074,0.92593,0,0,0,0,0,1,0,0,0,0,0.44444,0.55556,0,0
0,0,0,5.6472,21.23,73.123,0,0,0,0,0,0,0,0,0,0,20.978,52.144,0,0,0,26.877,0,0,0,0,0,20.978,73.374,5.6472,0,0,0,0,1,0,0,0,0,0,1,0,0,0,0,0,1,0,0
0,0,0,8.4389,24.894,66.667,0,0,0,0,0,0,0,0,0,0,8.4389,58.228,0,0,0,33.333,0,0,0,0,0,8.4389,83.122,8.4389,0,0,0,0,1,0,0,0,0,0,1,0,0,0,0,0.083333,0.91667,0,0
0,0,0,35.358,18.269,46.373,0,0,0,0,0,0,0,0,0,0,23.187,23.187,0,0,0,53.627,0,0,0,0,0,23.187,41.456,35.358,0,0,0,0,1,0,0,0,0,0,1,0,0,0,0,0.23077,0.76923,0,0
0,0,0,0,0,74.295,0,0,25.705,0,0,0,5.8649,0,0,0,74.295,0,19.84,0,0,0,0,0,0,0,24.295,50,0,0,0,25.705,0,0,0,0,0,1,0,0,1,0,0,0,0,1,0,0,0
0,0,0,26.349,6.9842,66.667,0,0,0,0,0,0,0,0,0,0,26.349,40.318,0,0,0,33.333,0,0,0,0,0,26.349,47.302,26.349,0,0,0,0,1,0,0,0,0,0,1,0,0,0,0,0,1,0,0
0,0,0,2.1112,0,56.026,41.862,0,0,0,0,2.1112,7.951,0,0,38.624,39.634,0,0,0,5.8397,5.8397,2.1112,0,5.8397,0,31.761,46.497,0,0,0,5.8397,7.951,0.40909,0.59091,0,0,0,0,0,1,0,0,0,0,1,0,0,0
0,6.3743,7.6442,0,13.859,9.0951,15.129,7.4314,34.093,6.3743,0,8.7013,0,6.3743,0,13.859,8.038,40.467,7.6442,0,13.859,1.0571,8.7013,7.6442,7.4314,13.859,0,8.038,0,0,20.233,34.093,0,0,1,0,0,0,0,0,1,0,0,0,0,0,1,0,0
0,5.8891,8.6083,3.4898,15.173,18.744,16.959,4.1849,6.7412,20.21,0,19.358,0.8521,8.5269,0,16.025,3.5713,27.114,4.1849,2.6377,2.5563,15.173,36.235,9.4604,4.1849,1.7856,0,1.7856,1.7856,0,21.062,23.7,0,0,1,0,0,0,0,0,1,0,0,0,0,0,1,0,0
0,0,0,14.677,0,57.661,27.662,0,0,0,0,14.677,3.2461,0,0,17.924,57.661,0,0,0,3.2461,3.2461,14.677,0,3.2461,0,44.2,31.384,0,0,0,3.2461,3.2461,0.79592,0.20408,0,0,0,0,0,1,0,0,0,0,0.97959,0.020408,0,0
0,0,0,5.4997,0,75.094,19.406,0,0,0,0,5.4997,0,0,0,33.313,61.187,0,0,0,0,0,5.4997,0,0,0,24.906,69.594,0,0,0,0,0,0.87755,0.12245,0,0,0,0,0,1,0,0,0,0,1,0,0,1
0,0,0,0,0,100,0,0,0,0,0,0,0,0,0,0,100,0,0,0,0,0,0,0,0,0,33.333,66.667,0,0,0,0,0,1,0,0,0,0,0,0,1,0,0,0,0,1,0,0,1
0,0,0,0,0,100,0,0,0,0,0,0,0,0,0,0,100,0,0,0,0,0,0,0,0,0,0,100,0,0,0,0,0,0,0,0,0,1,0,0,1,0,0,0,0,1,0,0,0
0,0,0,13.41,0,64.359,22.231,0,0,0,0,13.41,6.3979,0,0,15.718,58.501,0,0,0,4.4677,1.5054,13.41,0,4.4677,0,18.377,55.842,0,0,0,1.5054,6.3979,0.037736,0.75472,0.20755,0,0,0,0,1,0,0,0,0,0.49057,0.50943,0,0
0,0,11.265,0,33.103,11.265,0,0,0,44.368,0,0,0,0,33.103,11.265,0,0,44.368,11.265,0,0,0,11.265,0,0,0,11.265,0,0,77.47,0,0,0,0.94118,0.058824,0,0,0,0,0.47059,0.52941,0,0,0,0.17647,0.82353,0,0
0,0,0,0,7.4786,92.521,0,0,0,0,0,0,0,0,0,0,96.261,0,0,0,3.7393,0,0,0,0,0,0,92.521,0,3.7393,3.7393,0,0,0,1,0,0,0,0,0,1,0,0,0,0,0,1,0,0
0,17.272,5.1502,1.7392,3.6221,38.078,10.68,0,13.636,4.5287,5.294,2.2056,9.2376,5.294,10.214,12.742,22.248,0,21.335,5.3046,8.3311,3.0884,11.443,6.1503,2.4109,6.5919,0,22.248,0,4.0885,8.1508,17.582,21.335,0.14815,0.85185,0,0,0,0,0,1,0,0,0,0,0.66667,0.33333,0,1
0,0,0,15.245,19.557,65.198,0,0,0,0,0,0,0,10.562,3.6626,0,56.893,0,4.6827,0,24.199,0,0,0,0,0,0,45.882,19.316,9.5828,9.9744,15.245,0,0,1,0,0,0,0,0,1,0,0,0,0,0,1,0,0
0,0,0,16.284,13.866,69.85,0,0,0,0,0,0,0,13.866,10.151,0,41.421,0,24.261,0,10.3,0,0,0,0,0,0,46.285,23.565,10.151,3.7148,16.284,0,0,0.23333,0.033333,0.1,0.63333,0,0,1,0,0,0,0,0.96667,0.033333,0,0
2.728,9.8129,3.1582,0,5.1432,50.801,0,14.17,8.3014,3.1582,2.728,10.717,2.728,10.243,0,0,56.687,2.4152,14.483,0,2.728,0,15.699,7.8712,14.913,2.4152,15.565,30.566,0,4.6697,5.8862,0,2.4152,0.34694,0.65306,0,0,0,0,0,1,0,0,0,0,1,0,0,1
2.3769,0,0,16.886,2.3769,28.811,0,0,3.6743,0,45.874,0,2.3769,0,23.663,19.086,35.04,18.36,0,0,0,1.4744,0,0,0,2.3769,0,28.811,4.5768,43.675,1.4744,19.086,0,1,0,0,0,0,0,0,1,0,0,0,0,1,0,0,0
9.4623,9.6808,0,0,21.986,28.829,4.1555,13.646,5.3068,0,6.9342,9.4623,9.4623,2.6747,0,0,38.291,3.3267,19.024,0,6.9342,10.825,13.288,18.024,16.174,1.6993,6.9767,15.022,0,6.8302,7.0061,0,14.98,0.31579,0.68421,0,0,0,0,0,1,0,0,0,0,0.59649,0.40351,0,0
6.232,11.473,0,0,17.868,29.844,6.232,22.947,5.4041,0,0,17.04,6.232,11.473,0,0,36.076,5.4041,17.543,0,0,6.232,11.473,11.636,23.775,5.4041,12.139,5.4041,0,12.301,0,0,17.868,0.2973,0.7027,0,0,0,0,0,1,0,0,0,0,0.56757,0.43243,0,0
0,0,0,42.067,0,57.933,0,0,0,0,0,0,0,0,0,26.2,57.933,0,0,15.867,0,0,0,0,0,0,0,31.734,26.2,0,0,0,42.067,0,0,0.021277,0.10638,0.87234,0,0,1,0,0,0,0,1,0,0,0
0,0,0,0,0,100,0,0,0,0,0,0,0,0,0,0,100,0,0,0,0,0,0,0,0,0,0,100,0,0,0,0,0,0,0,0.1,0.15,0.75,0,0,1,0,0,0,0,1,0,0,0
0,0,0,0,0,100,0,0,0,0,0,0,0,0,0,0,100,0,0,0,0,0,0,0,0,0,0,100,0,0,0,0,0,0,0,0,0,1,0,0,1,0,0,0,0,1,0,0,0
0,14.798,6.2646,9.4441,7.4695,13.719,9.8102,0,24.158,4.5252,9.8102,6.7967,1.5117,4.8221,12.458,8.0731,8.4491,0,11.995,20.932,11.973,12.99,8.3084,13.061,4.9882,4.9882,0,8.4491,0,4.8221,11.995,21.417,21.971,0.125,0.875,0,0,0,0,0,1,0,0,0,0,0.79167,0.20833,0,1
0,0,0,0,0,100,0,0,0,0,0,0,0,0,0,0,100,0,0,0,0,0,0,0,0,0,0,100,0,0,0,0,0,0,0,0,0,1,0,0,1,0,0,0,0,1,0,0,0
0,20.114,1.9429,1.6455,3.7374,28.354,12.897,0,20.245,3.7374,7.3258,3.5884,5.5714,5.6803,10.954,9.4572,5.8287,0,18.618,4.9364,28.337,7.0284,9.1598,5.5313,1.6455,7.2169,0,5.8287,0,5.6803,7.4749,35.554,21.909,0.79439,0.20561,0,0,0,0,0.0093458,0.99065,0,0,0,0,0.97196,0.028037,0,1
0,11.043,13.374,13.374,13.374,11.043,5.5214,0,32.27,0,0,0,5.5214,0,18.896,18.896,0,0,24.417,13.374,18.896,0,5.5214,13.374,0,5.5214,0,0,0,0,13.374,37.791,24.417,0.027027,0.97297,0,0,0,0,0.7027,0.2973,0,0,0,0,0.89189,0.10811,0,1
29.97,16.457,0,0,0,52.482,0,0,0,1.091,0,0,2.5492,15.849,11.903,9.7212,46.776,1.091,4.615,0,7.4952,0,1.091,2.764,26.723,8.47,7.379,39.299,0,7.8703,6.4042,0,0,0.71795,0.28205,0,0,0,0,0,1,0,0,0,0,0.89744,0.10256,0,0
2.7278,21.046,0,0,0,73.798,0,0,0,2.4289,0,0,2.7605,9.453,11.261,1.1504,71.497,1.1504,0,0,2.7278,0,8.8321,2.2681,10.438,1.1177,1.1177,56.203,0,1.1177,18.906,0,0,0.79545,0.20455,0,0,0,0,0,1,0,0,0,0,0.84091,0.15909,0,0
16.489,25.819,0,0,0,55.62,0,0,0,2.0721,0,0,7.1563,17.26,7.9755,11.493,40.551,7.4752,2.1909,0,5.8975,0,2.0721,5.403,28.378,4.2631,2.1909,52.227,0,1.6403,3.8254,0,0,0,1,0,0,0,0,0,1,0,0,0,0,0,1,0,0
0,10.739,19.631,0,0,69.631,0,0,0,0,0,0,5.3694,19.631,0,0,69.631,0,0,0,0,5.3694,0,25,0,5.3694,0,69.631,0,0,0,0,0,0.75862,0.24138,0,0,0,0,0,1,0,0,0,0,0.77586,0.22414,0,0
0,0,33.333,0,0,66.667,0,0,0,0,0,0,0,0,0,0,66.667,33.333,0,0,0,0,0,33.333,0,0,0,66.667,0,0,0,0,0,0.73016,0.26984,0,0,0,0,0,1,0,0,0,0,0.77778,0.22222,0,0
0,26.092,30.88,0,0,43.028,0,0,0,0,0,0,0,26.092,0,0,43.028,4.788,0,0,0,26.092,0,30.88,0,26.092,0,43.028,0,0,0,0,0,0,1,0,0,0,0,0,1,0,0,0,0,0,1,0,0
0,4.111,0,0,4.111,91.778,0,0,0,0,0,0,0,0,0,0,91.778,4.111,4.111,0,0,0,0,0,0,4.111,0,86.104,5.6743,0,4.111,0,0,0.85965,0.087719,0.052632,0,0,0,0,1,0,0,0,0,1,0,0,0
0,0,12.022,0,0,75.956,0,0,12.022,0,0,0,0,0,0,0,75.956,12.022,0,0,12.022,0,0,12.022,0,0,0,75.956,0,0,0,0,12.022,0.91304,0.043478,0.043478,0,0,0,0,1,0,0,0,0,1,0,0,0
0,0,0,0,21.986,50.53,15.397,0,12.087,0,0,0,30.794,0,0,0,50.53,0,0,0,18.676,0,0,15.397,0,0,0,50.53,15.397,6.5891,0,0,12.087,0,0,0,0.31034,0.68966,0,0,1,0,0,0,0,1,0,0,0
0,0,6.0133,0,17.55,76.437,0,0,0,0,0,0,10.24,0,0,7.3104,62.065,6.0133,0,0,14.371,0,0,16.558,3.8265,0,0,58.239,10.24,11.137,0,0,0,0,0,0.011364,0.17045,0.81818,0,0,1,0,0,0,0,1,0,0,0
0,0,0,0,13.641,66.688,13.641,0,6.0304,0,0,0,33.312,0,0,6.0304,45.515,6.0304,0,0,9.1123,0,0,22.753,0,0,0,38.428,32.788,0,0,6.0304,0,0.012658,0.98734,0,0,0,0,0,1,0,0,0,0,0.088608,0.91139,0,0
0,0,0,0,20.838,71.07,8.0928,0,0,0,0,0,15.405,0,0,7.3118,48.353,8.0928,0,0,20.838,0,0,15.405,7.3118,0,0,49.134,7.3118,20.838,0,0,0,0.021053,0.97895,0,0,0,0,0,1,0,0,0,0,0.063158,0.93684,0,0
0,50,0,0,0,50,0,0,0,0,0,0,25,0,0,0,50,0,0,0,0,25,0,19.353,5.6465,25,0,50,0,0,0,0,0,0.7,0.3,0,0,0,0,0,1,0,0,0,0,0.7,0.3,0,0
0,18.018,3.876,0,0,67.833,0,0,10.273,0,0,2.1813,13.128,0,0,3.876,65.652,0,8.092,0,0,7.0708,3.876,0,13.128,7.0708,0,61.776,3.876,0,2.1813,0,8.092,0,1,0,0,0,0,0,1,0,0,0,0,0,1,0,0
0,0,0,0,15.365,81.644,0,0,2.9908,0,0,2.9908,9.1151,0,0,6.1243,66.404,0,0,0,15.365,0,0,6.1243,9.1151,0,0,60.28,6.1243,15.365,2.9908,0,0,0,0,0,0.027778,0.97222,0,0,1,0,0,0,0,1,0,0,0
0,0,0,0,5.9866,94.013,0,0,0,0,0,0,0,0,0,5.9866,94.013,0,0,0,0,0,0,0,0,0,0,94.013,0,5.9866,0,0,0,0,0,0.011364,0.079545,0.90909,0,0,1,0,0,0,0,1,0,0,0
0,0,2.9505,0,17.319,69.933,0,0,9.7974,0,0,2.9505,7.1722,0,0,13.097,55.589,0,6.8469,0,14.344,0,2.9505,7.1722,7.1722,0,0,48.417,7.1722,17.319,2.9505,0,6.8469,0,0.22222,0,0.26984,0.50794,0,0,1,0,0,0,0,0.77778,0.22222,0,0
0,0,0,0,0,94.234,0,0,5.7664,0,0,5.7664,5.7664,0,0,0,88.467,0,0,0,0,0,0,0,5.7664,0,0,88.467,0,0,5.7664,0,0,0,0,0.010638,0.24468,0.74468,0,0,1,0,0,0,0,1,0,0,0
54.365,0,0,0,0,45.635,0,0,0,0,0,0,0,22.91,11.455,20,34.18,0,11.455,0,0,0,0,0,31.455,11.455,11.455,45.635,0,0,0,0,0,0,1,0,0,0,0,0,1,0,0,0,0,0.097222,0.90278,0,0
0,0,11.244,0,0,66.567,0,0,22.189,0,0,0,10.944,0,0,22.189,44.678,22.189,0,0,0,0,11.244,0,0,0,0,44.678,21.889,0,0,22.189,0,0,1,0,0,0,0,0,1,0,0,0,0,0.049505,0.9505,0,0
28.749,5.3328,0,0,0,65.918,0,0,0,0,0,0,0,11.908,3.2878,3.2878,62.63,0,16.219,0,2.6664,0,0,2.6664,6.5756,18.886,5.9542,60.585,0,2.6664,2.6664,0,0,0,1,0,0,0,0,0,1,0,0,0,0,0,1,0,0
0,0,5.6642,0,21.314,51.689,0,0,21.333,0,0,0,9.7907,2.4781,9.0639,21.314,42.625,12.25,0,2.4781,0,0,3.1861,2.4781,0,0,0,42.625,9.0639,21.314,0,21.333,0,0,1,0,0,0,0,0,1,0,0,0,0,0,1,0,0
0,0,0,0,6.6675,75.357,5.5163,0,12.46,0,0,0,17.976,0,0,6.6675,63.173,12.184,0,0,0,0,0,5.5163,0,0,0,59.907,15.449,6.6675,0,12.46,0,0,1,0,0,0,0,0,1,0,0,0,0,0,1,0,0
0,0,0,0,10.285,75,6.2493,0,8.466,0,0,0,14.715,0,0,18.751,41.534,25,0,0,0,0,0,6.2493,0,0,0,47.783,27.217,10.285,0,8.466,0,0.027027,0.97297,0,0,0,0,0,1,0,0,0,0,0.067568,0.93243,0,0
0,0,18.34,0,11.596,62.907,0,0,7.1569,0,0,0,0,4.4582,4.4582,18.753,49.12,23.211,0,0,0,0,13.882,4.4582,0,0,0,53.578,9.3286,11.596,0,7.1569,0,0,1,0,0,0,0,0,1,0,0,0,0,0,1,0,0
0,0,9.4448,0,20.481,59.993,0,0,10.08,0,0,0,4.5621,0,5.5182,25.043,45.351,19.525,0,0,0,0,9.4448,0,0,0,0,38.051,21.942,20.481,0,10.08,0,0,1,0,0,0,0,0,1,0,0,0,0,0.032787,0.96721,0,0
0,58.734,7.4072,0,0,33.859,0,0,0,0,0,0,25.663,7.4072,0,0,33.859,0,0,0,0,33.07,0,33.07,0,33.07,0,33.859,0,0,0,0,0,0,1,0,0,0,0,0,1,0,0,0,0,0,1,0,0
0,25.144,17.124,0,0,45.242,0,0,12.491,0,0,6.2453,18.011,0,0,17.124,45.242,0,6.2453,0,0,7.1327,17.124,7.1327,10.878,7.1327,0,34.363,10.878,0,6.2453,0,6.2453,0,1,0,0,0,0,0,1,0,0,0,0,0,1,0,0
0,12.793,5.9324,0,0,81.274,0,0,0,0,0,0,6.3966,5.9324,0,0,81.274,0,0,0,0,6.3966,0,12.329,0,6.3966,0,81.274,0,0,0,0,0,0,1,0,0,0,0,0,1,0,0,0,0,0,1,0,0
0,0,0,0,0,100,0,0,0,0,0,0,0,0,0,0,100,0,0,0,0,0,0,0,0,0,0,100,0,0,0,0,0,0,1,0,0,0,0,0,1,0,0,0,0,0,1,0,0
0,0,8.8477,0,0,70.307,0,0,20.845,0,0,11.997,3.1496,0,0,8.8477,61.773,5.385,8.8477,0,0,0,8.8477,0,3.1496,0,0,61.773,5.385,0,11.997,0,8.8477,0,0.25,0.0375,0.1875,0.525,0,0,1,0,0,0,0,0.75,0.25,0,0
0,0,0,0,0,93.078,0,0,6.9215,0,0,0,0,0,0,0,93.078,0,6.9215,0,0,0,0,0,0,0,0,93.078,0,0,0,0,6.9215,0,0,0,0.1954,0.8046,0,0,1,0,0,0,0,1,0,0,0
0,0,0,0,0,94.398,0,0,5.6019,0,0,0,0,0,0,0,82.538,11.86,5.6019,0,0,0,0,0,0,0,0,63.836,30.562,0,0,0,5.6019,0,0.10938,0,0.34375,0.54688,0,0,1,0,0,0,0,0.89062,0.10938,0,0
0,0,0,0,0,100,0,0,0,0,0,0,0,0,0,0,89.841,10.159,0,0,0,0,0,0,0,0,0,89.841,10.159,0,0,0,0,0,0,0,0.11628,0.88372,0,0,1,0,0,0,0,1,0,0,0
0,0,0,0,0,100,0,0,0,0,0,0,0,0,0,0,100,0,0,0,0,0,0,0,0,0,0,100,0,0,0,0,0,0,0,0,0.24,0.76,0,0,1,0,0,0,0,1,0,0,0
0,0,0,0,0,100,0,0,0,0,0,0,0,0,0,0,100,0,0,0,0,0,0,0,0,0,0,100,0,0,0,0,0,0,0,0.037736,0.11321,0.84906,0,0,1,0,0,0,0,1,0,0,0
0,0,0,0,0,100,0,0,0,0,0,0,0,0,0,0,100,0,0,0,0,0,0,0,0,0,0,100,0,0,0,0,0,0,0,0,0.086957,0.91304,0,0,1,0,0,0,0,1,0,0,0
0,0,0,0,0,100,0,0,0,0,0,0,0,0,0,0,100,0,0,0,0,0,0,0,0,0,0,100,0,0,0,0,0,0,0,0.11765,0.15294,0.72941,0,0,1,0,0,0,0,1,0,0,0
0,0,0,0,0,100,0,0,0,0,0,0,0,0,0,0,100,0,0,0,0,0,0,0,0,0,0,100,0,0,0,0,0,0,0,0,0.044944,0.95506,0,0,1,0,0,0,0,1,0,0,0
0,0,0,0,0,100,0,0,0,0,0,0,0,0,0,0,100,0,0,0,0,0,0,0,0,0,0,100,0,0,0,0,0,0,0,0.077778,0.2,0.72222,0,0,1,0,0,0,0,1,0,0,0
0,0,0,0,0,100,0,0,0,0,0,0,0,0,0,0,100,0,0,0,0,0,0,0,0,0,0,100,0,0,0,0,0,0,0,0.022472,0.25843,0.7191,0,0,1,0,0,0,0,1,0,0,0
0,0,0,0,0,100,0,0,0,0,0,0,0,0,0,0,100,0,0,0,0,0,0,0,0,0,0,100,0,0,0,0,0,0,0,0.12766,0.23404,0.6383,0,0,1,0,0,0,0,1,0,0,0
6.2829,22.688,0,0,0,64.746,0,0,0,6.2829,0,0,0,6.2829,16.405,0,58.463,6.2829,0,0,12.566,0,10.122,0,12.566,6.2829,0,60.907,0,0,10.122,0,0,0,1,0,0,0,0,0,1,0,0,0,0,0,1,0,0
3.6869,7.3738,0,0,0,88.939,0,0,0,0,0,0,0,7.3738,0,0,88.939,0,0,0,3.6869,0,0,3.6869,0,3.6869,3.6869,81.566,0,3.6869,3.6869,0,0,0,1,0,0,0,0,0,1,0,0,0,0,0,1,0,0
0,4.8455,0,0,0,95.154,0,0,0,0,0,0,0,4.8455,0,0,95.154,0,0,0,0,0,0,0,4.8455,0,0,90.309,0,0,4.8455,0,0,0,1,0,0,0,0,0,0.96296,0.037037,0,0,0,0,1,0,0
0,0,0,0,0,100,0,0,0,0,0,0,0,0,0,0,100,0,0,0,0,0,0,0,0,0,0,100,0,0,0,0,0,0,1,0,0,0,0,0,1,0,0,0,0,0,1,0,0
0,0,69.8,0,0,30.2,0,0,0,0,0,0,0,3.5189,0,0,30.2,66.282,0,0,0,0,0,69.8,0,0,0,30.2,0,0,0,0,0,0,1,0,0,0,0,0,1,0,0,0,0,0,1,0,0
0,0,18.92,0,0,81.08,0,0,0,0,0,0,0,7.449,0,0,81.08,11.471,0,0,0,0,0,18.92,0,0,0,81.08,0,0,0,0,0,0,1,0,0,0,0,0,0.98507,0.014925,0,0,0,0,1,0,0
3.2214,0,0,0,0,96.779,0,0,0,0,0,0,0,0,0,3.2214,96.779,0,0,0,0,0,0,0,3.2214,0,0,96.779,0,0,0,0,0,0,1,0,0,0,0,0,1,0,0,0,0,0,1,0,0
0,0,7.2009,0,0,72.631,0,0,20.168,0,0,8.5916,0,4.2163,4.2163,2.9846,51.846,19.553,0,8.5916,0,0,2.9846,4.2163,0,0,0,68.415,4.2163,0,8.5916,11.576,0,0,1,0,0,0,0,0,1,0,0,0,0,0,1,0,0
0,0,0,0,0,100,0,0,0,0,0,0,0,0,0,0,100,0,0,0,0,0,0,0,0,0,0,100,0,0,0,0,0,0,1,0,0,0,0,0,1,0,0,0,0,0,1,0,0
0,0,2.3119,0,0,65.925,0,0,18.336,13.427,0,3.5807,13.427,2.3119,0,0,49.901,16.024,0,14.756,0,0,0,2.3119,0,0,0,65.925,0,0,3.5807,28.182,0,0,1,0,0,0,0,0,1,0,0,0,0,0,1,0,0
0,0,13.829,0,0,63.8,0,0,16.495,5.8759,0,2.9085,5.8759,13.829,9.0276,0,39.869,14.904,0,13.586,0,0,0,13.829,0,0,0,54.772,9.0276,0,2.9085,19.462,0,0.015873,0.98413,0,0,0,0,0,1,0,0,0,0,0.031746,0.96825,0,0
0,0,11.903,0,17.892,48.351,0,0,21.854,0,0,7.4114,0,2.6912,4.3403,17.892,29.188,28.375,0,10.103,0,0,9.2116,2.6912,0,0,0,44.011,4.3403,17.892,7.4114,14.443,0,0.020408,0.97959,0,0,0,0,0,1,0,0,0,0,0.040816,0.95918,0,0
0,0,0,0,0,64.594,0,0,28.717,6.6885,0,14.359,6.6885,0,0,0,51.689,12.905,0,14.359,0,0,0,0,0,0,0,64.594,0,0,14.359,21.047,0,0.036364,0.96364,0,0,0,0,0,1,0,0,0,0,0.090909,0.90909,0,0
0,0,0,0,0,100,0,0,0,0,0,0,0,0,0,0,100,0,0,0,0,0,0,0,0,0,0,100,0,0,0,0,0,0,1,0,0,0,0,0,1,0,0,0,0,0,1,0,0
0,0,0,0,0,100,0,0,0,0,0,0,0,0,0,0,100,0,0,0,0,0,0,0,0,0,0,100,0,0,0,0,0,0,1,0,0,0,0,0,1,0,0,0,0,0,1,0,0
0,0,0,0,0,100,0,0,0,0,0,0,0,0,0,0,100,0,0,0,0,0,0,0,0,0,0,100,0,0,0,0,0,0,1,0,0,0,0,0,1,0,0,0,0,0,1,0,0
0,0,0,0,0,100,0,0,0,0,0,0,0,0,0,0,100,0,0,0,0,0,0,0,0,0,0,100,0,0,0,0,0,0,1,0,0,0,0,0,1,0,0,0,0,0,1,0,0
0,0,0,0,0,100,0,0,0,0,0,0,0,0,0,0,86.638,13.362,0,0,0,0,0,0,0,0,0,59.962,40.038,0,0,0,0,0,0,0.075758,0.13636,0.78788,0,0,1,0,0,0,0,1,0,0,0
0,0,0,0,0,100,0,0,0,0,0,0,0,0,0,0,100,0,0,0,0,0,0,0,0,0,0,85.895,14.105,0,0,0,0,0,0,0,0.081081,0.91892,0,0,1,0,0,0,0,1,0,0,0
0,0,0,0,0,100,0,0,0,0,0,0,0,0,0,0,100,0,0,0,0,0,0,0,0,0,0,66.116,33.884,0,0,0,0,0,0.081633,0.16327,0.14286,0.61224,0,0,1,0,0,0,0,0.91837,0.081633,0,0
0,0,0,0,0,100,0,0,0,0,0,0,0,0,0,0,100,0,0,0,0,0,0,0,0,0,0,92.594,7.4059,0,0,0,0,0,0,0,0.10294,0.89706,0,0,1,0,0,0,0,1,0,0,0
0,0,0,0,0,89.374,0,0,5.1929,5.4326,0,2.5965,5.4326,0,0,0,89.374,0,0,2.5965,0,0,0,0,0,0,0,89.374,0,0,2.5965,8.0291,0,0,1,0,0,0,0,0,1,0,0,0,0,0,1,0,0
0,0,0,0,0,79.906,0,0,13.848,6.2454,0,3.8013,6.2454,0,0,0,73.661,6.2454,0,10.047,0,0,0,0,0,0,0,79.906,0,0,3.8013,16.292,0,0,1,0,0,0,0,0,1,0,0,0,0,0,1,0,0
0,0,0,0,0,75,0,0,0,25,0,0,25,0,0,0,75,0,0,0,0,0,0,0,0,0,0,75,0,0,0,25,0,0,1,0,0,0,0,0,1,0,0,0,0,0.065217,0.93478,0,0
0,0,0,0,0,100,0,0,0,0,0,0,0,0,0,0,100,0,0,0,0,0,0,0,0,0,0,83.73,16.27,0,0,0,0,0,0.18644,0.067797,0.16949,0.57627,0,0,1,0,0,0,0,0.81356,0.18644,0,0
0,0,0,0,0,100,0,0,0,0,0,0,0,0,0,0,100,0,0,0,0,0,0,0,0,0,0,100,0,0,0,0,0,0,0,0,0.28395,0.71605,0,0,1,0,0,0,0,1,0,0,0
0,0,0,0,0,100,0,0,0,0,0,0,0,0,0,0,100,0,0,0,0,0,0,0,0,0,0,100,0,0,0,0,0,0,0,0.032967,0.28571,0.68132,0,0,1,0,0,0,0,1,0,0,0
0,0,0,0,0,100,0,0,0,0,0,0,0,0,0,0,100,0,0,0,0,0,0,0,0,0,0,100,0,0,0,0,0,0,0,0.014706,0.27941,0.70588,0,0,1,0,0,0,0,1,0,0,0
0,0,0,0,0,100,0,0,0,0,0,0,0,0,0,0,100,0,0,0,0,0,0,0,0,0,0,100,0,0,0,0,0,0,0,0.080645,0.27419,0.64516,0,0,1,0,0,0,0,1,0,0,0
0,0,25.328,0,2.1612,44.256,13.79,14.465,0,0,0,0,4.7133,0,9.7516,20.606,41.428,7.5904,2.1612,0,6.8745,6.8745,13.74,7.5904,6.8745,18.503,0,44.256,0,0,0,0,9.0358,0.15625,0.375,0.46875,0,0,0,0,1,0,0,0,0,1,0,0,0
0,0,0,0,0,48.151,0,0,0,39.219,12.631,0,16.33,0,0,0,51.918,0,5.1638,8.8627,8.8627,8.8627,0,0,0,0,0,30.425,22.889,16.33,0,30.356,0,0.15789,0.84211,0,0,0,0,0,1,0,0,0,0,0.26316,0.73684,0,0
0,0,0,0,0,60.046,0,0,0,14.916,25.038,0,2.746,0,0,0,63.978,0,15.858,2.746,11.926,2.746,0,0,0,0,0,45.375,30.53,11.926,0,12.17,0,0,1,0,0,0,0,0,1,0,0,0,0,0,1,0,0
0,0,2.7155,0,0,79.604,0,0,14.965,2.7155,0,2.7155,5.0785,7.5238,0,0,79.604,0,0,0,0,5.0785,2.7155,0,0,0,0,79.604,0,2.7155,2.7155,2.363,9.8868,1,0,0,0,0,0,0,1,0,0,0,0,1,0,0,0
0,0,2.2769,0,0,69.71,0,0,25.525,2.4876,0,2.4876,10.306,9.4668,0,4.7644,62.458,2.4876,0,0,0,8.0293,2.2769,0,0,0,0,62.458,7.252,2.4876,4.7831,3.2463,17.496,1,0,0,0,0,0,0,1,0,0,0,0,1,0,0,0
0,0,0,0,0,100,0,0,0,0,0,0,0,0,0,0,100,0,0,0,0,0,0,0,0,0,0,100,0,0,0,0,0,0,1,0,0,0,0,0,1,0,0,0,0,0,1,0,0
0,0,0,0,0,85.229,0,0,14.771,0,0,0,7.3853,0,0,0,85.229,0,0,0,0,7.3853,0,0,0,0,0,85.229,0,0,2.6705,4.7149,7.3853,1,0,0,0,0,0,0,1,0,0,0,0,1,0,0,0
0,0,0,0,0,100,0,0,0,0,0,0,0,0,0,0,100,0,0,0,0,0,0,0,0,0,0,100,0,0,0,0,0,0,1,0,0,0,0,0,1,0,0,0,0,0,1,0,0
0,0,0,0,0,87.081,0,0,12.918,0,0,0,9.0633,0,0,0,87.081,0,0,0,0,3.8552,0,0,0,0,0,87.081,0,0,3.8552,0,9.0633,1,0,0,0,0,0,0,1,0,0,0,0,1,0,0,0
0,0,0,0,0,100,0,0,0,0,0,0,0,0,0,0,100,0,0,0,0,0,0,0,0,0,0,100,0,0,0,0,0,0,1,0,0,0,0,0,1,0,0,0,0,0.03125,0.96875,0,0
0,0,0,0,0,75.233,0,0,24.767,0,0,0,0,12.383,0,0,75.233,0,0,12.383,0,0,0,0,0,0,0,75.233,0,0,0,12.383,12.383,0.96364,0.036364,0,0,0,0,0,1,0,0,0,0,1,0,0,0
0,0,0,0,0,80.806,0,0,19.194,0,0,0,0,14.305,0,0,80.806,0,0,4.889,0,0,0,0,0,0,0,80.806,0,0,0,4.889,14.305,0,0,0.10714,0.57143,0.32143,0,0,1,0,0,0,0,1,0,0,0
0,0,0,0,0,100,0,0,0,0,0,0,0,0,0,0,100,0,0,0,0,0,0,0,0,0,0,100,0,0,0,0,0,0,0,0,0.026316,0.97368,0,0,1,0,0,0,0,1,0,0,0
0,0,0,0,0,100,0,0,0,0,0,0,0,0,0,0,100,0,0,0,0,0,0,0,0,0,0,100,0,0,0,0,0,0,0,0,0,1,0,0,1,0,0,0,0,1,0,0,0
0,0,0,0,52.187,47.813,0,0,0,0,0,0,0,20.24,23.306,0,12.908,0,14.665,28.881,0,0,0,0,0,0,0,14.665,46.055,23.306,15.973,0,0,0,0.975,0,0,0.025,0,0,1,0,0,0,0,0.4,0.6,0,0
0,2.4183,18.328,9.8201,3.1692,33.204,3.1692,0,19.998,9.8931,0,0,9.8931,7.5398,0,17.106,9.1675,32.934,8.7498,1.2092,13.4,0,2.4183,19.537,0,5.7994,3.9123,7.4018,19.26,0,5.5875,36.084,0,0,0.028571,0.97143,0,0,0,0,0.028571,0.97143,0,0,0,0,1,0,1
0,0,0,0,0,100,0,0,0,0,0,0,0,0,0,0,100,0,0,0,0,0,0,0,0,0,0,100,0,0,0,0,0,0,1,0,0,0,0,0,1,0,0,0,0,0,1,0,0
0,0,0,0,0,100,0,0,0,0,0,0,0,0,0,0,79.955,20.045,0,0,0,0,0,0,0,0,0,51.936,48.064,0,0,0,0,1,0,0,0,0,0,0,1,0,0,0,0,1,0,0,0
2.1122,13.803,0,0,16.338,36.931,2.1122,19.471,6.8582,0,2.3755,15.829,2.1122,8.5477,0,0,39.043,14.489,15.492,0,2.3755,2.1122,8.5477,13.721,12.349,12.113,5.7545,27.375,0,3.8017,5.2551,0,11.083,0.625,0.375,0,0,0,0,0,1,0,0,0,0,0.875,0.125,0,0
1.8565,8.3971,0,0,15.313,18.917,25.265,21.817,6.5769,0,1.8565,11.297,1.8565,6.5406,0,0,46.039,4.7203,18.954,0,1.8565,8.7361,10.254,8.4334,42.362,4.7203,3.6405,13.456,0,1.8202,1.8565,0,13.456,0.15556,0.84444,0,0,0,0,0,1,0,0,0,0,1,0,0,1
20,0,0,0,40,20,20,0,0,0,0,20,20,0,0,0,40,0,0,0,0,20,0,20,20,0,0,0,0,20,0,0,40,0.125,0.83333,0.041667,0,0,0,0,1,0,0,0,0,1,0,0,1
0,0,7.7595,0,0,71.003,0,0,7.7595,13.478,0,10.619,0,7.7595,0,0,78.763,0,0,0,0,2.8591,13.478,0,7.7595,0,9.0721,61.931,0,0,7.7595,0,0,0,1,0,0,0,0,0,1,0,0,0,0,1,0,0,1
0,0,0,0,0,0,0,0,0,0,0,0,0,0,0,0,0,0,0,0,0,0,0,0,0,0,0,0,0,0,0,0,0,0,1,0,0,0,0,0,1,0,0,0,0,0,1,0,0
50,0,0,0,0,50,0,0,0,0,0,0,0,0,0,0,100,0,0,0,0,0,0,0,0,50,0,50,0,0,0,0,0,0,1,0,0,0,0,0,1,0,0,0,0,0,1,0,0
6.6443,6.6443,0,0,0,81.715,0,0,0,4.9959,0,2.498,1.9967,0,4.6476,4.6476,81.715,0,0,0,1.9967,2.498,4.9959,0,13.289,0,0,75.071,0,4.6476,1.9967,0,0,0,1,0,0,0,0,0,1,0,0,0,0,0.32,0.68,0,0
3.6691,5.0212,0,0,18.507,39.987,2.0206,20.158,5.0212,0,5.6161,10.414,3.6691,3.3727,0,0,43.656,7.3403,14.466,0,5.6161,11.465,6.6696,16.625,14.838,3.3727,7.2793,30.687,0,2.0206,1.6485,0,16.859,0.24,0.76,0,0,0,0,0,1,0,0,0,0,0.98667,0.013333,0,1
0,3.1684,3.8654,0,0,57.946,0,11.397,3.8654,14.697,5.0607,3.8654,0,7.0338,0,0,61.811,5.0607,6.3368,0,5.0607,10.831,17.865,10.121,10.202,0,11.397,43.38,0,3.1684,3.8654,0,0,0,1,0,0,0,0,0,1,0,0,0,0,1,0,0,1
0,16.396,8.1656,6.1707,4.1788,27.573,10.191,0,18.95,2.3957,5.9787,5.9787,6.6085,3.9868,10.384,16.365,16.752,0,15,12.55,8.3916,3.9838,12.587,14.144,1.9919,6.2047,0,16.752,0,3.9868,6.5745,18.775,18.984,0.27273,0.72727,0,0,0,0,0,1,0,0,0,0,0.42424,0.57576,0,0
0,0,0,0,0,100,0,0,0,0,0,0,0,0,0,0,100,0,0,0,0,0,0,0,0,0,0,100,0,0,0,0,0,0,1,0,0,0,0,0,1,0,0,0,0,0,1,0,0
0,0,0,0,0,75.994,0,0,8.0019,0,16.004,0,0,0,0,0,83.996,8.0019,0,0,0,8.0019,0,0,0,0,0,75.994,0,16.004,8.0019,0,0,0,1,0,0,0,0,0,1,0,0,0,0,0,1,0,0
0,0,3.2093,0,0,85.548,0,0,11.243,0,0,0,0,0,0,0,85.548,3.2093,0,0,11.243,0,0,3.2093,0,0,0,85.548,0,0,0,0,11.243,1,0,0,0,0,0,0,1,0,0,0,0,1,0,0,0
3.7116,0,0,0,3.7116,85.154,0,0,0,0,7.4231,0,3.7116,0,3.7116,0,92.577,0,0,0,0,0,0,0,0,3.7116,0,85.154,3.7116,7.4231,0,0,0,0.083333,0.91667,0,0,0,0,0,1,0,0,0,0,0.083333,0.91667,0,0
0,4.5427,4.5427,0,7.8528,77.13,0,0,5.9315,0,0,5.9315,10.474,0,0,9.5799,65.382,0,0,0,8.6323,0,4.5427,5.8167,10.474,0,0,60.839,4.5427,7.8528,5.9315,0,0,0.57778,0.31111,0.066667,0.044444,0,0,0,1,0,0,0,0,0.68889,0.31111,0,0
0,27.693,4.3575,0,9.1309,50.104,0,0,8.715,0,0,4.3575,18.412,0,0,8.9229,40.973,0,4.3575,0,9.1309,13.846,4.3575,4.5654,18.412,13.846,0,36.408,4.5654,9.1309,4.3575,0,4.3575,0.80851,0.19149,0,0,0,0,0,1,0,0,0,0,0.85106,0.14894,0,0
5.6852,0,9.2369,0,0,75.841,0,0,9.2369,0,0,0,0,3.5427,0,11.379,75.841,5.6942,0,3.5427,0,0,5.6942,3.5427,5.6852,0,0,75.841,0,0,0,9.2369,0,0,1,0,0,0,0,0,1,0,0,0,0,0,1,0,0
0,23.045,4.6289,0,0,63.068,0,0,9.2578,0,0,4.6289,11.522,0,0,4.6289,63.068,0,4.6289,0,0,11.522,4.6289,4.7052,6.8173,11.522,0,63.068,0,0,4.6289,0,4.6289,0,1,0,0,0,0,0,1,0,0,0,0,0,1,0,0
0,0,10.823,0,19.686,61.142,0,0,8.35,0,0,0,0,8.5495,14.626,21.959,30.433,24.432,0,0,0,0,2.2732,8.5495,0,0,0,38.983,22.159,19.686,0,8.35,0,0.058824,0.94118,0,0,0,0,0,1,0,0,0,0,0.11765,0.88235,0,0
0,0,0,0,0,100,0,0,0,0,0,0,0,0,0,0,90.317,9.6834,0,0,0,0,0,0,0,0,0,61.084,38.916,0,0,0,0,0,0.63636,0.060606,0.27273,0.030303,0,0,1,0,0,0,0,0.36364,0.63636,0,0
0,0,3.446,0,3.3273,62.27,21.94,9.017,0,0,0,25.267,0,0,0,0,55.497,6.7733,0,0,3.446,9.017,30.957,6.7733,0,0,3.446,52.051,6.7733,0,0,0,0,0,1,0,0,0,0,0,1,0,0,0,0,1,0,0,0
0,13.724,0,0,0,86.276,0,0,0,0,0,0,0,13.724,0,0,86.276,0,0,0,0,0,0,0,13.724,0,0,72.553,0,0,13.724,0,0,0,1,0,0,0,0,0,1,0,0,0,0,0,1,0,0
0,0,0,0,0,100,0,0,0,0,0,0,0,0,0,0,100,0,0,0,0,0,0,0,0,0,0,100,0,0,0,0,0,0,1,0,0,0,0,0,1,0,0,0,0,0,1,0,0
0,0,3.4814,0,0,86.315,0,0,10.203,0,0,3.3609,0,3.4814,0,0,86.315,0,0,6.8423,0,0,0,3.4814,0,0,0,86.315,0,0,3.3609,6.8423,0,0,1,0,0,0,0,0,1,0,0,0,0,0,1,0,0
0,0,0,0,0,100,0,0,0,0,0,0,0,0,0,0,94.785,5.2147,0,0,0,0,0,0,0,0,0,64.76,35.24,0,0,0,0,0,0.66667,0,0.3,0.033333,0,0,1,0,0,0,0,0.33333,0.66667,0,0
