h1,h2,h3,h4,h5,h6,h7,h8,h9,h10,h11,h12,h13,h14,h15,h16,h17,h18,h19,h20,h21,h22,h23,h24,h25,h26,h27,h28,h29,h30,h31,h32,h33,h34,h35,h36,h37,h38,h39,h40,h41,h42,h43,h44,h45,h46,h47,h48,label
0,0,0,0,0,100,0,0,0,0,0,0,0,0,0,0,100,0,0,0,0,0,0,0,0,0,0,100,0,0,0,0,0,0,0,0,0,1,0,0,1,0,0,0,0,1,0,0,0
0,0,0,0,0,100,0,0,0,0,0,0,0,0,0,0,100,0,0,0,0,0,0,0,0,0,0,100,0,0,0,0,0,0,0,0,0,1,0,0,1,0,0,0,0,1,0,0,0
0,0,0,0,0,100,0,0,0,0,0,0,0,0,0,0,100,0,0,0,0,0,0,0,0,0,0,100,0,0,0,0,0,0,0,0,0,1,0,0,1,0,0,0,0,1,0,0,0
0,0,0,0,0,100,0,0,0,0,0,0,0,0,0,0,100,0,0,0,0,0,0,0,0,0,0,100,0,0,0,0,0,0,0,0.011765,0,0.98824,0,0,1,0,0,0,0,1,0,0,0
0,0,0,0,0,100,0,0,0,0,0,0,0,0,0,0,100,0,0,0,0,0,0,0,0,0,0,100,0,0,0,0,0,0,0,0,0,1,0,0,1,0,0,0,0,1,0,0,0
0,0,0,0,0,100,0,0,0,0,0,0,0,0,0,0,100,0,0,0,0,0,0,0,0,0,0,100,0,0,0,0,0,0,0,0,0,1,0,0,1,0,0,0,0,1,0,0,0
0,0,0,0,0,100,0,0,0,0,0,0,0,0,0,0,100,0,0,0,0,0,0,0,0,0,0,100,0,0,0,0,0,0,0,0,0,1,0,0,1,0,0,0,0,1,0,0,0
0,0,0,0,0,100,0,0,0,0,0,0,0,0,0,0,100,0,0,0,0,0,0,0,0,0,0,100,0,0,0,0,0,0,0,0,0,1,0,0,1,0,0,0,0,1,0,0,0
0,0,0,0,0,100,0,0,0,0,0,0,0,0,0,0,100,0,0,0,0,0,0,0,0,0,0,100,0,0,0,0,0,0,0,0.014085,0.16901,0.8169,0,0,1,0,0,0,0,1,0,0,0
0,0,0,0,0,100,0,0,0,0,0,0,0,0,0,0,100,0,0,0,0,0,0,0,0,0,0,100,0,0,0,0,0,0,0,0,0,1,0,0,1,0,0,0,0,1,0,0,0
0,0,0,0,0,100,0,0,0,0,0,0,0,0,0,0,100,0,0,0,0,0,0,0,0,0,0,100,0,0,0,0,0,0,0,0,0,1,0,0,1,0,0,0,0,1,0,0,0
0,0,0,0,0,100,0,0,0,0,0,0,0,0,0,0,100,0,0,0,0,0,0,0,0,0,0,100,0,0,0,0,0,0,0,0,0,1,0,0,1,0,0,0,0,1,0,0,0
0,0,0,0,0,100,0,0,0,0,0,0,0,0,0,0,100,0,0,0,0,0,0,0,0,0,0,100,0,0,0,0,0,0,0,0,0,1,0,0,1,0,0,0,0,1,0,0,0
0,0,0,0,7.2761,92.724,0,0,0,0,0,0,0,0,0,10.025,82.699,7.2761,0,0,0,0,0,0,0,0,0,82.699,17.301,0,0,0,0,0,0,0,0,1,0,0,1,0,0,0,0,1,0,0,0
0,0,0,0,32.433,67.567,0,0,0,0,0,0,0,0,0,25.668,41.899,32.433,0,0,0,0,0,0,0,0,0,41.899,58.101,0,0,0,0,0,0,0,0,1,0,0,1,0,0,0,0,1,0,0,0
0,0,0,0,0,100,0,0,0,0,0,0,0,0,0,0,100,0,0,0,0,0,0,0,0,0,0,100,0,0,0,0,0,0,0,0,0,1,0,0,1,0,0,0,0,1,0,0,0
0,0,0,0,0,100,0,0,0,0,0,0,0,0,0,0,100,0,0,0,0,0,0,0,0,0,0,100,0,0,0,0,0,0,0,0,0,1,0,0,1,0,0,0,0,1,0,0,0
0,0,0,0,0,100,0,0,0,0,0,0,0,0,0,0,100,0,0,0,0,0,0,0,0,0,0,100,0,0,0,0,0,0,0,0,0,1,0,0,1,0,0,0,0,1,0,0,0
0,0,0,0,0,100,0,0,0,0,0,0,0,0,0,0,100,0,0,0,0,0,0,0,0,0,0,100,0,0,0,0,0,0,0,0,0,1,0,0,1,0,0,0,0,1,0,0,0
0,0,0,0,0,100,0,0,0,0,0,0,0,0,0,0,100,0,0,0,0,0,0,0,0,0,0,100,0,0,0,0,0,0,0,0,0,1,0,0,1,0,0,0,0,1,0,0,0
0,0,0,0,0,100,0,0,0,0,0,0,0,0,0,0,100,0,0,0,0,0,0,0,0,0,0,100,0,0,0,0,0,0,0,0,0,1,0,0,1,0,0,0,0,1,0,0,0
0,0,0,0,0,100,0,0,0,0,0,0,0,0,0,0,100,0,0,0,0,0,0,0,0,0,0,100,0,0,0,0,0,0,0,0,0,1,0,0,1,0,0,0,0,1,0,0,0
0,0,0,0,0,100,0,0,0,0,0,0,0,0,0,0,100,0,0,0,0,0,0,0,0,0,0,100,0,0,0,0,0,0,0,0,0,1,0,0,1,0,0,0,0,1,0,0,0
0,0,0,0,0,100,0,0,0,0,0,0,0,0,0,0,100,0,0,0,0,0,0,0,0,0,0,100,0,0,0,0,0,0,0,0,0,1,0,0,1,0,0,0,0,1,0,0,0
0,0,0,0,0,100,0,0,0,0,0,0,0,0,0,0,100,0,0,0,0,0,0,0,0,0,0,100,0,0,0,0,0,0,0,0,0,1,0,0,1,0,0,0,0,1,0,0,0
0,0,0,0,0,100,0,0,0,0,0,0,0,0,0,0,100,0,0,0,0,0,0,0,0,0,0,100,0,0,0,0,0,0,0,0,0,1,0,0,1,0,0,0,0,1,0,0,0
0,0,0,0,0,0,0,0,0,0,0,0,0,0,0,0,0,0,0,0,0,0,0,0,0,0,0,0,0,0,0,0,0,0,0,0,0,1,0,0,1,0,0,0,0,1,0,0,0
0,0,0,0,0,100,0,0,0,0,0,0,0,0,0,0,100,0,0,0,0,0,0,0,0,0,0,100,0,0,0,0,0,0,0,0,0,1,0,0,1,0,0,0,0,1,0,0,0
0,0,0,0,0,100,0,0,0,0,0,0,0,0,0,0,100,0,0,0,0,0,0,0,0,0,0,100,0,0,0,0,0,0,0,0,0,1,0,0,1,0,0,0,0,1,0,0,0
0,0,0,0,0,100,0,0,0,0,0,0,0,0,0,0,100,0,0,0,0,0,0,0,0,0,0,100,0,0,0,0,0,0,0,0,0,1,0,0,1,0,0,0,0,1,0,0,0
0,0,0,0,0,100,0,0,0,0,0,0,0,0,0,0,100,0,0,0,0,0,0,0,0,0,0,100,0,0,0,0,0,0,0,0,0,1,0,0,1,0,0,0,0,1,0,0,0
0,0,0,0,0,100,0,0,0,0,0,0,0,0,0,0,100,0,0,0,0,0,0,0,0,0,0,100,0,0,0,0,0,0,0,0,0,1,0,0,1,0,0,0,0,1,0,0,0
0,0,0,0,17.431,82.569,0,0,0,0,0,0,0,0,0,21.529,66.964,11.507,0,0,0,0,0,0,0,0,0,61.04,38.96,0,0,0,0,0,0,0,0,1,0,0,1,0,0,0,0,1,0,0,0
0,0,0,0,0,100,0,0,0,0,0,0,0,0,0,0,100,0,0,0,0,0,0,0,0,0,0,100,0,0,0,0,0,0,0,0,0,1,0,0,1,0,0,0,0,1,0,0,0
0,0,0,0,20.494,79.506,0,0,0,0,0,0,0,0,0,0,73.5,26.5,0,0,0,0,0,0,0,0,0,79.506,20.494,0,0,0,0,0,0,0,0,1,0,0,1,0,0,0,0,1,0,0,0
0,0,0,0,7.1877,92.812,0,0,0,0,0,0,0,0,0,23.75,69.063,7.1877,0,0,0,0,0,0,0,0,0,69.063,30.937,0,0,0,0,0,0,0,0,1,0,0,1,0,0,0,0,1,0,0,0
0,0,0,0,11.727,88.273,0,0,0,0,0,0,0,0,0,0,86.727,13.273,0,0,0,0,0,0,0,0,0,88.273,11.727,0,0,0,0,0,0,0,0,1,0,0,1,0,0,0,0,1,0,0,0
0,0,0,0,0,100,0,0,0,0,0,0,0,0,0,0,100,0,0,0,0,0,0,0,0,0,0,100,0,0,0,0,0,0,0,0,0,1,0,0,1,0,0,0,0,1,0,0,0
0,0,0,0,5.6852,94.315,0,0,0,0,0,0,0,0,0,0,93.29,6.7104,0,0,0,0,0,0,0,0,0,94.315,5.6852,0,0,0,0,0,0,0,0,1,0,0,1,0,0,0,0,1,0,0,0
0,0,0,0,0,100,0,0,0,0,0,0,0,0,0,0,100,0,0,0,0,0,0,0,0,0,0,100,0,0,0,0,0,0,0,0,0,1,0,0,1,0,0,0,0,1,0,0,0
0,0,0,0,0,100,0,0,0,0,0,0,0,0,0,0,100,0,0,0,0,0,0,0,0,0,0,100,0,0,0,0,0,0,0,0,0,1,0,0,1,0,0,0,0,1,0,0,0
0,0,0,0,19.991,80.009,0,0,0,0,0,0,0,0,0,0,85.545,14.455,0,0,0,0,0,0,0,0,0,80.009,19.991,0,0,0,0,0,0,0,0,1,0,0,1,0,0,0,0,1,0,0,0
0,0,0,0,0,100,0,0,0,0,0,0,0,0,0,0,92.495,7.5046,0,0,0,0,0,0,0,0,0,100,0,0,0,0,0,0,0,0,0,1,0,0,1,0,0,0,0,1,0,0,0
0,0,0,0,0,100,0,0,0,0,0,0,0,0,0,0,100,0,0,0,0,0,0,0,0,0,7.3847,92.615,0,0,0,0,0,0,0,0,0,1,0,0,1,0,0,0,0,1,0,0,0
0,0,0,0,0,100,0,0,0,0,0,0,0,0,0,0,100,0,0,0,0,0,0,0,0,0,3.4387,88.118,8.4435,0,0,0,0,0,0,0,0,1,0,0,1,0,0,0,0,1,0,0,0
0,0,0,0,0,88.757,0,0,11.243,0,0,0,0,0,0,0,84.365,15.635,0,0,0,0,0,0,0,0,11.243,68.731,8.7834,0,0,0,11.243,0,0,0,0,1,0,0,1,0,0,0,0,1,0,0,0
0,0,0,0,0,100,0,0,0,0,0,0,0,0,0,10.592,70.815,18.593,0,0,0,0,0,0,0,0,0,62.814,37.186,0,0,0,0,0,0,0,0,1,0,0,1,0,0,0,0,1,0,0,0
0,0,0,0,0,100,0,0,0,0,0,0,0,0,0,14.829,79.809,5.3623,0,0,0,0,0,0,0,0,0,63.092,36.908,0,0,0,0,0,0,0,0,1,0,0,1,0,0,0,0,1,0,0,0
0,0,0,0,0,91.701,0,0,8.2994,0,0,0,0,0,0,6.242,79.217,14.541,0,0,0,0,0,0,0,0,4.5305,64.701,22.469,0,0,8.2994,0,0,0,0,0,1,0,0,1,0,0,0,0,1,0,0,0
0,0,0,0,0,92.217,0,0,7.7826,0,0,0,0,0,0,13.485,65.247,21.268,0,0,0,0,0,0,0,0,0,65.247,26.97,0,0,0,7.7826,0,0,0,0,1,0,0,1,0,0,0,0,1,0,0,0
0,0,5.429,0,0,87.054,0,0,7.5175,0,0,0,0,0,0,11.756,82.815,0,5.429,0,0,0,5.429,0,0,0,0,75.298,11.756,0,0,7.5175,0,0,0,0,0,1,0,0,1,0,0,0,0,1,0,0,0
0,0,5.714,0,0,72.872,0,0,21.414,0,0,5.714,0,0,0,2.8631,85.709,0,2.8631,0,2.8508,0,2.8631,0,2.8508,0,0,72.872,0,0,5.714,3.2732,12.427,0,0,0,0,1,0,0,1,0,0,0,0,1,0,0,0
0,0,15.399,0,0,53.475,0,0,31.126,0,0,22.405,0,0,0,2.8435,49.445,9.9075,5.4918,0,9.9075,0,5.4918,0,9.9075,0,9.9075,43.567,0,0,22.405,0,8.7212,0.098361,0,0,0.016393,0.88525,0,0,1,0,0,0,0,1,0,0,0
0,0,0,0,0,81.134,0,0,18.866,0,0,0,0,0,0,0,81.134,18.866,0,0,0,0,0,0,0,0,9.6245,71.51,0,0,0,4.9043,13.962,0.11111,0,0,0.027778,0.86111,0,0,1,0,0,0,0,1,0,0,0
0,0,0,0,0,74.999,0,0,25.001,0,0,0,0,0,0,0,74.999,25.001,0,0,0,0,0,0,0,0,16.941,58.058,0,0,0,8.0595,16.941,0.83333,0,0,0,0.16667,0,0,1,0,0,0,0,1,0,0,0
0,0,0,0,0,77.548,0,0,22.452,0,0,0,0,0,0,0,70.339,29.661,0,0,0,0,0,0,0,0,5.1333,57.997,14.417,0,0,13.51,8.9421,0.11429,0,0,0.057143,0.82857,0,0,1,0,0,0,0,1,0,0,0
0,0,0,0,0,71.384,0,0,28.616,0,0,0,0,0,0,0,71.384,28.616,0,0,0,0,0,0,0,0,0,71.384,0,0,0,14.151,14.465,0.93269,0,0.019231,0.038462,0.0096154,0,0,1,0,0,0,0,1,0,0,0
0,0,0,0,0,80.057,0,0,19.943,0,0,0,0,0,0,9.6509,73.891,16.458,0,0,0,0,0,0,0,0,0,70.406,9.6509,0,0,7.7334,12.209,0.13514,0,0,0,0.86486,0,0,1,0,0,0,0,1,0,0,0
0,0,0,0,0,72.999,0,0,27.001,0,0,0,0,0,0,0,79.216,20.784,0,0,0,0,0,0,0,0,6.2172,66.782,0,0,0,14.222,12.779,0.92174,0,0,0.017391,0.06087,0,0,1,0,0,0,0,1,0,0,0
0,0,2.9357,0,0,80.953,0,0,16.111,0,0,0,0,0,0,0,93.835,3.2293,2.9357,0,0,0,2.9357,0,0,0,9.4975,71.456,0,0,0,9.4975,6.6136,0.11594,0,0.014493,0.014493,0.85507,0,0,1,0,0,0,0,1,0,0,0
0,0,3.6424,0,0,73.82,0,0,22.538,0,0,3.6424,0,0,0,3.6424,83.477,5.5961,3.6424,0,0,0,3.6424,0,0,0,4.1789,69.641,0,0,3.6424,9.6568,9.2385,0.88776,0,0,0.081633,0.030612,0,0,1,0,0,0,0,1,0,0,0
0,0,17.708,0,0,60.046,0,0,22.246,0,0,11.899,0,0,0,8.0552,62.338,0,13.865,0,3.8434,0,13.865,0,3.8434,0,0,60.046,0,0,11.899,2.2921,8.0552,0.2,0,0,0,0.8,0,0,1,0,0,0,0,1,0,0,0
0,0,4.7894,0,0,78.786,0,0,16.424,0,0,2.4747,0,0,0,6.7516,79.233,6.7516,2.3147,0,2.4747,0,2.3147,0,2.4747,0,9.9805,68.806,0,0,2.4747,3.2289,10.721,1,0,0,0,0,0,0,1,0,0,0,0,1,0,0,0
0,0,29.24,0,0,41.52,0,0,29.24,0,0,29.24,0,0,0,0,18.421,23.099,0,0,29.24,0,0,0,29.24,0,23.099,18.421,0,0,29.24,0,0,0.16667,0,0.027778,0.027778,0.77778,0,0,1,0,0,0,0,1,0,0,0
0,0,6.6254,0,0,62.463,0,0,30.912,0,0,30.912,0,0,0,6.1002,50.263,6.1002,0,0,6.6254,0,0,0,6.6254,0,6.1002,56.363,0,0,30.912,0,0,0.64706,0.014706,0.17647,0.088235,0.073529,0,0,1,0,0,0,0,1,0,0,0
0,9.9632,0,10.45,16.136,33.905,3.5408,2.8817,6.4225,0,16.701,3.5408,0,6.9096,16.136,27.073,16.214,0,6.4225,20.164,0,3.5408,2.8817,2.8817,0,3.5408,3.5408,13.254,6.8315,13.332,26.414,16.873,10.45,0.028571,0,0,0.028571,0.94286,0,0,1,0,0,0,0,1,0,0,0
0,25.792,1.3678,7.9052,17.086,15.638,13.284,2.3292,11.115,0,5.4835,9.273,0,3.6166,15.693,15.638,12.564,0,14.757,15.638,0.88107,11.941,8.6812,3.6969,1.7621,8.7863,8.7863,13.389,0,13.389,11.848,19.021,10.641,0,0,0,0.34783,0.65217,0,0,1,0,0,0,0,1,0,0,0
0,11.398,0,0,15.019,54.943,0,3.6205,3.6205,0,11.398,0,0,0,7.241,11.398,21.756,14.515,11.398,25.913,0,7.778,3.6205,3.6205,0,0,0,25.913,29.03,11.398,22.797,3.6205,0,0,0,0,0,1,0,0,1,0,0,0,0,1,0,0,0
0,15.042,7.6552,7.7956,10.885,31.967,11.872,1.362,1.9675,0,11.455,5.5786,0,11.688,8.3622,22.541,13.118,1.32,8.1012,15.351,5.364,8.5761,15.807,4.9732,5.4061,1.9675,4.6495,11.234,4.1036,8.9561,18.123,8.401,16.38,0,0,0,0,1,0,0,1,0,0,0,0,1,0,0,0
0,0,5.0144,0,13.361,76.61,5.0144,0,0,0,0,0,0,0,13.361,20.819,29.959,12.472,0,13.361,10.029,0,0,0,5.0144,0,5.0144,43.32,33.291,0,13.361,0,0,0,0,0,0,1,0,0,1,0,0,0,0,1,0,0,0
0,3.8261,18.273,1.7753,4.1016,56.991,1.7753,3.8261,7.3803,0,2.0508,0,0,0,6.7664,19.154,25.142,17.395,2.0508,8.5581,12.944,7.9907,13.219,3.8261,10.655,0,1.7753,23.604,21.332,2.0508,12.605,7.3803,3.5506,0,0,0,0,1,0,0,1,0,0,0,0,1,0,0,0
6.8989,0,0,0,6.8989,51.099,0,0,28.204,6.8989,0,13.798,6.8989,0,0,9.0208,46.855,16.529,0,0,0,6.8989,0,13.798,0,0,6.8989,25.549,25.549,0,6.8989,21.306,0,0,0,0,0.017241,0.98276,0,0,1,0,0,0,0,1,0,0,0
0,0,3.9326,0,0,75.818,3.9326,0,5.9995,10.317,0,2.9997,0,0,0,13.317,29.948,23.401,0,9.1514,7.8652,13.317,5.9995,13.317,3.9326,0,3.9326,37.266,35.552,0,0,0,0,0,0,0,0.029412,0.97059,0,0,1,0,0,0,0,1,0,0,0
0,0,0,0,0,82.882,0,0,17.118,0,0,0,0,0,0,0,82.882,17.118,0,0,0,0,0,0,0,0,0,82.882,0,0,0,0,17.118,0.67089,0,0,0.012658,0.31646,0,0,1,0,0,0,0,1,0,0,0
0,0,0,0,0,100,0,0,0,0,0,0,0,0,0,0,100,0,0,0,0,0,0,0,0,0,0,100,0,0,0,0,0,0.84043,0,0,0,0.15957,0,0,1,0,0,0,0,1,0,0,0
0,0,0,0,0,100,0,0,0,0,0,0,0,0,0,0,100,0,0,0,0,0,0,0,0,0,0,100,0,0,0,0,0,0.84884,0,0,0,0.15116,0,0,1,0,0,0,0,1,0,0,0
0,0,0,0,0,100,0,0,0,0,0,0,0,0,0,0,100,0,0,0,0,0,0,0,0,0,0,100,0,0,0,0,0,0.93103,0,0,0,0.068966,0,0,1,0,0,0,0,1,0,0,0
0,0,0,0,0,100,0,0,0,0,0,0,0,0,0,0,100,0,0,0,0,0,0,0,0,0,0,100,0,0,0,0,0,1,0,0,0,0,0,0,1,0,0,0,0,1,0,0,0
0,0,0,0,0,100,0,0,0,0,0,0,0,0,0,0,100,0,0,0,0,0,0,0,0,0,0,100,0,0,0,0,0,0.88608,0,0.012658,0.063291,0.037975,0,0,1,0,0,0,0,1,0,0,0
0,0,0,0,0,100,0,0,0,0,0,0,0,0,0,0,100,0,0,0,0,0,0,0,0,0,9.2073,90.793,0,0,0,0,0,0.88889,0,0,0,0.11111,0,0,1,0,0,0,0,1,0,0,0
0,0,0,0,0,100,0,0,0,0,0,0,0,0,0,0,100,0,0,0,0,0,0,0,0,0,0,100,0,0,0,0,0,0.93182,0,0,0.034091,0.034091,0,0,1,0,0,0,0,1,0,0,0
0,0,0,0,0,100,0,0,0,0,0,0,0,0,0,0,100,0,0,0,0,0,0,0,0,0,0,100,0,0,0,0,0,0.98649,0,0,0.013514,0,0,0,1,0,0,0,0,1,0,0,0
0,0,0,0,0,100,0,0,0,0,0,0,0,0,0,0,100,0,0,0,0,0,0,0,0,0,0,100,0,0,0,0,0,0.92982,0,0.035088,0.035088,0,0,0,1,0,0,0,0,1,0,0,0
0,0,0,0,0,100,0,0,0,0,0,0,0,0,0,0,100,0,0,0,0,0,0,0,0,0,0,100,0,0,0,0,0,0.52113,0,0.056338,0.25352,0.16901,0,0,1,0,0,0,0,1,0,0,0
0,0,0,0,0,94.391,0,0,5.6085,0,0,0,0,0,0,0,100,0,0,0,0,0,0,0,0,0,5.6085,88.783,0,0,0,5.6085,0,1,0,0,0,0,0,0,1,0,0,0,0,1,0,0,0
0,0,0,0,0,100,0,0,0,0,0,0,0,0,0,0,100,0,0,0,0,0,0,0,0,0,10.863,89.137,0,0,0,0,0,0.725,0,0.0125,0.1,0.1625,0,0,1,0,0,0,0,1,0,0,0
0,0,0,0,0,100,0,0,0,0,0,0,0,0,0,14.912,70.176,14.912,0,0,0,0,0,0,0,0,28.728,71.272,0,0,0,0,0,0.69663,0.011236,0.05618,0.1236,0.11236,0,0,1,0,0,0,0,1,0,0,0
0,0,18.641,0,0,54.15,0,0,27.208,0,0,18.641,0,0,0,8.5673,44.077,10.074,8.5673,0,10.074,0,8.5673,0,10.074,0,10.074,44.077,0,0,18.641,0,8.5673,0.78947,0,0.052632,0.10526,0.052632,0,0,1,0,0,0,0,1,0,0,0
0,29.57,11.056,4.5356,2.0343,23.039,19.945,0.90855,8.9123,0,0,11.496,1.3696,7.5782,20.301,9.1367,17.068,0,2.0343,13.646,8.472,8.8987,10.78,9.7508,22.758,12.499,7.0816,12.512,0,0.88785,6.1938,11.17,6.3675,0.88889,0,0,0.083333,0.027778,0,0,1,0,0,0,0,1,0,0,0
0,11.115,17.285,12.569,5.5745,21.401,11.283,1.7363,17.299,0,1.7363,6.5601,4.4582,7.8108,13.63,13.988,21.993,3.9419,3.8382,6.1458,12.446,5.1884,17.817,8.2964,13.692,2.3076,2.4646,9.8911,1.4566,1.7363,6.9659,22.934,12.438,0,0,0.086957,0.065217,0.84783,0,0,1,0,0,0,0,1,0,0,1
0,0,0,0,0,100,0,0,0,0,0,0,0,0,0,0,100,0,0,0,0,0,0,0,0,0,0,75,25,0,0,0,0,0,0,0.098592,0.070423,0.83099,0,0,1,0,0,0,0,1,0,0,0
0,3.9288,9.2094,3.3182,0,53.267,0,0,13.852,16.425,0,0,0,10.534,12.817,0,46.051,3.6079,0,6.926,12.817,7.2469,0,9.2094,3.3182,3.9288,0,46.34,3.3182,12.817,13.852,3.6079,3.6079,0.69048,0,0.19048,0.047619,0.071429,0,0,1,0,0,0,0,1,0,0,0
0,4.088,27.407,7.5382,0,41.126,0,0,10.9,8.9406,0,4.7929,0,19.128,11.64,1.3211,26.131,4.088,4.7929,2.7453,12.412,12.947,9.653,12.961,7.5382,4.088,0,27.474,8.8593,2.7594,15.76,1.3211,9.5858,0.60377,0.018868,0.075472,0.18868,0.11321,0,0,1,0,0,0,0,1,0,0,0
0,5.4602,18.549,3.2362,0,44.585,0,0,16.815,11.355,0,3.2362,0,23.432,12.684,3.3805,21.297,9.4473,3.2362,3.9871,7.2233,12.077,3.2362,12.077,3.2362,5.4602,0,27.111,10.251,3.9871,16.815,7.3675,10.46,0,0.011905,0.011905,0.059524,0.91667,0,0,1,0,0,0,0,1,0,0,0
0,0,10.573,6.7292,0,52.145,0,0,10.048,17.287,3.2184,3.5243,8.4335,10.367,5.3433,3.2184,27.81,5.0374,8.7394,5.0239,10.558,11.944,3.5243,3.5243,6.7292,0,0,28.797,18.005,5.0374,15.263,10.252,8.8675,0,0,0,0.016667,0.98333,0,0,1,0,0,0,0,1,0,0,0
0,2.3553,38.389,2.3553,0,27.994,7.5874,2.3553,18.964,0,0,0,0,0,9.482,14.193,29.889,5.232,0,0,24.657,16.548,11.837,2.3553,31.262,0,7.5874,15.696,5.232,0,2.3553,18.964,4.7107,0,0,0,0.030303,0.9697,0,0,1,0,0,0,0,1,0,0,0
0,0,0,0,2.9485,57.622,0,36.481,2.9485,0,0,21.189,0,15.292,0,15.292,45.279,0,0,0,2.9485,0,15.292,0,18.24,0,2.9485,57.622,0,0,5.897,0,0,0,0,0,0.045455,0.95455,0,0,1,0,0,0,0,1,0,0,0
3.2644,0,10.548,0,11.621,45.941,0,2.3273,18.123,4.8922,3.283,13.258,11.621,5.6102,7.2654,7.0077,36.636,10.426,0,0,0,8.1751,23.335,11.156,11.667,0,3.2644,24.524,8.0667,3.283,8.2025,6.5013,0,0,0,0,0,1,0,0,1,0,0,0,0,1,0,0,0
0,0,2.5961,0,11.07,39.106,0,33.562,13.666,0,0,30.966,0,5.1923,0,16.614,36.158,0,2.5961,0,8.4738,0,2.5961,0,8.4738,0,22.492,39.106,0,0,22.14,5.1923,0,0,0,0,0.025,0.975,0,0,1,0,0,0,0,1,0,0,0
0,0,0,3.319,0,90.043,0,0,6.6379,0,0,0,0,3.319,0,0,90.043,0,0,3.319,0,3.319,0,0,3.319,0,0,77.829,12.214,0,6.6379,0,0,0,0,0,0,1,0,0,1,0,0,0,0,1,0,0,0
0,0,6.0376,0,0,81.887,0,0,6.0376,6.0376,0,0,0,12.075,0,6.0376,75.85,0,0,0,0,6.0376,0,6.0376,0,0,0,66.651,15.236,0,6.0376,6.0376,0,0,0,0,0,1,0,0,1,0,0,0,0,1,0,0,0
0,0,0,0,0,83.14,0,16.86,0,0,0,16.86,0,0,0,16.86,66.28,0,0,0,0,0,0,0,0,0,16.86,70.785,12.355,0,0,0,0,0,0,0,0,1,0,0,1,0,0,0,0,1,0,0,0
0,0,2.2968,0,0,62.758,0,0,2.2968,14.495,18.154,0,6.099,4.5936,0,2.2968,30.109,18.154,6.099,0,24.253,8.3958,0,2.2968,0,0,0,54.362,8.3958,18.154,8.3958,8.3958,0,0,0,0,0,1,0,0,1,0,0,0,0,1,0,0,0
0,0,13.776,3.2254,0,46.775,0,0,4.1001,10.819,21.305,3.2254,6.7189,11.426,3.2254,10.819,14.919,21.305,3.2254,0,17.811,7.3255,3.2254,7.3255,3.2254,0,0,36.224,7.3255,21.305,4.1001,10.819,6.4508,0.6,0,0.05,0.175,0.175,0,0,1,0,0,0,0,1,0,0,0
0,0,0,0,0,81.151,0,0,0,9.4244,9.4244,0,9.4244,0,0,9.4244,71.727,9.4244,0,0,0,0,0,0,0,0,0,74.012,7.1388,9.4244,0,9.4244,0,0,0,0,0,1,0,0,1,0,0,0,0,1,0,0,0
0,0,0,0,0,100,0,0,0,0,0,0,0,0,0,0,100,0,0,0,0,0,0,0,0,0,0,100,0,0,0,0,0,0,0,0,0,1,0,0,1,0,0,0,0,1,0,0,0
0,11.798,4.2977,11.11,6.4275,29.861,8.2375,1.3531,2.5823,0,24.334,3.6126,0.68512,16.204,8.0921,27.838,14.468,0,5.0744,18.751,1.2292,4.0459,9.6266,4.9657,4.4813,3.252,1.2292,5.5074,0,13.909,29.047,13.007,14.974,0.94,0,0.02,0.04,0,0,0,1,0,0,0,0,1,0,0,0
0,25.401,19.604,9.068,2.5839,24.708,12.383,0.5251,3.4825,0,2.2439,16.95,5.0861,11.793,13.012,9.8165,14.935,0,2.5839,16.925,2.1979,6.7007,10.051,16.289,15.942,14.406,1.7121,14.406,0,2.309,2.769,6.9392,15.178,0.29412,0.029412,0.38235,0.29412,0,0,0,1,0,0,0,0,1,0,0,0
0,15.366,5.3263,12.304,8.6505,21.446,11.653,4.7725,12.446,0,8.0357,5.8464,3.7489,6.6225,15.049,16.201,19.185,0,5.374,10.829,7.4822,9.6611,7.8482,8.5214,12.054,5.1732,5.502,6.5412,0,7.7536,14.717,19.505,12.385,0.079365,0,0.12698,0.22222,0.57143,0,0,1,0,0,0,0,1,0,0,1
1.6292,0,6.6699,0,2.5203,51.365,0,0,19.526,9.6446,8.6447,5.3926,8.6447,2.5203,4.1495,20.27,25.753,12.846,0,0,0,20.424,12.568,11.779,4.1495,0,1.6292,15.485,21.105,2.5203,11.903,18.862,0,0,0,0,0.36905,0.63095,0,0,1,0,0,0,0,1,0,0,1
8.1303,0,8.9904,0.98653,4.3186,57.835,0,3.1406,11.861,3.267,1.4701,23.494,4.8023,1.1676,8.9904,25.201,21.484,8.8745,0,0,0.98653,4.9996,22.22,9.1316,10.848,0,8.1303,12.05,12.696,0.98653,16.437,7.5013,0,0,0,0,0,1,0,0,1,0,0,0,0,1,0,0,1
8.9281,0,0,0,0,91.072,0,0,0,0,0,0,0,0,0,8.9281,91.072,0,0,0,0,0,0,0,0,0,8.9281,91.072,0,0,0,0,0,0,0,0,0,1,0,0,1,0,0,0,0,1,0,0,0
0,20.145,12.362,3.067,0,58.292,6.134,0,0,0,0,9.2954,3.067,6.134,6.2285,3.067,52.158,0,0,9.2954,0,10.755,3.067,9.2954,9.2954,16.984,0,55.225,0,0,0,0,6.134,0,0,0,0,1,0,0,1,0,0,0,0,1,0,0,0
0,9.3053,7.1335,0,0,83.561,0,0,0,0,0,7.1335,0,0,0,0,83.561,0,0,0,0,9.3053,0,0,7.1335,9.3053,0,83.561,0,0,0,0,0,0,0,0,0,1,0,0,1,0,0,0,0,1,0,0,0
0,0,0,0,0,100,0,0,0,0,0,0,0,0,0,0,100,0,0,0,0,0,0,0,0,0,0,100,0,0,0,0,0,0,0,0,0,1,0,0,1,0,0,0,0,1,0,0,0
0,0,0,0,0,100,0,0,0,0,0,0,0,0,0,0,100,0,0,0,0,0,0,0,0,0,0,100,0,0,0,0,0,0,0,0,0,1,0,0,1,0,0,0,0,1,0,0,0
0,0,7.0756,0,0,85.849,0,0,0,7.0756,0,0,0,0,7.0756,0,85.849,0,0,0,7.0756,0,0,7.0756,0,0,0,85.849,0,7.0756,0,0,0,0,0,0,0,1,0,0,1,0,0,0,0,1,0,0,0
0,0,6.4569,0,0,87.086,0,0,0,6.4569,0,0,0,6.4569,0,0,87.086,0,0,0,6.4569,0,6.4569,0,0,0,0,87.086,0,0,6.4569,0,0,0,0,0,0,1,0,0,1,0,0,0,0,1,0,0,0
7.7713,0,0,7.7713,0,84.457,0,0,0,0,0,0,0,7.7713,0,7.7713,84.457,0,0,0,0,0,0,0,0,0,7.7713,84.457,0,0,0,0,7.7713,0,0,0,0,1,0,0,1,0,0,0,0,1,0,0,0
10.446,0,0,18.53,0,71.024,0,0,0,0,0,0,0,18.53,0,10.446,71.024,0,0,0,0,0,0,0,0,0,10.446,71.024,0,0,0,0,18.53,0,0,0,0,1,0,0,1,0,0,0,0,1,0,0,0
0,0,0,6.0916,0,93.908,0,0,0,0,0,0,0,6.0916,0,0,93.908,0,0,0,0,0,0,0,0,0,0,93.908,0,0,0,0,6.0916,0,0,0,0,1,0,0,1,0,0,0,0,1,0,0,0
0,0,0,4.7232,0,95.277,0,0,0,0,0,0,0,4.7232,0,0,95.277,0,0,0,0,0,0,0,0,0,0,95.277,0,0,0,0,4.7232,0,0,0,0,1,0,0,1,0,0,0,0,1,0,0,0
5.5127,0,0,10.853,0,83.634,0,0,0,0,0,0,0,10.853,0,5.5127,83.634,0,0,0,0,0,0,0,0,0,5.5127,83.634,0,0,0,0,10.853,0,0,0,0,1,0,0,1,0,0,0,0,1,0,0,0
0,0,0,3.8581,0,96.142,0,0,0,0,0,0,0,3.8581,0,0,96.142,0,0,0,0,0,0,0,0,0,0,96.142,0,0,0,0,3.8581,0,0,0,0,1,0,0,1,0,0,0,0,1,0,0,0
0,0,0,0,0,100,0,0,0,0,0,0,0,0,0,0,100,0,0,0,0,0,0,0,0,0,0,100,0,0,0,0,0,0,0,0,0,1,0,0,1,0,0,0,0,1,0,0,0
0,0,0,0,0,100,0,0,0,0,0,0,0,0,0,0,100,0,0,0,0,0,0,0,0,0,0,100,0,0,0,0,0,0,0,0,0,1,0,0,1,0,0,0,0,1,0,0,0
9.4175,0,0,0,0,90.582,0,0,0,0,0,0,0,0,0,9.4175,90.582,0,0,0,0,0,0,0,0,0,9.4175,90.582,0,0,0,0,0,0,0,0,0,1,0,0,1,0,0,0,0,1,0,0,0
10.836,0,0,18.12,0,71.045,0,0,0,0,0,0,0,18.12,0,10.836,71.045,0,0,0,0,0,0,0,0,0,10.836,71.045,0,0,0,0,18.12,0,0,0,0,1,0,0,1,0,0,0,0,1,0,0,0
0,0,0,0,0,100,0,0,0,0,0,0,0,0,0,0,100,0,0,0,0,0,0,0,0,0,0,100,0,0,0,0,0,0,0,0,0,1,0,0,1,0,0,0,0,1,0,0,0
0,0,0,14.019,0,85.981,0,0,0,0,0,0,0,14.019,0,0,85.981,0,0,0,0,0,0,0,0,0,0,85.981,0,0,0,0,14.019,0,0,0,0,1,0,0,1,0,0,0,0,1,0,0,0
0,0,0,11.55,0,88.45,0,0,0,0,0,0,0,11.55,0,0,88.45,0,0,0,0,0,0,0,0,0,0,88.45,0,0,0,0,11.55,0,0,0,0,1,0,0,1,0,0,0,0,1,0,0,0
0,0,0,6.0965,0,93.903,0,0,0,0,0,0,0,6.0965,0,0,93.903,0,0,0,0,0,0,0,0,0,0,93.903,0,0,0,0,6.0965,0,0,0,0,1,0,0,1,0,0,0,0,1,0,0,0
0,0,0,12.555,0,87.445,0,0,0,0,0,0,0,12.555,0,0,87.445,0,0,0,0,0,0,0,0,0,0,87.445,0,0,0,0,12.555,0,0,0,0.037736,0.96226,0,0,1,0,0,0,0,1,0,0,0
0,0,0,0,0,100,0,0,0,0,0,0,0,0,0,0,100,0,0,0,0,0,0,0,0,0,0,100,0,0,0,0,0,0,0,0,0,1,0,0,1,0,0,0,0,1,0,0,0
0,0,0,0,0,100,0,0,0,0,0,0,0,0,0,0,100,0,0,0,0,0,0,0,0,0,0,100,0,0,0,0,0,0,0,0,0,1,0,0,1,0,0,0,0,1,0,0,0
0,0,0,0,0,100,0,0,0,0,0,0,0,0,0,0,100,0,0,0,0,0,0,0,0,0,0,100,0,0,0,0,0,0,0,0,0,1,0,0,1,0,0,0,0,1,0,0,0
0,0,0,0,0,100,0,0,0,0,0,0,0,0,0,0,100,0,0,0,0,0,0,0,0,0,0,100,0,0,0,0,0,0,0,0,0,1,0,0,1,0,0,0,0,1,0,0,0
0,0,0,0,0,100,0,0,0,0,0,0,0,0,0,0,100,0,0,0,0,0,0,0,0,0,0,100,0,0,0,0,0,0,0,0,0,1,0,0,1,0,0,0,0,1,0,0,0
0,0,0,0,0,100,0,0,0,0,0,0,0,0,0,0,100,0,0,0,0,0,0,0,0,0,0,100,0,0,0,0,0,0,0,0,0,1,0,0,1,0,0,0,0,1,0,0,0
0,0,0,0,0,100,0,0,0,0,0,0,0,0,0,0,100,0,0,0,0,0,0,0,0,0,0,100,0,0,0,0,0,0,0,0,0,1,0,0,1,0,0,0,0,1,0,0,0
0,0,0,0,0,100,0,0,0,0,0,0,0,0,0,0,100,0,0,0,0,0,0,0,0,0,0,100,0,0,0,0,0,0,0,0,0,1,0,0,1,0,0,0,0,1,0,0,0
0,0,0,0,0,100,0,0,0,0,0,0,0,0,0,0,100,0,0,0,0,0,0,0,0,0,0,100,0,0,0,0,0,0,0,0,0,1,0,0,1,0,0,0,0,1,0,0,0
0,0,0,0,0,100,0,0,0,0,0,0,0,0,0,0,100,0,0,0,0,0,0,0,0,0,0,100,0,0,0,0,0,0,0,0,0,1,0,0,1,0,0,0,0,1,0,0,0
0,17.966,10.281,5.103,1.0976,23.806,32.764,0,8.9828,0,0,7.3736,4.0054,15.896,16.868,12.988,7.9095,0,1.0976,12.988,7.8852,12.988,11.891,4.0054,22.046,12.988,8.9828,11.915,0,1.0976,7.8852,10.08,9.1084,0,0,0,0,1,0,0,1,0,0,0,0,1,0,0,0
0,6.1562,17.447,0,0,65.519,0,0,6.1562,4.7208,0,6.5704,0,6.1562,10.877,0,59.363,6.1562,0,0,4.7208,6.1562,0,10.877,6.5704,6.1562,0,65.519,0,4.7208,6.1562,0,0,0.04918,0,0.016393,0.065574,0.86885,0,0,1,0,0,0,0,1,0,0,0
0,10.362,18.45,21.846,2.5364,13.443,14.643,2.2086,16.512,0,0,3.9062,1.3699,9.353,8.5363,21.916,25.603,0,2.5364,5.4468,8.8767,12.455,18.183,6.1149,16.915,2.9104,3.7492,1.3699,0,0,3.7492,25.645,21.363,0.029851,0,0.014925,0.029851,0.92537,0,0,1,0,0,0,0,1,0,0,1
0,11.034,20.63,20.309,0,14.55,1.7583,1.7583,29.96,0,0,9.2756,9.2756,0,14.98,9.2209,27.772,0,0,0,18.497,10.979,7.4627,11.034,25.959,0,1.7583,0,0,0,1.7583,39.236,12.792,0.042857,0,0,0.028571,0.92857,0,0,1,0,0,0,0,1,0,0,1
0,13.43,13.045,0,0,49.775,0,0,15.472,8.2779,0,0,0,18.397,12.796,0,34.303,12.796,0,2.6761,5.6018,13.43,2.9258,10.12,0,13.43,0,47.099,0,2.6761,18.397,2.6761,2.6761,0,0,0,0.064516,0.93548,0,0,1,0,0,0,0,1,0,0,0
0,0,14.141,3.4675,0,54.563,0,0,12.045,15.783,0,3.4675,0,15.512,13.228,0,35.583,6.0225,3.4675,6.0225,13.228,3.4675,3.4675,7.206,3.4675,0,0,41.606,3.4675,9.7609,12.045,6.0225,12.958,0,0,0,0,1,0,0,1,0,0,0,0,1,0,0,0
0,0,13.087,2.4317,0,43.554,0,0,18.117,22.81,0,7.2407,3.2515,21.532,5.2302,2.7931,23.797,5.2302,3.2515,7.6619,11.535,8.4762,3.0536,2.7931,2.4317,0,0,29.847,8.4762,5.2302,24.422,11.275,12.471,0.76136,0.079545,0.10227,0.056818,0,0,0,1,0,0,0,0,1,0,0,0
0,5.9685,15.188,23.092,0,35.169,4.2868,2.4371,13.859,0,0,3.5314,3.5314,0,3.5314,20.134,31.078,10.314,0,0,20.569,7.3114,10.901,5.9685,12.692,0,4.2868,14.013,1.8497,0,10.901,24.186,15.201,0,0,0.78125,0.072917,0.14583,0,0,1,0,0,0,0,1,0,0,1
8.03,0,7.6852,0,7.7995,45.287,0,0,20.914,7.7995,2.4849,16.06,7.7995,2.4849,5.2003,24.001,31.454,2.7154,0,0,0,10.284,10.401,13.114,5.2003,0,8.03,0,18.571,2.4849,29.086,13.114,0,0,0,0,0.35849,0.64151,0,0,1,0,0,0,0,1,0,0,1
3.5668,0,4.6132,7.9413,15.914,19.522,1.8805,14.5,31.21,0,0.85215,16.402,0.85215,14.007,0,17.786,28.5,5.4474,0.85215,6.913,9.2398,0,2.5172,11.526,11.757,2.7327,4.6446,9.8765,0,0,25.988,30.958,0,0,0,0,0.25,0.75,0,0,1,0,0,0,0,1,0,0,1
3.6363,0,17.486,4.9073,8.0675,18.645,3.872,14.388,27.981,0,1.0169,11.352,1.0169,16.476,1.0353,21.906,22.059,8.5437,8.7064,1.0169,7.8865,0,7.6894,13.919,7.8865,4.889,2.4304,10.669,1.0353,0,21.355,30.126,0,0,0,0,0.033333,0.96667,0,0,1,0,0,0,0,1,0,0,0
0,6.8131,6.4956,6.6913,0,13.383,19.804,13.187,26.935,6.6913,0,13.309,6.8131,0,0,13.504,19.878,0,26.813,6.6913,0,12.991,0,13.504,6.8131,13.309,0,13.383,0,6.4956,0,26.813,19.682,0,0,0,1,0,0,0,1,0,0,0,0,1,0,0,0
0,17.085,23.417,0,0,17.085,12.664,23.417,6.3322,0,0,40.502,0,0,0,0,23.417,0,6.3322,0,0,29.749,0,34.17,0,6.3322,0,0,17.085,6.3322,0,6.3322,29.749,0,0,0,0.96226,0.037736,0,0,1,0,0,0,0,1,0,0,0
0,2.6536,24.077,0,1.8754,11.843,25.246,12.234,22.07,0,0,13.012,2.6536,3.7507,0,2.6536,22.202,3.7507,15.666,1.8754,0,34.436,0,4.529,6.4043,13.012,0,0,11.843,10.359,1.8754,19.417,32.561,0.019608,0,0,0.98039,0,0,0,1,0,0,0,0,1,0,0,0
7.39,0,15.023,13.999,1.9061,20.231,5.9932,6.7889,24.805,0,3.8636,13.72,4.6592,7.2102,5.1369,15.807,25.511,5.7131,4.6592,6.1345,4.3953,7.0528,6.162,14.473,12.588,9.2395,4.8568,4.6592,2.7308,0,21.715,23.576,0,0,0,0,0.027027,0.97297,0,0,1,0,0,0,0,1,0,0,1
0,2.9735,12.667,4.6076,5.9668,21.671,26.038,13.003,5.0858,0,7.988,22.461,7.5026,14.124,9.5238,2.559,13.145,13.955,0,12.22,1.5359,2.9735,12.556,13.45,13.619,20.609,0,7.6126,5.5325,0,17.026,5.0858,4.5093,0.12579,0,0.037736,0.2327,0.60377,0,0,1,0,0,0,0,1,0,0,1
0,0,19.012,0,4.0277,33.578,10.333,12.706,20.343,0,0,3.6085,2.6973,23.04,0,3.6085,29.969,8.0554,0,24.994,0,4.0277,17.358,9.4222,11.664,7.217,0,23.663,6.3057,0,4.0277,20.343,0,0,0,0,0,1,0,0,1,0,0,0,0,1,0,0,1
0,0,0,0,0,100,0,0,0,0,0,0,0,0,0,0,100,0,0,0,0,0,0,0,0,0,0,100,0,0,0,0,0,0,0,0,0,1,0,0,1,0,0,0,0,1,0,0,0
0,0,0,0,0,100,0,0,0,0,0,0,0,0,0,0,100,0,0,0,0,0,0,0,0,0,0,100,0,0,0,0,0,0,0,0.037975,0.063291,0.89873,0,0,1,0,0,0,0,1,0,0,0
0,0,7.3282,5.4039,20.568,19.784,2.8578,11.818,11.764,13.529,6.9476,6.6358,15.59,2.8578,1.2319,32.24,11.764,27.515,2.1654,0,0,0,0,9.1129,11.522,2.8578,0,2.1654,11.522,14.38,12.062,30.814,5.5627,0,0,0.2549,0.098039,0.64706,0,0,1,0,0,0,0,1,0,0,1
0,0,30.841,17.944,0,35.888,0,7.6635,0,7.6635,0,10.28,0,10.28,10.28,7.6635,15.327,0,17.944,7.6635,10.28,10.28,10.28,17.944,10.28,0,0,15.327,10.28,0,0,7.6635,28.224,0,0,0.0095238,0.97143,0.019048,0,0,1,0,0,0,0,1,0,0,0
0,0,6.5793,11.582,6.4275,16.239,3.1079,30.135,20.136,3.5191,2.2742,10.936,12.46,1.1371,1.9708,28.651,22.179,7.7164,10.597,3.3674,0,0.98539,0,17.563,1.1371,3.1079,0,13.964,1.1371,2.2742,13.657,23.655,23.504,0,0,0.096774,0.80645,0.096774,0,0,1,0,0,0,0,1,0,0,0
0,2.5489,10.811,3.7888,28.226,13.714,2.1252,14.597,13.192,6.5172,4.4808,8.5027,9.3055,1.2162,9.1549,28.151,9.4637,29.211,2.8695,1.0626,0,1.0626,0,12.104,12.474,2.1252,0,2.5993,9.8085,11.025,19.75,17.923,12.191,0,0,0.038462,0,0.96154,0,0,1,0,0,0,0,1,0,0,1
0,5.5854,9.1281,8.7083,16.422,16.309,4.57,19.612,7.6287,4.601,7.4354,6.6597,14.496,3.5797,9.7044,25.071,8.3758,17.103,7.8518,1.3343,0,5.8237,0,17.03,13.105,4.57,0,5.5222,5.7772,9.3569,10.913,19.654,14.072,0,0,0,0.78261,0.21739,0,0,1,0,0,0,0,1,0,0,1
0,0,0,0,0,100,0,0,0,0,0,0,0,0,0,0,100,0,0,0,0,0,0,0,0,0,0,100,0,0,0,0,0,0,0,0,0,1,0,0,1,0,0,0,0,1,0,0,0
0,0,0,12.271,7.1354,73.458,7.1354,0,0,0,0,0,12.271,0,0,0,73.458,0,0,0,0,14.271,0,0,0,7.1354,0,73.458,0,0,0,7.1354,12.271,0,0,0,0,1,0,0,1,0,0,0,0,1,0,0,0
0,1.2807,19.367,1.1172,19.205,13.278,4.9615,12.789,9.5988,4.9615,13.442,9.4389,13.278,6.2421,4.7994,32.805,2.2344,30.085,1.1172,0,0,0,0,19.362,8.4801,4.9615,0,1.1172,8.4801,14.722,17.761,13.28,11.837,0,0,0.074074,0,0.92593,0,0,1,0,0,0,0,1,0,0,1
0,8.9265,8.4836,2.0797,21.906,13.743,5.5204,11.479,11.418,5.1452,11.3,1.7842,9.2854,8.3359,16.856,30.581,5.0626,21.183,4.3555,1.2784,0,1.2784,0,17.377,17.626,5.5204,0,2.0797,10.517,18.853,8.5029,9.0091,10.515,0,0,0,0.025641,0.97436,0,0,1,0,0,0,0,1,0,0,1
0,6.6678,13.674,1.2092,22.201,17.428,3.6127,21.904,2.5597,2.5448,8.2002,5.8115,10.619,1.1943,14.898,26.64,2.5597,29.192,6.6678,1.2092,0,1.2092,0,23.954,21.692,3.6127,0,1.2092,8.3563,9.5506,19.641,3.754,8.2299,0,0,0,0,1,0,0,1,0,0,0,0,1,0,0,1
0,0,0,0,0,100,0,0,0,0,0,0,0,0,0,0,100,0,0,0,0,0,0,0,0,0,0,100,0,0,0,0,0,0,0,0,0,1,0,0,1,0,0,0,0,1,0,0,0
0,0,0,0,0,100,0,0,0,0,0,0,0,0,0,0,100,0,0,0,0,0,0,0,0,0,0,100,0,0,0,0,0,0,0,0,0,1,0,0,1,0,0,0,0,1,0,0,0
0,0,0,0,10.223,89.777,0,0,0,0,0,0,0,0,0,0,89.777,0,0,0,0,10.223,0,0,0,0,0,89.777,0,0,0,10.223,0,0,0,0,0,1,0,0,1,0,0,0,0,1,0,0,0
0,0,0,0,0,100,0,0,0,0,0,0,0,0,0,0,100,0,0,0,0,0,0,0,0,0,0,100,0,0,0,0,0,0,0,0,0,1,0,0,1,0,0,0,0,1,0,0,0
0,0,13.176,11.063,7.2681,24.159,9.0451,15.099,14.778,5.4112,0,16.971,18.331,0,3.7139,14.858,22.543,5.4112,9.1262,1.8569,0,7.1881,0,7.5088,0,3.7139,0,18.748,0,5.3312,3.795,41.834,19.069,0,0,0,1,0,0,0,1,0,0,0,0,1,0,0,0
0,2.6922,9.7293,0,5.5252,5.6036,16.986,9.7293,34.631,0,15.104,12.421,5.5252,0,0,9.5786,22.219,15.104,15.474,0,0,19.678,0,5.3844,5.5252,7.0371,0,2.9114,17.796,9.9485,5.5252,29.106,16.766,0.041237,0,0,0.12371,0.83505,0,0,1,0,0,0,0,1,0,0,1
0,0,0,12.829,12.171,52.965,8.8139,8.8139,4.407,0,0,0,17.236,0,8.8139,4.407,52.965,0,0,4.407,0,12.171,0,8.8139,0,8.8139,0,52.965,0,0,0,12.171,17.236,0,0,0,0.055556,0.94444,0,0,1,0,0,0,0,1,0,0,1
0,16.383,13.971,0,0,16.562,9.1623,9.8125,30.174,0,3.9353,26.196,6.5706,0,0,10.506,20.498,3.9353,15.733,0,0,16.562,0,26.196,6.5706,6.5706,0,2.5917,17.906,2.5917,0,23.603,13.971,0.5,0.0625,0.0625,0.1875,0.1875,0,0,1,0,0,0,0,1,0,0,1
0,5.9364,2.6121,0,19.086,0,11.161,2.6121,39.507,0,19.086,8.5485,25.022,0,0,5.9364,2.6121,19.086,33.571,0,0,5.2242,0,5.9364,25.022,8.5485,0,0,19.086,2.6121,19.086,14.485,5.2242,0,0,0,0,1,0,0,1,0,0,0,0,1,0,0,1
0,0,0,9.3686,15.585,65.678,9.3686,0,0,0,0,0,9.3686,0,0,0,65.678,0,0,0,0,24.954,0,0,0,9.3686,0,65.678,0,0,0,15.585,9.3686,0,0,0.011628,0.046512,0.94186,0,0,1,0,0,0,0,1,0,0,0
0,0,0,5.8822,0,94.118,0,0,0,0,0,0,5.8822,0,0,0,94.118,0,0,0,0,0,0,0,0,0,0,94.118,0,0,0,0,5.8822,0,0,0,0,1,0,0,1,0,0,0,0,1,0,0,0
0,6.3215,2.2312,0,2.2312,2.2312,4.0903,2.2312,57.866,0,22.798,4.0903,4.0903,0,2.2312,31.35,22.798,25.029,10.412,0,0,0,0,8.5527,8.5527,4.0903,0,0,22.798,0,2.2312,53.776,0,0,0,0,0.73333,0.26667,0,0,1,0,0,0,0,1,0,0,1
0,6.8888,5.3245,2.3821,26.73,9.0587,6.1163,14.061,11.896,1.3522,16.191,3.9723,14.066,8.241,22.514,17.3,2.3821,24.135,2.6253,2.3821,0,2.3821,0,11.441,14.839,6.1163,0,2.3821,14.839,20.454,10.57,3.7343,15.625,0,0,0,0.16667,0.83333,0,0,1,0,0,0,0,1,0,0,1
0,0,14.956,3.4612,10.118,31.943,21.105,11.272,7.1452,0,0,12.278,15.621,23.92,1.1537,3.8213,19.665,11.78,0,8.9444,1.1537,1.662,9.6102,23.295,9.4527,17.253,0,9.8324,9.8324,0,12.426,7.1452,1.1537,0,0,0,0,1,0,0,1,0,0,0,0,1,0,0,1
0,0,0,7.0539,7.9631,84.983,0,0,0,0,0,0,7.0539,0,0,0,84.983,0,0,0,0,7.9631,0,0,0,0,0,84.983,0,0,0,7.9631,7.0539,0,0,0,0,1,0,0,1,0,0,0,0,1,0,0,0
0,0,0,0,0,100,0,0,0,0,0,0,0,0,0,0,100,0,0,0,0,0,0,0,0,0,0,100,0,0,0,0,0,0,0,0,0,1,0,0,1,0,0,0,0,1,0,0,0
0,0,0,0,0,100,0,0,0,0,0,0,0,0,0,0,100,0,0,0,0,0,0,0,0,0,0,100,0,0,0,0,0,0,0,0,0,1,0,0,1,0,0,0,0,1,0,0,0
0,0,0,0,0,100,0,0,0,0,0,0,0,0,0,0,100,0,0,0,0,0,0,0,0,0,0,100,0,0,0,0,0,0,0,0,0,1,0,0,1,0,0,0,0,1,0,0,0
0,0,0,0,0,100,0,0,0,0,0,0,0,0,0,0,100,0,0,0,0,0,0,0,0,0,0,100,0,0,0,0,0,0,0,0,0,1,0,0,1,0,0,0,0,1,0,0,0
0,0,0,0,0,100,0,0,0,0,0,0,0,0,0,0,100,0,0,0,0,0,0,0,0,0,0,100,0,0,0,0,0,0,0,0,0,1,0,0,1,0,0,0,0,1,0,0,0
0,0,0,0,0,100,0,0,0,0,0,0,0,0,0,0,100,0,0,0,0,0,0,0,0,0,0,100,0,0,0,0,0,0,0,0,0,1,0,0,1,0,0,0,0,1,0,0,0
0,0,0,0,0,100,0,0,0,0,0,0,0,0,0,0,100,0,0,0,0,0,0,0,0,0,0,100,0,0,0,0,0,0,0,0,0,1,0,0,1,0,0,0,0,1,0,0,0
0,0,0,0,0,100,0,0,0,0,0,0,0,0,0,0,100,0,0,0,0,0,0,0,0,0,0,100,0,0,0,0,0,0,0,0,0,1,0,0,1,0,0,0,0,1,0,0,0
0,0,0,0,0,100,0,0,0,0,0,0,0,0,0,0,100,0,0,0,0,0,0,0,0,0,0,100,0,0,0,0,0,0,0,0,0,1,0,0,1,0,0,0,0,1,0,0,0
0,0,0,0,0,100,0,0,0,0,0,0,0,0,0,0,100,0,0,0,0,0,0,0,0,0,0,100,0,0,0,0,0,0,0,0,0,1,0,0,1,0,0,0,0,1,0,0,0
0,0,0,0,0,100,0,0,0,0,0,0,0,0,0,0,100,0,0,0,0,0,0,0,0,0,0,100,0,0,0,0,0,0,0,0,0,1,0,0,1,0,0,0,0,1,0,0,0
0,0,0,0,0,100,0,0,0,0,0,0,0,0,0,0,100,0,0,0,0,0,0,0,0,0,0,100,0,0,0,0,0,0,0,0,0,1,0,0,1,0,0,0,0,1,0,0,0
0,0,0,0,0,100,0,0,0,0,0,0,0,0,0,0,100,0,0,0,0,0,0,0,0,0,0,100,0,0,0,0,0,0,0,0,0,1,0,0,1,0,0,0,0,1,0,0,0
0,0,0,0,0,100,0,0,0,0,0,0,0,0,0,0,100,0,0,0,0,0,0,0,0,0,0,100,0,0,0,0,0,0,0,0,0,1,0,0,1,0,0,0,0,1,0,0,0
0,0,0,0,0,100,0,0,0,0,0,0,0,0,0,0,100,0,0,0,0,0,0,0,0,0,0,100,0,0,0,0,0,0,0,0,0,1,0,0,1,0,0,0,0,1,0,0,0
0,0,0,0,0,100,0,0,0,0,0,0,0,0,0,0,100,0,0,0,0,0,0,0,0,0,0,100,0,0,0,0,0,0,0,0,0,1,0,0,1,0,0,0,0,1,0,0,0
0,0,0,0,0,100,0,0,0,0,0,0,0,0,0,0,100,0,0,0,0,0,0,0,0,0,0,100,0,0,0,0,0,0,0,0,0,1,0,0,1,0,0,0,0,1,0,0,0
0,0,0,0,0,100,0,0,0,0,0,0,0,0,0,0,100,0,0,0,0,0,0,0,0,0,0,100,0,0,0,0,0,0,0,0,0,1,0,0,1,0,0,0,0,1,0,0,0
0,0,0,0,0,100,0,0,0,0,0,0,0,0,0,0,100,0,0,0,0,0,0,0,0,0,0,100,0,0,0,0,0,0,0,0,0,1,0,0,1,0,0,0,0,1,0,0,0
0,0,0,0,0,100,0,0,0,0,0,0,0,0,0,0,100,0,0,0,0,0,0,0,0,0,0,100,0,0,0,0,0,0,0,0,0,1,0,0,1,0,0,0,0,1,0,0,0
0,0,0,0,0,100,0,0,0,0,0,0,0,0,0,0,100,0,0,0,0,0,0,0,0,0,0,100,0,0,0,0,0,0,0,0,0,1,0,0,1,0,0,0,0,1,0,0,0
0,0,0,0,0,100,0,0,0,0,0,0,0,0,0,0,100,0,0,0,0,0,0,0,0,0,0,100,0,0,0,0,0,0,0,0,0,1,0,0,1,0,0,0,0,1,0,0,0
0,0,0,0,0,100,0,0,0,0,0,0,0,0,0,0,100,0,0,0,0,0,0,0,0,0,0,100,0,0,0,0,0,0,0,0,0,1,0,0,1,0,0,0,0,1,0,0,0
0,0,0,0,0,100,0,0,0,0,0,0,0,0,0,0,100,0,0,0,0,0,0,0,0,0,0,100,0,0,0,0,0,0,0,0,0,1,0,0,1,0,0,0,0,1,0,0,0
0,0,0,0,0,100,0,0,0,0,0,0,0,0,0,0,100,0,0,0,0,0,0,0,0,0,0,100,0,0,0,0,0,0,0,0,0,1,0,0,1,0,0,0,0,1,0,0,0
0,0,0,0,0,100,0,0,0,0,0,0,0,0,0,0,100,0,0,0,0,0,0,0,0,0,0,100,0,0,0,0,0,0,0,0,0,1,0,0,1,0,0,0,0,1,0,0,0
0,0,0,0,0,100,0,0,0,0,0,0,0,0,0,0,100,0,0,0,0,0,0,0,0,0,0,100,0,0,0,0,0,0,0,0,0,1,0,0,1,0,0,0,0,1,0,0,0
0,0,0,0,0,100,0,0,0,0,0,0,0,0,0,0,100,0,0,0,0,0,0,0,0,0,0,100,0,0,0,0,0,0,0,0,0,1,0,0,1,0,0,0,0,1,0,0,0
0,0,0,0,0,100,0,0,0,0,0,0,0,0,0,0,100,0,0,0,0,0,0,0,0,0,0,100,0,0,0,0,0,0,0,0,0,1,0,0,1,0,0,0,0,1,0,0,0
0,0,0,0,0,100,0,0,0,0,0,0,0,0,0,0,100,0,0,0,0,0,0,0,0,0,0,100,0,0,0,0,0,0,0,0,0,1,0,0,1,0,0,0,0,1,0,0,0
0,0,0,0,0,100,0,0,0,0,0,0,0,0,0,0,100,0,0,0,0,0,0,0,0,0,0,100,0,0,0,0,0,0,0,0,0,1,0,0,1,0,0,0,0,1,0,0,0
0,0,0,0,0,100,0,0,0,0,0,0,0,0,0,0,100,0,0,0,0,0,0,0,0,0,0,100,0,0,0,0,0,0,0,0,0,1,0,0,1,0,0,0,0,1,0,0,0
0,0,0,0,0,100,0,0,0,0,0,0,0,0,0,0,100,0,0,0,0,0,0,0,0,0,0,100,0,0,0,0,0,0,0,0,0,1,0,0,1,0,0,0,0,1,0,0,0
0,0,0,0,0,100,0,0,0,0,0,0,0,0,0,0,100,0,0,0,0,0,0,0,0,0,0,100,0,0,0,0,0,0,0,0,0,1,0,0,1,0,0,0,0,1,0,0,0
0,0,0,0,0,100,0,0,0,0,0,0,0,0,0,0,100,0,0,0,0,0,0,0,0,0,0,100,0,0,0,0,0,0,0,0,0,1,0,0,1,0,0,0,0,1,0,0,0
0,0,0,0,0,100,0,0,0,0,0,0,0,0,0,0,100,0,0,0,0,0,0,0,0,0,0,100,0,0,0,0,0,0,0,0,0,1,0,0,1,0,0,0,0,1,0,0,0
0,0,0,0,0,100,0,0,0,0,0,0,0,0,0,0,100,0,0,0,0,0,0,0,0,0,0,100,0,0,0,0,0,0,0,0,0,1,0,0,1,0,0,0,0,1,0,0,0
0,0,0,0,0,100,0,0,0,0,0,0,0,0,0,0,100,0,0,0,0,0,0,0,0,0,0,100,0,0,0,0,0,0,0,0,0,1,0,0,1,0,0,0,0,1,0,0,0
0,0,0,0,0,100,0,0,0,0,0,0,0,0,0,0,100,0,0,0,0,0,0,0,0,0,0,100,0,0,0,0,0,0,0,0,0,1,0,0,1,0,0,0,0,1,0,0,0
0,0,0,0,0,100,0,0,0,0,0,0,0,0,0,0,100,0,0,0,0,0,0,0,0,0,0,100,0,0,0,0,0,0,0,0,0,1,0,0,1,0,0,0,0,1,0,0,0
0,0,0,0,0,100,0,0,0,0,0,0,0,0,0,0,100,0,0,0,0,0,0,0,0,0,0,100,0,0,0,0,0,0,0,0,0,1,0,0,1,0,0,0,0,1,0,0,0
0,0,0,0,0,100,0,0,0,0,0,0,0,0,0,0,100,0,0,0,0,0,0,0,0,0,0,100,0,0,0,0,0,0,0,0,0,1,0,0,1,0,0,0,0,1,0,0,0
0,0,0,0,0,100,0,0,0,0,0,0,0,0,0,0,100,0,0,0,0,0,0,0,0,0,0,100,0,0,0,0,0,0,0,0,0,1,0,0,1,0,0,0,0,1,0,0,0
0,0,0,0,0,100,0,0,0,0,0,0,0,0,0,0,100,0,0,0,0,0,0,0,0,0,0,100,0,0,0,0,0,0,0,0,0,1,0,0,1,0,0,0,0,1,0,0,0
0,0,0,0,0,100,0,0,0,0,0,0,0,0,0,0,100,0,0,0,0,0,0,0,0,0,0,100,0,0,0,0,0,0,0,0,0,1,0,0,1,0,0,0,0,1,0,0,0
0,0,0,0,0,100,0,0,0,0,0,0,0,0,0,0,100,0,0,0,0,0,0,0,0,0,0,100,0,0,0,0,0,0,0,0,0,1,0,0,1,0,0,0,0,1,0,0,0
0,0,0,0,0,100,0,0,0,0,0,0,0,0,0,0,100,0,0,0,0,0,0,0,0,0,0,100,0,0,0,0,0,0,0,0,0,1,0,0,1,0,0,0,0,1,0,0,0
0,0,0,0,0,100,0,0,0,0,0,0,0,0,0,0,100,0,0,0,0,0,0,0,0,0,0,100,0,0,0,0,0,0,0,0,0,1,0,0,1,0,0,0,0,1,0,0,0
0,0,0,0,0,100,0,0,0,0,0,0,0,0,0,0,100,0,0,0,0,0,0,0,0,0,0,100,0,0,0,0,0,0,0,0,0.014706,0.98529,0,0,1,0,0,0,0,1,0,0,0
0,0,0,0,0,100,0,0,0,0,0,0,0,0,0,0,100,0,0,0,0,0,0,0,0,0,0,100,0,0,0,0,0,0,0,0,0,1,0,0,1,0,0,0,0,1,0,0,0
0,0,0,0,0,100,0,0,0,0,0,0,0,0,0,0,100,0,0,0,0,0,0,0,0,0,0,100,0,0,0,0,0,0,0,0,0,1,0,0,1,0,0,0,0,1,0,0,0
0,0,0,0,0,100,0,0,0,0,0,0,0,0,0,0,100,0,0,0,0,0,0,0,0,0,0,100,0,0,0,0,0,0,0,0,0,1,0,0,1,0,0,0,0,1,0,0,0
0,0,0,0,0,100,0,0,0,0,0,0,0,0,0,0,100,0,0,0,0,0,0,0,0,0,0,100,0,0,0,0,0,0,0,0,0,1,0,0,1,0,0,0,0,1,0,0,0
0,0,0,0,0,100,0,0,0,0,0,0,0,0,0,0,100,0,0,0,0,0,0,0,0,0,0,100,0,0,0,0,0,0,0,0,0,1,0,0,1,0,0,0,0,1,0,0,0
0,0,0,0,0,100,0,0,0,0,0,0,0,0,0,0,100,0,0,0,0,0,0,0,0,0,0,100,0,0,0,0,0,0,0,0,0.15094,0.84906,0,0,1,0,0,0,0,1,0,0,0
0,0,0,0,0,100,0,0,0,0,0,0,0,0,0,0,100,0,0,0,0,0,0,0,0,0,0,100,0,0,0,0,0,0,0,0,0,1,0,0,1,0,0,0,0,1,0,0,0
0,0,0,0,0,100,0,0,0,0,0,0,0,0,0,0,100,0,0,0,0,0,0,0,0,0,0,100,0,0,0,0,0,0,0,0,0,1,0,0,1,0,0,0,0,1,0,0,0
0,0,0,0,0,100,0,0,0,0,0,0,0,0,0,0,100,0,0,0,0,0,0,0,0,0,0,100,0,0,0,0,0,0,0,0,0,1,0,0,1,0,0,0,0,1,0,0,0
0,0,0,0,0,100,0,0,0,0,0,0,0,0,0,0,100,0,0,0,0,0,0,0,0,0,0,100,0,0,0,0,0,0,0,0,0,1,0,0,1,0,0,0,0,1,0,0,0
0,0,0,0,0,100,0,0,0,0,0,0,0,0,0,0,100,0,0,0,0,0,0,0,0,0,0,100,0,0,0,0,0,0,0,0,0.012048,0.98795,0,0,1,0,0,0,0,1,0,0,0
0,0,0,0,0,100,0,0,0,0,0,0,0,0,0,0,100,0,0,0,0,0,0,0,0,0,0,100,0,0,0,0,0,0,0,0,0,1,0,0,1,0,0,0,0,1,0,0,0
0,0,0,0,0,100,0,0,0,0,0,0,0,0,0,0,100,0,0,0,0,0,0,0,0,0,0,100,0,0,0,0,0,0,0,0,0,1,0,0,1,0,0,0,0,1,0,0,0
0,0,0,0,0,100,0,0,0,0,0,0,0,0,0,0,100,0,0,0,0,0,0,0,0,0,0,100,0,0,0,0,0,0,0,0,0,1,0,0,1,0,0,0,0,1,0,0,0
4.4302,0,8.04,0,4.4302,48.946,0,8.04,13.291,12.823,0,8.8604,4.4302,8.04,8.04,8.3929,41.02,8.3929,0,0,0,12.823,0,33.333,0,0,4.4302,32.513,16.433,0,4.4302,8.8604,0,0,0,0,0,1,0,0,1,0,0,0,0,1,0,0,0
0,0,6.6829,2.9155,11.371,38.83,0,8.9972,18.439,7.7147,5.0499,14.709,5.2895,1.8837,7.9654,5.4722,39.55,9.5578,0,0,9.2479,6.3241,15.692,10.271,14.287,0,0,21.243,14.79,4.7992,5.0499,13.867,0,0,0,0,0,1,0,0,1,0,0,0,0,1,0,0,0
0,0,0,0,61.553,12.816,0,12.816,0,0,12.816,0,0,24.369,12.816,0,12.816,0,0,24.369,25.631,0,0,0,12.816,0,0,12.816,12.816,24.369,37.184,0,0,0,0,0,0,1,0,0,1,0,0,0,0,1,0,0,0
0,0,7.5494,2.8647,27.412,26.489,0,10.414,0,20.385,4.8854,13.479,0,9.5701,19.823,7.7501,29.354,0,0,12.274,7.7501,0,0,15.099,5.7294,0,0,14.054,12.435,15.138,17.159,20.385,0,0,0,0,0,1,0,0,1,0,0,0,0,1,0,0,0
0,0,0,0,73.358,26.642,0,0,0,0,0,0,0,23.113,17.925,0,17.925,0,8.7171,32.32,0,0,0,0,0,0,0,17.925,8.7171,23.113,50.245,0,0,0,0,0,0,1,0,0,1,0,0,0,0,1,0,0,0
0,0,0,0,61.175,38.825,0,0,0,0,0,0,0,9.1057,13.244,16.475,22.35,0,16.475,22.35,0,0,0,0,0,0,0,22.35,16.475,16.475,44.7,0,0,0,0,0,0.16667,0.83333,0,0,1,0,0,0,0,1,0,0,0
0,0,0,0,79.321,20.679,0,0,0,0,0,0,0,20.679,18.981,0,20.679,0,0,39.66,0,0,0,0,0,0,0,20.679,0,18.981,60.34,0,0,0,0,0,0,1,0,0,1,0,0,0,0,1,0,0,0
0,0,0,0,0,80,0,0,0,20,0,0,0,20,0,20,40,20,0,0,0,0,0,0,0,0,20,40,20,0,20,0,0,0,0,0,0,1,0,0,1,0,0,0,0,1,0,0,0
0,0,0,0,48.068,51.932,0,0,0,0,0,0,0,10.249,14.112,13.458,37.819,0,14.112,10.249,0,0,0,0,0,0,0,37.819,14.112,13.458,34.61,0,0,0,0,0,0,1,0,0,1,0,0,0,0,1,0,0,0
0,0,0,0,0,57.364,28.682,13.954,0,0,0,13.954,0,0,0,0,72.092,0,0,0,13.954,0,0,0,27.908,0,28.682,43.41,0,0,0,0,0,0,0,0,0,1,0,0,1,0,0,0,0,1,0,0,0
0,0,0,0,49.222,50.778,0,0,0,0,0,0,41.261,0,0,21.408,15.924,0,0,13.446,7.9618,0,0,0,0,0,0,29.37,21.408,0,49.222,0,0,0,0,0,0.25862,0.74138,0,0,1,0,0,0,0,1,0,0,0
0,0,0,0,36.503,63.497,0,0,0,0,0,0,9.2022,0,0,18.098,36.197,0,0,9.2022,27.301,0,0,0,0,0,0,45.399,18.098,0,36.503,0,0,0,0,0,0.14634,0.85366,0,0,1,0,0,0,0,1,0,0,0
0,0,0,0,13.233,86.767,0,0,0,0,0,0,6.6165,0,0,21.977,36.197,0,0,28.593,6.6165,0,0,0,0,0,0,64.79,21.977,0,13.233,0,0,0,0,0,0,1,0,0,1,0,0,0,0,1,0,0,0
0,0,0,0,40.814,59.186,0,0,0,0,0,0,0,0,18.373,22.441,40.814,0,18.373,0,0,0,0,0,0,0,0,40.814,18.373,22.441,18.373,0,0,0,0,0,0.084337,0.91566,0,0,1,0,0,0,0,1,0,0,0
0,0,0,0,100,0,0,0,0,0,0,0,0,0,100,0,0,0,0,0,0,0,0,0,0,0,0,0,0,0,100,0,0,0,0,0,0.28571,0.71429,0,0,1,0,0,0,0,1,0,0,0
0,0,0,0,100,0,0,0,0,0,0,0,0,0,100,0,0,0,0,0,0,0,0,0,0,0,0,0,0,0,100,0,0,0,0,0,0,1,0,0,1,0,0,0,0,1,0,0,0
0,0,0,0,58.082,41.918,0,0,0,0,0,0,0,0,16.165,25.753,16.165,0,25.753,16.165,0,0,0,0,0,0,0,16.165,25.753,25.753,32.329,0,0,0,0,0,0,1,0,0,1,0,0,0,0,1,0,0,0
0,0,0,0,0,59.672,28.105,12.222,0,0,0,0,0,0,0,0,87.778,0,12.222,0,0,0,0,0,12.222,0,43.889,31.666,12.222,0,0,0,0,0,0,0,0,1,0,0,1,0,0,0,0,1,0,0,0
0,0,0,0,0,0,0,0,0,0,0,0,0,0,0,0,0,0,0,0,0,0,0,0,0,0,0,0,0,0,0,0,0,0,0,0,0,1,0,0,1,0,0,0,0,1,0,0,0
0,0,0,0,0,57.87,42.13,0,0,0,0,0,0,0,0,0,100,0,0,0,0,0,0,0,0,0,42.13,31.478,26.391,0,0,0,0,0,0,0,0,1,0,0,1,0,0,0,0,1,0,0,0
0,0,0,0,66.667,33.333,0,0,0,0,0,0,33.333,0,0,0,0,0,0,33.333,33.333,0,0,0,0,0,0,33.333,0,0,66.667,0,0,0,0,0,0,1,0,0,1,0,0,0,0,1,0,0,0
0,0,0,0,0,0,0,0,0,0,0,0,0,0,0,0,0,0,0,0,0,0,0,0,0,0,0,0,0,0,0,0,0,0,0,0,0,1,0,0,1,0,0,0,0,1,0,0,0
0,0,0,0,12.575,87.425,0,0,0,0,0,0,0,0,0,12.575,74.85,0,0,0,12.575,0,0,0,0,0,0,74.85,12.575,0,12.575,0,0,0,0,0,0,1,0,0,1,0,0,0,0,1,0,0,0
0,0,0,0,0,100,0,0,0,0,0,0,0,0,0,0,100,0,0,0,0,0,0,0,0,0,0,100,0,0,0,0,0,0,0,0,0,1,0,0,1,0,0,0,0,1,0,0,0
0,0,0,0,0,100,0,0,0,0,0,0,0,0,0,0,100,0,0,0,0,0,0,0,0,0,0,100,0,0,0,0,0,0,0,0,0,1,0,0,1,0,0,0,0,1,0,0,0
0,0,0,0,0,75,25,0,0,0,0,0,0,0,0,25,50,0,25,0,0,0,0,0,0,0,25,25,50,0,0,0,0,0,0,0,0,1,0,0,1,0,0,0,0,1,0,0,0
0,0,0,0,0,100,0,0,0,0,0,0,0,0,0,0,100,0,0,0,0,0,0,0,0,0,0,100,0,0,0,0,0,0,0,0,0,1,0,0,1,0,0,0,0,1,0,0,0
0,0,0,0,0,100,0,0,0,0,0,0,0,0,0,0,88.263,0,11.737,0,0,0,0,0,0,0,0,100,0,0,0,0,0,0,0,0,0,1,0,0,1,0,0,0,0,1,0,0,0
1.8555,0,11.9,1.6852,4.4388,47.133,0,6.2224,17.888,6.124,2.7536,14.957,2.7536,5.6055,9.1462,13.442,38.857,1.8555,0,0,1.6852,11.698,21.599,18.018,7.9795,0,1.8555,20.937,12.583,4.4388,6.4646,6.124,0,0,0,0,0,1,0,0,1,0,0,0,0,1,0,0,0
3.8965,0,4.6131,1.566,7.7452,26.446,0,27.789,27.944,0,0,17.079,0,28.579,0,23.258,17.112,3.8965,4.6131,1.566,3.8965,0,14.607,1.566,13.891,0,3.1879,24.88,0,0,20.151,21.717,0,0,0,0,0.23944,0.76056,0,0,1,0,0,0,0,1,0,0,1
0,16.571,14.138,8.0368,6.4949,28.311,0,9.2968,0,13.459,3.693,8.4058,0,2.6201,6.4949,32.463,37.209,2.6201,0,0,10.188,0,0,33.511,9.2968,0,2.6201,8.9331,9.115,2.8019,6.313,27.41,0,0,0,0,0,1,0,0,1,0,0,0,0,1,0,0,0
0,0,0,0,0,90.979,0,0,0,9.0206,0,0,0,9.0206,0,22.745,59.214,9.0206,0,0,0,0,0,0,0,0,22.745,59.214,9.0206,0,9.0206,0,0,0,0,0,0,1,0,0,1,0,0,0,0,1,0,0,0
0,0,0,0,0,100,0,0,0,0,0,0,0,0,0,16.404,83.596,0,0,0,0,0,0,0,0,16.404,0,83.596,0,0,0,0,0,0,0,0,0.018868,0.98113,0,0,1,0,0,0,0,1,0,0,0
0,0,0,0,0,100,0,0,0,0,0,0,0,0,0,9.7091,90.291,0,0,0,0,0,0,0,0,9.7091,0,90.291,0,0,0,0,0,0,0,0,0,1,0,0,1,0,0,0,0,1,0,0,0
0,0,0,0,0,100,0,0,0,0,0,0,0,0,0,8.8503,91.15,0,0,0,0,0,0,0,0,8.8503,0,91.15,0,0,0,0,0,0,0,0,0,1,0,0,1,0,0,0,0,1,0,0,0
0,0,0,0,0,100,0,0,0,0,0,0,0,0,0,0,100,0,0,0,0,0,0,0,0,0,0,100,0,0,0,0,0,0,0,0,0,1,0,0,1,0,0,0,0,1,0,0,0
0,0,0,0,0,82.252,0,3.5609,0,10.64,3.5467,3.5467,3.5609,3.5467,0,32.074,34.56,19.166,0,0,3.5467,0,0,3.5609,0,0,36.224,31.013,15.015,0,3.5467,10.64,0,0,0,0,0,1,0,0,1,0,0,0,0,1,0,0,0
0,0,0,0,0,91.344,0,4.3884,0,4.2677,0,0,4.3884,4.2677,0,40.936,46.14,4.2677,0,0,0,0,0,4.3884,0,10.025,17.589,46.14,17.589,0,4.2677,0,0,0,0,0,0,1,0,0,1,0,0,0,0,1,0,0,0
0,0,0,23.995,4.2863,42.314,4.2863,25.118,0,0,0,4.2863,13.12,0,0,7.7114,58.598,0,4.2863,0,7.7114,4.2863,0,13.12,20.57,0,10.34,31.974,0,0,0,23.995,0,0,0,0,0,1,0,0,1,0,0,0,0,1,0,0,0
0,0,0,13.771,0,58.198,5.6511,19.422,0,2.9583,0,5.6511,6.8853,2.9583,0,14.619,54.392,2.9583,0,0,12.536,0,0,6.8853,18.187,0,13.385,41.855,2.9583,0,2.9583,13.771,0,0,0,0,0,1,0,0,1,0,0,0,0,1,0,0,0
0,0,0,0,0,100,0,0,0,0,0,0,0,0,0,0,100,0,0,0,0,0,0,0,0,0,0,100,0,0,0,0,0,0,0,0,0,1,0,0,1,0,0,0,0,1,0,0,0
0,0,0,0,0,100,0,0,0,0,0,0,0,0,0,0,100,0,0,0,0,0,0,0,0,0,0,100,0,0,0,0,0,0,0,0,0,1,0,0,1,0,0,0,0,1,0,0,0
0,0,0,0,0,100,0,0,0,0,0,0,0,0,0,0,100,0,0,0,0,0,0,0,0,0,0,100,0,0,0,0,0,0,0,0,0.051724,0.94828,0,0,1,0,0,0,0,1,0,0,1
0,0,0,0,0,100,0,0,0,0,0,0,0,0,0,0,100,0,0,0,0,0,0,0,0,0,0,100,0,0,0,0,0,0,0,0,0.065574,0.93443,0,0,1,0,0,0,0,1,0,0,0
0,0,0,0,0,100,0,0,0,0,0,0,0,0,0,0,100,0,0,0,0,0,0,0,0,0,0,100,0,0,0,0,0,0,0,0,0.086957,0.91304,0,0,1,0,0,0,0,1,0,0,0
0,0,0,0,0,100,0,0,0,0,0,0,0,0,0,0,100,0,0,0,0,0,0,0,0,0,0,100,0,0,0,0,0,0,0,0,0.1087,0.8913,0,0,1,0,0,0,0,1,0,0,0
0,0,0,14.371,16.174,45.711,16.558,7.1856,0,0,0,7.1856,0,0,0,0,69.455,0,7.1856,0,0,16.174,0,0,30.545,0,9.3729,36.722,8.9883,0,0,14.371,0,0,0,0,0,1,0,0,1,0,0,0,0,1,0,0,0
0,0,0,8.6171,4.3086,60.761,13.157,13.157,0,0,0,4.3086,0,0,0,0,78.226,0,13.157,0,0,4.3086,0,0,21.774,0,8.848,47.016,13.745,0,0,8.6171,0,0,0,0,0,1,0,0,1,0,0,0,0,1,0,0,0
0,0,0,0,0,79.018,20.982,0,0,0,0,0,0,0,0,0,100,0,0,0,0,0,0,0,0,0,20.982,67.411,11.607,0,0,0,0,0,0,0,0,1,0,0,1,0,0,0,0,1,0,0,0
0,0,0,0,5.0122,83.604,11.384,0,0,0,0,0,0,0,0,0,94.988,0,0,0,0,5.0122,0,0,5.0122,0,11.384,51.415,32.188,0,0,0,0,0,0,0,0,1,0,0,1,0,0,0,0,1,0,0,0
0,0,0,0,0,100,0,0,0,0,0,0,0,0,0,0,100,0,0,0,0,0,0,0,0,0,0,100,0,0,0,0,0,0,0,0,0,1,0,0,1,0,0,0,0,1,0,0,0
0,0,0,0,0,100,0,0,0,0,0,0,0,0,0,0,100,0,0,0,0,0,0,0,0,0,0,100,0,0,0,0,0,0,0,0,0,1,0,0,1,0,0,0,0,1,0,0,0
0,0,0,0,0,76.32,23.68,0,0,0,0,0,0,0,0,5.5374,75.247,11.075,8.1413,0,0,0,0,0,0,5.5374,23.68,41.86,28.923,0,0,0,0,0,0,0,0,1,0,0,1,0,0,0,0,1,0,0,0
0,0,0,0,0,94.949,5.0512,0,0,0,0,0,0,0,0,12.317,61.811,20.821,5.0512,0,0,0,0,0,0,10.411,5.0512,51.24,33.298,0,0,0,0,0,0,0,0,1,0,0,1,0,0,0,0,1,0,0,0
0,0,0,0,0,90.696,9.304,0,0,0,0,0,0,0,0,9.304,81.392,0,9.304,0,0,0,0,0,0,0,9.304,72.088,18.608,0,0,0,0,0,0,0,0,1,0,0,1,0,0,0,0,1,0,0,0
0,0,0,0,0,90.117,0,0,9.883,0,0,0,9.883,0,0,11.196,43.745,35.176,0,0,0,0,0,0,0,17.588,0,50.137,22.392,0,0,9.883,0,0,0,0,0,1,0,0,1,0,0,0,0,1,0,0,0
0,0,0,0,0,100,0,0,0,0,0,0,0,0,0,0,100,0,0,0,0,0,0,0,0,0,0,100,0,0,0,0,0,0,0,0,0,1,0,0,1,0,0,0,0,1,0,0,0
0,16.195,11.189,7.3777,0,24.767,0,15.95,15.95,0,8.572,19.761,8.572,0,0,7.3777,24.767,3.8115,15.95,0,7.3777,12.383,3.8115,23.573,15.95,15.95,0,0,12.383,0,8.572,12.383,7.3777,0.0088496,0,0.026549,0.017699,0.9469,0,0,1,0,0,0,0,1,0,0,0
0,20.94,5.7925,9.01,0,17.424,0,2.9198,40.994,0,2.9198,11.93,2.9198,0,0,5.7925,11.632,5.7925,2.9198,0,38.074,20.94,9.01,40.994,2.9198,20.94,0,11.585,2.9198,0,2.9198,2.9198,5.7925,0.55462,0.016807,0.05042,0.07563,0.30252,0,0,1,0,0,0,0,1,0,0,0
0,0,0,0,0,100,0,0,0,0,0,0,0,0,0,0,100,0,0,0,0,0,0,0,0,0,0,100,0,0,0,0,0,0,0,0,0.033333,0.96667,0,0,1,0,0,0,0,1,0,0,0
0,0,0,0,0,100,0,0,0,0,0,0,0,0,0,0,100,0,0,0,0,0,0,0,0,0,0,100,0,0,0,0,0,0,0,0,0,1,0,0,1,0,0,0,0,1,0,0,0
0,0,0,0,0,100,0,0,0,0,0,0,0,0,0,0,100,0,0,0,0,0,0,0,0,0,0,100,0,0,0,0,0,0,0,0,0,1,0,0,1,0,0,0,0,1,0,0,0
0,0,0,0,0,0,0,0,0,0,0,0,0,0,0,0,0,0,0,0,0,0,0,0,0,0,0,0,0,0,0,0,0,0.040323,0,0.056452,0.016129,0.8871,0,0,1,0,0,0,0,1,0,0,0
0.9866,0,17.023,0.89555,11.566,21.676,0,1.7911,25.261,10.841,9.9588,7.6093,12.565,8.0638,8.9593,7.5264,32.422,1.62,0,0,0.89555,20.339,22.026,13.158,11.475,0,0.9866,5.8989,7.5264,8.9593,14.352,15.618,0,0,0,0,0.025641,0.97436,0,0,1,0,0,0,0,1,0,0,1
1.2746,9.9063,12.122,5.4053,5.7649,33.913,0,5.0484,5.4065,14.882,6.2776,7.25,3.7503,7.2968,7.9792,27.147,33.259,3.3687,0,0,6.6361,3.3124,10.05,22.131,7.0395,0,1.2746,15.304,8.9298,1.6562,8.8268,24.788,0,0,0,0,0,1,0,0,1,0,0,0,0,1,0,0,0
0,17.209,21.077,3.8683,3.8683,24.562,0,7.7367,0,18.193,3.4855,15.09,0,3.4855,3.8683,24.562,45.639,0,0,0,7.3538,0,0,42.154,7.7367,0,0,0,7.3538,3.8683,3.4855,35.402,0,0,0,0,0.21429,0.78571,0,0,1,0,0,0,0,1,0,0,1
4.2632,0,9.6132,5.1097,11.356,20.884,3.2486,13.465,27.797,0,4.2632,20.039,2.7135,10.414,1.5497,14.723,25.264,4.4124,6.2153,6.1243,8.5445,0,3.5018,10.686,13.194,4.4124,6.8456,10.347,1.5497,0,24.803,24.661,0,0,0,0,0.56818,0.43182,0,0,1,0,0,0,0,1,0,0,1
8.056,0,18.523,5.3921,0,31.282,1.3254,4.2542,26.836,0,4.331,12.574,5.469,2.7304,6.6514,13.324,24.505,12.23,7.2598,6.5269,6.4526,2.2759,7.3205,22.044,6.4526,8.9902,11.387,6.2652,1.7908,0,15.52,20.229,0,0,0,0,0.38889,0.61111,0,0,1,0,0,0,0,1,0,0,1
0,14.947,2.7978,17.744,2.7978,9.3533,0,5.5956,0,40.209,6.5555,14.949,0,6.5555,2.7978,54.193,12.151,0,0,0,9.3533,0,0,20.542,5.5956,0,0,0,9.3533,2.7978,6.5555,55.156,0,0,0,0,0,1,0,0,1,0,0,0,0,1,0,0,0
9.4026,0,10.302,10.418,2.4502,20.276,7.4402,3.8693,29.921,0,5.9199,22.201,0.56159,12.676,10.462,16.776,16.076,6.5238,2.349,7.8259,3.426,1.1232,4.4828,10.266,21.186,3.1488,4.5932,3.2393,6.9353,0,23.707,22.441,0,0,0,0,0.27869,0.72131,0,0,1,0,0,0,0,1,0,0,1
9.8056,0,14.739,9.5453,0,27.624,3.4317,3.7321,26.471,0,4.6515,14.085,3.6013,7.2351,15.967,13.016,23.744,5.343,4.9519,4.6515,1.2198,6.1849,5.1541,17.238,11.515,3.6013,15.248,5.0233,4.7823,0,18,19.438,0,0,0,0,0.27273,0.72727,0,0,1,0,0,0,0,1,0,0,1
9.174,0,10.99,10.555,9.0524,21.325,2.0262,6.0183,27.133,0,3.7266,14.085,2.5424,12.922,5.2971,13.811,22.029,9.5768,7.7188,7.3001,3.0349,1.684,6.0183,20.9,9.1135,2.5424,1.7004,5.7823,5.2971,0,25.177,23.469,0,0,0,0,0,1,0,0,1,0,0,0,0,1,0,0,0
0,0,21.403,20.461,6.9101,0,9.752,15.719,19.787,0,5.9673,5.9673,2.842,25.471,2.842,5.9673,0,19.787,0,21.403,2.842,12.877,8.8093,15.719,19.504,2.842,0,0,0,0,24.529,25.755,2.842,0.037037,0,0,0.14815,0.81481,0,0,1,0,0,0,0,1,0,0,1
8.3333,0,22.628,10.723,0,29.053,2.993,6.8905,14.818,0,4.5607,14.397,0.72818,5.3219,9.2232,14.631,22.693,15.908,4.827,7.2615,1.7043,3.305,12.805,24.663,7.7549,4.4051,9.5154,2.2176,6.1157,0,19.383,13.14,0,0,0,0.014925,0.44776,0.53731,0,0,1,0,0,0,0,1,0,0,1
5.7068,0,19.405,14.29,0,19.53,16.038,3.6982,10.808,1.9807,8.5433,7.8764,3.6982,13.532,7.4943,10.883,18.142,14.131,2.0996,4.7958,6.8938,10.454,7.3054,9.953,17.036,12.241,9.195,7.6875,0,0,20.98,11.356,4.2462,0,0,0,0.070423,0.92958,0,0,1,0,0,0,0,1,0,0,1
8.5998,0,17.407,7.9399,0,31.12,3.8805,2.6596,22.453,0,5.9402,17.021,3.4595,5.2803,5.1403,7.1999,30.374,10.293,4.7193,11.654,2.0597,2.7996,14.087,10.558,13.701,9.1732,7.7734,3.4595,5.1403,0,26.707,9.3996,0,0,0,0,0.90909,0.090909,0,0,1,0,0,0,0,1,0,0,1
5.9474,0,30.117,7.559,0,35.879,1.6886,2.0909,7.374,5.5648,3.7795,7.6557,0,9.7269,9.1593,15.01,29.932,9.7269,0,2.0909,6.9718,9.7269,8.0382,18.886,8.6604,1.6886,19.084,9.5419,5.5648,0,15.694,11.154,1.6886,0,0,0,0.92857,0.071429,0,0,1,0,0,0,0,1,0,0,1
1.6157,0,17.034,14.245,0,25.991,2.1231,4.9992,23.202,5.2848,5.5066,8.6683,1.6157,12.407,2.1448,15.059,25.687,12.541,1.6157,5.1328,6.3911,8.738,8.4977,9.2672,8.5143,5.4881,11.324,9.0453,0,0,20.397,25.343,2.1231,0,0,0,0.81356,0.18644,0,0,1,0,0,0,0,1,0,0,1
2.3208,0,26.342,15.622,0,27.174,3.7971,5.1369,12.758,1.6402,5.2085,5.7296,5.3483,12.895,4.8846,13.439,21.838,6.6756,0,16.776,4.8846,7.5293,7.4577,15.34,14.102,5.1719,13.7,7.798,1.3748,0,17.161,15.473,2.4223,0,0,0,0.072165,0.92784,0,0,1,0,0,0,0,1,0,0,1
0,0,24.022,13.927,4.8692,21.298,14.774,12.446,7.6978,0,0.96639,3.2929,12.231,23.927,3.9979,1.9328,18.005,7.4119,0,20.728,5.9307,2.5427,14.448,19.715,14.048,8.2572,0,12.098,4.9406,0,12.865,8.6641,4.9643,0.15385,0,0.019231,0.11538,0.71154,0,0,1,0,0,0,0,1,0,0,1
0,0,32.028,13.67,0,24.34,5.616,2.4383,5.9829,0,15.925,0,2.4383,8.0542,5.2435,9.1606,24.34,3.1777,0,20.062,11.599,15.925,2.4383,21.168,29.962,5.616,18.357,2.8052,0,0,4.8765,9.1606,5.616,0,0,0,0.03937,0.96063,0,0,1,0,0,0,0,1,0,0,1
0,0,0,44.809,8.3852,19.671,12.016,15.118,0,0,0,12.016,3.1025,0,0,14.019,50.461,0,8.3852,0,3.6306,8.3852,0,3.1025,32.417,0,3.6306,16.041,0,0,0,44.809,0,0,0,0,0,1,0,0,1,0,0,0,0,1,0,0,0
0,0,0,45.264,9.4729,0,9.4729,35.791,0,0,0,9.4729,13.159,0,0,13.159,32.105,0,9.4729,0,13.159,9.4729,0,13.159,41.578,0,0,0,0,0,0,45.264,0,0,0,0,0,1,0,0,1,0,0,0,0,1,0,0,0
0,0,0,0,0,100,0,0,0,0,0,0,0,0,0,18.566,81.434,0,0,0,0,0,0,0,0,8.4724,10.094,81.434,0,0,0,0,0,0,0,0,0,1,0,0,1,0,0,0,0,1,0,0,0
0,0,8.0466,0,0,67.704,0,0,17.507,6.7419,0,6.7419,0,6.7419,4.0233,10.765,60.963,6.7419,0,0,4.0233,0,0,4.0233,4.0233,0,14.788,31.841,21.075,0,6.7419,17.507,0,0,0,0,1,0,0,0,1,0,0,0,0,1,0,0,0
0,0,0,0,0,50,38.815,11.185,0,0,0,0,0,0,0,0,77.631,22.369,0,0,0,0,0,11.185,0,38.815,0,50,0,0,0,0,0,0,0,0,0.65306,0.34694,0,0,1,0,0,0,0,1,0,0,0
2.5201,0,24.389,8.0698,0,31.768,2.6466,0,12.929,7.22,10.458,7.22,2.7765,8.9195,3.4671,14.343,25.495,8.9195,0,10.588,5.2933,12.978,2.5201,19.222,18.528,2.6466,16.605,6.2729,3.4671,0,12.517,15.575,2.6466,0,0,0,0.98276,0.017241,0,0,1,0,0,0,0,1,0,0,0
0,0,0,0,0,91.631,0,8.369,0,0,0,0,8.369,0,0,19.385,72.246,0,0,0,0,0,0,8.369,0,19.385,0,72.246,0,0,0,0,0,0,0,0,0,1,0,0,1,0,0,0,0,1,0,0,0
0,0,0,0,0,50,25,25,0,0,0,0,0,0,0,0,50,50,0,0,0,0,0,25,0,25,0,50,0,0,0,0,0,0,0,0,0.90909,0.090909,0,0,1,0,0,0,0,1,0,0,0
0,0,0,0,0,45.684,28.827,25.489,0,0,0,0,0,0,6.4491,0,62.858,30.693,0,0,0,0,0,25.489,0,28.827,0,45.684,0,0,0,0,0,0,0,0,0,1,0,0,1,0,0,0,0,1,0,0,0
0,0,0,0,0,59.105,40.895,0,0,0,0,0,0,0,0,0,90.895,9.1053,0,0,0,0,0,0,0,40.895,0,59.105,0,0,0,0,0,0,0,0,0,1,0,0,1,0,0,0,0,1,0,0,0
0,0,28.288,15.135,0,32.608,2.2568,0,19.455,0,2.2568,0,10.622,2.2568,6.5765,21.712,32.608,2.2568,0,10.622,11.09,2.2568,0,19.455,23.969,2.2568,13.153,6.5765,0,0,10.622,21.712,2.2568,0,0,0,0.6875,0.3125,0,0,1,0,0,0,0,1,0,0,1
0,0,0,0,0,100,0,0,0,0,0,0,0,0,0,0,100,0,0,0,0,0,0,0,0,0,0,100,0,0,0,0,0,0,0,0,0,1,0,0,1,0,0,0,0,1,0,0,0
0,0,0,0,0,64.261,30.04,5.6992,0,0,0,0,0,0,5.5152,0,77.571,16.914,0,0,0,0,0,5.6992,0,24.524,5.5152,64.261,0,0,0,0,0,0,0,0,0,1,0,0,1,0,0,0,0,1,0,0,0
0,0,0,0,9.6686,82.563,7.7688,0,0,0,0,0,0,0,0,0,82.563,17.437,0,0,0,0,0,0,0,7.7688,0,72.894,9.6686,9.6686,0,0,0,0,0,0,0,1,0,0,1,0,0,0,0,1,0,0,0
0,0,18.921,9.1609,1.1892,29.188,17.078,3.9957,14.334,0,6.1324,9.0175,5.6194,15.986,2.5438,12.738,24.163,8.5108,0,12.363,4.2806,4.7778,4.1647,14.033,18.352,14.735,0,11.377,8.661,0,8.6133,17.923,2.1403,0.081633,0,0.10204,0.30612,0.5102,0,0,1,0,0,0,0,1,0,0,1
0,0,0,0,0,100,0,0,0,0,0,0,0,0,0,0,100,0,0,0,0,0,0,0,0,0,0,50,50,0,0,0,0,0,0,0,0.91667,0.083333,0,0,1,0,0,0,0,1,0,0,0
0,0,0,0,0,100,0,0,0,0,0,0,0,0,0,0,100,0,0,0,0,0,0,0,0,0,0,100,0,0,0,0,0,0,0,0,0,1,0,0,1,0,0,0,0,1,0,0,0
0,0,0,0,0,100,0,0,0,0,0,0,0,0,0,0,100,0,0,0,0,0,0,0,0,0,0,100,0,0,0,0,0,0,0,0,0,1,0,0,1,0,0,0,0,1,0,0,0
0,0,21.203,9.5585,2.7115,31.443,11.34,12.099,11.644,0,0,8.1542,5.8977,20.728,3.1862,5.4427,23.289,2.7115,0,27.405,3.1862,0,18.301,5.8977,11.815,16.783,0,17.846,5.4427,0,9.0838,11.644,3.1862,0,0,0,0,1,0,0,1,0,0,0,0,1,0,0,0
0,0,0,0,0,100,0,0,0,0,0,0,0,0,0,0,100,0,0,0,0,0,0,0,0,0,0,100,0,0,0,0,0,0,0,0,0,1,0,0,1,0,0,0,0,1,0,0,0
0,0,0,0,0,100,0,0,0,0,0,0,0,0,0,0,100,0,0,0,0,0,0,0,0,0,0,100,0,0,0,0,0,0,0,0,0,1,0,0,1,0,0,0,0,1,0,0,0
0,0,0,0,0,100,0,0,0,0,0,0,0,0,0,0,100,0,0,0,0,0,0,0,0,0,0,100,0,0,0,0,0,0,0,0,0,1,0,0,1,0,0,0,0,1,0,0,0
0,0,0,0,0,100,0,0,0,0,0,0,0,0,0,0,100,0,0,0,0,0,0,0,0,0,0,100,0,0,0,0,0,0,0,0,0,1,0,0,1,0,0,0,0,1,0,0,0
0,0,17.351,0,0,65.298,0,0,0,17.351,0,17.351,0,0,17.351,0,65.298,0,0,0,0,0,0,17.351,0,0,0,47.947,17.351,0,17.351,0,0,0,0,0,1,0,0,0,1,0,0,0,0,1,0,0,0
0,0,0,0,12.33,56.165,14.78,16.724,0,0,0,14.78,0,0,0,0,56.165,12.33,0,0,16.724,0,31.505,0,0,0,0,43.835,12.33,12.33,0,0,0,0,0,0,0,1,0,0,1,0,0,0,0,1,0,0,0
0,0,0,0,5.8962,41.156,47.052,5.8962,0,0,0,47.052,0,0,0,0,41.156,5.8962,0,0,5.8962,0,52.948,0,0,0,0,41.156,0,5.8962,0,0,0,0,0,0,0,1,0,0,1,0,0,0,0,1,0,0,0
0,0,12.152,0,10.428,56.565,10.428,10.428,0,0,0,10.428,0,0,0,12.152,56.565,10.428,0,0,10.428,0,20.855,12.152,0,0,0,44.413,12.152,10.428,0,0,0,0,0,0,0,1,0,0,1,0,0,0,0,1,0,0,0
0,0,0,0,5.3202,42.02,5.3202,47.34,0,0,0,5.3202,0,0,0,0,42.02,5.3202,0,0,47.34,0,52.66,0,0,0,0,42.02,0,5.3202,0,0,0,0,0,0,0,1,0,0,1,0,0,0,0,1,0,0,0
0,0,38.499,0,7.6676,53.834,0,0,0,0,0,0,0,0,0,28.599,35.134,36.267,0,0,0,0,9.8995,28.599,0,0,0,17.567,7.6676,36.267,0,0,0,0,0,0,0,1,0,0,1,0,0,0,0,1,0,0,0
0,0,0,0,0,100,0,0,0,0,0,0,0,0,0,0,100,0,0,0,0,0,0,0,0,0,0,100,0,0,0,0,0,0,0,0,0,1,0,0,1,0,0,0,0,1,0,0,0
0,0,0,0,0,100,0,0,0,0,0,0,0,0,0,0,100,0,0,0,0,0,0,0,0,0,0,100,0,0,0,0,0,0,0,0,0,1,0,0,1,0,0,0,0,1,0,0,0
0,0,0,0,0,100,0,0,0,0,0,0,0,0,0,0,100,0,0,0,0,0,0,0,0,0,0,100,0,0,0,0,0,0,0,0,0,1,0,0,1,0,0,0,0,1,0,0,0
0,0,0,0,0,100,0,0,0,0,0,0,0,0,0,0,100,0,0,0,0,0,0,0,0,0,0,100,0,0,0,0,0,0,0,0,0,1,0,0,1,0,0,0,0,1,0,0,0
0,0,0,0,0,100,0,0,0,0,0,0,0,0,0,0,100,0,0,0,0,0,0,0,0,0,0,100,0,0,0,0,0,0,0,0,0,1,0,0,1,0,0,0,0,1,0,0,0
0,0,0,0,0,100,0,0,0,0,0,0,0,0,0,0,100,0,0,0,0,0,0,0,0,0,0,100,0,0,0,0,0,0,0,0,0,1,0,0,1,0,0,0,0,1,0,0,0
0,0,0,0,0,100,0,0,0,0,0,0,0,0,0,0,100,0,0,0,0,0,0,0,0,0,0,100,0,0,0,0,0,0,0,0,0,1,0,0,1,0,0,0,0,1,0,0,0
0,0,0,0,0,100,0,0,0,0,0,0,0,0,0,0,100,0,0,0,0,0,0,0,0,0,0,100,0,0,0,0,0,0,0,0,0,1,0,0,1,0,0,0,0,1,0,0,0
0,0,0,47.147,2.3706,16.153,6.4665,27.862,0,0,0,2.5746,10.698,0,0,23.574,43.619,0,3.8919,0,13.273,2.3706,0,10.698,22.11,0,6.4665,7.3159,6.2625,0,0,47.147,0,0,0,0,0,1,0,0,1,0,0,0,0,1,0,0,0
0,0,0,0,12.723,87.277,0,0,0,0,0,0,0,0,0,0,87.277,0,0,0,0,12.723,0,0,12.723,0,0,74.554,12.723,0,0,0,0,0,0,0,0,1,0,0,1,0,0,0,0,1,0,0,0
0,0,0,0,0,74.489,12.756,12.756,0,0,0,0,0,0,12.756,0,50,37.244,0,0,0,0,0,12.756,0,12.756,0,74.489,0,0,0,0,0,0,0,0,0.93333,0.066667,0,0,1,0,0,0,0,1,0,0,0
0,0,0,0,0,54.73,29.539,15.73,0,0,0,0,0,0,25.755,0,45.27,28.976,0,0,0,0,0,15.73,0,13.198,16.341,54.73,0,0,0,0,0,0,0,0,0,1,0,0,1,0,0,0,0,1,0,0,0
0,0,0,0,0,100,0,0,0,0,0,0,0,0,0,0,100,0,0,0,0,0,0,0,0,0,0,85.682,14.318,0,0,0,0,0,0,0,0,1,0,0,1,0,0,0,0,1,0,0,0
0,0,0,0,0,76.214,0,23.786,0,0,0,0,0,0,23.786,0,50,26.214,0,0,0,0,0,23.786,0,0,0,76.214,0,0,0,0,0,0,0,0,0.92593,0.074074,0,0,1,0,0,0,0,1,0,0,0
0,0,0,0,0,42.625,49.017,8.3579,0,0,0,0,0,0,13.938,14.75,27.875,43.437,0,0,0,0,0,8.3579,0,13.938,35.079,42.625,0,0,0,0,0,0,0,0,0,1,0,0,1,0,0,0,0,1,0,0,0
0,0,0,0,0,65.497,26.774,7.7292,0,0,0,0,0,0,14.825,6.4083,58.402,20.366,0,0,0,0,0,7.7292,0,13.27,13.504,59.089,6.4083,0,0,0,0,0,0,0,0,1,0,0,1,0,0,0,0,1,0,0,0
0,0,0,0,0,100,0,0,0,0,0,0,0,0,0,0,100,0,0,0,0,0,0,0,0,0,0,75,25,0,0,0,0,0,0,0,0,1,0,0,1,0,0,0,0,1,0,0,0
0,0,0,0,0,56.966,43.034,0,0,0,0,0,0,0,6.2084,6.694,50.272,36.826,0,0,0,0,0,0,0,6.2084,36.826,34.58,22.386,0,0,0,0,0,0,0,0,1,0,0,1,0,0,0,0,1,0,0,0
0,0,5.4195,0,0,83.989,5.1719,0,5.4195,0,0,0,0,0,5.4195,28.663,60.499,5.4195,0,0,0,0,5.4195,0,0,0,5.1719,60.746,23.243,0,0,5.4195,0,0,0,0,0,1,0,0,1,0,0,0,0,1,0,0,0
0,0,0,0,0,95.765,4.2347,0,0,0,0,0,0,0,0,4.2347,62.207,29.323,4.2347,0,0,0,0,0,0,22.968,4.2347,44.696,28.102,0,0,0,0,0,0,0,0,1,0,0,1,0,0,0,0,1,0,0,0
0,0,0,0,0,100,0,0,0,0,0,0,0,0,0,0,82.681,17.319,0,0,0,0,0,0,0,8.6593,0,71.194,20.147,0,0,0,0,0,0,0,0,1,0,0,1,0,0,0,0,1,0,0,0
0,0,0,0,0,100,0,0,0,0,0,0,0,0,0,0,77.582,22.418,0,0,0,0,0,0,0,0,0,100,0,0,0,0,0,0,0,0,1,0,0,0,1,0,0,0,0,1,0,0,0
0,0,0,0,0,62.585,37.415,0,0,0,0,0,0,0,14.493,5.3389,48.093,32.076,0,0,0,0,0,0,0,0,37.415,39.663,22.922,0,0,0,0,0,0,0,0.51111,0.48889,0,0,1,0,0,0,0,1,0,0,0
0,0,0,0,0,100,0,0,0,0,0,0,0,0,0,7.6691,65.549,26.782,0,0,0,0,0,0,0,19.113,0,46.526,34.36,0,0,0,0,0,0,0,0,1,0,0,1,0,0,0,0,1,0,0,0
0,0,16.101,7.9005,0,51.997,0,7.9005,7.9005,0,8.2006,7.9005,0,0,0,7.9005,43.796,16.401,7.9005,0,7.9005,8.2006,0,16.101,7.9005,7.9005,0,43.796,0,0,8.2006,8.2006,7.9005,0,0,0,1,0,0,0,1,0,0,0,0,1,0,0,0
0,0,0,0,0,54.595,45.405,0,0,0,0,0,0,0,0,29.081,38.271,32.648,0,0,0,0,0,0,0,0,45.405,41.838,12.757,0,0,0,0,0,0,0,0.074074,0.92593,0,0,1,0,0,0,0,1,0,0,0
0,0,8.6527,0,0,82.695,0,0,8.6527,0,0,0,0,0,8.6527,8.6527,74.042,8.6527,0,0,0,0,8.6527,0,0,0,0,66.347,16.347,0,0,8.6527,0,0,0,0,0,1,0,0,1,0,0,0,0,1,0,0,0
0,0,7.004,0,0,92.996,0,0,0,0,0,0,0,0,0,7.004,72.77,20.226,0,0,0,0,0,0,0,0,0,92.996,0,0,0,0,7.004,0,0,0,1,0,0,0,1,0,0,0,0,1,0,0,0
0,0,0,0,0,100,0,0,0,0,0,0,0,0,0,0,100,0,0,0,0,0,0,0,0,0,0,100,0,0,0,0,0,0,0,0,1,0,0,0,1,0,0,0,0,1,0,0,0
0,0,0,0,0,69.461,0,0,30.539,0,0,0,0,0,30.539,0,69.461,0,0,0,0,0,0,0,0,0,0,69.461,0,0,0,0,30.539,0,0,0,1,0,0,0,1,0,0,0,0,1,0,0,0
0,0,0,0,4.5673,80.945,0,0,14.487,0,0,0,4.5673,0,14.487,0,80.945,0,0,0,0,0,0,0,0,0,0,80.945,0,4.5673,0,0,14.487,0,0,0,0,1,0,0,1,0,0,0,0,1,0,0,0
0,0,0,0,0,89.489,0,0,10.511,0,0,0,0,0,10.511,0,89.489,0,0,0,0,0,0,0,0,0,0,89.489,0,0,0,0,10.511,0,0,0,0,1,0,0,1,0,0,0,0,1,0,0,0
0,0,0,0,7.8712,92.129,0,0,0,0,0,0,0,0,0,0,100,0,0,0,0,0,0,0,0,0,0,92.129,0,7.8712,0,0,0,0,0,0,0,1,0,0,1,0,0,0,0,1,0,0,0
0,0,0,0,0,100,0,0,0,0,0,0,0,0,0,0,100,0,0,0,0,0,0,0,0,0,0,100,0,0,0,0,0,0,0,0,0,1,0,0,1,0,0,0,0,1,0,0,0
0,0,41.289,0,0,58.711,0,0,0,0,0,0,0,0,0,17.422,58.711,23.867,0,0,0,0,23.867,17.422,0,0,0,17.422,17.422,23.867,0,0,0,0,0,0,0,1,0,0,1,0,0,0,0,1,0,0,0
0,0,0,0,0,100,0,0,0,0,0,0,0,0,0,0,100,0,0,0,0,0,0,0,0,0,0,71.642,28.358,0,0,0,0,0,0,0,0,1,0,0,1,0,0,0,0,1,0,0,0
0,0,37.523,0,0,62.477,0,0,0,0,0,0,0,0,0,24.954,62.477,12.569,0,0,0,0,12.569,24.954,0,0,0,24.954,24.954,12.569,0,0,0,0,0,0,0,1,0,0,1,0,0,0,0,1,0,0,0
0,0,14.772,12.131,18.334,19.012,5.1774,8.6791,4.9157,13.035,3.9436,11.343,24.721,1.5318,4.5255,23.792,6.5024,20.455,1.7419,3.5647,0,1.8228,0,11.228,3.6076,5.1774,0,5.3066,3.6076,5.1394,6.7499,51.019,8.1645,0,0,0.014085,0.42254,0.56338,0,0,1,0,0,0,0,1,0,0,1
0,0,6.8571,0,0,62.937,0,0,30.206,0,0,0,0,0,6.8571,6.0647,56.872,30.206,0,0,0,0,6.8571,0,0,0,0,16.373,46.564,0,0,30.206,0,0,0,0,0,1,0,0,1,0,0,0,0,1,0,0,0
0,0,50,0,0,50,0,0,0,0,0,0,0,0,0,25.754,48.492,25.754,0,0,0,0,24.246,25.754,0,0,0,24.246,0,25.754,0,0,0,0,0,0,0,1,0,0,1,0,0,0,0,1,0,0,0
0,0,33.104,0,0,50,0,0,16.896,0,0,0,0,0,33.104,16.896,33.104,16.896,0,0,0,0,33.104,0,0,0,0,33.793,16.207,0,0,16.896,0,0,0,0,0,1,0,0,1,0,0,0,0,1,0,0,0
0,0,8.0317,0,0,50,0,0,41.968,0,0,0,0,0,8.0317,8.0317,41.968,41.968,0,0,0,0,8.0317,0,0,0,0,16.063,33.937,0,0,41.968,0,0,0,0,0,1,0,0,1,0,0,0,0,1,0,0,0
0,0,0,0,0,100,0,0,0,0,0,0,0,0,0,0,100,0,0,0,0,0,0,0,0,0,0,100,0,0,0,0,0,0,0,0,0,1,0,0,1,0,0,0,0,1,0,0,0
0,0,0,0,0,100,0,0,0,0,0,0,0,0,0,0,100,0,0,0,0,0,0,0,0,0,0,100,0,0,0,0,0,0,0,0,0,1,0,0,1,0,0,0,0,1,0,0,0
0,0,0,0,0,100,0,0,0,0,0,0,0,0,0,0,100,0,0,0,0,0,0,0,0,0,0,100,0,0,0,0,0,0,0,0,0,1,0,0,1,0,0,0,0,1,0,0,0
0,0,0,0,0,100,0,0,0,0,0,0,0,0,0,0,100,0,0,0,0,0,0,0,0,0,0,100,0,0,0,0,0,0,0,0,0,1,0,0,1,0,0,0,0,1,0,0,0
0,0,0,0,0,100,0,0,0,0,0,0,0,0,0,0,100,0,0,0,0,0,0,0,0,0,0,100,0,0,0,0,0,0,0,0,0,1,0,0,1,0,0,0,0,1,0,0,0
0,0,0,0,0,100,0,0,0,0,0,0,0,0,0,0,100,0,0,0,0,0,0,0,0,0,0,100,0,0,0,0,0,0,0,0,0,1,0,0,1,0,0,0,0,1,0,0,0
0,0,0,0,0,100,0,0,0,0,0,0,0,0,0,0,100,0,0,0,0,0,0,0,0,0,0,100,0,0,0,0,0,0,0,0,0,1,0,0,1,0,0,0,0,1,0,0,0
0,0,0,0,0,100,0,0,0,0,0,0,0,0,0,0,100,0,0,0,0,0,0,0,0,0,0,100,0,0,0,0,0,0,0,0,0,1,0,0,1,0,0,0,0,1,0,0,0
0,0,0,0,0,100,0,0,0,0,0,0,0,0,0,0,100,0,0,0,0,0,0,0,0,0,0,100,0,0,0,0,0,0,0,0,0,1,0,0,1,0,0,0,0,1,0,0,0
0,0,6.8909,0,5.841,79.227,0,0,4.0208,4.0208,0,6.8909,4.0208,0,0,5.841,73.386,0,4.0208,0,5.841,0,0,0,0,6.8909,0,73.386,5.841,0,5.841,4.0208,4.0208,0,0,0,0,1,0,0,1,0,0,0,0,1,0,0,0
0,0,8.9498,0,0,52.36,8.9498,0,23.82,5.9203,0,8.9498,5.9203,0,17.9,0,43.41,0,14.87,0,0,8.9498,0,0,0,17.9,0,52.36,0,0,8.9498,5.9203,14.87,0.013158,0,0.026316,0.092105,0.86842,0,0,1,0,0,0,0,1,0,0,0
0,0,11.209,0,0,57.312,4.3203,0,12.449,14.71,0,11.209,3.8085,0,12.449,0,45.375,7.617,4.3203,10.901,0,4.3203,0,0,0,19.337,0,53.504,0,0,4.3203,14.71,8.1288,0,0,0,0,1,0,0,1,0,0,0,0,1,0,0,0
0,0,0,5.2192,0,57.389,0,0,14.781,22.611,0,0,14.781,0,7.8301,0,36.51,15.66,6.9507,7.8301,5.2192,5.2192,0,5.2192,0,7.8301,0,44.34,0,0,0,27.83,14.781,0,0,0,0.01,0.99,0,0,1,0,0,0,0,1,0,0,0
0,15.085,5.5467,3.3871,0,38.98,11.698,0,13.718,11.586,0,5.5467,10.331,0,16.34,0,17.997,24.37,2.3013,4.6423,15.085,3.3871,0,0,0,48.67,0,22.639,0,0,3.3871,11.586,13.718,0.59524,0,0.19048,0.21429,0,0,0,1,0,0,0,0,1,0,0,1
0,16.301,4.5246,6.1447,0,28.908,14.681,0,23.316,6.1252,0,4.5246,8.1219,0,19.205,0,14.228,16.301,6.5018,4.148,16.301,10.669,0,0,0,45.662,0,18.752,0,0,10.669,6.1252,18.791,0.48889,0.044444,0.37778,0.088889,0,0,0,1,0,0,0,0,1,0,0,1
0,0,0,6.7863,0,93.214,0,0,0,0,0,0,0,0,0,0,86.427,0,0,0,6.7863,6.7863,0,6.7863,0,0,0,86.427,0,0,0,6.7863,0,0,0,0,0,1,0,0,1,0,0,0,0,1,0,0,0
0,0,0,0,0,100,0,0,0,0,0,0,0,0,0,0,100,0,0,0,0,0,0,0,0,0,0,100,0,0,0,0,0,0,0,0,0,1,0,0,1,0,0,0,0,1,0,0,0
0,0,0,5.766,0,57.671,19.699,11.095,0,5.7685,0,0,2.883,0,0,11.51,46.161,0,0,16.863,16.839,5.7438,0,13.978,13.956,0,20.137,37.535,0,0,0,11.512,2.883,0.05,0.01,0.02,0.04,0.88,0,0,1,0,0,0,0,1,0,0,0
0,0,0,0,0,100,0,0,0,0,0,0,0,0,0,0,100,0,0,0,0,0,0,0,0,0,0,100,0,0,0,0,0,0,0,0,0,1,0,0,1,0,0,0,0,1,0,0,0
0,0,0,10.94,0,56.927,28.972,3.1608,0,0,0,0,3.1608,0,0,20.808,31.501,0,0,3.1608,22.265,19.104,0,10.94,14.486,0,38.455,13.854,0,0,0,19.104,3.1608,0,0,0,0.014925,0.98507,0,0,1,0,0,0,0,1,0,0,0
0,0,0,0,0,100,0,0,0,0,0,0,0,0,0,0,100,0,0,0,0,0,0,0,0,0,0,100,0,0,0,0,0,0,0,0,0,1,0,0,1,0,0,0,0,1,0,0,0
0,0,0,0,0,100,0,0,0,0,0,0,0,0,0,0,88.852,0,11.148,0,0,0,0,0,0,0,0,100,0,0,0,0,0,0,0,0,0,1,0,0,1,0,0,0,0,1,0,0,0
0,6.4166,0,0,0,74.334,0,6.4166,6.4166,0,6.4166,6.4166,6.4166,0,0,0,52.742,21.592,6.4166,0,0,6.4166,0,6.4166,6.4166,28.009,0,39.908,6.4166,0,6.4166,6.4166,0,0,0,0,0,1,0,0,1,0,0,0,0,1,0,0,0
0,0,0,0,0,100,0,0,0,0,0,0,0,0,0,0,100,0,0,0,0,0,0,0,0,0,0,100,0,0,0,0,0,0,0,0,0,1,0,0,1,0,0,0,0,1,0,0,0
6.9085,0,0,0,0,81.937,0,0,11.154,0,0,6.9085,11.154,0,0,6.9085,75.028,0,0,0,0,0,0,6.9085,0,0,0,75.028,0,0,0,11.154,6.9085,0,0,0,0,1,0,0,1,0,0,0,0,1,0,0,0
2.3926,27.049,7.4303,10.809,0,29.816,0,2.3572,14.585,0,5.5617,21.443,4.273,0,0,4.7498,26.647,13.804,2.3572,0,2.3572,24.369,22.255,18.065,2.3572,19.26,0,11.715,5.0732,0,2.3926,16.524,2.3572,0,0,0,0,1,0,0,1,0,0,0,0,1,0,0,1
0,0,25,25,0,0,0,25,25,0,0,25,0,0,0,25,0,0,25,0,25,0,0,25,25,25,0,0,0,0,0,0,25,0,0,0,0,1,0,0,1,0,0,0,0,1,0,0,0
3.5138,2.9451,0,0,0,64.012,0,0,17.994,0,11.535,14.48,0,0,0,9.404,50.1,22.502,0,0,0,3.5138,22.502,14.48,0,0,0,40.128,0,0,6.4589,13.487,2.9451,0,0,0,0,1,0,0,1,0,0,0,0,1,0,0,0
11.268,7.0248,0,0,0,52.001,0,2.9329,18.236,0,8.5383,18.292,2.9329,0,0,19.451,38.155,9.6974,2.9329,0,0,8.5383,9.6974,18.292,2.9329,2.9329,0,16.986,2.9329,0,12.63,23.841,9.754,0,0,0,0,1,0,0,1,0,0,0,0,1,0,0,0
0,0,0,0,0,100,0,0,0,0,0,0,0,0,0,0,100,0,0,0,0,0,0,0,0,0,0,100,0,0,0,0,0,0,0,0,0,1,0,0,1,0,0,0,0,1,0,0,0
0,0,0,0,0,94.523,0,0,5.4774,0,0,0,0,0,0,0,94.523,5.4774,0,0,0,0,0,0,0,0,0,94.523,0,0,0,5.4774,0,0,0,0,0,1,0,0,1,0,0,0,0,1,0,0,0
0,0,0,0,0,91.801,0,0,8.1986,0,0,0,0,0,0,0,91.801,8.1986,0,0,0,0,0,0,0,0,0,91.801,0,0,0,8.1986,0,0,0,0,0,1,0,0,1,0,0,0,0,1,0,0,0
8.3096,10.756,9.4893,0,0,68.166,0,0,3.2789,0,0,0,0,5.3782,6.2104,9.4893,64.887,3.2789,2.0993,0,3.2789,5.3782,9.4893,3.2789,10.409,11.589,3.2789,58.676,0,0,0,3.2789,0,0,0,0,0,1,0,0,1,0,0,0,0,1,0,0,0
6.4824,13.643,0,0,0,75.539,0,0,0,4.3353,0,3.5705,3.9097,2.9119,0,3.5705,71.969,4.3353,2.9119,0,3.9097,2.9119,0,3.5705,9.7334,6.8216,0,68.059,0,0,8.245,0,3.5705,0,0,0,0,1,0,0,1,0,0,0,0,1,0,0,0
16.333,18.049,0,0,0,61.449,0,0,0,4.1687,0,0,19.275,0,0,0,61.449,4.1687,0,0,4.8559,10.251,0,6.082,13.193,15.107,0,50.511,0,6.082,9.0246,0,0,0,0,0,0,1,0,0,1,0,0,0,0,1,0,0,0
11.966,28.852,4.1699,0,0,51.147,0,0,3.8649,0,0,0,7.2441,10.426,5.4782,4.1699,40.721,3.8649,3.2441,8.49,14.426,1.9358,4.1699,1.9358,24.456,16.66,5.1799,41.735,0,0,1.9983,3.8649,0,0,0,0,0,1,0,0,1,0,0,0,0,1,0,0,0
6.1041,31.062,0,0,0,54.245,0,0,0,8.5887,0,0,14.601,5.1243,0,0,51.031,8.5887,1.9104,3.2139,9.4271,6.1041,0,0,24.635,12.532,0,51.246,0,0,11.588,0,0,0,0,0,0,1,0,0,1,0,0,0,0,1,0,0,0
56.606,4.7054,0,0,0,38.688,0,0,0,0,0,0,7.5453,0,50.927,0,13.225,0,20.758,0,4.7054,2.8399,0,33.009,0,28.303,0,35.848,0,2.8399,0,0,0,0,0,0,0.05,0.95,0,0,1,0,0,0,0,1,0,0,0
9.2346,9.2346,7.0182,9.2346,22.807,0,35.916,0,6.5545,0,0,6.5545,13.109,9.2346,9.2346,0,9.2346,0,0,0,45.615,7.0182,16.253,13.573,15.789,0,25.024,0,0,6.5545,15.789,0,7.0182,0,0,0,0,1,0,0,1,0,0,0,0,1,0,0,0
7.2558,12.59,12.182,11.138,17.016,16.499,17.986,0,5.3337,0,0,5.3337,6.7937,7.2558,11.138,0,29.088,0,0,0,28.208,12.182,14.104,6.8484,16.472,0,14.512,16.499,0,2.9114,16.472,0,12.182,0,0,0,0.62069,0.37931,0,0,1,0,0,0,0,1,0,0,0
7.3218,14.369,7.0468,7.3218,15.772,0,32.672,0,15.497,0,0,15.497,16.9,7.3218,7.3218,0,14.369,0,0,0,31.544,7.0468,7.3218,8.4502,22.819,0,23.094,0,0,8.4502,22.819,0,7.0468,0,0,0,0.25,0.75,0,0,1,0,0,0,0,1,0,0,0
27.158,19.539,0,0,0,45.523,0,0,0,7.7805,0,0,14.832,0,25.306,0,36.94,7.7805,0,0,12.016,3.1248,0,25.306,6.2495,15.141,0,40.815,0,4.7074,7.7805,0,0,0,0,0,0,1,0,0,1,0,0,0,0,1,0,0,0
0,0,0,0,0,100,0,0,0,0,0,0,0,0,0,0,100,0,0,0,0,0,0,0,0,0,0,100,0,0,0,0,0,0,0,0,0.3125,0.6875,0,0,1,0,0,0,0,1,0,0,0
5.0018,0,5.0018,0,0,57.503,0,0,16.247,0,16.247,10.004,16.247,0,5.0018,31.252,16.247,5.0018,0,0,0,16.247,10.004,0,5.0018,0,5.0018,0,21.249,0,26.25,32.494,0,0,0,0,0,1,0,0,1,0,0,0,0,1,0,0,0
0,0,0,0,0,100,0,0,0,0,0,0,0,0,0,0,100,0,0,0,0,0,0,0,0,0,0,100,0,0,0,0,0,0,0,0,0.22222,0.77778,0,0,1,0,0,0,0,1,0,0,0
12.036,26.405,10.528,0,0,37.324,0,0,13.707,0,0,0,1.4299,14.893,3.1206,10.528,25.105,13.707,4.3652,3.1206,11.958,11.772,10.528,11.958,13.281,14.632,13.649,22.245,0,0,0,13.707,0,0,0,0,0.038462,0.96154,0,0,1,0,0,0,0,1,0,0,0
28.044,15.018,5.9802,0,0,47.027,0,0,3.9312,0,0,0,1.7888,14.385,10.714,5.9802,32.642,3.9312,8.6649,10.454,7.5088,3.9312,5.9802,3.9312,31.621,9.5578,12.596,32.382,0,0,0,3.9312,0,0,0,0,0,1,0,0,1,0,0,0,0,1,0,0,0
0,0,0,0,27.127,72.873,0,0,0,0,0,0,0,0,0,0,45.746,27.127,0,0,0,27.127,0,0,0,0,0,45.746,27.127,27.127,0,0,0,0,0,0,0,1,0,0,1,0,0,0,0,1,0,0,0
0,0,0,0,50,50,0,0,0,0,0,0,0,0,0,0,0,50,0,0,0,50,0,0,0,0,0,0,50,50,0,0,0,0,0,0,0.11538,0.88462,0,0,1,0,0,0,0,1,0,0,0
0,0,0,0,34.412,65.588,0,0,0,0,0,0,0,0,0,0,32.794,32.794,0,0,0,34.412,0,0,0,0,0,32.794,32.794,34.412,0,0,0,0,0,0,0.16667,0.83333,0,0,1,0,0,0,0,1,0,0,0
0,0,0,0,0,50,0,0,0,35.544,14.456,0,25,0,0,14.456,14.456,14.456,10.544,0,10.544,10.544,0,0,0,0,0,39.456,10.544,14.456,10.544,25,0,0.05,0,0.05,0.25,0.65,0,0,1,0,0,0,0,1,0,0,0
0,0,0,0,0,100,0,0,0,0,0,0,0,0,0,0,100,0,0,0,0,0,0,0,0,0,0,100,0,0,0,0,0,0,0,0,0,1,0,0,1,0,0,0,0,1,0,0,0
0,0,0,0,0,100,0,0,0,0,0,0,0,0,0,0,85.185,14.815,0,0,0,0,0,0,0,0,0,85.185,14.815,0,0,0,0,0,0,0,0,1,0,0,1,0,0,0,0,1,0,0,0
0,11.706,5.6247,11.706,0,15.645,5.6247,0,39.672,10.02,0,5.6247,16.717,0,16.26,0,0,21.727,5.6247,5.0102,11.706,17.331,0,0,0,27.966,0,10.635,0,0,17.331,10.02,34.048,0,0,0.086957,0.3913,0.52174,0,0,1,0,0,0,0,1,0,0,1
0,18.296,2.5453,2.899,0,34.665,20.841,1.4495,9.8283,9.4754,0,2.5453,6.1872,0,28.124,2.899,1.4495,27.771,2.5453,6.1872,19.745,2.5453,0,2.899,0,64.716,4.3485,7.283,0,0,2.5453,9.4754,8.7325,0,0,0,0.038462,0.96154,0,0,1,0,0,0,0,1,0,0,1
0,0,0,17.101,0,65.268,9.0806,8.5505,0,0,0,0,8.5505,0,0,31.82,33.448,0,0,8.5505,13.091,4.5403,0,17.101,4.5403,0,44.911,20.357,0,0,0,4.5403,8.5505,0,0,0,0.85185,0.14815,0,0,1,0,0,0,0,1,0,0,0
0,0,0,5.7209,0,76.468,14.951,2.8605,0,0,0,0,2.8605,0,0,35.622,55.796,0,0,2.8605,2.8605,0,0,5.7209,0,0,38.483,52.936,0,0,0,0,2.8605,0,0,0,0.93878,0.061224,0,0,1,0,0,0,0,1,0,0,0
0,0,0,0,0,100,0,0,0,0,0,0,0,0,0,33.333,66.667,0,0,0,0,0,0,0,0,0,33.333,66.667,0,0,0,0,0,0,0,0,1,0,0,0,1,0,0,0,0,1,0,0,0
0,2.04,0,3.5395,0,55.526,31.891,2.9233,4.0801,0,0,0,2.04,0,0,32.588,31.918,2.04,0,2.9233,15.707,12.784,0,4.4228,12.168,2.04,41.832,22.673,0,0,2.04,10.744,4.0801,0,0,0,0.41667,0.58333,0,0,1,0,0,0,0,1,0,0,0
0,0,0,16.872,0,50.443,14.897,17.788,0,0,0,0,7.2626,0,0,23.267,29.2,0,0,17.788,20.135,2.347,0,27.398,10.525,0,30.53,21.937,0,0,0,2.347,7.2626,0.021277,0,0,0.085106,0.89362,0,0,1,0,0,0,0,1,0,0,0
3.1782,15.417,6.3789,3.8356,0,37.174,0,5.1781,14.102,0,14.735,14.76,5.1781,0,0,8.3144,25.659,18.504,5.1781,0,0,22.406,9.5818,17.303,5.1781,12.849,0,6.3789,5.1781,0,17.303,23.66,2.5681,0,0,0,0,1,0,0,1,0,0,0,0,1,0,0,1
3.5474,19.68,13.098,0,0,48.097,0,0,12.03,0,3.5474,15.855,0,0,0,19.144,32.5,21.581,0,0,0,10.92,15.855,23.227,0,0,0,11.452,7.3721,0,8.4829,22.95,10.661,0,0,0,0.26389,0.73611,0,0,1,0,0,0,0,1,0,0,1
1.5448,15.794,3.5282,0,0,55.454,0,1.3791,15.696,0,6.6037,19.036,1.3791,0,0,23.196,27.033,23.07,1.3791,0,0,4.9073,19.603,22.564,1.3791,1.3791,0,9.859,3.1739,0,13.938,15.733,12.371,0,0,0,0,1,0,0,1,0,0,0,0,1,0,0,1
12.303,2.9441,3.9199,0,0,40.247,0,0,24.563,0,16.023,16.361,0,0,0,12.303,33.898,22.53,0,0,0,14.908,17.634,20.281,0,0,0,8.9774,1.472,0,13.436,36.885,1.3142,0,0,0,0,1,0,0,1,0,0,0,0,1,0,0,1
10.098,35.877,9.8965,0,0,37.104,0,0,7.0252,0,0,0,7.4069,10.531,2.8713,9.8965,33.799,7.0252,1.6628,1.8434,16.276,8.688,9.8965,12.589,15.447,26.373,7.0252,21.644,0,0,0,7.0252,0,0,0,0,0.32143,0.67857,0,0,1,0,0,0,0,1,0,0,0
11.74,27.389,0,0,0,57.109,0,0,0,3.762,0,0,16.888,1.5834,4.3723,0,53.339,3.762,0,1.5834,14.788,3.6838,0,8.0561,17.855,13.218,0,43.99,0,3.6838,13.197,0,0,0,0,0,0.85366,0.14634,0,0,1,0,0,0,0,1,0,0,0
17.621,29.669,0,0,0,51.242,0,0,0,1.4682,0,0,11.666,7.8151,3.1786,0,50.044,1.4682,7.8151,3.1786,8.73,6.1046,0,1.9805,34.253,13.037,3.1786,39.333,0,0,8.2176,0,0,0,0,0,0.925,0.075,0,0,1,0,0,0,0,1,0,0,0
5.5039,34.352,0,0,0,54.641,0,0,0,5.5039,0,0,18.41,4.2693,0,0,50.371,5.5039,0,4.2693,11.672,5.5039,0,0,22.68,17.176,0,51.507,0,0,8.6371,0,0,0,0,0,0,1,0,0,1,0,0,0,0,1,0,0,0
0,31.744,0,0,0,68.256,0,0,0,0,0,6.7435,18.256,0,0,0,68.256,0,0,0,0,6.7435,0,0,18.256,13.487,0,68.256,0,0,0,0,0,0,0,0,0.75758,0.24242,0,0,1,0,0,0,0,1,0,0,0
0,0,33.333,0,0,66.667,0,0,0,0,0,0,0,0,0,0,66.667,33.333,0,0,0,0,0,33.333,0,0,0,66.667,0,0,0,0,0,0,0,0,0.79365,0.20635,0,0,1,0,0,0,0,1,0,0,0
0,48.37,5.1699,0,0,46.46,0,0,0,0,0,0,24.185,0,0,0,46.46,5.1699,0,0,0,24.185,0,5.1699,24.185,24.185,0,46.46,0,0,0,0,0,0,0,0,0,1,0,0,1,0,0,0,0,1,0,0,0
0,0,0,0,0,100,0,0,0,0,0,0,0,0,0,0,100,0,0,0,0,0,0,0,0,0,0,100,0,0,0,0,0,0,0,0,0.9375,0.0625,0,0,1,0,0,0,0,1,0,0,0
0,0,0,0,0,91.047,0,0,8.9528,0,0,0,0,0,8.9528,0,91.047,0,0,0,0,0,0,0,0,0,0,91.047,0,0,0,0,8.9528,0,0,0,0.95652,0.043478,0,0,1,0,0,0,0,1,0,0,0
61.759,3.6807,0,0,0,29.226,0,0,5.3346,0,0,0,3.6807,5.3346,29.226,0,25.545,0,10.669,0,25.545,0,0,29.226,0,30.88,5.3346,29.226,0,0,0,0,5.3346,0,0,0,0.59459,0.40541,0,0,1,0,0,0,0,1,0,0,0
5.8917,6.9978,12.524,4.9519,12.283,9.9037,30.748,0,16.701,0,0,13.755,18.466,2.9459,4.9519,0,16.902,0,5.8917,0,24.565,12.524,5.5258,12.283,18.707,2.9459,9.7027,9.9037,0,6.7568,18.707,0,15.469,0,0,0,0.32836,0.67164,0,0,1,0,0,0,0,1,0,0,0
0,0,0,7.3286,5.0162,54.853,22.377,0,10.425,0,0,5.0162,17.361,0,12.738,0,54.853,0,0,0,10.032,0,0,5.0162,12.345,0,5.0162,54.853,0,5.0162,12.345,0,5.4091,0,0,0,0,1,0,0,1,0,0,0,0,1,0,0,0
0,0,0,0,9.3571,86.104,0,0,4.539,0,0,0,5.0472,0,4.539,0,83.421,0,0,6.993,0,0,0,0,0,6.993,0,79.111,0,9.3571,0,0,4.539,0,0,0,0,1,0,0,1,0,0,0,0,1,0,0,0
6.9725,6.9725,0,6.9725,17.64,34.108,22.244,0,5.0905,0,0,5.0905,15.758,6.9725,6.9725,0,35.288,0,0,5.7919,24.126,0,6.9725,5.0905,12.063,5.7919,19.036,28.316,0,10.668,12.063,0,0,0,0,0,0.3587,0.6413,0,0,1,0,0,0,0,1,0,0,0
0,0,0,7.6779,17.893,66.751,7.6779,0,0,0,0,0,7.6779,0,7.6779,0,66.751,0,0,17.893,0,0,0,0,7.6779,17.893,0,48.858,0,17.893,7.6779,0,0,0,0,0,0.34375,0.65625,0,0,1,0,0,0,0,1,0,0,0
0,14.673,23.552,0,0,61.776,0,0,0,0,0,7.3363,0,0,0,0,61.776,23.552,0,0,0,7.3363,23.552,0,0,14.673,0,61.776,0,0,0,0,0,0,0,0,0.78824,0.21176,0,0,1,0,0,0,0,1,0,0,0
0,0,17.539,0,0,66.667,0,0,15.794,0,0,0,0,0,0,0,66.667,17.539,15.794,0,0,0,17.539,0,0,0,0,66.667,0,0,0,15.794,0,0,0,0,0,1,0,0,1,0,0,0,0,1,0,0,0
0,0,0,0,14.977,85.023,0,0,0,0,0,0,0,0,0,0,85.023,0,0,14.977,0,0,0,0,0,14.977,0,70.045,0,14.977,0,0,0,0,0,0,0,1,0,0,1,0,0,0,0,1,0,0,0
0,0,0,0,6.8075,93.192,0,0,0,0,0,0,0,0,0,0,100,0,0,0,0,0,0,0,0,0,0,93.192,0,6.8075,0,0,0,0,0,0,0,1,0,0,1,0,0,0,0,1,0,0,0
0,0,0,0,13.209,86.791,0,0,0,0,0,0,0,0,0,0,84.278,0,0,15.722,0,0,0,0,0,15.722,0,71.07,0,13.209,0,0,0,0,0,0,0.34066,0.65934,0,0,1,0,0,0,0,1,0,0,0
0,0,0,0,0,100,0,0,0,0,0,0,0,0,0,0,100,0,0,0,0,0,0,0,0,0,0,100,0,0,0,0,0,0,0,0,0,1,0,0,1,0,0,0,0,1,0,0,0
39.215,11.458,0,0,0,47.455,0,0,0,1.8718,0,0,12.407,0,21.988,0,43.19,1.8718,4.2653,0,5.7434,10.535,0,26.386,3.7436,20.543,0,31.078,0,16.377,1.8718,0,0,0,0,0,0.74359,0.25641,0,0,1,0,0,0,0,1,0,0,0
26.899,5.308,0,5.308,5.308,38.178,5.308,0,13.691,0,0,0,0,5.308,26.899,13.691,18.999,0,24.487,0,10.616,0,5.308,10.795,5.308,10.795,10.616,10.795,27.383,0,5.308,0,13.691,0,0,0,0,1,0,0,1,0,0,0,0,1,0,0,0
40,12.376,0,0,0,47.624,0,0,0,0,0,0,20,0,24.753,0,35.247,0,0,0,12.376,7.6235,0,32.376,0,20,0,40,0,7.6235,0,0,0,0,0,0,0,1,0,0,1,0,0,0,0,1,0,0,0
0,0,0,0,20.406,39.797,0,0,19.391,20.406,0,0,0,9.6956,20.406,0,19.391,40.812,0,9.6956,0,0,0,0,0,0,0,19.391,20.406,20.406,0,39.797,0,0,0,0,0,1,0,0,1,0,0,0,0,1,0,0,0
24.812,0,0,0,6.8712,55.911,0,0,12.406,0,0,0,0,12.406,0,6.8712,49.04,6.8712,24.812,0,0,0,0,0,0,12.406,12.406,31.391,24.52,6.8712,0,0,12.406,0,0,0,0.25397,0.74603,0,0,1,0,0,0,0,1,0,0,0
0,0,0,0,11.49,70.497,0,0,18.013,0,0,0,0,0,0,29.503,40.994,11.49,18.013,0,0,0,0,0,0,0,0,22.981,47.516,11.49,0,0,18.013,0,0,0,0.32911,0.67089,0,0,1,0,0,0,0,1,0,0,0
0,0,0,0,8.3253,66.839,0,0,8.5133,16.323,0,0,0,8.5133,8.5133,8.3253,41.487,33.161,0,0,0,0,0,0,0,0,0,50,16.839,8.3253,0,24.836,0,0,0,0,0.14754,0.85246,0,0,1,0,0,0,0,1,0,0,0
0,0,0,0,10.636,65.828,0,0,12.9,10.636,0,0,0,5.6559,16.292,7.2439,36.637,26.928,7.2439,0,0,0,0,0,0,0,0,23.18,42.648,10.636,0,16.292,7.2439,0,0,0,0.23944,0.76056,0,0,1,0,0,0,0,1,0,0,0
0,38.597,18.286,0,0,43.117,0,0,0,0,0,10.893,13.852,0,0,0,43.117,18.286,0,0,0,13.852,18.286,0,13.852,24.745,0,43.117,0,0,0,0,0,0,0,0,0,1,0,0,1,0,0,0,0,1,0,0,0
0,27.702,19.47,0,0,30.53,0,0,22.298,0,0,23.586,0,0,0,0,30.53,19.47,22.298,0,0,4.116,19.47,0,0,27.702,0,30.53,0,0,0,22.298,0,0,0,0,0,1,0,0,1,0,0,0,0,1,0,0,0
0,18.604,0,0,0,81.396,0,0,0,0,0,6.3039,5.9957,0,0,0,81.396,0,0,0,0,6.3039,0,0,5.9957,12.608,0,81.396,0,0,0,0,0,0,0,0,0,1,0,0,1,0,0,0,0,1,0,0,0
0,0,0,0,0,100,0,0,0,0,0,0,0,0,0,0,100,0,0,0,0,0,0,0,0,0,0,100,0,0,0,0,0,0,0,0,0,1,0,0,1,0,0,0,0,1,0,0,0
0,0,0,0,0,73.708,0,0,26.292,0,0,0,0,0,0,0,73.708,0,26.292,0,0,0,0,0,0,0,0,73.708,0,0,0,26.292,0,0,0,0,0,1,0,0,1,0,0,0,0,1,0,0,0
0,0,0,0,0,88.301,0,0,11.699,0,0,0,0,0,0,0,88.301,0,11.699,0,0,0,0,0,0,0,0,88.301,0,0,0,11.699,0,0,0,0,0,1,0,0,1,0,0,0,0,1,0,0,0
0,0,0,0,0,90.376,0,0,9.6241,0,0,0,0,0,0,0,90.376,0,9.6241,0,0,0,0,0,0,0,0,90.376,0,0,0,9.6241,0,0,0,0,0,1,0,0,1,0,0,0,0,1,0,0,0
0,0,0,0,0,100,0,0,0,0,0,0,0,0,0,0,100,0,0,0,0,0,0,0,0,0,0,100,0,0,0,0,0,0,0,0,0,1,0,0,1,0,0,0,0,1,0,0,0
0,0,0,0,0,100,0,0,0,0,0,0,0,0,0,0,100,0,0,0,0,0,0,0,0,0,0,100,0,0,0,0,0,0,0,0,0,1,0,0,1,0,0,0,0,1,0,0,0
0,0,0,0,0,100,0,0,0,0,0,0,0,0,0,0,100,0,0,0,0,0,0,0,0,0,0,100,0,0,0,0,0,0,0,0,0,1,0,0,1,0,0,0,0,1,0,0,0
0,0,0,0,0,100,0,0,0,0,0,0,0,0,0,0,100,0,0,0,0,0,0,0,0,0,0,100,0,0,0,0,0,0,0,0,0,1,0,0,1,0,0,0,0,1,0,0,0
0,0,0,0,0,100,0,0,0,0,0,0,0,0,0,0,100,0,0,0,0,0,0,0,0,0,0,100,0,0,0,0,0,0,0,0,0,1,0,0,1,0,0,0,0,1,0,0,0
0,0,0,0,0,100,0,0,0,0,0,0,0,0,0,0,100,0,0,0,0,0,0,0,0,0,0,100,0,0,0,0,0,0,0,0,0,1,0,0,1,0,0,0,0,1,0,0,0
0,0,0,0,0,100,0,0,0,0,0,0,0,0,0,0,100,0,0,0,0,0,0,0,0,0,0,100,0,0,0,0,0,0,0,0,0,1,0,0,1,0,0,0,0,1,0,0,0
0,0,0,0,0,100,0,0,0,0,0,0,0,0,0,0,100,0,0,0,0,0,0,0,0,0,0,100,0,0,0,0,0,0,0,0,0,1,0,0,1,0,0,0,0,1,0,0,0
0,0,0,0,0,100,0,0,0,0,0,0,0,0,0,0,100,0,0,0,0,0,0,0,0,0,0,100,0,0,0,0,0,0,0,0,0,1,0,0,1,0,0,0,0,1,0,0,0
30.924,6.3445,8.7388,0,0,52.599,0,0,1.3933,0,0,0,2.2771,7.2328,15.076,8.7388,48.539,1.3933,7.2328,6.3377,2.2771,0.89511,8.7388,2.2771,31.819,14.188,6.3377,35.246,0,0,0,1.3933,0,0,0,0,0.96774,0.032258,0,0,1,0,0,0,0,1,0,0,0
0,0,0,0,0,100,0,0,0,0,0,0,0,0,0,0,100,0,0,0,0,0,0,0,0,0,0,100,0,0,0,0,0,0,0,0,0,1,0,0,1,0,0,0,0,1,0,0,0
0,15.258,0,0,0,84.742,0,0,0,0,0,0,7.6289,0,0,0,84.742,0,0,0,7.6289,0,0,0,15.258,0,0,77.113,0,0,7.6289,0,0,0,0,0,0,1,0,0,1,0,0,0,0,1,0,0,0
7.693,15.386,0,0,0,76.921,0,0,0,0,0,0,7.693,0,0,0,84.614,0,0,0,7.693,0,0,7.693,7.693,15.386,0,69.228,0,0,0,0,0,0,0,0,0,1,0,0,1,0,0,0,0,1,0,0,0
0,0,0,0,0,100,0,0,0,0,0,0,0,0,0,0,100,0,0,0,0,0,0,0,0,0,0,100,0,0,0,0,0,0,0,0,0,1,0,0,1,0,0,0,0,1,0,0,0
0,3.5189,66.282,0,0,30.2,0,0,0,0,0,0,3.5189,0,0,0,30.2,66.282,0,0,0,0,0,66.282,3.5189,0,0,30.2,0,0,0,0,0,0,0,0,0,1,0,0,1,0,0,0,0,1,0,0,0
0,7.449,11.471,0,0,81.08,0,0,0,0,0,0,7.449,0,0,0,81.08,11.471,0,0,0,0,0,11.471,7.449,0,0,81.08,0,0,0,0,0,0,0,0,0,1,0,0,1,0,0,0,0,1,0,0,0
0,0,0,0,0,100,0,0,0,0,0,0,0,0,0,0,100,0,0,0,0,0,0,0,0,0,0,100,0,0,0,0,0,0,0,0,0,1,0,0,1,0,0,0,0,1,0,0,0
0,0,0,0,0,57.894,0,0,30.916,11.19,0,0,12.871,5.1742,5.1742,0,32.684,31.226,0,7.4308,5.4401,0,0,0,0,0,0,52.72,5.1742,0,0,42.106,0,0,0,0,0,1,0,0,1,0,0,0,0,1,0,0,0
0,0,0,0,0,100,0,0,0,0,0,0,0,0,0,0,100,0,0,0,0,0,0,0,0,0,0,100,0,0,0,0,0,0,0,0,0,1,0,0,1,0,0,0,0,1,0,0,0
0,0,0,0,0,58.801,0,0,41.199,0,0,0,18.252,5.0295,0,0,41.385,17.416,0,9.5572,8.3606,0,0,0,0,0,0,58.801,0,0,0,41.199,0,0,0,0,0,1,0,0,1,0,0,0,0,1,0,0,0
0,0,0,0,0,56.771,0,0,43.229,0,0,0,11.224,14.519,8.2563,0,33.162,15.353,0,6.2622,11.224,0,0,0,0,0,0,48.515,8.2563,0,0,43.229,0,0,0,0,0.26562,0.73438,0,0,1,0,0,0,0,1,0,0,0
0,0,0,0,15.268,50.201,0,0,24.486,10.045,0,0,8.0117,4.2313,10.045,5.2235,18.91,41.336,0,12.243,0,0,0,0,0,0,0,34.933,15.268,15.268,0,34.531,0,0,0,0,0.22222,0.77778,0,0,1,0,0,0,0,1,0,0,0
0,0,0,0,0,62.043,0,0,37.957,0,0,0,23.073,0,0,0,47.69,14.353,0,7.1767,7.7068,0,0,0,0,0,0,62.043,0,0,0,37.957,0,0,0,0,0.10526,0.89474,0,0,1,0,0,0,0,1,0,0,0
0,0,0,0,0,100,0,0,0,0,0,0,0,0,0,0,100,0,0,0,0,0,0,0,0,0,0,100,0,0,0,0,0,0,0,0,0,1,0,0,1,0,0,0,0,1,0,0,0
0,0,0,0,0,100,0,0,0,0,0,0,0,0,0,0,100,0,0,0,0,0,0,0,0,0,0,100,0,0,0,0,0,0,0,0,0,1,0,0,1,0,0,0,0,1,0,0,0
0,0,0,0,0,100,0,0,0,0,0,0,0,0,0,0,100,0,0,0,0,0,0,0,0,0,0,100,0,0,0,0,0,0,0,0,0,1,0,0,1,0,0,0,0,1,0,0,0
0,0,0,0,0,100,0,0,0,0,0,0,0,0,0,0,100,0,0,0,0,0,0,0,0,0,0,100,0,0,0,0,0,0,0,0,0,1,0,0,1,0,0,0,0,1,0,0,0
0,0,0,0,0,100,0,0,0,0,0,0,0,0,0,0,100,0,0,0,0,0,0,0,0,0,0,92.203,7.7973,0,0,0,0,0,0,0,0,1,0,0,1,0,0,0,0,1,0,0,0
0,0,0,0,0,100,0,0,0,0,0,0,0,0,0,0,100,0,0,0,0,0,0,0,0,0,0,96.45,3.55,0,0,0,0,0,0,0,0,1,0,0,1,0,0,0,0,1,0,0,0
0,0,0,0,0,100,0,0,0,0,0,0,0,0,0,0,100,0,0,0,0,0,0,0,0,0,0,65.877,34.123,0,0,0,0,0,0,0,0,1,0,0,1,0,0,0,0,1,0,0,0
0,0,0,0,0,100,0,0,0,0,0,0,0,0,0,0,100,0,0,0,0,0,0,0,0,0,0,85.515,14.485,0,0,0,0,0,0,0,0,1,0,0,1,0,0,0,0,1,0,0,0
0,0,0,0,0,83.089,0,0,16.911,0,0,0,12.095,0,0,0,83.089,0,0,0,4.8156,0,0,0,0,0,0,83.089,0,0,0,16.911,0,0,0,0,0,1,0,0,1,0,0,0,0,1,0,0,0
0,0,0,0,0,76.789,0,0,23.211,0,0,0,11.606,0,0,0,69.552,7.2369,0,0,11.606,0,0,0,0,0,0,76.789,0,0,0,23.211,0,0,0,0,0,1,0,0,1,0,0,0,0,1,0,0,0
0,0,0,0,0,75,0,0,25,0,0,0,25,0,0,0,75,0,0,0,0,0,0,0,0,0,0,75,0,0,0,25,0,0,0,0,0.066667,0.93333,0,0,1,0,0,0,0,1,0,0,0
0,0,0,0,0,100,0,0,0,0,0,0,0,0,0,0,100,0,0,0,0,0,0,0,0,0,0,44.505,55.495,0,0,0,0,0,0,0,0,1,0,0,1,0,0,0,0,1,0,0,0
0,0,0,0,0,100,0,0,0,0,0,0,0,0,0,0,100,0,0,0,0,0,0,0,0,0,0,100,0,0,0,0,0,0,0,0,0,1,0,0,1,0,0,0,0,1,0,0,0
0,0,0,0,0,100,0,0,0,0,0,0,0,0,0,0,100,0,0,0,0,0,0,0,0,0,0,100,0,0,0,0,0,0,0,0,0,1,0,0,1,0,0,0,0,1,0,0,0
0,0,0,0,0,100,0,0,0,0,0,0,0,0,0,0,100,0,0,0,0,0,0,0,0,0,0,100,0,0,0,0,0,0,0,0,0,1,0,0,1,0,0,0,0,1,0,0,0
0,0,0,0,0,100,0,0,0,0,0,0,0,0,0,0,100,0,0,0,0,0,0,0,0,0,0,100,0,0,0,0,0,0,0,0,0,1,0,0,1,0,0,0,0,1,0,0,0
