h1,h2,h3,h4,h5,h6,h7,h8,h9,h10,h11,h12,h13,h14,h15,h16,h17,h18,h19,h20,h21,h22,h23,h24,h25,h26,h27,h28,h29,h30,h31,h32,h33,h34,h35,h36,h37,h38,h39,h40,h41,h42,h43,h44,h45,h46,h47,h48,label
0,0,0,0,0,100,0,0,0,0,0,0,0,0,0,0,100,0,0,0,0,0,0,0,0,0,0,100,0,0,0,0,0,0,0,0,0,1,0,0,1,0,0,0,0,1,0,0,0
0,0,0,0,0,100,0,0,0,0,0,0,0,0,0,0,100,0,0,0,0,0,0,0,0,0,0,100,0,0,0,0,0,0,0,0,0,1,0,0,1,0,0,0,0,1,0,0,0
0,0,0,0,0,100,0,0,0,0,0,0,0,0,0,0,100,0,0,0,0,0,0,0,0,0,0,100,0,0,0,0,0,0,0,0,0,1,0,0,1,0,0,0,0,1,0,0,0
0,0,0,0,0,100,0,0,0,0,0,0,0,0,0,0,100,0,0,0,0,0,0,0,0,0,0,100,0,0,0,0,0,0,0,0,0,1,0,0,1,0,0,0,0,1,0,0,0
0,0,0,0,0,66.667,33.333,0,0,0,0,0,0,0,0,37.53,33.333,14.568,14.568,0,0,0,0,0,18.765,14.568,0,66.667,0,0,0,0,0,0,0,0,0,1,0,0,1,0,0,0,0,1,0,0,0
0,0,0,0,0,75.312,24.688,0,0,0,0,0,0,0,0,31.326,53.165,6.4837,9.0254,0,0,0,0,0,15.663,9.0254,0,75.312,0,0,0,0,0,0.60274,0.013699,0.10959,0.12329,0.15068,0,0,1,0,0,0,0,1,0,0,0
0,0,0,0,0,65.213,34.787,0,0,0,0,0,0,0,0,15.285,34.643,26.928,23.143,0,0,0,0,11.643,0,23.143,0,65.213,0,0,0,0,0,0,0,0,0,1,0,0,1,0,0,0,0,1,0,0,0
0,0,0,0,25.546,53.297,21.157,0,0,0,0,0,0,0,6.784,0,46.513,31.643,10.578,4.4814,0,0,4.4814,10.578,0,10.578,6.784,46.513,21.065,0,0,0,0,0.028169,0,0.014085,0.014085,0.94366,0,0,1,0,0,0,0,1,0,0,0
0,0,0,0,19.851,50.21,29.939,0,0,0,0,0,0,0,10.182,0,40.121,20.271,19.757,9.6688,0,0,9.6688,10.182,0,19.757,0,50.21,10.182,0,0,0,0,0.058824,0,0.039216,0.058824,0.84314,0,0,1,0,0,0,0,1,0,0,0
0,0,0,0,12.722,53.945,33.333,0,0,0,0,0,0,0,0,10.29,33.333,20.611,23.044,12.722,0,0,12.722,0,10.29,23.044,0,53.945,0,0,0,0,0,0.92391,0.01087,0.01087,0.021739,0.032609,0,0,1,0,0,0,0,1,0,0,0
0,0,0,0,11.18,77.641,11.18,0,0,0,0,0,0,0,4.2461,0,77.641,4.2461,6.9335,6.9335,0,0,6.9335,4.2461,0,6.9335,0,77.641,4.2461,0,0,0,0,0,0,0,0,1,0,0,1,0,0,0,0,1,0,0,0
0,0,0,0,7.4908,58.88,33.629,0,0,0,0,0,0,0,0,0,58.88,10.283,23.346,7.4908,0,0,7.4908,10.283,0,23.346,0,58.88,0,0,0,0,0,0.86275,0.019608,0,0.04902,0.068627,0,0,1,0,0,0,0,1,0,0,0
0,0,0,0,5.6235,94.376,0,0,0,0,0,0,0,0,0,0,94.376,0,0,5.6235,0,0,5.6235,0,0,0,0,94.376,0,0,0,0,0,0,0,0,0,1,0,0,1,0,0,0,0,1,0,0,0
0,0,0,0,0,100,0,0,0,0,0,0,0,0,0,0,100,0,0,0,0,0,0,0,0,0,11.161,88.839,0,0,0,0,0,0,0,0,0,1,0,0,1,0,0,0,0,1,0,0,0
0,0,0,0,0,100,0,0,0,0,0,0,0,0,0,0,100,0,0,0,0,0,0,0,0,0,0,100,0,0,0,0,0,0,0,0,0,1,0,0,1,0,0,0,0,1,0,0,0
0,0,0,0,0,100,0,0,0,0,0,0,0,0,0,0,100,0,0,0,0,0,0,0,0,0,0,100,0,0,0,0,0,0,0,0,0,1,0,0,1,0,0,0,0,1,0,0,0
0,0,0,0,0,100,0,0,0,0,0,0,0,0,0,0,100,0,0,0,0,0,0,0,0,0,0,100,0,0,0,0,0,0,0,0,0,1,0,0,1,0,0,0,0,1,0,0,0
0,0,0,0,0,100,0,0,0,0,0,0,0,0,0,0,100,0,0,0,0,0,0,0,0,0,0,100,0,0,0,0,0,0,0,0,0,1,0,0,1,0,0,0,0,1,0,0,0
0,0,0,0,0,100,0,0,0,0,0,0,0,0,0,0,100,0,0,0,0,0,0,0,0,0,0,100,0,0,0,0,0,0,0,0,0,1,0,0,1,0,0,0,0,1,0,0,0
0,0,0,0,0,100,0,0,0,0,0,0,0,0,0,0,100,0,0,0,0,0,0,0,0,0,0,100,0,0,0,0,0,0,0,0,0,1,0,0,1,0,0,0,0,1,0,0,0
0,0,0,0,0,89.514,10.486,0,0,0,0,0,0,3.7157,0,0,89.514,0,3.0545,3.7157,0,0,0,0,3.0545,7.4314,0,89.514,0,0,0,0,0,0,0,0,0,1,0,0,1,0,0,0,0,1,0,0,0
0,0,0,0,0,88.443,5.7786,5.7786,0,0,0,0,0,0,0,5.7786,88.443,0,0,5.7786,0,0,0,5.7786,5.7786,0,0,88.443,0,0,0,0,0,0,0,0,0,1,0,0,1,0,0,0,0,1,0,0,0
0,0,0,0,0,100,0,0,0,0,0,0,0,0,0,0,100,0,0,0,0,0,0,0,0,0,0,100,0,0,0,0,0,0,0,0,0,1,0,0,1,0,0,0,0,1,0,0,0
0,0,0,0,0,100,0,0,0,0,0,0,0,0,0,0,100,0,0,0,0,0,0,0,0,0,0,100,0,0,0,0,0,0,0,0,0,1,0,0,1,0,0,0,0,1,0,0,0
0,0,0,0,0,100,0,0,0,0,0,0,0,0,0,0,100,0,0,0,0,0,0,0,0,0,0,100,0,0,0,0,0,0,0,0,0,1,0,0,1,0,0,0,0,1,0,0,0
0,0,0,0,0,100,0,0,0,0,0,0,0,0,0,0,100,0,0,0,0,0,0,0,0,0,0,100,0,0,0,0,0,0,0,0,0,1,0,0,1,0,0,0,0,1,0,0,0
0,0,0,0,3.3114,96.689,0,0,0,0,0,0,3.3114,0,0,0,96.689,0,0,0,0,0,0,0,0,0,0,96.689,0,0,0,3.3114,0,0,0,0,0,1,0,0,1,0,0,0,0,1,0,0,0
0,0,0,0,25.329,74.671,0,0,0,0,0,0,9.6617,0,0,0,65.009,9.6617,0,15.668,0,0,0,0,0,0,0,74.671,0,0,0,25.329,0,0,0,0,0,1,0,0,1,0,0,0,0,1,0,0,0
0,0,0,0,2.3123,97.688,0,0,0,0,0,0,2.3123,0,0,0,97.688,0,0,0,0,0,0,0,0,0,0,97.688,0,0,0,2.3123,0,0,0,0,0,1,0,0,1,0,0,0,0,1,0,0,0
0,0,0,0,0,65.261,23.566,11.172,0,0,0,0,0,4.9997,0,16.052,60.381,0,7.394,11.172,0,0,0,11.172,13.686,9.8798,4.88,60.381,0,0,0,0,0,0,0,0.015152,0.075758,0.90909,0,0,1,0,0,0,0,1,0,0,0
0,0,0,0,0,65.488,28.545,5.9678,0,0,0,0,0,6.0105,0,22.491,48.964,5.2779,0,17.256,0,0,0,5.9678,5.2779,17.989,16.524,54.242,0,0,0,0,0,0,0,0,0,1,0,0,1,0,0,0,0,1,0,0,0
0,0,0,0,30.729,48.273,12.559,8.4395,0,0,0,0,15.365,0,0,16.231,29.236,15.365,0,23.804,0,0,0,8.4395,4.7674,3.6721,7.7912,44.601,0,0,0,30.729,0,0.44444,0,0.11111,0.22222,0.22222,0,0,1,0,0,0,0,1,0,0,0
0,0,0,0,11.259,65.913,22.828,0,0,0,0,0,6.6044,0,0,22.828,43.085,11.414,0,16.068,0,0,0,0,11.414,0,22.828,54.499,0,0,0,11.259,0,0,0.022222,0.022222,0.48889,0.46667,0,0,1,0,0,0,0,1,0,0,0
0,0,0,0,0,65.542,28.992,5.4659,0,0,0,0,0,4.2694,0,20.453,58.095,3.7235,0,13.459,0,0,0,5.4659,9.1894,8.5388,14.987,61.819,0,0,0,0,0,1,0,0,0,0,0,0,1,0,0,0,0,1,0,0,0
0,0,0,0,0,74.826,17.074,8.1001,0,0,0,0,0,0,0,25.174,57.752,4.487,0,12.587,0,0,0,8.1001,4.487,8.1001,17.074,62.239,0,0,0,0,0,1,0,0,0,0,0,0,1,0,0,0,0,1,0,0,0
0,0,0,0,0,100,0,0,0,0,0,0,0,0,0,0,100,0,0,0,0,0,0,0,0,0,0,100,0,0,0,0,0,0,0,0,0,1,0,0,1,0,0,0,0,1,0,0,0
0,0,0,0,21.31,78.69,0,0,0,0,0,0,13.916,0,0,0,71.296,7.394,0,7.394,0,0,0,0,0,0,0,78.69,0,0,0,21.31,0,0,0,0,0,1,0,0,1,0,0,0,0,1,0,0,0
0,0,0,0,8.5267,91.473,0,0,0,0,0,0,0,0,0,0,91.473,0,0,8.5267,0,0,0,0,0,0,0,91.473,0,0,0,8.5267,0,0,0,0,0,1,0,0,1,0,0,0,0,1,0,0,0
0,0,0,0,0,91.801,8.1994,0,0,0,0,0,0,0,0,0,91.801,0,8.1994,0,0,0,0,0,8.1994,0,0,91.801,0,0,0,0,0,0,0,0,0,1,0,0,1,0,0,0,0,1,0,0,0
0,0,0,0,0,74.562,25.438,0,0,0,0,0,0,8.7324,0,15.946,66.589,0,5.3659,3.3665,0,0,0,0,13.339,12.099,0,74.562,0,0,0,0,0,0,0,0,0,1,0,0,1,0,0,0,0,1,0,0,0
0,0,0,0,0,79.94,20.06,0,0,0,0,0,0,0,0,28.833,36.766,28.833,5.5686,0,0,0,0,0,20.06,0,0,79.94,0,0,0,0,0,0,0,0,0.011628,0.98837,0,0,1,0,0,0,0,1,0,0,0
0,0,0,0,0,84.903,15.097,0,0,0,0,0,0,5.4634,0,0,79.867,5.036,4.1701,5.4634,0,0,0,0,4.1701,10.927,0,84.903,0,0,0,0,0,0.77215,0.012658,0.037975,0.075949,0.10127,0,0,1,0,0,0,0,1,0,0,0
0,0,0,0,0,79.644,20.356,0,0,0,0,0,0,6.1212,0,8.1134,71.531,8.1134,6.1212,0,0,0,0,0,14.235,6.1212,0,79.644,0,0,0,0,0,0.99115,0,0,0.0088496,0,0,0,1,0,0,0,0,1,0,0,0
0,0,0,0,0,76.862,20.032,3.106,0,0,0,0,0,6.7145,0,9.7088,73.756,0,6.7145,3.106,0,0,0,3.106,6.7145,9.8205,6.6028,73.756,0,0,0,0,0,0.88732,0,0,0.070423,0.042254,0,0,1,0,0,0,0,1,0,0,0
0,0,0,0,0,92.072,7.9276,0,0,0,0,0,0,0,0,7.9276,92.072,0,0,0,0,0,0,0,0,0,7.9276,92.072,0,0,0,0,0,1,0,0,0,0,0,0,1,0,0,0,0,1,0,0,0
0,0,0,0,0,100,0,0,0,0,0,0,0,0,0,0,93.489,6.5108,0,0,0,0,0,0,0,0,0,100,0,0,0,0,0,0.91765,0,0,0.058824,0.023529,0,0,1,0,0,0,0,1,0,0,0
0,0,0,0,0,100,0,0,0,0,0,0,0,0,0,0,100,0,0,0,0,0,0,0,0,0,0,100,0,0,0,0,0,0.88889,0,0.037037,0.037037,0.037037,0,0,1,0,0,0,0,1,0,0,0
0,0,0,0,0,100,0,0,0,0,0,0,0,0,0,0,100,0,0,0,0,0,0,0,0,0,0,100,0,0,0,0,0,0,0,0,0,1,0,0,1,0,0,0,0,1,0,0,0
0,0,0,0,0,100,0,0,0,0,0,0,0,0,0,0,94.155,5.845,0,0,0,0,0,0,0,0,0,100,0,0,0,0,0,0.85567,0,0.030928,0.082474,0.030928,0,0,1,0,0,0,0,1,0,0,0
0,0,0,0,0,100,0,0,0,0,0,0,0,0,0,0,100,0,0,0,0,0,0,0,0,0,0,100,0,0,0,0,0,0.98901,0,0,0,0.010989,0,0,1,0,0,0,0,1,0,0,0
0,0,0,0,0,100,0,0,0,0,0,0,0,0,0,0,100,0,0,0,0,0,0,0,0,0,0,100,0,0,0,0,0,1,0,0,0,0,0,0,1,0,0,0,0,1,0,0,0
0,0,0,0,0,100,0,0,0,0,0,0,0,0,0,0,100,0,0,0,0,0,0,0,0,0,0,100,0,0,0,0,0,0.89655,0,0.017241,0.068966,0.017241,0,0,1,0,0,0,0,1,0,0,0
0,0,0,0,0,100,0,0,0,0,0,0,0,0,0,0,100,0,0,0,0,0,0,0,0,0,0,100,0,0,0,0,0,0.88462,0,0.019231,0.019231,0.076923,0,0,1,0,0,0,0,1,0,0,0
0,0,0,0,0,100,0,0,0,0,0,0,0,0,0,0,100,0,0,0,0,0,0,0,0,0,0,100,0,0,0,0,0,1,0,0,0,0,0,0,1,0,0,0,0,1,0,0,0
0,0,0,0,0,100,0,0,0,0,0,0,0,0,0,0,100,0,0,0,0,0,0,0,0,0,23.5,76.5,0,0,0,0,0,0,0,0,0,1,0,0,1,0,0,0,0,1,0,0,0
0,0,0,0,0,100,0,0,0,0,0,0,0,0,0,0,100,0,0,0,0,0,0,0,0,0,0,100,0,0,0,0,0,0,0,0,0,1,0,0,1,0,0,0,0,1,0,0,0
0,0,0,0,0,100,0,0,0,0,0,0,0,0,0,0,100,0,0,0,0,0,0,0,0,0,0,100,0,0,0,0,0,0,0,0,0,1,0,0,1,0,0,0,0,1,0,0,0
0,0,0,0,0,100,0,0,0,0,0,0,0,0,0,9.8039,90.196,0,0,0,0,0,0,0,0,0,0,100,0,0,0,0,0,0,0,0,0,1,0,0,1,0,0,0,0,1,0,0,0
0,0,0,0,0,100,0,0,0,0,0,0,0,0,0,18.443,68.186,13.371,0,0,0,0,0,0,0,0,8.8116,91.188,0,0,0,0,0,0,0,0,0,1,0,0,1,0,0,0,0,1,0,0,0
0,0,0,0,0,100,0,0,0,0,0,0,0,0,0,16.495,50.516,32.99,0,0,0,0,0,0,0,0,16.495,83.505,0,0,0,0,0,0,0,0,0,1,0,0,1,0,0,0,0,1,0,0,0
0,0,0,0,0,100,0,0,0,0,0,0,0,0,0,6.0799,68.425,25.495,0,0,0,0,0,0,0,0,19.415,80.585,0,0,0,0,0,0,0,0,0,1,0,0,1,0,0,0,0,1,0,0,0
0,0,0,0,0,100,0,0,0,0,0,0,0,0,0,8.6911,64.064,27.245,0,0,0,0,0,0,0,0,8.6911,91.309,0,0,0,0,0,0,0,0,0,1,0,0,1,0,0,0,0,1,0,0,0
0,0,0,0,0,100,0,0,0,0,0,0,0,0,0,0,100,0,0,0,0,0,0,0,0,0,0,100,0,0,0,0,0,0,0,0,0.23404,0.76596,0,0,1,0,0,0,0,1,0,0,0
0,0,0,0,0,100,0,0,0,0,0,0,0,0,0,0,92.616,7.3838,0,0,0,0,0,0,0,0,0,100,0,0,0,0,0,0,0,0,0.17333,0.82667,0,0,1,0,0,0,0,1,0,0,0
0,0,0,0,0,100,0,0,0,0,0,0,0,0,0,0,94.119,5.8814,0,0,0,0,0,0,0,0,0,100,0,0,0,0,0,0,0,0,0,1,0,0,1,0,0,0,0,1,0,0,0
0,0,0,0,0,100,0,0,0,0,0,0,0,0,0,0,100,0,0,0,0,0,0,0,0,0,0,100,0,0,0,0,0,0,0,0,0.060241,0.93976,0,0,1,0,0,0,0,1,0,0,0
0,0,0,0,0,100,0,0,0,0,0,0,0,0,0,0,100,0,0,0,0,0,0,0,0,0,0,100,0,0,0,0,0,0,0,0,0,1,0,0,1,0,0,0,0,1,0,0,0
0,0,0,0,3.072,96.928,0,0,0,0,0,0,0,0,0,0,96.928,0,0,3.072,0,0,0,0,0,0,0,96.928,0,0,0,3.072,0,0,0,0,0,1,0,0,1,0,0,0,0,1,0,0,0
0,0,0,0,0,100,0,0,0,0,0,0,0,0,0,0,100,0,0,0,0,0,0,0,0,0,0,100,0,0,0,0,0,0,0,0,0,1,0,0,1,0,0,0,0,1,0,0,0
0,0,0,0,2.0465,97.953,0,0,0,0,0,0,0,0,0,0,97.953,0,0,2.0465,0,0,0,0,0,0,0,97.953,0,0,0,2.0465,0,0,0,0,0,1,0,0,1,0,0,0,0,1,0,0,0
0,0,0,0,0,100,0,0,0,0,0,0,0,0,0,0,100,0,0,0,0,0,0,0,0,0,0,100,0,0,0,0,0,0,0,0,0,1,0,0,1,0,0,0,0,1,0,0,0
0,0,0,0,2.4961,97.504,0,0,0,0,0,0,0,0,0,0,97.504,0,0,2.4961,0,0,0,0,0,0,0,97.504,0,0,0,2.4961,0,0,0,0,0,1,0,0,1,0,0,0,0,1,0,0,0
0,0,0,0,0,100,0,0,0,0,0,0,0,0,0,0,100,0,0,0,0,0,0,0,0,0,0,100,0,0,0,0,0,0,0,0,0,1,0,0,1,0,0,0,0,1,0,0,0
0,0,0,0,0,100,0,0,0,0,0,0,0,0,0,0,100,0,0,0,0,0,0,0,0,0,0,100,0,0,0,0,0,0,0,0,0,1,0,0,1,0,0,0,0,1,0,0,0
0,0,0,0,0,100,0,0,0,0,0,0,0,0,0,0,100,0,0,0,0,0,0,0,0,0,0,100,0,0,0,0,0,0,0,0,0,1,0,0,1,0,0,0,0,1,0,0,0
0,0,0,0,0,100,0,0,0,0,0,0,0,0,0,0,100,0,0,0,0,0,0,0,0,0,0,100,0,0,0,0,0,0,0,0,0,1,0,0,1,0,0,0,0,1,0,0,0
0,0,0,0,0,100,0,0,0,0,0,0,0,0,0,0,100,0,0,0,0,0,0,0,0,0,0,100,0,0,0,0,0,0,0,0,0,1,0,0,1,0,0,0,0,1,0,0,0
0,0,0,0,0,100,0,0,0,0,0,0,0,0,0,0,100,0,0,0,0,0,0,0,0,0,0,100,0,0,0,0,0,0,0,0,0,1,0,0,1,0,0,0,0,1,0,0,0
0,0,0,0,0,100,0,0,0,0,0,0,0,0,0,0,100,0,0,0,0,0,0,0,0,0,0,100,0,0,0,0,0,0,0,0,0,1,0,0,1,0,0,0,0,1,0,0,0
0,0,0,0,0,100,0,0,0,0,0,0,0,0,0,0,100,0,0,0,0,0,0,0,0,0,0,100,0,0,0,0,0,0,0,0,0,1,0,0,1,0,0,0,0,1,0,0,0
0,0,0,0,0,100,0,0,0,0,0,0,0,0,0,0,100,0,0,0,0,0,0,0,0,0,0,100,0,0,0,0,0,0,0,0,0,1,0,0,1,0,0,0,0,1,0,0,0
0,0,0,0,0,100,0,0,0,0,0,0,0,0,0,0,100,0,0,0,0,0,0,0,0,0,0,100,0,0,0,0,0,0,0,0,0,1,0,0,1,0,0,0,0,1,0,0,0
0,0,0,0,0,100,0,0,0,0,0,0,0,0,0,0,100,0,0,0,0,0,0,0,0,0,0,100,0,0,0,0,0,0,0,0,0,1,0,0,1,0,0,0,0,1,0,0,0
0,0,0,0,0,100,0,0,0,0,0,0,0,0,0,0,100,0,0,0,0,0,0,0,0,0,0,100,0,0,0,0,0,1,0,0,0,0,0,0,1,0,0,0,0,1,0,0,0
0,0,0,0,0,100,0,0,0,0,0,0,0,0,0,0,100,0,0,0,0,0,0,0,0,0,0,100,0,0,0,0,0,1,0,0,0,0,0,0,1,0,0,0,0,1,0,0,0
0,0,0,0,0,100,0,0,0,0,0,0,0,0,0,0,100,0,0,0,0,0,0,0,0,0,0,100,0,0,0,0,0,0,0,0,0,1,0,0,1,0,0,0,0,1,0,0,0
0,0,0,0,0,100,0,0,0,0,0,0,0,0,0,0,100,0,0,0,0,0,0,0,0,0,0,100,0,0,0,0,0,0,0,0,0,1,0,0,1,0,0,0,0,1,0,0,0
0,0,0,0,0,100,0,0,0,0,0,0,0,0,0,0,100,0,0,0,0,0,0,0,0,0,0,100,0,0,0,0,0,1,0,0,0,0,0,0,1,0,0,0,0,1,0,0,0
0,0,0,0,0,100,0,0,0,0,0,0,0,0,0,0,100,0,0,0,0,0,0,0,0,0,0,100,0,0,0,0,0,0,0,0,0,1,0,0,1,0,0,0,0,1,0,0,0
0,0,0,0,0,100,0,0,0,0,0,0,0,0,0,0,100,0,0,0,0,0,0,0,0,0,0,100,0,0,0,0,0,0,0,0,0,1,0,0,1,0,0,0,0,1,0,0,0
0,0,0,0,0,100,0,0,0,0,0,0,0,0,0,0,100,0,0,0,0,0,0,0,0,0,0,100,0,0,0,0,0,0,0,0,0,1,0,0,1,0,0,0,0,1,0,0,0
0,0,0,0,0,100,0,0,0,0,0,0,0,0,0,0,100,0,0,0,0,0,0,0,0,0,0,100,0,0,0,0,0,0,0,0,0,1,0,0,1,0,0,0,0,1,0,0,0
0,0,0,0,0,100,0,0,0,0,0,0,0,0,0,0,100,0,0,0,0,0,0,0,0,0,0,100,0,0,0,0,0,0.69811,0,0.037736,0.15094,0.11321,0,0,1,0,0,0,0,1,0,0,0
0,0,0,0,0,100,0,0,0,0,0,0,0,0,0,0,100,0,0,0,0,0,0,0,0,0,0,100,0,0,0,0,0,0.79487,0,0.025641,0.15385,0.025641,0,0,1,0,0,0,0,1,0,0,0
0,0,0,5.1249,0,94.875,0,0,0,0,0,0,0,0,5.1249,0,94.875,0,0,0,0,0,0,0,0,0,0,94.875,0,0,0,0,5.1249,1,0,0,0,0,0,0,1,0,0,0,0,1,0,0,0
0,0,0,0,9.1298,90.87,0,0,0,0,0,0,0,0,0,9.1298,90.87,0,0,0,0,0,0,0,0,0,0,90.87,0,0,0,0,9.1298,0,0,0,0,1,0,0,1,0,0,0,0,1,0,0,0
0,0,0,11.973,0,88.027,0,0,0,0,0,0,0,0,11.973,0,88.027,0,0,0,0,0,0,0,0,0,0,88.027,0,0,0,0,11.973,1,0,0,0,0,0,0,1,0,0,0,0,1,0,0,0
0,0,0,7.8004,7.8004,84.399,0,0,0,0,0,0,0,0,7.8004,7.8004,76.599,0,0,0,7.8004,0,0,0,0,0,0,76.599,0,0,0,7.8004,15.601,1,0,0,0,0,0,0,1,0,0,0,0,1,0,0,0
0,0,0,0,3.9857,96.014,0,0,0,0,0,0,0,0,0,3.9857,89.22,0,0,0,6.7944,0,0,0,0,0,0,89.22,0,0,0,6.7944,3.9857,0,0,0,0,1,0,0,1,0,0,0,0,1,0,0,0
0,0,0,8.891,9.8903,81.219,0,0,0,0,0,0,0,0,8.891,9.8903,72.777,0,0,0,8.4414,0,0,0,0,0,0,72.777,0,0,0,8.4414,18.781,0,0,0,0,1,0,0,1,0,0,0,0,1,0,0,0
0,0,0,0,0,100,0,0,0,0,0,0,0,0,0,0,100,0,0,0,0,0,0,0,0,0,0,100,0,0,0,0,0,0,0,0,0,1,0,0,1,0,0,0,0,1,0,0,0
0,0,0,0,0,100,0,0,0,0,0,0,0,0,0,0,100,0,0,0,0,0,0,0,0,0,0,100,0,0,0,0,0,0,0,0,0,1,0,0,1,0,0,0,0,1,0,0,0
0,0,0,0,0,100,0,0,0,0,0,0,0,0,0,0,100,0,0,0,0,0,0,0,0,0,0,100,0,0,0,0,0,0,0,0,0,1,0,0,1,0,0,0,0,1,0,0,0
0,0,0,0,0,100,0,0,0,0,0,0,0,0,0,0,100,0,0,0,0,0,0,0,0,0,0,100,0,0,0,0,0,0,0,0,0,1,0,0,1,0,0,0,0,1,0,0,0
0,0,0,0,0,100,0,0,0,0,0,0,0,0,0,0,100,0,0,0,0,0,0,0,0,0,0,100,0,0,0,0,0,0,0,0,0,1,0,0,1,0,0,0,0,1,0,0,0
0,0,0,0,0,100,0,0,0,0,0,0,0,0,0,0,100,0,0,0,0,0,0,0,0,0,0,100,0,0,0,0,0,0,0,0,0,1,0,0,1,0,0,0,0,1,0,0,0
0,0,0,0,0,100,0,0,0,0,0,0,0,0,0,0,100,0,0,0,0,0,0,0,0,0,0,100,0,0,0,0,0,0,0,0,0,1,0,0,1,0,0,0,0,1,0,0,0
0,0,0,0,0,100,0,0,0,0,0,0,0,0,0,0,100,0,0,0,0,0,0,0,0,0,0,100,0,0,0,0,0,0,0,0,0,1,0,0,1,0,0,0,0,1,0,0,0
0,0,0,8.4818,8.4818,83.036,0,0,0,0,0,0,0,0,8.4818,8.4818,67.05,0,0,0,15.986,0,0,0,0,0,0,67.05,0,0,0,15.986,16.964,0,0,0,0,1,0,0,1,0,0,0,0,1,0,0,0
0,0,0,7.3751,15.02,77.605,0,0,0,0,0,0,0,0,7.3751,15.02,70.23,0,0,0,7.3751,0,0,0,0,0,0,70.23,0,0,0,7.3751,22.395,0,0,0,0,1,0,0,1,0,0,0,0,1,0,0,0
0,0,0,0,0,100,0,0,0,0,0,0,0,0,0,0,90.931,0,0,0,9.0694,0,0,0,0,0,0,90.931,0,0,0,9.0694,0,0,0,0,0,1,0,0,1,0,0,0,0,1,0,0,0
0,0,0,0,0,100,0,0,0,0,0,0,0,0,0,0,100,0,0,0,0,0,0,0,0,0,0,100,0,0,0,0,0,0,0,0,0,1,0,0,1,0,0,0,0,1,0,0,0
0,0,0,0,0,100,0,0,0,0,0,0,0,0,0,0,100,0,0,0,0,0,0,0,0,0,0,100,0,0,0,0,0,0,0,0,0,1,0,0,1,0,0,0,0,1,0,0,0
0,0,0,0,0,100,0,0,0,0,0,0,0,0,0,0,100,0,0,0,0,0,0,0,0,0,0,100,0,0,0,0,0,0,0,0,0,1,0,0,1,0,0,0,0,1,0,0,0
0,0,0,0,0,100,0,0,0,0,0,0,0,0,0,0,100,0,0,0,0,0,0,0,0,0,0,100,0,0,0,0,0,0,0,0,0,1,0,0,1,0,0,0,0,1,0,0,0
0,0,0,0,0,100,0,0,0,0,0,0,0,0,0,0,100,0,0,0,0,0,0,0,0,0,0,100,0,0,0,0,0,0,0,0,0,1,0,0,1,0,0,0,0,1,0,0,0
0,0,0,0,0,100,0,0,0,0,0,0,0,0,0,0,100,0,0,0,0,0,0,0,0,0,0,100,0,0,0,0,0,0,0,0,0,1,0,0,1,0,0,0,0,1,0,0,0
0,0,0,0,0,100,0,0,0,0,0,0,0,0,0,0,100,0,0,0,0,0,0,0,0,0,0,100,0,0,0,0,0,0,0,0,0,1,0,0,1,0,0,0,0,1,0,0,0
0,0,0,0,0,100,0,0,0,0,0,0,0,0,0,0,100,0,0,0,0,0,0,0,0,0,0,100,0,0,0,0,0,0,0,0,0,1,0,0,1,0,0,0,0,1,0,0,0
0,0,0,0,0,100,0,0,0,0,0,0,0,0,0,0,100,0,0,0,0,0,0,0,0,0,0,100,0,0,0,0,0,0,0,0,0,1,0,0,1,0,0,0,0,1,0,0,0
0,0,0,0,0,100,0,0,0,0,0,0,0,0,0,0,100,0,0,0,0,0,0,0,0,0,0,100,0,0,0,0,0,0,0,0,0,1,0,0,1,0,0,0,0,1,0,0,0
0,0,0,0,0,100,0,0,0,0,0,0,0,0,0,2.7866,97.213,0,0,0,0,0,0,0,0,0,0,100,0,0,0,0,0,0,0,0,0,1,0,0,1,0,0,0,0,1,0,0,0
0,0,0,0,0,100,0,0,0,0,0,0,0,0,0,0,100,0,0,0,0,0,0,0,0,0,0,100,0,0,0,0,0,0,0,0,0,1,0,0,1,0,0,0,0,1,0,0,0
0,0,0,0,0,100,0,0,0,0,0,0,0,0,0,0,100,0,0,0,0,0,0,0,0,0,0,100,0,0,0,0,0,0,0,0,0,1,0,0,1,0,0,0,0,1,0,0,0
0,0,0,0,0,100,0,0,0,0,0,0,0,0,0,0,100,0,0,0,0,0,0,0,0,0,0,100,0,0,0,0,0,0,0,0,0,1,0,0,1,0,0,0,0,1,0,0,0
0,0,0,0,0,100,0,0,0,0,0,0,0,0,0,0,100,0,0,0,0,0,0,0,0,0,0,100,0,0,0,0,0,0,0,0,0,1,0,0,1,0,0,0,0,1,0,0,0
0,0,0,0,0,100,0,0,0,0,0,0,0,0,0,0,100,0,0,0,0,0,0,0,0,0,0,100,0,0,0,0,0,0,0,0,0,1,0,0,1,0,0,0,0,1,0,0,0
0,0,0,0,0,100,0,0,0,0,0,0,0,0,0,0,100,0,0,0,0,0,0,0,0,0,0,100,0,0,0,0,0,0,0,0,0,1,0,0,1,0,0,0,0,1,0,0,0
0,0,0,0,0,100,0,0,0,0,0,0,0,0,0,0,100,0,0,0,0,0,0,0,0,0,0,100,0,0,0,0,0,0,0,0,0,1,0,0,1,0,0,0,0,1,0,0,0
0,0,0,0,0,100,0,0,0,0,0,0,0,0,0,0,100,0,0,0,0,0,0,0,0,0,0,100,0,0,0,0,0,0,0,0,0,1,0,0,1,0,0,0,0,1,0,0,0
0,0,0,0,0,100,0,0,0,0,0,0,0,0,0,0,100,0,0,0,0,0,0,0,0,0,0,100,0,0,0,0,0,0,0,0,0,1,0,0,1,0,0,0,0,1,0,0,0
0,0,0,0,0,100,0,0,0,0,0,0,0,0,0,0,100,0,0,0,0,0,0,0,0,0,0,100,0,0,0,0,0,0,0,0,0,1,0,0,1,0,0,0,0,1,0,0,0
0,0,0,0,0,100,0,0,0,0,0,0,0,0,0,0,100,0,0,0,0,0,0,0,0,0,0,100,0,0,0,0,0,0,0,0,0,1,0,0,1,0,0,0,0,1,0,0,0
0,0,0,0,0,100,0,0,0,0,0,0,0,0,0,0,100,0,0,0,0,0,0,0,0,0,0,100,0,0,0,0,0,0,0,0,0,1,0,0,1,0,0,0,0,1,0,0,0
0,0,0,0,0,100,0,0,0,0,0,0,0,0,0,0,100,0,0,0,0,0,0,0,0,0,0,100,0,0,0,0,0,0,0,0,0,1,0,0,1,0,0,0,0,1,0,0,0
0,0,0,0,0,100,0,0,0,0,0,0,0,0,0,0,100,0,0,0,0,0,0,0,0,0,0,100,0,0,0,0,0,0,0,0,0,1,0,0,1,0,0,0,0,1,0,0,0
0,0,0,0,0,100,0,0,0,0,0,0,0,0,0,0,100,0,0,0,0,0,0,0,0,0,0,100,0,0,0,0,0,0,0,0,0,1,0,0,1,0,0,0,0,1,0,0,0
0,0,0,0,0,100,0,0,0,0,0,0,0,0,0,0,100,0,0,0,0,0,0,0,0,0,0,100,0,0,0,0,0,0,0,0,0,1,0,0,1,0,0,0,0,1,0,0,0
0,0,0,0,0,100,0,0,0,0,0,0,0,0,0,0,100,0,0,0,0,0,0,0,0,0,0,100,0,0,0,0,0,0,0,0,0,1,0,0,1,0,0,0,0,1,0,0,0
0,0,0,0,0,100,0,0,0,0,0,0,0,0,0,0,100,0,0,0,0,0,0,0,0,0,0,100,0,0,0,0,0,0,0,0,0,1,0,0,1,0,0,0,0,1,0,0,0
0,0,0,0,0,100,0,0,0,0,0,0,0,0,0,0,100,0,0,0,0,0,0,0,0,0,0,100,0,0,0,0,0,0,0,0,0,1,0,0,1,0,0,0,0,1,0,0,0
0,0,0,0,0,100,0,0,0,0,0,0,0,0,0,0,100,0,0,0,0,0,0,0,0,0,0,100,0,0,0,0,0,0,0,0,0,1,0,0,1,0,0,0,0,1,0,0,0
0,0,0,0,0,100,0,0,0,0,0,0,0,0,0,0,100,0,0,0,0,0,0,0,0,0,0,100,0,0,0,0,0,0,0,0,0,1,0,0,1,0,0,0,0,1,0,0,0
0,0,0,0,0,100,0,0,0,0,0,0,0,0,0,0,100,0,0,0,0,0,0,0,0,0,0,100,0,0,0,0,0,0,0,0,0,1,0,0,1,0,0,0,0,1,0,0,0
0,0,0,0,0,100,0,0,0,0,0,0,0,0,0,0,100,0,0,0,0,0,0,0,0,0,0,100,0,0,0,0,0,0,0,0,0,1,0,0,1,0,0,0,0,1,0,0,0
0,0,0,0,0,100,0,0,0,0,0,0,0,0,0,0,100,0,0,0,0,0,0,0,0,0,0,100,0,0,0,0,0,0,0,0,0,1,0,0,1,0,0,0,0,1,0,0,0
0,0,0,0,0,100,0,0,0,0,0,0,0,0,0,0,100,0,0,0,0,0,0,0,0,0,0,100,0,0,0,0,0,0,0,0,0,1,0,0,1,0,0,0,0,1,0,0,0
0,0,0,0,19.502,76.099,4.3987,0,0,0,0,0,0,0,4.3987,7.3307,54.107,34.163,0,0,0,0,0,4.3987,0,0,14.661,61.438,19.502,0,0,0,0,0.95775,0,0.014085,0.028169,0,0,0,1,0,0,0,0,1,0,0,0
0,0,0,0,38.614,56.458,4.9281,0,0,0,0,0,0,0,20.241,3.0602,41.146,35.553,0,0,0,0,0,4.9281,0,0,15.313,41.146,35.553,3.0602,0,0,0,0.19298,0.017544,0.017544,0.035088,0.73684,0,0,1,0,0,0,0,1,0,0,0
0,0,0,0,44.789,35.808,19.404,0,0,0,0,0,0,0,9.6974,12.697,19.404,26.101,32.101,0,0,0,0,0,0,19.404,22.394,13.413,32.092,12.697,0,0,0,0.15385,0,0.051282,0.12821,0.66667,0,0,1,0,0,0,0,1,0,0,0
0,0,0,0,16.726,77.983,5.2911,0,0,0,0,0,0,0,6.3559,23.248,27.703,31.046,11.647,0,0,0,0,0,0,5.2911,25.755,45.872,19.068,4.0141,0,0,0,0.88542,0.010417,0.072917,0.03125,0,0,0,1,0,0,0,0,1,0,0,0
0,0,0,0,20.092,79.908,0,0,0,0,0,0,0,0,0,5.889,79.908,5.428,0,8.7752,0,0,8.7752,0,0,0,0,79.908,5.428,5.889,0,0,0,0,0,0,0,1,0,0,1,0,0,0,0,1,0,0,0
0,0,0,0,24.368,71.352,4.2791,0,0,0,0,0,0,0,5.7467,10.026,65.606,4.3169,14.305,0,0,0,0,0,0,4.2791,4.2791,61.327,25.836,4.2791,0,0,0,0,0,0,0.013514,0.98649,0,0,1,0,0,0,0,1,0,0,0
0,0,0,5.1676,34.841,45.463,14.528,0,0,0,0,0,0,0,7.7074,17.773,45.463,0,29.056,0,0,0,0,0,0,6.8206,14.528,33.475,27.403,12.606,5.1676,0,0,0.2069,0,0.068966,0.051724,0.67241,0,0,1,0,0,0,0,1,0,0,0
12.995,0,0,0,15.532,63.707,7.7662,0,0,0,0,0,0,0,0,17.75,46.75,19.968,15.532,0,0,0,0,0,0,7.7662,53.723,22.978,7.7662,7.7662,0,0,0,0,0,0,0,1,0,0,1,0,0,0,0,1,0,0,0
34.22,0,0,0,0,49.687,16.093,0,0,0,0,0,0,0,0,8.3589,67.815,7.7336,16.093,0,0,0,0,0,0,7.7336,42.579,49.687,0,0,0,0,0,0,0,0,0,1,0,0,1,0,0,0,0,1,0,0,0
13.02,0,0,0,27.437,46.523,13.02,0,0,0,0,0,6.0669,6.0669,7.6514,26.738,20.671,6.0669,26.738,0,0,0,0,0,0,0,26.04,32.805,35.088,6.0669,0,0,0,0.80469,0.0078125,0.023438,0.11719,0.046875,0,0,1,0,0,0,0,1,0,0,0
22.475,13.973,0,0,21.717,30.977,10.859,0,0,0,0,0,0,0,10.859,13.973,39.478,0,35.69,0,0,0,0,0,0,13.973,27.862,36.448,21.717,0,0,0,0,0,0,0,0.015625,0.98438,0,0,1,0,0,0,0,1,0,0,0
0,0,0,0,0,100,0,0,0,0,0,0,0,0,0,0,100,0,0,0,0,0,0,0,0,0,0,100,0,0,0,0,0,0,0,0,0,1,0,0,1,0,0,0,0,1,0,0,0
0,0,0,6.2577,3.3106,90.432,0,0,0,0,0,0,0,0,0,9.5683,90.432,0,0,0,0,0,0,0,0,0,0,78.812,11.62,3.3106,6.2577,0,0,0,0,0,0,1,0,0,1,0,0,0,0,1,0,0,0
0,0,8.0451,8.0451,18.311,57.554,8.0451,0,0,0,0,0,19.682,3.5919,5.5635,9.1554,41.215,3.5919,9.1554,8.0451,0,0,8.0451,0,0,8.0451,0,40.354,23.874,11.637,8.0451,0,0,0,0,0,0,1,0,0,1,0,0,0,0,1,0,0,0
0,0,0,0,0,100,0,0,0,0,0,0,0,0,0,0,100,0,0,0,0,0,0,0,0,0,0,84.668,15.332,0,0,0,0,0,0,0,0,1,0,0,1,0,0,0,0,1,0,0,0
0,0,0,0,0,87.031,6.4843,0,6.4843,0,0,0,0,0,0,6.4843,80.547,6.4843,0,6.4843,0,0,0,0,0,6.4843,0,74.063,12.969,0,0,6.4843,0,0,0,0,0,1,0,0,1,0,0,0,0,1,0,0,0
0,8.0625,24.649,8.5238,4.6308,37.548,8.5238,0,8.0625,0,0,0,25.11,0,4.6308,8.0625,40.979,4.6308,0,8.5238,0,8.0625,16.586,8.0625,8.0625,8.5238,0,19.349,9.6746,13.155,8.5238,8.0625,0,0,0,0,0,1,0,0,1,0,0,0,0,1,0,0,0
0,8.2974,16.595,5.4076,6.3369,40.397,7.3344,0,15.632,0,0,0,11.466,3.1685,0,24.208,31.855,10.503,3.1685,7.3344,0,8.2974,8.2974,8.2974,8.2974,7.3344,0,17.152,26.413,3.1685,5.4076,15.632,0,0,0,0,0,1,0,0,1,0,0,0,0,1,0,0,1
0,4.1361,15.33,7.6715,4.1361,40.567,21.745,0,6.4142,0,0,11.795,15.343,7.6589,0,6.4142,26.494,10.55,0,14.086,0,7.6589,7.6715,7.6589,4.1361,21.745,0,8.2723,12.828,11.808,7.6715,18.209,0,0,0,0,0,1,0,0,1,0,0,0,0,1,0,0,1
0,13.837,19.119,0,4.2781,12.834,20.186,0,9.5594,0,20.186,24.464,9.5594,20.186,0,9.5594,22.394,4.2781,0,0,0,9.5594,9.5594,9.5594,13.837,40.372,0,8.5562,0,4.2781,0,13.837,0,0,0,0,0,1,0,0,1,0,0,0,0,1,0,0,1
19.221,0,0,0,0,80.779,0,0,0,0,0,0,0,0,0,0,100,0,0,0,0,0,0,0,0,0,38.442,61.558,0,0,0,0,0,0,0,0,0,1,0,0,1,0,0,0,0,1,0,0,0
14.691,4.3163,0,0,12.949,49.037,14.691,0,0,4.3163,0,0,0,8.6325,0,14.691,53.353,0,23.323,0,0,0,0,0,0,4.3163,29.382,49.037,4.3163,12.949,0,0,0,0,0,0,0,1,0,0,1,0,0,0,0,1,0,0,0
0,7.1553,5.7162,10.072,29.918,30.041,13.695,0,0,3.4025,0,3.7527,11.432,6.8051,7.9787,4.3557,33.444,3.7527,22.762,5.7162,0,0,5.7162,0,3.7527,9.1187,7.9787,16.217,23.716,19.677,10.072,3.7527,0,0.06383,0,0.021277,0.085106,0.82979,0,0,1,0,0,0,0,1,0,0,0
5.5893,9.1151,0,0,19.295,55.384,0,0,0,5.3086,5.3086,3.5258,12.831,8.2463,0,8.527,36.677,6.4635,18.42,0,5.3086,0,0,0,3.5258,10.898,0,44.616,5.8753,31.559,0,3.5258,0,0.7193,0.0087719,0.087719,0.14035,0.04386,0,0,1,0,0,0,0,1,0,0,0
0,8.5823,16.12,0,25.741,36.253,4.7224,0,5.6987,2.8835,0,4.7224,20.139,13.139,0,8.3485,20.373,2.6498,20.207,0,0,10.421,5.6987,10.421,5.6987,7.606,0,17.09,8.1831,34.881,0,10.421,0,0,0,0,0,1,0,0,1,0,0,0,0,1,0,0,0
0,12.752,0,0,23.131,49.868,0,0,0,14.25,0,7.5622,18.121,10.379,0,9.0604,27.876,7.5622,10.379,9.0604,0,0,0,0,7.5622,5.1895,0,24.185,5.1895,50.312,0,7.5622,0,0.057692,0.019231,0.038462,0.096154,0.78846,0,0,1,0,0,0,0,1,0,0,0
2.1112,4.4028,0,0,9.4544,36.29,15.27,0,0,15.09,17.381,0,26.836,0,12.979,12.979,9.4544,0,11.566,21.784,4.4028,0,2.1112,15.27,0,8.8057,4.2224,20.322,0,25.423,12.979,0,10.867,0.53846,0.038462,0.11538,0.17308,0.13462,0,0,1,0,0,0,0,1,0,0,0
21.522,0,0,0,0,67.623,0,0,0,10.856,0,0,0,0,0,0,100,0,0,0,0,0,0,0,0,0,21.522,67.623,0,10.856,0,0,0,0,0,0,0,1,0,0,1,0,0,0,0,1,0,0,0
0,0,0,0,6.703,72.355,6.703,0,0,14.239,0,0,0,0,0,0,100,0,0,0,0,0,0,6.703,0,0,0,72.355,0,14.239,6.703,0,0,0,0,0,0,1,0,0,1,0,0,0,0,1,0,0,0
0,0,0,0,17.77,47.94,24.694,0,0,9.5959,0,0,0,0,0,0,100,0,0,0,0,0,0,24.694,0,0,0,47.94,0,9.5959,17.77,0,0,0,0,0.25,0.25,0.5,0,0,1,0,0,0,0,1,0,0,0
10.279,10.279,0,0,0,61.98,0,0,0,12.126,5.3366,0,0,5.3366,0,10.279,68.77,0,10.279,0,5.3366,0,0,0,0,15.615,0,72.258,0,12.126,0,0,0,0,0,0,0,1,0,0,1,0,0,0,0,1,0,0,0
0,0,0,0,5.4255,68.731,5.4255,0,0,20.418,0,0,0,0,0,0,100,0,0,0,0,0,0,5.4255,0,0,0,68.731,0,20.418,5.4255,0,0,0,0,0,0,1,0,0,1,0,0,0,0,1,0,0,0
0,0,0,0,13.23,60.339,17.98,0,0,8.4516,0,0,0,0,0,0,100,0,0,0,0,0,0,17.98,0,0,0,60.339,0,8.4516,13.23,0,0,0,0,0,0.5,0.5,0,0,1,0,0,0,0,1,0,0,0
0,0,0,0,17.16,38.066,27.613,0,0,17.16,0,0,0,0,0,0,100,0,0,0,0,0,0,27.613,0,0,0,38.066,0,17.16,17.16,0,0,0,0,0,0,1,0,0,1,0,0,0,0,1,0,0,0
0,0,0,0,13.231,40.582,32.955,0,0,13.231,0,0,0,0,0,0,92.373,7.6267,0,0,0,0,0,32.955,0,0,0,40.582,0,13.231,13.231,0,0,0,0,0,0,1,0,0,1,0,0,0,0,1,0,0,0
0,0,0,0,28.201,41.006,15.396,0,0,15.396,0,0,0,0,0,0,100,0,0,0,0,0,0,15.396,0,0,0,41.006,0,15.396,28.201,0,0,0,0,0,0,1,0,0,1,0,0,0,0,1,0,0,0
0,0,0,0,0,100,0,0,0,0,0,0,0,0,0,0,100,0,0,0,0,0,0,0,0,0,0,100,0,0,0,0,0,0,0,0,0,1,0,0,1,0,0,0,0,1,0,0,0
0,0,0,0,38.771,38.771,11.229,0,0,11.229,0,0,0,0,0,0,100,0,0,0,0,0,0,11.229,0,0,0,38.771,0,24.532,25.468,0,0,0,0,0,0,1,0,0,1,0,0,0,0,1,0,0,0
0,0,0,0,0,100,0,0,0,0,0,0,0,0,0,0,100,0,0,0,0,0,0,0,0,0,0,100,0,0,0,0,0,0,0,0,0,1,0,0,1,0,0,0,0,1,0,0,0
0,10.936,0,0,17.223,47.196,5.1948,0,0,14.255,5.1948,0,5.1948,11.482,0,0,56.257,0,11.482,10.39,5.1948,0,0,5.1948,0,16.131,0,42.001,5.741,30.932,0,0,0,0,0,0,0.032967,0.96703,0,0,1,0,0,0,0,1,0,0,0
0,0,0,0,6.3608,54.366,6.3608,0,0,23.41,9.5023,0,0,9.5023,12.722,0,61.913,6.3608,0,0,9.5023,0,0,6.3608,6.3608,9.5023,0,41.645,6.3608,29.771,0,0,0,0,0,0,0,1,0,0,1,0,0,0,0,1,0,0,0
0,0,0,0,10.328,74.695,10.524,0,0,4.4531,0,0,0,0,11.471,5.5504,60.984,21.995,0,0,0,0,0,10.524,5.9206,5.5504,0,46.203,5.5504,14.781,0,11.471,0,0,0,0,0.45,0.55,0,0,1,0,0,0,0,1,0,0,0
6.8944,6.8944,0,0,0,42.276,7.4816,0,0,18.106,18.348,0,34.574,3.9722,7.4816,14.133,14.839,0,0,21.028,3.9722,0,0,7.4816,0,10.867,6.8944,28.972,0,23.927,7.4816,0,14.376,0.11111,0.027778,0.055556,0.80556,0,0,0,1,0,0,0,0,1,0,0,0
7.269,9.2489,0,0,0,47.396,5.2914,0,0,18.235,12.56,0,39.741,0,3.3115,14.923,3.9575,0,3.3115,29.463,5.2914,0,3.3115,5.2914,0,14.54,10.58,15.569,0,43.438,3.3115,0,3.9575,0.97917,0,0.020833,0,0,0,0,1,0,0,0,0,1,0,0,0
18.279,8.244,0,0,0,30.345,14.935,0,0,6.691,21.506,0,14.935,0,6.691,18.399,15.41,0,0,36.321,8.244,0,6.5712,14.935,0,28.196,6.5712,22.101,0,8.244,6.691,0,6.691,0,0,0,1,0,0,0,1,0,0,0,0,1,0,0,0
0,0,0,0,3.3423,89.973,3.3423,0,0,3.3423,0,0,0,0,29.023,5.4249,34.447,31.105,0,0,0,0,0,3.3423,25.68,5.4249,0,33.188,3.3423,6.6846,0,22.338,0,0,0.0625,0,0.1875,0.75,0,0,1,0,0,0,0,1,0,0,0
0,0,0,0,10.216,61.535,18.033,0,0,10.216,0,0,0,0,28.921,0,52.374,18.705,0,0,0,0,0,18.033,18.705,0,0,24.124,10.216,20.432,0,8.4892,0,0,0,0,0,1,0,0,1,0,0,0,0,1,0,0,0
0,0,0,0,3.5426,84.139,8.7753,0,0,3.5426,0,0,0,0,29.282,22.196,17.551,30.972,0,0,0,0,0,8.7753,3.5426,22.196,0,10.465,25.739,7.0853,0,22.196,0,0,0,0,0,1,0,0,1,0,0,0,0,1,0,0,0
0,0,0,0,25.108,50.215,12.339,0,0,12.339,0,0,0,0,24.677,0,62.984,12.339,0,0,0,0,0,12.339,12.339,0,0,25.538,12.339,24.677,12.769,0,0,0,0,0,0,1,0,0,1,0,0,0,0,1,0,0,0
0,0,0,0,0,100,0,0,0,0,0,0,0,0,0,0,100,0,0,0,0,0,0,0,0,0,0,100,0,0,0,0,0,0,0,0,0,1,0,0,1,0,0,0,0,1,0,0,0
0,0,0,0,0,89.867,0,0,0,10.133,0,0,0,0,12.752,12.752,51.611,22.885,0,0,0,0,0,0,0,12.752,0,51.611,12.752,0,10.133,12.752,0,0,0,0,0,1,0,0,1,0,0,0,0,1,0,0,0
0,0,0,0,0,100,0,0,0,0,0,0,0,0,0,11.071,77.857,11.071,0,0,0,0,0,0,0,11.071,0,88.929,0,0,0,0,0,0,0,0,0,1,0,0,1,0,0,0,0,1,0,0,0
0,0,0,0,0,100,0,0,0,0,0,0,0,0,0,0,100,0,0,0,0,0,0,0,0,0,0,100,0,0,0,0,0,0,0,0,0,1,0,0,1,0,0,0,0,1,0,0,0
0,0,0,0,0,100,0,0,0,0,0,0,0,0,0,0,100,0,0,0,0,0,0,0,0,0,0,100,0,0,0,0,0,0,0,0,0,1,0,0,1,0,0,0,0,1,0,0,0
0,0,0,0,0,100,0,0,0,0,0,0,0,0,0,0,100,0,0,0,0,0,0,0,0,0,0,100,0,0,0,0,0,0,0,0,0,1,0,0,1,0,0,0,0,1,0,0,0
0,0,0,0,0,100,0,0,0,0,0,0,0,0,0,0,100,0,0,0,0,0,0,0,0,0,0,100,0,0,0,0,0,0,0,0,0,1,0,0,1,0,0,0,0,1,0,0,0
0,0,0,0,0,100,0,0,0,0,0,0,0,0,0,0,100,0,0,0,0,0,0,0,0,0,0,100,0,0,0,0,0,0,0,0,0,1,0,0,1,0,0,0,0,1,0,0,0
0,0,0,0,0,100,0,0,0,0,0,0,0,0,0,0,100,0,0,0,0,0,0,0,0,0,0,100,0,0,0,0,0,0,0,0,0,1,0,0,1,0,0,0,0,1,0,0,0
0,0,0,0,0,100,0,0,0,0,0,0,0,0,0,0,100,0,0,0,0,0,0,0,0,0,0,100,0,0,0,0,0,0,0,0,0,1,0,0,1,0,0,0,0,1,0,0,0
0,0,0,0,0,100,0,0,0,0,0,0,0,0,0,0,100,0,0,0,0,0,0,0,0,0,0,100,0,0,0,0,0,0,0,0,0,1,0,0,1,0,0,0,0,1,0,0,0
0,0,0,0,0,100,0,0,0,0,0,0,0,0,0,0,100,0,0,0,0,0,0,0,0,0,0,100,0,0,0,0,0,0,0,0,0,1,0,0,1,0,0,0,0,1,0,0,0
0,0,0,0,0,100,0,0,0,0,0,0,0,0,0,0,100,0,0,0,0,0,0,0,0,0,0,100,0,0,0,0,0,0,0,0,0,1,0,0,1,0,0,0,0,1,0,0,0
0,0,0,0,0,100,0,0,0,0,0,0,0,0,0,0,100,0,0,0,0,0,0,0,0,0,0,100,0,0,0,0,0,0,0,0,0,1,0,0,1,0,0,0,0,1,0,0,0
0,0,0,0,0,100,0,0,0,0,0,0,0,0,0,0,100,0,0,0,0,0,0,0,0,0,0,100,0,0,0,0,0,0,0,0,0,1,0,0,1,0,0,0,0,1,0,0,0
0,0,0,0,0,100,0,0,0,0,0,0,0,0,0,0,100,0,0,0,0,0,0,0,0,0,0,100,0,0,0,0,0,0,0,0,0,1,0,0,1,0,0,0,0,1,0,0,0
0,0,0,0,0,100,0,0,0,0,0,0,0,0,0,0,100,0,0,0,0,0,0,0,0,0,0,100,0,0,0,0,0,0,0,0,0,1,0,0,1,0,0,0,0,1,0,0,0
0,0,0,0,0,100,0,0,0,0,0,0,0,0,0,0,100,0,0,0,0,0,0,0,0,0,0,100,0,0,0,0,0,0,0,0,0,1,0,0,1,0,0,0,0,1,0,0,0
0,0,0,0,0,100,0,0,0,0,0,0,0,0,0,0,100,0,0,0,0,0,0,0,0,0,0,100,0,0,0,0,0,0,0,0,0,1,0,0,1,0,0,0,0,1,0,0,0
0,0,0,0,0,100,0,0,0,0,0,0,0,0,0,0,100,0,0,0,0,0,0,0,0,0,20.887,79.113,0,0,0,0,0,0,0,0,0,1,0,0,1,0,0,0,0,1,0,0,0
0,0,0,0,8.05,91.95,0,0,0,0,0,0,0,0,8.05,0,83.9,8.05,0,0,0,0,0,0,0,0,15.871,68.029,8.05,8.05,0,0,0,0,0,0,0,1,0,0,1,0,0,0,0,1,0,0,0
0,0,0,0,15.402,71.183,6.7073,0,6.7073,0,0,0,0,4.9932,10.409,11.7,59.483,6.7073,0,6.7073,0,0,0,0,0,11.7,0,42.367,13.415,10.409,10.409,11.7,0,0,0,0,0,1,0,0,1,0,0,0,0,1,0,0,0
0,0,0,0,0,100,0,0,0,0,0,0,0,0,0,0,100,0,0,0,0,0,0,0,0,0,5.0683,94.932,0,0,0,0,0,0,0,0,0,1,0,0,1,0,0,0,0,1,0,0,0
0,0,0,0,7.836,92.164,0,0,0,0,0,0,0,7.836,0,7.836,84.328,0,0,0,0,0,0,0,0,7.836,0,84.328,0,0,0,7.836,0,0,0,0,0,1,0,0,1,0,0,0,0,1,0,0,0
0,0,0,0,30.274,69.726,0,0,0,0,0,0,0,9.6972,4.8598,15.717,64.867,4.8598,0,0,0,0,0,0,0,9.6972,0,39.453,4.8598,14.557,15.717,15.717,0,0,0,0,0,1,0,0,1,0,0,0,0,1,0,0,0
0,0,0,0,37.724,62.276,0,0,0,0,0,0,0,0,12.276,25.447,50,12.276,0,0,0,0,0,0,0,0,0,24.553,12.276,12.276,25.447,25.447,0,0,0,0,0,1,0,0,1,0,0,0,0,1,0,0,1
16.502,0,22.332,0,0,22.332,22.332,0,0,0,16.502,38.834,0,22.332,0,0,0,0,0,16.502,0,22.332,16.502,22.332,0,38.834,0,0,0,0,0,22.332,0,0,0,0,0,1,0,0,1,0,0,0,0,1,0,0,1
0,0,0,0,35.013,64.987,0,0,0,0,0,0,0,14.987,20.025,14.987,50,0,0,0,0,0,0,0,0,14.987,0,29.975,0,20.025,20.025,14.987,0,0.013245,0,0.0066225,0.50993,0.4702,0,0,1,0,0,0,0,1,0,0,1
27.676,0,0,0,0,44.648,0,0,0,0,27.676,27.676,0,0,0,0,44.648,0,0,27.676,0,0,27.676,0,0,27.676,0,0,44.648,0,0,0,0,0,0,0.016393,0.19672,0.78689,0,0,1,0,0,0,0,1,0,0,1
0,0,0,0,14.316,85.684,0,0,0,0,0,0,0,0,0,0,100,0,0,0,0,0,0,0,0,0,0,85.684,0,14.316,0,0,0,0,0,0,0,1,0,0,1,0,0,0,0,1,0,0,0
0,0,0,0,21.975,78.025,0,0,0,0,0,0,0,15.505,0,6.4695,78.025,0,0,0,0,0,0,0,0,15.505,0,62.52,0,21.975,0,0,0,0,0,0,0,1,0,0,1,0,0,0,0,1,0,0,0
0,0,0,0,30.157,69.843,0,0,0,0,0,0,0,9.5284,0,9.5284,80.943,0,0,0,0,0,0,0,0,9.5284,0,60.314,0,20.629,0,9.5284,0,0,0,0,0.15702,0.84298,0,0,1,0,0,0,0,1,0,0,1
0,0,0,0,16.773,83.227,0,0,0,0,0,0,0,0,0,16.773,83.227,0,0,0,0,0,0,0,0,0,0,83.227,0,16.773,0,0,0,0,0,0,0,1,0,0,1,0,0,0,0,1,0,0,0
0,0,0,0,17.8,82.2,0,0,0,0,0,0,0,0,0,9.3751,71.875,9.3751,0,9.3751,0,0,0,0,9.3751,9.3751,0,63.45,0,17.8,0,0,0,0,0,0,0,1,0,0,1,0,0,0,0,1,0,0,0
0,0,0,0,10.856,89.144,0,0,0,0,0,0,0,0,0,24.121,39.768,11.423,18.056,6.6326,0,0,0,0,6.6326,11.423,0,46.4,6.6326,10.856,0,0,18.056,0.071038,0.0054645,0.071038,0.3388,0.51366,0,0,1,0,0,0,0,1,0,0,1
0,0,0,0,0,100,0,0,0,0,0,0,0,0,0,0,66.14,16.93,16.93,0,0,0,0,0,0,16.93,0,16.93,49.21,0,0,0,16.93,0.010417,0,0.010417,0.03125,0.94792,0,0,1,0,0,0,0,1,0,0,1
33.622,0,0,0,0,66.378,0,0,0,0,0,0,0,0,0,0,66.378,0,0,33.622,0,0,33.622,0,0,0,0,16.378,50,0,0,0,0,0.12069,0,0,0.17241,0.7069,0,0,1,0,0,0,0,1,0,0,1
0,0,0,0,11.647,88.353,0,0,0,0,0,0,0,0,0,23.509,41.335,11.647,5.9312,17.578,0,0,0,0,17.578,11.647,0,29.564,23.633,11.647,0,0,5.9312,0.025316,0,0,0.075949,0.89873,0,0,1,0,0,0,0,1,0,0,1
3.4879,23.648,0,0,0,40.312,13.882,0,0,6.2912,12.379,0,0,12.379,22.774,5.2915,19.545,16.462,13.77,6.1792,3.5998,0,0,27.653,20.957,6.1792,0,11.583,18.558,0,11.471,0,3.5998,0.16418,0,0.014925,0.059701,0.76119,0,0,1,0,0,0,0,1,0,0,1
0,33.105,0,0,6.7916,20.097,4.1292,0,0,20.233,15.645,0,0,15.645,8.2585,6.7916,31.935,16.103,0,17.137,4.1292,0,0,4.1292,21.725,11.38,0,15.509,15.509,0,21.861,0,9.8869,0,0,0,0,1,0,0,1,0,0,0,0,1,0,0,1
0,0,0,0,0,100,0,0,0,0,0,0,0,0,0,13.454,86.546,0,0,0,0,0,0,0,0,0,0,100,0,0,0,0,0,0,0,0,0,1,0,0,1,0,0,0,0,1,0,0,0
0,0,0,0,0,100,0,0,0,0,0,0,0,0,0,9.5143,90.486,0,0,0,0,0,0,0,0,0,0,100,0,0,0,0,0,0,0,0,0,1,0,0,1,0,0,0,0,1,0,0,0
0,0,0,0,0,100,0,0,0,0,0,0,0,0,0,18.807,73.283,0,3.9549,3.9549,0,0,0,0,3.9549,0,10.897,71.79,9.4034,0,0,0,3.9549,0,0,0,0,1,0,0,1,0,0,0,0,1,0,0,0
0,0,0,0,0,100,0,0,0,0,0,0,0,0,0,0,85.747,14.253,0,0,0,0,0,0,0,0,14.253,85.747,0,0,0,0,0,0,0,0,0,1,0,0,1,0,0,0,0,1,0,0,0
0,0,0,0,0,100,0,0,0,0,0,0,0,0,0,0,100,0,0,0,0,0,0,0,0,0,0,100,0,0,0,0,0,0,0,0,0,1,0,0,1,0,0,0,0,1,0,0,0
0,0,0,0,0,100,0,0,0,0,0,0,0,0,0,4.5526,95.447,0,0,0,0,0,0,0,0,0,17.408,82.592,0,0,0,0,0,0,0,0,0,1,0,0,1,0,0,0,0,1,0,0,0
0,0,0,0,5.7707,88.459,0,0,0,0,5.7707,0,0,0,0,19.399,66.136,0,4.3468,10.118,0,0,0,0,4.3468,0,11.416,64.002,4.3468,5.7707,5.7707,0,4.3468,0,0,0,0,1,0,0,1,0,0,0,0,1,0,0,0
0,0,0,0,0,100,0,0,0,0,0,0,0,0,0,7.2907,92.709,0,0,0,0,0,0,0,0,0,7.2907,89.064,3.6453,0,0,0,0,0,0,0,0,1,0,0,1,0,0,0,0,1,0,0,0
0,0,0,0,0,100,0,0,0,0,0,0,0,0,0,0,100,0,0,0,0,0,0,0,0,0,0,100,0,0,0,0,0,0,0,0,0,1,0,0,1,0,0,0,0,1,0,0,0
0,0,0,0,0,100,0,0,0,0,0,0,0,0,0,5.0906,94.909,0,0,0,0,0,0,0,0,0,0,89.819,10.181,0,0,0,0,0,0,0,0,1,0,0,1,0,0,0,0,1,0,0,0
0,0,0,0,0,100,0,0,0,0,0,0,0,0,0,0,100,0,0,0,0,0,0,0,0,0,0,94.95,5.0503,0,0,0,0,0,0,0,0,1,0,0,1,0,0,0,0,1,0,0,0
0,0,0,0,0,100,0,0,0,0,0,0,0,0,0,9.6864,90.314,0,0,0,0,0,0,0,0,0,0,80.627,19.373,0,0,0,0,0,0,0,0,1,0,0,1,0,0,0,0,1,0,0,0
0,0,0,0,5.7962,94.204,0,0,0,0,0,0,0,0,5.7962,5.7962,82.611,5.7962,0,0,0,0,0,0,0,0,0,81.128,13.076,5.7962,0,0,0,0,0,0,0,1,0,0,1,0,0,0,0,1,0,0,0
0,0,0,0,0,100,0,0,0,0,0,0,0,0,0,6.5491,93.451,0,0,0,0,0,0,0,0,0,0,86.902,13.098,0,0,0,0,0,0,0,0,1,0,0,1,0,0,0,0,1,0,0,0
0,0,0,0,0,100,0,0,0,0,0,0,0,0,0,0,100,0,0,0,0,0,0,0,0,0,21.303,78.697,0,0,0,0,0,0,0,0,0,1,0,0,1,0,0,0,0,1,0,0,0
4.615,0,0,0,0,95.385,0,0,0,0,0,0,0,0,0,0,100,0,0,0,0,0,0,0,0,4.615,0,87.407,7.978,0,0,0,0,0,0,0,0,1,0,0,1,0,0,0,0,1,0,0,0
3.9551,11.273,0,0,0,17.83,5.9643,0,0,28.511,32.466,0,0,32.466,11.929,0,3.9551,26.502,3.9551,15.229,5.9643,0,0,9.9194,11.273,3.9551,0,5.9643,13.874,0,37.775,0,17.238,0,0,0,0.125,0.875,0,0,1,0,0,0,0,1,0,0,1
3.1029,26.249,0,0,19.63,28.436,0,0,0,6.9986,15.584,0,0,15.584,5.4824,8.8529,46.904,10.102,3.1029,9.9728,0,0,0,3.1029,22.878,6.4735,0,13.645,31.318,0,19.083,0,3.4993,0.092308,0,0.015385,0.076923,0.81538,0,0,1,0,0,0,0,1,0,0,1
0,0,0,0,14.845,85.155,0,0,0,0,0,0,0,0,0,0,81.512,18.488,0,0,0,0,0,0,0,0,0,51.821,33.333,0,0,0,14.845,0,0.011765,0.011765,0.023529,0.95294,0,0,1,0,0,0,0,1,0,0,0
0,0,0,0,0,100,0,0,0,0,0,0,0,0,0,0,87.331,12.669,0,0,0,0,0,0,0,0,0,92.747,7.2527,0,0,0,0,0,0.016949,0,0,0.98305,0,0,1,0,0,0,0,1,0,0,0
0,0,0,0,0,100,0,0,0,0,0,0,0,0,0,0,90.072,9.9282,0,0,0,0,0,0,0,0,0,80.654,19.346,0,0,0,0,0,0,0,0.024096,0.9759,0,0,1,0,0,0,0,1,0,0,0
0,0,0,0,0,100,0,0,0,0,0,0,0,0,0,0,79.011,20.989,0,0,0,0,0,0,0,0,0,100,0,0,0,0,0,0,0,0,0,1,0,0,1,0,0,0,0,1,0,0,0
0,0,0,0,21.852,78.148,0,0,0,0,0,0,0,0,0,0,100,0,0,0,0,0,0,0,21.852,0,0,36.065,20.232,0,0,0,21.852,0,0,0,0,1,0,0,1,0,0,0,0,1,0,0,0
36.445,0,0,0,18.222,45.333,0,0,0,0,0,0,0,18.222,0,0,63.555,0,18.222,0,0,0,18.222,0,18.222,0,0,22.667,22.667,0,0,18.222,0,0,0,0,0,1,0,0,1,0,0,0,0,1,0,0,0
0,0,0,0,13.342,86.658,0,0,0,0,0,0,0,0,0,0,89.992,10.008,0,0,0,0,0,0,0,0,0,63.307,23.35,0,0,0,13.342,0,0,0,0,1,0,0,1,0,0,0,0,1,0,0,0
0,0,0,0,0,100,0,0,0,0,0,0,0,0,0,0,100,0,0,0,0,0,0,0,0,0,0,87.573,12.427,0,0,0,0,0,0,0,0,1,0,0,1,0,0,0,0,1,0,0,0
0,0,0,0,29.052,70.948,0,0,0,0,0,0,0,0,0,0,100,0,0,0,0,0,0,0,0,0,0,27.93,43.017,0,0,29.052,0,0,0,0,0,1,0,0,1,0,0,0,0,1,0,0,0
0,0,0,0,0,100,0,0,0,0,0,0,0,0,0,0,100,0,0,0,0,0,0,0,0,0,0,100,0,0,0,0,0,0,0,0,0,1,0,0,1,0,0,0,0,1,0,0,0
21.91,0,0,0,0,43.27,0,0,0,20.785,14.036,0,6.7488,0,24.716,18.516,24.754,11.768,6.7488,6.7488,0,0,14.036,0,0,11.768,39.339,21.36,0,6.7488,6.7488,0,0,0,0,0,0,1,0,0,1,0,0,0,0,1,0,0,0
45.483,0,0,0,0,30.03,3.8758,0,0,6.516,14.095,0,9.1562,0,17.495,28.16,0,25.043,6.8095,13.336,0,0,3.4101,3.8758,0,28.453,35.263,13.326,0,7.9207,3.8758,0,3.8758,0,0,0,0,1,0,0,1,0,0,0,0,1,0,0,0
36.57,0,0,0,0,36.57,13.43,0,0,0,13.43,13.43,0,13.43,0,0,36.57,0,0,36.57,0,0,36.57,0,0,26.861,0,0,36.57,0,0,0,0,0,0,0,0,1,0,0,1,0,0,0,0,1,0,0,1
35.782,0,0,0,0,51.85,0,0,0,3.6963,8.6721,0,0,0,31.717,0,55.546,6.3686,6.3686,0,0,0,5.9998,0,0,10.065,38.697,45.238,0,0,0,0,0,0,0,0,0,1,0,0,1,0,0,0,0,1,0,0,0
39.728,8.1908,0,0,5.7202,43.89,0,0,0,0,2.4706,5.7202,5.7202,0,0,2.4706,58.034,2.4706,0,5.7202,0,19.864,8.1908,0,0,0,22.335,58.034,5.7202,0,5.7202,0,0,0,0,0,0,1,0,0,1,0,0,0,0,1,0,0,0
18.39,3.9895,0,0,2.2225,52.396,0,0,0,0,23.002,2.2225,16.167,0,7.2904,15.712,52.396,1.767,0,2.2225,0,2.2225,11.28,0,0,0,3.9895,66.341,16.167,0,2.2225,0,0,0,0,0,0,1,0,0,1,0,0,0,0,1,0,0,0
21.586,0,0,0,0,70.44,0,0,0,2.4274,5.5469,0,0,0,10.4,3.1195,78.46,0,0,0,0,8.0205,5.5469,0,0,3.1195,15.299,76.035,0,0,0,0,0,0,0,0,0,1,0,0,1,0,0,0,0,1,0,0,0
0,0,0,0,14.155,76.775,0,0,0,0,9.0693,0,0,0,0,26.097,45.74,9.5469,4.4608,14.155,0,0,0,0,5.0861,9.5469,17.527,35.926,4.2287,14.155,9.0693,0,4.4608,0,0,0,0,1,0,0,1,0,0,0,0,1,0,0,0
16.272,6.9641,0,0,2.7884,53.466,0,0,0,0,20.51,3.7602,6.9971,0,0,16.75,56.223,10.724,0,2.7884,0,2.7575,6.9641,0,0,0,20.03,56.671,6.9971,6.5486,2.7884,0,0,0,0,0,0,1,0,0,1,0,0,0,0,1,0,0,0
25.178,7.3535,0,0,7.3535,54.274,0,0,0,0,5.8412,10.004,10.545,0,0,3.1911,56.589,2.6502,0,7.3535,0,9.6684,7.3535,0,0,0,19.156,52.942,10.545,2.6502,7.3535,0,0,0,0,0,0,1,0,0,1,0,0,0,0,1,0,0,0
23.769,6.5677,0,0,0,48.325,0,0,0,9.8468,11.491,0,18.059,0,4.9234,17.201,43.402,0,4.9234,11.491,0,0,4.9234,0,0,18.846,16.415,43.402,0,4.9234,4.9234,0,6.5677,0,0,0,1,0,0,0,1,0,0,0,0,1,0,0,0
38.838,0,0,0,0,13.15,0,0,0,26.3,21.713,0,13.15,0,30.275,13.15,0,8.5628,21.713,13.15,0,0,13.15,0,0,8.5628,43.425,8.5628,0,13.15,13.15,0,0,0,0,0,0,1,0,0,1,0,0,0,0,1,0,0,0
36.202,5.1405,0,0,0,29.656,0,0,0,11.568,17.434,0,10.281,0,0,12.294,47.697,0,0,29.728,0,0,12.294,0,0,23.908,17.434,29.656,0,0,11.568,0,5.1405,0,0,0,1,0,0,0,1,0,0,0,0,1,0,0,0
11.098,0,0,0,0,70.366,0,0,0,18.536,0,0,0,0,0,11.098,70.366,18.536,0,0,0,0,0,0,0,11.098,0,70.366,0,0,18.536,0,0,0,0,0,1,0,0,0,1,0,0,0,0,1,0,0,0
25.089,0,0,0,0,54.428,0,0,0,6.1834,14.3,0,0,0,20.483,8.1163,71.401,0,0,0,0,0,14.3,0,0,25.089,6.1834,54.428,0,0,0,0,0,0,0,0,1,0,0,0,1,0,0,0,0,1,0,0,0
10.046,0,0,0,0,54.692,0,0,0,14.657,20.605,0,0,0,38.611,0,54.692,3.3487,3.3487,0,0,0,17.256,0,0,3.3487,21.355,58.041,0,0,0,0,0,0,0,0,0,1,0,0,1,0,0,0,0,1,0,0,0
22.485,0,0,0,0,52.474,0,0,0,25.042,0,0,0,0,16.266,6.2187,77.515,0,0,0,0,0,16.266,0,0,22.485,0,52.474,0,0,8.7759,0,0,0,0,0,1,0,0,0,1,0,0,0,0,1,0,0,0
10.21,0,0,0,0,69.088,0,0,0,20.702,0,0,0,0,0,0,100,0,0,0,0,0,0,0,0,10.21,0,69.088,0,0,20.702,0,0,0,0,0,1,0,0,0,1,0,0,0,0,1,0,0,0
0,0,0,0,0,80.158,0,0,0,19.842,0,0,0,0,0,8.6099,82.78,8.6099,0,0,0,0,0,0,0,8.6099,0,71.548,0,0,19.842,0,0,0,0,0,0,1,0,0,1,0,0,0,0,1,0,0,0
0,0,0,0,0,82.234,0,0,0,17.766,0,0,0,0,0,0,82.234,17.766,0,0,0,0,0,0,0,0,0,82.234,0,0,17.766,0,0,0,0,0,0,1,0,0,1,0,0,0,0,1,0,0,0
0,0,0,0,0,79.887,0,0,0,20.113,0,0,0,0,0,0,100,0,0,0,0,0,0,0,0,0,0,79.887,0,0,20.113,0,0,0,0,0,0,1,0,0,1,0,0,0,0,1,0,0,0
0,0,0,0,0,66.667,0,0,0,33.333,0,0,0,0,0,0,100,0,0,0,0,0,0,0,0,0,0,66.667,0,0,33.333,0,0,0,0,0,0,1,0,0,1,0,0,0,0,1,0,0,0
20.827,0,0,0,0,53.38,0,0,0,8.1399,17.653,0,0,0,13.106,12.687,61.519,0,0,0,12.687,0,13.106,0,0,20.827,0,66.067,0,0,0,0,0,0,0,0,1,0,0,0,1,0,0,0,0,1,0,0,0
4.5117,0,0,0,0,82.856,0,0,0,0,12.633,0,0,0,17.144,0,82.856,0,0,0,0,0,12.633,0,0,0,9.0233,78.344,0,0,0,0,0,0,0,0,0,1,0,0,1,0,0,0,0,1,0,0,0
13.453,0,0,0,0,52.545,5.2383,0,0,10.073,18.691,0,0,5.2383,23.929,13.453,52.142,0,0,0,5.2383,0,13.453,5.2383,0,13.453,0,52.545,5.2383,0,4.8351,0,5.2383,0,0,0,1,0,0,0,1,0,0,0,0,1,0,0,0
4.9091,0,0,0,0,74.797,0,0,0,15.385,4.9091,0,0,0,0,4.9091,90.182,0,0,0,4.9091,0,0,0,0,4.9091,0,79.706,0,0,15.385,0,0,0,0,0,1,0,0,0,1,0,0,0,0,1,0,0,0
5.4118,20.316,0,0,0,31.449,8.6111,0,0,11.397,22.815,0,0,17.404,14.618,11.419,16.831,20.008,8.6111,5.6983,5.4118,0,0,17.222,20.316,5.4118,0,22.242,6.007,0,23.102,0,5.6983,0,0,0,0.85366,0.14634,0,0,1,0,0,0,0,1,0,0,0
0,10.793,0,0,0,78.414,0,0,0,0,10.793,0,0,0,0,10.793,78.414,10.793,0,0,0,0,10.793,0,0,0,10.793,78.414,0,0,0,0,0,0,0,0,0,1,0,0,1,0,0,0,0,1,0,0,0
10.793,0,0,0,0,64.207,0,0,0,14.207,10.793,0,0,0,0,10.793,78.414,0,0,0,10.793,0,0,0,0,10.793,0,75,0,0,14.207,0,0,0,0,0,1,0,0,0,1,0,0,0,0,1,0,0,0
0,0,0,0,0,84.56,0,0,0,15.44,0,0,0,0,0,0,100,0,0,0,0,0,0,0,0,0,0,84.56,0,0,15.44,0,0,0,0,0,0,1,0,0,1,0,0,0,0,1,0,0,0
0,0,0,0,0,75,0,0,0,25,0,0,0,0,0,0,100,0,0,0,0,0,0,0,0,0,0,75,0,0,25,0,0,0,0,0,0,1,0,0,1,0,0,0,0,1,0,0,0
0,33.829,0,0,25.577,32.039,0,0,0,2.5104,6.0443,0,0,6.0443,6.0443,6.0443,76.846,2.5104,0,2.5104,0,0,0,0,31.319,2.5104,0,23.484,34.132,0,8.5548,0,0,0,0,0,0,1,0,0,1,0,0,0,0,1,0,0,1
0,0,0,0,0,88.175,0,0,0,11.825,0,0,0,0,0,0,100,0,0,0,0,0,0,0,0,0,0,88.175,0,0,11.825,0,0,0,0,0,0,1,0,0,1,0,0,0,0,1,0,0,0
0,0,0,0,0,100,0,0,0,0,0,0,0,0,0,0,100,0,0,0,0,0,0,0,0,0,15.23,84.77,0,0,0,0,0,0,0,0,0,1,0,0,1,0,0,0,0,1,0,0,0
11.451,3.07,0,0,3.07,77.098,0,0,0,0,5.3109,8.3809,3.07,0,0,25.363,36.07,5.3109,7.8328,10.903,0,3.07,3.07,0,7.8328,0,23.389,33.743,15.751,5.3109,3.07,0,7.8328,0,0,0,0,1,0,0,1,0,0,0,0,1,0,0,0
8.262,6.8883,0,0,9.4306,67.362,0,0,0,0,8.0569,4.131,4.131,0,0,8.0569,67.362,2.7573,0,9.4306,0,4.131,6.8883,0,0,0,26.055,48.195,4.131,5.2996,9.4306,0,0,0,0,0,0,1,0,0,1,0,0,0,0,1,0,0,0
24.275,2.9591,0,0,0,60.387,0,0,0,0,12.378,9.4192,0,0,0,2.9591,60.387,27.235,0,0,0,0,2.9591,0,0,0,21.797,65.824,0,9.4192,0,0,0,0,0,0,0,1,0,0,1,0,0,0,0,1,0,0,0
0,0,0,0,0,100,0,0,0,0,0,0,0,0,0,7.5363,92.464,0,0,0,0,0,0,0,0,22.693,19.461,54.078,3.7682,0,0,0,0,0,0,0,0,1,0,0,1,0,0,0,0,1,0,0,0
13.903,0,0,0,0,86.097,0,0,0,0,0,6.9516,0,0,0,0,86.097,6.9516,0,0,0,0,0,0,0,6.9516,6.9516,86.097,0,0,0,0,0,0,0,0,0,1,0,0,1,0,0,0,0,1,0,0,0
19.685,0,0,0,4.6461,66.377,4.6461,0,4.6461,0,0,13.938,0,0,0,0,75.516,10.546,0,0,0,0,4.6461,0,0,11.181,18.431,61.096,0,0,0,0,4.6461,0,0,0,0,1,0,0,1,0,0,0,0,1,0,0,0
0,0,0,0,0,82.564,0,0,17.436,0,0,0,0,0,0,0,82.564,17.436,0,0,0,0,0,0,0,0,17.436,65.128,0,0,0,0,17.436,0,0,0,0,1,0,0,1,0,0,0,0,1,0,0,0
5.1676,0,0,0,6.2641,76.04,6.2641,0,6.2641,0,0,18.792,0,0,0,0,74.943,6.2641,0,0,0,0,6.2641,0,0,5.1676,33.401,48.903,0,0,0,0,6.2641,0,0,0,0,1,0,0,1,0,0,0,0,1,0,0,0
9.0237,0,0,0,3.7128,69.383,9.7477,0,8.1326,0,0,17.972,0,0,0,0,69.383,12.644,0,0,0,0,9.7477,0,0,4.5118,20.07,53.825,3.7128,0,0,0,8.1326,0,0,0,0,1,0,0,1,0,0,0,0,1,0,0,0
10.477,0,0,0,0,82.089,0,0,7.4342,0,0,0,0,0,0,5.3861,87.18,7.4342,0,0,0,0,0,0,5.0908,5.3861,18.207,63.882,0,0,0,0,7.4342,0,0,0,0,1,0,0,1,0,0,0,0,1,0,0,0
8.8008,0,0,0,8.928,82.271,0,0,0,0,0,8.928,0,0,0,6.0578,82.595,2.4193,0,0,0,0,0,0,2.4193,6.3815,24.569,50.99,15.641,0,0,0,0,0,0,0,0,1,0,0,1,0,0,0,0,1,0,0,0
6.6688,0,0,0,2.2606,84.029,4.7814,0,2.2606,0,0,9.3025,0,0,0,16.999,71.438,2.2606,0,0,0,0,4.7814,0,0,6.6688,24.555,52.778,8.9567,0,0,0,2.2606,0,0,0,0,1,0,0,1,0,0,0,0,1,0,0,0
24.175,20.685,0,0,0,26.198,5.2346,0,0,13.585,10.122,0,0,18.7,5.2346,7.0188,13.852,41.436,5.2346,8.5242,0,0,0,10.469,17.222,27.638,0,10.482,10.482,0,18.647,0,5.0612,0.041667,0,0.020833,0.60417,0.33333,0,0,1,0,0,0,0,1,0,0,1
15.786,0,0,0,0,84.214,0,0,0,0,0,4.4535,0,0,0,0,91.093,4.4535,0,0,0,0,0,0,0,4.4535,31.849,63.698,0,0,0,0,0,0,0,0,0,1,0,0,1,0,0,0,0,1,0,0,0
53.329,0,0,0,0,32.999,0,0,0,0,13.671,0,8.0148,29.493,0,8.0148,13.671,29.493,5.6566,5.6566,0,0,0,5.6566,8.0148,53.329,0,16.03,11.313,0,5.6566,0,0,0,0,0,1,0,0,0,1,0,0,0,0,1,0,0,0
33.463,0,0,0,0,60.347,6.1903,0,0,0,0,18.766,0,0,0,0,60.347,20.888,0,0,0,0,6.1903,0,0,12.575,12.575,68.659,0,0,0,0,0,0,0,0,0,1,0,0,1,0,0,0,0,1,0,0,0
28.989,0,0,0,0,64.494,0,0,0,0,6.5172,0,0,6.5172,0,22.471,6.5172,51.46,6.5172,6.5172,0,0,0,6.5172,0,28.989,0,22.471,35.506,0,6.5172,0,0,0.072072,0,0,0.92793,0,0,0,1,0,0,0,0,1,0,0,0
0,40.821,0,0,44.983,12.22,0,0,0,1.9764,0,0,0,0,0,8.2671,79.513,1.9764,0,10.244,0,0,0,0,30.578,10.244,0,10.244,46.959,0,1.9764,0,0,0,0,0,0,1,0,0,1,0,0,0,0,1,0,0,1
0,0,0,0,0,100,0,0,0,0,0,0,0,0,0,0,100,0,0,0,0,0,0,0,0,0,33.333,66.667,0,0,0,0,0,0,0,0,0,1,0,0,1,0,0,0,0,1,0,0,0
0,0,0,0,0,100,0,0,0,0,0,0,0,0,0,0,100,0,0,0,0,0,0,0,0,0,48.318,51.682,0,0,0,0,0,0,0,0,0,1,0,0,1,0,0,0,0,1,0,0,0
0,38.676,0,0,26.286,32.121,0,0,0,2.9175,0,0,0,0,0,3.6373,86.891,2.9175,0,6.5547,0,0,0,0,32.121,6.5547,0,29.203,29.203,0,2.9175,0,0,0.22581,0,0.096774,0.032258,0.64516,0,0,1,0,0,0,0,1,0,0,1
13.675,0,0,0,29.487,50.563,0,0,0,0,6.2742,0,6.2742,0,0,7.4008,58.975,21.076,6.2742,0,0,0,6.2742,0,29.487,7.4008,0,19.949,7.4008,0,0,0,29.487,0,0,0,1,0,0,0,1,0,0,0,0,1,0,0,0
6.676,0,0,0,14.07,59.504,9.8753,0,9.8753,0,0,33.82,0,0,0,3.8998,52.405,9.8753,0,0,0,0,9.8753,0,0,0,28.84,43.315,8.0942,0,0,0,9.8753,0,0,0,0,1,0,0,1,0,0,0,0,1,0,0,0
0,0,0,0,12.47,66.667,0,0,0,0,20.864,0,20.864,0,0,20.864,58.272,0,0,0,0,0,0,0,20.864,0,0,54.197,12.47,0,0,0,12.47,0,0,0,0,1,0,0,1,0,0,0,0,1,0,0,0
51.217,0,0,0,23,20.666,0,0,0,0,5.1161,0,5.1161,28.217,0,5.1161,33.333,5.2171,23,0,0,0,28.217,0,33.333,0,0,15.449,0,0,0,23,0,0,0,0,1,0,0,0,1,0,0,0,0,1,0,0,0
2.4573,0,0,0,9.8643,84.63,3.0488,0,0,0,0,12.913,0,0,0,6.0505,81.036,0,0,0,0,0,3.0488,0,0,2.4573,26.44,48.221,19.833,0,0,0,0,0,0,0,0,1,0,0,1,0,0,0,0,1,0,0,0
25.388,0,0,0,11.918,42.02,0,0,0,0,20.674,0,20.674,4.7145,0,0,28.55,25.388,20.674,0,0,0,25.388,0,4.7145,0,0,46.062,11.918,0,0,11.918,0,0,0,0,0,1,0,0,1,0,0,0,0,1,0,0,0
0,14.475,0,0,0,85.525,0,0,0,0,0,0,2.8603,8.7545,0,0,71.02,14.505,0,2.8603,0,0,0,0,0,14.475,0,85.525,0,0,0,0,0,0,0.076923,0,0.076923,0.84615,0,0,1,0,0,0,0,1,0,0,0
0,39.191,0,0,0,60.809,0,0,0,0,0,0,5.2297,14.366,0,0,54.428,6.3813,0,19.595,0,0,0,0,0,39.191,0,60.809,0,0,0,0,0,0,0,0,0,1,0,0,1,0,0,0,0,1,0,0,0
0,12.026,0,0,0,87.974,0,0,0,0,0,0,6.0131,0,0,0,77.708,10.266,0,6.0131,0,0,0,0,0,12.026,0,87.974,0,0,0,0,0,0,0,0,0,1,0,0,1,0,0,0,0,1,0,0,0
0,28.915,0,0,0,59.71,0,0,0,11.375,0,0,5.6877,16.416,0,0,51.527,10.116,1.9332,14.32,0,0,0,0,0,28.915,0,59.71,0,1.9332,7.509,0,1.9332,0,0,0,0,1,0,0,1,0,0,0,0,1,0,0,0
0,30.508,0,0,0,61.015,0,0,0,8.4773,0,0,12.301,12.264,0,0,48.751,14.383,2.1193,10.182,0,0,0,0,0,30.508,0,61.015,0,2.1193,4.2387,0,2.1193,0,0,0,0,1,0,0,1,0,0,0,0,1,0,0,0
0,1.6425,0,0,0,53.727,25.36,0,0,19.271,0,0,3.285,0,2.766,11.616,44.877,17.747,18.066,1.6425,0,0,0,0,0,17.109,21.508,42.112,0,1.6425,7.774,0,9.8544,0,0,0,0.72727,0.27273,0,0,1,0,0,0,0,1,0,0,1
0,0,0,0,0,47.545,43.225,0,0,9.23,0,0,5.4332,0,16.997,14.663,49.88,7.5936,5.4332,0,0,0,0,0,0,31.661,15.361,43.749,0,5.4332,3.7968,0,0,0,0,0,0.41667,0.58333,0,0,1,0,0,0,0,1,0,0,1
0,8.8562,2.7551,0,0,64.228,0,0,0,24.161,0,0,13.144,0,0,4.9954,59.232,6.729,3.974,9.1702,0,2.7551,0,0,0,11.611,0,59.232,4.9954,3.974,13.458,2.7551,3.974,0,0,0,0,1,0,0,1,0,0,0,0,1,0,0,0
0,0,0,0,0,89.536,0,0,0,10.464,0,0,5.232,0,0,4.7058,84.83,0,0,5.232,0,0,0,0,0,0,0,84.83,4.7058,0,10.464,0,0,0,0,0,0,1,0,0,1,0,0,0,0,1,0,0,0
0,11.605,1.6257,0,0,45.407,16.621,0,0,24.741,0,0,9.6901,3.4213,2.0307,5.4844,41.953,4.4717,20.242,11.081,0,1.6257,0,0,0,29.852,1.423,43.984,0,2.0307,11.979,1.6257,9.1058,0,0,0,0,1,0,0,1,0,0,0,0,1,0,0,0
0,4.75,0,0,0,43.56,21.641,0,0,30.049,0,0,14.796,0,5.2962,16.345,32.511,16.255,10.046,4.75,0,0,0,0,0,26.391,5.7527,37.807,0,10.046,15.253,0,4.75,0.041667,0,0.020833,0.10417,0.83333,0,0,1,0,0,0,0,1,0,0,1
0,0,11.406,0,0,76.527,0,0,0,12.067,0,0,6.0336,0,5.7028,5.7028,70.824,0,0,6.0336,0,5.7028,0,5.7028,0,5.7028,0,59.076,17.451,0,12.067,0,0,0,0,0,0,1,0,0,1,0,0,0,0,1,0,0,0
0,2.0072,11.22,0,0,52.869,0,0,0,33.904,0,0,17.268,0,7.3651,3.8551,49.014,4.8848,2.0072,11.751,0,3.8551,0,7.3651,0,5.8623,6.6176,38.541,7.7102,2.0072,13.144,16.745,2.0072,0,0,0,0,1,0,0,1,0,0,0,0,1,0,0,0
0,0,7.0752,0,0,68.108,0,0,0,24.816,0,0,7.0752,0,3.1313,0,68.108,13.797,0,3.9439,0,3.9439,0,3.1313,0,3.9439,3.6363,60.836,0,0,17.741,7.0752,3.6363,0,0,0,0,1,0,0,1,0,0,0,0,1,0,0,1
0,1.0243,0,0,0,47.568,33.829,0,0,17.578,0,0,6.0434,0,8.7323,12.422,43.879,7.0042,20.895,1.0243,0,0,0,0,0,25.684,13.601,43.136,0,5.0192,3.5965,0,8.9623,0,0,0,0,1,0,0,1,0,0,0,0,1,0,0,1
0,0,0,0,0,70.457,23.063,0,0,6.4802,0,0,2.2158,0,2.2158,20.847,51.825,20.68,2.2158,0,0,0,0,0,0,10.912,28.567,54.041,0,2.2158,4.2645,0,0,0,0,0,0,1,0,0,1,0,0,0,0,1,0,0,1
0,0,1.5641,0,0,72.885,1.4432,0,0,24.108,0,0,10.55,0,0,1.4432,71.441,4.4506,0,10.55,0,1.5641,0,0,0,3.0073,10.43,62.455,0,0,4.5714,19.537,0,0,0,0,0,1,0,0,1,0,0,0,0,1,0,0,1
0,0,0,0,0,76.43,14.487,0,0,9.0836,0,0,0,0,6.1373,2.2122,80.355,11.296,0,0,0,0,0,0,0,8.3494,8.3494,74.218,0,0,9.0836,0,0,0,0,0,0,1,0,0,1,0,0,0,0,1,0,0,1
0,0,0,0,0,100,0,0,0,0,0,0,0,0,0,0,100,0,0,0,0,0,0,0,0,0,0,100,0,0,0,0,0,0,0,0,0,1,0,0,1,0,0,0,0,1,0,0,0
0,0,0,0,0,100,0,0,0,0,0,0,0,0,0,0,100,0,0,0,0,0,0,0,0,0,0,100,0,0,0,0,0,0,0,0,0,1,0,0,1,0,0,0,0,1,0,0,0
0,0,0,0,0,100,0,0,0,0,0,0,0,0,0,0,100,0,0,0,0,0,0,0,0,0,0,100,0,0,0,0,0,0,0,0,0,1,0,0,1,0,0,0,0,1,0,0,0
0,0,0,0,0,100,0,0,0,0,0,0,0,0,0,0,100,0,0,0,0,0,0,0,0,0,0,100,0,0,0,0,0,0,0,0,0,1,0,0,1,0,0,0,0,1,0,0,0
0,0,0,0,0,100,0,0,0,0,0,0,0,0,0,0,100,0,0,0,0,0,0,0,0,0,0,100,0,0,0,0,0,0,0,0,0,1,0,0,1,0,0,0,0,1,0,0,0
0,0,0,0,0,100,0,0,0,0,0,0,0,0,0,0,100,0,0,0,0,0,0,0,0,0,0,100,0,0,0,0,0,0,0,0,0,1,0,0,1,0,0,0,0,1,0,0,0
0,0,0,0,0,100,0,0,0,0,0,0,0,0,0,0,100,0,0,0,0,0,0,0,0,0,0,100,0,0,0,0,0,0,0,0,0,1,0,0,1,0,0,0,0,1,0,0,0
0,0,0,0,0,100,0,0,0,0,0,0,0,0,0,0,100,0,0,0,0,0,0,0,0,0,0,100,0,0,0,0,0,0,0,0,0,1,0,0,1,0,0,0,0,1,0,0,0
0,0,0,0,0,100,0,0,0,0,0,0,0,0,0,0,100,0,0,0,0,0,0,0,0,0,0,100,0,0,0,0,0,0,0,0,0,1,0,0,1,0,0,0,0,1,0,0,0
0,0,0,0,0,100,0,0,0,0,0,0,0,0,0,0,100,0,0,0,0,0,0,0,0,0,0,100,0,0,0,0,0,0,0,0,0,1,0,0,1,0,0,0,0,1,0,0,0
0,0,0,0,0,100,0,0,0,0,0,0,0,0,0,0,100,0,0,0,0,0,0,0,0,0,0,100,0,0,0,0,0,0,0,0,0,1,0,0,1,0,0,0,0,1,0,0,0
0,0,0,0,0,100,0,0,0,0,0,0,0,0,0,0,100,0,0,0,0,0,0,0,0,0,0,100,0,0,0,0,0,0,0,0,0,1,0,0,1,0,0,0,0,1,0,0,0
0,0,0,0,0,100,0,0,0,0,0,0,0,0,0,0,100,0,0,0,0,0,0,0,0,0,0,100,0,0,0,0,0,0,0,0,0,1,0,0,1,0,0,0,0,1,0,0,0
0,0,0,0,0,100,0,0,0,0,0,0,0,0,0,0,100,0,0,0,0,0,0,0,0,0,0,100,0,0,0,0,0,0,0,0,0,1,0,0,1,0,0,0,0,1,0,0,0
0,0,0,0,0,100,0,0,0,0,0,0,0,0,0,0,100,0,0,0,0,0,0,0,0,0,0,100,0,0,0,0,0,0,0,0,0,1,0,0,1,0,0,0,0,1,0,0,0
0,0,0,0,0,100,0,0,0,0,0,0,0,0,0,0,100,0,0,0,0,0,0,0,0,0,0,100,0,0,0,0,0,0,0,0,0,1,0,0,1,0,0,0,0,1,0,0,0
0,0,0,0,0,100,0,0,0,0,0,0,0,0,0,0,100,0,0,0,0,0,0,0,0,0,0,100,0,0,0,0,0,0,0,0,0,1,0,0,1,0,0,0,0,1,0,0,0
0,0,0,0,0,100,0,0,0,0,0,0,0,0,0,0,100,0,0,0,0,0,0,0,0,0,16.508,83.492,0,0,0,0,0,0,0,0,0,1,0,0,1,0,0,0,0,1,0,0,0
0,0,0,0,0,100,0,0,0,0,0,0,0,0,0,0,100,0,0,0,0,0,0,0,0,0,0,100,0,0,0,0,0,0,0,0,0,1,0,0,1,0,0,0,0,1,0,0,0
0,0,0,0,0,100,0,0,0,0,0,0,0,0,0,0,100,0,0,0,0,0,0,0,0,0,0,100,0,0,0,0,0,0,0,0,0,1,0,0,1,0,0,0,0,1,0,0,0
0,0,0,0,0,100,0,0,0,0,0,0,0,0,0,0,100,0,0,0,0,0,0,0,0,0,0,100,0,0,0,0,0,0,0,0,0,1,0,0,1,0,0,0,0,1,0,0,0
0,0,0,0,0,100,0,0,0,0,0,0,0,0,0,0,100,0,0,0,0,0,0,0,0,0,0,100,0,0,0,0,0,0,0,0,0,1,0,0,1,0,0,0,0,1,0,0,0
0,0,0,0,0,100,0,0,0,0,0,0,0,0,0,0,100,0,0,0,0,0,0,0,0,0,0,100,0,0,0,0,0,0,0,0,0,1,0,0,1,0,0,0,0,1,0,0,0
0,0,0,0,0,100,0,0,0,0,0,0,0,0,0,0,100,0,0,0,0,0,0,0,0,0,0,100,0,0,0,0,0,0,0,0,0,1,0,0,1,0,0,0,0,1,0,0,0
0,0,0,0,0,0,0,0,0,0,0,0,0,0,0,0,0,0,0,0,0,0,0,0,0,0,0,0,0,0,0,0,0,0,0,0,0,1,0,0,1,0,0,0,0,1,0,0,0
0,0,0,0,0,100,0,0,0,0,0,0,0,0,0,0,100,0,0,0,0,0,0,0,0,0,0,100,0,0,0,0,0,0,0,0,0,1,0,0,1,0,0,0,0,1,0,0,0
0,0,0,0,0,100,0,0,0,0,0,0,0,0,0,13.379,86.621,0,0,0,0,0,0,0,0,0,5.6789,94.321,0,0,0,0,0,0,0,0,0.42105,0.57895,0,0,1,0,0,0,0,1,0,0,0
0,0,0,0,0,100,0,0,0,0,0,0,0,0,0,11.102,88.898,0,0,0,0,0,0,0,0,0,0,100,0,0,0,0,0,0,0,0,0.21795,0.78205,0,0,1,0,0,0,0,1,0,0,0
0,0,0,0,0,100,0,0,0,0,0,0,0,0,0,15.808,77.559,6.6336,0,0,0,0,0,0,0,0,24.159,75.841,0,0,0,0,0,0,0,0,0.33333,0.66667,0,0,1,0,0,0,0,1,0,0,0
0,0,0,0,0,100,0,0,0,0,0,0,0,0,0,17.302,65.396,17.302,0,0,0,0,0,0,0,0,17.302,82.698,0,0,0,0,0,0,0,0,0.011236,0.98876,0,0,1,0,0,0,0,1,0,0,0
0,0,0,0,0,100,0,0,0,0,0,0,0,0,0,0,100,0,0,0,0,0,0,0,0,0,0,100,0,0,0,0,0,0,0,0,0,1,0,0,1,0,0,0,0,1,0,0,0
0,0,0,0,0,100,0,0,0,0,0,0,0,0,0,0,84.003,15.997,0,0,0,0,0,0,0,0,0,100,0,0,0,0,0,0,0,0,0,1,0,0,1,0,0,0,0,1,0,0,0
0,0,0,0,0,100,0,0,0,0,0,0,0,0,0,11.572,88.428,0,0,0,0,0,0,0,0,0,0,100,0,0,0,0,0,0,0,0,0,1,0,0,1,0,0,0,0,1,0,0,0
0,0,0,0,0,100,0,0,0,0,0,0,0,0,0,0,100,0,0,0,0,0,0,0,0,0,0,100,0,0,0,0,0,0,0,0,0,1,0,0,1,0,0,0,0,1,0,0,0
0,0,0,0,0,100,0,0,0,0,0,0,0,0,0,13.166,86.834,0,0,0,0,0,0,0,0,0,13.428,86.572,0,0,0,0,0,0,0,0,0.1194,0.8806,0,0,1,0,0,0,0,1,0,0,0
0,0,0,0,0,100,0,0,0,0,0,0,0,0,0,13.379,86.621,0,0,0,0,0,0,0,0,0,18.625,81.375,0,0,0,0,0,0,0,0,0.1,0.9,0,0,1,0,0,0,0,1,0,0,0
0,0,0,0,0,100,0,0,0,0,0,0,0,0,0,11.696,67.426,20.878,0,0,0,0,0,0,0,0,30.059,69.941,0,0,0,0,0,0,0,0,0.34043,0.65957,0,0,1,0,0,0,0,1,0,0,0
0,0,0,0,0,100,0,0,0,0,0,0,0,0,0,10.207,79.585,10.207,0,0,0,0,0,0,0,0,23.363,76.637,0,0,0,0,0,0,0,0,0,1,0,0,1,0,0,0,0,1,0,0,0
0,0,0,0,0,100,0,0,0,0,0,0,0,0,0,0,100,0,0,0,0,0,0,0,0,0,0,100,0,0,0,0,0,0,0,0,0,1,0,0,1,0,0,0,0,1,0,0,0
0,0,0,0,0,100,0,0,0,0,0,0,0,0,0,0,91.38,8.6201,0,0,0,0,0,0,0,0,17.24,82.76,0,0,0,0,0,0,0,0,0,1,0,0,1,0,0,0,0,1,0,0,0
0,0,0,0,0,100,0,0,0,0,0,0,0,0,0,0,100,0,0,0,0,0,0,0,0,0,0,100,0,0,0,0,0,0,0,0,0,1,0,0,1,0,0,0,0,1,0,0,0
0,0,0,0,0,100,0,0,0,0,0,0,0,0,0,0,100,0,0,0,0,0,0,0,0,0,0,100,0,0,0,0,0,0,0,0,0,1,0,0,1,0,0,0,0,1,0,0,0
0,0,0,0,0,100,0,0,0,0,0,0,0,0,0,0,100,0,0,0,0,0,0,0,0,0,0,100,0,0,0,0,0,0,0,0,0,1,0,0,1,0,0,0,0,1,0,0,0
0,0,0,0,0,100,0,0,0,0,0,0,0,0,0,0,100,0,0,0,0,0,0,0,0,0,0,100,0,0,0,0,0,0,0,0,0.34694,0.65306,0,0,1,0,0,0,0,1,0,0,0
0,0,0,0,0,100,0,0,0,0,0,0,0,0,0,11.931,88.069,0,0,0,0,0,0,0,0,0,17.792,82.208,0,0,0,0,0,0,0,0,0.20339,0.79661,0,0,1,0,0,0,0,1,0,0,0
0,0,0,0,0,100,0,0,0,0,0,0,0,0,0,0,100,0,0,0,0,0,0,0,0,0,0,100,0,0,0,0,0,0,0,0,0.30435,0.69565,0,0,1,0,0,0,0,1,0,0,0
0,0,0,0,0,100,0,0,0,0,0,0,0,0,0,0,100,0,0,0,0,0,0,0,0,0,0,100,0,0,0,0,0,0,0,0,0,1,0,0,1,0,0,0,0,1,0,0,0
0,0,0,0,0,100,0,0,0,0,0,0,0,0,0,0,100,0,0,0,0,0,0,0,0,0,0,100,0,0,0,0,0,0,0,0,0.010417,0.98958,0,0,1,0,0,0,0,1,0,0,0
0,0,0,0,0,100,0,0,0,0,0,0,0,0,0,0,100,0,0,0,0,0,0,0,0,0,0,100,0,0,0,0,0,0,0,0,0,1,0,0,1,0,0,0,0,1,0,0,0
0,0,0,0,0,100,0,0,0,0,0,0,0,0,0,0,100,0,0,0,0,0,0,0,0,0,0,100,0,0,0,0,0,0,0,0,0,1,0,0,1,0,0,0,0,1,0,0,0
0,0,0,0,0,100,0,0,0,0,0,0,0,0,0,0,100,0,0,0,0,0,0,0,0,0,0,100,0,0,0,0,0,0,0,0,0,1,0,0,1,0,0,0,0,1,0,0,0
0,0,0,0,0,100,0,0,0,0,0,0,0,0,0,16.803,83.197,0,0,0,0,0,0,0,0,0,8.7344,91.266,0,0,0,0,0,0,0,0,0,1,0,0,1,0,0,0,0,1,0,0,0
0,0,0,0,0,100,0,0,0,0,0,0,0,0,0,0,100,0,0,0,0,0,0,0,0,0,11.77,88.23,0,0,0,0,0,0,0,0,0,1,0,0,1,0,0,0,0,1,0,0,0
0,0,0,0,0,100,0,0,0,0,0,0,0,0,0,0,100,0,0,0,0,0,0,0,0,0,0,100,0,0,0,0,0,0,0,0,0,1,0,0,1,0,0,0,0,1,0,0,0
0,0,0,0,0,100,0,0,0,0,0,0,0,0,0,0,100,0,0,0,0,0,0,0,0,0,0,100,0,0,0,0,0,0,0,0,0,1,0,0,1,0,0,0,0,1,0,0,0
0,0,0,0,0,100,0,0,0,0,0,0,0,0,0,0,100,0,0,0,0,0,0,0,0,0,0,100,0,0,0,0,0,0,0,0,0,1,0,0,1,0,0,0,0,1,0,0,0
0,0,0,0,0,100,0,0,0,0,0,0,0,0,0,0,100,0,0,0,0,0,0,0,0,0,0,100,0,0,0,0,0,0,0,0,0,1,0,0,1,0,0,0,0,1,0,0,0
0,0,0,0,0,100,0,0,0,0,0,0,0,0,0,0,100,0,0,0,0,0,0,0,0,0,0,100,0,0,0,0,0,0,0,0,0,1,0,0,1,0,0,0,0,1,0,0,0
0,0,0,0,0,100,0,0,0,0,0,0,0,0,0,0,100,0,0,0,0,0,0,0,0,0,0,100,0,0,0,0,0,0,0,0,0,1,0,0,1,0,0,0,0,1,0,0,0
0,0,0,0,0,100,0,0,0,0,0,0,0,0,0,0,100,0,0,0,0,0,0,0,0,0,0,100,0,0,0,0,0,0,0,0,0,1,0,0,1,0,0,0,0,1,0,0,0
0,0,0,0,0,100,0,0,0,0,0,0,0,0,0,0,100,0,0,0,0,0,0,0,0,0,0,100,0,0,0,0,0,0,0,0,0,1,0,0,1,0,0,0,0,1,0,0,0
0,0,0,0,0,100,0,0,0,0,0,0,0,0,0,0,100,0,0,0,0,0,0,0,0,0,0,100,0,0,0,0,0,0,0,0,0,1,0,0,1,0,0,0,0,1,0,0,0
0,0,0,0,0,100,0,0,0,0,0,0,0,0,0,0,100,0,0,0,0,0,0,0,0,0,0,100,0,0,0,0,0,0,0,0,0,1,0,0,1,0,0,0,0,1,0,0,0
0,0,0,0,0,100,0,0,0,0,0,0,0,0,0,0,100,0,0,0,0,0,0,0,0,0,0,100,0,0,0,0,0,0,0,0,0,1,0,0,1,0,0,0,0,1,0,0,0
0,0,0,0,0,100,0,0,0,0,0,0,0,0,0,0,100,0,0,0,0,0,0,0,0,0,0,100,0,0,0,0,0,0,0,0,0,1,0,0,1,0,0,0,0,1,0,0,0
0,0,0,0,0,100,0,0,0,0,0,0,0,0,0,0,100,0,0,0,0,0,0,0,0,0,0,100,0,0,0,0,0,0,0,0,0,1,0,0,1,0,0,0,0,1,0,0,0
0,0,0,0,0,100,0,0,0,0,0,0,0,0,0,0,100,0,0,0,0,0,0,0,0,0,0,100,0,0,0,0,0,0,0,0,0,1,0,0,1,0,0,0,0,1,0,0,0
0,0,0,0,0,100,0,0,0,0,0,0,0,0,0,4.0301,95.97,0,0,0,0,0,0,0,0,0,4.0301,95.97,0,0,0,0,0,0,0,0,0,1,0,0,1,0,0,0,0,1,0,0,0
0,0,0,0,0,100,0,0,0,0,0,0,0,0,0,3.7618,96.238,0,0,0,0,0,0,0,0,0,28.318,71.682,0,0,0,0,0,0,0,0,0,1,0,0,1,0,0,0,0,1,0,0,0
0,0,0,0,0,100,0,0,0,0,0,0,0,0,0,15.68,84.32,0,0,0,0,0,0,0,0,0,0,100,0,0,0,0,0,0,0,0,0,1,0,0,1,0,0,0,0,1,0,0,0
0,0,0,0,0,100,0,0,0,0,0,0,0,0,0,18.144,81.856,0,0,0,0,0,0,0,0,0,20.371,79.629,0,0,0,0,0,0,0,0,0,1,0,0,1,0,0,0,0,1,0,0,0
0,0,0,0,0,100,0,0,0,0,0,0,0,0,0,3.1067,96.893,0,0,0,0,0,0,0,0,0,0,100,0,0,0,0,0,0,0,0,0,1,0,0,1,0,0,0,0,1,0,0,0
0,0,0,0,0,100,0,0,0,0,0,0,0,0,0,0,100,0,0,0,0,0,0,0,0,0,0,100,0,0,0,0,0,0,0,0,0,1,0,0,1,0,0,0,0,1,0,0,0
0,0,0,0,0,100,0,0,0,0,0,0,0,0,0,0,100,0,0,0,0,0,0,0,0,0,14.106,85.894,0,0,0,0,0,0,0,0,0,1,0,0,1,0,0,0,0,1,0,0,0
0,0,0,0,0,100,0,0,0,0,0,0,0,0,0,0,100,0,0,0,0,0,0,0,0,0,0,100,0,0,0,0,0,0,0,0,0,1,0,0,1,0,0,0,0,1,0,0,0
0,0,0,0,0,100,0,0,0,0,0,0,0,0,0,4.696,92.458,2.8461,0,0,0,0,0,0,0,0,24.725,75.275,0,0,0,0,0,0,0,0,0,1,0,0,1,0,0,0,0,1,0,0,0
0,0,0,0,0,100,0,0,0,0,0,0,0,0,0,0,93.528,6.4721,0,0,0,0,0,0,0,0,25.101,74.899,0,0,0,0,0,0,0,0,0,1,0,0,1,0,0,0,0,1,0,0,0
0,0,0,0,0,100,0,0,0,0,0,0,0,0,0,0,100,0,0,0,0,0,0,0,0,0,21.593,78.407,0,0,0,0,0,0,0,0,0,1,0,0,1,0,0,0,0,1,0,0,0
0,0,0,0,0,100,0,0,0,0,0,0,0,0,0,0,89.731,10.269,0,0,0,0,0,0,0,0,24.991,75.009,0,0,0,0,0,0,0,0,0,1,0,0,1,0,0,0,0,1,0,0,0
0,0,0,0,0,100,0,0,0,0,0,0,0,0,0,0,100,0,0,0,0,0,0,0,0,0,10.485,89.515,0,0,0,0,0,0,0,0,0,1,0,0,1,0,0,0,0,1,0,0,0
0,0,0,0,0,100,0,0,0,0,0,0,0,0,0,0,100,0,0,0,0,0,0,0,0,0,0,100,0,0,0,0,0,0,0,0,0,1,0,0,1,0,0,0,0,1,0,0,0
0,0,0,0,0,100,0,0,0,0,0,0,0,0,0,0,98.156,1.8443,0,0,0,0,0,0,0,0,11.533,88.467,0,0,0,0,0,0,0,0,0,1,0,0,1,0,0,0,0,1,0,0,0
0,0,0,0,0,100,0,0,0,0,0,0,0,0,0,0,100,0,0,0,0,0,0,0,0,0,6.7867,93.213,0,0,0,0,0,0,0,0,0,1,0,0,1,0,0,0,0,1,0,0,0
0,0,0,0,0,100,0,0,0,0,0,0,0,0,0,0,100,0,0,0,0,0,0,0,0,0,0,100,0,0,0,0,0,0,0,0,0,1,0,0,1,0,0,0,0,1,0,0,0
0,0,0,0,0,100,0,0,0,0,0,0,0,0,0,0,100,0,0,0,0,0,0,0,0,0,0,100,0,0,0,0,0,0,0,0,0,1,0,0,1,0,0,0,0,1,0,0,0
0,0,0,0,0,100,0,0,0,0,0,0,0,0,0,0,100,0,0,0,0,0,0,0,0,0,0,100,0,0,0,0,0,0,0,0,0,1,0,0,1,0,0,0,0,1,0,0,0
0,0,0,0,0,100,0,0,0,0,0,0,0,0,0,0,100,0,0,0,0,0,0,0,0,0,0,100,0,0,0,0,0,0,0,0,0,1,0,0,1,0,0,0,0,1,0,0,0
0,0,0,0,0,100,0,0,0,0,0,0,0,0,0,0,100,0,0,0,0,0,0,0,0,0,0,100,0,0,0,0,0,0,0,0,0,1,0,0,1,0,0,0,0,1,0,0,0
0,0,0,0,0,100,0,0,0,0,0,0,0,0,0,0,100,0,0,0,0,0,0,0,0,0,0,100,0,0,0,0,0,0,0,0,0,1,0,0,1,0,0,0,0,1,0,0,0
0,0,0,0,0,100,0,0,0,0,0,0,0,0,0,0,100,0,0,0,0,0,0,0,0,0,0,100,0,0,0,0,0,0,0,0,0,1,0,0,1,0,0,0,0,1,0,0,0
0,0,0,0,0,100,0,0,0,0,0,0,0,0,0,0,100,0,0,0,0,0,0,0,0,0,0,100,0,0,0,0,0,0,0,0,0,1,0,0,1,0,0,0,0,1,0,0,0
0,0,0,0,0,100,0,0,0,0,0,0,0,0,0,0,80.306,19.694,0,0,0,0,0,0,0,0,19.71,80.29,0,0,0,0,0,0,0,0,0,1,0,0,1,0,0,0,0,1,0,0,0
0,0,0,0,0,100,0,0,0,0,0,0,0,0,0,0,72.211,27.789,0,0,0,0,0,0,0,0,31.507,68.493,0,0,0,0,0,0,0,0,0,1,0,0,1,0,0,0,0,1,0,0,0
0,0,0,0,0,100,0,0,0,0,0,0,0,0,0,0,82.346,17.654,0,0,0,0,0,0,0,0,34.946,65.054,0,0,0,0,0,0,0,0,0,1,0,0,1,0,0,0,0,1,0,0,0
0,0,0,0,0,100,0,0,0,0,0,0,0,0,0,0,65.836,34.164,0,0,0,0,0,0,0,0,16.931,83.069,0,0,0,0,0,0,0,0,0,1,0,0,1,0,0,0,0,1,0,0,0
0,0,0,0,0,100,0,0,0,0,0,0,0,0,0,0,83.623,16.377,0,0,0,0,0,0,0,0,19,81,0,0,0,0,0,0,0,0,0,1,0,0,1,0,0,0,0,1,0,0,0
0,0,0,0,0,100,0,0,0,0,0,0,0,0,0,0,97.229,2.7713,0,0,0,0,0,0,0,0,16.352,83.648,0,0,0,0,0,0,0,0,0,1,0,0,1,0,0,0,0,1,0,0,0
0,0,0,0,0,100,0,0,0,0,0,0,0,0,0,0,100,0,0,0,0,0,0,0,0,0,0,100,0,0,0,0,0,0,0,0,0,1,0,0,1,0,0,0,0,1,0,0,0
0,0,0,0,0,100,0,0,0,0,0,0,0,0,0,0,100,0,0,0,0,0,0,0,0,0,0,100,0,0,0,0,0,0,0,0,0,1,0,0,1,0,0,0,0,1,0,0,0
0,0,0,0,0,100,0,0,0,0,0,0,0,0,0,0,100,0,0,0,0,0,0,0,0,0,0,100,0,0,0,0,0,0,0,0,0,1,0,0,1,0,0,0,0,1,0,0,0
0,0,0,0,0,100,0,0,0,0,0,0,0,0,0,0,100,0,0,0,0,0,0,0,0,0,0,100,0,0,0,0,0,0,0,0,0,1,0,0,1,0,0,0,0,1,0,0,0
0,0,0,0,0,100,0,0,0,0,0,0,0,0,0,0,100,0,0,0,0,0,0,0,0,0,0,100,0,0,0,0,0,0,0,0,0,1,0,0,1,0,0,0,0,1,0,0,0
0,0,0,0,0,100,0,0,0,0,0,0,0,0,0,0,100,0,0,0,0,0,0,0,0,0,0,100,0,0,0,0,0,0,0,0,0,1,0,0,1,0,0,0,0,1,0,0,0
0,0,0,0,0,100,0,0,0,0,0,0,0,0,0,0,100,0,0,0,0,0,0,0,0,0,0,100,0,0,0,0,0,0,0,0,0,1,0,0,1,0,0,0,0,1,0,0,0
0,0,0,0,0,100,0,0,0,0,0,0,0,0,0,0,100,0,0,0,0,0,0,0,0,0,0,100,0,0,0,0,0,0,0,0,0,1,0,0,1,0,0,0,0,1,0,0,0
0,0,0,0,0,100,0,0,0,0,0,0,0,0,0,0,72.038,27.962,0,0,0,0,0,0,0,0,0,100,0,0,0,0,0,0,0,0,0,1,0,0,1,0,0,0,0,1,0,0,0
0,0,0,0,21.424,78.576,0,0,0,0,0,0,0,0,0,0,78.576,21.424,0,0,0,0,0,0,0,0,0,78.576,0,0,21.424,0,0,0,0,0,0,1,0,0,1,0,0,0,0,1,0,0,0
0,0,0,0,14.224,85.776,0,0,0,0,0,0,0,0,0,0,85.776,14.224,0,0,0,0,0,0,0,0,0,85.776,0,0,14.224,0,0,0,0,0,0,1,0,0,1,0,0,0,0,1,0,0,0
0,0,0,0,8.9378,91.062,0,0,0,0,0,0,0,0,0,8.9378,77.071,13.992,0,0,0,0,0,0,0,0,0,82.124,8.9378,0,8.9378,0,0,0.016393,0,0,0.081967,0.90164,0,0,1,0,0,0,0,1,0,0,0
0,0,0,0,13.492,86.508,0,0,0,0,0,0,0,0,13.492,13.492,59.524,13.492,0,0,0,0,0,0,0,0,0,73.016,13.492,13.492,0,0,0,0,0,0,0,1,0,0,1,0,0,0,0,1,0,0,0
0,0,0,0,9.2575,72.227,9.2575,0,0,9.2575,0,0,0,0,9.2575,5.3089,61.549,23.884,0,0,0,0,0,0,0,9.2575,0,61.61,10.618,9.2575,9.2575,0,0,0,0,0.013158,0.013158,0.97368,0,0,1,0,0,0,0,1,0,0,0
0,0,0,0,5.3203,94.68,0,0,0,0,0,0,0,0,5.3203,5.3203,84.039,5.3203,0,0,0,0,0,0,0,0,0,84.001,10.678,5.3203,0,0,0,0,0,0,0,1,0,0,1,0,0,0,0,1,0,0,0
0,12.995,0,0,0,48.022,0,0,0,38.984,0,0,0,0,0,12.995,61.016,12.995,0,0,0,12.995,0,12.995,0,0,0,48.022,12.995,0,25.989,0,0,0,0,0,0.0083333,0.99167,0,0,1,0,0,0,0,1,0,0,0
0,14.018,0,0,7.3285,33.723,17.897,0,0,27.034,0,0,0,0,7.3285,14.018,62.188,7.3285,0,0,0,9.1369,0,14.018,0,17.897,0,23.155,19.705,7.3285,17.897,0,0,0,0,0.65476,0.095238,0.25,0,0,1,0,0,0,0,1,0,0,1
0,6.4374,0,0,8.6707,39.201,13.189,0,0,32.501,0,0,0,0,8.6707,15.108,54.676,15.108,0,0,0,6.4374,0,6.4374,0,13.189,0,17.341,28.297,8.6707,26.064,0,0,0,0,0.81967,0.17213,0.0081967,0,0,1,0,0,0,0,1,0,0,1
0,7.7656,0,0,19.993,26.879,11.033,0,0,34.33,0,0,0,8.9597,11.033,16.725,27.758,27.758,0,0,0,7.7656,0,16.725,0,11.033,0,8.9597,25.685,11.033,26.564,0,0,0,0,0.010204,0.72449,0.26531,0,0,1,0,0,0,0,1,0,0,1
3.4057,0,0,0,0,96.594,0,0,0,0,0,0,0,0,0,8.471,91.529,0,0,0,0,0,0,8.471,3.4057,0,0,88.123,0,0,0,0,0,0,0,0,0,1,0,0,1,0,0,0,0,1,0,0,0
0,0,0,0,9.0143,50.25,24.875,0,0,15.861,0,0,0,4.3494,0,11.088,70.884,9.0143,4.6649,0,0,0,0,6.4226,4.6649,20.21,9.0143,23.617,15.861,0,11.196,9.0143,0,0,0,0.011236,0.05618,0.93258,0,0,1,0,0,0,0,1,0,0,1
8.1117,0,4.9784,0,12.251,35.027,14.638,0,0,21.937,3.0563,0,4.7081,3.0563,4.7081,12.251,37.762,16.882,5.7909,3.4036,8.0347,3.4036,0,0,18.881,9.1944,15.307,4.9784,9.1944,3.0563,20.855,15.477,3.0563,0,0,0,0,1,0,0,1,0,0,0,0,1,0,0,1
10.023,0,0,0,12.523,46.705,7.3224,0,0,13.609,9.8176,0,10.023,12.523,3.7916,15.018,26.487,16.109,6.2312,0,9.8176,0,0,5.2004,3.7916,9.9673,10.909,15.168,10.401,9.8176,11.169,19.99,3.5864,0,0,0,0,1,0,0,1,0,0,0,0,1,0,0,1
0,21.217,0,0,0,66.779,0,0,0,12.004,0,0,0,0,0,21.217,66.779,0,0,0,0,12.004,0,21.217,0,0,0,66.779,12.004,0,0,0,0,0,0,0,0,1,0,0,1,0,0,0,0,1,0,0,0
0,12.11,0,0,0,51.559,0,0,0,36.331,0,0,0,0,0,12.11,63.669,12.11,0,0,0,12.11,0,12.11,0,0,0,51.559,12.11,0,24.22,0,0,0,0,0,0,1,0,0,1,0,0,0,0,1,0,0,0
0,0,0,0,11.175,77.649,11.175,0,0,0,0,0,0,11.175,0,6.8085,36.175,45.841,0,0,0,0,0,0,0,11.175,25,38.825,7.016,6.8085,0,11.175,0,0,0,0,0.02381,0.97619,0,0,1,0,0,0,0,1,0,0,0
0,0,0,0,0,100,0,0,0,0,0,0,0,0,0,0,76.69,23.31,0,0,0,0,0,0,0,0,0,100,0,0,0,0,0,0,0,0,0,1,0,0,1,0,0,0,0,1,0,0,0
0,0,0,0,0,100,0,0,0,0,0,0,0,0,0,0,69.057,30.943,0,0,0,0,0,0,0,0,10.314,79.371,10.314,0,0,0,0,0,0,0,0,1,0,0,1,0,0,0,0,1,0,0,0
0,0,0,0,6.1928,93.807,0,0,0,0,0,0,0,0,0,9.0106,47.581,43.409,0,0,0,0,0,0,0,0,13.854,58.556,6.1928,15.203,0,6.1928,0,0,0,0,0,1,0,0,1,0,0,0,0,1,0,0,0
0,0,0,0,24.24,41.331,14.81,0,0,11.476,8.1426,0,0,12.469,0,15.803,19.431,40.82,3.3338,0,8.1426,0,0,4.3266,3.3338,3.3338,19.619,4.3266,20.424,16.58,8.1426,11.771,8.1426,0,0,0.04,0.06,0.9,0,0,1,0,0,0,0,1,0,0,1
5.9315,0,13.77,0,12.392,39.669,11.175,0,0,14.807,2.255,0,2.255,9.9332,0,4.7141,39.873,18.809,4.7141,0,16.025,3.6764,0,0,12.552,10.971,12.392,18.605,2.4591,2.255,10.093,26.996,3.6764,0,0,0,0.057851,0.94215,0,0,1,0,0,0,0,1,0,0,1
14.257,0,8.2767,0,20.016,21.015,9.0533,0,0,15.034,12.348,0,3.2947,17.33,0,15.034,8.6666,18.107,3.2947,2.6859,20.625,10.963,0,0,2.6859,5.9807,29.069,3.2947,2.6859,12.348,11.739,14.866,17.33,0,0,0,0,1,0,0,1,0,0,0,0,1,0,0,1
0,0,0,0,5.8925,94.107,0,0,0,0,0,0,0,0,0,14.161,33.388,38.29,14.161,0,0,0,0,0,0,0,15.055,44.271,28.888,5.8925,0,5.8925,0,0,0,0,0,1,0,0,1,0,0,0,0,1,0,0,0
4.6915,0,12.774,0,9.7809,40.02,5.0894,0,0,22.555,5.0894,0,0,5.0894,0,9.7809,34.931,22.953,0,4.6915,17.863,4.6915,0,0,17.465,4.6915,14.87,12.774,4.6915,5.0894,22.555,12.774,5.0894,0,0,0,0,1,0,0,1,0,0,0,0,1,0,0,1
0,0,0,0,0,59.789,0,0,0,10.333,29.879,0,0,10.333,0,9.2131,50.576,0,0,0,10.333,19.546,20.665,19.546,0,0,0,42.184,7.2722,0,10.333,0,0,0,0,0,0,1,0,0,1,0,0,0,0,1,0,0,0
19.717,0,0,0,9.4515,34.338,7.7383,0,0,14.621,14.134,0,5.1698,0,8.9645,23.586,24.073,3.8691,9.039,5.5823,14.134,5.5823,0,0,18.416,14.621,9.4515,5.1698,9.4515,5.1698,23.511,14.209,0,0,0,0,0,1,0,0,1,0,0,0,0,1,0,0,1
0,0,0,0,0,79.361,0,0,0,13.273,7.3661,0,0,13.273,0,11.437,67.924,0,0,0,3.6831,3.6831,16.956,3.6831,0,0,0,66.088,9.5897,0,3.6831,0,0,0,0,0,0,1,0,0,1,0,0,0,0,1,0,0,0
0,0,0,0,0,88.891,0,0,0,11.109,0,0,0,11.109,0,0,88.891,0,0,0,0,0,11.109,0,0,0,0,62.66,26.231,0,0,0,0,0,0,0,0,1,0,0,1,0,0,0,0,1,0,0,0
0,0,0,0,0,100,0,0,0,0,0,0,0,0,0,0,100,0,0,0,0,0,0,0,0,0,0,92.245,7.7552,0,0,0,0,0,0,0,0,1,0,0,1,0,0,0,0,1,0,0,0
0,0,0,0,0,93.711,0,0,0,0,6.2893,0,0,0,0,12.676,81.034,0,0,0,0,6.2893,0,6.2893,0,0,0,86.674,7.0362,0,0,0,0,0,0,0,0,1,0,0,1,0,0,0,0,1,0,0,0
0,0,0,0,0,100,0,0,0,0,0,0,0,0,0,0,100,0,0,0,0,0,0,0,0,0,0,93.542,6.4584,0,0,0,0,0,0,0,0,1,0,0,1,0,0,0,0,1,0,0,0
14.983,0,9.9102,0,12.873,43.964,0,0,0,14.371,3.8986,0,9.7219,5.2613,5.8232,11.51,32.454,4.6488,3.8986,7.6115,13.809,5.2613,0,0,10.472,3.8986,20.484,8.5474,7.6115,3.8986,16.295,23.531,5.2613,0,0,0,0,1,0,0,1,0,0,0,0,1,0,0,1
0,0,0,0,0,87.143,0,0,0,0,12.857,0,0,0,0,12.857,74.287,0,0,0,0,12.857,0,12.857,0,0,0,87.143,0,0,0,0,0,0.015385,0,0,0.015385,0.96923,0,0,1,0,0,0,0,1,0,0,0
0,0,0,0,0,100,0,0,0,0,0,0,0,0,0,7.8914,92.109,0,0,0,0,0,0,0,0,0,0,100,0,0,0,0,0,0.017241,0,0,0,0.98276,0,0,1,0,0,0,0,1,0,0,0
0,0,0,0,0,100,0,0,0,0,0,0,0,0,0,0,100,0,0,0,0,0,0,0,0,0,0,100,0,0,0,0,0,0.019231,0,0.019231,0,0.96154,0,0,1,0,0,0,0,1,0,0,0
0,0,0,0,0,100,0,0,0,0,0,0,0,0,0,0,100,0,0,0,0,0,0,0,0,0,0,100,0,0,0,0,0,0,0,0,0,1,0,0,1,0,0,0,0,1,0,0,0
0,0,0,0,0,100,0,0,0,0,0,0,0,0,0,0,100,0,0,0,0,0,0,0,0,0,7.8742,92.126,0,0,0,0,0,0,0,0,0,1,0,0,1,0,0,0,0,1,0,0,0
0,0,0,0,0,100,0,0,0,0,0,0,0,0,0,0,85.283,14.717,0,0,0,0,0,0,0,0,15.955,79.139,4.9057,0,0,0,0,0,0,0,0,1,0,0,1,0,0,0,0,1,0,0,0
0,0,0,0,0,100,0,0,0,0,0,0,0,0,0,0,100,0,0,0,0,0,0,0,0,0,0,100,0,0,0,0,0,0,0,0,0,1,0,0,1,0,0,0,0,1,0,0,0
0,0,0,0,0,100,0,0,0,0,0,0,0,0,0,0,100,0,0,0,0,0,0,0,0,0,0,100,0,0,0,0,0,0,0,0,0,1,0,0,1,0,0,0,0,1,0,0,0
0,0,0,0,0,100,0,0,0,0,0,0,0,0,0,0,100,0,0,0,0,0,0,0,0,0,6.0639,93.936,0,0,0,0,0,0,0,0,0,1,0,0,1,0,0,0,0,1,0,0,0
0,0,0,0,0,100,0,0,0,0,0,0,0,0,0,5.4115,63.202,31.387,0,0,0,0,0,0,0,0,14.718,79.87,0,5.4115,0,0,0,0,0,0,0,1,0,0,1,0,0,0,0,1,0,0,0
0,0,0,0,0,100,0,0,0,0,0,0,0,0,0,0,100,0,0,0,0,0,0,0,0,0,0,78.76,21.24,0,0,0,0,0,0,0,0,1,0,0,1,0,0,0,0,1,0,0,0
0,0,0,0,0,100,0,0,0,0,0,0,0,0,0,0,100,0,0,0,0,0,0,0,0,0,0,100,0,0,0,0,0,0,0,0,0,1,0,0,1,0,0,0,0,1,0,0,0
0,0,0,0,0,100,0,0,0,0,0,0,0,0,0,0,100,0,0,0,0,0,0,0,0,0,0,100,0,0,0,0,0,0,0,0,0,1,0,0,1,0,0,0,0,1,0,0,0
0,0,0,0,0,100,0,0,0,0,0,0,0,0,0,0,100,0,0,0,0,0,0,0,0,0,0,100,0,0,0,0,0,0,0,0,0,1,0,0,1,0,0,0,0,1,0,0,0
0,0,0,0,0,100,0,0,0,0,0,0,0,9.1454,0,0,90.855,0,0,0,0,0,0,0,0,0,0,90.855,0,0,0,9.1454,0,0,0,0,0,1,0,0,1,0,0,0,0,1,0,0,0
0,0,0,0,0,100,0,0,0,0,0,0,0,8.2969,0,0,91.703,0,0,0,0,0,0,0,0,0,0,91.703,0,0,0,8.2969,0,0,0,0,0,1,0,0,1,0,0,0,0,1,0,0,0
0,0,0,0,0,100,0,0,0,0,0,0,0,0,0,0,100,0,0,0,0,0,0,0,0,0,0,100,0,0,0,0,0,0,0,0,0,1,0,0,1,0,0,0,0,1,0,0,0
0,0,0,0,0,100,0,0,0,0,0,0,0,0,0,0,100,0,0,0,0,0,0,0,0,0,0,100,0,0,0,0,0,0,0,0,0,1,0,0,1,0,0,0,0,1,0,0,0
0,0,0,0,10.919,89.081,0,0,0,0,0,0,0,0,0,5.4908,89.081,5.428,0,0,0,0,0,0,0,0,0,89.081,0,10.919,0,0,0,0,0,0,0,1,0,0,1,0,0,0,0,1,0,0,0
25.465,0,0,0,0,74.535,0,0,0,0,0,0,0,0,0,3.8559,85.655,10.489,0,0,0,0,0,3.8559,10.489,14.976,3.2451,64.189,3.2451,0,0,0,0,0,0,0,0,1,0,0,1,0,0,0,0,1,0,0,0
15.171,0,0,0,0,84.829,0,0,0,0,0,0,0,0,0,11.844,85.034,3.1221,0,0,0,0,0,0,9.6718,5.4992,9.4878,60.873,14.468,0,0,0,0,0,0,0,0,1,0,0,1,0,0,0,0,1,0,0,0
12.247,0,0,0,1.5465,86.206,0,0,0,0,0,1.5465,0,0,0,3.0391,91.363,4.0519,0,0,0,0,0,0,6.7114,5.5358,11.668,46.771,29.314,0,0,0,0,0,0,0,0,1,0,0,1,0,0,0,0,1,0,0,0
13.383,0,0,0,6.0378,80.58,0,0,0,0,0,0,0,6.0378,0,6.0378,76.862,11.063,0,0,0,0,0,6.0378,8.3577,5.0249,0,68.504,12.076,0,0,0,0,0,0,0,0,1,0,0,1,0,0,0,0,1,0,0,0
18.412,0,0,0,0,81.588,0,0,0,0,0,0,0,0,0,5.7535,90.478,3.7683,0,0,0,0,0,5.7535,14.644,3.7683,3.7683,64.592,7.4745,0,0,0,0,0,0,0,0,1,0,0,1,0,0,0,0,1,0,0,0
14.822,0,0,0,0,85.178,0,0,0,0,0,0,0,0,0,6.6172,85.972,7.4111,0,0,0,0,0,0,7.4111,7.4111,7.4499,61.48,16.248,0,0,0,0,0,0,0,0,1,0,0,1,0,0,0,0,1,0,0,0
11.21,3.1094,0,0,8.9111,42.632,0,0,0,0,34.138,0,0,14.319,8.1003,0,34.138,2.6922,26.038,11.603,0,3.1094,3.1094,0,11.21,2.6922,10.793,2.6922,40.357,29.147,0,0,0,0,0,0,0,1,0,0,1,0,0,0,0,1,0,0,0
0,0,0,0,10.528,78.944,0,0,0,0,10.528,0,0,0,0,11.84,22.368,34.208,10.528,21.056,0,0,0,0,0,10.528,22.368,34.208,10.528,22.368,0,0,0,0,0,0,0,1,0,0,1,0,0,0,0,1,0,0,0
9.3468,11.327,0,0,17.573,48.08,0,0,0,0,13.673,0,0,16.265,6.8367,10.345,16.735,7.4706,12.773,22.654,0,6.9187,6.9187,0,13.755,3.7353,6.1634,18.489,37.856,13.082,0,0,0,0.11667,0,0.05,0.1,0.73333,0,0,1,0,0,0,0,1,0,0,0
12.845,12.23,0,0,13.737,37.33,0,0,0,1.7713,22.086,0,0,12.018,8.1892,1.7713,19.657,5.7077,9.6964,21.588,9.8007,11.572,1.7713,1.7713,19.761,7.479,9.6964,9.9082,30.115,9.6964,0,0,9.8007,0.85915,0,0.056338,0.070423,0.014085,0,0,1,0,0,0,0,1,0,0,0
17.283,0,0,0,5.7712,22.107,0,0,0,16.366,38.473,0,5.7405,22.137,0,0,22.137,5.7405,11.512,0,16.366,16.366,44.244,16.366,5.7712,0,0,11.481,0,0,16.366,5.7712,0,0,0,0,1,0,0,0,1,0,0,0,0,1,0,0,0
6.0559,0,0,0,0,93.944,0,0,0,0,0,0,0,0,0,16.337,81.889,1.7742,0,0,0,0,0,0,4.2818,1.7742,11.197,69.043,13.704,0,0,0,0,0,0,0,0,1,0,0,1,0,0,0,0,1,0,0,0
20.348,0,0,0,0,63.362,0,0,0,8.915,7.3751,0,0,24.941,4.3221,7.3751,39.962,16.026,0,0,4.3221,3.0529,24.941,3.0529,20.348,0,0,34.099,8.915,0,8.6443,0,0,0,0,0,0,1,0,0,1,0,0,0,0,1,0,0,0
33.522,0,0,0,0,45.181,0,0,0,11.659,9.6385,0,6.84,4.8192,6.84,26.682,45.181,0,0,0,4.8192,4.8192,9.6385,4.8192,33.522,0,0,26.682,0,0,18.499,6.84,0,0,0,0,1,0,0,0,1,0,0,0,0,1,0,0,0
8.8275,0,0,0,0,91.172,0,0,0,0,0,0,0,0,0,6.3052,93.695,0,0,0,0,0,0,0,8.8275,0,3.1526,55.763,32.257,0,0,0,0,0,0,0,0,1,0,0,1,0,0,0,0,1,0,0,0
24.382,0,0,0,0,51.235,0,0,0,0,24.382,0,0,0,24.382,24.382,26.853,0,0,0,24.382,0,0,0,24.382,0,5.3706,21.482,0,0,48.765,0,0,0,0,0,1,0,0,0,1,0,0,0,0,1,0,0,0
6.4337,8.6842,0,0,6.4337,72.015,0,0,0,6.4337,0,0,0,0,0,15.118,63.33,0,0,6.4337,0,15.118,0,0,15.118,6.4337,23.474,42.107,6.4337,0,6.4337,0,0,0,0,0,1,0,0,0,1,0,0,0,0,1,0,0,0
11.456,10.681,0,0,0,33.592,0,0,0,0,44.272,0,0,11.456,22.136,0,33.592,0,11.456,21.361,0,0,0,0,22.136,0,11.456,10.681,44.272,11.456,0,0,0,0,0,0,0,1,0,0,1,0,0,0,0,1,0,0,0
7.8689,9.6525,0,0,9.6813,59.847,0,0,0,12.95,0,0,0,0,3.1474,24.055,43.661,6.6553,0,12.829,0,9.6525,0,0,14.374,0,25.868,33.979,9.6813,0,9.8026,6.2947,0,0,0,0,1,0,0,0,1,0,0,0,0,1,0,0,0
0,9.6176,0,0,0,56.672,0,0,0,33.71,0,0,0,0,16.855,7.2376,49.434,7.2376,0,9.6176,0,9.6176,0,0,0,0,4.5923,44.842,7.2376,0,24.093,19.235,0,0,0,0,0.98246,0.017544,0,0,1,0,0,0,0,1,0,0,0
11.943,21.28,0,0,17.749,39.822,9.206,0,0,0,0,0,0,17.749,6.1373,12.405,18.542,0,0,17.749,6.1373,21.28,8.8746,3.0687,21.28,3.0687,18.542,15.474,17.749,8.8746,0,0,3.0687,0.08,0,0,0.92,0,0,0,1,0,0,0,0,1,0,0,0
10.886,11.475,0,0,7.6703,33.069,0,0,0,1.5642,35.335,0,0,6.1309,8.4098,1.5642,28.489,1.5395,18.515,27.593,1.5642,6.1938,4.6296,1.5642,14.604,3.1036,1.5395,9.9492,41.466,21.581,0,0,1.5642,0.3,0,0.1,0.1,0.5,0,0,1,0,0,0,0,1,0,0,0
0,14.89,0,0,23.767,61.343,0,0,0,0,0,0,0,14.89,0,8.8778,37.576,0,0,8.8778,14.89,14.89,0,0,14.89,0,23.495,22.958,23.767,0,0,0,14.89,0,0,0,1,0,0,0,1,0,0,0,0,1,0,0,0
0,4.5617,0,0,0,71.71,0,0,0,23.728,0,0,0,0,3.6848,12.371,59.339,15.919,0,4.1246,0,4.5617,0,0,0,0,2.7626,65.262,3.6848,0,19.604,8.6863,0,0,0,0,1,0,0,0,1,0,0,0,0,1,0,0,0
4.9575,6.9296,0,0,7.8817,63.722,2.9242,0,0,13.585,0,0,0,0,0,22.693,19.708,13.585,0,18.542,18.542,6.9296,0,18.542,0,21.467,4.9575,23.713,2.9242,7.8817,0,6.9296,13.585,0,0,0,0.48485,0.51515,0,0,1,0,0,0,0,1,0,0,0
0,3.9526,0,0,5.068,63.015,14.697,0,0,13.267,0,0,0,0,3.9526,34.756,28.765,9.6291,0,18.944,0,3.9526,0,0,0,24.326,9.6291,38.689,5.068,5.068,3.9526,13.267,0,0,0,0,0.045455,0.95455,0,0,1,0,0,0,0,1,0,0,0
0,4.0448,0,0,0,71.192,0,0,0,24.763,0,0,0,0,4.0448,6.5672,64.625,10.106,0,10.612,0,4.0448,0,0,0,0,0,59.598,11.594,0,14.151,14.657,0,0,0,0,0,1,0,0,1,0,0,0,0,1,0,0,0
0,0,0,0,0,75.665,0,0,0,24.335,0,0,0,0,12.168,12.168,46.387,29.277,0,0,0,0,0,0,0,0,0,46.387,29.277,0,24.335,0,0,0,0,0,0,1,0,0,1,0,0,0,0,1,0,0,0
0,12.069,0,0,0,64.275,0,0,0,23.656,0,0,0,0,11.828,14.243,43.734,13.299,0,4.8268,0,12.069,0,0,0,0,0,50.976,13.299,0,18.829,16.895,0,0,0,0,0,1,0,0,1,0,0,0,0,1,0,0,0
0,0,0,0,0,85.903,0,0,0,6.5299,7.5675,7.5675,0,0,0,14.097,49.103,22.703,0,6.5299,0,0,0,0,0,0,7.5675,45.179,33.156,7.5675,0,6.5299,0,0,0,0,0,1,0,0,1,0,0,0,0,1,0,0,0
0,0,0,0,10.568,89.432,0,0,0,0,0,0,0,0,0,0,78.865,21.135,0,0,0,0,0,0,0,10.568,29.811,49.054,0,10.568,0,0,0,0,0,0,0,1,0,0,1,0,0,0,0,1,0,0,0
10.189,0,0,5.0758,11.28,54.526,15.301,0,0,0,3.629,0,0,0,10.189,2.5379,36.906,21.642,3.629,7.258,10.189,7.6507,0,0,7.6507,3.629,31.657,24.353,16.355,11.28,2.5379,0,2.5379,0,0,0,0,1,0,0,1,0,0,0,0,1,0,0,0
13.326,0,0,5.2566,7.2068,47.691,25.017,0,0,1.5031,0,0,0,2.4195,17.8,7.4634,37.742,16.833,0,3.3282,11.408,3.0061,1.5031,8.0171,3.0061,22.524,25.491,13.721,3.4315,7.2068,3.5409,0,11.558,0,0,0,0.49091,0.50909,0,0,1,0,0,0,0,1,0,0,1
6.8772,0,0,13.754,0,79.368,0,0,0,0,0,0,0,0,6.8772,6.8772,79.368,0,0,0,6.8772,0,0,0,0,0,13.754,58.737,13.754,0,6.8772,0,6.8772,0,0,0,0,1,0,0,1,0,0,0,0,1,0,0,0
14.94,4.2461,0,5.8375,5.2708,39.798,21.917,0,7.9899,0,0,7.9899,0,7.9899,19.715,6.3398,30.892,12.585,4.2461,2.0937,5.946,2.2022,3.7438,3.7438,2.2022,27.423,16.015,15.396,10.284,5.2708,10.084,0,5.8375,0,0,0,0,1,0,0,1,0,0,0,0,1,0,0,0
19.725,7.4172,0,7.8966,0,38.147,24.02,0,2.7942,0,0,2.7942,0,8.7707,23.41,15.979,22.435,4.1477,2.7942,12.95,6.7193,0,4.623,1.3535,0,38.443,16.215,4.1477,4.1927,0,8.5945,0,22.431,0,0,0,0,1,0,0,1,0,0,0,0,1,0,0,1
0,1.9579,0,0,0,98.042,0,0,0,0,0,1.9579,0,0,0,0,96.084,1.9579,0,0,0,0,0,0,0,0,1.9579,56.746,41.296,0,0,0,0,0,0,0,0,1,0,0,1,0,0,0,0,1,0,0,0
7.7065,0,0,0,19.365,72.929,0,0,0,0,0,0,0,0,7.7065,0,72.929,11.658,7.7065,0,0,0,0,0,0,0,0,80.635,7.7065,11.658,0,0,0,0,0,0,0,1,0,0,1,0,0,0,0,1,0,0,0
24.317,13.057,0,0,14.361,40.043,3.34,0,4.883,0,0,4.883,0,9.7168,3.34,4.883,40.043,11.07,21.231,4.8338,0,0,0,0,0,27.607,8.2231,44.926,3.34,11.021,4.883,0,0,0,0,0,0,1,0,0,1,0,0,0,0,1,0,0,0
21.644,6.9422,0,11.065,13.698,28.476,14.079,0,4.0955,0,0,4.0955,0,11.038,21.838,5.2775,20.796,4.2741,14.573,8.7348,9.373,0,5.8881,4.0955,0,29.018,6.9698,12.822,11.244,9.4238,7.5805,0,12.958,0,0,0,0,1,0,0,1,0,0,0,0,1,0,0,0
3.3773,5.7743,0,0,22.996,62.078,5.7743,0,0,0,0,0,0,0,9.1516,4.6932,62.078,9.1516,14.926,0,0,0,0,0,0,5.7743,5.7743,65.455,9.1516,13.845,0,0,0,0,0,0,0,1,0,0,1,0,0,0,0,1,0,0,0
18.297,9.3249,0,0,11.187,55.455,5.7361,0,0,0,0,0,0,9.3249,8.9719,0,55.455,7.9512,18.297,0,0,0,0,0,0,18.65,17.208,52.955,3.2358,7.9512,0,0,0,0,0,0,0.84314,0.15686,0,0,1,0,0,0,0,1,0,0,0
0,15.762,0,0,0,84.238,0,0,0,0,0,15.762,0,0,0,15.762,62.601,5.8754,0,0,0,0,0,0,0,0,15.762,51.526,32.712,0,0,0,0,0,0,0,0.086957,0.91304,0,0,1,0,0,0,0,1,0,0,0
0,15.849,0,0,0,67.075,0,0,0,0,17.075,15.849,0,0,0,15.849,51.226,17.075,0,0,0,0,0,0,0,0,15.849,68.302,15.849,0,0,0,0,0,0,0,0,1,0,0,1,0,0,0,0,1,0,0,0
0,16.642,0,0,0,49.976,0,0,0,0,33.382,16.642,0,0,0,16.691,16.642,50.024,0,0,0,0,0,0,0,0,16.642,66.667,16.691,0,0,0,0,0,0,0,0,1,0,0,1,0,0,0,0,1,0,0,0
14.532,2.9464,0,1.587,6.8633,36.292,35.656,0,0,2.123,0,0,0,8.3231,20.986,11.397,26.195,9.2936,0,3.71,8.9863,11.109,2.123,7.4996,11.109,18.469,28.712,5.3767,6.8633,3.9169,1.587,0,14.344,0,0,0,0.57143,0.42857,0,0,1,0,0,0,0,1,0,0,1
16.343,3.1077,0,0,12.371,40.362,15.283,0,0,5.3914,7.1416,0,0,9.7862,12.967,7.5564,18.915,7.7685,3.5708,15.385,18.566,5.4848,3.1077,12.679,9.0556,12.679,21.5,3.5097,15.734,12.834,0,0,8.9011,0,0,0,0,1,0,0,1,0,0,0,0,1,0,0,0
6.52,0.81873,0,4.7855,1.4693,37.338,47.925,0,1.1437,0,0,1.1437,0,1.9624,43.042,10.984,24.391,1.4693,0,5.2793,10.258,1.4693,1.9624,4.5569,1.4693,35.772,27.924,3.4133,1.4693,1.4693,4.7855,0,17.179,0,0,0,0.70588,0.29412,0,0,1,0,0,0,0,1,0,0,1
11.781,0,0,0,6.8821,54.851,13.473,0,0,13.013,0,0,0,0,0,29.302,16.12,17.248,0,19.604,13.013,4.7123,2.3562,13.013,4.7123,33.077,6.5908,13.473,6.8821,6.8821,0,0,13.013,0,0,0,0.35366,0.64634,0,0,1,0,0,0,0,1,0,0,0
6.9424,1.5489,0,6.3254,1.3718,37.28,42.659,0,3.8733,0,0,3.8733,0,9.9294,32.252,10.443,22.64,5.879,0,3.0977,10.514,1.3718,5.4222,9.6274,1.3718,24.47,24.398,5.7541,3.8238,1.3718,5.0993,0,18.661,0,0,0,0.040816,0.95918,0,0,1,0,0,0,0,1,0,0,1
12.254,5.0465,0,8.454,0,27.149,35.18,0,8.0965,3.8196,0,8.0965,0,9.4385,35.849,10.837,15.423,3.0358,1.6938,9.2237,6.4027,0,6.4027,7.7447,0,40.127,10.29,9.7413,0,0,13.967,0,11.727,0,0,0,0.74419,0.25581,0,0,1,0,0,0,0,1,0,0,0
4.7071,1.4505,0,4.6108,0,42.965,44.801,0,1.4654,0,0,1.4654,0,10.949,26.928,12.629,27.42,8.0333,0,6.0463,6.5281,0,2.9158,11.305,0,29.703,22.824,9.8395,0,0,4.6108,0,18.802,0,0,0,0.052632,0.94737,0,0,1,0,0,0,0,1,0,0,1
7.9564,3.9782,0,0,0,60.036,3.9782,0,0,24.051,0,0,0,3.9782,3.9782,52.08,28.029,0,0,7.9564,3.9782,0,3.9782,0,0,11.935,0,24.051,24.051,0,24.051,0,11.935,0,0,0,0,1,0,0,1,0,0,0,0,1,0,0,0
20.34,0,0,0,7.8916,55.905,13.374,0,0,2.4897,0,0,0,0,0,45.021,2.4897,13.374,0,23.755,10.381,4.9794,2.4897,10.381,4.9794,37.129,21.265,13.374,0,7.8916,0,0,2.4897,0,0,0,0,1,0,0,1,0,0,0,0,1,0,0,0
8.7502,6.1649,0,0,8.7502,71.392,4.9428,0,0,0,0,0,0,0,0,33.551,19.186,11.799,0,20.549,8.7502,6.1649,0,8.7502,0,18.636,20.549,23.438,6.8561,8.7502,6.8561,6.1649,0,0,0,0,0.29091,0.70909,0,0,1,0,0,0,0,1,0,0,0
0,0,0,0,0,100,0,0,0,0,0,0,0,0,0,0,71.941,28.059,0,0,0,0,0,0,0,0,0,94.726,5.274,0,0,0,0,0,0,0,0,1,0,0,1,0,0,0,0,1,0,0,0
24.371,3.8099,0,0,3.8099,43.638,0,0,0,24.371,0,0,0,0,3.8099,28.181,39.828,3.8099,0,24.371,0,0,0,0,3.8099,24.371,0,27.534,16.104,0,28.181,0,0,0,0,0,0.15873,0.84127,0,0,1,0,0,0,0,1,0,0,0
0,7.1663,0,0,7.8025,69.204,7.8025,0,0,0,8.025,8.025,0,0,0,30.796,22.771,31.241,0,7.1663,0,0,0,0,7.1663,7.8025,8.025,22.994,23.852,22.994,7.1663,0,0,0.0087719,0,0.0087719,0.31579,0.66667,0,0,1,0,0,0,0,1,0,0,0
3.9122,13.815,0,0,0,78.361,0,0,0,0,3.9122,3.9122,0,0,0,17.709,35.924,20.916,3.9122,13.715,3.9122,0,0,3.9122,9.9025,0,11.637,32.112,22.732,5.9903,13.715,0,0,0,0,0,0.43636,0.56364,0,0,1,0,0,0,0,1,0,0,0
32.006,18.488,0,0,0,43.179,0,0,0,0,6.327,6.327,0,12.84,0,12.16,31.512,5.8335,6.327,18.673,6.327,0,0,6.327,12.16,12.84,19.167,37.84,0,5.8335,5.8335,0,0,0,0,0,0.91176,0.088235,0,0,1,0,0,0,0,1,0,0,0
0,7.4325,0,0,7.4325,64.189,0,0,0,20.946,0,0,0,0,7.4325,49.324,35.811,7.4325,0,0,0,0,0,0,7.4325,0,0,43.243,20.946,0,28.378,0,0,0,0,0,0.11364,0.88636,0,0,1,0,0,0,0,1,0,0,0
22.05,26.548,0,0,0,34.137,0,0,0,0,17.265,17.265,0,4.3883,0,17.265,8.9836,16.568,13.274,4.5954,17.662,0,0,13.274,13.274,4.3883,26.248,21.653,12.577,3.9908,4.5954,0,0,0,0,0,1,0,0,0,1,0,0,0,0,1,0,0,0
10.211,21.115,0,0,0,65.879,0,0,0,0,2.7956,2.7956,0,5.1052,0,17.034,26.22,22.625,6.877,14.238,5.1052,0,0,6.877,14.238,5.1052,7.9009,29.016,5.5913,17.034,14.238,0,0,0,0,0,0,1,0,0,1,0,0,0,0,1,0,0,0
33.527,17.95,0,0,9.0719,33.93,0,0,5.5208,0,0,5.5208,0,10.669,11.817,5.5208,33.93,10.057,15.205,7.281,0,0,0,0,0,35.9,5.5208,43.987,4.536,4.536,5.5208,0,0,0,0,0,0.84091,0.15909,0,0,1,0,0,0,0,1,0,0,0
23.501,17.74,0,0,7.718,41.019,4.0322,0,0,0,5.99,0,0,11.75,10.022,10.022,32.955,0,15.436,15.782,4.0322,0,4.0322,0,5.99,35.251,0,28.922,0,13.708,0,0,12.097,0,0,0,0,1,0,0,1,0,0,0,0,1,0,0,0
4.3545,9.038,0,0,21.566,41.771,0,0,0,2.1295,21.141,0,0,19.012,9.038,21.566,20.206,23.695,0,6.484,0,0,0,0,4.6835,8.709,0,22.76,21.141,21.141,21.566,0,0,0,0,0,0,1,0,0,1,0,0,0,0,1,0,0,0
14.321,13.925,0,0,22.794,40.09,8.8696,0,0,0,0,0,0,5.0553,8.8696,0,44.3,8.8696,27.85,5.0553,0,0,0,0,0,24.036,13.08,40.09,8.8696,13.925,0,0,0,0,0,0,0,1,0,0,1,0,0,0,0,1,0,0,0
11.75,17.567,0,0,0,59.05,0,0,0,5.8168,5.8168,0,0,7.4766,10.09,0,59.05,5.8168,7.4766,10.09,0,0,0,0,5.8168,23.5,0,59.05,5.8168,5.8168,0,0,0,0,0,0,0,1,0,0,1,0,0,0,0,1,0,0,0
2.242,5.7713,0,0,12.661,49.944,0,0,0,13.467,15.915,0,0,16.79,5.7713,14.028,39.17,9.3379,12.661,2.242,0,0,0,0,5.7713,0,2.242,46.621,16.79,28.576,0,0,0,0,0,0,0,1,0,0,1,0,0,0,0,1,0,0,0
0,9.0036,0,0,0,90.996,0,0,0,0,0,9.0036,0,0,0,0,63.608,27.388,0,0,0,0,0,0,0,0,9.0036,82.079,8.9175,0,0,0,0,0,0,0,0,1,0,0,1,0,0,0,0,1,0,0,0
0,23.487,0,0,9.7039,53.025,0,0,0,0,13.784,0,0,3.6537,23.487,19.834,43.321,6.0502,3.6537,0,0,0,0,0,23.487,0,0,49.371,3.6537,17.437,6.0502,0,0,0,0,0,0,1,0,0,1,0,0,0,0,1,0,0,0
4.1385,14.81,0,0,8.2633,47.714,0,0,0,12.537,12.537,0,0,14.254,14.81,4.1385,41.303,6.5465,8.2633,10.685,0,0,0,0,14.81,0,4.1385,39.45,20.801,20.801,0,0,0,0,0,0,0,1,0,0,1,0,0,0,0,1,0,0,0
30.06,5.0809,0,0,0,64.859,0,0,0,0,0,0,0,22.268,0,5.0809,64.859,0,0,7.7922,0,0,0,0,5.0809,22.268,7.7922,64.859,0,0,0,0,0,0,0,0,0.93443,0.065574,0,0,1,0,0,0,0,1,0,0,0
0,7.9689,0,0,16.941,53.315,0,0,0,4.8898,16.886,0,0,16.941,7.9689,26.665,31.484,12.929,4.012,0,0,0,0,0,7.9689,0,0,24.15,29.165,20.898,17.819,0,0,0,0,0,0.1828,0.8172,0,0,1,0,0,0,0,1,0,0,0
36.09,10.169,15.268,0,0,38.473,0,0,0,0,0,0,0,18.045,0,10.169,53.741,0,0,7.103,10.942,0,15.268,0,10.169,18.045,18.045,38.473,0,0,0,0,0,0,0,0,0,1,0,0,1,0,0,0,0,1,0,0,0
30.855,0,12.764,0,0,56.382,0,0,0,0,0,0,0,15.427,0,0,69.145,0,0,15.427,0,0,12.764,0,0,15.427,15.427,56.382,0,0,0,0,0,0,0,0,0,1,0,0,1,0,0,0,0,1,0,0,0
23.126,23.89,0,0,0,52.984,0,0,0,0,0,0,0,11.563,0,20.211,52.984,0,3.6783,11.563,0,0,0,0,23.89,11.563,11.563,52.984,0,0,0,0,0,0,0,0,0.043478,0.95652,0,0,1,0,0,0,0,1,0,0,0
0,6.3413,0,0,20.692,36.719,0,0,0,15.208,21.04,0,0,17.695,6.3413,20.692,16.027,24.036,11.864,3.3448,0,0,0,0,6.3413,0,0,30.887,21.04,32.903,8.8279,0,0,0,0,0,0.22222,0.77778,0,0,1,0,0,0,0,1,0,0,0
26.403,4.8404,9.7294,0,0,59.027,0,0,0,0,0,0,0,18.359,0,4.8404,68.757,0,0,8.0445,0,0,9.7294,0,4.8404,18.359,8.0445,59.027,0,0,0,0,0,0,0,0,0,1,0,0,1,0,0,0,0,1,0,0,0
0,10.534,12.562,0,0,76.903,0,0,0,0,0,0,0,0,0,20.176,79.824,0,0,0,0,0,12.562,0,10.534,0,0,76.903,0,0,0,0,0,0,0,0,0,1,0,0,1,0,0,0,0,1,0,0,0
0,0,17.329,0,0,82.671,0,0,0,0,0,0,0,0,8.6645,14.356,68.315,0,0,0,0,8.6645,0,8.6645,0,8.6645,0,55.394,27.276,0,0,0,0,0,0,0,0,1,0,0,1,0,0,0,0,1,0,0,0
0,0,15.09,0,0,65.024,0,0,0,19.886,0,0,15.09,0,12.692,3.3325,61.691,2.3979,0,2.3979,0,2.3979,0,12.692,0,2.3979,0,56.313,8.7109,0,4.7959,15.09,0,0,0,0,0,1,0,0,1,0,0,0,0,1,0,0,0
3.0648,0,30.339,0,0,46.065,0,0,0,20.531,0,0,5.9994,0,13.968,13.968,35.161,5.4676,0,5.9994,3.0648,16.371,0,13.968,0,16.371,6.6615,14.532,27.936,0,7.8703,12.661,0,0,0,0,0,1,0,0,1,0,0,0,0,1,0,0,0
3.7587,0,0,0,0,75.88,0,0,0,14.297,6.0651,0,6.0651,0,0,8.5506,75.381,4.473,1.7712,0,3.7587,0,0,0,0,0,9.8237,64.503,11.376,1.7712,8.0525,4.473,0,0,0,0,0,1,0,0,1,0,0,0,0,1,0,0,0
0,0,0,0,0,91.486,0,0,0,8.5141,0,0,0,0,0,2.0091,89.477,8.5141,0,0,0,0,0,0,0,0,6.505,75.45,9.5311,0,0,8.5141,0,0,0,0,0,1,0,0,1,0,0,0,0,1,0,0,0
9.9747,0,0,0,0,57.127,0,0,0,30.134,2.7638,0,2.7638,0,0,1.3817,63.866,17.396,4.6185,0,9.9747,0,0,0,0,0,15.105,46.867,7.8939,4.6185,8.12,17.396,0,0,0,0,0,1,0,0,1,0,0,0,0,1,0,0,0
1.9711,0,2.6498,0,0,55.272,0,0,0,25.697,14.411,0,17.061,0,2.6498,9.7682,55.272,6.6649,6.6137,0,1.9711,0,0,2.6498,0,0,13.762,41.459,16.433,6.6137,9.7682,9.3148,0,0,0,0,0,1,0,0,1,0,0,0,0,1,0,0,0
0,0,0,0,0,88.889,0,0,0,11.111,0,0,5.5553,0,0,0,88.889,0,0,5.5553,0,0,0,0,0,0,5.5553,65.229,0,0,0,11.111,18.106,0.084746,0,0,0,0.91525,0,0,1,0,0,0,0,1,0,0,1
0,0,0,0,0,93.022,0,0,0,6.9777,0,0,0,0,0,0,93.022,6.9777,0,0,0,0,0,0,0,0,6.9816,79.059,0,0,6.9777,0,6.9816,0,0,0,0,1,0,0,1,0,0,0,0,1,0,0,1
0,0,0,0,0,100,0,0,0,0,0,0,0,0,0,0,100,0,0,0,0,0,0,0,0,0,12.902,54.839,9.6786,0,0,0,22.58,0.12963,0,0,0,0.87037,0,0,1,0,0,0,0,1,0,0,1
6.3823,0,0,0,0,73.208,0,0,0,16.021,4.3879,0,4.3879,0,0,1.655,73.208,5.2511,9.1152,0,6.3823,0,0,0,0,0,10.556,64.855,8.5681,9.1152,1.655,5.2511,0,0,0,0,0.032258,0.96774,0,0,1,0,0,0,0,1,0,0,0
0,0,0,0,0,90.496,0,0,0,9.5037,0,0,0,0,0,6.9142,83.582,9.5037,0,0,0,0,0,0,0,0,2.5896,81.423,6.4834,0,0,9.5037,0,0,0,0,0.046512,0.95349,0,0,1,0,0,0,0,1,0,0,0
1.5597,0,0,0,0,52.004,0,0,0,33.575,12.861,0,12.861,0,0,6.8378,48.491,19.154,11.096,0,1.5597,0,0,0,0,0,4.7514,47.386,14.288,11.096,3.3253,19.154,0,0,0,0,0,1,0,0,1,0,0,0,0,1,0,0,0
14.765,0,0,0,0,59.367,0,0,0,23.238,2.63,0,2.63,0,0,4.8012,60.868,5.8437,11.092,0,14.765,0,0,0,0,0,17.395,56.737,2.63,11.092,6.3026,5.8437,0,0,0,0,0,1,0,0,1,0,0,0,0,1,0,0,0
0,0,0,0,0,100,0,0,0,0,0,0,0,0,0,0,100,0,0,0,0,0,0,0,0,0,0,63.011,23.979,0,0,0,13.011,0,0,0,0,1,0,0,1,0,0,0,0,1,0,0,0
0,0,0,0,0,100,0,0,0,0,0,0,0,0,0,0,100,0,0,0,0,0,0,0,0,0,0,75.793,12.103,0,0,0,12.103,0,0,0,0,1,0,0,1,0,0,0,0,1,0,0,0
0,0,0,0,0,100,0,0,0,0,0,0,0,0,0,0,100,0,0,0,0,0,0,0,0,0,4.4143,84.759,3.2064,0,0,0,7.6206,0,0,0,0,1,0,0,1,0,0,0,0,1,0,0,0
0,0,0,0,0,100,0,0,0,0,0,0,0,0,0,0,100,0,0,0,0,0,0,0,0,0,0,81.008,0,0,0,0,18.992,0,0,0,0,1,0,0,1,0,0,0,0,1,0,0,0
0,0,0,0,0,100,0,0,0,0,0,0,0,0,0,0,100,0,0,0,0,0,0,0,0,0,0,78.054,10.188,0,0,0,11.758,0,0,0,0,1,0,0,1,0,0,0,0,1,0,0,0
0,0,0,0,0,100,0,0,0,0,0,0,0,0,0,0,100,0,0,0,0,0,0,0,0,0,0,60,20,0,0,0,20,0,0,0,0,1,0,0,1,0,0,0,0,1,0,0,0
0,0,0,0,0,100,0,0,0,0,0,0,0,0,0,0,100,0,0,0,0,0,0,0,0,0,0,100,0,0,0,0,0,0,0,0,0,1,0,0,1,0,0,0,0,1,0,0,0
0,0,0,0,0,100,0,0,0,0,0,0,0,0,0,0,100,0,0,0,0,0,0,0,0,0,0,100,0,0,0,0,0,0,0,0,0,1,0,0,1,0,0,0,0,1,0,0,0
0,0,0,0,0,100,0,0,0,0,0,0,0,0,0,19.743,80.257,0,0,0,0,0,0,0,0,0,0,80.257,19.743,0,0,0,0,0,0,0,0,1,0,0,1,0,0,0,0,1,0,0,0
0,0,0,0,0,100,0,0,0,0,0,0,0,0,0,0,100,0,0,0,0,0,0,0,0,0,0,100,0,0,0,0,0,0,0,0,0,1,0,0,1,0,0,0,0,1,0,0,0
0,0,0,0,0,100,0,0,0,0,0,0,0,0,0,0,100,0,0,0,0,0,0,0,0,0,0,91.654,4.1728,0,0,0,4.1728,0,0,0,0,1,0,0,1,0,0,0,0,1,0,0,0
0,0,0,0,0,100,0,0,0,0,0,0,0,0,0,0,100,0,0,0,0,0,0,0,0,0,0,100,0,0,0,0,0,0,0,0,0,1,0,0,1,0,0,0,0,1,0,0,0
0,0,0,0,0,100,0,0,0,0,0,0,0,0,0,0,100,0,0,0,0,0,0,0,0,0,0,100,0,0,0,0,0,0,0,0,0,1,0,0,1,0,0,0,0,1,0,0,0
0,0,0,0,0,100,0,0,0,0,0,0,0,0,0,0,100,0,0,0,0,0,0,0,0,0,0,100,0,0,0,0,0,0,0,0,0,1,0,0,1,0,0,0,0,1,0,0,0
0,0,0,0,0,90.003,0,0,0,0,9.9973,9.9973,0,0,0,9.9973,50.013,29.992,0,0,0,0,0,0,0,0,9.9973,60.011,19.995,9.9973,0,0,0,0,0,0,0,1,0,0,1,0,0,0,0,1,0,0,0
0,0,0,0,0,100,0,0,0,0,0,0,0,0,0,0,100,0,0,0,0,0,0,0,0,0,0,100,0,0,0,0,0,0,0,0,0,1,0,0,1,0,0,0,0,1,0,0,0
12.732,25.465,16.357,0,0,32.714,0,0,0,0,12.732,12.732,0,0,0,12.732,49.071,0,12.732,0,12.732,0,16.357,12.732,12.732,0,12.732,45.446,0,0,0,0,0,0,0,0,0,1,0,0,1,0,0,0,0,1,0,0,0
0,0,0,0,0,100,0,0,0,0,0,0,0,0,0,0,100,0,0,0,0,0,0,0,0,0,0,100,0,0,0,0,0,0,0,0,0,1,0,0,1,0,0,0,0,1,0,0,0
0,0,0,0,0,100,0,0,0,0,0,0,0,0,0,0,100,0,0,0,0,0,0,0,0,0,0,100,0,0,0,0,0,0,0,0,0,1,0,0,1,0,0,0,0,1,0,0,0
0,0,0,0,0,100,0,0,0,0,0,0,0,0,0,0,100,0,0,0,0,0,0,0,0,0,0,100,0,0,0,0,0,0,0,0,0,1,0,0,1,0,0,0,0,1,0,0,0
0,0,0,0,0,100,0,0,0,0,0,0,0,0,0,0,100,0,0,0,0,0,0,0,0,0,0,100,0,0,0,0,0,0,0,0,0,1,0,0,1,0,0,0,0,1,0,0,0
0,0,0,0,0,100,0,0,0,0,0,0,0,0,0,0,100,0,0,0,0,0,0,0,0,0,0,100,0,0,0,0,0,0,0,0,0,1,0,0,1,0,0,0,0,1,0,0,0
0,14.578,30.193,0,0,55.229,0,0,0,0,0,0,0,0,0,0,85.422,0,14.578,0,0,0,30.193,14.578,0,0,0,55.229,0,0,0,0,0,0,0,0,0,1,0,0,1,0,0,0,0,1,0,0,0
0,0,0,0,0,100,0,0,0,0,0,0,0,0,0,0,100,0,0,0,0,0,0,0,0,0,0,100,0,0,0,0,0,0,0,0,0,1,0,0,1,0,0,0,0,1,0,0,0
0,0,33.333,0,0,66.667,0,0,0,0,0,0,0,0,0,11.839,88.161,0,0,0,0,0,33.333,0,0,0,0,66.667,0,0,0,0,0,0,0,0,0,1,0,0,1,0,0,0,0,1,0,0,0
0,0,0,0,0,100,0,0,0,0,0,0,0,0,0,0,100,0,0,0,0,0,0,0,0,0,0,100,0,0,0,0,0,0,0,0,0,1,0,0,1,0,0,0,0,1,0,0,0
0,0,0,0,0,100,0,0,0,0,0,0,0,0,0,0,100,0,0,0,0,0,0,0,0,0,0,100,0,0,0,0,0,0,0,0,0,1,0,0,1,0,0,0,0,1,0,0,0
0,0,0,0,0,100,0,0,0,0,0,0,0,0,0,0,100,0,0,0,0,0,0,0,0,0,0,100,0,0,0,0,0,0,0,0,0,1,0,0,1,0,0,0,0,1,0,0,0
0,0,0,0,0,100,0,0,0,0,0,0,0,0,0,0,100,0,0,0,0,0,0,0,0,0,0,100,0,0,0,0,0,0,0,0,0,1,0,0,1,0,0,0,0,1,0,0,0
0,0,0,0,0,100,0,0,0,0,0,0,0,0,0,0,100,0,0,0,0,0,0,0,0,0,0,100,0,0,0,0,0,0,0,0,0,1,0,0,1,0,0,0,0,1,0,0,0
0,0,0,0,13.697,86.303,0,0,0,0,0,0,0,8.9789,0,24.354,66.667,0,0,0,0,0,0,0,0,0,10.657,52.969,13.697,0,13.697,8.9789,0,0,0,0,1,0,0,0,1,0,0,0,0,1,0,0,0
0,0,0,0,0,100,0,0,0,0,0,0,0,9.4281,0,0,90.572,0,0,0,0,0,0,0,0,0,0,90.572,0,0,0,9.4281,0,0,0,0,0,1,0,0,1,0,0,0,0,1,0,0,0
0,0,0,0,0,100,0,0,0,0,0,0,0,6.8438,0,42.814,23.853,26.489,0,0,0,0,0,0,0,0,47.896,23.853,21.407,0,0,6.8438,0,0,0,0,1,0,0,0,1,0,0,0,0,1,0,0,0
0,0,0,0,0,100,0,0,0,0,0,0,0,0,0,0,100,0,0,0,0,0,0,0,0,0,0,100,0,0,0,0,0,0,0,0,0,1,0,0,1,0,0,0,0,1,0,0,0
0,0,0,0,9.0046,90.995,0,0,0,0,0,0,0,15.479,0,17.699,48.967,17.854,0,0,0,0,0,0,0,0,17.699,48.967,8.8497,0,9.0046,15.479,0,0,0,0,0.7561,0.2439,0,0,1,0,0,0,0,1,0,0,0
0,0,0,0,5.1926,94.807,0,0,0,0,0,0,0,0,0,27.296,66.667,6.0372,0,0,0,0,0,0,0,0,28.141,61.474,5.1926,0,5.1926,0,0,0,0,0,0.83019,0.16981,0,0,1,0,0,0,0,1,0,0,0
0,0,0,0,0,100,0,0,0,0,0,0,0,0,0,0,66.667,33.333,0,0,0,0,0,0,0,0,33.333,66.667,0,0,0,0,0,0,0,0,1,0,0,0,1,0,0,0,0,1,0,0,0
0,0,0,0,15.138,84.862,0,0,0,0,0,0,0,0,0,15.138,84.862,0,0,0,0,0,0,0,0,0,0,84.862,0,15.138,0,0,0,0,0,0,0,1,0,0,1,0,0,0,0,1,0,0,0
0,0,0,0,0,100,0,0,0,0,0,0,0,0,0,29.514,60.2,10.286,0,0,0,0,0,0,0,0,29.514,60.2,10.286,0,0,0,0,0,0,0,1,0,0,0,1,0,0,0,0,1,0,0,0
20.592,0,0,0,7.9317,50.884,20.592,0,0,0,0,0,0,0,6.4968,7.9317,79.075,0,6.4968,0,0,0,0,0,0,14.095,33.586,44.387,0,7.9317,0,0,0,0,0,0,0.77049,0.22951,0,0,1,0,0,0,0,1,0,0,0
3.2343,5.7268,0,0,0,73.012,0,0,0,18.027,0,0,0,3.2343,0,18.027,73.012,0,5.7268,0,0,0,0,0,2.4926,3.2343,3.2343,73.012,0,18.027,0,0,0,0,0,0,1,0,0,0,1,0,0,0,0,1,0,0,0
25,25,0,0,0,50,0,0,0,0,0,0,0,25,0,0,50,0,25,0,0,0,0,0,0,25,25,50,0,0,0,0,0,0,0,0,0.88,0.12,0,0,1,0,0,0,0,1,0,0,0
20.339,24.699,0,0,0,38.09,0,0,0,16.872,0,0,0,20.339,0,16.872,38.09,0,24.699,0,0,0,0,0,21.231,3.4671,20.339,38.09,0,16.872,0,0,0,0,0,0,0,1,0,0,1,0,0,0,0,1,0,0,0
4.7793,48.054,0,0,0,36.913,0,0,0,10.253,0,0,0,4.7793,0,10.253,36.913,0,48.054,0,0,0,0,0,4.7793,43.275,4.7793,36.913,0,10.253,0,0,0,0,0,0,0.020833,0.97917,0,0,1,0,0,0,0,1,0,0,0
0,0,0,0,11.055,81.228,7.7169,0,0,0,0,0,0,0,7.7169,7.7169,81.228,3.3384,0,0,0,0,0,0,0,7.7169,7.7169,73.511,0,11.055,0,0,0,0,0,0,0,1,0,0,1,0,0,0,0,1,0,0,0
0,0,0,0,0,87.839,0,0,0,0,12.161,0,0,0,0,0,87.839,12.161,0,0,0,0,0,0,0,0,0,100,0,0,0,0,0,0,0,0,0,1,0,0,1,0,0,0,0,1,0,0,0
15.716,5.7278,0,0,18.702,39.366,20.488,0,0,0,0,0,0,0,12.974,7.2459,62.597,5.7278,11.456,0,0,0,0,0,0,20.488,28.69,32.12,5.7278,12.974,0,0,0,0,0,0,0.079545,0.92045,0,0,1,0,0,0,0,1,0,0,0
0,0,0,0,0,93.842,0,0,0,0,6.1585,0,0,0,0,0,93.842,6.1585,0,0,0,0,0,0,0,0,0,100,0,0,0,0,0,0,0,0,0,1,0,0,1,0,0,0,0,1,0,0,0
16.176,0,0,0,14.799,47.152,21.873,0,0,0,0,0,0,0,21.873,14.799,56.254,0,7.0737,0,0,0,0,0,0,14.799,45.123,25.279,0,14.799,0,0,0,0,0,0,0,1,0,0,1,0,0,0,0,1,0,0,0
0,0,0,0,0,86.505,0,0,0,0,13.495,0,0,0,0,2.3198,84.185,13.495,0,0,0,0,0,0,0,0,0,97.68,2.3198,0,0,0,0,0,0,0,0,1,0,0,1,0,0,0,0,1,0,0,0
0,0,0,0,0,67.508,0,0,0,0,32.492,0,0,0,0,10.166,57.342,32.492,0,0,0,0,0,0,0,0,0,89.834,10.166,0,0,0,0,0,0,0,0,1,0,0,1,0,0,0,0,1,0,0,0
18.522,3.8385,0,0,0,70.516,7.1234,0,0,0,0,0,0,3.8385,7.1234,0,78.076,0,10.962,0,0,0,0,0,0,7.677,28.93,63.393,0,0,0,0,0,0,0,0,0,1,0,0,1,0,0,0,0,1,0,0,0
8.4899,0,0,0,0,81.392,0,0,0,5.059,5.059,0,0,5.059,0,0,94.941,0,0,0,0,0,0,0,0,0,8.4899,81.392,5.059,5.059,0,0,0,0,0,0,0,1,0,0,1,0,0,0,0,1,0,0,0
12.691,1.786,0,0,2.5006,58.586,0,0,0,12.218,12.218,0,0,15.192,1.786,10.432,56.086,4.2866,2.5006,9.7173,0,0,0,0,1.786,0,12.691,58.586,12.218,14.719,0,0,0,0,0,0,0,1,0,0,1,0,0,0,0,1,0,0,0
16.65,0,0,0,0,74.588,8.762,0,0,0,0,0,0,0,0,0,100,0,0,0,0,0,0,0,0,8.762,16.65,74.588,0,0,0,0,0,0,0,0,0,1,0,0,1,0,0,0,0,1,0,0,0
13.885,0,0,0,0,86.115,0,0,0,0,0,0,0,4.1562,0,0,95.844,0,0,0,0,0,0,0,0,0,13.885,86.115,0,0,0,0,0,0,0,0,0,1,0,0,1,0,0,0,0,1,0,0,0
15.577,0,0,0,0,80.617,0,0,0,1.9032,1.9032,0,0,17.48,0,0,82.52,0,0,0,0,0,0,0,0,0,15.577,80.617,1.9032,1.9032,0,0,0,0,0,0,0,1,0,0,1,0,0,0,0,1,0,0,0
5.679,1.9838,0,0,5.2232,57.87,0,0,0,14.622,14.622,0,0,18.317,1.9838,5.2232,60.062,7.207,5.2232,1.9838,0,0,0,0,1.9838,0,5.679,57.87,14.622,19.845,0,0,0,0,0,0,0,1,0,0,1,0,0,0,0,1,0,0,0
4.0624,0,0,0,0,81.446,0,0,0,7.2456,7.2456,0,0,7.2456,0,4.0624,84.63,0,0,4.0624,0,0,0,0,0,0,4.0624,81.446,7.2456,7.2456,0,0,0,0,0,0,0,1,0,0,1,0,0,0,0,1,0,0,0
7.9861,4.095,0,0,0,76.172,0,0,0,11.747,0,0,0,7.9861,0,13.481,74.437,0,4.095,0,0,0,0,0,4.095,3.8911,4.095,76.172,0,11.747,0,0,0,0,0,0,0,1,0,0,1,0,0,0,0,1,0,0,0
0,8.3376,6.9258,0,0,84.737,0,0,0,0,0,0,0,0,0,20.128,74.207,0,5.6649,0,0,0,6.9258,0,8.3376,0,0,84.737,0,0,0,0,0,0,0,0,0,1,0,0,1,0,0,0,0,1,0,0,0
0,0,16.87,0,0,83.13,0,0,0,0,0,0,0,0,0,8.0601,91.94,0,0,0,0,0,16.87,0,0,0,0,83.13,0,0,0,0,0,0,0,0,0,1,0,0,1,0,0,0,0,1,0,0,0
5.9283,9.3638,0,0,0,80.433,0,0,0,4.2751,0,0,0,5.9283,0,11.99,72.718,0,9.3638,0,0,0,0,0,3.4355,5.9283,5.9283,80.433,0,4.2751,0,0,0,0,0,0,0,1,0,0,1,0,0,0,0,1,0,0,0
0,1.7344,13.431,0,0,84.835,0,0,0,0,0,0,0,0,0,4.663,93.603,0,1.7344,0,0,0,13.431,0,1.7344,0,0,84.835,0,0,0,0,0,0,0,0,0,1,0,0,1,0,0,0,0,1,0,0,0
0,0,15.135,0,0,84.865,0,0,0,0,0,0,0,0,0,21.507,78.493,0,0,0,0,0,15.135,0,0,0,0,84.865,0,0,0,0,0,0,0,0,0,1,0,0,1,0,0,0,0,1,0,0,0
0,0,35.793,0,0,64.207,0,0,0,0,0,0,0,0,0,12.306,87.694,0,0,0,0,0,35.793,0,0,0,0,64.207,0,0,0,0,0,0,0,0,0,1,0,0,1,0,0,0,0,1,0,0,0
0,0,0,0,0,100,0,0,0,0,0,0,0,0,0,0,100,0,0,0,0,0,0,0,0,0,0,100,0,0,0,0,0,0,0,0,0,1,0,0,1,0,0,0,0,1,0,0,0
0,0,33.333,0,0,66.667,0,0,0,0,0,0,0,0,0,19.175,80.825,0,0,0,0,0,33.333,0,0,0,0,66.667,0,0,0,0,0,0,0,0,0,1,0,0,1,0,0,0,0,1,0,0,0
0,0,0,0,0,100,0,0,0,0,0,0,0,0,0,0,100,0,0,0,0,0,0,0,0,0,0,100,0,0,0,0,0,0,0,0,0,1,0,0,1,0,0,0,0,1,0,0,0
0,0,0,0,0,100,0,0,0,0,0,0,0,0,0,0,100,0,0,0,0,0,0,0,0,0,0,100,0,0,0,0,0,0,0,0,0,1,0,0,1,0,0,0,0,1,0,0,0
0,0,0,0,0,100,0,0,0,0,0,0,0,0,0,0,100,0,0,0,0,0,0,0,0,0,0,100,0,0,0,0,0,0,0,0,0,1,0,0,1,0,0,0,0,1,0,0,0
0,0,0,0,0,100,0,0,0,0,0,0,0,0,0,0,100,0,0,0,0,0,0,0,0,0,0,100,0,0,0,0,0,0,0,0,0,1,0,0,1,0,0,0,0,1,0,0,0
0,0,0,0,0,100,0,0,0,0,0,0,0,0,0,0,100,0,0,0,0,0,0,0,0,0,0,100,0,0,0,0,0,0,0,0,0,1,0,0,1,0,0,0,0,1,0,0,0
