h1,h2,h3,h4,h5,h6,h7,h8,h9,h10,h11,h12,h13,h14,h15,h16,h17,h18,h19,h20,h21,h22,h23,h24,h25,h26,h27,h28,h29,h30,h31,h32,h33,h34,h35,h36,h37,h38,h39,h40,h41,h42,h43,h44,h45,h46,h47,h48,label
0,0,0,0,0,100,0,0,0,0,0,0,0,0,0,0,100,0,0,0,0,0,0,0,0,0,0,100,0,0,0,0,0,0,0,0,0,1,0,0,1,0,0,0,0,1,0,0,0
0,0,0,0,0,100,0,0,0,0,0,0,0,0,0,0,100,0,0,0,0,0,0,0,0,0,0,100,0,0,0,0,0,0,0,0,0,1,0,0,1,0,0,0,0,1,0,0,0
0,0,0,0,0,100,0,0,0,0,0,0,0,0,0,0,100,0,0,0,0,0,0,0,0,0,0,100,0,0,0,0,0,0,0,0,0,1,0,0,1,0,0,0,0,1,0,0,0
0,0,0,0,0,100,0,0,0,0,0,0,0,0,0,0,100,0,0,0,0,0,0,0,0,0,0,100,0,0,0,0,0,0,0,0,0.028169,0.97183,0,0,1,0,0,0,0,1,0,0,0
0,0,0,0,0,100,0,0,0,0,0,0,0,0,0,0,100,0,0,0,0,0,0,0,0,0,0,100,0,0,0,0,0,0,0,0,0,1,0,0,1,0,0,0,0,1,0,0,0
0,0,0,0,0,100,0,0,0,0,0,0,0,0,0,0,100,0,0,0,0,0,0,0,0,0,0,100,0,0,0,0,0,0,0,0,0,1,0,0,1,0,0,0,0,1,0,0,0
0,0,0,0,0,0,0,0,0,0,0,0,0,0,0,0,0,0,0,0,0,0,0,0,0,0,0,0,0,0,0,0,0,0,0,0,0,1,0,0,1,0,0,0,0,1,0,0,0
0,0,0,0,0,100,0,0,0,0,0,0,0,0,0,0,100,0,0,0,0,0,0,0,0,0,0,100,0,0,0,0,0,0,0,0,0,1,0,0,1,0,0,0,0,1,0,0,0
0,0,0,0,0,100,0,0,0,0,0,0,0,0,0,0,100,0,0,0,0,0,0,0,0,0,0,100,0,0,0,0,0,0.046154,0.27692,0.16923,0.10769,0.4,0,0,1,0,0,0,0,1,0,0,0
0,0,0,0,0,100,0,0,0,0,0,0,0,0,0,0,100,0,0,0,0,0,0,0,0,0,0,100,0,0,0,0,0,0,0,0,0,1,0,0,1,0,0,0,0,1,0,0,0
0,0,0,0,0,100,0,0,0,0,0,0,0,0,0,0,100,0,0,0,0,0,0,0,0,0,0,100,0,0,0,0,0,0,0,0,0,1,0,0,1,0,0,0,0,1,0,0,0
0,0,0,0,0,100,0,0,0,0,0,0,0,0,0,0,100,0,0,0,0,0,0,0,0,0,0,100,0,0,0,0,0,0,0,0,0.013699,0.9863,0,0,1,0,0,0,0,1,0,0,0
0,0,0,0,0,100,0,0,0,0,0,0,0,0,0,0,100,0,0,0,0,0,0,0,0,0,0,100,0,0,0,0,0,0,0,0,0,1,0,0,1,0,0,0,0,1,0,0,0
0,0,0,0,0,100,0,0,0,0,0,0,0,0,0,14.999,80.222,4.779,0,0,0,0,0,0,0,0,0,80.222,19.778,0,0,0,0,0,0,0.031746,0.015873,0.95238,0,0,1,0,0,0,0,1,0,0,0
0,0,0,0,0,100,0,0,0,0,0,0,0,0,0,29.303,41.395,29.303,0,0,0,0,0,0,0,0,0,41.395,58.605,0,0,0,0,0,0.04,0.14,0.14,0.68,0,0,1,0,0,0,0,1,0,0,0
0,0,0,0,0,100,0,0,0,0,0,0,0,0,0,0,100,0,0,0,0,0,0,0,0,0,0,100,0,0,0,0,0,0,0,0,0,1,0,0,1,0,0,0,0,1,0,0,0
0,0,0,0,0,100,0,0,0,0,0,0,0,0,0,0,100,0,0,0,0,0,0,0,0,0,0,100,0,0,0,0,0,0,0,0,0,1,0,0,1,0,0,0,0,1,0,0,0
0,0,0,0,0,100,0,0,0,0,0,0,0,0,0,0,100,0,0,0,0,0,0,0,0,0,0,100,0,0,0,0,0,0,0,0,0,1,0,0,1,0,0,0,0,1,0,0,0
0,0,0,0,0,100,0,0,0,0,0,0,0,0,0,0,100,0,0,0,0,0,0,0,0,0,0,100,0,0,0,0,0,0,0,0,0,1,0,0,1,0,0,0,0,1,0,0,0
0,0,0,0,0,100,0,0,0,0,0,0,0,0,0,0,100,0,0,0,0,0,0,0,0,0,0,100,0,0,0,0,0,0,0,0,0.08046,0.91954,0,0,1,0,0,0,0,1,0,0,0
0,0,0,0,0,100,0,0,0,0,0,0,0,0,0,0,100,0,0,0,0,0,0,0,0,0,0,100,0,0,0,0,0,0,0,0,0,1,0,0,1,0,0,0,0,1,0,0,0
0,0,0,0,0,100,0,0,0,0,0,0,0,0,0,0,100,0,0,0,0,0,0,0,0,0,0,100,0,0,0,0,0,0,0,0,0.070588,0.92941,0,0,1,0,0,0,0,1,0,0,0
0,0,0,0,0,100,0,0,0,0,0,0,0,0,0,0,100,0,0,0,0,0,0,0,0,0,0,100,0,0,0,0,0,0,0,0,0,1,0,0,1,0,0,0,0,1,0,0,0
0,0,0,0,0,100,0,0,0,0,0,0,0,0,0,0,100,0,0,0,0,0,0,0,0,0,0,100,0,0,0,0,0,0,0,0,0,1,0,0,1,0,0,0,0,1,0,0,0
0,0,0,0,0,100,0,0,0,0,0,0,0,0,0,0,100,0,0,0,0,0,0,0,0,0,0,100,0,0,0,0,0,0,0,0,0,1,0,0,1,0,0,0,0,1,0,0,0
0,0,0,0,0,100,0,0,0,0,0,0,0,0,0,0,100,0,0,0,0,0,0,0,0,0,0,100,0,0,0,0,0,0,0,0,0,1,0,0,1,0,0,0,0,1,0,0,0
0,0,0,0,0,100,0,0,0,0,0,0,0,0,0,0,100,0,0,0,0,0,0,0,0,0,0,100,0,0,0,0,0,0,0,0,0,1,0,0,1,0,0,0,0,1,0,0,0
0,0,0,0,0,100,0,0,0,0,0,0,0,0,0,0,100,0,0,0,0,0,0,0,0,0,0,100,0,0,0,0,0,0,0,0,0.033708,0.96629,0,0,1,0,0,0,0,1,0,0,0
0,0,0,0,0,100,0,0,0,0,0,0,0,0,0,0,100,0,0,0,0,0,0,0,0,0,0,100,0,0,0,0,0,0,0,0,0,1,0,0,1,0,0,0,0,1,0,0,0
0,0,0,0,0,100,0,0,0,0,0,0,0,0,0,0,100,0,0,0,0,0,0,0,0,0,0,100,0,0,0,0,0,0,0,0,0.060606,0.93939,0,0,1,0,0,0,0,1,0,0,0
0,0,0,0,0,100,0,0,0,0,0,0,0,0,0,0,100,0,0,0,0,0,0,0,0,0,0,100,0,0,0,0,0,0,0,0,0,1,0,0,1,0,0,0,0,1,0,0,0
0,0,0,0,0,100,0,0,0,0,0,0,0,0,0,0,100,0,0,0,0,0,0,0,0,0,0,100,0,0,0,0,0,0,0,0,0,1,0,0,1,0,0,0,0,1,0,0,0
0,0,0,0,10.04,89.96,0,0,0,0,0,0,0,0,0,24.631,59.276,16.093,0,0,0,0,0,0,0,0,0,54.042,45.958,0,0,0,0,0,0,0,0,1,0,0,1,0,0,0,0,1,0,0,0
0,0,0,0,0,100,0,0,0,0,0,0,0,0,0,0,100,0,0,0,0,0,0,0,0,0,0,100,0,0,0,0,0,0,0,0,0,1,0,0,1,0,0,0,0,1,0,0,0
0,0,0,0,8.3525,91.647,0,0,0,0,0,0,0,0,0,13.748,66.473,19.779,0,0,0,0,0,0,0,0,0,72.504,27.496,0,0,0,0,0,0,0,0,1,0,0,1,0,0,0,0,1,0,0,0
0,0,0,0,0,100,0,0,0,0,0,0,0,0,0,28.629,64.315,7.0563,0,0,0,0,0,0,0,0,0,64.315,35.685,0,0,0,0,0,0.95,0,0,0.05,0,0,1,0,0,0,0,0.05,0.95,0,0
0,0,0,0,8.2917,91.708,0,0,0,0,0,0,0,0,0,4.9185,79.603,15.479,0,0,0,0,0,0,0,0,0,81.871,18.129,0,0,0,0,0,1,0,0,0,0,0,1,0,0,0,0,0,1,0,0
0,0,0,0,0,100,0,0,0,0,0,0,0,0,0,0,100,0,0,0,0,0,0,0,0,0,0,100,0,0,0,0,0,0,0,0,0,1,0,0,1,0,0,0,0,1,0,0,0
0,0,0,0,6.0054,93.995,0,0,0,0,0,0,0,0,0,0,93.486,6.5144,0,0,0,0,0,0,0,0,0,93.995,6.0054,0,0,0,0,0,0,0,0,1,0,0,1,0,0,0,0,1,0,0,0
0,0,0,0,0,100,0,0,0,0,0,0,0,0,0,0,100,0,0,0,0,0,0,0,0,0,0,100,0,0,0,0,0,0,0,0,0,1,0,0,1,0,0,0,0,1,0,0,0
0,0,0,0,0,100,0,0,0,0,0,0,0,0,0,0,100,0,0,0,0,0,0,0,0,0,0,100,0,0,0,0,0,0,0,0,0,1,0,0,1,0,0,0,0,1,0,0,0
0,0,0,0,15.173,84.827,0,0,0,0,0,0,0,0,0,9.6834,80.633,9.6834,0,0,0,0,0,0,0,0,0,75.144,24.856,0,0,0,0,0,0.41667,0.16667,0.027778,0.38889,0,0,1,0,0,0,0,0.58333,0.41667,0,0
0,0,0,0,0,100,0,0,0,0,0,0,0,0,0,0,92.53,7.4705,0,0,0,0,0,0,0,0,0,100,0,0,0,0,0,0,0.28571,0.071429,0,0.64286,0,0,1,0,0,0,0,0.71429,0.28571,0,0
0,0,0,0,0,100,0,0,0,0,0,0,0,0,0,0,78.205,21.795,0,0,0,0,0,0,0,0,15.204,84.796,0,0,0,0,0,0,0,0,0.021277,0.97872,0,0,1,0,0,0,0,1,0,0,0
0,0,0,0,0,100,0,0,0,0,0,0,0,0,0,0,80.85,19.15,0,0,0,0,0,0,0,0,0,89.462,10.538,0,0,0,0,0,1,0,0,0,0,0,1,0,0,0,0,1,0,0,0
0,0,0,0,0,100,0,0,0,0,0,0,0,0,0,0,100,0,0,0,0,0,0,0,0,0,0,100,0,0,0,0,0,0.055556,0,0.11111,0.055556,0.77778,0,0,1,0,0,0,0,1,0,0,0
0,0,0,0,0,88.315,0,0,11.685,0,0,0,0,0,0,0,83.103,16.897,0,0,0,0,0,0,0,0,11.685,66.205,10.426,0,0,0,11.685,0,0.81481,0,0,0.18519,0,0,1,0,0,0,0,1,0,0,0
0,0,0,0,0,100,0,0,0,0,0,0,0,0,0,10.577,58.77,30.653,0,0,0,0,0,0,0,0,0,62.768,37.232,0,0,0,0,0,1,0,0,0,0,0,1,0,0,0,0,1,0,0,0
0,0,0,0,0,100,0,0,0,0,0,0,0,0,0,0,100,0,0,0,0,0,0,0,0,0,0,100,0,0,0,0,0,0,0,0,0,1,0,0,1,0,0,0,0,1,0,0,0
0,0,0,0,0,100,0,0,0,0,0,0,0,0,0,15.167,79.73,5.1033,0,0,0,0,0,0,0,0,0,63.264,36.736,0,0,0,0,0,1,0,0,0,0,0,1,0,0,0,0,1,0,0,0
0,0,0,0,0,100,0,0,0,0,0,0,0,0,0,0,100,0,0,0,0,0,0,0,0,0,0,100,0,0,0,0,0,0,0,0,0.026316,0.97368,0,0,1,0,0,0,0,1,0,0,0
0,0,0,0,0,92.05,0,0,7.9501,0,0,0,0,0,0,5.8342,80.382,5.8342,7.9501,0,0,0,0,0,0,0,7.0254,63.483,21.542,0,0,7.9501,0,0,1,0,0,0,0,0,1,0,0,0,0,1,0,0,0
0,0,0,0,0,92.216,0,0,7.7844,0,0,0,0,0,0,13.936,64.343,13.936,7.7844,0,0,0,0,0,0,0,0,64.343,27.873,0,0,7.7844,0,0,1,0,0,0,0,0,1,0,0,0,0,1,0,0,0
0,0,5.9116,0,0,86.675,0,0,7.4132,0,0,0,0,0,0,11.125,75.55,0,13.325,0,0,0,5.9116,0,0,0,0,75.55,11.125,0,0,7.4132,0,0,1,0,0,0,0,0,1,0,0,0,0,1,0,0,0
0,2.2784,8.1493,0,0,65.771,0,0,23.802,0,0,13.063,0,0,2.2784,2.9354,62.835,10.784,5.8257,0,2.2784,0,2.9354,0,2.2784,5.2139,0,65.771,0,7.8488,0,13.674,2.2784,0,1,0,0,0,0,0,1,0,0,0,0,1,0,0,0
0,7.7314,7.8225,0,0,54.127,0,0,30.319,0,0,6.5536,16.114,0,3.8041,6.5096,36.082,18.089,5.1169,0,7.7314,0,5.1169,0,7.7314,2.7056,11.535,42.591,0,3.8481,16.114,6.5536,3.8041,0.11765,0.88235,0,0,0,0,0,1,0,0,0,0,1,0,0,0
0,0,0,0,0,80.153,0,0,19.847,0,0,0,0,0,0,0,80.153,15.008,4.8383,0,0,0,0,0,0,0,26.882,53.271,0,0,0,4.8383,15.008,0.14286,0.60317,0.015873,0.031746,0.20635,0,0,1,0,0,0,0,1,0,0,0
0,0,0,0,0,74.454,0,0,25.546,0,0,0,0,0,0,0,74.454,18.386,7.1595,0,0,0,0,0,0,0,30.068,44.387,0,0,0,7.1595,18.386,0.84158,0,0,0,0.15842,0,0,1,0,0,0,0,1,0,0,0
0,0,0,0,0,77.24,0,0,22.76,0,0,0,0,0,0,0,70.329,12.489,17.182,0,0,0,0,0,0,0,5.5782,57.84,13.822,0,0,17.182,5.5782,0.14286,0.85714,0,0,0,0,0,1,0,0,0,0,1,0,0,0
0,0,0,0,0,71.34,0,0,28.66,0,0,0,0,0,0,0,71.34,7.207,21.453,0,0,0,0,0,0,0,7.207,64.132,0,0,0,21.453,7.207,0.99,0.01,0,0,0,0,0,1,0,0,0,0,1,0,0,0
0,0,0,0,0,79.953,0,0,20.047,0,0,0,0,0,0,9.4628,70.49,0,20.047,0,0,0,0,0,0,0,0,70.49,9.4628,0,0,20.047,0,0.13333,0.86667,0,0,0,0,0,1,0,0,0,0,1,0,0,0
0,0,0,0,0,69.226,0,0,30.774,0,0,4.9607,0,0,0,0,69.226,0,25.813,0,0,0,0,0,0,0,4.9607,64.265,0,4.9607,0,25.813,0,0.94595,0.054054,0,0,0,0,0,1,0,0,0,0,1,0,0,0
0,0,2.623,0,0,72.725,0,0,24.652,0,0,10.719,0,0,0,0,72.725,2.6178,13.938,0,0,0,2.623,0,0,0,8.1017,64.624,0,10.719,0,13.932,0,0.14706,0.85294,0,0,0,0,0,1,0,0,0,0,1,0,0,0
0,0,6.5118,0,0,71.885,0,0,21.603,0,0,5.9222,0,0,0,3.2559,68.63,5.9222,16.27,0,0,0,3.2559,0,0,3.2559,4.8263,67.059,0,2.6663,0,18.936,0,0.94186,0.05814,0,0,0,0,0,1,0,0,0,0,1,0,0,0
0,2.4128,23.839,0,0,57.566,0,0,16.182,0,0,12.395,0,0,2.4128,8.1089,49.457,8.1089,17.105,0,2.4128,0,13.317,0,2.4128,10.522,1.8729,55.693,0,1.8729,0,11.896,2.4128,0.19565,0.80435,0,0,0,0,0,1,0,0,0,0,1,0,0,0
0,1.9072,4.0972,0,0,63.921,0,0,30.075,0,0,13.595,0,0,6.6993,4.7921,54.337,13.909,4.7613,0,1.9072,0,2.19,0,1.9072,1.9072,7.3634,56.558,0,11.688,0,11.688,6.6993,1,0,0,0,0,0,0,1,0,0,0,0,1,0,0,0
0,29.225,4.1078,0,0,37.441,0,0,29.225,0,0,4.1078,25.118,0,4.1078,0,12.324,25.118,0,0,29.225,0,0,0,29.225,4.1078,25.118,12.324,0,0,25.118,0,4.1078,0.2,0.8,0,0,0,0,0,1,0,0,0,0,1,0,0,0
0,4.2157,4.2157,0,0,54.703,0,0,36.866,0,0,4.2157,27.948,0,8.9183,4.7025,45.297,4.7025,0,0,4.2157,0,0,0,4.2157,4.2157,4.7025,50,0,0,27.948,0,8.9183,0.91667,0.083333,0,0,0,0,0,1,0,0,0,0,0.93333,0.066667,0,0
6.3467,5.0082,0,0,30.516,25.613,0,0,17.702,2.4517,12.363,6.3467,0,14.536,2.4517,11.355,14.641,10.971,12.468,4.6247,16.258,6.3467,0,0,0,5.0082,0,20.988,7.0764,38.585,12.085,16.258,0,0.088235,0.91176,0,0,0,0,0,1,0,0,0,0,0.088235,0.91176,0,0
5.9509,16.047,1.872,0,17.01,29.657,0,0,20.156,3.2181,6.0895,5.8727,7.6355,13.423,5.7635,6.9503,19.591,10.066,6.9433,1.872,14.362,7.5208,0,3.442,9.5075,8.4111,0,24.343,3.744,21.421,14.847,14.284,0,0.36667,0.63333,0,0,0,0,0,1,0,0,0,0,0.46667,0.53333,0,0
5.2759,2.9795,0,0,20.791,54.765,0,4.9541,2.9795,5.2759,2.9795,0,0,7.9336,0,22.444,30.347,9.5559,11.235,4.9541,8.2554,5.2759,0,0,4.9541,2.9795,0,49.811,4.9541,11.235,23.087,2.9795,0,0,1,0,0,0,0,0,1,0,0,0,0,0,1,0,0
8.6932,3.3621,0,0,25.141,33.929,0,0,9.9262,8.1648,10.783,4.1226,1.681,13.421,5.2753,6.9343,20.763,10.999,8.1648,2.3835,17.563,8.6932,2.168,0,1.681,1.681,0,27.21,8.1458,26.51,19.612,12.992,0,0,1,0,0,0,0,0,1,0,0,0,0,0,1,0,0
0,0,5.7537,5.7537,27.471,40.207,0,16.161,0,4.6536,0,0,0,10.826,0,17.326,24.663,27.052,0,5.0726,10.407,4.6536,5.7537,0,20.815,0,0,35.135,5.0726,9.7261,17.745,0,5.7537,0,1,0,0,0,0,0,0.98571,0.014286,0,0,0,0,1,0,0
0,3.0262,0,0,22.507,62.597,0,5.8174,3.0262,0,3.0262,0,0,22.73,0,14.661,31.258,8.2274,6.0523,14.045,3.0262,0,5.6594,0,5.8174,3.0262,0,37.233,19.704,14.28,11.254,3.0262,0,0,1,0,0,0,0,0,0.98667,0.013333,0,0,0,0,1,0,0
0,6.9332,18.004,4.8676,7.422,43.468,0,14.926,0,4.3788,0,6.9332,0,14.438,0,19.629,28.302,16.26,0,5.1912,4.8676,4.3788,16.18,8.7576,19.305,0,0,29.439,14.03,2.5544,4.8676,0,4.8676,0.013699,0.9863,0,0,0,0,0,0.94521,0.054795,0,0,0,0.027397,0.9726,0,0
0,3.4725,16.734,11.815,28.904,21.445,0,13.853,0,3.7776,0,3.4725,0,9.9571,0,20.512,18.928,22.842,0,11.696,8.8151,3.7776,8.5101,11.696,17.63,0,0,21.445,0,7.25,21.654,0,11.815,0.45161,0.54839,0,0,0,0,0,0.82258,0.17742,0,0,0,0.59677,0.40323,0,1
0,0,0,0,0,83.348,0,0,16.652,0,0,0,0,0,0,0,83.348,16.652,0,0,0,0,0,0,0,0,16.652,66.695,0,0,0,0,16.652,0.6988,0.036145,0,0,0.26506,0,0,1,0,0,0,0,1,0,0,0
0,0,0,0,0,100,0,0,0,0,0,0,0,0,0,0,100,0,0,0,0,0,0,0,0,0,0,100,0,0,0,0,0,0.81609,0.011494,0,0,0.17241,0,0,1,0,0,0,0,1,0,0,0
0,0,0,0,0,100,0,0,0,0,0,0,0,0,0,0,100,0,0,0,0,0,0,0,0,0,0,100,0,0,0,0,0,0.8427,0.033708,0,0,0.1236,0,0,1,0,0,0,0,1,0,0,0
27.732,0,0,0,0,72.268,0,0,0,0,0,27.732,0,0,0,0,72.268,0,0,0,0,0,27.732,0,0,0,0,72.268,0,0,0,0,0,0.93651,0.015873,0,0,0.047619,0,0,1,0,0,0,0,1,0,0,0
0,0,0,0,0,100,0,0,0,0,0,0,0,0,0,0,100,0,0,0,0,0,0,0,0,0,25.578,74.422,0,0,0,0,0,1,0,0,0,0,0,0,1,0,0,0,0,1,0,0,0
0,0,0,0,0,100,0,0,0,0,0,0,0,0,0,0,100,0,0,0,0,0,0,0,0,0,0,100,0,0,0,0,0,0.96512,0.034884,0,0,0,0,0,1,0,0,0,0,1,0,0,0
0,0,0,0,0,100,0,0,0,0,0,0,0,0,0,0,100,0,0,0,0,0,0,0,0,0,16.742,83.258,0,0,0,0,0,0.87912,0.12088,0,0,0,0,0,1,0,0,0,0,1,0,0,0
0,0,0,0,0,100,0,0,0,0,0,0,0,0,0,0,100,0,0,0,0,0,0,0,0,0,0,100,0,0,0,0,0,0.95604,0.043956,0,0,0,0,0,1,0,0,0,0,0.98901,0.010989,0,0
0,0,0,0,0,100,0,0,0,0,0,0,0,0,0,0,100,0,0,0,0,0,0,0,0,0,0,100,0,0,0,0,0,1,0,0,0,0,0,0,1,0,0,0,0,1,0,0,0
37.109,0,0,0,0,62.891,0,0,0,0,0,37.109,0,0,0,0,62.891,0,0,0,0,0,0,0,0,0,0,62.891,37.109,0,0,0,0,1,0,0,0,0,0,0,1,0,0,0,0,1,0,0,0
0,0,0,0,0,100,0,0,0,0,0,0,0,0,0,0,100,0,0,0,0,0,0,0,0,0,0,100,0,0,0,0,0,0.82192,0.17808,0,0,0,0,0,1,0,0,0,0,0.91781,0.082192,0,0
0,3.5127,7.8728,0,3.5127,85.102,0,0,0,0,0,11.386,0,0,0,0,85.102,3.5127,0,0,0,0,3.5127,0,7.8728,0,0,77.229,7.8728,3.5127,0,0,0,0,1,0,0,0,0,0,1,0,0,0,0,0,1,0,0
0,0,0,0,0,87.923,0,0,12.077,0,0,6.0385,0,0,0,0,87.923,0,6.0385,0,0,0,0,0,0,0,6.0385,81.884,0,6.0385,0,6.0385,0,1,0,0,0,0,0,0,1,0,0,0,0,1,0,0,0
0,0,0,0,0,100,0,0,0,0,0,0,0,0,0,0,100,0,0,0,0,0,0,0,0,0,0,100,0,0,0,0,0,0.84706,0.15294,0,0,0,0,0,1,0,0,0,0,0.87059,0.12941,0,0
0,0,0,0,0,100,0,0,0,0,0,0,0,0,0,0,100,0,0,0,0,0,0,0,0,0,10.895,89.105,0,0,0,0,0,0.89024,0.10976,0,0,0,0,0,1,0,0,0,0,0.97561,0.02439,0,0
0,10.87,15.218,0,0,57.097,0,0,16.815,0,0,9.2727,7.5427,0,3.327,5.9456,43.608,13.488,5.9456,0,10.87,0,5.9456,0,10.87,9.2727,7.5427,49.554,0,0,7.5427,5.9456,3.327,1,0,0,0,0,0,0,1,0,0,0,0,1,0,0,0
0,18.078,13.097,0,2.4908,41.734,0,0,11.934,3.2618,9.4041,3.2618,8.6331,19.192,8.3301,0,36.323,5.4104,0,6.1423,9.4454,3.2618,0,12.324,25.765,2.4908,0,26.188,12.285,3.2618,11.934,5.7526,0,0.92157,0.078431,0,0,0,0,0,1,0,0,0,0,1,0,0,0
0,14.979,19.862,0,1.8811,46.89,0,0,5.0918,11.295,0,1.8811,0,4.8314,19.562,0,45.009,1.8811,0,2.4415,9.3627,15.031,0,26.508,11.544,12.589,0,31.09,0,6.9728,11.295,0,0,0.90909,0.090909,0,0,0,0,0,1,0,0,0,0,0.98182,0.018182,0,0
0,5.7496,14.55,0,8.287,42.914,0,0,6.6372,11.862,9.9994,1.8812,2.8748,24.037,5.5809,0,35.326,2.8748,2.7061,7.2751,8.287,9.1563,4.713,1.8812,17.425,2.8748,0,31.607,7.4191,7.2933,16.618,10.168,0,0,1,0,0,0,0,0,1,0,0,0,0,0.014286,0.98571,0,0
0,15.396,15.396,0,3.3807,41.631,0,0,14.725,9.4709,0,3.3807,0,0,33.502,0,26.235,15.396,0,0,18.106,3.3807,0,14.725,15.396,3.3807,0,38.921,0,6.0902,21.486,0,0,0,1,0,0,0,0,0,1,0,0,0,0,0.066667,0.93333,0,0
0,6.3962,15.538,0,3.4409,35.306,15.383,4.5032,8.629,10.805,0,5.1789,0,3.1561,17.019,0,30.338,10.278,2.5095,0.93143,9.6913,20.899,8.7507,21.559,5.7746,11.757,0.93143,23.459,3.3161,7.2328,10.623,4.0875,2.5095,0.72881,0.27119,0,0,0,0,0,1,0,0,0,0,0.9322,0.067797,0,0
0,1.2199,17.858,4.6764,9.9115,25.399,20.68,3.9468,9.991,5.1203,1.198,10.82,0,4.2912,8.6671,0,17.011,18.675,2.6066,11.073,6.0386,20.817,22.885,8.9836,5.6064,10.636,4.887,14.927,5.5844,6.0386,9.4798,6.085,4.887,0.85484,0.14516,0,0,0,0,0,1,0,0,0,0,0.90323,0.096774,0,0
0,3.2559,11.907,5.3563,14.201,27.295,7.7372,3.136,11.818,13.328,1.966,8.7269,0,10.065,15.122,0,15.388,14.055,5.8021,3.1769,12.079,15.584,11.669,5.8021,5.2219,7.8163,3.1769,16.136,3.9319,12.079,13.697,13.242,7.2265,0.045455,0.95455,0,0,0,0,0.40909,0.59091,0,0,0,0,0.56818,0.43182,0,1
0,0,12.943,6.1792,34.892,19.659,14.82,1.4141,4.5838,1.5849,3.9244,4.876,0,3.1697,5.9229,0,24.009,22.337,2.9989,4.3381,15.613,16.736,10.724,7.0946,5.303,6.3859,4.3381,11.688,9.2274,21.629,10.179,7.5078,5.9229,0.023256,0.97674,0,0,0,0,0.11628,0.88372,0,0,0,0,0.2093,0.7907,0,0
0,7.0796,0,0,0,92.92,0,0,0,0,0,7.0796,0,0,0,0,92.92,0,0,0,0,0,0,7.0796,0,0,0,92.92,0,0,0,0,0,0,1,0,0,0,0,0,1,0,0,0,0,0,1,0,0
0,13.425,9.3612,0,8.4434,64.09,0,0,4.6806,0,0,13.425,0,0,0,14.042,68.771,3.7629,0,0,0,0,3.7629,19.023,0,0,0,64.09,0,8.4434,0,4.6806,0,0,1,0,0,0,0,0,1,0,0,0,0,0,1,0,0
0,2.8337,11.305,0,2.8337,80.194,0,0,2.8337,0,0,2.8337,0,0,0,8.501,88.665,0,0,0,0,0,0,14.139,0,0,0,80.194,0,2.8337,0,2.8337,0,0,1,0,0,0,0,0,1,0,0,0,0,0.028571,0.97143,0,0
0,0,0,0,0,100,0,0,0,0,0,0,0,0,0,0,100,0,0,0,0,0,0,0,0,0,0,100,0,0,0,0,0,0,1,0,0,0,0,0,1,0,0,0,0,0,1,0,0
0,0,0,0,0,100,0,0,0,0,0,0,0,0,0,0,100,0,0,0,0,0,0,0,0,0,0,100,0,0,0,0,0,0,1,0,0,0,0,0,1,0,0,0,0,0,1,0,0
0,0,0,0,0,100,0,0,0,0,0,0,0,0,0,0,100,0,0,0,0,0,0,0,0,0,0,100,0,0,0,0,0,0,1,0,0,0,0,0,1,0,0,0,0,0,1,0,0
0,0,0,0,0,100,0,0,0,0,0,0,0,0,0,0,100,0,0,0,0,0,0,0,0,0,0,100,0,0,0,0,0,0,1,0,0,0,0,0,1,0,0,0,0,0,1,0,0
0,0,3.2908,4.1099,40.519,26.04,3.2908,0,1.2323,0,21.517,1.2323,0,1.2323,1.6454,0,22.75,28.099,0,1.6454,40.519,2.8776,5.7553,0,1.2323,1.6454,1.6454,21.931,22.75,20.233,20.285,2.8776,1.6454,0.97368,0.026316,0,0,0,0,0,1,0,0,0,0,0.97368,0.026316,0,0
0,0,2.204,21.567,41.151,26.276,2.204,0,1.4957,0,5.1024,1.4957,0,1.4957,1.102,0,24.072,26.984,0,1.102,23.678,20.071,5.1954,0,18.969,1.102,1.102,22.182,24.072,2.5977,21.08,2.5977,1.102,0.14286,0.85714,0,0,0,0,0,1,0,0,0,0,0.4,0.6,0,0
0,0,0,0,0,82.094,0,0,0,0,17.906,0,0,0,0,0,100,0,0,0,0,0,0,0,0,0,0,82.094,0,0,17.906,0,0,0,1,0,0,0,0,0,1,0,0,0,0,0,1,0,0
0,0,0,0,0,100,0,0,0,0,0,0,0,0,0,0,100,0,0,0,0,0,0,0,0,0,0,100,0,0,0,0,0,0,1,0,0,0,0,0,1,0,0,0,0,0,1,0,0
4.7205,10.129,0,0,24.346,21.119,0,0,9.6539,10.936,19.097,1.4548,3.3843,19.175,8.1449,3.3599,17.734,3.3843,16.201,0,20.986,6.1753,0,1.4548,3.3843,6.7442,0,19.664,4.7606,22.416,23.856,17.72,0,1,0,0,0,0,0,0,1,0,0,0,0,1,0,0,0
2.7699,2.9222,5.4971,0,15.451,21.891,0,0,16.242,11.857,23.37,7.5602,1.8009,24.789,5.2191,3.8912,19.121,2.7699,7.4617,3.649,14.329,9.4083,0,6.5912,7.298,1.1213,0,13.499,8.8209,25.781,17.769,19.12,0,1,0,0,0,0,0,0,1,0,0,0,0,1,0,0,0
0,0,0,13.483,17.587,62.188,0,0,6.7416,0,0,6.7416,6.7416,23.315,0,15.535,30.081,8.7933,0,8.7933,0,0,14.521,0,8.7933,0,0,15.559,23.315,8.7933,8.7933,13.483,6.7416,0.17143,0.82857,0,0,0,0,0,1,0,0,0,0,0.77143,0.22857,0,1
0,3.7592,27.614,6.7269,29.079,18.663,0,7.2656,0,6.8928,0,3.7592,0,17.5,0,31.493,3.7592,12.994,0,20.468,3.1336,6.8928,7.5183,23.854,14.158,0,0,14.531,4.132,3.1336,25.945,0,6.7269,0.058394,0.78832,0.15328,0,0,0,0,0.36496,0.63504,0,0,0,0.10949,0.89051,0,1
0,2.4766,34.439,3.2943,50.725,0,0,6.5886,0,2.4766,0,2.4766,0,29.486,0,29.486,5.7709,3.2943,0,23.715,3.2943,2.4766,8.2475,28.668,9.0652,0,0,0,0,0,50.725,0,3.2943,0.26316,0.73684,0,0,0,0,0.19298,0.59649,0.21053,0,0,0,0.78947,0.21053,0,1
0,0,0,0,0,100,0,0,0,0,0,0,0,0,0,0,100,0,0,0,0,0,0,0,0,0,0,100,0,0,0,0,0,0,1,0,0,0,0,0,1,0,0,0,0,1,0,0,0
0,3.8055,14.552,0,0,53.08,0,0,13.498,12.173,2.8926,2.8926,0,11.158,11.518,0,49.274,3.8055,0,5.373,7.7128,8.2656,0,10.605,14.552,0,0,46.28,0,6.7998,18.871,2.8926,0,0.086957,0.91304,0,0,0,0,0,1,0,0,0,0,1,0,0,0
0,5.0765,5.0765,0,0,76.003,0,0,6.9221,6.9221,0,0,0,5.0765,6.9221,0,76.003,0,0,0,11.999,0,0,6.9221,10.153,0,0,69.081,0,6.9221,6.9221,0,0,0,1,0,0,0,0,0,1,0,0,0,0,1,0,0,0
0,0,0,0,0,100,0,0,0,0,0,0,0,0,0,0,100,0,0,0,0,0,0,0,0,0,0,100,0,0,0,0,0,0,1,0,0,0,0,0,1,0,0,0,0,1,0,0,0
0,0,0,0,0,100,0,0,0,0,0,0,0,0,0,0,100,0,0,0,0,0,0,0,0,0,0,100,0,0,0,0,0,0,1,0,0,0,0,0,1,0,0,0,0,1,0,0,0
0,0,0,0,0,82.624,4.344,4.344,0,8.688,0,0,0,0,4.344,0,82.624,4.344,0,0,4.344,4.344,4.344,0,0,4.344,0,82.624,0,4.344,4.344,0,0,0,1,0,0,0,0,0,1,0,0,0,0,1,0,0,0
0,0,5.5089,0,0,83.473,0,0,11.018,0,0,0,0,5.5089,0,0,83.473,0,0,11.018,0,0,11.018,0,0,0,0,83.473,0,0,5.5089,0,0,0,1,0,0,0,0,0,1,0,0,0,0,1,0,0,0
0,0,0,0,0,100,0,0,0,0,0,0,0,0,0,0,100,0,0,0,0,0,0,0,0,0,0,100,0,0,0,0,0,0,0.8913,0,0,0.1087,0,0,1,0,0,0,0,1,0,0,0
0,0,0,9.1374,0,90.863,0,0,0,0,0,0,0,9.1374,0,0,90.863,0,0,0,0,0,0,0,0,0,0,90.863,0,0,0,0,9.1374,0,0.048544,0.27184,0.21359,0.46602,0,0,1,0,0,0,0,1,0,0,0
0,0,0,7.5836,0,92.416,0,0,0,0,0,0,0,7.5836,0,0,92.416,0,0,0,0,0,0,0,0,0,0,92.416,0,0,0,0,7.5836,0,0,0,0.18919,0.81081,0,0,1,0,0,0,0,1,0,0,0
0,0,0,5.385,0,94.615,0,0,0,0,0,0,0,5.385,0,0,94.615,0,0,0,0,0,0,0,0,0,0,94.615,0,0,0,0,5.385,0,0,0,0.083333,0.91667,0,0,1,0,0,0,0,1,0,0,0
0,0,0,7.9309,0,92.069,0,0,0,0,0,0,0,7.9309,0,0,92.069,0,0,0,0,0,0,0,0,0,0,92.069,0,0,0,0,7.9309,0,0,0,0.21739,0.78261,0,0,1,0,0,0,0,1,0,0,0
0,0,0,4.316,0,95.684,0,0,0,0,0,0,0,4.316,0,0,95.684,0,0,0,0,0,0,0,0,0,0,95.684,0,0,0,0,4.316,0,0,0,0.16667,0.83333,0,0,1,0,0,0,0,1,0,0,0
0,0,0,0,0,100,0,0,0,0,0,0,0,0,0,0,100,0,0,0,0,0,0,0,0,0,0,100,0,0,0,0,0,0,0,0,0.21053,0.78947,0,0,1,0,0,0,0,1,0,0,0
0,0,0,0,0,100,0,0,0,0,0,0,0,0,0,0,100,0,0,0,0,0,0,0,0,0,0,100,0,0,0,0,0,0,0,0.016129,0.096774,0.8871,0,0,1,0,0,0,0,1,0,0,0
0,0,0,0,0,100,0,0,0,0,0,0,0,0,0,0,100,0,0,0,0,0,0,0,0,0,0,100,0,0,0,0,0,0,0.98214,0,0.017857,0,0,0,1,0,0,0,0,1,0,0,0
0,0,0,23.524,0,76.476,0,0,0,0,0,0,0,23.524,0,0,76.476,0,0,0,0,0,0,0,0,0,0,76.476,0,0,0,0,23.524,0,0.095238,0.19048,0.10476,0.60952,0,0,1,0,0,0,0,1,0,0,0
0,0,0,0,0,100,0,0,0,0,0,0,0,0,0,0,100,0,0,0,0,0,0,0,0,0,0,100,0,0,0,0,0,0,1,0,0,0,0,0,1,0,0,0,0,1,0,0,0
0,0,0,0,0,100,0,0,0,0,0,0,0,0,0,0,100,0,0,0,0,0,0,0,0,0,0,100,0,0,0,0,0,0,0.084906,0.24528,0.18868,0.48113,0,0,1,0,0,0,0,1,0,0,0
0,0,0,7.3524,0,92.648,0,0,0,0,0,0,0,7.3524,0,0,92.648,0,0,0,0,0,0,0,0,0,0,92.648,0,0,0,0,7.3524,0,0,0.014085,0.28169,0.70423,0,0,1,0,0,0,0,1,0,0,0
0,0,0,0,0,100,0,0,0,0,0,0,0,0,0,0,100,0,0,0,0,0,0,0,0,0,0,100,0,0,0,0,0,0,0,0,0.2027,0.7973,0,0,1,0,0,0,0,1,0,0,0
0,0,0,0,0,100,0,0,0,0,0,0,0,0,0,0,88.827,11.173,0,0,0,0,0,0,0,0,0,100,0,0,0,0,0,0,0,0,0.25974,0.74026,0,0,1,0,0,0,0,1,0,0,0
0,0,0,0,0,100,0,0,0,0,0,0,0,0,0,0,100,0,0,0,0,0,0,0,0,0,0,94.681,5.3186,0,0,0,0,0,0,0,0.19767,0.80233,0,0,1,0,0,0,0,1,0,0,0
0,0,0,0,0,100,0,0,0,0,0,0,0,0,0,0,100,0,0,0,0,0,0,0,0,0,0,100,0,0,0,0,0,0,0,0.014925,0.19403,0.79104,0,0,1,0,0,0,0,1,0,0,0
0,0,0,0,0,100,0,0,0,0,0,0,0,0,0,0,100,0,0,0,0,0,0,0,0,0,0,100,0,0,0,0,0,0,0,0,0.25714,0.74286,0,0,1,0,0,0,0,1,0,0,0
0,0,0,0,0,100,0,0,0,0,0,0,0,0,0,0,100,0,0,0,0,0,0,0,0,0,0,100,0,0,0,0,0,0,0,0,0.20548,0.79452,0,0,1,0,0,0,0,1,0,0,0
0,0,0,0,0,100,0,0,0,0,0,0,0,0,0,0,100,0,0,0,0,0,0,0,0,0,0,100,0,0,0,0,0,0,0,0.053333,0.14667,0.8,0,0,1,0,0,0,0,1,0,0,0
0,0,0,0,0,100,0,0,0,0,0,0,0,0,0,0,100,0,0,0,0,0,0,0,0,0,0,100,0,0,0,0,0,0,0,0,0.13208,0.86792,0,0,1,0,0,0,0,1,0,0,0
0,0,0,0,0,100,0,0,0,0,0,0,0,0,0,0,100,0,0,0,0,0,0,0,0,0,0,100,0,0,0,0,0,0,0,0.040816,0.42857,0.53061,0,0,1,0,0,0,0,1,0,0,0
0,0,0,0,0,100,0,0,0,0,0,0,0,0,0,0,100,0,0,0,0,0,0,0,0,0,0,100,0,0,0,0,0,0,0,0.036364,0.12727,0.83636,0,0,1,0,0,0,0,1,0,0,0
0,0,0,0,0,100,0,0,0,0,0,0,0,0,0,0,100,0,0,0,0,0,0,0,0,0,0,100,0,0,0,0,0,0,0,0,0.32143,0.67857,0,0,1,0,0,0,0,1,0,0,0
0,0,0,0,0,100,0,0,0,0,0,0,0,0,0,0,100,0,0,0,0,0,0,0,0,0,0,100,0,0,0,0,0,0,0,0.020408,0.12245,0.85714,0,0,1,0,0,0,0,1,0,0,0
1.7187,17.857,11.015,0,12.738,32.917,0,0,10.352,5.5456,7.8575,1.7187,8.6157,18.54,8.9668,1.7187,24.283,8.6334,2.0521,5.1946,15.064,5.2123,0,1.7011,21.957,6.9146,0,29.515,5.4543,9.2605,12.46,12.738,0,0.125,0.875,0,0,0,0,0,1,0,0,0,0,1,0,0,0
0,14.837,14.837,0,2.0465,50.054,1.8987,1.8987,6.5385,7.8905,0,2.0465,0,3.1509,22.17,0,41.469,10.484,0,0,13.635,7.0461,1.8987,12.74,14.887,7.0461,0,46.953,0,3.9453,12.53,0,0,0.11538,0.88462,0,0,0,0,0,1,0,0,0,0,1,0,0,0
0,0,3.6248,24.406,11.005,43.258,11.005,0,6.7002,0,0,14.081,19.157,11.776,0,21.33,21.33,5.0759,0,3.6248,0,3.6248,16.852,3.6248,5.0759,11.005,3.6248,11.005,6.7002,3.6248,7.3806,20.781,10.325,0.02439,0.97561,0,0,0,0,0.53659,0.46341,0,0,0,0,1,0,0,1
0,4.0201,12.198,0,8.1537,44.334,6.9402,1.0912,11.096,12.166,0,7.7884,0,5.8661,13.258,0,37.272,6.6972,3.0424,5.0186,8.1464,12.912,7.6958,8.3894,5.606,6.6972,1.0912,37.531,1.586,8.1464,15.221,4.9936,3.0424,0.032258,0.96774,0,0,0,0,0,1,0,0,0,0,1,0,0,0
0,0,10.821,2.1263,10.776,42.411,10.371,4.0378,11.056,8.4008,0,4.1622,0,8.9747,10.651,0,31.59,12.543,6.5684,4.2074,8.5703,12.733,10.371,6.5684,0,6.1641,4.2074,33.716,0,8.5703,8.5251,13.182,8.6947,0,1,0,0,0,0,0,1,0,0,0,0,1,0,0,0
0,0,14.707,7.1785,21.621,23.614,10.378,3.6219,12.66,2.1244,4.095,13.101,0,7.6731,5.7463,0,17.868,14.575,5.7463,6.3527,11.316,17.622,15.137,7.8358,6.1643,4.6667,3.6219,12.705,10.259,6.2194,12.208,12.683,8.4994,1,0,0,0,0,0,0,1,0,0,0,0,1,0,0,0
0,4.2079,13.047,7.2495,25.633,38.406,7.2495,0,4.2079,0,0,6.8262,6.7349,11.204,0,31.592,16.089,11.204,0,11.719,0,4.6312,8.2332,17.255,11.204,7.2495,4.6312,7.2495,7.0875,15.927,9.7059,6.8262,4.6312,0.125,0.875,0,0,0,0,0.21875,0.78125,0,0,0,0,1,0,0,1
0,3.964,16.951,14.302,18.644,23.829,11.819,1.9518,8.5387,0,0,13.691,12.085,8.3624,0,40.286,13.691,6.1448,0,3.7877,0,1.9518,6.9319,20.51,3.7877,11.819,1.9518,5.1527,8.3624,9.7034,8.9403,18.266,4.5747,0.17949,0.82051,0,0,0,0,0.53846,0.46154,0,0,0,0,0.97436,0.025641,0,1
0,0,25.645,4.0413,8.4037,10.228,13.616,38.067,0,0,0,2.217,2.217,0,0,76.477,5.8656,5.212,0,1.8243,0,6.1867,5.212,58.499,0,13.616,6.1867,4.0413,0,6.1867,2.217,2.217,1.8243,0,1,0,0,0,0,0,1,0,0,0,0,0,1,0,0
0,2.0391,11.979,16.729,8.167,44.489,8.167,2.7656,5.6638,0,0,7.7029,5.6638,5.6638,0,27.529,39.872,0,0,5.4013,0,8.167,5.6638,16.784,0,8.167,8.167,24.995,5.6638,8.167,0,11.328,11.065,0.64948,0.35052,0,0,0,0,0.20619,0.79381,0,0,0,0,1,0,0,1
0,1.3152,37.377,1.2648,2.5799,2.5295,25.292,28.326,1.3152,0,0,1.3152,3.6525,0,0,68.283,3.8447,20.375,0,1.2648,0,1.2648,20.375,46.644,0,25.292,1.2648,1.2648,0,2.5799,0,1.3152,1.2648,0,1,0,0,0,0,0,1,0,0,0,0,0,1,0,0
0,0,29.875,0,10.851,10.851,16.514,31.91,0,0,0,0,2.8316,0,0,83.486,0,2.8316,0,0,0,10.851,2.8316,58.953,0,16.514,10.851,0,0,10.851,0,0,0,0,1,0,0,0,0,0,1,0,0,0,0,0,1,0,0
0,0,0,0,0,100,0,0,0,0,0,0,0,0,0,0,100,0,0,0,0,0,0,0,0,0,0,100,0,0,0,0,0,1,0,0,0,0,0,0,1,0,0,0,0,1,0,0,0
0,0,0,0,0,100,0,0,0,0,0,0,0,0,0,0,100,0,0,0,0,0,0,0,0,0,0,66.667,33.333,0,0,0,0,1,0,0,0,0,0,0,1,0,0,0,0,1,0,0,0
0,0,0,0,0,100,0,0,0,0,0,0,0,0,0,6.0368,93.963,0,0,0,0,0,0,0,0,0,0,51.951,48.049,0,0,0,0,1,0,0,0,0,0,0,1,0,0,0,0,1,0,0,0
0,0,42.097,0,4.2248,4.2248,33.412,16.041,0,0,0,0,8.6854,0,0,66.588,0,20.502,0,0,0,4.2248,20.502,37.637,0,33.412,4.2248,0,0,4.2248,0,0,0,0,1,0,0,0,0,0,1,0,0,0,0,0,1,0,0
0,0,0,0,0,100,0,0,0,0,0,0,0,0,0,0,100,0,0,0,0,0,0,0,0,0,0,100,0,0,0,0,0,0,1,0,0,0,0,0,1,0,0,0,0,1,0,0,0
0,0,0,0,0,100,0,0,0,0,0,0,0,0,0,0,100,0,0,0,0,0,0,0,0,0,0,100,0,0,0,0,0,0,0.10891,0.15842,0.19802,0.53465,0,0,1,0,0,0,0,1,0,0,0
0,0,22.249,0,0,77.751,0,0,0,0,0,11.124,0,0,0,0,77.751,11.124,0,0,0,0,0,0,0,0,0,77.751,0,0,0,11.124,11.124,1,0,0,0,0,0,0,1,0,0,0,0,1,0,0,0
0,0,0,0,0,87.077,0,0,12.923,0,0,0,12.923,0,0,12.923,61.23,12.923,0,0,0,0,0,0,0,0,0,74.153,12.923,0,0,0,12.923,1,0,0,0,0,0,0,1,0,0,0,0,1,0,0,0
0,0,0,0,0,92.099,0,0,7.9007,0,0,0,7.9007,0,0,7.9007,76.298,7.9007,0,0,0,0,0,0,0,0,0,76.479,15.62,0,0,0,7.9007,0,0,0.02439,0.26829,0.70732,0,0,1,0,0,0,0,1,0,0,0
0,0,0,0,0,92.908,0,0,7.0923,0,0,0,7.0923,0,0,7.0923,71.276,14.539,0,0,0,0,0,0,0,0,0,85.815,7.0923,0,0,0,7.0923,0,0,0,0.15476,0.84524,0,0,1,0,0,0,0,1,0,0,0
0,0,0,0,0,86.9,0,0,13.1,0,0,0,13.1,0,0,7.1364,73.031,6.7324,0,0,0,0,0,0,0,0,0,80.636,6.2644,0,0,0,13.1,0,0,0,0.22414,0.77586,0,0,1,0,0,0,0,1,0,0,0
0,0,0,0,0,86.516,0,0,13.484,0,0,0,7.6923,5.7919,0,7.6923,71.131,7.6923,0,0,0,0,0,0,0,0,0,78.823,7.6923,0,0,0,13.484,0,0,0,0.10667,0.89333,0,0,1,0,0,0,0,1,0,0,0
0,0,0,0,0,100,0,0,0,0,0,0,0,0,0,0,100,0,0,0,0,0,0,0,0,0,0,90.703,9.2971,0,0,0,0,0,0,0,0.10526,0.89474,0,0,1,0,0,0,0,1,0,0,0
0,0,0,0,0,100,0,0,0,0,0,0,0,0,0,0,100,0,0,0,0,0,0,0,0,0,0,100,0,0,0,0,0,0,0,0.093023,0.11628,0.7907,0,0,1,0,0,0,0,1,0,0,0
0,0,0,0,0,100,0,0,0,0,0,0,0,0,0,12.916,87.084,0,0,0,0,0,0,0,0,0,0,100,0,0,0,0,0,0,0,0,0.067568,0.93243,0,0,1,0,0,0,0,1,0,0,0
0,0,0,0,0,100,0,0,0,0,0,0,0,0,0,0,100,0,0,0,0,0,0,0,0,0,0,100,0,0,0,0,0,0,0,0.011765,0.094118,0.89412,0,0,1,0,0,0,0,1,0,0,0
0,0,0,0,0,100,0,0,0,0,0,0,0,0,0,0,100,0,0,0,0,0,0,0,0,0,0,100,0,0,0,0,0,1,0,0,0,0,0,0,1,0,0,0,0,1,0,0,0
0,0,0,0,0,84.818,0,0,15.182,0,0,0,2.9007,9.381,0,0,84.818,0,0,0,0,2.9007,0,0,0,0,0,84.818,0,0,2.9007,2.9007,9.381,1,0,0,0,0,0,0,1,0,0,0,0,1,0,0,0
0,0,0,0,0,100,0,0,0,0,0,0,0,0,0,0,100,0,0,0,0,0,0,0,0,0,0,88.489,11.511,0,0,0,0,1,0,0,0,0,0,0,1,0,0,0,0,1,0,0,0
0,0,0,0,0,75.538,0,0,24.462,0,0,0,15.82,0,0,0,75.538,0,0,0,0,8.6423,0,0,0,0,0,75.538,0,0,5.1813,8.6423,10.638,1,0,0,0,0,0,0,1,0,0,0,0,1,0,0,0
0,0,0,0,0,76.622,0,0,23.378,0,0,0,2.9008,8.7883,0,4.8028,71.819,0,0,0,0,11.689,0,0,0,0,0,76.622,0,0,11.689,2.9008,8.7883,0,0,0,0.054795,0.94521,0,0,1,0,0,0,0,1,0,0,0
0,0,0,0,0,85.527,0,0,14.473,0,0,0,3.2304,8.0126,0,4.6364,80.89,0,0,0,0,3.2304,0,0,0,0,0,85.527,0,0,3.2304,3.2304,8.0126,0,0,0,0.33803,0.66197,0,0,1,0,0,0,0,1,0,0,0
0,0,0,0,0,74.342,0,0,25.658,0,0,0,8,6.5097,0,0,74.342,0,0,0,0,11.149,0,0,0,0,0,74.342,0,0,3.1486,13.792,8.7174,0,0,0,0.17742,0.82258,0,0,1,0,0,0,0,1,0,0,0
0,0,0,0,0,82.144,0,0,17.856,0,0,0,8.9279,0,0,0,82.144,0,0,0,0,8.9279,0,0,0,0,0,82.144,0,0,5.5656,8.9279,3.3623,0,0,0,0.2,0.8,0,0,1,0,0,0,0,1,0,0,0
0,0,0,0,0,100,0,0,0,0,0,0,0,0,0,0,100,0,0,0,0,0,0,0,0,0,0,100,0,0,0,0,0,0,0,0,0.13514,0.86486,0,0,1,0,0,0,0,1,0,0,0
0,0,0,0,0,100,0,0,0,0,0,0,0,0,0,0,100,0,0,0,0,0,0,0,0,0,0,100,0,0,0,0,0,0,0,0.009901,0.25743,0.73267,0,0,1,0,0,0,0,1,0,0,0
0,0,0,0,0,100,0,0,0,0,0,0,0,0,0,0,100,0,0,0,0,0,0,0,0,0,0,100,0,0,0,0,0,0,0,0,0.054795,0.94521,0,0,1,0,0,0,0,1,0,0,0
0,0,0,0,0,100,0,0,0,0,0,0,0,0,0,0,100,0,0,0,0,0,0,0,0,0,0,100,0,0,0,0,0,0,0,0,0.28431,0.71569,0,0,1,0,0,0,0,1,0,0,0
0,0,0,0,0,100,0,0,0,0,0,0,0,0,0,0,100,0,0,0,0,0,0,0,0,0,0,100,0,0,0,0,0,0,0,0.015385,0.27692,0.70769,0,0,1,0,0,0,0,1,0,0,0
0,0,0,0,0,100,0,0,0,0,0,0,0,0,0,0,100,0,0,0,0,0,0,0,0,0,0,100,0,0,0,0,0,0,0,0,0.093023,0.90698,0,0,1,0,0,0,0,1,0,0,0
0,0,0,0,0,100,0,0,0,0,0,0,0,0,0,0,100,0,0,0,0,0,0,0,0,0,0,100,0,0,0,0,0,0,0,0,0.30986,0.69014,0,0,1,0,0,0,0,1,0,0,0
0,0,0,0,0,100,0,0,0,0,0,0,0,0,0,0,100,0,0,0,0,0,0,0,0,0,0,100,0,0,0,0,0,0,0,0,0.081081,0.91892,0,0,1,0,0,0,0,1,0,0,0
0,0,0,0,0,100,0,0,0,0,0,0,0,0,0,0,100,0,0,0,0,0,0,0,0,0,0,100,0,0,0,0,0,0,0,0,0.07,0.93,0,0,1,0,0,0,0,1,0,0,0
0,0,0,0,0,100,0,0,0,0,0,0,0,0,0,0,100,0,0,0,0,0,0,0,0,0,0,100,0,0,0,0,0,0,0,0.12941,0.2,0.67059,0,0,1,0,0,0,0,1,0,0,0
0,0,0,0,0,100,0,0,0,0,0,0,0,0,0,0,100,0,0,0,0,0,0,0,0,0,0,100,0,0,0,0,0,0,0,0,0.044944,0.95506,0,0,1,0,0,0,0,1,0,0,0
0,0,0,0,0,100,0,0,0,0,0,0,0,0,0,0,100,0,0,0,0,0,0,0,0,0,0,100,0,0,0,0,0,0,0,0.021053,0.23158,0.74737,0,0,1,0,0,0,0,1,0,0,0
0,0,0,0,0,100,0,0,0,0,0,0,0,0,0,0,100,0,0,0,0,0,0,0,0,0,0,100,0,0,0,0,0,0,0,0,0,1,0,0,1,0,0,0,0,1,0,0,0
0,0,0,0,0,100,0,0,0,0,0,0,0,0,0,0,100,0,0,0,0,0,0,0,0,0,0,100,0,0,0,0,0,0,0,0,0,1,0,0,1,0,0,0,0,1,0,0,0
0,0,0,0,0,100,0,0,0,0,0,0,0,0,0,0,100,0,0,0,0,0,0,0,0,0,0,100,0,0,0,0,0,0,0,0,0,1,0,0,1,0,0,0,0,1,0,0,0
0,0,0,0,0,100,0,0,0,0,0,0,0,0,0,0,100,0,0,0,0,0,0,0,0,0,0,100,0,0,0,0,0,0,0,0,0,1,0,0,1,0,0,0,0,1,0,0,0
0,0,0,0,0,100,0,0,0,0,0,0,0,0,0,0,100,0,0,0,0,0,0,0,0,0,0,100,0,0,0,0,0,0,0,0,0,1,0,0,1,0,0,0,0,1,0,0,0
0,0,0,0,0,100,0,0,0,0,0,0,0,0,0,0,100,0,0,0,0,0,0,0,0,0,0,100,0,0,0,0,0,0,0,0,0,1,0,0,1,0,0,0,0,1,0,0,0
0,0,0,0,0,100,0,0,0,0,0,0,0,0,0,0,100,0,0,0,0,0,0,0,0,0,0,100,0,0,0,0,0,0,0,0,0,1,0,0,1,0,0,0,0,1,0,0,0
0,0,0,0,0,100,0,0,0,0,0,0,0,0,0,0,100,0,0,0,0,0,0,0,0,0,0,100,0,0,0,0,0,0,0,0,0,1,0,0,1,0,0,0,0,1,0,0,0
0,0,0,0,0,100,0,0,0,0,0,0,0,0,0,0,100,0,0,0,0,0,0,0,0,0,0,100,0,0,0,0,0,0,0,0,0,1,0,0,1,0,0,0,0,1,0,0,0
0,0,0,0,0,100,0,0,0,0,0,0,0,0,0,0,100,0,0,0,0,0,0,0,0,0,0,100,0,0,0,0,0,0,0,0,0,1,0,0,1,0,0,0,0,1,0,0,0
0,0,0,0,0,100,0,0,0,0,0,0,0,0,0,0,100,0,0,0,0,0,0,0,0,0,0,100,0,0,0,0,0,0,0,0,0,1,0,0,1,0,0,0,0,1,0,0,0
0,0,0,0,0,100,0,0,0,0,0,0,0,0,0,0,100,0,0,0,0,0,0,0,0,0,0,100,0,0,0,0,0,0,0,0,0,1,0,0,1,0,0,0,0,1,0,0,0
0,0,0,0,0,100,0,0,0,0,0,0,0,0,0,0,100,0,0,0,0,0,0,0,0,0,0,100,0,0,0,0,0,0,0,0,0.068627,0.93137,0,0,1,0,0,0,0,1,0,0,0
0,0,0,0,0,100,0,0,0,0,0,0,0,0,0,0,100,0,0,0,0,0,0,0,0,0,0,100,0,0,0,0,0,0,0,0,0,1,0,0,1,0,0,0,0,1,0,0,0
0,0,0,0,0,100,0,0,0,0,0,0,0,0,0,0,100,0,0,0,0,0,0,0,0,0,0,100,0,0,0,0,0,0,0,0,0.032609,0.96739,0,0,1,0,0,0,0,1,0,0,0
0,0,0,0,0,100,0,0,0,0,0,0,0,0,0,0,100,0,0,0,0,0,0,0,0,0,0,100,0,0,0,0,0,0,0,0,0,1,0,0,1,0,0,0,0,1,0,0,0
0,0,0,0,0,100,0,0,0,0,0,0,0,0,0,0,100,0,0,0,0,0,0,0,0,0,0,100,0,0,0,0,0,0,0,0,0,1,0,0,1,0,0,0,0,1,0,0,0
0,0,0,0,0,100,0,0,0,0,0,0,0,0,0,0,100,0,0,0,0,0,0,0,0,0,0,100,0,0,0,0,0,0,0,0,0,1,0,0,1,0,0,0,0,1,0,0,0
0,0,0,0,0,100,0,0,0,0,0,0,0,0,0,0,100,0,0,0,0,0,0,0,0,0,0,100,0,0,0,0,0,0,0,0,0,1,0,0,1,0,0,0,0,1,0,0,0
0,0,0,0,0,100,0,0,0,0,0,0,0,0,0,0,100,0,0,0,0,0,0,0,0,0,0,100,0,0,0,0,0,0,0,0,0,1,0,0,1,0,0,0,0,1,0,0,0
0,0,0,0,0,100,0,0,0,0,0,0,0,0,0,0,100,0,0,0,0,0,0,0,0,0,0,100,0,0,0,0,0,0,0,0,0.087912,0.91209,0,0,1,0,0,0,0,1,0,0,0
0,0,0,0,0,100,0,0,0,0,0,0,0,0,0,0,100,0,0,0,0,0,0,0,0,0,0,100,0,0,0,0,0,0,0,0,0,1,0,0,1,0,0,0,0,1,0,0,0
0,0,0,0,0,100,0,0,0,0,0,0,0,0,0,0,100,0,0,0,0,0,0,0,0,0,0,100,0,0,0,0,0,0,0,0,0.0375,0.9625,0,0,1,0,0,0,0,1,0,0,0
0,0,0,0,0,100,0,0,0,0,0,0,0,0,0,0,100,0,0,0,0,0,0,0,0,0,0,100,0,0,0,0,0,0,0,0,0.023256,0.97674,0,0,1,0,0,0,0,1,0,0,0
0,0,0,0,0,100,0,0,0,0,0,0,0,0,0,0,100,0,0,0,0,0,0,0,0,0,0,100,0,0,0,0,0,0,0,0,0,1,0,0,1,0,0,0,0,1,0,0,0
0,0,0,0,0,100,0,0,0,0,0,0,0,0,0,0,100,0,0,0,0,0,0,0,0,0,0,100,0,0,0,0,0,0,0,0,0,1,0,0,1,0,0,0,0,1,0,0,0
0,0,0,0,0,100,0,0,0,0,0,0,0,0,0,0,100,0,0,0,0,0,0,0,0,0,0,100,0,0,0,0,0,0,0,0,0,1,0,0,1,0,0,0,0,1,0,0,0
0,0,0,0,0,100,0,0,0,0,0,0,0,0,0,0,100,0,0,0,0,0,0,0,0,0,0,100,0,0,0,0,0,0,0,0,0,1,0,0,1,0,0,0,0,1,0,0,0
0,0,0,0,0,100,0,0,0,0,0,0,0,0,0,0,100,0,0,0,0,0,0,0,0,0,0,100,0,0,0,0,0,0,0,0,0,1,0,0,1,0,0,0,0,1,0,0,0
0,0,0,0,0,100,0,0,0,0,0,0,0,0,0,0,100,0,0,0,0,0,0,0,0,0,0,100,0,0,0,0,0,0,0,0.044118,0.014706,0.94118,0,0,1,0,0,0,0,1,0,0,0
0,0,0,0,0,100,0,0,0,0,0,0,0,0,0,0,100,0,0,0,0,0,0,0,0,0,0,100,0,0,0,0,0,0,0,0,0,1,0,0,1,0,0,0,0,1,0,0,0
0,0,0,0,0,100,0,0,0,0,0,0,0,0,0,0,100,0,0,0,0,0,0,0,0,0,0,100,0,0,0,0,0,0,0,0,0,1,0,0,1,0,0,0,0,1,0,0,0
0,0,0,0,0,100,0,0,0,0,0,0,0,0,0,0,100,0,0,0,0,0,0,0,0,0,0,100,0,0,0,0,0,0,0,0,0,1,0,0,1,0,0,0,0,1,0,0,0
0,0,0,0,0,100,0,0,0,0,0,0,0,0,0,0,100,0,0,0,0,0,0,0,0,0,0,100,0,0,0,0,0,0,0,0,0,1,0,0,1,0,0,0,0,1,0,0,0
0,0,0,0,0,100,0,0,0,0,0,0,0,0,0,0,100,0,0,0,0,0,0,0,0,0,0,100,0,0,0,0,0,0,0,0,0.011111,0.98889,0,0,1,0,0,0,0,1,0,0,0
0,0,0,0,0,100,0,0,0,0,0,0,0,0,0,0,100,0,0,0,0,0,0,0,0,0,0,100,0,0,0,0,0,0,0,0,0.039474,0.96053,0,0,1,0,0,0,0,1,0,0,0
0,0,0,0,0,100,0,0,0,0,0,0,0,0,0,0,100,0,0,0,0,0,0,0,0,0,0,100,0,0,0,0,0,0,0,0,0.058824,0.94118,0,0,1,0,0,0,0,1,0,0,0
0,0,0,0,0,100,0,0,0,0,0,0,0,0,0,0,100,0,0,0,0,0,0,0,0,0,0,100,0,0,0,0,0,0,0.017241,0.051724,0,0.93103,0,0,1,0,0,0,0,1,0,0,0
0,0,0,0,0,100,0,0,0,0,0,0,0,0,0,0,100,0,0,0,0,0,0,0,0,0,0,100,0,0,0,0,0,0,0,0,0,1,0,0,1,0,0,0,0,1,0,0,0
0,0,0,0,0,100,0,0,0,0,0,0,0,0,0,0,100,0,0,0,0,0,0,0,0,0,0,100,0,0,0,0,0,0,0,0,0,1,0,0,1,0,0,0,0,1,0,0,0
0,0,0,0,0,100,0,0,0,0,0,0,0,0,0,0,100,0,0,0,0,0,0,0,0,0,0,100,0,0,0,0,0,0,0,0,0,1,0,0,1,0,0,0,0,1,0,0,0
0,0,0,0,0,100,0,0,0,0,0,0,0,0,0,0,100,0,0,0,0,0,0,0,0,0,0,100,0,0,0,0,0,0,0,0,0,1,0,0,1,0,0,0,0,1,0,0,0
0,0,0,0,0,100,0,0,0,0,0,0,0,0,0,0,100,0,0,0,0,0,0,0,0,0,0,100,0,0,0,0,0,0,0,0,0,1,0,0,1,0,0,0,0,1,0,0,0
0,0,0,0,0,100,0,0,0,0,0,0,0,0,0,0,100,0,0,0,0,0,0,0,0,0,0,100,0,0,0,0,0,0,0.14815,0.037037,0.14815,0.66667,0,0,1,0,0,0,0,1,0,0,0
0,0,0,0,0,100,0,0,0,0,0,0,0,0,0,0,100,0,0,0,0,0,0,0,0,0,0,100,0,0,0,0,0,0,0,0,0,1,0,0,1,0,0,0,0,1,0,0,0
0,0,0,0,0,100,0,0,0,0,0,0,0,0,0,0,100,0,0,0,0,0,0,0,0,0,0,100,0,0,0,0,0,0,0.125,0.053571,0.035714,0.78571,0,0,0.875,0.125,0,0,0,0.875,0.125,0,0
0,0,0,0,0,100,0,0,0,0,0,0,0,0,0,0,100,0,0,0,0,0,0,0,0,0,0,100,0,0,0,0,0,0,0,0,0,1,0,0,1,0,0,0,0,1,0,0,0
0,0,0,0,0,100,0,0,0,0,0,0,0,0,0,0,100,0,0,0,0,0,0,0,0,0,0,100,0,0,0,0,0,0,0,0,0,1,0,0,1,0,0,0,0,1,0,0,0
0,0,0,0,0,100,0,0,0,0,0,0,0,0,0,0,100,0,0,0,0,0,0,0,0,0,0,100,0,0,0,0,0,0,0,0,0,1,0,0,1,0,0,0,0,1,0,0,0
0,0,0,0,0,100,0,0,0,0,0,0,0,0,0,0,100,0,0,0,0,0,0,0,0,0,0,100,0,0,0,0,0,0,0,0,0,1,0,0,1,0,0,0,0,1,0,0,0
0,0,0,0,0,100,0,0,0,0,0,0,0,0,0,0,100,0,0,0,0,0,0,0,0,0,0,100,0,0,0,0,0,0,0,0,0,1,0,0,1,0,0,0,0,1,0,0,0
0,0,0,0,0,100,0,0,0,0,0,0,0,0,0,0,100,0,0,0,0,0,0,0,0,0,0,100,0,0,0,0,0,0,0,0,0,1,0,0,1,0,0,0,0,1,0,0,0
0,0,12.447,0,7.5527,64.895,0,7.5527,0,7.5527,0,12.447,0,0,0,7.5527,49.789,15.105,0,0,7.5527,7.5527,0,0,27.553,0,0,52.447,12.447,7.5527,0,0,0,0,1,0,0,0,0,0,1,0,0,0,0,0,1,0,0
0,3.0749,3.6161,3.6161,9.6629,70.47,0,0,9.5599,0,0,4.883,2.9719,0,2.9719,4.78,63.2,13.961,0,3.6161,1.808,1.808,3.0749,4.78,4.78,1.808,0,57.776,12.694,3.0749,4.78,7.2322,0,0,1,0,0,0,0,0,1,0,0,0,0,0,1,0,0
0,0,0,0,39.025,37.282,0,0,23.693,0,0,0,25.436,0,11.847,11.847,37.282,0,0,13.589,0,0,0,11.847,11.847,0,0,37.282,13.589,13.589,11.847,0,0,0,1,0,0,0,0,0,1,0,0,0,0,0.044444,0.95556,0,0
0,0,13.116,10.115,35.803,26.256,0,0,14.711,0,0,6.2559,3.6056,1.8028,12.844,5.0573,32.269,1.8028,0,19.353,5.5528,11.457,2.2982,7.3556,9.8614,5.5528,0,15.899,20.903,1.8028,17.901,18.426,0,0,1,0,0,0,0,0,1,0,0,0,0,0,1,0,0
0,0,0,31.581,38.595,19.298,10.527,0,0,0,0,0,19.298,10.527,10.527,0,19.298,10.527,10.527,19.298,0,0,0,0,0,10.527,0,19.298,19.298,19.298,21.054,10.527,0,0.069767,0.44186,0.093023,0.18605,0.2093,0,0,1,0,0,0,0,0.74419,0.25581,0,0
0,0,0,44.424,14.118,27.339,14.118,0,0,0,0,0,15.393,8.048,8.9627,0,39.268,16.742,6.4303,0,0,5.1558,0,0,5.1558,8.9627,0,6.4303,14.478,14.118,20.909,29.946,0,0.69307,0.12871,0.10891,0.059406,0.009901,0,0,1,0,0,0,0,1,0,0,1
0,0,0,0,45.022,35.147,19.831,0,0,0,0,0,28.618,0,32.426,0,26.36,0,0,12.595,0,0,8.7868,0,0,19.831,8.7868,17.574,12.595,19.831,12.595,0,0,0.04,0.96,0,0,0,0,0,1,0,0,0,0,0.066667,0.93333,0,0
0,0,15.403,9.4483,19.282,41.44,0,0,14.427,0,0,1.3732,13.414,4.8198,2.4893,10.151,34.422,12.244,0,4.2152,2.842,14.03,5.6911,7.2134,16.519,1.3732,10.177,20.847,4.7242,4.8198,11.62,17.014,0,0,1,0,0,0,0,0,1,0,0,0,0,0,1,0,0
0,0,3.8229,0,17.068,56.98,8.0103,3.8229,10.296,0,0,7.6458,32.565,0,0,0,22.067,3.8229,3.8229,8.5338,15.07,6.4734,34.913,7.0596,0,3.2367,3.8229,22.067,8.5338,20.367,0,0,0,0.22,0.78,0,0,0,0,0,1,0,0,0,0,0.36,0.64,0,0
0,0,6.3107,16.34,1.4112,43.544,8.2078,7.7913,16.395,0,0,6.8406,22.815,0,4.4787,8.8484,19.969,13.151,8.6182,1.4112,7.0813,6.7861,29.601,4.0033,7.9671,4.2484,4.2177,17.638,2.5921,7.0813,5.1298,16.11,1.4112,0.088889,0.91111,0,0,0,0,0,1,0,0,0,0,0.26667,0.73333,0,0
0,0,0,0,40.544,59.456,0,0,0,0,0,0,0,18.912,0,16.439,48.211,0,11.245,0,5.1937,0,0,0,0,0,0,59.456,0,0,40.544,0,0,0.057692,0.28846,0.13462,0.038462,0.48077,0,0,1,0,0,0,0,0.92308,0.076923,0,0
0,0,0,0,54.518,45.482,0,0,0,0,0,0,0,9.0358,0,18.223,36.446,0,9.0358,0,27.259,0,0,0,0,0,0,45.482,0,0,54.518,0,0,0.18919,0.81081,0,0,0,0,0,1,0,0,0,0,0.2973,0.7027,0,0
0,0,0,0,33.216,66.784,0,0,0,0,0,0,0,5.2173,0,22.782,38.785,0,27.999,0,5.2173,0,0,0,0,0,0,66.784,0,0,33.216,0,0,0,1,0,0,0,0,0,1,0,0,0,0,0,1,0,0
0,0,0,42.229,2.0511,44.034,11.686,0,0,0,0,0,14.409,7.7032,4.8452,6.8409,27.693,19.254,10.362,0,6.8409,2.0511,0,0,6.8409,4.8452,6.8409,7.5681,17.267,2.0511,32.474,22.112,0,0,0.12857,0.85714,0,0.014286,0,0,0.84286,0.15714,0,0,0,0.81429,0.18571,0,1
0,0,0,0,0,50,25,25,0,0,0,0,25,25,0,0,0,25,0,0,25,0,0,0,25,25,25,0,0,25,0,0,0,0,0.76744,0.046512,0.069767,0.11628,0,0,1,0,0,0,0,0.67442,0.32558,0,0
0,0,0,21.397,0,60.59,6.6406,11.372,0,0,0,0,14.019,33.9,0,10.025,25.391,10.025,0,0,2.6465,3.9941,0,0,14.019,3.9941,2.6465,11.372,10.025,33.9,21.397,2.6465,0,0,0.9863,0.013699,0,0,0,0,1,0,0,0,0,0.013699,0.9863,0,0
0,0,8.4773,12.166,2.0246,46.937,1.4411,14.805,14.15,0,0,12.048,3.4657,0,2.0246,4.9068,36.658,18.398,7.8938,2.0246,11.139,1.4411,11.137,17.267,3.3377,1.8966,7.2182,30.658,3.9212,7.0362,3.4657,12.038,2.0246,0,0.98214,0.017857,0,0,0,0,0.92857,0.071429,0,0,0,0.071429,0.92857,0,0
0,0,5.5497,11.099,1.9486,42.247,0,25.987,13.168,0,0,13.786,1.9486,0,6.5839,1.9486,33.715,19.336,3.6011,1.9486,12.497,4.6353,6.5839,7.4983,15.184,8.2364,6.9476,20.854,12.497,5.5497,1.9486,12.752,1.9486,0.011628,0.98837,0,0,0,0,0,1,0,0,0,0,0.081395,0.9186,0,0
0,0,0,0,14.313,82.318,0,3.3693,0,0,0,0,0,14.313,3.3693,6.5403,61.465,0,14.313,0,0,0,0,10.944,3.3693,0,11.738,20.306,18.279,10.944,17.682,0,6.7386,0.023256,0.95349,0.023256,0,0,0,0,1,0,0,0,0,0.11628,0.88372,0,0
0,0,0,0,38.194,49.587,0,12.219,0,0,0,0,0,19.097,0,0,30.49,0,19.097,0,19.097,12.219,0,0,12.219,0,0,49.587,0,0,38.194,0,0,0,1,0,0,0,0,0,1,0,0,0,0,0,1,0,0
0,0,0,15.137,13.15,41.438,15.137,15.137,0,0,0,0,15.137,13.15,0,0,56.575,0,0,0,0,15.137,0,0,15.137,15.137,0,41.438,0,0,28.288,0,0,0,0.98889,0.011111,0,0,0,0,1,0,0,0,0,0.011111,0.98889,0,0
0,0,0,0,15.447,84.553,0,0,0,0,0,0,0,5.4796,0,4.9837,84.553,0,0,0,4.9837,0,0,0,0,0,0,84.553,0,0,15.447,0,0,0,1,0,0,0,0,0,1,0,0,0,0,0,1,0,0
0,0,0,0,0,79.247,13.293,7.4598,0,0,0,5.8331,0,0,0,7.4598,86.707,0,0,0,0,0,5.8331,7.4598,7.4598,0,0,79.247,0,0,0,0,0,0,1,0,0,0,0,0,1,0,0,0,0,0,1,0,0
0,0,2.146,0,3.1047,49.54,33.521,2.146,2.146,5.2507,2.146,7.3967,0,0,0,9.5426,54.79,6.2094,0,11.51,0,10.551,15.802,2.146,6.2094,14.615,0,51.686,0,3.1047,2.146,4.2919,0,0,1,0,0,0,0,0,0.95588,0.044118,0,0,0,0,1,0,0
0,0,0,0,22.772,72.772,0,4.4565,0,0,0,0,0,22.893,4.4565,22.772,36.204,9.2182,4.4565,0,0,0,0,9.2182,13.554,0,27.412,9.2182,4.4565,9.0971,18.131,0,8.9129,0.17857,0.82143,0,0,0,0,0,0.89286,0.10714,0,0,0,0.21429,0.78571,0,0
0,0,2.0865,0,2.1419,55.93,22.524,8.9171,2.0865,4.2283,2.0865,9.2675,0,0,0,15.232,66.989,4.2837,0,2.1419,0,2.0865,9.2675,8.9171,11.114,4.2837,0,58.016,0,2.1419,2.0865,4.1729,0,0,0.98438,0.015625,0,0,0,0,1,0,0,0,0,0.03125,0.96875,0,0
0,3.9209,1.9248,2.4402,12.22,41.596,17.996,7.1535,5.4119,3.6683,3.6683,9.7768,1.7436,15.732,0,13.988,29.165,7.6029,4.3546,8.7282,0,8.9094,6.2166,14.06,4.5321,11.168,7.8658,21.953,2.1773,2.1773,13.278,10.211,6.3611,0,0.85,0.15,0,0,0,0,0.46667,0.53333,0,0,0,0.1,0.9,0,1
0,5.0154,6.2191,0,2.3044,86.461,0,0,0,0,0,5.0154,0,0,0,0,92.68,2.3044,0,0,0,0,2.3044,8.93,0,0,0,86.461,0,2.3044,0,0,0,0,1,0,0,0,0,0,1,0,0,0,0,0,1,0,0
0,8.8742,0,0,0,91.126,0,0,0,0,0,8.8742,0,0,0,0,91.126,0,0,0,0,0,0,8.8742,0,0,0,91.126,0,0,0,0,0,0,1,0,0,0,0,0,1,0,0,0,0,0,1,0,0
0,0,14.642,0,0,85.358,0,0,0,0,0,0,0,0,0,7.2404,63.475,14.642,0,0,0,14.642,0,0,14.642,0,14.642,49.457,14.018,7.2404,0,0,0,0,0,0.044118,0.64706,0.30882,0,0,1,0,0,0,0,0.058824,0.94118,0,0
0,0,0,0,0,100,0,0,0,0,0,0,0,0,0,6.6996,93.3,0,0,0,0,0,0,0,0,0,0,86.601,6.6996,6.6996,0,0,0,0,0.98485,0.015152,0,0,0,0,1,0,0,0,0,0.045455,0.95455,0,0
0,0,0,0,0,100,0,0,0,0,0,0,0,0,0,5.9975,94.002,0,0,0,0,0,0,0,0,0,0,94.002,0,5.9975,0,0,0,0,1,0,0,0,0,0,1,0,0,0,0,0,1,0,0
0,0,0,0,0,100,0,0,0,0,0,0,0,0,0,0,100,0,0,0,0,0,0,0,0,0,0,100,0,0,0,0,0,0,1,0,0,0,0,0,1,0,0,0,0,0,1,0,0
0,0,0,0,0,100,0,0,0,0,0,0,0,0,0,9.4253,90.575,0,0,0,0,0,0,0,0,0,0,90.575,0,9.4253,0,0,0,0,0.9697,0.030303,0,0,0,0,1,0,0,0,0,0.045455,0.95455,0,0
0,0,0,0,0,100,0,0,0,0,0,0,0,0,0,0,100,0,0,0,0,0,0,0,0,0,0,100,0,0,0,0,0,0,1,0,0,0,0,0,1,0,0,0,0,0,1,0,0
0,0,4.4928,4.4928,4.4928,70.551,0,0,15.971,0,0,0,4.4928,2.2464,0,2.2464,51.942,17.363,0,0,5.7389,15.971,5.7389,7.9854,4.4928,5.7389,15.116,17.217,32.479,2.2464,2.2464,6.7392,0,0,0.77193,0.087719,0.10526,0.035088,0,0,1,0,0,0,0,0.15789,0.84211,0,0
0,0,0,0,0,100,0,0,0,0,0,0,0,0,0,10.243,83.023,6.734,0,0,0,0,0,0,0,0,6.734,59.311,23.711,10.243,0,0,0,0,0.061224,0.38776,0.55102,0,0,0.34694,0.65306,0,0,0,0,0.5102,0.4898,0,0
0,0,0,0,0,100,0,0,0,0,0,0,0,0,0,0,100,0,0,0,0,0,0,0,0,0,0,100,0,0,0,0,0,0,1,0,0,0,0,0,1,0,0,0,0,0,1,0,0
0,0,0,0,0,100,0,0,0,0,0,0,0,0,0,0,100,0,0,0,0,0,0,0,0,0,0,100,0,0,0,0,0,0,1,0,0,0,0,0,1,0,0,0,0,0,1,0,0
0,0,0,0,0,100,0,0,0,0,0,0,0,0,0,0,100,0,0,0,0,0,0,0,0,0,0,100,0,0,0,0,0,0,1,0,0,0,0,0,1,0,0,0,0,0,1,0,0
0,0,0,0,0,100,0,0,0,0,0,0,0,0,0,0,100,0,0,0,0,0,0,0,0,0,0,100,0,0,0,0,0,0,1,0,0,0,0,0,1,0,0,0,0,0.018519,0.98148,0,0
0,0,0,0,0,100,0,0,0,0,0,0,0,0,0,0,100,0,0,0,0,0,0,0,0,0,0,100,0,0,0,0,0,0,1,0,0,0,0,0,1,0,0,0,0,0,1,0,0
0,0,0,0,0,100,0,0,0,0,0,0,0,0,0,0,100,0,0,0,0,0,0,0,0,0,0,100,0,0,0,0,0,0,1,0,0,0,0,0,1,0,0,0,0,0,1,0,0
0,0,2.9444,5.8889,0,64.538,0,19.203,7.4256,0,0,5.8889,0,0,0,0,64.538,16.259,2.9444,0,10.37,0,0,17.796,2.9444,2.9444,13.092,36.816,14.63,2.9444,0,8.8333,0,0,0,0.015625,0.625,0.35938,0,0,1,0,0,0,0,0.078125,0.92188,0,0
0,0,0,0,0,93.481,0,6.5186,0,0,0,0,0,0,0,0,93.481,0,0,0,6.5186,0,0,0,6.5186,0,6.5186,74.035,12.927,0,0,0,0,0,0,0,1,0,0,0,1,0,0,0,0,0,1,0,0
0,0,0,0,9.5538,85.661,0,4.7849,0,0,0,0,0,0,0,14.866,80.349,0,0,0,4.7849,0,0,0,14.339,0,29.205,26.144,20.758,9.5538,0,0,0,0,0,0,0.78689,0.21311,0,0,1,0,0,0,0,0.032787,0.96721,0,0
0,0,0,0,0,100,0,0,0,0,0,0,0,0,0,0,100,0,0,0,0,0,0,0,0,0,6.6552,76.215,17.13,0,0,0,0,0,0,0,1,0,0,0,1,0,0,0,0,0,1,0,0
0,0,0,0,0,100,0,0,0,0,0,0,0,0,0,0,100,0,0,0,0,0,0,0,0,0,0,100,0,0,0,0,0,0,1,0,0,0,0,0,1,0,0,0,0,0,1,0,0
0,0,0,0,0,100,0,0,0,0,0,0,0,0,0,0,100,0,0,0,0,0,0,0,0,0,0,100,0,0,0,0,0,0,1,0,0,0,0,0,1,0,0,0,0,0,1,0,0
0,0,0,0,4.3463,95.654,0,0,0,0,0,0,0,0,0,4.3463,87.888,7.7652,0,0,0,0,0,0,4.3463,0,19.104,50.492,17.829,8.2289,0,0,0,0,0,0.034483,0.86207,0.10345,0,0,1,0,0,0,0,0.034483,0.96552,0,0
0,0,0,0,0,100,0,0,0,0,0,0,0,0,0,5.9094,81.138,12.953,0,0,0,0,0,0,0,3.3611,10.705,61.173,19.965,4.7958,0,0,0,0,0,0,1,0,0,0,1,0,0,0,0,0,1,0,0
0,0,5.867,0,0,94.133,0,0,0,0,0,0,0,0,0,0,73.713,20.42,0,0,5.867,0,0,5.867,0,6.349,3.8611,69.852,3.8611,10.21,0,0,0,0,1,0,0,0,0,0,1,0,0,0,0,0.052632,0.94737,0,0
0,0,4.2179,0,0,95.782,0,0,0,0,0,0,4.2179,0,0,0,77.615,18.167,0,0,0,0,0,4.2179,0,5.0054,9.2936,73.748,3.8677,3.8677,0,0,0,0,1,0,0,0,0,0,1,0,0,0,0,0,1,0,0
0,0,6.7973,0,0,86.405,0,0,6.7973,0,0,0,0,0,0,6.7973,86.405,0,0,0,6.7973,0,0,6.7973,0,0,0,86.405,0,0,0,6.7973,0,0,1,0,0,0,0,0,1,0,0,0,0,0,1,0,0
0,0,23.196,0,0,56.833,0,0,14.422,0,5.5488,5.5488,4.7741,10.323,4.7741,4.0996,42.813,9.2455,4.7741,0,8.8736,4.7741,0,23.971,5.5488,4.6227,0,42.813,4.7741,4.6227,0,13.648,0,0.052632,0.94737,0,0,0,0,0,1,0,0,0,0,0.065789,0.93421,0,0
0,0,26.814,0,0,44.141,0,0,8.8061,13.967,6.2712,6.2712,6.6671,2.5349,15.077,12.542,35.335,0,2.5349,0,2.5349,16.502,6.2712,11.737,6.2712,0,0,35.335,8.8061,13.967,0,11.341,6.2712,0,1,0,0,0,0,0,1,0,0,0,0,0,1,0,0
0,0,0,0,0,100,0,0,0,0,0,0,0,0,0,0,100,0,0,0,0,0,0,0,0,0,0,100,0,0,0,0,0,0,1,0,0,0,0,0,1,0,0,0,0,0,1,0,0
0,0,0,0,0,100,0,0,0,0,0,0,0,0,0,0,100,0,0,0,0,0,0,0,0,0,0,100,0,0,0,0,0,0,1,0,0,0,0,0,1,0,0,0,0,0,1,0,0
0,0,0,0,0,100,0,0,0,0,0,0,0,0,0,0,100,0,0,0,0,0,0,0,0,0,0,100,0,0,0,0,0,0,1,0,0,0,0,0,1,0,0,0,0,0,1,0,0
0,0,26.499,0,0,38.879,0,0,18.375,8.1234,8.1234,8.1234,0,0,16.247,26.499,30.756,0,0,0,10.252,8.1234,8.1234,10.252,8.1234,0,0,30.756,8.1234,8.1234,0,18.375,8.1234,0.11957,0.88043,0,0,0,0,0,1,0,0,0,0,0.11957,0.88043,0,0
0,0,7.9606,10.962,38.101,31.01,0,0,11.966,0,0,1.4315,8.8722,8.4698,2.5516,11.89,34.168,10.736,0,10.986,4.0312,6.8628,2.4332,5.983,8.8579,0.99397,0,20.01,8.5669,13.215,17.152,22.788,0,0,1,0,0,0,0,0,1,0,0,0,0,0,1,0,0
0,0,0,58.327,8.0984,20.287,13.287,0,0,0,0,0,4.8249,14.421,5.8604,2.0767,35.395,21.386,5.8604,0,2.0767,8.0984,0,0,7.427,5.8604,2.0767,2.7481,13.386,8.0984,25.107,35.297,0,0,0,0.2,0.8,0,0,0,1,0,0,0,0,1,0,0,1
0,0,10.104,16.696,1.4882,46.931,4.5733,4.042,16.165,0,0,9.5722,14.019,0,1.4882,10.635,27.914,11.592,13.189,1.4882,5.5302,4.5733,26.676,7.0185,4.5733,0,11.999,19.956,1.4882,5.5302,6.0615,15.208,1.4882,0.18462,0.81538,0,0,0,0,0,1,0,0,0,0,0.73846,0.26154,0,1
0,0,8.2769,10.797,36.719,32.727,0,0,11.48,0,0,2.2292,2.2016,5.3798,1.2926,14.917,30.198,10.929,0,15.067,9.5763,8.2089,5.0869,5.7401,5.0649,4.4475,1.5431,18.423,7.6739,9.2423,19.174,23.604,0,0,0.90909,0.022727,0.022727,0.045455,0,0,1,0,0,0,0,0.045455,0.95455,0,0
0,0,0,55.163,3.2228,29.863,11.751,0,0,0,0,0,9.9544,8.5286,8.5286,0,26.354,24.928,18.483,0,0,3.2228,0,0,3.2228,8.5286,0,9.9544,9.9544,3.2228,36.966,28.151,0,0.86047,0.11628,0.023256,0,0,0,0,1,0,0,0,0,0.97674,0.023256,0,1
0,0,6.9126,24.401,11.546,32.714,4.4066,9.46,10.56,0,0,12.621,15.656,0,3.667,6.3948,17.433,22.191,4.4768,5.0113,11.319,1.2312,23.339,9.3484,2.4818,2.4818,3.2261,6.9196,3.6865,11.319,15.505,15.298,6.3948,0.051282,0.88034,0.051282,0.008547,0.008547,0,0.042735,0.95726,0,0,0,0,0.99145,0.008547,0,1
0,0,0,43.964,11.797,26.941,11.17,6.1278,0,0,0,0,12.156,2.7715,0,3.3562,35.566,28.953,2.6291,0,2.7715,11.797,0,0,14.526,2.7715,2.7715,9.3842,9.3842,14.569,15.369,31.224,0,0.04,0.84,0.11,0,0.01,0,0,0.84,0.16,0,0,0,0.32,0.68,0,0
0,0,0,17.802,2.3371,52.269,15.55,12.042,0,0,0,0,17.887,8.0743,0,3.5072,38.727,13.919,0,0,11.582,6.3051,0,0,15.55,12.042,11.582,17.61,11.497,10.411,15.465,5.8443,0,0,0.054795,0.082192,0.86301,0,0,0,0.93151,0.068493,0,0,0,0.94521,0.054795,0,1
0,0,0,35.073,3.2338,51.222,7.5987,2.8721,0,0,0,0,11.705,0,0,7.237,50.819,18.172,4.4678,0,4.3649,3.2338,0,0,10.471,0,4.3649,19.993,18.032,3.2338,25.371,18.534,0,0.089286,0.625,0.28571,0,0,0,0,0.67857,0.32143,0,0,0,0.19643,0.80357,0,1
0,0,6.2635,31.719,14.975,17.689,3.5509,15.683,10.12,0,0,9.6439,6.1826,0,1.5872,6.5844,20.566,29.988,8.4985,6.4305,6.6964,3.8223,12.252,6.7328,6.7272,4.4921,2.4756,7.2371,2.905,5.3442,19.325,30.395,2.1143,0,1,0,0,0,0,0.018868,0.98113,0,0,0,0,1,0,0,1
0,0,0,30.395,5.3529,58.375,0,5.8771,0,0,0,0,11.23,0,0,5.8771,66.31,11.23,0,0,0,5.3529,0,0,5.8771,0,0,47.145,11.23,5.3529,25.042,5.3529,0,0,0,0.12821,0.87179,0,0,0,1,0,0,0,0,1,0,0,1
0,0,0,4.3396,20.722,40.372,23.162,7.7833,0,3.6208,0,7.9604,0,21.441,3.4437,7.0644,27.787,7.2415,12.762,7.9604,0,4.3396,3.6208,9.3183,10.685,15.921,4.3396,3.6208,3.4437,12.939,20.545,4.3396,11.227,0.080645,0.91935,0,0,0,0,0,0.3871,0.6129,0,0,0,0.20968,0.79032,0,1
0,0,0,25.616,0,47.913,4.5973,21.873,0,0,0,0,8.7709,4.5973,0,4.1736,55.988,8.7709,0,0,4.5973,13.102,0,0,21.873,4.5973,4.5973,34.545,4.1736,4.5973,25.616,0,0,0,0.058824,0.42647,0.51471,0,0,0,0.94118,0.058824,0,0,0,0.79412,0.20588,0,1
0,0,0,25,0,40.866,17.067,17.067,0,0,0,0,17.067,0,0,0,65.866,0,0,0,0,17.067,0,0,17.067,17.067,0,32.933,7.9332,0,25,0,0,0,0.19118,0.13235,0.67647,0,0,0,0.88235,0.11765,0,0,0,0.85294,0.14706,0,1
0,3.6096,0,9.1909,11.359,48.026,7.7524,2.2413,3.5693,3.2766,10.976,5.0612,10.976,10.193,11.432,7.709,14.645,8.7846,15.082,14.292,0,1.8249,1.4919,7.5854,7.0098,6.5934,3.9758,5.4677,4.0662,3.3169,12.028,12.8,35.665,0.17073,0.82927,0,0,0,0,0.02439,0.97561,0,0,0,0,1,0,0,1
0,4.3556,0,9.8182,15.719,26.329,22.084,11.903,4.8953,2.4476,2.4476,14.714,2.4476,21.721,2.0849,2.0849,23.239,1.908,5.9008,14.174,0,11.726,0,4.3556,4.5325,23.992,9.8182,0,3.9928,1.908,18.883,14.174,18.344,0.071429,0.85714,0.071429,0,0,0,0.67857,0.32143,0,0,0,0,0.96429,0.035714,0,1
0,12.078,6.8136,3.048,2.0547,23.391,21.218,6.611,14.331,5.8134,4.6416,15.009,2.3815,0,1.3772,12.45,43.211,4.1094,5.2896,6.8978,1.524,7.7512,8.3004,8.8457,13.838,13.967,0,18.863,0,2.0547,17.507,14.243,2.3815,0.059406,0.94059,0,0,0,0,0,0.9505,0.049505,0,0,0,0.92079,0.079208,0,1
0,15.01,7.3013,4.7182,8.0819,24.253,13.4,9.3672,9.6499,3.9872,4.2313,13.354,2.6523,4.1318,3.8266,11.693,26.225,4.859,13.157,8.3432,0,11.758,4.3919,10.867,8.1904,11.339,2.0659,4.3919,2.391,3.625,16.264,24.06,12.414,0.18391,0.62069,0.1954,0,0,0,0,0.88506,0.11494,0,0,0,0.42529,0.57471,0,1
0,9.5574,7.6542,15.523,0,20.547,7.2129,7.6542,24.639,6.1722,1.0407,17.187,0,0,8.4923,17.497,43.596,0,5.5737,0,4.4005,3.2536,6.4819,8.3851,2.2129,10.263,0,10.882,3.3608,0,26.121,32.293,0,0.44118,0.55882,0,0,0,0,0,1,0,0,0,0,0.70588,0.29412,0,1
0,12.754,5.5621,2.0799,2.173,15.982,15.165,2.7884,23.35,10.642,9.5035,21.186,4.9814,0,3.9126,10.099,41.072,1.0865,4.9467,6.0679,1.04,5.6086,7.3105,11.729,7.7551,16.667,0,8.3505,1.0865,1.0865,20.477,19.47,6.0679,0.027778,0.76389,0.20833,0,0,0,0,1,0,0,0,0,0.38889,0.61111,0,1
0,0,11.22,7.5534,51.802,25.859,0,0,3.5654,0,0,0.70004,4.1593,10.395,0,15.841,22.309,19.338,0,18.577,5.8154,2.8654,5.1154,1.7827,2.8654,0.70004,0,9.3128,11.431,12.599,28.981,27.213,0,0,1,0,0,0,0,0,1,0,0,0,0,0,1,0,0
0,0,0,0,0,100,0,0,0,0,0,0,0,0,0,4.7949,88.529,6.6759,0,0,0,0,0,0,0,0,6.6759,65.671,22.858,4.7949,0,0,0,0,0,0.071429,0.92857,0,0,0,1,0,0,0,0,0.17857,0.82143,0,0
0,0,0,0,0,100,0,0,0,0,0,0,0,0,0,23.533,70.6,5.8663,0,0,0,0,0,0,0,0,0,70.6,29.4,0,0,0,0,1,0,0,0,0,0,0,1,0,0,0,0,1,0,0,0
0,0,0,0,0,100,0,0,0,0,0,0,0,0,0,24.791,50.419,24.791,0,0,0,0,0,0,0,0,0,44.109,55.891,0,0,0,0,1,0,0,0,0,0,0,1,0,0,0,0,1,0,0,0
0,0,0,0,0,100,0,0,0,0,0,0,0,0,0,11.329,48.439,40.232,0,0,0,0,0,0,0,0,0,77.341,22.658,0,0,0,0,1,0,0,0,0,0,0,1,0,0,0,0,1,0,0,0
0,0,0,0,0,100,0,0,0,0,0,0,0,0,0,26.717,51.471,21.811,0,0,0,0,0,0,0,0,0,64.537,35.463,0,0,0,0,1,0,0,0,0,0,0,1,0,0,0,0,1,0,0,0
0,0,0,0,0,100,0,0,0,0,0,0,0,0,0,0,100,0,0,0,0,0,0,0,0,0,7.5595,71.706,20.734,0,0,0,0,0,0.73529,0.088235,0.17647,0,0,0,1,0,0,0,0,0.26471,0.73529,0,0
0,0,26.024,0,0,54.246,0,0,9.1932,3.6403,6.8971,6.8971,4.3586,3.2568,7.2806,18.359,36.346,8.7828,5.4772,0,2.296,6.9458,3.6403,9.9115,6.8971,0,0,36.346,17.9,3.6403,0,14.719,6.9458,0.74359,0.25641,0,0,0,0,0,1,0,0,0,0,0.94872,0.051282,0,0
0,0,8.5063,39.513,20.682,6.6877,4.3507,6.4944,13.765,0,0,5.7793,6.8827,0,2.5321,11.233,10.699,32.436,10.325,11.607,4.1557,4.3507,11.233,6.6877,5.9743,1.6236,0,0,4.1557,4.1557,25.033,38.605,2.5321,0.010526,0.18947,0.71579,0.084211,0,0,0.76842,0.23158,0,0,0,0,0.93684,0.063158,0,1
0,0,0,0,0,100,0,0,0,0,0,0,0,0,0,0,100,0,0,0,0,0,0,0,0,0,0,94.176,5.8238,0,0,0,0,0,0,0,1,0,0,0,1,0,0,0,0,0,1,0,0
0,0,0,0,0,100,0,0,0,0,0,0,0,0,0,10.472,89.528,0,0,0,0,0,0,0,0,0,0,71.533,17.995,10.472,0,0,0,0,0.013889,0.055556,0.93056,0,0,0,1,0,0,0,0,0.069444,0.93056,0,0
0,0,0,0,0,84.627,0,15.373,0,0,0,0,0,0,0,17.949,33.356,48.694,0,0,0,0,0,15.373,0,0,0,66.678,17.949,0,0,0,0,1,0,0,0,0,0,0,1,0,0,0,0,1,0,0,0
0,0,0,0,0,57.341,27.978,14.681,0,0,0,0,0,0,0,0,85.319,14.681,0,0,0,0,0,14.681,0,27.978,0,57.341,0,0,0,0,0,0.64583,0.35417,0,0,0,0,0,1,0,0,0,0,1,0,0,0
0,0,0,0,0,100,0,0,0,0,0,0,0,0,0,0,100,0,0,0,0,0,0,0,0,0,0,93.31,6.6901,0,0,0,0,0,0.12308,0,0.87692,0,0,0,1,0,0,0,0,0,1,0,0
0,0,0,0,0,82.8,0,17.2,0,0,0,0,0,0,0,0,50.534,49.466,0,0,0,0,0,17.2,0,0,0,82.8,0,0,0,0,0,0.9,0.1,0,0,0,0,0,1,0,0,0,0,1,0,0,0
0,0,0,0,0,50,29.923,20.077,0,0,0,0,0,0,8.0689,0,59.846,32.085,0,0,0,0,0,20.077,0,29.923,0,50,0,0,0,0,0,0,0.30208,0.69792,0,0,0,0,1,0,0,0,0,1,0,0,0
0,0,0,0,0,68.95,31.05,0,0,0,0,0,0,0,0,0,100,0,0,0,0,0,0,0,0,31.05,0,68.95,0,0,0,0,0,0,0.67925,0.13208,0.15094,0.037736,0,0,1,0,0,0,0,1,0,0,0
0,0,0,0,0,100,0,0,0,0,0,0,0,0,0,0,100,0,0,0,0,0,0,0,0,0,0,66.667,33.333,0,0,0,0,0,0.78,0.2,0,0.02,0,0,1,0,0,0,0,1,0,0,0
0,0,0,0,0,69.551,30.449,0,0,0,0,0,0,0,0,0,100,0,0,0,0,0,0,0,0,30.449,0,56.517,13.034,0,0,0,0,0,0,0.036697,0.42202,0.54128,0,0,1,0,0,0,0,1,0,0,0
0,0,0,0,0,100,0,0,0,0,0,0,0,0,0,8.1178,75.647,16.236,0,0,0,0,0,0,0,0,0,47.681,52.319,0,0,0,0,0,0,0,0.075,0.925,0,0,1,0,0,0,0,1,0,0,0
0,0,0,0,0,100,0,0,0,0,0,0,0,0,0,8.0349,91.965,0,0,0,0,0,0,0,0,0,0,91.965,8.0349,0,0,0,0,1,0,0,0,0,0,0,1,0,0,0,0,1,0,0,0
0,0,0,0,0,55.575,0,0,44.425,0,0,0,14.172,8.0405,0,0,55.575,0,0,0,8.0405,14.172,0,0,0,0,0,55.575,0,0,0,30.81,13.615,1,0,0,0,0,0,0,1,0,0,0,0,1,0,0,0
0,0,0,0,0,100,0,0,0,0,0,0,0,0,0,5.0526,89.895,5.0526,0,0,0,0,0,0,0,0,0,89.895,10.105,0,0,0,0,1,0,0,0,0,0,0,1,0,0,0,0,1,0,0,0
0,0,0,0,0,79.229,0,0,20.771,0,0,0,6.7072,6.1804,0,0,79.229,0,0,0,7.8836,0,0,0,0,0,0,79.229,0,0,0,7.8836,12.888,0.96703,0.021978,0,0,0.010989,0,0,1,0,0,0,0,1,0,0,0
0,0,0,0,0,79.299,0,0,20.701,0,0,0,11.327,3.2724,0,0,79.299,0,0,0,0,6.1021,0,0,0,0,0,79.299,0,0,2.2168,9.9873,8.4969,0,0,0,0.19672,0.80328,0,0,1,0,0,0,0,1,0,0,0
0,0,0,0,0,87.464,0,0,12.536,0,0,0,4.4629,3.6104,0,0,87.464,0,0,0,0,4.4629,0,0,0,0,0,87.464,0,0,0,4.4629,8.0733,0,0,0,0.30769,0.69231,0,0,1,0,0,0,0,1,0,0,0
0,0,0,0,0,74.751,0,0,25.249,0,0,0,2.527,5.362,0,0,74.751,0,0,0,14.833,2.527,0,0,0,0,0,74.751,0,0,0,17.36,7.889,0,0,0,0.23077,0.76923,0,0,1,0,0,0,0,1,0,0,0
0,0,0,0,0,85.347,0,0,14.653,0,0,0,0,5.0479,0,0,85.347,0,0,0,9.6048,0,0,0,0,0,0,85.347,0,0,0,9.6048,5.0479,0,0,0,0.27119,0.72881,0,0,1,0,0,0,0,1,0,0,0
0,0,0,0,0,100,0,0,0,0,0,0,0,0,0,0,100,0,0,0,0,0,0,0,0,0,0,100,0,0,0,0,0,0,0,0.014493,0.086957,0.89855,0,0,1,0,0,0,0,1,0,0,0
0,0,0,0,0,100,0,0,0,0,0,0,0,0,0,0,100,0,0,0,0,0,0,0,0,0,0,100,0,0,0,0,0,0,0,0,0.19753,0.80247,0,0,1,0,0,0,0,1,0,0,0
0,0,0,0,0,100,0,0,0,0,0,0,0,0,0,0,100,0,0,0,0,0,0,0,0,0,0,100,0,0,0,0,0,0,0,0,0.10169,0.89831,0,0,1,0,0,0,0,1,0,0,0
0,0,0,0,0,100,0,0,0,0,0,0,0,0,0,0,100,0,0,0,0,0,0,0,0,0,0,100,0,0,0,0,0,0,0,0.029412,0.088235,0.88235,0,0,1,0,0,0,0,1,0,0,0
0,0,0,0,0,100,0,0,0,0,0,0,0,0,0,10.191,46.922,42.887,0,0,0,0,0,0,0,0,0,79.618,20.382,0,0,0,0,0.98684,0.013158,0,0,0,0,0,1,0,0,0,0,1,0,0,0
0,0,12.951,0,0,70.984,7.5051,8.5603,0,0,0,12.87,0,0,0,0,50.447,15.172,0,12.951,0,8.5603,29.016,0,5.3649,0,7.5861,50.447,7.5861,0,0,0,0,0,0.73958,0.0625,0.052083,0.14583,0,0,1,0,0,0,0,1,0,0,0
0,0,3.8537,0,0,65.17,26.805,4.1712,0,0,0,34.83,0,0,0,0,52.974,4.1712,0,3.8537,0,4.1712,34.83,0,8.025,0,0,52.974,4.1712,0,0,0,0,0,0.5,0,0.5,0,0,0,1,0,0,0,0,1,0,0,0
0,0,8.2387,0,0,72.771,6.0349,6.0349,0,0,6.9203,20.308,0,6.9203,0,5.5362,28.934,24.028,0,8.2387,0,6.0349,20.308,0,14.274,0,6.9203,33.086,18.491,6.9203,0,0,0,0,0.45,0.125,0.3875,0.0375,0,0,1,0,0,0,0,1,0,0,0
0,0,9.0083,0,0,67.78,2.8345,20.377,0,0,0,14.677,0,0,0,0,53.102,2.8345,0,9.0083,0,20.377,32.22,0,11.843,0,0,53.102,2.8345,0,0,0,0,0,0.6,0,0.1,0.3,0,0,1,0,0,0,0,1,0,0,0
0,0,0,0,0,100,0,0,0,0,0,0,0,0,0,0,100,0,0,0,0,0,0,0,0,0,0,100,0,0,0,0,0,0,0,0.021978,0.27473,0.7033,0,0,1,0,0,0,0,1,0,0,0
0,0,0,0,0,100,0,0,0,0,0,0,0,0,0,0,100,0,0,0,0,0,0,0,0,0,0,100,0,0,0,0,0,0,0,0,0.18056,0.81944,0,0,1,0,0,0,0,1,0,0,0
0,0,0,0,0,100,0,0,0,0,0,0,0,0,0,0,100,0,0,0,0,0,0,0,0,0,0,100,0,0,0,0,0,0,0,0.016393,0.34426,0.63934,0,0,1,0,0,0,0,1,0,0,0
0,0,0,0,0,100,0,0,0,0,0,0,0,0,0,0,100,0,0,0,0,0,0,0,0,0,0,100,0,0,0,0,0,0,0,0.027778,0.29167,0.68056,0,0,1,0,0,0,0,1,0,0,0
0,0,0,0,0,100,0,0,0,0,0,0,0,0,0,0,100,0,0,0,0,0,0,0,0,0,0,100,0,0,0,0,0,0,0,0.013514,0.31081,0.67568,0,0,1,0,0,0,0,1,0,0,0
0,0,0,0,0,100,0,0,0,0,0,0,0,0,0,0,100,0,0,0,0,0,0,0,0,0,0,100,0,0,0,0,0,0,0,0,0.15854,0.84146,0,0,1,0,0,0,0,1,0,0,0
0,0,0,0,0,100,0,0,0,0,0,0,0,0,0,0,100,0,0,0,0,0,0,0,0,0,0,100,0,0,0,0,0,0,0,0,0.19737,0.80263,0,0,1,0,0,0,0,1,0,0,0
0,0,0,0,0,100,0,0,0,0,0,0,0,0,0,0,100,0,0,0,0,0,0,0,0,0,0,100,0,0,0,0,0,0,0,0.023529,0.2,0.77647,0,0,1,0,0,0,0,1,0,0,0
0,0,6.3124,23.284,11.831,30.121,1.451,8.645,18.355,0,0,7.9299,5.1238,0,5.5527,8.2888,25.168,23.182,4.0906,6.8947,10.438,3.3308,10.832,14.853,5.7479,1.8798,6.7652,12.405,6.0899,4.8614,14.996,16.183,5.3869,0,0.97778,0.022222,0,0,0,0,1,0,0,0,0,1,0,0,1
0,0,3.7246,25.109,0,44.728,4.6797,13.561,8.1973,0,0,10.641,0,0,8.8297,9.6855,48.453,0,2.2363,9.8369,10.318,0,8.4043,3.2435,0,0,0,35.899,8.8297,0,18.515,18.515,6.5934,0.040541,0.94595,0.013514,0,0,0,0,1,0,0,0,0,0.60811,0.39189,0,1
53.689,0,3.9685,0,12.052,18.24,0,0,5.1513,0,6.9002,53.689,0,7.4186,0,3.4501,18.24,0,5.1513,12.052,0,0,52.506,0,0,0,0,23.391,0,6.9002,8.6014,8.6014,0,0,1,0,0,0,0,0,1,0,0,0,0,1,0,0,0
0,0,0,0,0,100,0,0,0,0,0,0,0,0,0,0,100,0,0,0,0,0,0,0,0,0,0,92.898,7.1019,0,0,0,0,0,0,0.10909,0.89091,0,0,0,1,0,0,0,0,0,1,0,0
0,0,0,0,0,74.499,12.751,12.751,0,0,0,0,0,0,12.751,24.499,25.501,37.249,0,0,0,0,0,12.751,0,12.751,0,74.499,0,0,0,0,0,0.89831,0.10169,0,0,0,0,0,1,0,0,0,0,1,0,0,0
0,0,0,0,0,59.001,23.23,17.769,0,0,0,0,0,0,25.875,9.4287,39.91,24.786,0,0,0,0,0,17.769,0,6.7838,16.446,59.001,0,0,0,0,0,0,0.25641,0.74359,0,0,0,0,1,0,0,0,0,1,0,0,0
0,0,0,0,0,100,0,0,0,0,0,0,0,0,0,0,100,0,0,0,0,0,0,0,0,0,0,91.587,8.413,0,0,0,0,0,0,0.045455,0.95455,0,0,0,1,0,0,0,0,0,1,0,0
0,0,0,0,0,76.409,0,23.591,0,0,0,0,0,0,23.591,23.591,26.409,26.409,0,0,0,0,0,23.591,0,0,0,76.409,0,0,0,0,0,0.90741,0.092593,0,0,0,0,0,1,0,0,0,0,1,0,0,0
0,0,0,0,0,42.535,49.072,8.3932,0,0,0,0,0,0,13.802,14.93,27.605,28.733,14.93,0,0,0,0,8.3932,0,13.802,35.27,42.535,0,0,0,0,0,0,0.275,0.725,0,0,0,0,1,0,0,0,0,1,0,0,0
0,0,0,0,0,71.613,20.674,7.7133,0,0,0,0,0,0,14.794,14.009,56.404,14.794,0,0,0,0,0,7.7133,0,7.7133,12.961,65.732,5.8806,0,0,0,0,0,0.26667,0.13333,0.52,0.08,0,0,1,0,0,0,0,1,0,0,0
0,0,0,0,0,85.329,14.671,0,0,0,0,0,0,0,7.3354,10.701,53.226,28.738,0,0,0,0,0,0,0,7.3354,7.3354,67.665,17.665,0,0,0,0,0,0,0,0.74157,0.25843,0,0,1,0,0,0,0,1,0,0,0
0,0,0,0,0,56.615,43.385,0,0,0,0,0,0,0,5.935,6.8388,49.777,12.774,24.676,0,0,0,0,0,0,5.935,37.45,33.761,22.854,0,0,0,0,0,0,0.055556,0.33333,0.61111,0,0,1,0,0,0,0,1,0,0,0
0,0,4.4929,0,0,81.452,5.069,0,4.4929,0,4.4929,0,0,4.4929,0,34.258,52.263,0,4.4929,4.4929,0,0,4.4929,0,0,0,5.069,59.554,21.898,4.4929,0,4.4929,0,0,0,0,0.34444,0.65556,0,0,1,0,0,0,0,1,0,0,0
0,2.2109,0,6.4218,22.98,55.1,6.8654,3.4327,0,0,2.9891,3.4327,2.9891,22.85,2.9891,8.8047,23.883,7.043,13.732,8.6327,0,5.6436,0,13.364,3.9727,9.0763,16.21,4.832,2.2109,12.505,14.586,8.6327,14.611,0.089286,0.39286,0.089286,0.25,0.17857,0,0,0.57143,0.42857,0,0,0,0.14286,0.85714,0,0
0,0,0,0,0,50,0,16.667,33.333,0,0,16.667,0,0,16.667,0,33.333,16.667,0,0,0,16.667,16.667,0,16.667,16.667,0,50,0,0,0,0,0,0,0.52174,0.47826,0,0,0,0,0.21739,0.78261,0,0,0,0.086957,0.91304,0,1
0,7.4066,1.8915,6.335,8.0695,27.449,19.368,7.6256,9.1387,5.9589,6.757,14.676,6.757,8.9357,5.6659,6.7594,27.591,4.6707,7.5575,12.294,0,5.0931,2.3354,5.5151,12.718,14.697,3.2016,2.3354,2.5325,2.3354,19.297,13.742,21.29,0,1,0,0,0,0,0,0.64,0.36,0,0,0,0,1,0,0
0,0,0,0,0,100,0,0,0,0,0,0,0,0,0,3.5109,79.026,17.463,0,0,0,0,0,0,0,10.599,6.6709,66.561,12.465,3.704,0,0,0,0,0.12766,0.06383,0.80851,0,0,0,1,0,0,0,0,0.23404,0.76596,0,0
0,0,0,0,0,100,0,0,0,0,0,0,0,0,0,0,91.866,8.1345,0,0,0,0,0,0,0,8.1345,0,83.082,8.7836,0,0,0,0,0,0,0.11111,0.88889,0,0,0,1,0,0,0,0,0,1,0,0
0,0,0,0,0,100,0,0,0,0,0,0,0,0,0,33.343,44.419,22.238,0,0,0,0,0,0,0,0,0,88.895,11.105,0,0,0,0,1,0,0,0,0,0,0,1,0,0,0,0,1,0,0,0
0,0,0,0,0,63.182,36.818,0,0,0,0,0,0,0,15.569,5.3982,47.614,15.569,15.851,0,0,0,0,0,0,0,36.818,41.934,21.249,0,0,0,0,0.48889,0.51111,0,0,0,0,0,1,0,0,0,0,1,0,0,0
0,0,0,0,0,100,0,0,0,0,0,0,0,0,0,0,77.599,22.401,0,0,0,0,0,0,0,4.5931,6.6072,67.337,10.262,11.2,0,0,0,0,0.078431,0.078431,0.84314,0,0,0,1,0,0,0,0,0.11765,0.88235,0,0
0,0,39.962,0,0,55.356,0,0,4.6824,0,0,0,4.6824,4.6824,4.6824,14.381,36.292,10.616,4.6824,0,4.6824,15.298,0,14.047,0,0,0,36.292,19.064,0,0,19.981,10.616,0.9589,0.041096,0,0,0,0,0,1,0,0,0,0,0.9863,0.013699,0,0
0,0,0,0,0,55.925,44.075,0,0,0,0,0,0,0,0,28.815,40.665,15.26,15.26,0,0,0,0,0,0,0,44.075,42.37,13.555,0,0,0,0,0.066667,0.73333,0.13333,0.033333,0.033333,0,0,1,0,0,0,0,1,0,0,0
0,0,8.1475,0,0,75.557,0,0,8.1475,0,8.1475,0,0,8.1475,0,8.1475,67.41,0,8.1475,8.1475,0,0,8.1475,0,0,0,0,60.742,14.816,8.1475,0,8.1475,0,0,0.71212,0.16667,0.015152,0.10606,0,0,1,0,0,0,0,1,0,0,0
0,0,12.865,0,0,87.135,0,0,0,0,0,0,0,0,0,9.2114,60.402,21.175,5.5579,0,0,3.6535,0,0,0,0,0,72.366,14.769,0,0,9.2114,3.6535,1,0,0,0,0,0,0,1,0,0,0,0,1,0,0,0
0,0,0,0,0,100,0,0,0,0,0,0,0,0,0,4.8887,95.111,0,0,0,0,0,0,0,0,0,0,95.111,4.8887,0,0,0,0,1,0,0,0,0,0,0,1,0,0,0,0,1,0,0,0
0,0,0,0,0,70.931,0,0,29.069,0,0,0,0,0,0,29.069,70.931,0,0,0,0,0,0,0,0,0,0,70.931,0,0,0,0,29.069,0.98413,0,0.015873,0,0,0,0,1,0,0,0,0,1,0,0,0
0,0,0,0,0,83.353,0,0,16.647,0,0,0,4.3621,0,0,16.647,78.991,0,0,0,0,0,0,0,0,0,0,83.353,0,0,0,0,16.647,0,0,0.015625,0.23438,0.75,0,0,1,0,0,0,0,1,0,0,0
0,0,0,0,0,91.17,0,0,8.8296,0,0,0,0,0,0,8.8296,91.17,0,0,0,0,0,0,0,0,0,0,91.17,0,0,0,0,8.8296,0,0,0,0.23529,0.76471,0,0,1,0,0,0,0,1,0,0,0
0,0,0,0,0,100,0,0,0,0,0,0,0,0,0,0,93.961,6.0386,0,0,0,0,0,0,0,0,0,100,0,0,0,0,0,0,0,0,0.072727,0.92727,0,0,1,0,0,0,0,1,0,0,0
0,0,0,0,0,100,0,0,0,0,0,0,0,0,0,0,100,0,0,0,0,0,0,0,0,0,0,100,0,0,0,0,0,0,0,0.12676,0.11268,0.76056,0,0,1,0,0,0,0,1,0,0,0
0,0,6.8766,0,17.482,58.16,0,0,0,0,17.482,0,0,8.7408,0,18.123,16.259,32.518,0,24.358,0,0,6.8766,0,0,0,6.8766,35.024,16.259,17.482,8.7408,8.7408,0,0,0.23864,0.11364,0.64773,0,0,0,1,0,0,0,0,1,0,0,0
0,0,15.442,11.599,23.115,34.714,12.224,0,2.9054,0,0,2.9054,6.1234,11.569,0,32.799,14.482,11.881,0,14.452,0,5.7882,6.1234,12.224,8.6634,12.224,5.7882,5.7882,11.569,14.452,8.6634,5.8108,8.6937,0,1,0,0,0,0,0.81818,0.18182,0,0,0,0,0.87879,0.12121,0,1
6.3369,0,3.8956,0,21.402,46.963,0,0,6.3369,0,15.066,6.3369,0,11.428,0,14.255,40.241,0,6.3369,21.402,0,0,3.8956,0,0,0,0,43.314,9.9855,15.066,13.87,13.87,0,0,0.42857,0.14286,0.39286,0.035714,0,0,1,0,0,0,0,1,0,0,0
0,0,6.5477,0,0,66.588,18.472,8.3922,0,0,0,21.864,0,0,0,0,46.709,16.487,0,6.5477,0,8.3922,33.412,0,3.3919,0,6.5477,46.709,9.9396,0,0,0,0,0,1,0,0,0,0,0,1,0,0,0,0,1,0,0,0
13.703,0,4.4772,0,13.703,45.097,0,0,14.173,0,8.8453,13.703,0,8.8453,0,8.4847,36.252,4.3681,14.173,14.173,0,0,4.4772,0,0,0,4.3681,50.065,4.3681,8.8453,9.6959,18.181,0,0,1,0,0,0,0,0,1,0,0,0,0,1,0,0,0
17.552,0,4.0668,0,17.552,43.238,0,0,13.523,0,4.0668,17.552,0,4.0668,0,12.163,39.172,0,13.523,13.523,0,0,4.0668,0,0,0,0,60.791,0,4.0668,9.4563,21.619,0,0,0.83333,0,0.083333,0.083333,0,0,1,0,0,0,0,1,0,0,0
0,0,0,0,0,100,0,0,0,0,0,0,0,0,0,0,100,0,0,0,0,0,0,0,0,0,0,100,0,0,0,0,0,0,0,0,0.034483,0.96552,0,0,1,0,0,0,0,1,0,0,0
0,0,0,0,0,100,0,0,0,0,0,0,0,0,0,0,100,0,0,0,0,0,0,0,0,0,0,100,0,0,0,0,0,0,0,0.014706,0.32353,0.66176,0,0,1,0,0,0,0,1,0,0,0
0,0,0,0,0,100,0,0,0,0,0,0,0,0,0,0,100,0,0,0,0,0,0,0,0,0,0,100,0,0,0,0,0,0,0,0.030769,0.26154,0.70769,0,0,1,0,0,0,0,1,0,0,0
0,0,0,0,0,100,0,0,0,0,0,0,0,0,0,0,100,0,0,0,0,0,0,0,0,0,0,100,0,0,0,0,0,0,0,0,0.26582,0.73418,0,0,1,0,0,0,0,1,0,0,0
0,0,0,0,0,100,0,0,0,0,0,0,0,0,0,0,100,0,0,0,0,0,0,0,0,0,0,100,0,0,0,0,0,0,0,0,0.32,0.68,0,0,1,0,0,0,0,1,0,0,0
0,0,0,0,0,100,0,0,0,0,0,0,0,0,0,0,100,0,0,0,0,0,0,0,0,0,0,100,0,0,0,0,0,0,0,0,0.24706,0.75294,0,0,1,0,0,0,0,1,0,0,0
0,0,0,0,0,100,0,0,0,0,0,0,0,0,0,0,100,0,0,0,0,0,0,0,0,0,0,100,0,0,0,0,0,0,0,0.030769,0.29231,0.67692,0,0,1,0,0,0,0,1,0,0,0
0,0,0,0,0,100,0,0,0,0,0,0,0,0,0,0,100,0,0,0,0,0,0,0,0,0,0,100,0,0,0,0,0,0,0,0.023256,0.2093,0.76744,0,0,1,0,0,0,0,1,0,0,0
0,0,0,0,0,100,0,0,0,0,0,0,0,0,0,0,100,0,0,0,0,0,0,0,0,0,0,100,0,0,0,0,0,0,1,0,0,0,0,0,1,0,0,0,0,0,1,0,0
0,0,0,0,10.512,89.488,0,0,0,0,0,0,0,0,0,5.2561,89.488,0,0,0,5.2561,0,0,0,0,0,0,89.488,0,0,10.512,0,0,0,1,0,0,0,0,0,1,0,0,0,0,0,1,0,0
0,0,0,0,0,100,0,0,0,0,0,0,0,0,0,0,100,0,0,0,0,0,0,0,0,0,0,100,0,0,0,0,0,0,1,0,0,0,0,0,1,0,0,0,0,0,1,0,0
0,0,0,0,0,93.744,0,6.2564,0,0,0,0,0,0,0,0,93.744,0,0,6.2564,0,0,0,6.2564,0,0,0,93.744,0,0,0,0,0,0,1,0,0,0,0,0,1,0,0,0,0,0,1,0,0
0,0,0,8.1296,0,77.225,10.58,4.0648,0,0,0,14.645,0,0,4.0648,0,77.225,0,0,4.0648,0,0,10.58,4.0648,0,0,0,77.225,0,0,4.0648,4.0648,0,0,1,0,0,0,0,0,1,0,0,0,0,0,1,0,0
0,0,0,0,0,100,0,0,0,0,0,0,0,0,0,0,100,0,0,0,0,0,0,0,0,0,0,100,0,0,0,0,0,0,1,0,0,0,0,0,1,0,0,0,0,0,1,0,0
0,0,0,5.4624,0,84.288,5.4624,4.787,0,0,0,5.4624,5.4624,0,0,0,78.614,0,0,4.787,0,5.6746,5.4624,4.787,0,0,0,78.614,0,0,0,0,11.137,0,1,0,0,0,0,0,1,0,0,0,0,0,1,0,0
0,0,0,10.991,0,65.414,11.995,11.6,0,0,0,10.991,0,0,5.4954,0,65.414,0,0,14.85,0,3.2499,8.7453,11.6,0,3.2499,0,65.414,0,0,5.4954,5.4954,0,0,1,0,0,0,0,0,1,0,0,0,0,0.014925,0.98507,0,0
0,0,0,0,0,67.814,32.186,0,0,0,0,7.8144,0,0,0,0,67.814,0,0,12.186,0,12.186,20,0,0,12.186,0,67.814,0,0,0,0,0,0,1,0,0,0,0,0,1,0,0,0,0,0,1,0,0
0,0,0,4.9038,0,63.28,26.803,5.014,0,0,0,4.9038,9.125,0,0,4.2212,63.28,0,0,0,14.249,4.2212,9.9178,9.2352,0,0,8.4424,59.058,0,0,0,0,13.346,0.013889,0.94444,0.041667,0,0,0,0,1,0,0,0,0,0.041667,0.95833,0,0
0,0,7.8655,0,0,70.312,6.9787,14.844,0,0,0,7.8655,0,0,0,0,62.446,7.8655,7.8655,0,13.957,0,6.9787,22.71,0,0,7.8655,62.446,0,0,0,0,0,0.020408,0.97959,0,0,0,0,0,1,0,0,0,0,0.2449,0.7551,0,0
0,0,0,2.5357,0,54.173,37.178,6.1131,0,0,0,2.5357,7.7662,0,0,7.7662,53.571,0,0,0,17.457,10.904,8.6488,11.344,0,0,20.604,40.733,0,0,0,0,18.67,0,1,0,0,0,0,0,1,0,0,0,0,0.020408,0.97959,0,0
0,0,6.5799,6.0159,0,50.023,35.189,2.1929,0,0,0,12.596,11.116,0,0,7.2931,48.787,0,0,0,9.486,10.722,8.2088,13.873,0,0,18.972,37.108,0,0,0,0,21.838,0,1,0,0,0,0,0,1,0,0,0,0,0.054545,0.94545,0,0
0,0,15.156,0,0,84.844,0,0,0,0,0,15.156,0,0,0,0,84.844,0,0,0,0,0,0,15.156,0,0,0,84.844,0,0,0,0,0,0,1,0,0,0,0,0,1,0,0,0,0,0.040816,0.95918,0,0
0,0,21.54,0,0,78.46,0,0,0,0,0,0,0,0,0,0,73.935,4.5243,0,0,21.54,0,0,21.54,0,0,4.5243,52.395,21.54,0,0,0,0,0,1,0,0,0,0,0,1,0,0,0,0,0.056604,0.9434,0,0
0,0,5.0029,0,0,94.997,0,0,0,0,0,0,0,0,0,0,77.649,17.348,0,0,5.0029,0,0,5.0029,0,5.8081,5.7322,77.649,0,5.8081,0,0,0,0,1,0,0,0,0,0,1,0,0,0,0,0,1,0,0
0,0,13.652,0,0,63.652,0,22.695,0,0,0,0,11.348,0,0,0,52.305,11.348,11.348,0,13.652,0,0,25,11.348,0,11.348,40.957,11.348,0,0,0,0,0,1,0,0,0,0,0,1,0,0,0,0,0,1,0,0
0,0,7.1283,0,0,92.872,0,0,0,0,0,0,0,0,0,0,92.872,0,0,0,7.1283,0,0,7.1283,0,0,0,92.872,0,0,0,0,0,0,1,0,0,0,0,0,1,0,0,0,0,0,1,0,0
2.9026,0,29.632,0,0,52.75,0,0,6.5086,5.5548,2.6522,5.5548,9.8551,3.8565,12.063,5.3043,46.242,0,3.8565,0,6.7591,6.5086,11.36,17.568,2.6522,0,0,46.242,6.5086,2.6522,0,10.365,2.6522,0,1,0,0,0,0,0,1,0,0,0,0,0,1,0,0
0,0,0,28.571,14.286,28.571,0,0,14.286,0,14.286,14.286,0,14.286,0,0,28.571,14.286,0,0,14.286,14.286,28.571,0,14.286,0,0,0,28.571,14.286,0,14.286,0,0,1,0,0,0,0,0,1,0,0,0,0,0,1,0,0
0,0,16.053,0,0,76.063,0,0,3.942,0,3.942,3.942,0,3.942,16.053,0,76.063,0,0,0,0,0,16.053,3.942,3.942,0,0,76.063,0,0,0,0,0,0,1,0,0,0,0,0,1,0,0,0,0,0,1,0,0
4.3888,22.318,12.283,0,0,53.666,1.7827,0,1.7827,3.7788,0,3.7788,0,0,12.283,9.9629,53.666,4.1754,0,11.746,4.3888,0,20.451,1.7827,11.746,14.138,0,49.49,0,0,2.3927,0,0,0,0.85714,0.14286,0,0,0,0,0.83333,0.16667,0,0,0,0,1,0,0
0,0,0,0,0,100,0,0,0,0,0,0,0,0,0,0,100,0,0,0,0,0,0,0,0,0,0,100,0,0,0,0,0,0,1,0,0,0,0,0,1,0,0,0,0,0.02,0.98,0,0
4.7904,0,0,0,0,90.419,0,0,4.7904,0,0,0,0,0,0,4.7904,95.21,0,0,0,0,0,0,0,0,4.7904,0,90.419,0,0,0,4.7904,0,0,1,0,0,0,0,0,1,0,0,0,0,0,1,0,0
3.9793,0,0,0,0,92.041,0,0,3.9793,0,0,0,0,0,0,3.9793,96.021,0,0,0,0,0,0,0,0,3.9793,0,92.041,0,0,0,3.9793,0,0,1,0,0,0,0,0,1,0,0,0,0,0.14286,0.85714,0,0
18.381,16.909,0,0,0,59.346,3.3317,0,2.032,0,0,0,7.9983,10.548,6.4835,3.3317,58.047,5.414,0,1.2997,2.032,4.8465,0,16.177,11.33,11.115,0,56.532,0,0,2.8145,2.032,0,0,1,0,0,0,0,0,1,0,0,0,0,0,1,0,0
0,0,2.5373,0,0,81.95,2.5373,0,2.5373,10.438,0,10.438,0,0,2.5373,0,81.95,2.5373,0,2.5373,0,0,12.975,2.5373,2.5373,2.5373,0,79.413,0,0,0,0,0,0,1,0,0,0,0,0,1,0,0,0,0,0,1,0,0
10.183,29.941,0,0,0,53.813,0,0,0,6.0628,0,6.0628,2.155,0,3.3234,8.8019,48.335,16.83,0,2.155,12.338,0,17.414,2.155,9.9703,16.648,0,45.785,0,0,8.0277,0,0,0,1,0,0,0,0,0,1,0,0,0,0,0,1,0,0
31.383,24.754,0,0,0,32.391,6.3542,0,5.1176,0,0,0,11.978,19.163,7.2168,12.017,23.38,7.3999,0,6.8994,4.717,7.2289,0,24.425,10.559,27.508,0,31.015,0,0,1.3751,5.1176,0,0,1,0,0,0,0,0,1,0,0,0,0,0,1,0,0
0,8.4385,5.6641,0,12.278,62.407,0,0,2.7743,0,8.4385,0,14.112,16.886,0,9.5034,30.335,15.177,5.5487,5.6641,2.7743,0,16.895,5.6641,19.776,2.7743,0,25.736,11.328,5.5487,9.5034,2.7743,0,0,1,0,0,0,0,0,0.88636,0.11364,0,0,0,0,1,0,0
16.667,0,16.667,0,0,50,0,0,0,16.667,0,16.667,0,0,16.667,0,50,0,0,0,16.667,0,50,0,0,0,0,50,0,0,0,0,0,0.09434,0.88679,0.018868,0,0,0,0,0.98113,0.018868,0,0,0,0.13208,0.86792,0,0
0,13.901,0,0,13.901,51.868,15.248,5.0826,0,0,0,5.0826,24.066,13.901,13.901,0,0,5.0826,0,18.983,18.983,0,13.901,18.983,24.066,0,18.983,5.0826,0,0,18.983,0,0,0.16279,0.83721,0,0,0,0,0,1,0,0,0,0,0.18605,0.81395,0,0
0,12.458,0,0,9.038,60.71,15.598,2.1964,0,0,0,6.75,14.678,9.038,12.458,2.1964,24.705,7.7229,0,5.7078,16.744,0,11.226,10.101,21.306,0,13.422,25.961,2.1964,0,15.788,0,0,0.38095,0.47619,0.14286,0,0,0,0,1,0,0,0,0,0.57143,0.42857,0,0
0,6.7558,0,0,6.7558,56.321,18.132,12.035,0,0,0,6.0441,24.835,6.7558,6.7558,5.9913,5.9913,18.027,0,12.8,12.8,0,6.7558,24.782,18.844,0,18.791,12.035,5.9913,0,12.8,0,0,0.13333,0.86667,0,0,0,0,0,1,0,0,0,0,0.2,0.8,0,0
1.9942,59.62,0,0,0,36.93,0,0,0,1.4561,0,1.4561,1.9942,0,8.0649,26.152,26.871,19.788,0,10.022,5.6522,0,9.5209,1.9942,33.886,17.668,0,35.266,0,0,1.6637,0,0,0,0.94118,0.058824,0,0,0,0,1,0,0,0,0,0,1,0,0
0,0,0,0,0,91.021,0,0,8.979,0,0,0,0,0,8.979,8.979,73.063,8.979,0,0,0,0,0,0,0,0,8.979,82.042,0,0,0,0,8.979,0.3913,0.6087,0,0,0,0,0,1,0,0,0,0,0.6087,0.3913,0,0
18.172,29.313,0,0,0,34.48,8.645,0,9.3904,0,0,0,6.2514,16.265,2.235,12.835,32.805,8.3012,0,3.4451,6.41,11.451,0,25.138,12.476,18.515,0,30.649,0,0,3.8312,9.3904,0,0.064516,0.93548,0,0,0,0,0,1,0,0,0,0,0.12903,0.87097,0,0
33.458,18.721,0,0,0,36.554,8.6811,0,2.5863,0,0,0,9.0787,14.865,6.0948,12.279,23.264,14.073,0,9.6926,2.5863,8.0672,0,22.229,10.564,28.066,0,34.671,0,0,1.8832,2.5863,0,0,1,0,0,0,0,0,1,0,0,0,0,0.025641,0.97436,0,0
0,0,0,0,0,0,0,0,0,0,0,0,0,0,0,0,0,0,0,0,0,0,0,0,0,0,0,0,0,0,0,0,0,0,1,0,0,0,0,0,1,0,0,0,0,0.1,0.9,0,0
0,0,0,0,0,100,0,0,0,0,0,0,0,0,0,0,100,0,0,0,0,0,0,0,0,0,0,100,0,0,0,0,0,0,1,0,0,0,0,0,1,0,0,0,0,0,1,0,0
0,0,0,0,0,100,0,0,0,0,0,0,0,0,0,0,100,0,0,0,0,0,0,0,0,0,0,100,0,0,0,0,0,0,1,0,0,0,0,0,1,0,0,0,0,0,1,0,0
0,10.826,8.5754,17.128,0,12.844,13.577,7.6688,18.925,3.08,7.376,21.006,0,0,10.63,13.714,27.616,0,10.67,5.4548,2.3341,8.5754,11.511,7.4003,7.561,10.493,0,11.511,5.4433,0,23.514,20.232,2.3341,0.040816,0.85714,0.10204,0,0,0,0,1,0,0,0,0,0.78571,0.21429,0,1
0,0,0,1.8492,0,49.424,35.656,13.071,0,0,0,1.8492,7.0331,0,0,16.758,49.424,0,0,11.574,8.177,5.1839,3.3458,6.6805,0,0,25.627,40.555,0,0,0,0,23.791,0.375,0.625,0,0,0,0,0,1,0,0,0,0,1,0,0,0
0,0,2.777,31.499,0,26.375,10.497,13.274,15.577,0,0,22.323,0,0,12.973,15.878,29.152,0,6.3998,10.497,2.777,0,9.3499,6.5729,0,0,3.9244,19.976,6.3998,0,24.926,24.926,3.9244,0.030303,0.95455,0.015152,0,0,0,0,1,0,0,0,0,0.69697,0.30303,0,0
0,0,36.68,0,18.093,16.097,0,16.097,13.034,0,0,4.7984,3.4665,0,17.399,18.093,20.865,12.63,17.689,5.0589,0,0,0,49.311,3.4665,0,12.63,0,3.4665,18.093,0,13.034,0,0,1,0,0,0,0,0,1,0,0,0,0,0,1,0,0
0,8.8602,7.8089,20.311,0,17.301,10.697,10.156,16.006,4.0985,4.7616,15.58,0,0,11.207,10.856,37.406,0,4.7616,7.1083,8.3192,4.7616,9.6454,5.935,4.7616,12.959,0,12.693,5.2719,0,22.063,21.4,5.2719,0.057971,0.94203,0,0,0,0,0,1,0,0,0,0,0.68116,0.31884,0,1
0,15.308,12.954,10.854,0,12.961,9.0605,6.5104,22.268,1.8204,8.2642,19.431,1.0241,0,3.6325,19.974,27.964,0,13.996,1.0241,1.7943,11.16,9.8307,5.7403,11.388,7.4679,0,11.625,3.6325,0,27.982,21.31,1.0241,0,1,0,0,0,0,0,1,0,0,0,0,0,1,0,0
0,0,0,15.63,0,49.739,21.586,13.045,0,0,0,10.46,2.7815,0,2.5852,2.7815,60.198,0,0,2.5852,15.827,2.7815,20.92,2.7815,0,0,34.3,26.095,2.5852,0,2.5852,2.5852,8.1483,0.82979,0.17021,0,0,0,0,0,1,0,0,0,0,0.97872,0.021277,0,0
0,0,18.054,0,0,42.653,0,31.106,8.1872,0,0,9.867,15.553,0,0,0,43.474,15.553,7.3658,8.1872,0,0,0,33.607,15.553,0,15.553,19.734,7.3658,0,0,8.1872,0,0,0.96203,0.037975,0,0,0,0,1,0,0,0,0,0.037975,0.96203,0,0
0,0,0,4.4955,0,65.406,15.049,15.049,0,0,0,4.4955,0,0,0,10.554,69.901,0,0,10.554,4.4955,0,8.991,0,0,0,19.545,60.91,0,0,0,0,10.554,0.86957,0.13043,0,0,0,0,0,1,0,0,0,0,1,0,0,0
0,0,42.013,0,12.037,13.638,0,22.975,9.3372,0,0,0,9.3372,0,4.301,12.037,22.975,13.638,16.338,21.374,0,0,0,55.651,9.3372,0,13.638,0,0,12.037,0,9.3372,0,0.02439,0.97561,0,0,0,0,0,1,0,0,0,0,0.02439,0.97561,0,0
0,0,0,0,0,100,0,0,0,0,0,0,0,0,0,0,100,0,0,0,0,0,0,0,0,0,33.333,66.667,0,0,0,0,0,1,0,0,0,0,0,0,1,0,0,0,0,1,0,0,0
0,3.9619,20.382,0,2.5143,64.151,0,2.5143,0,6.4762,0,8.0117,0,3.9619,0,6.4762,67.531,5.0286,0,0,2.5143,6.4762,7.9238,12.371,13.04,0,0,60.101,4.0498,2.5143,0,0,0,0,1,0,0,0,0,0,1,0,0,0,0,0,1,0,0
0,0,0,10.922,0,56.714,19.033,13.33,0,0,0,10.922,5.7028,0,0,3.0991,59.95,0,0,3.0991,15.243,1.9835,21.154,5.0115,0,0,13.538,49.511,0,0,0,0,10.785,0.037736,0.75472,0.20755,0,0,0,0,1,0,0,0,0,0.49057,0.50943,0,0
0,0,41.017,0,0,33.557,0,21.194,4.2317,0,0,5.27,4.2317,0,7.4601,0,32.519,16.962,12.73,4.2317,16.595,0,0,57.979,4.2317,0,16.962,0,16.595,0,0,4.2317,0,0,1,0,0,0,0,0,1,0,0,0,0,0,1,0,0
0,0,33.935,0,17.793,16.713,0,21.111,10.447,0,0,0,10.556,0,6.0491,17.793,21.003,10.556,17.901,16.142,0,0,0,44.491,10.556,0,10.556,0,6.1574,17.793,0,10.447,0,0,1,0,0,0,0,0,1,0,0,0,0,0,1,0,0
0,0,36.929,0,13.736,13.664,0,17.8,17.871,0,0,0,4.1357,0,23.264,13.736,31.536,13.664,9.5286,4.1357,0,0,0,50.593,4.1357,0,13.664,0,0,13.736,0,17.871,0,0.28571,0.71429,0,0,0,0,0,1,0,0,0,0,0.34524,0.65476,0,0
1.868,0,28.036,0,0,47.592,0,0,12.346,7.7666,2.3919,4.2599,3.8876,6.2795,5.7555,8.342,41.428,2.2759,3.8876,0,11.822,12.062,5.6039,20.121,2.3919,0,0,41.428,6.1635,5.8986,0,16.117,2.2759,1,0,0,0,0,0,0,1,0,0,0,0,1,0,0,0
66.667,0,0,0,0,33.333,0,0,0,0,0,66.667,0,0,0,0,33.333,0,0,0,0,0,0,0,0,0,0,33.333,66.667,0,0,0,0,1,0,0,0,0,0,0,1,0,0,0,0,1,0,0,0
66.667,0,0,0,0,33.333,0,0,0,0,0,66.667,0,0,0,0,33.333,0,0,0,0,0,0,0,0,0,0,33.333,66.667,0,0,0,0,1,0,0,0,0,0,0,1,0,0,0,0,1,0,0,0
8.7737,0,6.6214,0,0,29.948,27.756,5.2372,15.042,6.6214,0,13.947,10.02,0,6.6214,5.2372,32.491,19.825,0,7.868,3.9906,0,22.017,27.604,7.868,20.431,0,22.08,0,0,0,0,0,0.066667,0.16667,0.7,0.066667,0,0,0,0.43333,0.56667,0,0,0,0.1,0.9,0,1
0,0,0,0,0,100,0,0,0,0,0,0,0,0,0,0,100,0,0,0,0,0,0,0,0,0,0,100,0,0,0,0,0,0,0,0,0.027027,0.97297,0,0,1,0,0,0,0,1,0,0,0
15.221,38.941,0,0,0,31.447,6.8997,0,7.4909,0,0,0,9.6531,21.633,1.7683,10.347,26.325,5.3804,0,2.8565,10.108,11.928,0,32.042,10.84,18.181,0,26.066,0,0,5.3804,7.4909,0,0.045455,0.95455,0,0,0,0,0,1,0,0,0,0,0.090909,0.90909,0,0
7.9751,45.32,0,0,0,46.705,0,0,0,0,0,0,4.3965,0,7.1318,15.078,41.099,18.384,0,3.8671,5.6467,4.3965,9.1841,1.5263,24.278,18.307,0,41.058,0,0,5.6467,0,0,0.67857,0.32143,0,0,0,0,0,1,0,0,0,0,0.78571,0.21429,0,0
31.509,25.569,0,0,0,33.69,6.9769,0,2.2554,0,0,0,7.91,13.945,6.3039,6.9769,28.968,17.205,0,4.7214,5.386,8.583,0,26.34,13.191,24.524,0,25.927,0,0,7.7624,2.2554,0,0.875,0.125,0,0,0,0,0,1,0,0,0,0,0.95833,0.041667,0,0
12.189,35.192,0,0,0,52.619,0,0,0,0,0,0,12.189,3.2167,2.8678,8.9725,40.43,8.6236,0,8.9725,11.512,3.2167,0,15.057,2.8678,29.457,0,52.619,0,0,0,0,0,0.026667,0.97333,0,0,0,0,0,1,0,0,0,0,0.053333,0.94667,0,0
2.5323,18.474,17.163,0,0,61.83,0,0,0,0,0,2.5323,0,12.486,0,17.19,52.774,0,0,0,0,15.018,0,20.619,0,17.551,0,61.83,0,0,0,0,0,0.73469,0.26531,0,0,0,0,0,1,0,0,0,0,0.7551,0.2449,0,0
0,42.719,5.0371,0,0,52.244,0,0,0,0,0,0,0,17.566,0,12.624,39.62,0,0,0,0,30.19,0,17.566,25.153,5.0371,0,52.244,0,0,0,0,0,0.67442,0.32558,0,0,0,0,0,1,0,0,0,0,0.72093,0.27907,0,0
1.5633,23.464,11.814,0,0,63.159,0,0,0,0,0,1.5633,0,16.075,0,4.7142,60.008,0,0,0,0,17.639,0,17.639,2.6742,16.528,0,63.159,0,0,0,0,0,0,1,0,0,0,0,0,1,0,0,0,0,0,1,0,0
0,0,12.045,0,0,87.955,0,0,0,0,0,0,0,0,0,9.9917,77.964,6.0223,0,0,0,6.0223,0,0,0,0,0,77.964,9.9917,0,0,6.0223,6.0223,0.86792,0.075472,0.056604,0,0,0,0,1,0,0,0,0,1,0,0,0
0,0,0,0,0,89.624,0,0,10.376,0,0,0,0,0,0,10.376,89.624,0,0,0,0,0,0,0,0,0,0,89.624,0,0,0,0,10.376,0.96875,0.015625,0.015625,0,0,0,0,1,0,0,0,0,1,0,0,0
0,0,0,0,0,100,0,0,0,0,0,0,0,0,0,0,100,0,0,0,0,0,0,0,0,0,0,100,0,0,0,0,0,0,0,0,0,1,0,0,1,0,0,0,0,1,0,0,0
0,13.326,0,0,3.2705,42.089,33.41,7.9033,0,0,0,17.447,15.294,3.2705,13.326,3.783,14.777,14.957,0,4.1203,13.025,0,4.4525,11.686,29.29,0,12.356,17.715,3.783,0,20.717,0,0,0.29348,0.70652,0,0,0,0,0,1,0,0,0,0,0.3587,0.6413,0,0
0,0,0,0,0,100,0,0,0,0,0,0,0,0,0,0,100,0,0,0,0,0,0,0,0,0,0,100,0,0,0,0,0,0,0,0,0,1,0,0,1,0,0,0,0,1,0,0,0
0,0,0,0,6.6166,65.943,18.547,3.9769,4.9161,0,0,3.9769,14.57,6.6166,0,4.9161,51.373,10.593,0,3.9769,3.9769,0,0,3.9769,14.57,0,3.9769,61.966,0,0,10.593,0,4.9161,0,0,0.015873,0.31746,0.66667,0,0,1,0,0,0,0,1,0,0,0
0,0,0,0,0,95.333,0,0,4.6672,0,0,0,5.0066,0,0,4.6672,77.291,8.6782,0,0,4.3569,0,0,0,0,0,4.3569,86.619,0,0,0,4.3569,4.6672,0,0,0.013333,0.093333,0.89333,0,0,1,0,0,0,0,1,0,0,0
0,4.1617,0,0,4.1617,74.556,9.1769,7.9441,0,0,0,3.059,20.427,4.1617,4.1617,4.8851,29.89,15.902,0,7.2206,10.293,0,4.1617,16.991,10.28,0,15.178,38.211,4.8851,0,7.2206,3.0724,0,0,1,0,0,0,0,0,1,0,0,0,0,0.025974,0.97403,0,0
0,0,0,0,8.3897,81.182,10.428,0,0,0,0,0,18.895,4.1562,0,4.2334,53.82,12.623,0,0,6.2723,0,0,0,4.1562,0,10.506,55.937,4.2334,0,4.1562,6.2723,14.739,0.011111,0.98889,0,0,0,0,0,1,0,0,0,0,0.055556,0.94444,0,0
3.6039,19.33,14.004,0,0,63.063,0,0,0,0,0,3.6039,0,0,0,24.403,52.663,15.726,0,0,0,3.6039,0,29.729,0,7.2078,0,63.063,0,0,0,0,0,0.7,0.3,0,0,0,0,0,1,0,0,0,0,0.7,0.3,0,0
0,9.3964,0,0,0,74.193,0,0,16.411,0,0,0,0,11.764,0,0,74.193,9.3964,0,0,0,4.6471,0,9.3964,0,0,0,74.193,0,0,4.6471,11.764,0,0,1,0,0,0,0,0,1,0,0,0,0,0,1,0,0
0,0,0,0,5.1603,94.84,0,0,0,0,0,0,10.321,0,0,5.1603,74.199,10.321,0,0,0,0,0,0,0,0,5.1603,79.359,5.1603,0,0,0,10.321,0,0,0,0.11538,0.88462,0,0,1,0,0,0,0,1,0,0,0
0,0,0,0,0,100,0,0,0,0,0,0,0,0,0,0,94.275,5.7254,0,0,0,0,0,0,0,0,0,100,0,0,0,0,0,0,0,0.012821,0.076923,0.91026,0,0,1,0,0,0,0,1,0,0,0
0,0,0,0,15.99,60.049,23.96,0,0,0,0,0,23.96,0,0,8.6659,50.651,6.0081,0,0,10.715,0,0,0,0,0,26.705,29.953,8.6659,0,0,10.715,23.96,0.044444,0.42222,0.066667,0.33333,0.13333,0,0,1,0,0,0,0,0.57778,0.42222,0,0
0,0,0,0,9.7723,90.228,0,0,0,0,0,0,19.545,0,0,9.7723,51.139,19.545,0,0,0,0,0,0,0,0,9.7723,60.911,9.7723,0,0,0,19.545,0,0,0,0.13402,0.86598,0,0,1,0,0,0,0,1,0,0,0
11.669,37.44,0,0,0,50.891,0,0,0,0,0,0,3.2579,0,0.93497,6.7241,47.633,16.201,0,6.7241,18.524,0,8.4111,4.1929,7.9986,28.506,0,38.882,0,0,12.009,0,0,0.5,0.5,0,0,0,0,0,0.96154,0.038462,0,0,0,0.57692,0.42308,0,0
5.2651,45,0,0,0,49.735,0,0,0,0,0,0,2.1547,0,10.186,15.053,41.131,21.901,0,2.1547,7.4198,0,9.5594,5.8922,23.084,11.729,0,46.624,0,0,3.1104,0,0,0,1,0,0,0,0,0,1,0,0,0,0,0,1,0,0
5.3889,31.76,0,0,0,62.852,0,0,0,0,0,0,5.3889,0,2.3324,6.8777,58.306,12.079,0,2.2129,9.627,3.176,2.3324,2.2129,12.198,20.405,0,57.65,0,0,5.2011,0,0,0,1,0,0,0,0,0,1,0,0,0,0,0,1,0,0
0,0,11.358,0,0,78.417,0,0,10.225,0,0,0,13.235,0,0,0,75.406,3.0108,8.3476,0,0,0,0,11.358,0,0,0,75.406,3.0108,0,0,10.225,0,0,1,0,0,0,0,0,0.98039,0.019608,0,0,0,0,1,0,0
0,0,0,0,0,90.161,0,5.4227,4.4159,0,0,0,9.8385,0,0,5.4227,73.893,10.845,0,0,0,0,0,10.845,0,0,5.4227,73.893,5.4227,0,0,4.4159,0,0.16949,0.76271,0.067797,0,0,0,0,0.98305,0.016949,0,0,0,0.16949,0.83051,0,0
0,0,0,0,0,100,0,0,0,0,0,0,0,0,0,12.014,77.232,5.3769,0,0,5.3769,0,0,0,0,0,5.3769,77.232,12.014,0,0,5.3769,0,0.047619,0.95238,0,0,0,0,0,1,0,0,0,0,0.095238,0.90476,0,0
0,0,15.959,0,0,79.533,0,0,4.5075,0,0,0,10.233,0,0,4.2571,69.55,5.7258,10.233,0,0,0,0,15.959,0,0,0,69.55,9.9829,0,0,4.5075,0,0,0.92308,0.076923,0,0,0,0,0.84615,0.15385,0,0,0,0,1,0,0
0,0,8.0169,0,0,83.091,0,0,8.8921,0,0,0,12.901,0,0,6.9707,72.112,4.0084,4.0084,0,0,0,0,8.0169,0,0,0,72.112,10.979,0,0,8.8921,0,0.11864,0.83051,0.050847,0,0,0,0,1,0,0,0,0,0.18644,0.81356,0,0
3.4659,11.012,20.031,0,0,65.49,0,0,0,0,0,3.4659,0,4.172,0,35.184,46.166,6.8404,0,0,0,4.172,0,26.872,0,7.6379,0,65.49,0,0,0,0,0,0,1,0,0,0,0,0,1,0,0,0,0,0,1,0,0
18.247,18.247,3.3288,0,0,42.541,0,0,17.636,0,0,18.247,0,8.818,0,18.247,27.622,14.919,0,0,0,12.147,0,18.247,0,21.576,0,42.541,0,0,8.818,8.818,0,0,1,0,0,0,0,0,1,0,0,0,0,0,1,0,0
4.0314,8.2047,8.2047,0,0,79.559,0,0,0,0,0,4.0314,0,4.1733,0,4.0314,79.559,0,0,0,0,8.2047,0,8.2047,0,12.236,0,79.559,0,0,0,0,0,0,1,0,0,0,0,0,1,0,0,0,0,0,1,0,0
0,0,0,0,0,82.965,0,0,17.035,0,0,0,0,8.5176,0,0,82.965,0,0,0,0,8.5176,0,0,0,0,0,82.965,0,0,8.5176,8.5176,0,0,1,0,0,0,0,0,1,0,0,0,0,0,1,0,0
0,0,0,0,0,68.57,0,0,31.43,0,0,0,0,12.568,0,0,68.57,0,0,0,0,18.862,0,0,0,0,0,68.57,0,0,18.862,12.568,0,0,0.19277,0.036145,0.16867,0.60241,0,0,1,0,0,0,0,0.80723,0.19277,0,0
0,0,0,0,0,88.565,0,0,11.435,0,0,0,0,11.435,0,0,88.565,0,0,0,0,0,0,0,0,0,0,88.565,0,0,0,11.435,0,0,0,0,0.20652,0.79348,0,0,1,0,0,0,0,1,0,0,0
0,0,0,0,0,79.386,0,0,20.614,0,0,0,0,14.305,0,0,79.386,0,0,0,0,6.3088,0,0,0,0,0,79.386,0,0,6.3088,14.305,0,0,0.25,0,0.325,0.425,0,0,1,0,0,0,0,0.75,0.25,0,0
0,0,0,0,0,93.24,0,0,6.7603,0,0,0,0,0,0,0,93.24,0,0,0,0,6.7603,0,0,0,0,0,93.24,0,0,6.7603,0,0,0,0,0,0.21348,0.78652,0,0,1,0,0,0,0,1,0,0,0
0,0,0,0,0,100,0,0,0,0,0,0,0,0,0,0,100,0,0,0,0,0,0,0,0,0,0,100,0,0,0,0,0,0,0,0,0.29412,0.70588,0,0,1,0,0,0,0,1,0,0,0
0,0,0,0,0,100,0,0,0,0,0,0,0,0,0,0,100,0,0,0,0,0,0,0,0,0,0,100,0,0,0,0,0,0,0,0.024691,0.037037,0.93827,0,0,1,0,0,0,0,1,0,0,0
0,0,0,0,0,100,0,0,0,0,0,0,0,0,0,0,100,0,0,0,0,0,0,0,0,0,0,100,0,0,0,0,0,0,0,0,0.094118,0.90588,0,0,1,0,0,0,0,1,0,0,0
0,0,0,0,0,100,0,0,0,0,0,0,0,0,0,0,100,0,0,0,0,0,0,0,0,0,0,100,0,0,0,0,0,0,0,0.14085,0.16901,0.69014,0,0,1,0,0,0,0,1,0,0,0
0,0,0,0,0,100,0,0,0,0,0,0,0,0,0,0,100,0,0,0,0,0,0,0,0,0,0,100,0,0,0,0,0,0,0,0,0.044944,0.95506,0,0,1,0,0,0,0,1,0,0,0
0,0,0,0,0,100,0,0,0,0,0,0,0,0,0,0,100,0,0,0,0,0,0,0,0,0,0,100,0,0,0,0,0,0,0,0.077778,0.2,0.72222,0,0,1,0,0,0,0,1,0,0,0
0,0,0,0,0,100,0,0,0,0,0,0,0,0,0,0,100,0,0,0,0,0,0,0,0,0,0,100,0,0,0,0,0,0,0,0.02439,0.17073,0.80488,0,0,1,0,0,0,0,1,0,0,0
0,0,0,0,0,100,0,0,0,0,0,0,0,0,0,0,100,0,0,0,0,0,0,0,0,0,0,100,0,0,0,0,0,0,0,0.13684,0.21053,0.65263,0,0,1,0,0,0,0,1,0,0,0
44.388,15.078,0,0,0,32.844,6.7809,0,0.90839,0,0,0,10.034,14.444,11.765,9.0303,24.29,17.268,0,8.1219,1.3381,3.7089,0,21.859,14.133,30.255,0,29.139,0,0,3.7059,0.90839,0,0.84,0.16,0,0,0,0,0,1,0,0,0,0,1,0,0,0
0,0,0,0,0,100,0,0,0,0,0,0,0,0,0,0,78.261,21.739,0,0,0,0,0,0,0,0,0,100,0,0,0,0,0,0,0.12121,0.12121,0.12121,0.63636,0,0,1,0,0,0,0,1,0,0,0
5.8457,11.106,0,0,0,83.048,0,0,0,0,0,0,5.8457,0,2.6302,0,83.048,2.6302,0,0,0,5.8457,0,2.6302,2.6302,11.691,0,83.048,0,0,0,0,0,0,1,0,0,0,0,0,1,0,0,0,0,0,1,0,0
7.5943,15.189,0,0,0,77.217,0,0,0,0,0,0,0,7.5943,0,0,77.217,7.5943,0,0,7.5943,0,0,15.189,0,7.5943,0,69.623,0,0,7.5943,0,0,0,1,0,0,0,0,0,0.96721,0.032787,0,0,0,0,1,0,0
0,0,0,0,0,100,0,0,0,0,0,0,0,0,0,0,100,0,0,0,0,0,0,0,0,0,0,100,0,0,0,0,0,0,1,0,0,0,0,0,1,0,0,0,0,0,1,0,0
0,38.223,1.8018,0,0,59.975,0,0,0,0,0,0,0,13.657,0,24.567,35.408,0,0,0,0,26.368,0,13.657,12.711,13.657,0,59.975,0,0,0,0,0,0,1,0,0,0,0,0,1,0,0,0,0,0,1,0,0
0,22.319,4.6599,0,0,73.022,0,0,0,0,0,0,0,13.489,0,0,73.022,0,0,0,0,13.489,0,13.489,8.8293,4.6599,0,73.022,0,0,0,0,0,0,1,0,0,0,0,0,0.98507,0.014925,0,0,0,0,1,0,0
0,6.3585,0,0,0,93.641,0,0,0,0,0,0,0,0,3.1793,0,93.641,3.1793,0,0,0,0,0,3.1793,3.1793,0,0,93.641,0,0,0,0,0,0,1,0,0,0,0,0,1,0,0,0,0,0,1,0,0
0,0,9.3558,0,0,64.081,0,0,26.563,0,0,0,17.96,0,0,0,54.113,9.9679,14.297,0,3.6627,0,0,9.3558,0,0,0,54.113,9.9679,0,11.117,15.446,0,0,1,0,0,0,0,0,1,0,0,0,0,0,1,0,0
0,0,0,0,0,100,0,0,0,0,0,0,0,0,0,0,100,0,0,0,0,0,0,0,0,0,0,100,0,0,0,0,0,0,1,0,0,0,0,0,1,0,0,0,0,0,1,0,0
0,0,4.5096,0,0,61.791,0,0,33.699,0,0,0,21.539,0,0,0,57.936,3.8556,8.3652,0,8.3044,0,0,4.5096,0,0,0,57.936,3.8556,0,3.8556,29.843,0,0,1,0,0,0,0,0,1,0,0,0,0,0,1,0,0
0,0,19.821,0,0,55.962,0,0,24.217,0,0,0,22.019,0,0,0,49.888,6.0736,13.748,0,8.2714,0,0,19.821,0,0,0,49.888,6.0736,0,3.2237,20.993,0,0.029412,0.97059,0,0,0,0,0,1,0,0,0,0,0.044118,0.95588,0,0
0,0,6.108,0,0,67.033,0,0,26.859,0,0,0,19.587,0,0,0,59.761,7.2718,13.38,0,0,0,0,6.108,0,0,0,59.761,7.2718,0,7.2718,19.587,0,0,1,0,0,0,0,0,1,0,0,0,0,0.035714,0.96429,0,0
0,0,0,0,0,62.489,0,0,37.511,0,0,0,22.882,0,0,0,56.331,6.1579,6.1579,0,8.4707,0,0,0,0,0,0,56.331,6.1579,0,14.629,22.882,0,0.033898,0.9661,0,0,0,0,0,1,0,0,0,0,0.084746,0.91525,0,0
0,0,0,0,0,100,0,0,0,0,0,0,0,0,0,0,100,0,0,0,0,0,0,0,0,0,0,100,0,0,0,0,0,0,1,0,0,0,0,0,1,0,0,0,0,0,1,0,0
0,0,0,0,0,100,0,0,0,0,0,0,0,0,0,0,100,0,0,0,0,0,0,0,0,0,0,100,0,0,0,0,0,0,1,0,0,0,0,0,1,0,0,0,0,0,1,0,0
0,0,0,0,0,100,0,0,0,0,0,0,0,0,0,0,100,0,0,0,0,0,0,0,0,0,0,100,0,0,0,0,0,0,1,0,0,0,0,0,1,0,0,0,0,0,1,0,0
0,0,0,0,0,100,0,0,0,0,0,0,0,0,0,0,100,0,0,0,0,0,0,0,0,0,0,100,0,0,0,0,0,0,1,0,0,0,0,0,1,0,0,0,0,0,1,0,0
0,0,0,0,0,91.996,0,0,8.0037,0,0,0,0,0,0,0,91.996,0,0,0,0,8.0037,0,0,0,0,7.9,84.096,0,0,8.0037,0,0,0,0.20779,0.064935,0.23377,0.49351,0,0,1,0,0,0,0,0.79221,0.20779,0,0
0,0,0,0,0,100,0,0,0,0,0,0,0,0,0,0,100,0,0,0,0,0,0,0,0,0,3.319,96.681,0,0,0,0,0,0,0,0,0.077922,0.92208,0,0,1,0,0,0,0,1,0,0,0
0,0,0,0,0,100,0,0,0,0,0,0,0,0,0,0,100,0,0,0,0,0,0,0,0,0,13.307,66.816,19.877,0,0,0,0,0,0.071429,0.14286,0.17857,0.60714,0,0,1,0,0,0,0,0.92857,0.071429,0,0
0,0,0,0,0,100,0,0,0,0,0,0,0,0,0,0,100,0,0,0,0,0,0,0,0,0,4.2876,85.675,10.037,0,0,0,0,0,0,0,0.09375,0.90625,0,0,1,0,0,0,0,1,0,0,0
0,0,0,0,0,84.07,0,0,15.93,0,0,0,11.402,0,0,0,84.07,0,0,0,4.5287,0,0,0,0,0,0,84.07,0,0,4.5287,11.402,0,0,1,0,0,0,0,0,1,0,0,0,0,0,1,0,0
0,0,0,0,0,77.798,0,0,22.202,0,0,0,11.101,0,0,0,77.798,0,0,0,11.101,0,0,0,0,0,0,77.798,0,0,4.1706,18.032,0,0,1,0,0,0,0,0,1,0,0,0,0,0,1,0,0
0,0,0,0,0,75,0,0,25,0,0,0,25,0,0,0,75,0,0,0,0,0,0,0,0,0,0,75,0,0,0,25,0,0,1,0,0,0,0,0,1,0,0,0,0,0.0625,0.9375,0,0
0,0,0,0,0,100,0,0,0,0,0,0,0,0,0,0,100,0,0,0,0,0,0,0,0,0,29.825,44.899,25.276,0,0,0,0,0,0,0.056604,0.15094,0.79245,0,0,1,0,0,0,0,1,0,0,0
0,0,0,0,0,100,0,0,0,0,0,0,0,0,0,0,100,0,0,0,0,0,0,0,0,0,0,100,0,0,0,0,0,0,0,0,0.29487,0.70513,0,0,1,0,0,0,0,1,0,0,0
0,0,0,0,0,100,0,0,0,0,0,0,0,0,0,0,100,0,0,0,0,0,0,0,0,0,0,100,0,0,0,0,0,0,0,0.013514,0.32432,0.66216,0,0,1,0,0,0,0,1,0,0,0
0,0,0,0,0,100,0,0,0,0,0,0,0,0,0,0,100,0,0,0,0,0,0,0,0,0,0,100,0,0,0,0,0,0,0,0.015152,0.28788,0.69697,0,0,1,0,0,0,0,1,0,0,0
0,0,0,0,0,100,0,0,0,0,0,0,0,0,0,0,100,0,0,0,0,0,0,0,0,0,0,100,0,0,0,0,0,0,0,0.08,0.16,0.76,0,0,1,0,0,0,0,1,0,0,0
0,0,0,0,0,100,0,0,0,0,0,0,0,0,0,0,100,0,0,0,0,0,0,0,0,0,0,100,0,0,0,0,0,0,0,0,0,1,0,0,1,0,0,0,0,1,0,0,0
0,0,0,0,0,100,0,0,0,0,0,0,0,0,0,0,100,0,0,0,0,0,0,0,0,0,0,100,0,0,0,0,0,0,0,0,0.027027,0.97297,0,0,1,0,0,0,0,1,0,0,0
3.2166,0,4.8414,0,0,51.854,15.87,0,9.0297,9.3753,5.8131,12.839,3.2166,3.3924,4.8414,7.9871,49.433,9.579,0,0,6.2914,2.4207,12.592,12.971,8.9588,6.3623,0,49.433,2.4207,2.4207,0,2.4207,2.4207,0.029126,0.6699,0.23301,0.067961,0,0,0,0.82524,0.17476,0,0,0,0.067961,0.93204,0,1
0,1.7342,32.619,27.417,27.417,0,0,9.079,0,1.7342,0,1.7342,0,6.2738,0,29.151,6.2738,27.417,0,22.877,4.5395,1.7342,8.008,26.346,10.813,0,0,0,0,0,27.417,0,27.417,0.31429,0.68571,0,0,0,0,0,0.54286,0.45714,0,0,0,0.45714,0.54286,0,1
0,0.75528,24.972,6.3205,8.6887,28.656,13.285,0.78616,9.5987,5.8169,1.1212,7.7873,0,8.094,9.109,0,17.01,24.886,2.7341,7.0876,9.4748,13.817,15.642,5.6288,3.3238,7.067,4.0782,18.154,3.6897,9.4748,6.5355,15.131,11.276,1,0,0,0,0,0,0,1,0,0,0,0,1,0,0,0
0,0,11.647,3.3859,13.137,45.557,16.523,4.8754,4.8754,0,0,9.7507,0,0,8.2613,0,33.91,18.419,4.8754,8.2613,3.3859,13.137,16.523,4.8754,0,8.2613,8.2613,37.296,0,3.3859,4.8754,8.2613,8.2613,1,0,0,0,0,0,0,1,0,0,0,0,1,0,0,0
0,0,0,0,0,100,0,0,0,0,0,0,0,0,0,0,100,0,0,0,0,0,0,0,0,0,0,100,0,0,0,0,0,1,0,0,0,0,0,0,1,0,0,0,0,1,0,0,0
0,0,9.3126,20.553,37.787,25.486,0,0,6.8622,0,0,2.2042,5.7767,7.5065,0,17.615,28.53,11.688,0,13.338,8.6834,4.658,2.9568,3.4311,4.658,2.2042,0,9.802,12.727,11.029,21.597,31.595,0,0,1,0,0,0,0,0,1,0,0,0,0,0,1,0,0
0,0,10.097,12.84,48.647,23.936,0,0,4.4805,0,0,1.3276,1.8253,6.9509,0,16.771,28.497,11.44,0,22.846,7.1887,3.1529,1.6814,2.2402,3.1529,1.3276,0,10.218,12.036,15.487,21.437,32.419,0,0,1,0,0,0,0,0,1,0,0,0,0,0,1,0,0
0,0,8.5082,21.296,36.845,26.711,0,0,6.6404,0,0,0.8474,4.7718,5.4109,0,18.005,33.191,6.9708,0,16.662,8.3488,5.793,0.62599,3.3202,4.541,1.4734,0,12.317,13.768,14.772,16.253,32.929,0,0,0.66667,0.22222,0.11111,0,0,0,1,0,0,0,0,0.22222,0.77778,0,0
0,0,3.4971,23.412,41.98,27.614,0,0,3.4971,0,0,0.69826,4.6823,7.3457,0,20.973,29.646,9.5823,0,13.963,10.311,2.7988,2.2366,1.7485,2.7988,0.69826,0,13.671,11.706,16.198,19.893,31.049,0,0,0.9375,0.0625,0,0,0,0,1,0,0,0,0,0.0625,0.9375,0,0
0,0,9.5566,40.258,11.803,12.984,1.9913,8.5885,14.819,0,0,9.7124,7.4095,0,5.4182,15.785,14.916,25.654,6.1297,5.4182,7.5653,1.9913,9.4007,12.984,4.1384,2.1471,0,0,7.5653,7.5653,20.179,24.218,11.803,0,0.2,0.7,0.1,0,0,0.76667,0.23333,0,0,0,0,0.9,0.1,0,1
0,0,0,25,0,75,0,0,0,0,0,0,0,0,0,0,100,0,0,0,0,0,0,0,0,0,0,50,25,0,25,0,0,0,0.42308,0.19231,0.38462,0,0,0,1,0,0,0,0,0.61538,0.38462,0,0
0,0,5.2391,0,0,85.825,0,0,0,0,8.9356,0,0,8.9356,0,9.9467,56.465,19.414,0,5.2391,0,0,5.2391,0,0,0,14.175,50.01,21.64,8.9356,0,0,0,0,0,0,0.34426,0.65574,0,0,1,0,0,0,0,1,0,0,0
24.244,0,0,0,24.244,48.489,0,0,3.0224,0,0,24.244,0,0,0,21.222,48.489,0,3.0224,3.0224,0,0,0,0,0,0,0,72.733,0,0,3.0224,24.244,0,0,0,0,0,1,0,0,1,0,0,0,0,1,0,0,0
13.253,0,8.6544,0,24,28.627,0,0,3.5623,0,21.903,13.253,0,17.825,0,18.392,25.065,0,3.5623,21.903,0,0,16.248,0,0,0,0,34.286,0,21.903,9.1703,18.392,0,0,0.95652,0,0.021739,0.021739,0,0,1,0,0,0,0,1,0,0,0
0,0,28.563,0,0,62.172,0,0,5.1931,2.0357,2.0357,2.0357,3.1575,3.1575,7.2288,18.699,30.49,11.862,15.02,0,3.1575,5.1931,2.0357,9.4724,2.0357,0,0,30.49,31.683,2.0357,0,20.213,2.0357,0.8125,0.1875,0,0,0,0,0,1,0,0,0,0,0.97917,0.020833,0,0
1.6545,0,4.4285,0,0,28.809,37.443,7.4629,7.5883,12.614,0,4.4285,2.6486,0,4.4285,15.649,33.623,10.96,0,5.4226,22.84,0,18.697,23.237,13.608,21.071,0,23.386,0,0,0,0,0,0.63636,0.072727,0.29091,0,0,0,0,0.8,0.2,0,0,0,0.63636,0.36364,0,1
2.1143,0,1.5034,0,0,27.257,32.675,9.192,23.351,3.9069,0,3.6176,2.1143,0,1.5034,22.136,46.99,8.1355,0,1.5034,13.999,0,7.5245,37.06,14.448,15.213,0,25.754,0,0,0,0,0,0,0.038462,0.88462,0.076923,0,0,0,0.23077,0.76923,0,0,0,0,1,0,1
4.016,0,0,0,0,32.278,41.034,9.6056,10.697,2.3699,0,4.016,13.622,0,0,18.656,38.959,10.402,0,9.6056,4.7399,0,6.3859,26.688,18.656,25.597,0,22.672,0,0,0,0,0,0.53191,0.085106,0.3617,0.021277,0,0,0,0.61702,0.38298,0,0,0,0.55319,0.44681,0,1
3.5178,0,3.3994,0,0,35.474,37.979,2.3883,7.692,9.5498,0,5.7367,5.9061,0,3.3994,13.893,39.648,14.366,0,2.3883,14.662,0,16.467,20.929,13.893,15.625,0,33.086,0,0,0,0,0,0.028037,0.17757,0.7757,0.018692,0,0,0,0.42056,0.57944,0,0,0,0.028037,0.97196,0,1
0,0,2.7939,0,0,34.804,32.01,18.007,9.592,2.7939,0,2.7939,11.209,0,2.7939,18.007,41.602,2.7939,0,14.003,6.7981,0,5.5879,27.599,14.003,32.01,0,20.801,0,0,0,0,0,0.067797,0.050847,0.83051,0.050847,0,0,0,0.16949,0.83051,0,0,0,0.067797,0.9322,0,1
17.348,21.358,14.648,0,0,46.645,0,0,0,0,0,17.348,0,4.0095,0,17.348,39.936,6.7094,0,0,0,14.648,0,21.358,0,31.997,0,46.645,0,0,0,0,0,0.78947,0.21053,0,0,0,0,0,1,0,0,0,0,0.78947,0.21053,0,0
0,0,0,0,0,100,0,0,0,0,0,0,0,0,0,0,100,0,0,0,0,0,0,0,0,0,0,100,0,0,0,0,0,0,0,0,0.3125,0.6875,0,0,1,0,0,0,0,1,0,0,0
0,0,0,0,0,100,0,0,0,0,0,0,0,0,0,0,100,0,0,0,0,0,0,0,0,0,0,100,0,0,0,0,0,0,0,0,0.19231,0.80769,0,0,1,0,0,0,0,1,0,0,0
0,0,0,0,0,100,0,0,0,0,0,0,0,0,0,0,100,0,0,0,0,0,0,0,0,0,0,100,0,0,0,0,0,0,0,0.021739,0.19565,0.78261,0,0,1,0,0,0,0,1,0,0,0
0,0,0,0,0,100,0,0,0,0,0,0,0,0,0,0,100,0,0,0,0,0,0,0,0,0,0,100,0,0,0,0,0,0,0,0.14815,0.33333,0.51852,0,0,1,0,0,0,0,1,0,0,0
0,0,0,0,0,100,0,0,0,0,0,0,0,0,0,0,100,0,0,0,0,0,0,0,0,0,0,100,0,0,0,0,0,0,0,0,0,1,0,0,1,0,0,0,0,1,0,0,0
0,0,0,8.344,37.096,31.452,0,0,0,0,23.108,0,0,0,0,0,44.356,18.548,0,0,28.752,8.344,0,0,8.344,0,0,31.452,18.548,10.204,31.452,0,0,0.14815,0.85185,0,0,0,0,0,1,0,0,0,0,0.22222,0.77778,0,0
0,0,0,0,12.098,75.804,0,0,0,0,12.098,0,0,0,0,0,75.804,12.098,0,0,12.098,0,0,0,0,0,0,75.804,12.098,0,12.098,0,0,0,1,0,0,0,0,0,1,0,0,0,0,0,1,0,0
0,0,0,0,0,100,0,0,0,0,0,0,0,0,0,0,100,0,0,0,0,0,0,0,0,0,0,100,0,0,0,0,0,0,1,0,0,0,0,0,1,0,0,0,0,0,1,0,0
0,0,0,0,0,100,0,0,0,0,0,0,0,0,0,0,100,0,0,0,0,0,0,0,0,0,0,100,0,0,0,0,0,0,1,0,0,0,0,0,1,0,0,0,0,0,1,0,0
0,0,0,0,0,100,0,0,0,0,0,0,0,0,0,0,100,0,0,0,0,0,0,0,0,0,0,100,0,0,0,0,0,0,1,0,0,0,0,0,1,0,0,0,0,0.05,0.95,0,0
0,0,0,0,0,100,0,0,0,0,0,0,0,0,0,0,100,0,0,0,0,0,0,0,0,0,0,100,0,0,0,0,0,0,1,0,0,0,0,0,1,0,0,0,0,0.12766,0.87234,0,0
0,0,0,0,0,100,0,0,0,0,0,0,0,0,0,0,100,0,0,0,0,0,0,0,0,0,0,100,0,0,0,0,0,0,1,0,0,0,0,0,1,0,0,0,0,0.29412,0.70588,0,0
0,0,0,0,0,100,0,0,0,0,0,0,0,0,0,0,100,0,0,0,0,0,0,0,0,0,0,100,0,0,0,0,0,0,1,0,0,0,0,0,1,0,0,0,0,0.18421,0.81579,0,0
0,4.9717,0,0,10.017,66.442,16.486,2.0837,0,0,0,2.0837,14.185,10.017,4.9717,5.461,31.663,7.1291,0,7.0554,17.434,0,10.161,7.0554,19.374,0,12.245,33.603,5.461,0,12.101,0,0,0.093023,0.88372,0.023256,0,0,0,0,0.95349,0.046512,0,0,0,0.093023,0.90698,0,0
0,15.618,6.2449,0,0,71.892,0,0,6.2449,0,0,0,6.2449,0,2.8312,0,71.892,7.8088,6.2449,0,4.9776,0,0,9.0762,7.8088,4.9776,0,66.915,0,0,4.9776,6.2449,0,0,0.95918,0.040816,0,0,0,0,1,0,0,0,0,0,1,0,0
0,0,0,0,0,65.064,0,0,34.936,0,0,0,16.903,9.0163,0,0,65.064,0,0,0,0,9.0163,0,0,0,0,0,65.064,0,0,9.0163,0,25.92,1,0,0,0,0,0,0,1,0,0,0,0,1,0,0,0
0,0,0,0,0,69.972,0,0,30.028,0,0,0,8.6526,6.3614,0,0,69.972,0,0,0,0,15.014,0,0,0,0,0,69.972,0,0,6.3614,17.305,6.3614,1,0,0,0,0,0,0,1,0,0,0,0,1,0,0,0
0,0,0,0,0,100,0,0,0,0,0,0,0,0,0,0,100,0,0,0,0,0,0,0,0,0,0,100,0,0,0,0,0,0,0,0.02381,0.28571,0.69048,0,0,1,0,0,0,0,1,0,0,0
0,0,0,0,0,100,0,0,0,0,0,0,0,0,0,0,100,0,0,0,0,0,0,0,0,0,0,100,0,0,0,0,0,0,0,0.23529,0.41176,0.35294,0,0,1,0,0,0,0,1,0,0,0
0,0,0,0,0,100,0,0,0,0,0,0,0,0,0,0,100,0,0,0,0,0,0,0,0,0,0,100,0,0,0,0,0,0,0,0.019231,0.21154,0.76923,0,0,1,0,0,0,0,1,0,0,0
0,0,0,0,0,100,0,0,0,0,0,0,0,0,0,0,100,0,0,0,0,0,0,0,0,0,0,100,0,0,0,0,0,0,0,0.13793,0.2069,0.65517,0,0,1,0,0,0,0,1,0,0,0
0,0,0,0,0,76.957,0,0,23.043,0,0,0,0,11.521,0,0,76.957,0,0,0,11.521,0,0,0,0,0,0,76.957,0,0,0,11.521,11.521,0.93023,0.069767,0,0,0,0,0,1,0,0,0,0,1,0,0,0
0,0,0,0,0,79.39,0,0,20.61,0,0,0,0,14.521,0,0,79.39,0,0,0,6.0891,0,0,0,0,0,0,79.39,0,0,0,6.0891,14.521,0,0,0.10714,0.46429,0.42857,0,0,1,0,0,0,0,1,0,0,0
0,0,0,0,0,100,0,0,0,0,0,0,0,0,0,0,100,0,0,0,0,0,0,0,0,0,0,100,0,0,0,0,0,0,0,0.23077,0.26923,0.5,0,0,1,0,0,0,0,1,0,0,0
0,0,0,0,0,100,0,0,0,0,0,0,0,0,0,0,100,0,0,0,0,0,0,0,0,0,0,100,0,0,0,0,0,0,0,0.12,0.16,0.72,0,0,1,0,0,0,0,1,0,0,0
0,0,0,0,0,100,0,0,0,0,0,0,0,0,0,0,100,0,0,0,0,0,0,0,0,0,0,100,0,0,0,0,0,0,0,0.027027,0.59459,0.37838,0,0,1,0,0,0,0,1,0,0,0
0,0,0,0,0,100,0,0,0,0,0,0,0,0,0,0,100,0,0,0,0,0,0,0,0,0,0,100,0,0,0,0,0,0,0,0,0.30189,0.69811,0,0,1,0,0,0,0,1,0,0,0
0,0,0,0,0,100,0,0,0,0,0,0,0,0,0,0,100,0,0,0,0,0,0,0,0,0,0,100,0,0,0,0,0,0,0,0,0.2069,0.7931,0,0,1,0,0,0,0,1,0,0,0
0,0,0,0,46.065,9.2867,44.648,0,0,0,0,0,47.483,0,0,1.4175,46.818,3.5584,0,0,0.72333,0,0,0,0,0,46.789,3.5875,1.4175,0,0,0.72333,47.483,1,0,0,0,0,0,0,1,0,0,0,0,1,0,0,0
0,0,0,0,1.9195,67.946,30.134,0,0,0,0,0,33.973,0,0,1.9195,30.134,3.839,0,0,30.134,0,0,0,0,0,32.054,1.9195,1.9195,0,0,30.134,33.973,0.27778,0.72222,0,0,0,0,0,1,0,0,0,0,0.33333,0.66667,0,0
0,0,0,0,0,100,0,0,0,0,0,0,0,0,0,12.863,87.137,0,0,0,0,0,0,0,0,0,0,87.137,12.863,0,0,0,0,0,0,0.02,0.32,0.66,0,0,1,0,0,0,0,1,0,0,0
0,0,0,0,0,100,0,0,0,0,0,0,0,0,0,0,100,0,0,0,0,0,0,0,0,0,0,100,0,0,0,0,0,0,0,0.019231,0.19231,0.78846,0,0,1,0,0,0,0,1,0,0,0
0,0,0,0,0,100,0,0,0,0,0,0,0,0,0,0,100,0,0,0,0,0,0,0,0,0,0,100,0,0,0,0,0,0,0,0.026316,0.23684,0.73684,0,0,1,0,0,0,0,1,0,0,0
0,0,0,0,0,100,0,0,0,0,0,0,0,0,0,0,100,0,0,0,0,0,0,0,0,0,0,100,0,0,0,0,0,0,1,0,0,0,0,0,1,0,0,0,0,0,1,0,0
0,50,0,0,0,50,0,0,0,0,0,0,0,25,0,12.111,37.889,0,0,0,0,25,0,25,12.889,12.111,0,50,0,0,0,0,0,0.84615,0.15385,0,0,0,0,0,1,0,0,0,0,0.88462,0.11538,0,0
0,0,10.472,0,0,79.056,0,0,10.472,0,0,0,10.472,0,0,0,79.056,0,10.472,0,0,0,0,10.472,0,0,0,79.056,0,0,0,10.472,0,0,1,0,0,0,0,0,1,0,0,0,0,0,1,0,0
0,0,0,0,0,100,0,0,0,0,0,0,0,0,0,0,100,0,0,0,0,0,0,0,0,0,0,100,0,0,0,0,0,0,0,0.066667,0.4,0.53333,0,0,1,0,0,0,0,1,0,0,0
