h1,h2,h3,h4,h5,h6,h7,h8,h9,h10,h11,h12,h13,h14,h15,h16,h17,h18,h19,h20,h21,h22,h23,h24,h25,h26,h27,h28,h29,h30,h31,h32,h33,h34,h35,h36,h37,h38,h39,h40,h41,h42,h43,h44,h45,h46,h47,h48,label
0,0,0,0,0,100,0,0,0,0,0,0,0,0,0,0,100,0,0,0,0,0,0,0,0,0,0,100,0,0,0,0,0,0,0,0,0,1,0,0,1,0,0,0,0,1,0,0,0
0,0,0,0,0,100,0,0,0,0,0,0,0,0,0,0,100,0,0,0,0,0,0,0,0,0,0,100,0,0,0,0,0,0,0,0,0,1,0,0,1,0,0,0,0,1,0,0,0
0,0,0,0,0,100,0,0,0,0,0,0,0,0,0,0,100,0,0,0,0,0,0,0,0,0,0,100,0,0,0,0,0,0,0,0,0,1,0,0,1,0,0,0,0,1,0,0,0
0,0,0,0,0,100,0,0,0,0,0,0,0,0,0,0,100,0,0,0,0,0,0,0,0,0,0,100,0,0,0,0,0,0,0,0,0,1,0,0,1,0,0,0,0,1,0,0,0
0,0,0,0,0,100,0,0,0,0,0,0,0,0,0,0,100,0,0,0,0,0,0,0,0,0,0,100,0,0,0,0,0,0,0,0,0,1,0,0,1,0,0,0,0,1,0,0,0
0,0,0,0,0,100,0,0,0,0,0,0,0,0,0,0,100,0,0,0,0,0,0,0,0,0,0,100,0,0,0,0,0,0,0,0,0,1,0,0,1,0,0,0,0,1,0,0,0
0,0,0,0,0,0,0,0,0,0,0,0,0,0,0,0,0,0,0,0,0,0,0,0,0,0,0,0,0,0,0,0,0,0,0,0,0,1,0,0,1,0,0,0,0,1,0,0,0
0,0,0,0,0,100,0,0,0,0,0,0,0,0,0,0,100,0,0,0,0,0,0,0,0,0,0,100,0,0,0,0,0,0,0,0,0,1,0,0,1,0,0,0,0,1,0,0,0
0,0,0,0,0,100,0,0,0,0,0,0,0,0,0,0,100,0,0,0,0,0,0,0,0,0,0,100,0,0,0,0,0,0,0,0.030769,0.18462,0.78462,0,0,1,0,0,0,0,1,0,0,0
0,0,0,0,0,100,0,0,0,0,0,0,0,0,0,0,100,0,0,0,0,0,0,0,0,0,0,100,0,0,0,0,0,0,0,0,0,1,0,0,1,0,0,0,0,1,0,0,0
0,0,0,0,0,100,0,0,0,0,0,0,0,0,0,0,100,0,0,0,0,0,0,0,0,0,0,100,0,0,0,0,0,0,0,0,0,1,0,0,1,0,0,0,0,1,0,0,0
0,0,0,0,0,100,0,0,0,0,0,0,0,0,0,0,100,0,0,0,0,0,0,0,0,0,0,100,0,0,0,0,0,0,0,0,0,1,0,0,1,0,0,0,0,1,0,0,0
0,0,0,0,0,100,0,0,0,0,0,0,0,0,0,0,100,0,0,0,0,0,0,0,0,0,0,100,0,0,0,0,0,0,0,0,0,1,0,0,1,0,0,0,0,1,0,0,0
0,0,0,0,0,100,0,0,0,0,0,0,0,0,0,14.999,80.222,4.779,0,0,0,0,0,0,0,0,0,80.222,19.778,0,0,0,0,0,0,0,0,1,0,0,1,0,0,0,0,1,0,0,0
0,0,0,0,0,100,0,0,0,0,0,0,0,0,0,29.303,41.395,29.303,0,0,0,0,0,0,0,0,0,41.395,58.605,0,0,0,0,0,0,0,0,1,0,0,1,0,0,0,0,1,0,0,0
0,0,0,0,0,100,0,0,0,0,0,0,0,0,0,0,100,0,0,0,0,0,0,0,0,0,0,100,0,0,0,0,0,0,0,0,0,1,0,0,1,0,0,0,0,1,0,0,0
0,0,0,0,0,100,0,0,0,0,0,0,0,0,0,0,100,0,0,0,0,0,0,0,0,0,0,100,0,0,0,0,0,0,0,0,0,1,0,0,1,0,0,0,0,1,0,0,0
0,0,0,0,0,100,0,0,0,0,0,0,0,0,0,0,100,0,0,0,0,0,0,0,0,0,0,100,0,0,0,0,0,0,0,0,0,1,0,0,1,0,0,0,0,1,0,0,0
0,0,0,0,0,100,0,0,0,0,0,0,0,0,0,0,100,0,0,0,0,0,0,0,0,0,0,100,0,0,0,0,0,0,0,0,0,1,0,0,1,0,0,0,0,1,0,0,0
0,0,0,0,0,100,0,0,0,0,0,0,0,0,0,0,100,0,0,0,0,0,0,0,0,0,0,100,0,0,0,0,0,0,0,0,0,1,0,0,1,0,0,0,0,1,0,0,0
0,0,0,0,0,100,0,0,0,0,0,0,0,0,0,0,100,0,0,0,0,0,0,0,0,0,0,100,0,0,0,0,0,0,0,0,0,1,0,0,1,0,0,0,0,1,0,0,0
0,0,0,0,0,100,0,0,0,0,0,0,0,0,0,0,100,0,0,0,0,0,0,0,0,0,0,100,0,0,0,0,0,0,0,0,0,1,0,0,1,0,0,0,0,1,0,0,0
0,0,0,0,0,100,0,0,0,0,0,0,0,0,0,0,100,0,0,0,0,0,0,0,0,0,0,100,0,0,0,0,0,0,0,0,0,1,0,0,1,0,0,0,0,1,0,0,0
0,0,0,0,0,100,0,0,0,0,0,0,0,0,0,0,100,0,0,0,0,0,0,0,0,0,0,100,0,0,0,0,0,0,0,0,0,1,0,0,1,0,0,0,0,1,0,0,0
0,0,0,0,0,100,0,0,0,0,0,0,0,0,0,0,100,0,0,0,0,0,0,0,0,0,0,100,0,0,0,0,0,0,0,0,0,1,0,0,1,0,0,0,0,1,0,0,0
0,0,0,0,0,100,0,0,0,0,0,0,0,0,0,0,100,0,0,0,0,0,0,0,0,0,0,100,0,0,0,0,0,0,0,0,0,1,0,0,1,0,0,0,0,1,0,0,0
0,0,0,0,0,100,0,0,0,0,0,0,0,0,0,0,100,0,0,0,0,0,0,0,0,0,0,100,0,0,0,0,0,0,0,0,0,1,0,0,1,0,0,0,0,1,0,0,0
0,0,0,0,0,100,0,0,0,0,0,0,0,0,0,0,100,0,0,0,0,0,0,0,0,0,0,100,0,0,0,0,0,0,0,0,0,1,0,0,1,0,0,0,0,1,0,0,0
0,0,0,0,0,100,0,0,0,0,0,0,0,0,0,0,100,0,0,0,0,0,0,0,0,0,0,100,0,0,0,0,0,0,0,0,0,1,0,0,1,0,0,0,0,1,0,0,0
0,0,0,0,0,100,0,0,0,0,0,0,0,0,0,0,100,0,0,0,0,0,0,0,0,0,0,100,0,0,0,0,0,0,0,0,0,1,0,0,1,0,0,0,0,1,0,0,0
0,0,0,0,0,100,0,0,0,0,0,0,0,0,0,0,100,0,0,0,0,0,0,0,0,0,0,100,0,0,0,0,0,0,0,0,0,1,0,0,1,0,0,0,0,1,0,0,0
0,0,0,0,0,100,0,0,0,0,0,0,0,0,0,0,100,0,0,0,0,0,0,0,0,0,0,100,0,0,0,0,0,0,0,0,0,1,0,0,1,0,0,0,0,1,0,0,0
0,0,0,0,10.04,89.96,0,0,0,0,0,0,0,0,0,24.631,59.276,16.093,0,0,0,0,0,0,0,0,0,54.042,45.958,0,0,0,0,0,0,0,0,1,0,0,1,0,0,0,0,1,0,0,0
0,0,0,0,0,100,0,0,0,0,0,0,0,0,0,0,100,0,0,0,0,0,0,0,0,0,0,100,0,0,0,0,0,0,0,0,0,1,0,0,1,0,0,0,0,1,0,0,0
0,0,0,0,8.3525,91.647,0,0,0,0,0,0,0,0,0,13.748,66.473,19.779,0,0,0,0,0,0,0,0,0,72.504,27.496,0,0,0,0,0,0,0,0,1,0,0,1,0,0,0,0,1,0,0,0
0,0,0,0,0,100,0,0,0,0,0,0,0,0,0,28.629,64.315,7.0563,0,0,0,0,0,0,0,0,0,64.315,35.685,0,0,0,0,0,0,0,0,1,0,0,1,0,0,0,0,1,0,0,0
0,0,0,0,8.2917,91.708,0,0,0,0,0,0,0,0,0,4.9185,79.603,15.479,0,0,0,0,0,0,0,0,0,81.871,18.129,0,0,0,0,0,0,0,0,1,0,0,1,0,0,0,0,1,0,0,0
0,0,0,0,0,100,0,0,0,0,0,0,0,0,0,0,100,0,0,0,0,0,0,0,0,0,0,100,0,0,0,0,0,0,0,0,0,1,0,0,1,0,0,0,0,1,0,0,0
0,0,0,0,6.0054,93.995,0,0,0,0,0,0,0,0,0,0,93.486,6.5144,0,0,0,0,0,0,0,0,0,93.995,6.0054,0,0,0,0,0,0,0,0,1,0,0,1,0,0,0,0,1,0,0,0
0,0,0,0,0,100,0,0,0,0,0,0,0,0,0,0,100,0,0,0,0,0,0,0,0,0,0,100,0,0,0,0,0,0,0,0,0,1,0,0,1,0,0,0,0,1,0,0,0
0,0,0,0,0,100,0,0,0,0,0,0,0,0,0,0,100,0,0,0,0,0,0,0,0,0,0,100,0,0,0,0,0,0,0,0,0,1,0,0,1,0,0,0,0,1,0,0,0
0,0,0,0,15.173,84.827,0,0,0,0,0,0,0,0,0,9.6834,80.633,9.6834,0,0,0,0,0,0,0,0,0,75.144,24.856,0,0,0,0,0,0,0,0,1,0,0,1,0,0,0,0,1,0,0,0
0,0,0,0,0,100,0,0,0,0,0,0,0,0,0,0,92.53,7.4705,0,0,0,0,0,0,0,0,0,100,0,0,0,0,0,0,0,0,0,1,0,0,1,0,0,0,0,1,0,0,0
0,0,0,0,0,100,0,0,0,0,0,0,0,0,0,0,78.205,21.795,0,0,0,0,0,0,0,0,15.204,84.796,0,0,0,0,0,0,0,0,0,1,0,0,1,0,0,0,0,1,0,0,0
0,0,0,0,0,100,0,0,0,0,0,0,0,0,0,0,80.85,19.15,0,0,0,0,0,0,0,0,0,89.462,10.538,0,0,0,0,0,0,0,0,1,0,0,1,0,0,0,0,1,0,0,0
0,0,0,0,0,100,0,0,0,0,0,0,0,0,0,0,100,0,0,0,0,0,0,0,0,0,0,100,0,0,0,0,0,0,0,0,0,1,0,0,1,0,0,0,0,1,0,0,0
0,0,0,0,0,88.315,0,0,11.685,0,0,0,0,0,0,0,83.103,16.897,0,0,0,0,0,0,0,0,11.685,66.205,10.426,0,0,0,11.685,0,0,0,0,1,0,0,1,0,0,0,0,1,0,0,0
0,0,0,0,0,100,0,0,0,0,0,0,0,0,0,10.577,58.77,30.653,0,0,0,0,0,0,0,0,0,62.768,37.232,0,0,0,0,0,0,0,0,1,0,0,1,0,0,0,0,1,0,0,0
0,0,0,0,0,100,0,0,0,0,0,0,0,0,0,0,100,0,0,0,0,0,0,0,0,0,0,100,0,0,0,0,0,0,0,0,0,1,0,0,1,0,0,0,0,1,0,0,0
0,0,0,0,0,100,0,0,0,0,0,0,0,0,0,15.167,79.73,5.1033,0,0,0,0,0,0,0,0,0,63.264,36.736,0,0,0,0,0,0,0,0,1,0,0,1,0,0,0,0,1,0,0,0
0,0,0,0,0,100,0,0,0,0,0,0,0,0,0,0,100,0,0,0,0,0,0,0,0,0,7.5595,71.706,20.734,0,0,0,0,0,0,0,0,1,0,0,1,0,0,0,0,1,0,0,0
0,0,0,0,0,92.05,0,0,7.9501,0,0,0,0,0,0,5.8342,80.382,5.8342,7.9501,0,0,0,0,0,0,0,7.0254,63.483,21.542,0,0,7.9501,0,0,0,0,0,1,0,0,1,0,0,0,0,1,0,0,0
0,0,0,0,0,92.216,0,0,7.7844,0,0,0,0,0,0,13.936,64.343,13.936,7.7844,0,0,0,0,0,0,0,0,64.343,27.873,0,0,7.7844,0,0,0,0,0,1,0,0,1,0,0,0,0,1,0,0,0
0,0,5.9116,0,0,86.675,0,0,7.4132,0,0,0,0,0,0,11.125,75.55,0,13.325,0,0,0,5.9116,0,0,0,0,75.55,11.125,0,0,7.4132,0,0,0,0,0,1,0,0,1,0,0,0,0,1,0,0,0
0,2.2784,8.1493,0,0,65.771,0,0,23.802,0,0,13.063,0,0,2.2784,2.9354,62.835,10.784,5.8257,0,2.2784,0,2.9354,0,2.2784,5.2139,0,65.771,0,7.8488,0,13.674,2.2784,0,0,0,0,1,0,0,1,0,0,0,0,1,0,0,0
0,7.7314,7.8225,0,0,54.127,0,0,30.319,0,0,6.5536,16.114,0,3.8041,6.5096,36.082,18.089,5.1169,0,7.7314,0,5.1169,0,7.7314,2.7056,11.535,42.591,0,3.8481,16.114,6.5536,3.8041,0.10294,0,0,0.014706,0.88235,0,0,1,0,0,0,0,1,0,0,0
0,0,0,0,0,80.153,0,0,19.847,0,0,0,0,0,0,0,80.153,15.008,4.8383,0,0,0,0,0,0,0,26.882,53.271,0,0,0,4.8383,15.008,0.12698,0,0,0.031746,0.84127,0,0,1,0,0,0,0,1,0,0,0
0,0,0,0,0,74.454,0,0,25.546,0,0,0,0,0,0,0,74.454,18.386,7.1595,0,0,0,0,0,0,0,30.068,44.387,0,0,0,7.1595,18.386,0.84158,0,0,0,0.15842,0,0,1,0,0,0,0,1,0,0,0
0,0,0,0,0,77.24,0,0,22.76,0,0,0,0,0,0,0,70.329,12.489,17.182,0,0,0,0,0,0,0,5.5782,57.84,13.822,0,0,17.182,5.5782,0.12698,0,0,0.047619,0.8254,0,0,1,0,0,0,0,1,0,0,0
0,0,0,0,0,71.34,0,0,28.66,0,0,0,0,0,0,0,71.34,7.207,21.453,0,0,0,0,0,0,0,7.207,64.132,0,0,0,21.453,7.207,0.93,0,0.02,0.04,0.01,0,0,1,0,0,0,0,1,0,0,0
0,0,0,0,0,79.953,0,0,20.047,0,0,0,0,0,0,9.4628,70.49,0,20.047,0,0,0,0,0,0,0,0,70.49,9.4628,0,0,20.047,0,0.12,0,0,0.013333,0.86667,0,0,1,0,0,0,0,1,0,0,0
0,0,0,0,0,69.226,0,0,30.774,0,0,4.9607,0,0,0,0,69.226,0,25.813,0,0,0,0,0,0,0,4.9607,64.265,0,4.9607,0,25.813,0,0.92793,0,0,0.018018,0.054054,0,0,1,0,0,0,0,1,0,0,0
0,0,2.623,0,0,72.725,0,0,24.652,0,0,10.719,0,0,0,0,72.725,2.6178,13.938,0,0,0,2.623,0,0,0,8.1017,64.624,0,10.719,0,13.932,0,0.11765,0,0.014706,0.014706,0.85294,0,0,1,0,0,0,0,1,0,0,0
0,0,6.5118,0,0,71.885,0,0,21.603,0,0,5.9222,0,0,0,3.2559,68.63,5.9222,16.27,0,0,0,3.2559,0,0,3.2559,4.8263,67.059,0,2.6663,0,18.936,0,0.89535,0,0,0.081395,0.023256,0,0,1,0,0,0,0,1,0,0,0
0,2.4128,23.839,0,0,57.566,0,0,16.182,0,0,12.395,0,0,2.4128,8.1089,49.457,8.1089,17.105,0,2.4128,0,13.317,0,2.4128,10.522,1.8729,55.693,0,1.8729,0,11.896,2.4128,0.19565,0,0,0,0.80435,0,0,1,0,0,0,0,1,0,0,0
0,1.9072,4.0972,0,0,63.921,0,0,30.075,0,0,13.595,0,0,6.6993,4.7921,54.337,13.909,4.7613,0,1.9072,0,2.19,0,1.9072,1.9072,7.3634,56.558,0,11.688,0,11.688,6.6993,1,0,0,0,0,0,0,1,0,0,0,0,1,0,0,0
0,29.225,4.1078,0,0,37.441,0,0,29.225,0,0,4.1078,25.118,0,4.1078,0,12.324,25.118,0,0,29.225,0,0,0,29.225,4.1078,25.118,12.324,0,0,25.118,0,4.1078,0.17143,0,0,0.028571,0.8,0,0,1,0,0,0,0,1,0,0,0
0,4.2157,4.2157,0,0,54.703,0,0,36.866,0,0,4.2157,27.948,0,8.9183,4.7025,45.297,4.7025,0,0,4.2157,0,0,0,4.2157,4.2157,4.7025,50,0,0,27.948,0,8.9183,0.58333,0.016667,0.21667,0.1,0.083333,0,0,1,0,0,0,0,1,0,0,0
0,13.579,0,0,20.932,38.331,0,0,13.579,7.441,6.1379,7.441,0,14.794,0,0,28.373,0,19.717,14.794,7.441,7.441,0,0,6.1379,7.441,0,14.794,16.097,21.02,20.932,0,13.579,0.027778,0,0,0.055556,0.91667,0,0,1,0,0,0,0,1,0,0,0
0,17.121,5.0773,6.6689,10.967,19.752,8.7038,2.5106,18.959,4.438,5.8035,10.169,12.547,9.7275,11.443,5.9467,14.714,5.7124,9.742,11.288,6.0792,2.6309,4.3861,7.5879,9.4809,16.097,7.9951,3.2929,2.6309,15.859,2.9716,18.913,10.786,0,0,0,0.22857,0.77143,0,0,1,0,0,0,0,1,0,0,0
0,14.791,0,0,20.295,53.906,0,0,5.5037,0,5.5037,0,0,5.5037,0,0,46.372,0,20.295,18.542,0,9.2877,0,0,5.5037,0,13.038,14.791,26.076,14.791,20.295,0,5.5037,0,0,0,0,1,0,0,1,0,0,0,0,1,0,0,0
0,15.232,1.8809,2.0941,19.306,39.94,2.0941,0,8.6044,4.3414,6.5067,4.3414,1.8809,8.1266,6.2187,6.1439,23.711,4.0498,17.615,7.8385,6.5103,13.565,0,3.975,6.069,8.1032,1.8809,17.275,14.562,22.319,13.087,6.2187,6.5103,0,0,0,0,1,0,0,1,0,0,0,0,1,0,0,0
0,0,0,4.4737,13.233,56.617,4.4737,11.153,10.05,0,0,0,0,13.233,5.5763,10.05,37.807,0,4.4737,13.233,0,15.626,0,4.4737,20.1,5.5763,5.5763,27.757,23.283,0,13.233,0,0,0,0,0,0,1,0,0,1,0,0,0,0,1,0,0,0
0,1.9203,3.115,7.541,5.3159,27.804,34.755,10.417,7.2112,0,1.9203,0,1.4753,21.593,2.1758,6.7662,23.173,4.5904,11.382,7.771,12.131,8.942,1.4753,4.5904,30.535,12.832,6.5512,7.2112,14.042,1.9203,5.3159,9.0164,6.5107,0,0,0,0,1,0,0,1,0,0,0,0,1,0,0,0
0,8.3615,21.478,3.6066,0,27.293,4.7549,19.834,14.672,0,0,0,4.7549,0,14.672,13.524,12.621,11.968,13.116,0,3.6066,25.737,8.3615,13.116,20.982,19.427,11.065,9.9171,6.3105,3.6066,3.6066,3.6066,0,0,0,0,0,1,0,0,1,0,0,0,0,1,0,0,0
0,11.231,15.139,7.9226,0,35.648,5.0411,15.498,9.5207,0,0,0,1.5981,1.3852,6.0778,12.402,24.412,11.943,9.7336,5.1577,11.018,16.272,6.0778,11.119,12.964,19.368,6.7558,9.9804,18.912,4.4797,4.4797,4.4797,1.3852,0,0,0,0,1,0,0,1,0,0,0,0,1,0,0,0
0,0,0,0,0,83.348,0,0,16.652,0,0,0,0,0,0,0,83.348,16.652,0,0,0,0,0,0,0,0,16.652,66.695,0,0,0,0,16.652,0.68675,0,0,0.012048,0.3012,0,0,1,0,0,0,0,1,0,0,0
0,0,0,0,0,100,0,0,0,0,0,0,0,0,0,0,100,0,0,0,0,0,0,0,0,0,0,100,0,0,0,0,0,0.81609,0,0,0,0.18391,0,0,1,0,0,0,0,1,0,0,0
0,0,0,0,0,100,0,0,0,0,0,0,0,0,0,0,100,0,0,0,0,0,0,0,0,0,0,100,0,0,0,0,0,0.8427,0,0,0,0.1573,0,0,1,0,0,0,0,1,0,0,0
27.732,0,0,0,0,72.268,0,0,0,0,0,27.732,0,0,0,0,72.268,0,0,0,0,0,27.732,0,0,0,0,72.268,0,0,0,0,0,0.93651,0,0,0,0.063492,0,0,1,0,0,0,0,1,0,0,0
0,0,0,0,0,100,0,0,0,0,0,0,0,0,0,0,100,0,0,0,0,0,0,0,0,0,25.578,74.422,0,0,0,0,0,1,0,0,0,0,0,0,1,0,0,0,0,1,0,0,0
0,0,0,0,0,100,0,0,0,0,0,0,0,0,0,0,100,0,0,0,0,0,0,0,0,0,0,100,0,0,0,0,0,0.89535,0,0.011628,0.05814,0.034884,0,0,1,0,0,0,0,1,0,0,0
0,0,0,0,0,100,0,0,0,0,0,0,0,0,0,0,100,0,0,0,0,0,0,0,0,0,16.742,83.258,0,0,0,0,0,0.87912,0,0,0,0.12088,0,0,1,0,0,0,0,1,0,0,0
0,0,0,0,0,100,0,0,0,0,0,0,0,0,0,0,100,0,0,0,0,0,0,0,0,0,0,100,0,0,0,0,0,0.92308,0,0.010989,0.021978,0.043956,0,0,1,0,0,0,0,1,0,0,0
0,0,0,0,0,100,0,0,0,0,0,0,0,0,0,0,100,0,0,0,0,0,0,0,0,0,0,100,0,0,0,0,0,0.98649,0,0,0.013514,0,0,0,1,0,0,0,0,1,0,0,0
37.109,0,0,0,0,62.891,0,0,0,0,0,37.109,0,0,0,0,62.891,0,0,0,0,0,0,0,0,0,0,62.891,37.109,0,0,0,0,0.92982,0,0.035088,0.035088,0,0,0,1,0,0,0,0,1,0,0,0
0,0,0,0,0,100,0,0,0,0,0,0,0,0,0,0,100,0,0,0,0,0,0,0,0,0,0,100,0,0,0,0,0,0.52055,0,0.054795,0.26027,0.16438,0,0,1,0,0,0,0,1,0,0,0
5.7175,0,15.479,30.057,3.2103,45.536,0,0,0,0,0,1.6052,0,17.085,0,8.9279,35.003,17.085,1.6052,0,17.085,1.6052,0,0,0,1.6052,0,42.326,8.9279,1.6052,30.057,5.7175,9.7618,0,0,0,0,1,0,0,1,0,0,0,0,1,0,0,1
0,0,0,0,0,87.923,0,0,12.077,0,0,6.0385,0,0,0,0,87.923,0,6.0385,0,0,0,0,0,0,0,6.0385,81.884,0,6.0385,0,6.0385,0,1,0,0,0,0,0,0,1,0,0,0,0,1,0,0,0
0,0,0,0,0,100,0,0,0,0,0,0,0,0,0,0,100,0,0,0,0,0,0,0,0,0,0,100,0,0,0,0,0,0.76471,0,0,0.094118,0.14118,0,0,1,0,0,0,0,1,0,0,0
0,0,0,0,0,100,0,0,0,0,0,0,0,0,0,0,100,0,0,0,0,0,0,0,0,0,10.895,89.105,0,0,0,0,0,0.76829,0.012195,0.04878,0.10976,0.060976,0,0,1,0,0,0,0,1,0,0,0
0,10.87,15.218,0,0,57.097,0,0,16.815,0,0,9.2727,7.5427,0,3.327,5.9456,43.608,13.488,5.9456,0,10.87,0,5.9456,0,10.87,9.2727,7.5427,49.554,0,0,7.5427,5.9456,3.327,0.9,0,0.042857,0.057143,0,0,0,1,0,0,0,0,1,0,0,0
0,10.994,5.7336,3.1963,10.846,18.507,12.376,2.4696,12.463,4.2406,19.173,5.8388,14.296,8.2221,14.914,12.53,11.748,9.1612,8.2898,6.7778,8.2221,0,5.6659,8.2031,4.2165,17.623,2.5372,9.2785,4.1544,19.173,0,21.797,7.3507,0.73333,0.044444,0.066667,0.13333,0.022222,0,0,1,0,0,0,0,1,0,0,0
0,3.5293,6.0133,18.577,12.76,6.6389,23.954,6.023,13.175,0,9.329,6.5359,9.5475,20.122,12.755,9.1278,3.5293,6.1212,9.8487,6.5408,12.86,3.0115,9.0249,9.0249,17.017,6.739,3.5293,0,3.1097,12.858,3.0115,20.022,15.664,0,0.012195,0.012195,0.073171,0.90244,0,0,1,0,0,0,0,1,0,0,0
0,0,0,0,0,100,0,0,0,0,0,0,0,0,0,0,100,0,0,0,0,0,0,0,0,0,0,100,0,0,0,0,0,0,0,0,0,1,0,0,1,0,0,0,0,1,0,0,1
0,0,5.9462,19.324,3.0316,24.742,17.843,14.3,12.521,0,2.2911,0,3.0316,11.269,2.2911,13.261,27.033,11.269,4.2833,3.0316,11.269,13.261,5.3227,15.552,26.522,8.2374,0,14.513,10.23,2.2911,3.0316,5.3227,8.9778,0,0,0,0,1,0,0,1,0,0,0,0,1,0,0,0
0,0,27.486,0,0,64.812,0,3.8511,3.8511,0,0,10.982,0,3.8511,0,3.8511,53.83,0,3.8511,19.784,0,3.8511,10.982,27.486,3.8511,0,0,53.83,0,0,0,3.8511,0,0,0,0,0,1,0,0,1,0,0,0,0,1,0,0,0
0,0,0,0,0,69.149,4.8714,6.4937,14.614,4.8714,0,4.8714,6.4937,0,6.4937,11.365,56.162,14.614,0,0,0,0,0,0,17.859,4.8714,4.8714,57.784,0,0,0,14.614,0,0,0,0,0,1,0,0,1,0,0,0,0,1,0,0,0
0,0,34.088,0,0,52.737,0,6.5874,4.2686,2.3188,0,2.3188,0,4.2686,2.3188,4.2686,50.418,0,11.237,16.252,0,8.9183,2.3309,31.757,6.5874,2.3188,2.3188,50.418,0,0,0,4.2686,0,0,0,0,0,1,0,0,1,0,0,0,0,1,0,0,0
0,0,17.324,0,0,72.371,3.4348,3.4348,3.4348,0,0,3.4348,0,3.4348,0,0,72.371,0,0,3.4348,3.4348,13.889,3.4348,6.8697,13.889,3.4348,3.4348,65.501,0,0,0,0,3.4348,0,0,0,0,1,0,0,1,0,0,0,0,1,0,0,0
0,0,0,0,0,100,0,0,0,0,0,17.006,0,0,0,0,82.994,0,0,0,0,0,17.006,0,0,0,0,82.994,0,0,0,0,0,0,0,0,0,1,0,0,1,0,0,0,0,1,0,0,1
0,0,31.006,0,0,49.988,0,2.7009,8.763,7.5424,0,2.7009,0,4.8415,2.7009,8.763,47.287,8.763,5.4018,6.8864,0,12.656,8.763,17.13,7.8142,7.5424,2.7009,38.524,8.763,0,0,8.763,0,0,0,0.026455,0.047619,0.92593,0,0,1,0,0,0,0,1,0,0,1
0,0,0,0,0,100,0,0,0,0,0,0,0,0,0,0,100,0,0,0,0,0,0,0,0,0,0,100,0,0,0,0,0,0,0,0,0,1,0,0,1,0,0,0,0,1,0,0,1
0,22.008,5.458,0,23.733,24.815,1.6033,0,7.5827,1.6033,13.196,1.6033,8.6645,5.9795,11.071,9.868,14.265,8.2647,20.927,10.234,2.8067,6.3163,0,5.458,8.6308,14.123,5.458,11.092,2.8067,19.512,12.662,14.278,5.9795,0.88235,0,0.019608,0.098039,0,0,0,1,0,0,0,0,1,0,0,0
0,12.731,2.2456,4.9117,10.845,20.306,6.4784,0,19.436,8.892,14.154,12.681,12.254,7.8781,9.6205,8.2715,13.905,2.9158,11.045,8.0722,8.6979,4.6592,2.2456,2.2456,3.8394,14.248,2.666,5.4062,7.575,26.138,2.3468,19.629,13.66,0.46429,0.035714,0.28571,0.21429,0,0,0,1,0,0,0,0,1,0,0,0
0,2.4604,3.3752,12.673,5.1646,14.915,40.849,8.276,12.287,0,0,0,5.1646,18.668,2.0766,7.5235,20.591,6.9821,11.689,2.0614,12.825,12.419,2.9762,5.4469,30.455,10.38,1.1618,7.0179,6.7356,2.4604,9.1826,22.123,2.0614,0,0,0,0.010989,0.98901,0,0,1,0,0,0,0,1,0,0,1
0,7.2794,10.188,18.701,1.3096,17.68,5.7317,5.5277,33.583,0,0,0,1.3096,4.218,1.5137,5.7317,33.796,30.64,0,1.3096,9.9838,11.497,1.3096,7.2455,26.065,2.9084,0,2.9084,2.9084,5.7657,4.3371,42.334,4.218,0,0.034483,0,0.017241,0.94828,0,0,1,0,0,0,0,1,0,0,1
0,12.942,15.384,3.3268,0,22.685,11.826,10.941,21.216,1.6799,0,1.6799,2.9651,0.91838,9.1452,8.7783,21.037,22.472,7.8572,0,4.6328,20.515,4.892,15.519,19.595,19.187,8.4167,4.69,7.1698,1.2347,4.8168,13.561,0.91838,0,0,0,0.011364,0.98864,0,0,1,0,0,0,0,1,0,0,1
9.2391,0,0,0,0,80.637,0,0,0,0,10.124,0,0,0,0,9.2391,80.637,10.124,0,0,0,0,0,0,0,0,9.2391,80.637,10.124,0,0,0,0,0,0,0,0,1,0,0,1,0,0,0,0,1,0,0,0
0,8.0448,0,3.5574,3.5574,59.776,4.4874,0,11.602,4.4874,4.4874,8.0448,12.532,3.5574,3.5574,4.4874,59.776,0,0,8.0448,0,0,0,0,3.5574,8.9747,3.5574,56.219,0,8.0448,0,16.09,3.5574,0,0,0,0,1,0,0,1,0,0,0,0,1,0,0,0
0,5.5746,0,0,0,94.425,0,0,0,0,0,0,5.5746,0,0,0,94.425,0,0,0,0,0,0,0,5.5746,0,0,94.425,0,0,0,0,0,0,0,0,0,1,0,0,1,0,0,0,0,1,0,0,0
0,0,0,0,0,100,0,0,0,0,0,0,0,0,0,0,100,0,0,0,0,0,0,0,0,0,0,100,0,0,0,0,0,0,0,0,0,1,0,0,1,0,0,0,0,1,0,0,0
0,0,0,0,0,100,0,0,0,0,0,0,0,0,0,0,100,0,0,0,0,0,0,0,0,0,0,100,0,0,0,0,0,0,0,0,0,1,0,0,1,0,0,0,0,1,0,0,0
0,0,0,0,0,100,0,0,0,0,0,0,0,0,0,0,100,0,0,0,0,0,0,0,0,0,0,100,0,0,0,0,0,0,0,0,0,1,0,0,1,0,0,0,0,1,0,0,0
0,0,0,0,0,93.351,0,0,0,0,6.6493,0,0,0,0,0,100,0,0,0,0,0,0,0,0,0,0,93.351,0,6.6493,0,0,0,0,0,0,0,1,0,0,1,0,0,0,0,1,0,0,0
8.1932,0,0,8.1932,0,74.099,0,0,0,0,9.515,0,0,0,8.1932,8.1932,74.099,9.515,0,0,0,0,0,0,0,0,8.1932,74.099,9.515,0,0,0,8.1932,0,0,0,0,1,0,0,1,0,0,0,0,1,0,0,0
10.344,0,0,18.675,0,70.981,0,0,0,0,0,0,0,0,6.471,10.344,70.981,0,12.204,0,0,0,0,0,0,0,10.344,70.981,0,0,0,0,18.675,0,0,0,0,1,0,0,1,0,0,0,0,1,0,0,0
0,0,0,8.1043,0,91.896,0,0,0,0,0,0,0,0,8.1043,0,91.896,0,0,0,0,0,0,0,0,0,0,91.896,0,0,0,0,8.1043,0,0,0,0,1,0,0,1,0,0,0,0,1,0,0,0
0,0,0,5.3424,0,94.658,0,0,0,0,0,0,0,0,5.3424,0,94.658,0,0,0,0,0,0,0,0,0,0,94.658,0,0,0,0,5.3424,0,0,0,0,1,0,0,1,0,0,0,0,1,0,0,0
4.6619,0,0,11.872,0,83.466,0,0,0,0,0,0,0,0,4.6619,4.6619,83.466,0,7.2097,0,0,0,0,0,0,0,4.6619,83.466,0,0,0,0,11.872,0,0,0,0,1,0,0,1,0,0,0,0,1,0,0,0
0,0,0,3.8405,0,96.16,0,0,0,0,0,0,0,0,3.8405,0,96.16,0,0,0,0,0,0,0,0,0,0,96.16,0,0,0,0,3.8405,0,0,0,0,1,0,0,1,0,0,0,0,1,0,0,0
0,0,0,0,0,100,0,0,0,0,0,0,0,0,0,0,100,0,0,0,0,0,0,0,0,0,0,100,0,0,0,0,0,0,0,0,0,1,0,0,1,0,0,0,0,1,0,0,0
0,0,0,0,0,100,0,0,0,0,0,0,0,0,0,0,100,0,0,0,0,0,0,0,0,0,0,100,0,0,0,0,0,0,0,0,0,1,0,0,1,0,0,0,0,1,0,0,0
7.4643,0,0,0,0,74.738,0,0,0,0,17.797,0,0,0,0,7.4643,87.396,5.1398,0,0,0,0,0,0,0,0,7.4643,74.738,5.1398,12.658,0,0,0,0,0,0,0,1,0,0,1,0,0,0,0,1,0,0,0
10.64,0,0,18.088,0,45.746,0,0,0,0,25.526,0,0,0,10.64,10.64,58.509,12.763,7.4473,0,0,0,0,0,0,0,10.64,45.746,12.763,12.763,0,0,18.088,0,0,0,0,1,0,0,1,0,0,0,0,1,0,0,0
0,0,0,0,0,80.391,0,0,0,0,19.609,0,0,0,0,0,86.418,13.582,0,0,0,0,0,0,0,0,0,80.391,13.582,6.0266,0,0,0,0,0,0,0,1,0,0,1,0,0,0,0,1,0,0,0
0,0,0,12.662,0,71.834,0,0,0,0,15.503,0,0,0,0,0,80.182,7.1553,12.662,0,0,0,0,0,0,0,0,71.834,7.1553,8.348,0,0,12.662,0,0,0,0.04,0.96,0,0,1,0,0,0,0,1,0,0,0
0,0,0,13.204,0,86.796,0,0,0,0,0,0,0,0,7.1235,0,86.796,0,6.0801,0,0,0,0,0,0,0,0,86.796,0,0,0,0,13.204,0,0,0,0,1,0,0,1,0,0,0,0,1,0,0,0
0,0,0,4.4881,0,95.512,0,0,0,0,0,0,0,0,0,0,95.512,0,4.4881,0,0,0,0,0,0,0,0,95.512,0,0,0,0,4.4881,0,0,0,0,1,0,0,1,0,0,0,0,1,0,0,0
0,0,0,8.8701,0,91.13,0,0,0,0,0,0,0,0,0,0,91.13,0,8.8701,0,0,0,0,0,0,0,0,91.13,0,0,0,0,8.8701,0,0,0,0,1,0,0,1,0,0,0,0,1,0,0,0
0,0,0,0,0,100,0,0,0,0,0,0,0,0,0,0,100,0,0,0,0,0,0,0,0,0,0,100,0,0,0,0,0,0,0,0,0,1,0,0,1,0,0,0,0,1,0,0,0
0,0,0,0,0,100,0,0,0,0,0,0,0,0,0,0,100,0,0,0,0,0,0,0,0,0,0,100,0,0,0,0,0,0,0,0,0,1,0,0,1,0,0,0,0,1,0,0,0
0,0,0,0,0,100,0,0,0,0,0,0,0,0,0,0,100,0,0,0,0,0,0,0,0,0,0,100,0,0,0,0,0,0,0,0,0,1,0,0,1,0,0,0,0,1,0,0,0
0,0,0,0,0,100,0,0,0,0,0,0,0,0,0,0,100,0,0,0,0,0,0,0,0,0,0,100,0,0,0,0,0,0,0,0,0,1,0,0,1,0,0,0,0,1,0,0,0
0,0,0,0,0,100,0,0,0,0,0,0,0,0,0,0,100,0,0,0,0,0,0,0,0,0,0,100,0,0,0,0,0,0,0,0,0,1,0,0,1,0,0,0,0,1,0,0,0
0,0,0,0,0,100,0,0,0,0,0,0,0,0,0,0,100,0,0,0,0,0,0,0,0,0,0,100,0,0,0,0,0,0,0,0,0,1,0,0,1,0,0,0,0,1,0,0,0
0,0,0,0,0,100,0,0,0,0,0,0,0,0,0,0,100,0,0,0,0,0,0,0,0,0,0,100,0,0,0,0,0,0,0,0,0,1,0,0,1,0,0,0,0,1,0,0,0
0,0,0,0,0,100,0,0,0,0,0,0,0,0,0,0,100,0,0,0,0,0,0,0,0,0,0,100,0,0,0,0,0,0,0,0,0,1,0,0,1,0,0,0,0,1,0,0,0
0,0,0,0,0,100,0,0,0,0,0,0,0,0,0,0,100,0,0,0,0,0,0,0,0,0,0,100,0,0,0,0,0,0,0,0,0,1,0,0,1,0,0,0,0,1,0,0,0
0,0,0,0,0,100,0,0,0,0,0,0,0,0,0,0,100,0,0,0,0,0,0,0,0,0,0,100,0,0,0,0,0,0,0,0,0,1,0,0,1,0,0,0,0,1,0,0,0
0,18.972,7.3745,7.6308,13.762,27.549,2.5122,0,14.956,1.5722,5.6715,7.9468,13.794,8.2652,15.018,8.0089,14.361,6.7529,9.5811,9.9809,4.7188,1.5722,2.5122,7.3745,12.538,12.553,9.9809,7.6706,3.4627,13.934,0,18.881,11.093,0.018519,0,0,0.037037,0.94444,0,0,1,0,0,0,0,1,0,0,0
0,5.1547,0,0,0,94.845,0,0,0,0,0,0,5.1547,0,0,0,94.845,0,0,0,0,0,0,0,5.1547,0,0,94.845,0,0,0,0,0,0.02,0,0,0,0.98,0,0,1,0,0,0,0,1,0,0,0
0,7.128,13.344,10.576,9.1364,8.341,10.563,14.475,16.551,1.5531,8.3321,3.9383,15.691,9.4685,9.546,7.0913,7.0783,14.553,8.6823,14.138,7.0833,2.7303,5.8703,19.214,15.315,9.4358,3.98,1.5531,1.213,10.717,2.7303,23.642,6.3286,0.047619,0.07619,0.07619,0.047619,0.75238,0,0,1,0,0,0,0,1,0,0,1
1.5284,7.7373,28.27,10.492,11.345,6.3637,3.9874,6.1312,20.235,3.9094,0,0,4.4432,6.2041,15.711,13.335,10.652,17.773,14.333,12.335,5.2139,0,6.054,23.366,14.028,1.1497,4.3661,3.526,0,7.4354,8.9638,27.585,3.526,0.15217,0.021739,0.021739,0.021739,0.78261,0,0,1,0,0,0,0,1,0,0,1
1.5283,6.3621,38.908,3.8071,6.8685,11.977,9.5296,9.4395,8.7448,2.8347,0,0.8583,4.4977,3.3862,12.09,17.068,13.256,18.565,10.276,13.167,6.8358,0,19.129,21.296,18.698,2.5526,10.058,2.5887,0,2.1399,5.5622,17.117,0.8583,0,0.14035,0.12281,0.14035,0.59649,0,0,1,0,0,0,0,1,0,0,1
0,0,0,0,0,100,0,0,0,0,0,0,0,0,0,0,100,0,0,0,0,0,0,0,0,0,0,100,0,0,0,0,0,0.1,0,0.04,0.08,0.78,0,0,1,0,0,0,0,1,0,0,0
0,0,0,0,0,100,0,0,0,0,0,0,0,0,0,0,100,0,0,0,0,0,0,0,0,0,0,100,0,0,0,0,0,0,0,0,0,1,0,0,1,0,0,0,0,1,0,0,0
0,5.6625,7.637,0,0,79.436,0,0,0,7.2641,0,5.6252,2.0118,0,1.6389,9.2854,68.885,8.903,0,0,3.6507,0,1.6389,13.3,5.6252,0,37.073,42.363,0,0,0,0,0,0,0,0,0.14286,0.85714,0,0,1,0,0,0,0,1,0,0,1
0,6.2641,7.755,0,0,67.63,0,0,0,18.351,0,11.606,3.3713,0,6.7441,3.3713,55.102,16.912,0,0,2.8927,0,6.7441,14.019,11.606,0,28.517,39.114,0,0,0,0,0,0,0.021978,0.010989,0.92308,0.043956,0,0,1,0,0,0,0,1,0,0,0
4.0763,8.1851,21.209,4.8319,10.065,13.633,7.4704,11.111,11.669,7.7497,0,1.6244,1.5594,5.0387,12.096,18.829,15.051,15.617,14.06,7.9324,8.1934,0,9.6677,19.562,14.93,3.8802,13.367,2.7179,0,4.8319,6.3914,21.869,2.7829,0.052632,0.14474,0.026316,0.38158,0.39474,0,0,1,0,0,0,0,1,0,0,1
0,18.6,4.7513,0,0,69.706,0,0,0,6.9424,0,1.81,10.527,0,5.1324,9.1285,52.909,12.42,0,0,8.0736,0,5.1324,23.352,1.81,0,32.215,37.491,0,0,0,0,0,0,0,0,0.16216,0.83784,0,0,1,0,0,0,0,1,0,0,1
0,9.3231,2.5457,0,0,83.5,0,0,0,4.6311,0,2.5457,7.2377,0,2.0853,7.2377,64.854,13.954,0,0,2.0853,0,2.0853,11.869,2.5457,0,46.902,36.598,0,0,0,0,0,0,0,0,0,1,0,0,1,0,0,0,0,1,0,0,1
0,0,0,0,0,0,0,0,0,0,0,0,0,0,0,0,0,0,0,0,0,0,0,0,0,0,0,0,0,0,0,0,0,0,0,0,0.074074,0.92593,0,0,1,0,0,0,0,1,0,0,1
0,0,29.575,20.489,9.9845,7.0681,12.047,5.8327,15.003,0,0,4.5655,11.941,10.091,7.1748,11.941,7.0681,14.443,9.7841,9.9845,10.091,2.9164,20.965,19.115,5.8327,4.5655,0,7.0681,0,2.6093,9.9845,15.203,14.657,0.09901,0.049505,0.039604,0.11881,0.69307,0,0,1,0,0,0,0,1,0,0,1
1.9022,9.7421,22.048,7.5417,8.1865,13.936,9.3304,3.7935,21.217,2.3029,0,1.6688,1.0841,10.961,11.773,13.129,12.186,14.603,15.198,12.045,7.3525,0,8.5076,20.687,9.9645,5.4996,8.4642,5.7054,0,5.8619,7.7858,21.234,6.2901,0,0.82051,0.051282,0.12821,0,0,0,1,0,0,0,0,1,0,0,1
0,12.106,12.106,8.8089,7.2849,8.8089,8.8089,0,42.078,0,0,0,7.2849,0,1.524,1.524,33.96,25.735,0,0,10.582,19.39,0,3.048,12.106,0,0,0,7.2849,10.582,17.618,49.362,0,0,0.043478,0,0,0.95652,0,0,1,0,0,0,0,1,0,0,1
4.1906,3.4871,27.494,6.9006,6.2457,13.5,6.4368,11.478,15.931,4.3373,0,1.9309,0.86856,5.3445,11.553,13.199,16.987,15.664,13.033,10.719,10.701,0,14.35,18.657,13.349,1.9309,13.148,2.6119,0,3.5602,6.099,22.619,3.6743,0,0.47619,0.095238,0.14286,0.28571,0,0,1,0,0,0,0,1,0,0,1
0,17.767,19.153,5.8402,1.4915,9.5741,14.768,4.4308,25.213,1.763,0,1.763,3.4624,0,4.1863,6.1938,24.084,31.442,10.929,0,6.253,11.686,8.9577,15.7,16.892,12.692,3.734,2.2154,1.4915,6.253,5.1983,26.867,0,0,0,0,0,1,0,0,1,0,0,0,0,1,0,0,1
0,4.3046,6.4372,22.544,4.727,23.732,9.2741,3.0777,25.904,0,0,0,4.727,1.1876,4.3046,6.4372,44.566,25.481,0.94504,0,2.1326,10.219,0.94504,8.8517,19.005,2.1326,0,2.1326,5.9146,0.94504,17.118,41.768,1.1876,0,0,0,0,1,0,0,1,0,0,0,0,1,0,0,1
7.2725,6.8586,19.287,4.4536,1.196,20.369,7.888,13.946,13.086,5.6437,0,2.7522,0,5.4397,8.0979,15.16,16.631,15.37,18.953,8.0979,9.4979,0,12.312,17.985,16.19,2.6149,18.189,6.7004,0,1.196,2.8248,20.791,1.196,0,0.050847,0,0.033898,0.91525,0,0,1,0,0,0,0,1,0,0,0
0,0,0,0,0,100,0,0,0,0,0,0,0,0,0,0,100,0,0,0,0,0,0,0,0,0,0,66.667,33.333,0,0,0,0,0,0,0,0.91892,0.081081,0,0,1,0,0,0,0,1,0,0,0
3.5663,10.781,28.112,9.2352,3.3604,15.149,12.358,6.4011,9.78,1.2578,0,4.9245,0,12.314,11.382,13.515,16.994,13.69,6.1443,13.79,7.2458,0,14.422,26.517,10.167,7.9027,12.946,0.84475,0,2.1026,5.6689,13.659,5.7692,0.055556,0.055556,0.083333,0.11111,0.69444,0,0,1,0,0,0,0,1,0,0,0
0,0,46.206,0,0,28.505,0,9.8869,9.8869,5.5152,0,5.5152,0,15.402,5.5152,9.8869,22.99,5.5152,9.8869,9.8869,0,15.402,11.03,35.176,9.8869,0,5.5152,15.326,7.6632,5.5152,0,9.8869,0,0,0.05298,0,0.013245,0.93377,0,0,1,0,0,0,0,1,0,0,1
0,0,11.094,0,0,66.658,0,0,11.094,11.154,0,11.154,0,0,0,11.094,66.658,11.094,0,0,0,0,11.094,0,0,0,0,55.563,11.094,11.154,0,11.094,0,0,0.07619,0,0.81905,0.10476,0,0,1,0,0,0,0,1,0,0,0
0,0,0,0,0,84.015,0,0,0,0,15.985,0,0,0,0,0,100,0,0,0,0,0,0,0,0,0,0,84.015,0,15.985,0,0,0,0,0.046875,0,0.046875,0.90625,0,0,1,0,0,0,0,1,0,0,0
0,13.378,7.5762,0,0,70.955,0,0,0,8.0914,0,3.2887,4.2874,0,4.8027,0,65.637,12.894,0,0,9.0901,0,4.8027,20.954,3.2887,0,11.38,59.575,0,0,0,0,0,0,0,0,1,0,0,0,1,0,0,0,0,1,0,0,0
0,0,0,0,0,79.301,0,0,20.699,0,0,0,16.349,0,0,16.349,50.952,12,0,0,0,4.3493,0,0,0,0,0,67.302,12,0,4.3493,12,4.3493,0,0,0,1,0,0,0,1,0,0,0,0,1,0,0,0
0,6.3287,6.1682,0,0,77.08,0,0,0,10.423,0,7.2226,4.183,0,3.2001,5.3627,71.826,6.0597,0,0,2.1457,0,3.2001,12.497,7.2226,0,34.704,42.376,0,0,0,0,0,0,0,0,0.2,0.8,0,0,1,0,0,0,0,1,0,0,1
0,0,0,0,0,87.754,0,0,12.246,0,0,0,12.246,0,0,12.246,63.262,12.246,0,0,0,0,0,0,0,0,0,75.508,12.246,0,0,12.246,0,0,0,0,0,1,0,0,1,0,0,0,0,1,0,0,0
0,0,0,0,0,100,0,0,0,0,0,0,0,0,0,0,78.908,21.092,0,0,0,0,0,0,0,0,0,100,0,0,0,0,0,0,0,0,0,1,0,0,1,0,0,0,0,1,0,0,0
0,0,0,0,0,71.942,0,0,28.058,0,0,0,14.029,0,0,2.9732,56.868,12.101,0,0,0,14.029,0,0,0,0,0,58.06,13.882,0,14.029,11.056,2.9732,0,0,0,0,1,0,0,1,0,0,0,0,1,0,0,0
0,0,0,0,0,85.155,0,0,14.845,0,0,0,14.845,0,0,14.845,55.465,14.845,0,0,0,0,0,0,0,0,0,70.31,14.845,0,0,14.845,0,0,0,0,0,1,0,0,1,0,0,0,0,1,0,0,0
0,7.7751,2.1919,0,0,82.665,0,0,0,7.3681,0,2.1919,2.5989,0,5.1762,13.298,56.415,15.143,0,0,5.1762,0,5.1762,9.967,2.1919,0,38.755,43.91,0,0,0,0,0,0,0,0,0,1,0,0,1,0,0,0,0,1,0,0,0
0,0,0,0,0,100,0,0,0,0,0,0,0,0,0,0,100,0,0,0,0,0,0,0,0,0,0,100,0,0,0,0,0,0,0,0,0,1,0,0,1,0,0,0,0,1,0,0,0
0,0,0,0,0,100,0,0,0,0,0,0,0,0,0,0,100,0,0,0,0,0,0,0,0,0,0,100,0,0,0,0,0,0,0,0,0,1,0,0,1,0,0,0,0,1,0,0,0
0,0,0,0,0,100,0,0,0,0,0,0,0,0,0,0,100,0,0,0,0,0,0,0,0,0,0,84.589,15.411,0,0,0,0,0,0,0,0,1,0,0,1,0,0,0,0,1,0,0,0
0,0,0,0,0,100,0,0,0,0,0,0,0,0,0,0,100,0,0,0,0,0,0,0,0,0,0,100,0,0,0,0,0,0,0,0,0,1,0,0,1,0,0,0,0,1,0,0,0
0,0,0,0,0,79.947,0,0,0,20.053,0,10.027,0,0,10.027,0,79.947,0,0,0,0,0,10.027,0,10.027,0,0,79.947,0,0,0,0,0,0,0,0,1,0,0,0,1,0,0,0,0,1,0,0,0
0,0,0,0,0,63.401,0,0,36.599,0,0,0,26.803,0,0,9.796,53.605,0,0,0,0,9.796,0,0,0,0,0,63.401,0,0,9.796,0,26.803,0,0,0,1,0,0,0,1,0,0,0,0,1,0,0,0
0,0,0,0,0,100,0,0,0,0,0,0,0,0,0,0,100,0,0,0,0,0,0,0,0,0,0,100,0,0,0,0,0,0,0,0,1,0,0,0,1,0,0,0,0,1,0,0,0
0,0,0,0,0,64.399,0,0,35.601,0,0,0,25.26,10.341,0,0,64.399,0,0,0,0,0,0,0,0,0,0,64.399,0,0,0,0,35.601,0,0,0,1,0,0,0,1,0,0,0,0,1,0,0,0
0,0,0,0,0,71.565,0,0,28.435,0,0,0,22.614,0,0,4.319,62.927,4.319,0,0,0,5.8209,0,0,0,0,0,67.246,4.319,0,5.8209,10.14,12.474,0,0,0,0,1,0,0,1,0,0,0,0,1,0,0,0
0,0,0,0,0,77.704,0,0,22.296,0,0,0,13.623,0,0,8.6728,69.031,0,0,0,0,8.6728,0,0,0,0,0,77.704,0,0,8.6728,0,13.623,0,0,0,0,1,0,0,1,0,0,0,0,1,0,0,0
0,0,0,0,0,83.275,0,0,16.725,0,0,0,12.485,0,0,4.2401,79.035,0,0,0,0,4.2401,0,0,0,0,0,83.275,0,0,4.2401,0,12.485,0,0,0,0,1,0,0,1,0,0,0,0,1,0,0,0
0,0,0,0,0,86.835,0,0,13.165,0,0,0,8.3762,4.7885,0,0,86.835,0,0,0,0,0,0,0,0,0,0,86.835,0,0,0,0,13.165,0,0,0,0,1,0,0,1,0,0,0,0,1,0,0,0
0,0,0,0,0,100,0,0,0,0,0,0,0,0,0,0,100,0,0,0,0,0,0,0,0,0,0,100,0,0,0,0,0,0,0,0,0,1,0,0,1,0,0,0,0,1,0,0,0
0,0,0,0,0,100,0,0,0,0,0,0,0,0,0,0,100,0,0,0,0,0,0,0,0,0,0,100,0,0,0,0,0,0,0,0,0,1,0,0,1,0,0,0,0,1,0,0,0
0,0,0,0,0,100,0,0,0,0,0,0,0,0,0,0,100,0,0,0,0,0,0,0,0,0,0,100,0,0,0,0,0,0,0,0,0,1,0,0,1,0,0,0,0,1,0,0,0
0,0,0,0,0,100,0,0,0,0,0,0,0,0,0,0,100,0,0,0,0,0,0,0,0,0,0,100,0,0,0,0,0,0,0,0,0,1,0,0,1,0,0,0,0,1,0,0,0
0,0,0,0,0,100,0,0,0,0,0,0,0,0,0,0,100,0,0,0,0,0,0,0,0,0,0,100,0,0,0,0,0,0,0,0,0,1,0,0,1,0,0,0,0,1,0,0,0
0,0,0,0,0,100,0,0,0,0,0,0,0,0,0,0,100,0,0,0,0,0,0,0,0,0,0,100,0,0,0,0,0,0,0,0,0,1,0,0,1,0,0,0,0,1,0,0,0
0,0,0,0,0,100,0,0,0,0,0,0,0,0,0,0,100,0,0,0,0,0,0,0,0,0,0,100,0,0,0,0,0,0,0,0,0,1,0,0,1,0,0,0,0,1,0,0,0
0,0,0,0,0,100,0,0,0,0,0,0,0,0,0,0,100,0,0,0,0,0,0,0,0,0,0,100,0,0,0,0,0,0,0,0,0,1,0,0,1,0,0,0,0,1,0,0,0
0,0,0,0,0,100,0,0,0,0,0,0,0,0,0,0,100,0,0,0,0,0,0,0,0,0,0,100,0,0,0,0,0,0,0,0,0,1,0,0,1,0,0,0,0,1,0,0,0
0,0,0,0,0,100,0,0,0,0,0,0,0,0,0,0,100,0,0,0,0,0,0,0,0,0,0,100,0,0,0,0,0,0,0,0,0,1,0,0,1,0,0,0,0,1,0,0,0
0,0,0,0,0,100,0,0,0,0,0,0,0,0,0,0,100,0,0,0,0,0,0,0,0,0,0,100,0,0,0,0,0,0,0,0,0,1,0,0,1,0,0,0,0,1,0,0,0
0,0,0,0,0,100,0,0,0,0,0,0,0,0,0,0,100,0,0,0,0,0,0,0,0,0,0,100,0,0,0,0,0,0,0,0,0,1,0,0,1,0,0,0,0,1,0,0,0
0,0,0,0,0,100,0,0,0,0,0,0,0,0,0,0,100,0,0,0,0,0,0,0,0,0,0,100,0,0,0,0,0,0,0,0,0,1,0,0,1,0,0,0,0,1,0,0,0
0,0,0,0,0,100,0,0,0,0,0,0,0,0,0,0,100,0,0,0,0,0,0,0,0,0,0,100,0,0,0,0,0,0,0,0,0,1,0,0,1,0,0,0,0,1,0,0,0
0,0,0,0,0,100,0,0,0,0,0,0,0,0,0,0,100,0,0,0,0,0,0,0,0,0,0,100,0,0,0,0,0,0,0,0,0,1,0,0,1,0,0,0,0,1,0,0,0
0,0,0,0,0,100,0,0,0,0,0,0,0,0,0,0,100,0,0,0,0,0,0,0,0,0,0,100,0,0,0,0,0,0,0,0,0,1,0,0,1,0,0,0,0,1,0,0,0
0,0,0,0,0,100,0,0,0,0,0,0,0,0,0,0,100,0,0,0,0,0,0,0,0,0,0,100,0,0,0,0,0,0,0,0,0,1,0,0,1,0,0,0,0,1,0,0,0
0,0,0,0,0,100,0,0,0,0,0,0,0,0,0,0,100,0,0,0,0,0,0,0,0,0,0,100,0,0,0,0,0,0,0,0,0,1,0,0,1,0,0,0,0,1,0,0,0
0,0,0,0,0,100,0,0,0,0,0,0,0,0,0,0,100,0,0,0,0,0,0,0,0,0,0,100,0,0,0,0,0,0,0,0,0,1,0,0,1,0,0,0,0,1,0,0,0
0,0,0,0,0,100,0,0,0,0,0,0,0,0,0,0,100,0,0,0,0,0,0,0,0,0,0,100,0,0,0,0,0,0,0,0,0,1,0,0,1,0,0,0,0,1,0,0,0
0,0,0,0,0,100,0,0,0,0,0,0,0,0,0,0,100,0,0,0,0,0,0,0,0,0,0,100,0,0,0,0,0,0,0,0,0,1,0,0,1,0,0,0,0,1,0,0,0
0,0,0,0,0,100,0,0,0,0,0,0,0,0,0,0,100,0,0,0,0,0,0,0,0,0,0,100,0,0,0,0,0,0,0,0,0,1,0,0,1,0,0,0,0,1,0,0,0
0,0,0,0,0,100,0,0,0,0,0,0,0,0,0,0,100,0,0,0,0,0,0,0,0,0,0,100,0,0,0,0,0,0,0,0,0,1,0,0,1,0,0,0,0,1,0,0,0
0,0,0,0,0,100,0,0,0,0,0,0,0,0,0,0,100,0,0,0,0,0,0,0,0,0,0,100,0,0,0,0,0,0,0,0,0,1,0,0,1,0,0,0,0,1,0,0,0
0,0,0,0,0,100,0,0,0,0,0,0,0,0,0,0,100,0,0,0,0,0,0,0,0,0,0,100,0,0,0,0,0,0,0,0,0,1,0,0,1,0,0,0,0,1,0,0,0
0,0,0,0,0,100,0,0,0,0,0,0,0,0,0,0,100,0,0,0,0,0,0,0,0,0,0,100,0,0,0,0,0,0,0,0,0,1,0,0,1,0,0,0,0,1,0,0,0
0,0,0,0,0,100,0,0,0,0,0,0,0,0,0,0,100,0,0,0,0,0,0,0,0,0,0,100,0,0,0,0,0,0,0,0,0,1,0,0,1,0,0,0,0,1,0,0,0
0,0,0,0,0,100,0,0,0,0,0,0,0,0,0,0,100,0,0,0,0,0,0,0,0,0,0,100,0,0,0,0,0,0,0,0,0,1,0,0,1,0,0,0,0,1,0,0,0
0,0,0,0,0,100,0,0,0,0,0,0,0,0,0,0,100,0,0,0,0,0,0,0,0,0,0,100,0,0,0,0,0,0,0,0,0,1,0,0,1,0,0,0,0,1,0,0,0
0,0,0,0,0,100,0,0,0,0,0,0,0,0,0,0,100,0,0,0,0,0,0,0,0,0,0,100,0,0,0,0,0,0,0,0,0,1,0,0,1,0,0,0,0,1,0,0,0
0,0,0,0,0,100,0,0,0,0,0,0,0,0,0,0,100,0,0,0,0,0,0,0,0,0,0,100,0,0,0,0,0,0,0,0,0,1,0,0,1,0,0,0,0,1,0,0,0
0,0,0,0,0,100,0,0,0,0,0,0,0,0,0,0,100,0,0,0,0,0,0,0,0,0,0,100,0,0,0,0,0,0,0,0,0,1,0,0,1,0,0,0,0,1,0,0,0
0,0,0,0,0,100,0,0,0,0,0,0,0,0,0,0,100,0,0,0,0,0,0,0,0,0,0,100,0,0,0,0,0,0,0,0,0,1,0,0,1,0,0,0,0,1,0,0,0
0,0,0,0,0,100,0,0,0,0,0,0,0,0,0,0,100,0,0,0,0,0,0,0,0,0,0,100,0,0,0,0,0,0,0,0,0,1,0,0,1,0,0,0,0,1,0,0,0
0,0,0,0,0,100,0,0,0,0,0,0,0,0,0,0,100,0,0,0,0,0,0,0,0,0,0,100,0,0,0,0,0,0,0,0,0,1,0,0,1,0,0,0,0,1,0,0,0
0,0,0,0,0,100,0,0,0,0,0,0,0,0,0,0,100,0,0,0,0,0,0,0,0,0,0,100,0,0,0,0,0,0,0,0,0,1,0,0,1,0,0,0,0,1,0,0,0
0,0,0,0,0,100,0,0,0,0,0,0,0,0,0,0,100,0,0,0,0,0,0,0,0,0,0,100,0,0,0,0,0,0,0,0,0,1,0,0,1,0,0,0,0,1,0,0,0
0,0,0,0,0,100,0,0,0,0,0,0,0,0,0,0,100,0,0,0,0,0,0,0,0,0,0,100,0,0,0,0,0,0,0,0,0,1,0,0,1,0,0,0,0,1,0,0,0
0,0,0,0,0,100,0,0,0,0,0,0,0,0,0,0,100,0,0,0,0,0,0,0,0,0,0,100,0,0,0,0,0,0,0,0,0,1,0,0,1,0,0,0,0,1,0,0,0
0,0,0,0,0,100,0,0,0,0,0,0,0,0,0,0,100,0,0,0,0,0,0,0,0,0,0,100,0,0,0,0,0,0,0,0,0,1,0,0,1,0,0,0,0,1,0,0,0
0,0,0,0,0,100,0,0,0,0,0,0,0,0,0,0,100,0,0,0,0,0,0,0,0,0,0,100,0,0,0,0,0,0,0,0,0,1,0,0,1,0,0,0,0,1,0,0,0
0,0,0,0,0,100,0,0,0,0,0,0,0,0,0,0,100,0,0,0,0,0,0,0,0,0,0,100,0,0,0,0,0,0,0,0,0,1,0,0,1,0,0,0,0,1,0,0,0
0,0,0,0,0,100,0,0,0,0,0,0,0,0,0,0,100,0,0,0,0,0,0,0,0,0,0,100,0,0,0,0,0,0,0,0,0,1,0,0,1,0,0,0,0,1,0,0,0
0,0,0,0,0,100,0,0,0,0,0,0,0,0,0,0,100,0,0,0,0,0,0,0,0,0,0,100,0,0,0,0,0,0,0,0,0,1,0,0,1,0,0,0,0,1,0,0,0
0,0,0,0,0,100,0,0,0,0,0,0,0,0,0,0,100,0,0,0,0,0,0,0,0,0,0,100,0,0,0,0,0,0,0,0,0,1,0,0,1,0,0,0,0,1,0,0,0
0,0,0,0,0,100,0,0,0,0,0,0,0,0,0,0,100,0,0,0,0,0,0,0,0,0,0,100,0,0,0,0,0,0,0,0,0,1,0,0,1,0,0,0,0,1,0,0,0
0,0,0,0,0,100,0,0,0,0,0,0,0,0,0,0,100,0,0,0,0,0,0,0,0,0,0,100,0,0,0,0,0,0,0,0,0,1,0,0,1,0,0,0,0,1,0,0,0
0,0,0,0,0,100,0,0,0,0,0,0,0,0,0,0,100,0,0,0,0,0,0,0,0,0,0,100,0,0,0,0,0,0,0,0,0,1,0,0,1,0,0,0,0,1,0,0,0
0,0,0,0,0,100,0,0,0,0,0,0,0,0,0,0,100,0,0,0,0,0,0,0,0,0,0,100,0,0,0,0,0,0,0,0,0,1,0,0,1,0,0,0,0,1,0,0,0
0,0,0,0,0,100,0,0,0,0,0,0,0,0,0,0,100,0,0,0,0,0,0,0,0,0,0,100,0,0,0,0,0,0,0,0,0.017241,0.98276,0,0,1,0,0,0,0,1,0,0,0
0,0,0,0,0,100,0,0,0,0,0,0,0,0,0,0,100,0,0,0,0,0,0,0,0,0,0,100,0,0,0,0,0,0,0,0,0,1,0,0,1,0,0,0,0,1,0,0,0
0,0,0,0,0,100,0,0,0,0,0,0,0,0,0,0,100,0,0,0,0,0,0,0,0,0,0,100,0,0,0,0,0,0,0,0,0,1,0,0,1,0,0,0,0,1,0,0,0
0,0,0,0,0,100,0,0,0,0,0,0,0,0,0,0,100,0,0,0,0,0,0,0,0,0,0,100,0,0,0,0,0,0,0,0,0,1,0,0,1,0,0,0,0,1,0,0,0
0,0,0,0,0,100,0,0,0,0,0,0,0,0,0,0,100,0,0,0,0,0,0,0,0,0,0,100,0,0,0,0,0,0,0,0,0,1,0,0,1,0,0,0,0,1,0,0,0
0,0,0,0,0,100,0,0,0,0,0,0,0,0,0,0,100,0,0,0,0,0,0,0,0,0,0,100,0,0,0,0,0,0,0,0,0,1,0,0,1,0,0,0,0,1,0,0,0
0,0,0,0,0,100,0,0,0,0,0,0,0,0,0,0,100,0,0,0,0,0,0,0,0,0,0,100,0,0,0,0,0,0,0,0,0.14815,0.85185,0,0,1,0,0,0,0,1,0,0,0
0,0,0,0,0,100,0,0,0,0,0,0,0,0,0,0,100,0,0,0,0,0,0,0,0,0,0,100,0,0,0,0,0,0,0,0,0,1,0,0,1,0,0,0,0,1,0,0,0
0,0,0,0,0,100,0,0,0,0,0,0,0,0,0,0,100,0,0,0,0,0,0,0,0,0,0,100,0,0,0,0,0,0,0,0,0,1,0,0,1,0,0,0,0,1,0,0,0
0,0,0,0,0,100,0,0,0,0,0,0,0,0,0,0,100,0,0,0,0,0,0,0,0,0,0,100,0,0,0,0,0,0,0,0,0,1,0,0,1,0,0,0,0,1,0,0,0
0,0,0,0,0,100,0,0,0,0,0,0,0,0,0,0,100,0,0,0,0,0,0,0,0,0,0,100,0,0,0,0,0,0,0,0,0,1,0,0,1,0,0,0,0,1,0,0,0
0,0,0,0,0,100,0,0,0,0,0,0,0,0,0,0,100,0,0,0,0,0,0,0,0,0,0,100,0,0,0,0,0,0,0,0,0,1,0,0,1,0,0,0,0,1,0,0,0
0,0,0,0,0,100,0,0,0,0,0,0,0,0,0,0,100,0,0,0,0,0,0,0,0,0,0,100,0,0,0,0,0,0,0,0,0,1,0,0,1,0,0,0,0,1,0,0,0
0,0,0,0,0,100,0,0,0,0,0,0,0,0,0,0,100,0,0,0,0,0,0,0,0,0,0,100,0,0,0,0,0,0,0,0,0,1,0,0,1,0,0,0,0,1,0,0,0
0,0,0,0,0,100,0,0,0,0,0,0,0,0,0,0,100,0,0,0,0,0,0,0,0,0,0,100,0,0,0,0,0,0,0,0,0,1,0,0,1,0,0,0,0,1,0,0,0
0,8.5045,8.5045,0,9.7946,64.692,0,0,8.5045,0,0,0,8.5045,9.7946,0,0,63.402,18.299,0,0,0,0,8.5045,8.5045,0,0,19.589,26.804,18.299,9.7946,0,8.5045,0,0,0,0,0,1,0,0,1,0,0,0,0,1,0,0,0
0,7.2084,10.08,0,2.2876,39.714,12.971,2.0993,19.877,5.7623,0,5.7623,4.6897,2.2876,4.6897,7.8616,28.349,33.69,7.4898,0,0,5.1809,4.8994,9.7988,14.86,13.252,12.928,8.5855,16.102,2.2876,0,17.287,0,0,0,0,0,1,0,0,1,0,0,0,0,1,0,0,0
0,0,0,0,20,67.012,0,12.988,0,0,0,0,0,7.0116,0,12.988,60,20,0,0,0,0,0,12.988,0,0,40,20,7.0116,7.0116,12.988,0,0,0,0,0,0,1,0,0,1,0,0,0,0,1,0,0,0
0,3.095,3.095,0,18.783,60.767,0,11.165,3.095,0,0,0,3.095,7.348,3.5394,11.165,46.021,25.292,0,0,0,3.5394,3.095,7.1816,10.618,3.5394,15.252,13.816,24.62,7.348,11.435,3.095,0,0,0,0,0,1,0,0,1,0,0,0,0,1,0,0,0
0,0,0,0,28.277,46.872,12.425,12.425,0,0,0,0,12.425,0,23.436,0,23.436,17.267,6.1692,4.8415,0,12.425,0,12.425,12.425,0,0,46.872,0,0,28.277,0,0,0,0,0,0,1,0,0,1,0,0,0,0,1,0,0,0
0,0,0,0,49.546,50.454,0,0,0,0,0,0,0,0,20.368,8.811,20.368,12.464,17.622,20.368,0,0,0,0,0,0,0,41.643,8.811,8.811,40.735,0,0,0,0,0,0.14706,0.85294,0,0,1,0,0,0,0,1,0,0,0
0,0,2.9845,17.05,36.594,29.529,2.9845,10.858,0,0,0,0,4.6885,0,16.705,9.1537,38.62,6.4546,0,16.705,0,7.673,0,10.858,7.673,0,6.3693,23.16,0,0,36.594,12.361,2.9845,0,0,0,0,1,0,0,1,0,0,0,0,1,0,0,0
0,0,5.3881,5.3881,32.157,34.048,9.1774,13.841,0,0,0,0,3.7893,16.035,6.1211,15.44,27.281,19.825,0,0,0,11.509,0,9.1774,16.173,2.3318,12.069,13.613,3.7026,16.035,16.122,5.3881,5.3881,0,0,0,0,1,0,0,1,0,0,0,0,1,0,0,0
0,0,0,0,40.438,51.277,4.1426,4.1426,0,0,0,0,4.1426,0,24.102,9.7047,33.807,4.1426,13.327,6.6318,0,4.1426,0,4.1426,4.1426,0,0,51.277,0,9.7047,30.734,0,0,0,0,0,0,1,0,0,1,0,0,0,0,1,0,0,0
0,0,0,27.448,0,25.402,5.9613,24.386,16.804,0,0,2.6364,8.2704,19.44,0,0,45.267,13.479,2.6364,2.6364,0,5.634,36.244,10.907,5.634,0,10.842,11.923,0,2.6364,5.2728,16.541,0,0,0,0,0,1,0,0,1,0,0,0,0,1,0,0,0
0,0,0,0,54.009,45.991,0,0,0,0,0,0,21.545,0,16.232,0,37.972,8.0187,8.0187,0,8.2137,0,0,0,0,0,0,45.991,0,16.232,37.777,0,0,0,0,0,0.21429,0.78571,0,0,1,0,0,0,0,1,0,0,0
0,0,0,0,47.199,52.801,0,0,0,0,0,0,7.4996,0,12.825,0,45.301,6.5503,7.4996,0,20.325,0,0,0,0,0,0,52.801,0,12.825,34.374,0,0,0,0,0,0.23684,0.76316,0,0,1,0,0,0,0,1,0,0,0
0,0,0,0,43.95,56.05,0,0,0,0,0,0,7.1832,0,11.992,0,36.875,17.591,19.175,0,7.1832,0,0,0,0,0,0,56.05,0,11.992,31.957,0,0,0,0,0,0,1,0,0,1,0,0,0,0,1,0,0,0
0,0,0,0,39.776,60.224,0,0,0,0,0,0,0,0,20.447,19.329,39.776,0,20.447,0,0,0,0,0,0,0,0,50.502,9.7211,19.329,20.447,0,0,0,0,0,0.13115,0.86885,0,0,1,0,0,0,0,1,0,0,0
0,0,0,0,33.333,66.667,0,0,0,0,0,0,0,0,33.333,0,33.333,0,33.333,0,0,0,0,0,0,0,0,33.333,33.333,0,33.333,0,0,0,0,0,0.30769,0.69231,0,0,1,0,0,0,0,1,0,0,0
0,0,0,0,56.764,43.236,0,0,0,0,0,0,0,0,48.105,8.6584,25.92,0,17.317,0,0,0,0,0,0,0,0,34.578,8.6584,8.6584,48.105,0,0,0,0,0,0,1,0,0,1,0,0,0,0,1,0,0,0
0,0,0,0,40.542,59.458,0,0,0,0,0,0,0,0,10.813,18.916,10.813,10.813,37.833,10.813,0,0,0,0,0,0,0,40.542,18.916,18.916,21.625,0,0,0,0,0,0,1,0,0,1,0,0,0,0,1,0,0,0
0,9.7467,9.7467,18.378,18.52,25.231,4.3865,4.2449,9.7467,0,0,0,0,4.3865,0,4.3865,49.111,23.88,4.2449,0,0,13.992,14.133,4.2449,4.2449,9.7467,4.2449,20.986,0,0,14.133,28.266,0,0,0,0,0,1,0,0,1,0,0,0,0,1,0,0,0
0,0,0,0,14.783,85.217,0,0,0,0,0,0,0,0,14.783,0,70.433,0,14.783,0,0,0,0,0,0,0,0,70.433,14.783,0,14.783,0,0,0,0,0,0,1,0,0,1,0,0,0,0,1,0,0,0
0,10.787,0,0,0,78.629,5.2922,0,5.2922,0,0,0,0,5.2922,0,10.787,73.134,0,0,0,0,10.787,10.584,0,0,10.787,10.787,67.842,0,0,0,0,0,0,0,0,0,1,0,0,1,0,0,0,0,1,0,0,0
0,0,0,0,40.351,59.649,0,0,0,0,0,0,20.176,0,0,0,39.473,0,20.176,0,20.176,0,0,0,0,0,0,59.649,0,0,40.351,0,0,0,0,0,0,1,0,0,1,0,0,0,0,1,0,0,0
0,0,0,0,0,100,0,0,0,0,0,0,0,0,0,0,100,0,0,0,0,0,0,0,0,0,0,100,0,0,0,0,0,0,0,0,0,1,0,0,1,0,0,0,0,1,0,0,0
0,6.5454,0,0,30.364,63.091,0,0,0,0,0,6.5454,14.532,0,7.9157,0,56.545,6.5454,0,0,7.9157,0,0,6.5454,0,6.5454,0,56.545,0,7.9157,22.448,0,0,0,0,0,0,1,0,0,1,0,0,0,0,1,0,0,0
0,4.9375,0,0,0,95.062,0,0,0,0,0,4.9375,0,0,0,0,90.125,4.9375,0,0,0,0,0,4.9375,0,4.9375,0,90.125,0,0,0,0,0,0,0,0,0,1,0,0,1,0,0,0,0,1,0,0,0
0,0,0,0,0,100,0,0,0,0,0,0,0,0,0,0,100,0,0,0,0,0,0,0,0,0,0,100,0,0,0,0,0,0,0,0,0,1,0,0,1,0,0,0,0,1,0,0,0
0,0,8.458,0,0,83.084,0,8.458,0,0,0,8.458,0,8.458,0,0,66.168,16.916,0,0,0,0,8.458,8.458,0,0,8.458,66.168,0,0,0,8.458,0,0,0,0,0,1,0,0,1,0,0,0,0,1,0,0,0
0,0,0,0,0,100,0,0,0,0,0,0,0,0,0,0,100,0,0,0,0,0,0,0,0,0,0,100,0,0,0,0,0,0,0,0,0,1,0,0,1,0,0,0,0,1,0,0,0
0,0,0,0,0,82.98,0,17.02,0,0,0,0,17.02,0,0,0,82.98,0,0,0,0,0,0,0,17.02,0,0,82.98,0,0,0,0,0,0,0,0,0,1,0,0,1,0,0,0,0,1,0,0,0
0,2.1683,2.1683,23.797,4.213,42.004,0,18.064,2.1683,5.4175,0,5.4175,11.505,0,3.9082,10.833,29.126,13.611,9.3366,0,7.2301,9.0318,2.1683,2.1683,16.848,14.449,3.6034,19.08,13.611,9.3366,9.3366,2.1683,7.2301,0,0,0,0,1,0,0,1,0,0,0,0,1,0,0,0
0,0,19.555,0,0,62.217,0,0,0,18.228,0,11.085,0,7.1435,0,0,62.217,0,6.2055,0,0,13.349,6.2055,13.349,0,18.228,0,62.217,0,0,0,0,0,0,0,0,0,1,0,0,1,0,0,0,0,1,0,0,0
0,0,0,13.051,14.147,62.385,0,10.417,0,0,0,0,12.966,0,14.531,10.866,37.553,15.493,5.6796,0,1.3453,1.5649,0,0,29.185,1.5649,3.1298,23.979,21.519,8.9175,9.813,0,1.8926,0,0,0,0,1,0,0,1,0,0,0,0,1,0,0,0
0,0,33.196,0,0,45.312,0,8.3421,0,13.149,0,14.194,0,8.2214,10.78,0,34.532,2.4382,16.684,0,0,13.149,4.8764,24.906,11.756,10.711,10.78,34.532,0,2.4382,0,0,0,0,0,0,0.015873,0.98413,0,0,1,0,0,0,0,1,0,0,0
0,0,47.424,0,0,39.65,0,1.8665,1.8665,9.1925,0,9.8829,0,13.567,7.375,1.8665,32.275,7.375,8.2995,1.8665,0,17.492,21.183,23.733,4.3745,1.8175,7.375,32.275,0,7.375,0,1.8665,0,0,0.20408,0.020408,0.22449,0.55102,0,0,1,0,0,0,0,1,0,0,1
0,0,12.98,0,0,87.02,0,0,0,0,0,6.4902,0,6.4902,0,0,87.02,0,0,0,0,0,0,6.4902,6.4902,0,0,87.02,0,0,0,0,0,0,0,0.014286,0.14286,0.84286,0,0,1,0,0,0,0,1,0,0,0
0,0,26.615,0,0,61.766,0,4.3369,0,7.2821,0,7.2821,0,2.9453,7.2821,0,54.484,2.9453,13.226,0,0,11.835,10.443,16.172,4.3369,4.3369,7.2821,54.484,0,2.9453,0,0,0,0,0,0,0.0125,0.9875,0,0,1,0,0,0,0,1,0,0,0
0,0,9.2745,0,0,90.725,0,0,0,0,0,4.6373,0,4.6373,0,0,90.725,0,0,0,0,0,0,4.6373,4.6373,0,0,90.725,0,0,0,0,0,0,0,0,0,1,0,0,1,0,0,0,0,1,0,0,0
0,0,0,21.985,17.964,41.653,0,18.398,0,0,0,0,16.537,1.8395,14.825,5.9013,31.646,21.301,2.9005,0,3.3372,1.7121,0,1.3375,20.577,1.7121,6.3539,9.67,33.999,6.3651,18.273,0,1.7121,0,0,0,0,1,0,0,1,0,0,0,0,1,0,0,0
0,0,0,0,0,100,0,0,0,0,0,0,0,0,0,0,81.894,18.106,0,0,0,0,0,0,11.395,0,0,88.605,0,0,0,0,0,0,0,0,0,1,0,0,1,0,0,0,0,1,0,0,0
0,0,9.4936,38.57,0,16.592,0,25.851,9.4936,0,0,3.2248,3.2248,3.2248,0,0,29.31,22.212,9.9083,22.212,0,6.6835,12.718,22.627,6.6835,0,6.6835,6.6835,0,3.2248,15.943,25.437,0,0,0,0,0,1,0,0,1,0,0,0,0,1,0,0,0
0,0,0,0,0,100,0,0,0,0,0,0,0,0,0,0,100,0,0,0,0,0,0,0,0,0,0,100,0,0,0,0,0,0,0,0,0,1,0,0,1,0,0,0,0,1,0,0,0
0,0,0,0,0,100,0,0,0,0,0,0,0,0,0,0,100,0,0,0,0,0,0,0,0,0,0,100,0,0,0,0,0,0,0,0,0,1,0,0,1,0,0,0,0,1,0,0,0
0,0,0,0,0,100,0,0,0,0,0,0,0,0,0,0,100,0,0,0,0,0,0,0,0,0,0,100,0,0,0,0,0,0,0,0,0.057692,0.94231,0,0,1,0,0,0,0,1,0,0,0
0,0,0,0,0,100,0,0,0,0,0,0,0,0,0,0,100,0,0,0,0,0,0,0,0,0,0,100,0,0,0,0,0,0,0,0,0.019608,0.98039,0,0,1,0,0,0,0,1,0,0,0
0,0,0,0,0,100,0,0,0,0,0,0,0,0,0,0,100,0,0,0,0,0,0,0,0,0,0,100,0,0,0,0,0,0,0,0,0.042857,0.95714,0,0,1,0,0,0,0,1,0,0,0
0,0,0,0,0,100,0,0,0,0,0,0,0,0,0,0,100,0,0,0,0,0,0,0,0,0,0,100,0,0,0,0,0,0,0,0,0.13333,0.86667,0,0,1,0,0,0,0,1,0,0,0
0,5.0382,12.185,5.0382,5.0382,67.662,0,0,5.0382,0,0,0,0,0,0,7.1471,63.444,17.224,0,0,7.1471,5.0382,5.0382,7.1471,0,5.0382,14.294,39.073,14.294,0,5.0382,10.076,0,0,0,0,0,1,0,0,1,0,0,0,0,1,0,0,0
0,6.9552,15.773,0,0,61.499,0,3.5569,6.108,6.108,0,9.6649,6.108,3.5569,0,13.063,41.322,13.222,0,0,6.108,6.9552,3.5569,15.773,0,6.9552,10.512,38.324,9.1057,0,12.216,3.5569,0,0,0,0,0.024096,0.9759,0,0,1,0,0,0,0,1,0,0,0
0,0,5.8794,0,0,94.121,0,0,0,0,0,0,0,0,0,5.8794,74.549,13.693,0,0,5.8794,0,0,5.8794,0,0,11.759,60.765,21.596,0,0,0,0,0,0,0,0,1,0,0,1,0,0,0,0,1,0,0,0
0,0,0,0,0,100,0,0,0,0,0,0,0,0,0,0,100,0,0,0,0,0,0,0,0,0,0,100,0,0,0,0,0,0,0,0,0,1,0,0,1,0,0,0,0,1,0,0,0
0,0,0,0,0,100,0,0,0,0,0,0,0,0,0,0,100,0,0,0,0,0,0,0,0,0,0,100,0,0,0,0,0,0,0,0,0,1,0,0,1,0,0,0,0,1,0,0,0
0,0,16.554,0,0,45.088,0,12.943,20.026,5.3894,0,3.6961,11.861,3.3866,0,14.551,26.153,21.023,6.4715,0,12.858,0,8.1648,10.082,6.4715,0,5.3803,29.247,8.7669,6.4715,10.779,14.636,0,0,0,0,0.026316,0.97368,0,0,1,0,0,0,0,1,0,0,0
0,0,3.5248,0,0,96.475,0,0,0,0,0,0,0,0,0,3.5248,83.286,9.6648,0,0,3.5248,0,0,3.5248,0,0,7.0496,72.898,16.527,0,0,0,0,0,0,0,0,1,0,0,1,0,0,0,0,1,0,0,0
0,0,4.1468,0,0,67.137,0,20.422,8.2936,0,0,0,16.276,0,0,4.1468,62.99,8.2936,4.1468,0,4.1468,0,4.1468,0,16.276,0,0,67.137,0,4.1468,0,8.2936,0,0,0,0,0,1,0,0,1,0,0,0,0,1,0,0,0
5.2154,1.9816,5.1769,1.2522,3.2338,42.613,2.7366,17.439,2.5045,10.689,7.1585,2.5045,23.881,0,7.9135,7.8879,35.951,0,2.7366,7.9777,9.1657,1.9816,2.7366,7.1585,17.207,7.4548,0,39.876,1.2522,7.1585,3.2338,9.2043,4.7182,0,0,0,0.018868,0.98113,0,0,1,0,0,0,0,1,0,0,0
0,0,0,0,0,100,0,0,0,0,0,0,0,0,0,0,100,0,0,0,0,0,0,0,0,0,0,100,0,0,0,0,0,0,0,0,0,1,0,0,1,0,0,0,0,1,0,0,0
0,0,0,0,0,100,0,0,0,0,0,0,0,0,0,0,100,0,0,0,0,0,0,0,0,0,0,100,0,0,0,0,0,0.046875,0,0.03125,0.078125,0.84375,0,0,1,0,0,0,0,1,0,0,0
0,0,0,0,0,100,0,0,0,0,0,0,0,0,0,0,100,0,0,0,0,0,0,0,0,0,0,100,0,0,0,0,0,0,0,0,0.047059,0.95294,0,0,1,0,0,0,0,1,0,0,0
0,0,0,0,0,100,0,0,0,0,0,0,0,0,0,0,100,0,0,0,0,0,0,0,0,0,0,100,0,0,0,0,0,0,0,0,0,1,0,0,1,0,0,0,0,1,0,0,0
0,0,0,0,0,100,0,0,0,0,0,0,0,0,0,0,100,0,0,0,0,0,0,0,0,0,0,100,0,0,0,0,0,0,0,0,0,1,0,0,1,0,0,0,0,1,0,0,0
0,0,0,0,0,100,0,0,0,0,0,0,0,0,0,0,100,0,0,0,0,0,0,0,0,0,0,100,0,0,0,0,0,0,0,0,0,1,0,0,1,0,0,0,0,1,0,0,0
0,17.104,12.028,3.5348,0,17.825,15.722,8.2288,21.049,4.5085,0,4.5085,1.5752,0,4.466,11.026,26.148,33.384,6.9175,0,4.3145,7.6596,8.4928,16.324,14.771,16.882,5.4396,6.1337,4.7689,2.052,5.0176,20.118,0,0,0,0,0.16667,0.83333,0,0,1,0,0,0,0,1,0,0,1
0,0,0,16.663,3.668,62.691,0,16.979,0,0,0,0,3.5089,0,8.6484,20.206,38.817,10.245,3.5089,0,6.5769,8.4893,0,0,30.688,8.4893,13.629,13.55,15.147,8.4109,8.4109,0,1.6749,0,0,0,0,1,0,0,1,0,0,0,0,1,0,0,0
0,0,22.775,26.055,4.1114,14.783,14.497,17.778,0,0,0,0,4.1114,0,4.1114,33.161,33.447,4.1114,3.2801,0,0,17.778,0,17.778,17.778,0,3.2801,11.503,0,0,4.1114,22.775,22.775,0,0,0,0,1,0,0,1,0,0,0,0,1,0,0,0
0,0,13.244,43.995,6.5021,16.923,2.583,16.752,0,0,0,0,12.833,0,2.583,17.163,48.085,6.5021,0,0,0,12.833,0,16.752,12.833,0,7.8381,9.085,0,0,6.5021,33.745,13.244,0,0,0,0,1,0,0,1,0,0,0,0,1,0,0,0
0,0,12.999,49.002,0,0,12.999,25,0,0,0,0,12.001,0,0,25.998,37.001,0,0,0,0,25,0,25,25,0,0,0,0,0,0,37.001,12.999,0,0,0,0.012987,0.98701,0,0,1,0,0,0,0,1,0,0,0
0,2.8381,3.8867,21.766,18.919,24.728,13.803,7.7722,6.2869,0,0,2.5907,2.5907,16.394,0,14.241,46.057,10.107,2.5907,2.5907,0,2.8381,22.681,5.1815,0,2.8381,2.8381,19.299,0,2.5907,16.584,27.988,0,0,0,0,0.027397,0.9726,0,0,1,0,0,0,0,1,0,0,1
0,3.25,3.25,31.468,21.926,19.837,9.3378,7.6815,3.25,0,0,2.5605,11.199,11.898,0,9.3378,29.597,27.037,2.5605,2.5605,0,3.25,15.148,5.121,0,3.25,0,17.277,0,2.5605,26.347,30.296,0,0,0,0,0.013333,0.98667,0,0,1,0,0,0,0,1,0,0,1
7.3879,10.252,0,2.2856,0,65.83,0,10.261,3.9833,0,0,2.2856,0,7.3879,0,5.6902,67.527,10.252,2.2856,0,0,4.5712,5.6902,11.371,8.5545,2.2856,0,63.544,0,0,2.2856,3.9833,2.2856,0,0,0,0,1,0,0,1,0,0,0,0,1,0,0,0
0,0,22.162,0,8.5198,24.573,0,10.052,20.975,5.5076,8.2113,12.022,11.84,4.5054,0,20.36,7.9151,17.272,9.4339,0,10.14,6.5109,17.349,11.327,12.535,0,1.4042,8.1345,8.5198,16.253,11.324,13.153,0,0,0,0,0,1,0,0,1,0,0,0,0,1,0,0,1
59.22,0,3.3684,0,10.904,15.603,0,0,4.4332,0,6.471,59.22,0,3.2355,3.3684,3.2355,15.603,0,4.4332,10.904,0,0,58.155,0,0,0,0,20.036,0,6.471,7.6687,7.6687,0,0,0,0,0,1,0,0,1,0,0,0,0,1,0,0,0
0,19.06,25.036,2.5013,0,22.405,14.37,2.3366,11.886,2.4045,0,2.4045,8.052,0,7.032,3.6696,28.734,22.894,14.483,0,1.1683,11.563,13.474,24.924,11.285,16.888,4.5307,13.02,3.5213,1.1683,3.8342,7.3555,0,0,0,0,0.3125,0.6875,0,0,1,0,0,0,0,1,0,0,1
0,0,0,30.246,4.555,44.434,0,20.765,0,0,0,0,12.189,0,5.9519,15.644,30.33,13.424,6.2029,0,8.8685,7.3892,0,0,21.066,7.3892,2.3725,12.339,23.616,11.84,12.203,0,9.1746,0,0,0,0,1,0,0,1,0,0,0,0,1,0,0,0
0,0,0,20.267,15.429,51.731,0,12.572,0,0,0,0,14.001,0,4.6928,6.1552,36.191,21.585,7.9568,0,6.1552,3.2641,0,0,27.628,3.2641,0,13.628,30.52,10.848,10.848,0,3.2641,0,0,0,0,1,0,0,1,0,0,0,0,1,0,0,0
0,0,34.126,0,0,37.281,0,9.9499,4.5575,14.085,0,16.383,0,2.2978,9.9499,4.5575,27.331,4.5575,22.436,0,0,12.486,7.0942,24.734,12.248,9.9499,9.9499,22.774,4.5575,4.1352,0,4.5575,0,0,0.5814,0,0.046512,0.37209,0,0,1,0,0,0,0,1,0,0,1
0,0,20.399,0,0,72.802,0,0,0,6.7996,0,6.7996,0,6.7996,6.7996,0,66.002,6.7996,0,0,0,6.7996,13.599,6.7996,0,0,6.7996,46.884,19.118,6.7996,0,0,0,0,0.019417,0.0097087,0.95146,0.019417,0,0,1,0,0,0,0,1,0,0,0
0,0,0,0,0,100,0,0,0,0,0,0,0,0,0,0,100,0,0,0,0,0,0,0,0,0,0,75,25,0,0,0,0,0,0,0,1,0,0,0,1,0,0,0,0,1,0,0,0
0,0,0,0,0,93.142,0,0,0,6.8583,0,6.8583,0,0,0,0,93.142,0,0,0,0,0,0,0,0,0,0,47.155,45.987,6.8583,0,0,0,0,0,0,1,0,0,0,1,0,0,0,0,1,0,0,0
0,0,0,18.736,17.773,44.821,0,18.669,0,0,0,0,16.515,0,13.882,6.8828,34.257,19.319,4.3485,0,1.5452,3.2513,0,0,27.231,3.2513,3.4122,9.2294,33.411,6.274,13.721,0,3.4706,0,0,0,0,1,0,0,1,0,0,0,0,1,0,0,0
0,0,3.6501,24.86,4.1374,63.703,0,3.6501,0,0,0,0,5.7188,3.6501,2.0687,14.638,55.063,8.64,2.0687,3.6501,4.5027,0,0,0,18.277,0,0,25.031,19.628,13.057,10.221,7.3001,6.4854,0,0,0,0,1,0,0,1,0,0,0,0,1,0,0,0
0,0,14.602,33.089,6.2212,15.583,0,23.233,7.2719,0,0,5.419,10.907,21.508,0,11.273,21.876,15.583,2.5267,10.907,0,0,17.071,5.0534,8.3805,0,7.2719,2.8923,0,11.64,13.434,34.257,0,0,0,0,0,1,0,0,1,0,0,0,0,1,0,0,1
0,0,0,0,4.264,91.472,0,4.264,0,0,0,0,4.264,0,0,0,73.386,22.35,0,0,0,0,0,0,8.528,0,0,82.944,8.528,0,0,0,0,0,0,0,0,1,0,0,1,0,0,0,0,1,0,0,0
0,0,22.186,29.766,16.64,14.215,0,9.6135,7.5797,0,0,4.0567,2.0337,10.55,0,4.0567,38.837,25.307,0,15.159,0,0,7.5797,7.5797,4.0675,0,0,6.0905,4.0675,18.663,7.5797,44.372,0,0,0,0,0.17949,0.82051,0,0,1,0,0,0,0,1,0,0,1
0,0,20.8,39.344,12.868,11.988,0,11.891,3.1093,0,0,1.3198,11.476,19.01,0,4.8218,36.82,12.873,1.3198,12.36,0,0,4.4291,5.749,4.8218,0,0,10.668,0,14.188,15.905,44.239,0,0,0,0,0,1,0,0,1,0,0,0,0,1,0,0,1
0,0,0,0,0,100,0,0,0,0,0,0,0,0,0,0,78.841,21.159,0,0,0,0,0,0,0,0,0,100,0,0,0,0,0,0,0,0,0,1,0,0,1,0,0,0,0,1,0,0,0
0,0,0,0,0,100,0,0,0,0,0,0,0,0,0,0,100,0,0,0,0,0,0,0,0,0,0,50,50,0,0,0,0,0,0,0,1,0,0,0,1,0,0,0,0,1,0,0,0
0,0,0,0,0,57.047,28.859,14.094,0,0,0,0,0,0,0,0,85.906,14.094,0,0,0,0,0,14.094,0,28.859,0,57.047,0,0,0,0,0,0,0,0,0.60377,0.39623,0,0,1,0,0,0,0,1,0,0,0
0,0,0,0,0,100,0,0,0,0,0,0,0,0,0,0,69.183,30.817,0,0,0,0,0,0,7.7921,0,0,92.208,0,0,0,0,0,0,0,0,0,1,0,0,1,0,0,0,0,1,0,0,0
0,0,0,0,0,66.667,0,33.333,0,0,0,0,0,0,0,0,66.667,33.333,0,0,0,0,0,33.333,0,0,0,66.667,0,0,0,0,0,0,0,0,0.90323,0.096774,0,0,1,0,0,0,0,1,0,0,0
0,0,0,0,0,36.747,28.909,34.344,0,0,0,0,0,0,0,7.8376,65.656,26.506,0,0,0,0,7.8376,26.506,0,28.909,0,36.747,0,0,0,0,0,0,0,0,0,1,0,0,1,0,0,0,0,1,0,0,0
0,0,0,0,0,69.807,30.193,0,0,0,0,0,0,0,0,0,100,0,0,0,0,0,0,0,0,30.193,0,69.807,0,0,0,0,0,0,0,0,0,1,0,0,1,0,0,0,0,1,0,0,0
0,0,0,0,0,100,0,0,0,0,0,0,0,0,0,0,100,0,0,0,0,0,0,0,0,0,0,100,0,0,0,0,0,0,0,0,0,1,0,0,1,0,0,0,0,1,0,0,0
0,0,0,0,0,69.713,30.287,0,0,0,0,0,0,0,0,0,100,0,0,0,0,0,0,0,0,30.287,0,69.713,0,0,0,0,0,0,0,0,0,1,0,0,1,0,0,0,0,1,0,0,0
0,0,0,0,0,100,0,0,0,0,0,0,0,0,0,7.6504,84.699,7.6504,0,0,0,0,0,0,0,0,0,92.35,7.6504,0,0,0,0,0,0,0,0,1,0,0,1,0,0,0,0,1,0,0,0
0,0,0,0,0,100,0,0,0,0,0,0,0,0,0,0,100,0,0,0,0,0,0,0,0,0,0,100,0,0,0,0,0,0,0,0,1,0,0,0,1,0,0,0,0,1,0,0,0
0,0,0,0,0,63.983,0,0,36.017,0,0,0,10.664,17.002,0,0,63.983,0,0,0,8.3514,0,0,0,0,0,0,63.983,0,0,0,8.3514,27.666,0,0,0,1,0,0,0,1,0,0,0,0,1,0,0,0
0,0,0,0,0,100,0,0,0,0,0,0,0,0,0,0,100,0,0,0,0,0,0,0,0,0,0,93.137,6.8626,0,0,0,0,0,0,0,1,0,0,0,1,0,0,0,0,1,0,0,0
0,0,0,0,0,78.97,0,0,21.03,0,0,0,0,12.988,0,0,78.97,0,0,0,8.0421,0,0,0,0,0,0,78.97,0,0,0,8.0421,12.988,0,0,0,0.96739,0.032609,0,0,1,0,0,0,0,1,0,0,0
0,0,0,0,0,88.051,0,0,11.949,0,0,0,0,11.949,0,0,88.051,0,0,0,0,0,0,0,0,0,0,88.051,0,0,0,0,11.949,0,0,0,0,1,0,0,1,0,0,0,0,1,0,0,0
0,0,0,0,0,89.574,0,0,10.426,0,0,0,0,10.426,0,0,89.574,0,0,0,0,0,0,0,0,0,0,89.574,0,0,0,0,10.426,0,0,0,0,1,0,0,1,0,0,0,0,1,0,0,0
0,0,0,0,0,75.703,0,0,24.297,0,0,0,0,9.3424,0,0,75.703,0,0,0,14.955,0,0,0,0,0,0,75.703,0,0,0,14.955,9.3424,0,0,0,0,1,0,0,1,0,0,0,0,1,0,0,0
0,0,0,0,0,85.347,0,0,14.653,0,0,0,0,5.0479,0,0,85.347,0,0,0,9.6048,0,0,0,0,0,0,85.347,0,0,0,9.6048,5.0479,0,0,0,0,1,0,0,1,0,0,0,0,1,0,0,0
0,0,0,0,0,100,0,0,0,0,0,0,0,0,0,0,100,0,0,0,0,0,0,0,0,0,0,100,0,0,0,0,0,0,0,0,0,1,0,0,1,0,0,0,0,1,0,0,0
0,0,0,0,0,100,0,0,0,0,0,0,0,0,0,0,100,0,0,0,0,0,0,0,0,0,0,100,0,0,0,0,0,0,0,0,0,1,0,0,1,0,0,0,0,1,0,0,0
0,0,0,0,0,100,0,0,0,0,0,0,0,0,0,0,100,0,0,0,0,0,0,0,0,0,0,100,0,0,0,0,0,0,0,0,0,1,0,0,1,0,0,0,0,1,0,0,0
0,0,0,0,0,100,0,0,0,0,0,0,0,0,0,0,100,0,0,0,0,0,0,0,0,0,0,100,0,0,0,0,0,0,0,0,0,1,0,0,1,0,0,0,0,1,0,0,0
0,0,0,0,0,100,0,0,0,0,0,0,0,0,0,0,100,0,0,0,0,0,0,0,0,0,0,38.899,61.101,0,0,0,0,0,0,0,0.98667,0.013333,0,0,1,0,0,0,0,1,0,0,0
0,0,13.561,0,0,78.313,0,8.1257,0,0,0,13.114,0,0,0,0,50.053,15.146,0,0,13.561,8.1257,28.813,5.9882,0,0,7.5729,50.053,7.5729,0,0,0,0,0,0,0,0,1,0,0,1,0,0,0,0,1,0,0,0
0,0,4.5598,0,0,91.423,0,4.0167,0,0,0,34.491,0,0,0,0,52.916,4.0167,0,0,4.5598,4.0167,34.491,8.5765,0,0,0,52.916,4.0167,0,0,0,0,0,0,0,0,1,0,0,1,0,0,0,0,1,0,0,0
0,0,7.9541,0,0,79.045,0,6.3105,0,0,6.6908,20.575,0,6.6908,0,5.7173,40.724,12.028,0,0,7.9541,6.3105,20.575,14.265,0,0,6.6908,33.06,18.719,6.6908,0,0,0,0,0,0,0,1,0,0,1,0,0,0,0,1,0,0,0
0,0,10.746,0,0,71.088,0,18.166,0,0,0,15.781,0,0,0,0,52.79,2.5173,0,0,10.746,18.166,31.429,13.264,0,0,0,52.79,2.5173,0,0,0,0,0,0,0,0,1,0,0,1,0,0,0,0,1,0,0,0
0,0,0,0,0,100,0,0,0,0,0,0,0,0,0,0,100,0,0,0,0,0,0,0,0,0,0,100,0,0,0,0,0,0,0,0,0,1,0,0,1,0,0,0,0,1,0,0,0
0,0,0,0,0,100,0,0,0,0,0,0,0,0,0,0,100,0,0,0,0,0,0,0,0,0,0,100,0,0,0,0,0,0,0,0,0,1,0,0,1,0,0,0,0,1,0,0,0
0,0,0,0,0,100,0,0,0,0,0,0,0,0,0,0,100,0,0,0,0,0,0,0,0,0,0,100,0,0,0,0,0,0,0,0,0,1,0,0,1,0,0,0,0,1,0,0,0
0,0,0,0,0,100,0,0,0,0,0,0,0,0,0,0,100,0,0,0,0,0,0,0,0,0,0,100,0,0,0,0,0,0,0,0,0,1,0,0,1,0,0,0,0,1,0,0,0
0,0,0,0,0,100,0,0,0,0,0,0,0,0,0,0,100,0,0,0,0,0,0,0,0,0,0,100,0,0,0,0,0,0,0,0,0,1,0,0,1,0,0,0,0,1,0,0,0
0,0,0,0,0,100,0,0,0,0,0,0,0,0,0,0,100,0,0,0,0,0,0,0,0,0,0,100,0,0,0,0,0,0,0,0,0,1,0,0,1,0,0,0,0,1,0,0,0
0,0,0,0,0,100,0,0,0,0,0,0,0,0,0,0,100,0,0,0,0,0,0,0,0,0,0,100,0,0,0,0,0,0,0,0,0,1,0,0,1,0,0,0,0,1,0,0,0
0,0,0,0,0,100,0,0,0,0,0,0,0,0,0,0,100,0,0,0,0,0,0,0,0,0,0,100,0,0,0,0,0,0,0,0,0,1,0,0,1,0,0,0,0,1,0,0,0
0,0,18.549,28.497,18.549,26.943,0,7.4612,0,0,0,8.3938,2.4871,2.4871,0,18.549,48.808,14.3,2.4871,2.4871,0,0,2.4871,4.9741,0,0,0,18.549,0,14.3,17.617,42.073,0,0,0,0,0,1,0,0,1,0,0,0,0,1,0,0,0
0,0,0,0,0,100,0,0,0,0,0,0,0,0,0,0,88.744,11.256,0,0,0,0,0,0,0,0,0,100,0,0,0,0,0,0,0,0,0,1,0,0,1,0,0,0,0,1,0,0,0
0,0,21.184,0,3.6641,25.463,0,4.1343,22.075,14.23,9.2487,14.183,14.377,13.007,0,18.041,9.2957,12.78,5.7313,0,7.0014,5.5846,15.027,13.533,11.316,0,0,7.0014,11.086,5.7313,22.875,13.43,0,0,0,0,0.12903,0.87097,0,0,1,0,0,0,0,1,0,0,1
0,0,16.16,0,4.5767,41.239,0,12.338,23.256,2.4293,0,3.0943,7.0514,7.953,0,15.495,17.835,26.306,4.6221,0,13.066,4.5767,14.722,6.9616,4.6221,0,10.829,7.7163,17.17,13.775,9.4354,14.768,0,0,0,0,0.58333,0.41667,0,0,1,0,0,0,0,1,0,0,1
0,0,0,0,0,100,0,0,0,0,0,0,0,0,0,0,50,50,0,0,0,0,0,0,0,0,0,100,0,0,0,0,0,0,0,0,0,1,0,0,1,0,0,0,0,1,0,0,0
0,0,0,0,0,73.669,13.166,13.166,0,0,0,0,0,0,0,36.834,63.166,0,0,0,0,0,13.166,0,0,13.166,0,73.669,0,0,0,0,0,0,0,0,0.9322,0.067797,0,0,1,0,0,0,0,1,0,0,0
0,0,0,0,0,58.565,23.985,17.45,0,0,0,0,0,0,16.897,20.258,45.716,17.13,0,0,0,0,10.129,7.3213,0,7.0882,16.897,58.565,0,0,0,0,0,0,0,0,0,1,0,0,1,0,0,0,0,1,0,0,0
0,0,0,0,0,100,0,0,0,0,0,0,0,0,0,0,82.27,17.73,0,0,0,0,0,0,0,0,0,86.553,13.447,0,0,0,0,0,0,0,0,1,0,0,1,0,0,0,0,1,0,0,0
0,0,0,0,0,75.958,0,24.042,0,0,0,0,0,0,0,48.084,34.611,17.305,0,0,0,0,24.042,0,0,0,0,58.653,17.305,0,0,0,0,0,0,0,0.92593,0.074074,0,0,1,0,0,0,0,1,0,0,0
0,0,0,0,0,50,40.813,9.1867,0,0,0,0,0,0,5.3338,9.1867,43.562,41.918,0,0,0,0,9.1867,0,0,35.479,5.3338,50,0,0,0,0,0,0,0,0,0.05,0.95,0,0,1,0,0,0,0,1,0,0,0
0,0,0,0,0,77.111,14.725,8.1648,0,0,0,0,0,0,6.5598,14.214,72.667,6.5598,0,0,0,0,8.1648,0,0,8.1648,6.5598,71.244,5.8664,0,0,0,0,0,0,0,0,1,0,0,1,0,0,0,0,1,0,0,0
0,0,0,0,0,88.116,11.884,0,0,0,0,0,0,0,5.9421,8.706,76.646,8.706,0,0,0,0,0,0,0,5.9421,5.9421,69.058,19.058,0,0,0,0,0,0,0,0,1,0,0,1,0,0,0,0,1,0,0,0
0,0,0,0,0,69.327,30.673,0,0,0,0,0,0,0,5.6391,4.7522,70.213,19.395,0,0,0,0,0,0,0,25.034,5.6391,45.02,24.306,0,0,0,0,0,0,0,0,1,0,0,1,0,0,0,0,1,0,0,0
0,0,4.8292,0,0,85.512,0,0,4.8292,0,4.8292,0,0,0,4.8292,26.808,58.704,0,4.8292,4.8292,0,0,4.8292,0,0,0,0,64.022,21.49,4.8292,0,4.8292,0,0,0,0,0,1,0,0,1,0,0,0,0,1,0,0,0
0,0,17.51,0,3.479,43.968,0,8.3529,16.447,8.6001,1.6442,11.252,13.413,13.539,0,13.723,17.533,20.804,1.6442,0,6.2579,1.8348,12.84,15.675,4.8126,0,5.1845,15.944,11.833,5.3138,19.035,9.3615,0,0,0,0,0.76056,0.23944,0,0,1,0,0,0,0,1,0,0,1
5.305,20.941,12.943,11.854,0,30.918,3.5377,0,1.4832,2.7342,10.284,21.758,4.3531,23.833,11.31,12.065,13.45,6.5041,1.0263,3.3268,2.3737,0,0,4.3531,5.4546,13.005,2.5846,22.497,13.684,13.168,11.854,13.4,0,0,0,0,0.047619,0.95238,0,0,1,0,0,0,0,1,0,0,1
0,0,25,0,0,0,0,0,25,25,25,25,0,25,0,0,25,0,0,0,0,25,25,0,25,0,0,0,0,0,25,25,0,0,0,0.18182,0.18182,0.63636,0,0,1,0,0,0,0,1,0,0,1
5.9183,28.455,4.6857,6.887,1.1539,35.201,3.0539,0,9.9894,3.1119,1.5447,5.198,4.6857,8.8226,10.81,21.982,6.8837,15.571,9.8418,11.499,4.1303,0.57693,0,4.6857,21.96,20.97,3.1476,8.1852,7.478,5.198,6.887,21.488,0,0.3,0,0.04,0.1,0.56,0,0,1,0,0,0,0,1,0,0,1
0,0,13.334,2.7761,3.6976,30.733,0,3.7387,30.126,10.604,4.9912,4.9912,10.258,18.992,0,11.179,14.301,18.601,1.8693,2.7761,8.343,8.6887,16.171,2.7761,6.8605,0,0,4.6454,17.699,9.2644,22.69,19.895,0,0.021739,0,0,0.021739,0.95652,0,0,1,0,0,0,0,1,0,0,1
6.8501,1.2011,8.312,8.4013,8.6529,34.55,2.993,6.5764,8.442,6.9487,7.0725,4.4117,12.185,3.9425,5.8714,12.914,24.391,9.3761,1.5019,8.442,11.269,5.6961,3.0917,6.5201,6.3945,5.6961,0,26.665,9.8924,8.5745,9.6024,19.369,4.1941,0,0,0,0.074074,0.92593,0,0,1,0,0,0,0,1,0,0,1
0,0,7.4515,0,7.4515,18.116,0,0,12.68,50.801,3.4998,3.4998,5.8882,4.7767,0,13.34,54.753,6.34,3.4998,0,3.9517,3.9517,9.8398,3.4998,3.4998,0,0,0,12.228,11.403,8.7284,50.801,0,0.11628,0,0.023256,0.4186,0.44186,0,0,1,0,0,0,0,1,0,0,1
4.1526,10.569,9.813,19.257,6.8468,38.817,2.2606,0,3.8606,1.0797,3.3436,9.908,5.6065,14.891,6.2588,12.439,13.666,14.325,6.3386,4.9403,8.2034,3.4234,0,5.6065,6.3003,11.988,1.1809,20.198,14.717,7.7454,19.257,10.964,2.0439,0,0,0,0,1,0,0,1,0,0,0,0,1,0,0,1
0,0,0,0,0,100,0,0,0,0,0,0,0,0,0,0,90.356,9.6437,0,0,0,0,0,0,0,0,0,84.644,15.356,0,0,0,0,0,0,0,0.057692,0.94231,0,0,1,0,0,0,0,1,0,0,0
0,0,0,0,0,100,0,0,0,0,0,0,0,0,0,14.103,73.942,11.955,0,0,0,0,0,0,0,0,0,88.024,11.976,0,0,0,0,0,0,0,0.9881,0.011905,0,0,1,0,0,0,0,1,0,0,0
3.2514,20.703,17.872,1.3002,0,26.58,14.356,0,0.62554,14.702,0.6095,30.277,17.262,1.9097,4.1411,2.5513,10.018,14.982,3.5316,14.982,0.34534,0,0,17.262,18.859,4.7666,0.34534,7.7217,3.8609,29.667,1.3002,16.217,0,0,0,0,0.15385,0.84615,0,0,1,0,0,0,0,1,0,0,1
32.985,5.7532,2.5966,1.3113,0,24.965,15.344,0,0.72757,0.33744,15.98,1.6102,1.9602,32.635,18.668,18.11,7.192,16.071,2.6878,0.72757,0.33744,0,0,1.9602,19.097,34.739,15.681,5.8682,18.278,0.97385,1.3113,2.0916,0,0.91667,0,0,0.083333,0,0,0,1,0,0,0,0,1,0,0,1
0,0,0,0,0,100,0,0,0,0,0,0,0,0,0,0,92.835,7.1654,0,0,0,0,0,0,0,0,0,78.187,21.813,0,0,0,0,0,0,0,1,0,0,0,1,0,0,0,0,1,0,0,0
17.399,12.254,7.6761,6.826,0,26.002,13.018,0,1.0407,6.4749,9.3091,14.169,5.0369,22.805,10.35,14.267,8.1367,15.369,1.0407,6.0776,2.7488,0,0,5.0369,16.537,19.371,9.4187,9.4652,10.747,12.84,6.826,8.4468,1.3107,0.018182,0,0,0.14545,0.83636,0,0,1,0,0,0,0,1,0,0,1
0,0,0,0,0,75.23,24.77,0,0,0,0,0,0,0,0,0,50.461,49.539,0,0,0,0,0,0,0,24.77,0,62.615,12.615,0,0,0,0,0,0,0,0.047619,0.95238,0,0,1,0,0,0,0,1,0,0,0
0,0,8.3918,0,0,74.824,0,0,8.3918,0,8.3918,0,0,0,8.3918,8.3918,66.433,0,8.3918,8.3918,0,0,8.3918,0,0,0,0,60.314,14.51,8.3918,0,8.3918,0,0,0,0,0,1,0,0,1,0,0,0,0,1,0,0,0
0,0,0,0,0,100,0,0,0,0,0,0,0,0,0,0,75.732,24.268,0,0,0,0,0,0,0,0,0,92.018,7.982,0,0,0,0,0,0,0,1,0,0,0,1,0,0,0,0,1,0,0,0
0,0,0,0,0,100,0,0,0,0,0,0,0,0,0,0,100,0,0,0,0,0,0,0,0,0,0,90.987,9.0126,0,0,0,0,0,0,0,1,0,0,0,1,0,0,0,0,1,0,0,0
0,0,0,0,0,75.987,0,0,24.013,0,0,0,0,0,0,24.013,75.987,0,0,0,0,0,0,0,0,0,0,75.987,0,0,0,0,24.013,0,0,0,0.98413,0.015873,0,0,1,0,0,0,0,1,0,0,0
0,0,0,0,0,83.346,0,0,16.654,0,0,0,4.3611,0,0,16.654,78.985,0,0,0,0,0,0,0,0,0,0,78.985,4.3611,0,0,0,16.654,0,0,0,0,1,0,0,1,0,0,0,0,1,0,0,0
0,0,0,0,0,90.252,0,0,9.7482,0,0,0,0,0,0,9.7482,90.252,0,0,0,0,0,0,0,0,0,0,90.252,0,0,0,0,9.7482,0,0,0,0,1,0,0,1,0,0,0,0,1,0,0,0
0,0,0,0,0,100,0,0,0,0,0,0,0,0,0,0,92.416,7.5837,0,0,0,0,0,0,0,0,0,100,0,0,0,0,0,0,0,0,0,1,0,0,1,0,0,0,0,1,0,0,0
0,0,0,0,0,100,0,0,0,0,0,0,0,0,0,0,100,0,0,0,0,0,0,0,0,0,0,100,0,0,0,0,0,0,0,0,0,1,0,0,1,0,0,0,0,1,0,0,0
0,0,6.9296,0,17.028,59.013,0,0,0,0,17.028,0,0,8.5142,0,18.07,26.042,23.415,0,17.028,6.9296,0,6.9296,0,0,0,6.9296,35.598,16.486,17.028,8.5142,8.5142,0,0,0,0,0,1,0,0,1,0,0,0,0,1,0,0,0
0,6.8696,17.076,24.317,17.076,17.189,2.586,5.4308,9.4556,0,0,1.8103,1.8103,4.3962,0,10.206,55.737,15.549,1.8103,1.8103,0,6.8696,13.852,3.6205,0,6.8696,0,15.378,0,1.8103,20.697,37.773,0,0,0,0,0.032258,0.96774,0,0,1,0,0,0,0,1,0,0,1
6.1105,0,3.7733,0,21.938,46.241,0,0,6.1105,0,15.827,6.1105,0,7.9135,3.7733,14.459,39.695,0,6.1105,21.938,0,0,3.7733,0,0,0,0,42.46,9.8912,15.827,14.024,14.024,0,0,0,0,0,1,0,0,1,0,0,0,0,1,0,0,0
0,0,5.2715,0,0,86.327,0,8.4014,0,0,0,23.415,0,0,0,0,49.062,13.85,0,0,5.2715,8.4014,33.781,3.3071,0,0,5.2715,49.062,8.5786,0,0,0,0,0,0,0,0,1,0,0,1,0,0,0,0,1,0,0,0
13.909,0,4.5423,0,13.909,44.486,0,0,14.819,0,8.3335,13.909,0,3.7913,4.5423,8.1746,39.944,0,14.819,14.819,0,0,4.5423,0,0,0,3.7913,50.813,3.7913,8.3335,10.277,18.452,0,0,0,0,0,1,0,0,1,0,0,0,0,1,0,0,0
17.233,0,4.2524,0,17.233,42.97,0,0,14.06,0,4.2524,17.233,0,0,4.2524,11.677,38.717,0,14.06,14.06,0,0,4.2524,0,0,0,0,60.202,0,4.2524,9.8078,21.485,0,0,0,0,0,1,0,0,1,0,0,0,0,1,0,0,0
0,0,0,0,0,100,0,0,0,0,0,0,0,0,0,0,100,0,0,0,0,0,0,0,0,0,0,100,0,0,0,0,0,0,0,0,0,1,0,0,1,0,0,0,0,1,0,0,0
0,0,0,0,0,100,0,0,0,0,0,0,0,0,0,0,100,0,0,0,0,0,0,0,0,0,0,100,0,0,0,0,0,0,0,0,0,1,0,0,1,0,0,0,0,1,0,0,0
0,0,0,0,0,100,0,0,0,0,0,0,0,0,0,0,100,0,0,0,0,0,0,0,0,0,0,100,0,0,0,0,0,0,0,0,0,1,0,0,1,0,0,0,0,1,0,0,0
0,0,0,0,0,100,0,0,0,0,0,0,0,0,0,0,100,0,0,0,0,0,0,0,0,0,0,100,0,0,0,0,0,0,0,0,0,1,0,0,1,0,0,0,0,1,0,0,0
0,0,0,0,0,100,0,0,0,0,0,0,0,0,0,0,100,0,0,0,0,0,0,0,0,0,0,100,0,0,0,0,0,0,0,0,0,1,0,0,1,0,0,0,0,1,0,0,0
0,0,0,0,0,100,0,0,0,0,0,0,0,0,0,0,100,0,0,0,0,0,0,0,0,0,0,100,0,0,0,0,0,0,0,0,0,1,0,0,1,0,0,0,0,1,0,0,0
0,0,0,0,0,100,0,0,0,0,0,0,0,0,0,0,100,0,0,0,0,0,0,0,0,0,0,100,0,0,0,0,0,0,0,0,0,1,0,0,1,0,0,0,0,1,0,0,0
0,0,0,0,0,100,0,0,0,0,0,0,0,0,0,0,100,0,0,0,0,0,0,0,0,0,0,100,0,0,0,0,0,0,0,0,0,1,0,0,1,0,0,0,0,1,0,0,0
0,0,0,0,14.216,68.53,8.6268,8.6268,0,0,0,0,0,8.6268,0,0,68.53,14.216,0,0,0,8.6268,0,8.6268,8.6268,0,0,68.53,0,0,14.216,0,0,0,0,0,0,1,0,0,1,0,0,0,0,1,0,0,0
3.9766,0,0,0,25.932,66.115,0,3.9766,0,0,0,0,0,3.9766,12.966,3.9766,59.341,6.7741,6.7741,0,6.192,0,3.9766,3.9766,0,0,0,66.115,0,12.966,12.966,0,0,0,0,0,0,1,0,0,1,0,0,0,0,1,0,0,0
4.581,2.9748,0,6.9999,0,46.151,14.906,20.362,4.0251,0,0,2.9748,0,8.6061,0,7.5558,47.201,2.9748,6.9999,10.881,0,12.806,18.437,8.6061,5.9496,2.9748,0,43.176,0,0,9.831,4.0251,6.9999,0,0,0,0,1,0,0,1,0,0,0,0,1,0,0,0
4.2106,17.448,0,6.7553,3.0775,37.357,3.3377,23.604,4.2106,0,0,9.0265,0,7.5483,0,6.7553,32.541,20.525,6.7553,0,0,16.848,6.7553,14.03,21.059,9.0265,0,28.33,0,0,9.8328,4.2106,6.7553,0,0,0,0,1,0,0,1,0,0,0,0,1,0,0,0
0,4.1623,0,0,0,95.838,0,0,0,0,0,4.1623,0,0,0,0,91.675,4.1623,0,0,0,0,0,4.1623,0,4.1623,0,91.675,0,0,0,0,0,0,0,0,0,1,0,0,1,0,0,0,0,1,0,0,0
0,4.1524,0,13.263,0,27.338,25.95,20.186,9.1107,0,0,4.1524,0,16.839,0,4.1524,32.296,4.1524,13.263,9.1107,0,16.033,13.263,16.839,16.033,4.1524,0,23.185,0,0,4.1524,9.1107,13.263,0,0,0,0,1,0,0,1,0,0,0,0,1,0,0,0
0,0,0,9.7368,0,80.526,9.7368,0,0,0,0,9.7368,9.7368,0,0,0,80.526,0,0,0,0,0,9.7368,0,0,0,0,80.526,0,0,0,0,9.7368,0,0,0,0,1,0,0,1,0,0,0,0,1,0,0,0
0,0,0,0,0,100,0,0,0,0,0,0,0,0,0,0,100,0,0,0,0,0,0,0,0,0,0,100,0,0,0,0,0,0,0,0,0,1,0,0,1,0,0,0,0,1,0,0,0
0,0,0,0,0,100,0,0,0,0,0,0,0,0,0,0,100,0,0,0,0,0,0,0,0,0,0,100,0,0,0,0,0,0,0,0,0,1,0,0,1,0,0,0,0,1,0,0,0
0,0,0,0,0,90.983,9.0168,0,0,0,0,0,0,0,0,0,90.983,0,0,0,9.0168,0,0,0,9.0168,0,0,90.983,0,0,0,0,0,0,0,0,0,1,0,0,1,0,0,0,0,1,0,0,0
0,0,0,0,0,94.74,0,0,5.2598,0,0,0,0,0,0,0,94.74,5.2598,0,0,0,0,0,0,0,0,0,94.74,0,0,0,5.2598,0,0,0,0,0,1,0,0,1,0,0,0,0,1,0,0,0
0,0,0,4.2103,0,42.968,52.821,0,0,0,0,4.2103,10.695,0,0,10.695,57.874,0,0,0,16.526,0,4.2103,0,16.526,0,29.811,38.758,0,0,0,0,10.695,0,0,0,0,1,0,0,1,0,0,0,0,1,0,0,0
0,0,0,5.4215,0,39.601,54.978,0,0,0,0,5.4215,17.811,0,0,12.389,51.99,0,0,0,12.389,0,5.4215,0,12.389,0,24.778,39.601,0,0,0,0,17.811,0,0,0,0,1,0,0,1,0,0,0,0,1,0,0,0
0,4.0477,0,0,0,95.952,0,0,0,0,0,4.0477,0,0,0,0,95.952,0,0,0,0,0,0,4.0477,4.0477,0,0,91.905,0,0,0,0,0,0,0,0,0,1,0,0,1,0,0,0,0,1,0,0,0
0,0,0,0,0,76.563,0,10.015,10.063,3.3602,0,0,6.6544,0,0,3.3602,79.923,6.7024,0,3.3602,0,0,3.3602,0,6.6544,0,0,76.563,0,0,0,13.423,0,0,0,0,0,1,0,0,1,0,0,0,0,1,0,0,0
12.99,5.3849,2.1956,5.1003,6.1404,26.696,1.0774,6.5878,9.187,18.5,6.1404,8.7359,23.034,0,3.273,18.47,20.309,2.8801,1.0774,9.9017,5.4686,6.8495,7.3377,7.5805,13.795,9.0042,5.7848,16.929,2.1956,6.1404,6.1404,20.07,5.0222,0,0,0,0.014925,0.98507,0,0,1,0,0,0,0,1,0,0,0
0,7.5872,8.2178,0,0,67.76,0,0,12.327,4.1089,0,7.5872,4.1089,4.1089,0,0,67.76,8.2178,0,0,4.1089,4.1089,0,11.696,11.696,0,0,64.281,0,0,0,12.327,0,0,0,0,0,1,0,0,1,0,0,0,0,1,0,0,0
5.048,7.8758,12.515,1.4691,3.2586,35.167,0,3.8292,16.241,7.509,7.0878,9.0246,14.917,2.4609,5.2984,18.284,16.836,12.173,0,2.9383,13.817,4.2504,2.2944,17.93,15.315,1.7894,7.2507,23.327,3.7636,7.0878,3.2586,16.194,1.7894,0,0,0,0,1,0,0,1,0,0,0,0,1,0,0,0
13.856,5.3397,7.146,2.3802,7.5681,27.561,4.7862,6.7191,2.5266,12.303,9.8137,2.5713,21.27,1.2405,7.0317,21.492,17.177,7.7636,1.1261,3.3474,8.2722,8.7079,3.3609,7.5853,8.2089,10.96,4.0029,21.292,4.9005,9.8137,5.1486,16.033,8.6943,0.023256,0,0.023256,0.76744,0.18605,0,0,1,0,0,0,0,1,0,0,1
10.349,2.5555,3.5848,5.2384,4.3225,52.108,0,1.8179,3.5339,10.349,6.1404,7.0054,17.278,0,3.5848,23.241,21.137,12.841,0,3.5339,5.3518,6.027,8.0352,6.1404,12.295,6.027,11.748,32.324,1.767,6.1404,4.3225,8.645,2.5555,0,0,0,0.02,0.98,0,0,1,0,0,0,0,1,0,0,0
0,8.1118,0,0,0,83.776,0,0,2.0106,6.1012,0,2.0106,0,0,6.1012,34.671,29.388,21.728,0,6.1012,0,0,11.306,2.0106,2.0106,6.1012,15.627,56.843,0,6.1012,0,0,0,0,0,0,0,1,0,0,1,0,0,0,0,1,0,0,0
0,2.1062,5.6267,0,0,79.554,0,0,10.607,2.1062,0,2.1062,3.5205,3.5205,0,0,79.554,7.0869,0,0,2.1062,2.1062,4.0784,9.7051,4.2124,0,0,71.397,0,0,0,10.607,0,0,0,0,0,1,0,0,1,0,0,0,0,1,0,0,0
0,2.0966,3.6869,0,0,82.487,0,0,3.6869,8.0429,0,2.0966,1.4623,5.9116,4.0214,0,82.487,4.0214,0,0,0,0,5.9116,7.2459,2.0966,0,0,70.791,4.4493,0,8.0429,1.4623,0,0,0,0,0,1,0,0,1,0,0,0,0,1,0,0,0
0,1.8071,0,0,0,89.896,0,0,0,8.2968,0,1.8071,0,0,4.1484,0,89.896,4.1484,0,0,0,0,9.3263,11.133,1.8071,0,0,69.436,0,0,8.2968,0,0,0,0,0,0,1,0,0,1,0,0,0,0,1,0,0,0
4.0837,27.596,0,0,0,64.644,0,0,0,3.6763,0,0,9.9279,2.8001,1.7606,0,70.643,3.6763,0,4.5607,6.6314,0,9.9993,10.321,10.56,8.7994,0,49.76,0,4.0837,6.4763,0,0,0,0,0,0,1,0,0,1,0,0,0,0,1,0,0,0
0,9.103,0,0,0,81.794,0,0,6.083,3.0201,0,6.083,0,0,3.0201,37.61,15.72,34.547,0,3.0201,0,0,19.361,6.083,6.083,3.0201,12.166,50.267,0,3.0201,0,0,0,0,0,0,0,1,0,0,1,0,0,0,0,1,0,0,0
9.725,21.699,0,0,0,65.579,0,0,0,2.997,0,0,2.9934,0,2.9934,29.638,31.737,13.926,0,5.994,2.9934,9.725,20.461,2.997,2.9934,15.712,3.1866,38.197,0,9.725,6.728,0,0,0,0,0,0,1,0,0,1,0,0,0,0,1,0,0,0
6.4219,37.333,0,0,0,45.539,0,0,0,10.706,0,0,19.258,3.8194,7.0781,0,49.89,10.042,0,5.199,4.7127,0,4.351,11.614,19.62,8.1704,0,40.506,0,3.8181,11.921,0,0,0,0,0,0,1,0,0,1,0,0,0,0,1,0,0,0
5.5857,39.765,0,0,0,51.274,0,0,0,3.3754,0,0,15.03,2.2174,7.0732,10.764,44.201,3.3754,0,10.273,3.6978,3.3683,7.0661,6.8975,15.03,16.357,0,37.64,0,6.7437,10.266,0,0,0,0,0,0.85714,0.14286,0,0,1,0,0,0,0,1,0,0,0
10.556,10.556,5.9082,10.556,16.465,5.8988,34.161,5.8988,0,0,0,5.8988,11.798,21.113,0,0,10.556,0,0,0,44.727,5.9082,16.465,10.556,17.706,10.556,16.455,0,5.8988,0,16.455,5.9082,0,0,0,0,0,1,0,0,1,0,0,0,0,1,0,0,0
6.4249,14.794,14.471,9.8398,12.526,17.633,15.941,8.3695,0,0,0,8.3695,6.1158,16.265,0,0,29.727,0,0,0,25.052,14.471,12.526,14.794,9.5162,6.4249,6.4249,14.933,2.7009,0,18.209,14.471,0,0,0,0,0.54545,0.45455,0,0,1,0,0,0,0,1,0,0,0
6.3068,16.619,10.313,6.3068,6.3068,7.5057,28.824,17.818,0,0,0,17.818,15.011,12.614,0,0,16.619,0,0,0,27.625,10.313,6.3068,16.619,15.011,6.3068,13.812,0,7.5057,0,24.125,10.313,0,0,0,0,0.33333,0.66667,0,0,1,0,0,0,0,1,0,0,0
2.1829,50.699,0,0,0,40.025,0,0,0,7.0937,0,0,11.385,0,14.568,21.496,23.274,4.9108,0,11.005,11.178,2.1829,9.6567,3.9114,11.385,27.928,0,36.775,0,8.6148,1.7284,0,0,0,0,0,0,1,0,0,1,0,0,0,0,1,0,0,0
0,0,0,0,0,100,0,0,0,0,0,0,0,0,0,0,100,0,0,0,0,0,0,0,0,0,0,100,0,0,0,0,0,0,0,0,0.090909,0.90909,0,0,1,0,0,0,0,1,0,0,0
0.96196,40.487,0,0,0,43.785,0,0,0,14.766,0,0,5.6167,3.5231,5.4687,0,50.385,12.99,0,5.333,16.683,0,6.6005,9.0258,15.699,10.124,0,39.382,0,0.92087,18.248,0,0,0,0,0,0.047619,0.95238,0,0,1,0,0,0,0,1,0,0,0
4.3384,36.698,0,0,0,51.383,0,0,0,7.5798,0,0,13.88,4.7438,5.2032,0,55.115,7.5798,0,6.9639,6.5139,0,3.7319,12.167,16.662,8.4757,0,48.267,0,1.3553,9.3405,0,0,0,0,0,0,1,0,0,1,0,0,0,0,1,0,0,0
0,0,0,0,0,100,0,0,0,0,0,0,0,0,0,0,100,0,0,0,0,0,0,0,0,0,0,100,0,0,0,0,0,0,0,0,0,1,0,0,1,0,0,0,0,1,0,0,0
0,0,0,0,0,100,0,0,0,0,0,0,0,0,0,0,100,0,0,0,0,0,0,0,0,0,0,100,0,0,0,0,0,0,0,0,0.16667,0.83333,0,0,1,0,0,0,0,1,0,0,0
0,0,0,0,0,100,0,0,0,0,0,0,0,0,0,0,100,0,0,0,0,0,0,0,0,0,0,100,0,0,0,0,0,0,0,0,0.18182,0.81818,0,0,1,0,0,0,0,1,0,0,1
0,0,14.723,10.559,1.6194,10.466,36.167,8.9505,14.523,0,2.9918,2.5973,7.7864,17.79,5.589,6.3424,16.696,8.9505,12.429,3.5697,12.884,5.3646,8.1863,19.071,20.872,12.884,0,5.1013,5.3646,2.9918,3.2389,14.706,7.5836,0,0.08,0.08,0.36,0.48,0,0,1,0,0,0,0,1,0,0,1
0,0,0,0,0,100,0,0,0,0,0,0,0,0,0,0,100,0,0,0,0,0,0,0,0,0,0,100,0,0,0,0,0,0,0,0,0,1,0,0,1,0,0,0,0,1,0,0,0
0,0,0,0,0,100,0,0,0,0,0,0,0,0,0,0,100,0,0,0,0,0,0,0,0,0,0,100,0,0,0,0,0,0,0,0,0,1,0,0,1,0,0,0,0,1,0,0,0
16.009,24.088,0,3.2374,0,24.526,9.6841,7.6781,14.777,0,0,1.0087,0,20.68,0,4.4688,38.295,24.088,3.2374,5.0129,0,3.2093,9.4817,33.228,12.974,1.0087,0,23.518,0,0,1.7755,14.777,3.2374,0,0,0,0,1,0,0,1,0,0,0,0,1,0,0,0
2.5711,12.275,0,14.026,0,26.478,6.7486,34.527,3.3743,0,0,12.275,0,5.9454,0,13.223,17.578,12.275,14.026,3.3743,0,21.304,16.597,7.5681,21.304,12.275,0,14.204,0,0,10.652,3.3743,14.026,0,0,0,0,1,0,0,1,0,0,0,0,1,0,0,0
6.5945,19.029,0,5.8402,0,23.367,10.527,28.048,6.5945,0,0,5.8402,0,10.094,0,5.8402,24.121,19.029,5.8402,7.0274,0,22.207,12.868,16.689,21.775,5.8402,0,17.527,0,0,12.868,6.5945,5.8402,0,0,0,0,1,0,0,1,0,0,0,0,1,0,0,0
0,0,0,2.394,0,50.308,47.298,0,0,0,0,2.394,9.4305,0,0,23.795,57.344,0,0,0,7.0365,0,2.394,0,7.0365,0,34.832,46.307,0,0,0,0,9.4305,0,0,0,0.625,0.375,0,0,1,0,0,0,0,1,0,0,0
0,0,0,14.583,0,55.323,30.095,0,0,0,0,14.583,3.878,0,0,3.878,73.783,0,0,0,3.878,0,14.583,0,3.878,0,45.641,32.021,0,0,0,0,3.878,0,0,0,0.87234,0.12766,0,0,1,0,0,0,0,1,0,0,0
0,0,0,5.6194,0,74.689,19.691,0,0,0,0,5.6194,0,0,0,14.072,80.309,0,0,0,0,0,5.6194,0,0,0,25.311,69.07,0,0,0,0,0,0,0,0,0.93478,0.065217,0,0,1,0,0,0,0,1,0,0,0
0,0,0,0,0,100,0,0,0,0,0,0,0,0,0,0,100,0,0,0,0,0,0,0,0,0,33.333,66.667,0,0,0,0,0,0,0,0,1,0,0,0,1,0,0,0,0,1,0,0,0
4.5216,7.5915,36.067,9.1305,6.1597,11.346,6.0852,4.2872,13.539,1.2719,0,0,3.5288,8.0516,9.7951,14.136,12.425,21.374,11.72,13.324,5.6463,0,15.965,20.016,9.1005,2.1709,9.7078,6.1597,0,2.631,9.4095,22.208,2.631,0,0.18519,0.037037,0.11111,0.66667,0,0,1,0,0,0,0,1,0,0,1
0,0,0,14.81,0,56.793,28.397,0,0,0,0,14.81,6.866,0,0,5.0314,64.737,0,0,0,8.5546,0,14.81,0,8.5546,0,20.92,48.849,0,0,0,0,6.866,0,0,0,0.056604,0.9434,0,0,1,0,0,0,0,1,0,0,0
10.666,1.1851,9.8535,16.424,7.9386,23.774,2.1595,6.4786,6.8233,10.101,4.5968,8.4942,12.471,8.1127,5.5712,10.596,11.718,8.1127,3.8304,11.142,17.096,2.856,2.1595,4.5968,11.142,7.1751,0,18.272,11.637,6.2677,17.609,16.237,4.9028,0.051724,0,0.051724,0.2069,0.68966,0,0,1,0,0,0,0,1,0,0,1
7.1648,5.3356,11.507,18.189,3.6747,37.67,2.7452,3.24,2.1462,5.8277,2.4992,5.3356,4.3062,16.002,3.5792,11.666,23.818,12.82,1.08,4.3062,13.412,3.6747,1.08,2.1462,5.8277,4.6592,3.6677,28.63,10.145,8.1763,18.189,11.713,5.7659,0,0,0,0,1,0,0,1,0,0,0,0,1,0,0,1
1.9565,1.6677,10.637,1.9565,0,68.499,0,0,11.624,3.6582,0,3.6243,5.6658,7.0376,0,1.9565,66.543,4.3904,0,0,7.1246,3.6582,12.556,17.716,5.5808,1.9565,1.9565,41.681,8.5923,0,0,9.9603,0,0,0,0,0,1,0,0,1,0,0,0,0,1,0,0,1
1.5892,3.1034,21.587,1.5892,0,42.749,0,0,16.945,12.438,0,4.6926,7.5915,15.473,0,1.5892,41.159,11.282,0,0,5.7737,12.438,13.959,29.561,9.3853,1.5892,1.5892,22.502,9.2058,0,0,12.209,0,0,0,0,0,1,0,0,1,0,0,0,0,1,0,0,1
6.36,0,17.461,14.102,17.794,29.128,5.1425,0,2.4351,1.2176,6.36,4.3707,1.2176,5.4743,6.36,9.0136,23.321,18.179,1.9356,2.4351,13.052,14.641,0,1.2176,2.4351,7.078,0,25.257,10.231,15.858,14.102,15.14,8.6812,0,0,0,0.018868,0.98113,0,0,1,0,0,0,0,1,0,0,1
0,0,0,0,0,100,0,0,0,0,0,0,0,0,0,0,79.929,20.071,0,0,0,0,0,0,0,0,0,100,0,0,0,0,0,0,0,0,1,0,0,0,1,0,0,0,0,1,0,0,0
7.694,3.4276,16.424,14.613,17.245,35.987,1.3515,0,0,1.9058,1.3515,4.5347,1.5218,9.3554,2.8733,13.336,23.279,17.531,4.1508,0,8.8011,14.616,0,1.5218,3.4276,5.5023,1.9058,27.301,12.952,16.522,14.613,14.902,1.3515,0,0,0,0.014706,0.98529,0,0,1,0,0,0,0,1,0,0,1
0,0,0,0,0,100,0,0,0,0,0,0,0,0,0,96.496,1.1678,2.3357,0,0,0,0,49.416,0,0,0,0,50.584,0,0,0,0,0,0,0,0,0,1,0,0,1,0,0,0,0,1,0,0,1
0,0,0,0,0,100,0,0,0,0,0,0,0,0,0,49.402,48.205,2.3938,0,0,0,0,49.402,0,0,0,0,50.598,0,0,0,0,0,0,0,0,0,1,0,0,1,0,0,0,0,1,0,0,1
0,3.8716,21.542,0,0,47.096,0,0,19.388,8.1019,0,3.8716,2.9738,18.571,0,0,47.096,8.0131,0,0,11.372,8.1019,19.445,25.685,6.8454,0,0,22.23,14.205,0,0,11.589,0,0,0,0,0,1,0,0,1,0,0,0,0,1,0,0,1
0,1.3244,21.497,0,0,53.032,0,0,14.513,9.6335,0,1.3244,6.0258,13.929,0,0,53.032,7.0065,0,0,9.0489,9.6335,16.272,32.338,2.6488,0,0,31.936,6.2442,0,0,10.561,0,0,0,0,0.047619,0.95238,0,0,1,0,0,0,0,1,0,0,1
0,0,16.739,0,0,66.522,0,0,12.329,4.4099,0,0,3.9746,14.306,0,0,66.522,4.4099,0,0,6.3778,4.4099,17.495,25.124,0,0,0,32.287,17.931,0,0,7.1635,0,0,0,0,0.21622,0.78378,0,0,1,0,0,0,0,1,0,0,1
5.3442,40.636,0,0,0,48.876,0,0,0,5.1441,0,0,13.392,7.1373,0.88925,0,54.361,6.9587,0,3.9131,13.348,0,5.4856,6.6169,21.255,12.623,0,37.435,0,4.8238,11.761,0,0,0,0,0,0.85714,0.14286,0,0,1,0,0,0,0,1,0,0,0
0,1.4834,22.455,0,0,50.639,0,0,20.244,5.1785,0,1.4834,3.7294,20.667,0,0,50.639,2.9669,0,0,15.336,5.1785,24.262,24.701,2.9669,0,0,21.669,14.626,0,0,11.775,0,0,0,0,0.032258,0.96774,0,0,1,0,0,0,0,1,0,0,1
12.018,22.971,0,0,0,60.443,0,0,0,4.5679,0,0,2.9709,0,2.1785,12.018,55.875,2.1785,0,9.9282,2.8328,12.018,9.6285,5.3603,2.9709,17.029,0,35.383,0,17.029,12.599,0,0,0,0,0,0.77778,0.22222,0,0,1,0,0,0,0,1,0,0,0
2.8814,45.022,0,0,0,43.879,0,0,0,8.218,0,0,10.064,4.6319,5.1951,1.696,44.695,9.0197,0,13.219,9.7833,1.696,2.5123,19.216,17.335,8.8402,0,33.066,0,5.3792,13.652,0,0,0,0,0,0.78261,0.21739,0,0,1,0,0,0,0,1,0,0,0
9.6534,28.215,0,0,0,55.17,0,0,0,6.9616,0,0,4.6403,0,4.6403,18.934,43.568,0,0,13.923,4.6403,9.6534,7.3322,6.9616,4.6403,18.934,0,49.787,0,9.6534,2.6918,0,0,0,0,0,0,1,0,0,1,0,0,0,0,1,0,0,0
2.5323,18.474,17.163,0,0,61.83,0,0,0,0,0,2.5323,0,12.486,0,17.19,52.774,0,0,0,0,15.018,0,20.619,0,17.551,0,61.83,0,0,0,0,0,0,0,0,0.7551,0.2449,0,0,1,0,0,0,0,1,0,0,0
0,42.719,5.0371,0,0,52.244,0,0,0,0,0,0,0,17.566,0,12.624,39.62,0,0,0,0,30.19,0,17.566,25.153,5.0371,0,52.244,0,0,0,0,0,0,0,0,0.74419,0.25581,0,0,1,0,0,0,0,1,0,0,0
1.5633,23.464,11.814,0,0,63.159,0,0,0,0,0,1.5633,0,16.075,0,4.7142,60.008,0,0,0,0,17.639,0,17.639,2.6742,16.528,0,63.159,0,0,0,0,0,0,0,0,0,1,0,0,1,0,0,0,0,1,0,0,0
0,0,0,0,0,100,0,0,0,0,0,0,0,0,0,0,100,0,0,0,0,0,0,0,0,0,0,100,0,0,0,0,0,0,0,0,0.92,0.08,0,0,1,0,0,0,0,1,0,0,0
0,0,0,0,0,89.429,0,0,10.571,0,0,0,0,0,0,10.571,89.429,0,0,0,0,0,0,0,0,0,0,89.429,0,0,0,0,10.571,0,0,0,0.96923,0.030769,0,0,1,0,0,0,0,1,0,0,0
3.2657,12.241,16.43,3.6647,4.1898,15.846,23.606,17.491,3.2657,0,0,17.491,14.166,6.9304,0,0,22.836,0,0,3.2657,18.881,16.43,4.1898,12.241,18.356,3.2657,5.2506,10.595,5.2506,0,21.156,19.696,0,0,0,0,0.46875,0.53125,0,0,1,0,0,0,0,1,0,0,0
0,0,0,7.4795,0,59.942,22.437,4.986,5.1554,0,0,4.986,17.451,7.4795,0,5.1554,54.956,0,0,0,9.972,0,0,0,17.451,0,4.986,54.956,4.986,0,12.465,0,5.1554,0,0,0,0,1,0,0,1,0,0,0,0,1,0,0,0
0,0,0,0,0,95.293,0,0,4.7066,0,0,0,5.0488,0,0,4.7066,75.324,9.639,0,0,5.2813,0,0,0,0,0,5.2813,79.682,5.0488,0,0,5.2813,4.7066,0,0,0,0,1,0,0,1,0,0,0,0,1,0,0,0
6.5918,6.5918,0,6.5918,6.5918,46.961,21.652,5.0199,0,0,0,5.0199,15.996,13.184,0,0,33.518,4.5295,0,0,27.753,0,6.5918,6.5918,10.04,6.5918,16.141,26.926,10.976,0,11.612,4.5295,0,0,0,0,0.36264,0.63736,0,0,1,0,0,0,0,1,0,0,0
0,0,0,5.845,5.3354,75.116,13.704,0,0,0,0,0,24.375,5.845,0,5.3354,45.915,10.671,0,0,7.8587,0,0,0,5.845,0,13.194,43.392,5.3354,0,5.845,7.8587,18.53,0,0,0,0.33333,0.66667,0,0,1,0,0,0,0,1,0,0,0
3.6039,19.33,14.004,0,0,63.063,0,0,0,0,0,3.6039,0,0,0,24.403,52.663,15.726,0,0,0,3.6039,0,29.729,0,7.2078,0,63.063,0,0,0,0,0,0,0,0,0.7,0.3,0,0,1,0,0,0,0,1,0,0,0
0,9.3964,0,0,0,74.193,0,0,16.411,0,0,0,0,11.764,0,0,74.193,9.3964,0,0,0,4.6471,0,9.3964,0,0,0,74.193,0,0,4.6471,11.764,0,0,0,0,0,1,0,0,1,0,0,0,0,1,0,0,0
0,0,0,0,5.1347,94.865,0,0,0,0,0,0,10.269,0,0,5.1347,74.326,10.269,0,0,0,0,0,0,0,0,5.1347,79.461,5.1347,0,0,0,10.269,0,0,0,0,1,0,0,1,0,0,0,0,1,0,0,0
0,0,0,0,0,100,0,0,0,0,0,0,0,0,0,0,94.026,5.9742,0,0,0,0,0,0,0,0,0,100,0,0,0,0,0,0,0,0,0,1,0,0,1,0,0,0,0,1,0,0,0
0,0,0,0,15.976,60.086,23.938,0,0,0,0,0,23.938,0,0,8.6579,49.279,6.7112,0,0,11.414,0,0,0,0,0,27.389,28.6,8.6579,0,0,11.414,23.938,0,0,0,0.044444,0.95556,0,0,1,0,0,0,0,1,0,0,0
0,0,0,0,9.7723,90.228,0,0,0,0,0,0,19.545,0,0,9.7723,51.139,19.545,0,0,0,0,0,0,0,0,9.7723,60.911,9.7723,0,0,0,19.545,0,0,0,0,1,0,0,1,0,0,0,0,1,0,0,0
3.1517,26.699,0,0,0,70.149,0,0,0,0,0,0,5.8869,0,5.8869,14.925,64.262,0,0,0,5.8869,3.1517,9.0386,0,5.8869,14.925,0,63.846,0,3.1517,3.1517,0,0,0,0,0,0,1,0,0,1,0,0,0,0,1,0,0,0
4.5064,4.5064,0,4.5064,4.5064,65.83,4.5064,0,11.638,0,0,0,0,9.0128,0,11.638,58.699,0,0,11.638,9.0128,0,4.5064,4.5064,0,4.5064,4.5064,42.555,23.276,0,4.5064,11.638,0,0,0,0,0,1,0,0,1,0,0,0,0,1,0,0,0
0,15.039,0,0,0,84.961,0,0,0,0,0,0,5.4254,0,0,0,84.961,0,0,5.4254,4.1884,0,0,5.4254,5.4254,4.1884,0,75.347,0,4.1884,5.4254,0,0,0,0,0,0,1,0,0,1,0,0,0,0,1,0,0,0
0,0,0,0,0,80.753,0,0,15.27,3.977,0,0,0,0,0,11.293,62.144,11.293,11.293,3.977,0,0,0,0,0,0,0,58.167,22.586,0,0,19.247,0,0,0,0,0,1,0,0,1,0,0,0,0,1,0,0,0
14.575,0,0,0,0,67.639,0,0,17.786,0,0,0,0,14.575,0,7.9344,51.77,7.9344,3.2107,14.575,0,0,0,0,0,14.575,0,41.107,26.532,0,0,17.786,0,0,0,0,0.25,0.75,0,0,1,0,0,0,0,1,0,0,0
0,0,0,0,0,87.113,0,0,12.887,0,0,0,0,0,0,25,50,12.113,0,12.887,0,0,0,0,0,0,0,37.113,50,0,0,12.887,0,0,0,0,0.36842,0.63158,0,0,1,0,0,0,0,1,0,0,0
0,0,0,0,9.2036,72.943,0,0,15.493,2.3608,0,0,0,2.3608,2.3608,12.504,65.548,5.2557,9.2036,2.7664,0,0,0,0,0,0,0,50.056,22.887,2.3608,6.8428,17.854,0,0,0,0,0.21277,0.78723,0,0,1,0,0,0,0,1,0,0,0
0,0,0,0,5.3441,82.401,0,0,12.255,0,0,0,0,0,0,17.599,57.896,6.9064,12.251,5.3484,0,0,0,0,0,0,0,41.198,41.203,0,5.3441,12.255,0,0,0,0,0.20548,0.79452,0,0,1,0,0,0,0,1,0,0,0
3.4659,11.012,20.031,0,0,65.49,0,0,0,0,0,3.4659,0,4.172,0,35.184,46.166,6.8404,0,0,0,4.172,0,26.872,0,7.6379,0,65.49,0,0,0,0,0,0,0,0,0,1,0,0,1,0,0,0,0,1,0,0,0
18.247,18.247,3.3288,0,0,42.541,0,0,17.636,0,0,18.247,0,8.818,0,18.247,27.622,14.919,0,0,0,12.147,0,18.247,0,21.576,0,42.541,0,0,8.818,8.818,0,0,0,0,0,1,0,0,1,0,0,0,0,1,0,0,0
4.0314,8.2047,8.2047,0,0,79.559,0,0,0,0,0,4.0314,0,4.1733,0,4.0314,79.559,0,0,0,0,8.2047,0,8.2047,0,12.236,0,79.559,0,0,0,0,0,0,0,0,0,1,0,0,1,0,0,0,0,1,0,0,0
0,0,0,0,0,82.965,0,0,17.035,0,0,0,0,8.5176,0,0,82.965,0,0,0,0,8.5176,0,0,0,0,0,82.965,0,0,8.5176,8.5176,0,0,0,0,0,1,0,0,1,0,0,0,0,1,0,0,0
0,0,0,0,0,68.473,0,0,31.527,0,0,0,0,12.607,0,0,68.473,0,0,0,0,18.92,0,0,0,0,0,68.473,0,0,18.92,12.607,0,0,0,0,0,1,0,0,1,0,0,0,0,1,0,0,0
0,0,0,0,0,88.701,0,0,11.299,0,0,0,0,11.299,0,0,88.701,0,0,0,0,0,0,0,0,0,0,88.701,0,0,0,11.299,0,0,0,0,0,1,0,0,1,0,0,0,0,1,0,0,0
0,0,0,0,0,79.448,0,0,20.552,0,0,0,0,14.262,0,0,79.448,0,0,0,0,6.2898,0,0,0,0,0,79.448,0,0,6.2898,14.262,0,0,0,0,0,1,0,0,1,0,0,0,0,1,0,0,0
0,0,0,0,0,91.234,0,0,8.7661,0,0,0,0,0,0,0,91.234,0,0,0,0,8.7661,0,0,0,0,0,91.234,0,0,8.7661,0,0,0,0,0,0,1,0,0,1,0,0,0,0,1,0,0,0
0,0,0,0,0,100,0,0,0,0,0,0,0,0,0,0,100,0,0,0,0,0,0,0,0,0,0,100,0,0,0,0,0,0,0,0,0,1,0,0,1,0,0,0,0,1,0,0,0
0,0,0,0,0,100,0,0,0,0,0,0,0,0,0,0,100,0,0,0,0,0,0,0,0,0,0,100,0,0,0,0,0,0,0,0,0,1,0,0,1,0,0,0,0,1,0,0,0
0,0,0,0,0,100,0,0,0,0,0,0,0,0,0,0,100,0,0,0,0,0,0,0,0,0,0,100,0,0,0,0,0,0,0,0,0,1,0,0,1,0,0,0,0,1,0,0,0
0,0,0,0,0,100,0,0,0,0,0,0,0,0,0,0,100,0,0,0,0,0,0,0,0,0,0,100,0,0,0,0,0,0,0,0,0,1,0,0,1,0,0,0,0,1,0,0,0
0,0,0,0,0,100,0,0,0,0,0,0,0,0,0,0,100,0,0,0,0,0,0,0,0,0,0,100,0,0,0,0,0,0,0,0,0,1,0,0,1,0,0,0,0,1,0,0,0
0,0,0,0,0,100,0,0,0,0,0,0,0,0,0,0,100,0,0,0,0,0,0,0,0,0,0,100,0,0,0,0,0,0,0,0,0,1,0,0,1,0,0,0,0,1,0,0,0
0,0,0,0,0,100,0,0,0,0,0,0,0,0,0,0,100,0,0,0,0,0,0,0,0,0,0,100,0,0,0,0,0,0,0,0,0,1,0,0,1,0,0,0,0,1,0,0,0
0,0,0,0,0,100,0,0,0,0,0,0,0,0,0,0,100,0,0,0,0,0,0,0,0,0,0,100,0,0,0,0,0,0,0,0,0,1,0,0,1,0,0,0,0,1,0,0,0
7.55,37.924,0,0,0,47.71,0,0,0,6.8159,0,0,21.016,2.7511,5.5718,0,54.202,7.1598,0,6.0198,3.2802,0,6.4912,11.936,17.805,9.2422,0,36.351,0,8.0792,10.096,0,0,0,0,0,0.83333,0.16667,0,0,1,0,0,0,0,1,0,0,0
0,0,0,0,0,100,0,0,0,0,0,0,0,0,0,0,78.261,21.739,0,0,0,0,0,0,0,0,0,100,0,0,0,0,0,0,0,0,0,1,0,0,1,0,0,0,0,1,0,0,0
0,17.23,0,0,0,82.77,0,0,0,0,0,0,7.1509,0,0,0,82.77,2.9278,0,4.2231,2.9278,0,0,7.1509,10.079,0,0,72.692,0,2.9278,7.1509,0,0,0,0,0,0,1,0,0,1,0,0,0,0,1,0,0,0
0,13.585,0,0,0,86.415,0,0,0,0,0,0,4.5282,0,0,0,86.415,4.5282,0,0,4.5282,0,0,4.5282,9.0565,0,0,77.359,0,4.5282,4.5282,0,0,0,0,0,0,1,0,0,1,0,0,0,0,1,0,0,0
0,0,0,0,0,100,0,0,0,0,0,0,0,0,0,0,100,0,0,0,0,0,0,0,0,0,0,100,0,0,0,0,0,0,0,0,0,1,0,0,1,0,0,0,0,1,0,0,0
0,38.223,1.8018,0,0,59.975,0,0,0,0,0,0,0,13.657,0,24.567,35.408,0,0,0,0,26.368,0,13.657,12.711,13.657,0,59.975,0,0,0,0,0,0,0,0,0,1,0,0,1,0,0,0,0,1,0,0,0
0,22.319,4.6599,0,0,73.022,0,0,0,0,0,0,0,13.489,0,0,73.022,0,0,0,0,13.489,0,13.489,8.8293,4.6599,0,73.022,0,0,0,0,0,0,0,0,0,1,0,0,1,0,0,0,0,1,0,0,0
0,0,0,0,0,100,0,0,0,0,0,0,0,0,0,0,100,0,0,0,0,0,0,0,0,0,0,100,0,0,0,0,0,0,0,0,0,1,0,0,1,0,0,0,0,1,0,0,0
0,0,0,0,17.021,48.155,0,0,23.996,10.828,0,0,8.5495,6.4333,10.588,0,53.013,0,12.867,4.1547,4.3948,0,0,0,0,0,0,41.721,6.4333,10.588,10.828,30.429,0,0,0,0,0,1,0,0,1,0,0,0,0,1,0,0,0
0,0,0,0,0,100,0,0,0,0,0,0,0,0,0,0,100,0,0,0,0,0,0,0,0,0,0,100,0,0,0,0,0,0,0,0,0,1,0,0,1,0,0,0,0,1,0,0,0
0,0,0,0,3.2286,60.292,0,0,15.944,20.535,0,4.3246,3.2286,13.603,3.2286,0,54.25,0,9.9269,7.1135,4.3246,0,0,0,0,0,0,44.763,19.854,3.2286,4.3246,27.83,0,0,0,0,0,1,0,0,1,0,0,0,0,1,0,0,0
0,0,0,0,15.775,59.384,0,0,14.759,10.082,0,0,1.8383,15.144,6.1528,3.4694,44.7,0,24.766,2.0912,1.8383,0,0,0,0,0,0,31.78,27.604,6.1528,11.46,23.003,0,0,0,0,0.33333,0.66667,0,0,1,0,0,0,0,1,0,0,0
0,0,0,0,17.691,60.938,0,0,15.029,6.3414,0,0,5.0086,6.3414,11.35,9.5595,35.478,9.5595,17.695,5.0086,0,0,0,0,0,0,0,35.478,25.46,11.35,6.3414,21.371,0,0,0,0,0.25424,0.74576,0,0,1,0,0,0,0,1,0,0,0
0,0,0,0,0,65.511,0,0,15.89,18.599,0,8.6688,3.4364,15.511,0,0,59.93,0,9.017,0,3.4364,0,0,0,0,0,0,47.477,26.703,0,3.4364,22.384,0,0,0,0,0.065217,0.93478,0,0,1,0,0,0,0,1,0,0,0
0,0,0,0,0,100,0,0,0,0,0,0,0,0,0,0,100,0,0,0,0,0,0,0,0,0,0,100,0,0,0,0,0,0,0,0,0,1,0,0,1,0,0,0,0,1,0,0,0
0,0,0,0,0,100,0,0,0,0,0,0,0,0,0,0,100,0,0,0,0,0,0,0,0,0,0,100,0,0,0,0,0,0,0,0,0,1,0,0,1,0,0,0,0,1,0,0,0
0,0,0,0,0,100,0,0,0,0,0,0,0,0,0,0,100,0,0,0,0,0,0,0,0,0,0,100,0,0,0,0,0,0,0,0,0,1,0,0,1,0,0,0,0,1,0,0,0
0,0,0,0,0,100,0,0,0,0,0,0,0,0,0,0,100,0,0,0,0,0,0,0,0,0,0,100,0,0,0,0,0,0,0,0,0,1,0,0,1,0,0,0,0,1,0,0,0
0,0,0,0,0,91.996,0,0,8.0037,0,0,0,0,0,0,0,91.996,0,0,0,0,8.0037,0,0,0,0,7.9,84.096,0,0,8.0037,0,0,0,0,0,0,1,0,0,1,0,0,0,0,1,0,0,0
0,0,0,0,0,100,0,0,0,0,0,0,0,0,0,0,100,0,0,0,0,0,0,0,0,0,3.8564,96.144,0,0,0,0,0,0,0,0,0,1,0,0,1,0,0,0,0,1,0,0,0
0,0,0,0,0,100,0,0,0,0,0,0,0,0,0,0,100,0,0,0,0,0,0,0,0,0,13.307,66.816,19.877,0,0,0,0,0,0,0,0,1,0,0,1,0,0,0,0,1,0,0,0
0,0,0,0,0,100,0,0,0,0,0,0,0,0,0,0,100,0,0,0,0,0,0,0,0,0,4.2876,85.675,10.037,0,0,0,0,0,0,0,0,1,0,0,1,0,0,0,0,1,0,0,0
0,0,0,0,0,82.697,0,0,6.3383,10.965,0,0,3.1691,7.7959,0,0,85.866,0,0,0,3.1691,0,0,0,0,0,0,82.697,0,0,3.1691,14.134,0,0,0,0,0,1,0,0,1,0,0,0,0,1,0,0,0
0,0,0,0,0,56.757,0,0,5.5637,37.679,0,22.529,2.7818,6.1841,0,0,53.355,0,6.1841,0,8.966,0,0,0,0,0,0,50.573,28.713,0,8.966,11.748,0,0,0,0,0,1,0,0,1,0,0,0,0,1,0,0,0
0,0,0,0,0,58.221,0,0,0,41.779,0,8.3895,0,25,0,0,49.831,0,8.3895,0,8.3895,0,0,0,0,0,0,49.831,16.779,0,8.3895,25,0,0,0,0,0.061224,0.93878,0,0,1,0,0,0,0,1,0,0,0
0,0,0,0,0,100,0,0,0,0,0,0,0,0,0,0,100,0,0,0,0,0,0,0,0,0,29.825,44.899,25.276,0,0,0,0,0,0,0,0,1,0,0,1,0,0,0,0,1,0,0,0
0,0,0,0,0,100,0,0,0,0,0,0,0,0,0,0,100,0,0,0,0,0,0,0,0,0,0,100,0,0,0,0,0,0,0,0,0,1,0,0,1,0,0,0,0,1,0,0,0
0,0,0,0,0,100,0,0,0,0,0,0,0,0,0,0,100,0,0,0,0,0,0,0,0,0,0,100,0,0,0,0,0,0,0,0,0,1,0,0,1,0,0,0,0,1,0,0,0
0,0,0,0,0,100,0,0,0,0,0,0,0,0,0,0,100,0,0,0,0,0,0,0,0,0,0,100,0,0,0,0,0,0,0,0,0,1,0,0,1,0,0,0,0,1,0,0,0
0,0,0,0,0,100,0,0,0,0,0,0,0,0,0,0,100,0,0,0,0,0,0,0,0,0,0,100,0,0,0,0,0,0,0,0,0,1,0,0,1,0,0,0,0,1,0,0,0
0,0,0,0,0,100,0,0,0,0,0,0,0,0,0,0,100,0,0,0,0,0,0,0,0,0,0,100,0,0,0,0,0,0,0,0,0,1,0,0,1,0,0,0,0,1,0,0,0
0,0,0,0,0,100,0,0,0,0,0,0,0,0,0,0,100,0,0,0,0,0,0,0,0,0,0,100,0,0,0,0,0,0,0,0,0,1,0,0,1,0,0,0,0,1,0,0,0
66.667,0,0,0,0,33.333,0,0,0,0,0,66.667,0,0,0,0,33.333,0,0,0,0,0,0,0,0,0,0,33.333,66.667,0,0,0,0,1,0,0,0,0,0,0,1,0,0,0,0,1,0,0,0
66.667,0,0,0,0,33.333,0,0,0,0,0,66.667,0,0,0,0,33.333,0,0,0,0,0,0,0,0,0,0,33.333,66.667,0,0,0,0,1,0,0,0,0,0,0,1,0,0,0,0,1,0,0,0
0,0,0,0,0,91.021,0,0,8.979,0,0,0,0,0,8.979,8.979,73.063,8.979,0,0,0,0,0,0,0,0,8.979,82.042,0,0,0,0,8.979,0.34783,0,0.043478,0.21739,0.3913,0,0,1,0,0,0,0,1,0,0,0
0,0,33.406,0,0,50.095,0,4.1522,4.1522,8.1947,0,0,0,12.347,0,4.1522,50.095,0,4.1522,4.1522,0,25.102,0,20.651,16.907,8.1947,0,50.095,0,0,0,4.1522,0,0,0,0,0,1,0,0,1,0,0,0,0,1,0,0,0
0,10.796,21.469,4.7488,0,17.587,12.238,2.5725,26.506,4.0825,0,4.0825,6.0474,0,9.4419,10.118,12.962,31.255,10.672,0,1.2863,14.135,7.3337,18.952,13.524,14.755,8.7755,3.9949,1.3543,1.2863,8.2113,21.813,0,0,0,0,0,1,0,0,1,0,0,0,0,1,0,0,1
0,0,21.894,34.069,9.7199,19.44,0,12.174,2.7031,0,0,9.7199,9.4713,9.4713,0,19.191,12.423,24.846,0,14.877,0,0,2.7031,2.7031,9.4713,0,0,9.7199,0,19.44,12.174,43.789,0,0,0,0,0,1,0,0,1,0,0,0,0,1,0,0,0
0,0,0,0,0,100,0,0,0,0,0,0,0,0,0,0,100,0,0,0,0,0,0,0,0,0,0,100,0,0,0,0,0,0,0,0,0,1,0,0,1,0,0,0,0,1,0,0,0
0,0,0,0,0,100,0,0,0,0,0,0,0,0,0,0,100,0,0,0,0,0,0,0,0,0,0,100,0,0,0,0,0,0,0,0,0,1,0,0,1,0,0,0,0,1,0,0,0
0,0,0,0,0,100,0,0,0,0,0,0,0,0,0,0,100,0,0,0,0,0,0,0,0,0,0,100,0,0,0,0,0,0,0,0,0,1,0,0,1,0,0,0,0,1,0,0,0
0,0,0,0,0,100,0,0,0,0,0,0,0,0,0,0,100,0,0,0,0,0,0,0,0,0,0,100,0,0,0,0,0,0,0,0,0,1,0,0,1,0,0,0,0,1,0,0,0
0,0,0,0,0,100,0,0,0,0,0,0,0,0,0,0,100,0,0,0,0,0,0,0,0,0,0,100,0,0,0,0,0,0,0,0,0,1,0,0,1,0,0,0,0,1,0,0,0
0,0,0,0,0,100,0,0,0,0,0,0,0,0,0,0,100,0,0,0,0,0,0,0,0,0,0,100,0,0,0,0,0,0,0,0,0,1,0,0,1,0,0,0,0,1,0,0,0
0,0,0,0,0,100,0,0,0,0,0,0,0,0,0,0,100,0,0,0,0,0,0,0,0,0,0,100,0,0,0,0,0,0,0,0,0.035714,0.96429,0,0,1,0,0,0,0,1,0,0,0
0,0,0,0,0,100,0,0,0,0,0,0,0,0,0,0,100,0,0,0,0,0,0,0,0,0,0,100,0,0,0,0,0,0,0,0,0.0625,0.9375,0,0,1,0,0,0,0,1,0,0,0
0,0,0,0,0,100,0,0,0,0,0,0,0,0,0,0,100,0,0,0,0,0,0,0,0,0,0,100,0,0,0,0,0,0,0,0,0.12766,0.87234,0,0,1,0,0,0,0,1,0,0,0
0,0,0,0,0,45.459,0,0,36.353,18.188,0,9.0941,18.176,0,9.0941,0,45.459,0,0,0,0,18.176,9.0941,0,9.0941,0,0,45.459,0,0,18.176,18.176,0,0,0,0,1,0,0,0,1,0,0,0,0,1,0,0,0
0,0,0,0,0,100,0,0,0,0,0,0,0,0,0,0,100,0,0,0,0,0,0,0,0,0,0,100,0,0,0,0,0,0,0,0,0,1,0,0,1,0,0,0,0,1,0,0,0
0,0,0,0,0,100,0,0,0,0,0,0,0,0,0,0,100,0,0,0,0,0,0,0,0,0,0,100,0,0,0,0,0,0,0,0,0,1,0,0,1,0,0,0,0,1,0,0,0
0,0,0,0,0,100,0,0,0,0,0,0,0,0,0,0,100,0,0,0,0,0,0,0,0,0,0,100,0,0,0,0,0,0,0,0,0,1,0,0,1,0,0,0,0,1,0,0,0
0,0,0,0,0,77.82,0,0,22.18,0,0,0,0,11.09,0,0,77.82,0,0,0,11.09,0,0,0,0,0,0,77.82,0,0,0,11.09,11.09,0,0,0,0.97674,0.023256,0,0,1,0,0,0,0,1,0,0,0
0,0,0,0,0,79.212,0,0,20.788,0,0,0,0,14.584,0,0,79.212,0,0,0,6.2036,0,0,0,0,0,0,79.212,0,0,0,6.2036,14.584,0,0,0,0,1,0,0,1,0,0,0,0,1,0,0,0
0,0,0,0,0,100,0,0,0,0,0,0,0,0,0,0,100,0,0,0,0,0,0,0,0,0,0,100,0,0,0,0,0,0,0,0,0,1,0,0,1,0,0,0,0,1,0,0,0
0,0,0,0,0,100,0,0,0,0,0,0,0,0,0,0,100,0,0,0,0,0,0,0,0,0,0,100,0,0,0,0,0,0,0,0,0,1,0,0,1,0,0,0,0,1,0,0,0
0,0,0,0,0,100,0,0,0,0,0,0,0,0,0,0,100,0,0,0,0,0,0,0,0,0,0,100,0,0,0,0,0,0,0,0,0,1,0,0,1,0,0,0,0,1,0,0,0
0,0,0,0,0,100,0,0,0,0,0,0,0,0,0,0,100,0,0,0,0,0,0,0,0,0,0,100,0,0,0,0,0,0,0,0,0,1,0,0,1,0,0,0,0,1,0,0,0
0,0,0,0,0,100,0,0,0,0,0,0,0,0,0,0,100,0,0,0,0,0,0,0,0,0,0,100,0,0,0,0,0,0,0,0,0,1,0,0,1,0,0,0,0,1,0,0,0
0,0,0,0,0,100,0,0,0,0,0,0,0,0,0,0,100,0,0,0,0,0,0,0,0,0,0,100,0,0,0,0,0,0,0,0,0,1,0,0,1,0,0,0,0,1,0,0,0
0,0,0,0,0,100,0,0,0,0,0,0,0,0,0,0,100,0,0,0,0,0,0,0,0,0,0,100,0,0,0,0,0,0,0,0,0.055556,0.94444,0,0,1,0,0,0,0,1,0,0,0
0,0,0,0,0,100,0,0,0,0,0,0,0,0,0,0,100,0,0,0,0,0,0,0,0,0,0,100,0,0,0,0,0,0,0,0,0,1,0,0,1,0,0,0,0,1,0,0,0
0,0,0,0,0,100,0,0,0,0,0,0,0,0,0,0,100,0,0,0,0,0,0,0,0,0,0,100,0,0,0,0,0,0,0,0,0,1,0,0,1,0,0,0,0,1,0,0,0
0,0,0,0,0,61.72,1.7534,22.824,5.0981,8.6049,0,0,15.972,0,1.7534,5.0981,65.065,0,1.7534,8.6049,1.7534,0,6.8515,0,15.972,3.5069,0,59.966,0,0,0,11.95,1.7534,0,0,0,0,1,0,0,1,0,0,0,0,1,0,0,0
0,7.3677,0,0,0,92.632,0,0,0,0,0,7.3677,0,0,0,0,92.632,0,0,0,0,0,0,7.3677,7.3677,0,0,85.265,0,0,0,0,0,0,0,0,0,1,0,0,1,0,0,0,0,1,0,0,0
6.4587,2.0361,9.0611,5.2085,5.0935,32.334,2.1645,8.4145,11.427,8.7411,9.0611,11.088,11.005,0,9.9754,14.396,19.647,5.3225,0.91426,11.219,13.819,2.6155,3.9836,9.847,18.249,4.444,5.4374,24.617,5.0935,9.0611,3.8433,13.259,2.1645,0,0,0,0.35714,0.64286,0,0,1,0,0,0,0,1,0,0,0
0,3.7258,13.382,24.429,15.544,20.623,2.8485,8.7318,10.716,0,0,1.7175,2.9227,6.304,0,8.9698,38.625,27.183,1.7414,7.0695,0,5.4672,17.02,5.2762,1.7414,3.7258,5.197,13.708,0,3.4351,17.436,32.461,0,0,0,0,0.52174,0.47826,0,0,1,0,0,0,0,1,0,0,1
0,0,5.4956,0,0,85.636,0,0,0,0,8.8689,0,0,8.8689,0,7.408,67.236,10.991,0,0,5.4956,0,5.4956,0,0,0,14.364,56.907,14.364,8.8689,0,0,0,0,0,0,0,1,0,0,1,0,0,0,0,1,0,0,0
0,0,0,0,0,58.232,41.768,0,0,0,0,0,0,0,16.464,0,41.768,41.768,0,0,0,0,0,0,0,25.304,16.464,32.928,25.304,0,0,0,0,0,0,0,0.64516,0.35484,0,0,1,0,0,0,0,1,0,0,0
2.9221,14.544,5.5783,15.073,7.0464,33.84,1.7494,5.2481,2,6.4208,5.5783,13.45,6.2663,13.605,6.5601,22.469,10.404,4.1394,8.6564,5.4988,6.8109,2.1394,4.5169,2.7676,13.188,12.449,2.9221,15.354,12.779,10.64,15.073,8.5602,1.7494,0.45455,0.030303,0.060606,0.090909,0.36364,0,0,1,0,0,0,0,1,0,0,1
24.343,0,0,0,24.343,48.685,0,0,2.6298,0,0,24.343,0,0,0,21.713,48.685,0,2.6298,2.6298,0,0,0,0,0,0,0,73.028,0,0,2.6298,24.343,0,0,0,0,0,1,0,0,1,0,0,0,0,1,0,0,0
12.305,0,8.4194,0,25.281,26.695,0,0,3.473,0,23.826,12.305,0,10.177,8.4194,18.578,23.222,0,3.473,23.826,0,0,15.796,0,0,0,0,31.624,0,23.826,10.177,18.578,0,0,0,0,0,1,0,0,1,0,0,0,0,1,0,0,0
17.348,21.358,14.648,0,0,46.645,0,0,0,0,0,17.348,0,4.0095,0,17.348,39.936,6.7094,0,0,0,14.648,0,21.358,0,31.997,0,46.645,0,0,0,0,0,0,0,0,0.81579,0.18421,0,0,1,0,0,0,0,1,0,0,0
0,0,0,0,0,100,0,0,0,0,0,0,0,0,0,0,100,0,0,0,0,0,0,0,0,0,0,100,0,0,0,0,0,0,0,0,0,1,0,0,1,0,0,0,0,1,0,0,0
0,50,0,0,0,50,0,0,0,0,0,0,0,25,0,12.111,37.889,0,0,0,0,25,0,25,12.889,12.111,0,50,0,0,0,0,0,0,0,0,0.88462,0.11538,0,0,1,0,0,0,0,1,0,0,0
14.17,6.1036,0,0,0,65.556,0,0,14.17,0,0,0,0,14.17,0,0,65.556,0,0,14.17,6.1036,0,0,0,0,20.274,0,59.452,0,6.1036,0,14.17,0,0,0,0,0,1,0,0,1,0,0,0,0,1,0,0,0
0,4.3366,0,0,0,85.042,0,0,10.621,0,0,0,0,0,0,0,95.663,0,0,0,4.3366,0,0,0,0,4.3366,0,80.705,0,4.3366,0,10.621,0,0,0,0,0,1,0,0,1,0,0,0,0,1,0,0,0
0,0,0,0,0,100,0,0,0,0,0,0,0,0,0,0,100,0,0,0,0,0,0,0,0,0,0,100,0,0,0,0,0,0,0,0,0,1,0,0,1,0,0,0,0,1,0,0,0
0,0,0,0,0,100,0,0,0,0,0,0,0,0,0,0,100,0,0,0,0,0,0,0,0,0,0,100,0,0,0,0,0,0,0,0,0,1,0,0,1,0,0,0,0,1,0,0,0
0,0,0,0,46.064,9.2894,44.647,0,0,0,0,0,47.482,0,0,1.4175,46.456,3.7398,0,0,0.90488,0,0,0,0,0,46.969,3.2272,1.4175,0,0,0.90488,47.482,0,0,0,1,0,0,0,1,0,0,0,0,1,0,0,0
0,0,0,0,1.9195,67.946,30.134,0,0,0,0,0,33.973,0,0,1.9195,30.134,3.839,0,0,30.134,0,0,0,0,0,32.054,1.9195,1.9195,0,0,30.134,33.973,0,0,0,0.36111,0.63889,0,0,1,0,0,0,0,1,0,0,0
0,0,0,0,0,100,0,0,0,0,0,0,0,0,0,13.08,86.92,0,0,0,0,0,0,0,0,0,0,86.92,13.08,0,0,0,0,0,0,0,0,1,0,0,1,0,0,0,0,1,0,0,0
0,0,0,0,0,100,0,0,0,0,0,0,0,0,0,0,100,0,0,0,0,0,0,0,0,0,0,100,0,0,0,0,0,0,0,0,0,1,0,0,1,0,0,0,0,1,0,0,0
0,0,0,0,0,100,0,0,0,0,0,0,0,0,0,0,100,0,0,0,0,0,0,0,0,0,0,100,0,0,0,0,0,0,0,0,0,1,0,0,1,0,0,0,0,1,0,0,0
0,0,0,0,13.219,58.016,0,0,24.705,4.0591,0,0,7.713,2.9277,7.713,7.7988,49.056,2.2923,10.726,11.772,0,0,0,0,0,0,0,42.07,15.947,7.713,5.5065,28.764,0,0,0,0,0.025,0.975,0,0,1,0,0,0,0,1,0,0,0
0,0,0,0,13.445,38.068,0,0,23.974,24.513,0,6.3585,11.987,8.6567,11.146,0,32.551,0,10.955,8.848,9.4976,0,0,0,0,0,0,29.412,15.015,11.146,11.796,32.631,0,0,0,0,0.23077,0.76923,0,0,1,0,0,0,0,1,0,0,0
0,0,0,0,0,100,0,0,0,0,0,0,0,0,0,0,100,0,0,0,0,0,0,0,0,0,0,100,0,0,0,0,0,0,0,0,0,1,0,0,1,0,0,0,0,1,0,0,0
