h1,h2,h3,h4,h5,h6,h7,h8,h9,h10,h11,h12,h13,h14,h15,h16,h17,h18,h19,h20,h21,h22,h23,h24,h25,h26,h27,h28,h29,h30,h31,h32,h33,label
0,0,0,0,0,100,0,0,0,0,0,0,0,0,0,0,100,0,0,0,0,0,0,0,0,0,0,100,0,0,0,0,0,0
0,0,0,0,0,100,0,0,0,0,0,0,0,0,0,0,100,0,0,0,0,0,0,0,0,0,0,100,0,0,0,0,0,0
0,0,0,0,0,100,0,0,0,0,0,0,0,0,0,0,100,0,0,0,0,0,0,0,0,0,0,100,0,0,0,0,0,0
0,0,0,0,0,100,0,0,0,0,0,0,0,0,0,0,100,0,0,0,0,0,0,0,0,0,0,100,0,0,0,0,0,0
0,0,0,0,0,100,0,0,0,0,0,0,0,0,0,0,100,0,0,0,0,0,0,0,0,0,0,100,0,0,0,0,0,0
0,0,24.462,2.3212,0,70.895,0,2.3212,0,0,0,16.237,0,5.8767,0,4.6694,68.574,2.3212,0,0,0,2.3212,0,5.8767,0,0,0,70.895,0,0,18.559,4.6694,0,0
0,0,12.483,3.0479,0,80.851,0,3.618,0,0,0,8.9328,0,2.893,0,4.275,73.08,7.7716,0,0,0,3.0479,0,2.893,0,0,0,80.851,0,0,11.981,4.275,0,0
0,0,9.482,3.9192,0,86.599,0,0,0,0,0,0,0,0,0,9.482,86.599,0,0,0,0,3.9192,0,0,0,0,0,86.599,0,0,3.9192,9.482,0,0
0,0,0,0,0,100,0,0,0,0,0,0,0,0,0,0,100,0,0,0,0,0,0,0,0,0,0,100,0,0,0,0,0,0
0,0,0,0,0,100,0,0,0,0,0,0,0,0,0,0,100,0,0,0,0,0,0,0,0,0,0,100,0,0,0,0,0,0
0,0,0,0,0,100,0,0,0,0,0,0,0,0,0,0,100,0,0,0,0,0,0,0,0,0,0,100,0,0,0,0,0,0
0,0,0,0,0,100,0,0,0,0,0,0,0,0,0,0,100,0,0,0,0,0,0,0,0,0,0,100,0,0,0,0,0,0
0,0,0,0,0,100,0,0,0,0,0,0,0,0,0,0,100,0,0,0,0,0,0,0,0,0,0,88.928,11.072,0,0,0,0,0
0,0,0,0,0,100,0,0,0,0,0,0,0,0,0,0,100,0,0,0,0,0,0,0,0,0,0,83.354,16.646,0,0,0,0,0
0,0,0,0,0,100,0,0,0,0,0,0,0,0,0,0,100,0,0,0,0,0,0,0,0,0,0,70.696,29.304,0,0,0,0,0
0,0,0,0,0,100,0,0,0,0,0,0,0,0,0,0,100,0,0,0,0,0,0,0,0,0,0,100,0,0,0,0,0,0
0,0,0,0,0,100,0,0,0,0,0,0,0,0,0,0,100,0,0,0,0,0,0,0,0,0,0,100,0,0,0,0,0,0
0,0,6.319,2.1063,0,85.433,0,6.1414,0,0,0,8.2478,0,2.1063,0,2.1063,83.327,2.1063,0,0,0,2.1063,0,2.1063,0,0,0,85.433,0,0,10.354,2.1063,0,0
0,0,0,0,0,100,0,0,0,0,0,0,0,0,0,0,100,0,0,0,0,0,0,0,0,0,0,100,0,0,0,0,0,0
0,0,0,0,0,100,0,0,0,0,0,0,0,0,0,0,100,0,0,0,0,0,0,0,0,0,0,100,0,0,0,0,0,0
0,0,0,0,0,100,0,0,0,0,0,0,0,0,0,0,100,0,0,0,0,0,0,0,0,0,0,100,0,0,0,0,0,0
0,0,0,0,0,100,0,0,0,0,0,0,0,0,0,0,100,0,0,0,0,0,0,0,0,0,0,100,0,0,0,0,0,0
0,0,0,0,0,100,0,0,0,0,0,0,0,0,0,0,100,0,0,0,0,0,0,0,0,0,0,100,0,0,0,0,0,0
0,0,0,0,0,100,0,0,0,0,0,0,0,0,0,0,100,0,0,0,0,0,0,0,0,0,0,100,0,0,0,0,0,0
0,0,0,0,0,100,0,0,0,0,0,0,0,0,0,0,100,0,0,0,0,0,0,0,0,0,0,100,0,0,0,0,0,0
0,0,8.6198,2.8733,0,85.634,0,2.8733,0,0,0,5.7465,0,2.8733,0,2.8733,82.76,2.8733,0,0,0,2.8733,0,2.8733,0,0,0,85.634,0,0,8.6198,2.8733,0,0
0,0,0,0,0,100,0,0,0,0,0,0,0,0,0,0,100,0,0,0,0,0,0,0,0,0,0,100,0,0,0,0,0,0
0,0,0,0,0,100,0,0,0,0,0,0,0,0,0,0,100,0,0,0,0,0,0,0,0,0,0,100,0,0,0,0,0,0
0,0,0,0,0,100,0,0,0,0,0,0,0,0,0,0,100,0,0,0,0,0,0,0,0,0,0,100,0,0,0,0,0,0
0,0,0,0,0,100,0,0,0,0,0,0,0,0,0,0,100,0,0,0,0,0,0,0,0,0,0,100,0,0,0,0,0,0
0,0,0,0,0,100,0,0,0,0,0,0,0,0,0,0,100,0,0,0,0,0,0,0,0,0,0,100,0,0,0,0,0,0
0,0,0,0,0,100,0,0,0,0,0,0,0,0,0,0,100,0,0,0,0,0,0,0,0,0,0,100,0,0,0,0,0,0
0,0,0,0,0,100,0,0,0,0,0,0,0,0,0,2.8731,97.127,0,0,0,0,0,0,0,0,0,0,78.33,21.67,0,0,0,0,0
0,0,2.4614,0,0,97.539,0,0,0,0,0,0,2.4614,0,0,0,97.539,0,0,0,0,0,0,0,0,0,0,97.539,0,0,0,2.4614,0,0
0,0,3.4503,4.0282,0,92.522,0,0,0,0,0,4.0282,3.4503,0,0,4.0282,84.465,4.0282,0,0,0,0,0,0,0,0,0,81.968,10.553,0,0,3.4503,4.0282,0
0,0,0,0,0,100,0,0,0,0,0,0,0,0,0,0,100,0,0,0,0,0,0,0,0,0,0,72.082,27.918,0,0,0,0,0
0,0,0,5.0548,0,94.945,0,0,0,0,0,5.0548,0,0,0,13.14,76.75,5.0548,0,0,0,0,0,0,0,0,0,75.427,19.519,0,0,0,5.0548,0
0,0,3.7639,0,0,96.236,0,0,0,0,0,0,3.7639,0,0,0,96.236,0,0,0,0,0,0,0,0,0,0,96.236,0,0,0,3.7639,0,0
0,0,2.3359,18.587,0,79.077,0,0,0,0,0,11.635,2.3359,0,0,11.635,48.854,18.587,0,0,0,6.9526,0,0,0,0,0,79.077,0,0,0,9.2885,11.635,0
0,0,0,0,0,100,0,0,0,0,0,0,0,0,0,0,100,0,0,0,0,0,0,0,0,0,0,100,0,0,0,0,0,0
0,0,0,7.6243,0,92.376,0,0,0,0,0,0,0,0,0,0,84.751,7.6243,0,0,0,7.6243,0,0,0,0,0,92.376,0,0,0,7.6243,0,0
0,0,16.664,32.906,0,50.43,0,0,0,0,0,14.1,16.664,0,0,2.7524,42.972,4.7052,0,0,0,18.806,0,0,0,0,0,44.433,5.9964,0,0,35.47,14.1,0
0,0,9.8542,25.211,0,64.935,0,0,0,0,0,15.357,9.8542,0,0,5.5028,53.929,5.5028,0,0,0,9.8542,0,0,0,0,0,64.935,0,0,0,19.708,15.357,0
0,0,0,0,0,100,0,0,0,0,0,0,0,0,0,0,100,0,0,0,0,0,0,0,0,0,0,100,0,0,0,0,0,0
0,0,0,0,0,100,0,0,0,0,0,0,0,0,0,0,100,0,0,0,0,0,0,0,0,0,0,91.347,8.6528,0,0,0,0,0
0,0,0,0,0,100,0,0,0,0,0,0,0,0,0,0,100,0,0,0,0,0,0,0,0,0,0,100,0,0,0,0,0,0
2.3644,5.1579,0,0,0,79.797,0,0,12.68,0,0,0,2.3644,5.1579,0,0,76.219,3.5789,10.316,2.3644,0,0,0,0,5.1579,2.3644,0,72.64,7.1579,0,0,12.68,0,0
0,0,0,0,0,100,0,0,0,0,0,0,0,0,0,10.32,72.738,16.942,0,0,0,0,0,0,0,0,0,66.115,33.885,0,0,0,0,0
0,0,5.4098,4.4277,0,90.162,0,0,0,0,0,0,0,5.4098,0,0,90.162,0,0,0,0,4.4277,0,5.4098,0,0,0,90.162,0,0,4.4277,0,0,0
0,0,0,0,0,100,0,0,0,0,0,0,0,0,0,10.724,84.011,5.2649,0,0,0,0,0,0,0,0,0,68.487,31.513,0,0,0,0,0
0,0,0,0,0,100,0,0,0,0,0,0,0,0,0,0,100,0,0,0,0,0,0,0,0,0,0,100,0,0,0,0,0,0
4.0849,0,0,0,0,91.83,0,0,4.0849,0,0,0,4.0849,0,0,10.163,75.437,6.2301,0,4.0849,0,0,0,0,0,4.0849,0,67.647,24.184,0,0,4.0849,0,0
0,0,0,0,0,89.879,0,0,10.121,0,0,5.0604,0,0,0,11.279,63.826,14.774,0,5.0604,0,0,0,0,0,0,0,60.331,29.548,0,5.0604,5.0604,0,0
0,0,6.6087,0,0,77.786,0,0,15.605,0,0,7.8026,0,0,0,8.638,69.148,0,14.411,0,0,0,6.6087,0,0,0,6.6087,62.539,8.638,0,7.8026,7.8026,0,0
0,0,13.976,0,0,63.711,0,0,22.313,0,0,16.393,0,0,0,3.5033,60.207,0,16.411,0,3.4849,0,3.5033,0,3.4849,6.9882,12.908,50.803,0,0,9.4049,12.908,0,0
0,0,20.371,0,0,48.983,0,0,30.646,0,0,7.1135,19.72,0,0,3.3007,35.654,10.028,14.156,0,10.028,0,7.042,0,10.028,3.3007,20.883,28.1,0,0,23.532,7.1135,0,0
12.056,10.241,0,0,0,42.613,26.879,0,8.2107,0,0,0,12.056,2.951,0,0,56.3,0,13.687,15.007,0,0,0,13.687,23.434,12.056,0,42.613,0,0,0,8.2107,0,0
7.8147,10.961,0,0,0,40.187,23.202,0,17.835,0,0,1.9855,7.8147,10.718,0,0,48.002,0,14.106,17.373,0,0,0,7.8147,26.348,7.8147,0,40.187,0,0,1.9855,15.85,0,0
4.3104,6.703,0,0,0,59.963,8.6207,0,20.403,0,0,7.8089,4.3104,2.3926,0,0,60.235,4.0384,9.0956,12.119,0,0,0,4.3104,11.013,4.3104,0,51.886,8.0769,0,7.8089,12.594,0,0
5.6183,0,0,0,0,69.374,3.0602,0,21.948,0,0,6.6346,5.6183,0,0,0,72.434,0,3.0602,12.253,0,0,0,3.0602,0,5.6183,3.4212,65.953,0,0,6.6346,15.313,0,0
2.5189,0,0,0,0,69.929,0,0,27.553,0,0,12.517,2.5189,0,0,5.5756,64.353,0,2.8637,12.172,0,0,0,0,0,2.5189,6.6701,57.683,5.5756,0,12.517,15.036,0,0
0,0,0,0,0,66.359,0,0,33.641,0,0,16.821,0,0,0,0,66.359,0,6.356,10.465,0,0,0,0,0,0,7.301,59.058,0,0,16.821,16.821,0,0
0,0,25.413,8.471,0,57.645,0,8.471,0,0,0,16.942,0,8.471,0,8.471,49.174,8.471,0,0,0,8.471,0,8.471,0,0,0,57.645,0,0,25.413,8.471,0,0
0,0,0,0,0,100,0,0,0,0,0,0,0,0,0,0,50,50,0,0,0,0,0,0,0,0,0,100,0,0,0,0,0,0
0,0,0,0,0,100,0,0,0,0,0,0,0,0,0,0,100,0,0,0,0,0,0,0,0,0,0,100,0,0,0,0,0,0
0,0,0,0,0,100,0,0,0,0,0,0,0,0,0,24.814,75.186,0,0,0,0,0,0,0,0,0,0,100,0,0,0,0,0,0
0,0,0,0,0,69.262,0,0,30.738,0,0,15.369,0,0,0,0,69.262,0,9.684,5.6849,0,0,0,0,0,0,12.52,56.742,0,0,15.369,15.369,0,0
0,0,6.9624,0,0,62.833,0,0,30.205,0,0,16.843,0,0,0,3.4812,59.352,0,17.068,3.2558,0,0,3.4812,0,0,3.4812,13.835,48.997,0,0,13.362,16.843,0,0
0,0,28.095,0,0,55.82,0,0,16.084,0,0,14.657,0,0,0,8.1865,47.634,0,27,0,2.5219,0,14.865,0,2.5219,10.708,16.833,38.987,0,0,3.9489,12.135,0,0
0,0,7.7895,0,0,68.661,0,0,23.549,0,0,14.256,0,0,0,5.804,57.053,5.804,14.602,0,2.4812,0,2.8271,0,2.4812,2.4812,26.21,42.451,0,0,11.775,11.775,0,0
0,0,35.332,0,0,41.328,0,0,23.34,0,0,5.9961,23.34,0,0,0,17.988,23.34,0,0,29.336,0,0,0,29.336,5.9961,23.34,17.988,0,0,23.34,0,0,0
0,0,13.216,0,0,61.927,0,0,24.858,0,0,6.6079,24.858,0,0,5.7485,50.43,5.7485,0,0,6.6079,0,0,0,6.6079,6.6079,11.497,50.43,0,0,24.858,0,0,0
10.126,0,0,0,32.252,33.734,0,0,17.007,0,6.8815,0,0,0,15.245,17.007,15.245,10.126,6.8815,15.245,10.126,10.126,0,0,0,0,0,25.37,8.3632,27.133,22.126,17.007,0,0
5.8026,10.299,0,0,19.459,32.023,0,0,24.541,0,7.8743,0,0,26.233,10.852,19.472,7.309,13.85,2.8048,2.8048,8.0547,8.62,0,0,10.299,0,0,32.023,0,19.479,26.773,11.425,0,0
9.0873,0,0,0,24.034,51.932,0,0,7.4733,0,7.4733,0,0,0,7.4733,7.4733,34.246,0,7.4733,34.246,0,9.0873,0,0,0,0,0,16.561,35.372,16.561,24.034,7.4733,0,0
12.31,0,0,0,27.869,42.772,0,0,4.8678,0,12.181,0,0,8.1208,11.498,4.8678,30.467,4.8678,4.0604,14.88,8.9282,12.31,0,0,0,0,3.8966,31.438,7.438,29.359,18.94,8.9282,0,0
0,0,0,0,0,100,0,0,0,0,0,0,0,0,0,27.664,44.672,27.664,0,0,0,0,0,0,0,0,0,100,0,0,0,0,0,0
0,0,0,0,0,100,0,0,0,0,0,0,0,0,0,18.666,18.666,62.668,0,0,0,0,0,0,0,0,0,100,0,0,0,0,0,0
0,0,0,0,0,100,0,0,0,0,0,0,0,0,0,50,0,50,0,0,0,0,0,0,0,0,0,100,0,0,0,0,0,0
0,0,0,0,14.095,85.905,0,0,0,0,0,0,0,0,14.095,0,71.809,0,0,14.095,0,0,0,0,0,0,0,52.571,33.333,0,14.095,0,0,0
0,5.2533,0,0,0,89.493,0,5.2533,0,0,0,0,0,0,0,0,62.898,5.2533,0,21.342,5.2533,5.2533,0,5.2533,5.2533,0,7.7626,33.794,47.936,0,0,0,0,0
0,9.3875,0,0,0,81.225,0,9.3875,0,0,0,0,0,0,0,0,71.837,9.3875,0,0,9.3875,9.3875,0,9.3875,9.3875,0,0,54.15,27.075,0,0,0,0,0
0,2.7958,17.678,2.7658,0,56.377,5.5616,2.7658,12.056,0,0,2.7658,0,2.7658,5.5616,12.116,52.619,9.3203,0,2.7658,9.2903,2.7958,0,23.239,2.7658,5.5916,0,39.761,13.82,6.5245,2.7658,5.5316,0,0
0,0,0,0,0,84.118,7.941,0,7.941,0,0,0,0,4.4288,0,0,87.63,0,3.5122,4.4288,0,0,0,3.5122,4.4288,0,0,84.118,0,0,0,7.941,0,0
0,0,0,0,0,100,0,0,0,0,0,0,0,0,0,0,100,0,0,0,0,0,0,0,0,0,0,100,0,0,0,0,0,0
0,0,0,0,0,100,0,0,0,0,0,0,0,0,0,0,100,0,0,0,0,0,0,0,0,0,0,100,0,0,0,0,0,0
0,0,0,0,0,100,0,0,0,0,0,0,0,0,0,0,100,0,0,0,0,0,0,0,0,0,0,100,0,0,0,0,0,0
0,0,0,0,0,89.835,0,0,10.165,0,0,5.0825,0,0,0,0,89.835,0,0,5.0825,0,0,0,0,0,0,6.3068,83.528,0,0,5.0825,5.0825,0,0
0,0,0,0,0,100,0,0,0,0,0,0,0,0,0,0,100,0,0,0,0,0,0,0,0,0,0,100,0,0,0,0,0,0
0,0,0,0,0,90.449,0,0,9.5505,0,0,4.7753,0,0,0,0,90.449,0,0,4.7753,0,0,0,0,0,0,11.13,79.319,0,0,4.7753,4.7753,0,0
0,0,0,0,0,100,0,0,0,0,0,0,0,0,0,0,100,0,0,0,0,0,0,0,0,0,4.6613,95.339,0,0,0,0,0,0
0,0,0,0,0,100,0,0,0,0,0,0,0,0,0,0,100,0,0,0,0,0,0,0,0,0,0,100,0,0,0,0,0,0
0,0,0,0,0,100,0,0,0,0,0,0,0,0,0,0,100,0,0,0,0,0,0,0,0,0,0,100,0,0,0,0,0,0
0,0,0,0,0,100,0,0,0,0,0,0,0,0,0,0,100,0,0,0,0,0,0,0,0,0,0,100,0,0,0,0,0,0
0,0,0,0,0,100,0,0,0,0,0,0,0,0,0,0,100,0,0,0,0,0,0,0,0,0,0,100,0,0,0,0,0,0
0,0,0,0,0,100,0,0,0,0,0,0,0,0,0,0,100,0,0,0,0,0,0,0,0,0,0,100,0,0,0,0,0,0
0,0,5.0182,0,0,94.982,0,0,0,0,0,0,0,5.0182,0,0,94.982,0,0,0,0,0,0,5.0182,0,0,0,94.982,0,0,0,0,0,0
0,0,17.209,2.5878,0,75.4,0,4.8033,0,0,0,16.837,0,2.5878,0,2.5878,72.812,2.5878,0,0,0,2.5878,0,2.5878,0,0,0,75.4,0,0,19.425,2.5878,0,0
0,0,15.561,2.6214,0,70.282,0,11.536,0,0,0,14.157,0,2.6214,0,10.318,67.661,2.6214,0,0,0,2.6214,0,2.6214,0,0,0,70.282,0,0,16.778,10.318,0,0
0,0,0,0,0,91.012,0,0,8.9876,0,0,4.4938,0,0,0,0,91.012,0,4.4938,0,0,0,0,0,0,0,10.388,80.624,0,0,4.4938,4.4938,0,0
0,0,0,0,0,100,0,0,0,0,0,0,0,0,0,0,100,0,0,0,0,0,0,0,0,0,12.096,87.904,0,0,0,0,0,0
0,0,0,0,0,100,0,0,0,0,0,0,0,0,0,15.562,68.876,15.562,0,0,0,0,0,0,0,0,44.452,55.548,0,0,0,0,0,0
0,0,25.371,0,0,57.364,0,0,17.265,0,0,8.1061,9.159,0,0,8.1061,40.099,9.159,16.212,0,9.159,0,8.1061,0,9.159,8.1061,17.265,40.099,0,0,9.159,8.1061,0,0
0,3.648,14.779,0,11.094,28.44,3.6467,7.7752,12.871,0,17.746,3.3336,6.7044,13.929,4.1991,8.9916,33.59,4.854,8.4301,0,13.464,2.5048,6.2376,9.268,6.7057,1.6229,0,27.472,0,14.688,7.6732,23.654,2.6787,0
0,0,16.839,0,16.036,20.698,5.0115,9.4728,22.453,0,9.4892,8.1362,13.714,8.1362,6.1807,3.6749,25.726,4.4613,11.428,0,14.867,3.6749,15.654,10.642,8.7028,4.4613,0,18.192,0,11.811,3.6749,20.681,6.1807,0
0,3.8352,7.8439,0,18.316,33.976,0,3.4431,17.323,0,15.263,5.6435,2.2004,21.194,9.9756,6.0356,26.305,7.2783,10.826,0,8.3408,2.2004,5.6435,5.6435,6.0356,3.4431,5.1654,28.81,0,19.664,13.811,9.5836,2.2004,0
0,1.9347,5.2529,1.2859,24.172,11.588,15.96,19.098,12.826,0,7.8838,3.3512,15.617,4.8124,8.8411,0.94312,19.379,1.1222,9.7503,0,31.383,4.8009,22.393,8.8411,4.1637,2.5718,0,4.8124,0,11.056,4.1637,33.158,8.8411,0
0,0,0,0,0,84.139,0,0,7.9305,0,7.9305,0,0,0,0,0,84.139,0,15.861,0,0,0,0,0,0,0,0,84.139,7.9305,0,0,7.9305,0,0
4.333,7.6343,0,0,0,54.207,17.945,0,15.881,0,0,0,4.333,3.3014,0,0,67.818,0,20.214,4.333,0,0,0,13.612,11.967,4.333,0,54.207,0,0,0,15.881,0,0
2.5314,7.9327,0,0,0,51.88,9.6296,0,28.026,0,0,0,2.5314,10.933,0,0,58.51,0,22.495,5.5314,0,0,0,6.6297,10.933,2.5314,0,51.88,0,0,0,28.026,0,0
0,0,5.203,9.8441,9.2823,36.294,9.8441,14.485,15.047,0,0,9.8441,0,5.203,5.203,0,50.779,0,0,5.203,9.8441,13.923,0,10.406,9.8441,9.2823,9.0735,27.221,0,4.6411,9.8441,19.688,0,0
6.1772,8.7744,9.922,3.6229,6.7222,14.865,18.631,11.94,13.467,3.7944,2.0835,11.395,5.0609,2.0835,16.417,5.4557,22.528,2.0835,8.659,1.8329,16.774,7.7098,15.723,18.012,11.144,9.025,9.3115,2.0835,3.6229,5.4061,7.2886,15.852,2.5304,0
0,4.9015,24.639,2.4814,0,33.674,13.896,2.4814,14.099,0,3.8281,6.3096,0,2.4814,9.0661,17.256,40.044,7.5251,0,7.3109,5.1051,4.9015,4.8295,28.876,2.4814,18.461,4.8295,23.943,0,2.6236,2.4814,11.476,0,1
6.0683,0,0,0,8.907,55.323,0,0,24.503,0,5.1986,5.1986,14.975,5.1986,0,0,55.323,5.1986,0,8.907,5.1986,0,23.882,0,0,10.397,5.1986,44.926,0,5.1986,0,10.397,0,0
6.1976,0,0,0,0,93.802,0,0,0,0,0,0,6.1976,0,0,0,93.802,0,0,0,0,0,6.1976,0,0,0,0,93.802,0,0,0,0,0,0
0,0,0,0,0,100,0,0,0,0,0,0,0,0,0,0,100,0,0,0,0,0,0,0,0,0,0,100,0,0,0,0,0,0
10.256,0,5.1282,0,0,80.049,0,0,0,0,4.5662,4.5662,5.1282,0,0,0,80.049,0,5.1282,0,0,5.1282,5.1282,0,5.1282,4.5662,0,80.049,0,5.1282,0,0,0,0
0,0,0,0,0,100,0,0,0,0,0,0,0,0,0,0,100,0,0,0,0,0,0,0,0,0,0,100,0,0,0,0,0,0
0,0,0,0,0,45.778,10.332,0,9.3333,0,34.557,0,0,0,0,0,40.612,5.1658,36.444,0,12.612,5.1658,0,5.1658,0,5.1658,0,28,39.723,12.612,0,9.3333,0,0
0,0,0,0,0,65.072,0,0,18.445,0,16.483,0,0,0,0,0,49.45,0,36.889,0,13.661,0,0,0,0,0,0,37.75,32.105,11.7,0,18.445,0,0
0,0,0,0,0,73.397,0,0,11.38,0,15.223,0,0,0,0,0,55.091,0,28.144,0,16.765,0,0,0,0,0,0,45.252,33.529,9.8388,0,11.38,0,0
0,0,0,0,0,62.625,0,0,4.7229,0,32.652,0,0,0,0,0,62.625,0,23.41,0,13.965,0,0,0,0,0,0,48.661,32.652,13.965,0,4.7229,0,0
0,0,0,0,0,100,0,0,0,0,0,0,0,0,0,0,100,0,0,0,0,0,0,0,0,0,0,100,0,0,0,0,0,0
0,0,0,0,0,100,0,0,0,0,0,0,0,0,0,0,100,0,0,0,0,0,0,0,0,0,0,100,0,0,0,0,0,0
0,0,0,0,0,100,0,0,0,0,0,0,0,0,0,0,100,0,0,0,0,0,0,0,0,0,0,100,0,0,0,0,0,0
0,0,0,0,0,100,0,0,0,0,0,0,0,0,0,0,100,0,0,0,0,0,0,0,0,0,0,100,0,0,0,0,0,0
8.5596,4.4931,0,0,33.795,21.351,0,0,8.2981,0,23.503,0,0,22.119,14.864,8.2981,12.365,4.4931,10.371,12.365,6.5662,8.5596,0,0,4.4931,0,0,21.351,0,32.063,31.722,10.371,0,0
3.4071,1.881,1.5425,0,19.531,16.815,0,0,25.352,0,31.471,0.77127,0.77127,36.093,7.6763,13.053,4.5334,3.4071,6.9051,0,13.736,13.053,0.77127,0.77127,2.6523,0,0,16.815,0,39.828,18.432,19.958,0.77127,0
0,0,18.345,0,9.6751,32.864,0,0,21.373,0,17.744,3.225,15.12,14.922,3.225,9.0738,38.91,0,0,0,6.45,9.0738,3.225,3.225,15.12,0,0,32.864,0,12.299,9.0738,20.969,3.225,0
0,0,17.04,0,14.157,39.974,0,0,20.052,0,8.7774,0,8.7774,0,0,8.2624,42.857,0,0,28.314,0,11.789,8.2624,0,8.7774,5.8947,0,39.974,0,20.052,0,17.04,0,0
0,4.5384,13.427,0,4.5809,45.987,4.4233,0,27.043,0,0,4.5384,4.4233,9.0768,0,13.427,30.648,8.9617,0,19.963,0,8.9617,9.0042,4.4233,0,17.923,0,27.949,8.9617,9.1193,4.4233,13.658,4.5384,0
0,11.797,19.77,0,0,25.341,6.7487,0,25.816,0,10.527,5.5242,11.002,6.7948,0,26.043,22.8,8.0193,0,11.797,0,8.0193,13.022,13.022,4.2536,16.039,0,14.78,8.0193,7.5437,15.256,2.5412,5.5242,1
0,23.453,4.8058,0,0,27.095,9.4345,3.3559,21.348,0,10.508,15.303,11.792,8.2709,0,12.956,34.127,4.6402,0,10.508,0,2.4029,9.4345,3.5215,17.54,21.106,0,16.542,2.4029,1.1186,20.063,0,8.2709,1
0,9.3925,13.024,4.9643,6.8649,24.951,10.469,4.2259,24.935,0,1.1737,7.0609,5.7552,2.5823,0,18.173,24.279,8.1373,0,19.868,0,14.145,17.147,8.1373,4.9139,20.386,0,16.629,4.5816,9.8687,6.9289,5.2697,6.138,1
0,8.6464,3.054,3.037,0,20.807,12.147,30.472,16.723,0,5.1142,4.5623,4.0841,4.5776,0,14.721,25.339,18.786,1.527,9.6765,10.637,6.0893,15.201,16.231,8.1682,20.312,0,13.674,1.5253,4.0824,2.5571,12.16,6.0893,0
0,26.438,4.5757,0,3.8324,31.407,9.1498,0,19.844,0,4.7532,14.382,1.8468,8.617,0,16.632,31.623,3.3851,0,15.803,0,7.7112,13.725,2.9064,10.997,27.233,0,12.102,3.3851,12.287,3.6936,8.4395,5.2319,1
0.76357,25.487,14.921,0.76357,0,23.991,7.8694,4.6983,7.27,0.76357,13.472,7.6205,3.4749,1.7925,0.76357,32.024,28.159,7.4644,0,15.132,0.76357,2.8051,18.209,14.578,9.0928,21.427,1.5271,11.103,2.8051,13.566,4.2385,2.5561,0.89627,1
18.462,23.334,7.6287,6.1748,0,13.804,0,13.996,1.3026,15.299,0,4.4657,0,25.194,15.299,26.903,5.7683,5.7683,13.996,1.3026,1.3026,0,8.0353,1.3026,32.864,7.6287,22.927,1.3026,0,23.334,1.3026,1.3026,0,1
6.4975,13.651,21.344,26.931,0,20.149,0,9.3754,1.0264,1.0264,0,25.248,0,27.471,1.0264,19.778,7.524,7.524,9.3754,1.0264,1.0264,0,22,1.0264,16.529,21.344,12.995,1.0264,0,13.651,10.402,1.0264,0,1
16.998,16.998,16.443,10.375,0,11.256,0,16.558,0,11.371,0,16.003,0,27.814,11.371,16.998,5.6279,5.6279,16.558,0,0,0,10.816,0,27.929,16.443,22.626,0,0,16.998,5.1876,0,0,0
0,0,0,0,0,100,0,0,0,0,0,0,0,0,0,0,100,0,0,0,0,0,0,0,0,0,0,100,0,0,0,0,0,0
0,0,0,0,5.1864,94.814,0,0,0,0,0,0,0,0,0,0,94.814,0,0,0,0,5.1864,0,0,0,0,0,94.814,0,0,0,5.1864,0,0
0,0,0,0,0,100,0,0,0,0,0,0,0,0,0,0,100,0,0,0,0,0,0,0,0,0,0,100,0,0,0,0,0,0
0,0,0,0,0,100,0,0,0,0,0,0,0,0,0,0,100,0,0,0,0,0,0,0,0,0,0,100,0,0,0,0,0,0
0,0,0,0,0,100,0,0,0,0,0,0,0,0,0,0,100,0,0,0,0,0,0,0,0,0,0,100,0,0,0,0,0,0
0,30.883,0,6.1307,3.4276,59.558,0,0,0,0,0,0,0,0,6.1307,0,59.558,0,0,0,0,34.311,0,0,0,0,0,28.675,30.883,0,0,3.4276,37.014,0
8.3408,14.355,9.6291,4.0312,0,17.25,5.4027,26.543,3.9088,2.371,8.169,7.4677,6.0139,11.63,2.371,12.982,18.846,11.357,9.369,11.742,6.8123,1.4097,9.062,6.8044,21.319,26.487,10.738,5.3185,0,8.3328,7.6593,1.8299,2.4491,1
13.347,19.964,6.8663,14.3,0,12.772,2.7892,17.72,1.6833,10.558,0,8.5571,0.87306,18.928,10.558,22.107,8.9449,3.3666,15.974,4.4725,5.3455,0.87306,10.926,2.5563,31.465,13.488,15.03,2.5563,0,16.301,5.1202,1.6833,0.87306,1
3.3034,10.223,9.1119,7.5306,0,17.753,2.0004,41.441,1.303,1.303,6.03,1.303,6.9194,10.132,1.303,23.279,15.849,8.636,5.9048,15.561,7.2078,3.9044,20.264,8.2224,22.067,13.334,4.6064,5.2074,0,4.318,4.318,7.5306,10.132,1
0,3.0189,6.0378,26.289,26.289,29.308,0,9.0567,0,0,0,0,3.0189,3.0189,26.289,6.0378,26.289,0,3.0189,0,3.0189,29.308,6.0378,3.0189,6.0378,0,0,3.0189,26.289,0,0,26.289,29.308,0
5.6802,11.082,8.382,5.6028,0,22.611,6.3033,22.037,11.227,3.3178,3.7562,5.3021,3.6304,5.9154,3.3178,15.347,27.268,10.577,4.0084,11.721,11.267,1.6461,13.575,10.677,9.9238,14.346,8.998,14.645,0,5.0897,7.2864,9.5438,5.9154,1
5.7926,12.789,18.937,2.7431,0,20.738,2.157,25.303,4.9,2.7431,3.8974,5.7926,6.9962,11.147,2.7431,17.25,14.798,14.59,5.0475,6.6405,9.9475,5.0475,15.301,11.896,13.992,14.897,11.585,9.9475,0,7.7413,4.6918,4.9,5.0475,0
0,0,0,15.24,6.0983,78.662,0,0,0,0,0,0,0,0,15.24,0,78.662,0,0,0,0,6.0983,0,0,0,0,0,72.563,6.0983,0,0,6.0983,15.24,0
0,0,0,0,5.6244,94.376,0,0,0,0,0,0,0,0,0,0,94.376,0,0,0,0,5.6244,0,0,0,0,0,94.376,0,0,0,5.6244,0,0
0,0,0,9.3149,17.122,73.563,0,0,0,0,0,0,0,0,9.3149,0,73.563,0,0,0,0,17.122,0,0,0,0,0,64.248,9.3149,0,0,17.122,9.3149,0
0,0,0,4.977,0,95.023,0,0,0,0,0,0,0,0,4.977,0,95.023,0,0,0,0,0,0,0,0,0,0,95.023,0,0,0,0,4.977,0
0,0,0,0,0,100,0,0,0,0,0,0,0,0,0,0,100,0,0,0,0,0,0,0,0,0,0,100,0,0,0,0,0,0
0,0,0,0,0,100,0,0,0,0,0,0,0,0,0,0,100,0,0,0,0,0,0,0,0,0,0,100,0,0,0,0,0,0
0,0,0,0,0,100,0,0,0,0,0,0,0,0,0,0,100,0,0,0,0,0,0,0,0,0,0,100,0,0,0,0,0,0
0,0,0,0,0,100,0,0,0,0,0,0,0,0,0,0,100,0,0,0,0,0,0,0,0,0,0,100,0,0,0,0,0,0
0,0,0,0,0,100,0,0,0,0,0,0,0,0,0,0,100,0,0,0,0,0,0,0,0,0,0,100,0,0,0,0,0,0
0,0,0,0,0,100,0,0,0,0,0,0,0,0,0,0,100,0,0,0,0,0,0,0,0,0,0,100,0,0,0,0,0,0
0,0,0,0,0,100,0,0,0,0,0,0,0,0,0,0,100,0,0,0,0,0,0,0,0,0,0,100,0,0,0,0,0,0
0,0,0,0,0,100,0,0,0,0,0,0,0,0,0,0,100,0,0,0,0,0,0,0,0,0,0,100,0,0,0,0,0,0
0,0,0,0,0,100,0,0,0,0,0,0,0,0,0,0,100,0,0,0,0,0,0,0,0,0,0,100,0,0,0,0,0,0
0,10.876,8.7128,0,21.472,34.506,0,0,15.547,0,8.8876,1.557,1.557,29.233,15.395,18.031,12.755,10.876,2.9625,0,6.0766,1.557,1.557,7.1558,12.433,0,0,34.506,0,12.002,26.271,4.5196,1.557,0
0,0,18.468,0,11.294,50.223,0,4.3603,6.9336,0,8.7207,2.3112,2.3112,2.3112,2.3112,16.157,47.843,0,4.3603,6.7401,13.343,2.3112,2.3112,16.157,2.3112,0,0,50.223,0,13.343,2.3112,11.032,2.3112,0
1.0008,21.785,5.6968,0,50.581,4.8633,3.7293,5.0307,6.527,0,0.78614,2.4834,4.941,1.4826,3.5619,0.69642,74.413,0.78614,2.4361,2.517,4.9851,1.6973,5.0748,6.865,18.963,2.7878,1.0008,3.9996,0,2.179,32.712,22.341,4.0772,1
0.81407,5.615,15.217,1.8002,11.346,10.452,6.7718,14.368,20.993,0.96112,11.661,12.494,3.102,8.4583,4.6589,1.6095,24.36,9.2312,17.546,1.9935,8.7236,7.8241,11.655,13.501,5.2561,14,0.81407,9.4907,0,14.758,5.4031,22.02,3.102,1
1.0219,12.338,35.807,0,26.294,5.98,12.201,4.3145,2.0438,0,0,11.179,14.471,0,12.201,1.6655,43.968,10.157,0,4.3145,1.0219,1.0219,11.179,18.181,5.3364,2.0438,1.0219,5.98,0,0,5.98,35.807,14.471,1
1.3022,20.694,11.408,0,40.426,9.1194,10.502,1.6794,3.4441,1.4248,0,4.6708,5.048,0,8.2375,8.2797,60.158,3.3686,0.83969,1.4248,5.2461,2.727,8.6147,15.092,11.112,4.0292,1.3022,6.8549,0,0,26.474,22.312,4.2083,1
0,7.8676,5.3922,3.2601,3.6181,44.195,5.9562,0,29.711,0,0,7.8676,2.6961,9.215,0,5.3922,24.429,10.564,0,22.036,0,17.8,5.9562,5.9562,0,21.485,0,27.676,7.3036,11.844,2.6961,9.215,7.8676,0
0,4.8669,7.417,3.839,3.7394,30.362,12.564,15.195,22.018,0,0,8.5444,0,17.25,0,11.417,16.185,16.665,4.4432,16.185,0,9.31,15.095,4.4432,3.839,17.854,0,7.4788,9.31,8.6063,3.6776,20.99,8.7059,0
0,4.1546,11.216,4.1546,0,52.538,17.327,6.4555,4.1546,0,0,10.61,0,11.216,0,17.671,17.066,21.956,6.586,4.1546,0,10.741,4.1546,10.741,0,10.741,0,17.066,35.473,0,6.4555,11.216,4.1546,0
0,0,16.034,0,0,66.438,5.8427,5.8427,5.8427,0,0,5.8427,0,16.034,0,15.253,35.932,26.938,0,0,0,0,5.8427,0,0,5.8427,0,35.932,30.506,0,5.8427,16.034,0,0
0,31.914,9.0157,0,21.787,13.829,9.6258,9.0157,0,4.8129,0,0,9.0157,0,4.8129,4.8129,57.904,0,0,13.829,4.8129,4.8129,4.8129,13.829,18.086,4.8129,0,9.0157,0,0,27.156,13.273,9.0157,1
0,0,8.8729,0,0,55.601,8.8729,17.781,8.8729,0,0,17.781,0,8.8729,0,14.683,35.142,23.521,0,0,0,0,8.8729,0,0,8.8729,0,35.142,20.459,0,17.781,8.8729,0,0
0,0,6.7426,0,0,88.092,0,5.1657,0,0,0,5.1657,0,6.7426,0,17.267,64.082,6.7426,0,0,0,0,0,0,0,0,0,52.996,35.095,0,5.1657,6.7426,0,0
1.5685,9.2884,28.818,1.5685,1.5685,25.051,14.037,5.1564,10.887,0,2.0577,5.4375,0,2.0577,12.217,19.737,26.419,11.346,0,3.1453,7.2141,12.425,4.7138,36.772,5.1564,22.284,8.5828,3.5532,3.3451,5.1947,1.5685,8.8292,0,1
10.583,5.5354,21.914,6.7504,3.6684,10.084,16.057,6.423,16.823,2.1616,0,8.5235,3.3241,2.7546,10.452,12.073,27.759,1.9892,5.4857,8.6878,6.3619,12.589,11.03,17.012,11.848,17.126,9.8679,0,2.1616,5.1583,6.7504,19.046,0,1
9.4609,13.552,11.428,8.6429,12.108,15.278,8.1882,7.055,7.1087,7.1785,0,10.925,4.1262,0,12.823,12.231,36.009,0,8.2579,1.9673,6.9851,6.6757,5.5207,12.664,12.893,7.4937,9.4609,7.02,7.1785,1.4644,15.663,17.595,3.0467,0
0.95851,1.5198,14.598,7.3154,0.95851,21.95,11.067,7.8767,30.316,0,3.4397,9.7966,0,9.7966,9.2324,7.283,29.883,6.5737,0,11.067,12.931,3.4368,5.6687,16.806,7.8767,11.589,8.1498,7.8824,2.4783,6.971,7.3154,25.262,0,1
3.3802,5.569,26.614,6.5273,3.3802,16.963,8.716,3.147,21.695,0,4.0071,7.1541,0,7.1541,18.857,14.518,20.11,9.576,0,3.147,7.1541,12.329,3.3802,31.95,3.147,19.152,4.0071,0,3.3802,10.768,6.5273,17.688,0,1
21.237,16.275,13.501,2.9877,4.483,8.3414,17.77,2.9906,5.5648,6.849,0,2.7838,9.228,0,13.903,8.3414,15.198,0,9.228,6.849,9.6328,24.836,18.858,10.918,18.861,12.417,1.2885,0,1.4924,13.708,16.686,5.7715,0,1
0,0,0,0,0,100,0,0,0,0,0,0,0,0,0,4.7903,90.419,4.7903,0,0,0,0,0,0,0,0,0,69.681,30.319,0,0,0,0,0
0,0,0,0,0,100,0,0,0,0,0,0,0,0,0,15.209,80.682,4.1091,0,0,0,0,0,0,0,0,0,69.582,30.418,0,0,0,0,0
20.111,0,16.772,13.986,2.7856,32.36,0,0,2.7856,11.2,0,11.2,6.1248,0,19.557,13.986,32.36,0,11.2,0,0,5.5713,8.9104,2.7856,11.2,0,11.2,18.374,13.986,5.5713,13.986,13.986,0,1
0,0,0,0,0,100,0,0,0,0,0,0,0,0,0,25.641,74.359,0,0,0,0,0,0,0,0,0,0,48.717,51.283,0,0,0,0,0
0,0,0,0,0,100,0,0,0,0,0,0,0,0,0,3.9681,96.032,0,0,0,0,0,0,0,0,0,0,81.895,18.105,0,0,0,0,0
0,6.2319,8.1767,6.2319,0,30.321,14.409,8.1767,26.453,0,0,14.409,0,8.1767,0,0,6.2319,22.585,24.089,6.2319,12.045,6.2319,14.409,6.2319,0,14.409,0,6.2319,24.089,0,8.1767,20.221,6.2319,0
0,0,0,0,0,93.023,0,6.9767,0,0,0,6.9767,0,0,0,6.9767,86.047,0,0,0,0,0,0,0,0,0,0,86.047,6.9767,0,6.9767,0,0,0
0,0,0,0,0,100,0,0,0,0,0,0,0,0,0,0,100,0,0,0,0,0,0,0,0,0,0,100,0,0,0,0,0,0
0,0,0,0,0,100,0,0,0,0,0,0,0,0,0,4.1418,91.716,4.1418,0,0,0,0,0,0,0,0,0,91.716,8.2836,0,0,0,0,0
0,0,0,0,0,92.831,0,0,7.1685,0,0,0,0,0,0,0,92.831,0,0,0,7.1685,0,0,0,0,0,0,92.831,0,0,0,0,7.1685,0
0,0,0,8.9002,0,91.1,0,0,0,0,0,0,0,0,8.9002,0,91.1,0,0,0,0,0,0,0,0,0,0,91.1,0,0,0,0,8.9002,0
0,0,0,0,0,100,0,0,0,0,0,0,0,0,0,0,100,0,0,0,0,0,0,0,0,0,0,100,0,0,0,0,0,0
0,0,0,0,0,90.042,0,0,9.958,0,0,0,0,0,0,0,90.042,0,0,0,9.958,0,0,0,0,0,0,90.042,0,0,0,0,9.958,0
0,0,0,0,0,100,0,0,0,0,0,0,0,0,0,0,100,0,0,0,0,0,0,0,0,0,0,100,0,0,0,0,0,0
0,0,0,0,0,100,0,0,0,0,0,0,0,0,0,0,100,0,0,0,0,0,0,0,0,0,0,100,0,0,0,0,0,0
0,0,0,0,0,100,0,0,0,0,0,0,0,0,0,0,100,0,0,0,0,0,0,0,0,0,0,100,0,0,0,0,0,0
0,0,0,0,0,100,0,0,0,0,0,0,0,0,0,0,100,0,0,0,0,0,0,0,0,0,0,100,0,0,0,0,0,0
0,0,0,0,0,100,0,0,0,0,0,0,0,0,0,0,100,0,0,0,0,0,0,0,0,0,0,96.015,3.9854,0,0,0,0,0
0,0,0,0,0,94.857,0,0,5.1427,0,0,0,0,0,0,0,94.857,0,0,0,5.1427,0,0,0,0,0,0,94.857,0,0,0,0,5.1427,0
0,0,0,0,0,100,0,0,0,0,0,0,0,0,0,1.8595,98.14,0,0,0,0,0,0,0,0,0,0,96.281,3.7191,0,0,0,0,0
0,0,0,0,0,100,0,0,0,0,0,0,0,0,0,0,100,0,0,0,0,0,0,0,0,0,0,100,0,0,0,0,0,0
0,0,0,0,0,93.539,0,0,6.4607,0,0,0,0,0,0,0,93.539,0,0,0,6.4607,0,0,0,0,0,0,93.539,0,0,0,0,6.4607,0
0,0,0,0,0,100,0,0,0,0,0,0,0,0,0,0,100,0,0,0,0,0,0,0,0,0,0,100,0,0,0,0,0,0
0,0,0,0,0,90.768,0,0,9.2318,0,0,0,0,0,0,0,90.768,0,0,0,9.2318,0,0,0,0,0,0,90.768,0,0,0,0,9.2318,0
0,0,0,0,0,100,0,0,0,0,0,0,0,0,0,0,100,0,0,0,0,0,0,0,0,0,0,100,0,0,0,0,0,0
0,0,0,0,0,100,0,0,0,0,0,0,0,0,0,0,100,0,0,0,0,0,0,0,0,0,0,100,0,0,0,0,0,0
0,0,0,0,0,100,0,0,0,0,0,0,0,0,0,0,100,0,0,0,0,0,0,0,0,0,0,100,0,0,0,0,0,0
0,0,0,0,0,100,0,0,0,0,0,0,0,0,0,0,100,0,0,0,0,0,0,0,0,0,0,100,0,0,0,0,0,0
0,0,0,0,0,100,0,0,0,0,0,0,0,0,0,0,100,0,0,0,0,0,0,0,0,0,0,100,0,0,0,0,0,0
0,0,0,0,0,100,0,0,0,0,0,0,0,0,0,0,100,0,0,0,0,0,0,0,0,0,0,100,0,0,0,0,0,0
0,0,0,0,0,100,0,0,0,0,0,0,0,0,0,0,100,0,0,0,0,0,0,0,0,0,0,100,0,0,0,0,0,0
0,0,0,0,0,100,0,0,0,0,0,0,0,0,0,0,100,0,0,0,0,0,0,0,0,0,0,100,0,0,0,0,0,0
0,0,0,0,0,100,0,0,0,0,0,0,0,0,0,0,100,0,0,0,0,0,0,0,0,0,0,100,0,0,0,0,0,0
0,0,0,0,0,100,0,0,0,0,0,0,0,0,0,0,100,0,0,0,0,0,0,0,0,0,0,100,0,0,0,0,0,0
0,0,0,0,0,100,0,0,0,0,0,0,0,0,0,0,100,0,0,0,0,0,0,0,0,0,0,100,0,0,0,0,0,0
0,0,0,0,0,100,0,0,0,0,0,0,0,0,0,0,100,0,0,0,0,0,0,0,0,0,0,100,0,0,0,0,0,0
0,0,0,0,0,100,0,0,0,0,0,0,0,0,0,0,100,0,0,0,0,0,0,0,0,0,0,100,0,0,0,0,0,0
0,0,0,0,0,100,0,0,0,0,0,0,0,0,0,0,100,0,0,0,0,0,0,0,0,0,0,100,0,0,0,0,0,0
0,0,0,0,0,100,0,0,0,0,0,0,0,0,0,0,100,0,0,0,0,0,0,0,0,0,0,100,0,0,0,0,0,0
0,0,0,0,0,100,0,0,0,0,0,0,0,0,0,0,100,0,0,0,0,0,0,0,0,0,0,100,0,0,0,0,0,0
0,0,0,0,0,100,0,0,0,0,0,0,0,0,0,0,100,0,0,0,0,0,0,0,0,0,0,100,0,0,0,0,0,0
0,0,0,0,0,100,0,0,0,0,0,0,0,0,0,0,100,0,0,0,0,0,0,0,0,0,0,100,0,0,0,0,0,0
0,0,0,0,0,100,0,0,0,0,0,0,0,0,0,0,100,0,0,0,0,0,0,0,0,0,0,100,0,0,0,0,0,0
0,0,0,0,0,100,0,0,0,0,0,0,0,0,0,0,100,0,0,0,0,0,0,0,0,0,0,100,0,0,0,0,0,0
0,0,0,0,0,100,0,0,0,0,0,0,0,0,0,0,100,0,0,0,0,0,0,0,0,0,0,100,0,0,0,0,0,0
0,0,0,0,0,100,0,0,0,0,0,0,0,0,0,0,100,0,0,0,0,0,0,0,0,0,0,100,0,0,0,0,0,0
0,0,0,0,0,100,0,0,0,0,0,0,0,0,0,0,100,0,0,0,0,0,0,0,0,0,0,100,0,0,0,0,0,0
0,0,0,0,0,100,0,0,0,0,0,0,0,0,0,0,100,0,0,0,0,0,0,0,0,0,0,100,0,0,0,0,0,0
0,0,0,0,0,100,0,0,0,0,0,0,0,0,0,0,100,0,0,0,0,0,0,0,0,0,0,100,0,0,0,0,0,0
0,0,0,0,0,100,0,0,0,0,0,0,0,0,0,0,100,0,0,0,0,0,0,0,0,0,0,100,0,0,0,0,0,0
0,0,0,0,0,100,0,0,0,0,0,0,0,0,0,0,100,0,0,0,0,0,0,0,0,0,0,100,0,0,0,0,0,0
0,0,0,0,0,100,0,0,0,0,0,0,0,0,0,0,100,0,0,0,0,0,0,0,0,0,0,100,0,0,0,0,0,0
0,0,0,0,0,100,0,0,0,0,0,0,0,0,0,0,100,0,0,0,0,0,0,0,0,0,0,100,0,0,0,0,0,0
0,0,0,0,0,100,0,0,0,0,0,0,0,0,0,0,100,0,0,0,0,0,0,0,0,0,0,100,0,0,0,0,0,0
0,0,0,0,0,100,0,0,0,0,0,0,0,0,0,0,100,0,0,0,0,0,0,0,0,0,0,100,0,0,0,0,0,0
0,0,0,0,0,100,0,0,0,0,0,0,0,0,0,0,100,0,0,0,0,0,0,0,0,0,0,100,0,0,0,0,0,0
0,0,0,0,0,100,0,0,0,0,0,0,0,0,0,0,100,0,0,0,0,0,0,0,0,0,0,100,0,0,0,0,0,0
0,0,0,0,0,100,0,0,0,0,0,0,0,0,0,0,100,0,0,0,0,0,0,0,0,0,0,100,0,0,0,0,0,0
0,0,0,0,0,100,0,0,0,0,0,0,0,0,0,0,100,0,0,0,0,0,0,0,0,0,0,100,0,0,0,0,0,0
0,0,0,0,0,100,0,0,0,0,0,0,0,0,0,0,100,0,0,0,0,0,0,0,0,0,0,100,0,0,0,0,0,0
0,0,0,0,0,100,0,0,0,0,0,0,0,0,0,0,100,0,0,0,0,0,0,0,0,0,0,100,0,0,0,0,0,0
0,0,0,0,0,100,0,0,0,0,0,0,0,0,0,0,100,0,0,0,0,0,0,0,0,0,0,100,0,0,0,0,0,0
0,0,0,0,0,100,0,0,0,0,0,0,0,0,0,0,100,0,0,0,0,0,0,0,0,0,0,100,0,0,0,0,0,0
0,0,0,0,0,100,0,0,0,0,0,0,0,0,0,0,100,0,0,0,0,0,0,0,0,0,0,100,0,0,0,0,0,0
0,0,0,0,0,100,0,0,0,0,0,0,0,0,0,0,100,0,0,0,0,0,0,0,0,0,0,100,0,0,0,0,0,1
0,0,0,0,0,100,0,0,0,0,0,0,0,0,0,0,100,0,0,0,0,0,0,0,0,0,0,100,0,0,0,0,0,0
0,0,0,0,0,100,0,0,0,0,0,0,0,0,0,0,100,0,0,0,0,0,0,0,0,0,0,100,0,0,0,0,0,0
0,0,0,0,0,100,0,0,0,0,0,0,0,0,0,0,100,0,0,0,0,0,0,0,0,0,0,100,0,0,0,0,0,0
0,0,0,0,0,100,0,0,0,0,0,0,0,0,0,0,100,0,0,0,0,0,0,0,0,0,0,100,0,0,0,0,0,0
0,0,0,0,0,100,0,0,0,0,0,0,0,0,0,0,100,0,0,0,0,0,0,0,0,0,0,100,0,0,0,0,0,0
0,0,0,0,0,100,0,0,0,0,0,0,0,0,0,0,100,0,0,0,0,0,0,0,0,0,0,100,0,0,0,0,0,0
0,0,0,0,0,100,0,0,0,0,0,0,0,0,0,0,100,0,0,0,0,0,0,0,0,0,0,100,0,0,0,0,0,0
0,0,0,0,0,100,0,0,0,0,0,0,0,0,0,0,100,0,0,0,0,0,0,0,0,0,0,100,0,0,0,0,0,0
0,0,0,0,0,100,0,0,0,0,0,0,0,0,0,0,100,0,0,0,0,0,0,0,0,0,0,100,0,0,0,0,0,0
0,0,0,0,0,100,0,0,0,0,0,0,0,0,0,0,100,0,0,0,0,0,0,0,0,0,0,100,0,0,0,0,0,0
0,0,0,0,0,100,0,0,0,0,0,0,0,0,0,0,100,0,0,0,0,0,0,0,0,0,0,100,0,0,0,0,0,0
0,0,0,0,0,100,0,0,0,0,0,0,0,0,0,0,100,0,0,0,0,0,0,0,0,0,0,100,0,0,0,0,0,0
0,0,0,0,0,100,0,0,0,0,0,0,0,0,0,0,100,0,0,0,0,0,0,0,0,0,0,100,0,0,0,0,0,0
0,0,0,0,0,100,0,0,0,0,0,0,0,0,0,0,100,0,0,0,0,0,0,0,0,0,0,100,0,0,0,0,0,0
0,0,0,0,0,100,0,0,0,0,0,0,0,0,0,0,100,0,0,0,0,0,0,0,0,0,0,100,0,0,0,0,0,0
0,0,0,0,0,100,0,0,0,0,0,0,0,0,0,0,100,0,0,0,0,0,0,0,0,0,0,100,0,0,0,0,0,0
0,0,0,0,0,100,0,0,0,0,0,0,0,0,0,0,100,0,0,0,0,0,0,0,0,0,0,100,0,0,0,0,0,0
0,0,0,0,0,100,0,0,0,0,0,0,0,0,0,0,100,0,0,0,0,0,0,0,0,0,0,100,0,0,0,0,0,0
0,0,0,0,0,100,0,0,0,0,0,0,0,0,0,0,100,0,0,0,0,0,0,0,0,0,0,100,0,0,0,0,0,0
0,0,0,0,0,100,0,0,0,0,0,0,0,0,0,0,100,0,0,0,0,0,0,0,0,0,0,100,0,0,0,0,0,0
0,0,0,0,0,100,0,0,0,0,0,0,0,0,0,0,100,0,0,0,0,0,0,0,0,0,0,100,0,0,0,0,0,0
0,0,0,0,0,100,0,0,0,0,0,0,0,8.5258,0,16.528,66.421,8.5258,0,0,0,0,0,0,0,0,0,62.003,37.997,0,0,0,0,0
0,0,3.3832,0,0,89.421,1.9063,0,5.2895,0,0,0,0,4.0169,1.9063,7.4001,75.893,7.4001,0,0,3.3832,0,0,5.2895,0,0,0,72.461,16.96,3.3832,0,1.9063,0,0
0,0,0,0,23.821,76.179,0,0,0,0,0,0,0,18.123,3.5799,8.0027,44.499,11.583,4.0924,10.12,0,0,0,0,0,0,0,52.501,23.678,6.028,13.7,4.0924,0,0
0,0,0,0,13.238,86.762,0,0,0,0,0,0,0,13.269,3.9584,6.6496,62.855,6.6496,0,6.6191,0,0,0,0,0,0,3.3085,66.196,17.258,6.6191,6.6191,0,0,0
0,0,0,0,23.481,67.176,9.3434,0,0,0,0,9.3434,0,10.231,3.6213,12.362,32.506,9.3434,3.0181,19.575,0,0,0,0,0,0,0,32.506,25.326,10.231,10.231,21.705,0,0
0,0,14.342,0,32.405,49.897,3.3556,0,0,0,0,7.1711,0,14.153,0,11.73,31.185,3.8156,14.896,13.693,3.3556,0,0,0,0,0,0,31.185,14.896,0,24.68,29.239,0,0
0,0,0,0,32.225,67.774,0,0,0,0,0,0,0,13.194,8.2444,3.485,48.743,2.3521,10.787,13.194,0,0,0,0,0,0,0,48.743,19.031,5.8923,15.546,10.787,0,0
0,0,0,0,11.845,88.155,0,0,0,0,0,0,0,3.2627,2.2223,3.0975,82.835,2.2223,3.0975,3.2627,0,0,0,0,0,0,12.36,70.475,5.3198,3.2627,5.485,3.0975,0,0
0,0,0,0,17.224,77.028,5.7483,0,0,0,0,5.7483,0,8.612,0,5.7483,55.572,5.7483,4.2106,14.36,0,0,0,0,0,0,0,55.572,15.707,4.4014,8.612,15.707,0,0
0,0,0,0,0,100,0,0,0,0,0,0,0,0,0,0,100,0,0,0,0,0,0,0,0,0,18.617,81.383,0,0,0,0,0,0
0,0,0,0,35.914,64.086,0,0,0,0,0,0,21.828,0,0,14.086,50,0,0,14.086,0,0,0,0,0,0,0,64.086,0,21.828,0,14.086,0,0
0,0,0,0,12.62,87.38,0,0,0,0,0,0,0,0,0,12.62,66.47,8.2902,0,12.62,0,0,0,0,0,0,0,74.16,13.22,0,0,12.62,0,0
0,0,0,0,29.076,70.924,0,0,0,0,0,0,14.538,0,0,10.809,49.306,10.809,0,14.538,0,0,0,0,0,0,0,45.683,25.24,14.538,0,14.538,0,0
0,0,20.192,0,34.931,33.887,4.8185,6.1714,0,0,0,6.8322,0,14.432,3.2635,6.8322,31.874,2.0137,9.4724,11.027,8.082,6.1714,0,9.4349,0,0,0,22.439,0,0,45.027,23.099,0,1
0,0,0,0,25,75,0,0,0,0,0,0,0,0,25,25,50,0,0,0,0,0,0,0,0,0,0,75,0,0,25,0,0,0
0,0,0,0,41.199,42.626,2.2035,13.971,0,0,0,5.1188,2.2035,0,38.284,2.2035,38.219,2.9153,0,0,2.2035,8.8526,5.1188,11.056,5.1188,2.2035,2.2035,26.451,5.1188,0,36.081,6.649,0,0
0,0,5.3307,0,14.047,69.241,0,11.382,0,0,0,8.7162,0,0,2.6654,0,74.572,8.7162,0,2.6654,0,2.6654,8.7162,0,8.7162,2.6654,0,60.525,8.7162,2.6654,2.6654,5.3307,0,0
0,0,0,0,0,100,0,0,0,0,0,0,0,0,0,0,100,0,0,0,0,0,0,0,0,0,5.9248,94.075,0,0,0,0,0,0
0,0,9.2898,1.8577,22.626,41.067,5.3233,19.836,0,0,0,11.643,1.608,0,9.6212,4.0475,48.416,3.7161,1.8577,5.5737,5.3233,8.1938,5.324,7.9434,13.5,7.1817,1.608,29.657,5.324,5.5737,11.729,12.16,0,0
0,0,0,0,0,95.157,0,4.8434,0,0,0,4.8434,0,0,0,16.66,78.497,0,0,0,0,0,0,0,4.8434,0,40.981,54.175,0,0,0,0,0,0
0,0,0,0,54.111,27.533,9.1777,9.1777,0,0,0,0,27.056,0,0,0,27.533,9.1777,0,36.233,0,0,9.1777,0,9.1777,0,9.1777,18.355,0,27.056,0,27.056,0,0
0,0,0,9.3563,9.2711,55.398,14.542,11.433,0,0,0,11.224,16.968,0,3.5266,11.224,19.817,7.6974,3.3177,11.015,13.341,1.8677,18.921,3.7354,20.58,3.5266,1.8677,17.95,14.542,7.4033,9.8149,0,1.6589,0
0,0,0,0,8.4825,91.517,0,0,0,0,0,0,0,0,0,8.4825,75.699,0,0,8.4825,7.3364,0,0,0,0,0,0,84.181,0,0,7.3364,8.4825,0,0
0,0,0,2.8439,2.6008,79.207,6.374,6.374,2.6008,0,0,2.8439,2.8439,0,0,2.8439,68.074,8.9748,2.6008,6.374,5.4447,0,9.2179,2.6008,9.2179,0,6.1309,64.544,2.8439,0,2.8439,0,2.6008,0
0,0,4.158,7.6648,6.9048,68.874,5.6025,4.7168,2.079,0,0,8.9838,2.7468,0,6.9048,2.7468,57.383,7.0626,2.8558,2.8558,7.1415,1.3189,4.8258,6.7958,6.2537,2.7468,6.33,51.879,5.6026,1.4279,4.3947,8.316,1.4279,0
0,0,0,0,4.0741,91.852,0,0,4.0741,0,0,0,0,0,0,0,84.342,7.5098,4.0741,0,4.0741,0,0,4.0741,0,0,12.67,79.182,0,0,0,0,4.0741,0
0,0,0,0,4.385,91.23,0,0,4.385,0,0,0,0,0,0,0,81.322,9.9081,4.385,0,4.385,0,0,4.385,0,0,4.385,86.845,0,0,0,0,4.385,0
0,0,0,0,0,100,0,0,0,0,0,0,0,0,0,0,89.455,10.545,0,0,0,0,0,0,0,0,6.7755,93.225,0,0,0,0,0,0
0,0,6.1391,0,4.3769,64.174,3.7776,0,17.96,1.1755,2.3975,2.3975,4.3769,2.3975,1.1755,7.009,53.387,10.888,0,3.2014,12.565,2.6021,11.607,9.9167,1.1755,4.795,4.9996,50.954,2.0453,7.3612,2.3509,4.795,0,0
0,0,3.4435,1.3848,2.0587,58.657,9.6868,0,14.552,2.0587,8.1581,9.543,3.4435,1.3848,4.8543,1.3848,53.177,7.5608,0,1.3848,11.05,6.2173,12.435,14.515,3.4435,8.1581,6.2173,45.549,0,0,6.887,2.7957,0,0
0,0,1.3491,5.9343,4.3916,77.432,2.0738,0,8.8195,0,0,1.3491,1.3491,3.6417,0,12.425,65.032,3.6417,0,1.3491,5.4967,5.7155,11.431,4.7721,1.3491,0,11.559,59.407,8.7832,0,2.6983,0,0,0
0,0,2.6646,3.8379,2.4277,61.26,1.7911,0,28.019,0,0,8.1957,2.6646,2.6646,3.0361,20.946,37.786,7.002,0,2.6646,9.411,5.629,13.437,7.1203,4.8435,6.2206,9.2301,37.865,8.5809,0,8.4932,3.0361,1.1733,0
19.043,0,0,0,0,80.957,0,0,0,0,0,0,19.043,0,0,0,80.957,0,0,0,0,0,19.043,0,0,0,0,80.957,0,0,0,0,0,0
0,0,0,0,0,88.736,0,0,11.264,0,0,11.264,0,0,0,33.682,55.053,0,0,0,0,0,5.6322,0,5.6322,19.657,0,60.686,0,8.3928,0,0,0,0
0,0,0,0,0,100,0,0,0,0,0,0,0,0,0,7.3739,92.626,0,0,0,0,0,0,0,0,0,0,92.626,0,7.3739,0,0,0,0
0,0,0,7.1737,3.5868,82.824,0,0,6.4154,0,0,0,0,3.5868,3.7225,20.898,59.233,6.2798,0,0,2.6929,3.5868,7.1737,0,0,3.7225,11.673,52.364,18.651,0,2.6929,3.7225,0,0
0,0,0,6.4433,5.9602,77.353,0,0,10.243,0,0,6.1145,0,2.5335,1.3763,32.51,46.894,5.2861,0,0,1.3763,3.9098,10.189,0,2.3691,9.5243,8.7128,48.37,11.92,4.7861,1.3763,1.3763,1.3763,0
0,0,0,0,3.4857,96.514,0,0,0,0,0,0,0,0,0,6.9714,93.029,0,0,0,0,0,0,0,0,0,10.591,76.969,12.44,0,0,0,0,0
0,0,0,0,0,100,0,0,0,0,0,0,0,0,0,0,100,0,0,0,0,0,0,0,0,0,5.2422,89.516,5.2422,0,0,0,0,0
0,0,0,0,0,100,0,0,0,0,0,0,0,0,0,0,100,0,0,0,0,0,0,0,0,0,0,100,0,0,0,0,0,0
0,0,0,0,0,100,0,0,0,0,0,0,0,0,0,0,100,0,0,0,0,0,0,0,0,0,0,100,0,0,0,0,0,0
0,0,0,0,0,100,0,0,0,0,0,0,0,0,0,0,100,0,0,0,0,0,0,0,0,0,0,100,0,0,0,0,0,0
0,0,0,0,0,100,0,0,0,0,0,0,0,0,0,0,100,0,0,0,0,0,0,0,0,0,0,100,0,0,0,0,0,0
0,0,0,0,0,100,0,0,0,0,0,0,0,0,0,0,100,0,0,0,0,0,0,0,0,0,0,100,0,0,0,0,0,0
0,0,0,0,0,100,0,0,0,0,0,0,0,0,0,0,100,0,0,0,0,0,0,0,0,0,0,100,0,0,0,0,0,0
0,0,0,0,0,100,0,0,0,0,0,0,0,0,0,0,100,0,0,0,0,0,0,0,0,0,0,100,0,0,0,0,0,0
0,0,0,0,0,100,0,0,0,0,0,0,0,0,0,0,100,0,0,0,0,0,0,0,0,0,0,100,0,0,0,0,0,0
0,0,0,0,0,100,0,0,0,0,0,0,0,0,0,0,100,0,0,0,0,0,0,0,0,0,11.673,81.971,6.3559,0,0,0,0,0
0,0,0,0,0,100,0,0,0,0,0,0,0,0,0,0,100,0,0,0,0,0,0,0,0,0,4.621,91.662,3.717,0,0,0,0,0
0,0,0,0,0,100,0,0,0,0,0,0,0,0,0,15.409,84.591,0,0,0,0,0,0,0,0,0,31.51,59.277,9.2135,0,0,0,0,0
0,0,0,0,0,100,0,0,0,0,0,0,0,0,0,3.165,96.835,0,0,0,0,0,0,0,0,0,9.2999,73.891,16.809,0,0,0,0,0
0,0,0,0,0,100,0,0,0,0,0,0,0,0,0,0,100,0,0,0,0,0,0,0,0,0,0,100,0,0,0,0,0,0
0,0,0,0,0,100,0,0,0,0,0,0,0,0,0,0,100,0,0,0,0,0,0,0,0,0,0,100,0,0,0,0,0,0
0,0,0,0,0,100,0,0,0,0,0,0,0,0,0,9.2357,73.973,13.545,3.2463,0,0,0,0,0,0,0,19.534,57.08,23.386,0,0,0,0,0
0,0,0,0,0,100,0,0,0,0,0,0,0,0,0,9.8541,67.483,18.904,3.7584,0,0,0,0,0,3.2458,0,13.612,61.234,21.908,0,0,0,0,0
0,0,0,0,0,94.092,0,0,2.9538,2.9538,0,0,0,0,2.9538,6.489,66.312,21.661,2.5847,0,0,0,0,0,0,0,17.756,60.773,15.563,0,2.9538,2.9538,0,0
0,4.17,0,0,8.7988,67.089,3.5414,3.4319,5.8859,3.5414,3.5414,7.7114,0,5.2574,6.9733,2.1968,43.603,18.617,10.384,5.2574,0,0,0,5.8859,10.99,0,9.3428,39.69,15.865,0,3.5414,14.685,0,0
0,0,0,0,0,100,0,0,0,0,0,0,0,0,0,0,100,0,0,0,0,0,0,0,0,0,0,100,0,0,0,0,0,0
0,0,8.4359,0,0,74.531,0,0,9.7983,0,7.2348,1.8825,7.9158,3.765,2.3354,0,58.91,9.4328,6.1878,9.5702,0,0,2.3354,11.681,6.1878,0,2.3354,61.246,14.332,0,1.8825,0,0,0
0,0,9.5089,0,8.8897,57.458,2.2545,0,14.085,3.578,4.2261,2.409,11.622,6.6221,2.7735,12.905,43.528,8.6061,6.6475,2.7735,2.113,0,2.7735,10.056,4.4808,2.2545,2.7735,52.977,5.9334,0,10.355,4.5221,3.874,0
0,0,0,0,0,100,0,0,0,0,0,0,0,0,0,0,100,0,0,0,0,0,0,0,0,0,0,100,0,0,0,0,0,0
0,0,0,0,0,100,0,0,0,0,0,0,0,0,0,0,100,0,0,0,0,0,0,0,0,0,0,100,0,0,0,0,0,0
0,0,0,0,0,100,0,0,0,0,0,0,0,0,0,0,100,0,0,0,0,0,0,0,0,0,0,100,0,0,0,0,0,0
0,0,0,0,0,100,0,0,0,0,0,0,0,0,0,0,100,0,0,0,0,0,0,0,0,0,0,100,0,0,0,0,0,0
0,0,0,0,0,96.868,0,0,1.566,1.566,0,0,0,0,0,1.566,95.302,1.566,1.566,0,0,0,0,0,0,0,0,96.868,0,0,1.566,0,1.566,0
0,0,0,0,0,100,0,0,0,0,0,0,0,0,0,0,100,0,0,0,0,0,0,0,0,0,0,89.685,10.315,0,0,0,0,0
0,0,2.6505,0,14.74,52.145,0,0,10.429,5.0942,14.941,5.8769,5.0942,7.7447,0,17.625,44.166,5.0942,4.5516,1.3252,8.5219,0,0,2.6505,0,0,0,45.049,22.038,0,16.065,9.6459,4.5516,0
0,0,0,0,0,78.909,0,0,3.6021,3.6021,13.887,0,0,0,0,17.489,61.42,3.6021,3.6021,0,13.887,0,0,0,0,0,0,65.022,27.774,0,3.6021,0,3.6021,0
0,0,22.173,0,46.935,24.796,2.1799,3.9167,0,0,0,10.727,0,26.472,6.4556,6.8108,13.625,6.8108,11.501,11.142,2.5389,3.9167,0,2.5389,0,0,0,11.086,4.3598,0,58.021,23.994,0,1
0,0,24.841,0,39.664,26.097,7.6388,1.7587,0,0,0,9.3975,0,15.38,7.4452,7.6388,18.107,2.6633,12.497,14.45,10.662,1.7587,0,5.6865,0,0,0,12.421,5.3265,0,52.085,24.481,0,1
0,0,40,0,20,30.162,6.2936,3.5442,0,0,0,14.289,0,7.9958,9.2548,10.745,25.711,4.4516,5.7106,6.2936,12.004,3.5442,0,5.7106,0,0,0,20,0,0,40,34.289,0,1
0,0,9.909,14.26,20.629,32.163,10.26,11.493,1.2863,0,0,12.589,6.5198,0,9.0155,7.4097,28.581,9.6347,7.7086,8.0019,6.5799,3.9598,10.959,6.3071,13.442,6.4428,1.8672,7.7652,14.922,8.6895,7.6647,19.457,2.483,1
0,0,21.922,0,44.968,24.886,2.6544,5.5705,0,0,0,10.961,0,25.31,2.7734,8.1876,19.352,5.5332,8.5016,11.156,2.6544,5.5705,0,2.7972,0,0,0,16.555,0,0,55.928,24.719,0,1
0,0,10.338,15.2,25.146,29.579,8.4657,10.411,0.86122,0,0,12.048,1.6333,0,5.998,3.0063,43.132,10.709,10.644,4.1901,7.7791,0.85945,5.8883,6.0836,13.741,4.2756,0.85945,17.284,6.5749,13.098,10.161,21.261,0.7739,1
0,0,20.132,21.49,30.939,9.9694,6.4017,9.7446,1.3233,0,0,10.017,3.8104,0,8.6942,8.3426,41.808,7.5073,3.674,6.994,5.8323,3.32,5.5896,4.4279,10.099,6.0477,0,0,9.023,6.0477,20.248,37.572,0.94635,1
0,0,7.6522,15.001,21.987,28.313,11.378,13.287,2.3814,0,0,12.789,6.4153,0,7.9044,6.4153,28.514,10.684,4.8172,7.8608,12.361,2.2393,11.837,9.7085,16.886,4.7639,3.8261,8.4635,7.0385,5.37,16.051,15.244,0.81117,1
0,0,8.1263,22.921,28.093,25.499,9.1322,5.0026,1.2265,0,0,5.2329,9.4971,0,4.3891,11.623,35.295,11.284,7.9971,6.1834,7.0975,1.4003,4.7185,3.945,9.0656,4.3891,1.9066,5.0397,13.478,6.9357,20.45,27.215,2.8571,1
0,0,11.629,30.771,35.077,12.772,1.9562,5.5813,2.2131,0,0,8.8123,7.7423,0,6.5993,7.7423,34.099,18.82,8.6474,2.1731,4.1692,1.1951,3.4081,5.4042,5.3643,2.1731,0,0,8.9373,13.677,21.827,39.209,0,1
0,6.7284,6.4737,2.0121,11.766,33.946,13.313,0,24.035,1.7256,0,2.8749,8.539,1.2932,1.407,8.9426,29.685,24.422,0,2.6734,9.6657,10.497,14.438,24.795,4.9466,0,11.216,14.927,3.4548,0,11.301,8.3376,6.5844,1
0,1.9019,14.739,2.1177,11.83,38.3,8.8856,0,14.219,8.0063,0,4.0196,5.2679,1.0654,5.2549,4.0776,24.497,32.664,0,1.0654,11.484,10.605,13.602,30.145,12.933,0,11.657,6.4225,5.6675,0,15.508,3.0123,1.0524,1
0,5.1999,14.562,0,24.051,32.455,10.132,0,8.5312,5.0694,0,1.7345,5.0658,0,1.6004,12.958,38.747,24.694,0,0,6.6662,8.5348,6.6662,15.201,16.296,0,8.5348,1.7345,9.4925,0,25.651,12.958,3.4654,1
0,5.2398,20.12,0,14.338,38.365,6.0627,0,7.0615,8.8136,0,4.9062,3.0313,0,2.6977,2.1819,25.36,46.947,1.8483,0,3.8808,9.1472,3.8808,46.947,13.72,0,9.1472,3.058,11.306,0,5.729,4.0301,2.1819,1
0,2.4567,3.0982,7.0181,6.4672,51.024,7.8656,0,18.972,3.0982,0,4.9857,4.0053,2.4619,3.491,15.229,29.57,16.836,0,1.0027,11.297,11.121,20.258,10.964,4.9693,2.0406,13.215,28.652,4.9238,0,7.576,3.7003,3.7003,0
0,3.6029,6.8503,5.0193,4.0587,45.329,5.5643,0,25.192,4.3841,0,6.919,5.2484,3.7427,6.4069,14.443,26.534,18.083,0,2.4662,6.1626,9.9948,12.541,14.881,9.9441,3.8188,14.387,21.816,4.755,0,8.6288,7.3607,1.868,1
0,3.1289,11.113,2.5365,16.237,34.503,8.2917,0,21.579,2.6122,0,4.1317,5.0744,0.92852,5.8544,10.184,28.156,28.765,1.5952,0.92852,7.6994,6.6824,10.236,20.325,9.6549,0,9.9246,5.8049,7.5719,0,19.261,12.485,4.7369,1
0,2.0104,26.579,0,6.8845,53.387,0,0,7.1185,4.0208,0,2.0104,0,0,7.1185,3.4422,30.595,33.697,19.116,0,0,4.0208,0,4.0208,28.589,0,11.139,35.363,3.4422,0,6.8845,10.561,0,1
0,0,0,0,0,100,0,0,0,0,0,0,0,0,0,4.7296,95.27,0,0,0,0,0,0,0,0,0,0,72.13,27.87,0,0,0,0,0
0,0,0,0,0,100,0,0,0,0,0,0,0,0,0,12.562,87.438,0,0,0,0,0,0,0,0,0,0,81.49,18.51,0,0,0,0,0
0,1.3481,29.213,3.3579,0,40.634,0,0,18.091,7.3558,0,9.3656,0,0,8.0175,3.3579,12.062,31.269,26.516,0,3.3579,6.0541,6.7158,2.6962,35.22,0,9.4121,26.563,0,0,8.0175,8.0175,3.3579,1
0,0,9.1015,0,0,56.797,0,0,25,9.1015,0,9.1015,0,0,25,0,40.898,15.898,9.1015,0,0,0,0,0,18.203,0,15.898,31.797,0,0,9.1015,25,0,1
0,0,0,0,0,92.832,0,7.1676,0,0,0,0,0,0,0,7.1676,85.665,0,0,0,7.1676,0,0,0,7.1676,0,0,76.758,16.074,0,0,0,0,0
0,0,3.4998,0,0,94.308,0,2.192,0,0,0,2.192,0,3.4998,0,0,94.308,0,0,0,0,0,0,3.4998,0,0,0,94.308,0,0,2.192,0,0,0
0,0,0,0,0,96.292,0,3.7076,0,0,0,3.7076,0,0,0,0,96.292,0,0,0,0,0,0,0,0,0,0,96.292,0,0,3.7076,0,0,0
0,0,0,0,0,89.721,0,0,10.279,0,0,5.1566,0,0,5.1222,25.928,63.794,0,0,0,0,0,2.5783,0,2.5783,10.279,0,61.25,10.244,7.9482,0,5.1222,0,0
0,0,0,0,0,72.861,19.745,7.3934,0,0,0,0,0,0,0,46.303,27.139,19.165,0,0,7.3934,0,0,0,7.3934,0,38.91,46.303,7.3934,0,0,0,0,0
0,0,0,0,0,77.156,11.422,11.422,0,0,0,0,0,0,0,31.864,56.714,0,0,0,11.422,0,0,0,11.422,0,11.422,71.225,5.931,0,0,0,0,0
0,0,0,0,0,100,0,0,0,0,0,0,0,0,0,0,100,0,0,0,0,0,0,0,0,0,0,97.04,2.9605,0,0,0,0,0
0,0,0,0,0,55.193,28.961,15.846,0,0,0,0,0,0,0,57.923,0,26.231,0,0,15.846,0,0,0,15.846,0,68.309,15.846,0,0,0,0,0,0
0,0,0,0,0,46.925,33.333,19.742,0,0,0,0,0,0,0,53.075,27.184,0,0,0,19.742,0,0,0,19.742,0,33.333,46.925,0,0,0,0,0,0
0,0,0,0,0,100,0,0,0,0,0,0,0,0,0,0,100,0,0,0,0,0,0,0,0,0,0,66.667,33.333,0,0,0,0,0
0,0,0,0,0,72.891,27.109,0,0,0,0,0,0,0,0,36.964,43.326,19.71,0,0,0,0,0,0,0,0,56.674,34.635,8.6907,0,0,0,0,0
0,0,0,0,0,92.479,7.5206,0,0,0,0,0,0,0,0,15.298,76.924,7.7778,0,0,0,0,0,0,0,0,7.5206,38.375,54.105,0,0,0,0,0
0,0,0,0,0,100,0,0,0,0,0,0,0,0,0,0,100,0,0,0,0,0,0,0,0,0,0,97.68,2.3204,0,0,0,0,0
0,0,0,0,0,100,0,0,0,0,0,0,0,0,0,0,100,0,0,0,0,0,0,0,0,0,0,100,0,0,0,0,0,0
0,0,0,0,0,100,0,0,0,0,0,0,0,0,0,0,100,0,0,0,0,0,0,0,0,0,0,97.24,2.76,0,0,0,0,0
0,0,0,0,0,100,0,0,0,0,0,0,0,0,0,0,100,0,0,0,0,0,0,0,0,0,0,100,0,0,0,0,0,0
0,0,0,0,0,100,0,0,0,0,0,0,0,0,0,0,100,0,0,0,0,0,0,0,0,0,0,100,0,0,0,0,0,0
0,0,0,0,0,100,0,0,0,0,0,0,0,0,0,0,100,0,0,0,0,0,0,0,0,0,0,100,0,0,0,0,0,0
0,0,0,0,0,100,0,0,0,0,0,0,0,0,0,0,100,0,0,0,0,0,0,0,0,0,0,100,0,0,0,0,0,0
0,0,0,0,0,100,0,0,0,0,0,0,0,0,0,0,100,0,0,0,0,0,0,0,0,0,0,100,0,0,0,0,0,0
0,0,0,0,0,100,0,0,0,0,0,0,0,0,0,0,100,0,0,0,0,0,0,0,0,0,0,100,0,0,0,0,0,0
0,0,0,0,0,100,0,0,0,0,0,0,0,0,0,0,100,0,0,0,0,0,0,0,0,0,0,100,0,0,0,0,0,0
0,0,0,0,0,95.014,0,4.9856,0,0,0,0,0,0,0,9.7165,85.298,0,0,0,4.9856,0,0,0,4.9856,0,0,90.029,4.9856,0,0,0,0,0
0,0,14.3,0,6.7802,64.653,14.266,0,0,0,0,13.522,0,0,0,0,49.613,15.04,0,0,14.3,7.5239,14.266,21.081,0,0,7.5202,49.613,7.5202,0,0,0,0,0
0,0,5.1036,0,8.5748,57.479,28.843,0,0,0,0,33.946,0,0,0,0,54.008,3.4712,0,0,5.1036,3.4712,28.843,13.678,0,0,0,54.008,3.4712,0,0,0,0,0
0,0,7.4423,5.6098,14.513,58.294,14.141,0,0,0,0,21.583,0,5.6098,0,4.8774,35.859,17.558,0,0,7.4423,7.0704,19.751,21.955,0,0,11.22,29.517,17.558,0,0,0,0,0
0,0,11.417,0,13.58,55.451,19.552,0,0,0,0,15.743,0,0,0,0,53.288,2.1627,0,0,11.417,17.39,19.552,24.997,0,0,0,53.288,2.1627,0,0,0,0,0
0,0,0,0,0,100,0,0,0,0,0,0,0,0,0,0,100,0,0,0,0,0,0,0,0,0,0,100,0,0,0,0,0,0
0,0,0,0,0,100,0,0,0,0,0,0,0,0,0,0,100,0,0,0,0,0,0,0,0,0,0,100,0,0,0,0,0,0
0,0,0,0,0,100,0,0,0,0,0,0,0,0,0,0,100,0,0,0,0,0,0,0,0,0,0,100,0,0,0,0,0,0
0,0,0,0,0,100,0,0,0,0,0,0,0,0,0,0,100,0,0,0,0,0,0,0,0,0,0,100,0,0,0,0,0,0
0,0,0,0,0,100,0,0,0,0,0,0,0,0,0,0,100,0,0,0,0,0,0,0,0,0,0,100,0,0,0,0,0,0
0,0,0,0,0,100,0,0,0,0,0,0,0,0,0,0,100,0,0,0,0,0,0,0,0,0,0,100,0,0,0,0,0,0
0,0,0,0,0,100,0,0,0,0,0,0,0,0,0,0,100,0,0,0,0,0,0,0,0,0,0,100,0,0,0,0,0,0
0,0,0,0,0,100,0,0,0,0,0,0,0,0,0,0,100,0,0,0,0,0,0,0,0,0,0,100,0,0,0,0,0,0
0,0,0,0,0,100,0,0,0,0,0,0,0,0,0,0,100,0,0,0,0,0,0,0,0,0,0,100,0,0,0,0,0,0
0,0,0,0,0,100,0,0,0,0,0,0,0,0,0,0,100,0,0,0,0,0,0,0,0,0,0,100,0,0,0,0,0,0
0,0,0,0,0,100,0,0,0,0,0,0,0,0,0,0,100,0,0,0,0,0,0,0,0,0,0,100,0,0,0,0,0,0
0,0,0,0,0,72.458,27.542,0,0,0,0,0,0,0,0,20.809,41.245,27.778,10.168,0,0,0,0,0,0,17.138,58.755,24.107,0,0,0,0,0,0
0,0,0,0,0,100,0,0,0,0,0,0,0,0,0,0,100,0,0,0,0,0,0,0,0,0,0,93.801,6.1992,0,0,0,0,0
0,0,0,0,0,80.997,19.003,0,0,0,0,0,0,0,0,34.765,49.472,0,15.763,0,0,0,0,0,0,19.003,29.032,30.469,21.496,0,0,0,0,0
0,0,0,0,0,80.057,19.943,0,0,0,0,0,0,0,0,33.204,51.495,15.301,0,0,0,0,0,0,0,12.293,37.855,44.813,5.0387,0,0,0,0,0
0,0,0,0,0,90.644,9.3564,0,0,0,0,0,0,0,0,12.285,73.582,14.133,0,0,0,0,0,0,0,9.3564,5.6026,66.582,18.459,0,0,0,0,0
0,0,0,0,0,89.18,10.82,0,0,0,0,0,0,0,0,18.831,55.75,5.6718,19.747,0,0,0,0,0,0,10.82,25.419,45.226,18.536,0,0,0,0,0
0,0,4.2949,0,0,87.758,3.6522,0,4.2949,0,0,0,0,4.2949,0,31.621,59.789,4.2949,0,0,0,0,4.2949,0,0,3.6522,4.2949,62.596,20.867,0,0,4.2949,0,0
0,0,0,0,0,100,0,0,0,0,0,0,0,0,0,0,100,0,0,0,0,0,0,0,0,0,0,100,0,0,0,0,0,0
0,0,0,0,0,96.085,0,0,1.9573,1.9573,0,0,0,0,1.9573,3.3166,67.725,23.737,3.2648,0,0,0,0,0,7.945,0,7.7947,58.435,21.91,0,1.9573,1.9573,0,0
0,0,0,0,0,100,0,0,0,0,0,0,0,0,0,0,83.154,16.846,0,0,0,0,0,0,8.4232,0,0,70.553,21.024,0,0,0,0,0
0,0,0,0,0,100,0,0,0,0,0,0,0,0,0,25,50,25,0,0,0,0,0,0,0,0,0,50,50,0,0,0,0,0
0,0,4.4448,0,0,95.555,0,0,0,0,0,0,0,0,0,4.4448,57.459,33.651,0,4.4448,0,0,0,0,0,0,0,47.762,47.793,0,0,4.4448,0,0
0,0,0,0,0,100,0,0,0,0,0,0,0,0,0,4.3645,72.002,13.999,9.6345,0,0,0,0,0,5.27,0,8.729,57.963,28.038,0,0,0,0,0
0,0,3.9028,0,0,80.095,3.9028,12.1,0,0,0,0,0,0,3.9028,8.8919,58.017,13.186,0,3.9028,0,12.1,0,0,0,3.9028,3.9028,52.743,23.449,0,0,16.002,0,0
0,0,4.6572,0,0,90.54,0,4.8032,0,0,0,0,0,0,0,9.863,66.01,14.666,0,4.6572,0,4.8032,0,0,0,0,0,61.353,29.186,0,0,9.4604,0,0
0,0,0,0,0,75.097,24.903,0,0,0,0,0,0,0,0,12.645,75.097,0,12.258,0,0,0,0,0,0,24.903,12.258,50.193,12.645,0,0,0,0,0
0,0,6.7627,0,0,86.475,0,0,6.7627,0,0,0,0,6.7627,0,6.7627,79.712,6.7627,0,0,0,0,6.7627,0,0,0,6.7627,63.165,16.547,0,0,6.7627,0,0
0,0,0,0,0,100,0,0,0,0,0,0,0,0,0,5.1124,89.775,5.1124,0,0,0,0,0,0,0,0,0,85.817,14.183,0,0,0,0,0
0,0,0,0,0,100,0,0,0,0,0,0,0,0,0,0,100,0,0,0,0,0,0,0,0,0,0,98.059,1.9413,0,0,0,0,0
0,0,0,0,0,100,0,0,0,0,0,0,0,0,0,0,100,0,0,0,0,0,0,0,0,0,0,100,0,0,0,0,0,0
0,0,0,0,0,100,0,0,0,0,0,0,0,0,0,0,100,0,0,0,0,0,0,0,0,0,0,100,0,0,0,0,0,0
0,0,0,0,11.833,88.167,0,0,0,0,0,0,0,0,0,0,100,0,0,0,0,0,0,0,0,0,0,88.167,11.833,0,0,0,0,0
0,0,0,0,0,100,0,0,0,0,0,0,0,0,0,0,100,0,0,0,0,0,0,0,0,0,0,100,0,0,0,0,0,0
0,0,10.999,9.013,0,75.757,0,0,4.2305,0,0,0,0,13.244,0,19.427,36.61,23.951,0,0,6.7685,0,13.244,6.7685,0,0,10.999,42.793,21.965,0,0,4.2305,0,0
0,0,0,0,0,100,0,0,0,0,0,0,0,0,0,0,100,0,0,0,0,0,0,0,0,0,0,100,0,0,0,0,0,0
0,0,3.88,2.4996,0,74.972,0,0,18.649,0,0,0,0,6.3796,0,23.695,67.425,2.4996,0,0,0,0,6.3796,0,0,0,4.9992,18.169,51.804,0,0,18.649,0,0
0,0,10.93,8.5356,0,69.512,0,0,11.023,0,0,0,0,19.465,0,11.023,60.976,8.5356,0,0,0,0,19.465,0,0,0,17.071,10.93,41.511,0,0,11.023,0,0
0,0,20.891,4.4313,0,62.661,0,0,12.016,0,0,0,0,25.322,0,16.448,46.214,12.016,0,0,0,0,25.322,0,0,0,12.016,37.339,13.306,0,0,12.016,0,0
0,0,4.7797,8.4001,0,65.073,0,0,21.747,0,0,0,0,13.18,0,30.147,51.894,4.7797,0,0,0,0,13.18,0,0,0,4.7797,17.96,42.334,0,0,21.747,0,0
0,0,0,0,0,100,0,0,0,0,0,0,0,0,0,0,100,0,0,0,0,0,0,0,0,0,0,100,0,0,0,0,0,0
0,0,0,0,0,100,0,0,0,0,0,0,0,0,0,0,100,0,0,0,0,0,0,0,0,0,0,100,0,0,0,0,0,0
0,0,0,0,0,100,0,0,0,0,0,0,0,0,0,0,100,0,0,0,0,0,0,0,0,0,0,100,0,0,0,0,0,0
0,0,0,0,0,100,0,0,0,0,0,0,0,0,0,0,100,0,0,0,0,0,0,0,0,0,0,100,0,0,0,0,0,0
0,0,0,0,0,100,0,0,0,0,0,0,0,0,0,0,100,0,0,0,0,0,0,0,0,0,0,100,0,0,0,0,0,0
0,0,0,0,0,100,0,0,0,0,0,0,0,0,0,0,100,0,0,0,0,0,0,0,0,0,0,100,0,0,0,0,0,0
0,0,0,0,0,100,0,0,0,0,0,0,0,0,0,0,100,0,0,0,0,0,0,0,0,0,0,100,0,0,0,0,0,0
0,0,0,0,0,100,0,0,0,0,0,0,0,0,0,0,100,0,0,0,0,0,0,0,0,0,0,100,0,0,0,0,0,0
0,0,0,0,0,100,0,0,0,0,0,0,0,0,0,8.0809,83.838,8.0809,0,0,0,0,0,0,0,0,0,74.666,25.334,0,0,0,0,0
0,0,0,0,4.2105,95.789,0,0,0,0,0,0,0,0,0,9.1178,72.397,14.275,0,4.2105,0,0,0,0,0,0,0,76.607,19.182,0,0,4.2105,0,0
0,0,0,0,0,100,0,0,0,0,0,0,0,0,0,0,89.788,10.212,0,0,0,0,0,0,0,0,0,82.951,17.049,0,0,0,0,0
0,0,0,0,0,100,0,0,0,0,0,0,0,0,0,0,100,0,0,0,0,0,0,0,0,0,0,94.683,5.3167,0,0,0,0,0
0,0,0,0,0,100,0,0,0,0,0,0,0,0,0,0,100,0,0,0,0,0,0,0,0,0,0,100,0,0,0,0,0,0
0,0,0,0,0,100,0,0,0,0,0,0,0,0,0,0,100,0,0,0,0,0,0,0,0,0,0,100,0,0,0,0,0,0
0,0,0,0,3.2821,93.436,3.2821,0,0,0,0,3.2821,0,3.2821,0,0,90.603,0,0,0,0,2.8324,3.2821,0,0,0,0,90.603,0,0,2.8324,0,3.2821,0
0,0,0,0,0,100,0,0,0,0,0,0,0,0,0,0,95.709,0,0,0,0,4.2906,0,0,0,0,4.8944,90.815,0,0,4.2906,0,0,0
0,0,0,0,0,100,0,0,0,0,0,0,0,0,0,0,100,0,0,0,0,0,0,0,0,0,0,100,0,0,0,0,0,0
0,0,0,0,2.2836,79.117,18.599,0,0,0,0,2.2836,0,5.0888,0,2.8052,79.117,0,0,0,7.9002,2.8052,2.2836,0,7.9002,0,5.6103,76.312,0,0,2.8052,0,5.0888,0
0,0,7.5156,0,0,92.484,0,0,0,0,0,7.5156,0,0,0,0,89.03,0,0,0,0,3.4547,0,3.7578,3.7578,0,0,89.03,0,0,3.4547,0,0,0
0,0,0,0,2.8822,58.618,38.499,0,0,0,0,2.8822,0,8.0529,0,8.0529,59.984,0,0,0,11.458,9.5696,2.8822,0,11.458,0,21.87,46.167,0,0,9.5696,0,8.0529,0
0,0,0,0,3.8971,61.994,34.109,0,0,0,0,3.8971,0,11.45,0,7.5531,58.121,0,0,0,7.5531,11.425,3.8971,0,7.5531,0,15.106,50.568,0,0,11.425,0,11.45,0
0,0,0,0,0,95.696,4.3039,0,0,0,0,0,0,0,0,0,95.696,0,0,0,4.3039,0,0,0,4.3039,0,0,95.696,0,0,0,0,0,0
0,1.9872,12.413,0,1.9872,50.462,5.1575,9.1319,16.575,2.2859,0,19.558,0,1.9872,6.2603,0,50.462,9.4306,5.1575,7.1447,0,0,0,7.6022,21.088,0,4.2731,46.189,0,0,2.2859,18.563,0,0
0,11.862,2.9772,0,6.4179,39.997,2.9772,10.369,16.126,2.7795,6.4945,9.6503,2.7221,3.6958,12.893,0,37.275,14.897,2.9772,13.168,2.7221,0,0,10.114,12.628,5.4443,9.1975,30.799,6.4945,0,2.7795,22.544,0,0
0,4.4997,13.123,0,0,55.753,4.4465,8.7849,13.393,0,0,17.731,0,0,4.3384,0,55.753,4.4465,8.9462,8.7849,0,0,0,17.515,13.339,0,0,55.753,0,0,0,13.393,0,0
0,0,0,0,0,100,0,0,0,0,0,0,0,0,0,0,100,0,0,0,0,0,0,0,0,0,0,100,0,0,0,0,0,0
0,0,4.1107,0,13.216,56.147,6.6079,0,6.7024,6.6079,6.6079,6.6079,10.813,6.6079,6.6079,0,43.25,16.408,3.0973,6.6079,0,0,0,6.7024,13.816,0,0,39.14,20.518,0,6.6079,13.216,0,0
0,0,7.6373,0,2.1761,72.403,2.1761,0,15.607,0,0,0,15.607,4.3521,2.7306,4.3521,54.62,12.877,2.7306,2.7306,0,0,2.7306,17.783,2.7306,2.1761,2.7306,61.703,7.9698,0,2.1761,0,0,0
0,0,9.9684,0,0,57.75,0,0,25.682,0,6.5995,0,9.9684,9.0837,3.7572,0,41.152,12.841,12.841,10.357,0,0,12.841,16.598,6.2112,0,3.7572,51.539,9.0534,0,0,0,0,0
0,15.914,0,0,0,57.957,0,0,26.129,0,0,0,0,13.064,0,0,44.893,28.979,13.064,0,0,0,13.064,13.064,0,15.914,0,57.957,0,0,0,0,0,0
0,0,3.8561,0,0,96.144,0,0,0,0,0,3.8561,0,0,0,0,96.144,0,0,0,0,0,0,1.928,1.928,0,0,96.144,0,0,0,0,0,0
2.4725,0,0,0,0,91.487,0,0,0,6.0407,0,0,0,1.672,0,2.4725,93.383,0,2.4725,0,0,0,0,0,0,2.4725,0,91.487,0,0,0,6.0407,0,0
1.8544,0,0,0,0,91.218,0,0,0,6.9278,0,0,0,5.0734,0,1.8544,91.218,0,1.8544,0,0,0,0,0,0,1.8544,0,91.218,0,0,0,6.9278,0,0
9.0167,6.158,4.1343,0,0,71.838,0,0,0,8.8535,0,0,1.5065,8.541,3.7989,1.2371,74.712,0,4.316,1.2371,1.5724,3.079,4.1343,1.5724,9.2862,8.3845,2.8095,64.96,0,0,0,8.8535,0,0
5.2738,16.766,0,0,0,74.894,0,0,0,3.0664,0,0,8.3828,0,0,1.6965,74.894,0,3.9039,1.3699,6.1754,3.5773,0,0,11.96,12.287,0,69.251,0,0,3.4356,3.0664,0,0
1.2176,50.763,0,0,0,46.802,0,0,0,1.2176,0,0,25.381,7.903,0,0,46.802,0,7.903,1.2176,9.5755,1.2176,0,15.806,20.569,15.606,0,37.789,0,0,9.0127,1.2176,0,0
17.746,21.544,3.167,0,0,48.656,0,0,0,8.887,0,0,9.3419,5.527,4.4041,3.9693,50.525,0,5.3992,5.6494,10.772,4.4122,3.167,2.4862,22.062,18.591,4.0971,38.388,0,0,2.3211,8.887,0,0
11.738,33.032,0,0,0,50.065,0,0,0,5.1646,0,0,13.069,8.7825,0,0,52.285,0,3.789,2.9444,7.3914,11.738,0,10.672,17.527,18.471,0,38.266,0,0,9.8986,5.1646,0,0
0,0,2.8602,0,17.991,35.897,1.3365,0,37.438,2.0303,2.4471,17.416,1.3365,4.1967,0,39.698,12.854,3.3669,18.685,0.76183,1.6853,0,0,4.1967,0,1.3365,0,34.212,4.1324,0,20.783,16.655,18.685,0
0,0,0,0,9.6573,68.028,0,0,3.9142,8.7428,9.6573,0,4.8286,4.8286,0,8.7428,64.114,8.7428,3.9142,0,4.8286,0,0,0,0,0,0,51.876,25.81,0,13.571,4.8286,3.9142,0
29.468,8.7157,0,0,0,61.816,0,0,0,0,0,0,0,16.913,0,4.3579,57.458,4.3579,0,16.913,0,0,0,0,29.468,8.7157,0,61.816,0,0,0,0,0,0
18.799,35.585,0,0,0,45.616,0,0,0,0,0,0,0,18.799,0,18.799,38.86,16.786,0,6.7553,0,0,0,0,30.843,23.541,0,45.616,0,0,0,0,0,0
0,0,0,0,0,100,0,0,0,0,0,0,0,0,0,0,100,0,0,0,0,0,0,0,0,0,0,100,0,0,0,0,0,0
6.6029,57.863,0,0,0,35.534,0,0,0,0,0,0,8.64,24.611,0,6.6029,28.931,6.6029,18.009,6.6029,0,0,0,22.329,10.923,31.214,0,35.534,0,0,0,0,0,0
0,0,0,0,0,100,0,0,0,0,0,0,0,0,0,0,100,0,0,0,0,0,0,0,0,0,0,100,0,0,0,0,0,0
0,0,0,0,0,100,0,0,0,0,0,0,0,0,0,0,100,0,0,0,0,0,0,0,0,0,0,100,0,0,0,0,0,0
0,0,0,0,0,100,0,0,0,0,0,0,0,0,0,0,100,0,0,0,0,0,0,0,0,0,0,100,0,0,0,0,0,0
12.693,20.952,8.3426,0,0,37.917,0,0,0,20.095,0,0,2.1335,21.002,2.2934,3.6796,36.67,0,13.11,2.2934,9.3886,9.43,8.3426,9.3886,10.101,17.335,10.636,24.102,0,0,0,20.095,0,0
29,13.223,4.7815,0,0,45.725,0,0,0,7.2713,0,0,3.5955,12.251,7.9853,6.2197,41.271,0,10.352,7.4593,5.4951,5.3717,4.7815,3.0158,26.376,15.713,9.2355,33.607,0,0,0,7.2713,0,0
0,0,0,0,27.566,72.434,0,0,0,0,0,0,0,0,0,0,72.434,0,0,0,0,27.566,0,0,0,0,0,44.868,55.132,0,0,0,0,0
0,0,0,0,26.283,73.717,0,0,0,0,0,0,0,0,0,0,73.717,0,0,0,0,26.283,0,0,0,0,0,47.434,52.566,0,0,0,0,0
0,0,0,0,31.453,68.547,0,0,0,0,0,0,0,0,0,0,68.547,0,0,0,0,31.453,0,0,0,0,0,50,50,0,0,0,0,0
0,0,0,0,0,100,0,0,0,0,0,0,0,0,0,0,100,0,0,0,0,0,0,0,0,0,0,100,0,0,0,0,0,0
0,0,0,0,0,100,0,0,0,0,0,0,0,0,0,0,100,0,0,0,0,0,0,0,0,0,0,100,0,0,0,0,0,0
0,0,0,0,0,100,0,0,0,0,0,0,0,0,0,0,100,0,0,0,0,0,0,0,0,0,0,85.357,14.643,0,0,0,0,0
0,0,0,0,1.8197,56.883,41.297,0,0,0,0,1.8197,0,7.6373,0,22.025,56.883,0,0,0,5.8176,5.8176,1.8197,0,5.8176,0,31.633,47.275,0,0,5.8176,0,7.6373,0
0,0,0,0,14.491,57.508,28.001,0,0,0,0,14.491,0,3.3775,0,3.3775,71.999,0,0,0,3.3775,3.3775,14.491,0,3.3775,0,44.12,31.257,0,0,3.3775,0,3.3775,0
0,0,0,0,5.5538,75.156,19.29,0,0,0,0,5.5538,0,0,0,13.736,80.71,0,0,0,0,0,5.5538,0,0,0,24.844,69.602,0,0,0,0,0,0
0,0,0,0,0,100,0,0,0,0,0,0,0,0,0,0,100,0,0,0,0,0,0,0,0,0,33.333,66.667,0,0,0,0,0,0
0,0,0,0,0,100,0,0,0,0,0,0,0,0,0,0,100,0,0,0,0,0,0,0,0,0,0,100,0,0,0,0,0,0
0,0,0,0,12.272,66.513,21.215,0,0,0,0,12.272,0,5.7233,0,4.2523,71.737,0,0,0,4.6909,1.3241,12.272,0,4.6909,0,17.35,58.64,0,0,1.3241,0,5.7233,0
0,8.1356,20.743,0,7.6339,29.624,2.0823,14.384,13.232,2.0823,2.0823,20.262,1.6268,5.5517,16.467,0,29.624,8.8054,3.0393,14.624,0,0,0,36.054,7.6642,1.6268,3.4694,22.901,5.336,0,2.0823,20.866,0,1
0,12.985,14.857,0,9.0627,24.887,7.0927,8.1639,15.792,4.1317,3.0282,16.629,5.6,3.0282,11.237,0,21.881,19.396,5.4365,13.786,3.0063,0,0,19.27,15.222,8.6063,4.1098,15.59,8.2157,0,4.1317,24.855,0,1
0,8.5292,15.266,0,2.9215,25.516,6.2165,12.059,29.491,0,0,18.796,5.6077,2.9215,5.8429,0,25.516,20.353,6.2165,14.746,0,0,0,13.172,23.292,5.6077,2.9215,11.379,11.215,0,0,32.413,0,1
0,19.842,17.405,0,5.5815,31.654,1.8802,14.76,8.8777,0,0,14.081,3.0228,2.5587,15.903,0,28.631,16.049,1.8802,12.201,5.6734,0,0,36.992,8.1992,8.6962,5.5815,17.857,8.215,0,0,14.459,0,1
0,21.741,3.2922,0,8.0227,40.251,2.3964,6.4599,13.044,2.3964,2.3964,5.6263,3.2922,5.6263,8.8563,0,40.251,18.222,0,8.9185,9.2067,0,0,15.764,5.6263,12.499,3.23,15.218,24.199,0,2.3964,21.067,0,1
0,0,16.492,0,4.9221,44.178,11.507,6.5854,14.511,0,1.8038,1.8038,9.23,15.879,6.5854,16.43,22.39,10.28,2.4274,8.3891,0,6.5854,2.4274,18.81,1.3774,11.507,6.5854,33.285,6.1116,0,6.7259,13.171,0,0
0,0,22.681,0,3.035,47.469,3.035,4.7908,18.99,0,0,0,18.99,6.0699,7.9775,9.7605,13.272,19.494,7.9775,11.668,0,4.7908,7.9775,22.025,7.9775,3.035,7.9775,23.629,15.862,0,3.035,8.4813,0,0
0,0,12.307,0,0,78.291,4.7011,4.7011,0,0,0,0,0,0,4.7011,12.307,58.378,7.6057,0,12.307,0,4.7011,0,0,0,4.7011,4.7011,45.725,27.865,0,0,17.008,0,0
0,40.635,2.2451,0,7.16,45.47,0,0,4.4902,0,0,0,9.4051,0,7.16,0,38.31,35.72,0,2.2451,7.16,0,0,26.315,0,16.565,7.16,16.91,21.4,0,0,11.65,0,0
10.352,27.131,7.4802,0,0,42.901,0,0,0,12.136,0,0,8.5552,10.021,2.47,0.72095,49.34,0,7.5295,1.3942,11.767,8.2028,7.4802,8.9787,14.218,26.492,5.0103,25.686,0,0,0,12.136,0,0
12.075,29.822,0,0,0,57.137,0,0,0,0.966,0,0,6.731,11.109,0,3.6078,53.529,0,5.2519,0.966,6.731,12.075,0,16.361,10.467,15.07,0,38.459,0,0,18.678,0.966,0,0
14.491,26.54,0,0,0,57.879,0,0,0,1.0903,0,0,12.289,5.1549,2.0847,2.0847,58.067,0,6.1991,2.0847,7.0666,4.9693,0,5.3606,22.699,18.343,2.0847,40.318,0,0,10.104,1.0903,0,0
6.2206,36.16,0,0,0,54.957,0,0,0,2.6619,0,0,14.996,7.3039,0,0,54.957,0,6.3541,2.6619,7.5059,6.2206,0,13.658,13.913,14.81,0,49.217,0,0,5.7408,2.6619,0,0
0,24.634,2.4563,0,0,72.909,0,0,0,0,0,5.2439,14.147,0,0,0,72.909,2.4563,0,0,0,5.2439,2.4563,0,14.147,5.2439,5.2439,72.909,0,0,0,0,0,0
0,0,33.333,0,0,66.667,0,0,0,0,0,0,0,0,0,0,66.667,0,33.333,0,0,0,0,33.333,0,0,0,66.667,0,0,0,0,0,0
0,27.8,22.801,0,0,49.399,0,0,0,0,0,0,13.9,0,0,0,49.399,17.273,5.5285,0,0,13.9,17.273,5.5285,13.9,13.9,0,49.399,0,0,0,0,0,0
0,0,3.8635,0,30.084,15.26,2.4208,0,4.6488,15.338,28.385,0.72133,16.252,20.116,0,20.18,8.9117,17.759,1.5066,0.72133,13.832,0,0,6.2843,0,2.4208,0,15.26,28.385,0,32.312,13.832,1.5066,0
0,0,0,0,0,94.96,0,5.0405,0,0,0,0,0,0,0,0,89.919,5.0405,0,0,0,5.0405,0,0,0,0,0,86.635,8.3249,0,0,5.0405,0,0
0,0,0,0,0,100,0,0,0,0,0,0,0,0,0,0,100,0,0,0,0,0,0,0,0,0,0,100,0,0,0,0,0,0
25.149,29.598,0,0,0,45.253,0,0,0,0,0,0,0,21.414,0,11.592,38.553,5.2201,13.092,10.129,0,0,0,13.092,30.042,11.613,0,45.253,0,0,0,0,0,0
36.193,18.835,0,0,0,24.574,0,0,20.398,0,0,10.199,0,20.256,0,14.517,20.256,4.3179,0,30.455,0,0,0,0,46.393,8.6357,0,24.574,0,0,10.199,10.199,0,0
0,0,8.8915,0,0,79.203,0,0,11.905,0,0,11.905,8.8915,0,0,8.8915,37.61,23.811,8.8915,0,0,0,0,0,0,8.8915,11.905,58.406,0,0,11.905,8.8915,0,0
0,0,7.0464,0,0,92.954,0,0,0,0,0,0,7.0464,0,0,19.723,53.507,12.677,7.0464,0,0,0,0,0,0,7.0464,12.677,73.23,0,0,0,7.0464,0,0
0,8.3782,0,0,0,69.561,0,0,22.061,0,0,8.3782,0,0,0,29.797,26.723,21.419,0,13.683,0,0,0,0,8.3782,0,16.114,42.837,10.61,0,8.3782,13.683,0,0
0,3.6126,3.6126,0,6.2337,66.848,6.2337,0,3.6126,0,9.8463,9.8463,3.6126,0,6.2337,11.887,43.074,11.887,9.8463,0,0,3.6126,0,0,6.2337,9.8463,11.887,58.574,6.2337,0,0,7.2253,0,0
0,13.023,18.561,0,0,59.347,0,0,4.5347,0,4.5347,8.7786,4.5347,0,0,0,73.373,0,4.5347,0,0,8.7786,14.027,0,0,8.7786,4.2439,63.881,0,0,0,9.0694,0,0
0,8.5087,11.719,0,6.2399,44.844,14.344,0,8.1042,0,6.2399,10.494,3.0301,0,14.344,3.0301,47.473,0,17.374,0,0,4.2544,8.6894,0,14.344,13.524,4.2544,41.814,6.2399,0,0,11.134,0,0
0,0,0,0,11.248,66.255,11.248,0,0,0,11.248,11.248,0,0,11.248,0,66.255,0,11.248,0,0,0,0,0,11.248,11.248,0,66.255,11.248,0,0,0,0,0
0,0,0,0,8.9311,91.069,0,0,0,0,0,0,0,0,0,0,100,0,0,0,0,0,0,0,0,0,0,91.069,8.9311,0,0,0,0,0
0,5.9661,10.965,0,9.6846,50.892,5.28,0,11.246,0,5.9661,5.9661,10.965,0,5.28,4.999,50.579,0,16.245,0,0,5.9661,0,0,5.28,10.965,0,51.859,9.6846,0,0,22.211,0,0
0,0,0,0,0,83.882,8.059,0,8.059,0,0,0,0,0,8.059,0,83.882,0,8.059,0,0,0,0,0,8.059,0,0,83.882,0,0,0,8.059,0,0
6.5596,32.26,0,0,0,61.18,0,0,0,0,0,0,0,6.5596,0,20.811,40.369,6.5596,19.141,6.5596,0,0,0,19.141,6.5596,13.119,0,61.18,0,0,0,0,0,0
13.37,13.37,0,0,0,58.54,0,0,14.72,0,0,6.8541,0,13.37,0,21.236,29.101,21.574,0,7.8655,0,0,0,0,26.74,0,6.8541,35.955,15.731,0,6.8541,7.8655,0,0
0,35.137,0,0,0,64.863,0,0,0,0,0,0,10.03,10.699,0,0,64.863,0,10.699,0,3.7091,0,0,13.859,10.579,10.699,0,57.445,0,0,7.4183,0,0,0
0,0,0,0,0,82.52,0,0,17.48,0,0,0,0,0,0,17.48,65.04,17.48,0,0,0,0,0,0,0,0,0,47.56,34.96,0,0,17.48,0,0
0,9.9955,0,0,0,60.669,0,0,29.335,0,0,15.511,0,0,0,17.961,41.673,14.86,0,9.9955,0,0,0,0,9.9955,0,5.5151,28.42,26.734,0,15.511,13.825,0,0
0,0,0,0,0,89.6,0,0,10.4,0,0,0,0,0,0,22.4,56.801,10.4,0,10.4,0,0,0,0,0,0,0,44.8,44.8,0,0,10.4,0,0
0,0,5.3062,0,0,74.635,0,0,20.058,0,0,0,0,0,5.3062,15.698,50.723,25.365,0,2.9087,0,0,0,5.3062,0,0,0,43.24,26.09,5.3062,0,20.058,0,0
0,0,4.7252,0,0,81.932,0,0,13.343,0,0,0,0,0,4.7252,18.068,55.192,18.068,0,3.9458,0,0,0,4.7252,0,0,0,33.905,43.302,4.7252,0,13.343,0,0
0,20.494,15.266,0,0,64.24,0,0,0,0,0,4.012,6.2349,0,0,0,71.244,8.2627,0,0,0,10.247,15.266,0,6.2349,10.247,4.012,64.24,0,0,0,0,0,0
0,37.314,17.893,0,0,24.67,0,0,15.613,0,4.5102,20.912,4.5102,5.5512,0,0,38.053,0,4.5102,0,0,26.463,13.383,0,0,20.912,16.402,29.181,0,0,5.5512,14.572,0,0
0,13.141,2.7457,0,0,84.113,0,0,0,0,0,1.9064,6.5826,0,0,0,84.113,2.7457,0,0,0,4.6521,2.7457,0,6.5826,4.6521,1.9064,84.113,0,0,0,0,0,0
0,0,0,0,0,79.546,0,0,20.454,0,0,4.4801,0,5.747,0,0,79.546,0,0,0,4.4801,5.747,0,0,0,0,0,79.546,0,0,10.227,10.227,0,0
0,0,0,0,0,60.901,5.9015,0,33.198,0,0,4.6938,0,8.9544,5.9015,0,60.901,0,5.9015,0,0,13.648,0,0,5.9015,0,0,60.901,0,0,18.342,14.856,0,0
0,0,0,0,0,91.48,0,0,8.52,0,0,0,0,8.52,0,0,91.48,0,0,0,0,0,0,0,0,0,0,91.48,0,0,0,8.52,0,0
0,0,0,0,0,69.568,0,0,30.432,0,0,5.1337,0,10.552,0,0,69.568,0,0,0,9.7327,5.0135,0,0,0,0,0,69.568,0,0,10.147,20.285,0,0
0,0,0,0,0,84.7,0,0,15.3,0,0,7.6502,0,0,0,0,84.7,0,0,0,0,7.6502,0,0,0,0,0,84.7,0,0,15.3,0,0,0
0,0,0,0,0,100,0,0,0,0,0,0,0,0,0,0,100,0,0,0,0,0,0,0,0,0,0,100,0,0,0,0,0,0
0,0,0,0,0,100,0,0,0,0,0,0,0,0,0,0,100,0,0,0,0,0,0,0,0,0,0,100,0,0,0,0,0,0
0,0,0,0,0,100,0,0,0,0,0,0,0,0,0,0,100,0,0,0,0,0,0,0,0,0,0,100,0,0,0,0,0,0
0,0,0,0,0,100,0,0,0,0,0,0,0,0,0,0,100,0,0,0,0,0,0,0,0,0,0,100,0,0,0,0,0,0
0,0,0,0,0,100,0,0,0,0,0,0,0,0,0,0,100,0,0,0,0,0,0,0,0,0,0,100,0,0,0,0,0,0
0,0,0,0,0,100,0,0,0,0,0,0,0,0,0,0,100,0,0,0,0,0,0,0,0,0,0,100,0,0,0,0,0,0
0,0,0,0,0,100,0,0,0,0,0,0,0,0,0,0,100,0,0,0,0,0,0,0,0,0,0,100,0,0,0,0,0,0
0,0,0,0,0,100,0,0,0,0,0,0,0,0,0,0,100,0,0,0,0,0,0,0,0,0,0,100,0,0,0,0,0,0
27.934,4.9151,7.6447,0,0,57.541,0,0,0,1.9658,0,0,2.4576,5.449,11.908,5.0426,62.56,0,5.8629,4.2629,1.6372,0.82036,7.6447,1.6372,23.711,19.24,4.2629,41.538,0,0,0,1.9658,0,0
0,0,0,0,0,100,0,0,0,0,0,0,0,0,0,0,100,0,0,0,0,0,0,0,0,0,0,100,0,0,0,0,0,0
0,8.8648,0,0,0,91.135,0,0,0,0,0,0,4.4324,0,0,0,91.135,0,0,0,4.4324,0,0,0,8.8648,0,0,82.27,0,0,8.8648,0,0,0
5.6573,11.315,0,0,0,83.028,0,0,0,0,0,0,5.6573,0,0,0,88.685,0,0,0,5.6573,0,0,5.6573,5.6573,16.972,0,71.714,0,0,0,0,0,0
0,0,0,0,0,100,0,0,0,0,0,0,0,0,0,0,100,0,0,0,0,0,0,0,0,0,0,100,0,0,0,0,0,0
0,3.9133,64.076,0,0,32.01,0,0,0,0,0,0,3.9133,0,0,0,32.01,0,64.076,0,0,0,0,64.076,3.9133,0,0,32.01,0,0,0,0,0,0
0,4.6723,9.53,0,0,85.798,0,0,0,0,0,0,4.6723,0,0,0,85.798,2.1399,7.3901,0,0,0,2.1399,7.3901,4.6723,0,0,85.798,0,0,0,0,0,0
0,2.9874,0,0,0,97.013,0,0,0,0,0,0,0,0,0,0,97.013,0,2.9874,0,0,0,0,2.9874,0,0,0,97.013,0,0,0,0,0,0
0,0,4.4503,0,0,65.179,0,0,13.322,17.049,0,13.322,0,0,4.4503,17.772,37.09,23.638,0,0,3.7277,0,0,4.4503,0,0,0,46.684,4.4503,14.044,17.049,13.322,0,0
0,0,0,0,0,100,0,0,0,0,0,0,0,0,0,0,100,0,0,0,0,0,0,0,0,0,0,100,0,0,0,0,0,0
4.0144,0,4.356,0,0,60.504,0,0,16.152,14.973,0,7.1579,0,7.8155,4.356,20.449,32.898,10.643,12.667,0,4.0144,0,0,4.356,0,0,4.0144,40.893,16.468,3.1435,7.1579,23.968,0,0
0,0,15.933,0,0,62.592,0,0,17.365,4.1107,0,2.0554,0,0,15.933,26.616,29.429,15.933,7.9791,0,2.0554,0,0,15.933,0,0,0,37.408,16.581,8.6023,4.1107,17.365,0,0
0,0,4.2526,0,0,64.133,0,0,20.856,10.759,0,10.759,0,0,4.2526,20.747,32.627,31.614,0,0,0,0,0,4.2526,0,0,0,33.397,19.977,10.759,10.759,20.856,0,0
7.5078,0,0,0,0,42.492,0,0,14.487,35.513,0,21.995,0,7.5078,0,14.487,18.031,16.953,7.5078,0,13.518,0,0,0,0,0,7.5078,26.508,7.5078,8.4767,28.005,21.995,0,0
0,0,1.7648,0,0,98.235,0,0,0,0,0,0,0,0,0,0,98.235,1.7648,0,0,0,0,1.7648,0,0,0,0,98.235,0,0,0,0,0,0
0,0,0,0,0,87.491,0,0,12.509,0,0,6.2543,0,0,0,0,87.491,0,0,0,6.2543,0,0,0,0,0,0,87.491,0,0,6.2543,6.2543,0,0
0,0,0,0,0,100,0,0,0,0,0,0,0,0,0,0,100,0,0,0,0,0,0,0,0,0,0,100,0,0,0,0,0,0
0,0,0,0,0,66.672,0,0,33.328,0,0,0,0,0,0,16.664,66.672,0,0,0,0,16.664,0,0,0,0,0,66.672,0,0,16.664,0,16.664,0
0,0,0,0,0,68.088,0,0,31.912,0,0,13.042,0,0,0,5.8281,68.088,0,0,0,8.8192,4.2229,0,0,0,0,0,68.088,0,0,17.265,8.8192,5.8281,0
0,0,0,0,0,93.11,0,0,6.89,0,0,0,0,0,0,0,93.11,0,0,0,6.89,0,0,0,0,0,0,93.11,0,0,0,6.89,0,0
0,0,0,0,0,61.813,0,0,38.187,0,0,0,0,0,0,12.165,61.813,0,0,0,4.7972,21.225,0,0,0,0,0,61.813,0,0,21.225,4.7972,12.165,0
0,0,0,0,0,85.824,0,0,14.176,0,0,0,0,0,0,6.3612,85.824,0,0,0,0,7.815,0,0,0,0,0,85.824,0,0,7.815,0,6.3612,0
0,0,0,0,0,85.162,0,0,3.2503,11.588,0,3.2503,0,5.0872,0,3.2503,85.162,0,0,0,3.2503,0,0,0,0,0,0,80.075,5.0872,0,6.5006,8.3375,0,0
25.38,0,0,0,0,49.071,0,0,2.867,22.683,0,28.247,0,8.4744,0,2.867,40.596,0,8.4744,0,11.341,0,0,0,0,0,25.38,23.691,25.38,0,14.208,11.341,0,0
11.63,0,0,0,0,62.586,0,0,11.212,14.572,0,14.667,0,8.4985,0,19.388,46.235,0,8.1756,0,3.0365,0,0,0,0,0,11.63,34.282,28.304,0,6.0731,19.711,0,0
0,0,0,0,0,69.63,0,0,30.37,0,0,0,0,0,0,20.829,69.63,0,0,0,0,9.5416,0,0,0,0,0,69.63,0,0,9.5416,0,20.829,0
0,0,0,0,0,100,0,0,0,0,0,0,0,0,0,0,100,0,0,0,0,0,0,0,0,0,0,100,0,0,0,0,0,0
0,0,0,0,0,100,0,0,0,0,0,0,0,0,0,0,100,0,0,0,0,0,0,0,0,0,0,100,0,0,0,0,0,0
0,0,0,0,0,100,0,0,0,0,0,0,0,0,0,0,100,0,0,0,0,0,0,0,0,0,0,100,0,0,0,0,0,0
0,0,0,0,0,100,0,0,0,0,0,0,0,0,0,0,100,0,0,0,0,0,0,0,0,0,0,100,0,0,0,0,0,0
0,0,0,0,0,100,0,0,0,0,0,0,0,0,0,0,100,0,0,0,0,0,0,0,0,0,0,100,0,0,0,0,0,0
0,0,0,0,0,100,0,0,0,0,0,0,0,0,0,0,100,0,0,0,0,0,0,0,0,0,0,100,0,0,0,0,0,0
0,4.6141,0,0,8.4129,50.934,9.1992,9.1992,8.8206,0,8.8206,9.1992,0,9.2282,4.2064,4.2064,50.934,0,4.2064,4.2064,13.813,0,0,9.1992,13.813,0,9.1992,32.301,9.4332,8.8206,13.027,4.2064,0,0
3.1397,12.998,13.427,5.5726,24.936,9.0941,12.26,9.1892,5.0525,4.331,0,6.2478,6.5282,0,12.215,5.8607,37.877,2.2048,2.6999,4.8645,8.4237,13.079,9.7253,9.6889,12.177,7.5869,1.61,2.1435,3.1397,5.4923,19.696,23.302,5.4382,1
0,0,0,0,0,100,0,0,0,0,0,0,0,0,0,0,100,0,0,0,0,0,0,0,0,0,0,100,0,0,0,0,0,0
0,0,0,2.1652,0,97.835,0,0,0,0,0,0,0,0,0,0,97.835,0,0,0,0,2.1652,0,0,0,0,0,97.835,0,0,2.1652,0,0,0
0,0,0,0,0,100,0,0,0,0,0,0,0,0,0,0,100,0,0,0,0,0,0,0,0,0,0,100,0,0,0,0,0,0
0,0,0,0,0,100,0,0,0,0,0,0,0,0,0,0,100,0,0,0,0,0,0,0,0,0,0,100,0,0,0,0,0,0
0,0,0,0,0,100,0,0,0,0,0,0,0,0,0,0,100,0,0,0,0,0,0,0,0,0,0,100,0,0,0,0,0,0
0,0,0,0,0,100,0,0,0,0,0,0,0,0,0,0,100,0,0,0,0,0,0,0,0,0,0,100,0,0,0,0,0,0
0,0,0,0,0,100,0,0,0,0,0,0,0,0,0,0,100,0,0,0,0,0,0,0,0,0,0,100,0,0,0,0,0,0
0,0,0,0,0,100,0,0,0,0,0,0,0,0,0,0,100,0,0,0,0,0,0,0,0,0,0,100,0,0,0,0,0,0
0,0,0,2.7767,0,97.223,0,0,0,0,0,0,0,0,0,0,97.223,0,0,0,0,2.7767,0,0,0,0,0,97.223,0,0,2.7767,0,0,0
0,0,0,0,0,100,0,0,0,0,0,0,0,0,0,0,100,0,0,0,0,0,0,0,0,0,0,100,0,0,0,0,0,0
0,0,0,0,0,100,0,0,0,0,0,0,0,0,0,0,100,0,0,0,0,0,0,0,0,0,0,100,0,0,0,0,0,0
0,0,0,0,0,100,0,0,0,0,0,0,0,0,0,0,100,0,0,0,0,0,0,0,0,0,0,100,0,0,0,0,0,0
0,0,0,0,0,100,0,0,0,0,0,0,0,0,0,0,100,0,0,0,0,0,0,0,0,0,0,100,0,0,0,0,0,0
0,0,0,0,0,100,0,0,0,0,0,0,0,0,0,0,100,0,0,0,0,0,0,0,0,0,0,100,0,0,0,0,0,0
0,0,0,0,0,100,0,0,0,0,0,0,0,0,0,0,100,0,0,0,0,0,0,0,0,0,0,100,0,0,0,0,0,0
0,0,0,0,0,100,0,0,0,0,0,0,0,0,0,0,100,0,0,0,0,0,0,0,0,0,0,100,0,0,0,0,0,0
0,0,0,0,0,100,0,0,0,0,0,0,0,0,0,0,100,0,0,0,0,0,0,0,0,0,0,100,0,0,0,0,0,0
0,0,0,0,0,100,0,0,0,0,0,0,0,0,0,0,100,0,0,0,0,0,0,0,0,0,0,100,0,0,0,0,0,0
0,0,0,0,0,100,0,0,0,0,0,0,0,0,0,0,100,0,0,0,0,0,0,0,0,0,0,100,0,0,0,0,0,0
0,0,0,0,0,100,0,0,0,0,0,0,0,0,0,0,100,0,0,0,0,0,0,0,0,0,0,100,0,0,0,0,0,0
0,0,0,0,0,100,0,0,0,0,0,0,0,0,0,0,100,0,0,0,0,0,0,0,0,0,0,100,0,0,0,0,0,0
0,0,0,0,0,100,0,0,0,0,0,0,0,0,0,0,100,0,0,0,0,0,0,0,0,0,0,100,0,0,0,0,0,0
0,0,0,0,0,100,0,0,0,0,0,0,0,0,0,0,100,0,0,0,0,0,0,0,0,0,0,100,0,0,0,0,0,0
0,0,0,0,0,100,0,0,0,0,0,0,0,0,0,0,100,0,0,0,0,0,0,0,0,0,0,100,0,0,0,0,0,0
0,0,0,0,0,100,0,0,0,0,0,0,0,0,0,0,100,0,0,0,0,0,0,0,0,0,0,100,0,0,0,0,0,0
0,0,0,0,0,100,0,0,0,0,0,0,0,0,0,0,100,0,0,0,0,0,0,0,0,0,0,100,0,0,0,0,0,0
0,0,0,0,0,100,0,0,0,0,0,0,0,0,0,0,100,0,0,0,0,0,0,0,0,0,0,100,0,0,0,0,0,0
0,0,0,0,0,100,0,0,0,0,0,0,0,0,0,0,100,0,0,0,0,0,0,0,0,0,0,100,0,0,0,0,0,0
0,0,0,0,0,100,0,0,0,0,0,0,0,0,0,0,100,0,0,0,0,0,0,0,0,0,0,100,0,0,0,0,0,0
0,0,0,0,0,100,0,0,0,0,0,0,0,0,0,0,100,0,0,0,0,0,0,0,0,0,0,100,0,0,0,0,0,0
0,0,0,0,0,100,0,0,0,0,0,0,0,0,0,0,100,0,0,0,0,0,0,0,0,0,0,100,0,0,0,0,0,0
0,0,0,0,0,100,0,0,0,0,0,0,0,0,0,0,100,0,0,0,0,0,0,0,0,0,0,100,0,0,0,0,0,0
0,0,0,0,0,100,0,0,0,0,0,0,0,0,0,0,100,0,0,0,0,0,0,0,0,0,0,100,0,0,0,0,0,0
0,0,0,0,0,100,0,0,0,0,0,0,0,0,0,0,100,0,0,0,0,0,0,0,0,0,0,100,0,0,0,0,0,0
0,0,0,0,0,100,0,0,0,0,0,0,0,0,0,0,100,0,0,0,0,0,0,0,0,0,0,100,0,0,0,0,0,0
0,0,0,0,0,100,0,0,0,0,0,0,0,0,0,0,100,0,0,0,0,0,0,0,0,0,0,100,0,0,0,0,0,0
0,0,0,0,0,100,0,0,0,0,0,0,0,0,0,0,100,0,0,0,0,0,0,0,0,0,0,100,0,0,0,0,0,0
0,7.9982,7.5052,0,0,57.505,6.2916,5.4964,12.35,0,2.8533,2.8533,0,2.8533,6.2916,7.7751,53.027,10.851,0,0,8.3498,7.9982,0,19.293,5.4964,10.71,2.8533,41.029,8.2681,2.8533,0,9.4965,0,0
0,0,0,0,18.881,81.119,0,0,0,0,0,0,0,6.862,12.019,3.4383,65.663,5.1565,0,6.862,0,0,0,0,0,0,0,57.522,23.597,6.862,12.019,0,0,0
0,0,0,0,2.6781,85.23,3.3717,0,8.7205,0,0,0,0,0,4.6414,10.433,67.325,8.0269,0,0,8.1654,1.4083,2.8165,3.3717,0,0,1.4083,74.651,7.7621,0,8.0269,1.9634,0,0
0,0,0,0,6.4856,89.249,0,0,4.265,0,0,0,0,0,2.8868,11.463,74.234,7.1518,0,0,4.265,0,0,0,0,0,6.935,75.829,10.084,0,7.1518,0,0,0
0,0,0,0,0,100,0,0,0,0,0,0,0,0,0,0,100,0,0,0,0,0,0,0,0,0,9.1753,84.528,6.2965,0,0,0,0,0
0,0.92179,3.596,6.5789,6.8119,52.829,5.4487,0,22.586,1.2286,0,4.2234,7.0734,4.4731,2.3765,14.508,35.816,12.12,0,4.923,7.8635,6.6235,18.365,11.412,4.524,1.8561,6.6235,39.786,4.2116,0,10.231,2.0696,0.92179,0
0,0,1.5594,9.4767,3.0768,66.346,1.1147,0,18.426,0,0,3.3231,1.5594,4.6362,4.2234,27.65,35.818,8.1637,0,1.5594,5.5525,7.5146,15.029,4.2334,1.5594,4.9609,9.2784,35.321,11.073,7.6756,4.8825,4.2234,1.7638,0
0,0,0,0,0,96.569,0,0,3.4308,0,0,0,0,0,3.4308,16.403,80.166,0,0,0,0,0,0,0,0,8.2015,0,71.751,11.846,4.7707,0,3.4308,0,0
0,0,0,0,0,100,0,0,0,0,0,0,0,0,0,0,100,0,0,0,0,0,0,0,0,0,0,100,0,0,0,0,0,0
0,0,0,0,0,100,0,0,0,0,0,0,0,0,0,0,100,0,0,0,0,0,0,0,0,0,0,100,0,0,0,0,0,0
0,0,22.152,0,20.609,46.771,0,10.467,0,0,0,10.467,0,7.2235,17.365,6.2891,40.482,3.2438,3.8527,0,3.8527,7.2235,3.2438,3.8527,3.2438,0,0,39.675,3.2438,0,28.441,18.3,0,0
0,0,0,0,4.5956,89.386,0,6.0185,0,0,0,6.0185,0,0,0,4.5956,84.79,0,4.5956,0,0,0,0,0,6.0185,0,6.6471,78.143,4.5956,0,0,4.5956,0,0
0,0,6.0633,8.9487,20.971,36.402,15.208,10.554,1.8539,0,0,11.424,3.848,0,9.0735,5.6383,31.021,8.1225,7.7631,11.481,10.715,0.91369,10.981,5.2252,18.128,5.5539,3.0686,17.181,10.59,5.5539,12.803,7.7928,3.1229,0
0,0,2.6613,6.911,10.375,47.797,20.236,11.183,0.83677,0,0,8.2481,4.7501,0,7.4114,4.7501,34.627,7.5211,7.8136,14.498,9.0437,1.3372,12.271,5.3357,17.66,5.7379,8.0215,21.968,11.576,4.4007,5.2813,4.3348,3.4129,1
0,0,0,0,0,100,0,0,0,0,0,0,0,0,0,3.7672,96.233,0,0,0,0,0,0,0,0,0,13.216,73.568,13.216,0,0,0,0,0
0,0,0,0,0,100,0,0,0,0,0,0,0,0,0,3.4107,80.179,16.41,0,0,0,0,0,0,0,0,9.0207,84.158,6.8215,0,0,0,0,0
0,0,23.311,30.945,23.548,6.3514,5.3941,5.7092,4.7413,0,0,16.345,1.1528,0,11.603,6.713,38.108,8.2218,6.7539,3.2734,7.8298,0,5.8941,10.45,8.9826,2.1206,0,0,3.4583,7.3414,13.205,47.395,1.1528,1
0,0,0,0,0,100,0,0,0,0,0,0,0,0,0,0,100,0,0,0,0,0,0,0,0,0,14.413,75.202,10.385,0,0,0,0,0
0,0,0,0,0,100,0,0,0,0,0,0,0,0,0,0,100,0,0,0,0,0,0,0,0,0,0,96.093,3.9067,0,0,0,0,0
0,0,0,0,0,100,0,0,0,0,0,0,0,0,0,0,100,0,0,0,0,0,0,0,0,0,0,100,0,0,0,0,0,0
0,0,0,0,0,100,0,0,0,0,0,0,0,0,0,0,100,0,0,0,0,0,0,0,0,0,0,100,0,0,0,0,0,0
0,0,0,0,0,100,0,0,0,0,0,0,0,0,0,0,100,0,0,0,0,0,0,0,0,0,0,100,0,0,0,0,0,0
0,0,0,0,0,100,0,0,0,0,0,0,0,0,0,0,100,0,0,0,0,0,0,0,0,0,0,100,0,0,0,0,0,0
0,0,0,0,0,100,0,0,0,0,0,0,0,0,0,10.484,78.305,11.211,0,0,0,0,0,0,0,0,21.136,48.624,30.24,0,0,0,0,0
0,0,3.1006,0,0,84.059,0,0,4.7974,4.7974,3.2458,0,3.1006,0,4.7974,3.0664,61.178,21.545,3.0664,3.2458,0,0,0,0,8.4083,0,10.93,55.521,15.545,0,4.7974,4.7974,0,0
0,0,0,0,0,100,0,0,0,0,0,0,0,0,0,0,100,0,0,0,0,0,0,0,0,0,0,100,0,0,0,0,0,0
0,0,0,0,0,100,0,0,0,0,0,0,0,0,0,0,100,0,0,0,0,0,0,0,0,0,0,100,0,0,0,0,0,0
0,0,9.9372,0,0,83.224,0,0,3.4194,0,3.4194,3.4194,3.0984,6.8388,0,0,83.224,0,0,3.4194,0,0,0,6.8388,3.0984,0,0,80.126,6.5178,0,3.4194,0,0,0
0,0,3.2723,0,0,88.782,0,0,3.9728,2.3366,1.6362,1.6362,0,3.2723,0,2.3366,86.446,2.3366,2.3366,1.6362,0,0,0,3.2723,0,0,0,88.782,1.6362,0,3.9728,0,2.3366,0
0,0,0,0,0,100,0,0,0,0,0,0,0,0,0,3.4079,96.592,0,0,0,0,0,0,0,0,0,0,93.028,6.9717,0,0,0,0,0
0,0,4.2925,12.473,0,83.235,0,0,0,0,0,8.1804,4.2925,0,0,7.4627,71.884,3.8879,0,0,0,4.2925,0,0,0,0,0,79.66,3.5748,0,0,8.585,8.1804,0
0,0,1.8666,3.6124,0,94.521,0,0,0,0,0,0,1.8666,0,0,0,90.909,3.6124,0,0,0,3.6124,0,0,0,0,0,94.521,0,0,0,5.4791,0,0
8.5089,14.615,3.593,2.6518,0,23.47,11.119,25.124,6.3565,1.3,3.2619,2.4465,1.631,3.6449,1.3,10.538,33.442,12.065,6.0624,11.976,12.419,4.4752,8.9068,7.9875,10.676,30.099,10.955,6.3565,4.4752,4.0774,2.9309,7.7084,5.8271,1
0,0,0,0,0,86.232,0,0,3.2721,0,10.496,0,0,0,0,0,93.456,0,6.5443,0,0,0,0,0,0,0,0,86.232,3.2721,7.224,0,3.2721,0,0
0,0,0,0,0,100,0,0,0,0,0,0,0,0,0,0,100,0,0,0,0,0,0,0,0,0,0,100,0,0,0,0,0,0
0,0,0,0,0,100,0,0,0,0,0,0,0,0,0,0,100,0,0,0,0,0,0,0,0,0,0,100,0,0,0,0,0,0
0,0,0,0,0,100,0,0,0,0,0,0,0,0,0,0,100,0,0,0,0,0,0,0,0,0,0,100,0,0,0,0,0,0
0,0,0,0,0,100,0,0,0,0,0,0,0,0,0,0,100,0,0,0,0,0,0,0,0,0,0,100,0,0,0,0,0,0
0,0,0,0,0,100,0,0,0,0,0,0,0,0,0,0,100,0,0,0,0,0,0,0,0,0,0,100,0,0,0,0,0,0
0,0,0,0,0,100,0,0,0,0,0,0,0,0,0,0,100,0,0,0,0,0,0,0,0,0,0,100,0,0,0,0,0,0
0,0,0,0,0,100,0,0,0,0,0,0,0,0,0,0,100,0,0,0,0,0,0,0,0,0,0,100,0,0,0,0,0,0
0,0,0,0,0,100,0,0,0,0,0,0,0,0,0,0,100,0,0,0,0,0,0,0,0,0,0,100,0,0,0,0,0,0
0,0,0,0,0,100,0,0,0,0,0,0,0,0,0,0,100,0,0,0,0,0,0,0,0,0,0,100,0,0,0,0,0,0
0,0,0,0,0,100,0,0,0,0,0,0,0,0,0,0,100,0,0,0,0,0,0,0,0,0,0,100,0,0,0,0,0,0
0,0,0,0,0,100,0,0,0,0,0,0,0,0,0,0,100,0,0,0,0,0,0,0,0,0,0,100,0,0,0,0,0,0
0,0,0,0,0,100,0,0,0,0,0,0,0,0,0,4.7825,95.218,0,0,0,0,0,0,0,0,0,0,84.619,15.381,0,0,0,0,0
0,0,0,0,0,100,0,0,0,0,0,0,0,0,0,4.2884,95.712,0,0,0,0,0,0,0,0,0,0,87.619,12.381,0,0,0,0,0
0,0,0,0,0,100,0,0,0,0,0,0,0,0,0,4.2376,95.762,0,0,0,0,0,0,0,0,0,0,93.558,6.4419,0,0,0,0,0
0,0,0,0,0,78.364,21.636,0,0,0,0,0,0,0,0,30.167,49.282,20.551,0,0,0,0,0,0,0,14.518,36.177,49.305,0,0,0,0,0,0
0,0,4.783,5.0258,0,90.191,0,0,0,0,0,0,0,5.0258,0,8.8043,66.795,14.592,0,0,4.783,0,5.0258,4.783,0,0,14.835,57.032,18.325,0,0,0,0,0
0,0,3.9828,0,3.4115,62.308,30.297,0,0,0,0,24.731,0,0,0,0,50.931,11.377,0,0,3.9828,8.9775,30.297,7.3943,0,0,3.9828,50.931,7.3943,0,0,0,0,0
0,0,0,0,0,96.945,0,0,3.0551,0,0,0,0,0,0,0,96.945,0,0,0,3.0551,0,0,0,0,0,0,96.945,0,0,0,0,3.0551,0
0,0,0,0,0,96.664,0,0,3.3361,0,0,0,0,0,0,0,96.664,0,0,0,3.3361,0,0,0,0,0,0,96.664,0,0,0,0,3.3361,0
0,0,0,0,0,100,0,0,0,0,0,0,0,0,0,0,100,0,0,0,0,0,0,0,0,0,0,100,0,0,0,0,0,0
0,0,0,0,0,97.912,0,0,2.0875,0,0,0,0,0,0,0,97.912,0,0,0,2.0875,0,0,0,0,0,0,97.912,0,0,0,0,2.0875,0
0,0,0,0,0,100,0,0,0,0,0,0,0,0,0,0,100,0,0,0,0,0,0,0,0,0,0,100,0,0,0,0,0,0
0,0,0,0,0,100,0,0,0,0,0,0,0,0,0,0,100,0,0,0,0,0,0,0,0,0,0,100,0,0,0,0,0,0
0,0,0,0,0,100,0,0,0,0,0,0,0,0,0,0,100,0,0,0,0,0,0,0,0,0,0,100,0,0,0,0,0,0
0,0,0,0,0,100,0,0,0,0,0,0,0,0,0,0,100,0,0,0,0,0,0,0,0,0,0,100,0,0,0,0,0,0
0,0,0,0,0,100,0,0,0,0,0,0,0,0,0,0,100,0,0,0,0,0,0,0,0,0,0,96.955,3.0449,0,0,0,0,0
0,0,0,0,0,100,0,0,0,0,0,0,0,0,0,0,100,0,0,0,0,0,0,0,0,0,0,100,0,0,0,0,0,0
0,0,0,0,0,100,0,0,0,0,0,0,0,0,0,0,100,0,0,0,0,0,0,0,0,0,0,100,0,0,0,0,0,0
0,0,0,0,0,100,0,0,0,0,0,0,0,0,0,0,100,0,0,0,0,0,0,0,0,0,0,100,0,0,0,0,0,0
0,0,0,0,0,100,0,0,0,0,0,0,0,0,0,0,100,0,0,0,0,0,0,0,0,0,0,100,0,0,0,0,0,0
0,0,0,0,0,100,0,0,0,0,0,0,0,0,0,0,100,0,0,0,0,0,0,0,0,0,0,100,0,0,0,0,0,0
0,0,0,0,0,100,0,0,0,0,0,0,0,0,0,0,100,0,0,0,0,0,0,0,0,0,0,100,0,0,0,0,0,0
0,0,0,0,0,100,0,0,0,0,0,0,0,0,0,0,100,0,0,0,0,0,0,0,0,0,0,100,0,0,0,0,0,0
0,0,0,0,0,100,0,0,0,0,0,0,0,0,0,0,100,0,0,0,0,0,0,0,0,0,0,100,0,0,0,0,0,0
0,0,0,0,0,100,0,0,0,0,0,0,0,0,0,0,100,0,0,0,0,0,0,0,0,0,0,100,0,0,0,0,0,0
0,0,0,0,0,100,0,0,0,0,0,0,0,0,0,0,100,0,0,0,0,0,0,0,0,0,0,100,0,0,0,0,0,0
0,0,0,0,0,100,0,0,0,0,0,0,0,0,0,0,95.003,0,0,0,4.9972,0,0,0,0,0,4.6171,90.386,0,0,4.9972,0,0,0
0,4.2302,0,0,0,91.539,0,0,4.2302,0,0,4.2302,0,0,0,0,84.305,7.234,4.2302,0,0,0,0,4.2302,0,0,7.234,84.305,0,0,0,4.2302,0,0
0,0,0,0,3.8624,92.275,3.8624,0,0,0,0,3.8624,0,3.8624,0,0,92.275,0,0,0,0,0,3.8624,0,0,0,0,92.275,0,0,0,0,3.8624,0
0,0,0,0,0,100,0,0,0,0,0,0,0,0,0,0,100,0,0,0,0,0,0,0,0,0,0,100,0,0,0,0,0,0
0,0,16.591,0,10.943,29.684,2.72,2.72,27.897,2.6175,6.8268,7.3004,13.305,7.9013,8.0639,16.755,8.4676,10.061,13.153,9.6557,2.6175,2.72,7.444,15.972,5.3439,2.72,8.0639,21.62,6.8268,0,12.535,13.766,5.7085,0
0,0,0,0,0,94.924,0,0,0,5.0764,0,0,0,0,0,0,100,0,0,0,0,0,0,0,0,0,0,94.924,0,0,0,5.0764,0,0
0,34.819,4.6032,0,4.5665,46.805,0,0,9.2064,0,0,0,9.1697,0,4.5665,0,42.239,18.339,0,4.6032,21.083,0,0,9.1697,0,30.252,4.5665,16.516,25.722,0,0,13.773,0,1
7.5424,4.5683,5.8552,0,0,73.495,0,0,0,8.5396,0,0,0,4.5683,3.571,3.9713,77.066,0,6.2555,0,2.2842,2.2842,5.8552,2.2842,3.571,9.8265,2.2842,67.639,0,0,0,8.5396,0,0
0,0,0,0,0,100,0,0,0,0,0,0,0,0,0,0,100,0,0,0,0,0,0,0,0,0,0,100,0,0,0,0,0,0
0,0,0,0,50,50,0,0,0,0,0,0,0,0,0,0,50,0,0,0,0,50,0,0,0,0,0,50,50,0,0,0,0,0
0,4.6687,6.5844,0,0,71.724,0,0,17.023,0,0,0,0,0,6.5844,0,71.724,17.023,4.6687,0,0,0,0,11.253,0,0,0,71.724,0,0,0,17.023,0,0
10.172,0,0,0,0,54.656,0,0,0,35.172,0,10.172,0,25,0,0,44.484,0,10.172,0,10.172,0,0,0,0,0,10.172,29.656,25,0,10.172,25,0,0
0,0,0,0,0,100,0,0,0,0,0,0,0,0,0,0,100,0,0,0,0,0,0,0,0,0,0,100,0,0,0,0,0,0
0,0,0,0,0,100,0,0,0,0,0,0,0,0,0,0,100,0,0,0,0,0,0,0,0,0,0,100,0,0,0,0,0,0
0,15.313,4.0566,0,0,80.63,0,0,0,0,0,7.6567,0,0,0,0,80.63,4.0566,0,0,0,7.6567,4.0566,0,0,7.6567,7.6567,80.63,0,0,0,0,0,0
0,0,5.0988,0,0,77.751,0,0,17.15,0,0,4.1753,0,8.7998,0,0,82.85,0,0,0,0,4.1753,5.0988,0,0,0,0,77.751,0,0,8.3505,8.7998,0,0
0,7.8613,7.8613,0,5.3568,46.462,5.3568,0,13.884,0,13.218,13.218,7.8613,6.0229,5.3568,0,46.462,0,13.218,0,0,7.8613,0,0,5.3568,13.218,0,54.323,5.3568,0,0,21.745,0,0
0,0,2.5514,0,0,97.449,0,0,0,0,0,0,0,0,0,0,97.449,2.5514,0,0,0,0,2.5514,0,0,0,0,97.449,0,0,0,0,0,0
0,0,0,0,0,84.024,0,0,15.976,0,0,4.1272,0,0,0,0,84.024,0,0,0,7.7216,4.1272,0,0,0,0,0,84.024,0,0,8.2545,7.7216,0,0
0,0,0,0,0,84.005,0,0,15.995,0,0,0,0,0,0,9.8149,84.005,0,0,0,0,6.1797,0,0,0,0,0,84.005,0,0,6.1797,0,9.8149,0
