h1,h2,h3,h4,h5,h6,h7,h8,h9,h10,h11,h12,h13,h14,h15,h16,h17,h18,h19,h20,h21,h22,h23,h24,h25,h26,h27,h28,h29,h30,h31,h32,h33,label
0,0,0,0,0,100,0,0,0,0,0,0,0,0,0,0,100,0,0,0,0,0,0,0,0,0,0,100,0,0,0,0,0,0
0,0,0,0,0,100,0,0,0,0,0,0,0,0,0,0,100,0,0,0,0,0,0,0,0,0,0,100,0,0,0,0,0,0
0,0,0,0,0,100,0,0,0,0,0,0,0,0,0,0,100,0,0,0,0,0,0,0,0,0,0,100,0,0,0,0,0,0
0,0,0,0,0,100,0,0,0,0,0,0,0,0,0,0,100,0,0,0,0,0,0,0,0,0,0,100,0,0,0,0,0,0
0,0,0,0,0,100,0,0,0,0,0,0,0,0,0,0,100,0,0,0,0,0,0,0,0,0,0,100,0,0,0,0,0,0
0,0,0,0,0,100,0,0,0,0,0,50.145,0,0,0,0,49.855,0,0,0,0,0,0,0,0,0,0,49.855,0,0,50.145,0,0,0
0,0,0,0,0,100,0,0,0,0,0,50,0,0,0,0,50,0,0,0,0,0,0,0,0,0,0,50,0,0,50,0,0,0
0,0,0,0,0,100,0,0,0,0,0,0,0,0,0,0,100,0,0,0,0,0,0,0,0,0,0,100,0,0,0,0,0,0
0,0,0,0,0,100,0,0,0,0,0,0,0,0,0,0,100,0,0,0,0,0,0,0,0,0,0,100,0,0,0,0,0,0
0,0,0,0,0,100,0,0,0,0,0,0,0,0,0,0,100,0,0,0,0,0,0,0,0,0,0,100,0,0,0,0,0,0
0,0,0,0,0,100,0,0,0,0,0,0,0,0,0,0,100,0,0,0,0,0,0,0,0,0,0,100,0,0,0,0,0,0
0,0,0,0,0,100,0,0,0,0,0,0,0,0,0,0,100,0,0,0,0,0,0,0,0,0,0,100,0,0,0,0,0,0
0,0,0,0,0,100,0,0,0,0,0,0,0,0,0,0,100,0,0,0,0,0,0,0,0,0,0,83.971,16.029,0,0,0,0,0
0,0,0,0,0,100,0,0,0,0,0,0,0,0,0,0,100,0,0,0,0,0,0,0,0,0,0,81.644,18.356,0,0,0,0,0
0,0,0,0,0,100,0,0,0,0,0,0,0,0,0,0,100,0,0,0,0,0,0,0,0,0,0,69.509,30.491,0,0,0,0,0
0,0,0,0,0,100,0,0,0,0,0,0,0,0,0,0,100,0,0,0,0,0,0,0,0,0,0,100,0,0,0,0,0,0
0,0,0,0,0,100,0,0,0,0,0,0,0,0,0,0,100,0,0,0,0,0,0,0,0,0,0,100,0,0,0,0,0,0
0,0,0,0,0,100,0,0,0,0,0,23.419,0,0,0,0,76.581,0,0,0,0,0,0,0,0,0,0,76.581,0,0,23.419,0,0,0
0,0,0,0,0,100,0,0,0,0,0,0,0,0,0,0,100,0,0,0,0,0,0,0,0,0,0,100,0,0,0,0,0,0
0,0,0,0,0,100,0,0,0,0,0,0,0,0,0,0,100,0,0,0,0,0,0,0,0,0,0,100,0,0,0,0,0,0
0,0,0,0,0,100,0,0,0,0,0,0,0,0,0,0,100,0,0,0,0,0,0,0,0,0,0,100,0,0,0,0,0,0
0,0,0,0,0,100,0,0,0,0,0,0,0,0,0,0,100,0,0,0,0,0,0,0,0,0,0,100,0,0,0,0,0,0
0,0,0,0,0,100,0,0,0,0,0,0,0,0,0,0,100,0,0,0,0,0,0,0,0,0,0,100,0,0,0,0,0,0
0,0,0,0,0,100,0,0,0,0,0,0,0,0,0,0,100,0,0,0,0,0,0,0,0,0,0,100,0,0,0,0,0,0
0,0,0,0,0,100,0,0,0,0,0,0,0,0,0,0,100,0,0,0,0,0,0,0,0,0,0,100,0,0,0,0,0,0
0,0,0,0,0,100,0,0,0,0,0,0,0,0,0,0,100,0,0,0,0,0,0,0,0,0,0,100,0,0,0,0,0,0
0,0,0,0,0,100,0,0,0,0,0,0,0,0,0,0,100,0,0,0,0,0,0,0,0,0,0,100,0,0,0,0,0,0
0,0,0,0,0,100,0,0,0,0,0,0,0,0,0,0,100,0,0,0,0,0,0,0,0,0,0,100,0,0,0,0,0,0
0,0,0,0,0,100,0,0,0,0,0,0,0,0,0,0,100,0,0,0,0,0,0,0,0,0,0,100,0,0,0,0,0,0
0,0,0,0,0,100,0,0,0,0,0,0,0,0,0,0,100,0,0,0,0,0,0,0,0,0,0,100,0,0,0,0,0,0
0,0,0,0,0,100,0,0,0,0,0,0,0,0,0,0,100,0,0,0,0,0,0,0,0,0,0,100,0,0,0,0,0,0
0,0,0,0,0,100,0,0,0,0,0,0,0,0,0,0,100,0,0,0,0,0,0,0,0,0,0,73.283,26.717,0,0,0,0,0
0,0,0,0,0,100,0,0,0,0,0,0,0,0,0,0,100,0,0,0,0,0,0,0,0,0,0,94.193,5.8073,0,0,0,0,0
0,0,0,0,0,92.082,0,7.9179,0,0,0,0,7.9179,0,0,0,92.082,0,0,0,0,0,0,0,0,0,0,72.35,19.732,0,0,0,7.9179,0
0,0,0,0,0,100,0,0,0,0,0,0,0,0,0,0,100,0,0,0,0,0,0,0,0,0,0,65.845,34.155,0,0,0,0,0
0,0,0,0,0,100,0,0,0,0,0,0,0,0,0,0,100,0,0,0,0,0,0,0,0,0,0,70.67,29.33,0,0,0,0,0
0,0,0,0,0,100,0,0,0,0,0,0,0,0,0,0,100,0,0,0,0,0,0,0,0,0,0,100,0,0,0,0,0,0
0,0,0,6.5843,0,66.667,0,26.749,0,0,0,0,26.749,0,0,0,66.667,0,0,0,0,6.5843,0,0,0,0,0,66.667,0,0,6.5843,0,26.749,0
0,0,0,0,0,100,0,0,0,0,0,0,0,0,0,0,100,0,0,0,0,0,0,0,0,0,0,100,0,0,0,0,0,0
0,0,0,18.708,0,81.292,0,0,0,0,0,0,0,0,0,0,81.292,0,0,0,0,18.708,0,0,0,0,0,81.292,0,0,18.708,0,0,0
0,0,0,42.33,0,21.769,0,35.901,0,0,0,0,35.901,0,0,0,21.769,0,0,0,0,42.33,0,0,0,0,0,19.541,2.2279,0,42.33,0,35.901,0
0,0,0,15.983,0,56.408,0,27.609,0,0,0,0,27.609,0,0,0,56.408,0,0,0,0,15.983,0,0,0,0,0,56.408,0,0,15.983,0,27.609,0
0,0,0,0,0,100,0,0,0,0,0,0,0,0,0,0,100,0,0,0,0,0,0,0,0,0,0,100,0,0,0,0,0,0
0,0,0,0,0,100,0,0,0,0,0,0,0,0,0,0,91.167,8.8331,0,0,0,0,0,0,0,0,0,91.167,8.8331,0,0,0,0,0
0,0,0,0,0,88.077,0,0,11.923,0,0,0,0,0,0,0,82.715,17.285,0,0,0,0,0,0,0,0,0,77.353,10.724,0,0,11.923,0,0
0,0,0,0,0,100,0,0,0,0,0,0,0,0,0,9.6336,62.739,27.627,0,0,0,0,0,0,0,0,0,64.013,35.987,0,0,0,0,0
0,0,0,0,0,100,0,0,0,0,0,0,0,0,0,16.116,68.609,15.275,0,0,0,0,0,0,0,0,0,62.781,37.219,0,0,0,0,0
0,0,0,0,0,89.335,0,0,10.665,0,0,0,0,0,0,6.8414,59.188,23.306,10.665,0,0,0,0,0,0,0,0,66.03,23.306,0,0,10.665,0,0
0,0,0,0,0,84.199,0,0,15.801,0,0,0,0,0,0,14.856,39.63,45.514,0,0,0,0,0,0,0,0,0,54.486,29.713,0,0,15.801,0,0
0,0,5.1496,0,0,84.276,0,0,10.574,0,0,0,0,0,0,10.652,73.624,15.724,0,0,0,0,5.1496,0,0,0,5.1496,68.475,10.652,0,0,10.574,0,0
0,0,6.1432,0,0,70.919,0,0,22.938,0,0,6.1432,0,0,0,0,70.919,19.798,0,0,3.1401,0,3.0031,0,3.1401,0,13.448,57.47,0,6.1432,0,3.3466,13.448,0
0,0,15.869,0,0,52.948,0,0,31.183,0,0,23.347,0,0,0,0,42.708,23.705,0,0,10.24,0,5.6287,0,10.24,0,20.968,31.98,0,2.737,20.61,0,7.8361,0
0,0,0,0,0,71.361,0,0,28.639,0,0,0,0,0,0,0,71.361,21.358,7.2807,0,0,0,0,0,0,0,0,71.361,0,0,0,28.639,0,0
0,0,0,0,0,69.33,0,0,30.67,0,0,0,0,0,0,0,69.33,22.68,7.9899,0,0,0,0,0,0,0,7.9899,61.34,0,0,0,30.67,0,0
0,0,0,0,0,81.947,0,0,18.053,0,0,0,0,0,0,0,73.271,15.594,11.135,0,0,0,0,0,0,0,11.135,53.459,17.353,0,0,18.053,0,0
0,0,0,0,0,71.51,0,0,28.49,0,0,0,0,0,0,0,71.51,14.027,14.463,0,0,0,0,0,0,0,9.5098,62,0,0,0,28.49,0,0
0,0,0,0,0,85.697,0,0,14.303,0,0,0,0,0,0,14.262,71.434,14.304,0,0,0,0,0,0,0,0,14.304,57.131,14.262,0,0,14.304,0,0
0,0,0,0,0,69.217,0,0,30.783,0,0,0,0,0,0,0,69.217,26.038,4.7454,0,0,0,0,0,0,0,14.328,54.889,0,0,0,30.783,0,0
0,0,0,0,0,100,0,0,0,0,0,0,0,0,0,0,100,0,0,0,0,0,0,0,0,0,0,100,0,0,0,0,0,0
0,0,0,0,0,100,0,0,0,0,0,0,0,0,0,0,100,0,0,0,0,0,0,0,0,0,0,100,0,0,0,0,0,0
0,0,0,0,0,100,0,0,0,0,0,0,0,0,0,0,100,0,0,0,0,0,0,0,0,0,0,100,0,0,0,0,0,0
0,0,0,0,0,100,0,0,0,0,0,0,0,0,0,0,100,0,0,0,0,0,0,0,0,0,0,100,0,0,0,0,0,0
0,0,3.144,0,0,82.594,0,0,14.262,0,0,0,0,0,0,0,82.594,17.406,0,0,0,0,3.144,0,0,0,17.406,65.188,0,0,0,10.083,4.179,0
0,0,3.8529,0,0,72.674,0,0,23.473,0,0,3.8529,0,0,0,0,72.674,23.473,0,0,0,0,3.8529,0,0,0,12.757,59.917,0,3.8529,0,15.767,3.8529,0
0,0,17.84,0,0,59.82,0,0,22.34,0,0,11.5,0,0,0,0,59.82,25.319,0,0,3.3609,0,14.479,0,3.3609,0,14.479,45.341,0,11.5,0,2.7,8.1394,0
0,0,4.8909,0,0,78.699,0,0,16.41,0,0,2.4328,0,0,0,0,72.154,22.981,0,0,2.4328,0,2.4581,0,2.4328,0,29.526,49.173,0,2.4328,0,3.0007,10.977,0
0,0,28.362,0,0,43.276,0,0,28.362,0,0,28.362,0,0,0,0,22.37,20.906,0,0,28.362,0,0,0,28.362,0,20.906,22.37,0,7.4566,20.906,0,0,0
0,0,7.6077,0,0,63.185,0,0,29.208,0,0,29.208,0,0,0,0,56.931,6.254,0,0,7.6077,0,0,0,7.6077,0,12.508,50.677,0,7.6077,21.6,0,0,0
9.661,0,0,0,32.63,25.398,0,0,13.212,3.5512,15.548,0,0,17.211,3.9989,19.288,7.5502,9.661,7.1025,3.9989,21.528,9.661,0,0,0,0,9.661,7.8683,7.8683,30.871,11.101,32.63,0,0
11.011,0,0,0,23.779,25.826,0,0,11.579,20.003,7.8021,0,8.4109,13.586,6.4042,7.8021,9.586,14.801,15.381,2.6137,10.404,11.011,0,0,0,0,14.801,11.025,0,31.001,20.002,23.172,0,0
9.2112,0,0,0,22.507,39.128,0,0,6.6477,6.6477,15.859,0,0,6.6477,0,15.859,21.606,0,22.507,9.2112,14.958,9.2112,0,0,0,0,0,9.2112,29.917,15.859,31.718,13.295,0,0
8.9163,0,0,0,30.312,28.446,0,0,4.6741,5.9635,21.688,0,2.9818,10.489,8.797,17.809,8.797,7.6559,7.2239,10.057,17.273,8.9163,0,0,0,0,7.6559,14.007,6.7833,28.203,17.281,26.07,0,0
0,0,0,0,0,82.336,17.664,0,0,0,0,0,0,0,0,17.664,82.336,0,0,0,0,0,0,0,0,0,17.664,82.336,0,0,0,0,0,0
0,0,0,0,0,58.245,41.755,0,0,0,0,0,0,0,0,41.755,11.166,0,47.079,0,0,0,0,0,0,0,41.755,58.245,0,0,0,0,0,0
0,0,0,0,0,56.871,43.129,0,0,0,0,0,0,0,0,43.129,27.485,0,29.386,0,0,0,0,0,0,0,43.129,56.871,0,0,0,0,0,0
0,0,0,0,14.905,85.095,0,0,0,0,0,0,0,0,0,29.809,55.286,0,0,0,14.905,0,0,0,0,0,0,42.548,42.548,0,0,14.905,0,0
0,0,0,0,0,100,0,0,0,0,0,0,0,0,0,0,70.988,0,0,0,29.012,0,0,0,0,0,0,41.976,58.024,0,0,0,0,0
0,0,0,0,0,100,0,0,0,0,0,0,0,0,0,0,100,0,0,0,0,0,0,0,0,0,0,50,50,0,0,0,0,0
0,0,0,0,0,100,0,0,0,0,0,0,0,0,0,0,100,0,0,0,0,0,0,0,0,0,0,42.449,57.551,0,0,0,0,0
0,0,0,0,0,100,0,0,0,0,0,0,0,0,0,0,100,0,0,0,0,0,0,0,0,0,11.384,88.616,0,0,0,0,0,0
0,0,0,0,0,100,0,0,0,0,0,0,0,0,0,0,100,0,0,0,0,0,0,0,0,0,0,100,0,0,0,0,0,0
0,0,0,0,0,100,0,0,0,0,0,0,0,0,0,0,100,0,0,0,0,0,0,0,0,0,0,100,0,0,0,0,0,0
41.856,0,0,0,0,58.144,0,0,0,0,0,41.856,0,0,0,0,58.144,0,0,0,0,0,41.856,0,0,0,0,58.144,0,0,0,0,0,0
0,0,0,0,0,93.785,0,0,6.2149,0,0,0,0,0,0,0,93.785,0,6.2149,0,0,0,0,0,0,0,12.687,81.098,0,0,0,6.2149,0,0
0,0,0,0,0,100,0,0,0,0,0,0,0,0,0,0,100,0,0,0,0,0,0,0,0,0,4.637,95.363,0,0,0,0,0,0
0,0,0,0,0,93.879,0,0,6.1207,0,0,0,0,0,0,0,93.879,6.1207,0,0,0,0,0,0,0,0,18.535,75.344,0,0,0,6.1207,0,0
0,0,0,0,0,100,0,0,0,0,0,0,0,0,0,0,100,0,0,0,0,0,0,0,0,0,4.4356,95.564,0,0,0,0,0,0
0,0,0,0,0,100,0,0,0,0,0,0,0,0,0,0,100,0,0,0,0,0,0,0,0,0,0,100,0,0,0,0,0,0
50,0,0,0,0,50,0,0,0,0,0,50,0,0,0,0,50,0,0,0,0,0,0,0,0,0,0,50,50,0,0,0,0,0
0,0,0,0,0,100,0,0,0,0,0,0,0,0,0,0,100,0,0,0,0,0,0,0,0,0,0,100,0,0,0,0,0,0
50,0,0,0,0,50,0,0,0,0,0,50,0,0,0,0,50,0,0,0,0,0,0,0,0,0,0,50,50,0,0,0,0,0
0,0,0,0,0,94.796,0,0,5.204,0,0,0,0,0,0,0,94.796,5.204,0,0,0,0,0,0,0,0,10.776,84.02,0,0,0,5.204,0,0
0,0,0,0,0,100,0,0,0,0,0,0,0,0,0,0,100,0,0,0,0,0,0,0,0,0,11.947,88.053,0,0,0,0,0,0
0,0,0,0,0,100,0,0,0,0,0,0,0,0,0,0,82.988,17.012,0,0,0,0,0,0,0,0,46.265,53.735,0,0,0,0,0,0
0,0,16.776,0,0,58.621,0,0,24.604,0,0,16.776,0,0,0,0,49.673,24.604,0,0,8.948,0,7.8277,0,8.948,0,16.776,41.845,0,7.8277,8.948,0,7.8277,0
0,9.5366,0,0,3.4291,30.078,0,0,26.799,22.391,7.7663,0,11.195,11.386,3.4291,13.684,17.561,25.632,3.4291,0,13.684,0,0,0,3.6194,5.9172,3.4291,24.351,2.2979,11.195,11.195,37.994,0,0
0,9.2284,0,0,1.7025,40.447,0,0,36.439,12.183,0,0,1.7025,4.9007,1.7025,12.533,60.375,3.9781,0,0,4.9007,9.9075,0,0,6.6032,2.6252,0,38.744,1.7025,11.61,2.2756,36.439,0,0
0,20,0,0,0,40,0,0,20,20,0,0,0,20,0,0,40,20,0,0,20,0,0,0,20,0,0,40,0,0,20,20,0,0
0,20,0,0,0,40,0,0,40,0,0,0,0,0,0,20,60,0,0,0,20,0,0,0,0,20,0,20,20,0,0,40,0,0
0,3.4667,3.4679,0,2.7571,51.535,0,9.5299,27.433,1.8102,0,0,1.4835,0,8.6587,10.519,46.792,6.7728,12.45,0,1.9832,11.34,4.2406,3.4679,1.4835,11.513,0,44.81,6.7246,4.5673,0,23.192,0,0
0,4.828,2.9096,0,13.663,43.118,0,5.6687,27.895,1.9184,0,0,4.828,0,7.9943,23.067,31.373,1.9184,17.157,6.0759,0,7.5871,8.5783,2.9096,4.828,5.6687,0,35.53,7.5871,9.5055,6.0759,19.316,0,0
0,9.0988,0,0,9.0988,42.403,0,0,30.3,9.0988,0,0,9.0988,0,9.0988,21.202,42.403,9.0988,0,0,0,9.0988,0,0,9.0988,0,0,33.304,9.0988,18.198,0,30.3,0,0
0,0,9.9996,0,0,52.368,0,0,27.104,5.2644,5.2644,0,0,0,17.104,19.999,37.633,0,25.264,0,0,0,0,9.9996,0,0,0,42.368,15.264,0,0,32.368,0,0
0,0,0,0,0,71.794,28.206,0,0,0,0,0,0,0,0,28.206,64.103,0,7.6911,0,0,0,0,0,0,0,28.206,71.794,0,0,0,0,0,0
0,0,0,0,0,100,0,0,0,0,0,0,0,0,0,0,100,0,0,0,0,0,0,0,0,0,0,50,50,0,0,0,0,0
0,0,0,0,0,100,0,0,0,0,0,0,0,0,0,0,100,0,0,0,0,0,0,0,0,0,0,100,0,0,0,0,0,0
0,0,0,0,0,100,0,0,0,0,0,0,0,0,0,0,100,0,0,0,0,0,0,0,0,0,0,72.404,27.596,0,0,0,0,0
0,0,0,0,0,100,0,0,0,0,0,0,0,0,0,0,100,0,0,0,0,0,0,0,0,0,0,100,0,0,0,0,0,0
0,0,0,0,0,100,0,0,0,0,0,0,0,0,0,0,100,0,0,0,0,0,0,0,0,0,0,100,0,0,0,0,0,0
0,0,0,0,0,100,0,0,0,0,0,0,0,0,0,0,100,0,0,0,0,0,0,0,0,0,0,100,0,0,0,0,0,0
0,0,0,0,0,100,0,0,0,0,0,0,0,0,0,0,100,0,0,0,0,0,0,0,0,0,0,100,0,0,0,0,0,0
0,0,0,0,0,100,0,0,0,0,0,0,0,0,0,0,100,0,0,0,0,0,0,0,0,0,0,100,0,0,0,0,0,0
0,0,0,0,17.456,35.382,0,0,23.603,6.1471,17.411,0,0,0,23.603,17.456,24.073,0,17.411,17.456,0,0,0,0,0,0,0,35.382,11.779,5.6321,17.456,29.75,0,0
0,0,0,0,10.792,50.247,0,0,4.2203,15.013,19.728,0,0,0,4.2203,0,69.975,0,15.013,10.792,0,0,0,0,0,0,0,50.247,4.2203,15.507,10.792,19.233,0,0
0,0,0,0,18.625,43.833,0,0,12.021,11.748,13.773,0,0,0,6.8762,12.021,42.311,0,20.167,18.625,0,0,0,0,0,0,0,43.833,4.2093,9.5636,18.625,23.77,0,0
0,0,0,0,0,51.053,0,0,5.5765,5.5765,37.794,0,0,0,5.5765,0,56.63,0,37.794,0,0,0,0,0,0,0,0,51.053,21.685,16.109,0,11.153,0,0
0,0,0,0,0,100,0,0,0,0,0,0,0,0,0,0,100,0,0,0,0,0,0,0,0,0,0,100,0,0,0,0,0,0
0,0,0,0,0,84.776,0,0,0,0,15.224,0,0,0,0,0,100,0,0,0,0,0,0,0,0,0,0,84.776,0,15.224,0,0,0,0
0,0,0,0,0,100,0,0,0,0,0,0,0,0,0,0,100,0,0,0,0,0,0,0,0,0,0,100,0,0,0,0,0,0
0,0,0,0,0,100,0,0,0,0,0,0,0,0,0,0,100,0,0,0,0,0,0,0,0,0,0,100,0,0,0,0,0,0
5.9998,0,0,0,31.609,15.582,0,0,2.43,12.013,32.366,0,4.7913,10.409,12.77,8.4298,15.2,4.7913,15.651,13.979,7.9789,5.9998,0,0,0,0,4.7913,10.791,0,29.179,29.63,25.609,0,0
5.1683,2.3322,0,0,21.64,16.454,0,0,9.1726,17.247,27.985,0,6.6215,22.358,6.5639,8.2936,12.9,7.5005,3.3442,6.5639,20.686,5.1683,0,0,2.3322,0,5.1683,11.286,0,31.758,18.862,30.594,0,0
0,0,0,0,10.213,80.546,0,0,0,0,9.2412,0,0,0,0,9.2412,80.546,0,0,0,0,10.213,0,0,0,0,0,80.546,9.2412,0,0,0,10.213,0
0,7.7569,0,0,0,51.247,0,0,16.047,19.796,5.154,0,5.154,9.6315,0,13.444,49.372,4.4775,0,0,12.911,5.0103,0,0,4.4775,3.2794,0,47.967,3.2794,10.164,9.6315,21.201,0,0
0,10.582,0,0,0,73.05,0,0,8.1838,8.1838,0,0,0,5.2912,0,13.475,67.759,0,0,0,5.2912,8.1838,0,0,5.2912,5.2912,0,73.05,0,8.1838,0,8.1838,0,0
0,0,0,0,0,100,0,0,0,0,0,0,0,0,0,0,100,0,0,0,0,0,0,0,0,0,0,100,0,0,0,0,0,0
0,0,0,0,0,100,0,0,0,0,0,0,0,0,0,0,100,0,0,0,0,0,0,0,0,0,0,100,0,0,0,0,0,0
0,3.2936,3.2936,0,0,79.898,0,5.1107,8.4043,0,0,0,3.2936,0,0,0,79.898,5.1107,6.5872,0,0,5.1107,3.2936,3.2936,3.2936,5.1107,0,79.898,0,0,0,5.1107,0,0
0,6.6837,6.6837,10.139,0,69.81,0,0,6.6837,0,0,10.139,6.6837,0,0,0,69.81,0,13.367,0,0,0,6.6837,6.6837,6.6837,0,0,69.81,0,0,0,0,10.139,0
0,0,0,7.4385,9.9249,75.198,0,0,0,0,7.4385,0,0,0,0,14.877,75.198,0,0,0,0,9.9249,0,0,0,0,0,75.198,7.4385,0,0,0,17.363,0
0,0,0,6.3684,0,64.4,19.536,0,0,0,9.6954,19.536,0,0,0,16.064,64.4,0,0,0,0,0,0,0,19.536,0,0,64.4,9.6954,0,0,0,6.3684,0
0,0,0,7.1433,0,92.857,0,0,0,0,0,0,0,0,0,7.1433,92.857,0,0,0,0,0,0,0,0,0,0,92.857,0,0,0,0,7.1433,0
0,0,0,5.8006,0,94.199,0,0,0,0,0,0,0,0,0,5.8006,94.199,0,0,0,0,0,0,0,0,0,0,94.199,0,0,0,0,5.8006,0
0,0,0,4.4846,0,91.031,0,0,0,0,4.4846,0,0,0,0,8.9693,91.031,0,0,0,0,0,0,0,0,0,0,91.031,4.4846,0,0,0,4.4846,0
0,0,0,4.4201,0,95.58,0,0,0,0,0,0,0,0,0,4.4201,95.58,0,0,0,0,0,0,0,0,0,0,95.58,0,0,0,0,4.4201,0
0,0,0,0,0,100,0,0,0,0,0,0,0,0,0,0,100,0,0,0,0,0,0,0,0,0,0,100,0,0,0,0,0,0
0,0,0,0,0,100,0,0,0,0,0,0,0,0,0,0,100,0,0,0,0,0,0,0,0,0,0,100,0,0,0,0,0,0
0,0,0,15.36,7.4167,62.349,7.4167,0,0,0,7.4582,22.776,0,0,0,7.4582,62.349,0,0,0,0,7.4167,0,0,7.4167,0,0,62.349,7.4582,0,0,0,22.776,0
0,0,0,33.333,19.944,13.389,19.944,0,0,0,13.389,39.888,0,0,0,26.778,13.389,0,0,0,0,19.944,0,0,19.944,0,0,13.389,13.389,0,0,0,53.277,0
0,0,0,8.5671,18.911,63.954,8.5671,0,0,0,0,17.134,0,0,0,0,63.954,0,0,0,0,18.911,0,0,8.5671,0,0,63.954,0,0,0,0,27.478,0
0,0,0,7.9301,8.9404,62.905,20.224,0,0,0,0,28.154,0,0,0,0,62.905,0,0,0,0,8.9404,0,0,20.224,0,0,62.905,0,0,0,0,16.871,0
0,0,0,11.628,0,88.372,0,0,0,0,0,0,0,0,0,11.628,88.372,0,0,0,0,0,0,0,0,0,0,88.372,0,0,0,0,11.628,0
0,0,0,0,0,100,0,0,0,0,0,0,0,0,0,0,100,0,0,0,0,0,0,0,0,0,0,100,0,0,0,0,0,0
0,0,0,0,0,100,0,0,0,0,0,0,0,0,0,0,100,0,0,0,0,0,0,0,0,0,0,100,0,0,0,0,0,0
0,0,0,0,0,100,0,0,0,0,0,0,0,0,0,0,100,0,0,0,0,0,0,0,0,0,0,100,0,0,0,0,0,0
0,0,0,0,0,100,0,0,0,0,0,0,0,0,0,0,100,0,0,0,0,0,0,0,0,0,0,100,0,0,0,0,0,0
0,0,0,0,0,100,0,0,0,0,0,0,0,0,0,0,100,0,0,0,0,0,0,0,0,0,0,100,0,0,0,0,0,0
0,0,0,0,0,100,0,0,0,0,0,0,0,0,0,0,100,0,0,0,0,0,0,0,0,0,0,100,0,0,0,0,0,0
0,0,0,0,0,100,0,0,0,0,0,0,0,0,0,0,100,0,0,0,0,0,0,0,0,0,0,100,0,0,0,0,0,0
0,0,0,0,0,100,0,0,0,0,0,0,0,0,0,0,100,0,0,0,0,0,0,0,0,0,0,100,0,0,0,0,0,0
0,0,0,0,0,100,0,0,0,0,0,0,0,0,0,0,100,0,0,0,0,0,0,0,0,0,0,100,0,0,0,0,0,0
0,0,0,0,0,100,0,0,0,0,0,0,0,0,0,0,100,0,0,0,0,0,0,0,0,0,0,100,0,0,0,0,0,0
0,0,0,0,0,100,0,0,0,0,0,0,0,0,0,0,100,0,0,0,0,0,0,0,0,0,0,100,0,0,0,0,0,0
0,13.039,0,0,12.784,38.476,0,0,6.2905,22.062,7.348,0,7.8857,12.114,10.335,3.3745,29.665,14.176,7.8857,2.4493,12.114,0,0,0,9.665,3.3745,7.8857,30.59,0,12.784,16.625,19.075,0,0
0,16.413,0,0,1.4345,56.378,0,3.1619,21.178,1.4345,0,0,1.4345,3.7022,1.4345,12.711,60.25,4.5963,0,0,11.276,4.5963,0,0,5.1367,14.438,0,47.37,9.0083,2.869,0,21.178,0,0
0,7.9624,2.5543,0,8.5831,49.4,0,3.175,19.732,8.5942,0,0,7.9624,0,5.4081,11.769,46.225,5.4081,11.459,0,0,11.769,5.7293,2.5543,7.9624,3.175,0,40.816,8.5831,17.177,0,14.002,0,0
0,1.5516,3.1476,0,6.4942,64.428,0,8.2882,14.539,1.5516,0,0,1.5516,0,1.5516,12.79,53.19,4.8971,16.181,0,0,9.8398,4.9427,3.1476,1.5516,8.2882,0,54.786,9.6419,8.0458,0,9.5963,0,0
0,0,28.601,0,0,36.916,18.266,0,16.217,0,0,0,13.18,0,0,18.266,18.649,12.988,26.168,0,10.748,0,7.7103,20.89,0,0,38.965,5.4695,10.748,0,0,16.217,0,1
0,7.7261,10.934,0,2.8466,50.81,0,4.1053,20.732,2.8466,0,0,7.7261,0,2.8466,14.955,38.702,6.9519,21.867,0,0,6.9519,4.8795,10.934,7.7261,4.1053,0,41.909,8.9007,5.6932,0,15.853,0,0
0,0,23.331,0,0,45.889,8.263,0,17.27,0,5.2473,5.2473,13.651,0,4.046,11.062,27.981,15.108,16.27,4.046,2.5885,0,8.263,15.068,5.2473,0,42.129,2.5885,9.4339,0,0,17.27,0,0
0,0,34.967,0,0,47.993,11.046,0,5.9951,0,0,0,14.803,0,0,15.438,28.162,13.835,23.588,2.5704,1.6027,0,16.716,18.251,0,0,32.721,14.017,12.301,0,0,5.9951,0,1
0,0,32.532,0,0,45.689,3.1105,0,18.669,0,0,0,19.378,0,0,3.1105,42.578,3.1105,15.556,6.9327,9.3346,0,10.043,22.488,0,0,9.3316,30.133,9.3346,0,0,18.669,0,1
0,0,17.081,0,0,48.76,7.3275,0,26.832,0,0,0,16.867,0,1.6044,12.509,29.465,11.252,13.756,3.0932,11.454,0,5.396,11.685,0,0,20.184,15.361,20.542,0,0,26.832,0,1
0,0,33.635,0,0,42.88,4.7055,0,18.78,0,0,0,6.1617,0,13.293,2.1305,51.467,4.7055,15.637,2.575,4.0312,0,12.05,21.585,0,0,14.117,22.093,11.376,0,0,18.78,0,1
0,0,19.404,0,0,47.626,17.548,0,9.3541,0,6.0679,6.0679,0,0,11.874,16.086,35.885,12.539,5.0092,7.5295,5.0092,0,7.5295,11.874,6.0679,0,37.616,16.481,11.077,0,0,9.3541,0,0
0,0,0,0,0,81.605,0,0,9.1976,0,9.1976,9.1976,0,0,0,10.052,71.553,0,9.1976,0,0,0,0,0,9.1976,0,18.395,37.503,25.707,0,0,9.1976,0,0
0,0,0,0,0,91.349,0,0,0,0,8.6514,8.6514,0,0,0,8.6514,82.697,0,0,0,0,0,0,0,8.6514,0,0,66.349,25,0,0,0,0,0
0,0,0,0,0,94.537,0,0,0,0,5.4629,5.4629,0,0,0,23.981,70.556,0,0,0,0,0,0,0,5.4629,0,0,47.103,47.434,0,0,0,0,0
0,0,20.224,0,0,42.822,9.7828,0,19.791,0,7.3793,7.3793,4.693,0,8.6264,9.7828,41.666,5.9974,15.589,2.4809,3.7853,0,4.693,15.531,7.3793,0,32.751,16.069,3.7853,0,0,19.791,0,1
0,0,33.906,0,0,50.76,7.7164,0,3.809,0,3.809,3.809,9.2365,0,7.7164,0,50.76,7.7164,3.809,16.953,0,0,16.953,16.953,3.809,0,30.767,27.709,0,0,0,3.809,0,1
0,0,3.803,0,20.093,39.784,0,0,7.9443,24.234,4.1413,0,0,0,4.1413,7.6059,36.32,0,31.84,20.093,0,0,0,3.803,0,0,0,35.981,7.9443,0,20.093,32.178,0,0
0,0,0,0,0,100,0,0,0,0,0,0,0,0,0,0,100,0,0,0,0,0,0,0,0,0,0,100,0,0,0,0,0,1
0,0,0,0,0,100,0,0,0,0,0,0,0,0,0,0,100,0,0,0,0,0,0,0,0,0,0,100,0,0,0,0,0,0
0,0,0,0,0,100,0,0,0,0,0,0,0,0,0,0,100,0,0,0,0,0,0,0,0,0,0,100,0,0,0,0,0,0
0,0,0,0,0,100,0,0,0,0,0,0,0,0,0,0,100,0,0,0,0,0,0,0,0,0,0,100,0,0,0,0,0,0
0,0,0,0,0,100,0,0,0,0,0,0,0,0,0,0,100,0,0,0,0,0,0,0,0,0,0,100,0,0,0,0,0,0
0,0,0,0,0,100,0,0,0,0,0,0,0,0,0,0,100,0,0,0,0,0,0,0,0,0,0,100,0,0,0,0,0,0
0,0,0,0,0,100,0,0,0,0,0,0,0,0,0,0,100,0,0,0,0,0,0,0,0,0,0,100,0,0,0,0,0,0
0,0,0,0,0,100,0,0,0,0,0,0,0,0,0,0,100,0,0,0,0,0,0,0,0,0,0,100,0,0,0,0,0,0
0,0,0,0,0,93.82,0,0,0,0,6.1797,6.1797,0,0,0,6.1797,87.641,0,0,0,0,0,0,0,6.1797,0,0,87.641,6.1797,0,0,0,0,0
0,0,0,0,0,100,0,0,0,0,0,0,0,0,0,0,100,0,0,0,0,0,0,0,0,0,0,100,0,0,0,0,0,0
0,0,0,0,0,100,0,0,0,0,0,0,0,0,0,0,100,0,0,0,0,0,0,0,0,0,0,93.416,6.5843,0,0,0,0,0
0,0,0,0,0,100,0,0,0,0,0,0,0,0,0,0,100,0,0,0,0,0,0,0,0,0,0,100,0,0,0,0,0,0
0,0,0,0,0,100,0,0,0,0,0,0,0,0,0,0,100,0,0,0,0,0,0,0,0,0,0,100,0,0,0,0,0,0
0,0,0,0,0,100,0,0,0,0,0,0,0,0,0,0,100,0,0,0,0,0,0,0,0,0,0,100,0,0,0,0,0,0
0,0,0,0,0,100,0,0,0,0,0,0,0,0,0,0,100,0,0,0,0,0,0,0,0,0,0,100,0,0,0,0,0,0
0,0,0,0,0,100,0,0,0,0,0,0,0,0,0,0,100,0,0,0,0,0,0,0,0,0,0,100,0,0,0,0,0,0
0,0,0,0,0,100,0,0,0,0,0,0,0,0,0,0,100,0,0,0,0,0,0,0,0,0,0,100,0,0,0,0,0,0
0,0,0,0,0,100,0,0,0,0,0,0,0,0,0,0,100,0,0,0,0,0,0,0,0,0,0,100,0,0,0,0,0,0
0,0,0,0,0,100,0,0,0,0,0,0,0,0,0,0,100,0,0,0,0,0,0,0,0,0,0,100,0,0,0,0,0,0
0,0,0,0,0,100,0,0,0,0,0,0,0,0,0,0,100,0,0,0,0,0,0,0,0,0,0,100,0,0,0,0,0,0
0,0,0,0,0,100,0,0,0,0,0,0,0,0,0,0,100,0,0,0,0,0,0,0,0,0,0,100,0,0,0,0,0,0
0,0,0,0,0,100,0,0,0,0,0,0,0,0,0,0,100,0,0,0,0,0,0,0,0,0,0,100,0,0,0,0,0,0
0,0,0,0,0,100,0,0,0,0,0,0,0,0,0,0,100,0,0,0,0,0,0,0,0,0,0,100,0,0,0,0,0,0
0,0,0,0,0,100,0,0,0,0,0,0,0,0,0,0,100,0,0,0,0,0,0,0,0,0,0,100,0,0,0,0,0,0
0,0,0,0,0,100,0,0,0,0,0,0,0,0,0,0,100,0,0,0,0,0,0,0,0,0,0,100,0,0,0,0,0,0
0,0,0,0,0,100,0,0,0,0,0,0,0,0,0,0,100,0,0,0,0,0,0,0,0,0,0,100,0,0,0,0,0,0
0,0,0,0,0,100,0,0,0,0,0,0,0,0,0,0,100,0,0,0,0,0,0,0,0,0,0,100,0,0,0,0,0,0
0,0,0,0,0,100,0,0,0,0,0,0,0,0,0,0,100,0,0,0,0,0,0,0,0,0,0,100,0,0,0,0,0,0
0,0,0,0,0,100,0,0,0,0,0,0,0,0,0,0,100,0,0,0,0,0,0,0,0,0,0,100,0,0,0,0,0,0
0,0,0,0,0,100,0,0,0,0,0,0,0,0,0,0,100,0,0,0,0,0,0,0,0,0,0,100,0,0,0,0,0,0
0,0,0,0,0,100,0,0,0,0,0,0,0,0,0,0,100,0,0,0,0,0,0,0,0,0,0,100,0,0,0,0,0,0
0,0,0,0,0,100,0,0,0,0,0,0,0,0,0,0,100,0,0,0,0,0,0,0,0,0,0,100,0,0,0,0,0,0
0,0,0,0,0,100,0,0,0,0,0,0,0,0,0,0,100,0,0,0,0,0,0,0,0,0,0,100,0,0,0,0,0,0
0,0,0,0,0,100,0,0,0,0,0,0,0,0,0,0,100,0,0,0,0,0,0,0,0,0,0,100,0,0,0,0,0,0
0,0,0,0,0,100,0,0,0,0,0,0,0,0,0,0,100,0,0,0,0,0,0,0,0,0,0,100,0,0,0,0,0,0
0,0,0,0,0,100,0,0,0,0,0,0,0,0,0,0,100,0,0,0,0,0,0,0,0,0,0,100,0,0,0,0,0,0
0,0,0,0,0,100,0,0,0,0,0,0,0,0,0,0,100,0,0,0,0,0,0,0,0,0,0,100,0,0,0,0,0,0
0,0,0,0,0,100,0,0,0,0,0,0,0,0,0,0,100,0,0,0,0,0,0,0,0,0,0,100,0,0,0,0,0,0
0,0,0,0,0,100,0,0,0,0,0,0,0,0,0,0,100,0,0,0,0,0,0,0,0,0,0,100,0,0,0,0,0,0
0,0,0,0,0,100,0,0,0,0,0,0,0,0,0,0,100,0,0,0,0,0,0,0,0,0,0,100,0,0,0,0,0,0
0,0,0,0,0,100,0,0,0,0,0,0,0,0,0,0,100,0,0,0,0,0,0,0,0,0,0,100,0,0,0,0,0,0
0,0,0,0,0,100,0,0,0,0,0,0,0,0,0,0,100,0,0,0,0,0,0,0,0,0,0,100,0,0,0,0,0,0
0,0,0,0,0,100,0,0,0,0,0,0,0,0,0,0,100,0,0,0,0,0,0,0,0,0,0,100,0,0,0,0,0,0
0,0,0,0,0,100,0,0,0,0,0,0,0,0,0,0,100,0,0,0,0,0,0,0,0,0,0,100,0,0,0,0,0,0
0,0,0,0,0,100,0,0,0,0,0,0,0,0,0,0,100,0,0,0,0,0,0,0,0,0,0,100,0,0,0,0,0,0
0,0,0,0,0,100,0,0,0,0,0,0,0,0,0,0,100,0,0,0,0,0,0,0,0,0,0,100,0,0,0,0,0,0
0,0,0,0,0,100,0,0,0,0,0,0,0,0,0,0,100,0,0,0,0,0,0,0,0,0,0,100,0,0,0,0,0,0
0,0,0,0,0,100,0,0,0,0,0,0,0,0,0,0,100,0,0,0,0,0,0,0,0,0,0,100,0,0,0,0,0,0
0,0,0,0,0,100,0,0,0,0,0,0,0,0,0,0,100,0,0,0,0,0,0,0,0,0,0,100,0,0,0,0,0,0
0,0,0,0,0,100,0,0,0,0,0,0,0,0,0,0,100,0,0,0,0,0,0,0,0,0,0,100,0,0,0,0,0,0
0,0,0,0,0,100,0,0,0,0,0,0,0,0,0,0,100,0,0,0,0,0,0,0,0,0,0,100,0,0,0,0,0,0
0,0,0,0,0,100,0,0,0,0,0,0,0,0,0,0,100,0,0,0,0,0,0,0,0,0,0,100,0,0,0,0,0,0
0,0,0,0,0,100,0,0,0,0,0,0,0,0,0,0,100,0,0,0,0,0,0,0,0,0,0,100,0,0,0,0,0,0
0,0,0,0,0,100,0,0,0,0,0,0,0,0,0,0,100,0,0,0,0,0,0,0,0,0,0,100,0,0,0,0,0,0
0,0,0,0,0,100,0,0,0,0,0,0,0,0,0,0,100,0,0,0,0,0,0,0,0,0,0,100,0,0,0,0,0,0
0,0,0,0,0,100,0,0,0,0,0,0,0,0,0,0,100,0,0,0,0,0,0,0,0,0,0,100,0,0,0,0,0,0
0,0,0,0,0,100,0,0,0,0,0,0,0,0,0,0,100,0,0,0,0,0,0,0,0,0,0,100,0,0,0,0,0,0
0,0,0,0,0,100,0,0,0,0,0,0,0,0,0,0,100,0,0,0,0,0,0,0,0,0,0,100,0,0,0,0,0,0
0,0,0,0,0,100,0,0,0,0,0,0,0,0,0,0,100,0,0,0,0,0,0,0,0,0,0,100,0,0,0,0,0,0
0,0,0,0,0,100,0,0,0,0,0,0,0,0,0,0,100,0,0,0,0,0,0,0,0,0,0,100,0,0,0,0,0,0
0,0,0,0,0,100,0,0,0,0,0,0,0,0,0,0,100,0,0,0,0,0,0,0,0,0,0,100,0,0,0,0,0,0
0,0,0,0,0,100,0,0,0,0,0,0,0,0,0,0,100,0,0,0,0,0,0,0,0,0,0,100,0,0,0,0,0,0
0,0,0,0,0,100,0,0,0,0,0,0,0,0,0,0,100,0,0,0,0,0,0,0,0,0,0,100,0,0,0,0,0,0
0,0,0,0,0,100,0,0,0,0,0,0,0,0,0,0,100,0,0,0,0,0,0,0,0,0,0,100,0,0,0,0,0,0
0,0,0,0,0,100,0,0,0,0,0,0,0,0,0,0,100,0,0,0,0,0,0,0,0,0,0,100,0,0,0,0,0,0
0,0,0,0,0,100,0,0,0,0,0,0,0,0,0,0,100,0,0,0,0,0,0,0,0,0,0,100,0,0,0,0,0,0
0,0,0,0,0,100,0,0,0,0,0,0,0,0,0,0,100,0,0,0,0,0,0,0,0,0,0,100,0,0,0,0,0,0
0,0,0,0,0,100,0,0,0,0,0,0,0,0,0,0,100,0,0,0,0,0,0,0,0,0,0,100,0,0,0,0,0,0
0,0,0,0,0,100,0,0,0,0,0,0,0,0,0,0,100,0,0,0,0,0,0,0,0,0,0,100,0,0,0,0,0,0
0,0,0,0,0,100,0,0,0,0,0,0,0,0,0,0,100,0,0,0,0,0,0,0,0,0,0,100,0,0,0,0,0,0
0,0,0,0,0,100,0,0,0,0,0,0,0,0,0,0,100,0,0,0,0,0,0,0,0,0,0,100,0,0,0,0,0,0
0,0,0,0,0,100,0,0,0,0,0,0,0,0,0,0,100,0,0,0,0,0,0,0,0,0,0,100,0,0,0,0,0,0
0,0,0,0,0,100,0,0,0,0,0,0,0,0,0,0,100,0,0,0,0,0,0,0,0,0,0,100,0,0,0,0,0,0
0,0,0,0,0,100,0,0,0,0,0,0,0,0,0,0,100,0,0,0,0,0,0,0,0,0,0,100,0,0,0,0,0,0
0,0,0,0,0,100,0,0,0,0,0,0,0,0,0,0,100,0,0,0,0,0,0,0,0,0,0,100,0,0,0,0,0,0
0,0,0,0,0,100,0,0,0,0,0,0,0,0,0,0,100,0,0,0,0,0,0,0,0,0,0,100,0,0,0,0,0,0
0,0,0,0,0,100,0,0,0,0,0,0,0,0,0,0,100,0,0,0,0,0,0,0,0,0,0,100,0,0,0,0,0,0
0,0,0,0,0,100,0,0,0,0,0,0,0,0,0,0,100,0,0,0,0,0,0,0,0,0,0,100,0,0,0,0,0,0
0,0,0,0,0,100,0,0,0,0,0,0,0,0,0,0,100,0,0,0,0,0,0,0,0,0,0,50,50,0,0,0,0,0
0,0,0,0,0,100,0,0,0,0,0,0,0,0,0,0,100,0,0,0,0,0,0,0,0,0,0,42.3,57.7,0,0,0,0,0
0,0,0,0,82.889,17.111,0,0,0,0,0,0,0,17.111,48.668,0,17.111,0,0,17.111,0,0,0,0,0,0,0,17.111,0,34.221,48.668,0,0,0
0,0,0,0,100,0,0,0,0,0,0,0,0,0,50,0,0,0,0,50,0,0,0,0,0,0,0,0,0,50,50,0,0,0
0,0,0,0,57.861,42.139,0,0,0,0,0,0,0,15.723,13.208,0,42.139,5.6573,7.5506,15.723,0,0,0,0,0,0,0,42.139,0,44.653,13.208,0,0,0
0,0,11.539,0,37.444,40.735,0,10.282,0,0,0,11.539,0,6.9909,11.102,0,41.992,10.282,12.952,5.1409,0,0,0,0,21.821,0,0,35.594,5.1409,12.952,24.492,0,0,0
0,0,0,0,71.911,28.089,0,0,0,0,0,0,0,15.526,20.43,0,28.089,0,21.808,14.148,0,0,0,0,0,0,0,28.089,0,35.955,35.955,0,0,0
0,0,0,0,0,100,0,0,0,0,0,0,0,0,0,8.4426,91.557,0,0,0,0,0,0,0,0,0,8.4426,91.557,0,0,0,0,0,0
0,0,13.212,0,50.274,36.514,0,0,0,0,0,13.212,0,13.76,4.7714,0,49.726,4.7714,7.4679,6.2919,0,0,0,0,13.212,0,0,36.514,0,24.823,25.451,0,0,0
0,0,0,0,0,100,0,0,0,0,0,0,0,0,0,0,100,0,0,0,0,0,0,0,0,0,50,50,0,0,0,0,0,0
0,0,0,0,32.576,67.424,0,0,0,0,0,0,11.625,0,0,18.6,30.279,9.2726,0,11.625,18.6,0,0,0,0,0,0,30.279,37.145,11.625,20.952,0,0,0
0,0,0,0,28.767,71.233,0,0,0,0,0,0,7.0706,0,0,14.626,42.775,6.7615,0,0,28.767,0,0,0,0,0,0,42.775,28.458,0,28.767,0,0,0
0,0,0,0,14.27,75.549,4.033,0,0,6.1484,0,0,7.1349,0,6.1484,14.673,28.429,14.673,0,0,28.943,0,0,0,4.033,0,0,24.396,51.153,6.1484,14.27,0,0,0
0,0,8.9072,0,16.306,46.68,0,28.106,0,0,0,8.9072,0,6.6392,11.113,0,40.041,13.741,0,6.6392,0,12.919,0,12.919,24.094,0,0,33.761,12.919,11.473,4.8334,0,0,0
0,0,0,0,47.062,33.333,0,19.605,0,0,0,0,13.728,19.605,0,0,13.728,0,0,33.333,0,19.605,0,19.605,0,0,0,13.728,19.605,33.333,13.728,0,0,0
0,0,0,0,40.057,29.971,0,29.971,0,0,0,0,0,20.029,14.986,0,15.594,14.378,0,27.217,0,7.7968,0,7.7968,22.175,0,0,14.986,14.986,40.057,0,0,0,0
0,0,5.2047,0,39.591,50,0,5.2047,0,0,0,5.2047,0,0,19.795,0,50,13.349,11.651,0,0,0,0,0,10.409,0,0,50,0,19.795,19.795,0,0,0
0,0,0,0,0,100,0,0,0,0,0,0,0,0,0,0,100,0,0,0,0,0,0,0,0,0,8.7115,82.577,8.7115,0,0,0,0,0
0,0,0,0,0,75,0,0,25,0,0,0,0,0,0,25,75,0,0,0,0,0,0,25,0,0,0,75,0,0,0,0,0,0
0,0,23.266,0,0,76.734,0,0,0,0,0,0,23.266,0,0,0,76.734,0,0,0,0,0,0,23.266,0,0,7.5507,54.082,15.101,0,0,0,0,0
0,0,0,0,57.128,33.106,0,0,0,9.7656,0,0,13.575,14.989,9.7656,0,19.531,0,0,14.989,27.15,0,0,0,0,0,0,19.531,13.575,39.744,27.15,0,0,0
0,0,0,0,0,75,0,0,25,0,0,0,0,0,0,25,75,0,0,0,0,0,0,25,0,0,0,75,0,0,0,0,0,0
0,6.7469,0,0,32.496,47.263,0,0,0,13.494,0,0,8.6958,0,6.7469,8.3577,25.411,13.494,6.7469,15.443,8.3577,6.7469,0,0,6.7469,0,0,32.158,15.105,28.937,17.054,0,0,0
0,2.196,0,25.49,6.8159,13.632,0,17.365,25.49,9.0118,0,17.365,0,12.745,2.196,9.2399,25.49,21.757,2.196,2.196,4.6199,2.196,12.745,0,2.196,0,0,6.8159,2.196,11.208,0,42.855,21.985,0
0,0,26.732,7.8873,0,59.239,0,0,6.1408,0,0,4.8169,7.8873,3.0704,3.0704,3.0704,62.31,0,0,0,3.0704,12.704,4.8169,23.662,0,3.0704,0,56.169,0,0,3.0704,3.0704,6.1408,0
0,0,25.126,7.2461,0,60.854,0,0,6.7747,0,0,3.8588,7.2461,3.3873,3.3873,3.3873,64.241,0,0,0,3.3873,11.105,3.8588,21.738,0,3.3873,24.874,32.592,0,0,3.3873,3.3873,6.7747,0
0,0,31.844,3.2201,0,41.456,0,1.1127,21.254,1.1127,0,2.2253,10.122,3.2201,2.1074,6.933,39.264,12.182,4.331,0,7.5511,12.064,1.1127,22.562,4.331,2.1074,5.4437,27.318,6.5876,0,2.1074,16.546,11.884,0
0,0,30.763,9.2558,0,28.794,0,4.3477,24.029,2.8106,0,13.002,4.9082,5.2037,2.8205,5.6311,27.358,11.162,2.6467,0,5.2037,22.063,6.4353,20.102,6.8793,1.2834,5.0299,21.115,1.3652,1.1097,3.9302,16.458,16.292,1
0,0,0,0,0,100,0,0,0,0,0,0,0,0,0,15.406,84.594,0,0,0,0,0,0,0,0,0,0,80.823,19.177,0,0,0,0,0
0,0,0,0,0,100,0,0,0,0,0,0,0,0,0,18.6,81.4,0,0,0,0,0,0,0,0,0,18.6,81.4,0,0,0,0,0,0
0,0,0,0,0,100,0,0,0,0,0,0,0,0,0,10.967,89.033,0,0,0,0,0,0,0,0,0,10.967,89.033,0,0,0,0,0,0
0,0,0,0,0,100,0,0,0,0,0,0,0,0,0,14.892,85.108,0,0,0,0,0,0,0,0,0,14.892,70.217,14.892,0,0,0,0,0
0,0,0,0,0,100,0,0,0,0,0,0,0,0,0,14.397,85.603,0,0,0,0,0,0,0,0,14.397,0,85.603,0,0,0,0,0,0
0,0,0,0,0,100,0,0,0,0,0,0,0,0,0,0,100,0,0,0,0,0,0,0,0,0,0,100,0,0,0,0,0,0
0,0,0,0,0,100,0,0,0,0,0,0,0,0,0,12.949,87.051,0,0,0,0,0,0,0,0,12.949,0,87.051,0,0,0,0,0,0
0,0,0,0,0,100,0,0,0,0,0,0,0,0,0,0,100,0,0,0,0,0,0,0,0,0,0,100,0,0,0,0,0,0
0,0,0,0,0,100,0,0,0,0,0,0,0,0,0,15.984,84.016,0,0,0,0,0,0,0,0,0,14.651,69.267,16.082,0,0,0,0,0
0,0,0,0,0,100,0,0,0,0,0,0,0,0,0,14.997,85.003,0,0,0,0,0,0,0,0,3.5685,11.428,70.718,14.285,0,0,0,0,0
0,0,0,0,0,100,0,0,0,0,0,0,0,0,0,5.2896,94.71,0,0,0,0,0,0,0,0,0,16.056,60.983,22.961,0,0,0,0,0
0,0,0,0,0,100,0,0,0,0,0,0,0,0,0,0,100,0,0,0,0,0,0,0,0,0,4.0861,82.102,13.812,0,0,0,0,0
0,0,0,0,0,100,0,0,0,0,0,0,0,0,0,0,100,0,0,0,0,0,0,0,0,0,0,100,0,0,0,0,0,0
0,0,0,0,0,100,0,0,0,0,0,0,0,0,0,0,100,0,0,0,0,0,0,0,0,0,0,100,0,0,0,0,0,0
0,0,0,0,0,100,0,0,0,0,0,0,0,0,0,0,100,0,0,0,0,0,0,0,0,0,0,100,0,0,0,0,0,0
0,0,0,0,0,100,0,0,0,0,0,0,0,0,0,0,100,0,0,0,0,0,0,0,0,0,0,100,0,0,0,0,0,0
0,0,0,0,0,100,0,0,0,0,0,0,0,0,0,0,100,0,0,0,0,0,0,0,0,0,0,100,0,0,0,0,0,0
0,0,0,0,0,100,0,0,0,0,0,0,0,0,0,0,100,0,0,0,0,0,0,0,0,0,0,100,0,0,0,0,0,0
0,0,0,0,0,100,0,0,0,0,0,0,0,0,0,0,100,0,0,0,0,0,0,0,0,0,0,100,0,0,0,0,0,0
0,0,0,0,0,100,0,0,0,0,0,0,0,0,0,0,100,0,0,0,0,0,0,0,0,0,0,100,0,0,0,0,0,0
0,0,0,0,0,100,0,0,0,0,0,0,0,0,0,0,100,0,0,0,0,0,0,0,0,0,0,100,0,0,0,0,0,0
0,0,0,0,0,100,0,0,0,0,0,0,0,0,0,0,100,0,0,0,0,0,0,0,0,0,0,100,0,0,0,0,0,0
0,0,0,0,0,100,0,0,0,0,0,0,0,0,0,0,100,0,0,0,0,0,0,0,0,0,11.17,70.502,18.328,0,0,0,0,0
0,0,0,0,0,100,0,0,0,0,0,0,0,0,0,0,100,0,0,0,0,0,0,0,0,0,8.271,71.987,19.742,0,0,0,0,0
0,0,0,0,0,100,0,0,0,0,0,0,0,0,0,0,100,0,0,0,0,0,0,0,0,0,7.2882,56.313,36.399,0,0,0,0,0
0,0,0,0,0,100,0,0,0,0,0,0,0,0,0,0,100,0,0,0,0,0,0,0,0,0,8.2387,62.128,29.633,0,0,0,0,0
0,0,0,0,0,100,0,0,0,0,0,0,0,0,0,0,100,0,0,0,0,0,0,0,0,0,0,100,0,0,0,0,0,0
0,0,0,0,0,100,0,0,0,0,0,0,0,0,0,0,100,0,0,0,0,0,0,0,0,0,0,100,0,0,0,0,0,0
0,0,0,0,0,100,0,0,0,0,0,0,0,0,0,0,100,0,0,0,0,0,0,0,0,0,17.283,37.862,44.855,0,0,0,0,0
0,0,0,0,0,100,0,0,0,0,0,0,0,0,0,7.6532,92.347,0,0,0,0,0,0,0,0,0,16.635,64.877,18.488,0,0,0,0,0
0,0,26.004,0,0,65.327,0,0,8.6682,0,0,0,8.6682,0,0,0,56.659,8.6682,8.6682,0,8.6682,8.6682,0,8.6682,8.6682,0,8.6682,47.991,8.6682,0,0,8.6682,8.6682,1
0,0,0,0,0,100,0,0,0,0,0,0,0,0,0,18.699,81.301,0,0,0,0,0,0,0,0,0,13.809,73.187,13.004,0,0,0,0,0
0,0,0,0,0,100,0,0,0,0,0,0,0,0,0,0,100,0,0,0,0,0,0,0,0,0,0,100,0,0,0,0,0,0
0,0,0,0,0,100,0,0,0,0,0,0,0,0,0,0,100,0,0,0,0,0,0,0,0,0,0,100,0,0,0,0,0,0
0,0,0,0,0,85.734,0,0,7.1332,0,7.1332,0,0,0,0,7.1332,85.734,0,0,7.1332,0,0,0,0,0,0,0,85.734,0,0,7.1332,7.1332,0,0
0,0,0,0,0,100,0,0,0,0,0,0,0,0,0,0,100,0,0,0,0,0,0,0,0,0,0,100,0,0,0,0,0,0
0,0,0,0,0,100,0,0,0,0,0,0,0,0,0,0,100,0,0,0,0,0,0,0,0,0,0,100,0,0,0,0,0,0
0,0,0,0,0,100,0,0,0,0,0,0,0,0,0,0,100,0,0,0,0,0,0,0,0,0,0,100,0,0,0,0,0,0
0,0,0,0,0,100,0,0,0,0,0,0,0,0,0,0,100,0,0,0,0,0,0,0,0,0,0,100,0,0,0,0,0,0
0,0,0,0,0,100,0,0,0,0,0,0,0,0,0,0,100,0,0,0,0,0,0,0,0,0,0,100,0,0,0,0,0,0
0,0,0,0,0,100,0,0,0,0,0,0,0,0,0,0,100,0,0,0,0,0,0,0,0,0,0,88.681,11.319,0,0,0,0,0
0,0,0,0,16.313,53.034,0,0,6.1528,0,24.501,0,16.313,0,0,10.334,52.86,0,0,6.1528,14.341,0,0,0,0,0,0,57.866,9.5089,0,26.472,6.1528,0,0
0,0,0,0,0,73.241,0,0,5.6622,0,21.096,0,0,0,0,21.096,57.807,0,0,5.6622,15.434,0,0,0,0,0,0,73.241,15.434,0,5.6622,5.6622,0,0
0,0,4.9776,5.6841,7.8196,46.09,0,35.429,0,0,0,4.9776,2.842,0,17.714,0,38.278,12.79,0,9.2371,2.842,11.319,0,11.319,29.087,0,0,25.534,20.556,0,7.8196,5.6841,0,1
0,0,1.517,8.8642,56.662,12.464,15.694,4.7991,0,0,0,4.9492,3.4322,0,20.767,0,12.464,35.62,0,15.694,5.432,1.6411,6.1482,1.6411,20.369,0,0,10.823,1.6411,19.126,34.104,6.1482,0,1
0,0,12.017,6.5282,8.7525,45.624,0,27.079,0,0,0,12.017,3.2641,5.4884,4.7867,0,30.562,21.59,0,13.539,3.2641,5.4884,0,5.4884,33.607,0,0,32.085,13.539,5.4884,3.2641,6.5282,0,1
0,0,0,39.725,25.383,32.618,2.2743,0,0,0,0,5.1963,15.354,0,2.9221,0,32.618,7.1065,0,12.432,24.371,0,12.303,0,2.2743,0,0,20.186,12.432,2.9221,17.264,32.618,0,1
0,0,0,30.924,38.143,19.276,11.658,0,0,0,0,4.9169,6.2721,0,6.7408,0,19.276,25.13,0,13.013,24.652,0,16.565,0,11.658,0,0,13.003,6.2721,6.7408,26.485,19.276,0,1
0,0,0,19.423,51.119,14.996,14.462,0,0,0,0,10.487,10.528,0,16.095,0,14.996,24.497,0,14.503,8.8952,0,14.914,0,14.462,0,0,10.528,4.468,16.095,24.538,14.996,0,1
0,0,0,24.456,50.544,16.303,8.6968,0,0,0,0,8.1507,8.1507,0,16.847,0,16.303,25.546,0,8.6968,16.305,0,16.303,0,8.6968,0,0,16.303,0,16.847,25.546,16.303,0,1
6.6061,2.4898,0,5.8973,12.905,29.606,15.911,5.3809,2.9727,15.742,2.4898,17.884,0,2.4898,4.4154,17.851,14.293,17.021,4.9796,5.4625,8.7884,6.8149,2.9727,0,25.007,2.4898,0,14.212,3.4075,21.002,5.8973,8.3536,16.659,1
0,0,9.1075,5.7914,2.8721,22.129,0,4.3577,24.406,31.337,0,5.8433,0,1.4856,0,19.976,33.018,16.285,0,14.232,2.8721,6.2873,14.232,9.1075,0,0,5.7914,11.064,2.4008,18.59,0,33.069,5.7442,1
0,0,32.908,12.541,0,25.775,0,9.6742,16.978,2.1238,0,11.394,5.7951,1.0336,8.6407,10.579,32.413,7.1088,9.9335,0,2.3264,10.775,2.8102,22.7,1.2928,1.0902,2.3264,19.708,2.6505,0,9.7309,17.107,20.585,1
0,0,36.846,14.092,0,19.701,0,4.886,19.589,4.886,0,5.5929,6.8801,8.5058,9.2059,7.0989,24.957,5.3392,6.0742,0,9.6766,16.67,1.3895,23.202,1.1708,9.2059,5.3742,3.9497,1.1708,1.407,14.109,15.952,23.068,1
0,0,29.59,23.691,0,24.546,0,5.9796,15.231,0.96175,0,10.89,1.1831,4.1193,15.754,7.1627,28.823,2.8852,13.968,0,11.095,4.1193,0.96175,10.542,0,1.1831,4.9108,18.452,0,1.9745,24.704,18.036,19.236,1
0,0,21.407,18.706,0,29.35,0,8.4605,21.014,1.0631,0,15.851,4.6376,9.8188,1.3583,2.4215,33.153,15.559,1.3759,0,3.7974,12.028,5.9399,15.171,1.3759,1.3583,10.873,15.743,1.3759,4.4239,1.3583,32.126,10.255,1
0,0,31.593,6.3287,0,30.248,0,3.7477,27.282,0.80042,0,11.398,4.3375,7.4474,3.3934,2.593,32.044,6.5443,10.309,0,8.7823,13.151,0.84716,17.57,2.5569,1.7339,10.161,14.837,3.5166,4.4459,9.42,17.984,16.928,1
0,0,19.898,11.619,0,38.574,0,2.6084,26.161,1.1392,0,5.7561,0,7.2795,0,1.1392,42.767,30.701,1.0043,0,2.1434,9.2088,2.6084,15.611,0,0,10.689,24.353,3.5327,1.0043,4.6711,26.969,10.562,1
0,0,21.024,10.322,0,33.722,0,6.9703,23.568,4.3938,0,9.3954,0.92379,7.5308,3.0415,4.4277,30.06,13.196,11.858,0,11.707,7.8601,2.89,10.01,0.92379,1.5038,4.8526,26.442,0.92379,1.0388,9.9956,23.645,17.775,1
0,0,0,0,0,100,0,0,0,0,0,0,0,0,0,22.359,77.641,0,0,0,0,0,0,0,0,5.2394,17.12,71.104,6.5369,0,0,0,0,0
0,0,0,0,0,100,0,0,0,0,0,0,0,0,0,0,89.048,10.952,0,0,0,0,0,0,0,0,0,72.262,27.738,0,0,0,0,0
0,0,0,0,0,100,0,0,0,0,0,0,0,0,0,0,100,0,0,0,0,0,0,0,0,0,0,71.123,28.877,0,0,0,0,0
0,0,0,0,0,100,0,0,0,0,0,0,0,0,0,16.218,83.782,0,0,0,0,0,0,0,0,10.456,5.7613,74.795,8.9872,0,0,0,0,0
0,0,0,0,0,85.745,0,14.254,0,0,0,0,0,0,0,0,71.491,14.254,0,0,14.254,0,0,0,14.254,0,0,62.18,23.565,0,0,0,0,0
0,0,0,0,0,100,0,0,0,0,0,0,0,0,0,0,87.071,12.929,0,0,0,0,0,0,0,0,0,82.09,17.91,0,0,0,0,0
0,0,0,0,0,100,0,0,0,0,0,0,0,0,0,11.496,88.504,0,0,0,0,0,0,0,0,11.496,0,83.114,5.3902,0,0,0,0,0
0,0,0,0,0,56.218,32.437,11.345,0,0,0,0,0,0,0,20.001,57.31,11.345,0,0,11.345,0,0,0,11.345,12.436,20.001,56.218,0,0,0,0,0,0
0,0,0,0,0,69.924,15.038,15.038,0,0,0,0,0,0,0,15.038,51.628,18.295,0,0,15.038,0,0,0,15.038,0,15.038,51.628,18.295,0,0,0,0,0
0,0,0,0,0,100,0,0,0,0,0,0,0,0,0,0,100,0,0,0,0,0,0,0,0,0,0,78.12,21.88,0,0,0,0,0
0,0,0,0,0,54.212,31.164,14.624,0,0,0,0,0,0,0,14.624,70.753,0,0,0,14.624,0,0,0,14.624,16.541,14.624,54.212,0,0,0,0,0,0
0,0,0,0,0,51.831,29.634,18.536,0,0,0,0,0,0,0,18.536,62.929,0,0,0,18.536,0,0,0,18.536,11.098,18.536,51.831,0,0,0,0,0,0
0,0,0,0,0,100,0,0,0,0,0,0,0,0,0,0,100,0,0,0,0,0,0,0,0,0,0,100,0,0,0,0,0,0
0,0,0,0,0,70.445,29.555,0,0,0,0,0,0,0,0,16.28,83.72,0,0,0,0,0,0,0,0,13.275,16.28,70.445,0,0,0,0,0,0
0,0,0,0,0,90.091,9.9089,0,0,0,0,0,0,0,0,0,100,0,0,0,0,0,0,0,0,9.9089,0,90.091,0,0,0,0,0,0
0,0,0,0,0,100,0,0,0,0,0,0,0,0,0,0,100,0,0,0,0,0,0,0,0,0,0,93.163,6.8367,0,0,0,0,0
0,0,0,0,0,100,0,0,0,0,0,0,0,0,0,0,100,0,0,0,0,0,0,0,0,0,0,100,0,0,0,0,0,0
0,0,0,0,0,100,0,0,0,0,0,0,0,0,0,0,100,0,0,0,0,0,0,0,0,0,0,95.2,4.8,0,0,0,0,0
0,0,0,0,0,100,0,0,0,0,0,0,0,0,0,0,100,0,0,0,0,0,0,0,0,0,0,100,0,0,0,0,0,0
0,0,0,0,0,100,0,0,0,0,0,0,0,0,0,0,100,0,0,0,0,0,0,0,0,0,0,100,0,0,0,0,0,0
0,0,0,0,0,100,0,0,0,0,0,0,0,0,0,0,100,0,0,0,0,0,0,0,0,0,0,100,0,0,0,0,0,0
0,0,0,0,0,100,0,0,0,0,0,0,0,0,0,0,100,0,0,0,0,0,0,0,0,0,0,100,0,0,0,0,0,0
0,0,0,0,0,100,0,0,0,0,0,0,0,0,0,0,100,0,0,0,0,0,0,0,0,0,0,100,0,0,0,0,0,0
0,0,0,0,0,100,0,0,0,0,0,0,0,0,0,0,100,0,0,0,0,0,0,0,0,0,0,100,0,0,0,0,0,0
0,0,0,0,0,100,0,0,0,0,0,0,0,0,0,0,100,0,0,0,0,0,0,0,0,0,0,100,0,0,0,0,0,0
0,0,0,0,0,100,0,0,0,0,0,0,0,0,0,0,100,0,0,0,0,0,0,0,0,0,0,90.756,9.2444,0,0,0,0,0
0,0,0,21.603,0,78.397,0,0,0,0,0,0,0,0,0,28.397,21.603,28.397,0,0,21.603,0,21.603,0,0,0,28.397,21.603,28.397,0,0,0,0,0
0,0,0,9.5541,0,90.446,0,0,0,0,0,0,0,0,0,0,80.892,9.5541,0,0,9.5541,0,9.5541,0,0,0,0,80.892,9.5541,0,0,0,0,0
0,0,0,42.764,0,57.236,0,0,0,0,0,0,0,14.472,0,14.472,14.472,28.292,0,0,28.292,0,42.764,0,0,0,14.472,14.472,28.292,0,0,0,0,0
0,0,0,50,0,50,0,0,0,0,0,0,0,0,0,0,50,0,0,0,50,0,50,0,0,0,0,50,0,0,0,0,0,0
0,0,0,0,0,100,0,0,0,0,0,0,0,0,0,0,100,0,0,0,0,0,0,0,0,0,0,100,0,0,0,0,0,0
0,0,0,0,0,100,0,0,0,0,0,0,0,0,0,0,100,0,0,0,0,0,0,0,0,0,0,100,0,0,0,0,0,0
0,0,0,0,0,100,0,0,0,0,0,0,0,0,0,0,100,0,0,0,0,0,0,0,0,0,0,100,0,0,0,0,0,0
0,0,0,0,0,100,0,0,0,0,0,0,0,0,0,0,100,0,0,0,0,0,0,0,0,0,0,100,0,0,0,0,0,0
0,0,0,0,0,100,0,0,0,0,0,0,0,0,0,0,100,0,0,0,0,0,0,0,0,0,0,100,0,0,0,0,0,0
0,0,0,0,0,100,0,0,0,0,0,0,0,0,0,0,100,0,0,0,0,0,0,0,0,0,0,100,0,0,0,0,0,0
0,0,0,0,0,100,0,0,0,0,0,0,0,0,0,0,100,0,0,0,0,0,0,0,0,0,0,100,0,0,0,0,0,0
0,0,0,0,0,100,0,0,0,0,0,0,0,0,0,0,100,0,0,0,0,0,0,0,0,0,0,100,0,0,0,0,0,0
0,0,0,0,0,100,0,0,0,0,0,0,0,0,0,0,100,0,0,0,0,0,0,0,0,0,0,100,0,0,0,0,0,0
0,0,0,0,0,69.664,30.336,0,0,0,0,0,0,0,0,0,89.142,0,10.858,0,0,0,0,0,0,30.336,10.858,58.805,0,0,0,0,0,0
0,0,0,0,0,100,0,0,0,0,0,0,0,0,0,15.025,84.975,0,0,0,0,0,0,0,0,0,0,86.7,13.3,0,0,0,0,0
0,0,0,0,0,79.652,20.348,0,0,0,0,0,0,0,0,23.441,61.043,0,15.516,0,0,0,0,0,0,20.348,15.516,40.695,23.441,0,0,0,0,0
0,0,0,0,0,77.778,22.222,0,0,0,0,0,0,0,0,7.3771,92.623,0,0,0,0,0,0,0,0,22.222,0,70.401,7.3771,0,0,0,0,0
0,0,0,0,0,88.416,11.584,0,0,0,0,0,0,0,0,0,100,0,0,0,0,0,0,0,0,11.584,0,61.584,26.831,0,0,0,0,0
0,0,0,0,0,86.865,13.135,0,0,0,0,0,0,0,0,15.619,62.254,0,22.127,0,0,0,0,0,0,13.135,22.127,37.753,26.985,0,0,0,0,0
0,0,0,0,0,94.34,5.6605,0,0,0,0,0,6.2097,0,0,5.6605,88.13,0,0,0,0,0,0,0,0,5.6605,0,38.789,49.341,0,6.2097,0,0,0
0,0,28.054,33.333,0,28.054,0,5.2792,0,5.2792,0,0,0,0,5.2792,0,33.333,0,28.054,0,22.775,10.558,0,5.2792,0,5.2792,0,22.775,0,0,33.333,28.054,5.2792,1
0,0,9.9212,38.39,0,36.913,0,4.8543,5.0669,4.8543,0,3.3779,0,1.689,33.535,0,41.768,0,6.5433,0,1.689,11.398,0,6.5433,0,4.8543,3.3779,28.681,0,1.689,40.079,6.5433,8.2323,1
0,0,0,0,0,100,0,0,0,0,0,0,0,0,0,11.334,88.666,0,0,0,0,0,0,0,0,0,18.182,74.515,7.3033,0,0,0,0,0
0,0,0,0,0,100,0,0,0,0,0,0,0,0,0,25,50,25,0,0,0,0,0,0,0,0,0,50,50,0,0,0,0,0
4.3687,0,0,0,9.5439,86.087,0,0,0,0,0,0,0,0,0,4.3687,55.111,36.151,0,0,0,4.3687,0,0,0,0,0,45.568,40.52,9.5439,4.3687,0,0,0
0,0,0,0,0,100,0,0,0,0,0,0,0,0,0,9.2421,90.758,0,0,0,0,0,0,0,0,0,15.77,78.989,5.2409,0,0,0,0,0
5.464,0,13.527,4.0317,6.0104,65.503,5.464,0,0,0,0,0,5.464,5.464,0,4.4729,53.072,12.536,0,0,0,18.991,0,0,14.96,0,5.464,47.061,12.977,6.0104,5.464,4.0317,4.0317,0
6.1264,0,7.5082,3.7541,6.1264,76.485,0,0,0,0,0,0,0,0,0,11.527,55.802,19.036,0,0,0,13.635,0,0,3.7541,0,0,49.676,26.809,6.1264,6.1264,3.7541,3.7541,0
0,0,0,0,0,71.837,28.163,0,0,0,0,0,0,0,0,15.51,71.837,0,12.654,0,0,0,0,0,0,28.163,12.654,43.673,15.51,0,0,0,0,0
0,0,0,0,0,100,0,0,0,0,0,0,0,0,0,0,100,0,0,0,0,0,0,0,0,0,0,50,50,0,0,0,0,0
0,0,0,0,3.8123,96.188,0,0,0,0,0,0,0,0,0,5.9206,88.159,5.9206,0,0,0,0,0,0,0,0,0,84.347,11.841,3.8123,0,0,0,0
0,0,0,0,2.0003,98,0,0,0,0,0,0,0,0,0,0,100,0,0,0,0,0,0,0,0,0,0,98,0,2.0003,0,0,0,0
0,0,0,0,0,100,0,0,0,0,0,0,0,0,0,0,100,0,0,0,0,0,0,0,0,0,0,100,0,0,0,0,0,0
0,0,0,0,0,100,0,0,0,0,0,0,0,0,0,0,100,0,0,0,0,0,0,0,0,0,0,100,0,0,0,0,0,0
0,0,0,0,0,100,0,0,0,0,0,0,0,0,0,0,100,0,0,0,0,0,0,0,0,0,0,100,0,0,0,0,0,0
0,0,0,0,0,100,0,0,0,0,0,0,0,0,0,0,100,0,0,0,0,0,0,0,0,0,0,100,0,0,0,0,0,0
16.474,0,0,16.474,0,67.051,0,0,0,0,0,16.474,12.763,16.474,0,14.38,25.527,14.38,0,0,0,0,16.474,0,0,0,14.38,29.238,27.144,0,12.763,0,0,0
50,0,0,50,0,0,0,0,0,0,0,50,0,50,0,0,0,0,0,0,0,0,50,0,0,0,0,50,0,0,0,0,0,0
0,0,0,9.4108,0,64.151,26.438,0,0,0,0,0,26.438,9.4108,0,9.4108,54.74,0,0,0,0,0,9.4108,26.438,0,0,9.4108,18.857,9.4459,0,26.438,0,0,0
88.526,0,0,3.8247,0,7.6495,0,0,0,0,0,88.526,0,3.8247,0,3.8247,3.8247,0,0,0,0,0,92.351,0,0,0,3.8247,3.8247,0,0,0,0,0,0
0,0,0,0,0,60.866,39.134,0,0,0,0,0,20.289,0,0,0,79.711,0,0,0,0,0,0,39.134,0,0,0,20.289,20.289,0,20.289,0,0,0
0,0,0,0,0,50,50,0,0,0,0,0,50,0,0,0,50,0,0,0,0,0,0,50,0,0,0,0,0,0,50,0,0,0
0,0,0,0,0,100,0,0,0,0,0,0,0,0,0,0,100,0,0,0,0,0,0,0,0,0,0,100,0,0,0,0,0,0
0,0,0,0,0,100,0,0,0,0,0,0,0,0,0,0,100,0,0,0,0,0,0,0,0,0,0,100,0,0,0,0,0,0
0,0,0,0,0,100,0,0,0,0,0,0,0,0,0,0,100,0,0,0,0,0,0,0,0,0,0,100,0,0,0,0,0,0
0,0,0,0,0,100,0,0,0,0,0,0,0,0,0,0,100,0,0,0,0,0,0,0,0,0,0,100,0,0,0,0,0,0
0,0,0,0,0,100,0,0,0,0,0,0,0,0,0,0,100,0,0,0,0,0,0,0,0,0,0,100,0,0,0,0,0,0
0,0,0,0,0,100,0,0,0,0,0,0,0,0,0,0,100,0,0,0,0,0,0,0,0,0,0,100,0,0,0,0,0,0
0,0,0,0,0,100,0,0,0,0,0,0,0,0,0,0,100,0,0,0,0,0,0,0,0,0,0,100,0,0,0,0,0,0
0,0,0,0,0,100,0,0,0,0,0,0,0,0,0,0,100,0,0,0,0,0,0,0,0,0,0,100,0,0,0,0,0,0
0,0,0,0,0,80.497,19.503,0,0,0,0,0,0,0,0,7.3291,71.72,7.3291,6.2926,0,7.3291,0,0,0,13.211,6.2926,0,58.509,21.987,0,0,0,0,0
2.521,2.521,0,2.521,4.0174,73.42,12.479,0,0,0,2.521,5.042,0,2.521,0,4.0174,57.224,12.179,12.479,2.521,4.0174,0,0,0,10.084,9.9576,0,54.703,16.196,0,6.5384,0,2.521,0
3.1712,8.5411,0,3.1712,0,66.72,15.226,0,0,0,3.1712,11.712,0,3.1712,0,0,57.933,12.3,6.3425,8.5411,0,0,0,5.3698,21.568,3.1712,0,51.249,6.9298,0,8.5411,0,3.1712,0
6.1962,8.3368,0,2.2322,11.686,40.995,19.152,0,0,8.9587,2.4432,13.507,0,2.4432,3.2577,6.1962,23.725,23.776,6.3598,8.3368,4.6755,7.7222,2.4432,5.0791,23.06,5.5453,0,26.673,5.49,22.166,4.8681,0,4.6755,1
2.2858,3.6746,0,13.577,14.782,18.457,19.929,2.3777,9.0263,15.891,0,13.485,0,2.3777,3.6746,6.5568,9.0263,23.12,3.6746,7.9456,8.8215,21.318,6.6486,0,25.889,0,0,3.6746,12.496,19.867,8.8215,11.404,11.199,0
2.6773,11.985,0,2.6773,0,32.296,19.998,0,0,18.382,11.985,19.2,0,11.985,0,4.5375,18.683,4.5375,10.69,16.522,13.845,0,18.382,9.3075,10.709,17.32,0,20.543,4.5375,0,2.6773,0,16.522,0
0,11.99,0,0,0,29.96,31.336,0,0,18.907,7.8071,14.298,3.1989,7.8071,7.8138,3.1989,6.4905,10.581,0,11.99,32.315,2.3074,24.414,15.189,2.3074,18.907,2.3074,13.872,6.3977,0,6.4905,0,10.114,0
0,0,0,7.3161,7.3161,52.616,32.752,0,0,0,0,7.3161,0,0,0,0,36.24,16.376,0,0,16.376,23.692,0,0,14.632,0,0,36.24,16.376,0,25.436,0,7.3161,0
0,0,0,0,0,92.023,7.9765,0,0,0,0,0,0,0,0,0,88.035,3.9883,0,0,3.9883,3.9883,0,0,0,0,0,88.035,3.9883,0,7.9765,0,0,0
0,0,0,0,0,63.388,29.071,7.5414,0,0,0,1.7432,5.9295,0,5.8832,5.9295,44.516,8.8027,0,7.5414,9.2846,10.37,4.1401,13.471,5.752,0,5.2757,50.922,4.7939,0,13.903,0,1.7432,0
0,0,0,0,0,91.059,6.1605,2.781,0,0,0,0,0,0,0,0,86.588,4.4707,0,2.781,4.4707,1.6898,0,2.781,2.781,0,0,89.369,1.6898,0,3.3795,0,0,0
0,0,0,0,0,44.441,44.094,7.8968,0,3.5683,0,8.9921,4.9808,0,14.416,6.765,22.791,5.8927,0,9.681,18.081,8.4004,10.776,12.878,10.124,0,12.189,27.491,2.9767,0,14.574,0,8.9921,0
0,0,0,0,0,62.42,32.334,5.2451,0,0,0,2.7806,9.773,0,10.089,9.773,33.186,12.153,0,5.2451,11.123,5.8775,7.3085,15.018,2.7806,0,8.0257,37.714,12.153,0,14.22,0,2.7806,0
0,0,0,0,0,100,0,0,0,0,0,0,0,0,0,0,100,0,0,0,0,0,0,0,0,0,0,100,0,0,0,0,0,0
0,0,0,0,0,50,0,0,50,0,0,0,0,0,0,0,50,0,0,0,0,50,0,0,50,0,0,50,0,0,0,0,0,1
0,0,0,0,0,100,0,0,0,0,0,0,0,0,0,0,100,0,0,0,0,0,0,0,0,0,0,100,0,0,0,0,0,1
0,0,0,0,0,100,0,0,0,0,0,0,0,0,0,0,100,0,0,0,0,0,0,0,0,0,0,100,0,0,0,0,0,0
0,0,0,0,0,100,0,0,0,0,0,0,0,0,0,0,100,0,0,0,0,0,0,0,0,0,0,100,0,0,0,0,0,0
0,0,0,0,0,100,0,0,0,0,0,0,0,0,0,0,100,0,0,0,0,0,0,0,0,0,0,100,0,0,0,0,0,0
0,8.0516,0,0,0,91.948,0,0,0,0,0,0,0,0,0,0,100,0,0,0,0,0,0,0,0,8.0516,0,91.948,0,0,0,0,0,0
0,0,0,0,0,100,0,0,0,0,0,0,0,0,0,0,100,0,0,0,0,0,0,0,0,0,0,100,0,0,0,0,0,0
0,10.831,0,0,0,89.169,0,0,0,0,0,0,0,5.4154,0,0,89.169,0,5.4154,0,0,0,0,0,5.4154,5.4154,0,89.169,0,0,0,0,0,0
0,0,0,0,0,100,0,0,0,0,0,0,0,0,0,0,100,0,0,0,0,0,0,0,0,0,0,100,0,0,0,0,0,0
0,4.1829,0,0,0,91.634,0,0,4.1829,0,0,0,0,0,0,4.1829,91.634,4.1829,0,0,0,0,0,0,0,4.1829,0,91.634,0,0,0,4.1829,0,0
0,6.6362,0,0,0,86.728,0,0,6.6362,0,0,0,0,0,0,6.6362,86.728,6.6362,0,0,0,0,0,0,0,6.6362,0,86.728,0,0,0,6.6362,0,0
11.371,22.177,0,0,0,63.439,0,0,3.0133,0,0,0,0,5.0072,9.3768,1.9938,56.438,5.0072,1.9938,12.39,3.0133,4.7797,8.6299,9.3768,5.0072,10.534,5.0072,52.815,0,5.6166,0,3.0133,0,0
8.1228,11.538,0,0,0,80.339,0,0,0,0,0,0,4.7075,0,3.4153,0,80.339,0,0,3.4153,4.7075,3.4153,0,3.4153,4.7075,11.538,0,75.632,0,0,4.7075,0,0,0
16.004,34.456,0,0,0,49.54,0,0,0,0,0,0,13.833,8.4826,0,2.4924,47.047,5.9902,4.8242,4.8242,12.506,0,0,10.814,21.149,18.496,0,45.355,0,0,4.1844,0,0,0
15.819,37.506,0,0,0,43.463,0,0,3.2115,0,0,0,9.5344,3.5863,11.936,3.7234,30.127,5.2605,9.7498,5.7729,18.772,1.5372,3.7238,11.936,20.821,16.844,3.5863,35.856,0,2.1866,1.8338,3.2115,0,0
9.0775,45.046,0,0,0,45.876,0,0,0,0,0,0,15.339,4.0384,4.5479,0,43.072,0,11.372,6.2737,13.613,1.7441,0,9.0775,30.186,14.86,0,42.4,0,0,3.4757,0,0,0
0,0,0,0,18.83,46.013,0,0,24.3,0,10.857,0,18.83,0,0,29.686,21.798,0,0,24.3,5.3862,0,0,0,0,0,0,46.013,5.3862,0,24.3,24.3,0,0
0,0,0,0,10.587,59.387,0,0,4.4252,0,25.6,0,10.587,0,0,4.4252,69.975,0,0,4.4252,10.587,0,0,0,0,0,0,54.604,15.371,0,25.6,4.4252,0,0
37.362,13.106,0,0,0,49.532,0,0,0,0,0,0,0,18.681,0,3.7959,49.532,5.5143,3.7959,13.167,5.5143,0,0,5.5143,26.333,18.62,0,45.736,3.7959,0,0,0,0,0
22.173,28.314,0,8.9164,0,40.596,0,0,0,0,0,0,0,33.378,0,6.6283,46.737,0,6.6283,6.6283,0,0,0,0,31.09,19.398,0,25.051,15.545,0,0,8.9164,0,0
0,0,0,0,0,100,0,0,0,0,0,0,0,0,0,0,100,0,0,0,0,0,0,0,0,0,0,100,0,0,0,0,0,0
6.6001,48.359,0,0,0,45.041,0,0,0,0,0,0,2.8046,24.199,0,12.011,39.392,9.4123,6.7773,4.0012,1.4023,0,0,10.815,21.593,22.551,0,42.442,2.5989,0,0,0,0,0
0,0,0,0,0,100,0,0,0,0,0,0,0,0,0,0,100,0,0,0,0,0,0,0,0,0,0,100,0,0,0,0,0,0
0,0,0,0,0,100,0,0,0,0,0,0,0,0,0,0,100,0,0,0,0,0,0,0,0,0,0,100,0,0,0,0,0,0
0,0,0,0,0,100,0,0,0,0,0,0,0,0,0,0,100,0,0,0,0,0,0,0,0,0,0,100,0,0,0,0,0,0
8.8648,44.718,0,0,0,34.352,0,0,12.065,0,0,0,1.2531,13.388,4.9622,6.4822,17.062,17.22,3.9027,14.447,10.738,10.544,9.485,4.9622,17.147,21.989,13.388,19.712,0,1.2531,0,12.065,0,0
17.841,34.566,0,0,0,44.071,0,0,3.5218,0,0,0,3.0801,9.6734,11.689,6.1516,25.166,9.6734,9.2318,12.131,9.682,3.5218,5.9793,11.689,15.834,18.905,9.6734,31.94,0,2.4575,0,3.5218,0,0
0,0,0,0,28.144,71.856,0,0,0,0,0,0,0,0,0,0,71.856,0,0,0,0,28.144,0,0,0,0,0,43.713,56.287,0,0,0,0,0
0,0,0,0,26.382,73.618,0,0,0,0,0,0,0,0,0,0,73.618,0,0,0,0,26.382,0,0,0,0,0,47.236,52.764,0,0,0,0,0
0,0,0,0,22.799,77.201,0,0,0,0,0,0,0,0,0,0,77.201,0,0,0,0,22.799,0,0,0,0,0,50,50,0,0,0,0,0
0,0,0,0,27.407,72.593,0,0,0,0,0,0,0,0,0,0,72.593,0,0,0,0,27.407,0,0,0,0,0,72.593,27.407,0,0,0,0,0
0,0,0,0,0,100,0,0,0,0,0,0,0,0,0,0,100,0,0,0,0,0,0,0,0,0,0,100,0,0,0,0,0,0
0,0,0,0,0,100,0,0,0,0,0,0,0,0,0,0,100,0,0,0,0,0,0,0,0,0,0,83.984,16.016,0,0,0,0,0
4.4901,8.3929,0,10.347,12.933,24.5,20.694,3.1737,0,10.979,4.4901,18.011,0,4.4901,3.9029,6.3473,4.4901,16.836,12.883,8.3929,9.0305,15.616,0,0,33.577,4.4901,0,7.0765,9.7597,14.882,10.347,3.1737,16.694,1
5.9799,3.8789,0,1.2942,17.069,34.595,11.121,9.7989,0,14.968,1.2942,17.073,0,1.2942,2.5848,24.284,5.1416,24.34,5.1731,3.8789,9.7989,6.4322,0,0,17.133,1.2942,0,16.231,2.5848,26.925,5.1416,9.7989,20.892,0
1.0844,5.1517,0,1.0844,0,24.388,30.987,0,0,36.22,1.0844,9.9368,0,1.0844,0,3.7006,5.1517,7.7679,2.1689,8.8524,61.337,0,36.22,4.0673,4.3378,29.903,0,11.835,3.7006,0,5.1517,0,4.7851,1
0,20.355,0,0,0,11.149,20.355,0,0,27.787,20.355,24.071,0,20.355,0,3.7163,0,3.7163,0,24.071,24.071,0,27.787,20.355,0,20.355,0,3.7163,3.7163,0,0,0,24.071,1
0,0,0,0,0,0,0,0,0,0,0,0,0,0,0,0,0,0,0,0,0,0,0,0,0,0,0,0,0,0,0,0,0,0
0,0,6.2378,15.641,0,28.942,0,11.493,37.686,0,0,18.839,0,14.164,0,0,40.357,13.057,0,0,0,13.583,4.1479,6.2378,0,0,7.3455,18.478,3.1189,7.3455,2.671,43.837,6.819,1
0,0,25.791,6.5227,0,32.46,0,4.3516,29.426,1.4485,0,14.217,0,7.1085,0,1.4485,29.563,8.6876,15.209,0,16.658,7.1085,1.4485,17.38,0,0,12.037,20.423,0,5.66,2.7569,30.435,9.8592,1
0,0,14.769,1.3084,0,44.733,0,1.3084,36.573,1.3084,0,10.718,0,16.261,0,1.3084,42.116,14.827,4.0507,0,5.3591,5.3591,1.3084,4.0507,0,0,9.4098,35.323,0,4.0507,14.953,7.9759,22.929,1
0,0,0,0,0,56.626,34.744,8.6295,0,0,0,4.3714,8.6295,0,8.7428,8.6295,43.625,0,0,8.6295,13.001,4.3714,4.3714,17.259,4.3714,0,13.001,43.625,0,0,13.001,0,4.3714,0
0,0,0,0,0,67.039,32.961,0,0,0,0,0,0,0,16.48,16.48,67.039,0,0,0,0,0,0,0,0,0,32.961,67.039,0,0,0,0,0,0
0,0,0,0,0,100,0,0,0,0,0,0,0,0,0,0,100,0,0,0,0,0,0,0,0,0,0,100,0,0,0,0,0,0
0,0,0,0,0,54.094,32.763,11.208,0,1.9357,0,0.96786,15.281,0,7.9054,18.734,17.648,13.808,0,12.175,12.828,0.65221,7.3564,26.489,1.3468,0,14.83,25.383,12.462,0,11.165,0,0.96786,0
0,0,0,0,0,46.996,50.787,2.2175,0,0,0,8.6073,3.2697,0,24.766,7.5512,21.939,9.9105,0,2.2175,11.978,9.761,11.877,5.4871,10.825,0,17.17,27.426,7.6931,0,10.915,0,8.6073,0
9.791,0,26.18,2.3591,0,28.539,33.132,0,0,0,0,0,21.461,9.791,0,23.341,4.7181,16.389,0,0,0,24.3,0,0,33.611,0,21.461,16.389,2.3591,0,9.791,2.3591,14.03,0
3.9935,0,8.7655,18.915,6.7072,34.388,20.523,0,6.7072,0,0,0,10.701,20.523,0,23.237,4.772,4.772,0,6.7072,0,29.288,0,0,10.373,0,37.052,11.479,2.386,0,10.701,25.623,2.386,0
4.502,0,13.83,17.459,4.502,40.293,19.413,0,0,0,0,0,3.5474,12.318,0,23.915,14.785,18.332,0,0,0,27.103,0,0,8.6887,0,28.184,13.83,14.145,4.502,4.502,17.459,8.6887,0
10.916,0,9.3648,3.828,8.1985,51.767,15.926,0,0,0,0,0,9.3648,10.459,0,13.58,38.203,7.0181,0,0,0,21.375,0,0,15.996,0,17.021,32.739,8.569,8.1985,10.916,3.828,2.7336,0
6.6395,47.119,0,0,0,36.752,0,0,9.49,0,0,0,4.808,8.5365,6.6395,0.95352,26.674,12.756,1.5417,13.634,14.886,9.5703,12.6,6.6395,21.419,13.099,8.5365,20.885,0,7.3302,0,9.49,0,0
7.9772,42.371,0,0,0,49.652,0,0,0,0,0,0,9.3018,16.138,0,2.2434,47.408,3.9566,4.6777,5.2598,11.015,0,0,9.2164,26.234,14.898,0,40.35,0,0,9.3018,0,0,0
13.426,34.875,0,0,0,51.7,0,0,0,0,0,0,8.7033,2.4478,8.6165,2.4478,46.804,5.0444,2.4478,8.6165,8.7033,6.1687,0,8.6165,20.089,19.594,2.4478,40.549,0,2.5966,6.1067,0,0,0
14.074,39.749,0,0,0,46.178,0,0,0,0,0,0,19.334,0,4.9468,0,41.231,0,10.207,5.2605,19.021,0,0,10.207,29.541,14.074,0,42.311,0,0,3.8665,0,0,0
0,2.6248,32.973,6.0495,0,21.844,13.578,7.3383,9.4581,3.9699,2.1638,1.835,0,0,16.85,17.961,23.92,8.6093,3.6561,7.6549,7.246,12.268,13.594,15.469,22.08,15.483,1.7427,9.7114,0,0,9.7665,6.2932,5.8601,1
0,6.5834,26.415,5.1657,0,18.486,26.007,2.304,11.318,0.64487,3.0759,1.4168,0,0,26.907,17.578,25.585,9.6452,4.2645,3.09,5.4886,6.0247,18.437,15.993,14.07,21.499,3.1846,5.4886,0,0,7.9337,8.8874,4.5068,1
0,6.2935,21.194,7.8213,0,15.06,21.315,4.6217,18.228,0.67378,4.7915,0.84354,0,0,21.831,13.546,22.673,16.719,3.2869,5.5478,5.4653,10.087,12.436,14.28,15.643,17.295,0.84354,5.4653,0,0,13.535,10.915,9.5866,1
0,2.9677,35.566,7.6937,0,18.263,19.988,1.7582,11.343,0,2.419,0.66078,0,0,20.383,27.815,24.053,11.476,4.2893,4.7259,2.419,4.1772,21.065,15.05,15.163,19.988,0.66078,2.419,0,0,11.343,4.7259,9.585,1
0,0,34.923,3.5711,0,23.481,1.6884,26.065,5.0114,1.9096,3.3499,12.936,0,0,7.1422,5.2863,27.975,5.0383,3.3767,12.909,16.507,8.8306,3.8191,14.597,36.611,14.845,1.6884,16.507,0,0,5.0114,3.5711,3.3499,0
0,2.5732,31.12,7.8892,0,25.811,5.5527,10.895,10.101,2.1531,3.9045,5.2378,0,0,13.262,10.168,23.937,6.8274,7.0497,11.545,7.9806,13.992,8.6568,14.902,23.625,12.668,1.1617,16.211,0,0,10.101,5.316,7.3583,1
0,4.4128,35.358,6.7547,0,18.356,20.016,3.9696,7.0002,3.0343,1.0982,2.1816,0,0,22.56,21.072,25.229,7.1118,5.9038,4.7907,3.9845,7.1669,22.112,14.379,19.886,20.965,1.0982,5.2159,0,0,5.0633,6.2157,5.0633,1
0,4.2777,26.116,5.4526,0,16.875,22.355,5.4526,13.228,2.2131,4.0302,0.79067,0,0,24.831,14.206,24.952,12.46,1.5813,3.2395,6.2433,11.696,15.755,12.674,19.856,20.291,0.79067,6.2433,0,0,8.9503,9.7303,5.7107,1
0,0,4.8417,0,20.783,15.812,9.6835,0,3.6566,0,45.223,0,25.625,0,0,13.34,31.753,4.8417,0,3.6566,20.783,0,0,0,4.8417,0,4.8417,36.595,0,0,45.223,3.6566,4.8417,0
0,0,7.5345,3.7673,3.3609,85.337,0,0,0,0,0,0,0,0,0,0,84.931,7.5345,0,0,0,7.5345,0,0,3.7673,0,0,81.57,3.7673,3.3609,0,3.7673,3.7673,0
0,0,0,0,0,100,0,0,0,0,0,0,0,0,0,0,100,0,0,0,0,0,0,0,0,0,0,100,0,0,0,0,0,0
27.328,29.381,0,2.8682,0,36.687,0,0,3.7362,0,0,0,0,32.811,0,4.1202,35.901,7.4656,7.4724,8.8845,3.3454,0,0,7.4656,35.098,14.145,0,33.819,2.8682,0,0,6.6044,0,0
32.297,22.284,0,6.0428,0,31.359,0,0,8.0168,0,0,0,0,30.208,0,3.1254,25.317,6.0428,19.159,16.148,0,0,0,0,48.33,6.2507,6.0428,22.191,3.1254,0,0,14.06,0,0
0,0,0,23.87,0,76.13,0,0,0,0,0,0,0,11.919,0,11.951,52.26,11.919,11.951,0,0,0,0,0,0,0,11.919,64.211,0,0,11.951,11.919,0,0
0,0,0,9.5689,0,90.431,0,0,0,0,0,0,0,0,0,21.841,56.317,12.272,9.5689,0,0,0,0,0,0,0,12.272,78.159,0,0,9.5689,0,0,0
7.2534,7.2534,0,7.2534,0,73.201,0,0,5.0385,0,0,0,0,21.76,0,20.303,37.634,15.265,5.0385,0,0,0,0,0,14.507,0,15.265,40.606,17.33,0,0,12.292,0,0
0,0,0,8.5659,0,91.434,0,0,0,0,0,17.132,0,0,0,15.313,43.677,15.313,8.5659,0,0,0,0,0,0,0,23.879,58.99,0,0,8.5659,8.5659,0,0
0,22.35,19.47,0,0,58.18,0,0,0,0,0,8.8938,13.456,0,0,12.029,37.258,0,0,0,28.364,0,0,28.364,13.456,0,14.908,37.258,0,0,6.0144,0,0,0
0,8.04,0,7.5165,0,84.443,0,0,0,0,0,23.137,0,0,0,7.5165,53.79,0,7.5165,0,8.04,0,0,8.04,0,0,8.04,61.307,0,0,7.5165,15.097,0,0
0,0,0,0,0,100,0,0,0,0,0,10.574,0,0,0,0,89.426,0,0,0,0,0,0,0,0,0,0,89.426,0,0,0,10.574,0,0
0,0,0,0,0,100,0,0,0,0,0,0,0,0,0,0,100,0,0,0,0,0,0,0,0,0,0,100,0,0,0,0,0,0
0,0,0,16.134,0,83.866,0,0,0,0,0,32.268,0,0,0,0,51.598,0,16.134,0,0,0,0,0,0,0,16.134,51.598,0,0,16.134,16.134,0,0
0,0,0,0,0,100,0,0,0,0,0,12.162,0,0,0,0,87.838,0,0,0,0,0,0,0,0,0,0,87.838,0,0,0,12.162,0,0
27.223,39.584,0,0,0,33.193,0,0,0,0,0,0,3.6945,20.831,0,3.2198,33.193,9.4682,7.057,11.22,11.315,0,0,17.469,20.125,29.213,0,29.973,3.2198,0,0,0,0,0
18.658,18.658,0,9.2565,0,46.473,0,0,6.9537,0,0,0,0,32.47,0,11.655,39.519,0,11.655,4.7009,0,0,0,0,27.915,9.4017,0,18.608,27.865,0,0,16.21,0,0
7.6312,63.052,0,0,0,29.316,0,0,0,0,0,0,15.262,21.685,0,10.843,18.474,10.843,7.6312,7.6312,7.6312,0,0,18.474,33.736,18.474,0,29.316,0,0,0,0,0,0
0,0,0,0,0,71.836,0,0,28.164,0,0,0,0,0,0,15.507,71.836,12.657,0,0,0,0,0,0,0,0,0,40.821,31.014,0,0,12.657,15.507,0
0,16.041,0,5.5904,0,65.972,0,0,12.396,0,0,0,0,13.611,0,8.6176,56.139,5.5904,16.041,0,0,0,0,0,16.041,0,5.5904,30.798,29.583,0,0,13.611,4.3753,0
0,0,0,0,0,88.596,0,0,11.404,0,0,0,0,0,0,22.149,66.447,0,11.404,0,0,0,0,0,0,0,0,44.298,44.298,0,0,11.404,0,0
0,0,0,0,7.3515,75.827,0,0,16.822,0,0,0,0,0,0,19.287,69.922,7.3515,3.4397,0,0,0,0,0,0,0,0,44.604,31.222,7.3515,0,3.4397,13.382,0
0,0,0,0,6.6636,79.609,0,0,13.728,0,0,0,0,0,0,20.391,69.075,6.6636,3.87,0,0,0,0,0,0,0,0,34.875,44.733,6.6636,0,3.87,9.8579,0
0,26.919,24.034,0,0,34.052,8.2079,0,4.9984,0,1.7889,1.7889,20.478,0,0,19.647,20.456,9.9968,3.5779,0,22.267,1.7889,3.2095,25.476,29.054,8.2079,1.7889,22.267,0,0,4.9984,0,4.9984,0
0,28.422,6.6378,9.0877,0,55.852,0,0,0,0,0,18.175,17.53,0,0,10.892,26.785,0,9.0877,0,17.53,0,0,17.53,17.53,0,9.0877,37.677,0,0,9.0877,9.0877,0,0
0,28.242,11.45,0,0,60.308,0,0,0,0,0,4.7346,11.754,0,0,34.654,20.919,0,0,0,27.938,0,0,27.938,11.754,0,16.185,32.673,0,0,11.45,0,0,0
0,25,0,0,0,75,0,0,0,0,0,25,0,0,0,0,50,0,0,0,25,0,0,25,0,0,25,50,0,0,0,0,0,0
0,0,0,0,0,100,0,0,0,0,0,0,0,0,0,0,100,0,0,0,0,0,0,0,0,0,0,100,0,0,0,0,0,0
0,0,0,0,0,100,0,0,0,0,0,0,0,0,0,0,100,0,0,0,0,0,0,0,0,0,0,100,0,0,0,0,0,0
0,0,0,0,0,100,0,0,0,0,0,0,0,0,0,0,100,0,0,0,0,0,0,0,0,0,0,100,0,0,0,0,0,0
0,0,0,0,0,100,0,0,0,0,0,0,0,0,0,0,100,0,0,0,0,0,0,0,0,0,0,100,0,0,0,0,0,0
0,0,0,0,0,100,0,0,0,0,0,0,0,0,0,0,100,0,0,0,0,0,0,0,0,0,0,100,0,0,0,0,0,0
0,0,0,0,0,100,0,0,0,0,0,0,0,0,0,0,100,0,0,0,0,0,0,0,0,0,0,100,0,0,0,0,0,0
0,0,0,0,0,100,0,0,0,0,0,0,0,0,0,0,100,0,0,0,0,0,0,0,0,0,0,100,0,0,0,0,0,0
0,0,0,0,0,100,0,0,0,0,0,0,0,0,0,0,100,0,0,0,0,0,0,0,0,0,0,100,0,0,0,0,0,0
0,0,0,0,0,100,0,0,0,0,0,0,0,0,0,0,100,0,0,0,0,0,0,0,0,0,0,100,0,0,0,0,0,0
0,0,0,0,0,100,0,0,0,0,0,0,0,0,0,0,100,0,0,0,0,0,0,0,0,0,0,100,0,0,0,0,0,0
0,0,0,0,0,100,0,0,0,0,0,0,0,0,0,0,100,0,0,0,0,0,0,0,0,0,0,100,0,0,0,0,0,0
0,0,0,0,0,100,0,0,0,0,0,0,0,0,0,0,100,0,0,0,0,0,0,0,0,0,0,100,0,0,0,0,0,0
22.354,28.664,0,0,0,47.82,0,0,1.1619,0,0,0,1.5077,6.8827,15.471,8.0446,34.054,9.5523,6.8827,15.471,1.5077,0.62532,7.9634,15.471,11.406,16.178,6.8827,31.466,0,9.471,0,1.1619,0,0
0,12.501,0,0,0,87.499,0,0,0,0,0,0,6.2506,0,0,0,87.499,0,0,0,6.2506,0,0,0,12.501,0,0,81.248,0,0,6.2506,0,0,0
0,20.475,0,0,0,79.525,0,0,0,0,0,0,6.8249,0,0,0,79.525,6.8249,0,0,6.8249,0,0,0,20.475,0,0,72.701,0,6.8249,0,0,0,0
0,0,0,0,0,100,0,0,0,0,0,0,0,0,0,0,100,0,0,0,0,0,0,0,0,0,0,100,0,0,0,0,0,0
0,0,35.204,4.6091,0,34.681,1.1409,4.6091,3.795,13.493,2.4679,1.1409,0,0,9.2182,5.5637,15.902,3.6088,12.493,11.538,5.75,34.786,6.564,12.679,36.345,8.4281,1.1409,23.971,0,0,3.795,4.6091,2.4679,0
0,0,25.891,4.1268,0,48.218,0,17.637,0,4.1268,0,6.7553,0,0,8.2537,4.1268,54.973,0,0,6.7553,10.882,8.2537,8.2537,6.7553,25.891,10.882,0,44.091,0,0,0,4.1268,0,0
0,0,0,0,0,100,0,0,0,0,0,0,0,0,0,0,100,0,0,0,0,0,0,0,0,0,0,100,0,0,0,0,0,0
0,0,0,0,13.42,43.29,0,0,35.223,0,8.067,0,0,0,0,13.42,51.672,26.84,0,8.067,0,0,0,0,0,0,0,43.29,0,21.487,0,13.42,21.803,0
0,0,0,0,0,100,0,0,0,0,0,0,0,0,0,0,100,0,0,0,0,0,0,0,0,0,0,100,0,0,0,0,0,0
0,0,0,0,0,56.145,0,0,19.49,17.164,7.2006,0,0,0,17.164,11.446,37.498,8.0442,0,25.847,0,0,0,0,0,0,0,37.498,18.647,7.2006,17.164,8.0442,11.446,0
0,0,0,0,16.782,66.667,0,0,16.551,0,0,0,0,0,0,24.987,41.679,25.128,0,8.2051,0,0,0,0,0,0,0,41.679,24.987,16.782,0,8.3459,8.2051,0
0,0,0,0,18.38,56.944,0,0,24.676,0,0,0,0,0,0,29.595,33.646,36.759,0,0,0,0,0,0,0,0,0,34.514,22.43,18.38,0,18.38,6.2966,0
0,0,0,0,10.012,39.14,0,0,18.722,11.708,20.418,0,0,0,11.708,10.012,26.13,20.023,0,32.127,0,0,0,0,0,0,0,27.432,11.708,30.43,11.708,10.012,8.7101,0
0,0,0,0,0,100,0,0,0,0,0,0,0,0,0,0,86.831,0,0,0,0,13.169,0,0,0,13.169,0,86.831,0,0,0,0,0,0
0,0,0,0,0,100,0,0,0,0,0,0,0,0,0,0,100,0,0,0,0,0,0,0,0,0,0,100,0,0,0,0,0,0
0,0,0,0,0,100,0,0,0,0,0,0,0,0,0,0,100,0,0,0,0,0,0,0,0,0,0,100,0,0,0,0,0,0
0,0,0,0,0,100,0,0,0,0,0,0,0,0,0,0,100,0,0,0,0,0,0,0,0,0,0,100,0,0,0,0,0,0
0,0,0,0,0,100,0,0,0,0,0,0,0,0,0,0,100,0,0,0,0,0,0,0,0,0,0,100,0,0,0,0,0,0
0,0,0,0,0,100,0,0,0,0,0,0,0,0,0,0,100,0,0,0,0,0,0,0,0,0,0,100,0,0,0,0,0,0
0,0,0,0,0,100,0,0,0,0,0,0,0,0,0,0,100,0,0,0,0,0,0,0,0,0,0,100,0,0,0,0,0,0
0,0,0,0,0,100,0,0,0,0,0,0,0,0,0,0,100,0,0,0,0,0,0,0,0,0,0,100,0,0,0,0,0,0
0,0,0,0,0,37.806,0,0,6.7087,24.388,31.097,0,0,0,24.388,0,20.126,0,0,55.485,0,0,0,0,0,0,0,13.417,24.388,31.097,24.388,0,6.7087,0
0,0,0,0,0,55.219,0,0,15.323,24.573,4.885,0,0,0,24.573,10.438,49.666,0,0,15.323,0,0,0,0,0,0,0,44.781,10.438,4.885,24.573,0,15.323,0
0,0,0,0,0,100,0,0,0,0,0,0,0,0,0,0,100,0,0,0,0,0,0,0,0,0,0,100,0,0,0,0,0,0
0,0,0,0,0,100,0,0,0,0,0,0,0,0,0,0,100,0,0,0,0,0,0,0,0,0,0,100,0,0,0,0,0,0
0,0,0,0,0,100,0,0,0,0,0,0,0,0,0,0,100,0,0,0,0,0,0,0,0,0,0,100,0,0,0,0,0,0
0,0,0,0,0,100,0,0,0,0,0,0,0,0,0,0,100,0,0,0,0,0,0,0,0,0,0,100,0,0,0,0,0,0
0,0,0,0,0,100,0,0,0,0,0,0,0,0,0,0,100,0,0,0,0,0,0,0,0,0,0,100,0,0,0,0,0,0
