h1,h2,h3,h4,h5,h6,h7,h8,h9,h10,h11,h12,h13,h14,h15,h16,h17,h18,h19,h20,h21,h22,h23,h24,h25,h26,h27,h28,h29,h30,h31,h32,h33,label
0,0,0,0,0,100,0,0,0,0,0,0,0,0,0,0,100,0,0,0,0,0,0,0,0,0,0,100,0,0,0,0,0,0
0,0,0,0,0,100,0,0,0,0,0,0,0,0,0,0,100,0,0,0,0,0,0,0,0,0,0,100,0,0,0,0,0,0
0,0,0,0,0,100,0,0,0,0,0,0,0,0,0,0,100,0,0,0,0,0,0,0,0,0,0,100,0,0,0,0,0,0
0,0,0,0,0,100,0,0,0,0,0,0,0,0,0,0,100,0,0,0,0,0,0,0,0,0,0,100,0,0,0,0,0,0
0,0,0,0,0,100,0,0,0,0,0,0,0,0,0,0,100,0,0,0,0,0,0,0,0,0,0,100,0,0,0,0,0,0
0,0,0,0,0,100,0,0,0,0,0,50.145,0,0,0,0,49.855,0,0,0,0,0,0,0,0,0,0,49.855,0,0,50.145,0,0,0
0,0,0,0,0,100,0,0,0,0,0,50,0,0,0,0,50,0,0,0,0,0,0,0,0,0,0,50,0,0,50,0,0,0
0,0,0,0,0,100,0,0,0,0,0,0,0,0,0,0,100,0,0,0,0,0,0,0,0,0,0,100,0,0,0,0,0,0
0,0,0,0,0,100,0,0,0,0,0,0,0,0,0,0,100,0,0,0,0,0,0,0,0,0,0,100,0,0,0,0,0,0
0,0,0,0,0,100,0,0,0,0,0,0,0,0,0,0,100,0,0,0,0,0,0,0,0,0,0,100,0,0,0,0,0,0
0,0,0,0,0,100,0,0,0,0,0,0,0,0,0,0,100,0,0,0,0,0,0,0,0,0,0,100,0,0,0,0,0,0
0,0,0,0,0,100,0,0,0,0,0,0,0,0,0,0,100,0,0,0,0,0,0,0,0,0,0,100,0,0,0,0,0,0
0,0,0,0,0,100,0,0,0,0,0,0,0,0,0,0,100,0,0,0,0,0,0,0,0,0,0,83.971,16.029,0,0,0,0,0
0,0,0,0,0,100,0,0,0,0,0,0,0,0,0,0,100,0,0,0,0,0,0,0,0,0,0,81.644,18.356,0,0,0,0,0
0,0,0,0,0,100,0,0,0,0,0,0,0,0,0,0,100,0,0,0,0,0,0,0,0,0,0,69.509,30.491,0,0,0,0,0
0,0,0,0,0,100,0,0,0,0,0,0,0,0,0,0,100,0,0,0,0,0,0,0,0,0,0,100,0,0,0,0,0,0
0,0,0,0,0,100,0,0,0,0,0,0,0,0,0,0,100,0,0,0,0,0,0,0,0,0,0,100,0,0,0,0,0,0
0,0,0,0,0,100,0,0,0,0,0,23.419,0,0,0,0,76.581,0,0,0,0,0,0,0,0,0,0,76.581,0,0,23.419,0,0,0
0,0,0,0,0,100,0,0,0,0,0,0,0,0,0,0,100,0,0,0,0,0,0,0,0,0,0,100,0,0,0,0,0,0
0,0,0,0,0,100,0,0,0,0,0,0,0,0,0,0,100,0,0,0,0,0,0,0,0,0,0,100,0,0,0,0,0,0
0,0,0,0,0,100,0,0,0,0,0,0,0,0,0,0,100,0,0,0,0,0,0,0,0,0,0,100,0,0,0,0,0,0
0,0,0,0,0,100,0,0,0,0,0,0,0,0,0,0,100,0,0,0,0,0,0,0,0,0,0,100,0,0,0,0,0,0
0,0,0,0,0,100,0,0,0,0,0,0,0,0,0,0,100,0,0,0,0,0,0,0,0,0,0,100,0,0,0,0,0,0
0,0,0,0,0,100,0,0,0,0,0,0,0,0,0,0,100,0,0,0,0,0,0,0,0,0,0,100,0,0,0,0,0,0
0,0,0,0,0,100,0,0,0,0,0,0,0,0,0,0,100,0,0,0,0,0,0,0,0,0,0,100,0,0,0,0,0,0
0,0,0,0,0,100,0,0,0,0,0,0,0,0,0,0,100,0,0,0,0,0,0,0,0,0,0,100,0,0,0,0,0,0
0,0,0,0,0,100,0,0,0,0,0,0,0,0,0,0,100,0,0,0,0,0,0,0,0,0,0,100,0,0,0,0,0,0
0,0,0,0,0,100,0,0,0,0,0,0,0,0,0,0,100,0,0,0,0,0,0,0,0,0,0,100,0,0,0,0,0,0
0,0,0,0,0,100,0,0,0,0,0,0,0,0,0,0,100,0,0,0,0,0,0,0,0,0,0,100,0,0,0,0,0,0
0,0,0,0,0,100,0,0,0,0,0,0,0,0,0,0,100,0,0,0,0,0,0,0,0,0,0,100,0,0,0,0,0,0
0,0,0,0,0,100,0,0,0,0,0,0,0,0,0,0,100,0,0,0,0,0,0,0,0,0,0,100,0,0,0,0,0,0
0,0,0,0,0,100,0,0,0,0,0,0,0,0,0,0,100,0,0,0,0,0,0,0,0,0,0,73.283,26.717,0,0,0,0,0
0,0,0,0,0,100,0,0,0,0,0,0,0,0,0,0,100,0,0,0,0,0,0,0,0,0,0,94.193,5.8073,0,0,0,0,0
0,0,0,0,0,92.082,0,7.9179,0,0,0,0,7.9179,0,0,0,92.082,0,0,0,0,0,0,0,0,0,0,72.35,19.732,0,0,0,7.9179,0
0,0,0,0,0,100,0,0,0,0,0,0,0,0,0,0,100,0,0,0,0,0,0,0,0,0,0,65.845,34.155,0,0,0,0,0
0,0,0,0,0,100,0,0,0,0,0,0,0,0,0,0,100,0,0,0,0,0,0,0,0,0,0,70.67,29.33,0,0,0,0,0
0,0,0,0,0,100,0,0,0,0,0,0,0,0,0,0,100,0,0,0,0,0,0,0,0,0,0,100,0,0,0,0,0,0
0,0,0,6.5843,0,66.667,0,26.749,0,0,0,0,26.749,0,0,0,66.667,0,0,0,0,6.5843,0,0,0,0,0,66.667,0,0,6.5843,0,26.749,0
0,0,0,0,0,100,0,0,0,0,0,0,0,0,0,0,100,0,0,0,0,0,0,0,0,0,0,100,0,0,0,0,0,0
0,0,0,18.708,0,81.292,0,0,0,0,0,0,0,0,0,0,81.292,0,0,0,0,18.708,0,0,0,0,0,81.292,0,0,18.708,0,0,0
0,0,0,42.33,0,21.769,0,35.901,0,0,0,0,35.901,0,0,0,21.769,0,0,0,0,42.33,0,0,0,0,0,19.541,2.2279,0,42.33,0,35.901,0
0,0,0,15.983,0,56.408,0,27.609,0,0,0,0,27.609,0,0,0,56.408,0,0,0,0,15.983,0,0,0,0,0,56.408,0,0,15.983,0,27.609,0
0,0,0,0,0,100,0,0,0,0,0,0,0,0,0,0,100,0,0,0,0,0,0,0,0,0,0,100,0,0,0,0,0,0
0,0,0,0,0,100,0,0,0,0,0,0,0,0,0,0,91.167,8.8331,0,0,0,0,0,0,0,0,0,91.167,8.8331,0,0,0,0,0
0,0,0,0,0,88.077,0,0,11.923,0,0,0,0,0,0,0,82.715,17.285,0,0,0,0,0,0,0,0,0,77.353,10.724,0,0,11.923,0,0
0,0,0,0,0,100,0,0,0,0,0,0,0,0,0,9.6336,62.739,27.627,0,0,0,0,0,0,0,0,0,64.013,35.987,0,0,0,0,0
0,0,0,0,0,100,0,0,0,0,0,0,0,0,0,16.116,68.609,15.275,0,0,0,0,0,0,0,0,0,62.781,37.219,0,0,0,0,0
0,0,0,0,0,89.335,0,0,10.665,0,0,0,0,0,0,6.8414,59.188,23.306,10.665,0,0,0,0,0,0,0,0,66.03,23.306,0,0,10.665,0,0
0,0,0,0,0,84.199,0,0,15.801,0,0,0,0,0,0,14.856,39.63,45.514,0,0,0,0,0,0,0,0,0,54.486,29.713,0,0,15.801,0,0
0,0,5.1496,0,0,84.276,0,0,10.574,0,0,0,0,0,0,10.652,73.624,15.724,0,0,0,0,5.1496,0,0,0,5.1496,68.475,10.652,0,0,10.574,0,0
0,0,6.1432,0,0,70.919,0,0,22.938,0,0,6.1432,0,0,0,0,70.919,19.798,0,0,3.1401,0,3.0031,0,3.1401,0,13.448,57.47,0,6.1432,0,3.3466,13.448,0
0,0,15.869,0,0,52.948,0,0,31.183,0,0,23.347,0,0,0,0,42.708,23.705,0,0,10.24,0,5.6287,0,10.24,0,20.968,31.98,0,2.737,20.61,0,7.8361,0
0,0,0,0,0,71.361,0,0,28.639,0,0,0,0,0,0,0,71.361,21.358,7.2807,0,0,0,0,0,0,0,0,71.361,0,0,0,28.639,0,0
0,0,0,0,0,69.33,0,0,30.67,0,0,0,0,0,0,0,69.33,22.68,7.9899,0,0,0,0,0,0,0,7.9899,61.34,0,0,0,30.67,0,0
0,0,0,0,0,81.947,0,0,18.053,0,0,0,0,0,0,0,73.271,15.594,11.135,0,0,0,0,0,0,0,11.135,53.459,17.353,0,0,18.053,0,0
0,0,0,0,0,71.51,0,0,28.49,0,0,0,0,0,0,0,71.51,14.027,14.463,0,0,0,0,0,0,0,9.5098,62,0,0,0,28.49,0,0
0,0,0,0,0,85.697,0,0,14.303,0,0,0,0,0,0,14.262,71.434,14.304,0,0,0,0,0,0,0,0,14.304,57.131,14.262,0,0,14.304,0,0
0,0,0,0,0,69.217,0,0,30.783,0,0,0,0,0,0,0,69.217,26.038,4.7454,0,0,0,0,0,0,0,14.328,54.889,0,0,0,30.783,0,0
0,0,0,0,0,100,0,0,0,0,0,0,0,0,0,0,100,0,0,0,0,0,0,0,0,0,0,100,0,0,0,0,0,0
0,0,0,0,0,100,0,0,0,0,0,0,0,0,0,0,100,0,0,0,0,0,0,0,0,0,0,100,0,0,0,0,0,0
0,0,0,0,0,100,0,0,0,0,0,0,0,0,0,0,100,0,0,0,0,0,0,0,0,0,0,100,0,0,0,0,0,0
0,0,0,0,0,100,0,0,0,0,0,0,0,0,0,0,100,0,0,0,0,0,0,0,0,0,0,100,0,0,0,0,0,0
0,0,3.144,0,0,82.594,0,0,14.262,0,0,0,0,0,0,0,82.594,17.406,0,0,0,0,3.144,0,0,0,17.406,65.188,0,0,0,10.083,4.179,0
0,0,3.8529,0,0,72.674,0,0,23.473,0,0,3.8529,0,0,0,0,72.674,23.473,0,0,0,0,3.8529,0,0,0,12.757,59.917,0,3.8529,0,15.767,3.8529,0
0,0,17.84,0,0,59.82,0,0,22.34,0,0,11.5,0,0,0,0,59.82,25.319,0,0,3.3609,0,14.479,0,3.3609,0,14.479,45.341,0,11.5,0,2.7,8.1394,0
0,0,4.8909,0,0,78.699,0,0,16.41,0,0,2.4328,0,0,0,0,72.154,22.981,0,0,2.4328,0,2.4581,0,2.4328,0,29.526,49.173,0,2.4328,0,3.0007,10.977,0
0,0,28.362,0,0,43.276,0,0,28.362,0,0,28.362,0,0,0,0,22.37,20.906,0,0,28.362,0,0,0,28.362,0,20.906,22.37,0,7.4566,20.906,0,0,0
0,0,7.6077,0,0,63.185,0,0,29.208,0,0,29.208,0,0,0,0,56.931,6.254,0,0,7.6077,0,0,0,7.6077,0,12.508,50.677,0,7.6077,21.6,0,0,0
0,2.7105,0,0,33.516,27.151,0,0,11.946,0,24.676,0,11.946,6.3649,12.14,6.2471,11.314,9.2358,11.668,9.4295,12.418,9.2358,0,0,2.7105,0,15.483,11.668,3.1825,21.654,18.033,27.269,0,0
0,13.581,0,0,20.159,28.002,0,0,12.093,8.0689,18.095,0,22.834,3.372,7.5374,3.9005,15.243,13.498,12.705,2.1015,9.2528,9.5554,0,0,13.581,0,11.925,16.077,1.573,23.279,13.708,19.857,0,0
0,2.3433,0,0,21.834,44.116,3.7521,11.026,2.3433,0,14.586,11.026,2.3433,0,17.121,6.1212,18.056,3.7521,21.834,13.626,0,6.1212,0,3.7521,13.369,0,3.7521,36.612,3.7521,6.1212,27.955,4.6866,0,0
0,6.0039,0,0,26.695,25.726,0,4.2582,5.7448,2.0142,29.558,4.2582,9.7731,11.192,13.254,5.0632,12.856,7.7589,11.336,9.6716,8.3776,6.4591,0,0,10.262,0,8.1567,17.569,6.5839,16.851,23.204,17.373,0,0
0,0,0,0,0,82.336,17.664,0,0,0,0,0,0,0,0,17.664,82.336,0,0,0,0,0,0,0,0,0,17.664,82.336,0,0,0,0,0,0
0,0,0,0,0,58.245,41.755,0,0,0,0,0,0,0,0,41.755,11.166,0,47.079,0,0,0,0,0,0,0,41.755,58.245,0,0,0,0,0,0
0,0,0,0,0,56.871,43.129,0,0,0,0,0,0,0,0,43.129,27.485,0,29.386,0,0,0,0,0,0,0,43.129,56.871,0,0,0,0,0,0
0,0,5.2276,9.2755,22.538,24.197,14.503,14.983,9.2755,0,0,14.983,0,0,9.4849,13.053,14.983,5.2276,23.988,18.28,0,0,0,9.2755,25.438,0,3.7772,15.193,5.2276,0,9.4849,31.604,0,0
0,3.4986,0,3.9877,29.335,39.501,8.7057,3.9877,7.4863,0,3.4986,3.9877,3.4986,0,17.391,13.163,14.483,4.718,20.16,22.599,0,0,0,8.7057,7.4863,0,13.893,20.89,4.718,0,16.172,28.135,0,0
0,0,30.428,0,11.803,20.736,10.846,0,10.143,16.044,0,0,21.946,16.044,4.9448,0,10.143,4.9448,21.946,20.032,0,0,0,25.23,16.044,0,4.9448,4.9448,4.9448,11.803,16.044,16.044,0,0
0,0,5.1607,1.4561,32.885,24.082,19.49,0.70306,0.70306,15.52,0,0.70306,31.794,17.803,0,1.4561,4.4922,3.2662,35.763,3.9692,0,0.75307,0,2.5976,22.756,0,0,1.1415,6.6669,32.935,15.52,18.383,0,1
0,0,0,0,0,100,0,0,0,0,0,0,0,0,0,0,100,0,0,0,0,0,0,0,0,0,11.384,88.616,0,0,0,0,0,0
0,0,0,0,0,100,0,0,0,0,0,0,0,0,0,0,100,0,0,0,0,0,0,0,0,0,0,100,0,0,0,0,0,0
0,0,0,0,0,100,0,0,0,0,0,0,0,0,0,0,100,0,0,0,0,0,0,0,0,0,0,100,0,0,0,0,0,0
41.856,0,0,0,0,58.144,0,0,0,0,0,41.856,0,0,0,0,58.144,0,0,0,0,0,41.856,0,0,0,0,58.144,0,0,0,0,0,0
0,0,0,0,0,93.785,0,0,6.2149,0,0,0,0,0,0,0,93.785,0,6.2149,0,0,0,0,0,0,0,12.687,81.098,0,0,0,6.2149,0,0
0,0,0,0,0,100,0,0,0,0,0,0,0,0,0,0,100,0,0,0,0,0,0,0,0,0,4.637,95.363,0,0,0,0,0,0
0,0,0,0,0,93.879,0,0,6.1207,0,0,0,0,0,0,0,93.879,6.1207,0,0,0,0,0,0,0,0,18.535,75.344,0,0,0,6.1207,0,0
0,0,0,0,0,100,0,0,0,0,0,0,0,0,0,0,100,0,0,0,0,0,0,0,0,0,4.4356,95.564,0,0,0,0,0,0
0,0,0,0,0,100,0,0,0,0,0,0,0,0,0,0,100,0,0,0,0,0,0,0,0,0,0,100,0,0,0,0,0,0
50,0,0,0,0,50,0,0,0,0,0,50,0,0,0,0,50,0,0,0,0,0,0,0,0,0,0,50,50,0,0,0,0,0
0,0,0,0,0,100,0,0,0,0,0,0,0,0,0,0,100,0,0,0,0,0,0,0,0,0,0,100,0,0,0,0,0,0
50,0,0,0,0,50,0,0,0,0,0,50,0,0,0,0,50,0,0,0,0,0,0,0,0,0,0,50,50,0,0,0,0,0
0,0,0,0,0,94.796,0,0,5.204,0,0,0,0,0,0,0,94.796,5.204,0,0,0,0,0,0,0,0,10.776,84.02,0,0,0,5.204,0,0
0,0,0,0,0,100,0,0,0,0,0,0,0,0,0,0,100,0,0,0,0,0,0,0,0,0,11.947,88.053,0,0,0,0,0,0
0,0,0,0,0,100,0,0,0,0,0,0,0,0,0,0,82.988,17.012,0,0,0,0,0,0,0,0,46.265,53.735,0,0,0,0,0,0
0,0,16.776,0,0,58.621,0,0,24.604,0,0,16.776,0,0,0,0,49.673,24.604,0,0,8.948,0,7.8277,0,8.948,0,16.776,41.845,0,7.8277,8.948,0,7.8277,0
0,21.796,2.2119,0,2.5341,33.602,0,0,10.241,15.235,14.38,0,19.448,19.835,4.746,9.5938,21.474,10.563,2.5341,0,11.806,0,0,2.2119,21.796,0,2.5341,28.856,10.241,8.8848,14.38,11.097,0,0
0,17.098,9.1573,0,1.3353,53.5,0,0,10.122,8.7869,0,0,0,13.488,6.73,12.767,42.069,3.3922,0,0,4.3311,17.223,0,23.709,6.6052,10.493,1.3353,36.278,1.3353,8.0653,4.1138,8.0653,0,0
0,18.414,0,0,12.49,30.861,0,0,12.447,13.266,12.522,0,8.1307,15.462,7.7369,0,32.631,13.266,7.3113,2.5896,12.872,0,0,0,18.414,0,2.9834,27.877,2.5896,5.5729,30.073,12.49,0,0
0,13.015,10.57,0,2.4453,46.052,0,0,23.031,4.8862,0,0,0,10.57,20.585,7.5742,40.923,2.4453,0,0,10.57,7.3315,0,13.011,10.57,2.4453,2.4453,28.151,13.015,7.3315,0,23.031,0,0
0,4.7346,8.3315,0,1.4531,54.941,0,11.184,17.747,1.609,0,1.4531,1.4531,4.7346,10.922,12.531,41.72,6.8245,0,5.7407,1.8305,12.791,2.1438,18.978,1.8305,2.9041,2.1438,42.857,5.4274,4.5152,0,19.2,0,0
0,2.3207,7.6297,0,11.849,43.334,0,13.717,18.829,2.3207,0,3.0435,3.0435,0,16.508,8.8059,44.478,2.3207,0,14.115,0,7.6849,4.5862,10.673,0,2.3207,2.3207,35.649,5.3642,10.728,6.4852,21.873,0,0
0,13.542,7.2164,0,6.3253,44.988,0,0,21.603,6.3253,0,0,0,7.2164,15.278,13.542,37.772,6.3253,0,0,0,19.867,0,14.433,0,13.542,6.3253,25.121,6.3253,12.651,0,21.603,0,0
0,0,8.5195,0,0,55.758,0,0,23.619,6.052,6.052,0,0,0,23.619,26.087,27.203,0,6.052,17.039,0,0,8.5195,0,0,0,8.5195,38.719,14.571,0,0,29.671,0,0
0,0,0,0,0,71.794,28.206,0,0,0,0,0,0,0,0,28.206,64.103,0,7.6911,0,0,0,0,0,0,0,28.206,71.794,0,0,0,0,0,0
0,0,0,0,0,100,0,0,0,0,0,0,0,0,0,0,100,0,0,0,0,0,0,0,0,0,0,100,0,0,0,0,0,0
0,0,0,0,0,100,0,0,0,0,0,0,0,0,0,0,100,0,0,0,0,0,0,0,0,0,0,100,0,0,0,0,0,0
0,0,0,0,0,100,0,0,0,0,0,0,0,0,0,0,100,0,0,0,0,0,0,0,0,0,0,100,0,0,0,0,0,0
0,0,0,0,0,100,0,0,0,0,0,0,0,0,0,0,100,0,0,0,0,0,0,0,0,0,0,100,0,0,0,0,0,0
0,0,0,0,0,100,0,0,0,0,0,0,0,0,0,0,100,0,0,0,0,0,0,0,0,0,0,100,0,0,0,0,0,0
0,0,0,0,0,100,0,0,0,0,0,0,0,0,0,0,100,0,0,0,0,0,0,0,0,0,0,100,0,0,0,0,0,0
0,0,0,0,0,100,0,0,0,0,0,0,0,0,0,0,100,0,0,0,0,0,0,0,0,0,0,100,0,0,0,0,0,0
0,0,0,0,16.439,35.514,0,0,22.98,6.5408,18.527,0,0,0,22.98,16.439,25.615,0,18.527,16.439,0,0,0,0,0,0,0,35.514,12.534,5.9929,16.439,29.521,0,0
0,0,0,0,10.792,50.247,0,0,4.2203,15.013,19.728,0,0,0,4.2203,0,69.975,0,15.013,10.792,0,0,0,0,0,0,0,50.247,4.2203,15.507,10.792,19.233,0,0
0,0,0,0,18.455,43.973,0,0,11.872,11.831,13.869,0,0,0,11.872,6.6247,42.74,0,20.308,18.455,0,0,0,0,0,0,0,43.973,4.2387,9.6305,18.455,23.703,0,0
0,0,0,0,0,51.053,0,0,5.5765,5.5765,37.794,0,0,0,5.5765,0,56.63,0,37.794,0,0,0,0,0,0,0,0,51.053,21.685,16.109,0,11.153,0,0
0,0,0,0,0,100,0,0,0,0,0,0,0,0,0,0,100,0,0,0,0,0,0,0,0,0,0,100,0,0,0,0,0,0
0,0,0,0,0,84.776,0,0,0,0,15.224,0,0,0,0,0,100,0,0,0,0,0,0,0,0,0,0,84.776,0,15.224,0,0,0,0
0,0,0,0,0,100,0,0,0,0,0,0,0,0,0,0,100,0,0,0,0,0,0,0,0,0,0,100,0,0,0,0,0,0
0,0,0,0,0,100,0,0,0,0,0,0,0,0,0,0,100,0,0,0,0,0,0,0,0,0,0,100,0,0,0,0,0,0
0,9.6531,0,0,27.057,17.378,0,0,2.2511,3.701,39.959,0,9.6531,13.38,12.642,5.4739,17.144,3.701,13.677,12.164,6.6901,5.4739,0,0,9.6531,0,3.701,13.677,6.6901,15.865,28.83,21.583,0,0
0,5.427,0,0,16.677,19.818,0,0,9.7944,15.12,33.164,0,14.222,19.994,6.1549,6.5158,15.089,8.3749,2.839,4.7354,17.707,4.3674,0,0,5.427,0,4.3674,15.45,6.6549,19.986,24.921,23.193,0,0
0,0,10.991,4.8539,8.5414,54.761,10.353,4.2755,2.0456,4.1785,0,4.2755,11.165,4.1785,12.496,4.8539,16.029,8.2204,15.441,18.486,0,4.8539,0,17.166,8.454,0,8.2204,16.771,22.782,9.1199,8.454,9.0325,0,1
0,0,12.79,14.905,17.496,26.666,8.8335,5.5054,7.9906,5.8132,0,5.5054,9.1413,16.482,0,5.5054,25.198,9.3996,14.647,7.9906,0,6.1302,0,15.81,11.319,0,0,8.6039,14.734,11.991,5.8132,31.729,0,1
0,0,51.403,1.7541,2.3171,9.1344,2.6523,0.73835,16.37,15.631,0,0.73835,16.647,18.789,0,1.7541,21.559,1.914,19.299,18.284,0,1.0157,0,34.596,20.198,0,0,1.5788,6.5399,2.5945,15.631,18.862,0,1
0,0,0,0,0,80.633,0,0,0,0,19.367,0,0,0,0,9.3797,90.62,0,0,0,0,0,0,0,0,0,0,80.633,9.3797,9.9871,0,0,0,0
0,8.1534,3.505,0,0,52.658,0,0,11.909,18.651,5.1231,0,5.1231,13.277,7.2611,5.1231,47.535,4.6484,0,0,13.277,3.7561,0,7.2611,8.1534,0,0,45.397,3.505,8.8792,14.42,12.384,0,0
0,10.761,0,0,0,75.713,0,0,6.7632,6.7632,0,0,0,5.3803,6.7632,5.3803,70.333,0,0,0,5.3803,6.7632,0,6.7632,10.761,0,0,68.95,0,6.7632,0,6.7632,0,0
0,0,0,0,0,100,0,0,0,0,0,0,0,0,0,0,100,0,0,0,0,0,0,0,0,0,0,100,0,0,0,0,0,0
0,0,0,0,0,100,0,0,0,0,0,0,0,0,0,0,100,0,0,0,0,0,0,0,0,0,0,100,0,0,0,0,0,0
0,0,3.9026,0,0,81.864,0,9.0679,5.1653,0,0,0,0,0,0,0,85.767,5.1653,0,3.9026,0,5.1653,3.9026,9.0679,0,0,0,81.864,0,0,0,5.1653,0,0
0,0,8.4584,0,0,83.083,0,8.4584,0,0,0,0,0,0,0,0,91.542,0,0,8.4584,0,0,8.4584,8.4584,0,0,0,83.083,0,0,0,0,0,0
0,0,0,7.3753,0,75.394,0,0,0,0,17.231,0,0,0,7.3753,7.3753,85.249,0,0,0,0,0,0,0,0,0,0,75.394,7.3753,9.8554,0,0,7.3753,0
0,0,0,6.4456,0,70.964,0,0,0,0,22.591,0,0,0,6.4456,9.9219,83.633,0,0,0,0,0,0,0,0,0,0,70.964,9.9219,12.669,0,0,6.4456,0
0,0,0,6.1739,0,93.826,0,0,0,0,0,0,0,0,6.1739,0,93.826,0,0,0,0,0,0,0,0,0,0,93.826,0,0,0,0,6.1739,0
0,0,0,5.0644,0,94.936,0,0,0,0,0,0,0,0,5.0644,0,94.936,0,0,0,0,0,0,0,0,0,0,94.936,0,0,0,0,5.0644,0
0,0,0,4.8236,0,90.353,0,0,0,0,4.8236,0,0,0,4.8236,4.8236,90.353,0,0,0,0,0,0,0,0,0,0,90.353,4.8236,0,0,0,4.8236,0
0,0,0,4.397,0,95.603,0,0,0,0,0,0,0,0,4.397,0,95.603,0,0,0,0,0,0,0,0,0,0,95.603,0,0,0,0,4.397,0
0,0,0,0,0,100,0,0,0,0,0,0,0,0,0,0,100,0,0,0,0,0,0,0,0,0,0,100,0,0,0,0,0,0
0,0,0,0,0,100,0,0,0,0,0,0,0,0,0,0,100,0,0,0,0,0,0,0,0,0,0,100,0,0,0,0,0,0
0,0,0,0,0,87.004,0,0,0,0,12.996,0,0,0,0,8.2912,91.709,0,0,0,0,0,0,0,0,0,0,87.004,8.2912,4.7049,0,0,0,0
0,0,0,31.19,0,51.046,0,0,0,0,17.764,0,0,0,11.145,11.145,57.665,0,20.044,0,0,0,0,0,0,0,0,51.046,11.145,6.6189,0,0,31.19,0
0,0,0,0,0,85.835,0,0,0,0,14.165,0,0,0,0,0,100,0,0,0,0,0,0,0,0,0,0,85.835,0,14.165,0,0,0,0
0,0,0,13.39,0,66.667,0,0,0,0,19.943,0,0,0,0,0,86.61,0,13.39,0,0,0,0,0,0,0,0,66.667,0,19.943,0,0,13.39,0
0,0,0,20.287,0,79.713,0,0,0,0,0,0,0,0,6.897,0,79.713,0,13.39,0,0,0,0,0,0,0,0,79.713,0,0,0,0,20.287,0
0,0,0,6.4353,0,93.565,0,0,0,0,0,0,0,0,0,0,93.565,0,6.4353,0,0,0,0,0,0,0,0,93.565,0,0,0,0,6.4353,0
0,0,0,11.324,0,88.676,0,0,0,0,0,0,0,0,0,0,88.676,0,11.324,0,0,0,0,0,0,0,0,88.676,0,0,0,0,11.324,0
0,0,0,0,0,100,0,0,0,0,0,0,0,0,0,0,100,0,0,0,0,0,0,0,0,0,0,100,0,0,0,0,0,0
0,0,0,0,0,100,0,0,0,0,0,0,0,0,0,0,100,0,0,0,0,0,0,0,0,0,0,100,0,0,0,0,0,0
0,0,0,0,0,100,0,0,0,0,0,0,0,0,0,0,100,0,0,0,0,0,0,0,0,0,0,100,0,0,0,0,0,0
0,0,0,0,0,100,0,0,0,0,0,0,0,0,0,0,100,0,0,0,0,0,0,0,0,0,0,100,0,0,0,0,0,0
0,0,0,0,0,100,0,0,0,0,0,0,0,0,0,0,100,0,0,0,0,0,0,0,0,0,0,100,0,0,0,0,0,0
0,0,0,0,0,100,0,0,0,0,0,0,0,0,0,0,100,0,0,0,0,0,0,0,0,0,0,100,0,0,0,0,0,0
0,0,0,0,0,100,0,0,0,0,0,0,0,0,0,0,100,0,0,0,0,0,0,0,0,0,0,100,0,0,0,0,0,0
0,0,0,0,0,100,0,0,0,0,0,0,0,0,0,0,100,0,0,0,0,0,0,0,0,0,0,100,0,0,0,0,0,0
0,0,0,0,0,100,0,0,0,0,0,0,0,0,0,0,100,0,0,0,0,0,0,0,0,0,0,100,0,0,0,0,0,0
0,0,0,0,0,100,0,0,0,0,0,0,0,0,0,0,100,0,0,0,0,0,0,0,0,0,0,100,0,0,0,0,0,0
0,26.423,0,0,11.296,35.369,0,0,5.724,12.852,8.337,0,14.255,13.114,9.2119,3.2218,27.103,12.852,7.1276,2.0843,11.03,0,0,0,26.423,0,7.1276,28.241,2.0843,9.2119,15.617,11.296,0,0
0,16.871,9.3447,0,1.4606,55.599,0,2.8148,12.449,1.4606,0,0,0,12.377,8.1738,7.1248,49.935,4.2755,0,0,9.7459,8.3675,0,14.791,12.779,4.0921,1.4606,43.333,8.1738,2.9212,0,12.449,0,0
0,0,4.3741,28.959,0,66.667,0,0,0,0,0,0,4.3741,0,0,4.3741,57.919,24.585,4.3741,0,0,4.3741,0,4.3741,0,0,0,24.585,37.707,4.3741,0,28.959,0,1
0,5.3726,5.581,0,7.6367,50.3,0,10.109,13.186,7.8138,0,2.2641,2.2641,0,7.8138,5.3726,55.881,5.3726,0,5.581,0,15.451,3.3169,10.286,0,5.3726,5.3726,34.85,7.6367,17.715,0,15.451,0,0
0,0,6.6526,0,2.3822,71.054,0,11.394,8.5173,0,0,2.3822,2.3822,0,4.2704,8.5408,60.625,4.2469,0,10.923,0,6.6291,4.2704,9.0114,0,0,4.2704,60.131,6.6526,4.7644,0,10.9,0,0
0,1.8932,17.249,0,1.8932,49.083,0,10.148,14.518,1.8932,3.3215,3.3215,13.829,0,5.5564,9.2195,41.173,5.6403,0,10.406,3.3215,7.5335,6.7424,6.8263,0,1.8932,5.5564,27.464,19.385,7.1079,0,25.025,0,0
0,0,3.1753,0,6.2896,39.472,6.8342,13.246,11.16,16.709,3.1143,3.1753,10.615,3.1143,6.2286,7.4398,35.814,6.8342,0,13.655,3.1143,10.01,0,13.79,3.7199,6.8342,3.1143,22.097,13.655,6.3506,17.314,13.124,0,0
0,0,8.3704,0,8.3704,48.192,0,25.111,0,9.9555,0,8.3704,8.3704,0,0,0,56.563,0,0,18.326,0,8.3704,0,16.741,0,0,0,29.866,18.326,16.741,9.9555,8.3704,0,0
0,0,11.607,0,2.1073,50.588,2.1073,7.1564,7.1564,10.013,9.2637,7.1564,18.764,2.1073,7.9061,0,48.481,2.1073,0,2.1073,9.2637,2.1073,0,0,0,2.1073,2.1073,32.213,25.532,7.1564,7.9061,22.978,0,0
0,0,8.6069,32.786,5.7655,52.841,0,0,0,0,0,0,2.8414,11.531,0,2.8414,17.214,29.945,2.8414,0,0,32.786,0,8.6069,0,0,0,5.7655,44.235,8.6069,0,32.786,0,1
0,0,17.219,12.389,10.709,41.175,5.3545,0,3.8992,9.2537,0,0,20.13,9.2537,0,5.5218,28.676,6.8668,20.13,3.8992,0,5.5218,0,13.32,9.2537,0,0,6.8668,23.432,16.231,9.2537,21.642,0,1
0,0,0,0,0,100,0,0,0,0,0,0,0,0,0,0,100,0,0,0,0,0,0,0,0,0,0,75,25,0,0,0,0,0
0,0,0,0,0,81.891,0,8.9432,0,9.1662,0,0,0,0,5.0147,4.4716,81.891,0,0,8.623,0,0,0,8.9432,0,0,0,31.97,49.921,0,9.1662,0,0,0
0,0,0,0,0,50,0,50,0,0,0,0,0,0,0,25,50,0,0,25,0,0,0,50,0,0,0,25,25,0,0,0,0,0
0,0,0,7.6265,15.893,44.695,15.893,15.893,0,0,0,0,0,5.0843,0,18.435,58.046,0,0,13.351,2.5422,2.5422,0,15.893,0,15.893,2.5422,12.267,29.887,0,5.0843,18.435,0,0
0,0,1.767,17.492,41.672,17,7.4697,9.8345,4.7651,0,0,0,0,22.793,1.767,7.6976,46.838,0,2.8562,9.6066,3.676,4.7651,0,13.51,0,5.5608,1.9089,8.3312,6.7601,1.9089,30.809,31.21,0,1
0,0,4.0539,0,19.38,40.178,0,0,8.3719,23.698,4.318,0,0,0,8.3719,8.1079,32.334,0,23.698,27.488,0,0,4.0539,0,0,0,4.0539,32.07,8.3719,0,19.38,32.07,0,0
0,0,18.089,0,10.47,20.956,9.6886,8.6799,15.441,11.542,5.1331,8.2014,8.3773,4.1098,9.0317,10.068,10.613,19.757,11.667,10.532,5.1331,2.5106,4.0106,25.715,13.714,2.5106,4.1098,2.6225,7.2109,6.6331,10.631,21.244,1.5993,1
0,0,8.522,0,9.3325,27.65,13.971,9.8591,23.106,5.1357,2.4227,10.356,11.231,3.2674,3.4485,11.492,21.613,19.923,9.219,4.2577,2.4227,2.7702,1.2852,25.377,15.37,2.7702,3.2674,13.974,4.1099,3.7079,11.173,15.697,3.2674,1
0,0,8.5509,0,14.636,14.681,12.921,15.249,20.673,10.406,2.8822,13.693,20.808,2.8822,12.735,8.1446,5.0315,12.742,5.0315,11.612,2.8822,4.4387,6.9702,26.869,8.1001,4.4387,2.8822,0,2.8822,6.9702,21.565,14.112,5.2105,1
0,0,0,0,0,100,0,0,0,0,0,0,0,0,0,0,100,0,0,0,0,0,0,0,0,0,0,100,0,0,0,0,0,0
0,0,0,0,0,100,0,0,0,0,0,0,0,0,0,0,100,0,0,0,0,0,0,0,0,0,0,100,0,0,0,0,0,0
0,0,11.967,0,8.6843,32.418,11.421,19.779,12.416,2.4855,0.82851,8.9334,22.475,2.1145,6.9142,17.673,2.6881,18.131,10.476,6.0857,0.82851,3.6812,8.0348,33.018,22.518,3.6812,2.1145,0,10.108,2.4797,5.7958,8.4838,3.7657,1
0,0,29.157,0,4.8977,21.725,4.9718,18.622,15.025,5.6021,0,6.1975,5.0459,0,19.252,20.499,6.8014,9.2742,6.8014,24.854,0,1.2734,30.403,22.347,3.6721,1.2734,0,0,11.151,8.1012,6.8756,13.677,2.4991,1
0,0,21.963,0,2.6247,45.575,2.6247,18.61,5.735,2.8675,0,5.2493,29.346,0,5.4921,16.228,2.8675,16.228,16.228,8.3596,0,0,5.4921,37.706,26.722,0,0,0,13.361,5.4921,2.8675,5.735,2.6247,1
0,0,10.982,0,5.338,19.374,14.179,8.593,24.437,13.603,3.4935,6.4658,14.43,6.2705,11.953,11.314,3.1219,17.073,7.5154,11.582,3.4935,6.7811,4.9664,22.518,9.2976,6.7811,6.2705,0,5.1101,4.9664,16.173,19.295,4.6214,1
0,0,20.135,0,4.4199,26.605,12.808,9.7837,22.798,3.4506,0,7.5088,13.371,5.2988,6.9884,13.234,5.6605,22.504,14.995,10.439,0,0,10.526,26.902,17.791,0,5.2988,0,7.5738,3.4506,8.7494,14.41,5.2988,1
0,0,0,0,0,100,0,0,0,0,0,0,0,0,0,0,100,0,0,0,0,0,0,0,0,0,0,100,0,0,0,0,0,0
0,0,0,0,0,100,0,0,0,0,0,0,0,0,0,0,100,0,0,0,0,0,0,0,0,0,0,100,0,0,0,0,0,0
0,0,0,0,0,100,0,0,0,0,0,0,0,0,0,0,100,0,0,0,0,0,0,0,0,0,0,100,0,0,0,0,0,0
0,0,0,0,0,100,0,0,0,0,0,0,0,0,0,0,100,0,0,0,0,0,0,0,0,0,0,100,0,0,0,0,0,0
0,0,0,0,3.3626,75.23,3.3626,0,0,14.682,3.3626,0,0,3.3626,6.7252,0,71.867,3.3626,0,7.957,3.3626,3.3626,0,0,0,3.3626,3.3626,60.266,14.964,0,11.32,6.7252,0,0
0,0,0,0,0,16.667,33.333,0,50,0,0,16.667,16.667,16.667,0,0,0,33.333,16.667,0,0,0,0,16.667,16.667,0,16.667,0,0,0,16.667,16.667,16.667,0
0,0,0,16.21,23.962,27.212,5.4034,27.212,0,0,0,0,0,16.993,0,21.711,39.585,0,0,10.904,5.4034,5.4034,0,27.212,0,5.4034,5.4034,10.904,10.904,0,23.18,16.993,0,1
0,0,0,0,0,75,0,0,0,25,0,0,0,0,25,0,75,0,0,0,0,0,0,0,0,0,0,75,0,0,25,0,0,0
0,0,0,0,0,100,0,0,0,0,0,0,0,0,0,0,100,0,0,0,0,0,0,0,0,0,0,100,0,0,0,0,0,0
0,0,0,0,0,100,0,0,0,0,0,0,0,0,0,0,100,0,0,0,0,0,0,0,0,0,0,100,0,0,0,0,0,0
0,0,0,33.489,25.072,21.098,10.17,10.17,0,0,0,0,0,27.294,0,16.366,39.974,0,0,3.9744,6.1958,6.1958,0,10.17,0,10.17,6.1958,14.902,0,0,27.294,31.268,0,1
0,0,0,0,0,100,0,0,0,0,0,0,0,0,0,0,100,0,0,0,0,0,0,0,0,0,0,100,0,0,0,0,0,0
0,0,0,0,0,100,0,0,0,0,0,0,0,0,0,0,100,0,0,0,0,0,0,0,0,0,0,100,0,0,0,0,0,0
0,0,0,0,0,100,0,0,0,0,0,0,0,0,0,0,100,0,0,0,0,0,0,0,0,0,0,100,0,0,0,0,0,0
0,0,0,0,0,100,0,0,0,0,0,0,0,0,0,0,100,0,0,0,0,0,0,0,0,0,0,100,0,0,0,0,0,0
0,0,0,0,0,100,0,0,0,0,0,0,0,0,0,0,100,0,0,0,0,0,0,0,0,0,0,100,0,0,0,0,0,0
0,0,0,0,0,100,0,0,0,0,0,0,0,0,0,0,100,0,0,0,0,0,0,0,0,0,0,100,0,0,0,0,0,0
0,0,0,0,0,100,0,0,0,0,0,0,0,0,0,0,100,0,0,0,0,0,0,0,0,0,0,100,0,0,0,0,0,0
0,0,0,0,0,100,0,0,0,0,0,0,0,0,0,0,100,0,0,0,0,0,0,0,0,0,0,100,0,0,0,0,0,0
0,0,0,0,0,100,0,0,0,0,0,0,0,0,0,0,100,0,0,0,0,0,0,0,0,0,0,100,0,0,0,0,0,0
0,0,0,0,0,100,0,0,0,0,0,0,0,0,0,0,100,0,0,0,0,0,0,0,0,0,0,100,0,0,0,0,0,0
0,0,0,0,0,100,0,0,0,0,0,0,0,0,0,0,100,0,0,0,0,0,0,0,0,0,0,100,0,0,0,0,0,0
0,0,0,0,0,100,0,0,0,0,0,0,0,0,0,0,100,0,0,0,0,0,0,0,0,0,0,100,0,0,0,0,0,0
0,0,0,0,0,100,0,0,0,0,0,0,0,0,0,0,100,0,0,0,0,0,0,0,0,0,0,100,0,0,0,0,0,0
0,0,0,0,0,100,0,0,0,0,0,0,0,0,0,0,100,0,0,0,0,0,0,0,0,0,0,100,0,0,0,0,0,0
0,0,0,0,0,100,0,0,0,0,0,0,0,0,0,0,100,0,0,0,0,0,0,0,0,0,0,100,0,0,0,0,0,0
0,0,0,0,0,100,0,0,0,0,0,0,0,0,0,0,100,0,0,0,0,0,0,0,0,0,0,100,0,0,0,0,0,0
0,0,0,0,0,100,0,0,0,0,0,0,0,0,0,0,100,0,0,0,0,0,0,0,0,0,0,100,0,0,0,0,0,0
0,0,0,0,0,100,0,0,0,0,0,0,0,0,0,0,100,0,0,0,0,0,0,0,0,0,0,100,0,0,0,0,0,0
0,0,0,0,0,100,0,0,0,0,0,0,0,0,0,0,100,0,0,0,0,0,0,0,0,0,0,100,0,0,0,0,0,0
0,0,0,0,0,100,0,0,0,0,0,0,0,0,0,0,100,0,0,0,0,0,0,0,0,0,0,100,0,0,0,0,0,0
0,0,0,0,0,100,0,0,0,0,0,0,0,0,0,0,100,0,0,0,0,0,0,0,0,0,0,100,0,0,0,0,0,0
0,0,0,0,0,100,0,0,0,0,0,0,0,0,0,0,100,0,0,0,0,0,0,0,0,0,0,100,0,0,0,0,0,0
0,0,0,0,0,100,0,0,0,0,0,0,0,0,0,0,100,0,0,0,0,0,0,0,0,0,0,100,0,0,0,0,0,0
0,0,0,0,0,100,0,0,0,0,0,0,0,0,0,0,100,0,0,0,0,0,0,0,0,0,0,100,0,0,0,0,0,0
0,0,0,0,0,100,0,0,0,0,0,0,0,0,0,0,100,0,0,0,0,0,0,0,0,0,0,100,0,0,0,0,0,0
0,0,0,0,0,100,0,0,0,0,0,0,0,0,0,0,100,0,0,0,0,0,0,0,0,0,0,100,0,0,0,0,0,0
0,0,0,0,0,100,0,0,0,0,0,0,0,0,0,0,100,0,0,0,0,0,0,0,0,0,0,100,0,0,0,0,0,0
0,0,0,0,0,100,0,0,0,0,0,0,0,0,0,0,100,0,0,0,0,0,0,0,0,0,0,100,0,0,0,0,0,0
0,0,0,0,0,100,0,0,0,0,0,0,0,0,0,0,100,0,0,0,0,0,0,0,0,0,0,100,0,0,0,0,0,0
0,0,0,0,0,100,0,0,0,0,0,0,0,0,0,0,100,0,0,0,0,0,0,0,0,0,0,100,0,0,0,0,0,0
0,0,0,0,0,100,0,0,0,0,0,0,0,0,0,0,100,0,0,0,0,0,0,0,0,0,0,100,0,0,0,0,0,0
0,0,0,0,0,100,0,0,0,0,0,0,0,0,0,0,100,0,0,0,0,0,0,0,0,0,0,100,0,0,0,0,0,0
0,0,0,0,0,100,0,0,0,0,0,0,0,0,0,0,100,0,0,0,0,0,0,0,0,0,0,100,0,0,0,0,0,0
0,0,0,0,0,100,0,0,0,0,0,0,0,0,0,0,100,0,0,0,0,0,0,0,0,0,0,100,0,0,0,0,0,0
0,0,0,0,0,100,0,0,0,0,0,0,0,0,0,0,100,0,0,0,0,0,0,0,0,0,0,100,0,0,0,0,0,0
0,0,0,0,0,100,0,0,0,0,0,0,0,0,0,0,100,0,0,0,0,0,0,0,0,0,0,100,0,0,0,0,0,0
0,0,0,0,0,100,0,0,0,0,0,0,0,0,0,0,100,0,0,0,0,0,0,0,0,0,0,100,0,0,0,0,0,0
0,0,0,0,0,100,0,0,0,0,0,0,0,0,0,0,100,0,0,0,0,0,0,0,0,0,0,100,0,0,0,0,0,0
0,0,0,0,0,100,0,0,0,0,0,0,0,0,0,0,100,0,0,0,0,0,0,0,0,0,0,100,0,0,0,0,0,0
0,0,0,0,0,100,0,0,0,0,0,0,0,0,0,0,100,0,0,0,0,0,0,0,0,0,0,100,0,0,0,0,0,0
0,0,0,0,0,100,0,0,0,0,0,0,0,0,0,0,100,0,0,0,0,0,0,0,0,0,0,100,0,0,0,0,0,0
0,0,0,0,0,100,0,0,0,0,0,0,0,0,0,0,100,0,0,0,0,0,0,0,0,0,0,100,0,0,0,0,0,0
0,0,0,0,0,100,0,0,0,0,0,0,0,0,0,0,100,0,0,0,0,0,0,0,0,0,0,100,0,0,0,0,0,0
0,0,0,0,0,100,0,0,0,0,0,0,0,0,0,0,100,0,0,0,0,0,0,0,0,0,0,100,0,0,0,0,0,0
0,0,0,0,0,100,0,0,0,0,0,0,0,0,0,0,100,0,0,0,0,0,0,0,0,0,0,100,0,0,0,0,0,0
0,0,0,0,0,100,0,0,0,0,0,0,0,0,0,0,100,0,0,0,0,0,0,0,0,0,0,100,0,0,0,0,0,0
0,0,0,0,0,100,0,0,0,0,0,0,0,0,0,0,100,0,0,0,0,0,0,0,0,0,0,100,0,0,0,0,0,0
0,0,0,0,0,100,0,0,0,0,0,0,0,0,0,0,100,0,0,0,0,0,0,0,0,0,0,100,0,0,0,0,0,0
0,0,0,0,0,100,0,0,0,0,0,0,0,0,0,0,100,0,0,0,0,0,0,0,0,0,0,100,0,0,0,0,0,0
0,0,0,0,0,100,0,0,0,0,0,0,0,0,0,0,100,0,0,0,0,0,0,0,0,0,0,100,0,0,0,0,0,0
0,0,0,0,0,100,0,0,0,0,0,0,0,0,0,0,100,0,0,0,0,0,0,0,0,0,0,100,0,0,0,0,0,0
0,0,0,0,0,100,0,0,0,0,0,0,0,0,0,0,100,0,0,0,0,0,0,0,0,0,0,100,0,0,0,0,0,0
0,0,0,0,0,100,0,0,0,0,0,0,0,0,0,0,100,0,0,0,0,0,0,0,0,0,0,100,0,0,0,0,0,0
0,0,0,0,0,100,0,0,0,0,0,0,0,0,0,0,100,0,0,0,0,0,0,0,0,0,0,100,0,0,0,0,0,0
0,0,0,0,0,100,0,0,0,0,0,0,0,0,0,0,100,0,0,0,0,0,0,0,0,0,0,100,0,0,0,0,0,0
0,0,0,0,0,100,0,0,0,0,0,0,0,0,0,0,100,0,0,0,0,0,0,0,0,0,0,100,0,0,0,0,0,0
0,0,0,0,0,100,0,0,0,0,0,0,0,0,0,0,100,0,0,0,0,0,0,0,0,0,0,100,0,0,0,0,0,0
0,0,0,0,0,100,0,0,0,0,0,0,0,0,0,0,100,0,0,0,0,0,0,0,0,0,0,100,0,0,0,0,0,0
0,0,0,0,0,100,0,0,0,0,0,0,0,0,0,0,100,0,0,0,0,0,0,0,0,0,0,100,0,0,0,0,0,0
0,0,0,0,0,100,0,0,0,0,0,0,0,0,0,0,100,0,0,0,0,0,0,0,0,0,0,100,0,0,0,0,0,0
0,0,0,0,0,100,0,0,0,0,0,0,0,0,0,0,100,0,0,0,0,0,0,0,0,0,0,100,0,0,0,0,0,0
0,0,0,0,0,100,0,0,0,0,0,0,0,0,0,0,100,0,0,0,0,0,0,0,0,0,0,100,0,0,0,0,0,0
0,0,0,0,0,100,0,0,0,0,0,0,0,0,0,0,100,0,0,0,0,0,0,0,0,0,0,100,0,0,0,0,0,0
0,0,0,0,0,100,0,0,0,0,0,0,0,0,0,0,100,0,0,0,0,0,0,0,0,0,0,100,0,0,0,0,0,0
0,0,0,0,0,100,0,0,0,0,0,0,0,0,0,0,100,0,0,0,0,0,0,0,0,0,0,50,50,0,0,0,0,0
0,0,0,0,0,100,0,0,0,0,0,0,0,0,0,0,100,0,0,0,0,0,0,0,0,0,0,43.513,56.487,0,0,0,0,0
0,0,0,0,76.739,23.261,0,0,0,0,0,0,0,26.739,23.261,0,23.261,0,0,26.739,0,0,0,0,0,0,0,23.261,0,53.478,23.261,0,0,0
0,0,0,0,53.857,46.143,0,0,0,0,0,0,0,0,26.929,0,46.143,0,0,26.929,0,0,0,0,0,0,0,46.143,0,26.929,26.929,0,0,0
0,0,0,0,77.631,7.4562,7.4562,7.4562,0,0,0,0,0,31.359,7.4562,0,14.912,7.4562,0,38.816,0,0,0,7.4562,7.4562,0,0,7.4562,0,70.175,7.4562,0,0,0
0,0,0,0,38.043,33.697,14.13,14.13,0,0,0,0,0,0,14.13,9.7833,28.26,14.13,19.567,14.13,0,0,0,14.13,14.13,0,0,23.913,9.7833,23.913,14.13,0,0,0
0,0,0,0,100,0,0,0,0,0,0,0,0,30.979,19.021,0,0,0,0,50,0,0,0,0,0,0,0,0,0,80.979,19.021,0,0,0
0,0,0,0,50,50,0,0,0,0,0,0,0,0,50,0,50,0,0,0,0,0,0,0,0,0,0,50,0,0,50,0,0,0
0,0,0,24.535,34.658,24.616,5.2324,10.959,0,0,0,0,0,17.703,17.723,23.084,13.575,3.4462,15.107,9.3605,0,0,0,5.2324,10.959,0,0,22,0,22.167,15.107,24.535,0,0
6.6859,0,14.118,19.942,1.8765,26.15,19.464,0,11.764,0,0,12.51,1.8765,7.4318,0,1.8765,24.751,0,20.864,17.319,6.6859,6.6859,17.319,0,6.6859,6.9545,5.6296,13.64,5.5552,15.711,0,23.426,5.078,1
0,0,0,0,44.201,55.799,0,0,0,0,0,0,34.874,0,0,18.6,18.654,9.2726,0,0,18.6,0,0,0,0,0,0,18.654,37.145,0,44.201,0,0,0
0,0,0,0,28.767,71.233,0,0,0,0,0,0,7.0706,0,0,14.626,42.775,6.7615,0,0,28.767,0,0,0,0,0,0,42.775,28.458,0,28.767,0,0,0
0,0,0,0,14.315,85.685,0,0,0,0,0,0,7.1575,0,0,14.719,34.37,14.719,0,0,29.034,0,0,0,0,0,0,34.37,51.315,0,14.315,0,0,0
0,0,0,0,44.528,55.472,0,0,0,0,0,0,0,0,33.585,21.887,0,10.943,33.585,0,0,0,0,0,0,0,0,40.297,15.175,10.943,33.585,0,0,0
0,0,0,0,50,50,0,0,0,0,0,0,0,0,50,0,0,0,50,0,0,0,0,0,0,0,0,0,50,0,50,0,0,0
0,0,0,0,72.661,27.339,0,0,0,0,0,0,0,0,58.992,13.669,0,0,27.339,0,0,0,0,0,0,0,0,13.669,13.669,13.669,58.992,0,0,0
0,8.9668,0,0,23.431,37.351,15.126,15.126,0,0,0,17.934,0,8.9668,6.1591,20.079,12.318,6.1591,22.225,6.1591,0,0,8.9668,6.1591,15.126,8.9668,0,26.238,11.112,17.272,6.1591,0,0,0
23.881,3.0674,13.491,8.6582,0,28.21,4.3291,0,15.297,3.0674,0,7.3965,0,4.3291,0,0,32.539,0,21.391,7.3965,3.0674,23.881,4.3291,0,9.1618,17.786,0,11.651,16.558,4.3291,0,23.955,12.229,0
3.9541,3.9541,0,0,17.499,27.064,3.4388,8.4501,14.786,20.854,0,15.843,0,8.4501,0,19.671,15.843,9.0492,7.3929,15.843,3.9541,3.9541,8.4501,3.4388,3.4388,7.9082,0,23.11,3.9541,17.499,8.4501,11.347,12.404,1
10.899,4.2809,5.7494,0,7.3229,25.096,6.7922,11.685,15.958,12.216,0,18.478,0,9.0925,0,11.685,23.408,2.5113,7.697,10.479,5.7494,10.899,12.249,5.1041,9.9488,12.024,0,22.503,2.5929,7.3229,7.4045,10.854,9.9973,1
0,0,0,0,66.667,33.333,0,0,0,0,0,0,33.333,0,0,0,0,0,0,0,66.667,0,0,0,0,0,0,0,33.333,0,66.667,0,0,0
0,0,0,0,0,73.764,0,0,26.236,0,0,0,0,0,0,0,73.764,0,0,26.236,0,0,0,26.236,0,0,0,73.764,0,0,0,0,0,0
0,0,0,0,9.5976,90.402,0,0,0,0,0,0,0,0,0,9.5976,80.805,0,0,0,9.5976,0,0,0,0,0,0,80.805,9.5976,0,9.5976,0,0,0
0,0,0,0,0,100,0,0,0,0,0,0,0,0,0,0,100,0,0,0,0,0,0,0,0,0,0,100,0,0,0,0,0,0
0,0,0,0,12.501,49.997,12.501,0,25.002,0,0,12.501,0,0,0,0,49.997,12.501,12.501,12.501,0,0,0,12.501,12.501,0,0,49.997,0,12.501,0,12.501,0,0
0,0,23.302,0,0,50.052,0,6.5953,13.462,6.5893,0,19.871,6.6866,0,6.8729,6.5893,36.77,6.5953,0,0,13.179,3.4364,16.718,6.5893,16.712,0,16.621,26.744,0,0,0,6.5893,10.026,0
0,0,27.224,0,0,47.458,0,0,12.659,12.659,0,12.659,5.0584,0,6.0111,12.659,42.399,0,0,0,21.213,0,11.069,13.612,7.6009,0,7.6009,24.681,10.117,5.0584,0,7.6009,12.659,0
0,0,23.637,0,0,54.298,0,0,11.704,10.361,0,11.031,8.7837,6.0538,13.66,2.7477,43.955,1.5594,2.2472,0,6.2635,3.6984,19.433,6.9512,9.7344,0,8.1927,27.148,10.174,4.9949,3.8066,1.5594,8.0055,1
0,0,0,0,0,100,0,0,0,0,0,0,0,0,0,15.591,84.409,0,0,0,0,0,0,0,0,0,0,83.406,16.594,0,0,0,0,0
0,0,0,0,0,100,0,0,0,0,0,0,0,0,0,27.056,72.944,0,0,0,0,0,0,0,0,0,27.056,72.944,0,0,0,0,0,0
0,0,0,0,0,100,0,0,0,0,0,0,0,0,0,14.1,85.9,0,0,0,0,0,0,0,0,0,0,100,0,0,0,0,0,0
0,0,0,0,0,100,0,0,0,0,0,0,0,0,0,14.755,85.245,0,0,0,0,0,0,0,0,0,14.755,70.489,14.755,0,0,0,0,0
0,0,0,0,0,100,0,0,0,0,0,0,0,0,0,14.215,85.785,0,0,0,0,0,0,0,0,14.215,0,85.785,0,0,0,0,0,0
0,0,0,0,0,100,0,0,0,0,0,0,0,0,0,0,100,0,0,0,0,0,0,0,0,0,0,100,0,0,0,0,0,0
0,0,0,0,0,100,0,0,0,0,0,0,0,0,0,12.949,87.051,0,0,0,0,0,0,0,0,12.949,0,87.051,0,0,0,0,0,0
0,0,0,0,0,100,0,0,0,0,0,0,0,0,0,0,100,0,0,0,0,0,0,0,0,0,0,100,0,0,0,0,0,0
0,0,0,0,0,100,0,0,0,0,0,0,0,0,0,18.434,81.566,0,0,0,0,0,0,0,0,0,5.8253,60.155,34.019,0,0,0,0,0
0,0,0,0,0,100,0,0,0,0,0,0,0,0,0,11.005,88.995,0,0,0,0,0,0,0,0,2.8889,5.8916,70.457,20.763,0,0,0,0,0
0,0,0,0,0,100,0,0,0,0,0,0,0,0,0,9.9457,90.054,0,0,0,0,0,0,0,0,0,0,81.438,18.562,0,0,0,0,0
0,0,0,0,0,100,0,0,0,0,0,0,0,0,0,0,100,0,0,0,0,0,0,0,0,0,0,67.597,32.403,0,0,0,0,0
0,0,0,0,0,100,0,0,0,0,0,0,0,0,0,0,100,0,0,0,0,0,0,0,0,0,0,100,0,0,0,0,0,0
0,0,0,0,0,100,0,0,0,0,0,0,0,0,0,0,100,0,0,0,0,0,0,0,0,0,0,100,0,0,0,0,0,0
0,0,0,0,0,100,0,0,0,0,0,0,0,0,0,0,100,0,0,0,0,0,0,0,0,0,0,100,0,0,0,0,0,0
0,0,0,0,0,100,0,0,0,0,0,0,0,0,0,0,100,0,0,0,0,0,0,0,0,0,0,100,0,0,0,0,0,0
0,0,0,0,0,100,0,0,0,0,0,0,0,0,0,0,100,0,0,0,0,0,0,0,0,0,0,100,0,0,0,0,0,0
0,0,0,0,0,100,0,0,0,0,0,0,0,0,0,0,100,0,0,0,0,0,0,0,0,0,0,100,0,0,0,0,0,0
0,0,0,0,0,100,0,0,0,0,0,0,0,0,0,0,100,0,0,0,0,0,0,0,0,0,0,100,0,0,0,0,0,0
0,0,0,0,0,100,0,0,0,0,0,0,0,0,0,0,100,0,0,0,0,0,0,0,0,0,0,100,0,0,0,0,0,0
0,0,0,0,0,100,0,0,0,0,0,0,0,0,0,0,100,0,0,0,0,0,0,0,0,0,0,100,0,0,0,0,0,0
0,0,0,0,0,100,0,0,0,0,0,0,0,0,0,0,100,0,0,0,0,0,0,0,0,0,0,100,0,0,0,0,0,0
20.9,8.2007,12.699,0,0,20.9,0,0,29.1,8.2007,0,8.2007,0,0,0,0,20.9,0,8.2007,20.9,20.9,20.9,12.699,0,12.699,16.401,0,12.699,8.2007,0,0,29.1,8.2007,0
0,0,0,0,0,100,0,0,0,0,0,0,0,0,0,0,100,0,0,0,0,0,0,0,0,0,0,100,0,0,0,0,0,0
0,0,0,0,0,100,0,0,0,0,0,0,0,0,0,0,100,0,0,0,0,0,0,0,0,0,0,100,0,0,0,0,0,1
0,0,0,0,0,100,0,0,0,0,0,0,0,0,0,0,100,0,0,0,0,0,0,0,0,0,0,100,0,0,0,0,0,0
0,0,5.2206,7.7919,0,64.37,0,22.617,0,0,0,25.227,0,0,0,6.1273,36.458,24.395,0,2.6103,0,5.1816,27.838,7.7919,0,0,22.578,40.014,1.778,0,0,0,0,0
0,0,1.9909,4.2173,0,92.796,0,0.99547,0,0,0,4.2173,0,0,0,27.025,47.777,18.99,0,0.99547,0,0.99547,5.2128,1.9909,0,0,3.232,66.784,21.775,0,1.0056,0,0,0
0,0,11.101,23.404,0,62.858,0,2.6367,0,0,0,23.404,0,0,2.9139,18.131,26.596,20.768,0,2.6367,2.9139,2.6367,28.955,8.1873,0,0,18.131,44.727,0,0,0,0,0,0
0,0,0,7.4187,0,92.581,0,0,0,0,0,1.0018,0,0,0,12.97,67.79,11.822,0,0,0,6.4169,1.0018,6.4169,0,0,8.701,62.679,19.919,0,1.2823,0,0,1
0,0,0,0,0,100,0,0,0,0,0,0,0,0,0,0,100,0,0,0,0,0,0,0,0,0,0,100,0,0,0,0,0,0
0,0,0,0,0,66.316,0,22.554,11.13,0,0,11.277,11.277,0,0,7.1677,37.12,33.158,0,0,0,0,11.277,11.277,0,0,14.861,36.595,11.277,0,3.5839,11.13,0,0
0,0,0,0,0,68.802,0,6.0613,18.63,0,6.5071,6.0613,0,0,6.0613,0,56.862,24.509,6.5071,0,0,0,0,12.123,0,6.0613,0,37.969,12.386,0,18.893,6.0613,6.5071,0
0,0,0,0,0,100,0,0,0,0,0,0,0,0,0,0,100,0,0,0,0,0,0,0,0,0,0,100,0,0,0,0,0,0
0,0,0,0,0,100,0,0,0,0,0,0,0,0,0,0,100,0,0,0,0,0,0,0,0,0,0,100,0,0,0,0,0,0
0,0,0,0,0,100,0,0,0,0,0,0,0,0,0,0,100,0,0,0,0,0,0,0,0,0,0,100,0,0,0,0,0,0
0,0,0,0,0,100,0,0,0,0,0,0,0,0,0,0,100,0,0,0,0,0,0,0,0,0,0,100,0,0,0,0,0,0
0,0,0,0,0,88.727,0,0,5.6366,0,5.6366,0,0,0,0,0,94.363,0,5.6366,0,0,0,0,0,0,0,0,88.727,0,0,5.6366,0,5.6366,0
0,0,0,0,0,100,0,0,0,0,0,0,0,0,0,0,100,0,0,0,0,0,0,0,0,0,0,88.634,11.366,0,0,0,0,0
0,0,0,0,15.317,47.871,0,0,16.201,0,20.61,5.0122,0,0,15.317,0,58.177,6.1767,5.0122,0,10.305,0,0,0,5.0122,0,0,52.6,5.5767,0,10.305,21.494,5.0122,0
0,0,0,0,0,65.651,0,0,5.334,0,29.015,0,0,0,0,0,70.985,0,5.334,0,23.681,0,0,0,0,0,0,65.651,23.681,0,5.334,0,5.334,0
0,0,0,54.057,7.9336,4.3377,13.328,18.988,1.3551,0,0,1.3551,0,31.03,5.9396,22.039,26.649,1.6275,8.3773,2.9826,0,0,5.6672,14.93,18.988,6.0337,0,2.9826,0,9.0163,1.6275,39.399,1.3551,1
0,0,0,37.449,7.7269,15.186,28.968,6.9413,3.7295,0,0,3.7295,0,12.996,13.782,22.395,18.398,0,17.243,11.456,0,0,9.7843,27.563,6.9413,3.7295,0,3.7295,0,22.913,0,21.61,3.7295,1
0,0,0,18.712,25.562,17.558,33.218,4.9511,0,0,0,0,0,6.1043,17.558,28.267,25.562,4.9511,0,17.558,0,0,0,33.218,4.9511,3.0522,0,4.9511,0,33.218,4.9511,15.659,0,1
5.852,0,12.9,29.983,7.8758,17.184,20.353,0,5.852,0,0,7.0481,2.1292,17.505,5.4293,10.031,23.566,0,21.366,7.0741,0,5.852,8.1931,14.45,5.852,5.7206,6.3875,2.1292,10.771,12.821,0,27.824,5.852,1
0,0,0,28.209,16.424,17.353,33.777,0,4.2379,0,0,4.2379,0,15.094,8.8769,25.301,20.662,0,12.714,13.115,0,0,4.2379,25.301,0,11.785,0,4.2379,0,33.777,0,16.424,4.2379,1
8.5486,0,10.407,20.811,1.8588,20.64,18.545,6.4531,12.736,0,0,6.046,1.8588,1.8588,0,1.8588,27.501,0,29.037,7.2862,9.5521,15.002,7.2862,6.4531,8.5486,6.046,5.5764,9.145,5.4495,8.3743,0,33.484,9.6367,0
0,0,16.967,17.788,9.754,15.38,14.867,4.2928,16.659,4.2928,0,13.187,2.1932,8.8938,0,10.266,27.96,3.7804,18.945,6.7006,4.2928,3.7804,6.7006,8.0732,0,2.1932,6.5795,2.1932,10.993,10.481,8.0732,32.347,12.366,1
3.2399,9.4,6.7537,0,8.261,21.902,11.909,7.8891,25.676,4.9688,0,23.038,0,6.1601,0,12.914,12.446,10.773,14.959,11.501,4.9688,3.2399,6.1601,7.4776,11.909,12.64,0,16.934,4.9688,5.7486,4.2414,18.199,11.723,1
2.1092,2.1092,14.606,9.6685,26.357,8.4534,9.8607,6.923,13.627,6.2866,0,4.1979,0,2.0887,0,13.625,23.809,19.115,9.2633,8.9875,6.9434,11.97,2.0887,12.523,0,4.2183,0,6.3442,2.1092,9.7771,18.668,28.537,15.734,1
0,0,7.9097,0,51.506,5.4044,3.413,3.4547,22.826,5.4857,0,5.4044,0,2.0309,0,18.11,23.995,34.82,6.2605,6.492,1.4238,1.4633,2.0309,7.3481,1.9497,0,0,3.9806,1.4238,7.9552,47.006,8.7718,19.534,1
0,0,23.241,7.3707,26.923,8.1373,3.6854,8.0366,18.256,4.3512,0,4.3512,0,0,0,11.446,26.934,25.507,10.596,9.4447,8.0366,3.6854,0,15.588,0,0,0,3.7861,4.3512,7.5517,23.722,29.203,15.797,0
2.1349,5.3,6.0902,0,10.303,28.633,3.1651,10.423,17.3,16.651,0,15.723,0,10.423,0,16.513,19.378,6.0902,5.18,22.423,2.1349,2.1349,10.423,9.985,3.1651,7.4349,0,26.498,2.1349,7.2579,10.303,7.3149,15.483,1
0,0,33.398,0,23.706,22.263,2.0414,1.2041,16.183,1.2041,0,1.2041,0,0,0,24.305,8.9964,32.194,14.979,15.076,1.2041,2.0414,0,7.7923,0,0,0,21.059,1.2041,6.5882,18.322,19.526,25.509,1
0,0,15.899,0,39.336,8.5573,7.3417,2.2403,24.386,2.2403,0,2.2403,0,0,0,23.064,18.987,27.988,14.981,3.1585,2.2403,7.3417,0,9.5819,0,0,0,6.317,2.2403,7.3417,34.235,14.981,25.304,1
0,0,14.758,0,4.5364,57.57,4.5364,0,5.6914,12.907,0,7.7935,3.4704,9.8579,3.3175,2.3738,46.246,7.8539,6.4856,4.5364,8.0652,0,17.134,4.3231,5.8443,0,6.2724,23.518,24.309,1.9493,5.2668,5.6914,5.6914,0
0,0,30.879,3.6205,0,36.235,0,1.8103,10.345,17.11,0,12.335,0,11.415,4.3806,3.903,34.443,8.2528,4.8118,1.8103,12.186,6.4611,12.832,19.575,8.5538,0,13.527,17.334,5.375,4.8118,6.6035,5.6946,5.6946,1
0,0,21.178,0,1.4565,55.691,1.4565,0,5.6201,14.597,0,9.0239,2.4538,13.943,2.1698,3.4503,51.781,1.4565,11.187,1.4565,1.993,1.0849,14.821,10.727,2.0814,0,13.228,22.439,17.57,8.0273,5.5735,0.99651,4.5352,1
0,0,10.97,0,0,58.526,0,0,15.389,15.115,0,3.1015,1.5539,7.5697,12.287,3.1015,50.965,6.0068,3.172,0,9.102,3.1402,6.2569,4.7196,4.6878,0,4.6878,24.858,27.426,1.5539,6.0068,7.5544,12.248,1
0,0,0,0,0,100,0,0,0,0,0,0,0,0,0,22.408,77.592,0,0,0,0,0,0,0,0,5.3045,12.317,72.378,10.001,0,0,0,0,0
0,5.3687,9.4813,17.531,16.991,8.7656,12.878,0,28.984,0,0,0,0,17.531,5.3687,12.338,8.7656,0,5.3687,22.36,14.134,14.134,4.1127,23.616,0,0,8.7656,0,0,12.878,8.7656,28.268,13.594,0
0,13.079,8.7451,19.151,5.1693,10.483,19.176,1.8762,22.32,0,0,0,0,10.514,7.0986,16.519,10.483,0,10.168,8.5458,8.9748,27.698,1.6465,39.354,0,1.8762,1.8762,1.8458,6.761,1.6465,10.514,25.934,8.5458,1
0,0,0,0,0,100,0,0,0,0,0,0,0,0,0,14.758,85.242,0,0,0,0,0,0,0,0,9.2959,5.4626,74.729,10.513,0,0,0,0,0
0,0,15.93,0,38.643,6.7835,15.93,0,15.93,6.7835,0,0,6.7835,0,0,54.573,6.7835,0,0,31.86,0,0,15.93,22.713,0,0,0,6.7835,0,15.93,0,0,38.643,1
0,0,17.71,0,11.413,23.731,5.7065,23.731,5.7065,12.003,0,0,12.003,0,0,29.123,23.731,0,0,11.413,23.731,0,17.71,17.71,23.731,0,0,23.731,0,5.7065,0,0,11.413,0
0,5.4152,12.685,28.124,5.7475,20.287,5.7475,2.0893,19.904,0,0,0,0,18.765,12.685,4.1786,20.287,0,5.4152,9.0734,18.433,11.163,0,23.848,0,2.0893,5.7475,7.27,7.27,3.6582,15.107,29.595,5.4152,1
0,8.8105,25.425,3.4342,5.8559,5.8559,9.3763,0,16.66,24.583,0,0,24.583,3.4342,4.981,28.412,5.8559,0,4.981,6.6981,6.6981,14.357,20.444,47.75,0,0,1.7171,4.1388,0,1.7171,1.7171,13.396,9.1198,1
0,4.0557,7.3087,27.736,12.526,17.136,16.597,0,14.641,0,0,0,0,18.312,3.2677,16.179,17.136,0,6.156,12.526,7.7119,18.712,4.041,23.92,0,0,4.4442,3.2677,9.4238,8.4852,13.868,24.468,8.0819,1
2.5925,0,15.089,24.565,19.049,14.87,15.715,2.9746,5.1449,0,0,7.0225,2.6061,6.8817,5.0178,16.443,17.681,8.2213,22.415,5.1703,2.9746,5.567,5.1703,2.9746,2.5925,4.9641,5.8097,2.5525,14.588,7.7227,11.022,34.255,8.3485,1
0,0,23.899,20.755,30.581,18.503,6.2626,0,0,0,0,3.7127,4.9598,3.7127,6.6496,34.777,9.7288,19.354,17.105,0,0,0,0,0,0,1.3028,13.54,1.3028,20.758,0,18.442,32.322,12.332,1
0,0,24.755,17.786,34.713,15.26,7.4864,0,0,0,0,2.0618,2.4182,7.13,10.603,35.411,5.8198,15.368,21.188,0,0,0,0,0,0,5.0682,10.3,0,25.396,0,16.695,33.101,9.44,0
0,0,0,0,0,100,0,0,0,0,0,0,0,0,0,10.78,89.22,0,0,0,0,0,0,0,0,10.78,0,81.391,7.8294,0,0,0,0,0
0,0,0,0,0,56.123,31.939,11.938,0,0,0,0,0,0,0,19.694,68.368,0,0,0,11.938,0,0,0,11.938,12.245,19.694,56.123,0,0,0,0,0,0
0,0,0,0,21.025,33.333,12.308,12.308,0,21.025,0,0,21.025,0,0,33.333,33.333,0,0,0,12.308,0,0,21.025,12.308,0,12.308,33.333,0,0,0,0,21.025,0
0,0,0,0,0,100,0,0,0,0,0,0,0,0,0,0,100,0,0,0,0,0,0,0,0,0,0,82.782,17.218,0,0,0,0,0
0,0,0,0,0,54.212,31.164,14.624,0,0,0,0,0,0,0,14.624,70.753,0,0,0,14.624,0,0,0,14.624,16.541,14.624,54.212,0,0,0,0,0,0
0,0,0,0,0,51.831,29.634,18.536,0,0,0,0,0,0,0,18.536,62.929,0,0,0,18.536,0,0,0,18.536,11.098,18.536,51.831,0,0,0,0,0,0
0,0,0,0,0,100,0,0,0,0,0,0,0,0,0,0,100,0,0,0,0,0,0,0,0,0,0,100,0,0,0,0,0,0
0,0,0,0,0,70.445,29.555,0,0,0,0,0,0,0,0,16.28,83.72,0,0,0,0,0,0,0,0,13.275,16.28,70.445,0,0,0,0,0,0
0,0,0,0,0,90.091,9.9089,0,0,0,0,0,0,0,0,0,100,0,0,0,0,0,0,0,0,9.9089,0,90.091,0,0,0,0,0,0
0,0,0,0,0,100,0,0,0,0,0,0,0,0,0,0,100,0,0,0,0,0,0,0,0,0,0,100,0,0,0,0,0,0
0,0,0,0,0,100,0,0,0,0,0,0,0,0,0,0,100,0,0,0,0,0,0,0,0,0,0,100,0,0,0,0,0,0
0,0,0,0,0,100,0,0,0,0,0,0,0,0,0,0,100,0,0,0,0,0,0,0,0,0,0,100,0,0,0,0,0,0
0,0,0,0,0,100,0,0,0,0,0,0,0,0,0,0,100,0,0,0,0,0,0,0,0,0,0,100,0,0,0,0,0,0
0,0,4.1336,18.537,58.793,11.69,3.4231,3.4231,0,0,0,0,0,29.437,4.1336,6.8462,48.604,0,0,0,7.5567,3.4231,0,7.5567,0,3.4231,3.4231,4.1336,4.1336,0,47.893,29.437,0,1
0,3.9662,3.9662,34.599,9.075,19.106,3.679,1.7835,23.825,0,0,0,0,22.785,3.9662,3.567,24.502,0,13.997,5.8616,7.6451,17.676,0,11.611,0,1.7835,3.679,5.396,10.031,1.8955,20.889,40.748,3.9662,1
0,0,0,0,0,100,0,0,0,0,0,0,0,0,0,0,100,0,0,0,0,0,0,0,0,0,0,100,0,0,0,0,0,0
0,0,0,0,0,100,0,0,0,0,0,0,0,0,0,0,100,0,0,0,0,0,0,0,0,0,0,100,0,0,0,0,0,0
0,0,0,0,0,100,0,0,0,0,0,0,0,0,0,0,100,0,0,0,0,0,0,0,0,0,0,100,0,0,0,0,0,0
0,0,0,0,0,100,0,0,0,0,0,0,0,0,0,0,100,0,0,0,0,0,0,0,0,0,0,100,0,0,0,0,0,0
0,0,0,0,0,100,0,0,0,0,0,0,0,0,0,0,100,0,0,0,0,0,0,0,0,0,0,100,0,0,0,0,0,0
0,0,0,21.603,0,78.397,0,0,0,0,0,0,0,0,0,28.397,21.603,28.397,0,0,21.603,0,21.603,0,0,0,28.397,21.603,28.397,0,0,0,0,0
0,0,0,9.5541,0,90.446,0,0,0,0,0,0,0,0,0,0,80.892,9.5541,0,0,9.5541,0,9.5541,0,0,0,0,80.892,9.5541,0,0,0,0,0
0,0,0,42.764,0,57.236,0,0,0,0,0,0,0,14.472,0,14.472,14.472,28.292,0,0,28.292,0,42.764,0,0,0,14.472,14.472,28.292,0,0,0,0,0
0,0,0,50,0,50,0,0,0,0,0,0,0,0,0,0,50,0,0,0,50,0,50,0,0,0,0,50,0,0,0,0,0,0
0,0,0,0,0,100,0,0,0,0,0,0,0,0,0,0,100,0,0,0,0,0,0,0,0,0,0,100,0,0,0,0,0,0
0,0,0,0,0,100,0,0,0,0,0,0,0,0,0,0,100,0,0,0,0,0,0,0,0,0,0,100,0,0,0,0,0,0
0,0,0,0,0,100,0,0,0,0,0,0,0,0,0,0,100,0,0,0,0,0,0,0,0,0,0,100,0,0,0,0,0,0
0,0,0,0,0,100,0,0,0,0,0,0,0,0,0,0,100,0,0,0,0,0,0,0,0,0,0,100,0,0,0,0,0,0
0,0,0,0,0,100,0,0,0,0,0,0,0,0,0,0,100,0,0,0,0,0,0,0,0,0,0,100,0,0,0,0,0,0
0,0,0,0,0,100,0,0,0,0,0,0,0,0,0,0,100,0,0,0,0,0,0,0,0,0,0,100,0,0,0,0,0,0
0,0,0,0,0,100,0,0,0,0,0,0,0,0,0,0,100,0,0,0,0,0,0,0,0,0,0,100,0,0,0,0,0,0
0,0,0,0,0,100,0,0,0,0,0,0,0,0,0,0,100,0,0,0,0,0,0,0,0,0,0,100,0,0,0,0,0,0
0,0,20.402,21.091,36.374,12.581,9.5514,0,0,0,0,0.51673,7.7903,1.7612,16.59,38.194,4.7831,13.806,16.559,0,0,0,0,0,0,1.7612,12.069,0.51673,15.058,0,29.102,33.191,8.3026,1
0,0,29.708,16.161,30.449,20.441,3.2405,0,0,0,0,7.7564,0.70484,9.5872,4.6364,34.416,6.5739,15.913,20.413,0,0,0,0,0,0,2.5356,13.874,0.70484,23.854,0,13.162,31.546,14.323,1
0,0,24.028,22.153,35.122,9.7441,8.9536,0,0,0,0,4.3528,6.2885,6.5649,10.997,35.699,3.9168,18.875,13.306,0,0,0,0,0,0,2.6652,11.094,0.45301,16.726,0,22.881,37.343,8.8381,1
0,0,25.409,19.898,35.246,14.895,4.5525,0,0,0,0,8.2782,2.9677,9.863,4.5525,33.861,4.0998,18.514,17.864,0,0,0,0,0,0,1.5848,13.763,0,19.647,0,19.698,32.929,12.378,1
0,0,0,0,0,100,0,0,0,0,0,0,0,0,0,0,100,0,0,0,0,0,0,0,0,0,0,100,0,0,0,0,0,1
0,0,0,0,0,69.664,30.336,0,0,0,0,0,0,0,0,0,89.142,0,10.858,0,0,0,0,0,0,30.336,10.858,58.805,0,0,0,0,0,0
0,0,0,0,0,100,0,0,0,0,0,0,0,0,0,6.6049,93.395,0,0,0,0,0,0,0,0,0,0,93.395,6.6049,0,0,0,0,0
0,0,0,0,0,79.652,20.348,0,0,0,0,0,0,0,0,23.441,61.043,0,15.516,0,0,0,0,0,0,20.348,15.516,40.695,23.441,0,0,0,0,0
0,0,0,0,0,77.778,22.222,0,0,0,0,0,0,0,0,7.3771,92.623,0,0,0,0,0,0,0,0,22.222,0,70.401,7.3771,0,0,0,0,0
0,0,0,0,0,88.416,11.584,0,0,0,0,0,0,0,0,0,100,0,0,0,0,0,0,0,0,11.584,0,61.584,26.831,0,0,0,0,0
0,0,0,0,0,86.865,13.135,0,0,0,0,0,0,0,0,15.619,62.254,0,22.127,0,0,0,0,0,0,13.135,22.127,37.753,26.985,0,0,0,0,0
0,0,0,0,0,94.34,5.6605,0,0,0,0,0,6.2097,0,0,5.6605,88.13,0,0,0,0,0,0,0,0,5.6605,0,38.789,49.341,0,6.2097,0,0,0
0,0,0,2.1778,0,97.822,0,0,0,0,0,0,0,0,0,20.309,55.728,21.785,0,0,0,2.1778,0,2.1778,0,0,6.2036,67.877,19.715,0,4.0258,0,0,0
0,0,30.862,13.922,0,43.313,0,6.9608,4.9436,0,0,13.922,0,0,4.9436,0,28.844,6.9608,0,21.429,14.468,9.4326,37.822,13.922,2.4718,0,2.4718,26.373,0,0,14.468,0,2.4718,1
0,0,0,1.7557,0,98.244,0,0,0,0,0,0,0,0,0,29.657,49.885,18.703,0,0,0,1.7557,0,1.7557,0,0,5.821,69.582,18.776,0,4.0653,0,0,0
0,0,18.42,5.6865,0,55.132,0,4.4002,16.361,0,0,8.3479,0,0,3.5434,5.6865,37.267,21.166,0,3.8306,3.8306,16.328,13.95,14.557,14.59,0,11.858,39.443,0,0,3.8306,0,1.7717,1
0,0,0,0,0,100,0,0,0,0,0,0,0,0,0,16.112,67.558,16.33,0,0,0,0,0,0,0,0,4.465,70.837,20.233,0,4.465,0,0,0
0,0,0,0,0,100,0,0,0,0,0,0,0,0,0,25,50,25,0,0,0,0,0,0,0,0,0,50,50,0,0,0,0,0
0,0,4.1229,0,9.3598,86.517,0,0,0,0,0,0,0,0,0,4.1229,55.47,36.284,0,0,4.1229,0,0,0,0,0,0,46.11,49.767,0,0,4.1229,0,0
0,0,0,1.0547,0,98.945,0,0,0,0,0,0,0,0,0,14.401,73.644,10.901,0,0,0,1.0547,0,1.0547,0,0,1.0547,62.999,33.078,0,1.8132,0,0,0
0,0,3.8982,0,6.4225,74.935,0,3.8982,10.846,0,0,0,3.8982,0,3.8982,4.5207,61.471,11.468,0,0,3.8982,10.846,3.8982,0,0,3.8982,0,55.049,22.411,0,0,14.744,0,0
0,0,6.0746,0,6.0746,82.242,0,0,5.6094,0,0,0,0,0,0,11.506,59.696,17.115,0,0,6.0746,5.6094,0,0,0,0,0,53.621,34.695,0,0,11.684,0,0
0,0,0,0,0,71.837,28.163,0,0,0,0,0,0,0,0,15.51,71.837,0,12.654,0,0,0,0,0,0,28.163,12.654,43.673,15.51,0,0,0,0,0
0,0,0,0,0,100,0,0,0,0,0,0,0,0,0,0,100,0,0,0,0,0,0,0,0,0,0,50,50,0,0,0,0,0
0,0,0,0,3.8123,96.188,0,0,0,0,0,0,0,0,0,5.9206,88.159,5.9206,0,0,0,0,0,0,0,0,0,84.347,15.653,0,0,0,0,0
0,0,0,0,2.0003,98,0,0,0,0,0,0,0,0,0,0,100,0,0,0,0,0,0,0,0,0,0,98,2.0003,0,0,0,0,0
0,0,0,0,0,100,0,0,0,0,0,0,0,0,0,0,100,0,0,0,0,0,0,0,0,0,0,100,0,0,0,0,0,0
0,0,0,0,0,100,0,0,0,0,0,0,0,0,0,0,100,0,0,0,0,0,0,0,0,0,0,100,0,0,0,0,0,0
0,0,0,0,0,100,0,0,0,0,0,0,0,0,0,0,100,0,0,0,0,0,0,0,0,0,0,100,0,0,0,0,0,0
0,0,0,0,0,100,0,0,0,0,0,0,0,0,0,0,100,0,0,0,0,0,0,0,0,0,0,100,0,0,0,0,0,0
16.474,0,0,16.474,0,67.051,0,0,0,0,0,16.474,12.763,16.474,0,14.38,25.527,14.38,0,0,0,0,16.474,0,0,0,14.38,29.238,27.144,0,12.763,0,0,0
50,0,0,50,0,0,0,0,0,0,0,50,0,50,0,0,0,0,0,0,0,0,50,0,0,0,0,50,0,0,0,0,0,0
0,0,0,9.4108,0,64.151,26.438,0,0,0,0,0,26.438,9.4108,0,9.4108,54.74,0,0,0,0,0,9.4108,26.438,0,0,9.4108,18.857,9.4459,0,26.438,0,0,0
88.526,0,0,3.8247,0,7.6495,0,0,0,0,0,88.526,0,3.8247,0,3.8247,3.8247,0,0,0,0,0,92.351,0,0,0,3.8247,3.8247,0,0,0,0,0,0
0,0,0,0,0,60.866,39.134,0,0,0,0,0,20.289,0,0,0,79.711,0,0,0,0,0,0,39.134,0,0,0,20.289,20.289,0,20.289,0,0,0
0,0,0,0,0,50,50,0,0,0,0,0,50,0,0,0,50,0,0,0,0,0,0,50,0,0,0,0,0,0,50,0,0,0
0,0,0,0,0,100,0,0,0,0,0,0,0,0,0,0,100,0,0,0,0,0,0,0,0,0,0,100,0,0,0,0,0,0
0,0,0,0,0,100,0,0,0,0,0,0,0,0,0,0,100,0,0,0,0,0,0,0,0,0,0,100,0,0,0,0,0,0
0,0,0,0,0,100,0,0,0,0,0,0,0,0,0,0,100,0,0,0,0,0,0,0,0,0,0,100,0,0,0,0,0,0
0,0,0,0,0,100,0,0,0,0,0,0,0,0,0,0,100,0,0,0,0,0,0,0,0,0,0,100,0,0,0,0,0,0
0,0,0,0,0,100,0,0,0,0,0,0,0,0,0,0,100,0,0,0,0,0,0,0,0,0,0,100,0,0,0,0,0,0
0,0,0,0,0,100,0,0,0,0,0,0,0,0,0,0,100,0,0,0,0,0,0,0,0,0,0,100,0,0,0,0,0,0
0,0,0,0,0,100,0,0,0,0,0,0,0,0,0,0,100,0,0,0,0,0,0,0,0,0,0,100,0,0,0,0,0,0
0,0,0,0,0,100,0,0,0,0,0,0,0,0,0,0,100,0,0,0,0,0,0,0,0,0,0,100,0,0,0,0,0,0
0,0,0,0,0,100,0,0,0,0,0,0,0,0,0,7.2086,78.374,7.2086,0,0,7.2086,0,0,0,0,0,0,78.374,21.626,0,0,0,0,0
0,0,0,0,3.919,96.081,0,0,0,0,0,0,0,0,0,3.919,79.269,12.893,0,0,3.919,0,0,0,0,0,0,79.269,16.812,0,3.919,0,0,0
0,0,0,0,0,100,0,0,0,0,0,0,0,0,0,0,93.309,6.6907,0,0,0,0,0,0,0,0,0,93.309,6.6907,0,0,0,0,0
0,0,0,0,0,100,0,0,0,0,0,0,0,0,0,0,100,0,0,0,0,0,0,0,0,0,0,100,0,0,0,0,0,0
0,0,0,0,0,93.106,6.8939,0,0,0,0,0,0,0,0,0,93.106,0,6.8939,0,0,0,6.8939,0,0,0,0,93.106,0,0,0,0,0,0
0,0,0,0,0,100,0,0,0,0,0,0,0,0,0,0,100,0,0,0,0,0,0,0,0,0,0,100,0,0,0,0,0,0
0,0,0,6.5294,0,86.941,6.5294,0,0,0,0,6.5294,6.5294,0,0,0,83.805,0,0,0,0,3.1362,6.5294,0,0,0,0,80.669,3.1362,0,3.1362,6.5294,0,0
0,0,0,0,20.679,75.96,3.361,0,0,0,0,0,0,0,0,0,69.062,3.361,3.361,20.679,0,3.5374,24.04,0,0,0,0,62.163,10.259,0,3.5374,0,0,0
0,0,0,0,6.1152,71.942,21.942,0,0,0,0,0,0,0,0,0,65.827,6.1152,21.942,6.1152,0,0,28.058,0,0,0,0,59.712,12.23,0,0,0,0,0
0,0,0,2.9904,0,68.095,28.915,0,0,0,0,2.9904,6.6664,0,0,3.676,68.095,0,4.0115,10.885,0,3.676,7.0019,0,10.885,0,7.352,57.21,7.209,0,3.676,6.6664,0,0
0,0,0,0,0,100,0,0,0,0,0,0,0,0,0,0,92.795,0,0,0,0,7.2051,0,0,0,0,0,85.59,7.2051,0,7.2051,0,0,0
0,0,0,3.5661,0,57.077,39.357,0,0,0,0,3.5661,7.5814,0,0,11.148,55.148,0,0,13.047,0,9.5103,3.5661,0,13.047,0,22.295,36.606,7.3942,0,9.5103,7.5814,0,0
0,0,0,4.9441,0,50.079,44.977,0,0,0,0,4.9441,14.952,0,0,10.008,45.873,0,0,10.008,0,14.215,4.9441,0,10.008,0,20.016,31.658,4.2065,0,14.215,14.952,0,0
0,0,0,0,0,100,0,0,0,0,0,0,0,0,0,0,100,0,0,0,0,0,0,0,0,0,0,100,0,0,0,0,0,0
0,0,0,0,8.9868,64.053,26.96,0,0,0,0,0,0,8.9868,0,0,64.053,17.974,0,8.9868,0,0,0,8.9868,8.9868,17.974,0,55.066,0,0,0,8.9868,0,0
0,0,0,26.159,12.067,33.767,16.26,11.748,0,0,0,7.9233,1.8222,14.258,9.7455,0,24.021,10.312,1.8222,14.136,15.959,0,0,7.9233,13.57,8.3372,0,22.199,9.7455,6.0333,9.7455,14.523,7.9233,0
0,0,4.6859,0,0,59.37,0,9.7429,26.201,0,0,10.757,4.6859,0,9.7429,0,32.87,32.571,0,0,4.6859,4.6859,4.6859,15.814,5.7004,9.7429,5.7004,21.814,11.057,0,11.057,14.429,0,0
0,0,0,0,4.5201,49.773,0,18.534,20.112,0,7.061,16.555,6.4991,0,10.056,0,37.738,17.571,4.5201,0,0,7.061,6.4991,17.571,4.5201,12.597,6.4991,31.239,6.4991,0,0,10.056,4.5201,0
0,16.003,6.2856,0,0,61.728,0,0,12.841,0,3.1428,4.8491,0,0,3.1428,4.0222,55.999,28.844,0,0,0,3.1428,0,15.157,4.8491,15.123,4.8491,52.857,0,0,0,7.165,0,0
0,0,0,0,0,82.776,14.219,3.0052,0,0,0,0,0,11.213,0,0,82.776,0,0,3.0052,3.0052,0,0,0,3.0052,14.219,0,82.776,0,0,0,0,0,0
0,1.7537,0,8.6025,6.0216,53.042,20.932,2.8675,4.2672,2.5134,0,2.8675,0,8.8891,2.8675,5.0268,51.928,16.665,0,8.8891,2.8675,0,2.5134,8.8891,8.8891,13.797,0,44.153,2.8675,0,5.3809,10.643,2.8675,0
0,5.9771,0,0,0,79.825,4.1107,4.1107,5.9771,0,0,0,0,0,0,0,85.802,5.9771,0,4.1107,4.1107,0,0,0,4.1107,10.088,0,79.825,0,0,0,5.9771,0,0
14.197,15.466,0,0,0,60.613,1.6145,1.6145,4.6137,1.8814,0,0,1.4632,4.5623,6.708,3.7628,56.051,4.5623,9.4403,4.9077,4.3468,4.1955,9.4917,8.1712,9.47,7.64,4.5623,49.71,0,6.3412,1.8814,2.7323,0,0
6.0888,15.842,6.7708,2.4224,0,48.944,5.5624,7.9848,4.4588,1.9259,0,0,6.8962,0,9.1932,5.4804,45.5,4.4588,1.9259,5.5488,12.472,8.5248,2.4224,12.377,22.287,7.5852,0,40.419,2.4224,3.0444,4.9838,4.4588,0,0
0,6.3895,11.55,24.694,0,23.901,13.278,2.5048,13.742,2.1318,1.8088,0,1.9423,0,27.474,4.8261,23.205,1.8088,18.705,0,17.725,4.3137,1.1606,15.026,18.696,1.8088,0,10.623,10.773,0,4.6366,37.276,0,1
7.5881,31.839,3.9436,0,0,40.891,2.3796,2.3796,4.8187,6.1606,0,0,9.0521,3.4954,8.0363,6.8135,36.169,5.8136,9.4848,2.047,15.26,3.8281,5.7112,14.36,25.627,4.6487,3.4954,30.64,0,4.3756,8.5402,2.6017,0,0
4.3638,21.539,11.048,5.6206,0,38.038,2.1298,3.4907,7.6623,6.1082,0,0,10.315,0,16.668,7.5743,34.547,3.4907,6.1963,2.1819,13.354,5.6726,5.5325,13.806,26.584,2.1819,0,27.144,5.6206,2.1819,9.1996,7.7504,0,0
0,0,0,0,17.258,34.817,0,0,38.667,0,9.2577,17.258,0,0,17.258,0,38.968,0,21.409,0,5.1069,0,0,0,17.258,0,0,34.817,5.1069,0,4.1507,17.258,21.409,0
0,0,0,0,11.289,66.133,0,0,0,0,22.578,0,0,0,11.289,0,77.422,0,0,0,11.289,0,0,0,0,0,0,55.378,22.044,0,11.289,11.289,0,0
12.424,13.894,0,0,0,64.511,0,0,0,0,9.1709,0,2.5834,4.9204,0,8.727,58.368,8.727,0,7.5038,0,9.1709,0,8.727,4.9204,21.842,0,55.784,2.5834,0,0,6.1436,0,0
12.933,30.435,0,9.1712,0,47.461,0,0,0,0,0,0,3.7618,9.1712,18.342,8.3561,42.867,13.74,0,3.7618,0,0,0,8.3561,18.342,16.669,0,29.934,12.933,0,0,4.5943,9.1712,0
0,0,0,0,0,100,0,0,0,0,0,0,0,0,0,0,100,0,0,0,0,0,0,0,0,0,0,100,0,0,0,0,0,0
15.569,32.997,0,0,0,48.605,0,0,0,0,2.8302,0,11.651,3.8597,0,11.651,41.001,17.298,0,11.709,0,2.8302,0,7.8491,3.8597,39.686,3.802,33.152,7.8491,0,0,3.802,0,0
0,0,0,0,0,100,0,0,0,0,0,0,0,0,0,0,100,0,0,0,0,0,0,0,0,0,0,100,0,0,0,0,0,0
0,0,0,0,0,100,0,0,0,0,0,0,0,0,0,0,100,0,0,0,0,0,0,0,0,0,0,100,0,0,0,0,0,0
0,0,0,0,0,100,0,0,0,0,0,0,0,0,0,0,100,0,0,0,0,0,0,0,0,0,0,100,0,0,0,0,0,0
19.473,33.164,0,0,0,35.724,0,0,11.639,0,0,0,2.0971,13.5,3.8534,0,24.216,16.529,13.5,4.9132,10.684,10.707,9.6468,4.9132,21.525,16.552,13.5,19.089,0,3.1344,0,11.639,0,0
19.386,28.123,1.7055,0,0,45.852,0,0,3.2277,1.7055,0,0,4.7239,8.8658,9.6003,0,36.986,8.8658,12.828,6.951,6.6388,4.5407,5.4844,12.619,20.933,10.179,8.8658,33.416,0,3.5696,1.7055,3.2277,0,0
0,0,0,0,51.587,48.413,0,0,0,0,0,0,0,0,0,0,48.413,0,51.587,0,0,0,0,0,0,0,0,48.413,0,51.587,0,0,0,0
0,0,0,0,50,50,0,0,0,0,0,0,0,0,0,0,50,0,50,0,0,0,0,0,0,0,0,50,0,50,0,0,0,0
0,0,0,0,0,100,0,0,0,0,0,0,0,0,0,0,100,0,0,0,0,0,0,0,0,0,0,100,0,0,0,0,0,0
0,0,0,0,15.411,84.589,0,0,0,0,0,0,0,0,0,0,84.589,0,15.411,0,0,0,0,0,0,0,0,84.589,0,15.411,0,0,0,0
0,0,0,2.3052,0,53.235,44.46,0,0,0,0,2.3052,9.1151,0,0,36.641,38.319,0,0,6.8099,0,6.8099,2.3052,0,6.8099,0,31.761,43.199,0,0,6.8099,9.1151,0,0
0,0,9.473,0,3.9268,70.38,1.9725,0,6.1872,8.06,0,4.3144,4.3144,9.241,1.8728,4.3144,64.193,1.8728,4.0773,3.9268,1.8728,0,17.582,2.1048,0,0,0,34.978,31.088,4.3144,1.8728,1.8728,6.1872,0
0,0,9.2253,0,5.7596,63.981,5.7596,0,4.7744,10.5,0,3.4215,1.964,5.7255,2.8104,1.964,53.447,8.57,13.527,5.7596,2.8104,0,14.941,7.7677,0,0,2.9151,28.914,30.188,3.4215,4.2679,2.8104,4.7744,0
0,0,13.828,0,1.8607,61.583,1.8607,0,4.7255,16.142,0,3.3457,0,18.553,4.7255,0,54.997,6.5862,5.2064,1.8607,4.7255,0,14.204,3.3457,0,0,6.6914,22.72,32.171,3.3457,8.0711,4.7255,4.7255,1
0,0,0,14.172,0,55.696,30.131,0,0,0,0,14.172,3.9898,0,0,18.162,55.696,0,0,3.9898,0,3.9898,14.172,0,3.9898,0,44.111,29.747,0,0,3.9898,3.9898,0,0
0,0,0,5.2774,0,76.038,18.685,0,0,0,0,5.2774,0,0,0,32.092,62.63,0,0,0,0,0,5.2774,0,0,0,23.962,70.76,0,0,0,0,0,0
0,0,0,0,0,100,0,0,0,0,0,0,0,0,0,0,100,0,0,0,0,0,0,0,0,0,33.333,66.667,0,0,0,0,0,0
0,0,0,12.328,0,63.395,24.277,0,0,0,0,12.328,5.1592,0,0,16.01,57.361,0,0,7.5286,0,1.6136,12.328,0,7.5286,0,18.758,45.47,9.1422,0,1.6136,5.1592,0,0
0,10.373,9.098,10.373,24.267,45.889,0,0,0,0,0,20.746,3.4735,3.4735,13.847,0,33.318,0,3.4735,9.098,12.571,0,9.098,0,3.4735,0,0,29.844,3.4735,17.32,33.318,3.4735,0,1
0,7.7282,12.327,8.7497,30.385,38.043,1.3836,1.3836,0,0,0,9.1118,26.058,5.4022,10.001,0,22.928,1.3836,8.6173,1.3836,15.114,0,0,1.3836,17.729,0,0,18.91,5.4022,25.478,15.114,10.001,5.9824,1
0,0,25.143,5.6153,8.1906,38.716,0,2.8076,19.527,0,0,5.6153,8.1906,0,0,0,30.526,22.335,0,2.8076,8.1906,22.335,8.4229,25.143,19.527,0,0,30.526,0,8.1906,8.1906,0,0,1
0,5.0913,2.9282,23.88,19.292,33.395,10.958,4.456,0,0,0,14.639,7.0485,6.6234,12.476,0,24.819,11.283,2.9282,9.1155,11.068,0,0,6.6234,9.5516,4.3348,0,22.652,4.456,11.704,18.759,14.536,7.3842,1
0,16.488,11.787,17.416,27.466,22.804,2.0193,2.0193,0,0,0,23.209,14.15,4.382,9.0833,0,18.422,8.6762,2.3627,8.6762,11.039,0,0,2.0193,16.169,0,0,16.059,4.382,27.871,13.785,17.696,2.0193,1
0,8.0259,11.974,20,20,40,0,0,0,0,0,16.052,11.974,0,20,0,40,0,11.974,0,0,0,0,0,11.974,0,0,40,0,8.0259,16.052,11.974,11.974,1
0,0,8.717,0,4.0208,39.615,0,17.628,30.019,0,0,12.754,13.173,0,12.738,0,22.164,17.716,4.0208,0,8.717,8.717,13.173,8.7335,8.2988,8.717,8.7335,17.709,4.4555,0,0,26.16,4.0208,0
0,0,4,0,4,50.417,0,18.025,23.558,0,0,13.64,4.3841,0,9.2564,4,27.731,31.942,0,0,4,5.0454,4.3841,22.897,0,9.2564,4.3841,19.347,21.429,0,0,18.302,0,0
0,0,11.959,0,12.981,65.147,0,4.9564,4.9564,0,0,0,4.9564,0,4.9564,7.003,59.165,7.003,0,0,11.959,4.9564,4.9564,0,0,4.9564,0,46.184,26.987,0,0,16.916,0,0
0,0,8.3235,22.805,21.247,29.37,13.427,4.8272,0,0,0,4.8272,10.838,10.208,15.665,0,22.028,10.56,10.838,7.6938,7.3416,0,0,7.6938,18.532,5.7331,0,16.647,7.3416,5.0287,7.3416,18.532,13.151,1
0,0,18.76,35.607,0,21.194,7.3398,3.0842,10.424,0,3.5901,0,0,0,41.776,3.0842,18.11,3.0842,19.931,0,7.3398,6.6743,3.0842,15.676,13.508,3.5901,0,10.77,10.424,0,0,42.947,0,1
0,1.3774,1.9664,7.1032,32.272,31.662,23.916,1.702,0,0,0,2.7548,5.4676,10.906,6.845,0,28.161,18.569,5.4676,12.866,8.9627,0,0,7.4048,14.574,16.512,0,17.255,3.5012,12.139,6.256,20.391,1.9664,1
14.843,34.763,0.87781,0,0,39.297,0,0,9.3414,0.87781,0,0,5.5995,8.5549,4.9337,0,31.529,12.069,13.489,1.1162,13.038,9.671,12.611,6.9277,20.488,10.458,8.5549,20.115,0,10.628,0.87781,9.3414,0,0
0,0.99677,33.211,34.115,0,10.016,0.99677,8.0229,9.8336,0,2.8075,0,0,0,50.974,8.0229,4.801,9.8336,13.544,0,1.9935,10.83,7.0261,27.182,16.046,2.8075,0,1.9935,7.0261,0,0.99677,36.922,0,1
0,0,18.586,17.962,0,17.962,13.452,4.5092,22.745,0,4.7838,0,0,0,31.764,4.5092,18.236,9.2929,13.452,0,13.452,9.2929,4.5092,14.077,22.471,4.7838,0,0,17.962,0,0,36.198,0,1
10.133,18.245,2.6932,1.3466,0,54.238,4.0461,5.3927,2.6261,1.2795,0,0,4.9783,1.4686,5.5084,7.9516,47.377,4.1958,1.4686,5.0664,12.995,8.9904,2.6261,10.459,24.984,5.0664,1.4686,37.495,1.3466,6.3588,8.8481,1.3466,0,0
0,24.208,4.9677,0,0,57.181,4.3377,4.3377,0,4.9677,0,0,9.9353,0,4.9677,9.7262,47.455,0,4.9677,0,18.611,4.3377,0,14.273,23.578,0,5.3885,47.455,0,0,9.3054,0,0,0
0,32.952,0,0,0,67.048,0,0,0,0,0,0,25,0,0,0,67.048,0,0,0,0,7.9522,0,0,25,7.9522,0,67.048,0,0,0,0,0,0
0,0,33.333,0,0,66.667,0,0,0,0,0,0,0,0,0,0,66.667,33.333,0,0,0,0,0,33.333,0,0,0,66.667,0,0,0,0,0,0
0,41.341,6.4096,0,0,52.25,0,0,0,0,0,0,20.67,0,0,0,52.25,6.4096,0,0,0,20.67,0,6.4096,20.67,20.67,0,52.25,0,0,0,0,0,0
0,0,0,0,21.942,17.111,0,2.518,11.978,0,46.451,4.7055,0,0,24.46,0,36.915,9.411,2.5668,0,21.942,0,0,7.2235,2.1875,2.518,2.1875,34.348,0,0,24.509,24.46,2.5668,0
0,0,0,0,3.3512,90.942,0,0,5.7064,0,0,0,0,0,0,0,88.587,5.7064,0,0,0,5.7064,0,0,0,0,0,85.236,9.0577,0,0,5.7064,0,0
0,0,0,0,0,100,0,0,0,0,0,0,0,0,0,0,100,0,0,0,0,0,0,0,0,0,0,100,0,0,0,0,0,0
8.7109,21.811,0,2.0114,0,67.467,0,0,0,0,0,0,8.9633,5.3611,4.0228,17.283,41.221,19.8,0,3.3498,0,0,0,8.3195,7.3725,14.83,8.9633,39.209,2.0114,0,0,17.283,2.0114,0
27.02,20.103,0,4.8807,0,36.781,0,0,11.215,0,0,0,2.9626,12.029,16.096,2.9626,31.901,7.8433,11.215,14.991,0,0,0,2.9626,23.244,20.916,4.8807,28.938,2.9626,0,0,11.215,4.8807,0
0,0,0,23.87,0,76.13,0,0,0,0,0,0,0,0,11.919,11.951,52.26,11.919,11.951,0,0,0,0,0,0,0,11.919,64.211,0,0,11.951,0,11.919,0
0,0,0,9.5689,0,90.431,0,0,0,0,0,0,0,0,0,21.841,56.317,12.272,9.5689,0,0,0,0,0,0,0,12.272,78.159,0,0,9.5689,0,0,0
6.6453,6.6453,0,6.6453,0,74.853,0,0,5.2112,0,0,0,0,6.6453,13.291,20.999,38.066,15.788,5.2112,0,0,0,0,0,13.291,0,15.788,41.998,17.068,0,0,5.2112,6.6453,0
0,0,0,8.5659,0,91.434,0,0,0,0,0,17.132,0,0,0,15.313,43.677,15.313,8.5659,0,0,0,0,0,0,8.5659,15.313,58.99,0,0,8.5659,8.5659,0,0
0,43.977,0,0,0,56.023,0,0,0,0,0,12.046,15.966,0,0,0,43.977,0,0,0,12.046,15.966,0,12.046,15.966,28.011,0,43.977,0,0,0,0,0,0
0,10.004,0,7.7546,0,82.242,0,0,0,0,0,25.579,0,0,0,7.7546,48.908,0,7.7546,0,10.004,0,0,10.004,0,10.004,0,56.663,0,0,7.7546,15.575,0,0
0,0,0,0,0,100,0,0,0,0,0,10.574,0,0,0,0,89.426,0,0,0,0,0,0,0,0,0,0,89.426,0,0,0,10.574,0,0
0,0,0,0,0,100,0,0,0,0,0,0,0,0,0,0,100,0,0,0,0,0,0,0,0,0,0,100,0,0,0,0,0,0
0,0,0,16.134,0,83.866,0,0,0,0,0,32.268,0,0,0,0,51.598,0,16.134,0,0,0,0,0,0,16.134,0,51.598,0,0,16.134,16.134,0,0
0,0,0,0,0,100,0,0,0,0,0,12.162,0,0,0,0,87.838,0,0,0,0,0,0,0,0,0,0,87.838,0,0,0,12.162,0,0
11,37.945,0,0,0,51.055,0,0,0,0,0,0,11,0,0,22.703,39.352,15.945,0,11,0,0,0,15.945,0,32.999,6.7579,28.352,11,0,0,4.9455,0,0
12.484,12.484,0,12.484,0,52.535,0,0,10.013,0,0,0,0,12.484,24.968,10.013,42.522,0,10.013,0,0,0,0,0,24.968,0,0,20.025,32.51,0,0,10.013,12.484,0
0,20.196,0,0,0,79.803,0,0,0,0,0,0,12.971,0,0,12.971,53.862,12.971,0,0,7.2258,0,0,0,7.2258,12.971,12.971,46.636,0,0,7.2258,12.971,0,0
0,0,0,0,0,71.812,0,0,28.188,0,0,0,0,0,0,15.437,71.812,12.751,0,0,0,0,0,0,0,0,0,40.939,30.873,0,0,12.751,15.437,0
0,12.854,0,5.4693,0,64.543,0,0,17.134,0,0,0,0,0,18.323,8.4309,54.923,5.4693,12.854,0,0,0,0,0,12.854,0,5.4693,30.131,28.942,0,0,12.854,9.7499,0
0,0,0,0,0,88.596,0,0,11.404,0,0,0,0,0,0,22.149,66.447,0,11.404,0,0,0,0,0,0,0,0,44.298,44.298,0,0,11.404,0,0
0,0,0,0,7.36,75.856,0,0,16.784,0,0,0,0,0,0,19.309,69.887,7.36,3.4437,0,0,0,0,0,0,0,0,44.598,31.258,7.36,0,3.4437,13.34,0
0,0,0,0,6.6636,79.609,0,0,13.728,0,0,0,0,0,0,20.391,69.075,6.6636,3.87,0,0,0,0,0,0,0,0,34.875,44.733,6.6636,0,3.87,9.8579,0
0,65.141,0,0,0,34.859,0,0,0,0,0,5.2283,29.956,0,0,0,29.631,0,0,0,24.913,10.272,0,24.913,29.956,15.5,0,29.631,0,0,0,0,0,0
0,51.322,0,11.772,0,36.906,0,0,0,0,0,23.543,25.661,0,0,0,13.363,0,11.772,0,18.98,6.6815,0,18.98,25.661,18.453,0,13.363,0,0,11.772,11.772,0,0
0,20.941,0,0,0,79.059,0,0,0,0,0,0,13.457,0,0,0,79.059,0,0,0,0,7.4839,0,0,13.457,7.4839,0,79.059,0,0,0,0,0,0
0,0,0,0,0,100,0,0,0,0,0,0,0,0,0,0,100,0,0,0,0,0,0,0,0,0,0,100,0,0,0,0,0,0
0,0,0,0,0,100,0,0,0,0,0,0,0,0,0,0,100,0,0,0,0,0,0,0,0,0,0,100,0,0,0,0,0,0
0,0,0,0,0,100,0,0,0,0,0,0,0,0,0,0,100,0,0,0,0,0,0,0,0,0,0,100,0,0,0,0,0,0
0,0,0,0,0,100,0,0,0,0,0,0,0,0,0,0,100,0,0,0,0,0,0,0,0,0,0,100,0,0,0,0,0,0
0,0,0,0,0,100,0,0,0,0,0,0,0,0,0,0,100,0,0,0,0,0,0,0,0,0,0,100,0,0,0,0,0,0
0,0,0,0,0,100,0,0,0,0,0,0,0,0,0,0,100,0,0,0,0,0,0,0,0,0,0,100,0,0,0,0,0,0
0,0,0,0,0,100,0,0,0,0,0,0,0,0,0,0,100,0,0,0,0,0,0,0,0,0,0,100,0,0,0,0,0,0
0,0,0,0,0,100,0,0,0,0,0,0,0,0,0,0,100,0,0,0,0,0,0,0,0,0,0,100,0,0,0,0,0,0
0,0,0,0,0,100,0,0,0,0,0,0,0,0,0,0,100,0,0,0,0,0,0,0,0,0,0,100,0,0,0,0,0,0
0,0,0,0,0,100,0,0,0,0,0,0,0,0,0,0,100,0,0,0,0,0,0,0,0,0,0,100,0,0,0,0,0,0
0,0,0,0,0,100,0,0,0,0,0,0,0,0,0,0,100,0,0,0,0,0,0,0,0,0,0,100,0,0,0,0,0,0
0,0,0,0,0,100,0,0,0,0,0,0,0,0,0,0,100,0,0,0,0,0,0,0,0,0,0,100,0,0,0,0,0,0
0,0,0,0,0,100,0,0,0,0,0,0,0,0,0,0,100,0,0,0,0,0,0,0,0,0,0,100,0,0,0,0,0,0
22.89,26.913,0,0,0,49.265,0,0,0.93194,0,0,0,1.8661,6.7892,14.847,0,43.407,8.9605,14.847,7.416,1.2393,0.62682,8.0581,15.474,17.923,8.348,6.7892,31.312,0,11.164,0,0.93194,0,0
0,6.2333,0,0,0,93.767,0,0,0,0,0,0,0,0,0,0,93.767,0,0,0,6.2333,0,0,0,6.2333,0,0,87.533,0,0,6.2333,0,0,0
0,17.062,0,0,0,82.938,0,0,0,0,0,0,5.6874,0,0,0,82.938,5.6874,0,0,5.6874,0,0,0,17.062,0,0,71.563,0,11.375,0,0,0,0
0,0,0,0,0,100,0,0,0,0,0,0,0,0,0,0,100,0,0,0,0,0,0,0,0,0,0,100,0,0,0,0,0,0
0,4.0103,67.154,0,0,28.835,0,0,0,0,0,0,4.0103,0,0,0,28.835,67.154,0,0,0,0,0,67.154,4.0103,0,0,28.835,0,0,0,0,0,0
0,8.491,10.783,0,0,80.726,0,0,0,0,0,0,8.491,0,0,0,80.726,10.783,0,0,0,0,0,10.783,8.491,0,0,80.726,0,0,0,0,0,0
0,0,0,0,0,100,0,0,0,0,0,0,0,0,0,10.275,89.725,0,0,0,0,0,0,0,0,0,10.275,89.725,0,0,0,0,0,0
0,0,0,0,13.392,43.304,0,0,35.254,0,8.05,0,0,0,0,13.392,51.774,26.784,0,8.05,0,0,0,0,0,0,0,43.304,0,21.442,0,13.392,21.862,0
0,0,0,0,0,100,0,0,0,0,0,0,0,0,0,0,100,0,0,0,0,0,0,0,0,0,0,100,0,0,0,0,0,0
0,0,0,0,0,56.145,0,0,19.49,17.164,7.2006,0,0,0,17.164,11.446,37.498,8.0442,0,25.847,0,0,0,0,0,0,0,37.498,18.647,7.2006,17.164,8.0442,11.446,0
0,0,0,0,16.782,66.667,0,0,16.551,0,0,0,0,0,0,24.987,41.679,25.128,0,8.2051,0,0,0,0,0,0,0,41.679,24.987,16.782,0,8.3459,8.2051,0
0,0,0,0,18.38,56.944,0,0,24.676,0,0,0,0,0,0,29.595,33.646,36.759,0,0,0,0,0,0,0,0,0,34.514,22.43,18.38,0,18.38,6.2966,0
0,0,0,0,10.012,39.14,0,0,18.722,11.708,20.418,0,0,0,11.708,10.012,26.13,20.023,0,32.127,0,0,0,0,0,0,0,27.432,11.708,30.43,11.708,10.012,8.7101,0
0,0,0,0,0,100,0,0,0,0,0,0,0,0,0,0,100,0,0,0,0,0,0,0,0,0,0,100,0,0,0,0,0,0
0,0,0,0,0,100,0,0,0,0,0,0,0,0,0,0,100,0,0,0,0,0,0,0,0,0,0,100,0,0,0,0,0,0
0,0,0,0,0,100,0,0,0,0,0,0,0,0,0,0,100,0,0,0,0,0,0,0,0,0,0,100,0,0,0,0,0,0
0,0,0,0,0,100,0,0,0,0,0,0,0,0,0,0,100,0,0,0,0,0,0,0,0,0,0,100,0,0,0,0,0,0
0,0,0,0,0,100,0,0,0,0,0,0,0,0,0,0,100,0,0,0,0,0,0,0,0,0,0,100,0,0,0,0,0,0
0,0,0,0,0,100,0,0,0,0,0,0,0,0,0,0,100,0,0,0,0,0,0,0,0,0,0,100,0,0,0,0,0,0
0,0,0,0,0,100,0,0,0,0,0,0,0,0,0,0,100,0,0,0,0,0,0,0,0,0,0,100,0,0,0,0,0,0
0,0,0,0,0,100,0,0,0,0,0,0,0,0,0,0,100,0,0,0,0,0,0,0,0,0,0,100,0,0,0,0,0,0
0,0,0,0,0,100,0,0,0,0,0,0,0,0,0,0,100,0,0,0,0,0,0,0,0,0,0,100,0,0,0,0,0,0
0,0,0,0,0,37.806,0,0,6.7087,24.388,31.097,0,0,0,24.388,0,20.126,0,0,55.485,0,0,0,0,0,0,0,13.417,24.388,31.097,24.388,0,6.7087,0
0,0,0,0,0,55.219,0,0,15.323,24.573,4.885,0,0,0,24.573,10.438,49.666,0,0,15.323,0,0,0,0,0,0,0,44.781,10.438,4.885,24.573,0,15.323,0
0,0,0,0,0,100,0,0,0,0,0,0,0,0,0,0,100,0,0,0,0,0,0,0,0,0,0,100,0,0,0,0,0,0
0,0,0,0,0,100,0,0,0,0,0,0,0,0,0,0,100,0,0,0,0,0,0,0,0,0,0,100,0,0,0,0,0,0
0,0,0,0,0,100,0,0,0,0,0,0,0,0,0,0,100,0,0,0,0,0,0,0,0,0,0,100,0,0,0,0,0,0
0,0,0,0,0,100,0,0,0,0,0,0,0,0,0,0,100,0,0,0,0,0,0,0,0,0,0,100,0,0,0,0,0,0
0,0,0,0,0,100,0,0,0,0,0,0,0,0,0,0,100,0,0,0,0,0,0,0,0,0,0,100,0,0,0,0,0,0
