h1,h2,h3,h4,h5,h6,h7,h8,h9,h10,h11,h12,h13,h14,h15,h16,h17,h18,h19,h20,h21,h22,h23,h24,h25,h26,h27,h28,h29,h30,h31,h32,h33,label
0,0,0,0,0,100,0,0,0,0,0,0,0,0,0,0,100,0,0,0,0,0,0,0,0,0,0,100,0,0,0,0,0,0
0,0,0,0,0,100,0,0,0,0,0,0,0,0,0,0,100,0,0,0,0,0,0,0,0,0,0,100,0,0,0,0,0,0
0,0,0,0,0,100,0,0,0,0,0,0,0,0,0,0,100,0,0,0,0,0,0,0,0,0,0,100,0,0,0,0,0,0
0,0,0,0,0,100,0,0,0,0,0,0,0,0,0,0,100,0,0,0,0,0,0,0,0,0,0,100,0,0,0,0,0,0
0,0,0,0,0,100,0,0,0,0,0,0,0,0,0,0,100,0,0,0,0,0,0,0,0,0,0,100,0,0,0,0,0,0
0,0,28.858,0,0,71.142,0,0,0,0,0,0,0,28.858,0,0,71.142,0,0,0,0,0,0,13.425,0,0,0,71.142,0,0,0,15.433,0,0
0,0,22.116,0,0,77.884,0,0,0,0,0,0,0,16.74,0,0,66.405,11.478,0,5.3762,0,0,0,5.3179,0,0,0,77.884,0,0,0,16.799,0,0
0,0,21.949,0,0,78.051,0,0,0,0,0,0,0,18.199,0,0,74.301,3.75,0,3.75,0,0,0,3.75,0,0,0,78.051,0,0,0,18.199,0,0
0,0,0,0,0,100,0,0,0,0,0,0,0,0,0,0,100,0,0,0,0,0,0,0,0,0,0,100,0,0,0,0,0,0
0,0,0,0,0,100,0,0,0,0,0,0,0,0,0,0,100,0,0,0,0,0,0,0,0,0,0,100,0,0,0,0,0,0
0,0,0,0,0,100,0,0,0,0,0,0,0,0,0,0,100,0,0,0,0,0,0,0,0,0,0,100,0,0,0,0,0,0
0,0,0,0,0,100,0,0,0,0,0,0,0,0,0,0,100,0,0,0,0,0,0,0,0,0,0,100,0,0,0,0,0,0
0,0,0,0,0,100,0,0,0,0,0,0,0,0,0,0,100,0,0,0,0,0,0,0,0,0,0,83.628,16.372,0,0,0,0,0
0,0,0,0,0,100,0,0,0,0,0,0,0,0,0,0,100,0,0,0,0,0,0,0,0,0,0,81.724,18.276,0,0,0,0,0
0,0,0,0,0,100,0,0,0,0,0,0,0,0,0,0,100,0,0,0,0,0,0,0,0,0,0,69.296,30.704,0,0,0,0,0
0,0,4.9021,0,0,95.098,0,0,0,0,0,0,0,4.9021,0,0,95.098,0,0,0,0,0,0,4.9021,0,0,0,95.098,0,0,0,0,0,0
0,0,0,0,0,100,0,0,0,0,0,0,0,0,0,0,100,0,0,0,0,0,0,0,0,0,0,100,0,0,0,0,0,0
0,0,15.281,0,0,84.719,0,0,0,0,0,0,0,10.187,0,0,79.625,5.0937,0,5.0937,0,0,0,5.0937,0,0,0,84.719,0,0,0,10.187,0,0
0,0,0,0,0,100,0,0,0,0,0,0,0,0,0,0,100,0,0,0,0,0,0,0,0,0,0,100,0,0,0,0,0,0
0,0,0,0,0,100,0,0,0,0,0,0,0,0,0,0,100,0,0,0,0,0,0,0,0,0,0,100,0,0,0,0,0,0
0,0,0,0,0,100,0,0,0,0,0,0,0,0,0,0,100,0,0,0,0,0,0,0,0,0,0,100,0,0,0,0,0,0
0,0,0,0,0,100,0,0,0,0,0,0,0,0,0,0,100,0,0,0,0,0,0,0,0,0,0,100,0,0,0,0,0,0
0,0,0,0,0,100,0,0,0,0,0,0,0,0,0,0,100,0,0,0,0,0,0,0,0,0,0,100,0,0,0,0,0,0
33.181,0,0,0,0,66.819,0,0,0,0,0,33.181,0,0,0,0,11.213,33.181,11.213,0,11.213,0,0,0,0,0,11.213,44.394,33.181,0,0,11.213,0,0
0,0,0,0,0,100,0,0,0,0,0,0,0,0,0,0,100,0,0,0,0,0,0,0,0,0,0,100,0,0,0,0,0,0
0,0,25,0,0,75,0,0,0,0,0,0,0,0,0,0,75,0,0,25,0,0,0,0,0,0,0,75,0,0,0,25,0,0
0,0,0,0,0,100,0,0,0,0,0,0,0,0,0,0,100,0,0,0,0,0,0,0,0,0,0,100,0,0,0,0,0,0
0,0,0,0,0,100,0,0,0,0,0,0,0,0,0,0,100,0,0,0,0,0,0,0,0,0,0,100,0,0,0,0,0,0
0,0,0,0,0,100,0,0,0,0,0,0,0,0,0,0,100,0,0,0,0,0,0,0,0,0,0,100,0,0,0,0,0,0
0,0,0,0,0,100,0,0,0,0,0,0,0,0,0,0,100,0,0,0,0,0,0,0,0,0,0,100,0,0,0,0,0,0
0,0,0,0,0,100,0,0,0,0,0,0,0,0,0,0,100,0,0,0,0,0,0,0,0,0,0,100,0,0,0,0,0,0
0,0,0,0,0,100,0,0,0,0,0,0,0,0,0,0,100,0,0,0,0,0,0,0,0,0,0,100,0,0,0,0,0,0
0,0,0,0,0,100,0,0,0,0,0,0,0,0,0,0,100,0,0,0,0,0,0,0,0,0,0,74.488,25.512,0,0,0,0,0
0,0,0,0,0,100,0,0,0,0,0,0,0,0,0,0,100,0,0,0,0,0,0,0,0,0,0,95.211,4.7895,0,0,0,0,0
0,0,3.3393,0,0,92.165,0,4.4961,0,0,0,4.4961,0,0,0,3.3393,87.668,4.4961,0,0,0,0,0,0,0,0,0,80.413,11.751,0,0,0,7.8354,0
0,0,0,0,0,100,0,0,0,0,0,0,0,0,0,0,100,0,0,0,0,0,0,0,0,0,0,70.293,29.707,0,0,0,0,0
0,0,0,0,0,93.854,0,6.1463,0,0,0,6.1463,0,0,0,0,87.707,6.1463,0,0,0,0,0,0,0,0,0,75.078,18.776,0,0,0,6.1463,0
0,0,6.6748,0,0,93.325,0,0,0,0,0,0,0,0,0,6.6748,93.325,0,0,0,0,0,0,0,0,0,0,93.325,0,0,0,0,6.6748,0
0,0,9.9846,0,0,78.782,0,11.234,0,0,0,11.234,0,0,0,3.8922,61.455,17.326,0,0,0,6.0924,0,0,0,0,0,78.782,0,0,6.0924,0,15.126,0
0,0,0,0,0,100,0,0,0,0,0,0,0,0,0,0,100,0,0,0,0,0,0,0,0,0,0,100,0,0,0,0,0,0
0,0,12.788,0,0,87.212,0,0,0,0,0,0,0,0,0,0,74.424,12.788,0,0,0,12.788,0,0,0,0,0,87.212,0,0,12.788,0,0,0
0,0,35.698,0,0,50.03,0,14.272,0,0,0,14.272,0,0,0,17.551,46.155,3.875,0,0,0,18.147,0,0,0,0,0,43.381,6.6483,0,18.147,0,31.823,0
0,0,22.452,0,0,63.82,0,13.728,0,0,0,13.728,0,0,0,13.303,59.24,4.58,0,0,0,9.1484,0,0,0,0,0,63.82,0,0,9.1484,0,27.032,0
0,0,0,0,0,100,0,0,0,0,0,0,0,0,0,0,100,0,0,0,0,0,0,0,0,0,0,100,0,0,0,0,0,0
0,0,0,0,0,100,0,0,0,0,0,0,0,0,0,0,100,0,0,0,0,0,0,0,0,0,0,91.101,8.8991,0,0,0,0,0
0.74437,6.0961,40.178,0.79877,1.8187,32.608,0.79877,0,16.213,0.74437,0,4.9339,2.1995,0,19.673,1.4447,29.349,23.238,6.1604,6.161,0,6.8404,2.6175,24.607,0.74437,9.4972,8.9996,5.6886,14.155,1.8627,4.9339,8.0775,18.817,1
0,0,0,0,0,89.465,0,0,10.535,0,0,0,0,0,0,0,93.507,6.4927,0,0,0,0,0,0,0,0,0,82.27,7.1943,0,0,10.535,0,0
0,0,0,0,0,100,0,0,0,0,0,0,0,0,0,10.581,72.287,17.132,0,0,0,0,0,0,0,0,0,65.737,34.263,0,0,0,0,0
0.7624,1.5248,11.695,10.494,1.4376,23.989,6.7055,1.4376,28.594,8.6201,4.7398,12.408,2.3982,6.0855,15.86,9.2906,21.459,6.0302,8.1431,6.9908,0,11.334,3.4033,17.73,10.815,1.0051,12.116,4.2628,5.2678,3.3022,16.23,15.374,10.494,1
0,0,0,0,0,100,0,0,0,0,0,0,0,0,0,10.555,84.263,5.1819,0,0,0,0,0,0,0,0,0,68.458,31.542,0,0,0,0,0
2.7757,11.251,7.2204,0,4.2903,36.295,10.595,0,12.746,10.488,4.338,15.203,9.5482,4.859,5.5001,9.6653,26.759,6.443,4.1275,2.7757,1.3622,13.758,8.5213,17.536,21.359,8.735,13.775,10.135,7.1214,5.9697,2.288,2.1709,2.389,1
0,0,0,0,0,95.231,0,0,4.7694,0,0,0,0,0,0,10.233,78.724,11.042,0,0,0,0,0,0,0,0,0,70.764,24.467,0,0,4.7694,0,0
0,0,0,0,0,93.674,0,0,6.3256,0,0,0,0,0,0,11.279,67.622,14.774,6.3256,0,0,0,0,0,0,0,0,64.126,29.548,0,0,6.3256,0,0
0,0,6.6087,0,0,83.638,0,0,9.7533,0,0,0,0,0,0,8.638,75,0,16.362,0,0,0,6.6087,0,0,0,6.6087,68.391,8.638,0,0,9.7533,0,0
0,0,11.701,0,0,63.686,0,0,24.613,0,0,15.232,0,0,2.8969,2.9536,60.732,0,15.289,0,2.8969,0,2.9536,0,2.8969,5.8505,15.289,48.397,0,0,9.3814,12.335,2.8969,0
0,0,17.014,0,0,53.532,0,0,29.453,0,0,5.8251,17.32,0,2.951,5.4184,36.378,11.736,11.587,0,8.7849,0,5.7621,0,8.7849,2.4673,26.274,27.258,0,0,20.677,5.8251,2.951,0
0,0,0,0,0,79.29,0,0,20.71,0,0,0,0,0,0,0,95.898,4.1022,0,0,0,0,0,0,0,0,16.608,62.682,0,0,0,20.71,0,0
0,0,0,0,0,74.169,0,0,25.831,0,0,0,0,0,0,0,92.979,7.0215,0,0,0,0,0,0,0,0,14.524,59.645,0,0,0,25.831,0,0
0,0,0,0,0,79.399,0,0,20.601,0,0,0,0,0,0,0,79.767,16.78,3.4537,0,0,0,0,0,0,0,12.422,58.261,8.7156,0,0,20.601,0,0
0,0,0,0,0,81.933,0,0,18.067,0,0,0,0,0,0,0,88.528,11.472,0,0,0,0,0,0,0,0,12.309,69.623,0,0,0,18.067,0,0
0,0,0,0,0,78.935,0,0,21.065,0,0,0,0,0,0,6.4607,72.475,3.4076,17.657,0,0,0,0,0,0,0,13.509,58.965,6.4607,0,0,21.065,0,0
0,0,0,0,0,77.595,0,0,22.405,0,0,4.3902,0,0,0,0,77.595,0,18.015,0,0,0,0,0,0,0,10.278,67.317,0,0,4.3902,18.015,0,0
0,0,38.517,0,0,61.483,0,0,0,0,0,0,0,25.678,0,0,48.644,12.839,0,12.839,0,0,0,12.839,0,0,0,61.483,0,0,0,25.678,0,0
0,0,0,0,0,100,0,0,0,0,0,0,0,0,0,0,50,50,0,0,0,0,0,0,0,0,0,100,0,0,0,0,0,0
0,0,0,0,0,100,0,0,0,0,0,0,0,0,0,0,100,0,0,0,0,0,0,0,0,0,0,100,0,0,0,0,0,0
0,0,0,0,0,100,0,0,0,0,0,0,0,0,0,24.814,75.186,0,0,0,0,0,0,0,0,0,0,100,0,0,0,0,0,0
0,0,0,0,0,72.751,0,0,27.249,0,0,11.633,0,0,0,0,72.751,0,15.616,0,0,0,0,0,0,0,11.633,61.118,0,0,11.633,15.616,0,0
0,0,5.3807,0,0,71.577,0,0,23.042,0,0,5.7478,0,0,0,2.6903,68.887,0,22.675,0,0,0,2.6903,0,0,2.6903,16.513,55.064,0,0,3.0575,19.985,0,0
0,0,24.769,0,0,59.888,0,0,15.342,0,0,11.025,0,0,2.0521,7.0721,52.816,0,24.983,0,2.0521,0,13.593,0,2.0521,9.1242,22.566,37.323,0,0,1.9005,11.39,2.0521,0
0,0,6.244,0,0,66.621,0,0,27.135,0,0,12.629,0,0,5.5915,3.734,59.153,3.734,13.301,0,1.8575,0,2.529,0,1.8575,1.8575,23.255,43.366,0,0,10.772,10.772,5.5915,0
0,0,33.333,0,0,38.193,0,0,28.473,0,0,4.8599,23.613,0,4.8599,0,14.58,23.613,0,0,28.473,0,0,0,28.473,4.8599,23.613,14.58,0,0,23.613,0,4.8599,0
0,0,10.595,0,0,54.551,0,0,34.854,0,0,5.2973,25.006,0,9.8486,4.5513,45.449,4.5513,0,0,5.2973,0,0,0,5.2973,5.2973,9.1027,45.449,0,0,25.006,0,9.8486,0
9.2414,0,0,0,31.84,24.094,0,0,14.004,4.7628,16.057,0,0,5.6473,29.017,7.4262,0,16.828,4.7628,15.013,12.065,9.2414,0,0,0,0,0,16.668,10.25,21.306,34.948,16.828,0,0
7.8525,8.5275,0,0,19.044,24.83,0,0,19.395,11.013,9.3382,0,16.978,4.8445,17.113,1.9313,10.911,14.55,4.4937,13.021,5.9212,10.236,0,0,8.5275,0,0,24.83,2.4609,13.774,39.54,10.867,0,0
7.4975,0,0,0,22.24,40.651,0,0,7.3714,7.3714,14.869,0,0,0,14.743,7.4975,22.102,7.3714,14.869,25.92,0,7.4975,0,0,0,0,0,18.549,22.102,7.4975,44.481,7.3714,0,0
9.8823,2.1983,0,0,27.841,29.835,0,0,7.0067,2.1983,21.038,0,4.3966,7.9821,18.776,12.852,2.1983,10.998,5.0739,19.041,8.7995,9.8823,0,0,2.1983,0,0,22.057,11.769,18.682,36.494,8.7995,0,0
0,0,0,0,0,100,0,0,0,0,0,0,0,0,0,27.664,44.672,27.664,0,0,0,0,0,0,0,0,0,100,0,0,0,0,0,0
0,0,0,0,0,100,0,0,0,0,0,0,0,0,0,18.666,18.666,62.668,0,0,0,0,0,0,0,0,0,100,0,0,0,0,0,0
0,0,0,0,0,100,0,0,0,0,0,0,0,0,0,50,0,50,0,0,0,0,0,0,0,0,0,100,0,0,0,0,0,0
0,0,0,0,12.256,87.744,0,0,0,0,0,0,0,0,12.256,12.256,63.232,0,0,12.256,0,0,0,0,0,0,0,47.939,39.805,0,12.256,0,0,0
0,0,0,0,0,100,0,0,0,0,0,0,0,0,0,0,82.584,0,0,17.416,0,0,0,0,0,0,0,65.168,34.832,0,0,0,0,0
0,0,0,0,0,100,0,0,0,0,0,0,0,0,0,0,81.774,8.8988,0,9.3271,0,0,0,0,0,0,0,57.34,42.66,0,0,0,0,0
0,0,0,0,0,100,0,0,0,0,0,0,0,0,0,0,100,0,0,0,0,0,0,0,0,0,0,79.11,20.89,0,0,0,0,0
0,0,0,0,0,89.125,0,0,10.875,0,0,0,0,0,0,0,100,0,0,0,0,0,0,0,0,0,18.882,70.243,0,0,0,10.875,0,0
0,0,0,0,0,100,0,0,0,0,0,0,0,0,0,0,100,0,0,0,0,0,0,0,0,0,8.3985,91.601,0,0,0,0,0,0
0,0,0,0,0,100,0,0,0,0,0,0,0,0,0,0,100,0,0,0,0,0,0,0,0,0,0,100,0,0,0,0,0,0
0,0,0,0,0,100,0,0,0,0,0,0,0,0,0,0,100,0,0,0,0,0,0,0,0,0,0,100,0,0,0,0,0,0
0,0,0,0,0,91.277,0,0,8.7227,0,0,0,0,0,0,0,91.277,8.7227,0,0,0,0,0,0,0,0,22.799,68.478,0,0,0,8.7227,0,0
0,0,0,0,0,100,0,0,0,0,0,0,0,0,0,0,100,0,0,0,0,0,0,0,0,0,4.9562,95.044,0,0,0,0,0,0
0,0,0,0,0,92.24,0,0,7.7597,0,0,0,0,0,0,0,92.24,0,7.7597,0,0,0,0,0,0,0,19.058,73.183,0,0,0,7.7597,0,0
0,0,0,0,0,100,0,0,0,0,0,0,0,0,0,0,100,0,0,0,0,0,0,0,0,0,4.2448,95.755,0,0,0,0,0,0
0,0,0,0,0,100,0,0,0,0,0,0,0,0,0,0,100,0,0,0,0,0,0,0,0,0,0,100,0,0,0,0,0,0
0,0,0,0,0,100,0,0,0,0,0,0,0,0,0,0,100,0,0,0,0,0,0,0,0,0,0,100,0,0,0,0,0,0
0,0,0,0,0,100,0,0,0,0,0,0,0,0,0,0,100,0,0,0,0,0,0,0,0,0,0,100,0,0,0,0,0,0
0,0,0,7.0886,0,92.911,0,0,0,0,0,0,0,0,0,0,85.823,0,0,7.0886,0,7.0886,0,0,7.0886,0,6.2256,79.597,7.0886,0,0,0,0,0
0,0,0,0,44.021,36.626,9.6766,9.6766,0,0,0,0,0,9.6766,9.7437,17.206,17.139,19.42,9.6766,17.139,0,0,0,0,19.353,0,0,36.626,0,36.559,7.462,0,0,0
0,0,0,6.306,36.28,57.414,0,0,0,0,0,0,0,0,8.5223,14.828,27.758,36.28,6.306,0,6.306,0,0,0,0,0,0,51.108,6.306,8.5223,0,34.064,0,0
0,0,0,0,0,100,0,0,0,0,0,0,0,0,0,0,100,0,0,0,0,0,0,0,0,0,0,100,0,0,0,0,0,0
0,0,0,0,0,92.535,0,0,7.465,0,0,3.7325,0,0,0,0,92.535,0,3.7325,0,0,0,0,0,0,0,13.86,78.675,0,0,3.7325,3.7325,0,0
0,0,0,0,0,100,0,0,0,0,0,0,0,0,0,0,100,0,0,0,0,0,0,0,0,0,3.4392,96.561,0,0,0,0,0,0
0,0,6.288,0,0,83.995,0,0,9.7169,0,0,3.144,0,0,6.5729,9.7169,67.705,6.5729,6.288,0,0,0,3.144,0,0,3.144,23.592,60.403,0,0,0,3.144,6.5729,0
0,0,23.914,0,0,60.268,0,0,15.818,0,0,8.095,7.7234,0,3.0197,5.0753,47.469,7.7234,10.151,0,10.743,0,5.0753,0,10.743,8.095,24.939,35.329,0,0,7.7234,5.0753,3.0197,0
0,15.953,4.546,0,2.7196,36.444,0,0,20.086,8.5604,11.69,0,17.13,19.075,2.7196,2.8381,33.724,2.7196,0,8.5692,7.3842,5.8408,0,0,20.499,0,0,33.606,8.6878,0,31.366,5.8408,0,0
0,2.6477,5.1406,0,1.8805,52.825,5.8745,0,21.384,10.248,0,0,0,11.015,1.8805,13.017,41.688,11.136,0,8.3673,2.6477,10.248,0,0,7.7883,0,0,49.064,3.7611,9.6355,20.116,3.7611,5.8745,0
0,3.7091,6.7474,0,11.192,42.474,0,0,10.457,10.457,14.965,0,7.4183,14.23,7.4504,0,33.374,12.841,0,14.198,3.7413,6.7474,0,0,10.457,0,0,42.474,3.7413,3.7413,35.846,3.7413,0,0
0,9.8386,0,0,0,63.758,0,0,26.403,0,0,0,0,9.8386,0,16.564,56.101,7.6574,0,0,9.8386,0,0,0,9.8386,0,0,53.92,9.8386,0,19.677,6.7257,0,0
0,2.2696,9.2564,0,3.2719,39.407,13.195,6.3306,24.14,2.1299,0,7.7935,1.809,4.3996,7.4474,15.219,34.672,1.809,0,6.8647,5.5415,14.445,3.2719,7.4474,19.106,3.2719,1.809,27.881,3.7325,5.4018,10.287,15.661,2.1299,0
0,0,17.695,0,14.001,22.156,10.635,4.7594,20.837,4.2962,5.6207,8.2589,7.9207,0,12.025,16.575,17.377,4.7792,0,11.496,6.9054,14.663,19.173,6.3827,8.3438,4.4212,4.4212,10.865,3.624,14.696,8.4186,18.2,1.454,0
0,0,6.4178,0,7.8559,46.676,0,0,24.776,7.8559,6.4178,0,0,0,14.274,24.776,29.756,16.92,0,6.4178,0,7.8559,0,6.4178,0,0,0,30.964,15.712,22.13,9.0644,15.712,0,0
0,0,6.6349,0,16.876,34.156,6.6349,0,12.102,11.798,11.798,3.3175,0,0,23.452,13.863,27.521,0,5.0187,13.414,10.097,3.3175,3.3175,6.6349,3.3175,3.3175,0,27.521,8.3361,16.876,11.798,18.881,0,0
0,0,0,0,0,100,0,0,0,0,0,0,0,0,0,0,100,0,0,0,0,0,0,0,0,0,0,100,0,0,0,0,0,0
0,0,0,0,0,100,0,0,0,0,0,0,0,0,0,0,100,0,0,0,0,0,0,0,0,0,0,100,0,0,0,0,0,0
0,0,0,0,0,100,0,0,0,0,0,0,0,0,0,0,92.208,7.7918,0,0,0,0,0,0,0,0,0,79.418,20.582,0,0,0,0,0
0,0,0,0,0,100,0,0,0,0,0,0,0,0,0,0,91.364,8.6362,0,0,0,0,0,0,0,0,0,100,0,0,0,0,0,0
0,0,0,0,0,100,0,0,0,0,0,0,0,0,0,0,100,0,0,0,0,0,0,0,0,0,0,88.025,11.975,0,0,0,0,0
0,0,0,0,0,100,0,0,0,0,0,0,0,0,0,0,100,0,0,0,0,0,0,0,0,0,0,100,0,0,0,0,0,0
0,0,0,0,0,100,0,0,0,0,0,0,0,0,0,0,100,0,0,0,0,0,0,0,0,0,0,100,0,0,0,0,0,0
0,0,0,0,0,100,0,0,0,0,0,0,0,0,0,0,100,0,0,0,0,0,0,0,0,0,0,100,0,0,0,0,0,0
0,0,0,0,0,100,0,0,0,0,0,0,0,0,0,0,100,0,0,0,0,0,0,0,0,0,0,100,0,0,0,0,0,0
0,0,0,0,0,100,0,0,0,0,0,0,0,0,0,0,100,0,0,0,0,0,0,0,0,0,0,100,0,0,0,0,0,0
0,0,19.989,0,15.938,32.058,2.2633,0,18.815,4.0088,6.9286,1.1317,0,0,28.007,14.806,29.795,0,4.0088,5.1832,1.1317,15.938,15.938,5.1832,1.1317,1.1317,0,29.795,5.1404,4.0515,4.0088,33.62,0,0
0,0,0,0,0,46.871,0,0,6.2571,6.2571,40.614,0,0,0,12.514,0,81.229,0,6.2571,0,0,0,0,0,0,0,0,46.871,6.2571,34.357,6.2571,6.2571,0,0
0,0,9.9304,0,21.163,22.381,0,0,5.7843,7.6892,33.053,0,0,0,17.62,13.474,37.141,0,6.4568,11.835,7.6892,5.7843,5.7843,4.1461,0,0,0,22.381,6.4568,34.285,7.6892,19.258,0,0
0,0,0,0,0,14.772,0,0,7.3862,7.3862,70.455,0,0,0,14.772,0,46.307,0,38.921,0,0,0,0,0,0,0,0,14.772,38.921,31.535,7.3862,7.3862,0,0
0,0,0,0,0,100,0,0,0,0,0,0,0,0,0,0,100,0,0,0,0,0,0,0,0,0,0,100,0,0,0,0,0,0
0,0,0,0,0,100,0,0,0,0,0,0,0,0,0,0,100,0,0,0,0,0,0,0,0,0,0,100,0,0,0,0,0,0
0,0,0,0,0,100,0,0,0,0,0,0,0,0,0,0,100,0,0,0,0,0,0,0,0,0,0,100,0,0,0,0,0,0
0,0,0,0,0,100,0,0,0,0,0,0,0,0,0,0,100,0,0,0,0,0,0,0,0,0,0,100,0,0,0,0,0,0
6.2431,4.1154,0,0,28.153,14.474,0,0,7.1646,7.1646,32.685,0,8.2308,11.696,16.062,6.2431,4.1154,13.013,9.2922,19.256,5.8482,6.2431,0,0,4.1154,0,0,14.474,5.8482,12.091,54.574,8.8974,0,0
3.7119,2.1734,1.8382,0,17.035,16.7,0,0,16.119,10.234,32.187,0,9.312,21.959,11.631,0,12.988,10.374,1.2573,10.673,9.1164,12.689,0,0,4.0116,0,0,16.7,7.5779,12.828,41.37,17.512,0,0
0,0,0,0,0,100,0,0,0,0,0,0,0,0,0,0,100,0,0,0,0,0,0,0,0,0,0,69.223,30.777,0,0,0,0,0
0,3.6934,5.57,0,0,48.664,3.4164,0,20.805,13.418,4.4322,0,4.4322,17.112,0,3.6934,44.8,0,0,8.9863,7.5575,13.418,0,0,13.127,0,0,41.107,3.6934,3.4164,30.807,4.4322,3.4164,0
0,13.015,4.0851,2.6074,2.6074,55.204,10.97,0,5.7555,5.7555,0,0,2.6074,9.8406,2.6074,0,47.382,2.6074,0,8.3629,11.907,14.685,2.6074,11.537,10.778,0,2.6074,47.382,0,5.7555,5.7555,0,13.578,0
0,8.8227,8.8227,0,0,64.709,8.8227,0,8.8227,0,0,8.8227,8.8227,8.8227,0,0,49.373,8.8227,0,0,6.5139,8.8227,0,8.8227,15.337,8.8227,8.8227,40.55,0,0,0,8.8227,8.8227,0
0,12.462,0,0,0,87.538,0,0,0,0,0,0,0,0,0,0,87.538,0,0,0,0,12.462,0,12.462,0,0,0,87.538,0,0,0,0,0,0
0,6.4244,0,0,0,80.727,0,0,12.849,0,0,0,0,6.4244,0,0,87.151,0,0,6.4244,0,0,0,6.4244,0,0,0,80.727,0,0,0,12.849,0,1
0,17.062,1.3629,7.6435,3.6205,39.231,14.855,1.3629,14.862,0,0,1.3629,3.6205,2.7257,2.755,12.071,37.78,13.895,0,8.5747,6.4048,10.81,12.1,22.045,5.4808,14.731,3.6205,22.983,0,0,0,12.634,6.4048,1
0,0,14.047,0,15.777,28.747,18.446,0,22.983,0,0,3.7468,5.4764,0,14.047,17.506,21.253,0,0,18.446,9.2231,10.301,21.253,12.97,3.7468,9.2231,5.4764,10.301,3.7468,3.7468,0,24.06,5.4764,0
0,11.925,4.1277,1.578,4.7282,34.884,13.584,0,29.173,0,0,4.1277,8.8559,11.925,1.578,6.3006,33.82,5.7056,0,15.676,7.8842,4.1277,7.8785,16.653,5.7056,7.2779,8.8559,15.594,0,0,0,26.023,12.012,1
0,12.765,2.3938,10.371,1.6557,49.378,16.076,0,7.3608,0,0,2.3938,4.0495,2.3938,0,13.682,46.984,23.135,0,3.3114,1.6557,2.3938,13.682,14.42,2.3938,24.791,4.0495,30.908,0,0,0,5.7052,4.0495,1
0,0,0,0,0,100,0,0,0,0,0,0,0,0,0,0,100,0,0,0,0,0,0,0,0,0,0,50,50,0,0,0,0,0
0,0,0,5.6522,6.6195,87.728,0,0,0,0,0,0,6.6195,0,0,0,74.848,5.6522,0,0,12.881,0,0,0,0,0,0,74.848,0,0,0,12.272,12.881,0
0,0,0,18.98,12.925,68.096,0,0,0,0,0,0,12.925,0,0,0,59.593,18.98,0,0,8.503,0,0,0,0,0,0,59.593,0,0,0,31.904,8.503,0
0,0,0,3.8827,7.7982,88.319,0,0,0,0,0,0,7.7982,0,0,0,73.535,3.8827,0,0,14.785,0,0,0,0,0,0,73.535,0,0,0,11.681,14.785,0
0,0,0,10.304,11.405,78.29,0,0,0,0,0,0,5.5368,0,0,0,67.151,10.304,0,0,11.139,5.8684,0,0,0,0,0,67.151,0,0,0,15.841,17.008,0
0,0,0,3.2461,3.2429,93.511,0,0,0,0,0,0,3.2429,0,0,0,93.511,3.2461,0,0,0,0,0,0,0,0,0,93.511,0,0,0,6.489,0,0
0,0,0,0,0,100,0,0,0,0,0,0,0,0,0,0,100,0,0,0,0,0,0,0,0,0,0,100,0,0,0,0,0,0
0,0,0,0,0,100,0,0,0,0,0,0,0,0,0,0,100,0,0,0,0,0,0,0,0,0,0,100,0,0,0,0,0,0
0,0,0,0,0,100,0,0,0,0,0,0,0,0,0,0,100,0,0,0,0,0,0,0,0,0,0,65.862,34.138,0,0,0,0,0
0,0,0,3.7925,10.471,71.246,0,0,0,0,14.491,0,1.8193,3.7925,0,10.329,75.408,0,0,0,5.6118,3.0395,0,0,0,0,0,60.917,24.82,0,0,3.7925,10.471,0
0,0,0,0,0,100,0,0,0,0,0,0,0,0,0,0,100,0,0,0,0,0,0,0,0,0,0,100,0,0,0,0,0,1
0,0,0,0,0,75,0,0,0,0,25,0,0,0,0,10.737,89.263,0,0,0,0,0,0,0,0,0,0,64.263,35.737,0,0,0,0,0
0,0,0,7.0603,13.835,58.347,0,0,0,0,20.758,0,3.3871,7.0603,0,14.88,64.225,0,0,0,7.0603,3.3871,0,0,0,0,0,45.959,33.147,0,0,7.0603,13.835,0
0,3.1392,0,0,0,90.582,0,0,6.2783,0,0,0,0,3.1392,0,0,93.722,0,0,3.1392,0,0,0,3.1392,0,0,0,90.582,0,0,0,6.2783,0,1
0,0,0,0,23.724,76.276,0,0,0,0,0,0,14.626,0,0,0,76.276,0,0,0,4.3167,4.7811,0,0,0,0,0,71.495,4.7811,0,0,5.5285,18.195,0
0,0,0,0,10.529,89.471,0,0,0,0,0,0,2.5041,0,0,0,89.471,0,0,0,2.5041,5.5203,0,0,0,0,0,89.471,0,0,0,0,10.529,0
0,0,0,9.2104,15.473,75.316,0,0,0,0,0,0,3.161,9.2104,0,0,75.316,0,0,0,4.3833,7.929,0,0,0,0,0,72.155,3.161,0,0,9.2104,15.473,0
0,0,0,7.3718,7.0246,85.604,0,0,0,0,0,0,3.5123,7.3718,0,0,85.604,0,0,0,3.5123,0,0,0,0,0,0,85.604,0,0,0,7.3718,7.0246,0
0,0,0,0,0,100,0,0,0,0,0,0,0,0,0,0,100,0,0,0,0,0,0,0,0,0,0,100,0,0,0,0,0,0
0,0,0,0,0,100,0,0,0,0,0,0,0,0,0,0,100,0,0,0,0,0,0,0,0,0,0,100,0,0,0,0,0,0
0,0,0,0,0,100,0,0,0,0,0,0,0,0,0,0,100,0,0,0,0,0,0,0,0,0,0,100,0,0,0,0,0,0
0,0,0,0,0,100,0,0,0,0,0,0,0,0,0,0,100,0,0,0,0,0,0,0,0,0,0,100,0,0,0,0,0,0
0,0,0,0,0,100,0,0,0,0,0,0,0,0,0,0,100,0,0,0,0,0,0,0,0,0,0,100,0,0,0,0,0,0
0,0,0,0,0,100,0,0,0,0,0,0,0,0,0,0,100,0,0,0,0,0,0,0,0,0,0,100,0,0,0,0,0,0
0,0,0,0,0,100,0,0,0,0,0,0,0,0,0,0,100,0,0,0,0,0,0,0,0,0,0,100,0,0,0,0,0,0
0,0,0,0,0,100,0,0,0,0,0,0,0,0,0,0,100,0,0,0,0,0,0,0,0,0,0,100,0,0,0,0,0,0
0,0,0,0,0,100,0,0,0,0,0,0,0,0,0,0,100,0,0,0,0,0,0,0,0,0,0,100,0,0,0,0,0,0
0,10.948,7.3031,0,13.007,33.709,0,0,12.665,12.665,9.7032,0,16.31,12.155,10.581,0,25.554,10.581,0,15.091,5.2189,4.5099,0,0,18.251,0,0,33.709,2.4258,2.4258,40.762,2.4258,0,0
0,8.9968,4.2431,2.218,4.1255,51.175,6.0319,1.5959,19.706,1.9075,0,1.5959,2.218,8.9968,5.7214,11.76,38.395,4.1255,0,2.218,19.869,5.0993,2.218,3.8139,22.868,0,2.218,28.542,10.165,3.815,12.699,7.0068,6.6541,0
0,5.7619,6.5962,3.641,3.484,37.818,18.337,4.4752,16.805,3.0817,0,6.5962,5.6049,5.2027,2.5253,11.184,31.092,11.353,0,8.0998,6.1392,12.203,8.659,9.8213,14.302,12.887,5.6049,19.736,0,5.0317,6.9816,10.24,6.7367,1
0,1.4553,6.1693,1.7699,11.724,31.862,18.571,2.1904,20.762,5.4972,0,4.9075,7.9741,3.0093,8.2367,15.194,16.44,9.3587,0,13.155,11.32,10.405,10.339,8.3074,6.6773,7.4661,7.9741,5.924,9.1482,12.893,5.9348,14.459,10.877,0
0,9.3981,15.724,6.1118,3.7486,26.726,17.436,4.204,16.652,0,0,11.143,8.6591,4.3513,5.6279,9.2508,19.47,15.185,0,6.7569,5.8787,13.677,19.498,15.026,13.71,15.134,5.0916,7.5371,1.0141,2.6835,3.3388,11.415,5.5524,1
0,0,12.235,1.5863,7.7985,42.28,14.477,2.5425,17.25,1.8312,0,7.6014,8.3848,0,10.81,17.594,18.521,8.26,0,10.348,9.1399,9.3411,7.9233,10.935,11.639,4.3809,3.5424,10.235,18.406,6.0873,7.4765,12.66,6.715,0
0,0,13.942,0,3.0603,70.757,6.1207,3.0603,3.0603,0,0,3.0603,13.942,0,0,18.779,36.259,18.779,0,3.0603,3.0603,3.0603,3.0603,0,3.0603,3.0603,3.0603,36.259,31.437,3.0603,17.002,0,0,0
0,0,4.8221,0,4.8221,61.741,9.6443,4.8221,14.149,0,0,14.149,4.8221,0,0,19.936,36.016,10.61,0,4.8221,4.8221,4.8221,4.8221,0,4.8221,4.8221,4.8221,36.016,20.902,4.8221,18.971,0,0,0
0,0,7.2661,0,0,87.529,0,0,5.2046,0,0,5.2046,7.2661,0,0,21.49,58.773,7.2661,0,0,0,0,0,0,0,0,0,44.77,42.759,0,12.471,0,0,0
0,0,0,0,0,100,0,0,0,0,0,0,0,0,0,7.462,85.076,7.462,0,0,0,0,0,0,0,0,0,69.403,30.597,0,0,0,0,0
0,0,0,0,0,100,0,0,0,0,0,0,0,0,0,21.146,74.448,4.4051,0,0,0,0,0,0,0,0,0,52.072,47.928,0,0,0,0,0
0,0,0,0,0,100,0,0,0,0,0,0,0,0,0,0,100,0,0,0,0,0,0,0,0,0,0,75,25,0,0,0,0,0
0,0,0,0,0,100,0,0,0,0,0,0,0,0,0,0,100,0,0,0,0,0,0,0,0,0,0,54.028,45.972,0,0,0,0,0
0,0,8.7518,0,33.258,10.614,2.7466,0,6.2498,19.19,19.19,4.3759,3.0026,0,25.183,15.942,7.8677,0,3.2472,18.689,17.316,4.3759,10.381,2.7466,1.3733,1.3733,0,7.8677,4.6205,33.258,19.19,19.19,0,0
0,0,0,0,0,92.469,0,0,7.5308,0,0,7.5308,0,0,0,7.5308,84.938,0,0,0,0,0,0,0,0,0,0,84.938,7.5308,0,7.5308,0,0,0
0,0,0,0,0,88.554,0,0,11.446,0,0,0,0,0,11.446,0,88.554,0,0,0,0,0,0,0,0,0,0,88.554,0,0,0,0,11.446,0
0,0,0,0,0,100,0,0,0,0,0,0,0,0,0,4.5833,90.833,4.5833,0,0,0,0,0,0,0,0,0,90.833,9.1667,0,0,0,0,0
5.4667,0,0,0,0,81.864,0,0,12.67,0,0,5.4667,0,0,12.67,0,81.864,0,0,0,0,0,0,0,0,0,0,87.33,0,0,0,0,12.67,0
0,0,0,3.8701,13.602,82.528,0,0,0,0,0,0,4.8661,3.8701,0,0,82.528,0,0,0,8.7362,0,0,0,0,0,0,82.528,0,0,0,3.8701,13.602,0
0,0,0,9.1976,0,81.025,0,0,9.7775,0,0,0,0,9.1976,9.7775,0,81.025,0,0,0,0,0,0,0,0,0,0,81.025,0,0,0,9.1976,9.7775,0
0,0,0,0,0,81.596,0,0,18.404,0,0,0,0,0,18.404,0,81.596,0,0,0,0,0,0,0,0,0,0,81.596,0,0,0,0,18.404,0
0,0,0,0,0,100,0,0,0,0,0,0,0,0,0,0,100,0,0,0,0,0,0,0,0,0,0,100,0,0,0,0,0,0
0,0,0,0,0,100,0,0,0,0,0,0,0,0,0,0,100,0,0,0,0,0,0,0,0,0,0,100,0,0,0,0,0,0
0,0,0,0,0,88.312,0,0,11.688,0,0,0,0,0,11.688,0,88.312,0,0,0,0,0,0,0,0,0,0,88.312,0,0,0,0,11.688,0
0,0,0,0,0,100,0,0,0,0,0,0,0,0,0,0,100,0,0,0,0,0,0,0,0,0,0,100,0,0,0,0,0,0
5.3441,0,0,0,0,94.656,0,0,0,0,0,5.3441,0,0,0,0,94.656,0,0,0,0,0,0,0,0,0,0,93.206,6.7944,0,0,0,0,0
44.478,0,0,0,0,55.522,0,0,0,0,0,44.478,0,0,0,0,55.522,0,0,0,0,0,38.513,0,0,0,0,61.487,0,0,0,0,0,0
7.6274,0,0,0,0,92.373,0,0,0,0,0,7.6274,0,0,0,0,92.373,0,0,0,0,0,0,0,0,0,0,92.303,7.6965,0,0,0,0,0
45.588,0,0,0,0,54.412,0,0,0,0,0,45.588,0,0,0,0,54.412,0,0,0,0,0,37.847,0,0,0,0,62.153,0,0,0,0,0,0
62.194,0,0,0,0,37.806,0,0,0,0,0,62.194,0,0,0,0,37.806,0,0,0,0,0,62.194,0,0,0,0,37.806,0,0,0,0,0,0
39.242,0,0,0,0,60.758,0,0,0,0,0,39.242,0,0,0,0,60.758,0,0,0,0,0,39.242,0,0,0,0,60.758,0,0,0,0,0,0
13.885,0,0,0,0,86.115,0,0,0,0,0,13.885,0,0,0,0,86.115,0,0,0,0,0,0,0,0,0,0,86.115,0,0,0,13.885,0,0
0,0,0,0,0,100,0,0,0,0,0,0,0,0,0,0,100,0,0,0,0,0,0,0,0,0,0,100,0,0,0,0,0,0
12.193,0,0,0,0,87.807,0,0,0,0,0,12.193,0,0,0,0,87.807,0,0,0,0,0,0,0,0,0,0,87.807,0,0,12.193,0,0,0
0,0,0,0,0,100,0,0,0,0,0,0,0,0,0,0,100,0,0,0,0,0,0,0,0,0,0,100,0,0,0,0,0,0
0,0,0,0,0,100,0,0,0,0,0,0,0,0,0,0,100,0,0,0,0,0,0,0,0,0,0,100,0,0,0,0,0,0
0,0,0,0,0,100,0,0,0,0,0,0,0,0,0,0,100,0,0,0,0,0,0,0,0,0,0,100,0,0,0,0,0,0
0,0,0,0,0,100,0,0,0,0,0,0,0,0,0,0,100,0,0,0,0,0,0,0,0,0,0,100,0,0,0,0,0,0
0,0,0,0,0,100,0,0,0,0,0,0,0,0,0,0,100,0,0,0,0,0,0,0,0,0,0,100,0,0,0,0,0,0
0,0,0,0,0,100,0,0,0,0,0,0,0,0,0,0,100,0,0,0,0,0,0,0,0,0,0,100,0,0,0,0,0,0
0,0,0,0,0,100,0,0,0,0,0,0,0,0,0,0,100,0,0,0,0,0,0,0,0,0,0,100,0,0,0,0,0,0
0,0,0,0,0,100,0,0,0,0,0,0,0,0,0,0,100,0,0,0,0,0,0,0,0,0,0,100,0,0,0,0,0,0
0,0,0,0,0,100,0,0,0,0,0,0,0,0,0,0,100,0,0,0,0,0,0,0,0,0,0,100,0,0,0,0,0,0
0,0,0,0,0,100,0,0,0,0,0,0,0,0,0,0,100,0,0,0,0,0,0,0,0,0,0,100,0,0,0,0,0,0
0,0,0,0,0,100,0,0,0,0,0,0,0,0,0,0,100,0,0,0,0,0,0,0,0,0,0,100,0,0,0,0,0,0
0,0,0,0,0,100,0,0,0,0,0,0,0,0,0,0,100,0,0,0,0,0,0,0,0,0,0,100,0,0,0,0,0,0
0,0,0,0,0,100,0,0,0,0,0,0,0,0,0,0,100,0,0,0,0,0,0,0,0,0,0,100,0,0,0,0,0,0
0,0,0,0,0,100,0,0,0,0,0,0,0,0,0,0,100,0,0,0,0,0,0,0,0,0,0,100,0,0,0,0,0,0
0,0,0,0,0,100,0,0,0,0,0,0,0,0,0,0,100,0,0,0,0,0,0,0,0,0,0,100,0,0,0,0,0,0
0,0,0,0,0,100,0,0,0,0,0,0,0,0,0,0,100,0,0,0,0,0,0,0,0,0,0,100,0,0,0,0,0,0
0,0,0,0,0,100,0,0,0,0,0,0,0,0,0,0,100,0,0,0,0,0,0,0,0,0,0,100,0,0,0,0,0,0
0,0,0,0,0,100,0,0,0,0,0,0,0,0,0,0,100,0,0,0,0,0,0,0,0,0,0,100,0,0,0,0,0,0
0,0,0,0,0,100,0,0,0,0,0,0,0,0,0,0,100,0,0,0,0,0,0,0,0,0,0,100,0,0,0,0,0,0
0,0,0,0,0,100,0,0,0,0,0,0,0,0,0,0,100,0,0,0,0,0,0,0,0,0,0,100,0,0,0,0,0,0
0,0,0,0,0,100,0,0,0,0,0,0,0,0,0,0,100,0,0,0,0,0,0,0,0,0,0,100,0,0,0,0,0,0
0,0,0,0,0,100,0,0,0,0,0,0,0,0,0,0,100,0,0,0,0,0,0,0,0,0,0,100,0,0,0,0,0,0
0,0,0,0,0,100,0,0,0,0,0,0,0,0,0,0,100,0,0,0,0,0,0,0,0,0,0,100,0,0,0,0,0,0
0,0,0,0,0,100,0,0,0,0,0,0,0,0,0,0,100,0,0,0,0,0,0,0,0,0,0,100,0,0,0,0,0,0
0,0,0,0,0,100,0,0,0,0,0,0,0,0,0,0,100,0,0,0,0,0,0,0,0,0,0,100,0,0,0,0,0,0
0,0,0,0,0,100,0,0,0,0,0,0,0,0,0,0,100,0,0,0,0,0,0,0,0,0,0,100,0,0,0,0,0,0
0,0,0,0,0,100,0,0,0,0,0,0,0,0,0,0,100,0,0,0,0,0,0,0,0,0,0,100,0,0,0,0,0,0
0,0,0,0,0,100,0,0,0,0,0,0,0,0,0,0,100,0,0,0,0,0,0,0,0,0,0,100,0,0,0,0,0,0
0,0,0,0,0,100,0,0,0,0,0,0,0,0,0,0,100,0,0,0,0,0,0,0,0,0,0,100,0,0,0,0,0,0
0,0,0,0,0,100,0,0,0,0,0,0,0,0,0,0,100,0,0,0,0,0,0,0,0,0,0,100,0,0,0,0,0,0
0,0,0,0,0,100,0,0,0,0,0,0,0,0,0,0,100,0,0,0,0,0,0,0,0,0,0,100,0,0,0,0,0,0
0,0,0,0,0,100,0,0,0,0,0,0,0,0,0,0,100,0,0,0,0,0,0,0,0,0,0,100,0,0,0,0,0,0
0,0,0,0,0,100,0,0,0,0,0,0,0,0,0,0,100,0,0,0,0,0,0,0,0,0,0,100,0,0,0,0,0,0
0,0,0,0,0,100,0,0,0,0,0,0,0,0,0,0,100,0,0,0,0,0,0,0,0,0,0,100,0,0,0,0,0,0
0,0,0,0,0,100,0,0,0,0,0,0,0,0,0,0,100,0,0,0,0,0,0,0,0,0,0,100,0,0,0,0,0,0
0,0,0,0,0,100,0,0,0,0,0,0,0,0,0,0,100,0,0,0,0,0,0,0,0,0,0,100,0,0,0,0,0,0
0,0,0,0,0,100,0,0,0,0,0,0,0,0,0,0,100,0,0,0,0,0,0,0,0,0,0,100,0,0,0,0,0,0
0,0,0,0,0,100,0,0,0,0,0,0,0,0,0,0,100,0,0,0,0,0,0,0,0,0,0,100,0,0,0,0,0,0
0,0,0,0,0,100,0,0,0,0,0,0,0,0,0,0,100,0,0,0,0,0,0,0,0,0,0,100,0,0,0,0,0,0
0,0,0,0,0,100,0,0,0,0,0,0,0,0,0,0,100,0,0,0,0,0,0,0,0,0,0,100,0,0,0,0,0,0
0,0,0,0,0,100,0,0,0,0,0,0,0,0,0,0,100,0,0,0,0,0,0,0,0,0,0,100,0,0,0,0,0,0
0,0,0,0,0,100,0,0,0,0,0,0,0,0,0,0,100,0,0,0,0,0,0,0,0,0,0,100,0,0,0,0,0,0
0,0,0,0,0,100,0,0,0,0,0,0,0,0,0,0,100,0,0,0,0,0,0,0,0,0,0,100,0,0,0,0,0,0
0,0,0,0,0,100,0,0,0,0,0,0,0,0,0,0,100,0,0,0,0,0,0,0,0,0,0,100,0,0,0,0,0,0
0,0,0,0,0,100,0,0,0,0,0,0,0,0,0,0,100,0,0,0,0,0,0,0,0,0,0,100,0,0,0,0,0,0
0,0,0,0,0,100,0,0,0,0,0,0,0,0,0,0,100,0,0,0,0,0,0,0,0,0,0,100,0,0,0,0,0,0
0,0,0,0,0,100,0,0,0,0,0,0,0,0,0,0,100,0,0,0,0,0,0,0,0,0,0,100,0,0,0,0,0,0
0,0,0,0,0,100,0,0,0,0,0,0,0,0,0,0,100,0,0,0,0,0,0,0,0,0,0,100,0,0,0,0,0,0
0,0,0,0,0,100,0,0,0,0,0,0,0,0,0,0,100,0,0,0,0,0,0,0,0,0,0,100,0,0,0,0,0,0
0,0,0,0,0,100,0,0,0,0,0,0,0,0,0,0,100,0,0,0,0,0,0,0,0,0,0,100,0,0,0,0,0,0
0,0,0,0,0,100,0,0,0,0,0,0,0,0,0,0,100,0,0,0,0,0,0,0,0,0,0,100,0,0,0,0,0,0
0,0,0,0,0,100,0,0,0,0,0,0,0,0,0,0,100,0,0,0,0,0,0,0,0,0,0,100,0,0,0,0,0,0
0,0,0,0,0,100,0,0,0,0,0,0,0,0,0,0,100,0,0,0,0,0,0,0,0,0,0,100,0,0,0,0,0,0
0,0,0,0,0,100,0,0,0,0,0,0,0,0,0,0,100,0,0,0,0,0,0,0,0,0,0,100,0,0,0,0,0,0
0,0,0,0,0,100,0,0,0,0,0,0,0,0,0,0,100,0,0,0,0,0,0,0,0,0,0,100,0,0,0,0,0,0
0,0,0,0,0,100,0,0,0,0,0,0,0,0,0,0,100,0,0,0,0,0,0,0,0,0,0,100,0,0,0,0,0,0
0,0,0,0,0,100,0,0,0,0,0,0,0,0,0,0,100,0,0,0,0,0,0,0,0,0,0,100,0,0,0,0,0,0
0,0,0,0,0,100,0,0,0,0,0,0,0,0,0,0,100,0,0,0,0,0,0,0,0,0,0,100,0,0,0,0,0,0
0,0,0,0,0,100,0,0,0,0,0,0,0,0,0,0,100,0,0,0,0,0,0,0,0,0,0,100,0,0,0,0,0,0
0,0,0,0,0,100,0,0,0,0,0,0,0,0,0,0,100,0,0,0,0,0,0,0,0,0,0,100,0,0,0,0,0,0
0,0,0,0,0,100,0,0,0,0,0,0,0,0,0,0,100,0,0,0,0,0,0,0,0,0,0,100,0,0,0,0,0,0
0,0,0,0,5.7079,88.584,0,0,5.7079,0,0,0,5.7079,0,5.7079,0,82.876,5.7079,0,0,0,0,0,5.7079,0,0,0,68.511,20.073,0,5.7079,0,0,0
0,0,0,0,4.1655,91.669,0,0,4.1655,0,0,0,4.1655,0,4.1655,0,76.874,14.795,0,0,0,0,0,4.1655,0,0,0,74.755,16.914,0,4.1655,0,0,0
0,0,0,0,34.326,43.286,11.939,0,10.449,0,0,11.939,10.449,11.939,10.449,0,32.837,10.449,0,11.939,0,0,0,10.449,11.939,0,11.939,31.347,0,23.877,10.449,0,0,0
0,0,3.4783,3.4783,24.999,49.633,0,14.933,3.4783,0,0,3.4783,3.4783,5.7276,12.499,0,43.933,9.1786,0,21.705,0,0,0,9.2058,9.2058,3.4783,5.7276,33.805,10.1,12.499,12.499,3.4783,0,0
0,0,0,5.1372,31.588,26.068,20.068,17.138,0,0,0,14.931,0,21.795,5.1372,16.275,14.931,0,0,15.794,0,11.138,0,6.0005,31.206,0,15.794,0,16.275,25.588,0,5.1372,0,0
0,0,0,0,40,20,6.5846,33.415,0,0,0,0,0,33.415,0,13.415,6.5846,6.5846,6.5846,20,0,13.415,0,13.415,26.585,0,13.415,6.5846,13.415,26.585,0,0,0,0
0,0,0,4.3096,43.183,18.519,19.779,14.209,0,0,0,4.3096,0,16.11,14.741,19.779,14.209,0,0,26.542,0,4.3096,0,4.9499,29.038,0,4.9499,4.9499,19.779,21.592,10.432,4.3096,0,0
0,0,7.415,19.602,11.227,27.459,10.039,13.508,10.75,0,0,11.361,16.843,10.039,3.335,0,24.124,10.75,0,17.454,0,6.0933,0,16.843,11.361,7.415,3.9458,23.513,0,7.8916,9.4283,19.602,0,0
0,0,0,10.464,41.534,20.973,20.615,6.4146,0,0,0,2.3651,0,21.791,2.3651,20.57,6.4146,8.1434,4.0495,21.791,6.0964,6.4146,0,6.0964,14.836,6.0964,2.047,4.0495,20.57,37.843,0,8.4615,0,0
0,0,0,12.644,6.8136,80.542,0,0,0,0,0,0,0,0,6.8136,26.703,39.78,6.8136,12.644,0,7.2456,0,0,0,0,0,0,58.805,21.737,0,0,19.458,0,0
0,0,0,17.876,0,82.124,0,0,0,0,0,0,0,0,0,17.876,55.907,0,17.876,0,8.3411,0,0,0,0,0,0,63.951,18.173,0,0,17.876,0,0
0,0,0,11.321,0,88.679,0,0,0,0,0,0,0,0,0,18.736,51.206,0,11.321,0,18.736,0,0,0,0,0,0,51.919,36.761,0,0,11.321,0,0
0,0,0,11.779,37.893,29.919,17.402,3.0077,0,0,0,3.0077,0,21.345,0,7.8058,8.5191,21.652,3.0077,24.101,4.7981,5.7634,0,7.8058,13.569,4.7981,4.7981,17.567,7.5538,27.054,9.0478,7.8058,0,0
0,0,0,0,57.064,42.936,0,0,0,0,0,0,0,10.825,9.6025,22.508,12.906,20.428,0,23.731,0,0,0,0,0,0,0,42.936,0,23.731,23.731,9.6025,0,0
0,0,0,0,34.839,65.161,0,0,0,0,0,0,0,9.7953,15.248,15.248,24.869,25.044,0,9.7953,0,0,0,0,0,0,0,65.161,0,25.044,9.7953,0,0,0
0,0,0,29.604,14.832,27.101,12.26,16.204,0,0,0,6.3941,0,8.1945,0,11.596,21.868,14.646,12.26,8.64,1.6151,14.785,0,9.9812,25.679,1.6151,4.3588,17.095,7.6197,20.869,0,12.783,0,1
0,0,0,0,0,100,0,0,0,0,0,0,0,0,0,0,100,0,0,0,0,0,0,0,0,0,14.793,85.207,0,0,0,0,0,0
0,0,0,11.448,12.417,47.862,20.305,7.9683,0,0,0,3.8159,0,8.2645,0,7.928,39.638,16.193,7.9683,8.2645,4.1121,3.8159,0,7.928,20.049,4.1121,4.1121,39.638,4.1121,12.121,0,7.928,0,0
0,0,0,0,0,92.158,7.8416,0,0,0,0,0,0,0,0,0,100,0,0,0,0,0,0,0,0,0,14.841,78.16,6.9995,0,0,0,0,0
0,0,0,0,24.908,75.092,0,0,0,0,0,0,0,0,24.908,24.908,25.275,24.908,0,0,0,0,0,0,0,0,0,75.092,0,0,0,24.908,0,0
0,0,0,0,37.355,48.269,7.1877,0,7.1877,0,0,0,7.1877,0,7.1877,10.649,48.269,16.057,0,10.649,0,0,0,7.1877,0,7.1877,0,48.269,0,10.649,10.649,16.057,0,0
0,0,0,9.0306,0,62.468,11.792,9.8348,6.8747,0,0,0,6.8747,4.9174,6.8747,9.0306,53.437,0,18.865,0,0,0,0,16.709,4.9174,6.8747,0,62.468,0,0,0,9.0306,0,0
0,0,0,7.8497,0,63.503,20.798,0,7.8497,0,0,0,3.237,0,11.087,0,71.353,0,14.324,0,0,0,0,11.087,3.237,17.561,0,60.266,0,0,0,7.8497,0,0
0,0,0,0,0,100,0,0,0,0,0,0,0,0,0,0,100,0,0,0,0,0,0,0,0,0,0,100,0,0,0,0,0,0
0,0,0,0,0,93.208,6.7919,0,0,0,0,0,0,0,0,0,93.208,6.7919,0,0,0,0,0,0,0,0,15.956,77.252,6.7919,0,0,0,0,0
0,0,0,0,0,88.505,5.7476,0,5.7476,0,0,0,5.7476,0,5.7476,0,88.505,0,0,0,0,0,0,5.7476,0,5.7476,0,88.505,0,0,0,0,0,0
0,0,12.121,0,0,75.561,12.318,0,0,0,0,0,0,0,6.0606,0,87.879,0,0,6.0606,0,0,0,0,12.121,0,12.318,75.561,0,0,0,0,0,0
0,0,9.6144,0,0,90.386,0,0,0,0,0,9.6144,0,0,0,0,90.386,0,0,0,0,0,0,0,0,9.6144,0,83.742,6.6431,0,0,0,0,0
0,0,0,0,0,100,0,0,0,0,0,0,0,0,0,0,100,0,0,0,0,0,0,0,0,0,0,100,0,0,0,0,0,0
0,0,9.6539,9.6539,0,61.385,0,9.6539,9.6539,0,0,9.6539,9.6539,0,0,0,61.385,9.6539,0,9.6539,0,0,0,9.6539,9.6539,9.6539,0,61.385,0,0,0,9.6539,0,0
0,0,0,0,0,100,0,0,0,0,0,0,0,0,0,0,100,0,0,0,0,0,0,0,0,0,0,100,0,0,0,0,0,0
0,0,0,0,0,100,0,0,0,0,0,0,0,0,0,0,100,0,0,0,0,0,0,0,0,0,0,100,0,0,0,0,0,0
0,0,0,0,0,100,0,0,0,0,0,0,0,0,0,0,100,0,0,0,0,0,0,0,0,0,0,100,0,0,0,0,0,0
0,0,0,0,0,100,0,0,0,0,0,0,0,0,0,0,100,0,0,0,0,0,0,0,0,0,0,100,0,0,0,0,0,0
0,0,0,0,0,100,0,0,0,0,0,0,0,0,0,0,100,0,0,0,0,0,0,0,0,0,0,100,0,0,0,0,0,0
1.8849,1.8849,3.7698,0,0,84.921,0,0,3.7698,1.8849,1.8849,1.8849,0,0,0,3.7698,84.921,3.7698,0,0,0,5.6547,0,5.6547,0,0,17.053,60.441,7.4268,1.8849,0,7.5396,0,0
0,0,0,0,0,100,0,0,0,0,0,0,0,0,0,0,100,0,0,0,0,0,0,0,0,0,0,64.595,35.405,0,0,0,0,0
0,8.2824,0,0,0,91.718,0,0,0,0,0,8.2824,0,0,0,0,91.718,0,0,0,0,0,0,8.2824,0,0,8.2824,58.1,25.336,0,0,0,0,0
0,0,0,0,0,100,0,0,0,0,0,0,0,0,0,0,100,0,0,0,0,0,0,0,0,0,0,100,0,0,0,0,0,0
0,0,0,0,0,100,0,0,0,0,0,0,0,0,0,0,100,0,0,0,0,0,0,0,0,0,0,100,0,0,0,0,0,0
0,0,0,0,0,100,0,0,0,0,0,0,0,0,0,0,100,0,0,0,0,0,0,0,0,0,0,100,0,0,0,0,0,0
0,0,0,0,0,100,0,0,0,0,0,0,0,0,0,0,100,0,0,0,0,0,0,0,0,0,0,100,0,0,0,0,0,0
0,0,0,0,0,100,0,0,0,0,0,0,0,0,0,0,100,0,0,0,0,0,0,0,0,0,0,100,0,0,0,0,0,0
0,0,0,0,0,100,0,0,0,0,0,0,0,0,0,0,100,0,0,0,0,0,0,0,0,0,0,100,0,0,0,0,0,0
0,0,0,0,0,100,0,0,0,0,0,0,0,0,0,0,100,0,0,0,0,0,0,0,0,0,0,100,0,0,0,0,0,0
0,0,0,0,0,100,0,0,0,0,0,0,0,0,0,0,100,0,0,0,0,0,0,0,0,0,0,100,0,0,0,0,0,0
0,0,0,0,0,100,0,0,0,0,0,0,0,0,0,0,100,0,0,0,0,0,0,0,0,0,0,100,0,0,0,0,0,0
0,0,0,0,0,100,0,0,0,0,0,0,0,0,0,0,100,0,0,0,0,0,0,0,0,0,0,100,0,0,0,0,0,0
0,0,0,0,0,100,0,0,0,0,0,0,0,0,0,0,100,0,0,0,0,0,0,0,0,0,7.3082,43.195,49.497,0,0,0,0,0
0,0,0,0,0,100,0,0,0,0,0,0,0,0,0,0,100,0,0,0,0,0,0,0,0,0,0,71.285,28.715,0,0,0,0,0
0,0,0,0,0,94.907,5.0929,0,0,0,0,0,0,0,0,0,94.907,5.0929,0,0,0,0,0,0,0,0,13.086,68.119,18.795,0,0,0,0,0
0,0,0,0,0,96.129,0,0,0,3.8708,0,0,0,0,0,0,96.129,0,0,0,3.8708,0,0,0,0,0,7.7818,71.621,16.726,0,0,0,3.8708,0
0,0,0,0,0,100,0,0,0,0,0,0,0,0,0,0,100,0,0,0,0,0,0,0,0,0,0,100,0,0,0,0,0,0
0,0,0,0,0,100,0,0,0,0,0,0,0,0,0,0,100,0,0,0,0,0,0,0,0,0,0,100,0,0,0,0,0,0
0,0,5.5138,0,0,75.991,7.0319,0,0,5.9497,5.5138,5.5138,0,11.028,0,0,71.995,5.5138,0,0,5.9497,0,0,5.5138,0,5.5138,17.942,48.22,11.346,5.5138,0,0,5.9497,0
0,0,7.8389,0,0,72.416,5.88,0,0,3.0132,10.852,3.0132,0,0,6.0264,0,64.577,10.706,0,0,3.0132,12.665,0,3.0132,4.8257,3.0132,5.88,42.29,22.287,15.678,0,0,3.0132,0
4.8348,8.0161,8.4843,0,5.404,36.628,13.349,0,5.8832,10.102,7.2989,17.07,5.8832,4.8348,12.134,5.8832,28.144,7.4658,2.702,2.702,3.6494,9.5327,3.7504,24.037,11.766,11.186,8.5142,13.278,13.817,10.001,0,0,3.6494,0
4.2933,8.3757,15.259,0,5.1578,44.854,9.2401,0,1.7144,5.0872,6.0185,17.008,1.7144,11.243,4.2933,1.7144,31.068,8.5973,7.5257,2.5789,2.5083,11.748,0,18.069,15.866,15.294,8.4218,13.543,15.156,11.141,0,0,2.5083,0
0,0,0,0,0,100,0,0,0,0,0,0,0,0,0,0,100,0,0,0,0,0,0,0,0,0,0,100,0,0,0,0,0,0
0,0,20,0,0,60,0,0,0,0,20,0,0,0,0,0,40,20,0,0,0,40,0,0,20,0,0,20,20,40,0,0,0,0
0,8.5325,6.5107,11.404,12.172,26.468,9.3823,0,13.19,12.341,0,0,12.172,0,5.7433,15.98,25.7,20.787,7.4471,0,8.5325,3.639,0,6.5107,12.172,6.5107,2.8717,17.935,8.5325,0,24.512,18.084,2.8717,0
0,0,0,0,0,100,0,0,0,0,0,0,0,0,0,0,100,0,0,0,0,0,0,0,0,0,0,100,0,0,0,0,0,0
0,0,0,0,0,100,0,0,0,0,0,0,0,0,0,0,100,0,0,0,0,0,0,0,0,0,0,100,0,0,0,0,0,0
0,0,0,0,0,100,0,0,0,0,0,0,0,0,0,0,100,0,0,0,0,0,0,0,0,0,0,100,0,0,0,0,0,0
0,0,0,0,0,100,0,0,0,0,0,0,0,0,0,0,100,0,0,0,0,0,0,0,0,0,0,100,0,0,0,0,0,0
0,0,0,0,0,100,0,0,0,0,0,0,0,0,0,0,100,0,0,0,0,0,0,0,0,0,0,100,0,0,0,0,0,0
0,0,0,0,0,100,0,0,0,0,0,0,0,0,0,0,100,0,0,0,0,0,0,0,0,0,0,100,0,0,0,0,0,0
0,0,3.781,0,16.603,40.035,0,0,9.6278,14.537,15.416,0,16.603,0,0,10.756,41.75,0,5.8468,15.416,5.8468,3.781,0,0,3.781,0,0,34.188,21.263,0,31.14,9.6278,0,0
0,0,0,0,0,74.981,0,0,4.884,4.884,15.251,0,0,0,0,4.884,74.981,0,4.884,15.251,0,0,0,0,0,0,0,74.981,15.251,0,4.884,4.884,0,0
0,0,4.4052,22.227,1.8893,36.512,9.6217,20.473,1.8893,0,2.9832,4.4052,11.511,13.556,1.8893,2.9832,28.656,7.8557,2.9832,13.556,0,12.605,0,18.428,9.9002,4.4052,9.9002,26.612,0,2.9832,11.511,16.26,0,0
0,0,0,12.836,27.381,30.268,20.605,8.9113,0,0,0,4.5371,0,16.681,3.8888,15.015,20.612,6.8198,2.931,13.69,2.931,12.895,0,9.8099,13.69,2.931,7.5273,2.931,25.074,21.158,0,16.878,0,1
2.6547,0,6.1237,20.71,0,35.71,9.5496,16.61,6.1237,0,2.5183,6.1237,8.642,5.2433,4.3765,2.5183,23.642,20.846,2.5183,14.022,0,12.068,0,18.262,13.885,6.1237,10.416,16.54,7.0313,2.5183,2.5183,22.705,0,0
0,0,0,23.64,12.28,31.533,19.609,12.938,0,0,0,8.411,0,10.329,2.4496,12.88,26.647,7.4248,5.9614,6.0502,1.7714,18.075,0,7.9811,17.261,1.7714,12.032,1.9309,17.818,12.191,0,29.014,0,1
5.074,0,0,28.311,0,36.591,19.482,10.542,0,0,0,3.8655,6.6769,6.6769,3.8655,7.7311,27.651,16.165,0,11.751,0,15.616,0,12.694,11.597,0,5.074,11.751,12.805,0,6.6769,39.402,0,1
0,0,0,31.823,0,51.261,11.912,5.0031,0,0,0,6.909,0,0,2.1453,10.006,43.401,17.293,7.6216,0,2.8578,9.7668,0,17.293,6.4358,2.8578,4.7638,2.8578,10.006,7.6216,0,48.164,0,1
0,0,0,29.57,0,46.953,23.477,0,0,0,0,6.094,0,0,3.9248,0,56.486,3.9248,6.094,0,0,23.477,0,3.9248,0,0,6.094,0,30.84,6.094,0,53.047,0,1
0,0,0,21.535,16.358,34.903,23.269,3.9355,0,0,0,2.2728,0,8.0565,0,8.8185,24.334,21.24,6.2083,10.052,7.2527,11.765,0,7.2527,12.421,7.2527,13.891,7.9259,10.814,14.509,0,25.933,0,1
0,0,0,36.964,2.3003,30.424,22.169,8.1418,0,0,0,13.554,0,2.3003,0,12.157,22.395,12.742,15.268,2.3003,4.0147,15.268,0,10.442,15.155,4.0147,9.4269,8.1418,5.7291,15.268,0,31.822,0,1
0,0,0,26.503,0,38.123,25.58,4.2269,5.566,0,0,13.252,9.5129,0,9.5129,0,51.375,0,12.121,4.2269,0,0,0,13.74,8.1737,17.407,0,29.95,4.2269,13.252,0,13.252,0,1
0,0,0,33.116,5.7235,27.393,16.884,4.7858,12.098,0,0,4.7858,5.7235,5.7235,12.098,0,44.276,0,16.884,10.509,0,0,0,16.884,4.7858,12.098,0,22.607,4.7858,4.7858,5.7235,28.331,0,1
5.3374,7.5167,17.468,1.0298,4.2575,34.369,1.8137,0,23.533,4.6754,0,11.658,7.6137,0.78399,9.6006,7.2429,27.363,14.558,5.7082,4.6073,0,10.865,3.7193,18.569,7.0823,8.8656,9.3776,8.7125,12.473,4.6754,10.209,5.411,10.905,1
5.037,9.657,20.539,0.59438,8.6668,35.772,7.0112,0,7.7922,4.9302,0,14.943,3.3499,3.8357,12.123,3.1115,24.596,14.619,5.9462,8.4709,0,9.0046,4.5085,24.241,9.2257,14.488,14.5,4.1399,10.572,7.0409,3.8451,4.2012,3.2382,1
1.0717,1.0717,10.392,13.306,28.495,18.409,10.584,0,11.727,2.6312,2.3124,1.0717,1.2407,0,11.008,14.752,8.3847,26.776,26.151,1.8004,0,8.8154,0,7.6801,9.0243,0,4.3596,1.2407,22.512,2.3124,31.176,21.696,0,1
0.97404,0.97404,29.066,12.317,28.955,13.598,3.9342,0,4.2996,3.5876,2.2948,0.97404,1.3207,0,3.3781,29.61,10.695,12.933,9.9376,8.3548,0,22.797,0,19.628,1.3207,0,6.5478,1.3207,19.3,2.2948,21.67,27.918,0,1
1.2626,1.2626,19.08,14.315,26.872,13.708,6.1828,0,13.35,2.7042,1.2626,1.2626,0,0,4.7412,18.473,13.609,19.533,19.155,9.5741,0,13.652,0,10.769,4.7412,0,2.8832,0,21.233,1.2626,28.73,30.381,0,0
0,0,0,0,0,100,0,0,0,0,0,0,0,0,0,0,100,0,0,0,0,0,0,0,0,0,0,72.313,27.687,0,0,0,0,0
0,0,0,0,0,100,0,0,0,0,0,0,0,0,0,0,100,0,0,0,0,0,0,0,0,0,0,71.968,28.032,0,0,0,0,0
0,0,0,0,0,85.301,0,14.699,0,0,0,0,0,0,0,0,85.301,0,0,0,14.699,0,0,0,14.699,0,0,62.098,23.203,0,0,0,0,0
0,0,0,0,0,100,0,0,0,0,0,0,0,0,0,0,100,0,0,0,0,0,0,0,0,0,0,82.443,17.557,0,0,0,0,0
3.3721,0.86269,10.914,16.47,18.402,20.022,11.233,6.2716,7.7211,3.8682,0.86269,4.1375,6.2716,2.9968,2.721,11.679,11.787,18.466,13.14,10.752,0,18.048,0,12.803,5.9958,3.2748,8.5205,8.781,14.247,0.86269,18.108,27.407,0,1
1.3243,1.5321,14.084,12.897,26.386,24.772,7.5189,0,7.2925,3.3326,0.86046,1.5321,0.86046,0,3.8502,19.911,21.684,18.845,11.896,8.3138,0,13.108,0,7.6382,2.862,0,10.382,5.249,27.603,0.86046,20.734,24.671,0,1
4.4398,2.3745,15.976,16.997,17.119,16.669,8.0277,0,11.512,2.3745,4.5104,2.3745,2.1359,0,5.3303,16.351,9.4417,25.245,15.376,6.7626,0,16.983,0,14.285,5.9624,0,4.2012,4.2012,14.772,4.5104,21.578,30.49,0,1
3.2696,3.2696,22.838,4.7493,28.147,13.584,5.5326,0,9.5251,5.8162,3.2696,3.2696,0,0,8.4903,26.168,8.0509,20.562,13.268,1.7633,0,18.429,0,18.84,2.986,0,5.0932,0,21.634,3.2696,20.535,27.642,0,1
1.6564,1.6564,3.3128,22.212,10.877,27.328,15.635,3.9412,3.3128,5.2819,4.787,1.6564,7.0718,3.9412,4.9375,13.694,12.504,18.137,6.7561,3.9412,0,27.36,0,16.978,3.1306,0,10.382,7.0718,15.814,4.787,10.697,31.139,0,1
0,0,0,37.333,6.5436,40.477,10.133,5.5134,0,0,0,2.2614,0,0,0,8.7654,45.136,18.395,5.5134,0,3.252,16.676,0,11.852,4.5228,3.252,6.5436,5.5134,15.743,12.057,0,40.516,0,1
0,13.755,0,0,0,86.245,0,0,0,0,0,13.755,0,0,0,0,86.245,0,0,0,0,0,0,13.755,0,0,13.755,72.49,0,0,0,0,0,0
0,0,0,0,0,68.69,19.02,12.291,0,0,0,0,0,0,0,19.02,68.69,0,0,0,12.291,0,0,0,12.291,0,19.02,68.69,0,0,0,0,0,0
0,0,0,0,0,68.912,15.544,15.544,0,0,0,0,0,0,0,15.544,68.912,0,0,0,15.544,0,0,0,15.544,0,15.544,51.123,17.789,0,0,0,0,0
0,5.7802,0,0,0,94.22,0,0,0,0,0,5.7802,0,0,0,0,94.22,0,0,0,0,0,0,5.7802,0,0,21.051,67.348,5.8206,0,0,0,0,0
0,0,0,0,0,47.48,33.333,19.187,0,0,0,0,0,0,0,19.187,61.626,0,0,0,19.187,0,0,0,19.187,14.146,19.187,47.48,0,0,0,0,0,0
0,0,0,0,0,62.935,18.533,18.533,0,0,0,0,0,0,0,18.533,62.935,0,0,0,18.533,0,0,0,18.533,0,18.533,62.935,0,0,0,0,0,0
0,0,0,0,0,100,0,0,0,0,0,0,0,0,0,0,100,0,0,0,0,0,0,0,0,0,0,100,0,0,0,0,0,0
0,0,0,0,0,69.161,30.839,0,0,0,0,0,0,0,0,20.868,79.132,0,0,0,0,0,0,0,0,9.9708,20.868,69.161,0,0,0,0,0,0
0,0,0,0,0,100,0,0,0,0,0,0,0,0,0,0,100,0,0,0,0,0,0,0,0,0,0,100,0,0,0,0,0,0
0,0,0,0,0,100,0,0,0,0,0,0,0,0,0,0,100,0,0,0,0,0,0,0,0,0,0,92.504,7.4963,0,0,0,0,0
16.857,0,0,0,0,83.143,0,0,0,0,0,16.857,0,0,0,0,83.143,0,0,0,0,0,0,0,0,0,0,100,0,0,0,0,0,0
7.5437,0,0,0,0,92.456,0,0,0,0,0,7.5437,0,0,0,0,92.456,0,0,0,0,0,0,0,0,0,0,94.925,5.0748,0,0,0,0,0
55.233,0,0,0,0,44.767,0,0,0,0,0,55.233,0,0,0,0,44.767,0,0,0,0,0,55.233,0,0,0,0,44.767,0,0,0,0,0,0
21.669,0,0,0,0,78.331,0,0,0,0,0,21.669,0,0,0,0,78.331,0,0,0,0,0,0,0,0,0,0,78.331,0,0,10.687,0,10.983,0
55.73,0,0,0,0,44.27,0,0,0,0,0,55.73,0,0,0,0,44.27,0,0,0,0,0,55.73,0,0,0,0,44.27,0,0,0,0,0,0
0,0,0,0,0,100,0,0,0,0,0,0,0,0,0,0,100,0,0,0,0,0,0,0,0,0,0,100,0,0,0,0,0,0
0,0,0,0,0,100,0,0,0,0,0,0,0,0,0,0,100,0,0,0,0,0,0,0,0,0,0,100,0,0,0,0,0,0
12.241,0,0,0,0,87.759,0,0,0,0,0,12.241,0,0,0,0,87.759,0,0,0,0,0,0,0,0,0,0,87.759,0,0,0,0,12.241,0
0,0,0,0,0,100,0,0,0,0,0,0,0,0,0,0,100,0,0,0,0,0,0,0,0,0,0,100,0,0,0,0,0,0
0,0,0,0,0,100,0,0,0,0,0,0,0,0,0,0,100,0,0,0,0,0,0,0,0,0,0,88.192,11.808,0,0,0,0,0
0,0,13.416,0,0,70.829,15.755,0,0,0,0,14.121,13.416,0,0,13.416,29.875,13.416,0,0,0,15.755,29.875,13.416,0,0,13.416,29.875,13.416,0,0,0,0,0
0,0,0,0,0,94.207,5.7932,0,0,0,0,47.103,0,0,0,0,41.31,5.7932,0,0,0,5.7932,52.897,0,0,0,0,41.31,5.7932,0,0,0,0,0
0,0,12.818,25.403,0,49.575,12.203,0,0,0,0,12.203,12.818,0,0,12.585,0,24.788,0,0,25.403,12.203,49.809,12.818,0,0,12.585,12.585,12.203,0,0,0,0,0
0,0,0,0,0,52.644,47.356,0,0,0,0,5.2876,0,0,0,0,42.069,5.2876,0,0,0,47.356,52.644,0,0,0,0,42.069,5.2876,0,0,0,0,0
0,0,0,0,0,100,0,0,0,0,0,0,0,0,0,0,100,0,0,0,0,0,0,0,0,0,0,100,0,0,0,0,0,0
0,0,0,0,0,100,0,0,0,0,0,0,0,0,0,0,100,0,0,0,0,0,0,0,0,0,0,100,0,0,0,0,0,0
0,0,0,0,0,100,0,0,0,0,0,0,0,0,0,0,100,0,0,0,0,0,0,0,0,0,0,100,0,0,0,0,0,0
0,0,0,0,0,100,0,0,0,0,0,0,0,0,0,0,100,0,0,0,0,0,0,0,0,0,0,100,0,0,0,0,0,0
0,0,0,0,0,100,0,0,0,0,0,0,0,0,0,0,100,0,0,0,0,0,0,0,0,0,0,100,0,0,0,0,0,0
0,0,0,0,0,100,0,0,0,0,0,0,0,0,0,0,100,0,0,0,0,0,0,0,0,0,0,100,0,0,0,0,0,0
0,0,0,0,0,100,0,0,0,0,0,0,0,0,0,0,100,0,0,0,0,0,0,0,0,0,0,100,0,0,0,0,0,0
0,0,0,0,0,100,0,0,0,0,0,0,0,0,0,0,100,0,0,0,0,0,0,0,0,0,0,100,0,0,0,0,0,0
0,6.0956,0,0,0,71.015,0,0,16.794,0,6.0956,0,6.0956,6.0956,0,10.699,60.316,10.699,0,6.0956,0,0,0,0,6.0956,0,0,71.015,6.0956,0,16.794,0,0,0
0,0,0,0,0,100,0,0,0,0,0,0,0,0,0,0,100,0,0,0,0,0,0,0,0,0,15.035,84.965,0,0,0,0,0,0
0,0,0,0,0,100,0,0,0,0,0,0,0,0,0,0,100,0,0,0,0,0,0,0,0,0,0,81.993,18.007,0,0,0,0,0
0,0,0,0,0,87.213,12.787,0,0,0,0,0,0,0,0,0,80.1,0,9.95,0,9.95,0,0,0,0,12.787,9.95,67.313,0,0,0,9.95,0,0
0,0,0,0,0,100,0,0,0,0,0,0,0,0,0,0,100,0,0,0,0,0,0,0,0,0,0,84.359,15.641,0,0,0,0,0
18.039,0,0,0,0,70.84,11.121,0,0,0,0,18.039,0,0,0,15.279,33.364,0,15.279,0,18.039,0,0,0,0,11.121,15.279,40.281,15.279,0,0,18.039,0,0
0,0,0,0,0,86.407,13.593,0,0,0,0,0,0,0,0,10.841,89.159,0,0,0,0,0,0,0,0,13.593,0,75.565,10.841,0,0,0,0,0
0,0,0,0,0,100,0,0,0,0,0,0,0,0,0,0,100,0,0,0,0,0,0,0,0,0,0,75,25,0,0,0,0,0
0,0,0,0,0,89.971,10.029,0,0,0,0,0,0,0,0,20.218,59.564,0,20.218,0,0,0,0,0,0,10.029,20.218,42.166,27.587,0,0,0,0,0
0,0,0,0,0,93.546,0,0,6.454,0,0,0,0,6.454,0,7.0799,80.012,6.454,0,0,0,0,0,0,0,0,0,63.78,29.766,0,0,6.454,0,0
0,0,0,0,0,100,0,0,0,0,0,0,0,0,0,0,100,0,0,0,0,0,0,0,0,0,0,100,0,0,0,0,0,0
1.4346,10.56,13.715,0,3.3169,40.218,8.3395,0,14.064,2.952,5.4001,14.051,7.6468,5.029,7.179,5.116,28.037,10.464,8.2852,1.4638,1.8014,10.927,4.4675,15.16,16.679,14.782,16.8,6.1564,10.764,6.1862,0.67776,3.3169,5.01,1
7.1788,2.6316,12.495,0,13.258,31.595,7.1788,0,7.4425,9.3837,8.8366,17.878,4.3792,7.1788,14.22,2.8475,17.569,10.721,7.3947,5.863,3.5207,8.4268,1.5317,27.905,4.4268,18.094,3.0634,3.3268,18.574,16.495,0,1.5317,5.0524,1
0,0,0,0,0,100,0,0,0,0,0,0,0,0,0,0,100,0,0,0,0,0,0,0,0,0,0,100,0,0,0,0,0,0
0,0,0,0,0,100,0,0,0,0,0,0,0,0,0,0,100,0,0,0,0,0,0,0,0,0,0,100,0,0,0,0,0,0
0,0,6.8294,0,0,80.972,0,0,0,5.3691,6.8294,0,0,0,0,0,74.143,6.8294,0,0,5.3691,13.659,0,0,6.8294,0,0,57.285,16.857,13.659,0,0,5.3691,0
24.01,0,0,0,0,75.99,0,0,0,0,0,24.01,0,0,0,12.995,25.99,12.995,0,0,24.01,0,0,0,0,0,0,50,25.99,0,0,24.01,0,0
16.916,0,3.8621,0,0,79.222,0,0,0,0,0,16.916,0,0,0,3.8621,54.582,20.778,0,0,3.8621,0,0,0,0,0,0,62.747,33.391,0,0,3.8621,0,0
0,2.8937,5.8116,0,0,75.038,2.8937,0,0,7.5267,5.8359,5.8116,0,0,5.8359,0,52.19,19.93,2.8937,0,7.5267,5.8116,0,2.918,5.7873,5.8116,2.8937,32.614,16.683,25.766,0,0,7.5267,0
0,0,11.721,0,0,70.835,5.7225,0,11.721,0,0,0,0,0,5.7225,10.155,50.249,16.43,0,0,5.7225,11.721,0,0,0,0,5.7225,51.074,19.762,0,11.721,5.7225,5.9985,0
0,0,8.8032,0,0,87.041,0,0,4.1556,0,0,0,0,0,0,9.9724,62.941,18.284,0,0,4.6476,4.1556,0,0,0,0,0,58.293,28.748,0,4.1556,4.6476,4.1556,0
0,0,0,0,0,100,0,0,0,0,0,0,0,0,0,20.021,53.355,0,13.312,0,13.312,0,0,0,0,0,13.312,53.355,20.021,0,0,13.312,0,0
0,0,0,0,0,88.436,0,0,0,11.564,0,0,0,0,0,0,88.436,0,0,0,0,11.564,0,0,0,0,0,60.545,27.891,0,11.564,0,0,0
0,0,0,0,0,100,0,0,0,0,0,0,0,0,0,5.6871,88.626,5.6871,0,0,0,0,0,0,0,0,0,84.166,15.834,0,0,0,0,0
4.3635,0,0,0,0,95.636,0,0,0,0,0,4.3635,0,0,0,0,95.636,0,0,0,0,0,0,0,0,0,0,98.411,1.5891,0,0,0,0,0
38.84,0,0,0,0,61.16,0,0,0,0,0,38.84,0,0,0,0,61.16,0,0,0,0,0,30.871,0,0,0,0,69.129,0,0,0,0,0,0
60.07,0,0,0,0,39.93,0,0,0,0,0,60.07,0,0,0,0,39.93,0,0,0,0,0,53.647,0,0,0,0,39.93,0,0,6.4236,0,0,0
11.496,0,0,0,0,88.504,0,0,0,0,0,11.496,0,0,0,0,88.504,0,0,0,0,0,0,0,0,0,0,88.504,0,0,0,0,11.496,0
0,0,0,0,0,100,0,0,0,0,0,0,0,0,0,0,100,0,0,0,0,0,0,0,0,0,0,100,0,0,0,0,0,0
0,0,27.345,16.169,0,47.952,0,0,8.5335,0,0,0,27.345,8.5335,0,11.176,17.067,19.709,0,0,16.169,0,16.169,27.345,0,0,11.176,17.067,19.709,0,0,8.5335,0,0
0,0,6.1709,0,0,93.829,0,0,0,0,0,0,0,6.1709,0,0,93.829,0,0,0,0,0,0,6.1709,0,0,0,93.829,0,0,0,0,0,0
0,0,0,7.861,10.595,53.082,0,0,10.595,17.867,0,0,0,10.595,0,7.861,37.36,18.456,0,0,7.861,17.867,7.861,0,0,0,7.861,32.245,12.976,10.595,17.867,10.595,0,0
0,0,13.771,19.562,0,66.667,0,0,0,0,0,0,13.771,0,0,33.333,0,33.333,0,0,19.562,0,19.562,13.771,0,0,33.333,19.562,13.771,0,0,0,0,0
0,0,0,0,38.836,43.633,0,0,8.5707,8.9604,0,0,0,8.5707,0,0,35.062,47.407,0,0,0,8.9604,0,0,0,0,0,26.102,17.531,38.836,8.9604,8.5707,0,0
0,0,0,0,33.333,0,0,0,33.333,33.333,0,0,0,33.333,0,0,0,33.333,0,0,0,33.333,0,0,0,0,0,0,0,33.333,33.333,33.333,0,0
0,0,0,0,0,100,0,0,0,0,0,0,0,0,0,0,100,0,0,0,0,0,0,0,0,0,0,100,0,0,0,0,0,0
0,0,0,0,0,100,0,0,0,0,0,0,0,0,0,0,100,0,0,0,0,0,0,0,0,0,0,100,0,0,0,0,0,0
0,0,0,0,0,100,0,0,0,0,0,0,0,0,0,0,100,0,0,0,0,0,0,0,0,0,0,100,0,0,0,0,0,0
0,0,0,0,0,100,0,0,0,0,0,0,0,0,0,0,100,0,0,0,0,0,0,0,0,0,0,100,0,0,0,0,0,0
0,0,0,0,0,100,0,0,0,0,0,0,0,0,0,0,100,0,0,0,0,0,0,0,0,0,0,100,0,0,0,0,0,0
0,0,0,0,0,100,0,0,0,0,0,0,0,0,0,0,100,0,0,0,0,0,0,0,0,0,0,100,0,0,0,0,0,0
0,0,0,0,0,100,0,0,0,0,0,0,0,0,0,0,100,0,0,0,0,0,0,0,0,0,0,100,0,0,0,0,0,0
0,0,0,0,0,100,0,0,0,0,0,0,0,0,0,0,100,0,0,0,0,0,0,0,0,0,0,100,0,0,0,0,0,0
0,0,0,0,0,100,0,0,0,0,0,0,0,0,0,6.0734,87.853,0,0,0,6.0734,0,0,0,0,0,0,72.702,27.298,0,0,0,0,0
0,0,0,4.2629,0,86.68,3.0192,6.0383,0,0,0,0,0,3.0192,0,8.0753,74.792,0,10.301,0,3.8124,0,0,6.0383,3.0192,0,0,65.681,20.998,0,0,4.2629,0,0
0,0,0,0,0,84.212,0,15.788,0,0,0,0,0,0,0,7.8938,84.212,0,0,0,7.8938,0,0,7.8938,7.8938,0,0,68.246,15.966,0,0,0,0,0
0,0,0,8.6066,0,52.339,27.165,11.89,0,0,0,2.4407,6.1811,3.7253,8.0437,2.8619,51.054,0,14.803,4.3033,4.7245,1.8626,0,13.346,15.209,20.406,0,35.395,7.0369,2.4407,0,6.166,0,0
0,0,0,17.581,0,41.37,16.057,18.587,6.4044,0,0,4.7496,2.3549,8.9352,8.4207,0,46.137,0,18.604,6.7659,2.0163,2.0163,0,22.975,13.685,8.4207,0,30.572,6.7659,4.7496,0,12.832,0,0
0,0,0,15.511,3.8885,50.059,14.96,15.581,0,0,0,0,3.8885,9.2746,3.4285,3.8885,39.314,0,4.8352,7.317,15.971,12.083,12.543,8.2637,21.817,3.4285,0,35.885,3.4285,0,3.8885,10.746,0,0
0,0,0,5.2186,12.889,38.824,12.889,30.179,0,0,0,0,12.889,5.2186,2.6093,18.925,20.716,0,0,15.499,21.534,2.6093,12.889,8.6448,24.143,2.6093,0,18.106,2.6093,0,12.889,18.108,0,0
0,0,13.201,0,0,86.799,0,0,0,0,0,0,0,0,6.6005,0,86.799,0,0,6.6005,0,0,0,0,13.201,0,0,86.799,0,0,0,0,0,0
3.2924,9.3047,16.223,0,0,53.263,2.7199,0,6.0123,9.1851,0,2.7199,2.7199,0,3.2924,6.0123,46.678,3.2924,6.4652,9.7576,0,19.062,9.1851,6.0123,21.782,0,12.478,34.2,0,6.4652,6.5848,3.2924,0,0
0,0,4.4517,11.03,4.5413,20.195,13.813,10.635,11.318,20.614,3.4005,26.207,9.4947,1.2737,5.7254,7.8522,17.017,4.3187,11.12,9.2721,0,7.7193,8.86,10.489,20.04,9.2721,5.5925,6.0941,3.178,1.1408,14.653,2.4145,18.265,1
0,0,0,0,26.275,40.741,32.984,0,0,0,0,5.0917,0,53.358,34.841,5.9002,0.80852,0,0,0,0,0,0,4.2832,0.80852,0,68.633,0,0,26.275,0,0,0,0
0,0,0,0,25.781,41.267,32.951,0,0,0,0,57.011,0,26.642,9.1766,6.3096,0.86066,0,0,0,0,0,0,30.369,26.642,0,17.208,0,0,25.781,0,0,0,0
0,0,1.4471,14.829,3.5009,42.796,8.8113,13.599,4.5581,8.6219,1.8369,15.596,22.033,0,11.545,3.284,11.055,3.1111,16.883,1.4471,0,15.046,30.671,15.436,3.284,11.545,13.209,7.7266,1.4471,1.664,6.9578,1.664,6.3951,0
9.6048,16.872,16.061,0,3.1575,31.024,7.8617,0,11.716,1.1688,2.534,18.257,8.3329,12.93,11.566,9.256,13.789,7.0857,1.9887,4.8728,0,11.922,0.81996,35.375,22.537,12.384,5.917,9.2369,3.1575,3.7027,3.4862,2.563,0.81996,0
0,0,0,0,0,100,0,0,0,0,0,0,0,0,0,0,100,0,0,0,0,0,0,0,0,0,0,100,0,0,0,0,0,0
0,11.592,10.991,2.734,6.0401,15.669,9.1689,0,39.249,4.5558,0,0,6.0401,0,17.06,15.293,21.475,11.903,17.633,0,2.3394,8.2566,0,29.62,19.849,6.4348,2.734,13.33,2.3394,0,10.596,12.363,2.734,0
0,11.202,7.6752,14.01,16.069,18.877,10.483,0,10.483,11.202,0,0,16.069,0,5.6163,16.069,16.818,24.493,4.8671,0,11.202,4.8671,0,7.6752,16.069,7.6752,2.8081,7.6752,11.202,0,27.27,16.818,2.8081,0
0,0,0,0,0,82.944,0,0,0,17.056,0,0,0,0,8.5279,0,82.944,0,0,8.5279,0,0,0,0,0,0,0,82.944,0,0,17.056,0,0,0
0,0,0,0,4.4319,64.649,8.829,8.829,4.4319,8.829,0,13.261,4.3971,0,0,0,64.649,4.4319,4.4319,4.3971,0,4.4319,8.8639,4.4319,8.7941,4.3971,4.4319,51.388,0,4.4319,0,4.4319,8.829,0
0,0,0,0,0,66.667,16.769,0,0,16.564,0,16.769,0,16.564,0,0,66.667,0,0,0,0,0,16.769,0,0,0,0,66.667,0,0,0,16.564,0,0
10.163,21.799,0,0,0,62.22,0,0,0,5.8178,0,0,0,37.78,0,0,56.402,0,0,0,5.8178,0,15.981,5.8178,10.163,10.163,5.8178,46.238,0,0,0,5.8178,0,0
11.542,19.5,0,0,0,66.334,0,0,0,2.6237,0,0,12.006,0,4.8704,0,65.066,4.598,0,6.1383,1.268,6.0527,3.5146,5.9537,17.064,4.5103,0,56.06,0,3.2423,9.6551,0,0,0
6.9612,34.555,0,0,0,47.5,0,0,0,10.984,0,0,19.53,1.228,9.9162,0,46.272,6.393,0,9.9162,2.2391,4.5053,0,12.786,27.503,1.228,0,39.961,0,1.0111,17.511,0,0,0
17.62,28.066,0,0,0,43.64,0,0,0,10.673,0,0,11.765,4.6177,9.1439,0,33.717,0,0,21.376,8.6863,10.694,7.6145,0,30.457,7.6145,2.3088,35.037,0,1.0718,15.896,0,0,0
10,26.028,0,0,0,52.631,0,0,0,11.341,0,0,12.602,0,11.152,0,50.479,6.8782,0,13.304,3.4331,2.1519,5.4124,9.1687,14.708,6.7395,0,40.94,0,5.8687,17.163,0,0,0
0,0,0,0,12.409,56.466,0,0,18.192,5.7826,7.1502,0,12.409,0,0,5.7826,44.057,0,18.192,7.1502,12.409,0,0,0,0,0,0,44.057,19.559,0,18.192,18.192,0,0
0,0,0,0,12.005,55.574,0,0,4.206,16.211,12.005,0,12.005,0,0,16.211,55.574,0,4.206,12.005,0,0,0,0,0,0,0,55.574,12.005,0,28.215,4.206,0,0
45.465,8.7242,0,0,0,45.811,0,0,0,0,0,0,0,24.057,5.9644,2.871,39.957,5.8532,2.9822,12.005,6.3099,0,0,9.2921,33.08,11.818,0,39.501,0,0,6.3099,0,0,0
29.996,31.837,0,0,0,38.167,0,0,0,0,0,0,0,28.875,7.8196,7.6459,32.929,11.556,3.9098,3.9098,3.3554,0,0,7.2652,22.557,32.011,0,34.812,0,0,3.3554,0,0,0
0,0,0,0,0,100,0,0,0,0,0,0,0,0,0,0,100,0,0,0,0,0,0,0,0,0,0,100,0,0,0,0,0,0
35.567,24.725,0,0,0,39.708,0,0,0,0,0,0,3.6113,17.278,15.095,0,36.879,4.4537,4.4537,14.618,3.6113,0,0,4.4537,25.817,30.021,0,37.132,0,0,2.5762,0,0,0
0,0,0,0,0,100,0,0,0,0,0,0,0,0,0,0,100,0,0,0,0,0,0,0,0,0,0,100,0,0,0,0,0,0
0,0,0,0,0,100,0,0,0,0,0,0,0,0,0,0,100,0,0,0,0,0,0,0,0,0,0,100,0,0,0,0,0,1
0,0,0,0,0,100,0,0,0,0,0,0,0,0,0,0,100,0,0,0,0,0,0,0,0,0,0,100,0,0,0,0,0,0
10.248,34.047,0,0,0,34.936,0,0,0,20.769,0,0,1.5382,57.546,0,0,18.086,0,0,5.8067,17.023,0,15.485,17.023,10.248,3.0765,18.388,15.009,0,0,0,20.769,0,0
29.129,17.85,0,0,0,46.281,0,0,0,6.7393,0,0,1.5951,37.491,1.5951,0,31.29,0,0,19.695,6.7393,1.5951,9.516,5.1442,30.724,4.3718,13.397,30.108,0,0,1.5951,5.1442,0,0
0,0,0,0,27.566,72.434,0,0,0,0,0,0,0,0,0,0,72.434,0,0,0,0,27.566,0,0,0,0,0,44.868,55.132,0,0,0,0,0
0,0,0,0,23.885,76.115,0,0,0,0,0,0,0,0,0,0,76.115,0,0,0,0,23.885,0,0,0,0,0,52.23,47.77,0,0,0,0,0
0,0,0,0,25.184,74.816,0,0,0,0,0,0,0,0,0,0,74.816,0,0,0,0,25.184,0,0,0,0,0,50,50,0,0,0,0,0
0,0,0,0,34.597,65.403,0,0,0,0,0,0,0,0,0,0,65.403,0,0,0,0,34.597,0,0,0,0,0,65.403,34.597,0,0,0,0,0
0,0,0,0,0,100,0,0,0,0,0,0,0,0,0,0,100,0,0,0,0,0,0,0,0,0,0,100,0,0,0,0,0,0
0,0,0,0,0,100,0,0,0,0,0,0,0,0,0,0,100,0,0,0,0,0,0,0,0,0,0,85.357,14.643,0,0,0,0,0
0,0,0,25.221,3.8105,31.286,25.58,9.7133,4.3898,0,0,3.7078,8.6182,11.564,12.095,0,33.589,0,17.924,6.7077,2.8971,2.8971,0,16.014,12.561,21.71,0,17.787,2.8971,3.7078,3.8105,21.513,0,1
0,0,0,16.113,8.3295,35.259,22.095,18.203,0,0,0,3.0414,10.472,4.7184,2.1426,8.6015,33.12,0,10.466,11.371,12.334,3.7329,8.9138,11.744,19.088,6.4277,0,24.894,3.0414,3.0414,8.3295,14.519,0,0
0,0,0,28.968,3.1364,39.086,14.53,14.279,0,0,0,0,3.1364,11.302,4.0826,3.0571,30.921,0,0,7.219,21.67,18.613,14.53,7.1396,25.753,4.0826,0,26.838,4.0826,0,3.1364,14.438,0,1
0,0,0,31.092,5.2422,34.35,10.511,18.804,0,0,0,11.399,5.2422,8.2937,4.1468,5.2422,32.214,0,5.2685,14.657,9.389,4.1468,5.2422,9.4153,18.804,4.1468,0,11.399,9.4153,11.399,5.2422,24.935,0,1
6.2104,11.028,18.796,6.8556,0,34.402,3.4278,0,14.459,4.821,0,9.6421,0,0,14.217,9.6382,21.34,8.245,3.4278,12.824,0,20.666,3.4278,6.2104,28.43,3.4278,8.245,15.13,4.821,1.3932,15.849,4.8172,8.2488,1
1.1309,8.3944,29.152,2.6741,5.1692,38.513,2.6741,0,10.842,1.4502,0,1.4974,5.7431,0,11.856,2.2478,30.34,19.455,6.0764,12.644,0,10.14,9.2935,16.723,5.6782,8.7469,21.143,4.4532,6.9432,5.5025,2.9241,11.648,6.9432,0
0,0,0,0,0,52.037,47.963,0,0,0,0,15.382,0,11.854,7.0555,27.236,38.472,0,0,0,0,0,0,3.5278,11.854,0,66.873,17.745,0,0,0,0,0,0
0.90437,1.8087,10.187,11.544,3.2921,26.977,6.4004,8.1963,11.108,15.423,4.1577,14.153,12.043,3.2194,8.8193,6.2304,12.442,2.9555,17.292,7.6369,0,15.208,14.61,17.775,14.963,6.0897,11.275,1.9228,0.86563,4.4899,14.585,5.8551,7.5687,1
0,0,0,0,0,74.302,25.698,0,0,0,0,3.5313,0,3.5313,15.104,22.167,55.666,0,0,0,0,0,0,0,3.5313,0,44.334,52.135,0,0,0,0,0,0
0,0,0,0,0,66.667,33.333,0,0,0,0,0,0,0,0,0,100,0,0,0,0,0,0,0,0,0,33.333,66.667,0,0,0,0,0,0
0,0,0,0,22.039,37.558,40.403,0,0,0,0,26.375,0,38.844,13.96,13.061,7.7593,0,0,0,0,0,0,10.536,15.838,0,49.129,2.4572,0,22.039,0,0,0,0
0,0,0,0,6.6078,62.875,30.517,0,0,0,0,14.788,0,10.046,33.494,21.607,20.065,0,0,0,0,0,0,11.619,3.1694,0,60.842,17.763,0,6.6078,0,0,0,0
0,0,7.7097,15.196,1.2617,29.841,7.499,5.6526,24.358,7.3367,1.1455,15.325,7.7022,5.2238,13.679,6.5079,15.895,7.6213,12.297,6.2373,0,9.5123,11.794,15.021,11.233,8.4031,12.227,3.4268,3.7937,2.4073,8.8552,9.9783,12.861,1
2.8183,7.3733,25.037,4.6004,0.89302,30.701,5.9622,0,11.192,11.423,0,11.399,3.662,2.5001,8.0088,6.2804,26.155,4.0862,9.9424,12.833,0,15.134,10.851,12.374,23.873,4.5464,12.637,13.206,2.6184,8.8534,4.0834,2.0399,4.9186,1
0,0,14.579,0,0,85.421,0,0,0,0,0,0,0,0,0,0,85.421,0,0,14.579,0,0,0,0,0,0,0,85.421,0,0,0,14.579,0,0
0,0,34.605,0,0,65.395,0,0,0,0,0,0,0,15.937,0,0,57.427,7.9684,0,18.668,0,0,0,7.9684,0,0,0,65.395,0,0,0,26.637,0,0
0,0,2.5232,15.28,3.7463,18.341,12.912,4.6977,20.385,15.672,6.4422,18.661,4.8635,4.4292,2.2064,4.2157,9.8023,11.219,22.521,9.1657,0,12.916,7.6897,16.517,9.913,6.6356,6.4735,4.7497,4.7366,4.2671,14.887,13.446,10.685,1
0,0,11.666,15.865,2.3486,21.199,7.3652,2.3486,29.049,8.852,1.3063,19.437,1.9561,8.7484,12.445,7.2759,16.832,9.1558,15.341,5.6664,0,3.1426,4.8347,22.451,13.946,4.3668,7.6617,3.7466,1.4438,1.0423,12.985,14.187,13.335,1
0,10.584,11.332,9.134,4.4828,15.815,13.63,0,28.186,6.8363,0,0,4.4828,0,19.731,14.912,20.846,18.436,6.1013,0,8.8103,6.681,0,16.854,12.938,4.6512,8.9786,11.332,4.4828,0,15.647,20.466,4.6512,0
0,8.0158,12.364,3.8856,12.283,25.146,8.6771,0,23.565,6.0646,0,0,12.283,0,7.3501,16.693,16.378,12.358,12.528,0,10.046,12.364,0,13.717,15.652,5.4571,3.22,16.812,8.3337,0,23.075,12.225,1.5076,0
0,0,19.77,3.3346,5.258,42.124,11.927,0,17.587,0,0,0,5.258,0,6.6692,10.776,23.506,32.098,5.258,0,5.5178,10.917,0,8.5926,5.258,8.5926,3.3346,19.911,22.213,0,10.917,12.187,8.9939,0
0,0,13.496,1.6203,0,66.657,9.1136,0,9.1136,0,0,0,0,0,9.1136,11.875,50.4,10.863,0,0,11.875,5.8731,0,1.6203,0,1.6203,7.4933,44.268,22.389,0,5.8731,15.116,1.6203,0
0,0,9.6879,5.6421,2.0958,30.812,9.0394,5.5653,16.127,17.417,3.6141,21.401,7.4105,1.7011,5.2474,3.7969,25.276,9.5051,15.542,3.1426,0,6.9775,9.5872,9.439,15.032,3.4695,5.0645,18.732,1.5183,1.5183,17.494,12.724,5.4212,1
0,0,2.2385,3.8656,8.1376,24.852,11.815,8.1376,20.58,15.069,5.3044,20.141,1.6272,2.2385,4.4769,3.8656,24.852,10.188,13.442,3.6772,0,15.492,14.648,14.242,3.8656,0,12.426,3.6772,3.6772,10.188,10.797,16.103,10.376,0
12.894,39.574,0,0,0,36.867,0,0,0,10.665,0,0,7.2159,33.194,4.1456,0,31.552,0,0,6.0113,16.015,1.8656,16.343,14.15,14.759,15.964,8.7995,17.039,0,0,4.1456,8.7995,0,0
14.198,23.442,0,0,0,59.016,0,0,0,3.3444,0,0,14.735,3.1489,3.3483,0,56.872,8.0225,0,6.2246,3.8898,3.7585,0.93567,9.9632,16.574,10.166,0,42.933,0,9.7685,9.6591,0,0,0
19.148,20.542,0,0,0,57.45,0,0,0,2.8596,0,0,7.0043,4.4221,10.761,0,56.465,0.83915,0,15.183,2.9476,2.3784,8.9114,2.9039,26.649,2.4511,2.211,37.558,0,1.722,17.593,0,0,0
9.4541,30.194,0,0,0,54.732,0,0,0,5.6206,0,0,12.663,2.0724,7.7649,0,51.788,4.6221,0,12.781,2.9438,5.3645,5.0881,9.3713,20.299,4.8892,0,48.221,0,1.9454,10.186,0,0,0
0,31.051,0,0,0,68.949,0,0,0,0,0,0,25,0,0,0,68.949,0,0,0,0,6.0508,0,25,0,6.0508,0,68.949,0,0,0,0,0,0
0,0,33.333,0,0,66.667,0,0,0,0,0,0,0,0,0,0,66.667,0,33.333,0,0,0,0,33.333,0,0,0,66.667,0,0,0,0,0,0
0,48.237,5.3495,0,0,46.414,0,0,0,0,0,0,24.118,0,0,0,46.414,0,5.3495,0,0,24.118,0,29.468,0,24.118,0,46.414,0,0,0,0,0,0
0,2.9561,2.6144,5.5705,18.641,17.49,5.2289,0,9.2019,22.614,15.685,0,18.641,0,5.2289,22.614,20.104,10.799,3.973,15.685,2.9561,0,0,2.6144,2.9561,2.6144,2.6144,14.533,18.641,0,41.254,12.158,2.6144,0
0,0,4.7427,0,0,90.515,0,0,4.7427,0,0,0,0,0,0,0,85.772,9.4854,0,0,0,4.7427,0,0,0,0,0,82.082,8.4325,0,4.7427,0,4.7427,0
37.284,0,0,0,0,62.716,0,0,0,0,0,37.284,0,0,0,0,62.716,0,0,0,0,0,26.432,0,0,0,0,73.568,0,0,0,0,0,0
32.164,19.997,0,0,0,44.548,0,0,3.2905,0,0,1.6452,1.5966,21.267,4.7397,4.7883,42.673,3.1431,1.6452,11.749,6.7523,0,0,5.1557,31.748,15.258,0,36.249,0,0,9.9441,1.6452,0,0
40.677,14.315,0,0,0,34.717,0,0,10.291,0,0,5.1453,0,17.358,6.6571,5.1453,34.309,3.3285,8.4738,19.583,0,0,0,3.3285,30.692,20.972,0,34.717,0,0,5.1453,5.1453,0,0
7.3511,0,0,0,0,72.004,8.661,0,11.984,0,0,19.335,0,0,0,8.661,39.375,23.968,0,0,8.661,0,0,0,0,0,11.984,60.02,0,0,19.335,8.661,0,0
27.475,0,0,0,0,66.678,5.8468,0,0,0,0,27.475,0,0,0,16.224,40.077,10.377,0,0,5.8468,0,18.472,0,0,0,10.377,56.301,0,0,0,5.8468,9.003,0
6.3662,6.3662,0,0,0,69.256,0,0,18.012,0,0,6.3662,0,0,0,27.692,26.605,21.326,6.3662,11.645,0,0,0,0,6.3662,6.3662,16.047,42.651,10.558,0,6.3662,11.645,0,0
5.8101,0,7.0687,0,0,76.232,7.0687,0,3.8209,0,0,9.631,10.89,7.0687,0,12.15,41.043,12.15,0,0,7.0687,0,7.0687,0,0,0,12.15,53.192,0,0,5.8101,10.89,10.89,0
0,45.703,0,0,0,54.297,0,0,0,0,0,0,18.555,0,0,0,54.297,0,0,0,0,27.148,0,18.555,8.5931,18.555,0,54.297,0,0,0,0,0,0
0,9.4628,8.8937,0,0,61.004,8.8937,0,11.746,0,0,4.8463,13.74,8.8937,0,0,47.264,0,0,0,8.8937,16.362,8.8937,0,9.4628,0,0,47.264,0,0,6.8996,13.74,13.74,0
0,0,0,0,0,94.009,0,0,5.9913,0,0,5.9913,5.9913,0,0,0,88.017,0,0,0,0,0,0,0,0,0,0,88.017,0,0,0,5.9913,5.9913,0
0,0,0,0,0,100,0,0,0,0,0,0,0,0,0,0,100,0,0,0,0,0,0,0,0,0,0,100,0,0,0,0,0,0
0,0,14.705,0,0,59.645,11.452,0,14.197,0,0,7.0985,7.6068,14.705,0,3.8457,48.193,0,0,0,11.452,7.0985,14.705,0,0,0,0,52.038,0,0,7.0985,18.551,7.6068,0
0,0,0,0,0,92.863,0,0,7.1369,0,0,7.1369,7.1369,0,0,0,85.726,0,0,0,0,0,0,0,0,0,0,85.726,0,0,0,7.1369,7.1369,0
26.943,21.749,0,0,0,49.573,0,0,0,1.7345,0,0,5.6811,10.92,10.577,0,47.378,6.1421,2.1955,11.358,5.7487,0,0,16.601,18.841,13.251,0,37.16,0,2.2121,11.935,0,0,0
16.733,16.62,0,0,0,53.44,0,0,13.207,0,0,5.6547,0,16.62,4.8129,14.659,17.512,28.375,2.4065,9.9592,0,0,0,2.4065,16.62,14.326,5.6547,32.68,15.106,0,5.6547,7.5528,0,0
12.181,31.361,0,0,0,52.901,0,0,0,3.5564,0,0,13.389,3.7985,11.939,0,49.103,3.5564,0,11.939,6.2757,0,0,7.1128,28.047,8.3826,0,40.886,0,2.4772,13.095,0,0,0
0,0,4.1413,0,0,78.018,0,0,17.841,0,0,0,0,0,4.1413,13.7,64.318,13.7,4.1413,0,0,0,0,4.1413,0,0,0,50.618,27.399,0,0,17.841,0,0
8.5085,8.5085,0,0,0,57.111,0,0,25.872,0,0,13.791,0,0,0,15.933,39.122,14.137,8.5085,8.5085,0,0,0,0,8.5085,8.5085,5.2824,26.769,25.059,0,13.791,12.081,0,0
0,0,0,0,0,89.637,0,0,10.363,0,0,0,0,0,0,22.409,56.865,10.363,0,10.363,0,0,0,0,0,0,0,44.819,44.819,0,0,10.363,0,0
0,0,5.0951,0,0,79.526,0,0,15.379,0,0,0,0,0,5.0951,14.805,56.948,20.474,0,2.6781,0,0,0,5.0951,0,0,0,49.916,29.61,0,0,15.379,0,0
0,0,4.8255,0,0,81.913,0,0,13.262,0,0,0,0,0,4.8255,18.087,55.14,18.087,0,3.8603,0,0,0,4.8255,0,0,0,33.843,48.07,0,0,13.262,0,0
0,68.738,0,0,0,31.262,0,0,0,0,0,0,31.997,0,0,0,31.262,0,0,0,0,36.741,0,31.997,28.33,8.4107,0,31.262,0,0,0,0,0,0
0,38.035,12.612,0,0,24.129,0,0,25.224,0,0,12.612,19.018,12.612,0,0,24.129,0,0,0,0,31.63,12.612,19.018,13.259,5.7583,0,24.129,0,0,12.612,12.612,0,0
0,18.305,0,0,0,81.695,0,0,0,0,0,0,11.975,0,0,0,81.695,0,0,0,0,6.3294,0,11.975,0,6.3294,0,81.695,0,0,0,0,0,0
0,0,0,0,0,72.545,0,0,27.455,0,0,0,0,0,0,0,100,0,0,0,0,0,0,0,0,0,0,72.545,0,0,0,0,27.455,0
0,0,9.9783,0,0,62.775,0,0,27.247,0,0,9.9783,0,9.9783,0,0,70.065,0,0,0,0,9.9783,9.9783,0,0,0,0,62.775,0,0,9.9783,9.9783,7.29,0
0,0,0,0,0,88.369,0,0,11.631,0,0,0,0,0,0,0,88.369,0,0,0,0,11.631,0,0,0,0,0,88.369,0,0,11.631,0,0,0
0,0,0,0,0,68.148,0,0,31.852,0,0,0,4.663,0,0,0,89.523,0,0,0,0,5.8136,0,0,0,0,0,68.148,0,0,5.8136,4.663,21.375,0
0,0,0,0,0,90.348,0,0,9.6523,0,0,0,0,0,0,0,100,0,0,0,0,0,0,0,0,0,0,90.348,0,0,0,0,9.6523,0
0,0,0,0,0,100,0,0,0,0,0,0,0,0,0,0,100,0,0,0,0,0,0,0,0,0,0,100,0,0,0,0,0,0
0,0,0,0,0,100,0,0,0,0,0,0,0,0,0,0,100,0,0,0,0,0,0,0,0,0,0,100,0,0,0,0,0,0
0,0,0,0,0,100,0,0,0,0,0,0,0,0,0,0,100,0,0,0,0,0,0,0,0,0,0,100,0,0,0,0,0,0
0,0,0,0,0,100,0,0,0,0,0,0,0,0,0,0,100,0,0,0,0,0,0,0,0,0,0,100,0,0,0,0,0,0
0,0,0,0,0,100,0,0,0,0,0,0,0,0,0,0,100,0,0,0,0,0,0,0,0,0,0,100,0,0,0,0,0,0
0,0,0,0,0,100,0,0,0,0,0,0,0,0,0,0,100,0,0,0,0,0,0,0,0,0,0,100,0,0,0,0,0,0
0,0,0,0,0,100,0,0,0,0,0,0,0,0,0,0,100,0,0,0,0,0,0,0,0,0,0,100,0,0,0,0,0,0
0,0,0,0,0,100,0,0,0,0,0,0,0,0,0,0,100,0,0,0,0,0,0,0,0,0,0,100,0,0,0,0,0,0
33.284,17.243,0,0,0,47.011,0,0,0,2.4619,0,0,2.3195,39.91,0,0,43.211,0,0,12.24,2.3195,0,12.604,2.3195,33.284,17.243,6.12,25.967,0,0,0,2.4619,0,0
0,0,0,0,0,100,0,0,0,0,0,0,0,0,0,0,100,0,0,0,0,0,0,0,0,0,0,100,0,0,0,0,0,0
0,7.607,0,0,0,92.393,0,0,0,0,0,0,3.8035,0,0,0,92.393,0,0,0,3.8035,0,0,0,7.607,0,0,80.983,0,3.8035,7.607,0,0,0
6.5403,13.081,0,0,0,80.379,0,0,0,0,0,0,6.5403,0,0,0,86.919,0,0,0,6.5403,0,0,6.5403,6.5403,13.081,0,73.839,0,0,0,0,0,0
0,0,0,0,0,100,0,0,0,0,0,0,0,0,0,0,100,0,0,0,0,0,0,0,0,0,0,100,0,0,0,0,0,0
0,3.777,66.652,0,0,29.571,0,0,0,0,0,0,3.777,0,0,0,29.571,0,66.652,0,0,0,0,70.429,0,0,0,29.571,0,0,0,0,0,0
0,7.9433,11.445,0,0,80.612,0,0,0,0,0,0,7.9433,0,0,0,80.612,0,11.445,0,0,0,0,19.388,0,0,0,80.612,0,0,0,0,0,0
0,0,0,0,0,100,0,0,0,0,0,0,0,0,0,0,100,0,0,0,0,0,0,0,0,0,0,100,0,0,0,0,0,0
0,0,4.0044,0,0,65.153,0,0,16.483,14.36,0,11.643,0,0,4.0044,15.647,39.292,17.77,8.9263,0,2.7167,0,0,4.0044,0,0,0,48.218,16.935,0,14.36,16.483,0,0
0,0,0,0,0,100,0,0,0,0,0,0,0,0,0,0,100,0,0,0,0,0,0,0,0,0,0,100,0,0,0,0,0,0
0,0,3.0865,0,0,67.991,0,0,14.625,14.298,0,3.1577,5.5701,0,3.0865,19.919,39.344,3.1577,6.2442,13.951,5.5701,0,0,3.0865,0,0,0,50.882,17.108,5.5701,8.7278,14.625,0,0
0,0,14.552,0,0,65.205,0,0,16.224,4.0192,0,2.0096,0,0,14.552,25.627,33.489,8.0979,6.4542,7.7599,2.0096,0,0,14.552,0,0,0,41.249,23.956,0,4.0192,16.224,0,0
0,0,3.6835,0,0,66.12,0,0,19.894,10.302,0,10.302,0,0,3.6835,20.396,35.422,16.21,13.986,0,0,0,0,3.6835,0,0,0,35.631,30.489,0,10.302,19.894,0,0
0,0,0,0,0,44.996,0,0,14.533,40.471,0,14.533,10.009,0,0,14.533,17.761,8.6132,8.6132,10.009,15.929,0,0,0,0,0,0,26.374,18.622,10.009,30.462,14.533,0,0
0,0,0,0,0,100,0,0,0,0,0,0,0,0,0,0,100,0,0,0,0,0,0,0,0,0,0,100,0,0,0,0,0,0
0,0,0,0,0,87.363,0,0,12.637,0,0,0,6.3184,0,0,0,87.363,0,0,0,0,6.3184,0,0,0,0,0,87.363,0,0,6.3184,6.3184,0,0
0,0,0,0,0,100,0,0,0,0,0,0,0,0,0,0,100,0,0,0,0,0,0,0,0,0,0,100,0,0,0,0,0,0
0,0,0,0,0,72.018,0,0,27.982,0,0,0,13.991,0,0,0,72.018,0,0,0,8.9612,5.03,0,0,0,0,0,72.018,0,0,5.03,22.952,0,0
0,0,0,0,0,71.245,0,0,28.755,0,0,0,11.907,0,0,0,76.186,0,0,0,0,11.907,0,0,0,0,0,71.245,0,0,11.907,11.907,4.9406,0
0,0,0,0,0,93.11,0,0,6.89,0,0,0,6.89,0,0,0,93.11,0,0,0,0,0,0,0,0,0,0,93.11,0,0,0,6.89,0,0
0,0,0,0,0,67.653,0,0,32.347,0,0,0,14.29,0,0,0,67.653,0,0,0,14.388,3.6696,0,0,0,0,0,67.653,0,0,3.6696,28.678,0,0
0,0,0,0,0,82.007,0,0,17.993,0,0,0,5.0889,0,0,0,82.007,0,0,0,7.815,5.0889,0,0,0,0,0,82.007,0,0,5.0889,12.904,0,0
0,0,0,0,0,100,0,0,0,0,0,0,0,0,0,0,100,0,0,0,0,0,0,0,0,0,0,100,0,0,0,0,0,0
0,0,0,0,0,59.859,0,0,0,40.141,0,0,20.07,0,0,0,39.789,0,0,20.07,20.07,0,0,0,0,0,0,39.789,20.07,20.07,20.07,0,0,0
0,0,0,0,0,54.802,0,0,13.38,31.818,0,3.7757,24.267,0,0,22.984,35.594,0,0,9.6042,3.7757,0,0,0,0,0,0,45.198,9.6042,24.267,7.5515,13.38,0,0
0,0,0,0,0,65.414,0,0,34.586,0,0,0,17.293,0,0,0,65.414,0,0,0,9.3974,7.8954,0,0,0,0,0,65.414,0,0,7.8954,26.69,0,0
0,0,0,0,0,100,0,0,0,0,0,0,0,0,0,0,100,0,0,0,0,0,0,0,0,0,0,100,0,0,0,0,0,0
0,0,0,0,0,100,0,0,0,0,0,0,0,0,0,0,100,0,0,0,0,0,0,0,0,0,0,100,0,0,0,0,0,0
0,0,0,0,0,100,0,0,0,0,0,0,0,0,0,0,100,0,0,0,0,0,0,0,0,0,0,100,0,0,0,0,0,0
0,0,0,0,0,100,0,0,0,0,0,0,0,0,0,0,100,0,0,0,0,0,0,0,0,0,0,100,0,0,0,0,0,0
1.5315,8.0508,40.499,0.68865,4.368,31.977,1.4778,0,9.876,1.5315,0,7.3964,8.029,0.78912,12.826,2.2458,34.402,14.768,11.63,3.4527,0,4.4597,3.4784,30.597,5.0758,14.723,11.888,2.9345,7.8901,2.8178,1.4847,8.4827,10.628,1
0,0,0,0,13.404,50.989,0,0,22.203,13.404,0,0,0,22.203,0,0,42.19,22.203,0,0,0,13.404,0,0,0,0,0,29.894,21.095,13.404,13.404,22.203,0,0
3.3866,9.0661,25.235,2.8253,2.0579,31.074,2.2959,0,18.907,4.2698,0.8832,10.099,2.5348,1.4127,10.2,4.0865,30.405,16.253,7.493,4.4319,0,13.084,2.0579,20.316,5.9343,9.7051,8.2702,5.7476,12.12,5.6279,8.4344,7.1865,14.599,0
1.0981,6.2948,50.445,2.2191,1.007,28.546,2.2191,0,7.0727,1.0981,0,7.7146,6.4088,0,20.816,1.0981,29.361,12.409,12.216,6.774,0,3.2032,3.2261,33.385,5.2878,10.715,10.758,4.6459,4.6459,2.1051,3.5249,11.253,10.453,1
0,9.7826,35.37,1.2746,0,39.196,1.2746,0,13.102,0,0,7.5184,5.6053,0,8.9248,0,35.085,26.072,5.6053,5.737,0,5.4519,1.2746,27.369,4.3307,17.301,8.7931,4.4624,15.366,0,3.1877,2.5493,15.366,1
0,0,0,2.8639,19.443,60.09,0,0,0,0,17.604,0,8.2894,2.8639,0,4.3636,73.33,0,0,0,2.8639,8.2894,0,0,0,0,0,51.8,25.893,0,0,2.8639,19.443,0
0,0,0,2.4041,13.742,70.533,0,0,0,0,13.321,0,6.871,2.4041,0,3.8825,79.971,0,0,0,2.7448,4.1262,0,0,0,0,0,62.524,21.33,0,0,2.4041,13.742,0
0,0,0,5.6498,0,94.35,0,0,0,0,0,0,0,0,0,0,94.35,5.6498,0,0,0,0,0,0,0,0,0,94.35,0,0,0,5.6498,0,0
0,0,18.812,0,0,69.646,0,11.541,0,0,0,11.541,0,0,0,6.9396,60.112,9.5347,0,0,0,11.873,0,0,0,0,0,66.861,2.7853,0,11.873,0,18.481,0
0,0,0,0,0,86.196,0,0,13.804,0,0,0,0,0,13.804,0,86.196,0,0,0,0,0,0,0,0,0,0,86.196,0,0,0,0,13.804,0
35.249,0,0,0,0,64.751,0,0,0,0,0,35.249,0,0,0,0,64.751,0,0,0,0,0,0,0,0,0,0,79.085,0,0,7.0118,13.904,0,0
33.333,0,0,0,0,66.667,0,0,0,0,0,33.333,0,0,0,0,66.667,0,0,0,0,0,0,0,0,0,0,82.58,0,0,0,0,17.42,0
36.043,21.386,0,0,0,42.571,0,0,0,0,0,0,4.6654,17.255,13.724,0,33.376,4.5293,4.5293,12.958,8.9628,0,0,12.59,26.586,18.253,0,38.274,0,0,4.2974,0,0,0
0,9.5992,0,0,0,81.091,0,0,9.3098,0,0,0,0,4.7996,0,0,81.091,9.3098,0,4.7996,0,0,0,4.7996,4.7996,0,0,81.091,0,0,0,9.3098,0,0
9.8548,0,0,0,0,90.145,0,0,0,0,0,9.8548,0,0,0,0,90.145,0,0,0,0,0,0,0,0,0,0,100,0,0,0,0,0,0
27.864,0,0,0,0,72.136,0,0,0,0,0,27.864,0,0,0,0,72.136,0,0,0,0,0,0,0,0,0,0,85.728,0,0,2.8147,0,11.457,0
0,0,10.984,0,0,54.635,5.9987,0,28.382,0,0,17.398,6.4138,10.984,0,5.9987,42.223,0,0,0,5.9987,10.984,10.984,0,0,0,0,48.222,0,0,10.984,23.397,6.4138,0
0,0,0,0,0,87.393,0,0,12.607,0,0,0,0,0,0,0,100,0,0,0,0,0,0,0,0,0,0,87.393,0,0,0,0,12.607,0
0,0,4.0595,0,0,83.27,0,0,6.9298,5.7406,0,2.8703,0,0,4.0595,2.8703,83.27,0,4.0595,0,2.8703,0,0,4.0595,0,0,0,83.27,0,0,5.7406,6.9298,0,0
0,0,0,0,0,69.734,0,0,4.0795,26.186,0,4.0795,18.027,0,0,4.0795,69.734,0,0,0,4.0795,0,0,0,0,0,0,69.734,0,18.027,8.159,4.0795,0,0
0,0,0,0,0,78.893,0,0,21.107,0,0,0,13.626,0,0,0,78.893,0,0,0,3.9438,3.537,0,0,0,0,0,78.893,0,0,3.537,17.57,0,0
0,0,0,0,0,73.442,0,0,26.558,0,0,0,9.1257,0,0,0,73.442,0,0,0,8.3065,9.1257,0,0,0,0,0,73.442,0,0,9.1257,17.432,0,0
