h1,h2,h3,h4,h5,h6,h7,h8,h9,h10,h11,h12,h13,h14,h15,h16,h17,h18,h19,h20,h21,h22,h23,h24,h25,h26,h27,h28,h29,h30,h31,h32,h33,label
0,0,0,0,0,100,0,0,0,0,0,0,0,0,0,0,100,0,0,0,0,0,0,0,0,0,0,100,0,0,0,0,0,0
0,0,0,0,0,100,0,0,0,0,0,0,0,0,0,0,100,0,0,0,0,0,0,0,0,0,0,100,0,0,0,0,0,0
0,0,0,0,0,100,0,0,0,0,0,0,0,0,0,0,100,0,0,0,0,0,0,0,0,0,0,100,0,0,0,0,0,0
0,0,0,0,0,100,0,0,0,0,0,0,0,0,0,0,100,0,0,0,0,0,0,0,0,0,0,100,0,0,0,0,0,0
0,0,0,0,0,100,0,0,0,0,0,0,0,0,0,0,100,0,0,0,0,0,0,0,0,0,0,100,0,0,0,0,0,0
0,0,0,0,0,100,0,0,0,0,0,50.477,0,0,0,0,49.523,0,0,0,0,0,0,0,0,0,0,49.523,0,0,50.477,0,0,0
0,0,0,0,0,100,0,0,0,0,0,50,0,0,0,0,50,0,0,0,0,0,0,0,0,0,0,50,0,0,50,0,0,0
0,0,0,0,0,100,0,0,0,0,0,0,0,0,0,0,100,0,0,0,0,0,0,0,0,0,0,100,0,0,0,0,0,0
0,0,0,0,0,100,0,0,0,0,0,0,0,0,0,0,100,0,0,0,0,0,0,0,0,0,0,100,0,0,0,0,0,0
0,0,0,0,0,100,0,0,0,0,0,0,0,0,0,0,100,0,0,0,0,0,0,0,0,0,0,100,0,0,0,0,0,0
0,0,0,0,0,100,0,0,0,0,0,0,0,0,0,0,100,0,0,0,0,0,0,0,0,0,0,100,0,0,0,0,0,0
0,0,0,0,0,100,0,0,0,0,0,0,0,0,0,0,100,0,0,0,0,0,0,0,0,0,0,100,0,0,0,0,0,0
0,0,0,0,0,100,0,0,0,0,0,0,0,0,0,0,100,0,0,0,0,0,0,0,0,0,0,83.971,16.029,0,0,0,0,0
0,0,0,0,0,100,0,0,0,0,0,0,0,0,0,0,100,0,0,0,0,0,0,0,0,0,0,81.644,18.356,0,0,0,0,0
0,0,0,0,0,100,0,0,0,0,0,0,0,0,0,0,100,0,0,0,0,0,0,0,0,0,0,69.509,30.491,0,0,0,0,0
0,0,0,0,0,100,0,0,0,0,0,0,0,0,0,0,100,0,0,0,0,0,0,0,0,0,0,100,0,0,0,0,0,0
0,0,0,0,0,100,0,0,0,0,0,0,0,0,0,0,100,0,0,0,0,0,0,0,0,0,0,100,0,0,0,0,0,0
0,0,0,0,0,100,0,0,0,0,0,23.419,0,0,0,0,76.581,0,0,0,0,0,0,0,0,0,0,76.581,0,0,23.419,0,0,0
0,0,0,0,0,100,0,0,0,0,0,0,0,0,0,0,100,0,0,0,0,0,0,0,0,0,0,100,0,0,0,0,0,0
0,0,0,0,0,100,0,0,0,0,0,0,0,0,0,0,100,0,0,0,0,0,0,0,0,0,0,100,0,0,0,0,0,0
0,0,0,0,0,100,0,0,0,0,0,0,0,0,0,0,100,0,0,0,0,0,0,0,0,0,0,100,0,0,0,0,0,0
0,0,0,0,0,100,0,0,0,0,0,0,0,0,0,0,100,0,0,0,0,0,0,0,0,0,0,100,0,0,0,0,0,0
0,0,0,0,0,100,0,0,0,0,0,0,0,0,0,0,100,0,0,0,0,0,0,0,0,0,0,100,0,0,0,0,0,0
0,0,0,0,0,100,0,0,0,0,0,0,0,0,0,0,100,0,0,0,0,0,0,0,0,0,0,100,0,0,0,0,0,0
0,0,0,0,0,100,0,0,0,0,0,0,0,0,0,0,100,0,0,0,0,0,0,0,0,0,0,100,0,0,0,0,0,0
0,0,0,0,0,100,0,0,0,0,0,0,0,0,0,0,100,0,0,0,0,0,0,0,0,0,0,100,0,0,0,0,0,0
0,0,0,0,0,100,0,0,0,0,0,0,0,0,0,0,100,0,0,0,0,0,0,0,0,0,0,100,0,0,0,0,0,0
0,0,0,0,0,100,0,0,0,0,0,0,0,0,0,0,100,0,0,0,0,0,0,0,0,0,0,100,0,0,0,0,0,0
0,0,0,0,0,100,0,0,0,0,0,0,0,0,0,0,100,0,0,0,0,0,0,0,0,0,0,100,0,0,0,0,0,0
0,0,0,0,0,100,0,0,0,0,0,0,0,0,0,0,100,0,0,0,0,0,0,0,0,0,0,100,0,0,0,0,0,0
0,0,0,0,0,100,0,0,0,0,0,0,0,0,0,0,100,0,0,0,0,0,0,0,0,0,0,100,0,0,0,0,0,0
0,0,0,0,0,100,0,0,0,0,0,0,0,0,0,0,100,0,0,0,0,0,0,0,0,0,0,73.283,26.717,0,0,0,0,0
0,0,0,0,0,100,0,0,0,0,0,0,0,0,0,0,100,0,0,0,0,0,0,0,0,0,0,94.193,5.8073,0,0,0,0,0
0,0,0,0,0,92.082,0,7.9179,0,0,0,0,7.9179,0,0,0,92.082,0,0,0,0,0,0,0,0,0,0,72.35,19.732,0,0,0,7.9179,0
0,0,0,0,0,100,0,0,0,0,0,0,0,0,0,0,100,0,0,0,0,0,0,0,0,0,0,65.845,34.155,0,0,0,0,0
0,0,0,0,0,100,0,0,0,0,0,0,0,0,0,0,100,0,0,0,0,0,0,0,0,0,0,70.67,29.33,0,0,0,0,0
0,0,0,0,0,100,0,0,0,0,0,0,0,0,0,0,100,0,0,0,0,0,0,0,0,0,0,100,0,0,0,0,0,0
0,0,0,6.5843,0,66.667,0,26.749,0,0,0,0,26.749,0,0,0,66.667,0,0,0,0,6.5843,0,0,0,0,0,66.667,0,0,6.5843,0,26.749,0
0,0,0,0,0,100,0,0,0,0,0,0,0,0,0,0,100,0,0,0,0,0,0,0,0,0,0,100,0,0,0,0,0,0
0,0,0,18.708,0,81.292,0,0,0,0,0,0,0,0,0,0,81.292,0,0,0,0,18.708,0,0,0,0,0,81.292,0,0,18.708,0,0,0
0,0,0,42.33,0,21.769,0,35.901,0,0,0,0,35.901,0,0,0,21.769,0,0,0,0,42.33,0,0,0,0,0,19.541,2.2279,0,42.33,0,35.901,0
0,0,0,15.983,0,56.408,0,27.609,0,0,0,0,27.609,0,0,0,56.408,0,0,0,0,15.983,0,0,0,0,0,56.408,0,0,15.983,0,27.609,0
0,0,0,0,0,100,0,0,0,0,0,0,0,0,0,0,100,0,0,0,0,0,0,0,0,0,0,100,0,0,0,0,0,0
0,0,0,0,0,100,0,0,0,0,0,0,0,0,0,0,90.688,9.3117,0,0,0,0,0,0,0,0,0,100,0,0,0,0,0,0
0,0,0,0,0,87.942,0,0,12.058,0,0,0,0,0,0,0,82.757,17.243,0,0,0,0,0,0,0,0,0,82.757,5.1852,0,0,12.058,0,0
0,0,0,0,0,100,0,0,0,0,0,0,0,0,0,9.0771,64.511,26.412,0,0,0,0,0,0,0,0,0,73.588,26.412,0,0,0,0,0
0,0,0,0,0,100,0,0,0,0,0,0,0,0,0,15.743,68.792,15.465,0,0,0,0,0,0,0,0,0,77.881,22.119,0,0,0,0,0
0,0,0,0,0,89.542,0,0,10.458,0,0,0,0,0,0,7.3708,57.87,24.3,10.458,0,0,0,0,0,0,0,0,74.8,14.742,0,0,10.458,0,0
0,0,0,0,0,84.712,0,0,15.288,0,0,0,0,0,0,14.341,41.688,28.682,15.288,0,0,0,0,0,0,0,0,56.03,28.682,0,0,15.288,0,0
0,0,4.9513,0,0,84.916,0,0,10.133,0,0,0,0,0,0,11.571,73.345,15.084,0,0,0,0,4.9513,0,0,0,0,73.345,11.571,0,0,0,10.133,0
0,0,6.0623,0,0,70.979,0,0,22.958,0,0,6.0623,0,0,0,0,84.425,6.4242,0,3.0888,0,0,2.9735,0,3.0888,0,2.9735,68.006,0,6.0623,0,0,16.896,0
0,0,15.201,0,0,53.02,0,0,31.779,0,0,24.036,0,0,0,0,50.817,15.201,0,9.9457,0,0,5.255,0,9.9457,0,12.49,40.531,0,2.5439,21.492,0,7.7426,0
0,0,0,0,0,50.028,0,0,49.972,0,0,0,0,0,0,0,50.028,42.619,7.3534,0,0,0,0,0,0,0,0,50.028,0,0,0,49.972,0,0
0,0,0,0,0,66.667,0,0,33.333,0,0,0,0,0,0,0,66.667,33.333,0,0,0,0,0,0,0,0,0,66.667,0,0,0,33.333,0,0
0,0,0,0,0,71.204,0,0,28.796,0,0,0,0,0,0,0,62.416,16.044,21.541,0,0,0,0,0,0,0,21.541,40.875,8.7879,0,0,28.796,0,0
0,0,0,0,0,77.156,0,0,22.844,0,0,0,0,0,0,0,77.156,0,22.844,0,0,0,0,0,0,0,7.8671,69.289,0,0,0,22.844,0,0
0,0,0,0,0,80.673,0,0,19.327,0,0,0,0,0,0,14.006,66.667,0,19.327,0,0,0,0,0,0,0,19.327,47.339,14.006,0,0,19.327,0,0
0,0,0,0,0,65.838,0,0,34.162,0,0,0,0,0,0,0,65.838,8.3253,25.837,0,0,0,0,0,0,0,5.8377,60,0,0,0,25.837,8.3253,0
0,0,0,0,0,0,0,0,0,0,0,0,0,0,0,0,0,0,0,0,0,0,0,0,0,0,0,0,0,0,0,0,0,0
0,0,0,0,0,0,0,0,0,0,0,0,0,0,0,0,0,0,0,0,0,0,0,0,0,0,0,0,0,0,0,0,0,0
0,0,0,0,0,100,0,0,0,0,0,0,0,0,0,0,100,0,0,0,0,0,0,0,0,0,0,100,0,0,0,0,0,0
0,0,0,0,0,100,0,0,0,0,0,0,0,0,0,0,100,0,0,0,0,0,0,0,0,0,0,100,0,0,0,0,0,0
0,0,3.2702,0,0,79.279,0,0,17.451,0,0,0,0,0,0,0,83.429,16.571,0,0,0,0,3.2702,0,0,0,0,79.279,0,0,0,0,17.451,0
0,0,4.858,0,0,64.54,0,0,30.602,0,0,4.858,0,0,0,0,69.398,17.911,7.8332,0,0,0,4.858,0,0,0,12.691,51.849,0,4.858,0,7.8332,17.911,0
0,0,17.88,0,0,59.972,0,0,22.148,0,0,11.541,0,0,0,0,67.929,16.945,0,3.5851,0,0,14.295,0,3.5851,0,7.9564,52.016,0,11.541,0,0,10.607,0
0,0,4.7498,0,0,78.047,0,0,17.203,0,0,2.3445,0,0,0,0,81.666,13.645,0,2.3445,0,0,2.4053,0,2.3445,0,14.028,64.019,0,2.3445,0,0,14.859,0
0,0,28.323,0,0,43.354,0,0,28.323,0,0,28.323,0,0,0,0,22.548,20.807,0,28.323,0,0,0,0,28.323,0,20.807,22.548,0,7.5158,20.807,0,0,0
0,0,7.1548,0,0,62.695,0,0,30.15,0,0,30.15,0,0,0,0,56.617,6.0784,0,7.1548,0,0,0,0,7.1548,0,12.157,50.538,0,7.1548,22.995,0,0,0
0,0,7.3962,0,29.444,25.687,0,0,13.642,0,23.831,7.3962,0,19.394,6.9266,10.05,11.998,7.3962,3.1231,26.32,0,7.3962,0,0,0,7.3962,0,18.76,6.9266,18.08,25.145,23.692,0,0
0,0,13.008,2.6909,26.349,15.771,0.83614,0.83614,18.724,2.1916,19.594,9.481,0,18.297,3.0795,3.9538,3.9538,17.054,5.6777,22.415,2.6909,13.397,0,0,5.1993,9.481,0.83614,15.771,0,26.738,16.607,21.322,4.0464,0
0,0,0,0,23.521,36.652,0,0,14.429,0,25.398,0,0,7.2147,9.0916,7.2147,20.995,0,16.306,30.086,0,9.0916,0,0,0,0,0,9.0916,27.56,32.612,9.0916,21.644,0,0
0,0,5.5742,2.0455,30.968,29.195,0,0,5.5742,0,26.644,3.5287,0,17.522,11.4,7.2694,9.9028,7.6197,4.1303,28.922,2.0455,7.659,0,0,2.0455,3.5287,0,21.925,7.2694,20.832,29.51,12.844,2.0455,0
0,0,0,0,0,100,0,0,0,0,0,0,0,0,0,17.806,82.194,0,0,0,0,0,0,0,0,0,17.806,82.194,0,0,0,0,0,0
0,0,0,0,0,100,0,0,0,0,0,0,0,0,0,40.483,13.16,0,46.357,0,0,0,0,0,0,0,40.483,59.517,0,0,0,0,0,0
0,0,0,0,0,100,0,0,0,0,0,0,0,0,0,43.471,26.115,0,30.414,0,0,0,0,0,0,0,43.471,56.529,0,0,0,0,0,0
0,0,0,0,13.552,86.448,0,0,0,0,0,0,0,0,13.552,13.552,59.343,0,0,13.552,0,0,0,0,0,0,0,43.224,43.224,0,0,13.552,0,0
0,0,0,0,0,100,0,0,0,0,0,0,0,0,0,0,71.256,0,0,28.744,0,0,0,0,0,0,0,42.512,57.488,0,0,0,0,0
0,0,0,0,0,100,0,0,0,0,0,0,0,0,0,0,100,0,0,0,0,0,0,0,0,0,0,50,50,0,0,0,0,0
0,0,0,0,0,80.441,0,0,0,19.559,0,0,0,0,0,0,80.441,0,19.559,0,0,0,0,0,0,0,0,19.559,60.883,0,0,19.559,0,0
0,0,0,0,0,100,0,0,0,0,0,0,0,0,0,0,100,0,0,0,0,0,0,0,0,0,11.441,88.559,0,0,0,0,0,0
0,0,0,0,0,100,0,0,0,0,0,0,0,0,0,0,100,0,0,0,0,0,0,0,0,0,0,100,0,0,0,0,0,0
0,0,0,0,0,100,0,0,0,0,0,0,0,0,0,0,100,0,0,0,0,0,0,0,0,0,0,100,0,0,0,0,0,0
43.326,0,0,0,0,56.674,0,0,0,0,0,43.326,0,0,0,0,56.674,0,0,0,0,0,43.326,0,0,0,0,56.674,0,0,0,0,0,0
0,0,0,0,0,87.727,0,0,12.273,0,0,0,0,0,0,0,87.727,0,12.273,0,0,0,0,0,0,0,18.473,69.254,0,0,0,12.273,0,0
0,0,0,0,0,100,0,0,0,0,0,0,0,0,0,0,100,0,0,0,0,0,0,0,0,0,4.6874,95.313,0,0,0,0,0,0
0,0,0,0,0,91.69,0,0,8.3098,0,0,0,0,0,0,0,91.69,0,8.3098,0,0,0,0,0,0,0,14.435,77.255,0,0,0,8.3098,0,0
0,0,0,0,0,100,0,0,0,0,0,0,0,0,0,0,100,0,0,0,0,0,0,0,0,0,4.2629,95.737,0,0,0,0,0,0
0,0,0,0,0,100,0,0,0,0,0,0,0,0,0,0,100,0,0,0,0,0,0,0,0,0,0,100,0,0,0,0,0,0
50,0,0,0,0,50,0,0,0,0,0,50,0,0,0,0,50,0,0,0,0,0,0,0,0,0,0,50,50,0,0,0,0,0
0,0,0,0,0,100,0,0,0,0,0,0,0,0,0,0,100,0,0,0,0,0,0,0,0,0,0,100,0,0,0,0,0,0
50,0,0,0,0,50,0,0,0,0,0,50,0,0,0,0,50,0,0,0,0,0,0,0,0,0,0,50,50,0,0,0,0,0
0,0,0,0,0,100,0,0,0,0,0,0,0,0,0,0,100,0,0,0,0,0,0,0,0,0,7.0194,92.981,0,0,0,0,0,0
0,0,0,0,0,100,0,0,0,0,0,0,0,0,0,0,100,0,0,0,0,0,0,0,0,0,0,100,0,0,0,0,0,0
0,0,0,0,0,100,0,0,0,0,0,0,0,0,0,0,83.008,16.992,0,0,0,0,0,0,0,0,33.984,66.016,0,0,0,0,0,0
0,0,17.019,0,0,57.898,0,0,25.083,0,0,17.019,0,0,0,0,57.009,17.019,0,8.9539,0,0,8.0647,0,8.9539,0,17.019,40.88,0,8.0647,8.9539,0,8.0647,0
0,0,8.5966,6.2355,16.755,17.302,6.7481,13.223,10.757,2.2941,18.09,13.223,0,17.334,2.227,10.929,15.658,14.832,0,14.973,4.0084,6.8152,10.929,4.454,10.891,2.2941,6.7481,15.075,0,10.382,24.463,6.3025,8.4625,0
0,0,0,0,22.843,32.868,0,0,33.566,0,10.723,0,22.843,0,0,0,32.17,11.421,0,11.421,22.145,0,0,0,0,0,0,21.446,11.421,22.145,22.843,22.145,0,0
0,0,0,4.0832,9.9315,35.775,8.1664,4.0832,18.098,9.9315,9.9315,4.0832,0,0,4.0832,14.015,35.775,14.015,0,23.946,0,4.0832,4.0832,8.1664,0,0,8.1664,31.692,0,9.9315,9.9315,9.9315,18.098,0
3.0971,0,0,0,31.632,30.542,0,0,11.22,0,23.509,0,31.632,0,0,0,49.99,4.0613,0,4.0613,7.1584,3.0971,0,3.0971,3.0971,0,0,26.481,4.0613,27.571,31.632,4.0613,0,0
0,0,19.353,0,16.536,33.358,0,1.3584,22.295,5.7764,1.3217,8.3184,9.5591,9.6767,1.3584,1.2991,48.421,9.5897,1.3584,3.8696,5.228,1.3217,0,11.072,9.64,0,6.9967,15.495,12.188,8.2681,13.977,22.363,0,0
0,0,22.672,5.9033,12.927,31.748,0,2.218,8.6495,10.08,5.8029,8.6495,0,13.763,3.9186,9.3233,24.297,12.069,2.218,9.0761,6.6791,10.006,5.9033,8.7179,16.172,0,2.0639,21.964,13.523,10.709,7.0984,13.849,0,0
0,0,10.626,0,21.63,38.044,0,0,10.099,11.355,8.2464,5.3128,4.7867,16.668,5.6776,0,46.816,7.7061,0,8.0709,2.3933,2.5688,0,2.744,7.8816,0,2.744,24.485,19.061,10.815,10.464,21.805,0,0
0,0,18.411,6.116,9.1157,37.624,0,0,15.993,10.794,1.9455,10.108,2.9425,10.039,1.9455,12.884,31.026,7.6507,0,8.7139,8.5738,6.116,6.116,6.1477,12.264,0,6.1477,18.769,14.652,11.402,9.9858,14.516,0,0
0,0,0,0,0,100,0,0,0,0,0,0,0,0,0,27.204,63.602,0,9.1936,0,0,0,0,0,0,0,27.204,72.796,0,0,0,0,0,0
6.2486,0,0,0,0,68.71,0,9.3963,6.2486,0,9.3963,9.3963,0,0,0,9.3963,68.71,0,0,0,6.2486,6.2486,9.3963,6.2486,6.2486,0,0,48.426,20.284,0,9.3963,0,0,0
7.6002,0,0,0,12.321,62.014,0,0,9.4927,3.8001,4.7718,3.8001,0,0,0,3.8001,66.786,0,12.321,0,9.4927,3.8001,0,4.7209,3.8001,0,3.8001,57.293,4.7209,13.293,3.8001,8.5719,0,0
24.898,0,0,0,24.898,37.755,0,0,0,12.449,0,12.449,0,0,0,12.449,37.755,0,24.898,0,0,12.449,0,0,12.449,0,12.449,18.877,18.877,12.449,12.449,12.449,0,0
7.0208,4.5892,9.3554,0,10.264,41.595,4.7662,0,12.696,9.7134,0,18.711,4.7662,0,0,4.5892,37.006,4.5892,15.388,4.7662,7.9296,2.2547,14.122,12.519,6.8439,4.7662,4.7662,26.742,10.264,5.675,4.5892,9.7134,0,1
5.7595,0,0,0,0,48.469,0,0,30.176,8.8213,6.7739,0,8.8213,0,0,0,72.886,0,0,0,12.533,5.7595,0,5.7595,5.7595,0,0,48.469,0,6.7739,17.643,15.595,0,0
0,0,0,0,0,100,0,0,0,0,0,0,0,0,0,0,100,0,0,0,0,0,0,0,0,0,0,100,0,0,0,0,0,0
13.292,14.627,3.3452,3.7971,12.84,28.693,3.7971,3.7971,3.6877,12.123,0,18.813,7.5943,0,0,11.78,14.175,7.0329,9.495,3.6877,11.282,16.139,14.518,7.1424,26.75,7.4849,4.7475,3.3452,3.3452,8.5446,11.78,8.5446,3.7971,0
0,0,0,0,0,100,0,0,0,0,0,0,0,0,0,0,100,0,0,0,0,0,0,0,0,0,0,100,0,0,0,0,0,0
0,0,14.674,12.85,3.4984,39.574,0,0,20.052,9.3515,0,10.263,0,10.701,0,17.26,1.824,22.639,0,4.4104,10.263,22.639,12.85,0.91202,13.762,0,0.91202,27.049,11.613,28.492,3.4984,0.91202,0,0
0,0,7.8249,7.8249,18.85,41.894,0,0,4.1939,19.413,0,4.1939,0,15.219,0,11.456,0,7.8249,0,34.069,19.413,7.8249,7.8249,0,7.8249,0,0,11.456,30.438,23.607,18.85,0,0,0
0,0,10.762,3.5685,15.714,48.602,0,0,7.1,12.145,2.1094,3.5967,0,19.245,0,8.6243,7.1933,9.1813,0,29.346,13.632,9.1813,3.5685,1.4873,9.2746,0,1.4873,16.346,32.877,15.648,15.714,3.5967,0,0
0,0,0,0,0,100,0,0,0,0,0,0,0,0,0,0,100,0,0,0,0,0,0,0,0,0,0,100,0,0,0,0,0,0
0,0,0,0,0,100,0,0,0,0,0,0,0,0,0,0,100,0,0,0,0,0,0,0,0,0,0,100,0,0,0,0,0,0
0,0,0,0,0,100,0,0,0,0,0,0,0,0,0,0,100,0,0,0,0,0,0,0,0,0,0,100,0,0,0,0,0,0
0,0,0,0,0,100,0,0,0,0,0,0,0,0,0,0,100,0,0,0,0,0,0,0,0,0,0,100,0,0,0,0,0,0
0,0,4.323,2.3497,31.571,15.282,0.98664,0.98664,6.8124,0.98664,36.702,0.98664,0,24.639,4.8178,1.738,17.966,6.6728,6.5558,27.483,2.3497,6.7911,0,0,5.3097,0.98664,0.98664,15.282,0,25.925,40.61,8.5504,2.3497,0
0,1.8564,9.455,1.5663,16.263,12.177,8.2538,6.6876,18.229,5.9498,19.562,7.7564,0,16.998,1.5663,5.5054,15.507,15.563,1.2542,19.26,3.7129,12.878,3.4227,6.8454,13.507,6.1901,8.2538,8.7543,0,13.119,21.452,12.638,5.8174,0
0,4.0567,9.1998,5.0227,6.0383,13.391,35.231,8.8663,13.782,2.2056,2.2056,7.8844,0,9.8247,16.022,5.2728,12.659,22.351,0,12.901,5.6635,7.4212,7.0667,19.08,32.546,2.2056,8.2256,9.1003,1.2809,4.0255,4.2184,4.2184,8.0327,1
0,3.4884,4.2579,1.9681,11.267,16.576,27.55,10.761,15.081,3.0192,6.0303,4.1559,0,6.2259,9.9001,8.0025,18.096,19.656,0,16.123,12.062,5.7782,6.4995,18.161,30.347,1.1449,4.6333,13.088,0,9.2989,7.9984,4.9873,3.8424,0
0,5.6355,0,2.7421,3.7657,29.408,19.765,15.153,23.531,0,0,4.6119,0,0,4.6119,11.387,35.043,15.153,0,6.5078,16.177,6.5078,8.3776,32.176,18.047,0,9.2499,21.03,1.8698,3.7657,0,0,5.4842,1
0,0,0,0,0,83.335,0,0,0,0,16.665,0,0,0,0,9.3791,90.621,0,0,0,0,0,0,0,0,0,0,83.335,9.3791,7.2857,0,0,0,0
0,7.0046,10.497,5.9317,23.505,14.136,5.478,6.2413,16.932,2.1826,8.0906,5.0964,0,15.853,1.2942,3.4768,12.032,21.501,0,22.344,12.474,5.9285,8.2988,10.425,14.532,1.7447,5.478,9.9526,0,17.48,14.116,8.5648,9.4086,0
0,0,0,0,0,96.197,0,0,0,0,3.8034,0,0,0,0,0,100,0,0,0,0,0,0,0,0,0,0,96.197,0,3.8034,0,0,0,0
0,0,15.25,0,0,69.499,0,7.6252,0,7.6252,0,0,0,7.6252,7.6252,0,69.499,0,7.6252,0,7.6252,0,0,22.876,0,0,0,69.499,0,0,0,7.6252,0,0
0,0,5.791,0,0,88.418,0,2.8955,0,2.8955,0,0,0,2.8955,2.8955,0,88.418,0,2.8955,0,2.8955,0,0,8.6865,0,0,0,88.418,0,0,0,2.8955,0,0
0,0,0,7.13,0,77.944,0,0,0,0,14.926,0,0,0,7.13,7.13,85.74,0,0,0,0,0,0,0,0,0,0,77.944,7.13,7.7964,0,0,7.13,0
0,0,0,6.1409,0,70.761,0,0,0,0,23.098,0,0,0,6.1409,10.158,83.701,0,0,0,0,0,0,0,0,0,0,70.761,10.158,12.94,0,0,6.1409,0
0,0,0,5.8952,0,94.105,0,0,0,0,0,0,0,0,5.8952,0,94.105,0,0,0,0,0,0,0,0,0,0,94.105,0,0,0,0,5.8952,0
0,0,0,5.118,0,94.882,0,0,0,0,0,0,0,0,5.118,0,94.882,0,0,0,0,0,0,0,0,0,0,94.882,0,0,0,0,5.118,0
0,0,0,4.7656,0,90.469,0,0,0,0,4.7656,0,0,0,4.7656,4.7656,90.469,0,0,0,0,0,0,0,0,0,0,90.469,4.7656,0,0,0,4.7656,0
0,0,0,4.7009,0,95.299,0,0,0,0,0,0,0,0,4.7009,0,95.299,0,0,0,0,0,0,0,0,0,0,95.299,0,0,0,0,4.7009,0
0,0,0,0,0,100,0,0,0,0,0,0,0,0,0,0,100,0,0,0,0,0,0,0,0,0,0,100,0,0,0,0,0,0
0,0,0,0,0,100,0,0,0,0,0,0,0,0,0,0,100,0,0,0,0,0,0,0,0,0,0,100,0,0,0,0,0,0
0,0,0,0,0,88.589,0,0,0,0,11.411,0,0,0,0,7.3166,92.683,0,0,0,0,0,0,0,0,0,0,88.589,7.3166,4.0944,0,0,0,0
0,0,0,31.012,0,52.462,0,0,0,0,16.526,0,0,0,11.164,31.012,57.824,0,0,0,0,0,0,0,0,0,0,52.462,11.164,5.3623,0,0,31.012,0
0,0,0,0,0,91.94,0,0,0,0,8.0598,0,0,0,0,0,100,0,0,0,0,0,0,0,0,0,0,91.94,0,8.0598,0,0,0,0
0,0,0,10.49,0,70.163,0,0,0,0,19.346,0,0,0,0,10.49,89.51,0,0,0,0,0,0,0,0,0,0,70.163,0,19.346,0,0,10.49,0
0,0,0,14.932,0,85.068,0,0,0,0,0,0,0,0,6.9081,8.0236,85.068,0,0,0,0,0,0,0,0,0,0,85.068,0,0,0,0,14.932,0
0,0,0,0,0,100,0,0,0,0,0,0,0,0,0,0,100,0,0,0,0,0,0,0,0,0,0,100,0,0,0,0,0,0
0,0,0,9.6087,0,90.391,0,0,0,0,0,0,0,0,0,9.6087,90.391,0,0,0,0,0,0,0,0,0,0,90.391,0,0,0,0,9.6087,0
0,0,0,5.993,0,94.007,0,0,0,0,0,0,0,0,0,5.993,94.007,0,0,0,0,0,0,0,0,0,0,94.007,0,0,0,0,5.993,0
0,0,0,0,0,100,0,0,0,0,0,0,0,0,0,0,100,0,0,0,0,0,0,0,0,0,0,100,0,0,0,0,0,0
0,0,0,0,0,100,0,0,0,0,0,0,0,0,0,0,100,0,0,0,0,0,0,0,0,0,0,100,0,0,0,0,0,0
0,0,0,0,0,100,0,0,0,0,0,0,0,0,0,0,100,0,0,0,0,0,0,0,0,0,0,100,0,0,0,0,0,0
0,0,0,0,0,100,0,0,0,0,0,0,0,0,0,0,100,0,0,0,0,0,0,0,0,0,0,100,0,0,0,0,0,0
0,0,0,0,0,100,0,0,0,0,0,0,0,0,0,0,100,0,0,0,0,0,0,0,0,0,0,100,0,0,0,0,0,0
0,0,0,0,0,100,0,0,0,0,0,0,0,0,0,0,100,0,0,0,0,0,0,0,0,0,0,100,0,0,0,0,0,0
0,0,0,0,0,100,0,0,0,0,0,0,0,0,0,0,100,0,0,0,0,0,0,0,0,0,0,100,0,0,0,0,0,0
0,0,0,0,0,100,0,0,0,0,0,0,0,0,0,0,100,0,0,0,0,0,0,0,0,0,0,100,0,0,0,0,0,0
0,0,0,0,0,100,0,0,0,0,0,0,0,0,0,0,100,0,0,0,0,0,0,0,0,0,0,100,0,0,0,0,0,0
0,7.7094,15.383,0,2.0495,43.745,10.028,4.3686,12.078,2.3191,2.3191,7.979,0,7.8654,5.6599,0,51.455,6.6877,0,2.0495,11.616,6.6877,7.7094,17.276,19.943,2.3191,4.3686,17.774,23.922,2.0495,2.3191,2.3191,0,1
0,0,4.8251,0,31.172,18.918,0,0,10.151,8.3942,26.54,2.4126,22.417,8.5745,3.081,0,54.747,2.4126,0,3.081,3.2738,0,0,2.4126,2.4126,0,2.4126,11.012,8.5745,28.952,27.73,16.493,0,0
0,9.9278,18.611,0,1.4214,34.607,18.537,9.8634,7.0316,0,0,4.2532,0,8.8511,6.4636,4.1887,36.028,17.348,0,4.6532,16.792,1.4214,9.9278,24.212,29.831,0,1.4214,17.573,15.612,1.4214,0,0,0,1
0,20.414,20.112,0,0,39.233,6.6897,6.8619,6.6897,0,0,13.552,0,13.25,6.6897,0,45.923,13.724,0,0,6.8619,0,20.414,13.552,26.802,0,0,26.155,13.078,0,0,0,0,1
0,11.566,12.375,0,0,42.59,12.043,9.3833,12.043,0,0,8.5972,0,2.9687,5.6285,6.4146,48.218,12.352,0,0,15.821,0,11.566,27.864,17.98,0,0,24.086,18.504,0,0,0,0,0
0,4.6419,3.6305,2.0678,1.7397,23.405,50.19,3.8075,10.517,0,0,4.9699,0,3.6305,25.676,2.0678,28.047,14.161,0,14.161,3.4795,3.8075,6.7097,20.87,41.071,0,5.8753,13.065,6.5327,1.7397,0,0,4.1356,1
0,0,10.587,2.0957,18.432,26.619,2.0957,4.6144,11.564,16.852,7.1403,4.8704,6.5268,19.461,8.5544,1.6702,33.802,3.2368,4.6144,9.8384,6.3212,1.1044,0,11.322,3.8791,0,1.6702,13.44,18.649,10.264,16.92,23.855,0,0
0,0,12.492,3.6632,15.124,48.898,3.6632,3.6632,6.2458,4.1673,2.0836,9.909,0,14.076,2.0836,2.599,56.74,3.6468,3.6632,4.6826,2.599,0,0,9.909,6.2458,0,6.2458,31.724,13.012,9.3937,5.7469,17.723,0,0
0,0,12.113,8.5286,5.488,59.141,5.3604,3.3126,2.744,3.3126,0,8.1044,0,14.585,3.3126,13.889,50.74,2.744,3.3126,0,3.3126,0,0,12.682,2.744,0,2.744,31.235,25.162,2.744,5.3604,17.329,0,0
0,0,0,10.89,5.7242,71.937,5.7242,5.7242,0,0,0,5.7242,0,10.89,0,12.245,65.416,0,5.7242,0,0,0,0,5.7242,0,0,0,47.446,24.491,5.7242,5.7242,10.89,0,0
0,0,0,7.2239,7.2239,67.007,11.322,7.2239,0,0,0,11.322,0,7.2239,0,18.801,47.231,8.1985,7.2239,0,0,0,0,7.2239,0,0,0,33.502,33.505,7.2239,11.322,7.2239,0,0
0,0,0,6.9681,0,87.017,6.015,0,0,0,0,6.015,0,6.9681,0,21.088,57.825,8.1046,0,0,0,0,0,0,0,0,0,50.856,36.16,0,6.015,6.9681,0,0
13.89,6.9668,13.607,0,18.108,39.109,0,0,2.7494,5.5704,0,19.504,3.3201,0,0,12.537,32.142,6.9668,11.141,0,2.7494,11.64,10.287,13.036,15.287,3.3201,5.5704,15.215,13.607,5.5704,12.537,5.5704,0,1
0,0,25.32,0,0,40.711,0,0,18.197,7.8863,7.8863,0,36.012,0,0,0,38.287,10.31,0,0,0,15.391,25.701,25.701,0,15.391,0,0,25.32,0,0,7.8863,0,1
12.013,4.0331,10.78,1.5333,15.596,29.378,3.218,0,12.519,10.93,0,18.9,5.4658,1.5333,0,6.8971,24.378,5.5664,15.596,5.7178,9.3007,6.6452,15.217,12.115,11.897,9.4989,7.6153,6.8009,11.297,12.732,8.4305,4.3974,0,1
0,2.6236,20.778,0,6.4066,37.257,0,0,14.677,3.666,14.592,5.2473,18.123,0,0,2.6236,20.145,20.778,3.7829,0,3.7829,25.517,24.444,28.227,2.6236,3.666,0,6.4066,24.561,3.7829,2.6236,3.666,0,1
0,0,0,10.177,0,89.823,0,0,0,0,0,0,0,10.177,0,19.569,59.392,10.862,0,0,0,0,0,0,0,0,0,39.823,50,0,0,10.177,0,0
0,0,0,0,0,100,0,0,0,0,0,0,0,0,0,33.333,53.676,12.991,0,0,0,0,0,0,0,0,0,74.019,25.981,0,0,0,0,0
0,0,25.771,0,0,39.345,0,0,7.2519,7.2519,20.379,0,13.574,0,0,0,33.47,13.128,0,0,0,39.829,26.701,26.701,0,13.574,0,0,25.771,0,0,7.2519,0,0
0,0,0,0,0,100,0,0,0,0,0,0,0,0,0,13.731,63.747,22.522,0,0,0,0,0,0,0,0,0,56.874,43.126,0,0,0,0,0
0,0,0,0,0,25,0,0,25,25,25,0,25,0,0,0,50,0,0,0,0,25,25,25,0,25,0,0,0,0,0,25,0,1
0,0,21.996,0,0,24.971,0,0,6.7288,36.987,9.3171,0,16.433,0,0,0,45.912,16.046,0,0,0,21.609,19.021,19.021,0,2.975,0,0,21.996,0,0,36.987,0,1
0,0,15.014,5.3791,6.8487,44.031,0,0,14.769,12.228,1.7303,10.197,0,16.238,0,8.4665,9.6354,11.681,0,16.785,15.315,11.681,5.3791,3.0874,11.927,0,3.0874,16.499,26.175,22.179,6.8487,4.8177,0,0
0,0,0,0,0,96.847,3.153,0,0,0,0,3.153,0,0,0,3.153,93.694,0,0,0,0,0,0,0,0,0,0,93.694,3.153,0,3.153,0,0,0
0,0,0,0,0,100,0,0,0,0,0,0,0,0,0,0,100,0,0,0,0,0,0,0,0,0,0,100,0,0,0,0,0,0
0,0,0,0,0,96.691,3.3086,0,0,0,0,3.3086,0,0,0,8.0093,88.682,0,0,0,0,0,0,0,0,0,0,83.981,12.71,0,3.3086,0,0,0
0,0,0,0,0,100,0,0,0,0,0,0,0,0,0,0,100,0,0,0,0,0,0,0,0,0,0,100,0,0,0,0,0,0
0,0,0,7.9046,0,92.095,0,0,0,0,0,0,0,0,0,7.9046,92.095,0,0,0,0,0,0,0,0,0,0,92.095,0,0,0,0,7.9046,0
0,0,0,0,0,100,0,0,0,0,0,0,0,0,0,0,100,0,0,0,0,0,0,0,0,0,0,100,0,0,0,0,0,0
0,0,0,0,0,100,0,0,0,0,0,0,0,0,0,0,100,0,0,0,0,0,0,0,0,0,0,100,0,0,0,0,0,0
0,0,0,0,0,100,0,0,0,0,0,0,0,0,0,0,100,0,0,0,0,0,0,0,0,0,0,100,0,0,0,0,0,0
0,0,0,0,0,100,0,0,0,0,0,0,0,0,0,0,100,0,0,0,0,0,0,0,0,0,0,100,0,0,0,0,0,0
0,0,0,0,0,100,0,0,0,0,0,0,0,0,0,0,100,0,0,0,0,0,0,0,0,0,0,100,0,0,0,0,0,0
0,0,0,0,0,100,0,0,0,0,0,0,0,0,0,0,100,0,0,0,0,0,0,0,0,0,0,100,0,0,0,0,0,0
0,0,0,0,0,100,0,0,0,0,0,0,0,0,0,0,100,0,0,0,0,0,0,0,0,0,0,100,0,0,0,0,0,0
0,0,0,0,0,100,0,0,0,0,0,0,0,0,0,0,100,0,0,0,0,0,0,0,0,0,0,100,0,0,0,0,0,0
0,0,0,0,0,100,0,0,0,0,0,0,0,0,0,0,100,0,0,0,0,0,0,0,0,0,0,100,0,0,0,0,0,0
0,0,0,0,0,100,0,0,0,0,0,0,0,0,0,0,100,0,0,0,0,0,0,0,0,0,0,100,0,0,0,0,0,0
0,0,0,0,0,100,0,0,0,0,0,0,0,0,0,0,100,0,0,0,0,0,0,0,0,0,0,100,0,0,0,0,0,0
0,0,0,0,0,100,0,0,0,0,0,0,0,0,0,0,100,0,0,0,0,0,0,0,0,0,0,100,0,0,0,0,0,0
0,0,0,0,0,100,0,0,0,0,0,0,0,0,0,0,100,0,0,0,0,0,0,0,0,0,0,100,0,0,0,0,0,0
0,0,0,0,0,100,0,0,0,0,0,0,0,0,0,0,100,0,0,0,0,0,0,0,0,0,0,100,0,0,0,0,0,0
0,0,0,0,0,100,0,0,0,0,0,0,0,0,0,0,100,0,0,0,0,0,0,0,0,0,0,100,0,0,0,0,0,0
0,0,0,0,0,100,0,0,0,0,0,0,0,0,0,0,100,0,0,0,0,0,0,0,0,0,0,100,0,0,0,0,0,0
0,0,0,0,0,100,0,0,0,0,0,0,0,0,0,0,100,0,0,0,0,0,0,0,0,0,0,100,0,0,0,0,0,0
0,0,0,0,0,100,0,0,0,0,0,0,0,0,0,0,100,0,0,0,0,0,0,0,0,0,0,100,0,0,0,0,0,0
0,0,0,0,0,100,0,0,0,0,0,0,0,0,0,0,100,0,0,0,0,0,0,0,0,0,0,100,0,0,0,0,0,0
0,0,0,0,0,100,0,0,0,0,0,0,0,0,0,0,100,0,0,0,0,0,0,0,0,0,0,100,0,0,0,0,0,0
0,0,0,0,0,100,0,0,0,0,0,0,0,0,0,0,100,0,0,0,0,0,0,0,0,0,0,100,0,0,0,0,0,0
0,0,0,0,0,100,0,0,0,0,0,0,0,0,0,0,100,0,0,0,0,0,0,0,0,0,0,100,0,0,0,0,0,0
0,0,0,0,0,100,0,0,0,0,0,0,0,0,0,0,100,0,0,0,0,0,0,0,0,0,0,100,0,0,0,0,0,0
0,0,0,0,0,100,0,0,0,0,0,0,0,0,0,0,100,0,0,0,0,0,0,0,0,0,0,100,0,0,0,0,0,0
0,0,0,0,0,100,0,0,0,0,0,0,0,0,0,0,100,0,0,0,0,0,0,0,0,0,0,100,0,0,0,0,0,0
0,0,0,0,0,100,0,0,0,0,0,0,0,0,0,0,100,0,0,0,0,0,0,0,0,0,0,100,0,0,0,0,0,0
0,0,0,0,0,100,0,0,0,0,0,0,0,0,0,0,100,0,0,0,0,0,0,0,0,0,0,100,0,0,0,0,0,0
0,0,0,0,0,100,0,0,0,0,0,0,0,0,0,0,100,0,0,0,0,0,0,0,0,0,0,100,0,0,0,0,0,0
0,0,0,0,0,100,0,0,0,0,0,0,0,0,0,0,100,0,0,0,0,0,0,0,0,0,0,100,0,0,0,0,0,0
0,0,0,0,0,100,0,0,0,0,0,0,0,0,0,0,100,0,0,0,0,0,0,0,0,0,0,100,0,0,0,0,0,0
0,0,0,0,0,100,0,0,0,0,0,0,0,0,0,0,100,0,0,0,0,0,0,0,0,0,0,100,0,0,0,0,0,0
0,0,0,0,0,100,0,0,0,0,0,0,0,0,0,0,100,0,0,0,0,0,0,0,0,0,0,100,0,0,0,0,0,0
0,0,0,0,0,100,0,0,0,0,0,0,0,0,0,0,100,0,0,0,0,0,0,0,0,0,0,100,0,0,0,0,0,0
0,0,0,0,0,100,0,0,0,0,0,0,0,0,0,0,100,0,0,0,0,0,0,0,0,0,0,100,0,0,0,0,0,0
0,0,0,0,0,100,0,0,0,0,0,0,0,0,0,0,100,0,0,0,0,0,0,0,0,0,0,100,0,0,0,0,0,0
0,0,0,0,0,100,0,0,0,0,0,0,0,0,0,0,100,0,0,0,0,0,0,0,0,0,0,100,0,0,0,0,0,0
0,0,0,0,0,100,0,0,0,0,0,0,0,0,0,0,100,0,0,0,0,0,0,0,0,0,0,100,0,0,0,0,0,0
0,0,0,0,0,100,0,0,0,0,0,0,0,0,0,0,100,0,0,0,0,0,0,0,0,0,0,100,0,0,0,0,0,0
0,0,0,0,0,100,0,0,0,0,0,0,0,0,0,0,100,0,0,0,0,0,0,0,0,0,0,100,0,0,0,0,0,0
0,0,0,0,0,100,0,0,0,0,0,0,0,0,0,0,100,0,0,0,0,0,0,0,0,0,0,100,0,0,0,0,0,0
0,0,0,0,0,100,0,0,0,0,0,0,0,0,0,0,100,0,0,0,0,0,0,0,0,0,0,100,0,0,0,0,0,0
0,0,0,0,0,100,0,0,0,0,0,0,0,0,0,0,100,0,0,0,0,0,0,0,0,0,0,100,0,0,0,0,0,0
0,0,0,0,0,100,0,0,0,0,0,0,0,0,0,0,100,0,0,0,0,0,0,0,0,0,0,100,0,0,0,0,0,0
0,0,0,0,0,100,0,0,0,0,0,0,0,0,0,0,100,0,0,0,0,0,0,0,0,0,0,100,0,0,0,0,0,0
0,0,0,0,0,100,0,0,0,0,0,0,0,0,0,0,100,0,0,0,0,0,0,0,0,0,0,100,0,0,0,0,0,0
0,0,0,0,0,100,0,0,0,0,0,0,0,0,0,0,100,0,0,0,0,0,0,0,0,0,0,100,0,0,0,0,0,0
0,0,0,0,0,100,0,0,0,0,0,0,0,0,0,0,100,0,0,0,0,0,0,0,0,0,0,100,0,0,0,0,0,0
0,0,0,0,0,100,0,0,0,0,0,0,0,0,0,0,100,0,0,0,0,0,0,0,0,0,0,100,0,0,0,0,0,0
0,0,0,0,0,100,0,0,0,0,0,0,0,0,0,0,100,0,0,0,0,0,0,0,0,0,0,100,0,0,0,0,0,0
0,0,0,0,0,100,0,0,0,0,0,0,0,0,0,0,100,0,0,0,0,0,0,0,0,0,0,100,0,0,0,0,0,0
0,0,0,0,0,100,0,0,0,0,0,0,0,0,0,0,100,0,0,0,0,0,0,0,0,0,0,100,0,0,0,0,0,0
0,0,0,0,0,100,0,0,0,0,0,0,0,0,0,0,100,0,0,0,0,0,0,0,0,0,0,100,0,0,0,0,0,0
0,0,0,0,0,100,0,0,0,0,0,0,0,0,0,0,100,0,0,0,0,0,0,0,0,0,0,100,0,0,0,0,0,0
0,0,0,0,0,100,0,0,0,0,0,0,0,0,0,0,100,0,0,0,0,0,0,0,0,0,0,100,0,0,0,0,0,0
0,0,0,0,0,100,0,0,0,0,0,0,0,0,0,0,100,0,0,0,0,0,0,0,0,0,0,100,0,0,0,0,0,0
0,0,0,0,0,100,0,0,0,0,0,0,0,0,0,0,100,0,0,0,0,0,0,0,0,0,0,100,0,0,0,0,0,0
0,0,0,0,0,100,0,0,0,0,0,0,0,0,0,0,100,0,0,0,0,0,0,0,0,0,0,100,0,0,0,0,0,0
0,0,0,0,0,100,0,0,0,0,0,0,0,0,0,0,100,0,0,0,0,0,0,0,0,0,0,100,0,0,0,0,0,0
0,0,0,0,0,100,0,0,0,0,0,0,0,0,0,0,100,0,0,0,0,0,0,0,0,0,0,100,0,0,0,0,0,0
0,0,0,0,0,100,0,0,0,0,0,0,0,0,0,0,100,0,0,0,0,0,0,0,0,0,0,100,0,0,0,0,0,0
0,0,0,0,0,100,0,0,0,0,0,0,0,0,0,0,100,0,0,0,0,0,0,0,0,0,0,100,0,0,0,0,0,0
0,0,0,0,0,100,0,0,0,0,0,0,0,0,0,0,100,0,0,0,0,0,0,0,0,0,0,100,0,0,0,0,0,0
0,0,0,0,0,100,0,0,0,0,0,0,0,0,0,0,100,0,0,0,0,0,0,0,0,0,0,100,0,0,0,0,0,0
0,0,0,0,0,100,0,0,0,0,0,0,0,0,0,0,100,0,0,0,0,0,0,0,0,0,0,100,0,0,0,0,0,0
0,0,0,0,0,100,0,0,0,0,0,0,0,0,0,0,100,0,0,0,0,0,0,0,0,0,0,100,0,0,0,0,0,0
0,0,0,0,0,100,0,0,0,0,0,0,0,0,0,0,100,0,0,0,0,0,0,0,0,0,0,100,0,0,0,0,0,0
0,0,0,0,0,100,0,0,0,0,0,0,0,0,0,0,100,0,0,0,0,0,0,0,0,0,0,100,0,0,0,0,0,0
0,0,0,0,0,100,0,0,0,0,0,0,0,0,0,0,100,0,0,0,0,0,0,0,0,0,0,100,0,0,0,0,0,0
0,0,0,0,0,100,0,0,0,0,0,0,0,0,0,0,100,0,0,0,0,0,0,0,0,0,0,100,0,0,0,0,0,0
0,0,0,0,0,100,0,0,0,0,0,0,0,0,0,0,100,0,0,0,0,0,0,0,0,0,0,100,0,0,0,0,0,0
0,0,0,0,0,100,0,0,0,0,0,0,0,0,0,0,100,0,0,0,0,0,0,0,0,0,0,100,0,0,0,0,0,0
0,0,0,0,0,100,0,0,0,0,0,0,0,0,0,0,100,0,0,0,0,0,0,0,0,0,0,100,0,0,0,0,0,0
0,0,0,0,0,100,0,0,0,0,0,0,0,0,0,0,100,0,0,0,0,0,0,0,0,0,0,100,0,0,0,0,0,0
0,0,0,0,0,100,0,0,0,0,0,0,0,0,0,0,100,0,0,0,0,0,0,0,0,0,0,100,0,0,0,0,0,0
0,0,0,0,0,100,0,0,0,0,0,0,0,0,0,0,100,0,0,0,0,0,0,0,0,0,0,100,0,0,0,0,0,0
0,0,0,0,0,100,0,0,0,0,0,0,0,0,0,0,100,0,0,0,0,0,0,0,0,0,0,100,0,0,0,0,0,0
0,0,0,0,0,100,0,0,0,0,0,0,0,0,0,0,100,0,0,0,0,0,0,0,0,0,0,50,50,0,0,0,0,0
0,0,0,0,0,80.197,0,19.803,0,0,0,0,0,0,0,0,80.197,0,0,0,19.803,0,0,0,19.803,0,0,19.803,60.395,0,0,0,0,0
0,0,0,0,100,0,0,0,0,0,0,0,0,23.621,52.758,0,0,0,0,23.621,0,0,0,0,0,0,0,0,23.621,23.621,52.758,0,0,0
0,0,0,0,100,0,0,0,0,0,0,0,0,0,50,0,0,0,0,50,0,0,0,0,0,0,0,0,50,0,50,0,0,0
0,0,0,0,84.055,15.945,0,0,0,0,0,0,0,26.855,19.159,0,7.9727,0,7.9727,38.041,0,0,0,0,0,0,0,7.9727,34.827,26.855,30.345,0,0,0
0,0,0,0,70.991,29.009,0,0,0,0,0,0,0,9.2178,21.33,9.8954,9.2178,0,19.791,30.548,0,0,0,0,0,0,0,9.2178,19.791,19.113,51.878,0,0,0
0,0,0,0,77.323,22.677,0,0,0,0,0,0,0,22.677,15.985,0,22.677,0,0,38.662,0,0,0,0,0,0,0,22.677,15.985,22.677,38.662,0,0,0
0,0,0,0,0,100,0,0,0,0,0,0,0,0,0,0,100,0,0,0,0,0,0,0,0,0,50,50,0,0,0,0,0,0
0,0,0,0,45.915,54.085,0,0,0,0,0,0,0,12.582,20.751,0,33.333,0,20.751,12.582,0,0,0,0,0,0,0,33.333,20.751,12.582,33.333,0,0,0
0,0,0,0,0,100,0,0,0,0,0,0,0,0,0,0,82.472,17.528,0,0,0,0,0,0,0,0,17.528,82.472,0,0,0,0,0,0
0,0,0,0,20.952,79.048,0,0,0,0,0,0,11.625,0,0,18.6,41.903,9.2726,0,0,18.6,0,0,0,0,0,11.625,30.279,37.145,0,20.952,0,0,0
0,0,0,0,28.767,71.233,0,0,0,0,0,0,7.0706,0,0,14.626,42.775,6.7615,0,0,28.767,0,0,0,0,0,0,42.775,28.458,0,28.767,0,0,0
0,0,0,0,14.01,85.99,0,0,0,0,0,0,7.0049,0,0,14.405,35.77,14.405,0,0,28.415,0,0,0,0,0,0,35.77,50.221,0,14.01,0,0,0
0,0,0,0,43.883,56.117,0,0,0,0,0,0,0,0,28.058,15.825,28.059,0,28.058,0,0,0,0,0,0,0,0,28.059,28.058,31.648,12.235,0,0,0
0,0,0,0,50,50,0,0,0,0,0,0,0,0,50,0,0,0,50,0,0,0,0,0,0,0,0,0,50,50,0,0,0,0
0,0,0,0,73.245,26.755,0,0,0,0,0,0,0,0,59.867,13.378,0,0,26.755,0,0,0,0,0,0,0,0,0,26.755,73.245,0,0,0,0
0,0,0,0,16.545,58.273,0,0,0,25.182,0,0,0,0,0,16.545,50.364,0,33.091,0,0,0,0,0,0,0,0,25.182,33.091,16.545,25.182,0,0,0
0,0,0,0,0,50,25,25,0,0,0,0,25,0,0,25,25,25,0,0,0,0,25,0,0,25,0,25,25,0,0,0,0,0
0,24.017,0,24.017,13.975,13.975,0,0,0,24.017,0,0,0,0,0,37.992,37.992,0,0,0,0,24.017,0,0,0,0,0,13.975,0,13.975,24.017,48.033,0,0
0,0,0,14.094,14.094,43.176,0,14.094,14.541,0,0,14.094,0,0,7.2704,7.2704,14.541,21.365,0,28.189,0,7.2704,35.459,7.2704,0,14.094,7.2704,21.811,0,0,14.094,0,0,0
0,0,0,0,26.538,52.366,0,21.096,0,0,0,0,23.817,0,0,0,39.097,0,0,10.548,26.538,0,0,21.096,0,0,10.548,28.549,13.269,0,26.538,0,0,0
0,10.078,0,0,28.359,30.943,0,15.31,5.2326,10.078,0,0,23.126,0,0,15.31,36.175,0,0,10.078,0,15.31,0,20.543,0,0,7.8161,7.8161,30.621,0,23.126,10.078,0,0
0,0,0,0,18.533,69.837,0,0,11.629,0,0,0,9.0211,0,0,9.5123,60.325,0,0,0,9.5123,11.629,0,11.629,0,0,9.0211,51.304,9.5123,0,18.533,0,0,0
0,0,0,0,14.249,71.502,0,7.1246,7.1246,0,0,0,7.1246,0,0,7.1246,78.626,0,0,0,0,7.1246,0,14.249,0,0,0,64.377,14.249,0,7.1246,0,0,0
0,5.3695,0,6.1654,5.3695,29.615,0,5.3695,12.331,35.78,0,0,11.535,0,0,11.535,60.026,0,0,5.3695,6.1654,5.3695,0,5.3695,0,0,0,24.245,10.739,0,35.78,17.7,6.1654,1
0,0,0,20.193,20.515,52.519,0,6.7721,0,0,0,3.3569,0,3.386,11.804,3.386,15.483,31.969,11.775,15.483,0,3.3569,31.998,6.7429,0,3.386,12.097,3.386,30.293,0,12.097,0,0,0
0,0,0,0,0,91.333,0,0,8.6673,0,0,0,0,0,0,0,91.333,0,0,0,0,8.6673,0,8.6673,0,0,0,91.333,0,0,0,0,0,0
6.034,12.068,0,6.034,0,63.796,6.034,6.034,0,0,0,0,12.068,0,0,0,57.762,0,0,0,12.068,18.102,6.034,6.034,12.068,6.034,0,25.864,25.864,6.034,0,6.034,6.034,0
4.5486,9.3582,24.359,3.7434,0,32,3.2539,3.0604,12.397,7.2787,0,24.124,4.4301,7.0024,0,11.302,15.008,14.396,2.4709,5.6097,5.4162,10.241,16.376,22.951,18.329,10.335,10.16,3.0604,0,1.3909,6.0991,10.122,1.1762,1
0,0,0,0,0,100,0,0,0,0,0,0,0,0,0,50,50,0,0,0,0,0,0,0,0,0,0,100,0,0,0,0,0,0
3.7163,16.07,17.274,3.7163,0,43.153,3.7163,3.7163,8.6372,0,0,8.6372,7.4327,8.6372,0,17.86,21.577,8.6372,0,0,7.4327,19.786,3.7163,29.628,16.07,8.3279,8.6372,4.6116,4.6116,3.7163,4.6116,12.354,3.7163,0
0,0,0,0,0,100,0,0,0,0,0,0,0,0,0,50,50,0,0,0,0,0,0,0,0,0,0,50,0,0,50,0,0,0
0,0,0,0,0,100,0,0,0,0,0,0,0,0,0,0,100,0,0,0,0,0,0,0,0,0,0,100,0,0,0,0,0,0
0,0,0,0,0,100,0,0,0,0,0,0,0,0,0,15.554,84.446,0,0,0,0,0,0,0,0,7.7771,0,76.669,7.7771,0,7.7771,0,0,0
0,0,0,0,0,100,0,0,0,0,0,0,0,0,0,0,100,0,0,0,0,0,0,0,0,0,0,100,0,0,0,0,0,0
0,0,0,0,0,100,0,0,0,0,0,0,0,0,0,39.531,60.469,0,0,0,0,0,0,0,0,0,0,100,0,0,0,0,0,0
0,0,0,0,0,100,0,0,0,0,0,0,0,0,0,29.41,70.59,0,0,0,0,0,0,0,0,7.6373,0,69.489,15.236,0,7.6373,0,0,0
0,0,7.1095,0,0,92.89,0,0,0,0,0,0,7.1095,0,0,7.1095,78.671,7.1095,0,0,0,0,0,0,7.1095,0,21.715,64.066,7.1095,0,0,0,0,0
0,0,3.3883,0,0,96.612,0,0,0,0,0,0,3.3883,0,0,3.3883,83.976,9.2469,0,0,0,0,0,0,3.3883,0,16.276,65.625,14.711,0,0,0,0,0
0,0,0,0,0,100,0,0,0,0,0,0,0,0,0,0,100,0,0,0,0,0,0,0,0,0,0,100,0,0,0,0,0,0
0,0,0,0,0,100,0,0,0,0,0,0,0,0,0,0,100,0,0,0,0,0,0,0,0,0,0,100,0,0,0,0,0,0
0,0,0,0,0,100,0,0,0,0,0,0,0,0,0,0,100,0,0,0,0,0,0,0,0,0,0,100,0,0,0,0,0,0
0,0,0,0,0,100,0,0,0,0,0,0,0,0,0,0,100,0,0,0,0,0,0,0,0,0,0,100,0,0,0,0,0,0
0,0,0,0,0,100,0,0,0,0,0,0,0,0,0,0,100,0,0,0,0,0,0,0,0,0,0,100,0,0,0,0,0,0
0,0,0,0,0,100,0,0,0,0,0,0,0,0,0,0,100,0,0,0,0,0,0,0,0,0,0,100,0,0,0,0,0,0
0,0,0,0,0,100,0,0,0,0,0,0,0,0,0,0,100,0,0,0,0,0,0,0,0,0,0,100,0,0,0,0,0,0
0,0,0,0,0,100,0,0,0,0,0,0,0,0,0,0,100,0,0,0,0,0,0,0,0,0,0,100,0,0,0,0,0,0
0,0,0,0,0,100,0,0,0,0,0,0,0,0,0,0,100,0,0,0,0,0,0,0,0,0,0,100,0,0,0,0,0,0
0,0,0,0,0,100,0,0,0,0,0,0,0,0,0,0,100,0,0,0,0,0,0,0,0,0,0,100,0,0,0,0,0,0
0,0,11.269,5.2088,5.2088,42.534,18.82,5.2088,11.751,0,0,0,16.478,0,3.2712,9.3312,47.9,9.3312,5.2088,0,0,8.4801,8.4801,8.4801,11.269,18.82,9.3312,27.142,6.0599,5.2088,0,0,5.2088,0
0,0,2.0565,2.0565,2.0565,78.386,5.666,7.7225,2.0565,0,0,0,9.779,0,0,5.666,69.884,10.558,2.0565,0,0,2.0565,7.7225,2.0565,2.0565,5.666,16.99,43.631,17.764,2.0565,0,0,2.0565,0
0,0,1.8443,17.528,9.8918,48.232,5.2495,11.331,5.9233,0,0,6.8222,6.8986,3.1381,5.1776,8.3876,33.768,3.21,8.6665,9.1462,0,14.785,19.094,11.805,8.6665,6.3481,8.0475,17.054,15.21,3.8838,6.0081,2.0395,1.8443,0
0,0,5.6275,9.2603,2.1913,50.685,2.1913,12.461,17.583,0,0,1.7673,0,10.974,13.092,13.092,26.79,5.5539,7.3948,5.347,0,15.988,17.051,16.528,1.7673,5.347,9.5124,26.293,9.6312,2.1913,0,9.9117,1.7673,0
0,0,0,0,0,100,0,0,0,0,0,0,0,0,0,0,100,0,0,0,0,0,0,0,0,0,0,100,0,0,0,0,0,0
0,0,0,0,0,100,0,0,0,0,0,0,0,0,0,0,100,0,0,0,0,0,0,0,0,0,0,100,0,0,0,0,0,0
0,0,7.5821,34.401,5.1255,40.424,0,6.7572,5.7103,0,0,12.733,0,7.5821,5.0144,2.8551,21.453,12.299,19.508,5.9324,0,12.622,25.032,16.413,9.7669,2.9662,6.6462,14.541,10.295,0,2.9662,7.5821,3.7911,0
0,0,0,0,0,100,0,0,0,0,0,0,0,0,0,15.555,32.495,49.178,2.7724,0,0,0,0,0,0,27.363,21.1,44.454,0,7.0838,0,0,0,1
0,0,8.5438,0,0,82.912,0,8.5438,0,0,0,0,0,8.5438,0,0,56.531,26.381,0,0,0,8.5438,0,0,8.5438,19.786,0,56.531,0,6.5953,0,8.5438,0,0
0,0,0,0,0,100,0,0,0,0,0,0,0,0,0,10.116,55.165,28.667,6.0514,0,0,0,0,0,0,11.696,17.587,55.656,0,15.061,0,0,0,0
0,0,0,0,0,93.179,0,0,3.4104,0,3.4104,0,0,0,0,0,96.59,0,0,3.4104,0,0,0,0,0,0,0,93.179,0,0,3.4104,0,3.4104,0
0,7.15,0,0,0,86.384,0,0,6.4656,0,0,0,0,0,0,0,57.66,31.531,3.6591,0,7.15,0,0,0,7.15,15.718,7.3181,53.539,0,9.8099,0,6.4656,0,0
0,0,0,0,0,65.891,0,0,28.05,0,6.0595,0,7.3301,0,7.3301,0,51.399,21.271,6.6104,6.0595,0,0,0,14.66,0,7.3301,0,45.34,0,13.221,6.0595,7.3301,6.0595,0
0,0,0,0,0,100,0,0,0,0,0,0,0,0,0,0,100,0,0,0,0,0,0,0,0,0,0,100,0,0,0,0,0,0
0,0,0,0,0,100,0,0,0,0,0,0,0,0,0,0,100,0,0,0,0,0,0,0,0,0,0,100,0,0,0,0,0,0
0,0,0,0,0,100,0,0,0,0,0,0,0,0,0,0,100,0,0,0,0,0,0,0,0,0,0,100,0,0,0,0,0,0
0,0,0,0,0,100,0,0,0,0,0,0,0,0,0,0,100,0,0,0,0,0,0,0,0,0,0,100,0,0,0,0,0,0
0,0,0,0,0,100,0,0,0,0,0,0,0,0,0,0,100,0,0,0,0,0,0,0,0,0,0,100,0,0,0,0,0,0
0,0,0,0,0,100,0,0,0,0,0,0,0,0,0,0,100,0,0,0,0,0,0,0,0,0,0,89.815,10.185,0,0,0,0,1
0,0,0,0,15.129,49.074,0,0,15.486,0,20.311,4.9739,0,0,15.129,0,59.23,5.5381,0,4.9739,10.155,0,0,0,4.9739,0,0,52.983,6.2466,0,10.155,20.667,4.9739,0
0,0,0,0,0,65.854,0,0,5.508,0,28.638,0,0,0,0,0,71.362,0,0,5.508,23.13,0,0,0,0,0,0,65.854,23.13,0,5.508,0,5.508,0
0,4.7577,0,16.07,11.433,17.42,0,20.096,19.313,10.911,0,0,18.415,0,0,15.338,35.337,0,2.5794,7.8346,8.7326,11.764,0,24.523,0,0,7.8346,0,14.012,2.5794,15.338,29.56,6.1533,1
0,2.5234,0,13.745,41.549,14.249,0,4.6375,16.639,6.6567,0,0,8.7708,12.555,0,8.7708,39.31,0,15.946,2.5234,4.1333,7.9911,0,6.7517,0,0,0,9.6118,9.2751,6.2964,27.622,30.052,10.392,1
0,6.0335,0,5.8908,26.751,29.306,0,17.122,8.8638,6.0335,0,0,11.578,4.4429,0,6.0335,36.694,0,11.831,11.578,2.9454,14.897,0,23.041,0,0,5.5444,11.837,17.958,7.3883,14.919,19.313,0,1
0,0,0,27.055,27.125,29.772,0,2.7162,13.332,0,0,0,2.7162,5.2528,0,2.7162,48.356,0,16.44,0,5.3629,19.156,0,5.4325,0,0,0,16.33,16.158,5.3629,7.969,43.495,5.2528,1
0,12.346,0,20.522,16.765,21.256,0,6.54,10.225,12.346,0,0,6.54,5.7346,0,12.346,43.021,0,4.4905,6.54,4.4905,16.837,0,6.54,0,0,0,5.7346,22.061,4.4905,18.081,37.359,5.7346,1
0,0,2.7775,19.753,13.911,51.929,0,11.63,0,0,0,15.587,0,4.6688,1.8913,1.8913,3.28,36.84,11.905,14.809,0,9.1276,23.937,12.408,1.3888,8.3503,1.3888,1.8913,40.011,0,6.4591,2.7775,1.3888,1
0,0,0,24.536,36.109,19.885,0,0,14.819,4.6517,0,0,4.6517,5.4349,0,4.6517,35.486,0,25.239,0,10.167,14.369,0,0,0,0,0,8.8543,11.03,10.95,15.521,48.992,4.6517,1
0,0,0,25.381,5.381,69.238,0,0,0,0,0,14.619,0,0,5.381,0,0,45.381,20,0,0,14.619,30.762,14.619,0,0,0,0,54.619,0,0,0,0,1
0,0,0,14.915,58.24,14.915,0,0,11.93,0,0,0,0,20.522,0,0,47.367,0,26.14,0,2.9854,2.9854,0,0,0,0,0,8.9444,5.9709,14.563,32.099,29.478,8.9444,1
7.034,13.169,22.817,10.906,2.2425,22.401,5.5548,2.3724,7.0399,6.4638,0,23.496,9.9968,6.182,0,4.0304,15.998,18.437,3.5488,3.1824,4.7448,10.384,20.402,18.767,11.734,9.9489,6.4494,2.2425,2.2425,6.7666,10.776,6.2299,4.442,1
4.3625,14.095,28.558,10.355,0,25.458,0.88031,0.88031,2.8604,12.551,0,23.347,1.7606,10.797,0,2.8604,20.179,25.291,3.4822,1.5381,3.2988,7.4454,20.395,23.796,14.662,11.893,4.8044,0,0,10.355,11.012,2.2026,0.88031,1
7.9556,12.399,17.119,9.1178,0,34.977,4.7786,4.7786,3.0163,5.8584,0,13.789,11.062,1.3303,0,8.1117,13.975,10.358,4.6815,1.5118,11.069,24.113,16.991,14.039,20.447,14.221,3.177,0,0,6.1088,5.8511,12.883,6.2831,1
1.6022,12.634,20.981,16.112,0,20.886,1.6022,1.6022,12.192,12.388,0,19.999,8.9622,7.6116,0,6.4347,11.032,23.939,5.7578,1.8177,5.0221,9.4236,13.99,21.442,13.275,6.4145,4.617,0,0,4.5968,16.328,11.977,7.36,1
2.8304,7.482,16.332,19.838,1.0146,20.748,1.0331,1.0331,13.804,15.884,0,19.074,11.469,1.1603,0,5.4158,11.058,26.018,11.2,3.2409,5.3072,6.057,21.527,5.5285,17.559,4.2741,2.9576,1.0146,1.0146,1.0331,23.061,11.596,10.436,1
0,0,0,0,0,100,0,0,0,0,0,0,0,0,0,11.029,88.971,0,0,0,0,0,0,0,0,0,0,83.272,16.728,0,0,0,0,0
0,0,0,0,0,100,0,0,0,0,0,0,0,0,0,24.7,75.3,0,0,0,0,0,0,0,0,0,0,76.114,23.886,0,0,0,0,0
0,0,4.321,0,0,95.679,0,0,0,0,0,4.321,0,0,0,17.869,73.489,0,0,0,0,4.321,0,4.321,0,4.321,0,61.012,12.477,0,13.548,4.321,0,0
0,0,0,0,0,81.543,0,18.457,0,0,0,0,0,0,0,0,63.086,18.457,0,0,18.457,0,0,0,18.457,0,0,65.771,15.771,0,0,0,0,0
0,0,0,0,0,100,0,0,0,0,0,0,0,0,0,0,80.751,19.249,0,0,0,0,0,0,0,0,0,75.621,24.379,0,0,0,0,0
0,0,0,0,0,100,0,0,0,0,0,0,0,0,0,23.375,76.625,0,0,0,0,0,0,0,0,11.687,0,64.938,11.687,0,11.687,0,0,0
0,0,0,0,0,56.246,32.36,11.395,0,0,0,0,0,0,0,19.868,57.342,11.395,0,0,11.395,0,0,0,11.395,32.36,0,56.246,0,0,0,0,0,0
0,0,0,0,0,69.924,15.038,15.038,0,0,0,0,0,0,0,15.038,42.481,27.443,0,0,15.038,0,0,0,15.038,15.038,0,42.481,27.443,0,0,0,0,0
0,0,0,0,0,100,0,0,0,0,0,0,0,0,0,0,100,0,0,0,0,0,0,0,0,0,0,74.939,25.061,0,0,0,0,0
0,0,0,0,0,54.158,31.18,14.662,0,0,0,0,0,0,0,14.662,70.677,0,0,0,14.662,0,0,0,14.662,31.18,0,54.158,0,0,0,0,0,0
0,0,0,0,0,52.053,29.589,18.358,0,0,0,0,0,0,0,18.358,63.284,0,0,0,18.358,0,0,0,18.358,29.589,0,52.053,0,0,0,0,0,0
0,0,0,0,0,100,0,0,0,0,0,0,0,0,0,0,100,0,0,0,0,0,0,0,0,0,0,100,0,0,0,0,0,0
0,0,0,0,0,70.54,29.46,0,0,0,0,0,0,0,0,16.375,83.625,0,0,0,0,0,0,0,0,29.46,0,70.54,0,0,0,0,0,0
0,0,0,0,0,89.877,10.123,0,0,0,0,0,0,0,0,0,100,0,0,0,0,0,0,0,0,10.123,0,89.877,0,0,0,0,0,0
0,0,0,0,0,100,0,0,0,0,0,0,0,0,0,0,100,0,0,0,0,0,0,0,0,0,0,92.874,7.1262,0,0,0,0,0
0,0,0,0,0,100,0,0,0,0,0,0,0,0,0,0,100,0,0,0,0,0,0,0,0,0,0,100,0,0,0,0,0,0
0,0,0,0,0,100,0,0,0,0,0,0,0,0,0,0,100,0,0,0,0,0,0,0,0,0,0,95.2,4.8,0,0,0,0,0
0,0,0,0,0,100,0,0,0,0,0,0,0,0,0,0,100,0,0,0,0,0,0,0,0,0,0,100,0,0,0,0,0,0
0,0,0,0,0,100,0,0,0,0,0,0,0,0,0,0,100,0,0,0,0,0,0,0,0,0,0,100,0,0,0,0,0,0
0,0,0,0,0,100,0,0,0,0,0,0,0,0,0,0,100,0,0,0,0,0,0,0,0,0,0,100,0,0,0,0,0,0
0,0,0,0,0,100,0,0,0,0,0,0,0,0,0,0,100,0,0,0,0,0,0,0,0,0,0,100,0,0,0,0,0,0
0,0,0,0,0,100,0,0,0,0,0,0,0,0,0,0,100,0,0,0,0,0,0,0,0,0,0,100,0,0,0,0,0,0
0,0,0,0,0,100,0,0,0,0,0,0,0,0,0,0,100,0,0,0,0,0,0,0,0,0,0,100,0,0,0,0,0,0
0,0,0,0,0,100,0,0,0,0,0,0,0,0,0,0,100,0,0,0,0,0,0,0,0,0,0,100,0,0,0,0,0,0
0,0,0,0,0,100,0,0,0,0,0,0,0,0,0,0,100,0,0,0,0,0,0,0,0,0,0,90.756,9.2444,0,0,0,0,0
0,0,14.821,0,0,63.642,0,0,21.537,0,0,0,0,0,0,31.234,20.149,27.08,0,0,21.537,0,14.821,21.537,0,6.7164,12.259,32.408,0,0,12.259,0,0,0
0,0,14.476,0,0,74.209,0,0,11.314,0,0,0,0,0,0,11.314,48.419,28.953,0,0,11.314,0,14.476,11.314,0,25.791,0,48.419,0,0,0,0,0,1
2.271,0,12.141,0,0,77.904,0,0,7.6847,0,0,2.271,0,0,0,15.232,40.712,34.1,0,0,7.6847,0,14.412,7.6847,0,4.4558,24.779,41.053,0,0,7.6162,0,0,0
0,0,10.684,0,0,89.316,0,0,0,0,0,0,0,0,0,43.513,18.829,37.658,0,0,0,0,10.684,0,13.611,10.684,23.096,33.78,0,0,8.1451,0,0,0
6.9233,0,0,0,0,86.789,0,0,6.2873,0,0,6.9233,0,0,0,19.645,55.102,12.042,0,0,6.2873,0,6.9233,6.2873,3.121,6.2873,15.118,57.145,0,0,5.1184,0,0,1
11.173,0,0,0,0,84.483,0,0,4.3446,0,0,11.173,0,0,0,13.31,51.034,20.138,0,0,4.3446,0,11.173,4.3446,0,4.3446,20.138,55.517,0,0,4.4828,0,0,1
0,0,0,0,0,100,0,0,0,0,0,0,0,0,0,0,100,0,0,0,0,0,0,0,0,0,0,100,0,0,0,0,0,0
0,0,0,0,0,100,0,0,0,0,0,0,0,0,0,0,100,0,0,0,0,0,0,0,0,0,0,100,0,0,0,0,0,0
0,0,0,0,0,100,0,0,0,0,0,0,0,0,0,0,100,0,0,0,0,0,0,0,0,0,0,100,0,0,0,0,0,0
0,0,0,0,0,100,0,0,0,0,0,0,0,0,0,0,100,0,0,0,0,0,0,0,0,0,0,100,0,0,0,0,0,0
0,0,0,0,0,100,0,0,0,0,0,0,0,0,0,0,100,0,0,0,0,0,0,0,0,0,0,100,0,0,0,0,0,0
0,0,0,0,0,100,0,0,0,0,0,0,0,0,0,0,100,0,0,0,0,0,0,0,0,0,0,100,0,0,0,0,0,0
0,0,0,0,0,100,0,0,0,0,0,0,0,0,0,0,100,0,0,0,0,0,0,0,0,0,0,100,0,0,0,0,0,0
0,0,2.3859,13.551,16.742,43.336,8.5193,5.6503,9.8156,0,0,0,8.0362,10.682,4.9078,16.135,28.837,14.374,6.3821,0,0,10.646,13.427,2.0388,2.3859,5.6503,7.2937,19.407,22.695,13.551,3.1911,6.0601,4.2995,1
0,0,8.4216,0,0,91.578,0,0,0,0,0,0,8.4216,0,0,8.4216,74.735,8.4216,0,0,0,0,0,0,8.4216,0,8.4216,62.189,20.968,0,0,0,0,0
0,0,2.8279,32.766,23.172,35.578,0,2.8279,2.8279,0,0,0,5.6559,24.544,0,6.7814,33.012,5.3939,21.785,0,0,2.8279,2.8279,2.8279,2.8279,0,0,19.203,12.175,27.372,12.175,17.763,2.8279,0
0,0,0,30.785,24.069,45.146,0,0,0,0,0,0,0,19.963,0,4.1061,34.323,22.573,19.035,0,0,0,0,0,0,0,0,10.823,38.429,19.963,14.929,4.1061,11.75,0
0,0,8.9141,22.783,12.466,38.739,2.2128,4.1985,10.687,0,0,4.3042,5.6946,12.479,2.2374,5.4437,28.581,2.2374,24.056,0,0,14.966,9.3889,14.105,7.1515,0,3.5886,15.877,18.375,9.2598,3.2062,14.85,4.1985,1
0,0,14.686,18.146,2.5075,50.586,7.4325,1.6274,5.015,0,0,3.7295,0,3.2547,2.5075,2.5075,43.559,0,28.265,0,0,16.177,8.7444,5.3568,3.7295,0,4.1348,16.041,35.741,2.5075,0,10.687,13.058,1
0,0,2.299,25.455,12.054,48.611,2.3276,2.299,6.9541,0,0,0,4.5979,11.631,2.3276,2.3276,41.713,16.625,11.496,0,0,9.2816,6.9541,2.299,2.299,0,2.3276,18.027,26.381,16.258,9.1972,6.5309,9.7269,1
0,0,0,34.399,32.57,33.031,0,0,0,0,0,0,0,34.399,0,8.9419,33.031,5.7441,17.884,0,0,0,0,0,0,0,0,10.771,20.43,34.399,8.9419,19.713,5.7441,1
0,0,0,0,0,100,0,0,0,0,0,0,0,0,0,0,100,0,0,0,0,0,0,0,0,0,16.631,66.737,16.631,0,0,0,0,0
0,0,0,0,0,69.473,30.527,0,0,0,0,0,0,0,0,0,88.754,0,11.246,0,0,0,0,0,0,30.527,11.246,58.227,0,0,0,0,0,0
0,0,0,0,0,79.365,20.635,0,0,0,0,0,0,0,0,23.323,61.905,0,14.772,0,0,0,0,0,0,20.635,14.772,41.27,23.323,0,0,0,0,0
0,0,0,0,0,78.029,21.971,0,0,0,0,0,0,0,0,7.408,92.592,0,0,0,0,0,0,0,0,21.971,0,70.621,7.408,0,0,0,0,0
0,0,0,0,0,89.405,10.595,0,0,0,0,0,0,0,0,0,100,0,0,0,0,0,0,0,0,10.595,0,60.595,28.811,0,0,0,0,0
0,0,0,0,0,86.974,13.026,0,0,0,0,0,0,0,0,17.394,58.28,0,24.326,0,0,0,0,0,0,13.026,24.326,35.234,27.414,0,0,0,0,0
0,0,0,4.7164,0,90.012,5.272,0,0,0,0,0,0,0,4.7164,14.705,80.579,0,0,0,0,0,4.7164,0,0,5.272,0,40.017,45.278,4.7164,0,0,0,0
0,0,4.6217,15.728,2.8921,58.28,6.0454,8.1031,4.3304,0,0,4.1824,0,5.9868,6.9436,5.2491,29.607,9.2267,20.194,4.0515,0,14.558,15.713,10.169,2.1108,4.0515,1.1976,11.982,40.977,1.1976,0,9.9159,2.6865,1
0,0,12.757,15.193,0,53.134,7.9658,1.8069,9.1431,0,0,1.8069,0,12.757,0,0,36.025,0,30.495,0,0,18.916,1.8069,12.757,1.8069,0,1.8069,9.1431,41.006,0,0,29.866,1.8069,0
0,0,21.302,18.357,1.525,45.918,1.525,3.7694,7.604,0,0,5.5241,0,12.093,1.525,1.525,34.345,3.5092,26.826,0,0,14.653,8.574,13.848,3.7694,0,5.2944,15.288,20.552,1.525,0,18.172,12.978,1
0,0,3.0233,23.767,27.208,40.55,1.6466,3.8049,0,0,0,3.8049,0,3.0233,6.8904,0,4.8049,59.013,14.719,4.5865,0,3.1583,26.769,3.0233,1.5116,2.2932,1.5116,0,56.416,0,2.2932,4.6699,1.5116,1
0,0,0,0,0,100,0,0,0,0,0,0,0,0,0,9.9666,49.524,34.194,6.316,0,0,0,0,0,0,15.532,22.599,40.266,0,21.604,0,0,0,0
0,0,0,0,0,100,0,0,0,0,0,0,0,0,0,3.9041,54.54,25.465,16.09,0,0,0,0,0,0,20.182,34.636,26.658,0,18.525,0,0,0,1
0,0,0,0,0,100,0,0,0,0,0,0,0,0,0,25,50,25,0,0,0,0,0,0,0,0,0,50,50,0,0,0,0,0
0,6.2675,7.6914,0,11.96,70.658,0,0,3.4225,0,0,0,0,0,0,3.4225,39.301,39.895,0,0,6.845,10.536,0,14.805,0,0,0,31.609,39.049,7.6914,0,3.4225,3.4225,0
0,0,0,0,0,100,0,0,0,0,0,0,0,0,0,5.9535,38.081,55.244,0.72206,0,0,0,0,0,0,20.854,5.9535,56.114,0,17.078,0,0,0,0
0,0,9.2848,0,13.485,48.603,3.8015,10.191,14.634,0,0,0,0,10.191,4.443,8.0155,34.185,15.445,0,0,8.2445,19.476,0,17.287,0,4.443,0,29.343,14.817,4.8419,0,25.466,3.8015,0
0,6.2372,5.7291,0,9.1671,43.614,7.711,9.8379,17.703,0,0,0,0,11.974,0,15.204,27.958,13.892,2.1365,0,12.76,16.075,0,21.659,0,0,0,24.366,19.249,3.5926,4.273,17.694,9.1671,0
0,0,0,0,0,72.162,27.837,0,0,0,0,0,0,0,0,16.488,72.162,0,11.35,0,0,0,0,0,0,27.837,11.35,44.325,16.488,0,0,0,0,0
0,0,0,0,0,100,0,0,0,0,0,0,0,0,0,0,100,0,0,0,0,0,0,0,0,0,0,50,50,0,0,0,0,0
0,2.6519,7.0148,0,8.7259,73.652,2.6519,0,5.3038,0,0,0,0,2.6519,0,8.7438,65.831,13.107,2.6519,0,0,7.0148,0,16.682,0,0,0,61.468,12.184,4.3629,5.3038,0,0,0
0,16.815,0,0,0,83.185,0,0,0,0,0,0,0,0,0,0,83.185,0,0,0,0,16.815,0,16.815,0,0,0,83.185,0,0,0,0,0,0
0,0,0,0,0,100,0,0,0,0,0,0,0,0,0,0,100,0,0,0,0,0,0,0,0,0,0,100,0,0,0,0,0,0
0,0,0,0,0,100,0,0,0,0,0,0,0,0,0,0,100,0,0,0,0,0,0,0,0,0,0,100,0,0,0,0,0,0
0,8.9732,8.9732,0,0,27.567,8.9732,0,45.513,0,0,0,0,36.54,0,8.9732,27.567,8.9732,8.9732,0,0,8.9732,0,26.92,0,0,0,27.567,0,0,45.513,0,0,1
0,0,0,0,0,100,0,0,0,0,0,0,0,0,0,7.7319,84.536,7.7319,0,0,0,0,0,0,0,0,0,100,0,0,0,0,0,0
0,0,0,0,0,100,0,0,0,0,0,0,0,0,0,0,100,0,0,0,0,0,0,0,0,0,0,100,0,0,0,0,0,0
5.3449,0,0,7.6507,0,79.941,0,7.0632,0,0,0,12.408,0,0,7.6507,42.032,25.404,12.506,0,0,0,0,12.996,0,19.471,0,7.1612,37.91,7.6507,7.6507,7.1612,0,0,0
17.356,0,0,0,0,71.405,0,11.239,0,0,0,28.595,0,0,0,31.293,28.778,11.334,0,0,0,0,17.356,0,29.212,0,14.701,35.438,0,0,3.2925,0,0,1
20,0,0,0,0,80,0,0,0,0,0,20,0,0,0,8.9084,51.092,20,0,0,0,0,20,0,8.9084,0,11.092,60,0,0,0,0,0,0
0,0,0,4.9148,0,76.914,13.257,4.9148,0,0,0,4.9148,0,0,13.257,29.343,21.057,0,13.257,0,18.172,0,18.172,18.172,17.129,0,6.1071,19.093,8.071,13.257,0,0,0,0
0,0,0,4.2211,0,61.48,25.086,9.2125,0,0,0,9.2125,0,0,9.5261,17.655,33.215,0,25.086,0,5.305,0,29.308,5.305,18.425,0,0,33.215,4.2211,9.5261,0,0,0,0
10.42,0,0,7.8493,0,73.881,0,7.8493,0,0,0,18.269,0,0,0,34.772,28.689,10.42,0,0,7.8493,0,18.269,7.8493,26.521,0,4.1257,43.235,0,0,0,0,0,1
17.287,0,0,0,0,81.041,0,0,1.6723,0,0,17.287,0,0,0,12.471,57.771,10.799,0,0,1.6723,0,17.287,1.6723,4.0154,1.6723,20.561,51.401,0,0,3.3916,0,0,1
0,0,0,17.141,0,61.693,15.718,5.4481,0,0,0,5.4481,0,0,11.693,28.834,32.859,0,15.718,0,5.4481,0,32.859,5.4481,5.4481,0,0,32.859,11.693,11.693,0,0,0,0
0,0,0,15.82,0,56.12,12.24,15.82,0,0,0,15.82,0,0,12.24,15.82,15.82,0,12.24,0,28.06,0,28.06,28.06,15.82,0,0,15.82,0,12.24,0,0,0,0
0,0,0,0,0,100,0,0,0,0,0,0,0,0,0,0,100,0,0,0,0,0,0,0,0,0,0,100,0,0,0,0,0,0
0,0,0,0,0,100,0,0,0,0,0,0,0,0,0,0,100,0,0,0,0,0,0,0,0,0,0,100,0,0,0,0,0,0
0,0,0,0,0,100,0,0,0,0,0,0,0,0,0,0,100,0,0,0,0,0,0,0,0,0,0,100,0,0,0,0,0,0
0,0,0,0,0,100,0,0,0,0,0,0,0,0,0,0,100,0,0,0,0,0,0,0,0,0,0,100,0,0,0,0,0,0
0,0,0,0,0,100,0,0,0,0,0,0,0,0,0,0,100,0,0,0,0,0,0,0,0,0,0,100,0,0,0,0,0,0
0,0,0,0,0,100,0,0,0,0,0,0,0,0,0,0,100,0,0,0,0,0,0,0,0,0,0,100,0,0,0,0,0,0
0,0,0,0,0,100,0,0,0,0,0,0,0,0,0,0,100,0,0,0,0,0,0,0,0,0,0,100,0,0,0,0,0,0
0,0,0,0,0,100,0,0,0,0,0,0,0,0,0,7.2086,78.374,7.2086,0,0,7.2086,0,0,0,0,0,0,78.374,21.626,0,0,0,0,0
0,0,0,0,3.9384,96.062,0,0,0,0,0,0,0,0,0,3.9384,79.166,12.957,0,0,3.9384,0,0,0,0,0,0,79.166,16.896,0,3.9384,0,0,0
0,0,0,0,0,100,0,0,0,0,0,0,0,0,0,0,93.308,6.6923,0,0,0,0,0,0,0,0,0,93.308,6.6923,0,0,0,0,0
0,0,0,0,0,100,0,0,0,0,0,0,0,0,0,0,100,0,0,0,0,0,0,0,0,0,0,100,0,0,0,0,0,0
0,0,0,0,0,100,0,0,0,0,0,0,0,0,0,0,100,0,0,0,0,0,0,0,0,0,0,100,0,0,0,0,0,0
0,0,0,0,0,100,0,0,0,0,0,0,0,0,0,0,100,0,0,0,0,0,0,0,0,0,0,100,0,0,0,0,0,0
0,0,0,6.5403,0,83.355,10.105,0,0,0,0,6.5403,6.5403,0,0,0,83.355,0,0,0,0,3.5649,6.5403,0,0,0,0,79.79,3.5649,0,3.5649,6.5403,0,0
0,0,0,0,0,93.934,6.0656,0,0,0,0,0,0,0,0,0,93.934,0,0,0,0,6.0656,0,0,0,0,0,87.869,6.0656,0,6.0656,0,0,0
0,0,0,0,0,100,0,0,0,0,0,0,0,0,0,0,100,0,0,0,0,0,0,0,0,0,0,100,0,0,0,0,0,0
0,0,0,3.2585,0,64.958,31.783,0,0,0,0,3.2585,7.3233,0,0,4.0649,69.023,0,0,12.265,0,4.0649,3.2585,0,12.265,0,8.1297,56.758,8.2006,0,4.0649,7.3233,0,0
0,0,0,0,0,100,0,0,0,0,0,0,0,0,0,0,100,0,0,0,0,0,0,0,0,0,0,100,0,0,0,0,0,0
0,0,0,3.7588,0,47.024,49.217,0,0,0,0,3.7588,7.5616,0,0,11.32,54.585,0,0,13.013,0,9.7608,3.7588,0,13.013,0,22.641,35.615,7.6503,0,9.7608,7.5616,0,0
0,0,0,4.9511,0,34.96,60.089,0,0,0,0,4.9511,14.973,0,0,10.022,44.983,0,0,10.022,0,15.049,4.9511,0,10.022,0,20.044,29.934,5.0268,0,15.049,14.973,0,0
0,0,0,0,0,100,0,0,0,0,0,0,0,0,0,0,100,0,0,0,0,0,0,0,0,0,0,100,0,0,0,0,0,0
0,0,0,0,18.218,63.564,0,18.218,0,0,0,18.218,0,18.218,0,0,63.564,0,0,0,0,0,0,0,18.218,18.218,0,63.564,0,0,0,0,0,0
0,9.6211,10.399,0,5.5083,48.783,0,11.017,14.672,0,0,5.5083,4.8907,4.8907,10.399,0,43.274,4.8907,5.5083,5.5083,9.6211,5.5083,5.5083,0,14.512,5.5083,10.399,38.384,0,0,4.8907,15.907,4.8907,0
0,0,13.148,6.3581,6.7899,41.05,6.3581,19.938,6.3581,0,0,6.7899,0,6.3581,6.7899,6.3581,40.618,0,13.148,6.7899,0,13.148,13.148,0,12.716,6.7899,6.7899,34.26,0,0,6.3581,13.58,6.3581,0
0,2.4196,14.344,13.268,3.5366,17.174,8.6332,20.096,20.527,0,0,3.5366,7.0549,17.881,2.4196,13.268,25.807,2.4196,8.6332,4.6353,2.4196,11.925,8.6332,0,28.934,3.5366,2.4196,10.119,4.6353,0,20.323,10.346,11.053,0
0,3.4642,7.874,0,0,65.269,0,4.4099,18.983,0,0,0,12.054,7.874,3.4642,0,54.383,8.9071,5.4429,0,3.4642,4.4099,0,8.5902,11.338,0,3.4642,50.919,0,10.886,3.4642,7.874,3.4642,0
0,0,0,0,2.6205,73.293,0,0,24.086,0,0,2.6205,12.093,0,5.9966,0,69.917,6.7523,0,2.6205,0,0,0,15.469,2.6205,3.3761,0,69.917,0,0,0,5.9966,2.6205,0
0,7.3821,0,0,0,63.159,0,0,29.459,0,0,10.482,2.8317,0,2.8317,0,60.327,16.145,0,0,7.3821,0,0,16.145,17.864,2.8317,0,60.327,0,0,0,2.8317,0,0
0,5.8299,0,0,0,57.175,0,0,36.995,0,0,13.452,4.2605,0,0,0,63.005,13.452,0,0,5.8299,0,0,17.713,13.452,5.8299,0,57.175,0,0,0,5.8299,0,0
0,0,0,0,0,95.015,4.9848,0,0,0,0,0,0,0,0,0,95.015,0,0,0,0,4.9848,0,0,4.9848,0,0,95.015,0,0,0,0,0,0
0,2.6774,4.1285,4.1285,0,67.019,4.1285,7.6205,6.8059,3.492,0,0,0,4.1285,0,10.298,71.147,2.6774,4.1285,0,3.492,4.1285,4.1285,3.492,8.257,2.6774,0,67.019,0,0,7.6205,2.6774,4.1285,0
0,5.9615,0,0,0,82.859,5.2178,0,5.9615,0,0,0,0,0,0,5.9615,82.859,5.9615,0,0,0,5.2178,0,0,5.2178,5.9615,0,82.859,0,0,0,5.9615,0,0
13.563,7.4936,7.2877,0,0,62.374,1.9877,2.3299,2.6339,2.3299,0,0,1.4156,4.3559,6.3758,4.0519,56.296,4.3559,9.0097,3.1376,4.9638,6.0372,7.2877,12.755,6.8474,5.7715,4.3559,51.949,0,6.0694,2.3299,2.6339,0,0
6.6192,19.358,0,2.8378,0,55.191,5.5657,2.8378,5.2894,2.3016,0,2.8378,7.9127,0,0,4.7532,52.889,8.1272,2.3016,3.3096,11.831,6.0375,0,15.141,10.641,5.7612,0,47.491,2.8378,3.3096,6.692,8.1272,0,0
7.8136,31.351,3.4894,0,0,45.922,0,2.3043,2.5251,6.594,0,0,9.682,3.6501,4.1635,9.7932,35.82,5.7897,9.9413,2.1621,17.51,1.488,3.4894,21.673,15.109,4.6872,3.6501,34.031,0,4.2064,10.629,2.5251,0,0
6.577,37.691,0,0,0,43.34,0,2.491,0,9.9012,0,0,18.109,0,0,9.9012,35.93,0,7.4102,3.2885,22.073,3.2885,0,20.6,22.87,3.2885,0,35.29,0,3.2885,14.663,0,0,0
0,0,0,0,17.571,34.379,0,0,39.044,0,9.0059,17.571,0,0,17.571,0,38.28,0,0,21.472,5.1049,0,0,0,17.571,0,0,34.379,5.1049,0,3.901,17.571,21.472,0
0,0,0,0,11.209,66.374,0,0,0,0,22.417,0,0,0,11.209,0,77.583,0,0,0,11.209,0,0,0,0,0,0,55.458,22.125,0,11.209,11.209,0,0
26.266,2.7322,10.858,0,0,56.41,0,0,3.7345,0,0,0,6.4667,15.329,0,0,52.675,10.858,2.7322,8.2055,3.7345,0,0,10.858,23.534,5.4643,0,47.211,9.1988,0,0,3.7345,0,0
24.975,18.428,3.504,9.9836,0,38.495,0,0,4.6149,0,0,0,3.8292,27.3,9.9836,0,43.11,3.504,3.8292,3.8292,4.6149,0,0,3.504,31.13,12.273,0,20.853,17.642,0,0,14.598,0,0
0,0,0,0,0,100,0,0,0,0,0,0,0,0,0,0,100,0,0,0,0,0,0,0,0,0,0,100,0,0,0,0,0,0
19.764,9.3025,12.754,0,0,40.984,0,0,17.196,0,0,0,17.614,7.4519,0,0,32.673,12.754,4.8602,7.4519,17.196,0,0,12.754,14.904,14.163,0,18.51,22.474,0,0,17.196,0,0
0,0,0,0,0,100,0,0,0,0,0,0,0,0,0,0,100,0,0,0,0,0,0,0,0,0,0,100,0,0,0,0,0,0
0,0,0,0,0,100,0,0,0,0,0,0,0,0,0,0,100,0,0,0,0,0,0,0,0,0,0,100,0,0,0,0,0,0
0,0,0,0,0,100,0,0,0,0,0,0,0,0,0,0,100,0,0,0,0,0,0,0,0,0,0,100,0,0,0,0,0,0
19.377,23.227,9.8825,0,0,35.671,0,0,11.843,0,0,0,2.1641,13.479,3.5967,5.5569,18.595,16.453,13.479,4.7474,10.896,11.033,9.8825,15.643,10.371,16.59,13.479,19.014,0,3.1776,0,11.843,0,0
19.303,23.911,5.4548,0,0,46.017,0,0,3.2772,2.0368,0,0,5.4357,8.8394,7.7398,7.599,29.579,8.8394,13.054,6.9242,7.3509,4.6392,5.4548,16.453,16.56,10.201,8.8394,33.638,0,3.5396,2.0368,3.2772,0,0
0,0,0,0,0,100,0,0,0,0,0,0,0,0,0,0,100,0,0,0,0,0,0,0,0,0,0,43.713,56.287,0,0,0,0,0
0,0,0,0,0,100,0,0,0,0,0,0,0,0,0,0,100,0,0,0,0,0,0,0,0,0,0,50,50,0,0,0,0,0
0,0,0,0,0,100,0,0,0,0,0,0,0,0,0,0,100,0,0,0,0,0,0,0,0,0,0,100,0,0,0,0,0,0
0,0,0,0,0,100,0,0,0,0,0,0,0,0,0,0,100,0,0,0,0,0,0,0,0,0,0,83.984,16.016,0,0,0,0,0
0,0,0,2.3924,0,44.284,53.324,0,0,0,0,2.3924,9.7764,0,0,35.408,37.656,0,0,7.384,0,7.384,2.3924,0,7.384,0,31.807,41.256,0,0,7.384,9.7764,0,0
0,0,0,13.751,0,53.235,33.014,0,0,0,0,13.751,3.8526,0,0,17.604,57.087,0,0,3.8526,0,3.8526,13.751,0,3.8526,0,43.785,30.906,0,0,3.8526,3.8526,0,0
0,0,0,4.9195,0,75.96,19.121,0,0,0,0,4.9195,0,0,0,33.322,61.758,0,0,0,0,0,4.9195,0,0,0,24.04,71.04,0,0,0,0,0,0
0,0,0,0,0,100,0,0,0,0,0,0,0,0,0,0,100,0,0,0,0,0,0,0,0,0,33.333,66.667,0,0,0,0,0,0
0,0,0,12.815,0,61.032,26.153,0,0,0,0,12.815,5.0567,0,0,16.007,56.907,0,0,7.379,0,1.8346,12.815,0,7.379,0,19.641,44.06,9.2136,0,1.8346,5.0567,0,0
0,2.4695,15.053,8.1127,4.4706,12.507,13.679,17.054,21.088,5.5666,0,10.037,2.4695,10.582,12.507,8.1127,16.149,8.0361,12.583,4.4706,2.4695,12.583,12.583,0,21.164,4.4706,6.9401,0,11.133,0,16.149,16.977,10.582,1
0,3.295,9.9328,5.8051,3.5907,32.522,8.579,17.323,12.379,6.5736,0,10.164,3.7997,6.342,10.164,5.8051,30.937,6.5736,5.5962,7.3904,3.295,9.9328,5.5962,0,11.642,3.5907,3.5907,18.558,16.947,0,16.178,21.891,2.0054,0
0,0,11.605,0,4.2217,45.981,0,0,38.193,0,0,8.9311,3.2848,0,15.826,0,34.376,10.15,0,4.2217,11.605,11.605,0,7.9942,8.9311,11.605,0,34.376,0,0,0,32.872,4.2217,0
0,0,3.8841,0,3.8841,42.794,0,6.9841,42.454,0,0,0,10.529,6.9841,10.529,3.8841,21.397,31.925,0,0,7.7681,6.9841,0,21.057,0,10.529,0,17.513,14.752,3.8841,0,28.381,3.8841,0
0,0,13.835,0,21.758,26.127,9.4653,9.4653,19.35,0,0,0,0,9.4653,5.4921,13.858,20.193,8.3425,0,0,23.742,18.907,0,26.831,0,5.4921,0,11.85,8.785,8.3425,0,24.842,13.858,0
0,14.822,5.2145,9.9723,0,12.009,3.1781,9.9723,35.224,9.608,0,3.1781,12.009,5.2145,14.822,6.7942,12.009,30.787,0,6.7942,8.3926,0,0,3.1781,20.037,0,5.2145,0,9.9723,0,28.411,27.973,5.2145,1
0,23.301,0,30.186,0,6.4644,13.35,6.8852,13.35,6.4644,0,13.35,0,0,6.4644,0,6.4644,66.836,0,0,6.8852,0,0,6.8852,23.301,0,0,0,19.814,0,6.4644,43.536,0,1
0,2.5936,2.2231,0,12.324,36.837,7.8781,7.8781,30.265,0,0,0,0,18.258,0,7.8781,39.061,2.2231,12.008,0,7.8781,12.695,0,22.796,0,0,0,36.837,0,2.2231,22.387,7.8781,7.8781,1
0,1.2968,9.5814,8.0718,11.463,28.011,1.795,27.819,11.962,0,0,11.463,9.3686,4.4748,9.5814,8.0718,19.727,1.2968,8.2846,16.356,1.2968,10.08,8.2846,0,7.5666,11.463,9.5814,10.358,8.0718,0,17.44,25.938,1.2968,1
14.814,23.293,12.216,0,0,39.295,0,0,9.2161,1.166,0,0,6.3354,8.4582,3.758,1.9239,29.671,11.921,13.382,1.2988,13.495,9.757,12.216,18.552,9.04,10.515,8.4582,20.371,0,10.466,1.166,9.2161,0,0
0,30.822,0,19.468,0,12.125,3.526,2.1496,14.88,17.03,0,3.526,0,0,14.88,2.1496,12.125,65.17,0,0,2.1496,0,0,2.1496,30.822,0,0,8.5986,7.052,0,17.03,34.348,0,1
0,19.894,0,10.08,0,0,10.08,10.08,29.973,19.894,0,10.08,0,0,19.894,0,0,59.947,0,0,10.08,0,0,10.08,19.894,0,0,0,10.08,0,19.894,40.053,0,0
10.561,23.387,0,0,0,63.336,0,1.358,0,1.358,0,0,5.0327,1.645,1.645,3.003,60.046,3.0423,1.645,5.2804,15.025,3.6354,0,15.742,14.283,5.2804,1.645,42.992,0,6.43,13.628,0,0,0
0,33.919,0,0,0,59.41,0,0,0,6.6703,0,0,13.341,0,0,6.6703,52.74,0,6.6703,0,20.579,0,0,20.579,13.341,0,0,52.172,0,0,13.908,0,0,0
0,32.952,0,0,0,67.048,0,0,0,0,0,0,25,0,0,0,67.048,0,0,0,0,7.9522,0,0,25,7.9522,0,67.048,0,0,0,0,0,0
0,0,33.333,0,0,66.667,0,0,0,0,0,0,0,0,0,0,66.667,33.333,0,0,0,0,0,33.333,0,0,0,66.667,0,0,0,0,0,0
0,41.341,6.4096,0,0,52.25,0,0,0,0,0,0,20.67,0,0,0,52.25,6.4096,0,0,0,20.67,0,6.4096,20.67,20.67,0,52.25,0,0,0,0,0,0
0,0,0,0,22.195,16.653,0,0,14.348,0,46.804,2.184,2.5224,0,24.717,0,38.739,7.2287,0,2.4134,22.195,0,0,7.2287,2.184,2.5224,0,36.326,0,0,24.608,24.717,2.4134,0
0,5.9959,12.645,0,11.063,33.893,5.9959,8.0907,22.316,0,0,0,0,14.087,0,8.2298,27.984,20.735,5.9959,0,4.4677,18.501,0,26.817,0,0,0,21.335,12.558,6.6486,11.992,18.415,2.2338,1
16.046,6.0993,19.263,1.8156,0,38.71,0,0,18.066,0,0,0,13.783,12.305,4.1779,0,26.849,19.263,4.7248,3.1936,15.704,0,0,19.263,17.861,4.2837,0,23.112,15.598,0,0,19.882,0,0
38.756,10.225,0,7.4081,0,35.94,0,0,7.671,0,0,0,2.5538,21.674,7.671,0,35.94,0,17.896,14.266,0,0,0,0,36.203,12.779,0,30.832,5.1075,0,0,15.079,0,0
0,0,0,0,0,100,0,0,0,0,0,0,0,0,0,25,50,25,0,0,0,0,0,0,0,0,0,100,0,0,0,0,0,0
12.246,12.246,0,12.246,0,53.059,0,0,10.203,0,0,0,0,24.492,12.246,10.203,42.856,0,10.203,0,0,0,0,0,24.492,0,0,20.407,32.652,0,0,22.449,0,0
0,0,0,16.244,0,67.513,16.244,0,0,0,0,32.487,0,0,0,0,51.269,0,0,16.244,0,0,0,0,0,16.244,0,34.18,17.09,0,16.244,16.244,0,0
0,8.259,8.259,0,0,29.353,8.259,0,45.871,0,0,0,0,8.259,0,8.259,29.353,8.259,37.612,0,0,8.259,0,24.777,0,0,0,29.353,0,0,45.871,0,0,1
0,43.977,0,0,0,56.023,0,0,0,0,0,12.046,15.966,0,0,0,43.977,0,0,0,12.046,15.966,0,12.046,15.966,28.011,0,43.977,0,0,0,0,0,0
0,10.371,0,11.296,0,62.901,15.431,0,0,0,0,25.802,0,0,0,0,37.099,15.431,0,11.296,10.371,0,0,10.371,0,10.371,0,37.099,15.431,0,11.296,15.431,0,0
0,0,0,0,0,93.612,6.3881,0,0,0,0,6.3881,0,0,0,38.827,48.397,6.3881,0,0,0,0,0,0,0,0,0,87.224,6.3881,0,0,6.3881,0,0
0,0,0,0,0,100,0,0,0,0,0,0,0,0,0,7.1325,85.735,7.1325,0,0,0,0,0,0,0,0,0,92.205,7.7946,0,0,0,0,0
0,0,0,15.832,0,68.335,15.832,0,0,0,0,31.665,0,0,0,6.5039,39.495,6.5039,0,15.832,0,0,0,0,0,15.832,0,43.674,8.829,0,15.832,15.832,0,0
0,0,0,0,0,88.513,11.487,0,0,0,0,11.487,0,0,0,0,77.027,11.487,0,0,0,0,0,0,0,0,0,77.027,11.487,0,0,11.487,0,0
36.341,10.7,9.3779,0,0,41.869,0,0,1.7125,0,0,0,8.9876,18.366,0,0,43.581,9.3779,8.9876,8.9876,1.7125,0,0,9.3779,27.353,19.688,0,23.893,17.975,0,0,1.7125,0,0
22.196,13.834,0,9.6526,0,47.057,0,0,7.2604,0,0,0,4.1813,23.487,9.6526,7.2604,39.796,0,11.442,4.1813,0,0,0,0,27.668,8.3625,0,14.521,32.536,0,0,16.913,0,0
0,0,0,0,0,0,0,0,0,0,0,0,0,0,0,0,0,0,0,0,0,0,0,0,0,0,0,0,0,0,0,0,0,0
0,0,0,0,0,71.851,0,0,15.553,12.596,0,0,0,0,0,15.553,71.851,12.596,0,0,0,0,0,0,0,0,0,40.745,31.106,0,0,12.596,15.553,0
8.2873,8.2873,0,8.8654,0,62.036,0,0,12.524,0,0,0,0,8.8654,8.2873,8.3558,57.917,0,16.575,0,0,0,0,0,8.2873,8.2873,0,37.33,24.706,0,0,17.153,4.2365,0
0,0,0,14.465,0,77.524,0,0,8.0115,0,0,0,0,0,0,15.765,61.759,0,8.0115,14.465,0,0,0,0,0,0,0,45.994,31.53,0,14.465,8.0115,0,0
0,0,0,0,6.9595,75.295,0,0,17.745,0,0,0,0,0,0,18.734,70.842,6.9595,3.4648,0,0,0,0,0,0,0,0,44.788,30.508,6.9595,0,3.4648,14.28,0
0,0,0,0,6.5805,79.849,0,0,13.571,0,0,0,0,0,0,20.151,69.353,6.5805,3.915,0,0,0,0,0,0,0,0,38.773,41.076,6.5805,0,3.915,9.6559,0
0,65.141,0,0,0,34.859,0,0,0,0,0,5.2283,29.956,0,0,0,29.631,0,0,0,24.913,10.272,0,24.913,29.956,15.5,0,29.631,0,0,0,0,0,0
0,51.02,0,11.898,0,25.183,11.898,0,0,0,0,23.797,25.51,0,0,0,13.284,0,0,11.898,18.868,6.6422,0,18.868,25.51,18.541,0,13.284,0,0,11.898,11.898,0,0
0,20.941,0,0,0,79.059,0,0,0,0,0,0,13.457,0,0,0,79.059,0,0,0,0,7.4839,0,0,13.457,7.4839,0,79.059,0,0,0,0,0,0
0,0,0,0,0,100,0,0,0,0,0,0,0,0,0,0,100,0,0,0,0,0,0,0,0,0,0,100,0,0,0,0,0,0
0,0,0,0,0,100,0,0,0,0,0,0,0,0,0,0,100,0,0,0,0,0,0,0,0,0,0,50,50,0,0,0,0,0
0,0,0,0,0,100,0,0,0,0,0,0,0,0,0,0,100,0,0,0,0,0,0,0,0,0,0,72.6,27.4,0,0,0,0,0
0,0,0,0,0,100,0,0,0,0,0,0,0,0,0,0,100,0,0,0,0,0,0,0,0,0,0,59.413,40.587,0,0,0,0,0
0,0,0,0,0,100,0,0,0,0,0,0,0,0,0,0,100,0,0,0,0,0,0,0,0,0,0,72.094,27.906,0,0,0,0,0
0,0,0,0,0,100,0,0,0,0,0,0,0,0,0,0,100,0,0,0,0,0,0,0,0,0,0,100,0,0,0,0,0,0
0,0,0,0,0,100,0,0,0,0,0,0,0,0,0,0,100,0,0,0,0,0,0,0,0,0,0,100,0,0,0,0,0,0
0,0,0,0,0,100,0,0,0,0,0,0,0,0,0,0,100,0,0,0,0,0,0,0,0,0,0,88.508,11.492,0,0,0,0,0
0,0,0,0,0,100,0,0,0,0,0,0,0,0,0,0,100,0,0,0,0,0,0,0,0,0,0,100,0,0,0,0,0,0
0,0,0,0,0,100,0,0,0,0,0,0,0,0,0,0,100,0,0,0,0,0,0,0,0,0,0,74.907,25.093,0,0,0,0,0
0,0,0,0,0,100,0,0,0,0,0,0,0,0,0,0,100,0,0,0,0,0,0,0,0,0,0,100,0,0,0,0,0,0
0,0,0,0,0,100,0,0,0,0,0,0,0,0,0,0,100,0,0,0,0,0,0,0,0,0,0,89.559,10.441,0,0,0,0,0
0,0,0,0,0,100,0,0,0,0,0,0,0,0,0,0,100,0,0,0,0,0,0,0,0,0,0,100,0,0,0,0,0,0
22.822,18.671,8.1174,0,0,49.479,0,0,0.91124,0,0,0,1.9555,6.6494,14.767,7.5606,36.18,8.8134,14.767,7.3521,1.2528,0.70271,8.1174,16.722,16.507,8.2633,6.6494,31.504,0,11.326,0,0.91124,0,0
0,8.9623,0,0,0,91.038,0,0,0,0,0,0,0,0,0,0,91.038,0,0,0,8.9623,0,0,0,8.9623,0,0,82.075,0,0,8.9623,0,0,0
0,17.043,0,0,0,82.957,0,0,0,0,0,0,5.6811,0,0,0,82.957,5.6811,0,0,5.6811,0,0,5.6811,11.362,0,0,71.594,0,11.362,0,0,0,0
0,0,0,0,0,100,0,0,0,0,0,0,0,0,0,0,100,0,0,0,0,0,0,0,0,0,0,100,0,0,0,0,0,0
0,4.0103,67.154,0,0,28.835,0,0,0,0,0,0,4.0103,0,0,0,28.835,67.154,0,0,0,0,0,67.154,4.0103,0,0,28.835,0,0,0,0,0,0
0,8.491,10.783,0,0,80.726,0,0,0,0,0,0,8.491,0,0,0,80.726,10.783,0,0,0,0,0,10.783,8.491,0,0,80.726,0,0,0,0,0,0
0,0,0,0,0,100,0,0,0,0,0,0,0,0,0,0,100,0,0,0,0,0,0,0,0,0,0,100,0,0,0,0,0,0
0,0,0,0,13.273,43.363,0,0,22.062,13.273,8.0278,0,0,0,13.273,0,52.152,26.547,0,8.0278,0,0,0,0,0,0,0,43.363,0,21.301,0,13.273,22.062,0
0,0,0,0,0,100,0,0,0,0,0,0,0,0,0,0,100,0,0,0,0,0,0,0,0,0,0,100,0,0,0,0,0,0
0,0,0,0,0,56.168,0,0,11.625,25.047,7.1598,0,0,0,28.8,0,37.384,7.8717,0,25.944,0,0,0,0,0,0,0,37.384,18.784,7.1598,17.176,7.8717,11.625,0
0,0,0,0,16.951,66.667,0,0,7.6671,8.7149,0,0,0,0,7.6671,16.951,42.048,25.666,0,7.6671,0,0,0,0,0,0,0,42.048,24.618,16.951,0,8.7149,7.6671,0
0,0,0,0,18.611,56.69,0,0,6.0881,18.611,0,0,0,0,18.611,11.042,33.125,37.222,0,0,0,0,0,0,0,0,0,34.606,22.083,18.611,0,18.611,6.0881,0
0,0,0,0,8.5734,39.136,0,0,8.7039,21.728,21.859,0,0,0,21.728,0,26.112,17.147,0,35.013,0,0,0,0,0,0,0,25.981,13.155,30.432,13.155,8.5734,8.7039,0
0,0,0,0,0,100,0,0,0,0,0,0,0,0,0,0,100,0,0,0,0,0,0,0,0,0,0,100,0,0,0,0,0,0
0,0,0,0,0,100,0,0,0,0,0,0,0,0,0,0,100,0,0,0,0,0,0,0,0,0,0,100,0,0,0,0,0,0
0,0,0,0,0,100,0,0,0,0,0,0,0,0,0,0,100,0,0,0,0,0,0,0,0,0,0,100,0,0,0,0,0,0
0,0,0,0,0,100,0,0,0,0,0,0,0,0,0,0,100,0,0,0,0,0,0,0,0,0,0,100,0,0,0,0,0,0
0,0,0,0,0,100,0,0,0,0,0,0,0,0,0,18.848,62.303,18.848,0,0,0,0,0,0,0,0,0,89.136,10.864,0,0,0,0,0
0,0,0,0,0,100,0,0,0,0,0,0,0,0,0,14.343,85.657,0,0,0,0,0,0,0,0,0,0,71.358,28.642,0,0,0,0,0
0,0,0,0,0,100,0,0,0,0,0,0,0,0,0,14.771,62.921,22.307,0,0,0,0,0,0,0,0,0,56.461,43.539,0,0,0,0,0
0,0,0,0,0,100,0,0,0,0,0,0,0,0,0,9.2674,69.091,21.642,0,0,0,0,0,0,0,0,0,82.772,17.228,0,0,0,0,0
0,0,0,0,0,100,0,0,0,0,0,0,0,0,0,0,100,0,0,0,0,0,0,0,0,0,0,100,0,0,0,0,0,0
0,0,0,0,0,37.801,0,0,6.7016,24.398,31.099,0,0,0,24.398,0,20.105,0,0,55.497,0,0,0,0,0,0,0,13.403,24.398,31.099,24.398,0,6.7016,0
0,0,0,0,0,55.694,0,0,16.029,23.636,4.641,0,0,0,35.024,0,48.947,0,0,16.029,0,0,0,0,0,0,0,44.306,11.388,4.641,23.636,0,16.029,0
0,0,0,0,0,100,0,0,0,0,0,0,0,0,0,21.993,56.014,21.993,0,0,0,0,0,0,0,0,0,91.495,8.5054,0,0,0,0,0
0,0,0,0,0,100,0,0,0,0,0,0,0,0,0,0,100,0,0,0,0,0,0,0,0,0,0,94.545,5.4546,0,0,0,0,0
0,0,0,0,0,100,0,0,0,0,0,0,0,0,0,0,100,0,0,0,0,0,0,0,0,0,0,100,0,0,0,0,0,0
0,0,0,0,0,100,0,0,0,0,0,0,0,0,0,0,100,0,0,0,0,0,0,0,0,0,0,90.812,9.1883,0,0,0,0,0
0,0,0,0,0,100,0,0,0,0,0,0,0,0,0,0,100,0,0,0,0,0,0,0,0,0,0,100,0,0,0,0,0,0
