h1,h2,h3,h4,h5,h6,h7,h8,h9,h10,h11,h12,h13,h14,h15,h16,h17,h18,h19,h20,h21,h22,h23,h24,h25,h26,h27,h28,h29,h30,h31,h32,h33,h34,h35,h36,h37,h38,h39,h40,h41,h42,h43,h44,h45,h46,h47,h48,label
0,0,0,0,0,100,0,0,0,0,0,0,0,0,0,0,100,0,0,0,0,0,0,0,0,0,0,100,0,0,0,0,0,0,0,0,0,1,0,0,1,0,0,0,0,1,0,0,0
0,0,0,0,0,100,0,0,0,0,0,0,0,0,0,0,100,0,0,0,0,0,0,0,0,0,0,100,0,0,0,0,0,0,0,0,0,1,0,0,1,0,0,0,0,1,0,0,0
0,0,0,0,0,100,0,0,0,0,0,0,0,0,0,0,100,0,0,0,0,0,0,0,0,0,0,100,0,0,0,0,0,0,0,0,0,1,0,0,1,0,0,0,0,1,0,0,0
0,0,0,0,0,100,0,0,0,0,0,0,0,0,0,0,100,0,0,0,0,0,0,0,0,0,0,100,0,0,0,0,0,0,0,0,0.036364,0.96364,0,0,1,0,0,0,0,1,0,0,0
0,0,0,0,0,100,0,0,0,0,0,0,0,0,0,0,100,0,0,0,0,0,0,0,0,0,0,100,0,0,0,0,0,0,0,0,0,1,0,0,1,0,0,0,0,1,0,0,0
0,0,0,0,0,100,0,0,0,0,0,0,0,0,0,0,100,0,0,0,0,0,0,0,0,0,0,100,0,0,0,0,0,0,0,0,0,1,0,0,1,0,0,0,0,1,0,0,0
0,0,0,0,0,100,0,0,0,0,0,0,0,0,0,0,100,0,0,0,0,0,0,0,0,0,0,100,0,0,0,0,0,0,0,0,0,1,0,0,1,0,0,0,0,1,0,0,0
0,0,0,0,0,100,0,0,0,0,0,0,0,0,0,0,100,0,0,0,0,0,0,0,0,0,0,100,0,0,0,0,0,0,0,0,0,1,0,0,1,0,0,0,0,1,0,0,0
0,0,0,0,0,100,0,0,0,0,0,0,0,0,0,0,100,0,0,0,0,0,0,0,0,0,0,100,0,0,0,0,0,0.083333,0.5,0.30556,0.11111,0,0,0,1,0,0,0,0,1,0,0,0
0,0,0,0,0,100,0,0,0,0,0,0,0,0,0,0,100,0,0,0,0,0,0,0,0,0,0,100,0,0,0,0,0,0,0,0,0,1,0,0,1,0,0,0,0,1,0,0,0
0,0,0,0,0,100,0,0,0,0,0,0,0,0,0,0,100,0,0,0,0,0,0,0,0,0,0,100,0,0,0,0,0,0,0,0,0,1,0,0,1,0,0,0,0,1,0,0,0
0,0,0,0,0,100,0,0,0,0,0,0,0,0,0,0,100,0,0,0,0,0,0,0,0,0,0,100,0,0,0,0,0,0,0,0,0.025316,0.97468,0,0,1,0,0,0,0,1,0,0,0
0,0,0,0,0,100,0,0,0,0,0,0,0,0,0,0,100,0,0,0,0,0,0,0,0,0,0,100,0,0,0,0,0,0,0,0,0,1,0,0,1,0,0,0,0,1,0,0,0
0,0,0,0,15.888,84.112,0,0,0,0,0,0,0,0,0,15.888,84.112,0,0,0,0,0,0,0,0,0,0,68.225,21.782,9.9932,0,0,0,0,0,0.028986,0.014493,0.95652,0,0,1,0,0,0,0,1,0,0,0
0,0,0,0,31.568,68.432,0,0,0,0,0,0,0,0,0,8.0546,91.945,0,0,0,0,0,0,0,0,0,0,60.378,16.109,23.513,0,0,0,0,0.037736,0.13208,0.13208,0.69811,0,0,1,0,0,0,0,1,0,0,0
0,0,0,0,0,100,0,0,0,0,0,0,0,0,0,0,100,0,0,0,0,0,0,0,0,0,0,100,0,0,0,0,0,0,0,0,0,1,0,0,1,0,0,0,0,1,0,0,0
0,0,0,0,0,100,0,0,0,0,0,0,0,0,0,0,100,0,0,0,0,0,0,0,0,0,0,100,0,0,0,0,0,0,0,0,0,1,0,0,1,0,0,0,0,1,0,0,0
0,0,0,0,0,100,0,0,0,0,0,0,0,0,0,0,100,0,0,0,0,0,0,0,0,0,0,100,0,0,0,0,0,0,0,0,0,1,0,0,1,0,0,0,0,1,0,0,0
0,0,0,0,0,100,0,0,0,0,0,0,0,0,0,0,100,0,0,0,0,0,0,0,0,0,0,100,0,0,0,0,0,0,0,0,0,1,0,0,1,0,0,0,0,1,0,0,0
0,0,0,0,0,100,0,0,0,0,0,0,0,0,0,0,100,0,0,0,0,0,0,0,0,0,0,100,0,0,0,0,0,0,0,0,0.066667,0.93333,0,0,1,0,0,0,0,1,0,0,0
0,0,0,0,0,100,0,0,0,0,0,0,0,0,0,0,100,0,0,0,0,0,0,0,0,0,0,100,0,0,0,0,0,0,0,0,0,1,0,0,1,0,0,0,0,1,0,0,0
0,0,0,0,0,100,0,0,0,0,0,0,0,0,0,0,100,0,0,0,0,0,0,0,0,0,0,100,0,0,0,0,0,0,0,0,0.065789,0.93421,0,0,1,0,0,0,0,1,0,0,0
0,0,0,0,0,100,0,0,0,0,0,0,0,0,0,0,100,0,0,0,0,0,0,0,0,0,0,100,0,0,0,0,0,0,0,0,0,1,0,0,1,0,0,0,0,1,0,0,0
0,0,0,0,0,100,0,0,0,0,0,0,0,0,0,0,100,0,0,0,0,0,0,0,0,0,0,100,0,0,0,0,0,0,0,0,0,1,0,0,1,0,0,0,0,1,0,0,0
0,0,0,0,0,100,0,0,0,0,0,0,0,0,0,0,100,0,0,0,0,0,0,0,0,0,0,100,0,0,0,0,0,0,0,0,0,1,0,0,1,0,0,0,0,1,0,0,0
0,0,0,0,0,100,0,0,0,0,0,0,0,0,0,0,100,0,0,0,0,0,0,0,0,0,0,100,0,0,0,0,0,0,0,0,0,1,0,0,1,0,0,0,0,1,0,0,0
0,0,0,0,0,100,0,0,0,0,0,0,0,0,0,0,100,0,0,0,0,0,0,0,0,0,0,100,0,0,0,0,0,0,0,0,0,1,0,0,1,0,0,0,0,1,0,0,0
0,0,0,0,0,100,0,0,0,0,0,0,0,0,0,0,100,0,0,0,0,0,0,0,0,0,0,100,0,0,0,0,0,0,0,0,0.05102,0.94898,0,0,1,0,0,0,0,1,0,0,0
0,0,0,0,0,100,0,0,0,0,0,0,0,0,0,0,100,0,0,0,0,0,0,0,0,0,0,100,0,0,0,0,0,0,0,0,0,1,0,0,1,0,0,0,0,1,0,0,0
0,0,0,0,0,100,0,0,0,0,0,0,0,0,0,0,100,0,0,0,0,0,0,0,0,0,0,100,0,0,0,0,0,0,0,0,0,1,0,0,1,0,0,0,0,1,0,0,0
0,0,0,0,0,100,0,0,0,0,0,0,0,0,0,0,100,0,0,0,0,0,0,0,0,0,0,100,0,0,0,0,0,0,0,0,0,1,0,0,1,0,0,0,0,1,0,0,0
0,0,0,0,21.116,78.884,0,0,0,0,0,0,0,0,0,15.98,80.517,3.5029,0,0,0,0,0,0,0,0,0,62.904,31.703,5.3932,0,0,0,0,0,0,0,1,0,0,1,0,0,0,0,1,0,0,0
0,0,0,0,0,100,0,0,0,0,0,0,0,0,0,0,100,0,0,0,0,0,0,0,0,0,0,100,0,0,0,0,0,0,0,0,0,1,0,0,1,0,0,0,0,1,0,0,0
0,0,0,0,10.669,89.331,0,0,0,0,0,0,0,0,0,10.669,77.539,11.792,0,0,0,0,0,0,0,0,0,78.663,21.337,0,0,0,0,0,0,0,0,1,0,0,1,0,0,0,0,1,0,0,0
0,0,0,0,31.668,68.332,0,0,0,0,0,0,0,0,0,15.653,79.285,5.0618,0,0,0,0,0,0,0,0,0,52.679,26.073,21.249,0,0,0,0,0.88889,0,0,0.11111,0,0,1,0,0,0,0,1,0,0,0
0,0,0,0,15.277,84.723,0,0,0,0,0,0,0,0,0,9.8171,81.303,8.8797,0,0,0,0,0,0,0,0,0,74.906,25.094,0,0,0,0,0,0.9697,0,0,0.030303,0,0,1,0,0,0,0,1,0,0,0
0,0,0,0,0,100,0,0,0,0,0,0,0,0,0,0,100,0,0,0,0,0,0,0,0,0,0,100,0,0,0,0,0,0,0,0,0,1,0,0,1,0,0,0,0,1,0,0,0
0,0,0,0,5.7184,94.282,0,0,0,0,0,0,0,0,0,0,94.787,5.2129,0,0,0,0,0,0,0,0,0,94.282,5.7184,0,0,0,0,0,0,0,0,1,0,0,1,0,0,0,0,1,0,0,0
0,0,0,0,0,100,0,0,0,0,0,0,0,0,0,0,100,0,0,0,0,0,0,0,0,0,0,100,0,0,0,0,0,0,0,0,0,1,0,0,1,0,0,0,0,1,0,0,0
0,0,0,0,13.423,86.577,0,0,0,0,0,0,0,0,0,7.9885,84.023,7.9885,0,0,0,0,0,0,0,0,0,78.588,21.412,0,0,0,0,0,0.4,0.17143,0.028571,0.4,0,0,1,0,0,0,0,1,0,0,0
0,0,0,0,0,100,0,0,0,0,0,0,0,0,0,0,92.166,7.834,0,0,0,0,0,0,0,0,0,100,0,0,0,0,0,0,0.34211,0.026316,0.052632,0.57895,0,0,1,0,0,0,0,1,0,0,0
0,0,0,0,0,94.697,0,0,5.3035,0,0,0,0,2.6517,0,16.763,77.934,0,2.6517,0,0,0,0,0,0,0,0,92.045,2.6517,0,0,2.6517,2.6517,0,0,0,0,1,0,0,1,0,0,0,0,1,0,0,0
0,0,0,0,0,100,0,0,0,0,0,0,0,0,0,15.599,84.401,0,0,0,0,0,0,0,0,0,0,81.444,18.556,0,0,0,0,0,1,0,0,0,0,0,1,0,0,0,0,1,0,0,0
7.3833,5.7503,7.5509,0,0,53.241,11.421,0,14.653,0,0,2.517,10.145,4.6217,5.8234,2.517,44.317,6.4072,5.7503,6.7994,3.6456,7.4563,0,5.0339,17.171,2.517,12.417,48.208,0,5.2785,3.3064,3.3064,2.7616,0.94828,0.051724,0,0,0,0,0,1,0,0,0,0,1,0,0,0
0,0,0,0,0,95.022,0,0,4.9776,0,0,0,0,2.4888,0,14.21,80.813,0,2.4888,0,0,0,0,0,0,0,0,72.05,22.973,0,0,2.4888,2.4888,0,1,0,0,0,0,0,1,0,0,0,0,1,0,0,0
0,0,0,0,0,100,0,0,0,0,0,0,0,0,0,11.442,77.117,11.442,0,0,0,0,0,0,0,0,0,72.275,27.725,0,0,0,0,0,1,0,0,0,0,0,1,0,0,0,0,1,0,0,0
1.5053,1.5482,7.1997,0,0,83.64,0,0,6.107,0,0,0,3.0107,0,1.5482,0,80.586,3.0535,1.5482,0,8.7479,1.5053,0,7.1997,1.5482,0,1.5053,83.64,0,1.5053,1.5482,1.5482,1.5053,0,1,0,0,0,0,0,1,0,0,0,0,1,0,0,0
0,0,0,0,0,100,0,0,0,0,0,0,0,0,0,20.302,74.027,5.6706,0,0,0,0,0,0,0,0,0,66.847,33.153,0,0,0,0,0,1,0,0,0,0,0,1,0,0,0,0,1,0,0,0
0,0,0,0,0,100,0,0,0,0,0,0,0,0,0,0,100,0,0,0,0,0,0,0,0,0,0,100,0,0,0,0,0,0,0,0,0,1,0,0,1,0,0,0,0,1,0,0,0
0,0,0,0,0,92.417,0,0,7.5827,0,0,0,0,1.7557,0,15.523,77.457,3.5089,1.7557,0,0,0,0,0,0,0,0,75.932,16.485,0,0,5.827,1.7557,0,1,0,0,0,0,0,1,0,0,0,0,1,0,0,0
0,1.3342,0,0,0,90.998,0,0,7.6681,0,0,0,0,0,3.8341,10.032,69.6,11.366,1.3342,0,1.3342,2.4999,0,0,1.3342,0,0,70.934,20.064,0,3.8341,1.3342,2.4999,0,1,0,0,0,0,0,1,0,0,0,0,1,0,0,0
0,2.037,1.866,0,0,92.023,0,0,4.074,0,0,0,0,0,2.037,6.9827,83.003,2.037,2.037,0,3.903,0,0,1.866,2.037,0,0,85.04,6.9827,0,2.037,2.037,0,0,1,0,0,0,0,0,1,0,0,0,0,1,0,0,0
3.5842,1.007,7.3052,0,0,74.167,0,0,13.937,0,0,1.2753,7.1684,0,5.7616,1.2753,67.025,5.8665,1.007,3.4794,2.2823,4.8595,0,6.0299,1.007,1.2753,6.1347,71.616,0,4.8595,1.007,4.4864,3.5842,0,1,0,0,0,0,0,1,0,0,0,0,1,0,0,0
0,0,20.947,0,0,48.056,0,0,30.996,0,0,2.5775,0,19.677,8.3186,5.5777,29.427,13.052,0,8.7414,2.5775,10.051,0,10.896,7.4739,2.5775,18.629,29.427,0,2.5775,16.677,8.7414,3.0003,0.16327,0.83673,0,0,0,0,0,1,0,0,0,0,1,0,0,0
0,0,0,0,0,79.722,0,0,20.278,0,0,0,0,11.93,0,25.586,51.321,5.5811,5.5811,0,0,0,0,0,0,0,0,73.587,6.1342,0,0,14.697,5.5811,0.13793,0.65517,0.017241,0.034483,0.15517,0,0,1,0,0,0,0,1,0,0,0
0,0,0,0,0,62.739,0,0,37.261,0,0,0,0,28.523,0,30.439,32.299,5.3276,3.411,0,0,0,0,0,0,0,0,59.328,3.411,0,0,33.85,3.411,1,0,0,0,0,0,0,1,0,0,0,0,1,0,0,0
0,0,0,0,0,77.68,0,0,22.32,0,0,0,0,2.0695,1.9767,16.407,59.093,16.407,2.0695,0,0,1.9767,0,0,0,0,0,67.258,10.422,0,1.9767,16.297,4.0463,0.15789,0.84211,0,0,0,0,0,1,0,0,0,0,1,0,0,0
0,0,0,0,0,77.893,0,0,22.107,0,0,0,0,0,5.2331,10.535,73.627,5.3023,5.3023,0,0,0,0,0,0,0,0,77.893,0,0,0,11.572,10.535,1,0,0,0,0,0,0,1,0,0,0,0,1,0,0,0
0,1.6163,0,0,0,79.479,2.3731,0,16.532,0,0,0,0,0,9.9753,12.288,65.215,4.5425,1.6163,2.3731,1.6163,2.3731,0,0,3.9894,0,0,70.251,9.2283,0,3.9894,6.5563,5.9858,0.13333,0.86667,0,0,0,0,0,1,0,0,0,0,1,0,0,0
0,0,0,0,0,67.695,4.3435,0,27.962,0,0,0,0,0,10.02,7.9224,59.772,7.9224,0,4.3435,0,10.02,0,0,4.3435,0,0,67.695,0,0,10.02,12.266,5.6762,0.89474,0.10526,0,0,0,0,0,1,0,0,0,0,1,0,0,0
8.2809,7.221,1.2949,0,0,53.975,17.736,0,11.492,0,0,0,10.466,8.3465,3.5606,1.5515,50.238,2.1854,7.221,9.3897,2.4204,4.6205,0,1.2949,24.957,0,9.4064,51.298,1.5515,1.0599,4.6862,2.1687,3.5773,0,1,0,0,0,0,0,1,0,0,0,0,1,0,0,0
7.0526,9.1576,0,0,0,51.356,16.213,0,16.221,0,0,0,9.1605,9.1605,7.9167,3.8283,43.315,4.2128,9.1576,7.0526,4.2128,1.9834,0,0,25.371,0,9.1605,49.248,0,0,6.1962,2.1049,7.9196,1,0,0,0,0,0,0,1,0,0,0,0,1,0,0,0
2.674,3.5553,17.835,0,0,55.232,7.6379,0,13.066,0,0,3.6396,4.9639,4.9639,7.605,3.6396,44.781,6.8107,3.5553,5.7582,10.643,3.6396,0,14.196,11.193,3.6396,12.243,45.663,0,3.6396,3.1711,3.9654,2.2899,0.18919,0.81081,0,0,0,0,0,1,0,0,0,0,1,0,0,0
3.8632,0,10.315,0,0,57.251,2.2153,0,26.355,0,0,2.6733,9.9417,8.8902,3.5214,4.0016,43.169,10.08,0,7.5231,3.6626,6.5365,0,4.9688,4.8886,2.6733,14.082,47.033,0,3.8632,2.2153,7.5231,12.753,1,0,0,0,0,0,0,1,0,0,0,0,1,0,0,0
0,0,35.063,0,0,35.063,0,0,29.874,0,0,5.1894,0,29.874,0,0,10.379,24.684,0,0,0,29.874,0,0,29.874,5.1894,24.684,10.379,0,0,24.684,0,5.1894,0.2,0.8,0,0,0,0,0,1,0,0,0,0,1,0,0,0
0,0,10.067,0,0,49.07,0,0,40.863,0,0,5.0335,0,37.69,0,3.1734,42.723,3.1734,0,3.1734,0,5.0335,0,0,5.0335,5.0335,6.3468,42.723,0,0,29.483,3.1734,8.2069,0.9,0.1,0,0,0,0,0,1,0,0,0,0,1,0,0,0
17.103,0,16.699,1.3429,29.686,10.119,5.775,0,17.103,0,2.172,1.3429,0,14.843,7.1178,12.671,0,2.172,6.6041,3.5149,29.774,21.961,0,2.172,20.618,15.357,0,2.172,20.618,1.3429,19.275,18.446,0,0,1,0,0,0,0,0,1,0,0,0,0,1,0,0,0
15.518,0,29.144,5.804,20.515,8.7518,9.5904,0,8.7837,1.8932,0,5.804,0,10.677,11.608,11.732,0,2.9478,1.8932,9.5904,19.461,26.287,0,0,20.267,20.392,1.8932,2.9478,14.588,8.7518,14.679,14.588,1.8932,0.88889,0.055556,0.055556,0,0,0,0,0.94444,0.055556,0,0,0,0.94444,0.055556,0,0
10.671,0,5.7718,0,16.122,21.831,0,17.638,21.597,0,6.3693,11.268,6.3693,2.0444,3.407,20.447,9.798,10.097,6.8139,4.899,8.9879,15.868,4.899,14.675,14.783,2.0444,0,18.424,2.0444,7.1343,14.398,21.597,0,0,1,0,0,0,0,0,1,0,0,0,0,1,0,0,0
21.721,0,15.424,1.9137,11.504,23.51,13.951,0,10.093,0.97254,0.91044,1.9137,0,1.883,13.92,9.6831,0,10.594,11.976,4.7693,11.065,34.197,0,0.91044,15.834,3.8275,0.97254,10.594,12.917,11.597,30.369,12.006,0.97254,0.083333,0.80556,0.083333,0.027778,0,0,0,0.88889,0.11111,0,0,0,0.88889,0.11111,0,0
5.1098,0,0,0,5.1098,64.085,0,13.344,8.2343,0,4.1172,9.227,4.1172,0,0,9.227,58.975,4.1172,0,5.1098,5.1098,4.1172,5.1098,9.227,8.2343,0,0,51.547,12.537,0,5.1098,8.2343,0,0,1,0,0,0,0,0,1,0,0,0,0,1,0,0,0
1.9163,0,1.9163,0,9.126,48.79,0,12.301,16.195,0,9.7553,5.1923,11.003,4.563,0,9.0863,35.77,11.672,6.4793,4.563,1.9163,9.7553,1.9163,9.7553,18.78,0,1.9163,35.297,11.577,0,4.563,16.195,0,0,0.98148,0.018519,0,0,0,0,0.98148,0.018519,0,0,0,0.98148,0.018519,0,0
0,0,0,0,0,92.252,0,0,7.7475,0,0,0,7.7475,0,0,7.7475,74.331,10.174,0,0,0,0,0,0,0,0,0,66.633,25.619,0,0,7.7475,0,0,1,0,0,0,0,0,1,0,0,0,0,1,0,0,0
0,0,0,0,0,96.564,0,0,3.4364,0,0,0,0,0,0,0,100,0,0,0,0,0,3.4364,0,0,0,0,80.134,16.429,0,0,0,0,0,1,0,0,0,0,0,1,0,0,0,0,1,0,0,0
0,0,0,0,0,91.083,0,0,8.9171,0,0,0,0,0,0,8.9171,73.249,8.9171,8.9171,0,0,0,0,0,0,0,0,91.083,0,0,0,0,8.9171,0.84127,0.047619,0,0,0.11111,0,0,1,0,0,0,0,1,0,0,0
0,0,0,0,0,100,0,0,0,0,0,0,0,0,0,0,100,0,0,0,0,0,0,0,0,0,0,100,0,0,0,0,0,1,0,0,0,0,0,0,1,0,0,0,0,1,0,0,0
0,0,0,0,0,100,0,0,0,0,0,0,0,0,0,0,100,0,0,0,0,0,0,0,0,0,0,100,0,0,0,0,0,0.96429,0.02381,0,0,0.011905,0,0,1,0,0,0,0,1,0,0,0
0,0,0,0,0,100,0,0,0,0,0,0,0,0,0,0,100,0,0,0,0,0,0,0,0,0,0,100,0,0,0,0,0,0.93103,0.017241,0,0,0.051724,0,0,1,0,0,0,0,1,0,0,0
0,0,0,0,0,100,0,0,0,0,0,0,0,0,0,0,100,0,0,0,0,0,0,0,0,0,0,100,0,0,0,0,0,1,0,0,0,0,0,0,1,0,0,0,0,1,0,0,0
0,0,0,0,0,100,0,0,0,0,0,0,0,0,0,0,100,0,0,0,0,0,0,0,0,0,0,100,0,0,0,0,0,0.96296,0.037037,0,0,0,0,0,1,0,0,0,0,1,0,0,0
0,0,0,0,0,94.46,0,0,5.5398,0,0,0,0,0,5.5398,5.5398,88.92,0,0,0,0,0,0,0,0,0,0,94.46,0,0,0,0,5.5398,0.87805,0.12195,0,0,0,0,0,1,0,0,0,0,1,0,0,0
0,0,0,0,0,100,0,0,0,0,0,0,0,0,0,0,100,0,0,0,0,0,0,0,0,0,0,100,0,0,0,0,0,0.9625,0.0375,0,0,0,0,0,1,0,0,0,0,1,0,0,0
0,0,0,0,0,100,0,0,0,0,0,0,0,0,0,0,100,0,0,0,0,0,0,0,0,0,0,100,0,0,0,0,0,1,0,0,0,0,0,0,1,0,0,0,0,1,0,0,0
0,0,0,0,0,100,0,0,0,0,0,0,0,0,0,0,100,0,0,0,0,0,0,0,0,0,0,100,0,0,0,0,0,1,0,0,0,0,0,0,1,0,0,0,0,1,0,0,0
0,0,0,0,0,100,0,0,0,0,0,0,0,0,0,0,100,0,0,0,0,0,0,0,0,0,0,100,0,0,0,0,0,0.80822,0.19178,0,0,0,0,0,1,0,0,0,0,1,0,0,0
0,0,0,0,0,100,0,0,0,0,0,0,0,0,0,0,100,0,0,0,0,0,0,0,0,0,0,100,0,0,0,0,0,0,0,0,0.025974,0.97403,0,0,1,0,0,0,0,1,0,0,0
0,0,0,0,0,86.325,4.5585,0,9.117,0,0,0,0,0,4.5585,0,86.325,0,0,4.5585,0,4.5585,0,0,4.5585,0,0,86.325,0,0,4.5585,4.5585,0,1,0,0,0,0,0,0,1,0,0,0,0,1,0,0,0
0,0,0,0,0,100,0,0,0,0,0,0,0,0,0,0,100,0,0,0,0,0,0,0,0,0,0,100,0,0,0,0,0,0.83333,0.16667,0,0,0,0,0,1,0,0,0,0,1,0,0,0
0,0,0,0,0,84.915,5.0284,0,10.057,0,0,0,5.0284,5.0284,0,0,79.886,5.0284,0,0,5.0284,0,0,0,5.0284,0,5.0284,79.886,0,0,5.0284,0,5.0284,0.94915,0.050847,0,0,0,0,0,1,0,0,0,0,1,0,0,0
0,0,31.4,0,0,51.066,0,0,17.534,0,0,8.8739,0,9.9785,7.5555,4.992,34.985,11.089,0,2.5636,4.992,14.97,0,12.548,9.9785,8.8739,16.081,34.985,0,4.992,6.0966,2.5636,3.8819,0.94444,0.055556,0,0,0,0,0,1,0,0,0,0,1,0,0,0
0,0,0,0,0,100,0,0,0,0,0,0,0,0,0,0,100,0,0,0,0,0,0,0,0,0,0,100,0,0,0,0,0,0,0,0,0.020833,0.97917,0,0,1,0,0,0,0,1,0,0,0
0,3.5914,22.756,0,3.9513,41.034,0,0,14.029,14.638,0,3.9513,9.0818,6.5665,3.9513,5.7571,34.906,6.7454,8.2724,3.5914,4.1443,13.033,0,8.712,17.635,1.1693,0,35.542,5.4925,14.646,11.685,5.1185,0,0.77143,0.22857,0,0,0,0,0,1,0,0,0,0,1,0,0,0
0,0,0,0,0,93.191,0,0,0,6.8087,0,0,0,0,0,0,86.383,13.617,0,0,0,0,0,0,0,0,0,90.012,3.179,0,6.8087,0,0,0,1,0,0,0,0,0,1,0,0,0,0,1,0,0,0
0,1.8727,17.005,0,0,60.045,0,0,10.962,10.115,0,3.8984,6.0439,4.9176,0,14.413,37.27,10.768,6.0439,1.8727,8.8159,5.9569,0,1.8727,13.107,3.8984,9.4954,48.404,2.1456,5.9569,15.12,0,0,0.91667,0.083333,0,0,0,0,0,1,0,0,0,0,1,0,0,0
0,0,23.932,0,8.5657,38.299,0,0,15.395,13.808,0,8.0456,9.3364,1.1648,10.251,1.1648,33.743,2.4065,11.487,0,11.075,11.327,2.9228,8.1717,10.635,6.0018,1.1648,27.901,7.0839,8.1201,14.205,10.479,3.315,0.86667,0.13333,0,0,0,0,0,1,0,0,0,0,1,0,0,0
0,0,24.209,0,12.869,34.379,0,0,20.214,8.3295,0,11.863,5.0561,2.9849,9.6528,5.2128,24.706,5.2142,11.743,2.2293,13.144,8.195,10.683,12.345,1.6861,1.6861,5.2142,20.558,6.3766,8.4863,12.248,15.503,5.2142,0.82222,0.17778,0,0,0,0,0,1,0,0,0,0,1,0,0,0
0,0,20.309,0,11.322,37.951,0,0,20.888,9.5295,0,7.5891,6.761,1.6314,12.299,5.7594,31.993,3.6592,13.189,0,7.0329,10.087,1.6314,8.6629,8.1849,1.8298,1.6314,28.562,5.4583,12.583,12.991,14.534,3.931,0.039474,0.96053,0,0,0,0,0,1,0,0,0,0,1,0,0,0
0,0,16.838,0,7.5944,50.736,0,0,12.405,10.224,2.203,8.3441,1.5193,7.0436,8.7562,1.5193,32.305,6.6857,12.146,6.2847,10.84,4.5558,4.4827,6.3553,3.0365,1.6583,4.4827,29.665,12.246,3.5812,11.385,17.246,5.8609,0,1,0,0,0,0,0,1,0,0,0,0,1,0,0,0
0,0,0,0,0,93.61,0,6.3903,0,0,0,6.3903,0,0,0,0,93.61,0,0,0,0,0,0,0,6.3903,0,0,93.61,0,0,0,0,0,0,1,0,0,0,0,0,1,0,0,0,0,1,0,0,0
0,0,0,0,0,97.502,0,2.4977,0,0,0,2.4977,0,0,0,0,97.502,0,0,0,0,0,0,0,2.4977,0,0,89.277,8.2255,0,0,0,0,0,1,0,0,0,0,0,1,0,0,0,0,1,0,0,0
0,0,4.8289,2.4254,0,70.163,4.807,2.4254,15.35,0,0,2.4254,0,4.8289,0,2.4035,77.439,2.4254,0,0,2.4035,8.0739,9.6578,2.4035,8.0958,2.4035,0,66.095,4.0683,0,4.8508,0,2.4254,0,1,0,0,0,0,0,1,0,0,0,0,1,0,0,0
0,0,4.5646,1.9839,0,75.79,5.1613,1.9839,10.516,0,0,1.9839,0,4.5646,0,2.5807,81.742,1.9839,0,0,2.5807,4.5646,9.1292,2.5807,3.9679,2.5807,0,75.79,0,0,3.9679,0,1.9839,0.1,0.9,0,0,0,0,0,1,0,0,0,0,1,0,0,0
0,0,13.269,0,3.3679,73.865,0,0,6.3315,3.1657,0,3.3679,3.1657,0,6.5336,0,73.865,0,3.1657,0,6.5336,3.3679,0,9.9016,3.3679,3.3679,0,63.964,9.9016,0,3.1657,6.3315,0,0,1,0,0,0,0,0,1,0,0,0,0,1,0,0,0
0,0,3.9904,0,0,84.038,0,0,7.9809,3.9904,0,0,3.9904,0,3.9904,0,84.038,0,3.9904,0,3.9904,0,0,3.9904,0,0,0,80.048,3.9904,0,3.9904,7.9809,0,0,1,0,0,0,0,0,1,0,0,0,0,1,0,0,0
0,0,0,0,0,100,0,0,0,0,0,0,0,0,0,0,100,0,0,0,0,0,0,0,0,0,0,95.526,4.4736,0,0,0,0,0.082192,0.91781,0,0,0,0,0,1,0,0,0,0,1,0,0,0
0,0,0,0,0,100,0,0,0,0,0,0,0,0,0,0,100,0,0,0,0,0,0,0,0,0,0,100,0,0,0,0,0,0.027397,0.9726,0,0,0,0,0,1,0,0,0,0,1,0,0,0
0,0,4.6485,0,0,59.258,0,0,6.2355,14.084,15.774,1.5307,1.587,6.2485,3.1177,0,26.394,17.305,10.897,23.553,9.3663,0,1.5307,1.587,0,0,1.5307,46.83,9.3663,15.774,9.3663,12.484,1.5307,0,1,0,0,0,0,0,1,0,0,0,0,1,0,0,0
0,0,0,0,0,74.606,0,0,8.4646,8.4646,8.4646,8.4646,0,8.4646,0,0,74.606,8.4646,0,0,0,0,0,0,0,0,0,74.606,0,8.4646,8.4646,8.4646,0,0,1,0,0,0,0,0,1,0,0,0,0,1,0,0,0
0,0,0,0,0,100,0,0,0,0,0,0,0,0,0,0,100,0,0,0,0,0,0,0,0,0,0,100,0,0,0,0,0,0,1,0,0,0,0,0,1,0,0,0,0,1,0,0,0
28.659,0,7.4063,1.159,7.2381,12.45,23.57,0,10.749,8.7679,0,1.4062,1.159,11.412,10.67,3.6822,1.4062,2.6915,17.12,16.377,20.755,13.32,0,0,35.894,3.8031,10.421,2.6915,10.749,2.4443,13.32,11.908,8.7679,0.94595,0.027027,0.027027,0,0,0,0,0.97297,0.027027,0,0,0,0.94595,0.054054,0,0
8.6021,0,36.425,11.05,4.9902,20.072,12.106,0,4.6188,2.1362,0,12.897,2.1362,5.4103,25.292,1.427,3.9833,3.9833,5.328,11.05,6.0458,22.447,0,0,17.805,23.238,7.9665,3.9833,13.533,11.05,4.6188,15.669,2.1362,0.75,0.15,0.05,0.05,0,0,0,0.9,0.1,0,0,0,0.9,0.1,0,0
12.074,0,26.572,2.7039,3.722,24.886,11.212,3.5656,11.01,4.2542,0,2.7039,3.5656,4.2542,9.1299,3.722,18.46,3.5656,30.159,11.212,7.8198,5.4078,3.5656,3.722,37.492,5.4078,22.714,0,2.7039,6.426,0,13.714,4.2542,0.010753,0,0,0.98925,0,0,0,0.010753,0.98925,0,0,0,0.010753,0.98925,0,1
5.1392,0,11.122,2.9915,10.118,12.266,0,21.751,21.751,2.9915,11.869,8.306,16.437,3.5633,5.9831,8.306,5.1392,17.008,11.694,6.5548,5.1392,11.869,5.1392,11.869,36.437,0,5.1392,3.5633,3.5633,2.9915,3.5633,24.743,2.9915,0,0,0.070423,0.92958,0,0,0,0,1,0,0,0,0,1,0,1
7.4121,0,3.1675,0,19.991,39.342,0,7.4121,17.826,0,4.8496,4.2446,5.7324,4.8496,6.0469,12.856,16.786,8.0171,20.111,9.0942,7.4121,4.8496,7.4121,15.141,11.185,0,3.1675,22.713,7.4145,6.0469,9.0942,17.826,0,0,0.039474,0.76316,0.19737,0,0,0,0.039474,0.96053,0,0,0,0.039474,0.96053,0,1
0,0,0,0,0,81.43,0,0,0,0,18.57,0,0,0,0,9.6671,90.333,0,0,0,0,0,0,0,0,0,0,81.43,18.57,0,0,0,0,0,1,0,0,0,0,0,1,0,0,0,0,1,0,0,0
3.2221,2.6041,12.333,0,0,64.208,0,0,3.9027,13.73,0,3.2221,2.6041,9.729,0,20.947,31.516,14.348,0,2.6041,3.9027,11.126,0,2.6041,9.111,3.2221,23.488,43.941,0,11.126,6.5069,0,0,0,1,0,0,0,0,0,1,0,0,0,0,1,0,0,0
0,5.8644,5.874,0,0,82.388,0,0,5.874,0,0,0,0,5.874,0,11.738,70.649,0,0,5.8644,5.874,0,0,5.8644,5.874,0,5.8644,76.523,0,0,5.874,0,0,0,1,0,0,0,0,0,1,0,0,0,0,1,0,0,0
0,0,0,0,0,100,0,0,0,0,0,0,0,0,0,0,100,0,0,0,0,0,0,0,0,0,0,100,0,0,0,0,0,0,1,0,0,0,0,0,1,0,0,0,0,1,0,0,0
0,0,0,0,0,100,0,0,0,0,0,0,0,0,0,0,100,0,0,0,0,0,0,0,0,0,0,100,0,0,0,0,0,0,1,0,0,0,0,0,1,0,0,0,0,1,0,0,0
0,0,1.8208,0,0,79.086,0,0,8.185,10.908,0,1.8208,4.5435,0,1.8208,0,79.086,0,4.5435,0,3.6416,4.5435,3.6416,0,0,0,0,79.086,0,6.3642,6.3642,4.5435,0,0,1,0,0,0,0,0,1,0,0,0,0,1,0,0,0
0,0,3.4001,0,0,86.4,0,0,6.8001,3.4001,0,3.4001,0,0,3.4001,0,86.4,0,0,0,6.8001,0,6.8001,0,0,0,0,86.4,0,3.4001,3.4001,0,0,0,1,0,0,0,0,0,1,0,0,0,0,1,0,0,0
0,0,0,0,0,80.911,0,0,0,0,19.089,0,0,0,0,10.491,89.509,0,0,0,0,0,0,0,0,0,0,80.911,19.089,0,0,0,0,0,1,0,0,0,0,0,1,0,0,0,0,1,0,0,0
0,0,0,23.459,17.893,45.063,0,0,0,0,13.585,0,17.893,0,0,13.585,50.629,0,0,0,0,17.893,0,0,0,0,0,45.063,13.585,0,0,17.893,23.459,0,0,0.013514,0.16216,0.82432,0,0,1,0,0,0,0,1,0,0,0
0,0,0,15.971,9.3156,74.713,0,0,0,0,0,0,15.971,0,0,0,74.713,0,0,0,0,9.3156,0,0,0,0,0,74.713,0,0,0,9.3156,15.971,0,0,0,0.15217,0.84783,0,0,1,0,0,0,0,1,0,0,0
0,0,0,4.5205,8.8177,86.662,0,0,0,0,0,0,4.5205,0,0,0,86.662,0,0,0,0,8.8177,0,0,0,0,0,86.662,0,0,0,8.8177,4.5205,0,0,0,0.17308,0.82692,0,0,1,0,0,0,0,1,0,0,0
0,0,0,13.843,14.551,71.606,0,0,0,0,0,0,8.6177,0,0,5.2255,71.606,0,0,0,0,14.551,0,0,0,0,0,71.606,0,0,0,14.551,13.843,0,0,0,0.21739,0.78261,0,0,1,0,0,0,0,1,0,0,0
0,0,0,3.4188,0,96.581,0,0,0,0,0,0,3.4188,0,0,0,96.581,0,0,0,0,0,0,0,0,0,0,96.581,0,0,0,0,3.4188,0,0,0,0.10938,0.89062,0,0,1,0,0,0,0,1,0,0,0
0,0,0,0,0,100,0,0,0,0,0,0,0,0,0,0,100,0,0,0,0,0,0,0,0,0,0,100,0,0,0,0,0,0,0,0,0.2069,0.7931,0,0,1,0,0,0,0,1,0,0,0
0,0,0,0,0,100,0,0,0,0,0,0,0,0,0,0,100,0,0,0,0,0,0,0,0,0,0,100,0,0,0,0,0,0,0,0.016949,0.084746,0.89831,0,0,1,0,0,0,0,1,0,0,0
0,0,0,3.5976,0,84.748,0,0,0,0,11.654,0,0,0,0,11.654,88.346,0,0,0,0,0,0,0,0,0,0,84.748,11.654,0,0,0,3.5976,0,0.98,0,0.02,0,0,0,1,0,0,0,0,1,0,0,0
0,0,0,4.7234,0,81.142,0,0,0,0,14.134,0,0,0,0,13.978,86.022,0,0,0,0,0,0,0,0,0,0,81.142,14.134,0,0,0,4.7234,0,0.058824,0.21176,0.12941,0.6,0,0,1,0,0,0,0,1,0,0,0
0,0,0,0,0,89.683,0,0,0,0,10.317,0,0,0,0,0,100,0,0,0,0,0,0,0,0,0,0,89.683,10.317,0,0,0,0,0,1,0,0,0,0,0,1,0,0,0,0,1,0,0,0
0,0,0,13.602,0,72.797,0,0,0,0,13.602,0,0,0,0,13.602,86.398,0,0,0,0,0,0,0,0,0,0,72.797,13.602,0,0,0,13.602,0,0.086538,0.23077,0.18269,0.5,0,0,1,0,0,0,0,1,0,0,0
0,0,0,9.907,0,85.724,0,0,0,0,4.3694,0,5.5376,0,0,4.3694,90.093,0,0,0,0,0,0,0,0,0,0,85.724,4.3694,0,0,0,9.907,0,0,0.016393,0.2459,0.7377,0,0,1,0,0,0,0,1,0,0,0
0,0,0,6.2391,0,93.761,0,0,0,0,0,0,0,0,0,6.2391,93.761,0,0,0,0,0,0,0,0,0,0,93.761,0,0,0,0,6.2391,0,0,0,0.29688,0.70312,0,0,1,0,0,0,0,1,0,0,0
0,0,0,6.2482,0,93.752,0,0,0,0,0,0,0,0,0,6.2482,84.644,9.108,0,0,0,0,0,0,0,0,0,93.752,0,0,0,0,6.2482,0,0,0,0.25333,0.74667,0,0,1,0,0,0,0,1,0,0,0
0,0,0,0,0,100,0,0,0,0,0,0,0,0,0,0,100,0,0,0,0,0,0,0,0,0,0,94.882,5.1181,0,0,0,0,0,0,0,0.1625,0.8375,0,0,1,0,0,0,0,1,0,0,0
0,0,0,0,0,100,0,0,0,0,0,0,0,0,0,0,100,0,0,0,0,0,0,0,0,0,0,100,0,0,0,0,0,0,0,0.014085,0.1831,0.80282,0,0,1,0,0,0,0,1,0,0,0
0,0,0,0,0,100,0,0,0,0,0,0,0,0,0,0,100,0,0,0,0,0,0,0,0,0,0,100,0,0,0,0,0,0,0,0,0.23881,0.76119,0,0,1,0,0,0,0,1,0,0,0
0,0,0,0,0,100,0,0,0,0,0,0,0,0,0,0,100,0,0,0,0,0,0,0,0,0,0,100,0,0,0,0,0,0,0,0,0.24615,0.75385,0,0,1,0,0,0,0,1,0,0,0
0,0,0,0,0,100,0,0,0,0,0,0,0,0,0,0,100,0,0,0,0,0,0,0,0,0,0,100,0,0,0,0,0,0,0,0.063492,0.19048,0.74603,0,0,1,0,0,0,0,1,0,0,0
0,0,0,0,0,100,0,0,0,0,0,0,0,0,0,0,100,0,0,0,0,0,0,0,0,0,0,100,0,0,0,0,0,0,0,0,0.10417,0.89583,0,0,1,0,0,0,0,1,0,0,0
0,0,0,0,0,100,0,0,0,0,0,0,0,0,0,0,100,0,0,0,0,0,0,0,0,0,0,100,0,0,0,0,0,0,0,0.044444,0.42222,0.53333,0,0,1,0,0,0,0,1,0,0,0
0,0,0,0,0,100,0,0,0,0,0,0,0,0,0,0,100,0,0,0,0,0,0,0,0,0,0,100,0,0,0,0,0,0,0,0.041667,0.125,0.83333,0,0,1,0,0,0,0,1,0,0,0
0,0,0,0,0,100,0,0,0,0,0,0,0,0,0,0,100,0,0,0,0,0,0,0,0,0,0,100,0,0,0,0,0,0,0,0,0.3,0.7,0,0,1,0,0,0,0,1,0,0,0
0,0,0,0,0,100,0,0,0,0,0,0,0,0,0,0,100,0,0,0,0,0,0,0,0,0,0,100,0,0,0,0,0,0,0,0,0.13636,0.86364,0,0,1,0,0,0,0,1,0,0,0
14.512,3.4237,9.0025,3.0008,0,38.143,17.513,0,0,14.405,0,3.0008,0,7.2559,6.0016,17.722,10.271,7.1492,7.2559,20.936,7.2559,13.151,0,3.4237,24.769,6.0016,24.978,17.42,3.0008,10.15,0,3.0008,7.2559,0.022222,0.97778,0,0,0,0,0,1,0,0,0,0,1,0,0,0
0,8.2649,17.435,0,0,48.52,0,0,5.3687,20.412,0,3.4554,10.631,5.2619,0,8.2155,37.698,7.8682,5.3687,8.2649,3.4554,9.7815,0,8.2649,13.979,3.4554,8.2155,40.304,0,9.7815,14.086,1.9133,0,0.11765,0.88235,0,0,0,0,0,1,0,0,0,0,1,0,0,0
0,0,0,0,0,100,0,0,0,0,0,0,0,0,0,0,100,0,0,0,0,0,0,0,0,0,0,100,0,0,0,0,0,0,0,0,0,1,0,0,1,0,0,0,0,1,0,0,0
0,0,15.58,0,6.0099,48.163,0,0,19.864,10.382,0,8.9078,3.0489,2.1496,10.281,6.6855,44.54,0,9.0588,0,9.3186,6.0099,2.6461,4.5359,6.6725,3.0489,0,46.689,0,11.869,15.58,7.484,1.4741,0.032787,0.96721,0,0,0,0,0,1,0,0,0,0,1,0,0,0
0,0,13.833,0,10.542,48.821,0,0,17.764,9.0412,0,4.6987,3.4355,1.6743,15.444,3.0532,38.07,3.3198,12.245,1.6456,7.4597,8.9542,3.3198,4.7274,4.1398,0,3.3198,38.07,1.6456,8.6588,10.6,18.059,7.4597,0,1,0,0,0,0,0,1,0,0,0,0,1,0,0,0
0,0,17.937,0,10.25,37.31,0,0,14.686,18.525,1.2927,7.4353,4.4159,9.8266,10.213,2.613,20.443,3.9057,12.748,8.2748,15.1,5.0245,4.9644,7.0289,2.4115,0,2.613,24.561,7.7238,4.8799,15.217,23.222,7.3784,0.98077,0.019231,0,0,0,0,0,1,0,0,0,0,1,0,0,0
7.8563,0,32.144,12.144,12.144,7.8563,0,7.8563,7.8563,12.144,0,0,20,0,24.287,0,7.8563,7.8563,20,12.144,7.8563,0,7.8563,0,40,0,7.8563,0,0,12.144,0,20,12.144,0.026667,0.066667,0.74667,0.16,0,0,0,0.066667,0.93333,0,0,0,0.053333,0.94667,0,1
2.5303,0,15.847,3.3699,11.943,22.741,0,12.763,22.319,3.3699,5.1163,7.6466,8.4862,0,12.783,13.69,14.168,5.1163,24.563,5.9003,2.5303,5.1163,2.5303,13.69,26.08,0,9.1072,7.591,0,9.4131,2.5303,25.689,3.3699,0,0.021739,0.70652,0.27174,0,0,0,0.021739,0.97826,0,0,0,0.021739,0.97826,0,1
0,0,7.7237,0,0,92.276,0,0,0,0,0,0,0,7.7237,0,30.63,51.596,10.05,0,0,0,0,0,0,0,0,0,89.47,2.8063,0,0,7.7237,0,1,0,0,0,0,0,0,1,0,0,0,0,1,0,0,0
0,0,0,0,0,100,0,0,0,0,0,0,0,0,0,34.637,52.342,13.021,0,0,0,0,0,0,0,0,0,77.057,22.943,0,0,0,0,1,0,0,0,0,0,0,1,0,0,0,0,1,0,0,0
0,0,0,0,0,100,0,0,0,0,0,0,0,0,0,19.042,77.826,3.1316,0,0,0,0,0,0,0,0,0,80.433,19.567,0,0,0,0,1,0,0,0,0,0,0,1,0,0,0,0,1,0,0,0
0,0,0,0,0,100,0,0,0,0,0,0,0,0,0,0,100,0,0,0,0,0,0,0,0,0,0,100,0,0,0,0,0,0,1,0,0,0,0,0,1,0,0,0,0,1,0,0,0
0,0,0,0,0,100,0,0,0,0,0,0,0,0,0,0,100,0,0,0,0,0,0,0,0,0,0,100,0,0,0,0,0,0,0.11,0.16,0.2,0.53,0,0,1,0,0,0,0,1,0,0,0
0,0,17.459,0,0,82.541,0,0,0,0,0,8.7297,0,0,0,0,82.541,0,0,8.7297,0,0,0,0,0,0,0,82.541,0,0,0,8.7297,8.7297,1,0,0,0,0,0,0,1,0,0,0,0,1,0,0,0
0,0,0,0,0,81.11,0,0,18.89,0,0,5.754,0,0,0,18.89,59.961,5.754,0,9.6402,0,0,0,0,0,0,0,75.356,5.754,0,5.754,0,13.136,0.98529,0,0,0,0.014706,0,0,1,0,0,0,0,1,0,0,0
0,0,0,0,0,91.249,0,0,8.7514,0,0,8.7514,0,0,0,8.7514,73.746,8.7514,0,0,0,0,0,0,0,0,0,75.355,15.893,0,8.7514,0,0,0,0,0.025,0.275,0.7,0,0,1,0,0,0,0,1,0,0,0
0,0,0,0,0,91.358,0,0,8.6416,0,0,8.6416,0,0,0,8.6416,67.711,15.006,0,0,0,0,0,0,0,0,0,82.717,8.6416,0,8.6416,0,0,0,0,0,0.13924,0.86076,0,0,1,0,0,0,0,1,0,0,0
0,0,0,0,0,80.83,0,0,19.17,0,0,5.9788,0,0,0,7.2121,67.263,6.3556,0,13.191,0,0,0,0,0,0,0,73.788,7.0424,0,5.9788,0,13.191,0,0,0,0.25926,0.74074,0,0,1,0,0,0,0,1,0,0,0
0,0,0,0,0,88.438,0,0,11.562,0,0,0,0,0,0,11.562,80.527,0,0,7.9117,0,0,0,0,0,0,0,88.438,0,0,0,0,11.562,0,0,0,0.12676,0.87324,0,0,1,0,0,0,0,1,0,0,0
0,0,0,0,0,100,0,0,0,0,0,0,0,0,0,0,100,0,0,0,0,0,0,0,0,0,0,93.086,6.9136,0,0,0,0,0,0,0,0.14925,0.85075,0,0,1,0,0,0,0,1,0,0,0
0,0,0,0,0,100,0,0,0,0,0,0,0,0,0,0,100,0,0,0,0,0,0,0,0,0,0,100,0,0,0,0,0,0,0,0.12857,0.12857,0.74286,0,0,1,0,0,0,0,1,0,0,0
0,0,0,0,0,100,0,0,0,0,0,0,0,0,0,0,100,0,0,0,0,0,0,0,0,0,0,100,0,0,0,0,0,0,0,0,0.125,0.875,0,0,1,0,0,0,0,1,0,0,0
0,0,0,0,0,100,0,0,0,0,0,0,0,0,0,0,100,0,0,0,0,0,0,0,0,0,0,100,0,0,0,0,0,0,0,0,0.089552,0.91045,0,0,1,0,0,0,0,1,0,0,0
0,0,0,0,0,100,0,0,0,0,0,0,0,0,0,13.885,86.115,0,0,0,0,0,0,0,0,0,0,100,0,0,0,0,0,1,0,0,0,0,0,0,1,0,0,0,0,1,0,0,0
0,0,0,0,0,75.909,0,0,24.091,0,0,4.323,0,3.6738,0,8.0978,75.909,0,0,4.323,0,3.6738,0,0,0,0,0,75.909,0,0,7.9968,0,16.095,1,0,0,0,0,0,0,1,0,0,0,0,1,0,0,0
0,0,0,0,0,86.736,0,0,13.264,0,0,0,0,6.6318,0,0,86.736,0,0,0,0,6.6318,0,0,0,0,0,86.736,0,0,6.6318,0,6.6318,1,0,0,0,0,0,0,1,0,0,0,0,1,0,0,0
0,0,0,0,0,83.709,0,0,16.291,0,0,0,3.0587,6.1526,0,4.0211,83.709,0,0,0,0,3.0587,0,0,0,0,0,83.709,0,0,3.0587,3.0587,10.174,1,0,0,0,0,0,0,1,0,0,0,0,1,0,0,0
0,0,0,0,0,84.838,0,0,15.162,0,0,0,0,3.4251,0,11.736,79.823,0,0,5.0157,0,0,0,0,0,0,0,84.838,0,0,0,0,15.162,0,0,0,0.066667,0.93333,0,0,1,0,0,0,0,1,0,0,0
0,0,0,0,0,91.896,0,0,8.1044,0,0,0,0,2.9558,0,5.1486,91.896,0,0,0,0,0,0,0,0,0,0,91.896,0,0,0,0,8.1044,0,0,0,0.34483,0.65517,0,0,1,0,0,0,0,1,0,0,0
0,0,0,0,0,78.906,0,0,21.094,0,0,0,3.2287,5.3534,0,3.9303,78.906,0,0,0,0,8.5821,0,0,0,0,0,78.906,0,0,8.5821,3.2287,9.2837,0,0,0,0.19048,0.80952,0,0,1,0,0,0,0,1,0,0,0
0,0,0,0,0,91.806,0,0,8.1943,0,0,0,2.3543,3.4858,0,0,91.806,0,0,0,0,2.3543,0,0,0,0,0,91.806,0,0,2.3543,2.3543,3.4858,0,0,0,0.14474,0.85526,0,0,1,0,0,0,0,1,0,0,0
0,0,0,0,0,100,0,0,0,0,0,0,0,0,0,0,100,0,0,0,0,0,0,0,0,0,0,100,0,0,0,0,0,0,0,0,0.16129,0.83871,0,0,1,0,0,0,0,1,0,0,0
0,0,0,0,0,100,0,0,0,0,0,0,0,0,0,0,100,0,0,0,0,0,0,0,0,0,0,100,0,0,0,0,0,0,0,0.012195,0.31707,0.67073,0,0,1,0,0,0,0,1,0,0,0
0,0,0,0,0,100,0,0,0,0,0,0,0,0,0,0,100,0,0,0,0,0,0,0,0,0,0,100,0,0,0,0,0,0,0,0,0.19298,0.80702,0,0,1,0,0,0,0,1,0,0,0
0,0,0,0,0,100,0,0,0,0,0,0,0,0,0,0,100,0,0,0,0,0,0,0,0,0,0,100,0,0,0,0,0,0,0,0,0.1831,0.8169,0,0,1,0,0,0,0,1,0,0,0
0,0,0,0,0,100,0,0,0,0,0,0,0,0,0,0,100,0,0,0,0,0,0,0,0,0,0,100,0,0,0,0,0,0,0,0,0.21127,0.78873,0,0,1,0,0,0,0,1,0,0,0
0,0,0,0,0,100,0,0,0,0,0,0,0,0,0,0,100,0,0,0,0,0,0,0,0,0,0,100,0,0,0,0,0,0,0,0,0.1,0.9,0,0,1,0,0,0,0,1,0,0,0
0,0,0,0,0,100,0,0,0,0,0,0,0,0,0,0,100,0,0,0,0,0,0,0,0,0,0,100,0,0,0,0,0,0,0,0,0.25806,0.74194,0,0,1,0,0,0,0,1,0,0,0
0,0,0,0,0,100,0,0,0,0,0,0,0,0,0,0,100,0,0,0,0,0,0,0,0,0,0,100,0,0,0,0,0,0,0,0,0,1,0,0,1,0,0,0,0,1,0,0,0
0,0,0,0,0,100,0,0,0,0,0,0,0,0,0,0,100,0,0,0,0,0,0,0,0,0,0,100,0,0,0,0,0,0,0,0,0.075,0.925,0,0,1,0,0,0,0,1,0,0,0
0,0,0,0,0,100,0,0,0,0,0,0,0,0,0,0,100,0,0,0,0,0,0,0,0,0,0,100,0,0,0,0,0,0,0,0.1194,0.22388,0.65672,0,0,1,0,0,0,0,1,0,0,0
0,0,0,0,0,100,0,0,0,0,0,0,0,0,0,0,100,0,0,0,0,0,0,0,0,0,0,100,0,0,0,0,0,0,0,0,0.10959,0.89041,0,0,1,0,0,0,0,1,0,0,0
0,0,0,0,0,100,0,0,0,0,0,0,0,0,0,0,100,0,0,0,0,0,0,0,0,0,0,100,0,0,0,0,0,0,0,0,0.1875,0.8125,0,0,1,0,0,0,0,1,0,0,0
0,0,0,0,0,100,0,0,0,0,0,0,0,0,0,0,100,0,0,0,0,0,0,0,0,0,0,100,0,0,0,0,0,0,0,0,0,1,0,0,1,0,0,0,0,1,0,0,0
0,0,0,0,0,100,0,0,0,0,0,0,0,0,0,0,100,0,0,0,0,0,0,0,0,0,0,100,0,0,0,0,0,0,0,0,0,1,0,0,1,0,0,0,0,1,0,0,0
0,0,0,0,0,100,0,0,0,0,0,0,0,0,0,0,100,0,0,0,0,0,0,0,0,0,0,100,0,0,0,0,0,0,0,0,0,1,0,0,1,0,0,0,0,1,0,0,0
0,0,0,0,0,100,0,0,0,0,0,0,0,0,0,0,100,0,0,0,0,0,0,0,0,0,0,100,0,0,0,0,0,0,0,0,0,1,0,0,1,0,0,0,0,1,0,0,0
0,0,0,0,0,100,0,0,0,0,0,0,0,0,0,0,100,0,0,0,0,0,0,0,0,0,0,100,0,0,0,0,0,0,0,0,0,1,0,0,1,0,0,0,0,1,0,0,0
0,0,0,0,0,100,0,0,0,0,0,0,0,0,0,0,100,0,0,0,0,0,0,0,0,0,0,100,0,0,0,0,0,0,0,0,0,1,0,0,1,0,0,0,0,1,0,0,0
0,0,0,0,0,100,0,0,0,0,0,0,0,0,0,0,100,0,0,0,0,0,0,0,0,0,0,100,0,0,0,0,0,0,0,0,0,1,0,0,1,0,0,0,0,1,0,0,0
0,0,0,0,0,100,0,0,0,0,0,0,0,0,0,0,100,0,0,0,0,0,0,0,0,0,0,100,0,0,0,0,0,0,0,0,0,1,0,0,1,0,0,0,0,1,0,0,0
0,0,0,0,0,100,0,0,0,0,0,0,0,0,0,0,100,0,0,0,0,0,0,0,0,0,0,100,0,0,0,0,0,0,0,0,0,1,0,0,1,0,0,0,0,1,0,0,0
0,0,0,0,0,100,0,0,0,0,0,0,0,0,0,0,100,0,0,0,0,0,0,0,0,0,0,100,0,0,0,0,0,0,0,0,0,1,0,0,1,0,0,0,0,1,0,0,0
0,0,0,0,0,100,0,0,0,0,0,0,0,0,0,0,100,0,0,0,0,0,0,0,0,0,0,100,0,0,0,0,0,0,0,0,0,1,0,0,1,0,0,0,0,1,0,0,0
0,0,0,0,0,100,0,0,0,0,0,0,0,0,0,0,100,0,0,0,0,0,0,0,0,0,0,100,0,0,0,0,0,0,0,0,0,1,0,0,1,0,0,0,0,1,0,0,0
0,0,0,0,0,100,0,0,0,0,0,0,0,0,0,0,100,0,0,0,0,0,0,0,0,0,0,100,0,0,0,0,0,0,0,0,0,1,0,0,1,0,0,0,0,1,0,0,0
0,0,0,0,0,100,0,0,0,0,0,0,0,0,0,0,100,0,0,0,0,0,0,0,0,0,0,100,0,0,0,0,0,0,0,0,0,1,0,0,1,0,0,0,0,1,0,0,0
0,0,0,0,0,100,0,0,0,0,0,0,0,0,0,0,100,0,0,0,0,0,0,0,0,0,0,100,0,0,0,0,0,0,0,0,0,1,0,0,1,0,0,0,0,1,0,0,0
0,0,0,0,0,100,0,0,0,0,0,0,0,0,0,0,100,0,0,0,0,0,0,0,0,0,0,100,0,0,0,0,0,0,0,0,0,1,0,0,1,0,0,0,0,1,0,0,0
0,0,0,0,0,100,0,0,0,0,0,0,0,0,0,0,100,0,0,0,0,0,0,0,0,0,0,100,0,0,0,0,0,0,0,0,0,1,0,0,1,0,0,0,0,1,0,0,0
0,0,0,0,0,100,0,0,0,0,0,0,0,0,0,0,100,0,0,0,0,0,0,0,0,0,0,100,0,0,0,0,0,0,0,0,0,1,0,0,1,0,0,0,0,1,0,0,0
0,0,0,0,0,100,0,0,0,0,0,0,0,0,0,0,100,0,0,0,0,0,0,0,0,0,0,100,0,0,0,0,0,0,0,0,0.054054,0.94595,0,0,1,0,0,0,0,1,0,0,0
0,0,0,0,0,100,0,0,0,0,0,0,0,0,0,0,100,0,0,0,0,0,0,0,0,0,0,100,0,0,0,0,0,0,0,0,0.039474,0.96053,0,0,1,0,0,0,0,1,0,0,0
0,0,0,0,0,100,0,0,0,0,0,0,0,0,0,0,100,0,0,0,0,0,0,0,0,0,0,100,0,0,0,0,0,0,0,0,0.0125,0.9875,0,0,1,0,0,0,0,1,0,0,0
0,0,0,0,0,100,0,0,0,0,0,0,0,0,0,0,100,0,0,0,0,0,0,0,0,0,0,100,0,0,0,0,0,0,0,0,0.015152,0.98485,0,0,1,0,0,0,0,1,0,0,0
0,0,0,0,0,100,0,0,0,0,0,0,0,0,0,0,100,0,0,0,0,0,0,0,0,0,0,100,0,0,0,0,0,0,0,0,0,1,0,0,1,0,0,0,0,1,0,0,0
0,0,0,0,0,100,0,0,0,0,0,0,0,0,0,0,100,0,0,0,0,0,0,0,0,0,0,100,0,0,0,0,0,0,0,0,0,1,0,0,1,0,0,0,0,1,0,0,0
0,0,0,0,0,100,0,0,0,0,0,0,0,0,0,0,100,0,0,0,0,0,0,0,0,0,0,100,0,0,0,0,0,0,0,0,0,1,0,0,1,0,0,0,0,1,0,0,0
0,0,0,0,0,100,0,0,0,0,0,0,0,0,0,0,100,0,0,0,0,0,0,0,0,0,0,100,0,0,0,0,0,0,0,0,0,1,0,0,1,0,0,0,0,1,0,0,0
0,0,0,0,0,100,0,0,0,0,0,0,0,0,0,0,100,0,0,0,0,0,0,0,0,0,0,100,0,0,0,0,0,0,0,0,0,1,0,0,1,0,0,0,0,1,0,0,0
0,0,0,0,0,100,0,0,0,0,0,0,0,0,0,0,100,0,0,0,0,0,0,0,0,0,0,100,0,0,0,0,0,0,0,0,0,1,0,0,1,0,0,0,0,1,0,0,0
0,0,0,0,0,100,0,0,0,0,0,0,0,0,0,0,100,0,0,0,0,0,0,0,0,0,0,100,0,0,0,0,0,0,0,0,0,1,0,0,1,0,0,0,0,1,0,0,0
0,0,0,0,0,100,0,0,0,0,0,0,0,0,0,0,100,0,0,0,0,0,0,0,0,0,0,100,0,0,0,0,0,0,0,0,0,1,0,0,1,0,0,0,0,1,0,0,0
0,0,0,0,0,100,0,0,0,0,0,0,0,0,0,0,100,0,0,0,0,0,0,0,0,0,0,100,0,0,0,0,0,0,0,0,0,1,0,0,1,0,0,0,0,1,0,0,0
0,0,0,0,0,100,0,0,0,0,0,0,0,0,0,0,100,0,0,0,0,0,0,0,0,0,0,100,0,0,0,0,0,0,0,0,0.045455,0.95455,0,0,1,0,0,0,0,1,0,0,0
0,0,0,0,0,100,0,0,0,0,0,0,0,0,0,0,100,0,0,0,0,0,0,0,0,0,0,100,0,0,0,0,0,0,0,0,0,1,0,0,1,0,0,0,0,1,0,0,0
0,0,0,0,0,100,0,0,0,0,0,0,0,0,0,0,100,0,0,0,0,0,0,0,0,0,0,100,0,0,0,0,0,0,0,0,0.036364,0.96364,0,0,1,0,0,0,0,1,0,0,0
0,0,0,0,0,100,0,0,0,0,0,0,0,0,0,0,100,0,0,0,0,0,0,0,0,0,0,100,0,0,0,0,0,0,0,0,0,1,0,0,1,0,0,0,0,1,0,0,0
0,0,0,0,0,100,0,0,0,0,0,0,0,0,0,0,100,0,0,0,0,0,0,0,0,0,0,100,0,0,0,0,0,0,0,0,0,1,0,0,1,0,0,0,0,1,0,0,0
0,0,0,0,0,100,0,0,0,0,0,0,0,0,0,0,100,0,0,0,0,0,0,0,0,0,0,100,0,0,0,0,0,0,0,0,0,1,0,0,1,0,0,0,0,1,0,0,0
0,0,0,0,0,100,0,0,0,0,0,0,0,0,0,0,100,0,0,0,0,0,0,0,0,0,0,100,0,0,0,0,0,0,0,0,0,1,0,0,1,0,0,0,0,1,0,0,0
0,0,0,0,0,100,0,0,0,0,0,0,0,0,0,0,100,0,0,0,0,0,0,0,0,0,0,100,0,0,0,0,0,0,0,0,0,1,0,0,1,0,0,0,0,1,0,0,0
0,0,0,0,0,100,0,0,0,0,0,0,0,0,0,0,100,0,0,0,0,0,0,0,0,0,0,100,0,0,0,0,0,0,0.083333,0,0.083333,0.83333,0,0,1,0,0,0,0,1,0,0,0
0,0,0,0,0,100,0,0,0,0,0,0,0,0,0,0,100,0,0,0,0,0,0,0,0,0,0,100,0,0,0,0,0,0,0,0,0,1,0,0,1,0,0,0,0,1,0,0,0
0,0,0,0,0,100,0,0,0,0,0,0,0,0,0,0,100,0,0,0,0,0,0,0,0,0,0,100,0,0,0,0,0,0,0,0,0,1,0,0,1,0,0,0,0,1,0,0,0
0,0,0,0,0,100,0,0,0,0,0,0,0,0,0,0,100,0,0,0,0,0,0,0,0,0,0,100,0,0,0,0,0,0,0,0,0,1,0,0,1,0,0,0,0,1,0,0,0
0,0,0,0,0,100,0,0,0,0,0,0,0,0,0,0,100,0,0,0,0,0,0,0,0,0,0,100,0,0,0,0,0,0,0,0,0,1,0,0,1,0,0,0,0,1,0,0,0
0,0,0,0,0,100,0,0,0,0,0,0,0,0,0,0,100,0,0,0,0,0,0,0,0,0,0,100,0,0,0,0,0,0,0,0,0,1,0,0,1,0,0,0,0,1,0,0,0
0,0,0,0,0,100,0,0,0,0,0,0,0,0,0,0,100,0,0,0,0,0,0,0,0,0,0,100,0,0,0,0,0,0,0,0,0,1,0,0,1,0,0,0,0,1,0,0,0
0,0,0,0,0,100,0,0,0,0,0,0,0,0,0,0,100,0,0,0,0,0,0,0,0,0,0,100,0,0,0,0,0,0,0,0,0,1,0,0,1,0,0,0,0,1,0,0,0
0,0,0,0,0,100,0,0,0,0,0,0,0,0,0,0,100,0,0,0,0,0,0,0,0,0,0,100,0,0,0,0,0,0,0,0,0,1,0,0,1,0,0,0,0,1,0,0,0
0,0,0,0,0,100,0,0,0,0,0,0,0,0,0,0,100,0,0,0,0,0,0,0,0,0,0,100,0,0,0,0,0,0,1,0,0,0,0,0,0.92308,0.076923,0,0,0,0.92308,0.076923,0,0
0,2.6686,13.48,5.5229,4.7047,33.179,20.192,3.0896,12.459,4.7047,0,3.0896,5.3373,4.2566,3.4869,8.143,52.309,2.6686,7.3733,1.6365,6.1069,5.5927,15.778,6.9252,11.799,7.7434,6.1555,32.361,0,4.7047,12.896,0,1.6365,0.92308,0.076923,0,0,0,0,0,1,0,0,0,0,1,0,0,1
0,0,0,0,8.8049,91.195,0,0,0,0,0,0,0,8.8049,0,0,82.39,8.8049,0,0,0,0,0,0,0,0,0,72.526,18.669,8.8049,0,0,0,0,1,0,0,0,0,0,1,0,0,0,0,1,0,0,0
0,0,0,0,5.2349,90.244,0,0,4.5215,0,0,0,0,5.2349,0,0,74.952,15.291,0,0,0,4.5215,0,0,4.5215,0,0,75.835,14.409,5.2349,0,0,0,0,1,0,0,0,0,0,1,0,0,0,0,1,0,0,0
0,0,0,0,35.373,64.627,0,0,0,0,0,0,0,14.627,10.373,0,50,14.627,0,10.373,0,0,0,0,0,0,0,64.627,0,25,10.373,0,0,0,1,0,0,0,0,0,1,0,0,0,0,1,0,0,0
0,0,0,0,25.32,74.68,0,0,0,0,0,0,0,12.66,0,0,65.203,9.4767,0,12.66,0,0,0,0,0,0,0,60.288,14.392,25.32,0,0,0,0,1,0,0,0,0,0,1,0,0,0,0,1,0,0,0
0,12.687,13.991,6.4446,3.4533,7.7848,13.185,7.3392,28.145,6.9692,0,4.718,12.33,12.083,3.9912,3.9122,27.657,8.7092,15.308,0,5.2821,6.0088,18.63,7.0087,16.048,11.357,13.225,5.1635,0,3.4533,20.396,0,4.718,0.24,0.76,0,0,0,0,0,1,0,0,0,0,1,0,0,1
0,0,0,0,58.336,41.664,0,0,0,0,0,0,0,0,29.168,0,41.664,0,0,29.168,0,0,0,0,0,0,0,41.664,0,20.486,37.85,0,0,0,0.52632,0.078947,0.18421,0.21053,0,0,1,0,0,0,0,1,0,0,0
0,0,0,0,66.667,33.333,0,0,0,0,0,0,0,12.899,20.434,0,33.333,0,0,33.333,0,0,0,0,0,0,0,33.333,12.899,12.899,40.868,0,0,0,0.41026,0.051282,0.23077,0.30769,0,0,1,0,0,0,0,1,0,0,0
0,0,0,0,56.068,43.932,0,0,0,0,0,0,0,9.0545,18.98,0,43.932,0,0,28.034,0,0,0,0,0,0,0,43.932,0,18.109,37.959,0,0,0,1,0,0,0,0,0,1,0,0,0,0,1,0,0,0
0,0,0,0,0,100,0,0,0,0,0,0,0,0,0,8.1872,83.626,8.1872,0,0,0,0,0,0,0,0,16.374,83.626,0,0,0,0,0,0,1,0,0,0,0,0,1,0,0,0,0,1,0,0,0
0,0,0,0,61.655,38.345,0,0,0,0,0,0,0,0,30.827,0,38.345,0,0,30.827,0,0,0,0,0,0,0,38.345,0,20.99,40.665,0,0,0,1,0,0,0,0,0,1,0,0,0,0,1,0,0,0
0,0,0,0,0,100,0,0,0,0,0,0,0,0,0,0,82.651,17.349,0,0,0,0,0,0,0,0,33.333,66.667,0,0,0,0,0,0,1,0,0,0,0,0,1,0,0,0,0,1,0,0,0
0,0,0,0,60.825,39.175,0,0,0,0,0,0,0,18.683,4.1028,11.73,23.9,11.173,0,18.683,11.73,0,0,0,0,0,0,39.175,0,27.445,21.65,11.73,0,0,0.33333,0.11905,0.071429,0.47619,0,0,1,0,0,0,0,1,0,0,0
0,0,0,0,45.534,54.466,0,0,0,0,0,0,0,5.6338,5.6338,14.9,43.199,5.6338,0,0,25,0,0,0,0,0,0,54.466,0,20.534,10.1,14.9,0,0,0.77778,0.083333,0,0.13889,0,0,1,0,0,0,0,1,0,0,0
0,0,0,0,45.201,54.799,0,0,0,0,0,0,0,4.0406,4.0406,16.214,30.504,20.254,0,0,24.947,0,0,0,0,0,0,54.799,0,4.0406,24.947,16.214,0,0,1,0,0,0,0,0,1,0,0,0,0,1,0,0,0
0,0,0,0,48.912,51.088,0,0,0,0,0,0,0,11.618,12.838,0,39.47,11.618,11.618,12.838,0,0,0,0,0,0,0,51.088,11.618,12.838,24.456,0,0,0,0.98936,0.010638,0,0,0,0,1,0,0,0,0,1,0,0,0
0,0,0,0,78.633,21.367,0,0,0,0,0,0,0,39.317,5.4601,0,10.447,5.4601,23.41,15.907,0,0,0,0,0,0,0,21.367,10.447,44.777,23.41,0,0,0,1,0,0,0,0,0,1,0,0,0,0,1,0,0,0
0,0,0,0,61.151,38.849,0,0,0,0,0,0,0,30.575,8.2735,0,0,30.575,22.302,8.2735,0,0,0,0,0,0,0,38.849,22.302,16.547,22.302,0,0,0,1,0,0,0,0,0,1,0,0,0,0,1,0,0,0
0,0,0,0,34.729,65.271,0,0,0,0,0,0,0,17.365,0,0,65.271,0,0,17.365,0,0,0,0,0,0,0,65.271,17.365,17.365,0,0,0,0,1,0,0,0,0,0,1,0,0,0,0,1,0,0,0
0,0,0,0,0,86.58,13.42,0,0,0,0,0,0,0,0,0,100,0,0,0,0,0,0,0,0,0,28.042,71.958,0,0,0,0,0,0,1,0,0,0,0,0,1,0,0,0,0,1,0,0,0
0,0,0,0,0,100,0,0,0,0,0,0,0,0,0,0,100,0,0,0,0,0,0,0,0,0,0,100,0,0,0,0,0,0,1,0,0,0,0,0,1,0,0,0,0,1,0,0,0
0,0,0,0,0,81.518,18.482,0,0,0,0,0,0,0,0,0,100,0,0,0,0,0,0,0,0,0,33.333,48.184,18.482,0,0,0,0,0,1,0,0,0,0,0,1,0,0,0,0,1,0,0,0
0,0,0,0,37.688,62.312,0,0,0,0,0,0,0,18.844,18.844,0,24.624,18.844,0,7.0158,11.828,0,0,0,0,0,0,62.312,0,25.86,11.828,0,0,0,1,0,0,0,0,0,1,0,0,0,0,1,0,0,0
0,0,0,0,0,100,0,0,0,0,0,0,0,0,0,0,100,0,0,0,0,0,0,0,0,0,0,100,0,0,0,0,0,0,1,0,0,0,0,0,1,0,0,0,0,1,0,0,0
0,0,0,0,24.623,75.377,0,0,0,0,0,0,0,12.312,0,0,75.377,0,0,12.312,0,0,0,0,0,0,0,75.377,0,12.312,12.312,0,0,0,1,0,0,0,0,0,1,0,0,0,0,1,0,0,0
0,0,0,0,0,100,0,0,0,0,0,0,0,0,0,0,100,0,0,0,0,0,0,0,0,0,0,100,0,0,0,0,0,0,1,0,0,0,0,0,1,0,0,0,0,1,0,0,0
0,0,0,0,0,100,0,0,0,0,0,0,0,0,0,0,100,0,0,0,0,0,0,0,0,0,0,100,0,0,0,0,0,0,1,0,0,0,0,0,1,0,0,0,0,1,0,0,0
0,0,0,0,0,75,25,0,0,0,0,0,0,0,0,25,50,0,25,0,0,0,0,0,0,0,25,25,50,0,0,0,0,0,1,0,0,0,0,0,1,0,0,0,0,1,0,0,0
0,0,0,0,0,100,0,0,0,0,0,0,0,0,0,0,100,0,0,0,0,0,0,0,0,0,0,100,0,0,0,0,0,0,1,0,0,0,0,0,1,0,0,0,0,1,0,0,0
0,0,0,0,0,100,0,0,0,0,0,0,0,0,0,0,91.138,0,8.8617,0,0,0,0,0,0,0,8.8617,91.138,0,0,0,0,0,0,1,0,0,0,0,0,1,0,0,0,0,1,0,0,0
0,2.152,6.4492,2.1532,0,66.6,4.2881,4.3052,14.052,0,0,2.1532,2.152,4.2972,0,9.9721,68.527,2.1532,2.152,2.152,2.144,4.2972,16.194,2.144,4.3063,2.144,7.828,53.971,4.8016,0,4.3063,0,4.3052,0,1,0,0,0,0,0,1,0,0,0,0,1,0,0,0
0,2.7563,10.36,7.0916,1.6739,32.497,8.3789,10.12,25.449,1.6739,0,8.8224,4.2154,5.4177,2.4058,2.9711,54.01,5.9301,4.4302,3.1907,1.4591,7.1479,16.639,2.4058,18.157,3.3525,5.1621,30.253,0,1.6739,14.696,0,7.6617,0.51852,0.48148,0,0,0,0,0,1,0,0,0,0,1,0,0,1
0,0,0,0,0,93.881,0,0,6.1193,0,0,0,0,0,0,7.7883,78.304,7.7883,0,0,0,6.1193,0,0,6.1193,0,15.577,78.304,0,0,0,0,0,0,0.97403,0.025974,0,0,0,0,1,0,0,0,0,1,0,0,0
0,3.8834,4.6044,4.7479,0,31.445,28.227,10.54,13.283,3.2702,0,13.251,4.6346,6.8057,6.5432,9.5684,29.295,1.7953,6.1096,9.4958,5.3822,7.1188,7.4401,7.557,16.265,15.922,11.609,15.778,1.1821,3.7553,10.996,0,9.4958,0.013158,0.96053,0.026316,0,0,0,0,1,0,0,0,0,1,0,0,0
0,0,0,0,0,96.665,0,0,3.3353,0,0,0,0,0,0,0,100,0,0,0,0,0,3.3353,0,0,0,0,89.56,7.1046,0,0,0,0,0,1,0,0,0,0,0,1,0,0,0,0,1,0,0,0
0,0,0,0,0,100,0,0,0,0,0,0,0,0,0,0,100,0,0,0,0,0,0,0,0,0,0,100,0,0,0,0,0,0,1,0,0,0,0,0,1,0,0,0,0,1,0,0,0
0,12.896,10.016,1.6215,1.7825,35.293,11.332,6.728,12.829,7.5031,0,4.261,12.409,4.9907,2.2331,15.817,27.475,2.9633,16.625,5.2237,6.6209,1.38,18.898,3.7741,9.2598,10.232,14.193,19.485,0.84697,5.3133,12.044,0,5.9539,1,0,0,0,0,0,0,1,0,0,0,0,1,0,0,1
0,0,0,0,0,100,0,0,0,0,0,0,0,0,0,0,100,0,0,0,0,0,0,0,0,0,0,100,0,0,0,0,0,0.029412,0.97059,0,0,0,0,0,1,0,0,0,0,1,0,0,0
0,0,0,0,0,95.972,0,0,0,4.0283,0,4.0283,0,0,0,15.13,68.247,8.5665,4.0283,0,0,0,0,0,0,0,19.668,64.219,4.0283,4.0283,8.0566,0,0,0,0,0.025316,0.63291,0.34177,0,0,1,0,0,0,0,0.12658,0.87342,0,0
0,2.1235,0,0,0,94.709,0,0,0,3.1672,0,3.1672,4.247,0,0,12.551,72.774,4.0937,3.1672,0,0,0,0,2.1235,2.1235,2.1235,11.354,57.686,15.088,3.1672,6.3343,0,0,0,0,0,1,0,0,0,1,0,0,0,0,0,1,0,0
0,0,0,0,0,100,0,0,0,0,0,0,0,0,0,0,100,0,0,0,0,0,0,0,0,0,0,90.972,9.0279,0,0,0,0,0,0,0,0.74699,0.25301,0,0,1,0,0,0,0,0.072289,0.92771,0,0
0,0,0,0,0,100,0,0,0,0,0,0,0,0,0,0,100,0,0,0,0,0,0,0,0,0,0,91.848,8.1519,0,0,0,0,0,0,0,1,0,0,0,1,0,0,0,0,0,1,0,0
0,0,0,0,0,100,0,0,0,0,0,0,0,0,0,0,100,0,0,0,0,0,0,0,0,0,0,100,0,0,0,0,0,0,1,0,0,0,0,0,1,0,0,0,0,1,0,0,0
0,0,0,0,0,100,0,0,0,0,0,0,0,0,0,0,100,0,0,0,0,0,0,0,0,0,0,100,0,0,0,0,0,0,1,0,0,0,0,0,1,0,0,0,0,1,0,0,0
0,0,0,0,0,100,0,0,0,0,0,0,0,0,0,0,100,0,0,0,0,0,0,0,0,0,0,100,0,0,0,0,0,0,1,0,0,0,0,0,1,0,0,0,0,1,0,0,0
0,0,0,0,0,100,0,0,0,0,0,0,0,0,0,0,100,0,0,0,0,0,0,0,0,0,0,100,0,0,0,0,0,0.071429,0.92857,0,0,0,0,0,1,0,0,0,0,1,0,0,1
0,0,0,0,0,100,0,0,0,0,0,0,0,0,0,0,100,0,0,0,0,0,0,0,0,0,0,100,0,0,0,0,0,0,1,0,0,0,0,0,1,0,0,0,0,1,0,0,0
0,0,0,0,0,100,0,0,0,0,0,0,0,0,0,0,100,0,0,0,0,0,0,0,0,0,0,100,0,0,0,0,0,0,1,0,0,0,0,0,1,0,0,0,0,1,0,0,0
0,0,0,0,0,92.297,7.7026,0,0,0,0,0,0,0,0,0,100,0,0,0,0,0,0,0,0,0,20.852,71.445,7.7026,0,0,0,0,0,0,0.027778,0.59722,0.375,0,0,1,0,0,0,0,0.083333,0.91667,0,0
0,0,0,0,0,100,0,0,0,0,0,0,0,0,0,0,100,0,0,0,0,0,0,0,0,0,8.7338,81.054,10.212,0,0,0,0,0,0,0,1,0,0,0,1,0,0,0,0,0,1,0,0
0,0,0,0,0,83.224,16.776,0,0,0,0,0,0,0,0,0,100,0,0,0,0,0,0,0,0,0,25.38,64.461,10.159,0,0,0,0,0,0,0,0.78261,0.21739,0,0,1,0,0,0,0,0.11594,0.88406,0,0
0,0,0,0,0,91.129,8.8708,0,0,0,0,0,0,0,0,0,100,0,0,0,0,0,0,0,0,0,8.8708,73.474,17.655,0,0,0,0,0,0,0,1,0,0,0,1,0,0,0,0,0,1,0,0
0,0,0,0,0,100,0,0,0,0,0,0,0,0,0,0,100,0,0,0,0,0,0,0,0,0,0,100,0,0,0,0,0,0,1,0,0,0,0,0,1,0,0,0,0,1,0,0,0
0,0,0,0,0,100,0,0,0,0,0,0,0,0,0,0,100,0,0,0,0,0,0,0,0,0,0,100,0,0,0,0,0,0,1,0,0,0,0,0,1,0,0,0,0,1,0,0,0
0,0,0,0,0,76.787,23.213,0,0,0,0,0,0,0,0,5.7536,77.525,11.507,5.2142,0,0,0,0,0,0,0,39.935,37.693,22.372,0,0,0,0,0,0,0.012346,0.71605,0.2716,0,0,1,0,0,0,0,0.049383,0.95062,0,0
0,0,0,0,0,95.226,4.7736,0,0,0,0,0,0,0,0,10.011,69.968,15.247,4.7736,0,0,0,0,0,0,0,15.248,60.41,24.342,0,0,0,0,0,0,0,1,0,0,0,1,0,0,0,0,0,1,0,0
0,0,0,0,0,94.049,5.9508,0,0,0,0,0,0,0,0,10.359,74.874,8.8163,5.9508,0,0,0,0,0,0,0,14.767,64.515,20.718,0,0,0,0,0,0.98765,0.012346,0,0,0,0,1,0,0,0,0,1,0,0,0
0,0,0,0,0,100,0,0,0,0,0,0,0,0,0,12.099,63.704,24.197,0,0,0,0,0,0,0,0,24.197,51.605,24.197,0,0,0,0,0,1,0,0,0,0,0,1,0,0,0,0,1,0,0,0
0,0,0,0,0,100,0,0,0,0,0,0,0,0,0,0,100,0,0,0,0,0,0,0,0,0,0,69.007,30.993,0,0,0,0,0,1,0,0,0,0,0,1,0,0,0,0,1,0,0,0
4.1195,0,16.542,5.514,0,64.191,0,0,9.6335,0,0,9.6335,0,0,5.514,9.6335,64.191,0,0,0,5.514,5.514,0,15.147,9.6335,0,0,58.677,5.514,0,0,5.514,5.514,0,1,0,0,0,0,0,1,0,0,0,0,1,0,0,0
8.4458,8.4458,7.7183,2.5728,0,48.683,0,0,11.019,13.116,0,11.019,0,0,19.464,2.5728,40.237,0,0,0,11.019,15.689,8.4458,5.1455,11.019,0,0,18.832,29.851,13.116,0,11.019,2.5728,0,1,0,0,0,0,0,1,0,0,0,0,1,0,0,0
0,0,0,0,0,100,0,0,0,0,0,0,0,0,0,0,100,0,0,0,0,0,0,0,0,0,0,100,0,0,0,0,0,0,1,0,0,0,0,0,1,0,0,0,0,1,0,0,0
0,0,0,0,0,100,0,0,0,0,0,0,0,0,0,0,100,0,0,0,0,0,0,0,0,0,0,89.243,10.757,0,0,0,0,0,1,0,0,0,0,0,1,0,0,0,0,1,0,0,0
0,0,0,0,0,88.222,0,0,0,11.778,0,0,0,0,0,0,88.222,0,0,0,0,11.778,0,0,0,0,0,76.444,11.778,11.778,0,0,0,0,1,0,0,0,0,0,1,0,0,0,0,1,0,0,0
7.1285,7.1285,0,8.2462,0,54.994,0,0,15.375,7.1285,0,7.1285,0,0,22.503,0,47.865,0,0,0,15.375,7.1285,7.1285,8.2462,7.1285,0,0,29.161,25.832,7.1285,0,15.375,0,0.11111,0.88889,0,0,0,0,0,1,0,0,0,0,1,0,0,0
0,21.61,0,0,10.204,16.031,6.7806,6.7806,16.984,10.204,11.406,0,10.204,0,6.7806,6.7806,9.2506,33.969,4.6253,16.984,0,11.406,11.406,18.186,0,16.984,6.7806,9.2506,0,10.204,10.204,16.984,0,0,0,1,0,0,0,0,0,0,1,0,0,0,1,0,1
0,8.9851,0,9.7979,9.3419,9.4751,4.347,21.769,26.017,5.9201,4.347,0,8.4501,1.282,9.4411,20.131,11.08,32.472,0,8.9851,0,8.159,11.615,22.304,7.624,8.9851,5.6291,1.282,2.564,4.6381,22.562,12.797,0,0,0,1,0,0,0,0,0,0,1,0,0,0,1,0,1
0,8.6452,0,7.7812,3.1663,18.393,5.4788,26.118,19.339,11.08,0,0,8.5132,7.9132,7.7812,17.858,24.35,19.593,0,8.6452,0,5.3469,10.348,15.292,16.173,14.124,2.4343,11.089,4.8687,3.1663,13.992,8.5132,0,0.017857,0.035714,0.94643,0,0,0,0,0.053571,0,0.94643,0,0,0.053571,0.94643,0,1
0,21.943,0,1.8152,3.8384,25.713,5.0608,10.506,12.53,15.971,2.623,0,12.725,5.0608,8.8868,6.876,25.518,14.553,9.6945,12.248,0,4.4382,18.104,6.2534,8.6912,13.96,7.0716,18.642,0,10.91,10.714,5.6536,0,0,0,1,0,0,0,0,0,0,1,0,0,0,1,0,1
0,6.405,1.5379,1.2547,0,62.184,10.693,4.0473,9.2453,4.6321,0,5.8679,8.9561,1.2547,1.2547,18.813,41.015,3.3753,6.17,6.3633,5.6746,1.2547,8.7503,3.8058,10.735,10.735,11.859,35.955,2.5511,3.3585,5.8868,0,6.3633,0,0,0.073529,0.92647,0,0,0,1,0,0,0,0,0.16176,0.83824,0,0
0,0,0,0,0,100,0,0,0,0,0,0,0,0,0,21.651,72.307,6.0413,0,0,0,0,0,0,0,0,0,56.698,43.302,0,0,0,0,1,0,0,0,0,0,0,1,0,0,0,0,1,0,0,0
0,0,0,0,0,100,0,0,0,0,0,0,0,0,0,19.322,66.881,13.797,0,0,0,0,0,0,0,0,0,61.356,38.644,0,0,0,0,1,0,0,0,0,0,0,1,0,0,0,0,1,0,0,0
0,0,0,0,5.6841,77.264,5.6841,0,5.6841,5.6841,0,0,11.368,0,0,11.947,51.803,13.514,11.368,0,0,0,0,11.368,0,0,0,54.426,17.154,5.6841,5.6841,0,5.6841,1,0,0,0,0,0,0,1,0,0,0,0,1,0,0,0
0,0,0,0,0,94.217,5.7831,0,0,0,0,0,0,0,0,16.611,70.638,6.9674,5.7831,0,0,0,0,5.7831,0,0,0,57.364,36.853,0,0,0,0,1,0,0,0,0,0,0,1,0,0,0,0,1,0,0,0
0,5.0897,0,10.088,4.35,36.4,5.0897,13.275,16.782,7.4479,1.4775,0,2.9922,7.4479,5.3131,21.461,33.31,21.006,0,5.0897,0,3.3801,17.111,11.141,5.5149,8.702,5.3131,18.52,12.566,0,16.662,4.4697,0,0,0,1,0,0,0,0,0,0,1,0,0,0,1,0,1
7.2851,26.944,0,0,0,48.967,0,0,0,16.804,0,0,3.6425,4.3207,12.144,0,53.627,0,0,26.266,0,0,0,9.1514,17.115,7.9632,0,45.765,0,18.066,1.9399,0,0,0,0.92308,0.076923,0,0,0,0,0.94231,0.057692,0,0,0,0.94231,0.057692,0,0
0,3.3039,0,0,3.0065,60.044,9.0079,0,12.312,12.326,0,5.4094,9.3168,0,0,20.433,40.203,0,15.333,3.3039,6.0014,0,6.0014,6.0129,6.0014,6.0014,6.0157,37.491,2.7119,8.4159,15.038,0,6.3103,0.125,0.041667,0.041667,0.79167,0,0,0,1,0,0,0,0,0.22222,0.77778,0,0
0,0,0,0,0,75.355,8.8378,15.807,0,0,0,0,0,0,0,8.8378,66.517,15.807,8.8378,0,0,0,0,24.645,0,0,0,49.421,25.934,0,0,0,0,1,0,0,0,0,0,0,1,0,0,0,0,1,0,0,0
0,0,0,0,0,50,37.7,12.3,0,0,0,0,0,0,0,12.3,75.399,12.3,0,0,0,0,0,12.3,0,37.7,0,24.601,25.399,0,0,0,0,0.58491,0.41509,0,0,0,0,0,1,0,0,0,0,1,0,0,0
0,3.9723,0,0,0,96.028,0,0,0,0,0,0,7.9445,0,0,3.9723,88.083,0,0,0,0,0,0,3.9723,3.9723,3.9723,0,81.504,6.5788,0,0,0,0,0,0.10606,0,0.89394,0,0,0,1,0,0,0,0,0.10606,0.89394,0,0
0,0,0,0,0,72.716,13.642,13.642,0,0,0,0,0,0,0,13.642,57.572,28.786,0,0,0,0,0,13.642,0,13.642,0,72.716,0,0,0,0,0,0.89655,0.10345,0,0,0,0,0,1,0,0,0,0,1,0,0,0
0,0,0,0,0,64.184,25.822,9.9931,0,0,0,0,0,0,0,17.445,64.184,18.371,0,0,0,0,0,9.9931,0,25.822,0,55.807,8.3778,0,0,0,0,0,0.25316,0.74684,0,0,0,0,1,0,0,0,0,1,0,0,0
0,0,0,0,0,50,50,0,0,0,0,0,0,0,0,30.178,50,19.822,0,0,0,0,0,0,0,50,0,30.178,19.822,0,0,0,0,0,0.57627,0.13559,0.16949,0.11864,0,0,1,0,0,0,0,1,0,0,0
0,0,0,0,0,100,0,0,0,0,0,0,0,0,0,0,100,0,0,0,0,0,0,0,0,0,0,50,50,0,0,0,0,0,0.79592,0.20408,0,0,0,0,1,0,0,0,0,1,0,0,0
0,0,0,0,0,50,39.636,10.364,0,0,0,0,0,0,0,10.364,79.271,10.364,0,0,0,0,0,10.364,0,39.636,0,20.729,29.271,0,0,0,0,0,0.047059,0.070588,0.58824,0.29412,0,0,1,0,0,0,0,1,0,0,0
0,0,0,0,0,100,0,0,0,0,0,0,0,0,0,11.857,88.143,0,0,0,0,0,0,0,0,0,0,35.571,64.429,0,0,0,0,0,0,0,0.046875,0.95312,0,0,1,0,0,0,0,1,0,0,0
0,0,0,0,0,100,0,0,0,0,0,0,0,0,0,9.8387,86.665,3.4962,0,0,0,0,0,0,0,0,0,80.323,19.677,0,0,0,0,1,0,0,0,0,0,0,1,0,0,0,0,1,0,0,0
0,0,0,0,0,80.623,0,0,19.377,0,0,4.8987,4.7899,0,0,0,80.623,0,0,0,4.8987,4.7899,0,0,0,0,0,80.623,0,0,4.7899,14.587,0,1,0,0,0,0,0,0,1,0,0,0,0,1,0,0,0
0,0,0,0,0,100,0,0,0,0,0,0,0,0,0,6.0763,87.847,6.0763,0,0,0,0,0,0,0,0,0,87.847,12.153,0,0,0,0,1,0,0,0,0,0,0,1,0,0,0,0,1,0,0,0
0,0,0,0,0,81.406,0,0,18.594,0,0,3.4478,0,0,0,0,81.406,11.698,0,0,3.4478,0,0,0,0,0,0,81.406,0,0,0,6.8956,11.698,0.90909,0.075758,0,0,0.015152,0,0,1,0,0,0,0,1,0,0,0
0,0,0,0,0,74.58,0,0,25.42,0,0,2.7732,5.4451,6.1877,0,0,74.58,0,0,0,8.2183,2.7959,0,0,0,0,0,74.58,0,0,2.7959,16.437,6.1877,0,0,0,0.22727,0.77273,0,0,1,0,0,0,0,1,0,0,0
0,0,0,0,0,87.185,0,0,12.815,0,0,3.1368,3.2705,0,0,0,87.185,0,0,0,3.1368,3.2705,0,0,0,0,0,87.185,0,0,3.2705,9.5441,0,0,0,0,0.24242,0.75758,0,0,1,0,0,0,0,1,0,0,0
0,0,0,0,0,70.017,0,0,29.983,0,0,3.3093,7.8666,0,0,0,70.017,10.94,0,0,5.2514,2.6152,0,0,0,0,0,70.017,0,0,2.6152,16.427,10.94,0,0,0,0.29825,0.70175,0,0,1,0,0,0,0,1,0,0,0
0,0,0,0,0,86.073,0,0,13.927,0,0,2.6736,0,0,0,0,86.073,8.5797,0,0,2.6736,0,0,0,0,0,0,86.073,0,0,0,5.3472,8.5797,0,0,0,0.18462,0.81538,0,0,1,0,0,0,0,1,0,0,0
0,0,0,0,0,100,0,0,0,0,0,0,0,0,0,0,100,0,0,0,0,0,0,0,0,0,0,100,0,0,0,0,0,0,0,0.033898,0.23729,0.72881,0,0,1,0,0,0,0,1,0,0,0
0,0,0,0,0,100,0,0,0,0,0,0,0,0,0,0,100,0,0,0,0,0,0,0,0,0,0,100,0,0,0,0,0,0,0,0,0.12857,0.87143,0,0,1,0,0,0,0,1,0,0,0
0,0,0,0,0,100,0,0,0,0,0,0,0,0,0,0,100,0,0,0,0,0,0,0,0,0,0,100,0,0,0,0,0,0,0,0.016393,0.16393,0.81967,0,0,1,0,0,0,0,1,0,0,0
0,0,0,0,0,100,0,0,0,0,0,0,0,0,0,0,100,0,0,0,0,0,0,0,0,0,0,100,0,0,0,0,0,0,0,0.016393,0.081967,0.90164,0,0,1,0,0,0,0,1,0,0,0
0,0,0,0,0,94.009,5.9906,0,0,0,0,0,0,0,0,11.08,69.07,13.86,5.9906,0,0,0,0,5.9906,0,0,0,71.85,22.16,0,0,0,0,0.98765,0.012346,0,0,0,0,0,1,0,0,0,0,1,0,0,0
0,0,21.521,5.3863,0,51.049,2.5156,0,11.022,2.8707,5.636,5.3863,11.022,2.8707,8.1516,0,45.412,19.005,0,8.1516,0,0,16.24,10.667,0,2.5156,0,45.412,11.272,0,0,11.022,2.8707,0,0.67949,0.064103,0.051282,0.20513,0,0,1,0,0,0,0,1,0,0,0
1.3625,2.725,16.722,6.5039,0,51.434,7.0327,0,8.3708,1.7698,4.0793,6.4985,11.509,1.3625,5.6783,1.3544,49.651,15.544,1.3625,4.3158,0,2.725,15.544,9.0363,5.4337,7.0408,1.3544,51.021,3.1378,0,0,6.0775,1.3544,0,0.52941,0,0,0.47059,0,0,1,0,0,0,0,0.52941,0,0.47059,1
0,0,7.6345,29.96,0,33.526,2.738,0,14.689,0,11.453,7.6345,13.61,11.702,8.4647,0,28.629,9.793,11.453,2.738,0,5.9753,9.793,10.372,0,2.738,0,28.629,10.623,5.7267,17.677,14.44,0,0,0.22892,0.10843,0.53012,0.13253,0,0,1,0,0,0,0,1,0,0,0
0.73576,3.097,1.2022,3.9513,0,39.646,15.915,10.446,18.434,1.4351,5.1376,2.6374,14.57,7.0183,2.9526,5.122,43.721,2.4861,7.1198,2.5489,4.863,6.961,1.4351,13.861,20.634,8.0993,9.985,33.437,3.1126,0,0,5.9762,3.4601,0,0,0,0.35714,0.64286,0,0,1,0,0,0,0,0,0.35714,0.64286,1
1.7624,9.3107,0,0,0,26.956,36.989,11.268,10.731,0,2.9828,0,13.498,9.7214,1.3517,10.622,28.638,3.2357,18.448,8.6349,0.77917,5.0711,1.443,14.281,40.066,11.493,10.665,18.893,1.455,0,0,0.85194,0.85194,0,0,0,0,1,0,0,1,0,0,0,0,0,0,1,1
2.5573,7.8959,0,0,0,25.966,25.833,25.124,10.592,0,2.0311,0,11.87,16.524,7.8959,9.3521,28.069,10.91,2.0299,0.45622,7.6445,5.2483,1.4118,21.612,22.731,17.437,15.998,18.778,1.1173,0,0,0.45763,0.45763,0,0,0,0,1,0,0,1,0,0,0,0,0,0,1,1
0,0,0,0,0,100,0,0,0,0,0,0,0,0,0,0,100,0,0,0,0,0,0,0,0,0,0,100,0,0,0,0,0,0,0,0.025974,0.24675,0.72727,0,0,1,0,0,0,0,1,0,0,0
0,0,0,0,0,100,0,0,0,0,0,0,0,0,0,0,100,0,0,0,0,0,0,0,0,0,0,100,0,0,0,0,0,0,0,0.013889,0.29167,0.69444,0,0,1,0,0,0,0,1,0,0,0
0,0,0,0,0,100,0,0,0,0,0,0,0,0,0,0,100,0,0,0,0,0,0,0,0,0,0,100,0,0,0,0,0,0,0,0,0.33333,0.66667,0,0,1,0,0,0,0,1,0,0,0
0,0,0,0,0,100,0,0,0,0,0,0,0,0,0,0,100,0,0,0,0,0,0,0,0,0,0,100,0,0,0,0,0,0,0,0,0.33333,0.66667,0,0,1,0,0,0,0,1,0,0,0
0,0,0,1.9323,0,65.872,12.212,1.1537,14.597,1.9323,2.3009,1.9323,11.136,1.9323,0,3.4545,76.93,2.3074,1.1537,0,0,1.1537,3.086,4.6082,5.7554,8.7572,3.4545,65.872,0,0,0,4.2332,4.2332,0,0,0,0,1,0,0,1,0,0,0,0,0,0,1,1
0,0.84043,0,0,0,72.447,5.3117,4.1273,9.5556,6.5332,1.1844,6.5332,5.578,1.6809,0.84043,3.6308,73.632,4.0525,1.606,0,0.84043,1.606,1.606,6.0773,5.6557,1.6809,4.4713,71.607,0,0,0,7.7176,1.1844,0,0,0,0,1,0,0,1,0,0,0,0,0,0,1,1
4.336,9.1097,0,0,0,36.025,22.353,10.28,11.055,0,6.8419,0,13.943,9.6862,7.3661,7.3414,36.077,4.615,6.8972,4.525,1.8033,7.7459,1.5719,11.939,23.383,15.249,7.2579,35.259,2.7814,0,0,1.2792,1.2792,0,0,0,0,1,0,0,1,0,0,0,0,0,0,1,1
2.6419,7.3329,0.5484,1.9235,0,39.016,19.351,10.896,9.4923,3.5148,5.2837,4.0632,7.9945,9.573,6.5792,4.5721,39.23,5.103,7.0791,3.8024,3.5068,8.4966,2.5181,11.699,18.649,14.127,8.0789,36.159,3.3318,0,0,4.0632,1.3751,0,0,0,0,1,0,0,1,0,0,0,0,0,0,1,1
0,0,0,0,0,100,0,0,0,0,0,0,0,0,0,0,100,0,0,0,0,0,0,0,0,0,0,100,0,0,0,0,0,0,0,0.02,0.36,0.62,0,0,1,0,0,0,0,0.94,0.04,0.02,0
0,0,0,0,0,100,0,0,0,0,0,0,0,0,0,0,100,0,0,0,0,0,0,0,0,0,0,100,0,0,0,0,0,0,0,0.032787,0.2459,0.72131,0,0,1,0,0,0,0,0.93443,0.04918,0.016393,0
0,0,0,0,0,70.519,14.752,2.9629,8.8887,2.8781,0,2.8781,0,0,0,2.9629,82.307,5.9258,2.9629,0,0,2.9629,2.9629,5.9258,2.9629,11.789,2.9629,70.519,0,0,0,2.8781,0,0,0,0,0,1,0,0,1,0,0,0,0,0,0,1,1
1.2952,5.3137,0,0,0,43.99,23.757,13.433,9.2985,1.0798,1.8329,1.0798,11.952,9.3091,2.7001,7.9469,48.451,3.9954,5.9096,2.6136,3.3826,2.6601,0.74139,13.179,22.852,11.324,9.8468,37.994,0.68245,0,0,2.2303,1.1504,0,0,0,0,1,0,0,1,0,0,0,0,0,0,1,1
3.4925,21.448,0,0,0,62.832,0,0,0,3.5671,8.6604,0,3.4925,0,3.5671,0,62.832,0,8.6604,12.787,0,8.6604,10.821,15.72,3.5671,3.4925,0,59.34,0,3.5671,3.4925,0,0,0,1,0,0,0,0,0,0.95652,0.043478,0,0,0,0.95652,0.043478,0,0
0,12.228,0,2.6954,0,60.58,3.3882,3.3882,3.3882,2.1054,12.228,0,0,0,5.4936,3.3882,54.496,9.4717,8.8394,3.3882,0,14.923,12.228,15.616,2.6954,3.3882,3.3882,54.496,2.6954,2.1054,0,3.3882,0,0,0.98148,0.018519,0,0,0,0,0.96296,0.018519,0.018519,0,0,0.98148,0.018519,0,0
0,0,0,0,0,100,0,0,0,0,0,0,0,0,0,0,100,0,0,0,0,0,0,0,0,0,0,97,2.9999,0,0,0,0,0,0,0.083333,0.91667,0,0,0,1,0,0,0,0,0.083333,0.91667,0,0
0,0,0,0,0,100,0,0,0,0,0,0,0,0,0,0,100,0,0,0,0,0,0,0,0,0,0,100,0,0,0,0,0,0.89286,0.10714,0,0,0,0,0,1,0,0,0,0,1,0,0,0
0,0,0,0,0,75.398,12.301,12.301,0,0,0,0,0,0,0,12.301,75.398,12.301,0,0,0,0,0,12.301,0,12.301,0,75.398,0,0,0,0,0,0,0.37931,0.62069,0,0,0,0,1,0,0,0,0,1,0,0,0
0,0,0,0,0,100,0,0,0,0,0,0,0,0,0,0,100,0,0,0,0,0,0,0,0,0,0,91.064,8.9356,0,0,0,0,0,0,0.055556,0.94444,0,0,0,1,0,0,0,0,0.055556,0.94444,0,0
0,0,0,0,0,100,0,0,0,0,0,0,0,0,0,0,100,0,0,0,0,0,0,0,0,0,0,100,0,0,0,0,0,0.88889,0.11111,0,0,0,0,0,1,0,0,0,0,1,0,0,0
0,0,0,0,0,72.414,27.586,0,0,0,0,0,0,0,0,0,72.414,0,27.586,0,0,0,0,0,0,0,27.586,72.414,0,0,0,0,0,0,0.32955,0.67045,0,0,0,0,1,0,0,0,0,1,0,0,0
0,0,0,0,0,100,0,0,0,0,0,0,0,0,0,28.339,56.678,14.982,0,0,0,0,0,0,0,0,0,85.018,14.982,0,0,0,0,0,0,0.078652,0.82022,0.10112,0,0,1,0,0,0,0,1,0,0,0
0,0,0,0,0,80.531,0,0,6.4898,6.4898,6.4898,0,0,6.4898,0,16.196,64.335,0,6.4898,0,0,6.4898,0,0,0,0,0,62.951,17.58,6.4898,12.98,0,0,0,0,0,0.35714,0.64286,0,0,1,0,0,0,0,1,0,0,0
0,0,0,0,0,90.32,9.6797,0,0,0,0,0,0,0,0,34.144,49.455,6.721,9.6797,0,0,0,0,0,0,0,9.6797,68.289,22.032,0,0,0,0,0,0,0.047619,0.25397,0.69841,0,0,1,0,0,0,0,1,0,0,0
0,0,0,0,0,84.604,0,0,5.1319,5.1319,5.1319,0,0,5.1319,0,10.532,63.539,10.532,5.1319,0,0,5.1319,0,0,0,0,0,58.189,26.415,5.1319,10.264,0,0,0,0,0,0.36082,0.63918,0,0,1,0,0,0,0,1,0,0,0
0,13.887,4.339,2.8615,5.7934,12.566,20.056,7.1906,12.447,20.859,0,2.1009,18.026,6.1401,2.3144,15.77,13.888,1.264,31.195,4.5443,3.7073,1.0505,10.608,10.279,12.709,10.898,16.201,0,0,5.7934,24.985,0,8.5266,0.28571,0.71429,0,0,0,0,0,1,0,0,0,0,1,0,0,1
0,0,0,0,0,95.136,4.8636,0,0,0,0,0,0,0,0,4.8636,69.36,17.648,8.1286,0,0,0,0,0,0,0,18.777,61.419,19.803,0,0,0,0,0,0.18519,0.074074,0.74074,0,0,0,1,0,0,0,0,0.40741,0.59259,0,0
0,0,0,0,0,100,0,0,0,0,0,0,0,0,0,0,87.386,12.614,0,0,0,0,0,0,0,0,0,85.033,14.967,0,0,0,0,0,0,0.1,0.9,0,0,0,1,0,0,0,0,0.11667,0.88333,0,0
0,0,0,0,0,100,0,0,0,0,0,0,0,0,0,0,90.467,9.5333,0,0,0,0,0,0,0,0,0,83.136,16.864,0,0,0,0,1,0,0,0,0,0,0,1,0,0,0,0,1,0,0,0
0,0,0,0,0,83.38,16.62,0,0,0,0,0,0,0,0,16.62,66.76,0,16.62,0,0,0,0,0,0,0,16.62,83.38,0,0,0,0,0,0.46667,0.26667,0.26667,0,0,0,0,1,0,0,0,0,1,0,0,0
0,0,0,0,0,100,0,0,0,0,0,0,0,0,0,7.3336,77.999,14.667,0,0,0,0,0,0,0,0,14.667,61.045,24.288,0,0,0,0,0,0.084746,0.084746,0.83051,0,0,0,1,0,0,0,0,0.27119,0.72881,0,0
0,0,11.922,0,0,88.078,0,0,0,0,0,0,0,0,0,0,93.473,3.2633,0,0,0,3.2633,0,0,0,0,0,69.029,19.049,0,0,3.2633,8.6586,1,0,0,0,0,0,0,1,0,0,0,0,1,0,0,0
0,0,0,0,0,91.615,8.3848,0,0,0,0,0,0,0,0,20.078,64.276,7.2612,8.3848,0,0,0,0,0,0,0,8.3848,66.132,25.483,0,0,0,0,0,0.73333,0.13333,0.066667,0.066667,0,0,1,0,0,0,0,1,0,0,0
0,0,8.8425,0,0,73.472,0,0,8.8425,0,8.8425,0,0,0,0,16.157,66.874,8.1264,0,0,8.8425,0,8.8425,0,0,0,0,41.157,32.315,8.8425,0,8.8425,0,0,0.70213,0.14894,0.042553,0.10638,0,0,1,0,0,0,0,1,0,0,0
0,0,3.459,0,0,96.541,0,0,0,0,0,0,0,0,0,0,85.631,10.91,0,0,0,3.459,0,0,0,0,0,85.631,10.91,0,0,3.459,0,1,0,0,0,0,0,0,1,0,0,0,0,1,0,0,0
0,0,2.3141,0,0,97.686,0,0,0,0,0,0,0,0,0,0,95.372,2.3141,0,0,0,2.3141,0,0,0,0,0,89.777,7.9091,0,0,2.3141,0,1,0,0,0,0,0,0,1,0,0,0,0,1,0,0,0
0,0,0,0,0,88.36,0,0,11.64,0,0,0,0,0,5.8198,0,88.36,5.8198,0,0,0,0,0,0,0,0,0,88.36,0,0,0,5.8198,5.8198,0.93478,0.021739,0.043478,0,0,0,0,1,0,0,0,0,1,0,0,0
0,0,0,0,3.2386,74.59,0,0,22.171,0,0,0,0,0,16.064,3.2386,74.59,6.1077,0,0,0,0,0,0,0,0,0,74.59,0,0,3.2386,16.064,6.1077,0,0,0.020408,0.28571,0.69388,0,0,1,0,0,0,0,1,0,0,0
0,0,0,0,0,87.166,0,0,12.834,0,0,0,0,0,10.395,0,87.166,2.4394,0,0,0,0,0,0,0,0,0,87.166,0,0,0,10.395,2.4394,0,0,0,0.22449,0.77551,0,0,1,0,0,0,0,1,0,0,0
0,0,0,4.9549,0,95.045,0,0,0,0,0,0,0,0,0,0,100,0,0,0,0,0,0,0,0,0,0,95.045,0,0,4.9549,0,0,0,0,0.018519,0.074074,0.90741,0,0,1,0,0,0,0,1,0,0,0
0,0,0,0,0,100,0,0,0,0,0,0,0,0,0,0,100,0,0,0,0,0,0,0,0,0,0,100,0,0,0,0,0,0,0,0.14286,0.12698,0.73016,0,0,1,0,0,0,0,1,0,0,0
0,0,0,13.336,5.271,54.615,0,0,5.8015,5.271,15.706,0,2.9007,13.389,5.2175,9.5534,39.791,0,20.977,0,5.271,2.9007,0,0,0,0,0,40.556,19.276,10.488,21.561,8.1182,0,0,0.041667,0.10417,0.84375,0.010417,0,0,1,0,0,0,0,1,0,0,0
0,9.9357,8.2878,8.9962,5.547,15.371,17.262,11.359,12.425,10.815,0,6.6679,5.7355,10.713,2.1744,9.1248,34.387,2.319,16.55,5.8841,0.97506,5.4685,16.273,4.1937,15.601,10.568,10.022,8.5058,0,5.547,21.086,0,8.2031,0.45833,0.54167,0,0,0,0,0,1,0,0,0,0,1,0,0,1
0,0,4.4813,0,3.895,72.094,0,0,11.739,3.895,3.895,0,0,3.895,0,11.739,60.941,0,19.529,0,3.895,0,4.4813,0,0,0,0,21.792,50.302,3.895,7.79,11.739,0,0,0.55072,0.15942,0.24638,0.043478,0,0,1,0,0,0,0,1,0,0,0
1.3145,2.629,1.3824,18.645,2.7647,38.295,4.0113,0,20.75,0,10.207,1.3824,12.381,14.788,7.8005,2.7647,36.981,0,8.8929,2.6968,0,12.313,0,2.7647,2.629,5.3258,0,36.845,7.8684,3.7892,25.922,14.856,0,0,1,0,0,0,0,0,1,0,0,0,0,1,0,0,0
0,0,4.865,5.2681,5.6207,50.391,0,0,14.996,4.3632,14.496,0,0,6.9973,2.6341,11.388,54.353,0,15.399,0,4.865,4.3632,4.865,0,0,0,0,27.467,25.558,11.862,16.981,13.267,0,0,1,0,0,0,0,0,1,0,0,0,0,1,0,0,0
0,0,8.8626,4.0972,6.198,58.865,4.0972,0,5.484,6.198,6.198,0,0,6.198,0,5.484,60.143,0,21.977,0,6.198,0,8.8626,0,0,4.0972,0,27.352,31.513,6.198,12.396,9.5812,0,0,1,0,0,0,0,0,1,0,0,0,0,1,0,0,0
2.1165,0,0,0,0,62.906,5.6976,9.6396,15.698,0,3.942,0,5.6976,2.1165,0,7.1623,65.023,2.1165,3.942,0,3.942,10.001,3.5812,11.756,15.698,2.1165,3.942,58.964,3.942,0,0,0,0,0,0,0,0,1,0,0,1,0,0,0,0,0,0,1,1
0.51594,7.3543,0,0,0,36.633,28.211,14.85,9.6813,0,2.7538,0,11.271,8.8116,3.0052,12.611,36.619,3.8456,11.37,4.865,3.1933,4.4079,3.3612,14.315,29.18,9.8435,10.954,29.607,1.7359,0,0,0.50195,0.50195,0,0,0,0,1,0,0,1,0,0,0,0,0,0,1,1
1.7499,0,0,0,0,65.174,10.442,10.442,12.192,0,0,0,10.442,1.7499,0,17.384,66.924,1.7499,0,0,0,1.7499,8.6922,12.192,12.192,1.7499,0,65.174,0,0,0,0,0,0,0,0,0.045455,0.95455,0,0,1,0,0,0,0,0.13636,0,0.86364,1
0,0,0,0,0,100,0,0,0,0,0,0,0,0,0,0,100,0,0,0,0,0,0,0,0,0,0,100,0,0,0,0,0,0,0,0,0.071429,0.92857,0,0,1,0,0,0,0,1,0,0,0
0,0,0,0,0,100,0,0,0,0,0,0,0,0,0,0,100,0,0,0,0,0,0,0,0,0,0,100,0,0,0,0,0,0,0,0.02,0.28,0.7,0,0,1,0,0,0,0,1,0,0,0
0,0,0,0,0,100,0,0,0,0,0,0,0,0,0,0,100,0,0,0,0,0,0,0,0,0,0,100,0,0,0,0,0,0,0,0.034483,0.2931,0.67241,0,0,1,0,0,0,0,1,0,0,0
0,0,0,0,0,100,0,0,0,0,0,0,0,0,0,0,100,0,0,0,0,0,0,0,0,0,0,100,0,0,0,0,0,0,0,0,0.30909,0.69091,0,0,1,0,0,0,0,1,0,0,0
3.2121,2.2549,0,0,0,62.052,12.055,8.9299,10.515,0,0.98057,0,5.4671,6.3533,0.88624,2.9647,65.264,5.5179,4.4278,1.3687,1.8668,5.8831,0.70978,11.966,16.343,6.3533,4.8315,58.817,0.98057,0,0,0,0,0,0,0,0,1,0,0,1,0,0,0,0,0,0,1,1
0,0,0,0,0,100,0,0,0,0,0,0,0,0,0,0,100,0,0,0,0,0,0,0,0,0,0,100,0,0,0,0,0,0,0,0,0.28333,0.71667,0,0,1,0,0,0,0,1,0,0,0
0,0,0,0,0,100,0,0,0,0,0,0,0,0,0,0,100,0,0,0,0,0,0,0,0,0,0,100,0,0,0,0,0,0,0,0,0.29412,0.70588,0,0,1,0,0,0,0,1,0,0,0
0,0,0,0,0,100,0,0,0,0,0,0,0,0,0,0,100,0,0,0,0,0,0,0,0,0,0,100,0,0,0,0,0,0,0,0.036364,0.32727,0.63636,0,0,1,0,0,0,0,1,0,0,0
0,0,0,0,0,100,0,0,0,0,0,0,0,0,0,0,100,0,0,0,0,0,0,0,0,0,0,100,0,0,0,0,0,0,0,0,0.06383,0.93617,0,0,1,0,0,0,0,1,0,0,0
0,0,0,0,24.742,75.258,0,0,0,0,0,0,0,0,0,12.371,68.965,6.2937,0,0,12.371,0,0,0,0,0,0,75.258,0,6.0771,6.2937,12.371,0,0,1,0,0,0,0,0,1,0,0,0,0,1,0,0,0
0,0,0,0,11.725,88.275,0,0,0,0,0,0,0,0,0,3.5481,88.275,0,0,0,8.1771,0,0,0,0,0,0,88.275,0,3.5481,4.629,3.5481,0,0,1,0,0,0,0,0,1,0,0,0,0,1,0,0,0
0,0,0,0,0,100,0,0,0,0,0,0,0,0,0,0,100,0,0,0,0,0,0,0,0,0,0,100,0,0,0,0,0,0,1,0,0,0,0,0,1,0,0,0,0,1,0,0,0
0,0,0,0,0,100,0,0,0,0,0,0,0,0,0,0,100,0,0,0,0,0,0,0,0,0,0,100,0,0,0,0,0,0,1,0,0,0,0,0,1,0,0,0,0,1,0,0,0
0,0,0,0,0,100,0,0,0,0,0,0,0,0,0,0,100,0,0,0,0,0,0,0,0,0,0,100,0,0,0,0,0,0,1,0,0,0,0,0,1,0,0,0,0,1,0,0,0
0,0,0,0,0,100,0,0,0,0,0,0,0,0,0,0,100,0,0,0,0,0,0,0,0,0,0,100,0,0,0,0,0,0,1,0,0,0,0,0,1,0,0,0,0,1,0,0,0
0,0,0,0,6.696,86.608,0,6.696,0,0,0,6.696,0,6.696,0,0,86.608,0,0,0,0,0,13.392,0,0,0,0,86.608,0,0,0,0,0,0,1,0,0,0,0,0,1,0,0,0,0,1,0,0,0
0,0,0,0,0,100,0,0,0,0,0,0,0,0,0,0,100,0,0,0,0,0,0,0,0,0,0,100,0,0,0,0,0,0,1,0,0,0,0,0,1,0,0,0,0,1,0,0,0
0,0,0,0,0,100,0,0,0,0,0,0,0,0,0,0,100,0,0,0,0,0,0,0,0,0,0,100,0,0,0,0,0,0,1,0,0,0,0,0,1,0,0,0,0,1,0,0,0
0,0,0,0,0,92.522,7.478,0,0,0,0,0,0,0,0,0,92.522,0,0,0,7.478,0,0,0,7.478,0,0,92.522,0,0,0,0,0,0,1,0,0,0,0,0,1,0,0,0,0,1,0,0,0
0,0,0,0,0,100,0,0,0,0,0,0,0,0,0,0,100,0,0,0,0,0,0,0,0,0,0,100,0,0,0,0,0,0,1,0,0,0,0,0,1,0,0,0,0,1,0,0,0
0,0,0,0,14.162,33.158,49.268,3.4118,0,0,0,3.4118,0,14.162,0,14.162,50.732,0,0,0,17.531,0,17.574,0,17.531,0,35.148,29.746,0,0,0,0,0,0,1,0,0,0,0,0,1,0,0,0,0,1,0,0,0
0,0,0,0,13.47,57.854,22.807,5.868,0,0,0,5.868,0,13.47,0,7.6024,65.457,0,0,0,7.6024,0,19.338,0,7.6024,0,15.205,57.854,0,0,0,0,0,0,1,0,0,0,0,0,1,0,0,0,0,1,0,0,0
0,0,0,0,0,94.032,5.9676,0,0,0,0,0,0,0,0,0,94.032,0,0,0,5.9676,0,0,0,5.9676,0,0,94.032,0,0,0,0,0,0,1,0,0,0,0,0,1,0,0,0,0,1,0,0,0
0,0,0,0,0,100,0,0,0,0,0,0,0,0,0,0,93.884,0,6.1163,0,0,0,0,0,0,0,6.1163,93.884,0,0,0,0,0,0,1,0,0,0,0,0,1,0,0,0,0,1,0,0,0
0,0,0,4.7268,0,95.273,0,0,0,0,0,0,0,0,0,0,79.236,16.037,0,0,0,4.7268,0,0,4.7268,0,11.31,79.236,4.7268,0,0,0,0,0,1,0,0,0,0,0,1,0,0,0,0,1,0,0,0
0,0,0,0,0,88.65,0,0,11.35,0,0,0,11.35,0,0,0,88.65,0,0,0,0,0,0,0,0,0,0,77.301,11.35,0,0,11.35,0,0,1,0,0,0,0,0,1,0,0,0,0,1,0,0,0
0,4.2927,0,6.277,0,65.577,0,13.81,7.5328,2.5106,0,0,3.7664,2.5106,6.277,8.7876,64.322,6.277,0,4.2927,0,3.7664,9.3139,10.043,7.5328,0,2.5106,58.045,5.0212,0,3.7664,3.7664,0,0,1,0,0,0,0,0,1,0,0,0,0,1,0,0,0
2.8692,0,8.8176,0,0,85.444,0,0,2.8692,0,0,11.687,0,0,0,2.8692,85.444,0,0,0,0,0,0,2.8692,11.687,0,0,85.444,0,0,0,0,0,0,1,0,0,0,0,0,1,0,0,0,0,1,0,0,0
3.1183,5.899,14.562,3.555,0,63.074,0,0,6.6733,3.1183,0,10.57,0,0,9.7915,3.555,59.956,0,0,0,9.454,6.6733,5.899,7.1101,10.57,0,0,56.401,6.6733,3.1183,0,6.6733,3.555,0.073171,0.92683,0,0,0,0,0,1,0,0,0,0,1,0,0,0
2.7476,5.5321,0,3.3299,0,85.643,0,0,2.7476,0,0,2.7476,0,0,0,2.7476,82.313,3.3299,0,5.5321,0,3.3299,5.5321,2.7476,6.0775,0,0,82.313,3.3299,0,0,0,0,0,1,0,0,0,0,0,1,0,0,0,0,1,0,0,0
2.085,4.8868,0,0,0,82.617,0,0,2.085,8.326,0,2.085,0,0,5.0579,2.085,85.885,0,0,0,4.8868,0,4.8868,2.085,2.085,0,0,82.617,0,8.326,0,0,0,0,1,0,0,0,0,0,1,0,0,0,0,1,0,0,0
0,0,0,7.416,0,61.913,0,19.193,8.124,3.354,0,0,4.062,3.354,7.416,14.423,59.267,7.416,0,0,0,4.062,6.708,15.131,8.124,0,3.354,51.851,6.708,0,4.062,4.062,0,0,1,0,0,0,0,0,1,0,0,0,0,1,0,0,0
1.4636,1.6792,0,9.7924,2.7375,34.25,1.6792,22.619,21.173,4.6064,0,0,8.7169,1.6792,5.3018,16.216,42.215,15.673,0,3.1428,0,7.0548,4.4167,15.638,15.499,3.3584,1.4636,27.618,5.1681,0,18.121,8.7169,0,0,0.13725,0.86275,0,0,0,0,0.019608,0.23529,0.7451,0,0,0.058824,0.94118,0,1
0,0,0,5.0619,2.6041,68.955,0,5.0619,15.859,2.4579,0,0,3.9804,2.4579,2.4579,16.794,66.644,7.666,0,0,0,0,7.5198,5.0619,0,0,2.4579,57.601,8.8962,0,7.8122,10.651,0,0,1,0,0,0,0,0,1,0,0,0,0,1,0,0,0
13.663,9.8429,0,0,0,52.781,2.749,5.5193,2.749,12.696,0,0,4.3448,2.749,0,20.336,50.032,4.9734,0,17.565,0,0,0,19.707,9.3182,7.0938,4.9734,43.463,0,0,12.696,2.749,0,0,1,0,0,0,0,0,0.96364,0.036364,0,0,0,1,0,0,0
0,0,11.471,0,0,45.367,0,0,17.51,6.0388,19.614,9.2662,1.672,4.3668,6.5715,0,15.422,24.513,11.471,20.146,6.5715,0,4.8995,1.672,0,0,4.8995,28.996,6.5715,19.614,10.938,17.51,4.8995,0.64516,0.35484,0,0,0,0,0,1,0,0,0,0,1,0,0,0
0,2.8266,21.836,0,3.4564,46.771,0,0,7.717,17.394,0,7.9665,7.3367,2.8266,3.4564,1.6034,41.143,14.081,6.1136,2.8266,6.3631,6.283,0,8.1359,12.016,6.3631,0,41.209,5.5613,6.0335,19.077,1.6034,0,0,1,0,0,0,0,0,1,0,0,0,0,1,0,0,0
20.374,15.294,0,1.2614,0,44.034,4.174,1.2614,7.0458,6.5557,0,0,7.7941,8.5243,1.2614,24.626,33.128,3.23,1.9686,19.468,0,0,2.5228,20.14,12.852,10.848,8.2876,30.487,2.5228,0,5.2943,7.0458,0,0,0.1,0.9,0,0,0,0,0,0.2,0.8,0,0,0.066667,0.93333,0,1
2.8368,0,0,0,2.8368,91.49,0,2.8368,0,0,0,2.8368,0,0,0,2.8368,88.653,0,0,2.8368,2.8368,0,2.8368,2.8368,0,0,0,86.903,4.5861,0,2.8368,0,0,0,1,0,0,0,0,0,1,0,0,0,0,1,0,0,0
6.3211,3.9763,0,0,0,75.958,0,0,6.3211,7.4237,0,6.3211,0,0,7.9526,2.3448,75.429,0,0,0,3.9763,3.9763,3.9763,2.3448,6.3211,0,0,71.982,3.9763,7.4237,0,3.9763,0,0,1,0,0,0,0,0,1,0,0,0,0,1,0,0,0
12.518,9.8205,0,0,0,75.524,0,0,0,2.1375,0,0,7.5841,2.1375,0,0,77.661,0,0,9.7215,2.8957,0,2.8957,2.6498,7.0717,9.7215,0,70.077,0,4.9342,2.6498,0,0,0,1,0,0,0,0,0,1,0,0,0,0,1,0,0,0
18.122,34.558,2.9203,0,14.413,25.146,1.6902,0,1.4602,1.6902,0,4.6105,27.415,0,1.4602,1.6902,34.488,26.906,0,1.9694,1.4602,0,0,25.216,14.462,13.002,3.1503,20.026,1.6902,14.692,6.3006,1.4602,0,0,1,0,0,0,0,0,1,0,0,0,0,1,0,0,0
5.5101,14.474,14.53,0,6.4987,48.449,5.8149,0,2.2599,2.4634,0,8.7154,13.159,0,8.0748,3.2485,45.771,18.771,0,0,2.2599,0,0,17.039,9.7057,3.2502,2.2599,39.53,4.1956,3.2502,12.695,8.0748,0,0.28,0.58,0.14,0,0,0,0,1,0,0,0,0,1,0,0,0
10.058,4.3077,8.6154,0,11.501,49.709,5.7506,0,4.3077,5.7506,0,14.366,11.501,0,4.3077,5.7506,43.958,15.809,0,0,4.3077,0,0,10.058,4.3077,0,10.058,39.65,5.7506,5.7506,20.117,4.3077,0,0.066667,0.86667,0.066667,0,0,0,0,1,0,0,0,0,1,0,0,0
13.802,22.922,0,0,1.9544,51.028,0,0,0,10.294,0,0,14.326,5.195,0,0,63.276,3.9089,0,13.294,0,0,0,7.6852,15.237,13.802,0,45.805,0,11.376,6.0949,0,0,0,1,0,0,0,0,0,1,0,0,0,0,1,0,0,0
0,0,0,0,0,100,0,0,0,0,0,0,0,0,0,0,100,0,0,0,0,0,0,0,0,0,0,100,0,0,0,0,0,0,1,0,0,0,0,0,1,0,0,0,0,1,0,0,0
0,0,16.081,0,0,67.839,16.081,0,0,0,0,0,0,0,16.081,0,67.839,16.081,0,0,0,0,0,16.081,0,0,0,67.839,0,0,0,16.081,0,0,1,0,0,0,0,0,1,0,0,0,0,1,0,0,0
16.944,19.112,0,0,0,31.547,9.4557,0,9.0253,13.916,0,0,1.9449,12.39,0,25.045,22.025,5.5084,2.8339,30.253,0,0,0,19.012,10.387,14.268,10.287,23.105,0,0,13.916,9.0253,0,0.037037,0.85185,0.11111,0,0,0,0,0.98148,0.018519,0,0,0,0.98148,0.018519,0,0
30.894,14.456,0,0,0,38.414,8.4091,0,2.743,5.0838,0,0,3.9412,10.75,0,17.434,30.989,5.6661,8.3541,22.865,0,0,0,19.382,11.948,15.676,16.361,28.806,0,0,5.0838,2.743,0,0,0.66667,0.33333,0,0,0,0,1,0,0,0,0,0.98246,0.017544,0,0
0,0,0,0,0,100,0,0,0,0,0,0,0,0,0,0,100,0,0,0,0,0,0,0,0,0,0,100,0,0,0,0,0,0,0.83333,0.16667,0,0,0,0,1,0,0,0,0,1,0,0,0
0,0,0,0,0,100,0,0,0,0,0,0,0,0,0,0,100,0,0,0,0,0,0,0,0,0,0,100,0,0,0,0,0,0.77778,0.22222,0,0,0,0,0,1,0,0,0,0,1,0,0,0
0,0,0,0,0,100,0,0,0,0,0,0,0,0,0,0,100,0,0,0,0,0,0,0,0,0,0,100,0,0,0,0,0,0,0,0.11111,0.13889,0.75,0,0,1,0,0,0,0,1,0,0,0
0,0,0,0,0,100,0,0,0,0,0,0,0,0,0,0,100,0,0,0,0,0,0,0,0,0,0,100,0,0,0,0,0,0,1,0,0,0,0,0,1,0,0,0,0,1,0,0,0
0,0,0,0,0,100,0,0,0,0,0,0,0,0,0,0,100,0,0,0,0,0,0,0,0,0,0,100,0,0,0,0,0,0,1,0,0,0,0,0,1,0,0,0,0,1,0,0,0
0,0,0,0,9.8158,50.471,37.021,2.6919,0,0,0,2.6919,0,9.8158,0,22.773,57.595,0,0,0,7.1239,0,12.508,0,7.1239,0,34.493,45.875,0,0,0,0,0,0.34783,0.65217,0,0,0,0,0,1,0,0,0,0,1,0,0,0
0,0,0,0,4.1409,55.682,26.3,13.877,0,0,0,13.877,0,4.1409,0,4.1409,73.7,0,0,0,4.1409,0,18.018,0,4.1409,0,45.345,32.496,0,0,0,0,0,0.83333,0.16667,0,0,0,0,0,1,0,0,0,0,1,0,0,0
0,0,0,0,0,72.882,20.788,6.3297,0,0,0,6.3297,0,0,0,14.458,79.212,0,0,0,0,0,6.3297,0,0,0,27.118,66.552,0,0,0,0,0,0.85714,0.14286,0,0,0,0,0,1,0,0,0,0,1,0,0,0
0,0,0,0,0,100,0,0,0,0,0,0,0,0,0,0,100,0,0,0,0,0,0,0,0,0,33.333,66.667,0,0,0,0,0,1,0,0,0,0,0,0,1,0,0,0,0,1,0,0,0
0,0,0,0,0,100,0,0,0,0,0,0,0,0,0,0,100,0,0,0,0,0,0,0,0,0,0,100,0,0,0,0,0,0,0,0,0,1,0,0,1,0,0,0,0,1,0,0,0
0,0,0,0,11.066,55.723,15.09,18.121,0,0,0,18.121,0,11.066,0,4.6247,62.778,0,0,0,3.4104,0,29.187,0,3.4104,0,18.735,48.668,0,0,0,0,0,0.037736,0.75472,0.20755,0,0,0,0,1,0,0,0,0,1,0,0,0
0,0,0,0,0,100,0,0,0,0,0,0,0,0,0,0,100,0,0,0,0,0,0,0,0,0,0,100,0,0,0,0,0,0,0,0,0,1,0,0,1,0,0,0,0,1,0,0,0
6.867,4.0218,13.418,3.4692,0,57.865,0,0,10.336,4.0218,0,11.042,0,0,11.513,2.8452,59.192,1.9475,0,0,7.4911,5.9693,4.0218,6.3144,11.042,0,0,41.131,16.735,4.0218,0,9.4386,7.2962,0.85714,0.14286,0,0,0,0,0,1,0,0,0,0,1,0,0,0
2.0396,3.0845,9.8609,12.595,0,53.337,0,0,14.634,4.4491,0,5.3266,0,0,12.595,5.3266,53.337,0,0,0,15.679,7.736,3.0845,17.921,5.3266,0,0,36.293,17.044,4.4491,0,12.595,3.287,1,0,0,0,0,0,0,1,0,0,0,0,1,0,0,0
0,0,0,0,0,100,0,0,0,0,0,0,0,0,0,0,100,0,0,0,0,0,0,0,0,0,0,100,0,0,0,0,0,0,0,0,0,1,0,0,1,0,0,0,0,1,0,0,0
0,0,0,0,0,100,0,0,0,0,0,0,0,0,0,0,100,0,0,0,0,0,0,0,0,0,0,100,0,0,0,0,0,0,0,0,0,1,0,0,1,0,0,0,0,1,0,0,0
0,0,0,0,0,100,0,0,0,0,0,0,0,0,0,0,100,0,0,0,0,0,0,0,0,0,0,100,0,0,0,0,0,0,0,0,0.042105,0.95789,0,0,1,0,0,0,0,1,0,0,0
13.434,28.464,0,0,0,35.153,5.7269,0,5.7269,11.495,0,0,6.2545,12.526,0,22.564,24.397,0.91269,1.0993,32.247,0,0,0,23.975,13.967,13.752,5.955,25.129,0,0,11.495,5.7269,0,0,0.76,0.24,0,0,0,0,1,0,0,0,0,1,0,0,0
0,0,0,0,0,100,0,0,0,0,0,0,0,0,0,0,100,0,0,0,0,0,0,0,0,0,0,100,0,0,0,0,0,0,0,0,0.087912,0.91209,0,0,1,0,0,0,0,1,0,0,0
11.529,22.346,0,0,0,61.532,0,0,0,4.5926,0,0,9.2937,7.6441,2.3572,0,63.767,0,0,16.938,0,0,0,7.0583,9.8795,16.938,0,49.065,0,4.5926,12.467,0,0,0.23077,0.34615,0.42308,0,0,0,0,0.53846,0.076923,0.38462,0,0,0.53846,0.46154,0,0
34.945,13.094,0,0,0,34.816,8.2304,0,2.3055,6.6092,0,0,2.3837,10.004,0,15.071,34.283,8.0768,8.4778,21.703,0,0,0,19.629,12.234,20.086,16.555,22.582,0,0,6.6092,2.3055,0,0.5,0.5,0,0,0,0,0,1,0,0,0,0,1,0,0,0
17.426,14.285,0,0,0,61.745,2.5709,0,0,3.9732,0,0,3.9732,9.7133,0,10.517,56.968,2.5709,2.5709,13.686,0,0,0,9.7133,13.686,11.48,9.1149,52.032,0,0,3.9732,0,0,0.015873,0.85714,0.12698,0,0,0,0,1,0,0,0,0,1,0,0,0
0,26.622,13.261,0,0,60.117,0,0,0,0,0,4.6048,6.3824,0,10.642,0,60.117,0,2.619,0,10.987,4.6471,2.619,10.642,21.974,4.6471,0,60.117,0,0,0,0,0,0.73171,0.2439,0.02439,0,0,0,0,1,0,0,0,0,1,0,0,0
0,44.51,3.6575,0,0,51.833,0,0,0,0,0,6.5064,10.981,0,0,0,51.833,0,3.6575,0,23.365,3.6575,3.6575,16.042,24.81,3.6575,0,51.833,0,0,0,0,0,0.76923,0.15385,0.076923,0,0,0,0,1,0,0,0,0,0.97436,0.025641,0,0
0,33.274,8.1947,0,0,58.531,0,0,0,0,0,11.209,5.4281,0,0,0,58.531,0,8.1947,0,11.209,5.4281,8.1947,3.3676,24.479,5.4281,0,58.531,0,0,0,0,0,0,0.18571,0.81429,0,0,0,0,1,0,0,0,0,0.78571,0.21429,0,0
0,0,4.9564,0,0,95.044,0,0,0,0,0,0,0,0,0,0,90.087,4.9564,0,0,0,4.9564,0,0,0,0,0,90.087,4.9564,0,0,4.9564,0,0.91111,0.022222,0.066667,0,0,0,0,1,0,0,0,0,1,0,0,0
0,0,0,0,0,90.132,0,0,9.8681,0,0,0,0,0,3.9517,0,90.132,5.9165,0,0,0,0,0,0,0,0,0,90.132,0,0,0,3.9517,5.9165,0.98305,0.016949,0,0,0,0,0,1,0,0,0,0,1,0,0,0
11.679,18.323,0,0,0,65.133,0,0,0,4.8649,0,0,9.4099,2.6146,2.9766,0,67.021,0,0,17.978,0,0,0,5.4216,14.904,9.6767,0,53.109,0,11.83,5.0597,0,0,0.19512,0.78049,0.02439,0,0,0,0,1,0,0,0,0,1,0,0,0
7.9501,15.539,6.2653,0,3.8711,49.795,1.9355,0,3.1327,11.512,0,8.2009,16.303,0,3.1327,1.9355,57.435,7.0037,0,2.8562,3.1327,0,0,14.644,7.4041,1.441,5.0682,32.294,1.9355,4.7917,29.288,3.1327,0,0.60465,0.32558,0.069767,0,0,0,0,1,0,0,0,0,1,0,0,0
3.7502,0,5.2085,0,7.5004,71.267,3.7502,0,4.7731,3.7502,0,8.9587,12.709,0,0,3.7502,57.1,17.482,0,0,0,0,0,3.7502,5.2085,0,3.7502,62.309,8.9587,3.7502,7.5004,0,4.7731,0,0,0.014085,0.29577,0.69014,0,0,1,0,0,0,0,1,0,0,0
0,0,0,3.6348,3.6027,81.869,4.9317,0,5.9614,0,0,0,0,0,3.3953,3.6027,80.573,7.4977,0,0,4.9317,0,0,0,0,0,4.9317,76.938,0,0,12.169,3.3953,2.5661,0,0,0,0.15278,0.84722,0,0,1,0,0,0,0,1,0,0,0
6.6217,2.2099,6.4316,0,13.568,55.787,6.7481,0,4.2218,4.4118,0,10.843,8.8236,0,2.2099,11.168,43.004,17.394,0,0,6.558,0,0,6.6217,2.2099,2.0119,8.9579,44.818,6.4237,4.4118,22.336,2.2099,0,0,1,0,0,0,0,0,1,0,0,0,0,1,0,0,0
0,5.065,2.1451,5.065,0,79.112,5.065,0,0,3.5477,0,10.758,10.758,0,0,0,67.726,5.6928,0,0,5.065,0,0,13.678,2.1451,0,3.5477,61.259,5.6928,0,13.678,0,0,0.030769,0.81538,0.13846,0.015385,0,0,0,1,0,0,0,0,1,0,0,0
0,5.8748,27.459,0,0,60.792,0,0,2.9374,2.9374,0,5.8748,0,0,4.7198,22.739,60.792,0,0,0,5.8748,0,0,33.333,0,0,0,60.792,0,0,2.9374,2.9374,0,0.63636,0.31818,0.045455,0,0,0,0,1,0,0,0,0,1,0,0,0
0,0,0,0,0,89.323,0,0,10.677,0,0,3.2901,0,0,0,0,89.323,7.3871,0,0,0,0,0,0,0,0,0,89.323,0,0,3.2901,7.3871,0,0,0.8,0.2,0,0,0,0,1,0,0,0,0,1,0,0,0
0,6.7342,0,6.7342,0,79.798,6.7342,0,0,0,0,6.7342,6.7342,0,0,0,79.798,0,0,0,6.7342,0,0,13.468,0,0,0,73.063,0,0,13.468,0,0,0,0,0.013699,0.054795,0.93151,0,0,1,0,0,0,0,1,0,0,0
0,0,0,6.9108,0,93.089,0,0,0,0,0,0,0,0,0,0,100,0,0,0,0,0,0,0,0,0,0,93.089,0,0,6.9108,0,0,0,0,0.011628,0.069767,0.9186,0,0,1,0,0,0,0,1,0,0,0
0,15.59,0,8.2327,0,57.901,10.92,0,3.6785,3.6785,0,15.59,8.2327,0,0,0,55.213,2.6875,0,0,18.277,0,0,23.822,0,0,2.6875,31.2,15.78,0,22.831,3.6785,0,0,0.22,0.16,0.4,0.22,0,0,1,0,0,0,0,1,0,0,0
0,0,0,0,0,85.257,0,0,0,14.743,0,14.743,14.743,0,0,0,55.772,14.743,0,0,0,0,0,14.743,0,0,14.743,41.03,14.743,0,14.743,0,0,0,0,0,0.055556,0.94444,0,0,1,0,0,0,0,1,0,0,0
8.2807,28.093,0,0,0,52.37,0,0,0,11.256,0,0,6.9305,2.9981,8.2582,0,55.368,0,0,26.445,0,0,0,10.543,17.55,8.2807,0,48.438,0,12.904,2.2844,0,0,0,0.85246,0.14754,0,0,0,0,0.80328,0.04918,0.14754,0,0,0.80328,0.19672,0,0
6.8496,20.32,8.9801,0,8.9079,41.821,6.0257,0,3.0985,3.9967,0,7.071,19.556,0,3.9674,5.1569,33.369,25.778,0,2.004,3.0985,0,0,17.547,10.713,7.8898,2.0583,30.808,7.071,8.8535,11.092,3.9674,0,0,0.81481,0.18519,0,0,0,0,1,0,0,0,0,1,0,0,0
0,8.4299,0,0,0,91.57,0,0,0,0,0,0,0,4.2149,0,0,91.57,0,0,4.2149,0,0,0,0,4.2149,4.2149,0,87.355,0,0,4.2149,0,0,0,0.35294,0.64706,0,0,0,0,0.35294,0.13725,0.5098,0,0,0.35294,0.64706,0,1
0,0,4.5491,0,17.512,61.072,0,0,16.868,0,0,1.9525,0,0,0,19.464,40.299,36.332,0,0,1.9525,0,2.5966,0,0,1.9525,0,44.204,16.868,17.512,1.9525,14.915,0,0,0.94048,0.059524,0,0,0,0,1,0,0,0,0,1,0,0,0
3.7391,3.7391,18.546,0,6.4212,56.525,0,0,11.03,0,0,12.859,2.1029,0,3.7391,6.4212,48.306,22.832,0,0,3.7391,0,5.6865,3.7391,5.842,3.2781,3.7391,40.002,12.784,6.4212,7.4781,11.03,0,0,1,0,0,0,0,0,1,0,0,0,0,1,0,0,0
0,0,12.197,0,7.1953,75.605,0,0,5.002,0,0,5.002,0,0,0,12.197,60.599,17.199,0,0,5.002,0,7.1953,0,0,5.002,0,70.603,5.002,7.1953,5.002,0,0,0.016393,0.98361,0,0,0,0,0,1,0,0,0,0,1,0,0,0
0,0,35.284,0,7.0148,42.518,0,0,15.183,0,0,15.183,0,0,2.5808,9.1118,33.647,37.381,0,0,2.097,0,17.52,2.5808,0,15.183,0,37.841,4.6778,7.0148,2.097,13.086,0,0,1,0,0,0,0,0,1,0,0,0,0,1,0,0,0
0,0,13.748,0,11.628,62.387,0,0,12.236,0,0,5.4294,0,0,4.8217,13.56,44.963,29.294,0,0,1.9321,0,3.4973,4.8217,0,5.4294,0,41.132,21.255,11.628,1.9321,10.304,0,0,0.96552,0.034483,0,0,0,0,1,0,0,0,0,1,0,0,0
0,5.9017,24.858,0,0,69.241,0,0,0,0,0,0,2.9508,0,18.058,0,69.241,0,6.7998,0,0,2.9508,6.7998,18.058,2.9508,2.9508,0,69.241,0,0,0,0,0,0,1,0,0,0,0,0,1,0,0,0,0,1,0,0,0
0,26.296,16.624,0,0,47.408,0,0,4.8359,4.8359,0,9.6718,0,0,0,16.624,47.408,0,0,0,26.296,0,0,42.92,0,0,0,47.408,0,0,4.8359,4.8359,0,0,0.75556,0.24444,0,0,0,0,1,0,0,0,0,1,0,0,0
0,18.995,9.2604,0,0,71.745,0,0,0,0,0,0,6.2642,0,6.4665,0,71.745,0,2.7939,0,3.4703,9.2604,2.7939,6.4665,9.7345,9.2604,0,71.745,0,0,0,0,0,0,0.96774,0.032258,0,0,0,0,1,0,0,0,0,1,0,0,0
0,0,3.409,0,0,89.255,0,0,7.3364,0,0,3.6682,0,0,0,0,89.255,3.6682,3.409,0,0,0,3.409,0,0,0,0,89.255,0,0,3.6682,3.6682,0,0,1,0,0,0,0,0,1,0,0,0,0,1,0,0,0
0,13.948,0,0,0,64.244,0,0,14.834,6.9742,0,21.808,0,0,0,0,64.244,0,0,0,13.948,0,0,13.948,0,0,0,64.244,0,0,14.834,6.9742,0,0,0.20513,0.025641,0.20513,0.5641,0,0,1,0,0,0,0,1,0,0,0
0,0,0,0,0,88.947,0,0,11.053,0,0,0,0,0,0,0,88.947,0,0,0,11.053,0,0,0,0,0,0,88.947,0,0,0,11.053,0,0,0,0,0.2,0.8,0,0,1,0,0,0,0,1,0,0,0
0,0,0,0,0,75.809,0,0,24.191,0,0,4.311,0,0,0,0,75.809,11.295,0,0,8.5849,0,0,0,0,0,0,75.809,0,0,4.311,19.88,0,0,0.22667,0.04,0.29333,0.44,0,0,1,0,0,0,0,1,0,0,0
0,0,0,0,0,92.104,0,0,7.8961,0,0,7.8961,0,0,0,0,92.104,0,0,0,0,0,0,0,0,0,0,92.104,0,0,7.8961,0,0,0,0,0,0.11111,0.88889,0,0,1,0,0,0,0,1,0,0,0
0,0,0,0,0,100,0,0,0,0,0,0,0,0,0,0,100,0,0,0,0,0,0,0,0,0,0,100,0,0,0,0,0,0,0,0,0.29167,0.70833,0,0,1,0,0,0,0,1,0,0,0
0,0,0,0,0,100,0,0,0,0,0,0,0,0,0,0,100,0,0,0,0,0,0,0,0,0,0,100,0,0,0,0,0,0,0,0.014706,0.014706,0.97059,0,0,1,0,0,0,0,1,0,0,0
0,0,0,0,0,100,0,0,0,0,0,0,0,0,0,0,100,0,0,0,0,0,0,0,0,0,0,100,0,0,0,0,0,0,0,0,0.1039,0.8961,0,0,1,0,0,0,0,1,0,0,0
0,0,0,0,0,100,0,0,0,0,0,0,0,0,0,0,100,0,0,0,0,0,0,0,0,0,0,100,0,0,0,0,0,0,0,0.15873,0.22222,0.61905,0,0,1,0,0,0,0,1,0,0,0
0,0,0,0,0,100,0,0,0,0,0,0,0,0,0,0,100,0,0,0,0,0,0,0,0,0,0,100,0,0,0,0,0,0,0,0,0.05,0.95,0,0,1,0,0,0,0,1,0,0,0
0,0,0,0,0,100,0,0,0,0,0,0,0,0,0,0,100,0,0,0,0,0,0,0,0,0,0,100,0,0,0,0,0,0,0,0.084337,0.16867,0.74699,0,0,1,0,0,0,0,1,0,0,0
0,0,0,0,0,100,0,0,0,0,0,0,0,0,0,0,100,0,0,0,0,0,0,0,0,0,0,100,0,0,0,0,0,0,0,0.031746,0.26984,0.69841,0,0,1,0,0,0,0,1,0,0,0
0,0,0,0,0,100,0,0,0,0,0,0,0,0,0,0,100,0,0,0,0,0,0,0,0,0,0,100,0,0,0,0,0,0,0,0.23636,0.2,0.56364,0,0,1,0,0,0,0,1,0,0,0
39.478,11.781,0,0,0,37.682,6.0051,0,1.3007,3.7531,0,0,7.2722,9.064,0,17.259,35.914,7.0773,6.0051,17.408,0,0,0,20.391,17.408,20.574,14.691,21.882,0,0,3.7531,1.3007,0,0.72,0.28,0,0,0,0,0,1,0,0,0,0,1,0,0,0
0,0,0,0,0,100,0,0,0,0,0,0,0,0,0,0,100,0,0,0,0,0,0,0,0,0,0,100,0,0,0,0,0,0,0,0,0,1,0,0,1,0,0,0,0,1,0,0,0
0,0,0,0,0,100,0,0,0,0,0,0,0,0,0,0,100,0,0,0,0,0,0,0,0,0,0,100,0,0,0,0,0,0,0.49206,0.50794,0,0,0,0,1,0,0,0,0,0.80952,0.19048,0,0
9.5695,14.232,0,0,0,76.198,0,0,0,0,0,0,0,4.663,0,0,80.861,0,4.9065,9.5695,0,0,0,9.5695,4.663,9.326,4.9065,71.535,0,0,0,0,0,0.015873,0.84127,0.14286,0,0,0,0,1,0,0,0,0,1,0,0,0
0,0,0,0,0,100,0,0,0,0,0,0,0,0,0,0,100,0,0,0,0,0,0,0,0,0,0,100,0,0,0,0,0,0,0.96875,0.03125,0,0,0,0,1,0,0,0,0,1,0,0,0
0,40.375,0,0,0,59.625,0,0,0,0,0,6.4867,3.1355,0,0,0,59.625,0,0,0,30.753,0,0,21.131,19.244,0,0,59.625,0,0,0,0,0,0,0.92982,0.070175,0,0,0,0,1,0,0,0,0,0.98246,0.017544,0,0
0,23.58,0,0,0,76.42,0,0,0,0,0,6.4783,5.3115,0,0,0,76.42,0,0,0,11.79,0,0,6.4783,17.101,0,0,76.42,0,0,0,0,0,0,0.34722,0.65278,0,0,0,0,1,0,0,0,0,0.76389,0.23611,0,0
0,0,3.8417,0,0,88.475,0,0,3.8417,3.8417,0,0,0,0,3.8417,0,92.317,0,0,0,3.8417,0,0,3.8417,0,0,0,88.475,0,0,0,7.6834,0,0,0.92,0.08,0,0,0,0,1,0,0,0,0,1,0,0,0
0,0,8.1213,0,20.066,48.518,0,0,5.5853,17.709,0,10.296,0,5.5853,12.653,2.5361,50.692,12.653,0,2.8821,2.7032,0,0,8.1213,0,0,0,45.982,2.5361,30.362,0,12.999,0,0,0.83871,0.16129,0,0,0,0,1,0,0,0,0,1,0,0,0
0,0,0,0,0,100,0,0,0,0,0,0,0,0,0,0,100,0,0,0,0,0,0,0,0,0,0,100,0,0,0,0,0,0,1,0,0,0,0,0,1,0,0,0,0,1,0,0,0
0,0,5.7292,0,9.1954,52.385,0,0,21.87,10.82,0,12.282,0,3.3322,8.6609,0,40.801,13.054,9.3504,6.7905,5.7292,0,0,5.7292,0,0,0,52.385,0,12.127,9.3504,20.408,0,0,0.72368,0.27632,0,0,0,0,1,0,0,0,0,1,0,0,0
0,0,8.3457,0,18.116,37.072,0,0,16.922,19.544,0,16.264,0,2.9181,12.756,3.4588,30.876,16.805,6.0176,8.9357,1.9688,0,0,8.3457,0,0,0,33.614,3.4588,28.362,6.0176,20.202,0,0.043478,0.95652,0,0,0,0,0,1,0,0,0,0,1,0,0,0
0,0,10.773,0,26.756,36.472,0,0,9.905,16.093,0,7.0189,0,3.8489,12.923,8.8696,37.697,23.738,0,0,5.9043,0,4.8689,5.9043,0,0,0,32.472,4.0007,33.775,0,18.979,0,0,1,0,0,0,0,0,1,0,0,0,0,1,0,0,0
0,0,0,0,0,62.491,0,0,21.495,16.014,0,22.277,0,0,0,0,49.965,6.2631,15.232,6.2631,0,0,0,0,0,0,0,62.491,0,7.0445,15.232,15.232,0,0,1,0,0,0,0,0,1,0,0,0,0,1,0,0,0
0,0,6.5058,0,0,93.494,0,0,0,0,0,0,0,0,0,0,93.494,0,6.5058,0,0,0,6.5058,0,0,0,0,93.494,0,0,0,0,0,0,0.78571,0.21429,0,0,0,0,1,0,0,0,0,0.92857,0.071429,0,0
0,0,0,0,0,85.542,0,0,14.458,0,0,7.229,0,0,0,0,85.542,7.229,0,0,0,0,0,0,0,0,0,85.542,0,0,7.229,7.229,0,0,0.89583,0.10417,0,0,0,0,1,0,0,0,0,1,0,0,0
0,0,0,0,0,100,0,0,0,0,0,0,0,0,0,0,100,0,0,0,0,0,0,0,0,0,0,100,0,0,0,0,0,0,1,0,0,0,0,0,1,0,0,0,0,1,0,0,0
0,0,0,0,0,94.978,0,0,5.022,0,0,2.511,0,0,0,0,94.978,2.511,0,0,0,0,0,0,0,0,0,94.978,0,0,2.511,2.511,0,0,0.94595,0.054054,0,0,0,0,1,0,0,0,0,1,0,0,0
0,0,0,0,0,79.544,0,0,20.456,0,0,12.94,0,0,0,0,79.544,7.5163,0,0,0,0,0,0,0,0,0,79.544,0,0,12.94,7.5163,0,0,0.17949,0.064103,0.23077,0.52564,0,0,1,0,0,0,0,1,0,0,0
0,0,0,0,0,93.375,0,0,6.6246,0,0,0,0,0,0,0,93.375,6.6246,0,0,0,0,0,0,0,0,0,93.375,0,0,0,6.6246,0,0,0,0,0.077922,0.92208,0,0,1,0,0,0,0,1,0,0,0
0,0,0,0,0,91.237,0,0,8.7631,0,0,0,0,0,0,0,91.237,8.7631,0,0,0,0,0,0,0,0,0,91.237,0,0,0,8.7631,0,0,0.21429,0.18571,0.2,0.4,0,0,1,0,0,0,0,1,0,0,0
0,0,0,0,0,100,0,0,0,0,0,0,0,0,0,0,100,0,0,0,0,0,0,0,0,0,0,100,0,0,0,0,0,0,0,0,0.10448,0.89552,0,0,1,0,0,0,0,1,0,0,0
0,0,3.7455,0,0,82.528,0,0,6.8634,6.8634,0,6.8634,0,3.7455,0,0,82.528,0,3.1179,3.7455,0,0,0,3.7455,0,0,0,82.528,0,3.7455,3.1179,6.8634,0,0,0.89474,0.10526,0,0,0,0,1,0,0,0,0,1,0,0,0
0,0,2.0769,0,0,58.057,0,0,9.4128,30.453,0,21.926,0,2.0769,0,0,38.525,3.668,28.059,5.7449,0,0,0,2.0769,0,0,0,58.057,0,18.258,3.668,17.94,0,0,0.81034,0.18966,0,0,0,0,1,0,0,0,0,0.98276,0.017241,0,0
0,0,0,0,0,63.399,0,0,5.377,31.224,0,18.3,0,0,0,0,50.476,0,31.224,0,0,0,0,0,0,0,0,63.399,0,12.923,5.377,18.3,0,0,0.90196,0.098039,0,0,0,0,1,0,0,0,0,0.94118,0.058824,0,0
0,0,0,0,0,100,0,0,0,0,0,0,0,0,0,0,100,0,0,0,0,0,0,0,0,0,0,100,0,0,0,0,0,0,0.17391,0.043478,0.23188,0.55072,0,0,1,0,0,0,0,1,0,0,0
0,0,0,0,0,100,0,0,0,0,0,0,0,0,0,0,100,0,0,0,0,0,0,0,0,0,0,100,0,0,0,0,0,0,0,0,0.31507,0.68493,0,0,1,0,0,0,0,1,0,0,0
0,0,0,0,0,100,0,0,0,0,0,0,0,0,0,0,100,0,0,0,0,0,0,0,0,0,0,100,0,0,0,0,0,0,0,0.013699,0.28767,0.69863,0,0,1,0,0,0,0,1,0,0,0
0,0,0,0,0,100,0,0,0,0,0,0,0,0,0,0,100,0,0,0,0,0,0,0,0,0,0,100,0,0,0,0,0,0,0,0.014925,0.29851,0.68657,0,0,1,0,0,0,0,1,0,0,0
0,0,0,0,0,100,0,0,0,0,0,0,0,0,0,0,100,0,0,0,0,0,0,0,0,0,0,100,0,0,0,0,0,0,0,0.067797,0.15254,0.77966,0,0,1,0,0,0,0,1,0,0,0
0,0,0,0,0,88.724,0,0,11.276,0,0,0,0,5.6382,0,5.6382,77.447,5.6382,0,5.6382,0,0,0,0,0,0,11.276,77.447,0,0,0,5.6382,5.6382,0.68182,0.31818,0,0,0,0,0,1,0,0,0,0,1,0,0,0
0,0,5.0818,0,0,85.493,0,0,2.5409,6.8845,0,0,2.5409,0,0,0,76.067,16.31,2.5409,0,0,2.5409,0,0,5.0818,0,0,82.952,2.5409,2.5409,6.8845,0,0,0,1,0,0,0,0,0,1,0,0,0,0,1,0,0,0
0,0,0,0,19.579,80.421,0,0,0,0,0,0,0,6.8432,6.3678,6.7819,57.859,15.78,0,6.3678,0,0,0,0,0,0,15.719,64.703,0,13.211,6.3678,0,0,0,1,0,0,0,0,0,1,0,0,0,0,1,0,0,0
0,7.8375,2.6623,3.162,0,43.086,15.805,8.9864,9.4759,8.985,0,8.9952,9.8557,3.162,3.162,16.337,28.379,0,11.647,12.143,3.1569,3.162,8.4815,5.1803,11.499,11.499,11.652,17.366,4.6893,2.6711,14.818,0,12.143,0.13333,0.82222,0.044444,0,0,0,0,1,0,0,0,0,1,0,0,0
0,0,25.188,0,6.2534,41.53,0,0,19.888,7.1404,0,10.232,0.99178,1.565,18.261,2.9657,28.089,2.8037,11.464,6.1591,11.215,6.2534,5.3707,5.1691,4.8527,1.3883,2.8037,25.886,6.5721,7.5494,9.9441,20.841,9.6235,1,0,0,0,0,0,0,1,0,0,0,0,1,0,0,0
0,0,24.995,0,10.947,54.916,0,0,9.1424,0,0,6.3957,3.649,12.204,2.7467,12.204,34.472,6.3957,9.1424,2.7467,6.3957,3.649,6.3957,7.298,0,0,6.3957,43.026,2.7467,0,6.3957,21.346,6.3957,1,0,0,0,0,0,0,1,0,0,0,0,1,0,0,0
0,14.288,9.6884,8.4413,12.197,8.2985,18.883,4.5529,12.651,10.999,0,3.6401,15.77,10.418,5.0468,7.6128,20.871,3.2267,20.715,6.1033,4.7771,1.8201,8.9248,11.9,10.739,17.015,10.737,2.7383,0,12.197,18.368,0,7.3803,0.016667,0.98333,0,0,0,0,0,1,0,0,0,0,1,0,0,1
0,9.9299,0,3.318,9.5964,37.58,14.167,3.8894,9.1588,12.36,0,6.7389,18.699,7.1699,1.1185,18.079,20.587,0,21.41,2.237,2.843,1.1185,4.4954,15.939,8.9584,13.358,6.0821,10.613,3.8849,14.098,15.138,0,7.4343,0.47368,0.52632,0,0,0,0,0,1,0,0,0,0,1,0,0,1
1.5546,3.1092,9.6959,12.702,0,41.854,5.6316,0,14.931,4.0224,6.4993,6.1413,15.948,8.2325,5.7637,0.73566,38.049,11.815,3.3413,4.2091,0,5.7647,13.183,5.509,4.5805,6.4505,0.73566,38.635,8.9824,0,5.311,11.855,4.7581,0,1,0,0,0,0,0,1,0,0,0,0,1,0,0,1
0,0,0,0,0,100,0,0,0,0,0,0,0,0,0,0,100,0,0,0,0,0,0,0,0,0,0,100,0,0,0,0,0,0,0,0,0.019608,0.98039,0,0,1,0,0,0,0,1,0,0,0
0,0,0,0,0,100,0,0,0,0,0,0,0,0,0,0,100,0,0,0,0,0,0,0,0,0,0,100,0,0,0,0,0,0,0,0,0,1,0,0,1,0,0,0,0,1,0,0,0
0,0,0,0,0,100,0,0,0,0,0,0,0,0,0,0,100,0,0,0,0,0,0,0,0,0,0,100,0,0,0,0,0,0,0.034483,0.068966,0.034483,0.86207,0,0,1,0,0,0,0,1,0,0,0
0,0,0,0,0,100,0,0,0,0,0,0,0,0,0,0,100,0,0,0,0,0,0,0,0,0,0,100,0,0,0,0,0,0,0,0,0,1,0,0,1,0,0,0,0,1,0,0,0
0,0,0,0,0,100,0,0,0,0,0,0,0,0,0,0,100,0,0,0,0,0,0,0,0,0,0,100,0,0,0,0,0,0,0,0,0.022727,0.97727,0,0,1,0,0,0,0,1,0,0,0
0,0,0,0,0,87.615,0,6.8095,5.5755,0,0,0,5.5755,0,0,6.8095,87.615,0,0,0,0,0,0,6.8095,0,0,0,82.039,5.5755,0,0,5.5755,0,0,1,0,0,0,0,0,1,0,0,0,0,1,0,0,0
0,0,0,0,0,92.164,0,0,7.8357,0,0,0,0,0,2.6405,13.219,75.504,5.9958,0,0,0,2.6405,0,0,0,0,0,66.042,26.123,0,2.6405,2.5546,2.6405,0,1,0,0,0,0,0,1,0,0,0,0,1,0,0,0
0,0,4.2409,23.813,0,37.506,7.6159,0,5.4001,1.1592,20.265,1.333,4.2409,9.258,12.34,0,40.881,2.9079,23.64,4.2409,0,1.1592,0,5.5739,0,7.6159,0,34.598,13.915,9.258,10.417,18.623,0,0,1,0,0,0,0,0,1,0,0,0,0,1,0,0,0
0,0,24.021,6.0824,0,63.814,0,0,6.0824,0,0,6.0824,0,0,6.0824,6.0824,50.825,12.989,0,0,6.0824,11.856,0,12.165,6.0824,0,0,44.742,19.072,0,0,11.856,6.0824,0.85714,0.14286,0,0,0,0,0,1,0,0,0,0,1,0,0,0
0,0,14.405,2.1971,0,81.201,0,0,2.1971,0,0,2.1971,0,0,2.1971,2.1971,85.335,3.6801,0,0,2.1971,2.1971,0,4.3942,2.1971,0,0,63.779,17.422,0,0,2.1971,10.011,0.9,0.1,0,0,0,0,0,1,0,0,0,0,1,0,0,0
0,20.332,0,3.2368,3.2368,14.809,9.448,12.685,15.922,16.406,3.9256,0,10.884,5.5224,14.809,15.922,8.7592,19.847,10.884,9.448,0,3.9256,23.568,11.088,5.5224,14.97,14.809,0,0,10.884,15.233,3.9256,0,0,0,1,0,0,0,0,0,0.016393,0.98361,0,0,0,1,0,1
0,50,0,0,0,50,0,0,0,0,0,25,0,0,0,0,50,0,0,0,25,0,0,17.243,32.757,0,0,50,0,0,0,0,0,0.73171,0.26829,0,0,0,0,0,1,0,0,0,0,1,0,0,0
0,0,0,0,0,100,0,0,0,0,0,0,0,0,0,0,100,0,0,0,0,0,0,0,0,0,0,100,0,0,0,0,0,0,0,0,0,1,0,0,1,0,0,0,0,1,0,0,0
0,0,0,0,0,100,0,0,0,0,0,0,0,0,0,0,100,0,0,0,0,0,0,0,0,0,0,100,0,0,0,0,0,0,0,0,0.29412,0.70588,0,0,1,0,0,0,0,1,0,0,0
0,0,0,0,0,100,0,0,0,0,0,0,0,0,0,0,100,0,0,0,0,0,0,0,0,0,0,100,0,0,0,0,0,0,0,0,0.11111,0.88889,0,0,1,0,0,0,0,1,0,0,0
0,0,0,0,0,100,0,0,0,0,0,0,0,0,0,0,100,0,0,0,0,0,0,0,0,0,0,100,0,0,0,0,0,0,0,0.021277,0.25532,0.7234,0,0,1,0,0,0,0,1,0,0,0
0,0,0,0,0,100,0,0,0,0,0,0,0,0,0,0,100,0,0,0,0,0,0,0,0,0,0,100,0,0,0,0,0,0,0,0.12195,0.2439,0.63415,0,0,1,0,0,0,0,1,0,0,0
0,0,0,0,0,45.253,0,0,9.4945,35.758,9.4945,9.4945,0,22.626,0,0,18.989,9.4945,13.132,13.132,13.132,0,0,0,0,0,0,32.121,13.132,9.4945,22.626,22.626,0,0.18519,0.81481,0,0,0,0,0,1,0,0,0,0,1,0,0,0
0,0,0,0,0,100,0,0,0,0,0,0,0,0,0,0,100,0,0,0,0,0,0,0,0,0,0,100,0,0,0,0,0,0,1,0,0,0,0,0,1,0,0,0,0,1,0,0,0
0,0,0,0,0,100,0,0,0,0,0,0,0,0,0,0,100,0,0,0,0,0,0,0,0,0,0,100,0,0,0,0,0,0,1,0,0,0,0,0,1,0,0,0,0,1,0,0,0
0,0,0,0,0,100,0,0,0,0,0,0,0,0,0,0,100,0,0,0,0,0,0,0,0,0,0,100,0,0,0,0,0,0,0,0,0.18333,0.81667,0,0,1,0,0,0,0,1,0,0,0
0,0,0,0,0,91.664,0,0,8.3362,0,0,0,0,0,0,8.3362,91.664,0,0,0,0,0,0,0,0,0,0,91.664,0,0,0,0,8.3362,1,0,0,0,0,0,0,1,0,0,0,0,1,0,0,0
0,0,0,0,0,100,0,0,0,0,0,0,0,0,0,0,100,0,0,0,0,0,0,0,0,0,0,100,0,0,0,0,0,0,0,0.036364,0.34545,0.61818,0,0,1,0,0,0,0,1,0,0,0
0,0,0,0,0,100,0,0,0,0,0,0,0,0,0,0,100,0,0,0,0,0,0,0,0,0,0,100,0,0,0,0,0,0,0,0.22222,0.38889,0.38889,0,0,1,0,0,0,0,1,0,0,0
0,0,0,0,0,100,0,0,0,0,0,0,0,0,0,0,100,0,0,0,0,0,0,0,0,0,0,100,0,0,0,0,0,0,0,0.02,0.24,0.74,0,0,1,0,0,0,0,1,0,0,0
0,0,0,0,0,100,0,0,0,0,0,0,0,0,0,0,100,0,0,0,0,0,0,0,0,0,0,100,0,0,0,0,0,0,0,0.093023,0.25581,0.65116,0,0,1,0,0,0,0,1,0,0,0
0,0,0,0,0,100,0,0,0,0,0,0,0,0,0,0,100,0,0,0,0,0,0,0,0,0,0,100,0,0,0,0,0,0,0,0.076923,0.27692,0.64615,0,0,1,0,0,0,0,1,0,0,0
0,0,0,0,0,81.871,0,0,18.129,0,0,0,5.7012,3.3634,0,0,81.871,0,0,0,5.7012,3.3634,0,0,0,0,0,81.871,0,0,3.3634,11.402,3.3634,1,0,0,0,0,0,0,1,0,0,0,0,1,0,0,0
0,0,0,0,0,89.611,0,0,10.389,0,0,5.1947,0,0,0,0,89.611,5.1947,0,0,0,0,0,0,0,0,0,84.328,5.2829,0,0,5.1947,5.1947,1,0,0,0,0,0,0,1,0,0,0,0,1,0,0,0
0,0,0,0,0,70.323,0,0,29.677,0,0,14.838,0,0,0,0,70.323,8.8343,0,0,6.0042,0,0,0,0,0,0,70.323,0,0,0,20.843,8.8343,0,0,0.0625,0.35417,0.58333,0,0,1,0,0,0,0,1,0,0,0
0,0,0,0,0,100,0,0,0,0,0,0,0,0,0,0,100,0,0,0,0,0,0,0,0,0,0,100,0,0,0,0,0,0,0,0.15789,0.26316,0.57895,0,0,1,0,0,0,0,1,0,0,0
0,0,0,0,0,100,0,0,0,0,0,0,0,0,0,0,100,0,0,0,0,0,0,0,0,0,0,100,0,0,0,0,0,0,0,0.071429,0.14286,0.78571,0,0,1,0,0,0,0,1,0,0,0
0,0,0,0,0,100,0,0,0,0,0,0,0,0,0,0,100,0,0,0,0,0,0,0,0,0,0,100,0,0,0,0,0,0,1,0,0,0,0,0,1,0,0,0,0,1,0,0,0
17.472,23.625,5.2306,0,2.8249,44.345,0,0,2.6153,3.8876,0,5.2306,11.665,6.2673,2.6153,0,51.058,8.2651,0,12.283,2.6153,0,0,8.2651,17.723,15.108,2.6153,37.222,0,8.8406,7.6103,2.6153,0,0,0.8642,0.1358,0,0,0,0,1,0,0,0,0,1,0,0,0
0,10.791,12.849,0,0,66.186,0,0,7.6743,2.4998,0,5.1745,2.7453,2.6503,2.4998,0,68.686,10.349,0,5.3956,2.4998,0,5.1745,2.4998,8.1409,7.8248,0,60.79,0,2.7453,2.6503,10.174,0,0,1,0,0,0,0,0,1,0,0,0,0,1,0,0,0
0,0,0,0,0,100,0,0,0,0,0,0,0,0,0,0,100,0,0,0,0,0,0,0,0,0,0,100,0,0,0,0,0,0,0,0,0.17808,0.82192,0,0,1,0,0,0,0,1,0,0,0
0,0,0,0,0,100,0,0,0,0,0,0,0,0,0,0,100,0,0,0,0,0,0,0,0,0,0,100,0,0,0,0,0,0,0,0,0.2069,0.7931,0,0,1,0,0,0,0,1,0,0,0
0,0,0,0,0,100,0,0,0,0,0,0,0,0,0,0,100,0,0,0,0,0,0,0,0,0,0,100,0,0,0,0,0,0,0,0.04,0.34,0.62,0,0,1,0,0,0,0,1,0,0,0
0,5.1862,0,5.1247,0,69.694,4.7077,0,2.5931,12.694,0,15.287,10.101,0,0,0,49.909,14.809,0,0,9.8939,0,0,15.287,0,0,14.809,34.683,10.101,0,22.527,2.5931,0,0.38889,0.53704,0.074074,0,0,0,0,1,0,0,0,0,1,0,0,0
0,6.7916,13.742,2.5657,0,63.692,2.5657,0,6.1779,4.4656,0,7.0313,7.0313,0,0,13.742,54.76,4.4656,0,0,12.969,0,0,27.565,0,0,4.4656,47.729,4.4656,0,9.5971,6.1779,0,0,0.8,0.2,0,0,0,0,1,0,0,0,0,1,0,0,0
0,0,0,0,0,100,0,0,0,0,0,0,0,0,0,0,100,0,0,0,0,0,0,0,0,0,0,83.062,16.938,0,0,0,0,0,0,0.013699,0.31507,0.67123,0,0,1,0,0,0,0,1,0,0,0
0,0,4.1498,0,0,87.875,7.9756,0,0,0,0,4.1498,4.1498,0,0,0,71.599,12.125,0,0,7.9756,0,0,0,4.1498,0,7.9756,64.008,15.891,0,7.9756,0,0,0.035714,0.96429,0,0,0,0,0,1,0,0,0,0,1,0,0,0
0,0,0,0,0,100,0,0,0,0,0,0,0,0,0,0,100,0,0,0,0,0,0,0,0,0,0,100,0,0,0,0,0,0,0,0.017544,0.21053,0.77193,0,0,1,0,0,0,0,1,0,0,0
0,0,0,0,0,100,0,0,0,0,0,0,0,0,0,0,100,0,0,0,0,0,0,0,0,0,0,100,0,0,0,0,0,0,0,0,0.26562,0.73438,0,0,1,0,0,0,0,1,0,0,0
0,0,18.626,0,11.757,49.56,0,0,13.188,6.8691,0,2.2136,0,8.5323,16.413,5.4384,42.458,11.757,0,2.2136,10.974,0,0,18.626,0,0,0,44.121,5.4384,13.971,0,17.843,0,0,0.97778,0.022222,0,0,0,0,1,0,0,0,0,1,0,0,0
0,0,10.217,0,5.1389,46.887,0,0,13.598,24.159,0,16.309,0,10.217,5.1389,0,33.898,5.1389,19.081,5.0783,5.1389,0,0,10.217,0,0,0,46.887,0,18.067,3.381,21.448,0,0.044444,0.88889,0.066667,0,0,0,0,1,0,0,0,0,1,0,0,0
0,0,0,0,0,100,0,0,0,0,0,0,0,0,0,0,100,0,0,0,0,0,0,0,0,0,0,100,0,0,0,0,0,0,0,0.039216,0.31373,0.64706,0,0,1,0,0,0,0,1,0,0,0
3.0372,0,24.514,0,0,53.77,0,0,18.679,0,0,8.7916,6.0744,7.431,3.2671,5.1737,40.385,8.2109,0,1.9066,6.9307,11.829,0,10.198,5.5244,8.7916,13.385,43.422,0,6.3043,0,1.9066,10.468,0.018868,0.98113,0,0,0,0,0,1,0,0,0,0,1,0,0,0
0,0,0,0,0,100,0,0,0,0,0,0,0,0,0,0,100,0,0,0,0,0,0,0,0,0,0,97.728,2.2719,0,0,0,0,0,1,0,0,0,0,0,1,0,0,0,0,1,0,0,0
0,0,0,0,70.496,29.504,0,0,0,0,0,0,0,35.248,5.4665,0,11.522,12.515,18.26,11.522,5.4665,0,0,0,0,0,0,29.504,7.0485,28.2,35.248,0,0,0,0.68571,0.085714,0.085714,0.14286,0,0,1,0,0,0,0,1,0,0,0
0,0,0,0,0,100,0,0,0,0,0,0,0,0,0,0,100,0,0,0,0,0,0,0,0,0,0,100,0,0,0,0,0,0.017544,0.98246,0,0,0,0,0,1,0,0,0,0,1,0,0,0
0,0,0,0,0,76.665,0,0,6.6824,16.653,0,16.653,0,0,0,0,76.665,0,6.6824,0,0,0,0,0,0,0,0,76.665,0,9.9704,6.6824,6.6824,0,0,0.8125,0.1875,0,0,0,0,1,0,0,0,0,1,0,0,0
0,0,0,0,0,100,0,0,0,0,0,0,0,0,0,0,100,0,0,0,0,0,0,0,0,0,0,100,0,0,0,0,0,0,0,0,0.2069,0.7931,0,0,1,0,0,0,0,1,0,0,0
0,0,0,0,0,79.347,20.653,0,0,0,0,0,0,0,0,14.674,50,14.674,20.653,0,0,0,0,0,0,0,20.653,58.144,21.203,0,0,0,0,0.1,0.76,0.12,0.02,0,0,0,1,0,0,0,0,1,0,0,0
0,0,19.7,0,6.9296,47.008,0,0,9.4599,3.7211,13.181,0,0,3.7211,0,3.2086,72.447,0,7.4422,0,13.181,0,19.7,0,0,0,0,29.838,17.17,13.181,10.651,9.4599,0,0,0.95,0,0.025,0.025,0,0,1,0,0,0,0,1,0,0,0
0,0,4.7424,0,6.8096,65.515,0,0,18.19,0,4.7424,0,0,0,0,20.258,61.552,0,13.448,0,4.7424,0,4.7424,0,0,0,0,18.362,47.154,4.7424,6.8096,18.19,0,0,0.86667,0,0.066667,0.066667,0,0,1,0,0,0,0,1,0,0,0
0,0,0,0,0,72.472,0,0,27.528,0,0,0,0,5.0565,0,17.415,37.641,17.415,22.472,0,0,0,0,0,0,0,0,67.415,5.0565,0,0,5.0565,22.472,0.19444,0,0,0,0.80556,0,0,1,0,0,0,0,1,0,0,0
0,0,0,0,0,100,0,0,0,0,0,0,0,0,0,0,100,0,0,0,0,0,0,0,0,0,0,100,0,0,0,0,0,0,0,0,0,1,0,0,1,0,0,0,0,1,0,0,0
0,0,0,0,0,93.073,0,6.9269,0,0,0,6.9269,0,0,0,0,93.073,0,0,0,0,0,0,0,6.9269,0,0,93.073,0,0,0,0,0,0.5,0.5,0,0,0,0,0,1,0,0,0,0,1,0,0,0
0,0,0,0,0,100,0,0,0,0,0,0,0,0,0,7.1538,85.692,7.1538,0,0,0,0,0,0,0,0,0,85.692,14.308,0,0,0,0,1,0,0,0,0,0,0,1,0,0,0,0,1,0,0,0
0,0,8.8709,23.997,0,43.827,2.6983,0,11.652,8.9539,0,17.825,17.825,8.9539,2.6983,0,37.655,12.345,0,2.6983,0,0,21.299,11.569,0,2.6983,0,37.655,6.1725,0,0,11.652,8.9539,0,1,0,0,0,0,0,1,0,0,0,0,1,0,0,1
0,0,0,0,8.2392,91.761,0,0,0,0,0,0,0,0,0,0,91.761,0,0,0,8.2392,0,0,0,0,0,0,91.761,0,0,8.2392,0,0,0,1,0,0,0,0,0,1,0,0,0,0,1,0,0,0
0,0,3.4527,13.079,1.5754,40.974,3.0457,0,26.103,4.1586,7.6113,0,13.486,14.192,3.4527,0,38.992,3.4527,8.7797,3.4527,1.5754,12.617,0,3.4527,0,3.0457,0,35.946,8.4809,4.1586,28.384,16.532,0,0,0.95238,0.047619,0,0,0,0,1,0,0,0,0,1,0,0,0
0,28.775,25.122,0,0,46.103,0,0,0,0,0,0,3.6529,0,17.328,4.1411,46.103,0,3.6529,0,4.1411,20.981,3.6529,25.61,3.6529,20.981,0,46.103,0,0,0,0,0,0.45,0.55,0,0,0,0,0,1,0,0,0,0,1,0,0,0
0,0,0,0,0,79.461,0,0,20.539,0,0,10.269,0,0,0,0,79.461,0,0,10.269,0,0,0,0,0,0,0,79.461,0,0,10.269,0,10.269,1,0,0,0,0,0,0,1,0,0,0,0,1,0,0,0
0,0,0,0,0,78.428,0,0,21.572,0,0,5.9414,4.8444,0,0,0,78.428,5.9414,0,0,4.8444,0,0,0,0,0,0,78.428,0,0,0,15.63,5.9414,1,0,0,0,0,0,0,1,0,0,0,0,1,0,0,0
0,0,0,0,0,100,0,0,0,0,0,0,0,0,0,0,100,0,0,0,0,0,0,0,0,0,0,100,0,0,0,0,0,0,0,0.046512,0.23256,0.72093,0,0,1,0,0,0,0,1,0,0,0
0,0,0,0,0,100,0,0,0,0,0,0,0,0,0,0,100,0,0,0,0,0,0,0,0,0,0,100,0,0,0,0,0,0,0,0,0,1,0,0,1,0,0,0,0,1,0,0,0
0,0,0,0,0,100,0,0,0,0,0,0,0,0,0,0,100,0,0,0,0,0,0,0,0,0,0,100,0,0,0,0,0,0,0,0,0,1,0,0,1,0,0,0,0,1,0,0,0
0,0,0,0,0,100,0,0,0,0,0,0,0,0,0,0,100,0,0,0,0,0,0,0,0,0,0,100,0,0,0,0,0,0,0,0,0.06,0.94,0,0,1,0,0,0,0,1,0,0,0
0,0,0,0,0,100,0,0,0,0,0,0,0,0,0,0,100,0,0,0,0,0,0,0,0,0,0,100,0,0,0,0,0,0,0,0,0,1,0,0,1,0,0,0,0,1,0,0,0
0,0,0,0,0,100,0,0,0,0,0,0,0,0,0,0,100,0,0,0,0,0,0,0,0,0,0,100,0,0,0,0,0,0.030303,0.060606,0,0,0.90909,0,0,1,0,0,0,0,1,0,0,0
2.0258,4.5486,0,0,0,57.836,7.4804,0,28.109,0,0,0,6.9547,2.9032,9.1258,0,48.358,9.4776,4.5486,4.5772,7.4518,6.603,0,0,12.029,0,4.929,54.933,0,2.0258,12.029,9.1258,4.929,0.95745,0.042553,0,0,0,0,0,1,0,0,0,0,1,0,0,0
3.6135,0,0,0,3.6135,84.242,0,3.6135,4.9172,0,0,3.6135,4.9172,0,0,8.5307,75.711,0,0,3.6135,3.6135,0,3.6135,3.6135,0,0,0,75.295,8.9474,0,3.6135,4.9172,0,0,1,0,0,0,0,0,1,0,0,0,0,1,0,0,0
0,3.0763,17.077,0,0,68.232,0,0,5.4623,6.1525,0,0,8.5385,3.0763,0,0,62.77,8.5385,5.4623,3.0763,0,8.5385,0,3.0763,17.077,0,0,57.89,10.342,8.5385,3.0763,0,0,0,1,0,0,0,0,0,1,0,0,0,0,1,0,0,0
5.531,11.363,17.029,0,0,54.579,0,0,2.7844,8.7139,0,5.531,4.357,12.672,0,9.79,39.258,9.8879,0,11.363,2.7844,4.357,0,11.363,11.498,5.531,18.068,42.042,0,4.357,7.1414,0,0,0.41176,0.58824,0,0,0,0,0,1,0,0,0,0,1,0,0,0
0,0,22.398,0,5.1477,70.739,0,0,1.7159,0,0,10.341,1.7159,1.7159,0,27.602,39.582,5.2703,1.7159,8.625,1.7159,1.7159,1.7159,3.4318,0,0,1.7159,69.023,0,0,1.7159,12.057,10.341,1,0,0,0,0,0,0,1,0,0,0,0,1,0,0,0
0,0,2.7166,0,0,97.283,0,0,0,0,0,0,0,2.7166,0,33.256,61.866,2.1618,0,0,0,0,0,0,0,0,0,83.256,14.027,0,0,2.7166,0,1,0,0,0,0,0,0,1,0,0,0,0,1,0,0,0
0,0,0,0,0,100,0,0,0,0,0,0,0,0,0,0,100,0,0,0,0,0,0,0,0,0,0,100,0,0,0,0,0,0,0,0,0,1,0,0,1,0,0,0,0,1,0,0,0
0,0,0,0,0,100,0,0,0,0,0,0,0,0,0,0,100,0,0,0,0,0,0,0,0,0,0,100,0,0,0,0,0,0,0,0,0,1,0,0,1,0,0,0,0,1,0,0,0
0,0,0,0,0,100,0,0,0,0,0,0,0,0,0,0,100,0,0,0,0,0,0,0,0,0,0,100,0,0,0,0,0,0,0,0,0.073171,0.92683,0,0,1,0,0,0,0,1,0,0,0
0,0,0,0,0,100,0,0,0,0,0,0,0,0,0,0,100,0,0,0,0,0,0,0,0,0,0,100,0,0,0,0,0,0,0,0,0,1,0,0,1,0,0,0,0,1,0,0,0
0,0,0,0,0,100,0,0,0,0,0,0,0,0,0,0,100,0,0,0,0,0,0,0,0,0,0,100,0,0,0,0,0,0,0,0,0,1,0,0,1,0,0,0,0,1,0,0,0
0,0,0,0,0,100,0,0,0,0,0,0,0,0,0,0,100,0,0,0,0,0,0,0,0,0,0,100,0,0,0,0,0,0,0,0,0,1,0,0,1,0,0,0,0,1,0,0,0
0,0,0,0,0,100,0,0,0,0,0,0,0,0,0,0,100,0,0,0,0,0,0,0,0,0,0,100,0,0,0,0,0,0,0,0,0.11111,0.88889,0,0,1,0,0,0,0,1,0,0,0
0,0,0,0,0,100,0,0,0,0,0,0,0,0,0,0,100,0,0,0,0,0,0,0,0,0,0,100,0,0,0,0,0,0,0,0,0,1,0,0,1,0,0,0,0,1,0,0,0
0,0,0,0,0,100,0,0,0,0,0,0,0,0,0,0,100,0,0,0,0,0,0,0,0,0,0,100,0,0,0,0,0,0,0,0,0.15152,0.84848,0,0,1,0,0,0,0,1,0,0,0
0,0,0,0,0,100,0,0,0,0,0,0,0,0,0,0,100,0,0,0,0,0,0,0,0,0,0,100,0,0,0,0,0,0,0.35294,0.17647,0.11765,0.35294,0,0,1,0,0,0,0,1,0,0,0
0,0,0,0,0,100,0,0,0,0,0,0,0,0,0,0,100,0,0,0,0,0,0,0,0,0,0,100,0,0,0,0,0,0,0,0.03125,0.03125,0.9375,0,0,1,0,0,0,0,1,0,0,0
0,0,0,0,0,100,0,0,0,0,0,0,0,0,0,23.923,66.024,10.053,0,0,0,0,0,0,0,0,0,61.655,38.345,0,0,0,0,1,0,0,0,0,0,0,1,0,0,0,0,1,0,0,0
0,18.221,0,3.8167,7.6334,29.228,10.803,1.4491,11.067,17.781,0,0,15.112,9.0825,0,18.493,19.377,0,26.868,5.5333,5.5333,0,6.9823,9.7942,9.1389,16.772,8.4314,8.1341,9.7985,7.6334,17.781,0,5.5333,0,1,0,0,0,0,0,1,0,0,0,0,1,0,0,1
0,0,0,0,0,100,0,0,0,0,0,0,0,0,0,0,100,0,0,0,0,0,0,0,0,0,0,95.568,4.4321,0,0,0,0,0,0.055556,0,0.94444,0,0,0,1,0,0,0,0,0.055556,0.94444,0,0
0,0,0,14.153,0,71.695,0,0,14.153,0,0,0,0,0,14.153,0,71.695,0,0,0,14.153,0,0,14.153,0,0,0,57.542,14.153,0,0,14.153,0,0,1,0,0,0,0,0,1,0,0,0,0,1,0,0,0
0,0,0,0,25,75,0,0,0,0,0,0,0,0,0,25,75,0,0,0,0,0,0,0,0,0,0,50,34.268,15.732,0,0,0,0,1,0,0,0,0,0,1,0,0,0,0,1,0,0,0
0,0,0,5.9062,5.6918,70.604,0,0,0,0,17.798,0,5.9062,0,0,17.798,70.604,0,0,0,0,5.6918,0,0,0,0,0,70.604,17.798,0,0,5.6918,5.9062,0,0.17544,0.54386,0.19298,0.087719,0,0,1,0,0,0,0,1,0,0,0
0,0,0,0,0,73.261,0,0,26.739,0,0,14.252,0,0,0,10.167,61.329,5.966,0,8.2862,0,0,0,0,0,0,0,67.295,5.966,0,14.252,0,12.487,0,0,0,0,1,0,0,1,0,0,0,0,1,0,0,0
0,0,0,0,0,100,0,0,0,0,0,0,0,0,0,0,100,0,0,0,0,0,0,0,0,0,0,100,0,0,0,0,0,0,0,0,0,1,0,0,1,0,0,0,0,1,0,0,0
0,0,0,0,0,83.152,0,0,16.848,0,0,0,0,0,8.4239,0,83.152,8.4239,0,0,0,0,0,0,0,0,0,83.152,0,0,0,8.4239,8.4239,1,0,0,0,0,0,0,1,0,0,0,0,1,0,0,0
0,0,0,0,0,100,0,0,0,0,0,0,0,0,0,0,100,0,0,0,0,0,0,0,0,0,0,100,0,0,0,0,0,0,0,0,0,1,0,0,1,0,0,0,0,1,0,0,0
0,0,0,0,0,100,0,0,0,0,0,0,0,0,0,0,100,0,0,0,0,0,0,0,0,0,0,100,0,0,0,0,0,0,0,0,0,1,0,0,1,0,0,0,0,1,0,0,0
0,0,0,0,0,100,0,0,0,0,0,0,0,0,0,0,100,0,0,0,0,0,0,0,0,0,0,100,0,0,0,0,0,0,0,0,0,1,0,0,1,0,0,0,0,1,0,0,0
0,0,0,0,0,100,0,0,0,0,0,0,0,0,0,0,100,0,0,0,0,0,0,0,0,0,0,100,0,0,0,0,0,0,1,0,0,0,0,0,1,0,0,0,0,1,0,0,0
0,0,0,0,0,100,0,0,0,0,0,0,0,0,0,0,100,0,0,0,0,0,0,0,0,0,0,100,0,0,0,0,0,0,1,0,0,0,0,0,1,0,0,0,0,1,0,0,0
0,14,0,0,0,65.536,2.269,2.269,2.269,11.388,2.269,0,4.1728,0,13.657,2.269,59.094,4.5379,4.1728,9.8269,0,2.269,14,4.5379,0,2.269,6.4417,59.094,0,11.388,0,2.269,0,0,0.94737,0.052632,0,0,0,0,0.68421,0.26316,0.052632,0,0,0.84211,0.15789,0,0
6.6745,6.6745,0,0,0,86.651,0,0,0,0,0,0,0,0,0,0,86.651,0,6.6745,6.6745,0,0,0,6.6745,0,0,6.6745,86.651,0,0,0,0,0,0,0.1,0.9,0,0,0,0,0.96667,0.033333,0,0,0,0.4,0.6,0,0
6.8279,7.6683,0,0,0,75.995,0,0,0,9.5085,0,0,6.629,0,0,0,85.504,0,0,3.414,4.4533,0,4.4533,3.215,3.414,3.414,0,69.366,0,9.7074,6.4301,0,0,0,1,0,0,0,0,0,1,0,0,0,0,1,0,0,0
0,0,0,0,0,100,0,0,0,0,0,0,0,0,0,0,100,0,0,0,0,0,0,0,0,0,0,100,0,0,0,0,0,0,0,0,0.065217,0.93478,0,0,1,0,0,0,0,1,0,0,0
0,0,0,0,0,86.217,0,0,13.783,0,0,0,0,0,3.1038,0,86.217,10.679,0,0,0,0,0,0,0,0,0,86.217,0,0,0,3.1038,10.679,0,0,0,0.17143,0.82857,0,0,1,0,0,0,0,1,0,0,0
0,10.288,14.446,0,0,69.448,0,0,2.9094,2.9094,0,5.8189,0,0,4.469,9.9765,69.448,0,0,0,5.8189,4.469,0,20.264,0,4.469,0,69.448,0,0,2.9094,2.9094,0,0,0.97222,0.027778,0,0,0,0,1,0,0,0,0,1,0,0,0
0,0,0,0,0,100,0,0,0,0,0,0,0,0,0,0,100,0,0,0,0,0,0,0,0,0,0,100,0,0,0,0,0,0,0.81818,0.18182,0,0,0,0,1,0,0,0,0,1,0,0,0
