h1,h2,h3,h4,h5,h6,h7,h8,h9,h10,h11,h12,h13,h14,h15,h16,h17,h18,h19,h20,h21,h22,h23,h24,h25,h26,h27,h28,h29,h30,h31,h32,h33,h34,h35,h36,h37,h38,h39,h40,h41,h42,h43,h44,h45,h46,h47,h48,label
0,0,0,0,0,100,0,0,0,0,0,0,0,0,0,0,100,0,0,0,0,0,0,0,0,0,0,100,0,0,0,0,0,0,0,0,0,1,0,0,1,0,0,0,0,1,0,0,0
0,0,0,0,0,100,0,0,0,0,0,0,0,0,0,0,100,0,0,0,0,0,0,0,0,0,0,100,0,0,0,0,0,0,0,0,0,1,0,0,1,0,0,0,0,1,0,0,0
0,0,0,0,0,100,0,0,0,0,0,0,0,0,0,0,100,0,0,0,0,0,0,0,0,0,0,100,0,0,0,0,0,0,0,0,0,1,0,0,1,0,0,0,0,1,0,0,0
0,0,0,0,0,100,0,0,0,0,0,0,0,0,0,0,100,0,0,0,0,0,0,0,0,0,0,100,0,0,0,0,0,0,0,0,0.035714,0.96429,0,0,1,0,0,0,0,1,0,0,0
0,0,0,0,0,100,0,0,0,0,0,0,0,0,0,0,100,0,0,0,0,0,0,0,0,0,0,100,0,0,0,0,0,0,0,0,0,1,0,0,1,0,0,0,0,1,0,0,0
0,0,0,0,0,100,0,0,0,0,0,0,0,0,0,0,100,0,0,0,0,0,0,0,0,0,0,100,0,0,0,0,0,0,0,0,0,1,0,0,1,0,0,0,0,1,0,0,0
0,0,0,0,0,100,0,0,0,0,0,0,0,0,0,0,100,0,0,0,0,0,0,0,0,0,0,100,0,0,0,0,0,0,0,0,0,1,0,0,1,0,0,0,0,1,0,0,0
0,0,0,0,0,100,0,0,0,0,0,0,0,0,0,0,100,0,0,0,0,0,0,0,0,0,0,100,0,0,0,0,0,0,0,0,0,1,0,0,1,0,0,0,0,1,0,0,0
0,0,0,0,0,100,0,0,0,0,0,0,0,0,0,0,100,0,0,0,0,0,0,0,0,0,0,100,0,0,0,0,0,0.058824,0.35294,0.21569,0.13725,0.23529,0,0,1,0,0,0,0,1,0,0,0
0,0,0,0,0,100,0,0,0,0,0,0,0,0,0,0,100,0,0,0,0,0,0,0,0,0,0,100,0,0,0,0,0,0,0,0,0,1,0,0,1,0,0,0,0,1,0,0,0
0,0,0,0,0,100,0,0,0,0,0,0,0,0,0,0,100,0,0,0,0,0,0,0,0,0,0,100,0,0,0,0,0,0,0,0,0,1,0,0,1,0,0,0,0,1,0,0,0
0,0,0,0,0,100,0,0,0,0,0,0,0,0,0,0,100,0,0,0,0,0,0,0,0,0,0,100,0,0,0,0,0,0,0,0,0.025641,0.97436,0,0,1,0,0,0,0,1,0,0,0
0,0,0,0,0,100,0,0,0,0,0,0,0,0,0,0,100,0,0,0,0,0,0,0,0,0,0,100,0,0,0,0,0,0,0,0,0,1,0,0,1,0,0,0,0,1,0,0,0
0,0,0,0,0,100,0,0,0,0,0,0,0,0,0,19.384,74.629,5.987,0,0,0,0,0,0,0,0,0,74.629,25.371,0,0,0,0,0,0,0.029412,0.014706,0.95588,0,0,1,0,0,0,0,1,0,0,0
0,0,0,0,0,100,0,0,0,0,0,0,0,0,0,30.169,39.661,30.169,0,0,0,0,0,0,0,0,0,39.661,60.339,0,0,0,0,0,0.037736,0.13208,0.13208,0.69811,0,0,1,0,0,0,0,1,0,0,0
0,0,0,0,0,100,0,0,0,0,0,0,0,0,0,0,100,0,0,0,0,0,0,0,0,0,0,100,0,0,0,0,0,0,0,0,0,1,0,0,1,0,0,0,0,1,0,0,0
0,0,0,0,0,100,0,0,0,0,0,0,0,0,0,0,100,0,0,0,0,0,0,0,0,0,0,100,0,0,0,0,0,0,0,0,0,1,0,0,1,0,0,0,0,1,0,0,0
0,0,0,0,0,100,0,0,0,0,0,0,0,0,0,0,100,0,0,0,0,0,0,0,0,0,0,100,0,0,0,0,0,0,0,0,0,1,0,0,1,0,0,0,0,1,0,0,0
0,0,0,0,0,100,0,0,0,0,0,0,0,0,0,0,100,0,0,0,0,0,0,0,0,0,0,100,0,0,0,0,0,0,0,0,0,1,0,0,1,0,0,0,0,1,0,0,0
0,0,0,0,0,100,0,0,0,0,0,0,0,0,0,0,100,0,0,0,0,0,0,0,0,0,0,100,0,0,0,0,0,0,0,0,0.069767,0.93023,0,0,1,0,0,0,0,1,0,0,0
0,0,0,0,0,100,0,0,0,0,0,0,0,0,0,0,100,0,0,0,0,0,0,0,0,0,0,100,0,0,0,0,0,0,0,0,0,1,0,0,1,0,0,0,0,1,0,0,0
0,0,0,0,0,100,0,0,0,0,0,0,0,0,0,0,100,0,0,0,0,0,0,0,0,0,0,100,0,0,0,0,0,0,0,0,0.073171,0.92683,0,0,1,0,0,0,0,1,0,0,0
0,0,0,0,0,100,0,0,0,0,0,0,0,0,0,0,100,0,0,0,0,0,0,0,0,0,0,100,0,0,0,0,0,0,0,0,0,1,0,0,1,0,0,0,0,1,0,0,0
0,0,0,0,0,100,0,0,0,0,0,0,0,0,0,0,100,0,0,0,0,0,0,0,0,0,0,100,0,0,0,0,0,0,0,0,0,1,0,0,1,0,0,0,0,1,0,0,0
0,0,0,0,0,100,0,0,0,0,0,0,0,0,0,0,100,0,0,0,0,0,0,0,0,0,0,100,0,0,0,0,0,0,0,0,0,1,0,0,1,0,0,0,0,1,0,0,0
0,0,0,0,0,100,0,0,0,0,0,0,0,0,0,0,100,0,0,0,0,0,0,0,0,0,0,100,0,0,0,0,0,0,0,0,0,1,0,0,1,0,0,0,0,1,0,0,0
0,0,0,0,0,100,0,0,0,0,0,0,0,0,0,0,100,0,0,0,0,0,0,0,0,0,0,100,0,0,0,0,0,0,0,0,0,1,0,0,1,0,0,0,0,1,0,0,0
0,0,0,0,0,100,0,0,0,0,0,0,0,0,0,0,100,0,0,0,0,0,0,0,0,0,0,100,0,0,0,0,0,0,0,0,0,1,0,0,1,0,0,0,0,1,0,0,0
0,0,0,0,0,100,0,0,0,0,0,0,0,0,0,0,100,0,0,0,0,0,0,0,0,0,0,100,0,0,0,0,0,0,0,0,0.03125,0.96875,0,0,1,0,0,0,0,1,0,0,0
0,0,0,0,0,100,0,0,0,0,0,0,0,0,0,0,100,0,0,0,0,0,0,0,0,0,0,100,0,0,0,0,0,0,0,0,0.061224,0.93878,0,0,1,0,0,0,0,1,0,0,0
0,0,0,0,0,100,0,0,0,0,0,0,0,0,0,0,100,0,0,0,0,0,0,0,0,0,0,100,0,0,0,0,0,0,0,0,0,1,0,0,1,0,0,0,0,1,0,0,0
0,0,0,0,0,100,0,0,0,0,0,0,0,0,0,0,100,0,0,0,0,0,0,0,0,0,0,100,0,0,0,0,0,0,0,0,0,1,0,0,1,0,0,0,0,1,0,0,0
0,0,0,0,0,100,0,0,0,0,0,0,0,0,0,24.003,59.825,16.172,0,0,0,0,0,0,0,0,0,54.341,45.659,0,0,0,0,0,0,0,0,1,0,0,1,0,0,0,0,1,0,0,0
0,0,0,0,0,100,0,0,0,0,0,0,0,0,0,0,100,0,0,0,0,0,0,0,0,0,0,100,0,0,0,0,0,0,0,0,0,1,0,0,1,0,0,0,0,1,0,0,0
0,0,0,0,0,100,0,0,0,0,0,0,0,0,0,13.254,66.514,20.232,0,0,0,0,0,0,0,0,0,73.493,26.507,0,0,0,0,0,0,0,0,1,0,0,1,0,0,0,0,1,0,0,0
0,0,0,0,0,100,0,0,0,0,0,0,0,0,0,29.123,64.561,6.316,0,0,0,0,0,0,0,0,0,64.561,35.439,0,0,0,0,0,0.92683,0,0,0.073171,0,0,1,0,0,0,0,1,0,0,0
0,0,0,0,0,100,0,0,0,0,0,0,0,0,0,5.2465,79.655,15.098,0,0,0,0,0,0,0,0,0,80.917,19.083,0,0,0,0,0,0.97368,0,0,0.026316,0,0,1,0,0,0,0,1,0,0,0
0,0,0,0,0,100,0,0,0,0,0,0,0,0,0,0,100,0,0,0,0,0,0,0,0,0,0,100,0,0,0,0,0,0,0,0,0,1,0,0,1,0,0,0,0,1,0,0,0
0,0,0,0,0,100,0,0,0,0,0,0,0,0,0,0,93.045,6.9554,0,0,0,0,0,0,0,0,0,91.996,8.004,0,0,0,0,0,0,0,0,1,0,0,1,0,0,0,0,1,0,0,0
0,0,0,0,0,100,0,0,0,0,0,0,0,0,0,0,100,0,0,0,0,0,0,0,0,0,0,100,0,0,0,0,0,0,0,0,0,1,0,0,1,0,0,0,0,1,0,0,0
0,0,0,0,0,100,0,0,0,0,0,0,0,0,0,0,100,0,0,0,0,0,0,0,0,0,0,100,0,0,0,0,0,0,0,0.012346,0,0.98765,0,0,1,0,0,0,0,1,0,0,0
0,0,0,0,0,100,0,0,0,0,0,0,0,0,0,8.7951,82.41,8.7951,0,0,0,0,0,0,0,0,0,75.918,24.082,0,0,0,0,0,0.38462,0.15385,0.025641,0.4359,0,0,1,0,0,0,0,1,0,0,0
0,0,0,0,0,100,0,0,0,0,0,0,0,0,0,0,91.087,8.9131,0,0,0,0,0,0,0,0,0,100,0,0,0,0,0,0,0.26667,0,0.044444,0.68889,0,0,1,0,0,0,0,1,0,0,0
0,0,0,0,0,100,0,0,0,0,0,0,0,0,0,0,100,0,0,0,0,0,0,0,0,0,7.5525,92.448,0,0,0,0,0,0,0,0.035714,0.089286,0.875,0,0,1,0,0,0,0,1,0,0,0
0,0,0,0,0,100,0,0,0,0,0,0,0,0,0,0,100,0,0,0,0,0,0,0,0,0,0,88.828,11.172,0,0,0,0,0,0.97561,0.02439,0,0,0,0,1,0,0,0,0,1,0,0,0
0,0,0,0,0,87.681,0,0,12.319,0,0,6.1596,0,0,0,0,87.681,0,6.1596,0,0,0,0,0,0,0,0,87.681,0,0,0,12.319,0,0.96429,0.035714,0,0,0,0,0,1,0,0,0,0,1,0,0,0
0,0,0,0,0,85.02,0,0,14.98,0,0,0,0,0,0,0,85.02,14.98,0,0,0,0,0,0,0,0,14.98,60.521,9.5185,0,0,0,14.98,0,0.54839,0,0,0.45161,0,0,1,0,0,0,0,1,0,0,0
0,0,0,0,0,100,0,0,0,0,0,0,0,0,0,0,100,0,0,0,0,0,0,0,0,0,0,72.914,27.086,0,0,0,0,0,1,0,0,0,0,0,1,0,0,0,0,1,0,0,0
0,0,0,0,0,79.332,0,0,7.8348,2.836,9.9976,4.9988,0,4.9988,0,5.672,79.332,4.9988,0,0,0,0,0,0,0,0,0,76.496,2.836,9.9976,7.8348,0,2.836,0,1,0,0,0,0,0,1,0,0,0,0,1,0,0,0
0,0,0,0,0,100,0,0,0,0,0,0,0,0,0,0,100,0,0,0,0,0,0,0,0,0,0,66.667,33.333,0,0,0,0,0,1,0,0,0,0,0,1,0,0,0,0,1,0,0,0
0,0,8.5781,8.3905,22.448,32.004,0,0,18.806,3.4156,6.3583,10.848,0.70163,1.7561,10.537,10.63,12.703,13.18,10.021,0,9.0922,20.53,3.3345,15.551,7.8903,0,7.1609,10.918,13.937,12.353,10.401,9.106,9.3469,0.28,0.72,0,0,0,0,0,1,0,0,0,0,1,0,0,0
0,0,0,0,0,90.178,0,0,9.8217,0,0,0,0,0,0,0,90.178,0,9.8217,0,0,0,0,0,0,0,7.9757,69.941,12.262,0,0,9.8217,0,0,1,0,0,0,0,0,1,0,0,0,0,1,0,0,0
0,0,0,0,0,87.885,0,0,12.115,0,0,6.0577,0,0,0,0,87.885,0,0,6.0577,0,0,0,0,0,0,0,67.89,19.994,0,6.0577,6.0577,0,0,1,0,0,0,0,0,1,0,0,0,0,1,0,0,0
0,0,2.7045,0,0,91.488,0,0,5.8079,0,0,2.9039,0,0,0,0,91.488,0,0,5.6084,0,0,0,2.7045,0,0,2.7045,81.319,7.4644,0,2.9039,2.9039,0,0,1,0,0,0,0,0,1,0,0,0,0,1,0,0,0
0,0,6.6902,0,0,77.818,0,0,15.492,0,0,7.746,0,5.2784,0,10.252,67.566,0,0,2.7722,6.3856,0,0,6.6902,0,0,6.3856,71.432,0,1.4119,6.3341,7.746,0,0,1,0,0,0,0,0,1,0,0,0,0,1,0,0,0
0,0,20.549,0,0,53.699,0,0,25.752,0,0,1.7944,19.011,12.161,0,12.161,28.64,12.898,0,1.7944,11.54,0,0,10.803,9.746,0,17.844,35.855,0,1.7944,19.011,1.7944,3.152,0.16667,0.83333,0,0,0,0,0,1,0,0,0,0,1,0,0,0
0,0,0,0,0,79.205,0,0,20.795,0,0,0,0,0,0,0,79.205,15.584,5.2111,0,0,0,0,0,0,0,26.385,52.82,0,0,0,5.2111,15.584,0.13235,0.63235,0.014706,0.029412,0.19118,0,0,1,0,0,0,0,1,0,0,0
0,0,0,0,0,72.749,0,0,27.251,0,0,4.4325,0,0,0,0,72.749,18.386,4.4325,0,0,0,0,0,0,0,30.378,42.37,0,0,4.4325,4.4325,18.386,0.84,0,0,0,0.16,0,0,1,0,0,0,0,1,0,0,0
0,0,0,0,0,71.842,0,0,28.158,0,0,11.32,0,0,0,0,71.842,5.5175,7.7681,3.5522,0,0,0,0,0,0,13.286,49.608,8.9487,0,11.32,11.32,5.5175,0.14286,0.85714,0,0,0,0,0,1,0,0,0,0,1,0,0,0
0,0,0,0,0,73.054,0,0,26.946,0,0,5.9758,0,0,0,0,73.054,5.0781,9.9167,5.9758,0,0,0,0,0,0,13.165,59.889,0,0,5.9758,15.892,5.0781,1,0,0,0,0,0,0,1,0,0,0,0,1,0,0,0
0,0,0,0,0,73.56,0,0,26.44,0,0,11.24,0,0,0,0,73.56,0,6.5461,8.6537,0,0,0,0,0,0,8.914,56.877,7.7693,0,11.24,15.2,0,0.13846,0.86154,0,0,0,0,0,1,0,0,0,0,1,0,0,0
0,0,0,0,0,68.576,0,0,31.424,0,0,15.712,0,0,0,0,68.576,0,2.9628,12.749,0,0,0,0,0,0,10.188,58.387,0,0,15.712,15.712,0,0.93269,0.067308,0,0,0,0,0,1,0,0,0,0,1,0,0,0
0,0,2.0933,0,0,73.333,0,0,24.574,0,0,12.287,0,0,0,2.296,71.037,0,0,12.084,2.296,0,0,2.0933,0,0,11.883,61.45,0,0,12.287,12.287,0,0.14754,0.85246,0,0,0,0,0,1,0,0,0,0,1,0,0,0
0,0,5.6165,0,0,65.155,0,0,29.229,0,0,14.614,0,2.8083,0,6.8697,58.285,0,0,10.553,6.8697,0,0,5.6165,0,0,13.301,51.854,0,2.8083,11.806,14.614,0,0.94253,0.057471,0,0,0,0,0,1,0,0,0,0,1,0,0,0
0,0,20.164,0,0,60.864,0,0,18.972,0,0,9.4862,0,10.023,0,10.023,50.841,0,0,13.955,5.6721,0,0,20.164,0,0,12.614,48.25,0,5.6721,3.814,9.4862,0,0.25,0.75,0,0,0,0,0,1,0,0,0,0,1,0,0,0
0,0,7.0257,0,0,65.145,0,0,27.83,0,0,11.777,0,9.6009,0,15.336,45.532,4.2767,0,3.9957,9.4824,0,0,5.1519,1.8738,0,20.158,44.987,0,1.8738,9.9027,9.9027,6.1505,1,0,0,0,0,0,0,1,0,0,0,0,1,0,0,0
0,0,29.136,0,0,35.432,0,0,35.432,0,0,6.2956,22.841,6.2956,0,0,12.591,22.841,0,0,29.136,0,0,0,29.136,0,22.841,12.591,0,6.2956,22.841,0,6.2956,0.22222,0.77778,0,0,0,0,0,1,0,0,0,0,1,0,0,0
0,0,6.9947,0,0,50.697,0,0,42.308,0,0,6.9947,24.124,11.189,0,4.1945,42.308,4.1945,0,0,6.9947,0,0,0,6.9947,0,8.3889,42.308,0,6.9947,24.124,0,11.189,0.91803,0.081967,0,0,0,0,0,1,0,0,0,0,1,0,0,0
6.824,6.235,0,0,30.411,30.411,0,0,19.883,0,6.235,6.824,0,11.794,0,13.059,18.029,6.824,18.029,5.5587,13.059,6.824,0,0,0,6.235,0,24.853,5.5587,38.501,11.794,13.059,0,0.088235,0.91176,0,0,0,0,0,1,0,0,0,0,1,0,0,0
4.0869,18.057,0,0,16.132,27.353,0,0,24.603,2.5167,7.2518,6.6036,8.704,7.2518,15.839,9.2956,14.088,10.748,7.4272,0,13.44,6.6036,0,0,0,18.057,0,27.353,2.0431,22.678,4.7351,22.617,2.5167,0.3125,0.6875,0,0,0,0,0,1,0,0,0,0,1,0,0,0
7.1198,2.8488,0,0,21.114,48.037,3.4435,11.74,2.8488,0,2.8488,8.2964,0,6.2922,0,18.032,32.854,0,21.114,3.4435,2.8488,7.1198,0,3.4435,3.4435,11.145,0,44.593,3.4435,12.817,18.265,2.8488,0,0,1,0,0,0,0,0,1,0,0,0,0,1,0,0,0
11.116,3.0867,0,0,27.262,33.943,0,1.9799,10.684,0,11.929,6.55,1.5433,10.288,7.0631,6.55,23.515,6.1135,14.837,2.3349,10.09,11.116,0,0,0,5.0665,0,31.608,6.3113,30.544,10.86,11.633,3.9764,0,1,0,0,0,0,0,1,0,0,0,0,1,0,0,0
0,3.4507,0,0,10.383,42.33,13.121,24.495,0,6.2195,0,8.9864,0,6.642,3.4507,12.437,29.471,0,21.848,3.1913,0,13.974,0,17.425,6.9013,19.51,8.4362,25.717,8.1768,3.1913,10.643,0,0,0,0.98684,0,0.013158,0,0,0.013158,0.98684,0,0,0,0,0.98684,0.013158,0,0
0,2.2567,0,0,20.015,57.815,4.0331,11.367,2.2567,0,2.2567,2.4445,0,14.041,0,12.767,39.554,0,14.709,11.784,2.2567,2.4445,0,6.4776,4.0331,7.1456,2.4445,41.143,14.228,12.264,10.007,2.2567,0,0,0.96053,0.039474,0,0,0,0.026316,0.97368,0,0,0,0,0.97368,0.026316,0,0
0,7.2315,0,1.9475,1.3089,41.384,22.606,10.469,7.8217,7.2315,0,1.8771,3.2564,8.8131,7.8701,16.837,26.614,4.4455,13.722,2.8905,3.2564,10.417,0,19.869,16.683,5.0631,11.726,20.444,9.2132,0,9.179,6.5128,1.3089,0,0.92683,0.060976,0.012195,0,0.012195,0.060976,0.92683,0,0,0,0,0.92683,0.073171,0,0
0,1.498,0,2.0696,4.9179,37.326,9.1136,25.434,8.6332,7.588,3.4199,3.9802,3.5676,4.374,5.4895,12.876,35.965,0,10.07,2.664,5.2775,15.736,0,18.972,4.7336,18.218,8.4741,22.207,6.6442,3.4199,8.6975,7.1352,1.498,0,0,0,0,1,1,0,0,0,0,0,0,0,0,1,1
0,0,0,0,0,88.982,0,0,11.018,0,0,0,0,0,0,0,88.982,11.018,0,0,0,0,0,0,0,0,22.659,66.323,0,0,0,0,11.018,0.69512,0.036585,0,0,0.26829,0,0,1,0,0,0,0,1,0,0,0
0,0,0,0,0,100,0,0,0,0,0,0,0,0,0,0,100,0,0,0,0,0,0,0,0,0,10.199,89.801,0,0,0,0,0,0.81609,0.011494,0,0,0.17241,0,0,1,0,0,0,0,1,0,0,0
0,0,0,0,0,100,0,0,0,0,0,0,0,0,0,0,100,0,0,0,0,0,0,0,0,0,0,100,0,0,0,0,0,0.8427,0.033708,0,0,0.1236,0,0,1,0,0,0,0,1,0,0,0
27.732,0,0,0,0,72.268,0,0,0,0,0,27.732,0,0,0,0,72.268,0,0,0,0,0,27.732,0,0,0,0,72.268,0,0,0,0,0,0.93651,0.015873,0,0,0.047619,0,0,1,0,0,0,0,1,0,0,0
0,0,0,0,0,87.399,0,0,12.601,0,0,6.3005,0,0,0,0,87.399,0,6.3005,0,0,0,0,0,0,0,26.266,61.133,0,0,6.3005,6.3005,0,1,0,0,0,0,0,0,1,0,0,0,0,1,0,0,0
0,0,0,0,0,100,0,0,0,0,0,0,0,0,0,0,100,0,0,0,0,0,0,0,0,0,0,100,0,0,0,0,0,0.975,0.025,0,0,0,0,0,1,0,0,0,0,1,0,0,0
0,0,0,0,0,90.267,0,0,9.7327,0,0,4.8663,0,0,0,0,90.267,0,0,4.8663,0,0,0,0,0,0,19.028,71.24,0,0,4.8663,4.8663,0,0.88889,0.11111,0,0,0,0,0,1,0,0,0,0,1,0,0,0
0,0,0,0,0,100,0,0,0,0,0,0,0,0,0,0,100,0,0,0,0,0,0,0,0,0,7.5024,92.498,0,0,0,0,0,0.93333,0.066667,0,0,0,0,0,1,0,0,0,0,1,0,0,0
0,0,0,0,0,100,0,0,0,0,0,0,0,0,0,0,100,0,0,0,0,0,0,0,0,0,0,100,0,0,0,0,0,1,0,0,0,0,0,0,1,0,0,0,0,1,0,0,0
36.666,0,0,0,0,63.334,0,0,0,0,0,36.666,0,0,0,0,63.334,0,0,0,0,0,0,0,0,0,0,63.334,36.666,0,0,0,0,1,0,0,0,0,0,0,1,0,0,0,0,1,0,0,0
0,0,0,0,0,100,0,0,0,0,0,0,0,0,0,0,100,0,0,0,0,0,0,0,0,0,0,100,0,0,0,0,0,0.82609,0.17391,0,0,0,0,0,1,0,0,0,0,1,0,0,0
0,0,10.781,0,0,89.219,0,0,0,0,0,0,10.781,0,0,16.325,56.569,16.325,0,0,0,0,0,0,0,0,0,72.894,16.325,0,0,0,10.781,1,0,0,0,0,0,0,1,0,0,0,0,1,0,0,0
0,0,0,0,0,90.957,0,0,9.0428,0,0,4.5214,0,0,0,0,90.957,0,0,4.5214,0,0,0,0,0,0,10.451,80.506,0,0,4.5214,4.5214,0,1,0,0,0,0,0,0,1,0,0,0,0,1,0,0,0
0,0,0,0,0,100,0,0,0,0,0,0,0,0,0,0,100,0,0,0,0,0,0,0,0,0,11.446,88.554,0,0,0,0,0,0.8,0.2,0,0,0,0,0,1,0,0,0,0,1,0,0,0
0,0,0,0,0,100,0,0,0,0,0,0,0,0,0,0,100,0,0,0,0,0,0,0,0,0,7.5335,92.466,0,0,0,0,0,0.91139,0.088608,0,0,0,0,0,1,0,0,0,0,1,0,0,0
0,0,21.289,0,0,53.518,0,0,25.193,0,0,8.977,7.2392,8.977,0,5.0728,41.206,7.2392,0,5.0728,16.216,0,0,10.146,11.143,0,12.312,41.206,0,8.977,7.2392,5.0728,3.9042,0.94444,0.055556,0,0,0,0,0,1,0,0,0,0,1,0,0,0
0,19.567,12.055,0,1.9467,35.028,0,0,15.978,7.1995,8.226,8.0651,7.8249,8.226,6.2413,13.293,33.041,1.9467,5.8782,0,9.4822,6.002,0,7.9772,5.4724,21.827,0,31.373,5.8782,9.5474,5.8782,9.6987,2.3478,0.83333,0.16667,0,0,0,0,0,1,0,0,0,0,1,0,0,0
0,11.062,22.017,0,1.6171,40.45,0,0,8.8236,16.03,0,16.43,0,1.6171,0,6.7974,53.652,0,1.5034,0,1.8384,18.161,0,22.761,3.3418,20.4,0,27.027,0,16.03,3.1206,7.3202,0,0.81034,0.18966,0,0,0,0,0,1,0,0,0,0,1,0,0,0
0,12.461,5.9628,0,10.025,40.25,0,0,9.2119,11.926,10.163,11.926,3.2491,6.7756,9.886,5.9628,37.001,3.2491,9.3506,0,6.6369,5.9628,0,0,5.9628,12.461,0,40.25,3.3878,18.701,5.9628,9.886,3.3878,0,0.92105,0.039474,0.013158,0.026316,0.026316,0.039474,0.93421,0,0,0,0,0.93421,0.039474,0.026316,0
0,11.389,15.812,0,2.2113,35.306,0,0,15.627,19.655,0,15.418,0,2.2113,0,4.2136,58.317,0,2.0023,0,9.3868,8.4512,0,13.624,2.0023,13.6,0,33.28,0,19.655,4.2136,13.624,0,0,0.98684,0.013158,0,0,0,0.013158,0.98684,0,0,0,0,0.98684,0.013158,0,0
0,3.6575,19.22,0,4.865,48.586,0,0,10.146,13.526,0,9.78,1.0611,4.9113,5.0446,1.0611,47.569,3.8038,1.6815,0,2.7826,22.305,2.1223,26.45,8.2743,5.5936,1.0611,20.308,4.9113,16.268,2.7427,8.4643,3.8038,0.85965,0.14035,0,0,0,0,0,1,0,0,0,0,1,0,0,0
0,0,19.402,3.3702,12.311,40.707,0,0,14.843,8.3472,1.0189,3.3702,4.3149,4.1523,15.495,4.514,27.781,5.0213,8.0781,0,7.3075,19.966,3.6567,13.995,10.419,1.1439,1.613,19.144,7.1169,15.551,9.0835,8.9413,9.3362,1,0,0,0,0,0,0,1,0,0,0,0,1,0,0,0
0,0,17.313,2.1171,18.24,34.888,0,0,14.352,13.09,0,5.5792,1.9913,5.2988,10.316,9.4071,30.218,6.7154,2.7329,0,4.1083,23.634,6.0996,10.878,5.4657,5.2988,1.9913,17.743,4.2341,19.932,10.023,11.62,6.7154,0.044776,0.92537,0.029851,0,0,0,0.029851,0.97015,0,0,0,0,0.98507,0.014925,0,0
0,0,5.3084,1.7734,17.023,40.888,0,0,6.4149,17.4,11.192,4.1317,1.2087,8.1791,5.6136,4.2015,19.424,6.388,23.909,0,18.008,8.9361,5.1573,3.9486,1.9158,0,1.2087,17.131,6.0194,38.951,11.922,9.7607,3.9851,0.98077,0.019231,0,0,0,0,0,1,0,0,0,0,1,0,0,0
0,12.856,0,0,15.467,38.715,0,7.2503,12.856,0,12.856,7.2503,8.7475,12.856,0,11.359,31.465,0,24.215,0,4.1084,0,0,0,0,20.106,0,38.715,8.7475,8.2167,20.106,4.1084,0,0,0.86957,0.11594,0,0.014493,0.014493,0.072464,0.91304,0,0,0,0,0.92754,0.057971,0.014493,0
0,3.839,0,0,17.067,36.194,4.2991,2.9404,25.898,3.839,5.9231,0,2.406,6.3201,9.2605,11.666,40.15,0,5.8488,0,7.2931,17.055,0,5.2721,2.8661,2.406,18.425,11.846,5.9231,15.697,16.596,15.622,5.3464,0,0.44,0.36,0.16,0.04,0.04,0.48,0.48,0,0,0,0,0.48,0.48,0.04,1
2.1422,4.9068,2.1422,0,10.774,31.471,12.422,14.529,6.887,12.619,2.1065,10.516,0,18.416,3.8548,3.8548,28.28,14.288,4.0486,0,4.5129,12.229,9.8546,10.516,11.138,6.1907,13.736,6.3552,16.286,13.897,3.4966,5.1387,3.3904,0,1,0,0,0,0,0,0,0.62963,0.37037,1,0,0,0,0,1
0,0,0,4.6306,9.2611,69.34,0,0,8.384,8.384,0,4.6306,0,0,4.6306,12.137,69.34,0,0,0,4.6306,4.6306,4.6306,4.6306,0,0,0,56.326,13.015,9.2611,3.7535,4.6306,3.7535,0,1,0,0,0,0,0,1,0,0,0,0,1,0,0,0
0,0,0,0,9.9678,85.891,0,0,2.0704,2.0704,0,0,0,0,0,4.1408,95.859,0,0,0,0,0,0,0,0,0,0,83.821,2.0704,9.9678,2.0704,0,2.0704,0,1,0,0,0,0,0,1,0,0,0,0,1,0,0,0
0,0,1.4314,1.4314,16.872,53.366,0,0,5.4969,7.3932,14.009,1.4314,0,2.3796,1.4314,6.6996,34.115,13.061,20.2,0,6.1905,14.492,0,2.8627,1.4314,0,1.4314,43.11,15.695,21.148,6.4451,3.8109,4.0655,0,1,0,0,0,0,0,1,0,0,0,0,1,0,0,0
0,0,0,0,0,100,0,0,0,0,0,0,0,0,0,0,100,0,0,0,0,0,0,0,0,0,0,100,0,0,0,0,0,0,1,0,0,0,0,0,1,0,0,0,0,1,0,0,0
0,0,0,0,0,96.794,0,0,1.6028,1.6028,0,0,0,0,0,3.2057,96.794,0,0,0,0,0,0,0,0,0,0,95.192,1.6028,0,1.6028,0,1.6028,0,1,0,0,0,0,0,1,0,0,0,0,1,0,0,0
0,0,0,0,0,100,0,0,0,0,0,0,0,0,0,0,100,0,0,0,0,0,0,0,0,0,0,100,0,0,0,0,0,0,1,0,0,0,0,0,1,0,0,0,0,1,0,0,0
6.1162,9.7911,0,0,27.172,21.989,0,0,11.207,2.1803,21.544,2.1803,2.9447,16.39,13.224,6.0821,16.864,2.9447,19.074,0,12,8.2966,0,0,0,9.7911,0,21.989,5.1538,28.588,10.018,17.125,7.3341,1,0,0,0,0,0,0,1,0,0,0,0,1,0,0,0
2.1201,3.809,1.0813,0,16.113,15.526,0,0,23.183,9.7296,28.438,11.85,1.779,22.39,13.615,11.717,5.8389,2.1201,10.805,0,9.1165,10.768,0,0,1.0813,3.809,0,15.526,7.8267,37.65,3.809,16.684,13.615,1,0,0,0,0,0,0,1,0,0,0,0,1,0,0,0
0,0,2.0554,20.848,0,51.603,2.355,14.318,8.8207,0,0,3.9877,2.355,0,4.4104,24.835,49.97,0,3.9877,0,6.4658,3.9877,0,8.398,2.355,7.9754,3.9877,25.135,22.48,4.1108,16.737,6.7653,2.0554,0,0,0,0,1,1,0,0,0,0,0,0,0,0,1,1
0,0,3.0385,32.59,0,58.295,0,0,6.077,0,0,0,0,0,3.0385,26.889,50.739,0,0,0,19.333,0,0,3.0385,0,0,0,23.85,34.445,19.333,13.256,3.0385,3.0385,0,0,0,0,1,1,0,0,0,0,0,0,0,0,1,1
0,4.8462,9.9063,8.9053,2.8198,36.607,7.4894,7.3098,15.86,6.2564,0,5.6337,2.8198,2.0264,3.6581,12.427,41.451,0,6.9594,0,13.041,11.983,0,16.958,8.19,8.6331,20.257,8.7695,7.5808,6.0844,11.804,7.2713,4.4515,0,0,0,0,1,1,0,0,0,0,0,0,0,0,1,1
1.1975,0.73595,18.441,11.845,1.9334,48.709,1.84,1.84,12.722,0.73595,0,9.8192,2.5759,0,1.84,16.497,54.412,1.1975,0,0,12.186,1.4719,0,8.2124,14.644,0.73595,18.27,16.404,15.233,5.1712,15.441,5.1519,0.73595,0,0,0,0,1,1,0,0,0,0,0,0,0,0,1,1
0,0,0,0,0,90.277,0,0,0,0,9.7235,0,0,0,0,0,100,0,0,0,0,0,0,0,0,0,0,90.277,9.7235,0,0,0,0,0,1,0,0,0,0,0,1,0,0,0,0,1,0,0,0
0,7.9637,7.9637,0,0,34.731,0,0,20.128,24.949,4.2647,21.314,0,4.2647,4.2647,9.7155,39.127,0,5.4508,0,2.5129,13.35,0,6.1477,5.4508,7.9637,0,31.096,0,29.213,5.4508,10.412,4.2647,0.086957,0.91304,0,0,0,0,0,1,0,0,0,0,1,0,0,0
0,0,0,0,0,75.841,0,0,8.053,16.106,0,8.053,0,0,0,0,83.894,0,0,0,0,8.053,0,8.053,0,0,0,67.788,0,16.106,0,8.053,0,0,1,0,0,0,0,0,1,0,0,0,0,1,0,0,0
0,0,0,0,0,100,0,0,0,0,0,0,0,0,0,0,100,0,0,0,0,0,0,0,0,0,0,100,0,0,0,0,0,0,1,0,0,0,0,0,1,0,0,0,0,1,0,0,0
0,0,0,0,0,100,0,0,0,0,0,0,0,0,0,0,100,0,0,0,0,0,0,0,0,0,0,100,0,0,0,0,0,0,1,0,0,0,0,0,1,0,0,0,0,1,0,0,0
0,0,0,0,0,84.34,0,0,5.2201,10.44,0,5.2201,0,0,0,0,89.56,0,0,0,0,5.2201,0,5.2201,0,0,0,79.12,0,10.44,0,5.2201,0,0,1,0,0,0,0,0,1,0,0,0,0,1,0,0,0
0,0,10.997,0,0,77.851,0,0,5.4986,0,5.6534,0,0,0,5.4986,0,83.504,0,0,0,5.4986,5.4986,5.4986,5.4986,0,0,0,77.851,0,5.6534,5.4986,0,0,0,1,0,0,0,0,0,1,0,0,0,0,1,0,0,0
0,0,0,0,0,88.49,0,0,0,0,11.51,0,0,0,0,0,100,0,0,0,0,0,0,0,0,0,0,88.49,11.51,0,0,0,0,0,1,0,0,0,0,0,1,0,0,0,0,1,0,0,0
0,0,0,3.1569,10.471,72.351,0,0,0,0,14.022,0,5.3692,0,0,0,86.372,0,0,3.1569,0,5.1017,0,0,0,0,0,72.351,14.022,0,0,8.2586,5.3692,0,0.15,0.5,0.23333,0.11667,0,0,1,0,0,0,0,1,0,0,0
0,0,0,16.701,14.667,68.632,0,0,0,0,0,0,9.4993,0,0,0,68.632,0,0,16.701,0,5.1673,0,0,0,0,0,68.632,0,0,0,21.869,9.4993,0,0,0,0.19444,0.80556,0,0,1,0,0,0,0,1,0,0,0
0,0,0,2.8292,19.698,77.473,0,0,0,0,0,0,6.6629,0,0,0,77.473,0,0,2.8292,0,13.035,0,0,0,0,0,77.473,0,0,0,15.864,6.6629,0,0,0,0.073171,0.92683,0,0,1,0,0,0,0,1,0,0,0
0,0,0,15.032,16.781,68.188,0,0,0,0,0,0,6.0005,0,0,4.2505,68.188,0,0,10.781,0,10.78,0,0,0,0,0,68.188,0,0,0,21.561,10.251,0,0,0,0.19048,0.80952,0,0,1,0,0,0,0,1,0,0,0
0,0,0,4.5475,2.7549,92.698,0,0,0,0,0,0,2.7549,0,0,2.3032,92.698,0,0,2.2443,0,0,0,0,0,0,0,92.698,0,0,0,2.2443,5.0581,0,0,0,0.1129,0.8871,0,0,1,0,0,0,0,1,0,0,0
0,0,0,0,0,100,0,0,0,0,0,0,0,0,0,0,100,0,0,0,0,0,0,0,0,0,0,100,0,0,0,0,0,0,0,0,0.18,0.82,0,0,1,0,0,0,0,1,0,0,0
0,0,0,0,0,100,0,0,0,0,0,0,0,0,0,0,100,0,0,0,0,0,0,0,0,0,0,100,0,0,0,0,0,0,0,0.016949,0.10169,0.88136,0,0,1,0,0,0,0,1,0,0,0
0,0,0,0,0,90.651,0,0,0,0,9.3494,0,0,0,0,0,100,0,0,0,0,0,0,0,0,0,0,90.651,9.3494,0,0,0,0,0,0.98039,0,0.019608,0,0,0,1,0,0,0,0,1,0,0,0
0,0,0,4.0184,0,85.683,0,0,0,0,10.299,0,0,0,0,4.0184,95.982,0,0,0,0,0,0,0,0,0,0,85.683,10.299,0,0,0,4.0184,0,0.075949,0.21519,0.12658,0.58228,0,0,1,0,0,0,0,1,0,0,0
0,0,0,0,0,87.167,0,0,0,0,12.833,0,0,0,0,0,100,0,0,0,0,0,0,0,0,0,0,87.167,0,12.833,0,0,0,0,1,0,0,0,0,0,1,0,0,0,0,1,0,0,0
0,0,0,21.619,5.835,62.777,0,0,0,0,9.7698,0,5.835,0,0,15.784,72.547,0,0,0,0,5.835,0,0,0,0,0,62.777,0,9.7698,0,5.835,21.619,0,0.064103,0.25641,0.24359,0.4359,0,0,1,0,0,0,0,1,0,0,0
0,0,0,5.1921,9.4229,85.385,0,0,0,0,0,0,5.2312,0,0,5.1921,85.385,0,0,0,0,4.1917,0,0,0,0,0,85.385,0,0,0,4.1917,10.423,0,0,0.013889,0.29167,0.69444,0,0,1,0,0,0,0,1,0,0,0
0,0,0,3.9443,3.0336,93.022,0,0,0,0,0,0,0,0,0,3.9443,93.022,0,0,0,0,3.0336,0,0,0,0,0,93.022,0,0,0,3.0336,3.9443,0,0,0,0.23188,0.76812,0,0,1,0,0,0,0,1,0,0,0
0,0,0,14.921,4.9938,80.085,0,0,0,0,0,0,10.5,0,0,4.4207,74.579,5.5064,0,0,0,4.9938,0,0,0,0,0,80.085,0,0,0,4.9938,14.921,0,0,0,0.2625,0.7375,0,0,1,0,0,0,0,1,0,0,0
0,0,0,0,4.7157,95.284,0,0,0,0,0,0,0,0,0,0,95.284,0,0,0,0,4.7157,0,0,0,0,0,90.569,4.7149,0,0,4.7157,0,0,0,0,0.2125,0.7875,0,0,1,0,0,0,0,1,0,0,0
0,0,0,0,0,100,0,0,0,0,0,0,0,0,0,0,100,0,0,0,0,0,0,0,0,0,0,100,0,0,0,0,0,0,0,0.014493,0.21739,0.76812,0,0,1,0,0,0,0,1,0,0,0
0,0,0,0,0,100,0,0,0,0,0,0,0,0,0,0,100,0,0,0,0,0,0,0,0,0,0,100,0,0,0,0,0,0,0,0,0.18919,0.81081,0,0,1,0,0,0,0,1,0,0,0
0,0,0,0,0,100,0,0,0,0,0,0,0,0,0,0,100,0,0,0,0,0,0,0,0,0,0,100,0,0,0,0,0,0,0,0,0.16901,0.83099,0,0,1,0,0,0,0,1,0,0,0
0,0,0,0,0,100,0,0,0,0,0,0,0,0,0,0,100,0,0,0,0,0,0,0,0,0,0,100,0,0,0,0,0,0,0,0.049383,0.1358,0.81481,0,0,1,0,0,0,0,1,0,0,0
0,0,0,0,0,100,0,0,0,0,0,0,0,0,0,0,100,0,0,0,0,0,0,0,0,0,0,100,0,0,0,0,0,0,0,0,0.12698,0.87302,0,0,1,0,0,0,0,1,0,0,0
0,0,0,0,0,100,0,0,0,0,0,0,0,0,0,0,100,0,0,0,0,0,0,0,0,0,0,100,0,0,0,0,0,0,0,0.037037,0.42593,0.53704,0,0,1,0,0,0,0,1,0,0,0
0,0,0,0,0,100,0,0,0,0,0,0,0,0,0,0,100,0,0,0,0,0,0,0,0,0,0,100,0,0,0,0,0,0,0,0.021739,0.13043,0.84783,0,0,1,0,0,0,0,1,0,0,0
0,0,0,0,0,100,0,0,0,0,0,0,0,0,0,0,100,0,0,0,0,0,0,0,0,0,0,100,0,0,0,0,0,0,0,0,0.36508,0.63492,0,0,1,0,0,0,0,1,0,0,0
0,0,0,0,0,100,0,0,0,0,0,0,0,0,0,0,100,0,0,0,0,0,0,0,0,0,0,100,0,0,0,0,0,0,0,0,0.13043,0.86957,0,0,1,0,0,0,0,1,0,0,0
1.8841,22.584,4.4194,0,16.451,28.887,0,0,14.416,3.1304,8.2277,5.0145,9.0822,5.4851,20.907,9.1578,15.067,10.966,4.3077,0,16.563,3.4493,0,0,4.4194,22.584,0,28.887,2.7426,14.268,1.5652,22.791,2.7426,0.17391,0.82609,0,0,0,0,0,1,0,0,0,0,1,0,0,0
0,12.488,17.066,0,1.229,46.329,0,0,9.9364,12.952,0,12.12,0,1.229,0,9.2879,59.402,0,1.2926,0,9.0752,7.5935,0,12.884,4.6758,15.837,0,42.486,0,12.952,2.5216,8.6437,0,0.11111,0.88889,0,0,0,0,0,1,0,0,0,0,1,0,0,0
0,1.5585,19.453,0,6.0989,49.258,0,0,12.54,11.092,0,3.2757,0,6.4289,5.7535,4.8047,54.685,1.2941,1.2941,0,3.4296,19.034,1.8711,14.824,4.2125,6.3632,0,40.08,1.6242,12.386,7.97,9.3746,1.2941,0.032258,0.96774,0,0,0,0,0,1,0,0,0,0,1,0,0,0
0,0,10.363,1.4677,13.992,51.747,0,0,14.005,8.4249,0,5.5559,2.1616,0,15.183,3.6293,35.11,10.363,6.0394,0,3.6293,18.329,4.3232,7.0236,10.611,0,3.6293,31.257,1.4677,15.158,8.2011,7.966,10.363,0,1,0,0,0,0,0,1,0,0,0,0,1,0,0,0
0,0,11.65,2.3995,18.847,46.743,0,0,9.013,8.5045,2.8438,4.1813,1.7818,4.9886,6.5907,7.0208,30.433,7.3601,12.328,0,9.8689,15.446,3.5635,13.015,7.3384,0,4.1813,20.263,5.9641,20.413,9.842,6.6404,8.7799,0,1,0,0,0,0,0,1,0,0,0,0,1,0,0,0
0,0,22.398,18.401,0,53.461,0,0,5.7391,0,0,9.7645,0,0,2.8695,28.165,53.461,0,0,0,5.7391,0,0,2.8695,19.529,0,0,25.296,28.165,5.7391,12.662,2.8695,2.8695,0,0,0,0.034483,0.96552,0.96552,0.034483,0,0,0,0,0,0,0.034483,0.96552,1
6.5631,0,14.725,4.78,6.5631,53.139,0,0,14.229,0,0,9.4492,0,0,2.39,18.179,49.189,6.5631,0,0,14.229,0,0,5.2761,9.4492,0,32.025,9.2259,18.452,17.906,2.8861,2.39,2.39,0,0.090909,0,0.018182,0.89091,0.89091,0.018182,0.054545,0.036364,0,0.036364,0,0.054545,0.018182,0.89091,1
0,18.801,1.657,0,4.4822,42.426,11.503,10.309,2.5747,8.2468,0,8.1434,0,9.6594,10.883,6.3752,25.412,16.792,16.818,0,1.4126,4.504,13.486,9.8004,5.9165,15.161,12.805,15.325,12.069,8.4695,0,2.5747,4.3928,0,1,0,0,0,0,0,0,0.73134,0.26866,0.98507,0.014925,0,0,0,1
0,0,0,0,0,100,0,0,0,0,0,0,0,0,0,13.718,66.667,19.616,0,0,0,0,0,0,0,0,0,80.384,19.616,0,0,0,0,1,0,0,0,0,0,0,1,0,0,0,0,1,0,0,0
0,0,0,0,0,100,0,0,0,0,0,0,0,0,0,23.276,53.448,23.276,0,0,0,0,0,0,0,0,0,69.717,30.283,0,0,0,0,1,0,0,0,0,0,0,1,0,0,0,0,1,0,0,0
0,0,0,0,0,92.184,0,0,0,0,7.8157,0,0,0,0,0,100,0,0,0,0,0,0,0,0,0,0,92.184,0,7.8157,0,0,0,0,1,0,0,0,0,0,1,0,0,0,0,1,0,0,0
0,0,0,5.7649,3.2003,75.996,0,0,0,0,15.039,0,5.7649,0,0,0,85.27,5.7649,0,0,0,3.2003,0,0,0,0,0,75.996,0,15.039,0,3.2003,5.7649,0,0.3125,0.45833,0.20833,0.020833,0,0,1,0,0,0,0,1,0,0,0
0,0,17.96,0,0,82.04,0,0,0,0,0,0,17.96,0,0,0,82.04,0,0,0,0,0,0,0,0,0,0,82.04,0,0,0,0,17.96,1,0,0,0,0,0,0,1,0,0,0,0,1,0,0,0
0,0,0,0,0,78.834,0,0,21.166,0,0,0,15.872,0,0,0,68.255,10.578,0,0,0,5.294,0,0,0,0,0,68.255,10.578,0,5.294,15.872,0,0.9875,0,0,0,0.0125,0,0,1,0,0,0,0,1,0,0,0
0,0,0,8.3462,13.455,73.044,0,0,5.1545,0,0,0,13.501,0,0,0,67.89,5.1545,0,0,0,13.455,0,0,0,0,0,63.799,9.2452,0,0,18.61,8.3462,0,0,0.024096,0.27711,0.6988,0,0,1,0,0,0,0,1,0,0,0
0,0,0,4.3832,0,89.227,0,0,6.3899,0,0,0,10.773,0,0,0,78.454,10.773,0,0,0,0,0,0,0,0,0,82.837,6.3899,0,0,6.3899,4.3832,0,0,0,0.14103,0.85897,0,0,1,0,0,0,0,1,0,0,0
0,0,0,4.5893,0,73.384,0,0,22.027,0,0,0,15.603,0,0,0,68.795,4.5893,0,0,0,11.013,0,0,0,0,0,68.075,5.3096,0,11.013,11.013,4.5893,0,0,0,0.21311,0.78689,0,0,1,0,0,0,0,1,0,0,0
0,0,0,0,0,82.949,0,0,17.051,0,0,0,11.742,0,0,0,76.516,6.4329,0,0,0,5.3091,0,0,0,0,0,76.516,6.4329,0,5.3091,11.742,0,0,0,0,0.097222,0.90278,0,0,1,0,0,0,0,1,0,0,0
0,0,0,0,0,100,0,0,0,0,0,0,0,0,0,0,100,0,0,0,0,0,0,0,0,0,0,94.766,5.2337,0,0,0,0,0,0,0,0.11594,0.88406,0,0,1,0,0,0,0,1,0,0,0
0,0,0,0,0,100,0,0,0,0,0,0,0,0,0,0,100,0,0,0,0,0,0,0,0,0,0,100,0,0,0,0,0,0,0,0.1039,0.12987,0.76623,0,0,1,0,0,0,0,1,0,0,0
0,0,0,0,0,100,0,0,0,0,0,0,0,0,0,0,100,0,0,0,0,0,0,0,0,0,0,95.817,4.1835,0,0,0,0,0,0,0,0.10448,0.89552,0,0,1,0,0,0,0,1,0,0,0
0,0,0,0,0,100,0,0,0,0,0,0,0,0,0,0,100,0,0,0,0,0,0,0,0,0,0,100,0,0,0,0,0,0,0,0.0125,0.1,0.8875,0,0,1,0,0,0,0,1,0,0,0
0,0,0,0,0,100,0,0,0,0,0,0,0,0,0,12.815,87.185,0,0,0,0,0,0,0,0,0,0,100,0,0,0,0,0,1,0,0,0,0,0,0,1,0,0,0,0,1,0,0,0
0,0,0,0,0,70.459,0,0,29.541,0,0,0,14.77,0,0,0,70.459,0,0,0,0,14.77,0,0,0,0,0,70.459,0,0,6.2808,14.77,8.4896,1,0,0,0,0,0,0,1,0,0,0,0,1,0,0,0
0,0,0,0,0,100,0,0,0,0,0,0,0,0,0,0,100,0,0,0,0,0,0,0,0,0,0,100,0,0,0,0,0,1,0,0,0,0,0,0,1,0,0,0,0,1,0,0,0
0,0,0,0,0,70.709,0,0,29.291,0,0,0,14.646,0,0,0,70.709,0,0,0,0,14.646,0,0,0,0,0,70.709,0,0,0,25.175,4.1159,1,0,0,0,0,0,0,1,0,0,0,0,1,0,0,0
0,0,0,0,0,70.261,0,0,29.739,0,0,0,14.869,0,0,0,70.261,0,0,0,0,14.869,0,0,0,0,0,70.261,0,0,5.9258,21.206,2.6072,0,0,0,0.082192,0.91781,0,0,1,0,0,0,0,1,0,0,0
0,0,0,0,0,85.649,0,0,14.351,0,0,0,7.1753,0,0,0,85.649,0,0,0,0,7.1753,0,0,0,0,0,85.649,0,0,4.199,7.1753,2.9763,0,0,0,0.27632,0.72368,0,0,1,0,0,0,0,1,0,0,0
0,0,0,0,0,73.456,0,0,26.544,0,0,0,13.272,0,0,0,73.456,0,0,0,0,13.272,0,0,0,0,0,73.456,0,0,2.7235,19.778,4.0428,0,0,0,0.16667,0.83333,0,0,1,0,0,0,0,1,0,0,0
0,0,0,0,0,87.211,0,0,12.789,0,0,0,6.3947,0,0,0,87.211,0,0,0,0,6.3947,0,0,0,0,0,87.211,0,0,0,9.4862,3.3032,0,0,0,0.16418,0.83582,0,0,1,0,0,0,0,1,0,0,0
0,0,0,0,0,100,0,0,0,0,0,0,0,0,0,0,100,0,0,0,0,0,0,0,0,0,0,100,0,0,0,0,0,0,0,0,0.12658,0.87342,0,0,1,0,0,0,0,1,0,0,0
0,0,0,0,0,100,0,0,0,0,0,0,0,0,0,0,100,0,0,0,0,0,0,0,0,0,0,100,0,0,0,0,0,0,0,0.011628,0.30233,0.68605,0,0,1,0,0,0,0,1,0,0,0
0,0,0,0,0,100,0,0,0,0,0,0,0,0,0,0,100,0,0,0,0,0,0,0,0,0,0,100,0,0,0,0,0,0,0,0,0.098765,0.90123,0,0,1,0,0,0,0,1,0,0,0
0,0,0,0,0,100,0,0,0,0,0,0,0,0,0,0,100,0,0,0,0,0,0,0,0,0,0,100,0,0,0,0,0,0,0,0,0.25,0.75,0,0,1,0,0,0,0,1,0,0,0
0,0,0,0,0,100,0,0,0,0,0,0,0,0,0,0,100,0,0,0,0,0,0,0,0,0,0,100,0,0,0,0,0,0,0,0.013333,0.26667,0.72,0,0,1,0,0,0,0,1,0,0,0
0,0,0,0,0,100,0,0,0,0,0,0,0,0,0,0,100,0,0,0,0,0,0,0,0,0,0,100,0,0,0,0,0,0,0,0.018182,0.21818,0.76364,0,0,1,0,0,0,0,1,0,0,0
0,0,0,0,0,100,0,0,0,0,0,0,0,0,0,0,100,0,0,0,0,0,0,0,0,0,0,100,0,0,0,0,0,0,0,0,0.33333,0.66667,0,0,1,0,0,0,0,1,0,0,0
0,0,0,0,0,100,0,0,0,0,0,0,0,0,0,0,100,0,0,0,0,0,0,0,0,0,0,100,0,0,0,0,0,0,0,0,0,1,0,0,1,0,0,0,0,1,0,0,0
0,0,0,0,0,100,0,0,0,0,0,0,0,0,0,0,100,0,0,0,0,0,0,0,0,0,0,100,0,0,0,0,0,0,0,0,0.081395,0.9186,0,0,1,0,0,0,0,1,0,0,0
0,0,0,0,0,100,0,0,0,0,0,0,0,0,0,0,100,0,0,0,0,0,0,0,0,0,0,100,0,0,0,0,0,0,0,0.048387,0.1129,0.83871,0,0,1,0,0,0,0,1,0,0,0
0,0,0,0,0,100,0,0,0,0,0,0,0,0,0,0,100,0,0,0,0,0,0,0,0,0,0,100,0,0,0,0,0,0,0,0,0.045977,0.95402,0,0,1,0,0,0,0,1,0,0,0
0,0,0,0,0,100,0,0,0,0,0,0,0,0,0,0,100,0,0,0,0,0,0,0,0,0,0,100,0,0,0,0,0,0,0,0.028169,0.25352,0.71831,0,0,1,0,0,0,0,1,0,0,0
0,0,0,0,0,100,0,0,0,0,0,0,0,0,0,0,100,0,0,0,0,0,0,0,0,0,0,100,0,0,0,0,0,0,0,0,0,1,0,0,1,0,0,0,0,1,0,0,0
0,0,0,0,0,100,0,0,0,0,0,0,0,0,0,0,100,0,0,0,0,0,0,0,0,0,0,100,0,0,0,0,0,0,0,0,0,1,0,0,1,0,0,0,0,1,0,0,0
0,0,0,0,0,100,0,0,0,0,0,0,0,0,0,0,100,0,0,0,0,0,0,0,0,0,0,100,0,0,0,0,0,0,0,0,0,1,0,0,1,0,0,0,0,1,0,0,0
0,0,0,0,0,100,0,0,0,0,0,0,0,0,0,0,100,0,0,0,0,0,0,0,0,0,0,100,0,0,0,0,0,0,0,0,0,1,0,0,1,0,0,0,0,1,0,0,0
0,0,0,0,0,100,0,0,0,0,0,0,0,0,0,0,100,0,0,0,0,0,0,0,0,0,0,100,0,0,0,0,0,0,0,0,0,1,0,0,1,0,0,0,0,1,0,0,0
0,0,0,0,0,100,0,0,0,0,0,0,0,0,0,0,100,0,0,0,0,0,0,0,0,0,0,100,0,0,0,0,0,0,0,0,0,1,0,0,1,0,0,0,0,1,0,0,0
0,0,0,0,0,100,0,0,0,0,0,0,0,0,0,0,100,0,0,0,0,0,0,0,0,0,0,100,0,0,0,0,0,0,0,0,0,1,0,0,1,0,0,0,0,1,0,0,0
0,0,0,0,0,100,0,0,0,0,0,0,0,0,0,0,100,0,0,0,0,0,0,0,0,0,0,100,0,0,0,0,0,0,0,0,0,1,0,0,1,0,0,0,0,1,0,0,0
0,0,0,0,0,100,0,0,0,0,0,0,0,0,0,0,100,0,0,0,0,0,0,0,0,0,0,100,0,0,0,0,0,0,0,0,0,1,0,0,1,0,0,0,0,1,0,0,0
0,0,0,0,0,100,0,0,0,0,0,0,0,0,0,0,100,0,0,0,0,0,0,0,0,0,0,100,0,0,0,0,0,0,0,0,0,1,0,0,1,0,0,0,0,1,0,0,0
0,0,0,0,0,100,0,0,0,0,0,0,0,0,0,0,100,0,0,0,0,0,0,0,0,0,0,100,0,0,0,0,0,0,0,0,0,1,0,0,1,0,0,0,0,1,0,0,0
0,0,0,0,0,100,0,0,0,0,0,0,0,0,0,0,100,0,0,0,0,0,0,0,0,0,0,100,0,0,0,0,0,0,0,0,0,1,0,0,1,0,0,0,0,1,0,0,0
0,0,0,0,0,100,0,0,0,0,0,0,0,0,0,0,100,0,0,0,0,0,0,0,0,0,0,100,0,0,0,0,0,0,0,0,0.067961,0.93204,0,0,1,0,0,0,0,1,0,0,0
0,0,0,0,0,100,0,0,0,0,0,0,0,0,0,0,100,0,0,0,0,0,0,0,0,0,0,100,0,0,0,0,0,0,0,0,0,1,0,0,1,0,0,0,0,1,0,0,0
0,0,0,0,0,100,0,0,0,0,0,0,0,0,0,0,100,0,0,0,0,0,0,0,0,0,0,100,0,0,0,0,0,0,0,0,0,1,0,0,1,0,0,0,0,1,0,0,0
0,0,0,0,0,100,0,0,0,0,0,0,0,0,0,0,100,0,0,0,0,0,0,0,0,0,0,100,0,0,0,0,0,0,0,0,0.037037,0.96296,0,0,1,0,0,0,0,1,0,0,0
0,0,0,0,0,100,0,0,0,0,0,0,0,0,0,0,100,0,0,0,0,0,0,0,0,0,0,100,0,0,0,0,0,0,0,0,0,1,0,0,1,0,0,0,0,1,0,0,0
0,0,0,0,0,100,0,0,0,0,0,0,0,0,0,0,100,0,0,0,0,0,0,0,0,0,0,100,0,0,0,0,0,0,0,0,0,1,0,0,1,0,0,0,0,1,0,0,0
0,0,0,0,0,100,0,0,0,0,0,0,0,0,0,0,100,0,0,0,0,0,0,0,0,0,0,100,0,0,0,0,0,0,0,0,0,1,0,0,1,0,0,0,0,1,0,0,0
0,0,0,0,0,100,0,0,0,0,0,0,0,0,0,0,100,0,0,0,0,0,0,0,0,0,0,100,0,0,0,0,0,0,0,0,0,1,0,0,1,0,0,0,0,1,0,0,0
0,0,0,0,0,100,0,0,0,0,0,0,0,0,0,0,100,0,0,0,0,0,0,0,0,0,0,100,0,0,0,0,0,0,0,0,0.075269,0.92473,0,0,1,0,0,0,0,1,0,0,0
0,0,0,0,0,100,0,0,0,0,0,0,0,0,0,0,100,0,0,0,0,0,0,0,0,0,0,100,0,0,0,0,0,0,0,0,0,1,0,0,1,0,0,0,0,1,0,0,0
0,0,0,0,0,100,0,0,0,0,0,0,0,0,0,0,100,0,0,0,0,0,0,0,0,0,0,100,0,0,0,0,0,0,0,0,0.047059,0.95294,0,0,1,0,0,0,0,1,0,0,0
0,0,0,0,0,100,0,0,0,0,0,0,0,0,0,0,100,0,0,0,0,0,0,0,0,0,0,100,0,0,0,0,0,0,0,0,0.025641,0.97436,0,0,1,0,0,0,0,1,0,0,0
0,0,0,0,0,100,0,0,0,0,0,0,0,0,0,0,100,0,0,0,0,0,0,0,0,0,0,100,0,0,0,0,0,0,0,0,0,1,0,0,1,0,0,0,0,1,0,0,0
0,0,0,0,0,100,0,0,0,0,0,0,0,0,0,0,100,0,0,0,0,0,0,0,0,0,0,100,0,0,0,0,0,0,0,0,0,1,0,0,1,0,0,0,0,1,0,0,0
0,0,0,0,0,100,0,0,0,0,0,0,0,0,0,0,100,0,0,0,0,0,0,0,0,0,0,100,0,0,0,0,0,0,0,0,0,1,0,0,1,0,0,0,0,1,0,0,0
0,0,0,0,0,100,0,0,0,0,0,0,0,0,0,0,100,0,0,0,0,0,0,0,0,0,0,100,0,0,0,0,0,0,0,0,0,1,0,0,1,0,0,0,0,1,0,0,0
0,0,0,0,0,100,0,0,0,0,0,0,0,0,0,0,100,0,0,0,0,0,0,0,0,0,0,100,0,0,0,0,0,0,0,0,0,1,0,0,1,0,0,0,0,1,0,0,0
0,0,0,0,0,100,0,0,0,0,0,0,0,0,0,0,100,0,0,0,0,0,0,0,0,0,0,100,0,0,0,0,0,0,0,0,0,1,0,0,1,0,0,0,0,1,0,0,0
0,0,0,0,0,100,0,0,0,0,0,0,0,0,0,0,100,0,0,0,0,0,0,0,0,0,0,100,0,0,0,0,0,0,0,0,0,1,0,0,1,0,0,0,0,1,0,0,0
0,0,0,0,0,100,0,0,0,0,0,0,0,0,0,0,100,0,0,0,0,0,0,0,0,0,0,100,0,0,0,0,0,0,0,0,0,1,0,0,1,0,0,0,0,1,0,0,0
0,0,0,0,0,100,0,0,0,0,0,0,0,0,0,0,100,0,0,0,0,0,0,0,0,0,0,100,0,0,0,0,0,0,0,0,0,1,0,0,1,0,0,0,0,1,0,0,0
0,0,0,0,0,100,0,0,0,0,0,0,0,0,0,0,100,0,0,0,0,0,0,0,0,0,0,100,0,0,0,0,0,0,0,0,0,1,0,0,1,0,0,0,0,1,0,0,0
0,0,0,0,0,100,0,0,0,0,0,0,0,0,0,0,100,0,0,0,0,0,0,0,0,0,0,100,0,0,0,0,0,0,0,0,0,1,0,0,1,0,0,0,0,1,0,0,0
0,0,0,0,0,100,0,0,0,0,0,0,0,0,0,0,100,0,0,0,0,0,0,0,0,0,0,100,0,0,0,0,0,0,0,0,0.051948,0.94805,0,0,1,0,0,0,0,1,0,0,0
0,0,0,0,0,100,0,0,0,0,0,0,0,0,0,0,100,0,0,0,0,0,0,0,0,0,0,100,0,0,0,0,0,0,0,0,0,1,0,0,1,0,0,0,0,1,0,0,0
0,0,0,0,0,100,0,0,0,0,0,0,0,0,0,0,100,0,0,0,0,0,0,0,0,0,0,100,0,0,0,0,0,0,0,0.028986,0.10145,0.86957,0,0,1,0,0,0,0,1,0,0,0
0,0,0,0,0,100,0,0,0,0,0,0,0,0,0,0,100,0,0,0,0,0,0,0,0,0,0,100,0,0,0,0,0,0,0,0,0,1,0,0,1,0,0,0,0,1,0,0,0
0,0,0,0,0,100,0,0,0,0,0,0,0,0,0,0,100,0,0,0,0,0,0,0,0,0,0,100,0,0,0,0,0,0,0,0,0,1,0,0,1,0,0,0,0,1,0,0,0
0,0,0,0,0,100,0,0,0,0,0,0,0,0,0,0,100,0,0,0,0,0,0,0,0,0,0,100,0,0,0,0,0,0,0,0,0,1,0,0,1,0,0,0,0,1,0,0,0
0,0,0,0,0,100,0,0,0,0,0,0,0,0,0,0,100,0,0,0,0,0,0,0,0,0,0,100,0,0,0,0,0,0,0,0,0,1,0,0,1,0,0,0,0,1,0,0,0
0,0,0,0,0,100,0,0,0,0,0,0,0,0,0,0,100,0,0,0,0,0,0,0,0,0,0,100,0,0,0,0,0,0,0,0,0,1,0,0,1,0,0,0,0,1,0,0,0
0,0,0,0,0,100,0,0,0,0,0,0,0,0,0,0,100,0,0,0,0,0,0,0,0,0,0,100,0,0,0,0,0,0,0.16364,0.036364,0.12727,0.67273,0,0,1,0,0,0,0,1,0,0,0
0,0,0,0,0,100,0,0,0,0,0,0,0,0,0,0,100,0,0,0,0,0,0,0,0,0,0,100,0,0,0,0,0,0,0,0,0,1,0,0,1,0,0,0,0,1,0,0,0
0,0,0,0,0,100,0,0,0,0,0,0,0,0,0,0,100,0,0,0,0,0,0,0,0,0,0,100,0,0,0,0,0,0,0,0,0,1,0,0,1,0,0,0,0,1,0,0,0
0,0,0,0,0,100,0,0,0,0,0,0,0,0,0,0,100,0,0,0,0,0,0,0,0,0,0,100,0,0,0,0,0,0,0,0,0,1,0,0,1,0,0,0,0,1,0,0,0
0,0,0,0,0,100,0,0,0,0,0,0,0,0,0,0,100,0,0,0,0,0,0,0,0,0,0,100,0,0,0,0,0,0,0,0,0,1,0,0,1,0,0,0,0,1,0,0,0
0,0,0,0,0,100,0,0,0,0,0,0,0,0,0,0,100,0,0,0,0,0,0,0,0,0,0,100,0,0,0,0,0,0,0,0,0,1,0,0,1,0,0,0,0,1,0,0,0
0,0,0,0,0,100,0,0,0,0,0,0,0,0,0,0,100,0,0,0,0,0,0,0,0,0,0,100,0,0,0,0,0,0,0,0,0,1,0,0,1,0,0,0,0,1,0,0,0
0,0,0,0,0,100,0,0,0,0,0,0,0,0,0,0,100,0,0,0,0,0,0,0,0,0,0,100,0,0,0,0,0,0,0,0,0,1,0,0,1,0,0,0,0,1,0,0,0
0,0,0,0,0,100,0,0,0,0,0,0,0,0,0,0,100,0,0,0,0,0,0,0,0,0,0,100,0,0,0,0,0,0,0,0,0,1,0,0,1,0,0,0,0,1,0,0,0
0,0,0,0,6.6802,55.189,4.8314,9.6628,12.537,4.8314,6.2685,0,0,6.6802,0,0,59.609,6.6802,11.1,0,0,15.931,0,9.6628,0,9.6628,0,48.92,6.2685,6.2685,12.949,6.2685,0,0,1,0,0,0,0,0,1,0,0,0,0,1,0,0,0
0,2.2077,0,0,19.008,45.294,0,2.4886,12.155,6.9246,11.922,0,2.2077,9.0392,13.444,6.2182,39.048,8.4536,4.7169,0,8.4465,8.4258,0,2.2077,0,2.2077,9.6669,27.485,8.1418,14.966,22.203,8.4258,4.6962,0,1,0,0,0,0,0,1,0,0,0,0,1,0,0,0
0,0,0,0,23.225,76.775,0,0,0,0,0,0,0,23.225,0,0,37.426,23.225,0,16.125,0,0,0,0,0,0,0,44.526,48.374,0,7.1004,0,0,0,1,0,0,0,0,0,1,0,0,0,0,1,0,0,0
0,0,0,0,23.469,66.594,0,0,6.6244,0,3.3122,0,0,11.734,0,3.0342,59.747,7.1257,3.3122,11.734,0,3.3122,0,0,0,0,3.0342,49.1,26.194,3.3122,15.047,3.3122,0,0,1,0,0,0,0,0,1,0,0,0,0,1,0,0,0
0,0,0,0,41.26,58.74,0,0,0,0,0,0,0,8.1098,13.008,7.1342,35.386,15.244,0,21.118,0,0,0,0,0,0,0,42.52,24.329,6.2611,26.889,0,0,0,0.52632,0.078947,0.18421,0.21053,0,0,1,0,0,0,0,1,0,0,0
0,0,0,0,62.67,37.33,0,0,0,0,0,0,0,18.195,13.14,5.9945,31.335,0,0,31.335,0,0,0,0,0,0,0,31.335,18.195,12.2,38.27,0,0,0,0.39474,0.052632,0.23684,0.31579,0,0,1,0,0,0,0,1,0,0,0
0,0,0,0,36.651,63.349,0,0,0,0,0,0,0,13.594,8.286,6.4857,42.647,7.108,0,21.88,0,0,0,0,0,0,0,38.494,31.963,0,29.543,0,0,0,1,0,0,0,0,0,1,0,0,0,0,1,0,0,0
0,0,0,0,0,100,0,0,0,0,0,0,0,0,0,8.5399,82.92,8.5399,0,0,0,0,0,0,0,0,17.08,75.64,7.2799,0,0,0,0,0,1,0,0,0,0,0,1,0,0,0,0,1,0,0,0
0,0,0,0,47.847,52.153,0,0,0,0,0,0,0,6.4491,13.118,15.161,36.992,8.712,0,19.568,0,0,0,0,0,0,0,45.704,6.4491,13.118,34.729,0,0,0,1,0,0,0,0,0,1,0,0,0,0,1,0,0,0
0,0,0,0,0,100,0,0,0,0,0,0,0,0,0,0,83.304,16.696,0,0,0,0,0,0,0,0,33.333,66.667,0,0,0,0,0,0,1,0,0,0,0,0,1,0,0,0,0,1,0,0,0
0,0,0,0,55.307,44.693,0,0,0,0,0,0,10.614,0,28.039,0,22.693,0,13.06,19.555,6.0392,0,0,0,0,0,0,44.693,0,19.555,35.752,0,0,0,0.31111,0.13333,0.066667,0.48889,0,0,1,0,0,0,0,1,0,0,0
0,0,0,0,50,50,0,0,0,0,0,0,7.543,0,25,0,34.914,0,7.543,0,25,0,0,0,0,0,0,50,0,0,50,0,0,0,0.94737,0.052632,0,0,0,0,1,0,0,0,0,1,0,0,0
0,0,0,0,33.419,66.581,0,0,0,0,0,0,4.771,0,28.648,0,33.161,0,28.648,0,4.771,0,0,0,0,0,0,66.581,0,0,33.419,0,0,0,1,0,0,0,0,0,1,0,0,0,0,1,0,0,0
0,0,0,0,59.807,40.193,0,0,0,0,0,0,0,17.573,12.33,0,40.193,0,17.573,12.33,0,0,0,0,0,0,0,40.193,17.573,12.33,29.904,0,0,0,0.98901,0.010989,0,0,0,0,1,0,0,0,0,1,0,0,0
0,0,0,0,86.709,13.291,0,0,0,0,0,0,0,13.291,0,0,13.291,0,60.127,13.291,0,0,0,0,0,0,0,13.291,13.291,13.291,60.127,0,0,0,1,0,0,0,0,0,1,0,0,0,0,1,0,0,0
0,0,0,0,100,0,0,0,0,0,0,0,0,50,0,0,0,0,50,0,0,0,0,0,0,0,0,0,50,0,50,0,0,0,1,0,0,0,0,0,1,0,0,0,0,1,0,0,0
0,0,0,0,34.998,65.002,0,0,0,0,0,0,0,17.499,0,0,65.002,0,0,17.499,0,0,0,0,0,0,0,65.002,17.499,17.499,0,0,0,0,1,0,0,0,0,0,1,0,0,0,0,1,0,0,0
0,0,0,0,0,100,0,0,0,0,0,0,0,0,0,0,100,0,0,0,0,0,0,0,0,0,19.731,80.269,0,0,0,0,0,0,1,0,0,0,0,0,1,0,0,0,0,1,0,0,0
0,0,0,0,0,100,0,0,0,0,0,0,0,0,0,0,100,0,0,0,0,0,0,0,0,0,0,100,0,0,0,0,0,0,1,0,0,0,0,0,1,0,0,0,0,1,0,0,0
0,0,8.2345,0,0,91.765,0,0,0,0,0,0,0,0,0,0,83.531,8.2345,0,0,0,8.2345,0,8.2345,0,0,28.031,56.061,7.6738,0,0,0,0,0,1,0,0,0,0,0,1,0,0,0,0,1,0,0,0
0,0,0,0,39.315,60.685,0,0,0,0,0,0,9.5286,0,29.787,0,21.37,0,9.5286,20.258,9.5286,0,0,0,0,0,0,60.685,0,20.258,19.057,0,0,0,1,0,0,0,0,0,1,0,0,0,0,1,0,0,0
0,0,0,0,0,0,0,0,0,0,0,0,0,0,0,0,0,0,0,0,0,0,0,0,0,0,0,0,0,0,0,0,0,0,1,0,0,0,0,0,1,0,0,0,0,1,0,0,0
0,0,0,0,26.75,73.25,0,0,0,0,0,0,7.7457,0,5.6296,0,73.25,0,0,7.7457,5.6296,0,0,0,0,0,0,73.25,0,7.7457,19.005,0,0,0,1,0,0,0,0,0,1,0,0,0,0,1,0,0,0
0,0,7.4405,0,0,77.679,0,7.4405,0,0,7.4405,22.321,0,0,0,0,77.679,0,0,0,0,0,0,7.4405,7.4405,0,0,77.679,7.4405,0,0,0,0,0,1,0,0,0,0,0,1,0,0,0,0,1,0,0,0
0,0,13.366,0,7.5902,43.243,0,4.4449,11.731,7.5902,12.035,20.925,4.141,0,0,7.5902,26.732,12.37,11.731,0,0,16.511,0,13.366,4.4449,0,8.9209,22.591,23.766,7.5902,0,11.731,7.5902,0,1,0,0,0,0,0,1,0,0,0,0,1,0,0,0
0,0,7.0471,0,0,76.573,0,0,11.714,4.6665,0,0,11.714,0,0,0,63.166,11.027,7.0471,0,0,7.0471,0,7.0471,0,0,20.293,42.872,13.407,0,0,11.714,4.6665,0,0.94,0.05,0,0.01,0,0,1,0,0,0,0,0.97,0.02,0.01,0
0,0,10.167,0,5.9463,47.396,0,8.7014,16.005,7.7774,4.0076,10.297,10.059,0,0,7.8849,39.037,7.7774,4.0076,1.9386,6.2893,12.709,0,3.8772,14.991,4.3507,0,30.336,16.717,5.9463,1.9386,14.067,7.7774,0,0.9625,0.0125,0.025,0,0,0,1,0,0,0,0,0.9625,0.0375,0,0
0,0,18.411,0,2.4947,44.639,0,8.5653,17.798,4.9872,3.1049,14.54,15.304,0,0,4.9893,36.817,4.9872,5.0915,2.4947,5.2249,10.552,0,13.186,13.79,2.7302,5.0915,26.265,13.657,2.4947,2.4947,15.304,4.9872,0,0.026316,0.052632,0.18421,0.73684,0,0,1,0,0,0,0,0.052632,0.21053,0.73684,1
0,0,3.2678,0,20.372,32.102,6.2402,9.508,10.267,7.2921,10.951,6.2402,0,10.114,14.729,4.8837,32.352,3.2678,9.8994,0,7.1412,11.373,2.9724,9.508,6.2402,0,10.973,12.873,8.2565,19.862,20.914,5.1333,3.2678,0,1,0,0,0,0,0,1,0,0,0,0,1,0,0,0
0,1.5244,7.8436,0,10.892,29.362,14.249,26.401,4.5601,3.0488,2.1198,10.284,0,7.0135,9.9634,4.3081,20.768,21.926,11.808,0,1.5244,12.404,1.5244,18.128,11.808,3.9648,17.962,8.6163,4.3081,14.537,0,4.5601,14.592,0,1,0,0,0,0,0,0.93651,0.047619,0.015873,0.015873,0.063492,0.92063,0,0,0
0,0,0,0,3.9486,81.657,0,7.5598,3.4171,0,3.4171,0,0,3.9486,3.4171,12.387,63.912,12.919,0,0,0,3.4171,0,0,0,0,13.797,56.354,11.506,3.4171,3.9486,3.4171,7.5598,0,0.9759,0.024096,0,0,0,0,1,0,0,0,0,1,0,0,0
0,4.586,0,0,0,66.039,11.047,11.047,3.7662,3.5146,0,11.867,0,7.2808,4.586,14.976,38.945,11.299,3.7662,0,0,7.2808,8.1006,11.867,7.2808,3.7662,14.159,31.916,15.378,0,0,3.7662,3.7662,0,0.95312,0.046875,0,0,0,0,1,0,0,0,0,1,0,0,0
0,0,1.0894,2.9642,12.199,61.993,0,0,7.8337,4.865,9.0553,6.7443,0,5.2752,2.9642,2.9642,61.6,4.8695,5.5747,0,5.9545,4.0537,1.8748,4.0537,1.0894,0,1.0894,53.075,4.8391,22.066,6.3646,4.4593,1.0894,0,1,0,0,0,0,0,1,0,0,0,0,1,0,0,0
0,0,0,0,0,100,0,0,0,0,0,0,0,0,0,0,100,0,0,0,0,0,0,0,0,0,0,100,0,0,0,0,0,0,1,0,0,0,0,0,1,0,0,0,0,1,0,0,0
0,9.7514,0,0,0,90.249,0,0,0,0,0,9.7514,0,0,9.7514,9.7514,70.746,0,0,0,0,0,9.7514,9.7514,0,0,0,70.746,9.7514,0,0,0,0,0,0.93478,0.065217,0,0,0,0,1,0,0,0,0,1,0,0,0
0,0,0,0,0,100,0,0,0,0,0,0,0,0,0,0,100,0,0,0,0,0,0,0,0,0,0,100,0,0,0,0,0,0,1,0,0,0,0,0,1,0,0,0,0,1,0,0,0
0,0,0,0,0,100,0,0,0,0,0,0,0,0,0,15.242,75.51,9.2483,0,0,0,0,0,0,0,0,18.828,75.51,5.6625,0,0,0,0,0,0,0.025316,0.63291,0.34177,0,0,1,0,0,0,0,0.12658,0.87342,0,0
0,0,0,0,0,100,0,0,0,0,0,0,0,0,0,12.934,83.04,4.0258,0,0,0,0,0,0,0,0,12.506,74.684,12.81,0,0,0,0,0,0,0,1,0,0,0,1,0,0,0,0,0,1,0,0
0,0,0,0,0,100,0,0,0,0,0,0,0,0,0,0,100,0,0,0,0,0,0,0,0,0,7.6208,85.32,7.0588,0,0,0,0,0,0,0,0.76829,0.23171,0,0,1,0,0,0,0,0.073171,0.92683,0,0
0,0,0,0,0,100,0,0,0,0,0,0,0,0,0,0,100,0,0,0,0,0,0,0,0,0,0,94.028,5.972,0,0,0,0,0,0,0,1,0,0,0,1,0,0,0,0,0,1,0,0
0,0,0,0,0,100,0,0,0,0,0,0,0,0,0,0,100,0,0,0,0,0,0,0,0,0,0,100,0,0,0,0,0,0,1,0,0,0,0,0,1,0,0,0,0,1,0,0,0
0,0,0,0,0,100,0,0,0,0,0,0,0,0,0,0,100,0,0,0,0,0,0,0,0,0,0,100,0,0,0,0,0,0,1,0,0,0,0,0,1,0,0,0,0,1,0,0,0
0,0,0,0,0,100,0,0,0,0,0,0,0,0,0,0,100,0,0,0,0,0,0,0,0,0,0,100,0,0,0,0,0,0,1,0,0,0,0,0,1,0,0,0,0,1,0,0,0
0,0,0,0,0,100,0,0,0,0,0,0,0,0,0,0,100,0,0,0,0,0,0,0,0,0,0,100,0,0,0,0,0,0,1,0,0,0,0,0,1,0,0,0,0,1,0,0,0
0,0,0,0,0,100,0,0,0,0,0,0,0,0,0,0,100,0,0,0,0,0,0,0,0,0,0,100,0,0,0,0,0,0,1,0,0,0,0,0,1,0,0,0,0,1,0,0,0
0,0,0,0,0,100,0,0,0,0,0,0,0,0,0,0,100,0,0,0,0,0,0,0,0,0,0,100,0,0,0,0,0,0,1,0,0,0,0,0,1,0,0,0,0,1,0,0,0
0,0,0,0,0,100,0,0,0,0,0,0,0,0,0,0,100,0,0,0,0,0,0,0,0,0,15.055,71.942,13.003,0,0,0,0,0,0.042857,0.028571,0.57143,0.35714,0,0,1,0,0,0,0,0.1,0.9,0,0
0,0,0,0,0,100,0,0,0,0,0,0,0,0,0,0,100,0,0,0,0,0,0,0,0,0,6.3916,83.6,10.008,0,0,0,0,0,0,0,1,0,0,0,1,0,0,0,0,0,1,0,0
0,0,0,0,0,100,0,0,0,0,0,0,0,0,0,0,93.155,6.8455,0,0,0,0,0,0,0,0,19.062,68.091,12.847,0,0,0,0,0,0,0,0.79688,0.20312,0,0,1,0,0,0,0,0.125,0.875,0,0
0,0,0,0,0,100,0,0,0,0,0,0,0,0,0,0,100,0,0,0,0,0,0,0,0,0,5.7899,81.578,12.632,0,0,0,0,0,0,0,1,0,0,0,1,0,0,0,0,0,1,0,0
0,0,0,0,0,100,0,0,0,0,0,0,0,0,0,0,100,0,0,0,0,0,0,0,0,0,0,100,0,0,0,0,0,0,1,0,0,0,0,0,1,0,0,0,0,1,0,0,0
0,0,0,0,0,100,0,0,0,0,0,0,0,0,0,0,100,0,0,0,0,0,0,0,0,0,0,100,0,0,0,0,0,0,1,0,0,0,0,0,1,0,0,0,0,1,0,0,0
0,0,5.1893,0,0,94.811,0,0,0,0,0,0,0,0,0,0,89.621,5.1893,0,0,0,5.1893,0,5.1893,0,0,10.92,48.118,35.773,0,0,0,0,0,0,0,0.73585,0.26415,0,0,1,0,0,0,0,0.037736,0.96226,0,0
0,0,0,0,0,100,0,0,0,0,0,0,0,0,0,0,93.069,6.9308,0,0,0,0,0,0,0,2.9149,4.0159,68.908,24.161,0,0,0,0,0,0,0,1,0,0,0,1,0,0,0,0,0,1,0,0
0,0,0,0,0,100,0,0,0,0,0,0,0,0,0,0,89.185,10.815,0,0,0,0,0,0,0,0,10.815,59.457,29.728,0,0,0,0,0,0,0,0.79365,0.20635,0,0,1,0,0,0,0,0.015873,0.95238,0.031746,0
0,0,7.97,0,0,78.629,0,0,5.4307,7.97,0,7.97,5.4307,7.97,0,0,70.38,8.2491,0,0,0,0,7.97,5.4307,0,8.2491,0,70.38,0,7.97,0,0,0,0,1,0,0,0,0,0,1,0,0,0,0,1,0,0,0
0,0,0,0,0,80.153,0,0,19.847,0,0,0,0,0,0,9.9233,80.153,0,0,0,9.9233,0,0,0,0,0,0,63.359,16.794,0,9.9233,9.9233,0,0,1,0,0,0,0,0,1,0,0,0,0,1,0,0,0
0,3.0034,11.102,0,0,53.537,0,0,26.35,6.0068,0,6.0068,7.747,3.7007,6.7041,7.1027,44.417,6.1168,3.7007,0,7.7999,6.7041,6.7041,11.448,0,6.1168,0,40.717,6.7041,6.0068,7.7999,10.803,3.7007,0.092308,0.90769,0,0,0,0,0,1,0,0,0,0,1,0,0,0
0,6.5053,10.605,0,0,47.13,0,0,12.57,23.189,0,17.55,2.0217,6.5613,8.527,6.5053,40.625,0,2.0217,0,2.0217,14.166,13.067,4.0434,0,0,0,32.964,14.166,23.189,2.0217,8.527,2.0217,0,1,0,0,0,0,0,1,0,0,0,0,1,0,0,0
0,0,0,0,0,100,0,0,0,0,0,0,0,0,0,0,100,0,0,0,0,0,0,0,0,0,0,100,0,0,0,0,0,0,1,0,0,0,0,0,1,0,0,0,0,1,0,0,0
0,0,0,0,0,100,0,0,0,0,0,0,0,0,0,0,100,0,0,0,0,0,0,0,0,0,0,89.795,10.205,0,0,0,0,0,1,0,0,0,0,0,1,0,0,0,0,1,0,0,0
0,0,0,0,0,89.166,0,0,0,10.834,0,0,0,0,0,0,89.166,0,0,0,0,10.834,0,0,0,0,0,78.332,10.834,10.834,0,0,0,0,1,0,0,0,0,0,1,0,0,0,0,1,0,0,0
0,7.0176,0,0,0,57.442,0,0,21.506,14.035,0,14.035,0,0,7.0176,14.262,50.424,0,0,0,7.244,7.0176,7.0176,0,0,0,0,40.86,16.582,14.035,7.244,14.262,0,0.10345,0.89655,0,0,0,0,0,1,0,0,0,0,1,0,0,0
0.91574,1.5973,6.8464,4.4924,12.017,28.551,8.8951,5.1352,17.96,5.6909,7.899,3.5257,3.0709,6.3182,13.161,8.665,35.442,0.91574,9.0645,0,12.739,7.0974,0,11.651,9.7913,2.0644,13.799,12.469,3.1978,14.471,21.557,10.288,0.71077,0,0,0,0,1,1,0,0,0,0,0,0,0,0,1,1
2.1672,1.9679,11.522,11.606,4.1352,36.764,3.3973,3.3973,23.075,1.9679,0,4.7924,5.3653,0,7.5019,18.367,42.129,2.1672,0,0,15.742,3.9359,0,9.4698,10.815,1.9679,14.573,13.524,10.834,12.543,5.3653,14.835,6.0724,0,0,0,0,1,1,0,0,0,0,0,0,0,0,1,1
0,0,20.254,0,7.6783,40.52,0,0,17.188,8.694,5.6661,7.6783,5.0401,0,8.9394,14.16,25.106,13.972,5.6661,6.4819,2.0122,10.944,4.4697,9.3024,6.4819,0,9.7477,25.106,11.332,7.6783,2.0122,10.706,13.164,0,0,0,0,1,0,0,1,0,0,0,0,0,0,1,1
0,0,29.405,1.2018,1.9026,49.459,0,0,18.032,0,0,1.9026,5.2466,0,9.6807,3.8052,54.594,1.2018,3.344,5.2977,11.583,3.344,2.1932,7.1492,10.382,0,3.344,9.3425,36.773,3.1044,3.1044,13.726,10.883,0,0,0,0.013514,0.98649,0,0,1,0,0,0,0,0,0.013514,0.98649,1
0,0,13.412,2.1101,5.2783,42.696,0,15.989,12.209,2.5677,5.7378,14.788,2.7105,4.7345,7.3855,10.798,27.56,7.4868,4.2427,9.3046,6.7461,4.2427,0,15.001,12.29,1.675,6.4094,17.287,23.063,7.3884,4.8206,5.2783,6.7879,0,0,0,0.037037,0.96296,0,0,1,0,0,0,0,0,0.037037,0.96296,1
0,0,18.067,6.0903,2.5652,41.57,0,7.4716,17.56,2.5652,4.1096,10.162,5.7856,0.96268,9.3197,4.9151,33.25,6.7302,4.4246,5.5521,8.5462,10.352,2.3499,4.3664,14.203,2.9636,4.2092,7.298,31.209,6.7302,4.1649,9.7685,12.737,0,0,0,0,1,0,0,1,0,0,0,0,0,0,1,1
0,0,20.736,14.014,3.2043,43.048,0,7.2633,11.735,0,0,5.5128,8.2916,6.9409,4.503,9.217,38.14,4.102,0,8.8516,9.8241,4.617,1.4853,10.511,14.471,2.3085,2.8084,7.8938,30.037,5.9831,8.822,9.8241,5.8566,0,0,0,0,1,0,0,1,0,0,0,0,0,0,1,1
0,0,28.169,9.5021,1.1978,47.3,0,0,13.831,0,0,1.1978,3.2042,2.0064,18.989,11.243,36.264,5.4893,0,17.109,4.498,0,12.428,4.4019,10.045,0,8.8474,17.013,21.44,4.498,4.498,3.2042,13.624,0,0,0,0.015385,0.98462,0,0,1,0,0,0,0,0,0.030769,0.96923,1
2.0369,2.4758,4.2862,0,19.558,24.552,3.136,7.7255,11.49,9.3172,15.422,4.2862,1.5892,8.6147,16.499,5.9661,26.427,6.9462,10.263,0,10.467,8.9404,0.88666,6.0879,5.1729,2.4758,16.938,7.0254,3.5127,24.405,20.626,6.691,6.1786,0,0.019608,0.039216,0.058824,0.88235,0.88235,0.098039,0.019608,0,0,0,0,0.039216,0.078431,0.88235,1
2.1705,4.2781,25.985,2.4223,9.9387,36.888,1.1486,1.1486,12.764,3.2562,0,13.472,0.95902,5.6732,3.4386,13.9,41.879,5.6162,1.1486,0,9.7675,4.1455,1.1486,7.3507,20.742,4.2781,17.82,11.673,10.714,10.323,8.4241,5.3567,2.1702,0,0.019608,0.039216,0.058824,0.88235,0.88235,0.078431,0,0.039216,0,0.039216,0,0.039216,0.039216,0.88235,1
0,3.3544,0,0,0,92.847,0,3.7983,0,0,0,3.3544,0,0,3.3544,12.022,72.602,8.6675,0,0,0,0,3.3544,3.3544,0,0,13.537,68.803,7.1528,0,0,0,3.7983,0,0,0.073529,0.92647,0,0,0,1,0,0,0,0,0.17647,0.82353,0,0
0,0,0,0,0,100,0,0,0,0,0,0,0,0,0,0,100,0,0,0,0,0,0,0,0,0,0,75,25,0,0,0,0,1,0,0,0,0,0,0,1,0,0,0,0,1,0,0,0
0,0,0,0,0,100,0,0,0,0,0,0,0,0,0,8.0836,86.083,5.8333,0,0,0,0,0,0,0,0,0,51.964,48.036,0,0,0,0,1,0,0,0,0,0,0,1,0,0,0,0,1,0,0,0
0,0,0,0,0,100,0,0,0,0,0,0,0,0,0,22.79,66.667,10.544,0,0,0,0,0,0,0,0,0,77.21,22.79,0,0,0,0,1,0,0,0,0,0,0,1,0,0,0,0,1,0,0,0
0,0,0,0,0,100,0,0,0,0,0,0,0,0,0,20.862,79.138,0,0,0,0,0,0,0,0,0,0,71.623,28.377,0,0,0,0,1,0,0,0,0,0,0,1,0,0,0,0,1,0,0,0
0,13.796,0,0,3.0302,32.608,11.773,11.773,14.559,12.46,0,7.9803,0,19.104,2.8512,2.8512,15.132,29.362,16.074,0,1.5151,5.1291,4.3663,7.9803,6.6442,16.074,13.288,15.132,2.8512,13.975,0,14.559,5.1291,0,1,0,0,0,0,0,0.080645,0.8871,0.032258,0.91935,0,0.080645,0,0,1
5.3705,27.869,5.3705,0,5.3806,22.93,17.56,7.6556,2.4827,5.3806,0,7.8531,0,10.554,9.9043,0,10.741,30.794,24.981,0,2.6903,2.4827,12.595,7.8531,5.173,30.352,25.621,5.3705,0,8.0709,0,2.4827,2.4827,0,1,0,0,0,0,0,0,1,0,0.975,0.025,0,0,0,1
0,0,0,0,0,100,0,0,0,0,0,0,0,0,0,16.551,83.449,0,0,0,0,0,0,0,0,0,8.2756,83.449,8.2756,0,0,0,0,0,0.012346,0.061728,0.92593,0,0,0,1,0,0,0,0,0.08642,0.91358,0,0
0,0,0,0,0,83.592,0,16.408,0,0,0,0,0,0,0,15.613,67.98,16.408,0,0,0,0,0,16.408,0,0,0,67.98,15.613,0,0,0,0,1,0,0,0,0,0,0,1,0,0,0,0,1,0,0,0
0,0,0,0,0,57.471,27.588,14.941,0,0,0,0,0,0,0,0,100,0,0,0,0,0,0,14.941,0,27.588,0,57.471,0,0,0,0,0,0.64583,0.35417,0,0,0,0,0,1,0,0,0,0,1,0,0,0
0,0,0,0,0,100,0,0,0,0,0,0,0,0,0,0,100,0,0,0,0,0,0,0,0,0,0,92.861,7.1392,0,0,0,0,0,0.10811,0,0.89189,0,0,0,1,0,0,0,0,0.10811,0.89189,0,0
0,0,0,0,0,83.01,0,16.99,0,0,0,0,0,0,0,0,83.656,16.344,0,0,0,0,0,16.99,0,0,0,83.01,0,0,0,0,0,0.89655,0.10345,0,0,0,0,0,1,0,0,0,0,1,0,0,0
0,0,0,0,0,53.36,28.685,17.955,0,0,0,0,0,0,6.7204,0,75.325,17.955,0,0,0,0,0,17.955,0,28.685,0,53.36,0,0,0,0,0,0,0.31111,0.68889,0,0,0,0,1,0,0,0,0,1,0,0,0
0,0,0,0,0,69.306,30.694,0,0,0,0,0,0,0,0,0,100,0,0,0,0,0,0,0,0,30.694,0,69.306,0,0,0,0,0,0,0.69231,0.13462,0.15385,0.019231,0,0,1,0,0,0,0,1,0,0,0
0,0,0,0,0,100,0,0,0,0,0,0,0,0,0,0,100,0,0,0,0,0,0,0,0,0,0,66.667,33.333,0,0,0,0,0,0.79592,0.20408,0,0,0,0,1,0,0,0,0,1,0,0,0
0,0,0,0,0,71.063,28.937,0,0,0,0,0,0,0,7.1256,0,92.874,0,0,0,0,0,0,0,0,28.937,0,61.771,9.2915,0,0,0,0,0,0,0.028037,0.39252,0.57944,0,0,1,0,0,0,0,1,0,0,0
0,0,0,0,0,100,0,0,0,0,0,0,0,0,0,7.3952,85.21,7.3952,0,0,0,0,0,0,0,0,0,48.26,51.74,0,0,0,0,0,0,0,0.072581,0.92742,0,0,1,0,0,0,0,1,0,0,0
0,0,0,0,0,100,0,0,0,0,0,0,0,0,0,0,93.348,6.6519,0,0,0,0,0,0,0,0,0,85.763,14.237,0,0,0,0,1,0,0,0,0,0,0,1,0,0,0,0,1,0,0,0
0,0,0,0,0,75.815,0,0,24.185,0,0,5.4756,6.6171,0,0,0,75.815,0,2.3442,0,0,9.7485,0,0,0,0,0,75.815,0,0,0,21.791,2.3944,1,0,0,0,0,0,0,1,0,0,0,0,1,0,0,0
0,0,0,0,0,100,0,0,0,0,0,0,0,0,0,9.8293,90.171,0,0,0,0,0,0,0,0,0,0,90.171,9.8293,0,0,0,0,1,0,0,0,0,0,0,1,0,0,0,0,1,0,0,0
0,0,0,0,0,78.498,0,0,21.502,0,0,3.5857,2.3781,0,0,0,78.498,0,9.5744,0,0,5.9638,0,0,0,0,0,78.498,0,0,0,21.502,0,0.94521,0.041096,0,0,0.013699,0,0,1,0,0,0,0,1,0,0,0
0,0,0,0,0,77.05,0,0,22.95,0,0,2.6807,8.7945,0,0,0,77.05,0,0,0,0,11.475,0,0,0,0,0,77.05,0,0,0,18.281,4.6695,0,0,0,0.23077,0.76923,0,0,1,0,0,0,0,1,0,0,0
0,0,0,0,0,87.426,0,0,12.574,0,0,3.1011,3.1857,0,0,0,87.426,0,0,0,0,6.2868,0,0,0,0,0,87.426,0,0,0,12.574,0,0,0,0,0.25806,0.74194,0,0,1,0,0,0,0,1,0,0,0
0,0,0,0,0,75.102,0,0,24.898,0,0,3.2189,5.3505,0,0,0,75.102,0,10.978,0,0,5.3505,0,0,0,0,0,75.102,0,0,0,24.898,0,0,0,0,0.30508,0.69492,0,0,1,0,0,0,0,1,0,0,0
0,0,0,0,0,86.046,0,0,13.954,0,0,2.6966,0,0,0,0,86.046,0,8.5604,0,0,2.6966,0,0,0,0,0,86.046,0,0,0,13.954,0,0,0,0,0.17241,0.82759,0,0,1,0,0,0,0,1,0,0,0
0,0,0,0,0,100,0,0,0,0,0,0,0,0,0,0,100,0,0,0,0,0,0,0,0,0,0,100,0,0,0,0,0,0,0,0.014286,0.17143,0.81429,0,0,1,0,0,0,0,1,0,0,0
0,0,0,0,0,100,0,0,0,0,0,0,0,0,0,0,100,0,0,0,0,0,0,0,0,0,0,100,0,0,0,0,0,0,0,0,0.13636,0.86364,0,0,1,0,0,0,0,1,0,0,0
0,0,0,0,0,100,0,0,0,0,0,0,0,0,0,0,100,0,0,0,0,0,0,0,0,0,0,100,0,0,0,0,0,0,0,0,0.16,0.84,0,0,1,0,0,0,0,1,0,0,0
0,0,0,0,0,100,0,0,0,0,0,0,0,0,0,0,100,0,0,0,0,0,0,0,0,0,0,100,0,0,0,0,0,0,0,0.04,0.22,0.74,0,0,1,0,0,0,0,1,0,0,0
0,0,0,0,0,100,0,0,0,0,0,0,0,0,0,0,66.667,33.333,0,0,0,0,0,0,0,0,0,100,0,0,0,0,0,0.98837,0.011628,0,0,0,0,0,1,0,0,0,0,1,0,0,0
0,0,0,37.972,5.7598,56.269,0,0,0,0,0,23.393,0,0,0,4.0731,44.049,8.1462,0,0,6.7776,13.56,26.098,0,17.634,0,4.0731,48.123,4.0731,0,0,0,0,0,0.71111,0.066667,0.055556,0.16667,0,0,1,0,0,0,0,1,0,0,0
0,0,0,26.219,18.689,55.092,0,0,0,0,0,31.798,0,0,0,0,52.258,2.8348,0,0,2.8348,10.275,34.633,0,10.275,0,0,52.258,2.8348,0,0,0,0,0,0.5,0,0.5,0,0,0,1,0,0,0,0,1,0,0,0
0,0,0,36.116,6.9023,51.23,0,0,2.4199,0,3.3315,19.209,5.7514,0,0,7.3977,37.704,11.88,0,0,4.4824,13.576,34.093,0,6.5058,0,3.3315,36.019,15.212,2.4199,2.4199,0,0,0,0.47887,0.12676,0.3662,0.028169,0,0,1,0,0,0,0,1,0,0,0
0,0,0,44.173,1.7707,54.056,0,0,0,0,0,18.031,0,0,0,0,52.285,1.7707,0,0,13.424,14.489,31.455,0,14.489,0,0,52.285,1.7707,0,0,0,0,0,0.6,0,0.1,0.3,0,0,1,0,0,0,0,1,0,0,0
0,0,0,0,0,100,0,0,0,0,0,0,0,0,0,0,100,0,0,0,0,0,0,0,0,0,0,100,0,0,0,0,0,0,0,0.02439,0.28049,0.69512,0,0,1,0,0,0,0,1,0,0,0
0,0,0,0,0,100,0,0,0,0,0,0,0,0,0,0,100,0,0,0,0,0,0,0,0,0,0,100,0,0,0,0,0,0,0,0.014493,0.26087,0.72464,0,0,1,0,0,0,0,1,0,0,0
0,0,0,0,0,100,0,0,0,0,0,0,0,0,0,0,100,0,0,0,0,0,0,0,0,0,0,100,0,0,0,0,0,0,0,0,0.27869,0.72131,0,0,1,0,0,0,0,1,0,0,0
0,0,0,0,0,100,0,0,0,0,0,0,0,0,0,0,100,0,0,0,0,0,0,0,0,0,0,100,0,0,0,0,0,0,0,0.015625,0.26562,0.71875,0,0,1,0,0,0,0,1,0,0,0
0,0,0,0,0,100,0,0,0,0,0,0,0,0,0,0,100,0,0,0,0,0,0,0,0,0,0,100,0,0,0,0,0,0,0,0.016667,0.21667,0.76667,0,0,1,0,0,0,0,1,0,0,0
0,0,0,0,0,100,0,0,0,0,0,0,0,0,0,0,100,0,0,0,0,0,0,0,0,0,0,100,0,0,0,0,0,0,0,0.012987,0.15584,0.83117,0,0,1,0,0,0,0,1,0,0,0
0,10.179,0,0,10.179,74.897,0,0,4.7447,0,0,10.179,0,14.924,0,0,74.897,0,0,0,0,0,0,0,0,0,0,74.897,0,0,0,4.7447,20.358,0,0,0,0.15714,0.84286,0,0,1,0,0,0,0,1,0,0,0
0,0,0,0,0,94.793,0,0,5.2071,0,0,0,0,5.2071,0,0,94.793,0,0,0,0,0,0,0,0,0,0,94.793,0,0,0,5.2071,0,0,0,0,0.12329,0.87671,0,0,1,0,0,0,0,1,0,0,0
7.6584,12.848,11.334,0,7.5096,26.486,10.118,12.094,7.2471,4.7061,0,14.621,0,7.0775,6.292,2.0015,28.448,20.274,11.405,0,2.0015,7.879,3.5321,17.212,8.048,14.303,21.033,9.4473,3.6639,10.553,1.8325,5.2456,5.1308,0,0.9125,0.0875,0,0,0,0,0,1,0,1,0,0,0,0,1
0,7.5282,0,0,0,62.616,12.586,12.859,4.4109,0,0,4.4109,0,4.4109,3.7641,9.8889,40.141,21.034,11.939,0,0,4.4109,3.7641,4.4109,4.4109,11.939,19.549,36.104,6.9631,0,0,4.4109,8.4483,0,1,0,0,0,0,0,0.98387,0,0.016129,0.016129,0.016129,0.96774,0,0,0
0,0,0,0,0,100,0,0,0,0,0,0,0,0,0,0,100,0,0,0,0,0,0,0,0,0,0,93.305,6.6947,0,0,0,0,0,0,0.070423,0.92958,0,0,0,1,0,0,0,0,0.070423,0.92958,0,0
0,0,0,0,0,56.822,12.336,30.843,0,0,0,0,0,18.507,6.6026,0,62.555,6.6026,0,0,5.7331,0,0,30.843,0,6.6026,5.7331,56.822,0,0,0,0,0,0.89286,0.10714,0,0,0,0,0,1,0,0,0,0,1,0,0,0
0,0,0,0,0,57.363,17.789,24.847,0,0,0,0,0,3.5665,15.324,4.0939,64.16,4.0939,0,0,8.7615,0,0,24.847,0,6.0353,11.754,57.363,0,0,0,0,0,0,0.20548,0.79452,0,0,0,0,1,0,0,0,0,1,0,0,0
0,0,0,0,0,100,0,0,0,0,0,0,0,0,0,0,100,0,0,0,0,0,0,0,0,0,0,92.245,7.7546,0,0,0,0,0,0,0.055556,0.94444,0,0,0,1,0,0,0,0,0.055556,0.94444,0,0
0,0,0,0,0,57.654,6.7436,35.602,0,0,0,0,0,6.7436,11.057,0,64.398,0,0,0,17.801,0,0,35.602,0,0,6.7436,46.618,11.037,0,0,0,0,0.8913,0.1087,0,0,0,0,0,1,0,0,0,0,1,0,0,0
0,0,0,0,0,60.283,22.965,16.752,0,0,0,0,0,6.7984,7.6745,8.4923,58.589,6.4945,5.1533,0,6.7984,0,0,16.752,0,7.6745,15.291,53.605,6.6781,0,0,0,0,0,0.52727,0.47273,0,0,0,0,1,0,0,0,0,1,0,0,0
0,0,0,0,0,76.124,17.821,6.0556,0,0,0,0,0,0,11.938,11.404,64.72,11.938,0,0,0,0,0,6.0556,0,6.0556,11.765,76.124,0,0,0,0,0,0,0.25,0.14286,0.57143,0.035714,0,0,1,0,0,0,0,1,0,0,0
0,0,0,0,0,88.905,11.095,0,0,0,0,0,0,0,6.5133,17.341,64.796,11.349,0,0,0,0,0,0,0,6.5133,4.5818,66.982,21.923,0,0,0,0,0,0,0,0.79381,0.20619,0,0,1,0,0,0,0,1,0,0,0
0,0,0,0,0,82.829,17.171,0,0,0,0,0,0,0,4.7623,27.205,49.69,10.697,7.6459,0,0,0,0,0,0,0,17.171,58.708,24.122,0,0,0,0,0,0,0.014493,0.34783,0.63768,0,0,1,0,0,0,0,1,0,0,0
0,0,4.888,0,0,80.902,4.4343,0,4.888,4.888,0,0,0,0,0,18.815,57.951,18.346,0,0,0,4.888,0,4.888,0,0,4.4343,49.098,31.804,0,4.888,4.888,0,0,0,0,0.20548,0.79452,0,0,1,0,0,0,0,1,0,0,0
1.9171,11.507,4.5793,0,16.868,19.921,8.8065,11.469,7.2803,17.652,0,4.5793,0,23.796,2.6622,1.9171,13.777,28.375,14.17,0,8.0614,2.6622,6.1443,5.3245,10.724,11.507,22.619,5.3632,0,30.292,0,5.3632,2.6622,0,0.93182,0.068182,0,0,0,0,0.045455,0.95455,0,0.95455,0,0.045455,0,0,1
0,0,0,0,0,100,0,0,0,0,0,0,0,0,0,0,89.956,10.044,0,0,0,0,0,0,0,10.044,0,61.208,28.748,0,0,0,0,0,0.125,0.0625,0.8125,0,0,0,1,0,0,0,0,0.33333,0.66667,0,0
0,0,17.762,16.85,0,57.611,0,0,7.7776,0,0,0,2.2065,2.2065,10.81,3.0327,49.093,12.437,0,13.263,6.9514,0,3.0327,2.2065,7.7776,0,3.0327,13.263,41.315,2.2065,2.2065,6.9514,18.008,0,0.090909,0,0.11364,0.79545,0,0,1,0,0,0,0,0.090909,0.11364,0.79545,1
0,0,0,0,0,100,0,0,0,0,0,0,0,0,0,0,92.326,7.6738,0,0,0,0,0,0,0,7.6738,0,78.328,13.999,0,0,0,0,0,0,0.096154,0.90385,0,0,0,1,0,0,0,0,0.11538,0.88462,0,0
0,0,0,0,0,89.566,0,10.434,0,0,0,0,0,10.434,0,0,80.545,9.021,0,0,0,0,0,10.434,0,0,0,64.238,25.328,0,0,0,0,1,0,0,0,0,0,0,1,0,0,0,0,1,0,0,0
0,0,0,0,0,55.88,30.232,13.888,0,0,0,0,0,6.9442,4.583,18.704,44.12,4.583,14.121,0,6.9442,0,0,13.888,0,0,30.232,41.759,14.121,0,0,0,0,0.7,0.26667,0.033333,0,0,0,0,1,0,0,0,0,1,0,0,0
0,0,0,0,0,100,0,0,0,0,0,0,0,0,0,0,93.442,6.5582,0,0,0,0,0,0,0,6.5582,0,75.941,17.501,0,0,0,0,0,0.070175,0.087719,0.84211,0,0,0,1,0,0,0,0,0.24561,0.75439,0,0
0,0,13.324,0,0,86.676,0,0,0,0,0,0,0,0,0,0,92.671,3.6646,0,0,0,3.6646,0,0,0,0,0,52.642,34.035,0,0,3.6646,9.659,1,0,0,0,0,0,0,1,0,0,0,0,1,0,0,0
0,0,0,0,0,84.162,15.838,0,0,0,0,0,0,0,0,25.805,58.357,6.3098,9.5283,0,0,0,0,0,0,0,15.838,52.048,32.114,0,0,0,0,0,0.68333,0.16667,0.033333,0.11667,0,0,1,0,0,0,0,1,0,0,0
0,0,6.1546,0,15.768,50,0,0,21.923,6.1546,0,0,0,0,15.768,0,40.387,21.923,15.768,0,0,6.1546,0,6.1546,0,0,0,12.309,37.691,15.768,6.1546,21.923,0,0,0.72,0.12,0.08,0.08,0,0,1,0,0,0,0,1,0,0,0
0,0,3.444,0,0,96.556,0,0,0,0,0,0,0,0,0,0,85.79,10.766,0,0,0,3.444,0,0,0,0,0,78.095,18.461,0,0,3.444,0,1,0,0,0,0,0,0,1,0,0,0,0,1,0,0,0
0,0,2.121,0,0,97.879,0,0,0,0,0,0,0,0,0,0,95.758,2.121,0,0,0,2.121,0,0,0,0,0,85.347,12.532,0,0,2.121,0,1,0,0,0,0,0,0,1,0,0,0,0,1,0,0,0
0,0,0,0,0,89.081,0,0,10.919,0,0,0,0,0,0,0,100,0,0,0,0,0,0,0,0,0,0,89.081,0,0,0,0,10.919,1,0,0,0,0,0,0,1,0,0,0,0,1,0,0,0
0,0,0,0,3.948,83.461,0,0,12.591,0,0,0,0,0,0,3.948,96.052,0,0,0,0,0,0,0,0,0,0,83.461,0,0,3.948,0,12.591,0,0,0.014085,0.19718,0.78873,0,0,1,0,0,0,0,1,0,0,0
0,0,0,0,0,91.74,0,0,8.2605,0,0,0,0,0,0,0,100,0,0,0,0,0,0,0,0,0,0,91.74,0,0,0,0,8.2605,0,0,0,0.2623,0.7377,0,0,1,0,0,0,0,1,0,0,0
0,0,0,4.4614,0,95.539,0,0,0,0,0,0,0,0,0,0,100,0,0,0,0,0,0,0,0,0,0,95.539,0,0,4.4614,0,0,0,0,0,0.056604,0.9434,0,0,1,0,0,0,0,1,0,0,0
0,0,0,0,0,100,0,0,0,0,0,0,0,0,0,0,100,0,0,0,0,0,0,0,0,0,0,100,0,0,0,0,0,0,0,0.13433,0.14925,0.71642,0,0,1,0,0,0,0,1,0,0,0
0,0,2.0097,24.747,12.1,45.025,0,0,8.4627,4.8331,2.8234,13.313,12.1,0,0,4.7346,44.963,8.6227,2.8234,0,0,13.444,14.537,2.0097,10.21,0,1.8783,33.579,12.391,9.2763,8.4627,7.6565,0,0,0.4902,0.19608,0.31373,0,0,0,1,0,0,0,0,1,0,0,0
0,0,0,0,0,100,0,0,0,0,0,0,0,0,0,0,100,0,0,0,0,0,0,0,0,0,0,100,0,0,0,0,0,0,0,0,0,1,0,0,1,0,0,0,0,1,0,0,0
0,0,1.8032,9.5955,15.367,49.91,0,0,8.6303,5.865,8.8296,1.8332,16.528,0,1.8032,7.3332,52.078,9.7616,5.865,0,0,4.7977,7.7623,1.8032,1.8332,0,2.9645,25.147,30.628,7.6983,1.8332,20.33,0,0,0.069767,0.081395,0.83721,0.011628,0,0,1,0,0,0,0,1,0,0,0
0,0,0,19.86,20.565,59.575,0,0,0,0,0,26.708,0,0,0,1.3485,52.083,6.1431,0,0,12.369,1.3485,37.728,0,2.6971,0,1.3485,53.432,4.7946,0,0,0,0,0,1,0,0,0,0,0,1,0,0,0,0,1,0,0,0
0,0,7.8909,12.781,10.026,50.172,0,0,11.296,4.5809,3.2528,3.1377,6.3905,0,6.8879,3.2528,54.37,11.412,3.5779,0,0,10.971,9.6434,7.8909,3.1377,0,3.2528,28.62,21.552,6.7156,7.7186,11.469,0,0,1,0,0,0,0,0,1,0,0,0,0,1,0,0,0
0,0,6.2536,0,21.873,56.254,0,0,15.62,0,0,0,0,0,21.873,0,46.888,15.62,15.62,0,0,0,0,6.2536,0,0,0,18.761,37.493,15.62,0,21.873,0,0,0.86667,0,0.066667,0.066667,0,0,1,0,0,0,0,1,0,0,1
3.6859,10.486,8.2637,1.5074,4.4648,23.941,11.784,0,25.49,2.1785,8.1993,8.9782,0,12.664,4.357,14.285,26.119,10.442,2.1785,9.7068,11.27,0,0,0,9.7711,15.47,10.498,13.443,9.7068,2.1785,11.27,15.728,11.936,0.70213,0.29787,0,0,0,0,0,1,0,0,0,0,1,0,0,1
4.8616,11.614,7.8025,2.5494,11.614,26.909,16.109,0,13.916,2.3122,2.3122,2.5952,0,22.826,4.6244,7.8025,35.69,10.115,8.7813,4.8616,2.7037,0,0,0,16.821,20.971,11.876,15.033,4.8616,2.3122,2.7037,13.762,11.66,0,0.97872,0,0.021277,0,0,0,1,0,0,0,0,1,0,0,1
3.5974,1.339,18.37,4.5712,10.216,7.2755,9.7434,9.9015,14.513,18.214,2.2584,0,0,3.5974,10.571,5.6463,38.214,33.147,2.2584,3.5974,2.9683,0,0,0,29.611,13.341,5.9365,1.339,6.4197,11.135,16.102,16.116,0,0.90625,0.09375,0,0,0,0,0,1,0,0,0,0,1,0,0,1
8.1622,7.2526,6.4832,2,5.5505,9.7358,24.52,2.4832,19.785,6.1622,7.8644,1.7021,0,19.449,12.324,5.7021,26.898,10.162,9.7127,12.348,1.7021,0,0,0,14.517,32.683,6.0337,3.7021,9.8644,6.1622,1.7021,20.083,5.2526,1,0,0,0,0,0,0,1,0,0,0,0,1,0,0,1
4.9998,7.6575,18.82,5.9147,10.283,20.554,8.6421,1.7142,17.664,2.4305,1.3207,1.3207,0,10.709,2.4305,16.911,30.979,21.366,1.337,8.0346,6.9117,0,0,0,26.871,13.642,14.233,6.3205,7.8361,3.9461,7.8266,16.667,2.6577,0,1,0,0,0,0,0,1,0,0,0,0,1,0,0,1
6.3014,3.0013,6.286,1.2675,7.8696,8.8563,23.638,1.2809,23.075,10.287,8.1367,1.8353,0,11.75,16.588,4.1223,26.87,17.827,7.4674,9.4176,4.1223,0,0,0,8.7329,29.939,7.0209,1.8353,10.855,13.005,5.3899,20.22,3.0013,0,0.96,0,0.04,0,0,0,1,0,0,0,0,1,0,0,1
0,6.045,0,0,3.3274,65.798,3.3274,0,18.785,0,2.7176,2.7176,0,16.677,0,2.7176,69.125,0,3.3274,2.7176,2.7176,0,0,0,3.3274,3.3274,3.3274,62.47,2.7176,0,2.7176,16.067,6.045,0.34375,0.59375,0.0625,0,0,0,0,1,0,0,0,0,1,0,0,1
0,12.653,0,0,9.383,64.885,0,0,9.8093,0,3.2698,12.653,0,12.653,0,3.2698,64.885,0,0,3.2698,3.2698,0,0,0,0,0,0,64.885,3.2698,0,3.2698,6.5395,22.036,0,0,0.030769,0.33846,0.63077,0,0,1,0,0,0,0,1,0,0,0
0,0,0,0,0,0,0,0,0,0,0,0,0,0,0,0,0,0,0,0,0,0,0,0,0,0,0,0,0,0,0,0,0,0,0,0,0.28,0.72,0,0,1,0,0,0,0,1,0,0,0
0,0,8.9906,9.9136,16.937,5.4788,5.4788,5.4788,34.297,13.425,0,0,0,5.4788,13.425,0,38.853,36.764,0,5.4788,0,0,0,0,14.469,5.4788,5.4788,0,3.5118,16.937,9.9136,44.21,0,0.96429,0.035714,0,0,0,0,0,1,0,0,0,0,1,0,0,1
0,0,0,14.436,14.436,65.52,0,0,0,0,5.6079,0,14.436,0,0,0,71.128,0,0,0,0,14.436,0,0,0,0,0,65.52,0,5.6079,0,14.436,14.436,0,0,0,0.13415,0.86585,0,0,1,0,0,0,0,1,0,0,0
1.5649,0.81942,23.48,0.81942,18.345,2.8183,4.2352,13.079,13.506,20.588,0.74545,0,0,3.5638,10.253,1.6388,49.245,30.989,0.74545,3.5638,0,0,0,0,37.378,5.8001,1.9989,0.81942,10.327,18.271,11.08,14.325,0,0.44444,0.55556,0,0,0,0,0,1,0,0,0,0,1,0,0,1
3.4389,2.0196,10.556,12.091,12.091,4.0257,6.2641,6.5173,25.575,16.002,1.4193,0,0,5.4451,12.91,4.0392,30.557,40.184,1.4193,5.4451,0,0,0,0,19.093,9.703,2.0061,2.0196,3.4389,11.491,14.583,37.666,0,0,0.86207,0,0.068966,0.068966,0,0,1,0,0,0,0,1,0,0,1
0,0,0,0,0,100,0,0,0,0,0,0,0,0,0,0,100,0,0,0,0,0,0,0,0,0,0,100,0,0,0,0,0,0.3913,0.21739,0.13043,0.26087,0,0,0,1,0,0,0,0,1,0,0,1
0,0,0,0,0,100,0,0,0,0,0,0,0,0,0,0,100,0,0,0,0,0,0,0,0,0,0,100,0,0,0,0,0,0,0,0,0.27907,0.72093,0,0,1,0,0,0,0,1,0,0,0
0,0,0,0,0,100,0,0,0,0,0,0,0,0,0,0,100,0,0,0,0,0,0,0,0,0,0,100,0,0,0,0,0,0,0,0.031746,0.22222,0.74603,0,0,1,0,0,0,0,1,0,0,0
0,0,0,0,0,100,0,0,0,0,0,0,0,0,0,0,100,0,0,0,0,0,0,0,0,0,0,100,0,0,0,0,0,0,0,0,0.14085,0.85915,0,0,1,0,0,0,0,1,0,0,0
0,0,0,0,0,100,0,0,0,0,0,0,0,0,0,0,100,0,0,0,0,0,0,0,0,0,0,100,0,0,0,0,0,0,1,0,0,0,0,0,1,0,0,0,0,1,0,0,0
0,0,0,0,10.609,89.391,0,0,0,0,0,0,0,0,5.3043,0,89.391,0,0,0,5.3043,0,0,0,0,0,0,89.391,0,0,10.609,0,0,0,1,0,0,0,0,0,1,0,0,0,0,1,0,0,0
0,0,0,0,0,100,0,0,0,0,0,0,0,0,0,0,100,0,0,0,0,0,0,0,0,0,0,100,0,0,0,0,0,0,1,0,0,0,0,0,1,0,0,0,0,1,0,0,0
0,0,0,0,0,100,0,0,0,0,0,0,0,0,0,0,100,0,0,0,0,0,0,0,0,0,0,100,0,0,0,0,0,0,1,0,0,0,0,0,1,0,0,0,0,1,0,0,0
0,0,0,0,0,90.143,0,9.8566,0,0,0,0,0,4.9283,4.9283,0,85.215,0,0,0,4.9283,0,0,4.9283,4.9283,0,4.9283,85.215,0,0,0,0,0,0,1,0,0,0,0,0,1,0,0,0,0,1,0,0,0
0,0,0,0,0,100,0,0,0,0,0,0,0,0,0,0,100,0,0,0,0,0,0,0,0,0,0,100,0,0,0,0,0,0,1,0,0,0,0,0,1,0,0,0,0,1,0,0,0
0,0,0,0,7.4747,85.051,7.4747,0,0,0,0,7.4747,0,7.4747,0,0,85.051,0,0,0,0,0,7.4747,0,0,0,0,85.051,0,0,0,0,7.4747,0,1,0,0,0,0,0,1,0,0,0,0,1,0,0,0
0,0,2.4643,0,0,71.119,0,23.953,2.4643,0,0,2.4643,2.4643,3.6961,11.632,3.6961,43.814,3.6961,5.816,9.5121,2.4643,10.745,0,9.5121,16.905,8.2803,9.5121,37.31,16.017,0,0,2.4643,0,0,1,0,0,0,0,0,1,0,0,0,0,1,0,0,0
0,0,1.2432,3.2519,0,59.869,0,34.393,1.2432,0,0,1.2432,4.4951,11.6,6.6248,11.479,33.343,8.2275,2.2021,8.2275,4.6161,7.9404,0,20.306,15.33,1.2432,14.852,13.352,30.421,0,0,4.4951,0,0,0.72222,0.16667,0.083333,0.027778,0,0,1,0,0,0,0,0.77778,0.19444,0.027778,0
0,0,0,0,0,85.39,4.5175,10.093,0,0,0,0,0,5.0463,5.0463,0,80.344,0,0,0,9.5638,0,0,5.0463,9.5638,0,5.0463,80.344,0,0,0,0,0,0,1,0,0,0,0,0,1,0,0,0,0,1,0,0,0
0,0,0,0,0,86.159,4.3348,9.5059,0,0,0,0,0,0,0,0,76.653,0,9.5059,0,4.3348,9.5059,0,9.5059,4.3348,0,0,86.159,0,0,0,0,0,0,1,0,0,0,0,0,1,0,0,0,0,1,0,0,0
0,0,0,0,3.5027,40.339,56.159,0,0,0,0,3.5027,0,12.288,0,12.288,56.13,0,0,0,15.791,0,3.5027,0,15.791,0,31.582,36.836,0,0,0,0,12.288,0,1,0,0,0,0,0,1,0,0,0,0,1,0,0,0
0,0,0,0,4.9743,57.958,37.068,0,0,0,0,4.9743,0,12.998,0,8.0233,65.981,0,0,0,8.0233,0,4.9743,0,8.0233,0,16.047,57.958,0,0,0,0,12.998,0,1,0,0,0,0,0,1,0,0,0,0,1,0,0,0
0,0,0,0,0,96.478,3.5217,0,0,0,0,0,0,0,0,0,96.478,0,0,0,3.5217,0,0,0,3.5217,0,0,96.478,0,0,0,0,0,0,1,0,0,0,0,0,1,0,0,0,0,1,0,0,0
0,0,0,0,0,92.513,0,7.4866,0,0,0,0,0,0,0,0,85.027,0,7.4866,0,0,7.4866,0,7.4866,0,0,0,92.513,0,0,0,0,0,0,1,0,0,0,0,0,1,0,0,0,0,1,0,0,0
0,0,0,0,0,100,0,0,0,0,0,0,0,0,0,0,100,0,0,0,0,0,0,0,0,0,0,100,0,0,0,0,0,0,1,0,0,0,0,0,1,0,0,0,0,1,0,0,0
0,4.9027,14.029,0,0,62.136,0,0,14.129,4.8025,0,9.7052,3.0756,7.878,3.0756,0,57.189,4.9467,7.9783,0,3.0756,3.0756,12.781,11.054,0,4.9467,0,54.114,3.0756,4.8025,3.0756,3.0756,3.0756,0,1,0,0,0,0,0,1,0,0,0,0,1,0,0,0
0,4.3202,6.9418,0,0,64.255,0,0,15.843,8.6404,0,8.6404,6.8947,2.3139,6.6342,4.3202,59.934,0,2.3139,0,2.3139,6.6342,6.6342,9.2087,0,0,0,57.621,6.6342,8.6404,2.3139,6.6342,2.3139,0,1,0,0,0,0,0,1,0,0,0,0,1,0,0,0
0,0,0,0,0,93.753,0,0,6.2475,0,0,0,6.2475,0,0,0,93.753,0,0,0,0,0,0,6.2475,0,0,0,93.753,0,0,0,0,0,0,1,0,0,0,0,0,1,0,0,0,0,1,0,0,0
2.7955,7.7176,0,0,0,80.192,0,0,4.922,4.3732,0,4.922,0,0,0,2.7955,80.192,4.3732,4.922,0,2.7955,0,4.922,7.7176,0,2.7955,0,77.396,0,0,7.1687,0,0,0,1,0,0,0,0,0,1,0,0,0,0,1,0,0,0
0,0,6.2769,0,0,93.723,0,0,0,0,0,0,0,3.1384,0,3.1384,93.723,0,0,0,0,0,6.2769,0,0,0,0,93.723,0,0,0,0,0,0,1,0,0,0,0,0,1,0,0,0,0,1,0,0,0
0,0,5.4215,0,0,90.629,0,0,0,3.95,0,0,0,2.7107,0,2.7107,94.579,0,0,0,0,0,5.4215,0,0,0,0,90.629,0,0,3.95,0,0,0,1,0,0,0,0,0,1,0,0,0,0,1,0,0,0
0,0,15.846,0,0,79.717,0,0,0,4.437,0,0,0,6.2359,0,9.6105,84.154,0,0,0,0,0,15.846,0,0,0,15.846,63.87,0,0,4.437,0,0,0,1,0,0,0,0,0,1,0,0,0,0,1,0,0,0
4.6211,17.717,7.4539,0,0,67.595,0,0,0,2.6131,0,0,0,3.7269,12.491,3.7269,72.821,0,0,2.6131,4.6211,0,17.937,2.6131,4.6211,4.6211,0,57.717,0,0,12.491,0,0,0,1,0,0,0,0,0,1,0,0,0,0,1,0,0,0
7.8097,7.8097,0,0,0,80.191,0,0,0,4.1898,0,0,4.3283,0,3.4813,0,80.191,4.1898,0,0,7.8097,0,0,0,7.8097,7.8097,0,72.381,0,0,11.999,0,0,0,1,0,0,0,0,0,1,0,0,0,0,1,0,0,0
11.15,18.184,0,0,0,67.149,0,0,0,3.5168,0,0,11.513,0,0,3.154,67.149,3.5168,3.5168,0,11.15,0,0,6.6708,11.513,11.15,0,59.515,0,0,11.15,0,0,0,1,0,0,0,0,0,1,0,0,0,0,1,0,0,0
9.7306,31.723,0,0,0,54.654,0,0,0,3.8923,0,0,9.2745,0,11.054,0,60.596,0,0,3.6434,15.432,0,5.353,2.0498,17.025,17.025,0,46.184,0,0,12.362,0,0,0,0.83333,0.16667,0,0,0,0,1,0,0,0,0,1,0,0,0
8.5403,27.43,0,0,0,56.251,0,0,0,7.7786,0,0,13.509,0,4.476,0,56.251,7.7786,4.0643,0,13.921,0,0,4.0643,20.683,11.223,0,51.76,0,0,12.269,0,0,0,0.98214,0.017857,0,0,0,0,1,0,0,0,0,1,0,0,0
8.4774,14.603,0,0,0,70.794,0,0,6.1254,0,0,6.1254,0,0,0,8.4774,70.794,0,6.1254,0,8.4774,0,6.1254,6.1254,8.4774,8.4774,0,70.794,0,0,0,0,0,0,1,0,0,0,0,0,1,0,0,0,0,1,0,0,0
23.611,16.153,0,0,0,60.236,0,0,0,0,0,0,0,0,11.085,13.238,53.19,0,8.1699,8.1247,6.1921,0,0,13.193,8.1699,18.402,0,52.965,0,4.0398,3.2314,0,0,0,1,0,0,0,0,0,1,0,0,0,0,1,0,0,0
16.223,33.818,2.6938,0,14.906,31.011,0,0,1.3469,0,0,2.6938,0,1.3469,17.624,5.3763,44.547,0,21.689,2.7177,4.0055,0,0,31.16,9.4409,9.4409,1.3469,29.665,0,16.253,1.3469,1.3469,0,0,1,0,0,0,0,0,1,0,0,0,0,1,0,0,0
3.7516,12.752,15.885,0,9.3371,49.886,6.5121,0,1.8758,0,0,9.3734,0,14.01,5.4381,3.8989,51.578,6.5121,7.3139,0,1.8758,0,0,19.264,7.4976,1.8758,1.8758,42.388,5.6218,7.3139,5.7747,8.3878,0,0.27451,0.58824,0.13725,0,0,0,0,1,0,0,0,0,1,0,0,0
13.622,3.434,6.868,0,13.508,52.381,6.7538,0,3.434,0,0,13.622,0,10.188,0,6.7538,55.815,6.7538,3.434,0,3.434,0,0,10.188,3.434,3.434,10.188,42.193,6.7538,10.188,10.188,3.434,0,0.066667,0.86667,0.066667,0,0,0,0,1,0,0,0,0,1,0,0,0
3.6431,37.07,0,0,0,55.519,0,0,0,3.7671,0,0,2.3437,0,9.5388,24.016,45.981,3.7671,1.1718,0,13.182,0,0,22.717,4.815,13.182,0,53.052,0,0,6.2343,0,0,0,0.94828,0.051724,0,0,0,0,1,0,0,0,0,1,0,0,0
0,0,0,0,0,100,0,0,0,0,0,0,0,0,0,0,100,0,0,0,0,0,0,0,0,0,0,100,0,0,0,0,0,0,1,0,0,0,0,0,1,0,0,0,0,1,0,0,0
0,0,15.381,0,0,69.237,15.381,0,0,0,0,0,0,15.381,0,0,69.237,15.381,0,0,0,0,0,15.381,0,0,0,69.237,0,0,0,15.381,0,0,1,0,0,0,0,0,1,0,0,0,0,1,0,0,0
0,0,0,0,0,100,0,0,0,0,0,0,0,0,0,0,100,0,0,0,0,0,0,0,0,0,0,100,0,0,0,0,0,0,0.94444,0.055556,0,0,0,0,1,0,0,0,0,1,0,0,0
11.079,33.194,0,0,0,42.422,0,0,0,13.305,0,0,1.8562,0,11.079,0,64.929,0,0,11.058,11.079,0,9.2018,9.2018,12.935,12.935,0,36.833,0,0,18.894,0,0,0,0.82609,0.13043,0.043478,0,0,0,1,0,0,0,0,0.91304,0.086957,0,0
8.9083,34.485,0,0,0,51.828,0,0,0,4.7789,0,0,2.7122,0,11.813,0,69.075,0,0,4.7789,11.621,0,7.6841,12.468,11.621,11.621,0,47.506,0,0,9.1012,0,0,0,0.81818,0.18182,0,0,0,0,1,0,0,0,0,1,0,0,0
0,0,0,0,23.816,76.184,0,0,0,0,0,0,0,0,0,0,52.367,23.816,0,0,0,23.816,0,0,0,0,0,52.367,23.816,23.816,0,0,0,0,0.77778,0.22222,0,0,0,0,1,0,0,0,0,0.94444,0.055556,0,0
0,0,0,0,50,50,0,0,0,0,0,0,0,0,0,0,0,50,0,0,0,50,0,0,0,0,0,0,50,50,0,0,0,0.041667,0.70833,0.25,0,0,0,0,1,0,0,0,0,1,0,0,0
0,0,0,0,35.552,64.448,0,0,0,0,0,0,0,0,0,0,32.224,32.224,0,0,0,35.552,0,0,0,0,0,32.224,32.224,35.552,0,0,0,0,1,0,0,0,0,0,1,0,0,0,0,1,0,0,0
0,0,0,19.923,23.577,47.019,0,0,0,0,9.4812,0,11.789,0,0,8.134,56.5,0,0,11.789,0,11.789,0,0,0,0,0,47.019,9.4812,0,0,23.577,19.923,0,0,0.013699,0.12329,0.86301,0,0,1,0,0,0,0,1,0,0,0
0,0,0,0,0,100,0,0,0,0,0,0,0,0,0,0,100,0,0,0,0,0,0,0,0,0,0,100,0,0,0,0,0,0,1,0,0,0,0,0,1,0,0,0,0,1,0,0,0
0,0,0,0,0,100,0,0,0,0,0,0,0,0,0,0,86.846,13.154,0,0,0,0,0,0,0,0,0,86.846,13.154,0,0,0,0,0,0.9,0.1,0,0,0,0,1,0,0,0,0,1,0,0,0
0,0,0,0,2.6259,50.473,46.902,0,0,0,0,2.6259,0,9.7709,0,22.841,57.618,0,0,0,7.145,0,2.6259,0,7.145,0,34.595,45.863,0,0,0,0,9.7709,0.34783,0.65217,0,0,0,0,0,1,0,0,0,0,1,0,0,0
0,0,2.7798,9.022,0,51.965,0,32.617,3.6164,0,0,1.9431,6.6427,3.7407,22.87,4.6995,20.32,0.83661,7.6682,10.248,4.7775,16.254,0,19.065,15.495,9.6113,14.365,11.664,16.324,0.83661,2.5795,6.6427,3.4161,0,0,0,0.034483,0.96552,0,0,1,0,0,0,0,0,0.034483,0.96552,1
0,0,1.2683,14.811,0,62.24,0,21.68,0,0,0,0,1.2683,12.646,7.5771,5.8744,36.772,7.1428,6.1426,15.166,1.2683,6.1426,0,13.285,9.663,3.7885,9.663,10.851,37.938,1.2683,6.7716,1.2683,5.5032,0,0.16129,0,0,0.83871,0,0,1,0,0,0,0,0.16129,0,0.83871,1
0,0,7.1093,25.427,0,49.073,0,14.234,4.1574,0,0,0,10.129,7.049,7.1771,7.1169,36.779,12.286,0,7.2552,7.1093,5.0984,0,17.246,2.0184,0,7.1169,3.1581,38.798,7.1093,7.1093,10.129,7.3155,0,0.043478,0,0,0.95652,0,0,1,0,0,0,0,0.043478,0,0.95652,1
0,0,11.299,20.628,0.87817,55.28,0,2.9259,8.9894,0,0,0.87817,2.3411,6.2631,6.1627,3.2193,51.878,6.6386,0,15.578,5.5779,1.463,1.7979,4.6823,3.0446,0,1.463,7.6595,46.158,3.4115,9.6746,4.5075,17.601,0,0,0,0,1,0,0,1,0,0,0,0,0,0,1,1
0,0,0,0,13.877,55.682,30.441,0,0,0,0,13.877,0,4.1409,0,4.1409,73.7,0,0,0,4.1409,0,13.877,0,4.1409,0,45.345,32.496,0,0,0,0,4.1409,0.83333,0.16667,0,0,0,0,0,1,0,0,0,0,1,0,0,0
0,0,0,0,6.3297,72.882,20.788,0,0,0,0,6.3297,0,0,0,14.458,79.212,0,0,0,0,0,6.3297,0,0,0,27.118,66.552,0,0,0,0,0,0.85714,0.14286,0,0,0,0,0,1,0,0,0,0,1,0,0,0
0,0,0,0,0,100,0,0,0,0,0,0,0,0,0,0,100,0,0,0,0,0,0,0,0,0,33.333,66.667,0,0,0,0,0,1,0,0,0,0,0,0,1,0,0,0,0,1,0,0,1
0,0,0,0,0,100,0,0,0,0,0,0,0,0,0,0,100,0,0,0,0,0,0,0,0,0,0,100,0,0,0,0,0,0.87097,0.12903,0,0,0,0,0,1,0,0,0,0,1,0,0,0
0,0,0,0,16.251,58.638,25.111,0,0,0,0,16.251,0,9.1525,0,4.6531,65.736,0,0,0,4.2074,0,16.251,0,4.2074,0,18.85,51.539,0,0,0,0,9.1525,0.037736,0.75472,0.20755,0,0,0,0,1,0,0,0,0,1,0,0,0
0,0,17.898,21.038,0,58.6,0,0,2.464,0,0,0,4.2799,8.3789,2.464,0,61.064,4.2799,0,12.789,6.7439,0,8.6903,4.2799,2.464,0,0,8.6903,49.91,4.2799,8.3789,6.7439,6.5631,0,0.04878,0.097561,0.073171,0.78049,0,0,1,0,0,0,0,0.04878,0.17073,0.78049,1
0,5.6144,12.063,0,0,59.504,0,0,12.079,10.74,0,12.9,2.6834,3.8321,3.4537,5.3442,60.812,1.735,2.1607,0,1.8905,5.1887,9.4466,4.8441,0,0,0,47.819,11.685,10.74,1.8905,7.0791,6.4961,0.85714,0.14286,0,0,0,0,0,1,0,0,0,0,1,0,0,0
0,3.8189,12.752,0,0,50.505,0,0,25.144,7.7796,0,6.7631,3.2695,6.2136,3.2695,5.7584,50.505,0,7.0884,0,9.0279,8.1049,10.033,10.358,0,0,0,42.4,8.1049,7.7796,9.0279,9.0279,3.2695,1,0,0,0,0,0,0,1,0,0,0,0,1,0,0,0
0,0,48.447,0,0,51.553,0,0,0,0,0,0,0,46.894,0,1.5528,51.553,0,0,0,0,0,48.447,0,0,0,45.342,6.2113,0,0,0,0,0,0,0,0.14286,0.85714,0,0,0,1,0,0,0,0,0,1,0,1
0,0,48.958,0,0,51.042,0,0,0,0,0,0,0,1.0416,0,47.917,51.042,0,0,0,0,0,48.958,0,0,0,46.875,4.1666,0,0,0,0,0,0.14286,0,0,0.85714,0,0,0,1,0,0,0,0,0.14286,0.85714,0,1
7.5142,25.495,0,0,0,63.606,0,0,0,3.385,0,0,10.303,0,3.1116,4.7432,61.92,3.385,1.7522,0,14.785,0,0,6.4954,15.888,10.626,0,53.358,0,0,13.633,0,0,0.48889,0.44444,0.066667,0,0,0,0,1,0,0,0,0,0.97778,0.022222,0,0
10.365,27.804,0,0,0,58.932,0,0,0,2.8995,0,0,10.709,0,6.644,0,62.394,1.1684,1.1684,4.3595,13.557,0,1.7311,2.8995,20.545,12.994,0,43.018,0,0,18.813,0,0,0.28571,0.71429,0,0,0,0,0,1,0,0,0,0,1,0,0,0
10.501,28.249,0,0,0,57.344,0,0,0,3.9054,0,0,14.407,0,3.6555,0,57.344,3.9054,6.5314,0,14.157,0,0,6.5314,18.062,14.157,0,54.404,0,0,6.8456,0,0,0,0.20513,0.79487,0,0,0,0,1,0,0,0,0,0.58974,0.41026,0,0
0,44.483,3.6874,0,0,51.83,0,0,0,0,0,3.6874,13.58,0,7.3467,0,47.085,8.4324,0,0,0,19.869,3.6874,20.927,6.2891,17.267,0,51.83,0,0,0,0,0,0.39024,0.60976,0,0,0,0,0,1,0,0,0,0,1,0,0,0
0,45.295,8.216,0,0,46.489,0,0,0,0,0,15.239,0,7.0227,0,0,46.489,8.216,0,0,20.819,2.2148,0,36.058,4.4295,13.024,0,46.489,0,0,0,0,0,0.73077,0.26923,0,0,0,0,0,1,0,0,0,0,1,0,0,0
0,28.551,14.899,0,0,56.55,0,0,0,0,0,14.805,0,5.3297,0,0,56.55,14.899,0,0,2.1299,6.2861,5.3102,17.048,6.2861,14.805,0,56.55,0,0,0,0,0,0,0.18056,0.81944,0,0,0,0,1,0,0,0,0,0.79167,0.20833,0,0
0,0,5.4971,0,0,94.503,0,0,0,0,0,0,0,0,0,0,89.006,5.4971,0,0,0,5.4971,0,0,0,0,0,89.006,5.4971,0,0,5.4971,0,0.92157,0.019608,0.058824,0,0,0,0,1,0,0,0,0,1,0,0,0
0,0,0,0,0,90.874,0,0,9.1261,0,0,0,0,0,0,0,100,0,0,0,0,0,0,0,0,0,0,90.874,0,0,0,0,9.1261,0.98077,0.019231,0,0,0,0,0,1,0,0,0,0,1,0,0,0
16.381,26.107,2.7291,0,4.1606,49.258,0,0,1.3646,0,0,2.7291,0,1.3646,11.016,9.5666,57.525,0,5.5251,4.099,8.1752,0,0,19.297,10.917,12.274,1.3646,43.794,0,9.6241,1.3646,1.3646,0,0.30303,0.63636,0.060606,0,0,0,0,1,0,0,0,0,1,0,0,0
29.964,15.043,5.2806,0,6.1975,37.776,3.0987,0,2.6403,0,0,8.3793,0,5.739,14.698,5.394,38.121,3.0987,7.2309,14.698,2.6403,0,0,18.142,7.2309,19.634,5.739,19.634,3.0987,18.142,5.739,2.6403,0,0.61538,0.25641,0.12821,0,0,0,0,1,0,0,0,0,1,0,0,0
4.9527,0,6.0998,0,9.9055,69.134,4.9527,0,4.9555,0,0,11.053,0,11.053,0,4.9527,67.989,4.9527,0,0,0,0,0,4.9527,6.0998,0,4.9527,58.081,11.053,4.9527,4.9527,0,4.9555,0,0,0.015385,0.33846,0.64615,0,0,1,0,0,0,0,1,0,0,0
0,0,0,3.3713,4.59,80.796,6.8587,0,4.3837,0,0,0,0,0,0,4.59,88.551,0,0,0,6.8587,0,0,0,0,0,0,80.796,0,0,14.82,0,4.3837,0,0,0,0.070423,0.92958,0,0,1,0,0,0,0,1,0,0,0
10.28,2.0704,4.1408,0,17.523,54.403,9.5115,0,2.0704,0,0,10.28,0,8.21,0,11.384,56.473,6.1396,2.0704,0,5.4423,0,0,8.21,2.0704,2.0704,8.21,46.193,6.1396,8.21,16.826,2.0704,0,0,1,0,0,0,0,0,1,0,0,0,0,1,0,0,0
0,0,3.1833,5.6937,0,79.736,11.387,0,0,0,0,3.1833,5.6937,3.1833,0,0,76.552,5.6937,0,0,5.6937,0,0,0,3.1833,0,0,76.552,3.1833,0,11.387,5.6937,0,0.028986,0.82609,0.13043,0.014493,0,0,0,1,0,0,0,0,1,0,0,0
0,6.0506,0,3.7537,0,74.426,15.77,0,0,0,0,0,10.066,0,6.0506,0,72.129,6.0506,0,0,5.7044,0,0,6.0506,0,0,0,74.426,0,0,9.4581,10.066,0,0.41935,0.48387,0.096774,0,0,0,0,1,0,0,0,0,1,0,0,0
0,5.7838,0,0,0,81.319,0,0,12.897,0,0,5.2575,0,0,2.8919,0,81.319,0,0,0,7.6395,2.8919,0,2.8919,2.8919,0,0,81.319,0,0,5.2575,7.6395,0,0,0.85833,0.14167,0,0,0,0,1,0,0,0,0,1,0,0,0
0,0,0,4.9651,0,80.653,14.382,0,0,0,0,0,9.417,0,0,0,80.653,4.9651,0,0,4.9651,0,0,0,0,0,0,80.653,0,0,9.9303,9.417,0,0,0,0.013514,0.12162,0.86486,0,0,1,0,0,0,0,1,0,0,0
0,0,0,5.206,0,94.794,0,0,0,0,0,0,0,0,0,0,100,0,0,0,0,0,0,0,0,0,0,94.794,0,0,5.206,0,0,0,0,0.011364,0.090909,0.89773,0,0,1,0,0,0,0,1,0,0,0
0,0,0,14.508,0,59.235,21.745,0,4.512,0,0,4.512,10.873,0,0,0,62.87,10.873,0,0,10.873,0,0,0,0,0,0,59.235,0,0,29.893,10.873,0,0,0.14062,0.14062,0.29688,0.42188,0,0,1,0,0,0,0,1,0,0,0
0,0,0,0,0,93.86,6.1402,0,0,0,0,0,6.1402,0,0,0,93.86,0,0,0,0,0,0,0,0,0,0,93.86,0,0,0,6.1402,0,0,0,0.011628,0.26744,0.72093,0,0,1,0,0,0,0,1,0,0,0
17.755,19.512,0,0,0,61.555,0,0,0,1.1774,0,0,2.3549,0,1.7344,17.714,59.821,1.1774,4.6461,1.7344,10.818,0,0,15.308,7.673,14.287,0,47.424,0,0,15.308,0,0,0.21429,0.78571,0,0,0,0,0,1,0,0,0,0,1,0,0,0
12.769,12.405,5.7496,0,9.2591,49.205,5.7275,0,4.8844,0,0,4.1647,0,7.8209,8.7471,8.4145,43.692,10.612,8.0342,3.6306,4.8844,0,0,18.132,7.7021,5.0894,2.0713,33.1,13.933,9.3596,6.9557,3.6562,0,0,0.85714,0.14286,0,0,0,0,1,0,0,0,0,1,0,0,0
6.503,32.299,0,0,0,61.198,0,0,0,0,0,0,0,0,7.9888,18.517,57.173,0,5.793,0,10.528,0,0,24.31,3.9635,10.528,0,58.659,0,0,2.5394,0,0,0,1,0,0,0,0,0,1,0,0,0,0,1,0,0,0
6.7498,0,3.6995,0,10.161,61.83,0,0,13.86,3.6995,0,0,0,0,13.86,0,62.119,20.322,0,0,3.6995,0,0,3.6995,6.7498,0,0,51.669,10.161,10.161,0,7.3989,10.161,0,0.96522,0.034783,0,0,0,0,1,0,0,0,0,1,0,0,0
9.092,4.546,9.092,0,8.1941,60.426,0,0,8.6498,0,0,9.092,0,4.546,4.1038,4.0903,60.868,8.2076,4.546,0,4.546,0,0,4.546,4.546,4.546,4.546,38.769,17.111,12.74,4.546,4.546,4.1038,0,1,0,0,0,0,0,1,0,0,0,0,1,0,0,0
0,0,0,0,8.4336,84.163,0,0,7.4034,0,0,0,0,0,0,15.837,69.356,7.4034,0,0,7.4034,0,0,0,0,0,0,60.923,23.24,8.4336,7.4034,0,0,0.015873,0.98413,0,0,0,0,0,1,0,0,0,0,1,0,0,0
0,0,3.3278,0,14.723,63.528,0,0,13.692,4.7286,0,0,2.3643,0,9.0198,10.463,62.505,6.1601,5.692,0,3.7958,0,0,3.3278,0,0,0,45.942,17.586,17.087,3.7958,2.3643,9.8963,0,1,0,0,0,0,0,1,0,0,0,0,1,0,0,0
0,0,5.1448,0,11.605,73.125,0,0,10.126,0,0,0,0,0,16.75,3.6659,54.188,16.586,5.1448,0,3.6659,0,0,5.1448,0,0,0,45.084,28.041,11.605,3.6659,0,6.46,0,0.96774,0.032258,0,0,0,0,1,0,0,0,0,1,0,0,0
0,36.44,8.4758,0,0,55.084,0,0,0,0,0,4.3105,11.926,0,1.9836,0,55.084,8.4758,0,0,0,18.22,8.4758,13.909,18.22,4.3105,0,55.084,0,0,0,0,0,0,1,0,0,0,0,0,1,0,0,0,0,1,0,0,0
0,28.94,0,0,0,64.147,0,0,6.9129,0,0,3.4565,7.0415,0,14.857,0,49.29,14.857,0,0,3.4565,7.0415,0,21.898,3.7691,3.2724,0,64.147,0,0,3.4565,3.4565,0,0,0.78947,0.21053,0,0,0,0,1,0,0,0,0,1,0,0,0
0,24.821,5.7417,0,0,69.437,0,0,0,0,0,5.7417,6.6687,0,0,0,69.437,5.7417,0,0,0,12.41,2.9009,9.5096,8.5826,9.5695,0,69.437,0,0,0,0,0,0,1,0,0,0,0,0,1,0,0,0,0,1,0,0,0
0,7.2442,4.0416,0,0,66.837,0,0,21.877,0,0,10.938,0,0,3.6221,0,66.837,4.0416,0,0,10.938,3.6221,4.0416,3.6221,3.6221,0,0,66.837,0,0,10.938,10.938,0,0,1,0,0,0,0,0,1,0,0,0,0,1,0,0,0
0,0,0,0,0,73.516,5.0416,0,21.443,0,0,7.5509,5.0416,0,0,0,73.516,0,0,0,13.892,0,0,0,0,0,0,73.516,0,0,7.5509,18.934,0,0,0.20732,0.02439,0.17073,0.59756,0,0,1,0,0,0,0,1,0,0,0
0,0,0,0,0,93.307,0,0,6.693,0,0,6.693,0,0,0,0,93.307,0,0,0,0,0,0,0,0,0,0,93.307,0,0,6.693,0,0,0,0,0,0.1954,0.8046,0,0,1,0,0,0,0,1,0,0,0
0,0,0,0,0,77.005,0,0,22.995,0,0,14.075,0,0,0,0,77.005,0,0,0,8.9199,0,0,0,0,0,0,77.005,0,0,14.075,8.9199,0,0,0.22078,0.012987,0.32468,0.44156,0,0,1,0,0,0,0,1,0,0,0
0,0,0,0,0,92.119,0,0,7.8806,0,0,0,0,0,0,0,92.119,0,0,0,7.8806,0,0,0,0,0,0,92.119,0,0,0,7.8806,0,0,0,0,0.11111,0.88889,0,0,1,0,0,0,0,1,0,0,0
0,0,0,0,0,100,0,0,0,0,0,0,0,0,0,0,100,0,0,0,0,0,0,0,0,0,0,100,0,0,0,0,0,0,0,0.011628,0.17442,0.81395,0,0,1,0,0,0,0,1,0,0,0
0,0,0,0,0,100,0,0,0,0,0,0,0,0,0,0,100,0,0,0,0,0,0,0,0,0,0,100,0,0,0,0,0,0,0,0.013158,0.026316,0.96053,0,0,1,0,0,0,0,1,0,0,0
0,0,0,0,0,100,0,0,0,0,0,0,0,0,0,0,100,0,0,0,0,0,0,0,0,0,0,100,0,0,0,0,0,0,0,0,0.089888,0.91011,0,0,1,0,0,0,0,1,0,0,0
0,0,0,0,0,100,0,0,0,0,0,0,0,0,0,0,100,0,0,0,0,0,0,0,0,0,0,100,0,0,0,0,0,0,0,0.13889,0.16667,0.69444,0,0,1,0,0,0,0,1,0,0,0
0,0,0,0,0,100,0,0,0,0,0,0,0,0,0,0,100,0,0,0,0,0,0,0,0,0,0,100,0,0,0,0,0,0,0,0,0.050633,0.94937,0,0,1,0,0,0,0,1,0,0,0
0,0,0,0,0,100,0,0,0,0,0,0,0,0,0,0,100,0,0,0,0,0,0,0,0,0,0,100,0,0,0,0,0,0,0,0.084337,0.16867,0.74699,0,0,1,0,0,0,0,1,0,0,0
0,0,0,0,0,100,0,0,0,0,0,0,0,0,0,0,100,0,0,0,0,0,0,0,0,0,0,100,0,0,0,0,0,0,0,0.03125,0.26562,0.70312,0,0,1,0,0,0,0,1,0,0,0
0,0,0,0,0,100,0,0,0,0,0,0,0,0,0,0,100,0,0,0,0,0,0,0,0,0,0,100,0,0,0,0,0,0,0,0.21311,0.18033,0.60656,0,0,1,0,0,0,0,1,0,0,0
2.7802,26.402,0,0,0,69.176,0,0,0,1.6426,0,0,5.0575,0,13.874,0,73.231,0,0,3.6814,4.1563,0,11.094,2.4123,7.8376,7.8376,0,49.315,0,0,21.504,0,0,0.52632,0.44737,0.026316,0,0,0,0,1,0,0,0,0,1,0,0,0
0,0,0,0,0,100,0,0,0,0,0,0,0,0,0,0,100,0,0,0,0,0,0,0,0,0,0,100,0,0,0,0,0,0,0,0,0,1,0,0,1,0,0,0,0,1,0,0,0
0,11.238,0,0,0,88.762,0,0,0,0,0,0,4.3564,0,0,0,88.762,0,2.5248,0,4.3564,0,0,2.5248,8.7129,0,0,84.406,0,0,4.3564,0,0,0,0.4127,0.5873,0,0,0,0,1,0,0,0,0,0.7619,0.2381,0,0
0,16.506,0,0,0,83.494,0,0,0,0,0,0,2.882,0,0,0,94.236,0,0,2.882,0,0,0,10.742,2.882,2.882,0,77.729,0,0,5.7641,0,0,0.034483,0.82759,0.13793,0,0,0,0,1,0,0,0,0,1,0,0,0
0,0,0,0,0,100,0,0,0,0,0,0,0,0,0,0,100,0,0,0,0,0,0,0,0,0,0,100,0,0,0,0,0,0,0.96875,0.03125,0,0,0,0,1,0,0,0,0,1,0,0,0
0,39.297,4.5983,0,0,56.104,0,0,0,0,0,4.5983,0,9.3514,0,0,56.104,4.5983,0,0,14.033,11.315,0,27.983,13.278,2.6352,0,56.104,0,0,0,0,0,0,0.92857,0.071429,0,0,0,0,1,0,0,0,0,0.98214,0.017857,0,0
0,24.246,4.4797,0,0,71.274,0,0,0,0,0,9.5754,0,5.0957,0,0,71.274,4.4797,0,0,5.0957,4.4797,0,14.671,8.9593,5.0957,0,71.274,0,0,0,0,0,0,0.36111,0.63889,0,0,0,0,1,0,0,0,0,0.77778,0.22222,0,0
0,0,7.9919,0,0,76.024,0,0,7.9919,7.9919,0,0,0,0,7.9919,0,84.016,0,0,0,7.9919,0,0,7.9919,0,0,0,76.024,0,0,0,15.984,0,0,0.93023,0.069767,0,0,0,0,1,0,0,0,0,1,0,0,0
0,0,7.7666,0,17.127,51.123,0,0,9.2975,14.686,0,0,8.6743,5.2756,13.606,0,50.041,8.6243,8.5026,2.6628,2.6128,0,0,7.7666,0,0,0,48.632,2.491,25.801,0,11.287,4.0219,0,0.8046,0.1954,0,0,0,0,1,0,0,0,0,1,0,0,0
0,0,0,0,0,100,0,0,0,0,0,0,0,0,0,0,100,0,0,0,0,0,0,0,0,0,0,100,0,0,0,0,0,0,1,0,0,0,0,0,1,0,0,0,0,1,0,0,0
0,0,5.5732,0,7.5967,55.347,0,0,24.44,7.0429,0,9.4335,2.2666,3.0635,7.8398,0,41.705,18.418,5.1561,6.544,5.5732,0,0,5.5732,0,0,0,55.347,0,9.8634,9.4335,19.783,0,0,0.71795,0.28205,0,0,0,0,1,0,0,0,0,1,0,0,0
0,0,8.3231,0,15.2,43.211,0,0,17.12,16.145,0,6.2433,8.3244,2.5689,15.199,0,29.101,18.242,9.4447,8.8122,2.065,0,0,8.3231,0,0,0,39.522,3.6892,23.525,6.2433,18.698,0,0.05,0.95,0,0,0,0,0,1,0,0,0,0,1,0,0,0
0,0,6.3215,0,24.179,46.155,0,0,9.6016,13.743,0,0,5.7718,4.1219,15.373,5.2334,40.953,16.454,5.7718,0,6.3215,0,0,6.3215,0,0,0,37.641,8.5135,29.951,0,14.293,3.28,0,1,0,0,0,0,0,1,0,0,0,0,1,0,0,0
0,0,0,0,0,62.866,0,0,30.726,6.4073,0,21.771,0,0,0,0,51.465,11.401,9.6626,5.7007,0,0,0,0,0,0,0,62.866,0,6.4073,15.363,15.363,0,0,1,0,0,0,0,0,1,0,0,0,0,1,0,0,0
0,0,6.3514,0,0,93.649,0,0,0,0,0,0,0,0,0,0,93.649,6.3514,0,0,0,0,6.3514,0,0,0,0,93.649,0,0,0,0,0,0,0.78571,0.21429,0,0,0,0,1,0,0,0,0,0.92857,0.071429,0,0
0,0,0,0,0,100,0,0,0,0,0,0,0,0,0,0,100,0,0,0,0,0,0,0,0,0,0,100,0,0,0,0,0,0,0.91667,0.083333,0,0,0,0,1,0,0,0,0,1,0,0,0
0,0,0,0,0,100,0,0,0,0,0,0,0,0,0,0,100,0,0,0,0,0,0,0,0,0,0,100,0,0,0,0,0,0,1,0,0,0,0,0,1,0,0,0,0,1,0,0,0
0,0,0,0,0,100,0,0,0,0,0,0,0,0,0,0,100,0,0,0,0,0,0,0,0,0,0,100,0,0,0,0,0,0,0.88679,0.11321,0,0,0,0,1,0,0,0,0,1,0,0,0
0,0,0,0,0,91.801,0,0,8.1992,0,0,0,0,0,0,0,91.801,0,0,0,8.1992,0,0,0,0,0,0,91.801,0,0,0,8.1992,0,0,0.19753,0.061728,0.23457,0.50617,0,0,1,0,0,0,0,1,0,0,0
0,0,0,0,0,100,0,0,0,0,0,0,0,0,0,0,100,0,0,0,0,0,0,0,0,0,0,100,0,0,0,0,0,0,0,0,0.089744,0.91026,0,0,1,0,0,0,0,1,0,0,0
0,0,0,0,0,100,0,0,0,0,0,0,0,0,0,0,100,0,0,0,0,0,0,0,0,0,0,81.921,18.079,0,0,0,0,0,0.17742,0.17742,0.19355,0.45161,0,0,1,0,0,0,0,1,0,0,0
0,0,0,0,0,100,0,0,0,0,0,0,0,0,0,0,100,0,0,0,0,0,0,0,0,0,0,88.866,11.134,0,0,0,0,0,0,0,0.10938,0.89062,0,0,1,0,0,0,0,1,0,0,0
0,0,3.5456,0,0,84.331,0,0,8.5777,3.5456,0,2.5161,3.5456,3.5456,0,0,84.331,0,2.5161,3.5456,0,0,0,3.5456,0,0,0,84.331,0,3.5456,2.5161,6.0617,0,0,0.94366,0.056338,0,0,0,0,1,0,0,0,0,1,0,0,0
0,0,2.1045,0,0,55.844,0,0,22.82,19.231,0,20.778,2.1045,2.1045,0,0,35.129,20.715,13.413,5.7557,0,0,0,2.1045,0,0,0,55.844,0,19.231,3.6511,19.169,0,0,0.7963,0.2037,0,0,0,0,1,0,0,0,0,0.98148,0.018519,0,0
0,0,0,0,0,63.879,0,0,23.38,12.741,0,18.061,0,0,0,0,51.138,12.741,18.061,0,0,0,0,0,0,0,0,63.879,0,12.741,5.3198,18.061,0,0,0.91837,0.081633,0,0,0,0,1,0,0,0,0,0.93878,0.061224,0,0
0,0,0,0,0,100,0,0,0,0,0,0,0,0,0,0,100,0,0,0,0,0,0,0,0,0,0,72.405,27.595,0,0,0,0,0,0,0.050847,0.11864,0.83051,0,0,1,0,0,0,0,1,0,0,0
0,0,0,0,0,100,0,0,0,0,0,0,0,0,0,0,100,0,0,0,0,0,0,0,0,0,0,100,0,0,0,0,0,0,0,0,0.28,0.72,0,0,1,0,0,0,0,1,0,0,0
0,0,0,0,0,100,0,0,0,0,0,0,0,0,0,0,100,0,0,0,0,0,0,0,0,0,0,100,0,0,0,0,0,0,0,0.013699,0.31507,0.67123,0,0,1,0,0,0,0,1,0,0,0
0,0,0,0,0,100,0,0,0,0,0,0,0,0,0,0,100,0,0,0,0,0,0,0,0,0,0,100,0,0,0,0,0,0,0,0.015152,0.27273,0.71212,0,0,1,0,0,0,0,1,0,0,0
0,0,0,0,0,100,0,0,0,0,0,0,0,0,0,0,100,0,0,0,0,0,0,0,0,0,0,100,0,0,0,0,0,0,0,0.074074,0.2037,0.72222,0,0,1,0,0,0,0,1,0,0,0
0,0,0,7.9197,0,92.08,0,0,0,0,0,0,0,0,0,0,92.08,0,0,7.9197,0,0,0,0,0,0,0,92.08,0,0,0,7.9197,0,0,0,0,0.28571,0.71429,0,0,1,0,0,0,0,1,0,0,0
0,0,0,0,0,100,0,0,0,0,0,0,0,0,0,0,100,0,0,0,0,0,0,0,0,0,0,100,0,0,0,0,0,0,0,0.017857,0.17857,0.80357,0,0,1,0,0,0,0,1,0,0,0
0,0,0,21.53,0,73.586,0,0,0,0,4.8843,7.8407,4.8843,0,0,15.073,50.672,12.725,0,0,0,8.8047,13.689,0,7.8407,0,8.8047,48.611,21.055,0,0,0,0,0,0,0,0.4875,0.5125,0,0,1,0,0,0,0,1,0,0,0
0,0,0,0,0,100,0,0,0,0,0,0,0,0,0,0,100,0,0,0,0,0,0,0,0,0,0,100,0,0,0,0,0,0,0,0.017241,0.34483,0.63793,0,0,1,0,0,0,0,1,0,0,0
0,0,0,0,0,100,0,0,0,0,0,0,0,0,0,0,100,0,0,0,0,0,0,0,0,0,0,100,0,0,0,0,0,0,0,0,0.019608,0.98039,0,0,1,0,0,0,0,1,0,0,0
0,0,0,0,0,100,0,0,0,0,0,0,0,0,0,0,100,0,0,0,0,0,0,0,0,0,0,100,0,0,0,0,0,0,0.03125,0.0625,0.03125,0.875,0,0,1,0,0,0,0,1,0,0,0
0,0,0,3.5301,0,81.715,0,14.755,0,0,0,0,3.5301,0,11.224,3.5301,66.644,0,3.8472,3.8472,0,7.3773,0,10.907,3.8472,3.8472,7.3773,66.961,3.5301,0,0,3.5301,0,0,1,0,0,0,0,0,1,0,0,0,0,1,0,0,0
0,0,0,0,0,76.736,0,0,13.233,10.031,0,16.648,0,0,0,0,76.736,0,6.6167,0,0,0,0,0,0,0,0,76.736,0,10.031,6.6167,6.6167,0,0,0.7963,0.2037,0,0,0,0,1,0,0,0,0,1,0,0,0
0,0,0,0,0,77.233,22.767,0,0,0,0,0,0,0,0,29.502,40.995,12.482,17.021,0,0,0,0,0,0,0,22.767,52.269,24.964,0,0,0,0,0.10204,0.7551,0.14286,0,0,0,0,1,0,0,0,0,1,0,0,0
0,54.884,0,0,0,45.116,0,0,0,0,0,9.7689,0,22.558,0,0,45.116,0,0,0,9.7689,12.789,0,32.327,12.789,9.7689,0,45.116,0,0,0,0,0,0.73529,0.26471,0,0,0,0,0,1,0,0,0,0,1,0,0,0
0,0,1.9821,13.299,25.369,39.718,0,0,8.3334,6.6403,4.6582,6.6496,12.612,0,3.0561,0,56.298,5.0382,7.7143,0,0,8.6317,10.004,1.9821,3.2951,0,0,26.965,17.411,20.711,5.2772,14.355,0,0,1,0,0,0,0,0,1,0,0,0,0,1,0,0,1
0,41.831,11.392,0,0,46.777,0,0,0,0,0,13.493,0,8.4732,0,0,46.777,11.392,0,0,2.1012,17.764,4.3449,17.621,24.811,6.4461,0,46.777,0,0,0,0,0,0.71875,0.125,0.15625,0,0,0,0,1,0,0,0,0,0.9375,0.0625,0,0
0,0,0,0,0,100,0,0,0,0,0,0,0,0,0,0,100,0,0,0,0,0,0,0,0,0,0,74.61,25.39,0,0,0,0,0,0.61538,0.038462,0.30769,0.038462,0,0,1,0,0,0,0,1,0,0,0
0,0,0,0,0,100,0,0,0,0,0,0,0,0,0,0,100,0,0,0,0,0,0,0,0,0,0,100,0,0,0,0,0,0,0,0,0,1,0,0,1,0,0,0,0,1,0,0,0
0,0,0,0,0,100,0,0,0,0,0,0,0,0,0,0,100,0,0,0,0,0,0,0,0,0,0,100,0,0,0,0,0,0,0,0,0.02,0.98,0,0,1,0,0,0,0,1,0,0,0
0,0,23.126,2.436,16.865,39.611,0,0,10.029,6.9799,0.95299,6.6358,3.1259,5.1196,6.1205,7.2243,26.214,7.4241,4.0313,0,11.152,22.952,11.2,20.668,3.6766,1.6624,4.2982,14.868,6.2039,13.275,10.598,6.1253,7.4241,0.82222,0.17778,0,0,0,0,0,1,0,0,0,0,1,0,0,0
0,0,16.53,0,0,54.346,0,0,29.123,0,0,14.562,0,9.5091,0,8.0396,46.307,0,0,7.021,14.562,0,0,10.008,6.5221,0,12.074,42.273,0,9.5091,5.0526,8.0396,6.5221,0.018868,0.98113,0,0,0,0,0,1,0,0,0,0,1,0,0,0
0,0,0,0,14.304,85.696,0,0,0,0,0,0,0,9.6055,0,7.8183,55.124,21.986,0,5.467,0,0,0,0,0,0,10.802,63.96,16.401,0,8.8365,0,0,0,1,0,0,0,0,0,1,0,0,0,0,1,0,0,0
0,0,11.037,0,16.556,72.407,0,0,0,0,0,5.5185,5.5185,0,0,14.802,46.568,11.037,0,0,5.5185,11.037,11.037,5.5185,0,0,5.5185,55.852,0,5.5185,5.5185,0,11.037,1,0,0,0,0,0,0,1,0,0,0,0,1,0,0,0
0,0,0,0,0,100,0,0,0,0,0,0,0,0,0,0,100,0,0,0,0,0,0,0,0,0,0,100,0,0,0,0,0,0,0,0,0.019608,0.98039,0,0,1,0,0,0,0,1,0,0,0
0,0,0,0,0,100,0,0,0,0,0,0,0,0,0,0,100,0,0,0,0,0,0,0,0,0,0,100,0,0,0,0,0,0,0,0,0,1,0,0,1,0,0,0,0,1,0,0,0
0,0,0,0,0,100,0,0,0,0,0,0,0,0,0,0,100,0,0,0,0,0,0,0,0,0,0,100,0,0,0,0,0,0,0,0,0,1,0,0,1,0,0,0,0,1,0,0,0
0,0,9.8949,0,0,90.105,0,0,0,0,0,0,0,4.9474,0,4.9474,90.105,0,0,0,0,0,9.8949,0,0,0,0,90.105,0,0,0,0,0,0,1,0,0,0,0,0,1,0,0,0,0,1,0,0,0
0,0,2.7169,30.848,6.2045,48.297,0,0,1.031,3.2903,7.6125,10.637,9.8718,0,1.6859,6.4851,44.524,8.648,2.2593,0,0,15.889,28.584,2.7169,2.2638,0,6.4851,30.351,19.074,2.2593,1.031,7.2355,0,0,1,0,0,0,0,0,1,0,0,0,0,1,0,0,0
0,0,20.754,0,0,64.113,0,0,15.133,0,0,0,5.0444,5.0444,5.0444,0,50.751,13.362,5.0444,0,5.0444,10.665,5.0444,10.089,0,0,0,45.707,18.406,0,5.0444,10.665,5.0444,0.84444,0.15556,0,0,0,0,0,1,0,0,0,0,1,0,0,0
0,0,13.477,0,0,80.886,0,0,5.6372,0,0,0,1.8791,1.8791,1.8791,0,84.629,4.0962,1.8791,0,1.8791,1.8791,1.8791,3.7581,0,0,0,60.185,20.701,0,1.8791,1.8791,9.7188,0.88889,0.11111,0,0,0,0,0,1,0,0,0,0,1,0,0,0
0,0,0,0,0,100,0,0,0,0,0,0,0,0,0,0,100,0,0,0,0,0,0,0,0,0,0,100,0,0,0,0,0,0,0,0,0.28261,0.71739,0,0,1,0,0,0,0,1,0,0,0
0,0,0,0,0,100,0,0,0,0,0,0,0,0,0,0,100,0,0,0,0,0,0,0,0,0,0,100,0,0,0,0,0,0,0,0.13333,0.24444,0.62222,0,0,1,0,0,0,0,1,0,0,0
0,0,2.2369,2.2369,8.1927,38.06,0,0,15.688,7.4379,26.148,13.451,0,14.933,2.2369,2.2369,26.148,13.451,13.394,0,9.6748,4.4737,0,4.4737,2.2369,0,2.2369,26.148,2.2369,37.305,17.17,5.9558,2.2369,0.2381,0.7619,0,0,0,0,0,1,0,0,0,0,1,0,0,0
0,0,0,0,0,100,0,0,0,0,0,0,0,0,0,0,100,0,0,0,0,0,0,0,0,0,0,100,0,0,0,0,0,0,1,0,0,0,0,0,1,0,0,0,0,1,0,0,0
0,0,0,0,0,100,0,0,0,0,0,0,0,0,0,0,100,0,0,0,0,0,0,0,0,0,0,100,0,0,0,0,0,0,1,0,0,0,0,0,1,0,0,0,0,1,0,0,0
0,0,0,0,0,100,0,0,0,0,0,0,0,0,0,0,100,0,0,0,0,0,0,0,0,0,0,100,0,0,0,0,0,0,1,0,0,0,0,0,1,0,0,0,0,1,0,0,0
0,0,0,0,0,100,0,0,0,0,0,0,0,0,0,0,100,0,0,0,0,0,0,0,0,0,0,100,0,0,0,0,0,0,1,0,0,0,0,0,1,0,0,0,0,1,0,0,0
0,0,0,0,0,83.674,0,0,16.326,0,0,0,8.163,0,0,0,83.674,0,0,0,0,8.163,0,0,0,0,0,83.674,0,0,0,16.326,0,1,0,0,0,0,0,0,1,0,0,0,0,1,0,0,0
0,0,0,0,0,100,0,0,0,0,0,0,0,0,0,0,100,0,0,0,0,0,0,0,0,0,0,100,0,0,0,0,0,0,0,0.19512,0.36585,0.43902,0,0,1,0,0,0,0,1,0,0,0
0,0,0,0,0,100,0,0,0,0,0,0,0,0,0,0,100,0,0,0,0,0,0,0,0,0,0,100,0,0,0,0,0,0,0,0.017241,0.2069,0.77586,0,0,1,0,0,0,0,1,0,0,0
0,0,0,0,0,100,0,0,0,0,0,0,0,0,0,0,100,0,0,0,0,0,0,0,0,0,0,100,0,0,0,0,0,0,0,0.0625,0.16667,0.77083,0,0,1,0,0,0,0,1,0,0,0
0,0,0,0,0,86.018,0,0,13.982,0,0,3.9904,3.0004,0,0,0,86.018,0,3.9904,0,0,3.0004,0,0,0,0,0,86.018,0,0,0,13.982,0,1,0,0,0,0,0,0,1,0,0,0,0,1,0,0,0
0,0,0,0,0,100,0,0,0,0,0,0,0,0,0,0,100,0,0,0,0,0,0,0,0,0,0,100,0,0,0,0,0,0,0,0,0.2963,0.7037,0,0,1,0,0,0,0,1,0,0,0
0,0,0,0,0,74.582,0,0,25.418,0,0,12.709,0,0,0,0,74.582,0,6.6793,0,0,6.0299,0,0,0,0,0,74.582,0,0,0,25.418,0,0,0,0.068182,0.34091,0.59091,0,0,1,0,0,0,0,1,0,0,0
0,0,0,0,0,100,0,0,0,0,0,0,0,0,0,0,100,0,0,0,0,0,0,0,0,0,0,100,0,0,0,0,0,0,0,0.17647,0.14706,0.67647,0,0,1,0,0,0,0,1,0,0,0
0,0,0,0,0,100,0,0,0,0,0,0,0,0,0,0,100,0,0,0,0,0,0,0,0,0,0,100,0,0,0,0,0,0,0,0.058824,0.098039,0.84314,0,0,1,0,0,0,0,1,0,0,0
0,0,0,0,0,100,0,0,0,0,0,0,0,0,0,0,100,0,0,0,0,0,0,0,0,0,0,100,0,0,0,0,0,0,0,0,0.36364,0.63636,0,0,1,0,0,0,0,1,0,0,0
0,0,0,0,0,100,0,0,0,0,0,0,0,0,0,0,100,0,0,0,0,0,0,0,0,0,0,100,0,0,0,0,0,0,1,0,0,0,0,0,1,0,0,0,0,1,0,0,0
0,0,0,0,0,100,0,0,0,0,0,0,0,0,0,0,100,0,0,0,0,0,0,0,0,0,0,100,0,0,0,0,0,0,0,0,0.2,0.8,0,0,1,0,0,0,0,1,0,0,0
0,0,0,0,0,100,0,0,0,0,0,0,0,0,0,0,100,0,0,0,0,0,0,0,0,0,0,100,0,0,0,0,0,0,0,0.014706,0.25,0.73529,0,0,1,0,0,0,0,1,0,0,0
0,0,5.0228,0,0,85.926,9.0511,0,0,0,0,5.0228,0,5.0228,0,0,80.903,0,0,0,9.0511,0,0,0,5.0228,0,0,68.009,17.917,0,9.0511,0,0,0.037037,0.96296,0,0,0,0,0,1,0,0,0,0,1,0,0,0
0,0,0,0,0,100,0,0,0,0,0,0,0,0,0,0,100,0,0,0,0,0,0,0,0,0,0,100,0,0,0,0,0,0,0,0,0.30159,0.69841,0,0,1,0,0,0,0,1,0,0,0
0,0,16.745,0,12.394,50.713,0,0,13.81,6.3383,0,0,1.8111,7.2953,21.844,0,42.846,9.4591,4.9224,1.8111,10.011,0,0,16.745,0,0,0,43.803,6.9098,14.205,0,16.35,1.9874,0,0.97727,0.022727,0,0,0,0,1,0,0,0,0,1,0,0,0
0,0,10.053,0,5.3501,47.024,0,0,25.064,12.51,0,11.409,4.7024,10.053,5.3501,0,33.866,13.157,11.409,4.7024,5.3501,0,0,10.053,0,0,0,47.024,0,17.86,3.6022,21.462,0,0.042553,0.89362,0.06383,0,0,0,0,1,0,0,0,0,1,0,0,0
0,0,0,0,0,100,0,0,0,0,0,0,0,0,0,0,100,0,0,0,0,0,0,0,0,0,0,100,0,0,0,0,0,0,0,0.042553,0.29787,0.65957,0,0,1,0,0,0,0,1,0,0,0
0,4.3725,0,12.398,2.0567,40.354,20.55,11.014,3.358,5.8975,0,2.0567,1.679,8.6008,6.0515,21.924,28.672,0,12.327,4.2284,7.0383,7.4225,0,17.702,14.652,5.1067,4.3725,26.394,9.5877,5.3593,13.467,3.358,0,0,0,0,0,1,1,0,0,0,0,0,0,0,0,1,1
0,0,1.9848,31.386,11.668,42.302,0,0,9.6827,0,2.977,13.727,12.66,0,1.9848,4.9991,44.926,7.0212,0,0,0,14.682,17.659,1.9848,13.727,0,4.9991,30.319,9.9609,9.6827,9.6827,1.9848,0,0,1,0,0,0,0,0,1,0,0,0,0,1,0,0,1
0,0,0,0,60.906,39.094,0,0,0,0,0,0,30.453,0,8.6413,0,21.812,0,8.6413,21.812,8.6413,0,0,0,0,0,0,39.094,0,21.812,39.094,0,0,0,0.54839,0.096774,0.096774,0.25806,0,0,1,0,0,0,0,1,0,0,0
0,0,0,0,0,59.713,25.222,15.065,0,0,0,0,0,4.9336,13.6,15.252,44.461,9.9694,8.1534,0,3.6306,0,0,15.065,0,2.8705,22.351,59.713,0,0,0,0,0,0,0.21154,0.78846,0,0,0,0,1,0,0,0,0,1,0,0,0
0,0,0,0,0,91.753,0,0,8.2469,0,0,0,0,0,0,0,100,0,0,0,0,0,0,0,0,0,0,91.753,0,0,0,0,8.2469,0.91429,0.028571,0.057143,0,0,0,0,1,0,0,0,0,1,0,0,0
28.585,7.9487,5.3248,0,0,47.924,0,0,10.218,0,0,5.3248,0,2.6624,5.8151,11.101,52.326,0,14.293,5.8151,2.6624,0,0,7.9487,14.293,14.293,2.6624,39.975,0,2.6624,7.9487,2.6624,7.5551,0,0.86585,0.13415,0,0,0,0,1,0,0,0,0,1,0,0,0
2.1519,21.411,0,0,0,74.286,0,0,0,2.1519,0,0,7.7385,0,0,8.0854,74.286,2.1519,2.1519,0,5.5866,0,0,10.237,11.173,2.1519,0,62.766,0,0,13.672,0,0,0,0.85526,0.14474,0,0,0,0,1,0,0,0,0,0.97368,0.026316,0,0
0,0,0,0,0,100,0,0,0,0,0,0,0,0,0,0,100,0,0,0,0,0,0,0,0,0,0,100,0,0,0,0,0,0.020408,0.97959,0,0,0,0,0,1,0,0,0,0,1,0,0,0
0,0,2.3462,0,28.68,46.548,0,0,14.695,3.8656,3.8656,0,7.7312,0,2.3462,0,71.362,14.695,3.8656,0,0,0,0,2.3462,0,0,0,25.641,24.772,22.468,0,24.772,0,0,0.93939,0,0.030303,0.030303,0,0,1,0,0,0,0,1,0,0,0
0,0,0,0,0,100,0,0,0,0,0,0,0,0,0,0,100,0,0,0,0,0,0,0,0,0,0,100,0,0,0,0,0,0.61111,0.11111,0.11111,0.16667,0,0,0,1,0,0,0,0,1,0,0,1
0,0,8.3355,0,0,88.253,0,0,3.4114,0,0,1.7057,0,0,0,0,88.253,0,0,10.041,0,0,0,8.3355,0,0,8.3355,79.918,0,0,1.7057,1.7057,0,0,1,0,0,0,0,0,1,0,0,0,0,1,0,0,0
66.667,0,0,0,0,33.333,0,0,0,0,0,66.667,0,0,0,0,33.333,0,0,0,0,0,0,0,0,0,0,33.333,66.667,0,0,0,0,1,0,0,0,0,0,0,1,0,0,0,0,1,0,0,0
66.667,0,0,0,0,33.333,0,0,0,0,0,66.667,0,0,0,0,33.333,0,0,0,0,0,0,0,0,0,0,33.333,66.667,0,0,0,0,1,0,0,0,0,0,0,1,0,0,0,0,1,0,0,0
0,0,0,0,0,91.164,0,0,8.8365,0,0,0,0,8.8365,0,8.8365,73.491,8.8365,0,0,0,0,0,0,0,0,17.673,73.491,0,0,0,0,8.8365,0.34783,0.65217,0,0,0,0,0,1,0,0,0,0,1,0,0,0
0,0,0,0,53.868,46.132,0,0,0,0,0,0,0,24.212,0,11.09,35.042,5.4437,0,24.212,0,0,0,0,0,0,0,36.784,27.914,0,35.302,0,0,0,1,0,0,0,0,0,1,0,0,0,0,1,0,0,0
0,33.937,12.334,0,0,53.728,0,0,0,0,0,9.8488,10.355,0,0,0,53.728,12.334,0,0,0,13.733,2.4855,20.204,11.198,12.384,0,53.728,0,0,0,0,0,0.72222,0.27778,0,0,0,0,0,1,0,0,0,0,1,0,0,0
3.0152,23.851,0,0,0,70.118,0,0,0,3.0152,0,0,7.403,0,3.0152,0,76.148,0,0,10.418,3.0152,0,3.0152,3.0152,10.418,10.418,0,55.312,0,0,17.821,0,0,0,0.61111,0.38889,0,0,0,0,1,0,0,0,0,0.97222,0.027778,0,0
0,3.7499,0,0,0,96.25,0,0,0,0,0,0,0,0,0,0,96.25,0,3.7499,0,0,0,0,3.7499,0,0,0,96.25,0,0,0,0,0,0,0.74419,0.25581,0,0,0,0,1,0,0,0,0,0.95349,0.046512,0,0
0,0,0,0,0,76.01,0,0,23.99,0,0,0,11.995,0,0,0,76.01,0,0,0,0,11.995,0,0,0,0,0,76.01,0,0,11.995,11.995,0,1,0,0,0,0,0,0,1,0,0,0,0,1,0,0,0
0,0,0,0,0,100,0,0,0,0,0,0,0,0,0,0,100,0,0,0,0,0,0,0,0,0,0,100,0,0,0,0,0,0,0,0.3,0.43333,0.26667,0,0,1,0,0,0,0,1,0,0,0
0,0,0,0,0,81.549,0,0,18.451,0,0,0,9.2256,0,0,0,81.549,0,0,0,0,9.2256,0,0,0,0,0,81.549,0,0,0,13.614,4.8368,1,0,0,0,0,0,0,1,0,0,0,0,1,0,0,0
0,0,0,0,0,100,0,0,0,0,0,0,0,0,0,0,100,0,0,0,0,0,0,0,0,0,0,100,0,0,0,0,0,0,0,0,0.19565,0.80435,0,0,1,0,0,0,0,1,0,0,0
0,34.469,0,4.8199,0,51.072,9.6397,0,0,0,0,0,10.272,0,11.783,0,51.072,4.8199,0,0,4.8199,17.234,0,17.234,17.234,0,0,51.072,0,0,9.6397,4.8199,0,0.66667,0.27273,0.060606,0,0,0,0,1,0,0,0,0,1,0,0,0
0,0,0,0,0,100,0,0,0,0,0,0,0,0,0,0,100,0,0,0,0,0,0,0,0,0,0,100,0,0,0,0,0,0,0,0.1,0.4,0.5,0,0,1,0,0,0,0,1,0,0,0
