h1,h2,h3,h4,h5,h6,h7,h8,h9,h10,h11,h12,h13,h14,h15,h16,h17,h18,h19,h20,h21,h22,h23,h24,h25,h26,h27,h28,h29,h30,h31,h32,h33,h34,h35,h36,h37,h38,h39,h40,h41,h42,h43,h44,h45,h46,h47,h48,label
0,0,0,0,0,100,0,0,0,0,0,0,0,0,0,0,100,0,0,0,0,0,0,0,0,0,0,100,0,0,0,0,0,0,0,0,0,1,0,0,1,0,0,0,0,1,0,0,0
0,0,0,0,0,100,0,0,0,0,0,0,0,0,0,0,100,0,0,0,0,0,0,0,0,0,0,100,0,0,0,0,0,0,0,0,0,1,0,0,1,0,0,0,0,1,0,0,0
0,0,0,0,0,100,0,0,0,0,0,0,0,0,0,0,100,0,0,0,0,0,0,0,0,0,0,100,0,0,0,0,0,0,0,0,0,1,0,0,1,0,0,0,0,1,0,0,0
0,0,0,0,0,100,0,0,0,0,0,0,0,0,0,0,100,0,0,0,0,0,0,0,0,0,0,100,0,0,0,0,0,0.011905,0,0.047619,0.035714,0.90476,0,0,1,0,0,0,0,1,0,0,0
0,0,0,0,0,100,0,0,0,0,0,0,0,0,0,0,100,0,0,0,0,0,0,0,0,0,0,100,0,0,0,0,0,0,0,0,0.021978,0.97802,0,0,1,0,0,0,0,1,0,0,0
0,0,0,0,0,100,0,0,0,0,0,0,0,0,0,0,100,0,0,0,0,0,0,0,0,0,0,100,0,0,0,0,0,0,0,0,0,1,0,0,1,0,0,0,0,1,0,0,0
0,0,0,0,0,100,0,0,0,0,0,0,0,0,0,0,100,0,0,0,0,0,0,0,0,0,0,100,0,0,0,0,0,0,0,0,0,1,0,0,1,0,0,0,0,1,0,0,0
0,0,0,0,0,100,0,0,0,0,0,0,0,0,0,0,100,0,0,0,0,0,0,0,0,0,0,100,0,0,0,0,0,0,0,0,0,1,0,0,1,0,0,0,0,1,0,0,0
0,0,0,0,0,100,0,0,0,0,0,0,0,0,0,0,100,0,0,0,0,0,0,0,0,0,0,100,0,0,0,0,0,0.028169,0.25352,0.098592,0.070423,0.5493,0,0,1,0,0,0,0,1,0,0,0
0,0,0,0,0,100,0,0,0,0,0,0,0,0,0,0,100,0,0,0,0,0,0,0,0,0,0,100,0,0,0,0,0,0,0,0,0,1,0,0,1,0,0,0,0,1,0,0,0
0,0,0,0,0,100,0,0,0,0,0,0,0,0,0,0,100,0,0,0,0,0,0,0,0,0,0,100,0,0,0,0,0,0,0,0,0,1,0,0,1,0,0,0,0,1,0,0,0
0,0,0,0,0,100,0,0,0,0,0,0,0,0,0,0,100,0,0,0,0,0,0,0,0,0,0,100,0,0,0,0,0,0,0,0,0,1,0,0,1,0,0,0,0,1,0,0,0
0,0,0,0,0,100,0,0,0,0,0,0,0,0,0,0,100,0,0,0,0,0,0,0,0,0,0,100,0,0,0,0,0,0,0,0,0,1,0,0,1,0,0,0,0,1,0,0,0
0,0,0,0,7.2757,92.724,0,0,0,0,0,0,0,0,0,10.119,82.606,7.2757,0,0,0,0,0,0,0,0,0,82.606,17.394,0,0,0,0,0,0,0.034483,0.051724,0.91379,0,0,1,0,0,0,0,1,0,0,0
0,0,0,0,32.139,67.861,0,0,0,0,0,0,0,0,0,25.42,42.441,32.139,0,0,0,0,0,0,0,0,0,42.441,57.559,0,0,0,0,0,0.045455,0.15909,0.11364,0.68182,0,0,1,0,0,0,0,1,0,0,0
0,0,0,0,0,100,0,0,0,0,0,0,0,0,0,0,100,0,0,0,0,0,0,0,0,0,0,100,0,0,0,0,0,0,0,0,0,1,0,0,1,0,0,0,0,1,0,0,0
0,0,0,0,0,100,0,0,0,0,0,0,0,0,0,0,100,0,0,0,0,0,0,0,0,0,0,100,0,0,0,0,0,0,0,0,0,1,0,0,1,0,0,0,0,1,0,0,0
0,0,0,0,0,100,0,0,0,0,0,0,0,0,0,0,100,0,0,0,0,0,0,0,0,0,0,100,0,0,0,0,0,0,0,0,0,1,0,0,1,0,0,0,0,1,0,0,0
0,0,0,0,0,100,0,0,0,0,0,0,0,0,0,0,100,0,0,0,0,0,0,0,0,0,0,100,0,0,0,0,0,0,0,0,0,1,0,0,1,0,0,0,0,1,0,0,0
0,0,0,0,0,100,0,0,0,0,0,0,0,0,0,0,100,0,0,0,0,0,0,0,0,0,0,100,0,0,0,0,0,0,0,0,0.084337,0.91566,0,0,1,0,0,0,0,1,0,0,0
0,0,0,0,0,100,0,0,0,0,0,0,0,0,0,0,100,0,0,0,0,0,0,0,0,0,0,100,0,0,0,0,0,0,0,0,0,1,0,0,1,0,0,0,0,1,0,0,0
0,0,0,0,0,100,0,0,0,0,0,0,0,0,0,0,100,0,0,0,0,0,0,0,0,0,0,100,0,0,0,0,0,0,0,0,0.067416,0.93258,0,0,1,0,0,0,0,1,0,0,0
0,0,0,0,0,100,0,0,0,0,0,0,0,0,0,0,100,0,0,0,0,0,0,0,0,0,0,100,0,0,0,0,0,0,0,0,0,1,0,0,1,0,0,0,0,1,0,0,0
0,0,0,0,0,100,0,0,0,0,0,0,0,0,0,0,100,0,0,0,0,0,0,0,0,0,0,100,0,0,0,0,0,0,0,0,0,1,0,0,1,0,0,0,0,1,0,0,0
0,0,0,0,0,100,0,0,0,0,0,0,0,0,0,0,100,0,0,0,0,0,0,0,0,0,0,100,0,0,0,0,0,0,0,0,0,1,0,0,1,0,0,0,0,1,0,0,0
0,0,0,0,0,100,0,0,0,0,0,0,0,0,0,0,100,0,0,0,0,0,0,0,0,0,0,100,0,0,0,0,0,0,0,0,0,1,0,0,1,0,0,0,0,1,0,0,0
0,0,0,0,0,0,0,0,0,0,0,0,0,0,0,0,0,0,0,0,0,0,0,0,0,0,0,0,0,0,0,0,0,0,0,0,0,1,0,0,1,0,0,0,0,1,0,0,0
0,0,0,0,0,100,0,0,0,0,0,0,0,0,0,0,100,0,0,0,0,0,0,0,0,0,0,100,0,0,0,0,0,0,0,0,0.042105,0.95789,0,0,1,0,0,0,0,1,0,0,0
0,0,0,0,0,100,0,0,0,0,0,0,0,0,0,0,100,0,0,0,0,0,0,0,0,0,0,100,0,0,0,0,0,0,0,0,0,1,0,0,1,0,0,0,0,1,0,0,0
0,0,0,0,0,100,0,0,0,0,0,0,0,0,0,0,100,0,0,0,0,0,0,0,0,0,0,100,0,0,0,0,0,0,0,0,0.061224,0.93878,0,0,1,0,0,0,0,1,0,0,0
0,0,0,0,0,100,0,0,0,0,0,0,0,0,0,0,100,0,0,0,0,0,0,0,0,0,0,100,0,0,0,0,0,0,0,0,0,1,0,0,1,0,0,0,0,1,0,0,0
0,0,0,0,0,100,0,0,0,0,0,0,0,0,0,0,100,0,0,0,0,0,0,0,0,0,0,100,0,0,0,0,0,0,0,0,0,1,0,0,1,0,0,0,0,1,0,0,0
0,0,0,0,17.573,82.427,0,0,0,0,0,0,0,0,0,21.355,67.096,11.549,0,0,0,0,0,0,0,0,0,61.072,38.928,0,0,0,0,0,0,0,0,1,0,0,1,0,0,0,0,1,0,0,0
0,0,0,0,0,100,0,0,0,0,0,0,0,0,0,0,100,0,0,0,0,0,0,0,0,0,0,100,0,0,0,0,0,0,0,0,0,1,0,0,1,0,0,0,0,1,0,0,0
0,0,0,0,20.503,79.497,0,0,0,0,0,0,0,0,0,0,73.464,26.536,0,0,0,0,0,0,0,0,0,79.497,20.503,0,0,0,0,0,0,0,0,1,0,0,1,0,0,0,0,1,0,0,0
0,0,0,0,7.3327,92.667,0,0,0,0,0,0,0,0,0,23.556,69.111,7.3327,0,0,0,0,0,0,0,0,0,69.111,30.889,0,0,0,0,0,0.92683,0,0,0.073171,0,0,1,0,0,0,0,1,0,0,0
0,0,0,0,11.873,88.127,0,0,0,0,0,0,0,0,0,0,86.873,13.127,0,0,0,0,0,0,0,0,0,88.127,11.873,0,0,0,0,0,1,0,0,0,0,0,1,0,0,0,0,1,0,0,0
0,0,0,0,0,100,0,0,0,0,0,0,0,0,0,0,100,0,0,0,0,0,0,0,0,0,0,100,0,0,0,0,0,0,0,0,0,1,0,0,1,0,0,0,0,1,0,0,0
0,0,0,0,5.5974,94.403,0,0,0,0,0,0,0,0,0,0,93.058,6.9417,0,0,0,0,0,0,0,0,0,94.403,5.5974,0,0,0,0,0,0,0,0,1,0,0,1,0,0,0,0,1,0,0,0
0,0,0,0,0,100,0,0,0,0,0,0,0,0,0,0,100,0,0,0,0,0,0,0,0,0,0,100,0,0,0,0,0,0,0,0,0,1,0,0,1,0,0,0,0,1,0,0,0
0,0,0,0,0,100,0,0,0,0,0,0,0,0,0,0,100,0,0,0,0,0,0,0,0,0,0,100,0,0,0,0,0,0,0,0,0,1,0,0,1,0,0,0,0,1,0,0,0
0,0,0,0,19.572,80.428,0,0,0,0,0,0,0,0,0,0,85.987,14.013,0,0,0,0,0,0,0,0,0,80.428,19.572,0,0,0,0,0,0.38462,0.15385,0.025641,0.4359,0,0,1,0,0,0,0,1,0,0,0
0,0,0,0,0,100,0,0,0,0,0,0,0,0,0,0,92.499,7.5008,0,0,0,0,0,0,0,0,0,100,0,0,0,0,0,0,0.29268,0.02439,0.04878,0.63415,0,0,1,0,0,0,0,1,0,0,0
0,0,0,0,0,100,0,0,0,0,0,0,0,0,0,0,100,0,0,0,0,0,0,0,0,0,7.3847,92.615,0,0,0,0,0,0,0,0.020408,0.040816,0.93878,0,0,1,0,0,0,0,1,0,0,0
0,0,0,0,0,100,0,0,0,0,0,0,0,0,0,0,100,0,0,0,0,0,0,0,0,0,3.4387,88.118,8.4435,0,0,0,0,0,1,0,0,0,0,0,1,0,0,0,0,1,0,0,0
0,0,0,0,0,100,0,0,0,0,0,0,0,0,0,0,92.984,7.0155,0,0,0,0,0,0,0,0,0,78.359,21.641,0,0,0,0,0,0.59375,0.03125,0.28125,0.09375,0,0,1,0,0,0,0,1,0,0,0
0,0,0,0,0,88.757,0,0,11.243,0,0,0,0,0,0,0,84.365,15.635,0,0,0,0,0,0,0,0,11.243,68.731,8.7834,0,0,0,11.243,0,0.70909,0,0,0.29091,0,0,1,0,0,0,0,1,0,0,0
0,0,0,0,0,100,0,0,0,0,0,0,0,0,0,10.592,70.815,18.593,0,0,0,0,0,0,0,0,0,62.814,37.186,0,0,0,0,0,1,0,0,0,0,0,1,0,0,0,0,1,0,0,0
0,24.869,0,0,0,65.434,0,0,9.6971,0,0,7.5857,13.522,9.6971,0,0,51.912,0,0,9.6971,0,7.5857,9.6971,0,15.171,0,0,51.912,0,0,0,9.6971,13.522,0.50549,0.43956,0.054945,0,0,0,0,1,0,0,0,0,1,0,0,0
0,0,0,0,0,100,0,0,0,0,0,0,0,0,0,14.829,79.809,5.3623,0,0,0,0,0,0,0,0,0,63.092,36.908,0,0,0,0,0,1,0,0,0,0,0,1,0,0,0,0,1,0,0,0
0,0,0,0,0,73.582,18.978,7.4395,0,0,0,0,0,0,9.4892,14.998,35.907,39.605,0,0,0,0,7.4395,0,0,9.4892,32.166,50.905,0,0,0,0,0,0.21739,0.3913,0.3913,0,0,0,0,1,0,0,0,0,1,0,0,0
0,0,0,0,0,91.701,0,0,8.2994,0,0,0,0,0,0,6.242,79.217,14.541,0,0,0,0,0,0,0,0,4.5305,64.701,22.469,0,0,8.2994,0,0,1,0,0,0,0,0,1,0,0,0,0,1,0,0,0
0,0,0,0,0,92.217,0,0,7.7826,0,0,0,0,0,0,13.485,65.247,21.268,0,0,0,0,0,0,0,0,0,65.247,26.97,0,0,0,7.7826,0,1,0,0,0,0,0,1,0,0,0,0,1,0,0,0
0,0,5.3851,0,0,87.075,0,0,7.5401,0,0,0,0,0,0,11.791,75.284,7.5401,5.3851,0,0,0,5.3851,0,0,0,5.3851,69.898,11.791,0,0,7.5401,0,0,1,0,0,0,0,0,1,0,0,0,0,1,0,0,0
0,0,11.719,0,0,72.549,0,0,15.732,0,0,5.8597,0,0,0,2.9964,69.552,15.732,2.9964,0,2.8633,0,2.9964,0,2.8633,5.8597,12.486,60.062,0,0,0,3.2451,12.486,0,1,0,0,0,0,0,1,0,0,0,0,1,0,0,0
0,0,18.371,0,0,53.563,0,0,28.065,0,0,3.1182,19.116,0,0,3.1182,40.989,18.405,5.7974,0,9.4557,0,5.7974,0,9.4557,3.1182,21.084,32.479,0,0,19.116,0,8.9496,0.11475,0.88525,0,0,0,0,0,1,0,0,0,0,1,0,0,0
0,0,0,0,0,81.134,0,0,18.866,0,0,0,0,0,0,0,81.134,18.866,0,0,0,0,0,0,0,0,9.6245,71.51,0,0,0,4.9043,13.962,0.125,0.61111,0.013889,0.027778,0.22222,0,0,1,0,0,0,0,1,0,0,0
0,0,0,0,0,74.999,0,0,25.001,0,0,0,0,0,0,0,74.999,25.001,0,0,0,0,0,0,0,0,16.941,58.058,0,0,0,8.0595,16.941,0.83333,0,0,0,0.16667,0,0,1,0,0,0,0,1,0,0,0
0,0,0,0,0,77.548,0,0,22.452,0,0,0,0,0,0,0,70.339,29.661,0,0,0,0,0,0,0,0,5.1333,57.997,14.417,0,0,13.51,8.9421,0.14286,0.85714,0,0,0,0,0,1,0,0,0,0,1,0,0,0
0,0,0,0,0,71.399,0,0,28.601,0,0,0,0,0,0,0,71.399,28.601,0,0,0,0,0,0,0,0,0,71.399,0,0,0,14.198,14.403,0.99038,0.0096154,0,0,0,0,0,1,0,0,0,0,1,0,0,0
0,0,0,0,0,80.017,0,0,19.983,0,0,0,0,0,0,9.6219,70.395,19.983,0,0,0,0,0,0,0,0,0,70.395,9.6219,0,0,7.7101,12.273,0.13514,0.86486,0,0,0,0,0,1,0,0,0,0,1,0,0,0
0,0,0,0,0,73.026,0,0,26.974,0,0,0,0,0,0,0,73.026,26.974,0,0,0,0,0,0,0,0,6.1735,66.853,0,0,0,14.069,12.905,0.94017,0.059829,0,0,0,0,0,1,0,0,0,0,1,0,0,0
0,0,2.9544,0,0,81.002,0,0,16.044,0,0,0,0,0,0,0,81.002,16.044,2.9544,0,0,0,2.9544,0,0,0,15.742,65.26,0,0,0,9.3669,6.6771,0.14493,0.85507,0,0,0,0,0,1,0,0,0,0,1,0,0,0
0,0,7.2123,0,0,73.969,0,0,18.819,0,0,3.6062,0,0,0,3.6062,70.363,18.819,3.6062,0,0,0,3.6062,0,0,3.6062,7.8973,66.072,0,0,0,9.5833,9.2356,0.94792,0.052083,0,0,0,0,0,1,0,0,0,0,1,0,0,0
0,0,30.517,0,0,58.25,0,0,11.233,0,0,12.613,0,0,0,9.1372,49.113,11.233,14.429,0,3.4753,0,14.429,0,3.4753,12.613,14.429,43.821,0,0,0,2.0954,9.1372,0.20455,0.79545,0,0,0,0,0,1,0,0,0,0,1,0,0,0
0,0,7.0121,0,0,78.286,0,0,14.702,0,0,2.4187,0,0,0,6.075,66.136,20.777,2.1748,0,2.4187,0,2.1748,0,2.4187,2.4187,29.027,49.259,0,0,0,2.81,11.892,1,0,0,0,0,0,0,1,0,0,0,0,1,0,0,0
0,0,35.371,0,0,41.484,0,0,23.144,0,0,6.1133,23.144,0,0,0,18.34,23.144,0,0,29.258,0,0,0,29.258,6.1133,23.144,18.34,0,0,23.144,0,0,0.22222,0.77778,0,0,0,0,0,1,0,0,0,0,1,0,0,0
0,0,13.071,0,0,61.65,0,0,25.279,0,0,6.5357,25.279,0,0,5.5879,50.474,5.5879,0,0,6.5357,0,0,0,6.5357,6.5357,11.176,50.474,0,0,25.279,0,0,0.91176,0.088235,0,0,0,0,0,1,0,0,0,0,1,0,0,0
0,3.9697,7.9394,0,24.251,29.408,3.9697,5.0412,9.0109,5.6843,10.726,7.9394,2.8422,0,18.082,7.8834,11.326,14.052,7.8834,23.179,2.8422,3.9697,0,5.0412,3.9697,7.9394,0,16.367,10.199,19.736,22.052,5.6843,9.0109,0.085714,0.91429,0,0,0,0,0,1,0,0,0,0,1,0,0,0
1.8676,14.92,14.296,0,8.4839,22.287,13.86,1.198,15.304,5.5446,2.2389,18.352,4.8074,0,12.541,8.1625,8.5986,11.051,7.1217,16.263,1.4886,11.614,5.9236,6.295,11.564,19.501,1.8676,13.853,1.4699,14.029,14.282,5.4192,5.7973,0.3,0.7,0,0,0,0,0,1,0,0,0,0,1,0,0,0
0,6.2752,9.2345,0,22.007,23.376,0,7.8659,7.8659,6.2752,17.1,0,0,0,7.8659,7.8659,6.2752,15.732,7.8659,23.376,6.2752,24.744,0,17.1,0,0,0,14.141,18.469,28.282,14.141,0,7.8659,0,1,0,0,0,0,0,1,0,0,0,0,1,0,0,0
0,8.1309,11.968,0,15.69,36.007,7.0533,3.1705,3.8828,10.242,3.8551,10.936,5.0981,0,13.764,10.407,16.933,3.8828,4.0663,17.434,9.3462,8.1309,2.1387,8.4798,7.0533,8.7974,0,15.902,12.869,19.405,19.757,3.8551,1.7441,0,0.9878,0,0.012195,0,0,0,1,0,0,0,0,0.9878,0.012195,0,0
6.7506,0,15.65,0,20.377,37.788,2.9664,0,2.9664,6.7506,6.7506,6.7506,6.7506,9.717,17.411,2.9664,10.66,15.65,6.7506,10.66,2.9664,9.717,0,8.8992,6.7506,0,12.683,10.66,24.162,6.7506,20.377,9.717,0,0,0.94624,0.021505,0.021505,0.010753,0,0,1,0,0,0,0,0.94624,0.043011,0.010753,0
3.7273,0,17.494,1.3573,8.9262,32.722,3.4375,1.3991,14.768,10.303,5.866,2.7563,7.274,8.3248,6.8878,8.9083,15.396,8.2629,9.4468,15.535,3.4375,13.77,0,16.137,1.3991,3.5467,10.965,7.7106,20.775,2.7563,19.953,11.106,5.6525,0,0.035714,0.035714,0.82143,0.10714,0,0,1,0,0,0,0,0.071429,0.21429,0.71429,1
0,0,0,0,0,69.515,0,0,10.162,20.324,0,0,0,10.162,0,0,56.505,13.01,10.162,10.162,0,0,0,0,0,0,0,46.343,23.172,0,10.162,20.324,0,0,1,0,0,0,0,0,1,0,0,0,0,1,0,0,0
6.3878,0,5.8566,0,11.075,52.262,0,0,9.1534,11.898,3.3671,3.3671,10.543,5.033,13.564,2.4896,39.176,5.033,9.7198,7.7075,0,3.3671,0,2.4896,3.3671,1.666,11.075,25.152,20.757,3.3671,23.761,5.033,3.3319,0,1,0,0,0,0,0,1,0,0,0,0,1,0,0,0
0,0,0,0,0,82.882,0,0,17.118,0,0,0,0,0,0,0,82.882,17.118,0,0,0,0,0,0,0,0,0,82.882,0,0,0,0,17.118,0.68354,0.037975,0,0,0.27848,0,0,1,0,0,0,0,1,0,0,0
0,0,0,0,0,100,0,0,0,0,0,0,0,0,0,0,100,0,0,0,0,0,0,0,0,0,0,100,0,0,0,0,0,0.84043,0.010638,0,0,0.14894,0,0,1,0,0,0,0,1,0,0,0
0,0,0,0,0,100,0,0,0,0,0,0,0,0,0,0,100,0,0,0,0,0,0,0,0,0,0,100,0,0,0,0,0,0.84884,0.034884,0,0,0.11628,0,0,1,0,0,0,0,1,0,0,0
0,0,0,0,0,100,0,0,0,0,0,0,0,0,0,0,100,0,0,0,0,0,0,0,0,0,0,100,0,0,0,0,0,0.93103,0.017241,0,0,0.051724,0,0,1,0,0,0,0,1,0,0,0
0,0,0,0,0,100,0,0,0,0,0,0,0,0,0,0,100,0,0,0,0,0,0,0,0,0,0,100,0,0,0,0,0,1,0,0,0,0,0,0,1,0,0,0,0,1,0,0,0
0,0,0,0,0,100,0,0,0,0,0,0,0,0,0,0,100,0,0,0,0,0,0,0,0,0,0,100,0,0,0,0,0,0.96203,0.037975,0,0,0,0,0,1,0,0,0,0,1,0,0,0
0,0,0,0,0,100,0,0,0,0,0,0,0,0,0,0,100,0,0,0,0,0,0,0,0,0,9.2073,90.793,0,0,0,0,0,0.88889,0.11111,0,0,0,0,0,1,0,0,0,0,1,0,0,0
0,0,0,0,0,100,0,0,0,0,0,0,0,0,0,0,100,0,0,0,0,0,0,0,0,0,0,100,0,0,0,0,0,0.96591,0.034091,0,0,0,0,0,1,0,0,0,0,1,0,0,0
0,0,0,0,0,100,0,0,0,0,0,0,0,0,0,0,100,0,0,0,0,0,0,0,0,0,0,100,0,0,0,0,0,1,0,0,0,0,0,0,1,0,0,0,0,1,0,0,0
0,0,0,0,0,100,0,0,0,0,0,0,0,0,0,0,100,0,0,0,0,0,0,0,0,0,0,100,0,0,0,0,0,1,0,0,0,0,0,0,1,0,0,0,0,1,0,0,0
0,0,0,0,0,100,0,0,0,0,0,0,0,0,0,0,100,0,0,0,0,0,0,0,0,0,0,100,0,0,0,0,0,0.80282,0.19718,0,0,0,0,0,1,0,0,0,0,1,0,0,0
0,0,0,67.009,9.434,23.557,0,0,0,0,0,0,0,0,18.868,0,67.009,0,7.0616,0,7.0616,0,0,0,0,0,0,16.496,7.0616,9.434,0,67.009,0,0,0.25,0.03125,0.15625,0.5625,0,0,1,0,0,0,0,1,0,0,0
0,0,0,0,0,94.432,0,0,5.5678,0,0,0,0,0,0,0,94.432,5.5678,0,0,0,0,0,0,0,0,5.5678,88.864,0,0,0,5.5678,0,1,0,0,0,0,0,0,1,0,0,0,0,1,0,0,0
0,0,0,0,0,100,0,0,0,0,0,0,0,0,0,0,100,0,0,0,0,0,0,0,0,0,10.863,89.137,0,0,0,0,0,0.7625,0.2375,0,0,0,0,0,1,0,0,0,0,1,0,0,0
0,0,0,0,0,100,0,0,0,0,0,0,0,0,0,15.528,68.944,15.528,0,0,0,0,0,0,0,0,44.41,55.59,0,0,0,0,0,0.81111,0.18889,0,0,0,0,0,1,0,0,0,0,1,0,0,0
0,0,26.042,0,0,56.504,0,0,17.454,0,0,8.5885,8.8652,0,0,8.5885,39.05,17.454,8.5885,0,8.8652,0,8.5885,0,8.8652,8.5885,17.454,39.05,0,0,8.8652,0,8.5885,0.85714,0.14286,0,0,0,0,0,1,0,0,0,0,1,0,0,0
7.0437,15.491,8.5074,0,2.8825,30.421,11.692,0,10.433,6.1357,7.3949,11.047,11.852,0,21.801,12.17,13.913,3.6241,8.3715,11.8,1.7981,3.6241,6.5734,6.3384,11.457,16.575,7.0437,16.453,1.7981,7.2202,10.23,15.228,1.0845,0.77273,0.11364,0.022727,0,0.090909,0,0,1,0,0,0,0,0.86364,0.045455,0.090909,0
1.9608,6.6845,7.3781,0,10.12,25.742,9.6828,3.1236,12.238,10.171,12.899,5.9211,13.709,0,20.485,12.688,6.8228,5.0344,8.7128,15.78,6.5424,4.3042,1.9608,5.6421,6.1806,12.446,1.9608,7.0324,9.1453,16.662,18.745,16.858,3.3678,0,0.70968,0.16129,0.096774,0.032258,0,0,1,0,0,0,0,0.77419,0.19355,0.032258,0
1.7749,6.2636,30.694,0,0,49.883,7.3245,4.0597,0,0,0,3.6623,13.159,7.7219,5.8346,0,34.439,3.6623,13.986,0,1.7749,15.76,7.2121,13.159,6.2636,19.82,0,30.379,0,0,7.7219,15.444,0,0.82051,0.17949,0,0,0,0,0,1,0,0,0,0,1,0,0,0
7.7242,7.7145,26.149,3.8839,3.8839,35.11,11.651,1.5025,2.3814,0,0,3.8835,23.409,10.298,2.812,0,16.016,8.6462,15.482,0,9.9561,9.4976,15.773,12.081,6.2119,21.704,0,13.635,1.5025,3.8839,11.177,11.651,2.3814,0.85294,0.14706,0,0,0,0,0,1,0,0,0,0,1,0,0,0
0,6.7508,11.102,9.0205,9.0205,41.69,13.396,6.7508,2.2697,0,0,2.1876,17.877,8.9384,0,0,30.564,6.727,17.959,0,6.8091,8.9384,13.478,11.126,0,11.208,0,28.294,6.7508,9.0205,4.4573,13.396,2.2697,0.013514,0.98649,0,0,0,0,0,1,0,0,0,0,1,0,0,0
0,5.849,20.163,4.2831,14.643,28.167,6.922,1.5637,8.7944,9.6145,0,1.3195,4.2026,11.16,1.5637,9.6145,18.635,9.8856,11.678,0,23.209,8.7322,9.8856,8.7139,0,14.579,0,12.788,3.7655,14.643,16.781,14.561,4.2831,0,1,0,0,0,0,0,1,0,0,0,0,1,0,0,0
4.2771,0,8.2385,0,7.8973,43.599,0,0,24.687,9.2961,2.0055,7.4426,10.071,6.8433,10.965,9.3986,30.97,7.8973,9.5695,4.8378,0,2.0055,0,11.67,2.0055,2.7262,10.169,26.132,8.8488,2.0055,18.87,8.9548,8.618,0,0.36364,0.18182,0.45455,0,0,0,1,0,0,0,0,0.36364,0.36364,0.27273,0
7.3277,0,0,0,0,85.345,0,0,7.3277,0,0,7.3277,7.3277,0,0,0,85.345,0,0,0,0,0,0,7.3277,0,0,7.3277,85.345,0,0,0,0,0,0,1,0,0,0,0,0,1,0,0,0,0,1,0,0,0
7.8283,0,2.5557,0,12.598,47.269,0,0,15.928,13.821,0,5.9749,9.0524,3.7254,12.598,5.1114,37.856,3.7798,9.3586,12.544,0,0,0,8.5306,0,1.2241,16.017,34.131,3.7254,0,25.141,6.2268,5.0039,0,1,0,0,0,0,0,1,0,0,0,0,1,0,0,0
7.4692,0,0,0,0,85.062,0,0,7.4692,0,0,7.4692,7.4692,0,0,0,85.062,0,0,0,0,0,0,7.4692,0,0,7.4692,85.062,0,0,0,0,0,0,1,0,0,0,0,0,1,0,0,0,0,1,0,0,0
0,0,4.4791,0,4.4791,86.563,0,0,4.4791,0,0,0,0,4.4791,0,0,86.563,0,4.4791,0,4.4791,0,0,4.4791,0,0,0,86.563,0,4.4791,0,4.4791,0,0,1,0,0,0,0,0,1,0,0,0,0,1,0,0,0
0,0,5.1662,0,5.1662,84.501,0,0,5.1662,0,0,0,0,5.1662,0,0,84.501,0,5.1662,0,5.1662,0,0,5.1662,0,0,0,84.501,0,5.1662,0,5.1662,0,0,1,0,0,0,0,0,1,0,0,0,0,1,0,0,0
0,0,0,0,0,100,0,0,0,0,0,0,0,0,0,0,100,0,0,0,0,0,0,0,0,0,0,100,0,0,0,0,0,0,1,0,0,0,0,0,1,0,0,0,0,1,0,0,0
0,0,0,0,0,100,0,0,0,0,0,0,0,0,0,0,100,0,0,0,0,0,0,0,0,0,0,100,0,0,0,0,0,0,1,0,0,0,0,0,1,0,0,0,0,1,0,0,0
0,21.241,0,4.7773,21.241,26.723,4.7773,4.7773,0,16.463,0,0,9.5546,4.7773,0,16.463,21.946,0,9.5546,0,16.463,21.241,4.7773,4.7773,0,21.241,0,21.946,4.7773,21.241,16.463,4.7773,0,0.010638,0.98936,0,0,0,0,0,1,0,0,0,0,1,0,0,0
0,5.2913,9.4383,10.01,10.01,33.489,10.01,5.2913,4.7192,11.739,0,0,10.583,17.031,0,11.739,16.459,9.4383,15.302,0,14.157,5.2913,14.73,5.2913,0,10.01,0,11.739,17.031,10.01,16.459,10.01,4.7192,0.32432,0.67568,0,0,0,0,0,1,0,0,0,0,1,0,0,0
0,0,0,0,0,88.462,0,0,0,11.538,0,0,0,11.538,0,11.538,76.925,0,0,0,0,0,0,0,0,0,0,76.925,11.538,0,11.538,0,0,0,1,0,0,0,0,0,1,0,0,0,0,1,0,0,0
0,0,0,0,0,100,0,0,0,0,0,0,0,0,0,0,100,0,0,0,0,0,0,0,0,0,0,100,0,0,0,0,0,0,1,0,0,0,0,0,1,0,0,0,0,1,0,0,0
2.5861,10.738,2.9884,0,10.965,26.084,7.9532,1.3436,7.6289,15.661,14.052,4.6704,10.485,0,23.312,12.619,4.9825,4.3692,11.313,14.613,8.2781,5.358,4.2681,4.3321,5.5746,9.2596,2.5861,8.0081,6.7999,20.925,19.203,17.7,1.3436,1,0,0,0,0,0,0,1,0,0,0,0,1,0,0,0
1.301,9.8528,11.817,0,3.7232,31.371,6.5424,0,20.469,4.9898,9.9327,13.29,10.571,0,20.926,9.6468,15.388,3.4373,3.2312,15.209,1.7586,6.5424,1.4727,7.8882,9.8528,14.923,1.301,16.861,4.8637,6.9544,14.466,19.453,1.9646,1,0,0,0,0,0,0,1,0,0,0,0,1,0,0,0
4.8595,2.243,15.198,11.233,10.89,27.665,3.8728,3.8035,10.883,3.8959,5.4564,9.3456,4.8595,6.4893,7.6995,25.323,7.2198,16.392,7.6995,3.8035,5.6429,5.5257,2.243,14.142,3.8959,2.243,4.9124,6.0466,13.732,18.723,16.549,10.502,7.0102,0,0,0,0.019231,0.98077,0,0,1,0,0,0,0,0,0.019231,0.98077,1
3.0741,2.0555,13.704,23.344,0,45.137,2.75,2.75,7.1851,0,0,5.8242,14.932,5.1296,0,23.83,41.368,0,2.0555,0,6.861,0,0,8.5742,4.8055,2.75,0,33.489,8.8983,5.8242,14.237,16.293,5.1296,0,0,0,0,1,0,0,1,0,0,0,0,0,0,1,1
7.3062,3.257,20.533,7.0304,3.3719,33.709,3.0007,1.114,15.304,1.6461,3.7276,8.4202,12.033,10.402,3.3719,21.095,17.594,5.2586,6.468,3.8073,5.7413,5.8092,0,11.856,6.0171,4.7265,7.1454,5.8366,21.615,8.4202,12.128,11.773,10.482,0,0,0,0.78667,0.21333,0,0,1,0,0,0,0,0,0,1,1
1.1161,1.4425,24.313,10.328,7.7486,30.468,7.9955,2.2319,12.124,1.1161,1.1161,3.348,5.5371,9.191,1.9849,17.793,16.823,19.276,4.2963,0.86887,14.003,6.8797,0,21.755,4.7904,3.1008,13.512,9.1572,8.4553,6.4704,14.503,15.076,3.1802,0,0,0,0.013514,0.98649,0,0,1,0,0,0,0,0,0,1,1
0,0,0,0,0,81.295,0,0,0,0,18.705,0,0,0,0,0,100,0,0,0,0,0,0,0,0,0,0,81.295,18.705,0,0,0,0,0,1,0,0,0,0,0,1,0,0,0,0,1,0,0,0
9.86,0,0,0,0,80.28,0,0,9.86,0,0,0,19.72,0,0,0,80.28,0,0,0,0,0,0,0,0,0,9.86,80.28,0,0,9.86,0,0,0,1,0,0,0,0,0,1,0,0,0,0,1,0,0,0
0,3.348,3.348,0,0,93.304,0,0,0,0,0,0,0,0,0,0,93.304,0,3.348,0,0,3.348,0,0,3.348,3.348,0,93.304,0,0,0,0,0,0,1,0,0,0,0,0,1,0,0,0,0,1,0,0,0
0,0,0,0,0,100,0,0,0,0,0,0,0,0,0,0,100,0,0,0,0,0,0,0,0,0,0,100,0,0,0,0,0,0,1,0,0,0,0,0,1,0,0,0,0,1,0,0,0
0,0,0,0,0,100,0,0,0,0,0,0,0,0,0,0,100,0,0,0,0,0,0,0,0,0,0,100,0,0,0,0,0,0,1,0,0,0,0,0,1,0,0,0,0,1,0,0,0
1.7913,4.6654,10.039,0,0,83.504,0,0,0,0,0,0,1.7913,0,1.7913,0,83.504,0,4.6654,0,1.7913,6.4567,3.5827,1.7913,4.6654,6.4567,0,83.504,0,0,0,0,0,0,1,0,0,0,0,0,1,0,0,0,0,1,0,0,0
3.1697,0,9.509,0,0,78.827,0,0,0,0,8.4944,0,3.1697,0,3.1697,4.7734,78.827,0,3.721,0,3.1697,3.1697,6.3394,3.1697,0,3.1697,0,78.827,0,8.4944,0,0,0,0,1,0,0,0,0,0,1,0,0,0,0,1,0,0,0
0,0,0,0,0,80.677,0,0,0,0,19.323,0,0,0,0,0,100,0,0,0,0,0,0,0,0,0,0,80.677,19.323,0,0,0,0,0,1,0,0,0,0,0,1,0,0,0,0,1,0,0,0
0,0,0,17.667,0,66.667,0,0,0,0,15.666,0,0,17.667,0,0,64.666,0,0,0,0,17.667,0,0,0,0,0,49,15.666,0,0,17.667,17.667,0,0,0.013514,0.16216,0.82432,0,0,1,0,0,0,0,1,0,0,0
0,0,0,12.4,0,87.6,0,0,0,0,0,0,0,12.4,0,0,80.603,0,0,0,0,6.9969,0,0,0,0,0,80.603,0,0,0,6.9969,12.4,0,0,0,0.22581,0.77419,0,0,1,0,0,0,0,1,0,0,0
0,0,0,5.3672,0,94.633,0,0,0,0,0,0,0,5.3672,0,0,80.578,0,0,0,0,14.055,0,0,0,0,0,80.578,0,0,0,14.055,5.3672,0,0,0,0.046512,0.95349,0,0,1,0,0,0,0,1,0,0,0
0,0,0,7.7189,0,92.281,0,0,0,0,0,0,0,7.7189,0,0,79.313,0,0,0,0,12.968,0,0,0,0,0,79.313,0,0,0,12.968,7.7189,0,0,0,0.21818,0.78182,0,0,1,0,0,0,0,1,0,0,0
0,0,0,4.0258,0,95.974,0,0,0,0,0,0,0,4.0258,0,0,95.974,0,0,0,0,0,0,0,0,0,0,95.974,0,0,0,0,4.0258,0,0,0,0.16923,0.83077,0,0,1,0,0,0,0,1,0,0,0
0,0,0,0,0,100,0,0,0,0,0,0,0,0,0,0,100,0,0,0,0,0,0,0,0,0,0,100,0,0,0,0,0,0,0,0,0.19672,0.80328,0,0,1,0,0,0,0,1,0,0,0
0,0,0,0,0,100,0,0,0,0,0,0,0,0,0,0,100,0,0,0,0,0,0,0,0,0,0,100,0,0,0,0,0,0,0,0.015625,0.20312,0.78125,0,0,1,0,0,0,0,1,0,0,0
0,0,0,0,0,79.85,0,0,0,0,20.15,0,0,0,0,0,92.958,0,7.0421,0,0,0,0,0,0,0,0,79.85,13.108,7.0421,0,0,0,0,0.98077,0,0.019231,0,0,0,1,0,0,0,0,1,0,0,0
0,0,0,0,0,83.066,0,0,0,0,16.934,0,0,0,0,0,100,0,0,0,0,0,0,0,0,0,0,83.066,16.934,0,0,0,0,0,0.060241,0.20482,0.12048,0.61446,0,0,1,0,0,0,0,1,0,0,0
0,0,0,0,0,69.752,0,0,0,0,30.248,0,0,0,0,16.5,77.921,0,5.5798,0,0,0,0,0,0,0,0,69.752,8.1681,22.079,0,0,0,0,1,0,0,0,0,0,1,0,0,0,0,1,0,0,0
0,0,0,0,0,50.038,0,0,0,0,49.962,0,0,0,0,16.628,66.743,0,16.628,0,0,0,0,0,0,0,0,50.038,16.705,33.257,0,0,0,0,0.085106,0.25532,0.20213,0.45745,0,0,0.98936,0.010638,0,0,0.010638,0.98936,0,0,0
0,0,0,8.2598,0,91.74,0,0,0,0,0,0,0,8.2598,0,0,91.74,0,0,0,0,0,0,0,0,0,0,91.74,0,0,0,0,8.2598,0,0,0.017241,0.2931,0.68966,0,0,1,0,0,0,0,1,0,0,0
0,0,0,0,0,100,0,0,0,0,0,0,0,0,0,0,100,0,0,0,0,0,0,0,0,0,0,100,0,0,0,0,0,0,0,0,0.20253,0.79747,0,0,1,0,0,0,0,1,0,0,0
0,0,0,0,0,100,0,0,0,0,0,0,0,0,0,0,100,0,0,0,0,0,0,0,0,0,0,100,0,0,0,0,0,0,0.015625,0,0.23438,0.75,0,0,0.98438,0.015625,0,0.015625,0.015625,0.96875,0,0,0
0,0,0,0,0,100,0,0,0,0,0,0,0,0,0,0,100,0,0,0,0,0,0,0,0,0,0,100,0,0,0,0,0,0,0,0,0.19767,0.80233,0,0,1,0,0,0,0,1,0,0,0
0,0,0,0,0,100,0,0,0,0,0,0,0,0,0,0,100,0,0,0,0,0,0,0,0,0,0,100,0,0,0,0,0,0,0,0.013514,0.2027,0.78378,0,0,1,0,0,0,0,1,0,0,0
0,0,0,0,0,100,0,0,0,0,0,0,0,0,0,0,100,0,0,0,0,0,0,0,0,0,0,100,0,0,0,0,0,0,0,0,0.24419,0.75581,0,0,1,0,0,0,0,1,0,0,0
0,0,0,0,0,100,0,0,0,0,0,0,0,0,0,0,100,0,0,0,0,0,0,0,0,0,0,100,0,0,0,0,0,0,0,0,0.2093,0.7907,0,0,1,0,0,0,0,1,0,0,0
0,0,0,0,0,100,0,0,0,0,0,0,0,0,0,0,100,0,0,0,0,0,0,0,0,0,0,100,0,0,0,0,0,0,0,0.035714,0.14286,0.82143,0,0,1,0,0,0,0,1,0,0,0
0,0,0,0,0,100,0,0,0,0,0,0,0,0,0,0,100,0,0,0,0,0,0,0,0,0,0,100,0,0,0,0,0,0,0,0,0.13115,0.86885,0,0,1,0,0,0,0,1,0,0,0
0,0,0,0,0,100,0,0,0,0,0,0,0,0,0,0,100,0,0,0,0,0,0,0,0,0,0,100,0,0,0,0,0,0,0,0.027778,0.33333,0.63889,0,0,1,0,0,0,0,1,0,0,0
0,0,0,0,0,100,0,0,0,0,0,0,0,0,0,0,100,0,0,0,0,0,0,0,0,0,0,100,0,0,0,0,0,0,0,0.083333,0.125,0.79167,0,0,1,0,0,0,0,1,0,0,0
0,0,0,0,0,100,0,0,0,0,0,0,0,0,0,0,100,0,0,0,0,0,0,0,0,0,0,100,0,0,0,0,0,0,0,0,0.24176,0.75824,0,0,1,0,0,0,0,1,0,0,0
0,0,0,0,0,100,0,0,0,0,0,0,0,0,0,0,100,0,0,0,0,0,0,0,0,0,0,100,0,0,0,0,0,0,0,0.034091,0.30682,0.65909,0,0,1,0,0,0,0,1,0,0,0
10.158,16.597,3.1583,0,2.2392,27.71,19.917,0,14.866,3.1303,2.2252,4.0634,20.785,0,21.015,9.3004,13.072,2.0317,9.3004,13.968,1.1126,5.3512,8.1878,0.90505,9.3144,21.043,10.158,13.977,4.4321,4.2569,13.771,12.827,1.1266,0.026316,0.97368,0,0,0,0,0,1,0,0,0,0,1,0,0,0
3.5968,4.8529,4.8529,0,0,83.101,0,0,3.5968,0,0,0,7.1937,0,0,0,83.101,0,4.8529,0,0,4.8529,0,0,4.8529,4.8529,3.5968,83.101,0,0,3.5968,0,0,0.21154,0.78846,0,0,0,0,0,1,0,0,0,0,1,0,0,0
1.3851,2.5414,7.2046,23.335,0,57.173,0,0,8.3609,0,0,1.3851,3.2782,3.9265,0,23.563,48.626,1.8931,2.5414,0,14.787,0,0,3.2782,2.5414,0,0,34.995,12.474,11.089,13.631,16.172,5.8196,0,0,0,0.054545,0.94545,0,0,1,0,0,0,0,0,0.054545,0.94545,1
0,2.6324,9.6406,20.192,0,55.262,0,0,12.273,0,0,0,15.788,2.6324,0,8.78,57.894,7.0083,2.6324,0,5.2647,0,0,7.0083,2.6324,0,0,55.262,0,0,11.412,14.045,9.6406,0.033333,0.066667,0,0.066667,0.83333,0,0,1,0,0,0,0,0.1,0.066667,0.83333,1
10.621,9.3013,7.1501,0,0,71.332,0,1.595,0,0,0,0,21.518,10.896,2.915,0,49.539,0,10.896,0,1.32,2.915,2.64,2.915,9.3013,23.113,0,47.944,0,0,10.896,3.1901,0,0.035088,0.96491,0,0,0,0,0,1,0,0,0,0,1,0,0,0
3.3785,5.0705,19.368,1.6128,1.6128,57.573,5.3483,4.4235,1.6128,0,0,1.8677,14.916,9.6698,4.4235,0,38.233,5.0934,12.975,0,4.8385,7.9833,5.0934,8.159,5.0705,20.777,0,32.197,0,1.6128,11.283,14.195,1.6128,0,1,0,0,0,0,0,1,0,0,0,0,1,0,0,0
0,11.295,11.751,3.4988,14.42,2.1094,11.321,19.973,25.632,0,0,3.4988,0,0,7.5318,13.321,46.968,11.031,5.1528,2.1094,0,10.387,8.9977,15.81,16.474,21.227,0,2.1094,0,7.5318,0,22.962,4.8883,0,1,0,0,0,0,0,0,1,0,1,0,0,0,0,1
1.133,10.087,19.942,5.8689,13.019,25.068,9.2325,8.5005,1.6106,5.5391,0,3.6633,17.545,11.132,3.7645,5.5391,10.573,3.6633,15.68,1.3211,8.2826,18.836,11.798,15.929,0,18.825,0,7.941,4.5479,11.698,10.513,17.427,1.3211,0.9726,0.027397,0,0,0,0,0,1,0,0,0,0,1,0,0,0
0,4.3876,15.033,12.484,11.47,5.883,11.17,26.082,13.49,0,0,8.6767,0,0,5.587,9.3904,27.135,15.751,9.2096,9.6906,0,14.56,15.574,13.431,15.085,11.277,0,5.883,0,5.587,0,17.886,15.278,0,1,0,0,0,0,0,0,0.64583,0.35417,1,0,0,0,0,1
0,6.9348,4.307,7.0951,9.1989,0,17.653,23.068,31.743,0,0,0,0,0,7.0951,26.851,31.423,11.402,14.03,7.0951,0,2.1038,9.1989,10.718,20.28,20.28,0,0,0,7.0951,0,25.333,7.0951,0,0.95745,0.042553,0,0,0,0,0,1,0,1,0,0,0,0,1
0,5.8393,12.416,5.818,11.421,0,21.416,16.913,26.177,0,0,2.8328,0,0,8.8245,21.332,34.544,18.234,5.818,2.9852,0,5.4294,5.5819,24.422,17.672,17.846,0,0,0,8.8245,0,17.003,8.6507,0,0.66667,0.33333,0,0,0,0,0,1,0,1,0,0,0,0,1
5.8186,2.8604,16.634,1.6901,12.913,29.98,4.0621,0,12.914,11.183,1.9446,6.1005,8.8569,6.8159,11.89,14.242,15.689,13.076,6.8414,7.0806,5.5289,3.8797,0,16.199,4.805,2.127,19.102,10.625,7.0488,2.9013,23.507,8.7955,4.8893,0,0,0,1,0,0,0,1,0,0,0,0,0,0,1,1
1.7388,4.4115,15.861,12.613,2.4848,47.239,6.0934,0,9.5583,0,0,1.7388,12.799,4.2237,0.80286,19.263,35.285,13.186,1.6057,0.80286,8.6101,1.682,0,14.122,4.4115,5.2143,12.99,25.815,6.7972,4.2555,10.463,9.6606,6.2706,0,0,0,0,1,0,0,1,0,0,0,0,0,0,1,1
5.8117,3.2504,7.312,0,10.061,42.195,3.2504,0,19.365,8.7535,0,2.3946,16.351,3.2273,11.981,5.1698,29.073,8.6199,9.8716,10.061,3.2504,0,0,9.7066,3.2504,6.4777,18.957,22.596,3.2273,0,23.962,3.2273,8.5967,0,0.22222,0,0.77778,0,0,0,1,0,0,0,0,0.22222,0.15556,0.62222,1
0,3.3788,17.06,3.3788,6.2588,41.423,1.7738,0,26.727,0,0,2.7016,7.442,6.936,4.485,7.177,36.759,15.465,6.9455,1.7834,8.5314,1.7738,0,16.383,3.3788,1.7834,8.0326,31.597,1.7834,0,11.421,10.315,15.306,0,0.033898,0,0.76271,0.20339,0,0,1,0,0,0,0,0.033898,0.033898,0.9322,1
0,0,10.61,18.487,5.3049,29.409,10.295,25.895,0,0,0,18.487,0,0,0,0,44.851,10.452,5.1474,5.3049,0,15.757,10.61,10.452,23.477,5.1474,0,29.409,0,0,0,5.3049,15.6,1,0,0,0,0,0,0,1,0,0,0,0,1,0,0,0
0,0,0,0,0,100,0,0,0,0,0,0,0,0,0,0,100,0,0,0,0,0,0,0,0,0,0,50,50,0,0,0,0,1,0,0,0,0,0,0,1,0,0,0,0,1,0,0,0
0,0,0,0,0,100,0,0,0,0,0,0,0,0,0,0,100,0,0,0,0,0,0,0,0,0,0,36.368,63.632,0,0,0,0,1,0,0,0,0,0,0,1,0,0,0,0,1,0,0,0
0,0,0,0,0,69.329,0,0,0,0,30.671,0,0,0,0,9.4597,69.329,0,21.211,0,0,0,0,0,0,0,0,69.329,0,30.671,0,0,0,0,1,0,0,0,0,0,1,0,0,0,0,1,0,0,0
0,0,0,0,0,84.099,0,0,0,0,15.901,0,0,0,0,9.7266,84.099,0,6.1743,0,0,0,0,0,0,0,0,84.099,0,15.901,0,0,0,0,0.044444,0.022222,0.15556,0.77778,0,0,0.95556,0.044444,0,0.022222,0.022222,0.95556,0,0,0
0,0,6.9739,5.4043,11.762,9.6831,15.782,20.121,30.274,0,0,3.1669,2.8507,1.4253,2.3138,18.512,36.354,8.1786,9.5714,2.3138,4.0469,11.266,14.536,12.691,13.324,12.615,0,5.4835,0,3.6628,2.7743,25.025,9.8876,0.97479,0.02521,0,0,0,0,0,0.97479,0.0084034,0.016807,0.016807,0.0084034,0.97479,0,0,0
0,0,0,0,0,64.415,0,0,35.585,0,0,10.704,18.125,0,0,0,64.415,0,0,0,0,6.7559,0,0,0,0,0,64.415,0,0,0,17.46,18.125,1,0,0,0,0,0,0,1,0,0,0,0,1,0,0,0
0,9.8165,12.029,6.9256,2.2125,51.99,7.0316,0,9.9948,0,0,2.2125,9.102,2.7849,2.2125,13.527,45.531,9.2441,2.7849,0,12.601,0,0,11.457,9.8165,7.0316,16.276,35.714,0,0,7.0678,7.6402,4.9974,0,0.033333,0.033333,0.1,0.83333,0,0,1,0,0,0,0,0.033333,0.16667,0.8,1
0,0,0,0,0,86.949,0,0,13.051,0,0,13.051,0,0,0,0,86.949,0,0,0,0,0,0,0,0,0,0,86.949,0,0,0,13.051,0,0,0,0,0.20988,0.79012,0,0,1,0,0,0,0,1,0,0,0
0,0,0,0,0,81.098,0,0,18.902,0,0,9.451,0,0,0,0,81.098,0,0,0,0,9.451,0,0,0,0,0,81.098,0,0,0,18.902,0,0,0,0,0.17647,0.82353,0,0,1,0,0,0,0,1,0,0,0
0,0,0,0,0,79.531,0,0,20.469,0,0,13.034,3.7175,0,0,0,79.531,0,0,0,0,3.7175,0,0,0,0,0,79.531,0,0,0,16.752,3.7175,0,0,0,0.09589,0.90411,0,0,1,0,0,0,0,1,0,0,0
0,13.316,4.7331,3.7938,6.6656,0,18.103,34.274,19.114,0,0,3.7938,0,0,4.7331,12.448,52.395,8.5269,12.377,0,0,5.7262,1.9324,10.459,30.48,27.626,0,0,0,4.7331,0,17.181,7.5875,0,0.82692,0.019231,0.076923,0.076923,0,0,0.13462,0.82692,0.038462,0.82692,0.076923,0.096154,0,0,1
0,0,0,0,0,100,0,0,0,0,0,0,0,0,0,0,100,0,0,0,0,0,0,0,0,0,0,100,0,0,0,0,0,0,0,0,0.068493,0.93151,0,0,1,0,0,0,0,1,0,0,0
0,0,0,0,0,100,0,0,0,0,0,0,0,0,0,0,100,0,0,0,0,0,0,0,0,0,0,100,0,0,0,0,0,0,0,0.10465,0.10465,0.7907,0,0,1,0,0,0,0,1,0,0,0
0,0,0,0,0,100,0,0,0,0,0,0,0,0,0,0,100,0,0,0,0,0,0,0,0,0,0,100,0,0,0,0,0,0,0,0,0.081081,0.91892,0,0,1,0,0,0,0,1,0,0,0
0,0,0,0,0,100,0,0,0,0,0,0,0,0,0,0,100,0,0,0,0,0,0,0,0,0,0,100,0,0,0,0,0,0,0,0.011628,0.093023,0.89535,0,0,1,0,0,0,0,1,0,0,0
0,0,0,2.9835,0,71.79,5.967,19.259,0,0,0,2.9835,0,0,0,0,80.741,2.9835,10.309,0,0,2.9835,0,2.9835,8.9504,2.9835,0,71.79,0,0,0,0,13.292,1,0,0,0,0,0,0,1,0,0,0,0,1,0,0,0
0,0,0,0,0,52.684,0,0,47.316,0,0,11.974,17.343,0,0,0,52.684,0,0,0,0,17.999,0,0,0,0,0,52.684,0,0,0,29.973,17.343,1,0,0,0,0,0,0,1,0,0,0,0,1,0,0,0
0,4.2785,8.1947,5.4139,7.7675,13.255,17.26,19.23,24.6,0,0,3.7493,0,0,1.6646,23.125,43.083,7.9571,8.8487,3.5667,0,8.0051,9.6696,14.884,18.995,17.148,0,13.255,0,1.6646,0,17.911,6.4724,0.018182,0.98182,0,0,0,0,0,0,0.49091,0.50909,0.98182,0.018182,0,0,0,1
0,0,0,7.6554,0,92.345,0,0,0,0,0,7.6554,0,0,0,0,92.345,0,0,0,0,0,0,0,7.6554,0,0,73.798,18.546,0,0,0,0,1,0,0,0,0,0,0,1,0,0,0,0,1,0,0,0
0,0,0,0,0,69.681,0,0,30.319,0,0,0,30.319,0,0,0,69.681,0,0,0,0,0,0,0,0,0,0,69.681,0,0,0,0,30.319,1,0,0,0,0,0,0,1,0,0,0,0,1,0,0,0
0,0,0,0,0,77.206,0,0,22.794,0,0,6.5526,9.6891,0,0,0,77.206,0,0,0,0,6.5526,0,0,0,0,0,77.206,0,0,0,13.105,9.6891,0,0,0,0.057143,0.94286,0,0,1,0,0,0,0,1,0,0,0
0,0,0,0,0,82.979,0,0,17.021,0,0,0,8.5103,0,0,0,82.979,0,0,0,0,8.5103,0,0,0,0,0,82.979,0,0,0,8.5103,8.5103,0,0,0,0.3871,0.6129,0,0,1,0,0,0,0,1,0,0,0
0,0,0,0,0,78.049,0,0,21.951,0,0,0,17.877,0,0,0,78.049,0,0,0,0,4.0738,0,0,0,0,0,78.049,0,0,0,4.0738,17.877,0,0,0,0.16667,0.83333,0,0,1,0,0,0,0,1,0,0,0
0,0,0,0,0,88.846,0,0,11.154,0,0,0,11.154,0,0,0,88.846,0,0,0,0,0,0,0,0,0,0,88.846,0,0,0,0,11.154,0,0,0,0.2125,0.7875,0,0,1,0,0,0,0,1,0,0,0
0,0,0,0,0,100,0,0,0,0,0,0,0,0,0,0,100,0,0,0,0,0,0,0,0,0,0,100,0,0,0,0,0,0,0,0,0.12658,0.87342,0,0,1,0,0,0,0,1,0,0,0
0,0,0,0,0,100,0,0,0,0,0,0,0,0,0,0,100,0,0,0,0,0,0,0,0,0,0,100,0,0,0,0,0,0,0,0.0097087,0.27184,0.71845,0,0,1,0,0,0,0,1,0,0,0
0,0,0,0,0,100,0,0,0,0,0,0,0,0,0,0,100,0,0,0,0,0,0,0,0,0,0,100,0,0,0,0,0,0,0,0,0.05,0.95,0,0,1,0,0,0,0,1,0,0,0
0,0,0,0,0,100,0,0,0,0,0,0,0,0,0,0,100,0,0,0,0,0,0,0,0,0,0,100,0,0,0,0,0,0,0,0,0.28155,0.71845,0,0,1,0,0,0,0,1,0,0,0
0,0,0,0,0,100,0,0,0,0,0,0,0,0,0,0,100,0,0,0,0,0,0,0,0,0,0,100,0,0,0,0,0,0,0,0.010204,0.2449,0.7449,0,0,1,0,0,0,0,1,0,0,0
0,0,0,0,0,100,0,0,0,0,0,0,0,0,0,0,100,0,0,0,0,0,0,0,0,0,0,100,0,0,0,0,0,0,0,0.10526,0.26316,0.63158,0,0,1,0,0,0,0,1,0,0,0
0,0,0,0,0,100,0,0,0,0,0,0,0,0,0,0,100,0,0,0,0,0,0,0,0,0,0,100,0,0,0,0,0,0,0,0,0.23333,0.76667,0,0,1,0,0,0,0,1,0,0,0
0,0,0,0,0,100,0,0,0,0,0,0,0,0,0,0,100,0,0,0,0,0,0,0,0,0,0,100,0,0,0,0,0,0,0,0.03125,0.14583,0.82292,0,0,1,0,0,0,0,1,0,0,0
0,0,0,0,0,100,0,0,0,0,0,0,0,0,0,0,100,0,0,0,0,0,0,0,0,0,0,100,0,0,0,0,0,0,0,0,0.075472,0.92453,0,0,1,0,0,0,0,1,0,0,0
0,0,0,0,0,100,0,0,0,0,0,0,0,0,0,0,100,0,0,0,0,0,0,0,0,0,0,100,0,0,0,0,0,0,0,0.11702,0.18085,0.70213,0,0,1,0,0,0,0,1,0,0,0
0,0,0,0,0,100,0,0,0,0,0,0,0,0,0,0,100,0,0,0,0,0,0,0,0,0,0,100,0,0,0,0,0,0,0,0,0.042553,0.95745,0,0,1,0,0,0,0,1,0,0,0
0,0,0,0,0,100,0,0,0,0,0,0,0,0,0,0,100,0,0,0,0,0,0,0,0,0,0,100,0,0,0,0,0,0,0,0.018692,0.3271,0.65421,0,0,1,0,0,0,0,1,0,0,0
0,0,0,0,0,100,0,0,0,0,0,0,0,0,0,0,100,0,0,0,0,0,0,0,0,0,0,100,0,0,0,0,0,0,0,0,0,1,0,0,1,0,0,0,0,1,0,0,0
0,0,0,0,0,100,0,0,0,0,0,0,0,0,0,0,100,0,0,0,0,0,0,0,0,0,0,100,0,0,0,0,0,0,0,0,0,1,0,0,1,0,0,0,0,1,0,0,0
0,0,0,0,0,100,0,0,0,0,0,0,0,0,0,0,100,0,0,0,0,0,0,0,0,0,0,100,0,0,0,0,0,0,0,0,0,1,0,0,1,0,0,0,0,1,0,0,0
0,0,0,0,0,100,0,0,0,0,0,0,0,0,0,0,100,0,0,0,0,0,0,0,0,0,0,100,0,0,0,0,0,0,0,0,0,1,0,0,1,0,0,0,0,1,0,0,0
0,0,0,0,0,100,0,0,0,0,0,0,0,0,0,0,100,0,0,0,0,0,0,0,0,0,0,100,0,0,0,0,0,0,0,0,0,1,0,0,1,0,0,0,0,1,0,0,0
0,0,0,0,0,100,0,0,0,0,0,0,0,0,0,0,100,0,0,0,0,0,0,0,0,0,0,100,0,0,0,0,0,0,0,0,0,1,0,0,1,0,0,0,0,1,0,0,0
0,0,0,0,0,100,0,0,0,0,0,0,0,0,0,0,100,0,0,0,0,0,0,0,0,0,0,100,0,0,0,0,0,0,0,0,0,1,0,0,1,0,0,0,0,1,0,0,0
0,0,0,0,0,100,0,0,0,0,0,0,0,0,0,0,100,0,0,0,0,0,0,0,0,0,0,100,0,0,0,0,0,0,0,0,0,1,0,0,1,0,0,0,0,1,0,0,0
0,0,0,0,0,100,0,0,0,0,0,0,0,0,0,0,100,0,0,0,0,0,0,0,0,0,0,100,0,0,0,0,0,0,0,0,0,1,0,0,1,0,0,0,0,1,0,0,0
0,0,0,0,0,100,0,0,0,0,0,0,0,0,0,0,100,0,0,0,0,0,0,0,0,0,0,100,0,0,0,0,0,0,0,0,0,1,0,0,1,0,0,0,0,1,0,0,0
0,0,0,0,0,100,0,0,0,0,0,0,0,0,0,0,100,0,0,0,0,0,0,0,0,0,0,100,0,0,0,0,0,0,0,0,0,1,0,0,1,0,0,0,0,1,0,0,0
0,0,0,0,0,100,0,0,0,0,0,0,0,0,0,0,100,0,0,0,0,0,0,0,0,0,0,100,0,0,0,0,0,0,0,0,0,1,0,0,1,0,0,0,0,1,0,0,0
0,0,0,0,0,100,0,0,0,0,0,0,0,0,0,0,100,0,0,0,0,0,0,0,0,0,0,100,0,0,0,0,0,0,0,0,0.067961,0.93204,0,0,1,0,0,0,0,1,0,0,0
0,0,0,0,0,100,0,0,0,0,0,0,0,0,0,0,100,0,0,0,0,0,0,0,0,0,0,100,0,0,0,0,0,0,0,0,0,1,0,0,1,0,0,0,0,1,0,0,0
0,0,0,0,0,100,0,0,0,0,0,0,0,0,0,0,100,0,0,0,0,0,0,0,0,0,0,100,0,0,0,0,0,0,0,0,0.032258,0.96774,0,0,1,0,0,0,0,1,0,0,0
0,0,0,0,0,100,0,0,0,0,0,0,0,0,0,0,100,0,0,0,0,0,0,0,0,0,0,100,0,0,0,0,0,0,0,0,0,1,0,0,1,0,0,0,0,1,0,0,0
0,0,0,0,0,100,0,0,0,0,0,0,0,0,0,0,100,0,0,0,0,0,0,0,0,0,0,100,0,0,0,0,0,0,0,0,0,1,0,0,1,0,0,0,0,1,0,0,0
0,0,0,0,0,100,0,0,0,0,0,0,0,0,0,0,100,0,0,0,0,0,0,0,0,0,0,100,0,0,0,0,0,0,0,0,0,1,0,0,1,0,0,0,0,1,0,0,0
0,0,0,0,0,100,0,0,0,0,0,0,0,0,0,0,100,0,0,0,0,0,0,0,0,0,0,100,0,0,0,0,0,0,0,0,0,1,0,0,1,0,0,0,0,1,0,0,0
0,0,0,0,0,100,0,0,0,0,0,0,0,0,0,0,100,0,0,0,0,0,0,0,0,0,0,100,0,0,0,0,0,0,0,0,0,1,0,0,1,0,0,0,0,1,0,0,0
0,0,0,0,0,100,0,0,0,0,0,0,0,0,0,0,100,0,0,0,0,0,0,0,0,0,0,100,0,0,0,0,0,0,0,0,0.085106,0.91489,0,0,1,0,0,0,0,1,0,0,0
0,0,0,0,0,100,0,0,0,0,0,0,0,0,0,0,100,0,0,0,0,0,0,0,0,0,0,100,0,0,0,0,0,0,0,0,0,1,0,0,1,0,0,0,0,1,0,0,0
0,0,0,0,0,100,0,0,0,0,0,0,0,0,0,0,100,0,0,0,0,0,0,0,0,0,0,100,0,0,0,0,0,0,0,0,0.050505,0.94949,0,0,1,0,0,0,0,1,0,0,0
0,0,0,0,0,100,0,0,0,0,0,0,0,0,0,0,100,0,0,0,0,0,0,0,0,0,0,100,0,0,0,0,0,0,0,0,0,1,0,0,1,0,0,0,0,1,0,0,0
0,0,0,0,0,100,0,0,0,0,0,0,0,0,0,0,100,0,0,0,0,0,0,0,0,0,0,100,0,0,0,0,0,0,0,0,0,1,0,0,1,0,0,0,0,1,0,0,0
0,0,0,0,0,100,0,0,0,0,0,0,0,0,0,0,100,0,0,0,0,0,0,0,0,0,0,100,0,0,0,0,0,0,0,0,0,1,0,0,1,0,0,0,0,1,0,0,0
0,0,0,0,0,100,0,0,0,0,0,0,0,0,0,0,100,0,0,0,0,0,0,0,0,0,0,100,0,0,0,0,0,0,0,0,0,1,0,0,1,0,0,0,0,1,0,0,0
0,0,0,0,0,100,0,0,0,0,0,0,0,0,0,0,100,0,0,0,0,0,0,0,0,0,0,100,0,0,0,0,0,0,0,0,0,1,0,0,1,0,0,0,0,1,0,0,0
0,0,0,0,0,100,0,0,0,0,0,0,0,0,0,0,100,0,0,0,0,0,0,0,0,0,0,100,0,0,0,0,0,0,0,0,0,1,0,0,1,0,0,0,0,1,0,0,0
0,0,0,0,0,100,0,0,0,0,0,0,0,0,0,0,100,0,0,0,0,0,0,0,0,0,0,100,0,0,0,0,0,0,0,0,0,1,0,0,1,0,0,0,0,1,0,0,0
0,0,0,0,0,100,0,0,0,0,0,0,0,0,0,0,100,0,0,0,0,0,0,0,0,0,0,100,0,0,0,0,0,0,0,0,0,1,0,0,1,0,0,0,0,1,0,0,0
0,0,0,0,0,100,0,0,0,0,0,0,0,0,0,0,100,0,0,0,0,0,0,0,0,0,0,100,0,0,0,0,0,0,0,0,0,1,0,0,1,0,0,0,0,1,0,0,0
0,0,0,0,0,100,0,0,0,0,0,0,0,0,0,0,100,0,0,0,0,0,0,0,0,0,0,100,0,0,0,0,0,0,0,0,0,1,0,0,1,0,0,0,0,1,0,0,0
0,0,0,0,0,100,0,0,0,0,0,0,0,0,0,0,100,0,0,0,0,0,0,0,0,0,0,100,0,0,0,0,0,0,0,0,0,1,0,0,1,0,0,0,0,1,0,0,0
0,0,0,0,0,100,0,0,0,0,0,0,0,0,0,0,100,0,0,0,0,0,0,0,0,0,0,100,0,0,0,0,0,0,0,0,0.053191,0.94681,0,0,1,0,0,0,0,1,0,0,0
0,0,0,0,0,100,0,0,0,0,0,0,0,0,0,0,100,0,0,0,0,0,0,0,0,0,0,100,0,0,0,0,0,0,0,0,0,1,0,0,1,0,0,0,0,1,0,0,0
0,0,0,0,0,100,0,0,0,0,0,0,0,0,0,0,100,0,0,0,0,0,0,0,0,0,0,100,0,0,0,0,0,0,0,0,0.064103,0.9359,0,0,1,0,0,0,0,1,0,0,0
0,0,0,0,0,100,0,0,0,0,0,0,0,0,0,0,100,0,0,0,0,0,0,0,0,0,0,100,0,0,0,0,0,0,0.014706,0.029412,0.029412,0.92647,0,0,1,0,0,0,0,1,0,0,0
0,0,0,0,0,100,0,0,0,0,0,0,0,0,0,0,100,0,0,0,0,0,0,0,0,0,0,100,0,0,0,0,0,0,0,0,0,1,0,0,1,0,0,0,0,1,0,0,0
0,0,0,0,0,100,0,0,0,0,0,0,0,0,0,0,100,0,0,0,0,0,0,0,0,0,0,100,0,0,0,0,0,0,0,0,0,1,0,0,1,0,0,0,0,1,0,0,0
0,0,0,0,0,100,0,0,0,0,0,0,0,0,0,0,100,0,0,0,0,0,0,0,0,0,0,100,0,0,0,0,0,0,0,0,0,1,0,0,1,0,0,0,0,1,0,0,0
0,0,0,0,0,100,0,0,0,0,0,0,0,0,0,0,100,0,0,0,0,0,0,0,0,0,0,100,0,0,0,0,0,0,0,0,0,1,0,0,1,0,0,0,0,1,0,0,0
0,0,0,0,0,100,0,0,0,0,0,0,0,0,0,0,100,0,0,0,0,0,0,0,0,0,0,100,0,0,0,0,0,0,0,0,0,1,0,0,1,0,0,0,0,1,0,0,0
0,0,0,0,0,100,0,0,0,0,0,0,0,0,0,0,100,0,0,0,0,0,0,0,0,0,0,100,0,0,0,0,0,0,0.15094,0.037736,0.13208,0.67925,0,0,1,0,0,0,0,1,0,0,0
0,0,0,0,0,100,0,0,0,0,0,0,0,0,0,0,100,0,0,0,0,0,0,0,0,0,0,100,0,0,0,0,0,0,0,0,0,1,0,0,1,0,0,0,0,1,0,0,0
0,0,0,0,0,100,0,0,0,0,0,0,0,0,0,0,100,0,0,0,0,0,0,0,0,0,0,100,0,0,0,0,0,0,0,0,0,1,0,0,1,0,0,0,0,1,0,0,0
0,0,0,0,0,100,0,0,0,0,0,0,0,0,0,0,100,0,0,0,0,0,0,0,0,0,0,100,0,0,0,0,0,0,0,0,0,1,0,0,1,0,0,0,0,1,0,0,0
0,0,0,0,0,100,0,0,0,0,0,0,0,0,0,0,100,0,0,0,0,0,0,0,0,0,0,100,0,0,0,0,0,0,0,0,0,1,0,0,1,0,0,0,0,1,0,0,0
0,0,0,0,0,100,0,0,0,0,0,0,0,0,0,0,100,0,0,0,0,0,0,0,0,0,0,100,0,0,0,0,0,0,0.012048,0.024096,0.012048,0.95181,0,0,1,0,0,0,0,1,0,0,0
0,0,0,0,0,100,0,0,0,0,0,0,0,0,0,0,100,0,0,0,0,0,0,0,0,0,0,100,0,0,0,0,0,0,0,0,0,1,0,0,1,0,0,0,0,1,0,0,0
0,0,0,0,0,100,0,0,0,0,0,0,0,0,0,0,100,0,0,0,0,0,0,0,0,0,0,100,0,0,0,0,0,0,0,0,0,1,0,0,1,0,0,0,0,1,0,0,0
0,0,0,0,0,100,0,0,0,0,0,0,0,0,0,0,100,0,0,0,0,0,0,0,0,0,0,100,0,0,0,0,0,0,0,0,0.011111,0.98889,0,0,1,0,0,0,0,1,0,0,0
0,0,0,0,10.575,84.138,0,5.2874,0,0,0,5.2874,0,5.2874,0,5.2874,78.85,5.2874,0,0,0,0,5.2874,0,5.2874,0,0,58.788,25.35,0,5.2874,0,0,0,1,0,0,0,0,0,1,0,0,0,0,1,0,0,0
0,0,0,0,0,87.788,0,0,4.0706,8.1412,0,0,0,4.0706,0,0,76.141,11.647,4.0706,4.0706,0,0,0,0,0,0,0,72.07,15.718,0,4.0706,8.1412,0,0,1,0,0,0,0,0,1,0,0,0,0,1,0,0,0
0,0,0,0,22.384,49.711,4.9418,18.021,4.9418,0,0,9.3047,0,13.08,4.9418,22.963,26.747,4.3629,4.9418,8.7168,0,4.9418,4.3629,18.6,9.3047,0,0,40.994,17.434,0,9.3047,0,0,0,1,0,0,0,0,0,1,0,0,0,0,1,0,0,0
0,0,5.2683,13.967,16.971,45.404,5.7281,8.9021,3.759,0,0,3.759,0,4.8277,3.759,16.725,39.537,5.0131,6.9997,12.065,0,7.3151,10.411,18.312,3.759,0,0,35.564,9.8407,0,22.114,0,0,0,1,0,0,0,0,0,0.98734,0.012658,0,0,0.025316,0.97468,0,0,0
0,0,3.2945,10.794,13.389,30.623,18.398,23.502,0,0,0,2.2636,1.6472,21.331,2.3562,11.741,25.149,3.9108,11.329,11.032,4.6197,4.6197,2.2636,19.684,15.949,2.3562,3.9108,11.032,26.713,0,4.0034,11.825,2.2636,0,0.43902,0.073171,0.19512,0.29268,0.12195,0.02439,0.85366,0,0,0,0,0.85366,0.04878,0.097561,0
0,0,5.1072,11.467,21.904,12.991,45.978,2.5536,0,0,0,0,7.7724,16.685,14.132,8.9129,5.1072,2.5536,19.239,2.5536,14.132,8.9129,0,8.9129,22.933,8.9129,12.991,2.5536,10.438,0,16.685,16.574,0,0,0.775,0,0.1125,0.1125,0,0,1,0,0,0,0,1,0,0,0
0,0,0,10.117,27.283,35.572,10.009,13.568,3.4507,0,0,6.8232,6.5583,15.289,10.009,6.9014,13.568,3.3725,15.367,5.358,9.9308,6.8232,3.3725,10.274,6.8232,0,16.489,10.352,21.847,0,20.725,6.745,3.3725,0,0.89091,0.072727,0.036364,0,0,0.090909,0.90909,0,0,0,0,0.90909,0.090909,0,0
0,0,8.6035,18.054,19.464,32.991,1.4987,16.637,2.7505,0,0,5.5223,0,11.041,2.7505,17.536,34.169,2.7718,3.8712,15.621,1.2342,5.4833,15.624,19.983,5.5223,0,1.2342,22.254,13.901,0,17.778,2.4684,1.2342,0,0.88136,0.033898,0.050847,0.033898,0.033898,0.084746,0.88136,0,0,0,0,0.89831,0.067797,0.033898,0
0,0,4.4566,9.8046,14.626,23.319,24.368,15.85,7.5755,0,0,1.2325,8.5182,15.797,6.1079,7.7575,21.957,3.4608,16.792,2.2283,14.916,1.2325,1.2325,18.733,19.492,3.6967,8.2831,6.107,15.979,0,12.215,13.029,1.2325,0,0.083333,0.083333,0.25,0.58333,0.63889,0.27778,0.083333,0,0,0,0,0.083333,0.33333,0.58333,1
0,0,0,17.668,0,82.332,0,0,0,0,0,0,0,0,6.9218,28.871,35.336,0,10.746,0,18.125,0,0,0,0,0,0,35.336,46.995,0,0,17.668,0,0,0.5814,0.16279,0.023256,0.23256,0,0,1,0,0,0,0,1,0,0,0
0,0,0,28.684,0,71.316,0,0,0,0,0,0,0,0,0,13.947,42.632,0,28.684,0,14.737,0,0,0,0,0,0,42.632,28.684,0,0,28.684,0,0,1,0,0,0,0,0,1,0,0,0,0,1,0,0,0
0,0,0,10.807,0,89.193,0,0,0,0,0,0,0,0,0,17.25,43.887,0,10.807,0,28.056,0,0,0,0,0,0,43.887,45.306,0,0,10.807,0,0,1,0,0,0,0,0,1,0,0,0,0,1,0,0,0
0,0,0,0,65.293,0,17.354,0,17.354,0,0,0,0,0,41.323,0,0,0,0,23.97,34.707,0,0,17.354,0,17.354,0,0,23.97,23.97,17.354,0,0,0,0.875,0.053571,0.017857,0.053571,0,0,1,0,0,0,0,1,0,0,0
0,0,0,11.576,65.272,23.152,0,0,0,0,0,0,0,0,44.212,0,23.152,0,0,32.636,0,0,0,0,0,0,0,23.152,32.636,32.636,0,11.576,0,0,0.8913,0.065217,0,0.043478,0,0,1,0,0,0,0,1,0,0,0
0,0,0,0,67.759,32.241,0,0,0,0,0,0,0,0,82.241,0,0,0,0,17.759,0,0,0,0,0,0,0,32.241,17.759,32.241,17.759,0,0,0,1,0,0,0,0,0,1,0,0,0,0,1,0,0,0
0,0,0,11.806,47.12,6.1496,28.775,0,6.1496,0,0,0,6.1496,5.6564,23.313,17.956,6.1496,0,5.6564,17.657,11.806,5.6564,0,11.806,17.462,5.6564,0,6.1496,17.657,0,29.463,11.806,0,0,0.99301,0.006993,0,0,0,0.006993,0.99301,0,0,0,0,0.99301,0.006993,0,0
0,0,0,0,0,82.906,17.094,0,0,0,0,0,0,0,0,0,100,0,0,0,0,0,0,0,0,0,26.838,63.419,9.7437,0,0,0,0,0,1,0,0,0,0,0,1,0,0,0,0,1,0,0,0
0,0,0,0,0,0,0,0,0,0,0,0,0,0,0,0,0,0,0,0,0,0,0,0,0,0,0,0,0,0,0,0,0,0,1,0,0,0,0,0,1,0,0,0,0,1,0,0,0
0,0,0,0,0,77.016,22.984,0,0,0,0,0,0,0,0,0,100,0,0,0,0,0,0,0,0,0,39.58,46.527,13.894,0,0,0,0,0,1,0,0,0,0,0,1,0,0,0,0,1,0,0,0
0,0,0,33.333,0,66.667,0,0,0,0,0,0,0,0,33.333,0,66.667,0,0,0,0,0,0,0,0,0,0,66.667,0,0,0,33.333,0,0,1,0,0,0,0,0,1,0,0,0,0,1,0,0,0
0,0,0,0,0,0,0,0,0,0,0,0,0,0,0,0,0,0,0,0,0,0,0,0,0,0,0,0,0,0,0,0,0,0,1,0,0,0,0,0,1,0,0,0,0,1,0,0,0
0,0,0,9.2769,0,90.723,0,0,0,0,0,0,0,0,0,9.2769,81.446,0,9.2769,0,0,0,0,0,0,0,0,81.446,9.2769,0,0,9.2769,0,0,1,0,0,0,0,0,1,0,0,0,0,1,0,0,0
0,0,0,0,0,100,0,0,0,0,0,0,0,0,0,0,100,0,0,0,0,0,0,0,0,0,0,100,0,0,0,0,0,0,1,0,0,0,0,0,1,0,0,0,0,1,0,0,0
0,0,0,0,0,100,0,0,0,0,0,0,0,0,0,0,100,0,0,0,0,0,0,0,0,0,0,100,0,0,0,0,0,0,1,0,0,0,0,0,1,0,0,0,0,1,0,0,0
0,0,0,0,0,73.764,26.236,0,0,0,0,0,0,0,0,10.645,78.709,0,10.645,0,0,0,0,0,0,0,26.236,52.473,21.291,0,0,0,0,0,1,0,0,0,0,0,1,0,0,0,0,1,0,0,0
0,0,0,0,0,100,0,0,0,0,0,0,0,0,0,0,100,0,0,0,0,0,0,0,0,0,0,100,0,0,0,0,0,0,1,0,0,0,0,0,1,0,0,0,0,1,0,0,0
0,0,0,0,0,100,0,0,0,0,0,0,0,0,0,0,91.517,0,8.4828,0,0,0,0,0,0,0,8.4828,91.517,0,0,0,0,0,0,1,0,0,0,0,0,1,0,0,0,0,1,0,0,0
0,0,4.909,0,0,85.273,0,0,4.909,4.909,0,0,4.909,0,4.909,4.909,85.273,0,0,0,0,0,0,4.909,0,0,0,85.273,0,0,9.8179,0,0,0,1,0,0,0,0,0,1,0,0,0,0,1,0,0,0
0,0,0,0,0,100,0,0,0,0,0,0,0,0,0,0,100,0,0,0,0,0,0,0,0,12.43,0,87.57,0,0,0,0,0,0,1,0,0,0,0,0,1,0,0,0,0,1,0,0,0
0,0,0,0,6.9112,89.633,0,3.4556,0,0,0,3.4556,0,3.4556,0,3.4556,86.178,3.4556,0,0,0,0,3.4556,0,3.4556,0,0,77.586,12.047,0,3.4556,0,0,0,1,0,0,0,0,0,0.92453,0.075472,0,0.056604,0.075472,0.86792,0,0,0
0,0,0,0,0,100,0,0,0,0,0,0,0,0,0,26.63,73.37,0,0,0,0,0,0,0,0,9.3836,9.3836,63.986,9.3836,7.863,0,0,0,0,1,0,0,0,0,0,1,0,0,0,0,1,0,0,0
0,0,0,0,0,100,0,0,0,0,0,0,0,0,0,7.9404,92.06,0,0,0,0,0,0,0,0,0,0,92.06,0,7.9404,0,0,0,0,1,0,0,0,0,0,1,0,0,0,0,1,0,0,0
0,0,0,0,0,100,0,0,0,0,0,0,0,0,0,0,100,0,0,0,0,0,0,0,0,0,0,100,0,0,0,0,0,0,1,0,0,0,0,0,1,0,0,0,0,1,0,0,0
0,0,0,0,0,100,0,0,0,0,0,0,0,0,0,15.553,84.447,0,0,0,0,0,0,0,0,10.131,7.7767,74.316,0,7.7767,0,0,0,0,0.96512,0.034884,0,0,0,0,1,0,0,0,0,1,0,0,0
0,0,0,0,0,100,0,0,0,0,0,0,0,0,0,7.8608,92.139,0,0,0,0,0,0,0,0,0,0,92.139,0,7.8608,0,0,0,0,1,0,0,0,0,0,1,0,0,0,0,1,0,0,0
0,0,0,0,0,100,0,0,0,0,0,0,0,0,0,0,100,0,0,0,0,0,0,0,0,0,7.936,76.997,15.067,0,0,0,0,0,0,0,0.82,0.18,0,0,1,0,0,0,0,0,1,0,0
0,0,0,0,0,100,0,0,0,0,0,0,0,0,0,0,100,0,0,0,0,0,0,0,0,0,0,95.464,4.5358,0,0,0,0,0,0,0,1,0,0,0,1,0,0,0,0,0,1,0,0
0,0,0,0,0,100,0,0,0,0,0,0,0,0,0,0,100,0,0,0,0,0,0,0,0,0,0,100,0,0,0,0,0,0,1,0,0,0,0,0,1,0,0,0,0,1,0,0,0
0,0,0,0,0,100,0,0,0,0,0,0,0,0,0,0,100,0,0,0,0,0,0,0,0,0,0,100,0,0,0,0,0,0,1,0,0,0,0,0,1,0,0,0,0,1,0,0,0
0,0,0,0,0,100,0,0,0,0,0,0,0,0,0,0,100,0,0,0,0,0,0,0,0,0,0,100,0,0,0,0,0,0,1,0,0,0,0,0,1,0,0,0,0,1,0,0,0
0,0,0,0,0,100,0,0,0,0,0,0,0,0,0,0,100,0,0,0,0,0,0,0,0,0,0,100,0,0,0,0,0,0,1,0,0,0,0,0,1,0,0,0,0,1,0,0,0
0,0,0,0,0,100,0,0,0,0,0,0,0,0,0,0,100,0,0,0,0,0,0,0,0,0,0,100,0,0,0,0,0,0,1,0,0,0,0,0,1,0,0,0,0,1,0,0,0
0,0,0,0,0,100,0,0,0,0,0,0,0,0,0,0,100,0,0,0,0,0,0,0,0,0,0,100,0,0,0,0,0,0,1,0,0,0,0,0,1,0,0,0,0,1,0,0,0
0,0,0,0,0,96.019,3.9808,0,0,0,0,0,0,0,0,0,100,0,0,0,0,0,0,0,0,0,11.722,73.09,15.189,0,0,0,0,0,0,0.030303,0.63636,0.33333,0,0,1,0,0,0,0,0.12121,0.87879,0,0
0,0,0,0,0,100,0,0,0,0,0,0,0,0,0,0,100,0,0,0,0,0,0,0,0,0,3.2859,89.443,7.2712,0,0,0,0,0,0,0,1,0,0,0,1,0,0,0,0,0,1,0,0
0,0,0,0,0,89.968,10.032,0,0,0,0,0,0,0,0,3.9887,92.023,0,3.9887,0,0,0,0,0,0,0,14.265,60.046,25.689,0,0,0,0,0,0,0,0.78125,0.21875,0,0,1,0,0,0,0,0.09375,0.90625,0,0
0,0,0,0,0,95.838,4.162,0,0,0,0,0,0,0,0,0,100,0,0,0,0,0,0,0,0,0,7.4436,67.783,24.773,0,0,0,0,0,0,0,1,0,0,0,1,0,0,0,0,0,1,0,0
0,0,0,0,0,100,0,0,0,0,0,0,0,0,0,0,100,0,0,0,0,0,0,0,0,0,0,100,0,0,0,0,0,0,1,0,0,0,0,0,1,0,0,0,0,1,0,0,0
0,0,0,0,0,100,0,0,0,0,0,0,0,0,0,0,100,0,0,0,0,0,0,0,0,0,0,100,0,0,0,0,0,0,1,0,0,0,0,0,1,0,0,0,0,1,0,0,0
0,0,0,0,0,87.445,12.555,0,0,0,0,0,0,0,0,4.2598,82.022,8.5196,5.1989,0,0,0,0,0,0,0,26.273,46.957,26.77,0,0,0,0,0,0,0.013158,0.72368,0.26316,0,0,1,0,0,0,0,0.039474,0.96053,0,0
0,0,0,0,0,94.282,5.7184,0,0,0,0,0,0,0,0,7.8815,73.447,15.424,3.2477,0,0,0,0,0,0,3.0783,14.986,58.548,23.388,0,0,0,0,0,0,0,1,0,0,0,1,0,0,0,0,0,1,0,0
0,0,0,0,0,94.16,5.8397,0,0,0,0,0,0,0,0,10.165,75.345,8.6503,5.8397,0,0,0,0,0,0,0,14.49,65.18,20.33,0,0,0,0,0,0.97674,0.011628,0.011628,0,0,0,1,0,0,0,0,1,0,0,0
0,0,0,0,0,100,0,0,0,0,0,0,0,0,0,9.2348,59.54,31.225,0,0,0,0,0,0,0,6.3778,18.47,56.683,18.47,0,0,0,0,0,1,0,0,0,0,0,1,0,0,0,0,1,0,0,0
0,0,6.5739,0,0,86.852,0,0,6.5739,0,0,0,0,0,6.5739,0,86.852,0,0,0,6.5739,0,0,6.5739,0,0,0,86.852,0,0,0,6.5739,0,0,1,0,0,0,0,0,1,0,0,0,0,1,0,0,0
0,0,23.043,0,0,52.173,0,0,24.784,0,0,5.9802,13.702,0,11.083,0,46.193,0,5.9802,5.9802,11.083,0,0,23.043,13.702,0,0,46.193,5.9802,0,0,11.083,0,0.053763,0.94624,0,0,0,0,0,1,0,0,0,0,1,0,0,0
0,0,13.435,0,0,45.324,0,0,14.852,17.084,9.3055,17.193,2.7734,0,21.384,0,33.245,0,2.7734,2.7734,2.7734,17.084,9.3055,13.435,2.7734,0,0,33.245,12.079,17.084,0,12.079,0,0,1,0,0,0,0,0,1,0,0,0,0,1,0,0,0
0,0,0,0,0,100,0,0,0,0,0,0,0,0,0,0,100,0,0,0,0,0,0,0,0,0,0,100,0,0,0,0,0,0,1,0,0,0,0,0,1,0,0,0,0,1,0,0,0
0,0,0,0,0,100,0,0,0,0,0,0,0,0,0,0,100,0,0,0,0,0,0,0,0,0,0,100,0,0,0,0,0,0,1,0,0,0,0,0,1,0,0,0,0,1,0,0,0
0,0,0,0,0,100,0,0,0,0,0,0,0,0,0,0,100,0,0,0,0,0,0,0,0,0,0,100,0,0,0,0,0,0,1,0,0,0,0,0,1,0,0,0,0,1,0,0,0
0,0,9.5679,0,0,41.744,0,0,22.608,13.04,13.04,13.04,0,0,35.648,0,28.704,0,0,0,9.5679,13.04,13.04,9.5679,0,0,0,28.704,13.04,13.04,0,22.608,0,0.094737,0.90526,0,0,0,0,0,1,0,0,0,0,1,0,0,0
0,0,7.3971,19.07,18.111,36.571,1.4767,11.918,5.457,0,0,7.9375,0,2.4805,5.457,12.831,43.078,10.173,9.1693,3.4168,0,5.457,13.858,14.331,15.63,0,0,21.186,7.6926,0,27.303,0,0,0,0.93617,0.06383,0,0,0,0,0,1,0,1,0,0,0,0,1
0,0,9.8622,15.285,17.286,27.003,13.558,14.324,2.6824,0,0,2.6824,8.7957,12.193,6.3756,10.581,19.98,4.4493,9.71,10.435,7.8079,6.9904,2.4131,14.812,9.7886,1.2826,7.0916,12.927,19.215,1.0894,12.878,17.413,1.0894,0,0,0,0,1,1,0,0,0,0,0,0,0,0,1,1
0,0,7.2787,23.483,12.84,35.703,6.3914,11.715,2.589,0,0,4.5962,1.4172,2.0072,2.589,19.702,34.22,6.3405,6.9222,11.081,2.3669,8.7583,11.671,21.011,8.9294,0,0.94974,23.72,6.7001,0,21.335,4.7338,0.94974,0,0.77778,0.11111,0,0.11111,0.11111,0.047619,0.047619,0.7619,0.031746,0.77778,0.063492,0.047619,0,0.11111,1
0,0,8.1338,31.111,6.6919,38.027,2.8838,11.696,1.4563,0,0,3.9033,13.27,7.6826,1.4563,1.4563,38.25,11.476,10.919,1.4419,6.2407,3.9033,5.3596,5.3596,14.822,0,3.889,13.27,14.275,3.7937,12.389,20.601,6.2407,0,0,0,0,1,1,0,0,0,0,0,0,0,0,1,1
0,0,11.898,30.684,13.453,35.436,0,8.53,0,0,0,0,11.898,3.3678,0,0,35.436,16.821,3.5201,8.53,11.898,8.53,0,8.53,3.5201,0,0,3.3678,28.548,3.3678,15.57,33.728,3.3678,0,0.018868,0.037736,0.075472,0.86792,0.86792,0.09434,0.018868,0.018868,0,0.018868,0.018868,0.018868,0.075472,0.86792,1
0,0,3.6063,21.461,23.165,19.719,17.233,11.464,3.3513,0,0,2.253,8.6983,14.117,4.0418,12.052,18.49,8.9763,10.027,1.769,13.252,6.323,2.253,12.611,13.143,2.3011,5.7345,5.1886,12.277,4.8859,15.259,22.257,4.0904,0,0,0,0,1,1,0,0,0,0,0,0,0,0,1,1
0,0,7.1758,17.324,33.773,27.025,4.7407,8.387,1.5747,0,0,0.93139,10.52,9.1762,0,9.8112,26.186,13.144,13.181,5.5928,6.5159,4.9412,0.93139,6.5159,9.0251,0,2.5144,6.5107,16.23,6.6618,23.844,26.836,0.93139,0,0,0,0,1,1,0,0,0,0,0,0,0,0,1,1
0,0,5.1486,23.927,35.183,35.741,0,0,0,0,0,0,13.63,12.657,0,7.5087,27.26,17.806,15.99,0,5.1486,0,0,0,8.4812,0,0,13.63,13.63,12.657,23.499,22.955,5.1486,0,0,0.023529,0.11765,0.85882,0.83529,0.12941,0.035294,0,0,0,0,0.023529,0.15294,0.82353,1
0,0,8.2297,12.387,39.458,6.7598,25.928,3.2332,4.0041,0,0,0,4.9965,15.509,7.8684,10.513,9.993,13.408,16.979,3.2332,13.636,3.8643,0,7.8684,14.195,7.8684,3.2332,4.9965,1.7633,8.4116,24.398,25.502,1.7633,0,0,0,0.047059,0.95294,0.95294,0.047059,0,0,0,0,0,0,0.058824,0.94118,1
0,0,10.389,24.892,18.321,29.175,9.7568,2.2901,5.1766,0,0,0,13.275,8.0987,0,10.353,31.465,18.953,4.5802,2.2901,10.985,0,0,5.1766,9.7568,0,2.2901,13.275,15.899,5.8086,7.4667,34.518,5.8086,0,0,0,0.027027,0.97297,0.97297,0.027027,0,0,0,0,0,0,0.027027,0.97297,1
0,0,4.2354,25.99,22.329,20.373,7.1829,15.654,4.2354,0,0,4.2354,3.1538,0,4.2354,29.512,26.197,10.911,3.1538,7.1829,0,11.418,15.654,22.837,7.3892,0,0,3.1538,14.065,10.911,25.99,0,0,0,0.66667,0.28986,0.014493,0.028986,0.028986,0.014493,0.014493,0.94203,0,0.94203,0,0.014493,0.014493,0.028986,1
0,0,0,0,0,100,0,0,0,0,0,0,0,0,0,49.07,50.93,0,0,0,0,0,0,0,0,5.7285,21.465,45.202,6.14,21.465,0,0,0,0,0,0.18182,0.81818,0,0,0,1,0,0,0,0,0.27273,0.72727,0,0
0,0,0,0,0,100,0,0,0,0,0,0,0,0,0,0,100,0,0,0,0,0,0,0,0,0,0,66.667,33.333,0,0,0,0,1,0,0,0,0,0,0,1,0,0,0,0,1,0,0,0
0,0,0,0,0,100,0,0,0,0,0,0,0,0,0,8.7106,91.289,0,0,0,0,0,0,0,0,0,0,41.143,58.857,0,0,0,0,1,0,0,0,0,0,0,1,0,0,0,0,1,0,0,0
0,0,0,0,0,100,0,0,0,0,0,0,0,0,0,22.45,55.783,21.767,0,0,0,0,0,0,0,0,0,77.55,22.45,0,0,0,0,1,0,0,0,0,0,0,1,0,0,0,0,1,0,0,0
0,0,0,0,0,100,0,0,0,0,0,0,0,0,0,23.242,53.517,23.242,0,0,0,0,0,0,0,0,0,67.828,32.172,0,0,0,0,1,0,0,0,0,0,0,1,0,0,0,0,1,0,0,0
0,0,0,9.564,71.308,19.128,0,0,0,0,0,0,0,0,0,61.744,19.128,9.564,9.564,0,0,0,0,0,9.564,0,0,0,9.564,61.744,19.128,0,0,0,0.94231,0.019231,0.038462,0,0,0,0.057692,0.94231,0,0.92308,0.019231,0.019231,0.038462,0,1
0,0,0,0,0,100,0,0,0,0,0,0,0,0,0,50.899,49.101,0,0,0,0,0,0,0,0,18.632,18.632,30.468,29.069,3.1986,0,0,0,0,0,0.075,0.925,0,0,0,1,0,0,0,0,0.1,0.9,0,0
0,0,0,0,50,50,0,0,0,0,0,0,0,0,0,50,0,50,0,0,0,0,0,0,0,0,0,0,50,50,0,0,0,0,0.81579,0.026316,0.15789,0,0,0,0.18421,0.81579,0,0.78947,0.052632,0,0.15789,0,1
0,0,0,25,0,75,0,0,0,0,0,25,0,0,0,0,75,0,0,0,0,0,0,0,25,0,0,75,0,0,0,0,0,1,0,0,0,0,0,0,1,0,0,0,0,1,0,0,0
0,0,0,0,0,100,0,0,0,0,0,0,0,0,0,43.187,56.813,0,0,0,0,0,0,0,0,7.2998,21.594,49.513,7.2998,14.294,0,0,0,0,0.065574,0,0.93443,0,0,0,1,0,0,0,0,0.065574,0.93443,0,0
0,0,0,0,0,83.905,0,16.095,0,0,0,0,0,0,0,16.992,33.826,49.182,0,0,0,0,0,16.095,0,0,0,66.913,16.992,0,0,0,0,1,0,0,0,0,0,0,1,0,0,0,0,1,0,0,0
0,0,0,0,0,57.424,27.728,14.848,0,0,0,0,0,0,0,0,85.152,14.848,0,0,0,0,0,14.848,0,27.728,0,57.424,0,0,0,0,0,0.63265,0.36735,0,0,0,0,0,1,0,0,0,0,1,0,0,0
0,0,0,0,0,100,0,0,0,0,0,0,0,0,0,13.175,86.825,0,0,0,0,0,0,0,0,0,0,86.825,13.175,0,0,0,0,0,0.083333,0,0.91667,0,0,0,1,0,0,0,0,0.083333,0.91667,0,0
0,0,0,0,0,82.625,0,17.375,0,0,0,0,0,0,0,0,50.708,49.292,0,0,0,0,0,17.375,0,0,0,82.625,0,0,0,0,0,0.90323,0.096774,0,0,0,0,0,1,0,0,0,0,1,0,0,0
0,0,0,0,0,50,29.694,20.306,0,0,0,0,0,0,8.218,0,59.388,32.394,0,0,0,0,0,20.306,0,29.694,0,50,0,0,0,0,0,0,0.30208,0.69792,0,0,0,0,1,0,0,0,0,1,0,0,0
0,0,0,0,0,69.751,30.249,0,0,0,0,0,0,0,0,0,100,0,0,0,0,0,0,0,0,30.249,0,69.751,0,0,0,0,0,0,0.64815,0.12963,0.14815,0.074074,0,0,1,0,0,0,0,1,0,0,0
0,0,0,0,0,100,0,0,0,0,0,0,0,0,0,0,100,0,0,0,0,0,0,0,0,0,0,100,0,0,0,0,0,0,0.78,0.2,0,0.02,0,0,1,0,0,0,0,1,0,0,0
0,0,0,0,0,50,50,0,0,0,0,0,0,0,9.5779,0,80.844,9.5779,0,0,0,0,0,0,0,40.422,9.5779,50,0,0,0,0,0,0,0,0.052632,0.48421,0.46316,0,0,1,0,0,0,0,1,0,0,0
0,0,9.3292,0,0,90.671,0,0,0,0,0,0,9.3292,0,0,0,81.342,9.3292,0,0,0,0,9.3292,0,0,0,9.3292,72.012,9.3292,0,0,0,0,0,0,0,0.06993,0.93007,0,0,1,0,0,0,0,1,0,0,0
0,0,0,0,0,100,0,0,0,0,0,0,0,0,0,0,100,0,0,0,0,0,0,0,0,0,0,89.032,10.968,0,0,0,0,1,0,0,0,0,0,0,1,0,0,0,0,1,0,0,0
0,0,0,0,0,61.89,0,0,38.11,0,0,0,23.78,14.33,0,0,61.89,0,0,0,0,0,0,0,0,0,0,61.89,0,0,0,0,38.11,1,0,0,0,0,0,0,1,0,0,0,0,1,0,0,0
0,0,0,0,0,100,0,0,0,0,0,0,0,0,0,0,100,0,0,0,0,0,0,0,0,0,0,100,0,0,0,0,0,1,0,0,0,0,0,0,1,0,0,0,0,1,0,0,0
0,0,0,0,0,57.28,0,0,42.72,0,0,0,14.56,28.159,0,0,57.28,0,0,0,0,0,0,0,0,0,0,57.28,0,0,0,0,42.72,0.94595,0.045045,0,0,0.009009,0,0,1,0,0,0,0,1,0,0,0
0,0,0,0,0,83.891,0,0,16.109,0,0,0,16.109,0,0,0,83.891,0,0,0,0,0,0,0,0,0,0,83.891,0,0,0,0,16.109,0,0,0,0.21429,0.78571,0,0,1,0,0,0,0,1,0,0,0
0,0,0,0,0,87.589,0,0,12.411,0,0,0,12.411,0,0,0,87.589,0,0,0,0,0,0,0,0,0,0,87.589,0,0,0,0,12.411,0,0,0,0.29412,0.70588,0,0,1,0,0,0,0,1,0,0,0
0,0,0,0,0,82.093,0,0,17.907,0,0,0,0,17.907,0,0,82.093,0,0,0,0,0,0,0,0,0,0,82.093,0,0,0,0,17.907,0,0,0.037736,0.33962,0.62264,0,0,1,0,0,0,0,1,0,0,0
0,0,0,0,0,76.012,0,0,23.988,0,0,0,0,23.988,0,0,76.012,0,0,0,0,0,0,0,0,0,0,76.012,0,0,0,0,23.988,0,0,0.014286,0.3,0.68571,0,0,1,0,0,0,0,1,0,0,0
0,0,0,0,0,100,0,0,0,0,0,0,0,0,0,0,100,0,0,0,0,0,0,0,0,0,0,100,0,0,0,0,0,0,0,0.012821,0.089744,0.89744,0,0,1,0,0,0,0,1,0,0,0
0,0,0,0,0,100,0,0,0,0,0,0,0,0,0,0,100,0,0,0,0,0,0,0,0,0,0,100,0,0,0,0,0,0,0,0,0.25,0.75,0,0,1,0,0,0,0,1,0,0,0
0,0,0,0,0,100,0,0,0,0,0,0,0,0,0,0,100,0,0,0,0,0,0,0,0,0,0,100,0,0,0,0,0,0,0,0.027778,0.13889,0.83333,0,0,1,0,0,0,0,1,0,0,0
0,0,0,0,0,100,0,0,0,0,0,0,0,0,0,0,100,0,0,0,0,0,0,0,0,0,0,100,0,0,0,0,0,0,0,0.094118,0.11765,0.78824,0,0,1,0,0,0,0,1,0,0,0
0,0,0,0,0,100,0,0,0,0,0,0,0,0,0,12.355,66.906,20.739,0,0,0,0,0,0,0,0,0,87.645,12.355,0,0,0,0,0.98649,0.013514,0,0,0,0,0,1,0,0,0,0,1,0,0,0
0,0,9.817,0,0,59.817,14.309,16.057,0,0,0,14.309,9.817,0,0,0,50,9.817,0,0,0,16.057,40.183,0,0,0,9.817,40.183,9.817,0,0,0,0,0,0.73196,0.061856,0.051546,0.15464,0,0,1,0,0,0,0,1,0,0,0
0,0,0,0,0,47.091,47.091,5.818,0,0,0,47.091,0,0,0,0,41.273,5.818,0,0,0,5.818,52.909,0,0,0,0,41.273,5.818,0,0,0,0,0,0.5,0,0.5,0,0,0,1,0,0,0,0,1,0,0,0
0,0,11.199,20.549,0,48.728,9.762,9.762,0,0,0,9.762,11.199,0,0,0,38.966,9.762,0,0,20.549,9.762,30.723,20.549,0,0,9.3508,29.615,9.762,0,0,0,0,0,0.38554,0.10843,0.44578,0.060241,0,0,1,0,0,0,0,1,0,0,0
0,0,0,0,0,47.357,5.2853,47.357,0,0,0,5.2853,0,0,0,0,42.072,5.2853,0,0,0,47.357,52.643,0,0,0,0,42.072,5.2853,0,0,0,0,0,0.55556,0,0.11111,0.33333,0,0,1,0,0,0,0,1,0,0,0
0,0,0,0,0,100,0,0,0,0,0,0,0,0,0,0,100,0,0,0,0,0,0,0,0,0,0,100,0,0,0,0,0,0,0,0.021505,0.22581,0.75269,0,0,1,0,0,0,0,1,0,0,0
0,0,0,0,0,100,0,0,0,0,0,0,0,0,0,0,100,0,0,0,0,0,0,0,0,0,0,100,0,0,0,0,0,0,0,0.0097087,0.31068,0.67961,0,0,1,0,0,0,0,1,0,0,0
0,0,0,0,0,100,0,0,0,0,0,0,0,0,0,0,100,0,0,0,0,0,0,0,0,0,0,100,0,0,0,0,0,0,0,0.022472,0.24719,0.73034,0,0,1,0,0,0,0,1,0,0,0
0,0,0,0,0,100,0,0,0,0,0,0,0,0,0,0,100,0,0,0,0,0,0,0,0,0,0,100,0,0,0,0,0,0,0,0.022727,0.30682,0.67045,0,0,1,0,0,0,0,1,0,0,0
0,0,0,0,0,100,0,0,0,0,0,0,0,0,0,0,100,0,0,0,0,0,0,0,0,0,0,100,0,0,0,0,0,0,0,0.014706,0.33824,0.64706,0,0,1,0,0,0,0,1,0,0,0
0,0,0,0,0,100,0,0,0,0,0,0,0,0,0,0,100,0,0,0,0,0,0,0,0,0,0,100,0,0,0,0,0,0,0,0,0.14943,0.85057,0,0,1,0,0,0,0,1,0,0,0
0,0,0,0,0,100,0,0,0,0,0,0,0,0,0,0,100,0,0,0,0,0,0,0,0,0,0,100,0,0,0,0,0,0,0,0,0.18667,0.81333,0,0,1,0,0,0,0,1,0,0,0
0,0,0,0,0,100,0,0,0,0,0,0,0,0,0,0,100,0,0,0,0,0,0,0,0,0,0,100,0,0,0,0,0,0,0,0.023529,0.2,0.77647,0,0,1,0,0,0,0,1,0,0,0
6.5043,6.5975,22.573,5.3836,7.0097,36.506,3.9214,7.4255,4.0798,0,0,1.4623,19.065,12.719,5.87,0,15.787,6.3696,16.641,1.4623,10.362,10.262,12.048,10.426,5.1298,24.547,0,8.8378,1.4677,5.5475,12.079,16.001,3.9159,1,0,0,0,0,0,0,1,0,0,0,0,1,0,0,0
0,0,0,6.1782,0,76.226,0,0,0,0,17.596,0,0,6.1782,0,0,88.381,0,0,0,0,5.4404,0,0,0,0,0,70.785,17.596,0,0,5.4404,6.1782,0,0.17544,0.54386,0.19298,0.087719,0,0,1,0,0,0,0,1,0,0,0
0,0,0,0,0,100,0,0,0,0,0,0,0,0,0,0,100,0,0,0,0,0,0,0,0,0,0,93.452,6.5475,0,0,0,0,0,0,0.089552,0.91045,0,0,0,1,0,0,0,0,0.089552,0.91045,0,0
0,0,0,0,0,58.072,12.892,29.036,0,0,0,0,0,0,12.892,16.144,41.928,29.036,0,0,0,0,16.144,12.892,0,12.892,0,58.072,0,0,0,0,0,0.9,0.1,0,0,0,0,0,1,0,0,0,0,1,0,0,0
0,0,0,0,0,57.221,25.328,17.451,0,0,0,0,0,0,21.887,0,57.221,20.892,0,0,0,0,0,17.451,0,12.664,12.664,57.221,0,0,0,0,0,0,0.25974,0.74026,0,0,0,0,1,0,0,0,0,1,0,0,0
0,0,0,0,0,100,0,0,0,0,0,0,0,0,0,0,100,0,0,0,0,0,0,0,0,0,0,92.74,7.2603,0,0,0,0,0,0,0.045455,0.95455,0,0,0,1,0,0,0,0,0.045455,0.95455,0,0
0,0,0,0,0,72.095,0,27.905,0,0,0,0,0,0,13.524,14.381,42.809,29.285,0,0,0,0,14.381,13.524,0,0,14.381,57.713,0,0,0,0,0,0.90741,0.092593,0,0,0,0,0,1,0,0,0,0,1,0,0,0
0,0,0,0,0,68.029,14.267,17.704,0,0,0,0,0,0,8.5596,19.066,38.495,33.879,0,0,0,0,12.676,5.0275,0,10.735,31.027,38.36,2.175,0,0,0,0,0,0.28571,0.71429,0,0,0,0,1,0,0,0,0,1,0,0,0
0,0,0,0,0,69.466,22.855,7.6792,0,0,0,0,0,0,12.875,4.7844,69.466,12.875,0,0,0,0,0,7.6792,0,17.659,9.98,59.897,4.7844,0,0,0,0,0,0.25,0.125,0.54167,0.083333,0,0,1,0,0,0,0,1,0,0,0
0,0,0,0,0,100,0,0,0,0,0,0,0,0,0,0,100,0,0,0,0,0,0,0,0,0,0,75,25,0,0,0,0,0,0,0,0.57937,0.42063,0,0,1,0,0,0,0,1,0,0,0
0,0,0,0,0,84.023,15.977,0,0,0,0,0,0,0,7.9887,4.8045,50.26,36.947,0,0,0,0,0,0,0,7.9887,36.947,36.386,18.679,0,0,0,0,0,0,0.055556,0.33333,0.61111,0,0,1,0,0,0,0,1,0,0,0
0,0,4.6212,0,0,86.745,4.0126,0,4.6212,0,0,0,0,4.6212,0,31.079,64.3,0,0,0,0,0,4.6212,0,0,4.0126,4.0126,38.451,44.282,0,0,4.6212,0,0,0,0,0.31325,0.68675,0,0,1,0,0,0,0,1,0,0,0
0,0,5.1832,16.139,17.28,23.292,7.7581,20.294,10.055,0,0,12.224,0,2.1692,10.055,22.868,29.815,2.1692,4.8717,2.8863,0,12.941,15.422,25.882,12.224,0,0,23.292,0,0,23.18,0,0,0,0.86957,0.086957,0,0.043478,0.043478,0.086957,0.65217,0.086957,0.13043,0.13043,0.13043,0.65217,0.043478,0.043478,0
0,0,0,0,0,96.468,3.5324,0,0,0,0,0,0,0,0,3.5324,63.916,25.826,6.7255,0,0,0,0,0,0,12.913,14.464,52.733,19.89,0,0,0,0,0,0.19608,0.098039,0.70588,0,0,0,1,0,0,0,0,0.45098,0.54902,0,0
0,0,0,0,0,100,0,0,0,0,0,0,0,0,0,0,81.211,18.789,0,0,0,0,0,0,0,9.3945,0,71.376,19.23,0,0,0,0,0,0,0.1,0.9,0,0,0,1,0,0,0,0,0.11667,0.88333,0,0
0,0,0,0,0,85.054,0,14.946,0,0,0,0,0,0,0,14.946,70.109,14.946,0,0,0,0,14.946,0,0,0,0,71.264,13.791,0,0,0,0,1,0,0,0,0,0,0,1,0,0,0,0,1,0,0,0
0,0,0,0,0,76.654,12.527,10.818,0,0,0,0,0,0,4.5151,14.316,52.094,29.075,0,0,0,0,10.818,0,0,8.0122,32.572,31.358,17.239,0,0,0,0,0.42857,0.54762,0.02381,0,0,0,0,1,0,0,0,0,1,0,0,0
0,0,0,0,0,100,0,0,0,0,0,0,0,0,0,5.7896,70.674,23.537,0,0,0,0,0,0,0,5.9787,17.558,55.352,21.111,0,0,0,0,0,0.081633,0.081633,0.83673,0,0,0,1,0,0,0,0,0.28571,0.71429,0,0
0,0,31.495,0,0,47.508,0,0,20.997,0,0,10.498,10.498,0,10.498,0,37.01,0,10.498,10.498,10.498,0,0,31.495,10.498,0,0,27.757,19.751,0,0,10.498,0,0.91667,0.083333,0,0,0,0,0,1,0,0,0,0,1,0,0,0
0,0,0,0,0,90.189,9.8115,0,0,0,0,0,0,0,0,22.547,39.246,38.207,0,0,0,0,0,0,0,9.8115,48.018,32.359,9.8115,0,0,0,0,0.056604,0.73585,0.13208,0.037736,0.037736,0,0,1,0,0,0,0,1,0,0,0
0,0,7.4493,0,0,85.101,0,0,7.4493,0,0,0,0,7.4493,0,14.899,77.652,0,0,0,0,0,7.4493,0,0,0,0,61.964,23.138,0,0,7.4493,0,0,0.7375,0.15,0.0125,0.1,0,0,1,0,0,0,0,1,0,0,0
0,0,9.9347,0,0,90.065,0,0,0,0,0,0,0,0,0,0,76.652,13.413,0,9.9347,0,0,0,0,0,0,0,80.131,9.9347,0,0,9.9347,0,1,0,0,0,0,0,0,1,0,0,0,0,1,0,0,0
0,0,0,0,0,100,0,0,0,0,0,0,0,0,0,0,100,0,0,0,0,0,0,0,0,0,0,93.209,6.7908,0,0,0,0,1,0,0,0,0,0,0,1,0,0,0,0,1,0,0,0
0,0,0,0,0,69.461,0,0,30.539,0,0,0,0,0,30.539,0,69.461,0,0,0,0,0,0,0,0,0,0,69.461,0,0,0,0,30.539,1,0,0,0,0,0,0,1,0,0,0,0,1,0,0,0
0,0,0,0,4.4905,80.911,0,0,14.598,0,0,0,0,0,19.089,0,80.911,0,0,0,0,0,0,0,0,0,0,80.911,0,0,4.4905,0,14.598,0,0,0.018519,0.27778,0.7037,0,0,1,0,0,0,0,1,0,0,0
0,0,0,0,0,89.631,0,0,10.369,0,0,0,0,0,10.369,0,89.631,0,0,0,0,0,0,0,0,0,0,89.631,0,0,0,0,10.369,0,0,0,0.21739,0.78261,0,0,1,0,0,0,0,1,0,0,0
0,0,0,0,0,100,0,0,0,0,0,0,0,0,0,0,100,0,0,0,0,0,0,0,0,0,0,100,0,0,0,0,0,0,0,0,0.069444,0.93056,0,0,1,0,0,0,0,1,0,0,0
0,0,0,0,0,100,0,0,0,0,0,0,0,0,0,0,100,0,0,0,0,0,0,0,0,0,0,100,0,0,0,0,0,0,0,0.10345,0.17241,0.72414,0,0,1,0,0,0,0,1,0,0,0
0,0,32.351,17.456,0,44.684,0,0,5.5089,0,0,0,26.842,5.5089,0,11.018,29.79,9.3858,0,0,17.456,0,32.351,17.456,0,0,9.3858,20.404,14.895,0,0,5.5089,0,0,0.29524,0.095238,0.60952,0,0,0,1,0,0,0,0,1,0,0,0
3.1711,0,6.4175,0,9.4388,61.795,0,0,9.5142,9.6629,0,3.0967,6.4919,0,12.76,9.5142,55.528,3.0967,3.1711,6.3421,0,0,0,9.5142,0,0,9.4388,55.528,0,0,22.423,0,3.0967,0,1,0,0,0,0,0,1,0,0,0,0,1,0,0,0
0,0,5.6596,3.4426,0,63.405,0,0,27.492,0,0,0,0,5.6596,0,33.077,57.82,0,0,0,3.4426,0,5.6596,3.4426,0,0,3.4426,12.591,47.372,0,0,27.492,0,0,0.33766,0.14286,0.49351,0.025974,0,0,1,0,0,0,0,1,0,0,0
0,0,11.549,17.935,0,70.516,0,0,0,0,0,0,11.549,0,0,0,58.967,11.549,0,0,17.935,0,11.549,17.935,0,0,29.484,29.484,11.549,0,0,0,0,0,1,0,0,0,0,0,1,0,0,0,0,1,0,0,0
0,0,29.228,0,0,56.924,0,0,13.848,0,0,0,0,29.228,0,27.696,43.076,0,0,0,0,0,29.228,0,0,0,0,27.696,29.228,0,0,13.848,0,0,0.96386,0.012048,0.012048,0.012048,0,0,1,0,0,0,0,1,0,0,0
0,0,6.3329,0,0,53.166,0,0,40.501,0,0,0,0,6.3329,0,46.834,46.834,0,0,0,0,0,6.3329,0,0,0,0,12.666,40.501,0,0,40.501,0,0,0.91667,0,0.041667,0.041667,0,0,1,0,0,0,0,1,0,0,0
0,0,0,0,0,100,0,0,0,0,0,0,0,0,0,0,100,0,0,0,0,0,0,0,0,0,0,100,0,0,0,0,0,0,0,0,0.034091,0.96591,0,0,1,0,0,0,0,1,0,0,0
0,0,0,0,0,100,0,0,0,0,0,0,0,0,0,0,100,0,0,0,0,0,0,0,0,0,0,100,0,0,0,0,0,0,0,0.013889,0.31944,0.66667,0,0,1,0,0,0,0,1,0,0,0
0,0,0,0,0,100,0,0,0,0,0,0,0,0,0,0,100,0,0,0,0,0,0,0,0,0,0,100,0,0,0,0,0,0,0,0.032258,0.27419,0.69355,0,0,1,0,0,0,0,1,0,0,0
0,0,0,0,0,100,0,0,0,0,0,0,0,0,0,0,100,0,0,0,0,0,0,0,0,0,0,100,0,0,0,0,0,0,0,0,0.25301,0.74699,0,0,1,0,0,0,0,1,0,0,0
0,0,0,0,0,100,0,0,0,0,0,0,0,0,0,0,100,0,0,0,0,0,0,0,0,0,0,100,0,0,0,0,0,0,0,0,0.3125,0.6875,0,0,1,0,0,0,0,1,0,0,0
0,0,0,0,0,100,0,0,0,0,0,0,0,0,0,0,100,0,0,0,0,0,0,0,0,0,0,100,0,0,0,0,0,0,0,0,0.25556,0.74444,0,0,1,0,0,0,0,1,0,0,0
0,0,0,0,0,100,0,0,0,0,0,0,0,0,0,0,100,0,0,0,0,0,0,0,0,0,0,100,0,0,0,0,0,0,0,0.01087,0.16304,0.82609,0,0,1,0,0,0,0,1,0,0,0
0,0,0,0,0,100,0,0,0,0,0,0,0,0,0,0,100,0,0,0,0,0,0,0,0,0,0,100,0,0,0,0,0,0,0,0.031579,0.29474,0.67368,0,0,1,0,0,0,0,1,0,0,0
0,0,0,0,0,100,0,0,0,0,0,0,0,0,0,0,100,0,0,0,0,0,0,0,0,0,0,100,0,0,0,0,0,0,1,0,0,0,0,0,1,0,0,0,0,1,0,0,0
0,0,0,5.2012,0,94.799,0,0,0,0,0,0,0,0,0,5.2012,89.598,0,5.2012,0,0,0,0,0,0,0,0,89.598,5.2012,0,0,5.2012,0,0,1,0,0,0,0,0,1,0,0,0,0,1,0,0,0
0,0,0,0,0,100,0,0,0,0,0,0,0,0,0,0,100,0,0,0,0,0,0,0,0,0,0,100,0,0,0,0,0,0,1,0,0,0,0,0,1,0,0,0,0,1,0,0,0
0,0,0,0,0,100,0,0,0,0,0,0,0,0,0,0,100,0,0,0,0,0,0,0,0,0,0,100,0,0,0,0,0,0,1,0,0,0,0,0,1,0,0,0,0,1,0,0,0
0,0,0,0,0,100,0,0,0,0,0,0,0,0,0,0,100,0,0,0,0,0,0,0,0,0,0,100,0,0,0,0,0,0,1,0,0,0,0,0,1,0,0,0,0,1,0,0,0
0,0,0,0,0,100,0,0,0,0,0,0,0,0,0,0,100,0,0,0,0,0,0,0,0,0,0,100,0,0,0,0,0,0,1,0,0,0,0,0,1,0,0,0,0,1,0,0,0
0,0,0,0,6.3368,87.326,6.3368,0,0,0,0,6.3368,6.3368,0,0,0,84.117,0,0,0,0,3.2096,6.3368,0,0,0,0,84.117,0,0,0,3.2096,6.3368,0,1,0,0,0,0,0,1,0,0,0,0,1,0,0,0
0,0,0,0,0,100,0,0,0,0,0,0,0,0,0,0,95.119,0,0,0,0,4.8809,0,0,0,0,0,95.119,0,0,0,4.8809,0,0,1,0,0,0,0,0,1,0,0,0,0,1,0,0,0
0,0,0,0,0,100,0,0,0,0,0,0,0,0,0,0,100,0,0,0,0,0,0,0,0,0,0,100,0,0,0,0,0,0,1,0,0,0,0,0,1,0,0,0,0,1,0,0,0
0,0,0,0,3.0339,74.668,22.298,0,0,0,0,3.0339,6.142,0,0,3.1081,74.668,0,0,0,9.9396,3.1081,3.0339,0,9.9396,0,6.2162,71.56,0,0,0,3.1081,6.142,0,1,0,0,0,0,0,1,0,0,0,0,1,0,0,0
0,0,0,0,0,100,0,0,0,0,0,0,0,0,0,0,95.201,0,0,0,0,4.7987,0,0,0,0,0,95.201,0,0,0,4.7987,0,0,1,0,0,0,0,0,1,0,0,0,0,1,0,0,0
0,0,0,0,3.2898,54.215,42.495,0,0,0,0,3.2898,8.6717,0,0,11.962,52.381,0,0,0,13.19,10.505,3.2898,0,13.19,0,23.923,40.42,0,0,0,10.505,8.6717,0,1,0,0,0,0,0,1,0,0,0,0,1,0,0,0
0,0,0,0,5.2708,53.661,41.068,0,0,0,0,5.2708,14.22,0,0,8.9494,48.844,0,0,0,8.9494,13.766,5.2708,0,8.9494,0,17.899,39.895,0,0,0,13.766,14.22,0,1,0,0,0,0,0,1,0,0,0,0,1,0,0,0
0,0,0,0,0,100,0,0,0,0,0,0,0,0,0,0,100,0,0,0,0,0,0,0,0,0,0,100,0,0,0,0,0,0,1,0,0,0,0,0,1,0,0,0,0,1,0,0,0
0,0,0,0,0,100,0,0,0,0,0,0,0,0,0,0,91.368,0,8.6325,0,0,0,0,0,0,0,8.6325,91.368,0,0,0,0,0,0,1,0,0,0,0,0,1,0,0,0,0,1,0,0,0
0,0,0,0,0,93.639,0,0,6.3612,0,0,0,6.3612,0,0,0,70.996,22.643,0,0,0,0,0,0,6.3612,11.321,11.321,70.996,0,0,0,0,0,0,1,0,0,0,0,0,1,0,0,0,0,1,0,0,0
0,0,0,0,0,100,0,0,0,0,0,0,0,0,0,0,100,0,0,0,0,0,0,0,0,0,0,100,0,0,0,0,0,0,1,0,0,0,0,0,1,0,0,0,0,1,0,0,0
0,0,0,0,0,100,0,0,0,0,0,0,0,0,0,0,100,0,0,0,0,0,0,0,0,0,0,100,0,0,0,0,0,0,1,0,0,0,0,0,1,0,0,0,0,1,0,0,0
0,0,16.579,0,0,70.094,0,0,9.3603,0,3.9663,15.151,2.697,0,2.697,0,67.397,0,6.6633,2.697,2.697,0,3.9663,20.545,2.697,0,0,67.397,2.697,0,0,2.697,0,0,1,0,0,0,0,0,1,0,0,0,0,1,0,0,0
0,0,8.8426,0,0,61.205,0,0,16.245,6.8535,6.8535,9.8011,6.4442,0,16.655,0,51.404,0,2.9475,2.9475,2.9475,6.8535,6.8535,8.8426,6.4442,0,0,51.404,9.8011,6.8535,0,9.8011,0,0.013514,0.98649,0,0,0,0,0,1,0,0,0,0,1,0,0,0
0,0,0,0,0,92.272,0,0,7.7275,0,0,0,7.7275,0,0,0,92.272,0,0,0,0,0,0,0,7.7275,0,0,92.272,0,0,0,0,0,0,1,0,0,0,0,0,1,0,0,0,0,1,0,0,0
0,5.3688,0,0,0,77.91,0,0,5.6761,5.3688,5.6761,5.6761,0,5.3688,0,0,77.91,0,11.045,0,0,0,5.6761,5.6761,0,5.3688,0,77.91,0,0,5.3688,0,0,0,1,0,0,0,0,0,1,0,0,0,0,1,0,0,0
0,0,0,0,0,100,0,0,0,0,0,0,0,0,0,0,100,0,0,0,0,0,0,0,0,0,0,100,0,0,0,0,0,0,1,0,0,0,0,0,1,0,0,0,0,1,0,0,0
0,0,0,0,0,94.809,0,0,5.1913,0,0,0,0,0,0,0,100,0,0,0,0,0,0,0,0,0,0,94.809,0,0,0,5.1913,0,0,1,0,0,0,0,0,1,0,0,0,0,1,0,0,0
0,0,0,0,0,91.936,0,0,8.0635,0,0,0,0,0,0,0,100,0,0,0,0,0,0,0,0,0,0,91.936,0,0,0,8.0635,0,0,1,0,0,0,0,0,1,0,0,0,0,1,0,0,0
8.2495,11.192,9.5686,0,0,67.533,0,0,3.4575,0,0,0,0,5.5959,6.1111,0,77.101,0,2.1384,0,3.4575,5.5959,9.5686,3.4575,10.388,11.707,3.4575,57.964,0,0,0,3.4575,0,0,1,0,0,0,0,0,1,0,0,0,0,1,0,0,0
4.4653,20.539,0,0,0,74.996,0,0,0,0,0,0,5.8042,4.4653,0,0,74.996,0,4.4653,0,0,10.27,0,0,14.735,10.27,0,69.191,0,0,5.8042,0,0,0,1,0,0,0,0,0,1,0,0,0,0,1,0,0,0
12.018,29.617,0,0,0,54.136,0,0,0,4.2299,0,0,12.782,6.0488,2.1548,2.1548,58.03,0,4.2299,0,10.279,4.3217,0,8.2036,12.782,20.649,0,49.814,0,0,8.5517,0,0,0,1,0,0,0,0,0,1,0,0,0,0,1,0,0,0
12.857,28.464,4.164,0,0,50.689,0,0,3.8259,0,0,0,7.1336,10.628,5.7976,3.5295,44.522,0,3.5295,8.7323,7.0986,9.0294,4.164,1.8958,21.663,20.03,5.4253,41.065,0,0,1.9308,3.8259,0,0,0.83582,0.16418,0,0,0,0,1,0,0,0,0,1,0,0,0
6.2982,34.887,0,0,0,50.677,0,0,0,8.1382,0,0,15.08,8.6692,0,0,47.499,0,9.964,3.1775,10.607,5.0033,0,0,24.866,16.319,0,47.72,0,0,11.095,0,0,0,0.98246,0.017544,0,0,0,0,1,0,0,0,0,1,0,0,0
0,18.013,0,0,0,70.957,0,0,5.5149,0,5.5149,5.5149,0,0,0,0,79.964,0,5.5149,0,9.0064,0,5.5149,5.5149,9.0064,9.0064,0,70.957,0,0,0,0,0,0,1,0,0,0,0,0,1,0,0,0,0,1,0,0,0
26.806,22.385,0,0,0,50.809,0,0,0,0,0,0,0,10.753,7.305,6.649,50.427,4.4855,4.4855,9.627,6.2676,0,0,13.573,4.4855,31.133,0,50.809,0,0,0,0,0,0,1,0,0,0,0,0,1,0,0,0,0,1,0,0,0
9.167,31.481,0,21.207,0,38.145,0,0,0,0,0,0,0,24.263,10.604,3.0557,17.491,24.263,3.0557,13.659,3.6089,0,10.604,10.604,17.268,12.776,0,27.542,0,10.604,0,10.604,0,0,1,0,0,0,0,0,1,0,0,0,0,1,0,0,0
0,9.4475,0,24.411,4.7949,53.972,7.3749,0,0,0,0,0,7.5882,17.036,9.5187,0,36.936,16.822,0,12.099,0,0,12.099,12.099,4.7237,0,0,41.66,7.5882,4.7237,4.7949,12.312,0,0.33333,0.53333,0.13333,0,0,0,0,1,0,0,0,0,1,0,0,0
0,7.8707,0,7.8707,8.7377,66.783,8.7377,0,0,0,0,0,8.7377,7.8707,12.673,0,41.437,25.346,0,3.9353,0,0,3.9353,12.673,3.9353,0,0,45.373,8.7377,12.673,8.7377,3.9353,0,0.066667,0.86667,0.066667,0,0,0,0,1,0,0,0,0,1,0,0,0
6.4696,48.104,0,0,0,41.052,0,0,0,4.3737,0,0,2.9848,13.231,8.6908,10.35,42.301,1.6591,6.0328,1.6591,13.091,0,0,17.382,7.5518,29.64,0,41.052,0,0,4.3737,0,0,0,0.94545,0.054545,0,0,0,0,1,0,0,0,0,1,0,0,0
0,0,0,0,0,100,0,0,0,0,0,0,0,0,0,0,100,0,0,0,0,0,0,0,0,0,0,100,0,0,0,0,0,0,1,0,0,0,0,0,1,0,0,0,0,1,0,0,0
0,0,0,15.381,0,69.237,15.381,0,0,0,0,0,0,0,0,0,69.237,15.381,0,15.381,0,0,15.381,15.381,0,0,0,69.237,0,0,0,0,0,0,1,0,0,0,0,0,1,0,0,0,0,1,0,0,0
0,0,0,0,0,100,0,0,0,0,0,0,0,0,0,0,100,0,0,0,0,0,0,0,0,0,0,100,0,0,0,0,0,0,0.94444,0.055556,0,0,0,0,1,0,0,0,0,1,0,0,0
10.902,27.532,11.118,0,0,36.339,0,0,14.109,0,0,0,1.4184,15.099,2.7514,4.1697,44.945,0,3.9811,2.7514,12.536,12.348,11.118,12.536,7.9623,19.354,13.869,21.051,0,0,0,14.109,0,0.040816,0.87755,0.081633,0,0,0,0,1,0,0,0,0,1,0,0,0
27.237,15.243,6.2008,0,0,47.368,0,0,3.9518,0,0,0,1.8348,14.116,10.578,8.3293,35.075,0,8.3293,10.164,5.7866,5.7866,6.2008,3.9518,22.577,18.2,12.281,32.838,0,0,0,3.9518,0,0,0.77273,0.22727,0,0,0,0,1,0,0,0,0,1,0,0,0
0,0,0,0,26.251,73.749,0,0,0,0,0,0,0,0,0,0,47.499,26.251,0,0,0,26.251,0,0,0,0,0,47.499,26.251,26.251,0,0,0,0,0.77778,0.22222,0,0,0,0,1,0,0,0,0,0.94444,0.055556,0,0
0,0,0,0,50,50,0,0,0,0,0,0,0,0,0,0,0,50,0,0,0,50,0,0,0,0,0,0,50,50,0,0,0,0.041667,0.70833,0.25,0,0,0,0,1,0,0,0,0,1,0,0,0
0,0,0,0,36.623,63.377,0,0,0,0,0,0,0,0,0,0,31.689,31.689,0,0,0,36.623,0,0,0,0,0,31.689,31.689,36.623,0,0,0,0,1,0,0,0,0,0,1,0,0,0,0,1,0,0,0
2.0494,8.0891,3.9902,0,0,59.192,7.7488,0,14.94,0,3.9902,3.9902,9.3494,0,15.729,6.0396,49.503,0,2.0494,9.6896,0,3.65,2.0494,3.9902,6.0396,11.739,2.0494,49.503,3.65,0,7.3,13.68,0,0.03125,0.84375,0.125,0,0,0,0,1,0,0,0,0,0.90625,0.09375,0,0
0,0,0,0,0,100,0,0,0,0,0,0,0,0,0,0,100,0,0,0,0,0,0,0,0,0,0,100,0,0,0,0,0,0,1,0,0,0,0,0,1,0,0,0,0,1,0,0,0
0,0,0,0,0,100,0,0,0,0,0,0,0,0,0,0,84.589,15.411,0,0,0,0,0,0,0,0,0,84.589,15.411,0,0,0,0,0,0.92857,0.071429,0,0,0,0,1,0,0,0,0,1,0,0,0
0,0,0,0,2.1256,56.03,41.845,0,0,0,0,2.1256,7.9606,0,0,38.593,39.65,0,0,0,5.835,5.835,2.1256,0,5.835,0,31.736,46.508,0,0,0,5.835,7.9606,0.40909,0.59091,0,0,0,0,0,1,0,0,0,0,1,0,0,0
0,0,0,0,14.677,57.661,27.662,0,0,0,0,14.677,3.2461,0,0,17.924,57.661,0,0,0,3.2461,3.2461,14.677,0,3.2461,0,44.2,31.384,0,0,0,3.2461,3.2461,0.79592,0.20408,0,0,0,0,0,1,0,0,0,0,1,0,0,0
0,0,0,0,5.4997,75.094,19.406,0,0,0,0,5.4997,0,0,0,33.313,61.187,0,0,0,0,0,5.4997,0,0,0,24.906,69.594,0,0,0,0,0,0.87755,0.12245,0,0,0,0,0,1,0,0,0,0,1,0,0,0
0,0,0,0,0,100,0,0,0,0,0,0,0,0,0,0,100,0,0,0,0,0,0,0,0,0,33.333,66.667,0,0,0,0,0,1,0,0,0,0,0,0,1,0,0,0,0,1,0,0,0
0,0,0,0,0,100,0,0,0,0,0,0,0,0,0,0,100,0,0,0,0,0,0,0,0,0,0,100,0,0,0,0,0,0,0.14286,0.14286,0.14286,0.57143,0,0,1,0,0,0,0,1,0,0,0
0,0,0,0,13.556,62.72,23.724,0,0,0,0,13.556,6.6404,0,0,15.502,56.988,0,0,0,5.875,1.4385,13.556,0,5.875,0,18.124,54.366,0,0,0,1.4385,6.6404,0.037736,0.75472,0.20755,0,0,0,0,1,0,0,0,0,1,0,0,0
0,0,18.853,0,0,53.513,0,0,13.497,5.6184,8.519,14.222,2.3398,0,13.876,0,47.894,0,2.9006,10.51,2.6387,5.6184,8.519,11.243,2.3398,0,0,37.384,16.129,5.6184,0,18.768,0,0.82051,0.17949,0,0,0,0,0,1,0,0,0,0,1,0,0,0
0,0,19.495,0,0,47.393,0,0,20.349,7.6484,5.1143,9.3748,4.2605,0,10.974,0,43.133,0,9.3748,4.2605,10.974,7.6484,5.1143,24.61,4.2605,0,0,43.133,4.2605,7.6484,0,10.974,0,1,0,0,0,0,0,0,1,0,0,0,0,1,0,0,0
10.535,36.582,8.5346,0,0,38.737,0,0,5.612,0,0,0,8.113,10.178,2.9226,5.5799,44.738,0,2.0327,2.5331,13.725,10.178,8.5346,11.192,12.054,32.373,5.612,24.622,0,0,0,5.612,0,0.064516,0.80645,0.12903,0,0,0,0,1,0,0,0,0,1,0,0,0
3.645,40.368,0,0,0,52.165,0,0,0,3.8223,0,0,11.842,9.2446,1.9196,1.9196,52.307,0,3.8223,1.6802,10.82,6.4446,0,5.6618,18.92,19.431,0,42.003,0,0,13.984,0,0,0.4878,0.46341,0.04878,0,0,0,0,1,0,0,0,0,1,0,0,0
19.293,28.365,0,0,0,50.893,0,0,0,1.4494,0,0,11.111,8.3438,3.8224,5.6771,43.248,0,9.7932,3.8224,6.7411,7.4415,0,1.8547,29.38,18.277,3.8224,38.859,0,0,7.8065,0,0,0.33333,0.66667,0,0,0,0,0,1,0,0,0,0,1,0,0,0
5.5184,33.772,0,0,0,55.191,0,0,0,5.5184,0,0,18.331,4.0734,0,0,51.117,0,5.5184,4.0734,9.5918,7.2943,0,0,22.405,16.886,0,51.97,0,0,8.7394,0,0,0,0.17391,0.82609,0,0,0,0,1,0,0,0,0,0.59783,0.40217,0,0
0,10.553,19.723,0,0,69.723,0,0,0,0,0,0,19.723,5.2766,0,0,69.723,0,0,0,0,5.2766,0,25,0,5.2766,0,69.723,0,0,0,0,0,0.75,0.2,0.05,0,0,0,0,1,0,0,0,0,1,0,0,0
0,0,33.333,0,0,66.667,0,0,0,0,0,0,0,0,0,0,66.667,0,33.333,0,0,0,0,33.333,0,0,0,66.667,0,0,0,0,0,0.75862,0.24138,0,0,0,0,0,1,0,0,0,0,1,0,0,0
0,25.007,30.58,0,0,44.414,0,0,0,0,0,0,25.007,0,0,0,44.414,0,5.5731,0,0,25.007,0,30.58,0,25.007,0,44.414,0,0,0,0,0,0,0.17143,0.82857,0,0,0,0,1,0,0,0,0,0.77143,0.22857,0,0
0,0,0,0,0,100,0,0,0,0,0,0,0,0,0,0,100,0,0,0,0,0,0,0,0,0,0,91.58,8.4202,0,0,0,0,0.85938,0.09375,0.046875,0,0,0,0,1,0,0,0,0,1,0,0,0
0,0,0,0,0,91.045,0,0,8.9546,0,0,0,0,0,8.9546,0,91.045,0,0,0,0,0,0,0,0,0,0,91.045,0,0,0,0,8.9546,0.95652,0.014493,0.028986,0,0,0,0,1,0,0,0,0,1,0,0,0
15.551,38.84,0,4.4384,0,36.094,0,0,5.0767,0,0,0,0,15.021,10.057,2.7913,39.569,4.4384,10.153,7.2655,10.705,0,2.2192,15.562,12.495,26.333,0,33.875,0,2.2192,0,7.2959,0,0.275,0.7,0.025,0,0,0,0,1,0,0,0,0,1,0,0,0
22.626,19.317,0,5.6457,4.3992,35.915,7.4927,0,4.605,0,0,0,6.9515,8.8119,17.456,1.6547,22.909,13.547,10.865,17.805,0,0,3.0934,20.55,6.2597,22.626,0,24.564,6.9515,4.3992,4.3992,7.1573,0,0.47826,0.36957,0.15217,0,0,0,0,1,0,0,0,0,1,0,0,0
0,0,0,7.1604,6.404,74.841,6.404,0,5.1904,0,0,0,13.564,7.1604,11.594,0,54.873,12.808,0,0,0,0,0,6.404,0,0,0,54.873,13.564,6.404,6.404,7.1604,5.1904,0,0,0.015873,0.31746,0.66667,0,0,1,0,0,0,0,1,0,0,0
0,0,0,0,5.2546,90.215,0,0,4.5307,0,0,0,0,0,9.7853,0,90.215,0,0,0,0,0,0,0,0,0,0,90.215,0,0,5.2546,0,4.5307,0,0,0.013514,0.094595,0.89189,0,0,1,0,0,0,0,1,0,0,0
0,6.4279,0,6.4279,15.187,63.058,8.8992,0,0,0,0,0,8.8992,6.4279,18.401,0,38.832,24.226,0,3.214,0,0,3.214,12.113,3.214,0,0,42.046,8.8992,12.113,15.187,3.214,0,0,1,0,0,0,0,0,1,0,0,0,0,1,0,0,0
0,0,0,11.993,0,88.007,0,0,0,0,0,0,11.993,11.993,0,0,76.015,0,0,0,0,0,0,0,0,0,0,76.015,11.993,0,0,11.993,0,0.021277,0.91489,0.06383,0,0,0,0,1,0,0,0,0,1,0,0,0
0,50,0,0,0,50,0,0,0,0,0,4.637,0,20.363,0,0,50,0,0,0,0,25,0,20.363,9.274,20.363,0,50,0,0,0,0,0,0.45652,0.54348,0,0,0,0,0,1,0,0,0,0,1,0,0,0
0,32.309,0,0,0,54.24,0,0,13.451,0,0,16.155,4.9714,4.9714,0,0,49.268,0,0,13.451,0,11.183,4.9714,0,27.338,0,0,49.268,0,0,0,13.451,4.9714,0,0.84146,0.15854,0,0,0,0,1,0,0,0,0,1,0,0,0
0,0,0,0,0,100,0,0,0,0,0,0,7.8498,0,0,0,92.15,0,0,0,0,0,0,0,0,0,0,92.15,0,0,0,0,7.8498,0,0,0.011905,0.11905,0.86905,0,0,1,0,0,0,0,1,0,0,0
0,0,0,0,0,100,0,0,0,0,0,0,0,0,0,0,100,0,0,0,0,0,0,0,0,0,0,100,0,0,0,0,0,0,0,0.011236,0.078652,0.91011,0,0,1,0,0,0,0,1,0,0,0
0,25.607,0,0,0,74.393,0,0,0,0,0,12.804,12.804,12.804,0,0,61.589,0,0,0,0,0,12.804,0,12.804,0,0,61.589,0,0,0,0,12.804,0.027397,0.15068,0.13699,0.27397,0.41096,0,0,1,0,0,0,0,1,0,0,0
0,0,0,0,0,100,0,0,0,0,0,0,8.8144,0,0,0,91.186,0,0,0,0,0,0,0,0,0,0,91.186,0,0,0,0,8.8144,0,0,0.010417,0.25,0.73958,0,0,1,0,0,0,0,1,0,0,0
26.257,33.946,0,0,0,36.344,0,0,0,3.4537,0,0,3.4291,13.08,14.093,1.8611,45.634,1.8611,5.3148,1.8611,12.866,0,0,23.573,6.9622,29.668,0,36.344,0,0,3.4537,0,0,0.25641,0.74359,0,0,0,0,0,1,0,0,0,0,1,0,0,0
13.79,15.781,0,11.184,0,46.289,0,0,12.956,0,0,0,0,15.781,5.592,17.553,17.553,15.781,17.553,10.189,0,0,5.592,5.592,10.189,13.79,0,14.785,25.912,5.592,0,18.548,0,0,0.84568,0.15432,0,0,0,0,1,0,0,0,0,1,0,0,0
0,66.667,0,0,0,33.333,0,0,0,0,0,0,0,16.667,16.667,16.667,33.333,0,0,0,16.667,0,0,33.333,0,33.333,0,33.333,0,0,0,0,0,0,0.97973,0.02027,0,0,0,0,1,0,0,0,0,1,0,0,0
0,0,0,0,33.333,33.333,0,0,0,33.333,0,0,0,0,33.333,0,0,66.667,0,0,0,0,0,0,0,0,0,0,33.333,33.333,0,33.333,0,0,0.96454,0.035461,0,0,0,0,1,0,0,0,0,1,0,0,0
13.718,13.718,0,0,6.0526,52.793,0,0,13.718,0,0,0,0,13.718,0,6.0526,46.741,6.0526,27.436,0,0,0,0,0,13.718,13.718,0,29.423,23.37,6.0526,0,13.718,0,0,1,0,0,0,0,0,1,0,0,0,0,1,0,0,0
0,0,0,0,11.173,70.391,0,0,18.436,0,0,0,0,0,0,29.609,40.782,11.173,18.436,0,0,0,0,0,0,0,0,22.345,48.045,11.173,0,18.436,0,0.024096,0.9759,0,0,0,0,0,1,0,0,0,0,1,0,0,0
0,0,0,0,8.8156,50.735,0,0,8.0962,32.353,0,0,0,8.0962,8.0962,8.8156,25.727,49.265,0,0,0,0,0,0,0,0,0,33.823,16.912,8.8156,0,40.449,0,0,1,0,0,0,0,0,1,0,0,0,0,1,0,0,0
0,0,0,0,11.442,64.659,0,0,12.456,11.442,0,0,0,6.0337,17.476,6.4222,34.727,28.919,6.4222,0,0,0,0,0,0,0,0,23.203,41.456,11.442,0,23.898,0,0,0.9726,0.027397,0,0,0,0,1,0,0,0,0,1,0,0,0
0,67.581,6.6443,0,0,25.775,0,0,0,0,0,3.1507,6.6443,27.318,0,0,25.775,0,0,0,0,37.113,0,33.962,33.619,6.6443,0,25.775,0,0,0,0,0,0,1,0,0,0,0,0,1,0,0,0,0,1,0,0,0
0,53.139,0,0,0,30.55,0,0,16.31,0,0,5.672,5.672,34.725,0,0,24.878,0,0,16.31,0,12.742,21.982,12.742,14.13,4.2841,0,24.878,0,0,0,16.31,5.672,0,0.8209,0.1791,0,0,0,0,1,0,0,0,0,1,0,0,0
0,14.08,5.5317,0,0,80.388,0,0,0,0,0,0,5.5317,7.04,0,0,80.388,0,0,0,0,7.04,0,12.572,0,7.04,0,80.388,0,0,0,0,0,0,0.91549,0.084507,0,0,0,0,1,0,0,0,0,0.97183,0.028169,0,0
0,0,0,0,0,100,0,0,0,0,0,0,0,0,0,0,100,0,0,0,0,0,0,0,0,0,0,100,0,0,0,0,0,0,0.98333,0.016667,0,0,0,0,1,0,0,0,0,1,0,0,0
0,17.013,0,0,0,65.974,0,0,17.013,0,0,0,0,17.013,0,0,65.974,0,0,17.013,0,0,17.013,0,0,0,0,65.974,0,0,0,17.013,0,0,0.20988,0.024691,0.19753,0.5679,0,0,1,0,0,0,0,1,0,0,0
0,0,0,0,0,90.299,0,0,9.7008,0,0,0,0,0,0,0,90.299,0,0,9.7008,0,0,0,0,0,0,0,90.299,0,0,0,9.7008,0,0,0,0,0.19318,0.80682,0,0,1,0,0,0,0,1,0,0,0
0,0,0,0,0,89.645,0,0,10.355,0,0,0,0,0,0,0,89.645,0,0,10.355,0,0,0,0,0,0,0,89.645,0,0,0,10.355,0,0,0.20988,0.012346,0.30864,0.46914,0,0,1,0,0,0,0,1,0,0,0
0,0,0,0,0,100,0,0,0,0,0,0,0,0,0,0,100,0,0,0,0,0,0,0,0,0,0,100,0,0,0,0,0,0,0,0,0.11628,0.88372,0,0,1,0,0,0,0,1,0,0,0
0,0,0,0,0,100,0,0,0,0,0,0,0,0,0,0,100,0,0,0,0,0,0,0,0,0,0,100,0,0,0,0,0,0,0,0,0.23469,0.76531,0,0,1,0,0,0,0,1,0,0,0
0,0,0,0,0,100,0,0,0,0,0,0,0,0,0,0,100,0,0,0,0,0,0,0,0,0,0,100,0,0,0,0,0,0,0,0.038095,0.11429,0.84762,0,0,1,0,0,0,0,1,0,0,0
0,0,0,0,0,100,0,0,0,0,0,0,0,0,0,0,100,0,0,0,0,0,0,0,0,0,0,100,0,0,0,0,0,0,0,0,0.091837,0.90816,0,0,1,0,0,0,0,1,0,0,0
0,0,0,0,0,100,0,0,0,0,0,0,0,0,0,0,100,0,0,0,0,0,0,0,0,0,0,100,0,0,0,0,0,0,0,0.11765,0.15294,0.72941,0,0,1,0,0,0,0,1,0,0,0
0,0,0,0,0,100,0,0,0,0,0,0,0,0,0,0,100,0,0,0,0,0,0,0,0,0,0,100,0,0,0,0,0,0,0,0,0.044944,0.95506,0,0,1,0,0,0,0,1,0,0,0
0,0,0,0,0,100,0,0,0,0,0,0,0,0,0,0,100,0,0,0,0,0,0,0,0,0,0,100,0,0,0,0,0,0,0,0.077778,0.2,0.72222,0,0,1,0,0,0,0,1,0,0,0
0,0,0,0,0,100,0,0,0,0,0,0,0,0,0,0,100,0,0,0,0,0,0,0,0,0,0,100,0,0,0,0,0,0,0,0.021739,0.26087,0.71739,0,0,1,0,0,0,0,1,0,0,0
0,0,0,0,0,100,0,0,0,0,0,0,0,0,0,0,100,0,0,0,0,0,0,0,0,0,0,100,0,0,0,0,0,0,0,0.13,0.22,0.65,0,0,1,0,0,0,0,1,0,0,0
27.685,6.3931,10.096,0,0,54.289,0,0,1.5365,0,0,0,2.2632,5.731,14.894,7.0608,56.326,0,5.731,4.7976,2.2632,0.93338,10.096,2.2632,21.558,22.616,4.7976,37.132,0,0,0,1.5365,0,0.71875,0.28125,0,0,0,0,0,1,0,0,0,0,1,0,0,0
0,0,0,0,0,100,0,0,0,0,0,0,0,0,0,0,100,0,0,0,0,0,0,0,0,0,0,100,0,0,0,0,0,0,0,0,0,1,0,0,1,0,0,0,0,1,0,0,0
0,14.97,0,0,0,85.03,0,0,0,0,0,0,7.4848,0,0,0,85.03,0,0,0,7.4848,0,0,0,14.97,0,0,77.546,0,0,7.4848,0,0,0,0.5,0.5,0,0,0,0,1,0,0,0,0,0.84211,0.15789,0,0
7.178,14.356,0,0,0,78.466,0,0,0,0,0,0,7.178,0,0,7.178,78.466,0,0,0,7.178,0,0,7.178,0,21.534,0,71.288,0,0,0,0,0,0.037037,0.88889,0.074074,0,0,0,0,1,0,0,0,0,0.98148,0.018519,0,0
0,0,0,0,0,100,0,0,0,0,0,0,0,0,0,0,100,0,0,0,0,0,0,0,0,0,0,100,0,0,0,0,0,0,0.96923,0.030769,0,0,0,0,1,0,0,0,0,1,0,0,0
0,0,68.254,0,0,31.746,0,0,0,0,0,0,4.5075,0,0,0,31.746,0,63.747,0,0,0,0,68.254,0,0,0,31.746,0,0,0,0,0,0,0.93103,0.068966,0,0,0,0,1,0,0,0,0,0.98276,0.017241,0,0
0,0,18.477,0,0,81.523,0,0,0,0,0,0,8.1706,0,0,0,81.523,0,10.307,0,0,0,0,18.477,0,0,0,81.523,0,0,0,0,0,0,0.32394,0.67606,0,0,0,0,1,0,0,0,0,0.74648,0.25352,0,0
0,0,0,0,0,100,0,0,0,0,0,0,0,0,0,0,100,0,0,0,0,0,0,0,0,0,0,100,0,0,0,0,0,0,0.87611,0.12389,0,0,0,0,1,0,0,0,0,0.97345,0.026549,0,0
0,0,0,0,0,56.787,0,0,43.213,0,0,0,18.213,6.787,6.787,0,24.186,25.814,0,9.5136,8.6993,0,0,0,0,0,0,50,6.787,0,0,43.213,0,0,0.75591,0.24409,0,0,0,0,1,0,0,0,0,1,0,0,0
0,0,0,0,0,100,0,0,0,0,0,0,0,0,0,0,100,0,0,0,0,0,0,0,0,0,0,100,0,0,0,0,0,0.015385,0.98462,0,0,0,0,0,1,0,0,0,0,1,0,0,0
0,0,0,0,0,47.487,0,0,52.513,0,0,0,21.554,7.8861,0,0,26.984,20.502,0,13.201,9.8727,0,0,0,0,0,0,47.487,0,0,0,52.513,0,0,0.83186,0.16814,0,0,0,0,1,0,0,0,0,1,0,0,0
0,0,0,0,0,50.829,0,0,49.171,0,0,0,12.137,16.685,8.473,0,26.806,15.55,0,8.2117,12.137,0,0,0,0,0,0,42.356,8.473,0,0,49.171,0,0.030769,0.95385,0.015385,0,0,0,0,1,0,0,0,0,1,0,0,0
0,0,0,0,15.048,47.899,0,0,27.494,9.5592,0,0,8.1275,5.6194,9.5592,5.4885,16.596,40.862,0,13.747,0,0,0,0,0,0,0,32.852,15.048,15.048,0,37.053,0,0,1,0,0,0,0,0,1,0,0,0,0,1,0,0,0
0,0,0,0,0,58.073,0,0,41.927,0,0,0,25,0,0,0,43.534,14.54,0,7.2699,9.6568,0,0,0,0,0,0,58.073,0,0,0,41.927,0,0.035714,0.92857,0.035714,0,0,0,0,1,0,0,0,0,1,0,0,0
0,0,0,0,0,100,0,0,0,0,0,0,0,0,0,0,100,0,0,0,0,0,0,0,0,0,0,100,0,0,0,0,0,0,0.8871,0.1129,0,0,0,0,1,0,0,0,0,0.98387,0.016129,0,0
0,0,0,0,0,100,0,0,0,0,0,0,0,0,0,0,100,0,0,0,0,0,0,0,0,0,0,100,0,0,0,0,0,0,0.92593,0.074074,0,0,0,0,1,0,0,0,0,1,0,0,0
0,0,0,0,0,100,0,0,0,0,0,0,0,0,0,0,100,0,0,0,0,0,0,0,0,0,0,100,0,0,0,0,0,0,1,0,0,0,0,0,1,0,0,0,0,1,0,0,0
0,0,0,0,0,100,0,0,0,0,0,0,0,0,0,0,100,0,0,0,0,0,0,0,0,0,0,100,0,0,0,0,0,0,0.87234,0.12766,0,0,0,0,1,0,0,0,0,1,0,0,0
0,0,0,0,0,100,0,0,0,0,0,0,0,0,0,0,92.109,7.8907,0,0,0,0,0,0,0,0,0,100,0,0,0,0,0,0,0.19753,0.098765,0.22222,0.48148,0,0,1,0,0,0,0,1,0,0,0
0,0,0,0,0,100,0,0,0,0,0,0,0,0,0,0,96.52,3.4799,0,0,0,0,0,0,0,0,0,100,0,0,0,0,0,0,0,0,0.077922,0.92208,0,0,1,0,0,0,0,1,0,0,0
0,0,0,0,0,100,0,0,0,0,0,0,0,0,0,0,87.373,12.627,0,0,0,0,0,0,0,0,0,79.704,20.296,0,0,0,0,0,0.10714,0.16071,0.16071,0.57143,0,0,1,0,0,0,0,1,0,0,0
0,0,0,0,0,100,0,0,0,0,0,0,0,0,0,0,95.598,4.4017,0,0,0,0,0,0,0,0,0,89.492,10.508,0,0,0,0,0,0,0,0.09375,0.90625,0,0,1,0,0,0,0,1,0,0,0
0,0,0,0,0,91.408,0,0,8.5921,0,0,0,8.5921,0,0,0,91.408,0,0,0,0,0,0,0,0,0,0,91.408,0,0,0,8.5921,0,0,0.92308,0.076923,0,0,0,0,1,0,0,0,0,1,0,0,0
0,0,0,0,0,74.608,0,0,25.392,0,0,0,12.696,0,0,0,67.44,7.1677,0,0,12.696,0,0,0,0,0,0,74.608,0,0,0,25.392,0,0,0.7973,0.2027,0,0,0,0,1,0,0,0,0,0.98649,0.013514,0,0
0,0,0,0,0,75,0,0,25,0,0,0,25,0,0,0,75,0,0,0,0,0,0,0,0,0,0,75,0,0,0,25,0,0,0.93333,0.066667,0,0,0,0,1,0,0,0,0,0.93333,0.066667,0,0
0,0,0,0,0,100,0,0,0,0,0,0,0,0,0,0,70.326,29.674,0,0,0,0,0,0,0,0,0,75.207,24.793,0,0,0,0,0,0,0.043478,0.17391,0.78261,0,0,1,0,0,0,0,1,0,0,0
0,0,0,0,0,100,0,0,0,0,0,0,0,0,0,0,100,0,0,0,0,0,0,0,0,0,0,100,0,0,0,0,0,0,0,0,0.28395,0.71605,0,0,1,0,0,0,0,1,0,0,0
0,0,0,0,0,100,0,0,0,0,0,0,0,0,0,0,100,0,0,0,0,0,0,0,0,0,0,100,0,0,0,0,0,0,0,0.035294,0.30588,0.65882,0,0,1,0,0,0,0,1,0,0,0
0,0,0,0,0,100,0,0,0,0,0,0,0,0,0,0,100,0,0,0,0,0,0,0,0,0,0,100,0,0,0,0,0,0,0,0.014706,0.27941,0.70588,0,0,1,0,0,0,0,1,0,0,0
0,0,0,0,0,100,0,0,0,0,0,0,0,0,0,0,100,0,0,0,0,0,0,0,0,0,0,100,0,0,0,0,0,0,0,0.067797,0.27119,0.66102,0,0,1,0,0,0,0,1,0,0,0
