h1,h2,h3,h4,h5,h6,h7,h8,h9,h10,h11,h12,h13,h14,h15,h16,h17,h18,h19,h20,h21,h22,h23,h24,h25,h26,h27,h28,h29,h30,h31,h32,h33,h34,h35,h36,h37,h38,h39,h40,h41,h42,h43,h44,h45,h46,h47,h48,label
0,0,0,0,0,100,0,0,0,0,0,0,0,0,0,0,100,0,0,0,0,0,0,0,0,0,0,100,0,0,0,0,0,0,0,0,0,1,0,0,1,0,0,0,0,1,0,0,0
0,0,0,0,0,100,0,0,0,0,0,0,0,0,0,0,100,0,0,0,0,0,0,0,0,0,0,100,0,0,0,0,0,0,0,0,0,1,0,0,1,0,0,0,0,1,0,0,0
0,0,0,0,0,100,0,0,0,0,0,0,0,0,0,0,100,0,0,0,0,0,0,0,0,0,0,100,0,0,0,0,0,0,0,0,0,1,0,0,1,0,0,0,0,1,0,0,0
0,0,0,0,0,100,0,0,0,0,0,0,0,0,0,0,100,0,0,0,0,0,0,0,0,0,0,100,0,0,0,0,0,0,0,0,0.034483,0.96552,0,0,1,0,0,0,0,1,0,0,0
0,0,0,0,0,100,0,0,0,0,0,0,0,0,0,0,100,0,0,0,0,0,0,0,0,0,0,100,0,0,0,0,0,0,0,0,0.014085,0.98592,0,0,1,0,0,0,0,1,0,0,0
0,0,0,0,0,100,0,0,0,0,0,0,0,0,0,0,100,0,0,0,0,0,0,0,0,0,0,100,0,0,0,0,0,0,0,0,0,1,0,0,1,0,0,0,0,1,0,0,0
0,0,0,0,0,100,0,0,0,0,0,0,0,0,0,0,100,0,0,0,0,0,0,0,0,0,0,100,0,0,0,0,0,0,0,0,0,1,0,0,1,0,0,0,0,1,0,0,0
0,0,0,0,0,100,0,0,0,0,0,0,0,0,0,0,100,0,0,0,0,0,0,0,0,0,0,100,0,0,0,0,0,0,0,0,0,1,0,0,1,0,0,0,0,1,0,0,0
0,0,0,0,0,100,0,0,0,0,0,0,0,0,0,0,100,0,0,0,0,0,0,0,0,0,0,100,0,0,0,0,0,0.057692,0.34615,0.21154,0.11538,0.26923,0,0,1,0,0,0,0,1,0,0,0
0,0,0,0,0,100,0,0,0,0,0,0,0,0,0,0,100,0,0,0,0,0,0,0,0,0,0,100,0,0,0,0,0,0,0,0,0,1,0,0,1,0,0,0,0,1,0,0,0
0,0,0,0,0,100,0,0,0,0,0,0,0,0,0,0,100,0,0,0,0,0,0,0,0,0,0,100,0,0,0,0,0,0,0,0,0,1,0,0,1,0,0,0,0,1,0,0,0
0,0,0,0,0,100,0,0,0,0,0,0,0,0,0,0,100,0,0,0,0,0,0,0,0,0,0,100,0,0,0,0,0,0,0,0,0.013889,0.98611,0,0,1,0,0,0,0,1,0,0,0
0,0,0,0,0,100,0,0,0,0,0,0,0,0,0,0,100,0,0,0,0,0,0,0,0,0,0,100,0,0,0,0,0,0,0,0,0,1,0,0,1,0,0,0,0,1,0,0,0
0,0,0,0,0,100,0,0,0,0,0,0,0,0,0,17.011,78.62,4.3682,0,0,0,0,0,0,0,0,0,78.62,21.38,0,0,0,0,0,0,0.031746,0.015873,0.95238,0,0,1,0,0,0,0,1,0,0,0
0,0,0,0,0,100,0,0,0,0,0,0,0,0,0,28.287,43.425,28.287,0,0,0,0,0,0,0,0,0,43.425,56.575,0,0,0,0,0,0.037736,0.13208,0.13208,0.69811,0,0,1,0,0,0,0,1,0,0,0
0,0,0,0,0,100,0,0,0,0,0,0,0,0,0,0,100,0,0,0,0,0,0,0,0,0,0,100,0,0,0,0,0,0,0,0,0,1,0,0,1,0,0,0,0,1,0,0,0
0,0,0,0,0,100,0,0,0,0,0,0,0,0,0,0,100,0,0,0,0,0,0,0,0,0,0,100,0,0,0,0,0,0,0,0,0,1,0,0,1,0,0,0,0,1,0,0,0
0,0,0,0,0,100,0,0,0,0,0,0,0,0,0,0,100,0,0,0,0,0,0,0,0,0,0,100,0,0,0,0,0,0,0,0,0,1,0,0,1,0,0,0,0,1,0,0,0
0,0,0,0,0,100,0,0,0,0,0,0,0,0,0,0,100,0,0,0,0,0,0,0,0,0,0,100,0,0,0,0,0,0,0,0,0,1,0,0,1,0,0,0,0,1,0,0,0
0,0,0,0,0,100,0,0,0,0,0,0,0,0,0,0,100,0,0,0,0,0,0,0,0,0,0,100,0,0,0,0,0,0,0,0,0.060606,0.93939,0,0,1,0,0,0,0,1,0,0,0
0,0,0,0,0,100,0,0,0,0,0,0,0,0,0,0,100,0,0,0,0,0,0,0,0,0,0,100,0,0,0,0,0,0,0,0,0,1,0,0,1,0,0,0,0,1,0,0,0
0,0,0,0,0,100,0,0,0,0,0,0,0,0,0,0,100,0,0,0,0,0,0,0,0,0,0,100,0,0,0,0,0,0,0,0,0.065574,0.93443,0,0,1,0,0,0,0,1,0,0,0
0,0,0,0,0,100,0,0,0,0,0,0,0,0,0,0,100,0,0,0,0,0,0,0,0,0,0,100,0,0,0,0,0,0,0,0,0,1,0,0,1,0,0,0,0,1,0,0,0
0,0,0,0,0,100,0,0,0,0,0,0,0,0,0,0,100,0,0,0,0,0,0,0,0,0,0,100,0,0,0,0,0,0,0,0,0,1,0,0,1,0,0,0,0,1,0,0,0
0,0,0,0,0,100,0,0,0,0,0,0,0,0,0,0,100,0,0,0,0,0,0,0,0,0,0,100,0,0,0,0,0,0,0,0,0,1,0,0,1,0,0,0,0,1,0,0,0
0,0,0,0,0,100,0,0,0,0,0,0,0,0,0,0,100,0,0,0,0,0,0,0,0,0,0,100,0,0,0,0,0,0,0,0,0,1,0,0,1,0,0,0,0,1,0,0,0
0,0,0,0,0,100,0,0,0,0,0,0,0,0,0,0,100,0,0,0,0,0,0,0,0,0,0,100,0,0,0,0,0,0,0,0,0,1,0,0,1,0,0,0,0,1,0,0,0
0,0,0,0,0,100,0,0,0,0,0,0,0,0,0,0,100,0,0,0,0,0,0,0,0,0,0,100,0,0,0,0,0,0,0,0,0.043478,0.95652,0,0,1,0,0,0,0,1,0,0,0
0,0,0,0,0,100,0,0,0,0,0,0,0,0,0,0,100,0,0,0,0,0,0,0,0,0,0,100,0,0,0,0,0,0,0,0,0,1,0,0,1,0,0,0,0,1,0,0,0
0,0,0,0,0,100,0,0,0,0,0,0,0,0,0,0,100,0,0,0,0,0,0,0,0,0,0,100,0,0,0,0,0,0,0,0,0.046512,0.95349,0,0,1,0,0,0,0,1,0,0,0
0,0,0,0,0,100,0,0,0,0,0,0,0,0,0,0,100,0,0,0,0,0,0,0,0,0,0,100,0,0,0,0,0,0,0,0,0,1,0,0,1,0,0,0,0,1,0,0,0
0,0,0,0,0,100,0,0,0,0,0,0,0,0,0,0,100,0,0,0,0,0,0,0,0,0,0,100,0,0,0,0,0,0,0,0,0,1,0,0,1,0,0,0,0,1,0,0,0
0,0,0,0,0,100,0,0,0,0,0,0,0,0,0,21.767,63.668,14.565,0,0,0,0,0,0,0,0,0,60.443,39.557,0,0,0,0,0,0,0,0,1,0,0,1,0,0,0,0,1,0,0,0
0,0,0,0,0,100,0,0,0,0,0,0,0,0,0,0,100,0,0,0,0,0,0,0,0,0,0,100,0,0,0,0,0,0,0,0,0,1,0,0,1,0,0,0,0,1,0,0,0
0,0,0,0,0,100,0,0,0,0,0,0,0,0,0,10.15,73.56,16.289,0,0,0,0,0,0,0,0,0,79.699,20.301,0,0,0,0,0,0,0,0,1,0,0,1,0,0,0,0,1,0,0,0
0,0,0,0,0,100,0,0,0,0,0,0,0,0,0,27.48,66.667,5.8537,0,0,0,0,0,0,0,0,0,66.667,33.333,0,0,0,0,0,0.95,0,0,0.05,0,0,1,0,0,0,0,1,0,0,0
0,0,0,0,0,100,0,0,0,0,0,0,0,0,0,4.161,82.615,13.224,0,0,0,0,0,0,0,0,0,83.921,16.079,0,0,0,0,0,1,0,0,0,0,0,1,0,0,0,0,1,0,0,0
0,0,0,0,0,100,0,0,0,0,0,0,0,0,0,0,100,0,0,0,0,0,0,0,0,0,0,100,0,0,0,0,0,0,0,0,0,1,0,0,1,0,0,0,0,1,0,0,0
0,0,0,0,0,100,0,0,0,0,0,0,0,0,0,0,94.248,5.7521,0,0,0,0,0,0,0,0,0,94.559,5.4412,0,0,0,0,0,0,0,0,1,0,0,1,0,0,0,0,1,0,0,0
0,0,0,0,0,100,0,0,0,0,0,0,0,0,0,0,100,0,0,0,0,0,0,0,0,0,0,100,0,0,0,0,0,0,0,0,0,1,0,0,1,0,0,0,0,1,0,0,0
0,0,0,0,0,100,0,0,0,0,0,0,0,0,0,0,100,0,0,0,0,0,0,0,0,0,0,100,0,0,0,0,0,0,0,0,0,1,0,0,1,0,0,0,0,1,0,0,0
0,0,0,0,0,100,0,0,0,0,0,0,0,0,0,8.3174,83.365,8.3174,0,0,0,0,0,0,0,0,0,77.442,22.558,0,0,0,0,0,0.40541,0.16216,0.027027,0.40541,0,0,1,0,0,0,0,1,0,0,0
0,0,0,0,0,100,0,0,0,0,0,0,0,0,0,0,91.517,8.4835,0,0,0,0,0,0,0,0,0,100,0,0,0,0,0,0,0.26087,0,0.043478,0.69565,0,0,1,0,0,0,0,1,0,0,0
0,0,0,0,0,100,0,0,0,0,0,0,0,0,0,0,100,0,0,0,0,0,0,0,0,0,0,100,0,0,0,0,0,0,0,0.053571,0.089286,0.85714,0,0,1,0,0,0,0,1,0,0,0
0,0,0,0,0,100,0,0,0,0,0,0,0,0,0,0,100,0,0,0,0,0,0,0,0,0,0,88.806,11.194,0,0,0,0,0,0.9881,0.011905,0,0,0,0,1,0,0,0,0,1,0,0,0
0,0,10.482,0,0,89.518,0,0,0,0,0,0,0,0,0,21.747,53.125,18.196,6.9311,0,0,0,0,0,0,0,0,53.82,35.698,0,0,6.9311,3.5509,1,0,0,0,0,0,0,1,0,0,0,0,1,0,0,0
0,0,0,0,0,78.305,0,0,21.695,0,0,0,0,0,0,0,100,0,0,0,0,0,0,0,0,0,0,78.305,0,0,0,21.695,0,0,0.43396,0,0,0.56604,0,0,1,0,0,0,0,1,0,0,0
0,0,0,0,0,100,0,0,0,0,0,0,0,0,0,15.971,84.029,0,0,0,0,0,0,0,0,0,0,67.618,32.382,0,0,0,0,0,1,0,0,0,0,0,1,0,0,0,0,1,0,0,0
7.9473,5.5575,0,0,17.74,21.649,6.2842,7.3854,11.17,22.267,0,6.2909,7.0696,0,8.0717,27.501,26.132,2.3752,4.2982,10.704,1.6701,5.888,6.842,9.7714,6.7471,6.0419,3.098,12.414,1.5965,30.239,4.0453,16.106,3.098,0.0625,0.375,0.5625,0,0,0,0,1,0,0,0,0,1,0,0,1
0,0,0,0,0,100,0,0,0,0,0,0,0,0,0,19.052,80.948,0,0,0,0,0,0,0,0,0,0,66.667,33.333,0,0,0,0,0,1,0,0,0,0,0,1,0,0,0,0,1,0,0,0
11.356,2.2022,0,0,9.4051,9.0972,18.247,14.409,7.9223,27.362,0,1.0175,8.0797,4.4044,8.9963,24.38,27.866,9.2643,0,10.737,1.0175,4.2373,9.2643,12.373,8.0797,21.523,1.0175,7.0621,0,23.828,8.0797,7.7552,1.0175,0.15625,0.84375,0,0,0,0,0,1,0,0,0,0,1,0,0,1
0,0,0,0,0,87.366,0,0,12.634,0,0,0,0,0,0,0,100,0,0,0,0,0,0,0,0,0,0,70.878,16.489,0,0,12.634,0,0,1,0,0,0,0,0,1,0,0,0,0,1,0,0,0
0,0,0,0,0,92.065,0,0,7.9352,0,0,0,0,0,0,20.059,72.006,7.9352,0,0,0,0,0,0,0,0,0,72.006,20.059,0,0,7.9352,0,0,1,0,0,0,0,0,1,0,0,0,0,1,0,0,0
0,0,5.8683,0,0,86.974,0,0,7.1578,0,0,0,0,0,0,11.623,75.351,0,13.026,0,0,0,5.8683,0,0,0,5.8683,69.482,11.623,0,0,7.1578,0,0,1,0,0,0,0,0,1,0,0,0,0,1,0,0,0
0,2.392,7.3758,0,0,67.062,0,0,23.17,0,0,12.63,0,0,0,2.4919,66.962,0,5.2867,10.238,0,2.392,2.4919,0,7.2759,0,12.729,54.333,0,7.7457,0,13.032,2.392,0,1,0,0,0,0,0,1,0,0,0,0,1,0,0,0
0,6.3947,8.3436,0,0,57.531,0,0,27.731,0,0,6.3024,0,14.606,0,6.2382,44.898,9.7738,5.4844,6.3024,0,6.3947,5.4844,0,9.2539,0,24.94,32.591,0,3.4432,14.606,6.3024,3.379,0.098592,0.90141,0,0,0,0,0,1,0,0,0,0,1,0,0,0
0,0,0,0,0,80.064,0,0,19.936,0,0,0,0,0,0,0,100,0,0,0,0,0,0,0,0,0,0,80.064,0,0,0,19.936,0,0.11688,0.68831,0.012987,0.025974,0.15584,0,0,1,0,0,0,0,1,0,0,0
0,0,0,0,0,76.743,0,0,23.257,0,0,0,0,0,0,0,100,0,0,0,0,0,0,0,0,0,5.6152,71.128,0,0,0,23.257,0,0.83673,0,0,0,0.16327,0,0,1,0,0,0,0,1,0,0,0
0,0,0,0,0,79.939,0,0,20.061,0,0,0,0,0,0,0,95.498,4.5024,0,0,0,0,0,0,0,0,10.912,56.826,12.201,0,0,20.061,0,0.15873,0.84127,0,0,0,0,0,1,0,0,0,0,1,0,0,0
0,0,0,0,0,78.31,0,0,21.69,0,0,0,0,0,0,0,95.865,4.1347,0,0,0,0,0,0,0,0,10.323,67.987,0,0,0,21.69,0,1,0,0,0,0,0,0,1,0,0,0,0,1,0,0,0
0,0,0,0,0,82.36,0,0,17.64,0,0,0,0,0,0,8.6002,78.494,9.2677,3.6378,0,0,0,0,0,0,0,9.2677,64.492,8.6002,0,0,17.64,0,0.13636,0.86364,0,0,0,0,0,1,0,0,0,0,1,0,0,0
0,0,0,0,0,77.847,0,0,22.153,0,0,3.1575,0,0,0,3.1575,79.363,11.165,3.1575,0,0,0,0,0,0,0,15.414,62.433,0,3.1575,0,18.996,0,0.93069,0.069307,0,0,0,0,0,1,0,0,0,0,1,0,0,0
0,0,2.423,0,0,74.902,0,0,22.675,0,0,9.4946,0,0,0,6.6417,68.261,3.6854,9.0647,2.8529,0,0,2.423,0,0,0,18.559,56.343,0,9.4946,0,13.18,0,0.14516,0.85484,0,0,0,0,0,1,0,0,0,0,1,0,0,0
0,0,4.1051,0,0,77.805,0,0,18.09,0,0,4.8167,0,0,0,4.052,73.753,3.0014,9.5601,4.8167,0,0,2.0526,0,2.0526,0,16.951,60.855,0,2.7641,0,15.326,0,0.95122,0.04878,0,0,0,0,0,1,0,0,0,0,1,0,0,0
0,1.9341,21.357,0,0,61.944,0,0,14.764,0,0,10.997,0,0,0,9.0628,54.816,0,15.867,7.324,0,1.9341,12.099,0,11.192,0,22.901,39.044,0,1.7388,0,11.091,1.9341,0.21277,0.78723,0,0,0,0,0,1,0,0,0,0,1,0,0,0
0,1.9234,3.7632,0,0,68.85,0,0,25.463,0,0,12.241,0,0,0,6.3847,64.389,2.9045,3.3861,8.7714,0,1.9234,1.8398,0,3.8469,0,23.381,45.469,0,10.318,0,10.318,4.828,1,0,0,0,0,0,0,1,0,0,0,0,1,0,0,0
0,30.184,3.149,0,0,36.482,0,0,30.184,0,0,3.149,0,27.035,0,0,12.596,27.035,0,0,0,30.184,0,0,33.333,0,27.035,9.447,0,0,27.035,0,3.149,0.21053,0.78947,0,0,0,0,0,1,0,0,0,0,1,0,0,0
0,2.9719,2.9719,0,0,54.992,0,0,39.064,0,0,2.9719,0,32.764,0,3.3282,54.636,3.3282,0,0,0,2.9719,0,0,5.9437,0,6.6565,48.336,0,0,32.764,0,6.3001,0.90566,0.09434,0,0,0,0,0,1,0,0,0,0,1,0,0,0
6.9753,0,0,0,29.642,28.113,0,0,19.422,2.5937,13.253,6.9753,2.5937,0,19.789,12.447,12.008,15.041,0,14.602,9.5691,6.9753,0,0,0,0,0,18.983,9.13,34.179,20.073,5.1874,12.447,0.081081,0.91892,0,0,0,0,0,1,0,0,0,0,1,0,0,0
6.9819,0,0.94766,0,17.705,29.973,0,0,17.948,20.506,5.9381,6.7696,8.798,9.9671,12.076,7.3497,17.83,13.488,0,9.0226,7.7172,6.9819,0,0,0.94766,0,0,29.025,0.94766,23.035,27.963,10.732,7.3497,0.26471,0.73529,0,0,0,0,0,1,0,0,0,0,1,0,0,0
6.6784,0,0,0,22.675,47.971,0,0,7.9985,6.6784,7.9985,0,0,0,7.9985,7.9985,36.873,7.9985,0,32.453,0,6.6784,0,0,0,0,0,25.775,22.196,14.677,29.354,0,7.9985,0,1,0,0,0,0,0,1,0,0,0,0,1,0,0,0
9.2373,0,0,0,23.479,33.701,0,0,10.05,11.407,12.126,3.674,3.1412,2.7021,20.085,3.674,18.927,6.8152,0,24.929,6.8152,9.2373,0,0,0,0,0,22.601,11.1,28.711,24.929,8.9844,3.674,0,1,0,0,0,0,0,1,0,0,0,0,1,0,0,0
0,0,0,0,12.981,87.019,0,0,0,0,0,0,0,0,12.981,0,74.038,0,0,12.981,0,0,0,0,0,0,0,43.51,43.51,0,12.981,0,0,0,1,0,0,0,0,0,1,0,0,0,0,1,0,0,0
0,0,0,0,0,100,0,0,0,0,0,0,0,0,0,0,82.744,0,0,17.256,0,0,0,0,0,0,0,65.488,34.512,0,0,0,0,0,1,0,0,0,0,0,1,0,0,0,0,1,0,0,0
0,0,0,0,0,100,0,0,0,0,0,0,0,0,0,0,88.252,0,0,11.748,0,0,0,0,0,0,0,44.126,55.874,0,0,0,0,0,1,0,0,0,0,0,1,0,0,0,0,1,0,0,0
0,0,0,0,0,100,0,0,0,0,0,0,0,0,0,0,100,0,0,0,0,0,0,0,0,0,0,73.454,26.546,0,0,0,0,0,1,0,0,0,0,0,1,0,0,0,0,1,0,0,0
0,0,0,0,0,82.809,0,0,17.191,0,0,0,0,0,0,0,100,0,0,0,0,0,0,0,0,0,0,82.809,0,0,0,17.191,0,0.68354,0.037975,0,0,0.27848,0,0,1,0,0,0,0,1,0,0,0
0,0,0,0,0,100,0,0,0,0,0,0,0,0,0,0,100,0,0,0,0,0,0,0,0,0,0,100,0,0,0,0,0,0.7875,0.0125,0,0,0.2,0,0,1,0,0,0,0,1,0,0,0
0,0,0,0,0,100,0,0,0,0,0,0,0,0,0,0,100,0,0,0,0,0,0,0,0,0,0,100,0,0,0,0,0,0.88095,0.02381,0,0,0.095238,0,0,1,0,0,0,0,1,0,0,0
0,0,0,0,0,100,0,0,0,0,0,0,0,0,0,0,100,0,0,0,0,0,0,0,0,0,0,100,0,0,0,0,0,0.86275,0.039216,0,0,0.098039,0,0,1,0,0,0,0,1,0,0,0
0,0,0,0,0,92.916,0,0,7.0843,0,0,0,0,0,0,0,100,0,0,0,0,0,0,0,0,0,14.14,78.776,0,0,0,7.0843,0,1,0,0,0,0,0,0,1,0,0,0,0,1,0,0,0
0,0,0,0,0,100,0,0,0,0,0,0,0,0,0,0,100,0,0,0,0,0,0,0,0,0,0,100,0,0,0,0,0,0.95385,0.046154,0,0,0,0,0,1,0,0,0,0,1,0,0,0
0,0,0,0,0,94.502,0,0,5.4984,0,0,0,0,0,0,0,94.502,5.4984,0,0,0,0,0,0,0,0,20.884,73.617,0,0,0,5.4984,0,0.88235,0.11765,0,0,0,0,0,1,0,0,0,0,1,0,0,0
0,0,0,0,0,100,0,0,0,0,0,0,0,0,0,0,100,0,0,0,0,0,0,0,0,0,4.4575,95.543,0,0,0,0,0,0.94737,0.052632,0,0,0,0,0,1,0,0,0,0,1,0,0,0
0,0,0,0,0,100,0,0,0,0,0,0,0,0,0,0,100,0,0,0,0,0,0,0,0,0,0,100,0,0,0,0,0,1,0,0,0,0,0,0,1,0,0,0,0,1,0,0,0
0,0,0,0,0,100,0,0,0,0,0,0,0,0,0,0,100,0,0,0,0,0,0,0,0,0,0,100,0,0,0,0,0,1,0,0,0,0,0,0,1,0,0,0,0,1,0,0,0
0,0,0,0,0,100,0,0,0,0,0,0,0,0,0,0,100,0,0,0,0,0,0,0,0,0,0,100,0,0,0,0,0,0.81967,0.18033,0,0,0,0,0,1,0,0,0,0,1,0,0,0
6.9952,1.5258,0,0,14.97,28.702,10.884,7.5575,6.3708,22.995,0,9.2475,5.9001,6.922,3.9563,17.295,26.193,7.1519,4.7981,10.925,2.5841,5.0273,14.31,11.068,3.6861,8.8614,0.64397,18.461,6.7382,17.098,7.0247,9.2508,2.8576,0.85507,0.14493,0,0,0,0,0,1,0,0,0,0,1,0,0,1
0,0,0,0,0,92.447,0,0,7.5535,0,0,3.7767,0,0,0,8.0353,84.411,0,3.7767,0,0,0,0,0,0,0,22.384,70.062,0,3.7767,0,3.7767,0,1,0,0,0,0,0,0,1,0,0,0,0,1,0,0,0
0,0,0,0,0,100,0,0,0,0,0,0,0,0,0,0,100,0,0,0,0,0,0,0,0,0,0,100,0,0,0,0,0,0.87143,0.12857,0,0,0,0,0,1,0,0,0,0,1,0,0,0
0,0,5.1698,0,0,85.866,0,0,8.964,0,0,4.5984,0,0,0,6.9505,78.916,2.3522,4.5984,2.5849,0,0,2.5849,0,2.5849,0,17.4,68.467,0,2.0135,0,4.5984,2.3522,0.94118,0.058824,0,0,0,0,0,1,0,0,0,0,1,0,0,0
0,10.083,11.493,0,0,64.211,0,0,14.213,0,0,7.3626,0,6.8507,0,6.6325,53.96,6.8507,4.1302,4.1302,0,10.083,4.1302,0,17.446,0,20.116,44.095,0,0,6.8507,4.1302,3.2324,0.93243,0.067568,0,0,0,0,0,1,0,0,0,0,1,0,0,0
0,5.1865,3.1339,0,5.5034,37.309,0,0,17.829,20.473,10.566,4.1713,8.4541,16.444,13.628,0,33.026,4.2828,0,14.602,5.3918,0,0,0,8.3204,0,0,36.088,1.2205,10.566,31.398,12.408,0,0.88462,0.11538,0,0,0,0,0,1,0,0,0,0,1,0,0,0
0,2.9292,7.0029,0,0,51.199,0,0,23.225,15.644,0,0,4.0737,22.159,0,0,49.367,0,0,8.1714,16.229,0,0,0,9.9321,0,0,49.367,1.832,8.0268,29.01,1.832,0,0.82143,0.17857,0,0,0,0,0,1,0,0,0,0,1,0,0,0
0,0,3.1624,0,15.319,34.968,0,0,21.566,13.401,11.583,0,9.7226,16.155,15.262,2.9387,25.245,9.4989,0,15.134,6.0439,0,0,0,3.1624,0,0,28.924,6.0439,11.583,34.744,12.604,2.9387,0,1,0,0,0,0,0,1,0,0,0,0,1,0,0,0
0,4.9707,11.205,3.54,0,39.134,0,0,32.054,9.0956,0,0,7.6649,20.998,0,0,39.134,0,0,16.873,11.79,3.54,0,3.54,16.176,0,0,39.134,0,4.1249,37.025,0,0,0,1,0,0,0,0,0,1,0,0,0,0,1,0,0,0
0,2.206,8.5025,3.2719,1.9586,46.758,0,0,20.858,16.445,0,0,3.2719,20.734,0,1.9586,46.758,0,0,4.4119,19.594,3.2719,0,3.2719,10.708,0,0,46.758,0,10.992,24.353,1.9586,1.9586,0.8,0.2,0,0,0,0,0,1,0,0,0,0,1,0,0,0
0,0,30.1,8.2846,4.9205,37.994,0,0,14.344,4.3572,0,0,5.1388,16.113,6.2977,6.2977,31.696,4.9205,0,0,9.496,20.04,16.676,8.2846,8.5029,0,4.9205,31.696,1.3773,4.3572,12.967,1.3773,9.841,0.85714,0.14286,0,0,0,0,0,1,0,0,0,0,1,0,0,0
0,0,20.16,2.8992,7.3365,31.417,0,0,29.84,8.3476,0,0,3.9103,22.256,6.014,10.451,25.403,2.8992,0,0,20.153,8.9132,8.9132,2.8992,8.3476,0,2.8992,25.403,3.1149,8.3476,22.288,7.5522,10.236,0.037037,0.96296,0,0,0,0,0,1,0,0,0,0,1,0,0,0
0,0,19.876,7.124,10.077,40.552,0,0,16.681,2.0931,3.5975,0,3.5889,7.7212,11.581,9.2256,28.971,11.581,0,0,12.224,15.108,7.0702,7.124,9.2709,0,7.9836,28.4,4.1683,10.139,6.5416,2.0931,17.209,0,1,0,0,0,0,0,1,0,0,0,0,1,0,0,0
0,0,0,0,0,100,0,0,0,0,0,0,0,0,0,0,100,0,0,0,0,0,0,0,0,0,0,72.237,27.763,0,0,0,0,0,1,0,0,0,0,0,1,0,0,0,0,1,0,0,0
0,0,0,0,0,100,0,0,0,0,0,0,0,0,0,0,100,0,0,0,0,0,0,0,0,0,0,100,0,0,0,0,0,0,1,0,0,0,0,0,1,0,0,0,0,1,0,0,0
0,0,0,0,0,100,0,0,0,0,0,0,0,0,0,0,100,0,0,0,0,0,0,0,0,0,0,81.556,18.444,0,0,0,0,0,1,0,0,0,0,0,1,0,0,0,0,1,0,0,0
0,0,0,0,0,100,0,0,0,0,0,0,0,0,0,0,100,0,0,0,0,0,0,0,0,0,0,100,0,0,0,0,0,0,1,0,0,0,0,0,1,0,0,0,0,1,0,0,0
0,0,0,0,0,100,0,0,0,0,0,0,0,0,0,0,100,0,0,0,0,0,0,0,0,0,0,83.331,16.669,0,0,0,0,0,1,0,0,0,0,0,1,0,0,0,0,1,0,0,0
0,0,4.6591,0,0,86.023,0,0,9.3181,0,0,0,0,4.6591,4.6591,4.6591,81.364,0,0,0,0,4.6591,4.6591,0,0,0,0,81.364,4.6591,0,4.6591,4.6591,0,0,1,0,0,0,0,0,1,0,0,0,0,1,0,0,0
0,0,0,0,0,100,0,0,0,0,0,0,0,0,0,0,100,0,0,0,0,0,0,0,0,0,0,100,0,0,0,0,0,0,1,0,0,0,0,0,1,0,0,0,0,1,0,0,0
0,0,0,0,0,100,0,0,0,0,0,0,0,0,0,0,100,0,0,0,0,0,0,0,0,0,0,100,0,0,0,0,0,0,1,0,0,0,0,0,1,0,0,0,0,1,0,0,0
0,0,2.8331,0,13.323,43.12,0,0,16.038,0,24.686,0,0,2.8331,8.0191,19.382,35.101,13.323,0,0,13.323,8.0191,2.8331,0,0,0,5.186,35.101,2.8331,38.009,8.0191,2.8331,5.186,0,1,0,0,0,0,0,1,0,0,0,0,1,0,0,0
0,0,13.503,3.4943,16.348,25.966,0,0,10.511,0,30.178,0,0,6.5143,10.985,23.839,14.981,20.819,0,0,12.854,10.009,10.009,3.4943,0,0,3.4943,19.452,3.02,43.032,3.02,3.02,11.459,0.93333,0.066667,0,0,0,0,0,1,0,0,0,0,1,0,0,0
0,0,0,0,0,86.822,0,0,3.1468,0,10.032,0,0,0,3.1468,10.032,83.675,3.1468,0,0,0,0,0,0,0,0,0,79.862,6.9599,10.032,0,0,3.1468,0,1,0,0,0,0,0,1,0,0,0,0,1,0,0,0
0,0,0,0,0,100,0,0,0,0,0,0,0,0,0,0,100,0,0,0,0,0,0,0,0,0,0,100,0,0,0,0,0,0,1,0,0,0,0,0,1,0,0,0,0,1,0,0,0
5.0688,0,0,0,24.803,23.609,0,0,4.4347,22.791,19.294,1.8088,11.338,4.576,23.87,2.6259,14.08,12.155,0,17.717,6.7619,5.0688,0,0,0,0,0,18.655,4.953,24.363,33.112,16.291,2.6259,1,0,0,0,0,0,0,1,0,0,0,0,1,0,0,0
3.3908,0,1.7255,0,12.3,22.77,0,0,18.19,20.303,21.321,9.5566,12.346,5.2425,21.321,3.3908,13.2,7.8453,0,7.9714,15.737,3.3908,0,0,1.7255,0,0,16.59,6.18,31.493,22.029,18.592,3.3908,1,0,0,0,0,0,0,1,0,0,0,0,1,0,0,0
0,0,0,0,0,91.434,0,0,0,0,8.5661,0,0,0,0,8.5661,91.434,0,0,0,0,0,0,0,0,0,0,91.434,0,8.5661,0,0,0,0,1,0,0,0,0,0,1,0,0,0,0,1,0,0,0
0,3.5786,3.4173,0,0,48.634,0,0,17.503,23.357,3.511,3.511,6.9284,18.661,3.511,0,45.216,0,0,10.575,11.598,0,0,0,6.9959,0,0,45.216,3.4173,8.1803,29.262,6.9284,0,0.086957,0.91304,0,0,0,0,0,1,0,0,0,0,1,0,0,0
0,5.0491,5.0491,0,0,73.05,0,0,0,16.852,0,0,0,13.475,0,0,73.05,0,0,5.0491,8.4258,0,0,0,10.098,0,0,73.05,0,8.4258,8.4258,0,0,0,1,0,0,0,0,0,1,0,0,0,0,1,0,0,0
0,0,0,0,0,100,0,0,0,0,0,0,0,0,0,0,100,0,0,0,0,0,0,0,0,0,0,100,0,0,0,0,0,0,1,0,0,0,0,0,1,0,0,0,0,1,0,0,0
0,0,0,0,0,100,0,0,0,0,0,0,0,0,0,0,100,0,0,0,0,0,0,0,0,0,0,100,0,0,0,0,0,0,1,0,0,0,0,0,1,0,0,0,0,1,0,0,0
0,0,0,0,0,87.659,0,0,6.1706,6.1706,0,0,0,6.1706,0,0,87.659,0,0,0,6.1706,0,0,0,0,0,0,87.659,0,6.1706,6.1706,0,0,0,1,0,0,0,0,0,1,0,0,0,0,1,0,0,0
0,0,6.388,0,0,87.224,0,0,6.388,0,0,0,0,6.388,0,0,87.224,0,0,0,0,6.388,6.388,0,0,0,0,87.224,0,0,6.388,0,0,0,1,0,0,0,0,0,1,0,0,0,0,1,0,0,0
0,0,0,0,0,87.808,0,0,0,0,12.192,0,0,0,0,12.192,87.808,0,0,0,0,0,0,0,0,0,0,87.808,0,12.192,0,0,0,0,1,0,0,0,0,0,1,0,0,0,0,1,0,0,0
0,0,0,5.3405,6.2573,72.007,0,0,0,0,16.395,0,5.3405,0,0,16.395,72.007,0,0,0,0,6.2573,0,0,0,0,0,72.007,0,16.395,0,6.2573,5.3405,0,0.1194,0.44776,0.22388,0.20896,0,0,1,0,0,0,0,1,0,0,0
0,0,0,13.128,8.0813,78.791,0,0,0,0,0,0,13.128,0,0,0,78.791,0,0,0,0,8.0813,0,0,0,0,0,78.791,0,0,0,8.0813,13.128,0,0,0,0.175,0.825,0,0,1,0,0,0,0,1,0,0,0
0,0,0,3.7135,12.401,83.885,0,0,0,0,0,0,3.7135,0,0,0,83.885,0,0,0,0,12.401,0,0,0,0,0,83.885,0,0,0,12.401,3.7135,0,0,0,0.073171,0.92683,0,0,1,0,0,0,0,1,0,0,0
0,0,0,9.7834,12.128,78.089,0,0,0,0,0,0,7.0036,2.7798,0,0,78.089,0,0,0,0,12.128,0,0,0,0,0,78.089,0,0,0,12.128,9.7834,0,0,0,0.20968,0.79032,0,0,1,0,0,0,0,1,0,0,0
0,0,0,2.0729,0,97.927,0,0,0,0,0,0,2.0729,0,0,0,97.927,0,0,0,0,0,0,0,0,0,0,97.927,0,0,0,0,2.0729,0,0,0,0.18182,0.81818,0,0,1,0,0,0,0,1,0,0,0
0,0,0,0,0,100,0,0,0,0,0,0,0,0,0,0,100,0,0,0,0,0,0,0,0,0,0,100,0,0,0,0,0,0,0,0,0.23529,0.76471,0,0,1,0,0,0,0,1,0,0,0
0,0,0,0,0,100,0,0,0,0,0,0,0,0,0,0,100,0,0,0,0,0,0,0,0,0,0,100,0,0,0,0,0,0,0,0.016949,0.084746,0.89831,0,0,1,0,0,0,0,1,0,0,0
0,0,0,0,0,91.823,0,0,0,0,8.1769,0,0,0,0,8.1769,91.823,0,0,0,0,0,0,0,0,0,0,91.823,0,8.1769,0,0,0,0,0.98039,0,0.019608,0,0,0,1,0,0,0,0,1,0,0,0
13.732,0,0,4.9129,0,69.942,0,0,0,0,11.413,0,0,4.9129,13.732,11.413,69.942,0,0,0,0,0,0,0,0,0,13.732,69.942,0,11.413,0,0,4.9129,0,0.088889,0.22222,0.12222,0.56667,0,0,1,0,0,0,0,1,0,0,0
10.336,0,0,0,0,89.664,0,0,0,0,0,0,0,0,5.1682,0,89.664,5.1682,0,0,0,0,0,0,0,5.1682,5.1682,89.664,0,0,0,0,0,0,1,0,0,0,0,0,1,0,0,0,0,1,0,0,0
25.025,0,0,23.767,0,51.208,0,0,0,0,0,0,0,23.767,7.1748,0,51.208,17.85,0,0,0,0,0,0,0,17.85,7.1748,51.208,0,0,0,0,23.767,0,0.082474,0.23711,0.19588,0.48454,0,0,1,0,0,0,0,1,0,0,0
0,0,0,8.175,0,91.825,0,0,0,0,0,0,3.0125,5.1625,0,0,91.825,0,0,0,0,0,0,0,0,0,0,91.825,0,0,0,0,8.175,0,0,0.015873,0.28571,0.69841,0,0,1,0,0,0,0,1,0,0,0
0,0,0,3.7484,0,96.252,0,0,0,0,0,0,0,3.7484,0,0,96.252,0,0,0,0,0,0,0,0,0,0,96.252,0,0,0,0,3.7484,0,0,0,0.25352,0.74648,0,0,1,0,0,0,0,1,0,0,0
0,0,0,15.428,0,84.572,0,0,0,0,0,0,0,15.428,0,0,76.431,8.1414,0,0,0,0,0,0,0,0,0,84.572,0,0,0,0,15.428,0,0,0,0.26027,0.73973,0,0,1,0,0,0,0,1,0,0,0
0,0,0,0,0,100,0,0,0,0,0,0,0,0,0,0,100,0,0,0,0,0,0,0,0,0,0,94.393,5.6074,0,0,0,0,0,0,0,0.20513,0.79487,0,0,1,0,0,0,0,1,0,0,0
0,0,0,0,0,100,0,0,0,0,0,0,0,0,0,0,100,0,0,0,0,0,0,0,0,0,0,100,0,0,0,0,0,0,0,0.015385,0.15385,0.83077,0,0,1,0,0,0,0,1,0,0,0
0,0,0,0,0,100,0,0,0,0,0,0,0,0,0,0,100,0,0,0,0,0,0,0,0,0,0,100,0,0,0,0,0,0,0,0,0.25758,0.74242,0,0,1,0,0,0,0,1,0,0,0
0,0,0,0,0,100,0,0,0,0,0,0,0,0,0,0,100,0,0,0,0,0,0,0,0,0,0,100,0,0,0,0,0,0,0,0,0.2,0.8,0,0,1,0,0,0,0,1,0,0,0
0,0,0,0,0,100,0,0,0,0,0,0,0,0,0,0,100,0,0,0,0,0,0,0,0,0,0,100,0,0,0,0,0,0,0,0.057143,0.15714,0.78571,0,0,1,0,0,0,0,1,0,0,0
0,0,0,0,0,100,0,0,0,0,0,0,0,0,0,0,100,0,0,0,0,0,0,0,0,0,0,100,0,0,0,0,0,0,0,0,0.096154,0.90385,0,0,1,0,0,0,0,1,0,0,0
0,0,0,0,0,100,0,0,0,0,0,0,0,0,0,0,100,0,0,0,0,0,0,0,0,0,0,100,0,0,0,0,0,0,0,0.047619,0.45238,0.5,0,0,1,0,0,0,0,1,0,0,0
0,0,0,0,0,100,0,0,0,0,0,0,0,0,0,0,100,0,0,0,0,0,0,0,0,0,0,100,0,0,0,0,0,0,0,0.02381,0.14286,0.83333,0,0,1,0,0,0,0,1,0,0,0
0,0,0,0,0,100,0,0,0,0,0,0,0,0,0,0,100,0,0,0,0,0,0,0,0,0,0,100,0,0,0,0,0,0,0,0,0.23188,0.76812,0,0,1,0,0,0,0,1,0,0,0
0,0,0,0,0,100,0,0,0,0,0,0,0,0,0,0,100,0,0,0,0,0,0,0,0,0,0,100,0,0,0,0,0,0,0,0.018868,0.20755,0.77358,0,0,1,0,0,0,0,1,0,0,0
1.868,2.5285,5.8043,0,13.924,38.199,0,0,10.287,22.194,5.195,1.868,13.601,17.673,13.788,1.868,22.73,12.193,0,7.5359,6.8754,1.868,0,0,8.3328,0,0,33.191,5.0074,10.799,25.469,15.332,1.868,0.125,0.875,0,0,0,0,0,1,0,0,0,0,1,0,0,0
0,8.7957,6.5202,0,0,53.548,0,0,19.727,11.409,0,0,3.021,20.205,0,0,53.548,0,0,14.092,9.1338,0,0,0,15.316,0,0,53.548,0,6.1128,25.024,0,0,0.098039,0.90196,0,0,0,0,0,1,0,0,0,0,1,0,0,0
0,0,11.229,0,2.7267,51.933,0,0,19.491,14.62,0,0,5.5356,17.135,0,2.7267,51.933,0,0,0,19.704,2.9666,2.9666,0,8.2623,0,0,51.933,0,11.441,19.944,2.7267,2.7267,0.032787,0.96721,0,0,0,0,0,1,0,0,0,0,1,0,0,0
0,0,16.828,3.5102,9.8079,44.476,0,0,15.838,9.5398,0,0,0,19.348,3.5102,9.8079,40.966,3.5102,0,0,15.838,7.0204,7.0204,3.5102,6.2977,0,3.5102,40.966,0,9.5398,9.5398,6.2977,13.318,0,1,0,0,0,0,0,1,0,0,0,0,1,0,0,0
0,0,20.676,2.31,8.7308,37.564,0,0,25.548,5.1713,0,0,2.31,21.227,6.0042,7.616,31.56,3.5595,0,0,16.212,11.511,5.6419,2.31,9.7914,0,3.5595,31.56,2.4447,8.7308,14.373,7.616,13.973,1,0,0,0,0,0,0,1,0,0,0,0,1,0,0,0
0,0,10.104,0,0,89.896,0,0,0,0,0,0,0,10.104,0,17.641,54.614,17.641,0,0,0,0,0,0,0,0,0,72.255,17.641,0,0,0,10.104,1,0,0,0,0,0,0,1,0,0,0,0,1,0,0,0
0,0,0,0,0,100,0,0,0,0,0,0,0,0,0,28.772,57.545,13.683,0,0,0,0,0,0,0,0,0,72.634,27.366,0,0,0,0,1,0,0,0,0,0,0,1,0,0,0,0,1,0,0,0
0,0,0,0,0,100,0,0,0,0,0,0,0,0,0,29.111,53.271,17.619,0,0,0,0,0,0,0,0,0,59.398,40.602,0,0,0,0,1,0,0,0,0,0,0,1,0,0,0,0,1,0,0,0
16.68,0,0,0,0,83.32,0,0,0,0,0,0,0,0,8.3399,0,83.32,8.3399,0,0,0,0,0,0,0,8.3399,8.3399,83.32,0,0,0,0,0,0,1,0,0,0,0,0,1,0,0,0,0,1,0,0,0
34.208,0,0,5.4703,0,60.322,0,0,0,0,0,0,0,5.4703,21.955,0,54.851,17.723,0,0,0,0,0,0,0,12.253,21.955,60.322,0,0,0,0,5.4703,0,0.12791,0.18605,0.19767,0.48837,0,0,1,0,0,0,0,1,0,0,0
0,0,15.497,0,0,84.503,0,0,0,0,0,0,0,15.497,0,0,84.503,0,0,0,0,0,0,0,0,0,0,84.503,0,0,0,0,15.497,1,0,0,0,0,0,0,1,0,0,0,0,1,0,0,0
0,0,0,0,0,89.298,0,0,10.702,0,0,0,10.702,0,0,10.702,67.893,10.702,0,0,0,0,0,0,0,0,0,78.595,10.702,0,0,10.702,0,1,0,0,0,0,0,0,1,0,0,0,0,1,0,0,0
7.644,0,0,7.644,0,78.595,0,0,6.117,0,0,0,6.117,7.644,0,6.117,66.361,13.761,0,0,0,0,0,0,0,7.644,0,66.841,11.754,0,0,6.117,7.644,0,0,0.024691,0.2716,0.7037,0,0,1,0,0,0,0,1,0,0,0
0,0,0,5.258,0,87.893,0,0,6.8495,0,0,0,6.8495,5.258,0,6.8495,68.936,12.107,0,0,0,0,0,0,0,0,0,81.043,6.8495,0,0,6.8495,5.258,0,0,0,0.16471,0.83529,0,0,1,0,0,0,0,1,0,0,0
0,0,0,4.9165,0,85.451,0,0,9.6323,0,0,0,9.6323,4.9165,0,6.9577,73.577,4.9165,0,0,0,0,0,0,0,0,0,79.55,5.9015,0,0,9.6323,4.9165,0,0,0,0.21311,0.78689,0,0,1,0,0,0,0,1,0,0,0
0,0,0,0,0,86.381,0,0,13.619,0,0,0,13.619,0,0,7.7841,70.813,7.7841,0,0,0,0,0,0,0,0,0,78.597,7.7841,0,0,7.7841,5.8352,0,0,0,0.093333,0.90667,0,0,1,0,0,0,0,1,0,0,0
0,0,0,0,0,100,0,0,0,0,0,0,0,0,0,0,100,0,0,0,0,0,0,0,0,0,0,92.702,7.2979,0,0,0,0,0,0,0,0.10811,0.89189,0,0,1,0,0,0,0,1,0,0,0
0,0,0,0,0,100,0,0,0,0,0,0,0,0,0,0,100,0,0,0,0,0,0,0,0,0,0,100,0,0,0,0,0,0,0,0.097561,0.10976,0.79268,0,0,1,0,0,0,0,1,0,0,0
0,0,0,0,0,100,0,0,0,0,0,0,0,0,0,9.2254,90.775,0,0,0,0,0,0,0,0,0,0,100,0,0,0,0,0,0,0,0,0.081081,0.91892,0,0,1,0,0,0,0,1,0,0,0
0,0,0,0,0,100,0,0,0,0,0,0,0,0,0,0,100,0,0,0,0,0,0,0,0,0,0,100,0,0,0,0,0,0,0,0.011905,0.095238,0.89286,0,0,1,0,0,0,0,1,0,0,0
0,0,0,0,0,100,0,0,0,0,0,0,0,0,0,12.09,87.91,0,0,0,0,0,0,0,0,0,0,100,0,0,0,0,0,1,0,0,0,0,0,0,1,0,0,0,0,1,0,0,0
0,0,0,0,0,74.323,0,0,25.677,0,0,0,8.2251,8.726,0,0,74.323,0,0,0,0,8.726,0,0,0,0,0,74.323,0,0,0,8.726,16.951,1,0,0,0,0,0,0,1,0,0,0,0,1,0,0,0
0,0,0,0,0,100,0,0,0,0,0,0,0,0,0,7.8719,84.256,7.8719,0,0,0,0,0,0,0,0,0,84.256,15.744,0,0,0,0,1,0,0,0,0,0,0,1,0,0,0,0,1,0,0,0
0,0,0,0,0,62.801,0,0,37.199,0,0,0,5.7989,17.236,0,0,62.801,0,0,0,0,14.164,0,0,0,0,0,62.801,0,0,0,14.164,23.035,1,0,0,0,0,0,0,1,0,0,0,0,1,0,0,0
0,0,0,0,0,78.021,0,0,21.979,0,0,0,7.8839,3.1056,0,5.2098,72.811,0,0,0,0,10.989,0,0,0,0,0,78.021,0,0,0,10.989,10.989,0,0,0,0.054795,0.94521,0,0,1,0,0,0,0,1,0,0,0
0,0,0,0,0,89.285,0,0,10.715,0,0,0,5.9381,2.3885,0,3.6712,85.614,0,0,0,0,2.3885,0,0,0,0,0,89.285,0,0,0,2.3885,8.3267,0,0,0,0.31081,0.68919,0,0,1,0,0,0,0,1,0,0,0
0,0,0,0,0,73.462,0,0,26.538,0,0,0,6.9083,8.1032,0,0,73.462,0,0,0,0,11.527,0,0,0,0,0,73.462,0,0,0,11.527,15.012,0,0,0,0.18182,0.81818,0,0,1,0,0,0,0,1,0,0,0
0,0,0,0,0,87.653,0,0,12.347,0,0,0,0,6.1736,0,0,87.653,0,0,0,0,6.1736,0,0,0,0,0,87.653,0,0,0,6.1736,6.1736,0,0,0,0.11594,0.88406,0,0,1,0,0,0,0,1,0,0,0
0,0,0,0,0,100,0,0,0,0,0,0,0,0,0,0,100,0,0,0,0,0,0,0,0,0,0,100,0,0,0,0,0,0,0,0,0.12987,0.87013,0,0,1,0,0,0,0,1,0,0,0
0,0,0,0,0,100,0,0,0,0,0,0,0,0,0,0,100,0,0,0,0,0,0,0,0,0,0,100,0,0,0,0,0,0,0,0.012048,0.3253,0.66265,0,0,1,0,0,0,0,1,0,0,0
0,0,0,0,0,100,0,0,0,0,0,0,0,0,0,0,100,0,0,0,0,0,0,0,0,0,0,100,0,0,0,0,0,0,0,0,0.084507,0.91549,0,0,1,0,0,0,0,1,0,0,0
0,0,0,0,0,100,0,0,0,0,0,0,0,0,0,0,100,0,0,0,0,0,0,0,0,0,0,100,0,0,0,0,0,0,0,0,0.22785,0.77215,0,0,1,0,0,0,0,1,0,0,0
0,0,0,0,0,100,0,0,0,0,0,0,0,0,0,0,100,0,0,0,0,0,0,0,0,0,0,100,0,0,0,0,0,0,0,0.017857,0.28571,0.69643,0,0,1,0,0,0,0,1,0,0,0
0,0,0,0,0,100,0,0,0,0,0,0,0,0,0,0,100,0,0,0,0,0,0,0,0,0,0,100,0,0,0,0,0,0,0,0.017857,0.25,0.73214,0,0,1,0,0,0,0,1,0,0,0
0,0,0,0,0,100,0,0,0,0,0,0,0,0,0,0,100,0,0,0,0,0,0,0,0,0,0,100,0,0,0,0,0,0,0,0,0.36842,0.63158,0,0,1,0,0,0,0,1,0,0,0
0,0,0,0,0,100,0,0,0,0,0,0,0,0,0,0,100,0,0,0,0,0,0,0,0,0,0,100,0,0,0,0,0,0,0,0,0,1,0,0,1,0,0,0,0,1,0,0,0
0,0,0,0,0,100,0,0,0,0,0,0,0,0,0,0,100,0,0,0,0,0,0,0,0,0,0,100,0,0,0,0,0,0,0,0,0.094118,0.90588,0,0,1,0,0,0,0,1,0,0,0
0,0,0,0,0,100,0,0,0,0,0,0,0,0,0,0,100,0,0,0,0,0,0,0,0,0,0,100,0,0,0,0,0,0,0,0.14035,0.26316,0.59649,0,0,1,0,0,0,0,1,0,0,0
0,0,0,0,0,100,0,0,0,0,0,0,0,0,0,0,100,0,0,0,0,0,0,0,0,0,0,100,0,0,0,0,0,0,0,0,0.14634,0.85366,0,0,1,0,0,0,0,1,0,0,0
0,0,0,0,0,100,0,0,0,0,0,0,0,0,0,0,100,0,0,0,0,0,0,0,0,0,0,100,0,0,0,0,0,0,0,0,0.25758,0.74242,0,0,1,0,0,0,0,1,0,0,0
0,0,0,0,0,100,0,0,0,0,0,0,0,0,0,0,100,0,0,0,0,0,0,0,0,0,0,100,0,0,0,0,0,0,0,0,0,1,0,0,1,0,0,0,0,1,0,0,0
0,0,0,0,0,100,0,0,0,0,0,0,0,0,0,0,100,0,0,0,0,0,0,0,0,0,0,100,0,0,0,0,0,0,0,0,0,1,0,0,1,0,0,0,0,1,0,0,0
0,0,0,0,0,100,0,0,0,0,0,0,0,0,0,0,100,0,0,0,0,0,0,0,0,0,0,100,0,0,0,0,0,0,0,0,0,1,0,0,1,0,0,0,0,1,0,0,0
0,0,0,0,0,100,0,0,0,0,0,0,0,0,0,0,100,0,0,0,0,0,0,0,0,0,0,100,0,0,0,0,0,0,0,0,0,1,0,0,1,0,0,0,0,1,0,0,0
0,0,0,0,0,100,0,0,0,0,0,0,0,0,0,0,100,0,0,0,0,0,0,0,0,0,0,100,0,0,0,0,0,0,0,0,0,1,0,0,1,0,0,0,0,1,0,0,0
0,0,0,0,0,100,0,0,0,0,0,0,0,0,0,0,100,0,0,0,0,0,0,0,0,0,0,100,0,0,0,0,0,0,0,0,0,1,0,0,1,0,0,0,0,1,0,0,0
0,0,0,0,0,100,0,0,0,0,0,0,0,0,0,0,100,0,0,0,0,0,0,0,0,0,0,100,0,0,0,0,0,0,0,0,0,1,0,0,1,0,0,0,0,1,0,0,0
0,0,0,0,0,100,0,0,0,0,0,0,0,0,0,0,100,0,0,0,0,0,0,0,0,0,0,100,0,0,0,0,0,0,0,0,0,1,0,0,1,0,0,0,0,1,0,0,0
0,0,0,0,0,100,0,0,0,0,0,0,0,0,0,0,100,0,0,0,0,0,0,0,0,0,0,100,0,0,0,0,0,0,0,0,0,1,0,0,1,0,0,0,0,1,0,0,0
0,0,0,0,0,100,0,0,0,0,0,0,0,0,0,0,100,0,0,0,0,0,0,0,0,0,0,100,0,0,0,0,0,0,0,0,0,1,0,0,1,0,0,0,0,1,0,0,0
0,0,0,0,0,100,0,0,0,0,0,0,0,0,0,0,100,0,0,0,0,0,0,0,0,0,0,100,0,0,0,0,0,0,0,0,0,1,0,0,1,0,0,0,0,1,0,0,0
0,0,0,0,0,100,0,0,0,0,0,0,0,0,0,0,100,0,0,0,0,0,0,0,0,0,0,100,0,0,0,0,0,0,0,0,0,1,0,0,1,0,0,0,0,1,0,0,0
0,0,0,0,0,100,0,0,0,0,0,0,0,0,0,0,100,0,0,0,0,0,0,0,0,0,0,100,0,0,0,0,0,0,0,0,0.028986,0.97101,0,0,1,0,0,0,0,1,0,0,0
0,0,0,0,0,100,0,0,0,0,0,0,0,0,0,0,100,0,0,0,0,0,0,0,0,0,0,100,0,0,0,0,0,0,0,0,0,1,0,0,1,0,0,0,0,1,0,0,0
0,0,0,0,0,100,0,0,0,0,0,0,0,0,0,0,100,0,0,0,0,0,0,0,0,0,0,100,0,0,0,0,0,0,0,0,0.056338,0.94366,0,0,1,0,0,0,0,1,0,0,0
0,0,0,0,0,100,0,0,0,0,0,0,0,0,0,0,100,0,0,0,0,0,0,0,0,0,0,100,0,0,0,0,0,0,0,0,0,1,0,0,1,0,0,0,0,1,0,0,0
0,0,0,0,0,100,0,0,0,0,0,0,0,0,0,0,100,0,0,0,0,0,0,0,0,0,0,100,0,0,0,0,0,0,0,0,0,1,0,0,1,0,0,0,0,1,0,0,0
0,0,0,0,0,100,0,0,0,0,0,0,0,0,0,0,100,0,0,0,0,0,0,0,0,0,0,100,0,0,0,0,0,0,0,0,0,1,0,0,1,0,0,0,0,1,0,0,0
0,0,0,0,0,100,0,0,0,0,0,0,0,0,0,0,100,0,0,0,0,0,0,0,0,0,0,100,0,0,0,0,0,0,0,0,0,1,0,0,1,0,0,0,0,1,0,0,0
0,0,0,0,0,100,0,0,0,0,0,0,0,0,0,0,100,0,0,0,0,0,0,0,0,0,0,100,0,0,0,0,0,0,0,0,0,1,0,0,1,0,0,0,0,1,0,0,0
0,0,0,0,0,100,0,0,0,0,0,0,0,0,0,0,100,0,0,0,0,0,0,0,0,0,0,100,0,0,0,0,0,0,0,0,0.0875,0.9125,0,0,1,0,0,0,0,1,0,0,0
0,0,0,0,0,100,0,0,0,0,0,0,0,0,0,0,100,0,0,0,0,0,0,0,0,0,0,100,0,0,0,0,0,0,0,0,0,1,0,0,1,0,0,0,0,1,0,0,0
0,0,0,0,0,100,0,0,0,0,0,0,0,0,0,0,100,0,0,0,0,0,0,0,0,0,0,100,0,0,0,0,0,0,0,0,0.049383,0.95062,0,0,1,0,0,0,0,1,0,0,0
0,0,0,0,0,100,0,0,0,0,0,0,0,0,0,0,100,0,0,0,0,0,0,0,0,0,0,100,0,0,0,0,0,0,0,0,0.012821,0.98718,0,0,1,0,0,0,0,1,0,0,0
0,0,0,0,0,100,0,0,0,0,0,0,0,0,0,0,100,0,0,0,0,0,0,0,0,0,0,100,0,0,0,0,0,0,0,0,0,1,0,0,1,0,0,0,0,1,0,0,0
0,0,0,0,0,100,0,0,0,0,0,0,0,0,0,0,100,0,0,0,0,0,0,0,0,0,0,100,0,0,0,0,0,0,0,0,0,1,0,0,1,0,0,0,0,1,0,0,0
0,0,0,0,0,100,0,0,0,0,0,0,0,0,0,0,100,0,0,0,0,0,0,0,0,0,0,100,0,0,0,0,0,0,0,0,0,1,0,0,1,0,0,0,0,1,0,0,0
0,0,0,0,0,100,0,0,0,0,0,0,0,0,0,0,100,0,0,0,0,0,0,0,0,0,0,100,0,0,0,0,0,0,0,0,0,1,0,0,1,0,0,0,0,1,0,0,0
0,0,0,0,0,100,0,0,0,0,0,0,0,0,0,0,100,0,0,0,0,0,0,0,0,0,0,100,0,0,0,0,0,0,0,0,0,1,0,0,1,0,0,0,0,1,0,0,0
0,0,0,0,0,100,0,0,0,0,0,0,0,0,0,0,100,0,0,0,0,0,0,0,0,0,0,100,0,0,0,0,0,0,0,0,0,1,0,0,1,0,0,0,0,1,0,0,0
0,0,0,0,0,100,0,0,0,0,0,0,0,0,0,0,100,0,0,0,0,0,0,0,0,0,0,100,0,0,0,0,0,0,0,0,0,1,0,0,1,0,0,0,0,1,0,0,0
0,0,0,0,0,100,0,0,0,0,0,0,0,0,0,0,100,0,0,0,0,0,0,0,0,0,0,100,0,0,0,0,0,0,0,0,0,1,0,0,1,0,0,0,0,1,0,0,0
0,0,0,0,0,100,0,0,0,0,0,0,0,0,0,0,100,0,0,0,0,0,0,0,0,0,0,100,0,0,0,0,0,0,0,0,0,1,0,0,1,0,0,0,0,1,0,0,0
0,0,0,0,0,100,0,0,0,0,0,0,0,0,0,0,100,0,0,0,0,0,0,0,0,0,0,100,0,0,0,0,0,0,0,0,0,1,0,0,1,0,0,0,0,1,0,0,0
0,0,0,0,0,100,0,0,0,0,0,0,0,0,0,0,100,0,0,0,0,0,0,0,0,0,0,100,0,0,0,0,0,0,0,0,0,1,0,0,1,0,0,0,0,1,0,0,0
0,0,0,0,0,100,0,0,0,0,0,0,0,0,0,0,100,0,0,0,0,0,0,0,0,0,0,100,0,0,0,0,0,0,0,0,0.049383,0.95062,0,0,1,0,0,0,0,1,0,0,0
0,0,0,0,0,100,0,0,0,0,0,0,0,0,0,0,100,0,0,0,0,0,0,0,0,0,0,100,0,0,0,0,0,0,0,0,0,1,0,0,1,0,0,0,0,1,0,0,0
0,0,0,0,0,100,0,0,0,0,0,0,0,0,0,0,100,0,0,0,0,0,0,0,0,0,0,100,0,0,0,0,0,0,0,0.028986,0.10145,0.86957,0,0,1,0,0,0,0,1,0,0,0
0,0,0,0,0,100,0,0,0,0,0,0,0,0,0,0,100,0,0,0,0,0,0,0,0,0,0,100,0,0,0,0,0,0,0,0,0,1,0,0,1,0,0,0,0,1,0,0,0
0,0,0,0,0,100,0,0,0,0,0,0,0,0,0,0,100,0,0,0,0,0,0,0,0,0,0,100,0,0,0,0,0,0,0,0,0,1,0,0,1,0,0,0,0,1,0,0,0
0,0,0,0,0,100,0,0,0,0,0,0,0,0,0,0,100,0,0,0,0,0,0,0,0,0,0,100,0,0,0,0,0,0,0,0,0,1,0,0,1,0,0,0,0,1,0,0,0
0,0,0,0,0,100,0,0,0,0,0,0,0,0,0,0,100,0,0,0,0,0,0,0,0,0,0,100,0,0,0,0,0,0,0,0,0,1,0,0,1,0,0,0,0,1,0,0,0
0,0,0,0,0,100,0,0,0,0,0,0,0,0,0,0,100,0,0,0,0,0,0,0,0,0,0,100,0,0,0,0,0,0,0,0,0,1,0,0,1,0,0,0,0,1,0,0,0
0,0,0,0,0,100,0,0,0,0,0,0,0,0,0,0,100,0,0,0,0,0,0,0,0,0,0,100,0,0,0,0,0,0,0.18,0.02,0.12,0.68,0,0,1,0,0,0,0,1,0,0,0
0,0,0,0,0,100,0,0,0,0,0,0,0,0,0,0,100,0,0,0,0,0,0,0,0,0,0,100,0,0,0,0,0,0,0,0,0,1,0,0,1,0,0,0,0,1,0,0,0
0,0,0,0,0,100,0,0,0,0,0,0,0,0,0,0,100,0,0,0,0,0,0,0,0,0,0,100,0,0,0,0,0,0,0,0,0,1,0,0,1,0,0,0,0,1,0,0,0
0,0,0,0,0,100,0,0,0,0,0,0,0,0,0,0,100,0,0,0,0,0,0,0,0,0,0,100,0,0,0,0,0,0,0,0,0,1,0,0,1,0,0,0,0,1,0,0,0
0,0,0,0,0,100,0,0,0,0,0,0,0,0,0,0,100,0,0,0,0,0,0,0,0,0,0,100,0,0,0,0,0,0,0,0,0,1,0,0,1,0,0,0,0,1,0,0,0
0,0,0,0,0,100,0,0,0,0,0,0,0,0,0,0,100,0,0,0,0,0,0,0,0,0,0,100,0,0,0,0,0,0,0,0,0,1,0,0,1,0,0,0,0,1,0,0,0
0,0,0,0,0,100,0,0,0,0,0,0,0,0,0,0,100,0,0,0,0,0,0,0,0,0,0,100,0,0,0,0,0,0,0,0,0,1,0,0,1,0,0,0,0,1,0,0,0
0,0,0,0,0,100,0,0,0,0,0,0,0,0,0,0,100,0,0,0,0,0,0,0,0,0,0,100,0,0,0,0,0,0,0,0,0,1,0,0,1,0,0,0,0,1,0,0,0
0,0,0,0,0,100,0,0,0,0,0,0,0,0,0,0,100,0,0,0,0,0,0,0,0,0,0,100,0,0,0,0,0,0,0,0,0,1,0,0,1,0,0,0,0,1,0,0,0
0,0,0,0,19.218,80.782,0,0,0,0,0,0,0,0,19.218,0,61.563,19.218,0,0,0,0,0,0,0,0,0,50,30.782,0,19.218,0,0,0,1,0,0,0,0,0,1,0,0,0,0,1,0,0,0
0,0,0,0,0,100,0,0,0,0,0,0,0,0,0,0,72.483,27.517,0,0,0,0,0,0,0,0,0,72.483,27.517,0,0,0,0,0,1,0,0,0,0,0,1,0,0,0,0,1,0,0,0
0,0,0,0,58.154,41.846,0,0,0,0,0,0,0,16.307,25.539,0,16.307,25.539,0,16.307,0,0,0,0,0,0,0,41.846,0,16.307,41.846,0,0,0,1,0,0,0,0,0,1,0,0,0,0,1,0,0,0
0,0,0,0,58.638,41.362,0,0,0,0,0,0,0,0,29.319,0,20.681,20.681,0,29.319,0,0,0,0,0,0,0,20.681,20.681,29.319,29.319,0,0,0,1,0,0,0,0,0,1,0,0,0,0,1,0,0,0
0,0,0,0,59.33,40.67,0,0,0,0,0,0,0,18.66,11.005,0,40.67,0,0,29.665,0,0,0,0,0,0,0,40.67,0,29.665,29.665,0,0,0,0.51351,0.081081,0.18919,0.21622,0,0,1,0,0,0,0,1,0,0,0
0,0,0,0,50,50,0,0,0,0,0,0,0,0,25,5.7549,38.49,5.7549,5.7549,19.245,0,0,0,0,0,0,5.7549,44.245,0,30.755,19.245,0,0,0,0.41667,0.027778,0.25,0.30556,0,0,1,0,0,0,0,1,0,0,0
0,0,0,0,74.505,25.495,0,0,0,0,0,0,0,21.089,16.164,0,25.495,0,0,37.252,0,0,0,0,0,0,0,25.495,0,37.252,37.252,0,0,0,1,0,0,0,0,0,1,0,0,0,0,1,0,0,0
0,0,0,0,0,100,0,0,0,0,0,0,0,0,0,22.659,77.341,0,0,0,0,0,0,0,0,0,35.955,54.682,9.3635,0,0,0,0,0,1,0,0,0,0,0,1,0,0,0,0,1,0,0,0
0,0,0,0,54.253,45.747,0,0,0,0,0,0,0,10.279,16.848,0,32.853,12.894,0,27.127,0,0,0,0,0,0,0,45.747,0,14.233,40.02,0,0,0,1,0,0,0,0,0,1,0,0,0,0,1,0,0,0
0,0,0,0,0,100,0,0,0,0,0,0,0,0,0,5.8031,88.394,5.8031,0,0,0,0,0,0,0,0,28.808,66.83,4.3624,0,0,0,0,0,1,0,0,0,0,0,1,0,0,0,0,1,0,0,0
0,0,0,17.783,12.29,69.927,0,0,0,0,0,0,0,0,0,47.857,27.564,12.29,0,0,12.29,0,0,0,0,0,0,57.637,12.29,12.29,0,17.783,0,0,0.5814,0.13953,0.023256,0.25581,0,0,1,0,0,0,0,1,0,0,0
0,0,0,19.597,13.337,67.066,0,0,0,0,0,0,0,0,0,39.195,37.906,9.5623,0,0,13.337,0,0,0,0,0,0,57.503,9.5623,13.337,0,19.597,0,0,1,0,0,0,0,0,1,0,0,0,0,1,0,0,0
0,0,0,16.473,19.384,64.144,0,0,0,0,0,0,0,0,0,35.856,37.283,7.4764,0,0,19.384,0,0,0,0,0,0,56.667,7.4764,19.384,0,16.473,0,0,1,0,0,0,0,0,1,0,0,0,0,1,0,0,0
0,0,0,0,47.31,52.69,0,0,0,0,0,0,0,0,14.95,11.062,45.375,7.3153,6.3481,14.95,0,0,0,0,0,0,11.062,41.629,0,13.983,33.327,0,0,0,0.94231,0.038462,0,0.019231,0,0,1,0,0,0,0,1,0,0,0
0,0,0,0,38.252,61.748,0,0,0,0,0,0,0,0,7.3773,7.3773,70.491,7.3773,7.3773,0,0,0,0,0,0,0,7.3773,54.371,0,14.755,23.497,0,0,0,0.88372,0.046512,0,0.069767,0,0,1,0,0,0,0,1,0,0,0
0,0,0,0,31.447,68.553,0,0,0,0,0,0,0,0,0,22.988,68.553,0,8.4594,0,0,0,0,0,0,0,22.988,45.565,0,8.4594,22.988,0,0,0,1,0,0,0,0,0,1,0,0,0,0,1,0,0,0
0,0,0,0,46.454,53.546,0,0,0,0,0,0,0,0,19.714,7.5084,31.568,14.47,14.535,12.205,0,0,0,0,0,0,7.5084,46.038,0,27.287,19.167,0,0,0,1,0,0,0,0,0,1,0,0,0,0,1,0,0,0
0,0,0,0,0,89.735,10.265,0,0,0,0,0,0,0,0,13.304,79.118,7.5785,0,0,0,0,0,0,0,0,36.872,57.403,5.725,0,0,0,0,0,1,0,0,0,0,0,1,0,0,0,0,1,0,0,0
0,0,0,0,14.209,85.791,0,0,0,0,0,0,0,0,0,0,85.791,0,14.209,0,0,0,0,0,0,0,0,85.791,0,14.209,0,0,0,0,1,0,0,0,0,0,1,0,0,0,0,1,0,0,0
0,0,0,0,0,97.418,2.582,0,0,0,0,0,0,0,0,8.3375,80.743,10.919,0,0,0,0,0,0,0,0,19.674,75.162,5.1641,0,0,0,0,0,1,0,0,0,0,0,1,0,0,0,0,1,0,0,0
0,0,0,32.722,0,67.278,0,0,0,0,0,0,0,0,0,65.444,34.556,0,0,0,0,0,0,0,0,0,0,67.278,0,0,0,32.722,0,0,1,0,0,0,0,0,1,0,0,0,0,1,0,0,0
0,0,0,9.4706,10.605,79.924,0,0,0,0,0,0,0,0,0,9.4706,90.529,0,0,0,0,0,0,0,0,0,0,79.924,0,0,10.605,9.4706,0,0,1,0,0,0,0,0,1,0,0,0,0,1,0,0,0
0,0,0,7.1097,0,92.89,0,0,0,0,0,0,0,0,0,14.219,85.781,0,0,0,0,0,0,0,0,0,0,92.89,0,0,0,7.1097,0,0,1,0,0,0,0,0,1,0,0,0,0,1,0,0,1
0,0,0,0,0,100,0,0,0,0,0,0,0,0,0,0,100,0,0,0,0,0,0,0,0,0,0,100,0,0,0,0,0,0,1,0,0,0,0,0,1,0,0,0,0,1,0,0,0
0,0,0,0,0,100,0,0,0,0,0,0,0,0,0,0,100,0,0,0,0,0,0,0,0,0,0,100,0,0,0,0,0,0,1,0,0,0,0,0,1,0,0,0,0,1,0,0,0
0,0,0,0,0,97.264,2.7365,0,0,0,0,0,0,0,0,13.988,74.76,8.5154,2.7365,0,0,0,0,0,0,0,13.988,80.539,5.4729,0,0,0,0,0,1,0,0,0,0,0,1,0,0,0,0,1,0,0,0
0,0,0,0,0,100,0,0,0,0,0,0,0,0,0,0,100,0,0,0,0,0,0,0,0,0,0,100,0,0,0,0,0,0,1,0,0,0,0,0,1,0,0,0,0,1,0,0,0
0,0,0,0,0,92.238,7.7623,0,0,0,0,0,0,0,0,0,94.815,0,5.1847,0,0,0,0,0,0,0,12.947,87.053,0,0,0,0,0,0,1,0,0,0,0,0,1,0,0,0,0,1,0,0,0
0,0,0,0,0,100,0,0,0,0,0,0,0,0,0,12.581,87.419,0,0,0,0,0,0,0,0,0,0,85.612,14.388,0,0,0,0,0,1,0,0,0,0,0,1,0,0,0,0,1,0,0,0
0,0,0,0,0,100,0,0,0,0,0,0,0,0,0,12.572,87.428,0,0,0,0,0,0,0,0,0,12.572,87.428,0,0,0,0,0,0,1,0,0,0,0,0,1,0,0,0,0,1,0,0,0
0,0,0,0,0,100,0,0,0,0,0,0,0,0,0,9.7456,90.254,0,0,0,0,0,0,0,0,0,9.7456,80.509,9.7456,0,0,0,0,0,0.97778,0.022222,0,0,0,0,1,0,0,0,0,1,0,0,0
0,0,0,0,0,100,0,0,0,0,0,0,0,0,0,14.605,85.395,0,0,0,0,0,0,0,0,0,14.605,85.395,0,0,0,0,0,0,0.97959,0.020408,0,0,0,0,1,0,0,0,0,1,0,0,0
0,0,0,0,0,100,0,0,0,0,0,0,0,0,0,0,100,0,0,0,0,0,0,0,0,0,0,100,0,0,0,0,0,0,1,0,0,0,0,0,1,0,0,0,0,1,0,0,0
0,0,0,0,0,100,0,0,0,0,0,0,0,0,0,0,100,0,0,0,0,0,0,0,0,0,0,100,0,0,0,0,0,0,1,0,0,0,0,0,1,0,0,0,0,1,0,0,0
0,0,0,0,0,100,0,0,0,0,0,0,0,0,0,0,100,0,0,0,0,0,0,0,0,0,0,100,0,0,0,0,0,0,0.97753,0.022472,0,0,0,0,1,0,0,0,0,1,0,0,0
0,0,0,0,0,100,0,0,0,0,0,0,0,0,0,0,100,0,0,0,0,0,0,0,0,0,0,100,0,0,0,0,0,0,0.98507,0.014925,0,0,0,0,1,0,0,0,0,1,0,0,0
0,0,0,0,0,100,0,0,0,0,0,0,0,0,0,14.362,85.638,0,0,0,0,0,0,0,0,0,18.916,73.379,7.7045,0,0,0,0,0,0,0.040541,0.64865,0.31081,0,0,1,0,0,0,0,0.13514,0.86486,0,0
0,0,0,0,0,100,0,0,0,0,0,0,0,0,0,9.6595,90.34,0,0,0,0,0,0,0,0,0,12.655,78.138,9.207,0,0,0,0,0,0,0,1,0,0,0,1,0,0,0,0,0,1,0,0
0,0,0,0,0,100,0,0,0,0,0,0,0,0,0,14.536,79,6.4641,0,0,0,0,0,0,0,0,25.108,64.006,10.886,0,0,0,0,0,0,0,0.77941,0.22059,0,0,1,0,0,0,0,0.10294,0.89706,0,0
0,0,0,0,0,100,0,0,0,0,0,0,0,0,0,0,100,0,0,0,0,0,0,0,0,0,3.7047,88.922,7.3735,0,0,0,0,0,0,0,1,0,0,0,1,0,0,0,0,0,1,0,0
0,0,0,0,0,100,0,0,0,0,0,0,0,0,0,0,100,0,0,0,0,0,0,0,0,0,0,100,0,0,0,0,0,0,1,0,0,0,0,0,1,0,0,0,0,1,0,0,0
0,0,0,0,0,100,0,0,0,0,0,0,0,0,0,0,100,0,0,0,0,0,0,0,0,0,0,100,0,0,0,0,0,0,1,0,0,0,0,0,1,0,0,0,0,1,0,0,0
0,0,0,0,0,100,0,0,0,0,0,0,0,0,0,0,100,0,0,0,0,0,0,0,0,0,0,100,0,0,0,0,0,0,1,0,0,0,0,0,1,0,0,0,0,1,0,0,0
0,0,0,0,0,100,0,0,0,0,0,0,0,0,0,0,100,0,0,0,0,0,0,0,0,0,0,100,0,0,0,0,0,0,1,0,0,0,0,0,1,0,0,0,0,1,0,0,0
0,0,0,0,0,100,0,0,0,0,0,0,0,0,0,0,100,0,0,0,0,0,0,0,0,0,0,100,0,0,0,0,0,0,1,0,0,0,0,0,1,0,0,0,0,1,0,0,0
0,0,0,0,0,100,0,0,0,0,0,0,0,0,0,0,100,0,0,0,0,0,0,0,0,0,0,100,0,0,0,0,0,0,1,0,0,0,0,0,1,0,0,0,0,1,0,0,0
0,0,0,0,0,96.444,3.5558,0,0,0,0,0,0,0,0,4.7016,87.041,8.2574,0,0,0,0,0,0,0,0,19.088,66.183,14.729,0,0,0,0,0,0,0,0.65152,0.34848,0,0,1,0,0,0,0,0.10606,0.89394,0,0
0,0,0,0,0,100,0,0,0,0,0,0,0,0,0,13.972,72.056,13.972,0,0,0,0,0,0,0,0,27.944,72.056,0,0,0,0,0,0,1,0,0,0,0,0,1,0,0,0,0,1,0,0,0
0,0,0,0,0,93.731,6.2694,0,0,0,0,0,0,0,0,14.329,77.941,4.8582,2.8721,0,0,0,0,0,0,0,21.453,52.426,26.121,0,0,0,0,0,0,0,0.76786,0.23214,0,0,1,0,0,0,0,0.089286,0.91071,0,0
0,0,0,0,0,96.852,3.1481,0,0,0,0,0,0,0,0,4.0948,92.757,3.1481,0,0,0,0,0,0,0,0,11.338,66.825,21.837,0,0,0,0,0,0,0,1,0,0,0,1,0,0,0,0,0,1,0,0
0,0,0,0,0,100,0,0,0,0,0,0,0,0,0,0,100,0,0,0,0,0,0,0,0,0,0,100,0,0,0,0,0,0,1,0,0,0,0,0,1,0,0,0,0,1,0,0,0
0,0,0,0,0,100,0,0,0,0,0,0,0,0,0,0,100,0,0,0,0,0,0,0,0,0,0,100,0,0,0,0,0,0,1,0,0,0,0,0,1,0,0,0,0,1,0,0,0
0,0,0,0,0,95.078,4.9224,0,0,0,0,0,0,0,0,11.324,68.47,16.895,3.3112,0,0,0,0,0,0,0,22.845,56.736,20.419,0,0,0,0,0,0,0.013889,0.70833,0.27778,0,0,1,0,0,0,0,0.055556,0.94444,0,0
0,0,0,0,0,95.008,4.9921,0,0,0,0,0,0,0,0,9.9493,69.21,18.215,2.6262,0,0,0,0,0,0,3.2275,17.012,48.328,31.433,0,0,0,0,0,0,0,1,0,0,0,1,0,0,0,0,0,1,0,0
0,0,0,0,0,95.453,4.5475,0,0,0,0,0,0,0,0,13.739,72.426,9.288,4.5475,0,0,0,0,0,0,0,18.383,63.234,18.383,0,0,0,0,0,0.98718,0.012821,0,0,0,0,1,0,0,0,0,1,0,0,0
0,0,0,0,0,100,0,0,0,0,0,0,0,0,0,7.8149,62.987,29.198,0,0,0,0,0,0,0,6.7843,15.63,61.956,15.63,0,0,0,0,0,1,0,0,0,0,0,1,0,0,0,0,1,0,0,0
0,0,6.4064,0,0,87.187,0,0,6.4064,0,0,0,0,6.4064,0,0,87.187,0,0,6.4064,0,0,0,6.4064,0,0,0,71.089,16.098,0,0,6.4064,0,0,1,0,0,0,0,0,1,0,0,0,0,1,0,0,0
3.1764,0,29.288,0,0,55.548,0,0,11.988,0,0,7.5012,0,4.4869,4.3249,0,63.049,0,7.5012,8.8117,0,4.3249,0,26.991,0,0,0,51.223,4.3249,0,0,13.137,4.3249,0.046512,0.95349,0,0,0,0,0,1,0,0,0,0,1,0,0,0
7.0975,7.0975,16.895,0,0,46.973,0,0,9.705,12.231,0,13.563,0,7.0975,9.705,0,42.483,0,2.6075,2.6075,0,21.936,7.0975,18.778,0,0,0,32.134,14.839,12.231,0,12.313,2.6075,0,1,0,0,0,0,0,1,0,0,0,0,1,0,0,0
0,0,0,0,0,100,0,0,0,0,0,0,0,0,0,0,100,0,0,0,0,0,0,0,0,0,0,100,0,0,0,0,0,0,1,0,0,0,0,0,1,0,0,0,0,1,0,0,0
0,0,0,0,0,100,0,0,0,0,0,0,0,0,0,0,100,0,0,0,0,0,0,0,0,0,0,100,0,0,0,0,0,0,1,0,0,0,0,0,1,0,0,0,0,1,0,0,0
0,0,0,0,0,84.067,0,0,0,15.933,0,0,0,0,0,0,84.067,0,0,0,0,15.933,0,0,0,0,0,68.133,15.933,15.933,0,0,0,0,1,0,0,0,0,0,1,0,0,0,0,1,0,0,0
7.7732,7.7732,6.3617,0,0,56.184,0,0,14.135,7.7732,0,7.7732,0,14.135,7.7732,0,48.411,0,0,6.3617,0,15.546,7.7732,14.135,0,0,0,33.748,22.436,7.7732,0,14.135,0,0.096774,0.90323,0,0,0,0,0,1,0,0,0,0,1,0,0,0
0,0,0,0,0,94.961,0,0,5.0389,0,0,0,0,0,0,13.076,81.886,5.0389,0,0,0,0,0,0,0,0,26.151,68.81,0,0,0,0,5.0389,0.61765,0.38235,0,0,0,0,0,1,0,0,0,0,1,0,0,0
12.476,3.7078,0.92865,0,4.3572,21.983,27.27,22.481,2.987,2.0583,1.7517,5.2859,2.0583,6.8244,7.8396,4.7661,49.547,6.8244,2.5781,0,4.4595,9.8167,7.4155,21.501,4.7661,39.569,2.7078,17.626,1.6494,0,2.0583,2.7078,0,0.029412,0.47059,0.5,0,0,0,0,1,0,0,0,0,1,0,0,1
0,0,0,0,0,100,0,0,0,0,0,0,0,0,0,0,100,0,0,0,0,0,0,0,0,0,0,100,0,0,0,0,0,0,0,0,0.11628,0.88372,0,0,1,0,0,0,0,1,0,0,0
0,0,0,0,0,100,0,0,0,0,0,0,0,0,0,0,100,0,0,0,0,0,0,0,0,0,0,100,0,0,0,0,0,0,0,0,0,1,0,0,1,0,0,0,0,1,0,0,0
0,0,0,0,0,100,0,0,0,0,0,0,0,0,0,0,100,0,0,0,0,0,0,0,0,0,0,100,0,0,0,0,0,0,0,0,0,1,0,0,1,0,0,0,0,1,0,0,0
0,0,0,0,0,100,0,0,0,0,0,0,0,0,0,0,100,0,0,0,0,0,0,0,0,0,0,100,0,0,0,0,0,0,0,0,0,1,0,0,1,0,0,0,0,1,0,0,0
0,0,0,0,0,100,0,0,0,0,0,0,0,0,0,0,100,0,0,0,0,0,0,0,0,0,0,100,0,0,0,0,0,0,0,0,0,1,0,0,1,0,0,0,0,1,0,0,0
6.9411,9.3627,2.6418,0,6.4223,29.488,23.733,9.1131,4.323,4.323,3.6523,7.7888,2.5565,7.6635,1.9218,9.6489,35.624,7.5985,7.3624,2.2578,3.2683,14.31,14.382,17.26,7.84,20.129,0.49127,22.018,6.4872,3.4681,4.2581,3.1754,0.49127,0.94,0.06,0,0,0,0,0,1,0,0,0,0,1,0,0,1
0,0,0,0,0,100,0,0,0,0,0,0,0,0,0,15.056,84.944,0,0,0,0,0,0,0,0,0,15.056,75.333,9.6104,0,0,0,0,0,0,0.10169,0.89831,0,0,0,1,0,0,0,0,0.20339,0.79661,0,0
0,0,0,0,0,100,0,0,0,0,0,0,0,0,0,22.686,70.568,6.7452,0,0,0,0,0,0,0,0,0,54.627,45.373,0,0,0,0,1,0,0,0,0,0,0,1,0,0,0,0,1,0,0,0
0,0,0,0,0,100,0,0,0,0,0,0,0,0,0,17.358,78.566,4.0764,0,0,0,0,0,0,0,0,0,59.654,40.346,0,0,0,0,1,0,0,0,0,0,0,1,0,0,0,0,1,0,0,0
0,0,0,0,0,100,0,0,0,0,0,0,0,0,0,10.668,79.268,10.064,0,0,0,0,0,0,0,0,0,68.817,31.183,0,0,0,0,1,0,0,0,0,0,0,1,0,0,0,0,1,0,0,0
0,0,0,0,0,100,0,0,0,0,0,0,0,0,0,12.567,87.433,0,0,0,0,0,0,0,0,0,0,74.866,25.134,0,0,0,0,1,0,0,0,0,0,0,1,0,0,0,0,1,0,0,0
0,0,0,0,0,100,0,0,0,0,0,0,0,0,0,0,100,0,0,0,0,0,0,0,0,0,0,100,0,0,0,0,0,0,1,0,0,0,0,0,1,0,0,0,0,1,0,0,0
0,0,0,33.333,9.3164,57.35,0,0,0,0,0,0,0,0,0,42.65,48.034,0,0,0,9.3164,0,0,0,0,0,0,57.35,0,9.3164,0,33.333,0,0,0.36842,0.078947,0.13158,0.42105,0,0,1,0,0,0,0,1,0,0,0
0,0,0,0,0,100,0,0,0,0,0,0,0,0,0,10.052,89.948,0,0,0,0,0,0,0,0,0,10.052,84.418,5.5301,0,0,0,0,0,0.012346,0.049383,0.93827,0,0,0,1,0,0,0,0,0.074074,0.92593,0,0
0,0,0,0,0,87.434,0,12.566,0,0,0,0,0,0,0,12.566,60.929,26.505,0,0,0,0,0,12.566,0,0,0,87.434,0,0,0,0,0,1,0,0,0,0,0,0,1,0,0,0,0,1,0,0,0
0,0,0,0,0,70.981,21.923,7.0964,0,0,0,0,0,0,0,29.019,49.058,16.711,5.2117,0,0,0,0,7.0964,0,21.923,17.52,53.461,0,0,0,0,0,0.67391,0.32609,0,0,0,0,0,1,0,0,0,0,1,0,0,0
0,0,0,0,0,100,0,0,0,0,0,0,0,0,0,0,100,0,0,0,0,0,0,0,0,0,0,86.782,13.218,0,0,0,0,0,0.11429,0,0.88571,0,0,0,1,0,0,0,0,0.11429,0.88571,0,0
0,0,0,0,0,77.687,11.156,11.156,0,0,0,0,0,0,0,22.313,51.792,25.896,0,0,0,0,0,11.156,0,11.156,11.156,66.531,0,0,0,0,0,0.89655,0.10345,0,0,0,0,0,1,0,0,0,0,1,0,0,0
0,0,0,0,0,66.548,23.261,10.191,0,0,0,0,0,0,3.2611,26.93,46.548,13.452,9.8087,0,0,0,4.8563,5.3349,0,20,24.952,44.856,0,0,0,0,0,0,0.54902,0.45098,0,0,0,0,1,0,0,0,0,1,0,0,0
0,0,0,0,0,82.692,17.308,0,0,0,0,0,0,0,0,29.064,44.385,9.2427,17.308,0,0,0,0,0,0,17.308,22.86,59.831,0,0,0,0,0,0,0.65909,0.13636,0.13636,0.068182,0,0,1,0,0,0,0,1,0,0,0
0,0,0,0,5.7257,87.256,7.0186,0,0,0,0,5.7257,0,0,0,11.413,65.784,17.077,0,0,0,0,0,0,0,7.0186,0,77.135,10.12,0,0,0,5.7257,0,0.57143,0.19048,0,0.2381,0,0,1,0,0,0,0,1,0,0,0
0,0,0,0,0,87.688,12.312,0,0,0,0,0,0,0,0,15.985,62.832,13.261,7.922,0,0,0,0,0,0,12.312,15.844,68.171,3.6727,0,0,0,0,0,0,0,0.21277,0.78723,0,0,1,0,0,0,0,1,0,0,0
1.763,0,8.4413,0,5.2456,82.092,0,2.4576,0,0,0,5.2456,1.763,0,4.2206,7.1614,56.617,19.009,0,0,2.4576,3.526,6.6783,0,1.763,0,3.526,69.1,9.4662,1.763,0,0,7.7032,0,0,0,0.09375,0.90625,0,0,1,0,0,0,0,1,0,0,0
0,0,0,0,0,100,0,0,0,0,0,0,0,0,0,6.3427,93.657,0,0,0,0,0,0,0,0,0,0,87.315,12.685,0,0,0,0,1,0,0,0,0,0,0,1,0,0,0,0,1,0,0,0
0,0,0,0,0,58.858,0,0,41.142,0,0,0,0,13.18,7.3909,0,58.858,0,0,0,0,20.571,0,0,0,0,0,58.858,0,0,0,20.571,20.571,1,0,0,0,0,0,0,1,0,0,0,0,1,0,0,0
0,0,0,0,0,100,0,0,0,0,0,0,0,0,0,0,100,0,0,0,0,0,0,0,0,0,0,92.819,7.1814,0,0,0,0,1,0,0,0,0,0,0,1,0,0,0,0,1,0,0,0
0,0,0,0,0,73.627,0,0,26.373,0,0,0,0,6.5633,16.855,0,73.627,0,0,0,0,2.9547,0,0,0,0,0,73.627,0,0,0,2.9547,23.418,1,0,0,0,0,0,0,1,0,0,0,0,1,0,0,0
0,0,0,0,0,78.905,0,0,21.095,0,0,0,0,11.499,3.758,0,78.905,0,0,0,0,5.8386,0,0,0,0,0,78.905,0,0,0,5.8386,15.257,0,0,0,0.20968,0.79032,0,0,1,0,0,0,0,1,0,0,0
0,0,0,0,0,89.969,0,0,10.031,0,0,0,0,3.5426,2.9456,0,89.969,0,0,0,0,3.5426,0,0,0,0,0,89.969,0,0,0,3.5426,6.4882,0,0,0,0.31343,0.68657,0,0,1,0,0,0,0,1,0,0,0
0,0,0,0,0,76.287,0,0,23.713,0,0,0,0,2.7686,9.0879,0,76.287,0,0,0,0,11.857,0,0,0,0,0,76.287,0,0,0,11.857,11.857,0,0,0,0.27778,0.72222,0,0,1,0,0,0,0,1,0,0,0
0,0,0,0,0,87.576,0,0,12.424,0,0,0,0,0,8.4948,0,87.576,0,0,0,0,3.9292,0,0,0,0,0,87.576,0,0,0,3.9292,8.4948,0,0,0,0.22917,0.77083,0,0,1,0,0,0,0,1,0,0,0
0,0,0,0,0,100,0,0,0,0,0,0,0,0,0,0,100,0,0,0,0,0,0,0,0,0,0,100,0,0,0,0,0,0,0,0.014706,0.17647,0.80882,0,0,1,0,0,0,0,1,0,0,0
0,0,0,0,0,100,0,0,0,0,0,0,0,0,0,0,100,0,0,0,0,0,0,0,0,0,0,100,0,0,0,0,0,0,0,0,0.12308,0.87692,0,0,1,0,0,0,0,1,0,0,0
0,0,0,0,0,100,0,0,0,0,0,0,0,0,0,0,100,0,0,0,0,0,0,0,0,0,0,100,0,0,0,0,0,0,0,0.033898,0.13559,0.83051,0,0,1,0,0,0,0,1,0,0,0
0,0,0,0,0,100,0,0,0,0,0,0,0,0,0,0,100,0,0,0,0,0,0,0,0,0,0,100,0,0,0,0,0,0,0,0,0.21311,0.78689,0,0,1,0,0,0,0,1,0,0,0
0,0,0,0,0,100,0,0,0,0,0,0,0,0,0,0,86.423,13.577,0,0,0,0,0,0,0,0,0,85.183,14.817,0,0,0,0,0.98649,0.013514,0,0,0,0,0,1,0,0,0,0,1,0,0,0
1.6441,0,8.9348,0,11.461,38.484,30.442,9.0338,0,0,0,11.461,1.6441,0,2.6777,1.0389,47.799,11.717,0,0,9.0338,14.628,4.9842,0,15.291,19.101,3.2882,21.052,5.1105,10.678,0,0,20.495,0,0.42857,0.047619,0.11905,0.40476,0,0,1,0,0,0,0,1,0,0,0
0,0,25.487,0,2.1464,46.357,23.863,2.1464,0,0,0,2.1464,0,0,9.3614,0,73.99,2.1464,0,0,2.1464,10.209,17.424,0,18.272,13.654,0,44.21,0,2.1464,0,0,4.2927,0,0.5,0,0.5,0,0,0,1,0,0,0,0,1,0,0,0
2.7978,0,14.471,5.558,7.795,49.384,8.3625,5.7818,1.0173,1.0173,3.8152,2.1994,2.7602,7.5927,7.3976,7.9007,38.949,11.247,6.613,0,8.5796,6.7616,11.689,1.0173,5.7281,4.3987,3.8152,40.961,5.2064,8.8124,1.0173,9.3732,7.9811,0,0.33871,0.16129,0.5,0,0,0,1,0,0,0,0,1,0,0,0
0,0,21.634,1.5691,1.5512,47.93,24.745,2.5704,0,0,0,1.5512,1.5691,1.5691,1.0192,1.0192,67.508,12.629,0,0,2.5704,10.565,12.621,0,19.578,14.18,0,45.359,1.0192,1.5512,0,1.5691,4.1216,0,0.55556,0,0.11111,0.33333,0,0,1,0,0,0,0,1,0,0,0
0,0,0,0,0,100,0,0,0,0,0,0,0,0,0,0,100,0,0,0,0,0,0,0,0,0,0,100,0,0,0,0,0,0,0,0.02439,0.2561,0.71951,0,0,1,0,0,0,0,1,0,0,0
0,0,0,0,0,100,0,0,0,0,0,0,0,0,0,0,100,0,0,0,0,0,0,0,0,0,0,100,0,0,0,0,0,0,0,0,0.20635,0.79365,0,0,1,0,0,0,0,1,0,0,0
0,0,0,0,0,100,0,0,0,0,0,0,0,0,0,0,100,0,0,0,0,0,0,0,0,0,0,100,0,0,0,0,0,0,0,0.019608,0.27451,0.70588,0,0,1,0,0,0,0,1,0,0,0
0,0,0,0,0,100,0,0,0,0,0,0,0,0,0,0,100,0,0,0,0,0,0,0,0,0,0,100,0,0,0,0,0,0,0,0,0.24138,0.75862,0,0,1,0,0,0,0,1,0,0,0
0,0,0,0,0,100,0,0,0,0,0,0,0,0,0,0,100,0,0,0,0,0,0,0,0,0,0,100,0,0,0,0,0,0,0,0.014286,0.3,0.68571,0,0,1,0,0,0,0,1,0,0,0
0,0,0,0,0,100,0,0,0,0,0,0,0,0,0,0,100,0,0,0,0,0,0,0,0,0,0,100,0,0,0,0,0,0,0,0.030303,0.21212,0.75758,0,0,1,0,0,0,0,1,0,0,0
0,0,0,0,0,100,0,0,0,0,0,0,0,0,0,0,100,0,0,0,0,0,0,0,0,0,0,100,0,0,0,0,0,0,0,0,0.2027,0.7973,0,0,1,0,0,0,0,1,0,0,0
0,0,0,0,0,100,0,0,0,0,0,0,0,0,0,0,100,0,0,0,0,0,0,0,0,0,0,100,0,0,0,0,0,0,0,0.033898,0.27119,0.69492,0,0,1,0,0,0,0,1,0,0,0
0.64153,0,12.18,0,4.1152,49.866,27.255,5.9426,0,0,0,4.1152,0.64153,0,9.7113,1.8274,59.94,12.423,0,0,5.9426,5.3983,11.539,0,4.7568,23.14,1.2831,41.998,2.4689,4.7568,0,0,10.058,0,1,0,0,0,0,0,1,0,0,0,0,1,0,0,0
0,0,0,0,0,74.648,14.122,11.23,0,0,0,0,0,0,0,47.672,24.1,9.4805,18.748,0,0,0,2.4274,8.8022,0,14.122,36.335,38.313,0,0,0,0,0,0,0.20968,0.79032,0,0,0,0,1,0,0,0,0,1,0,0,0
0,0,0,0,0,100,0,0,0,0,0,0,0,0,0,0,100,0,0,0,0,0,0,0,0,0,0,94.238,5.7622,0,0,0,0,0,0,0.067416,0.93258,0,0,0,1,0,0,0,0,0.067416,0.93258,0,0
0,0,0,0,0,79.534,10.233,10.233,0,0,0,0,0,0,0,44.884,20.466,34.651,0,0,0,0,10.233,0,0,10.233,0,79.534,0,0,0,0,0,0.89286,0.10714,0,0,0,0,0,1,0,0,0,0,1,0,0,0
0,0,0,0,0,71.702,17.698,10.599,0,0,0,0,0,0,11.504,35.771,20.453,21.545,10.726,0,0,0,7.8443,2.7549,0,6.1945,39.558,43.648,0,0,0,0,0,0,0.22535,0.77465,0,0,0,0,1,0,0,0,0,1,0,0,0
0,0,0,0,0,100,0,0,0,0,0,0,0,0,0,0,100,0,0,0,0,0,0,0,0,0,0,74.472,25.528,0,0,0,0,0,0,0.042254,0.95775,0,0,0,1,0,0,0,0,0.042254,0.95775,0,0
0,0,0,0,0,76.38,0,23.62,0,0,0,0,0,0,0,64.826,17.587,17.587,0,0,0,0,23.62,0,0,0,0,58.793,17.587,0,0,0,0,0.90196,0.098039,0,0,0,0,0,1,0,0,0,0,1,0,0,0
0,0,0,0,0,48.421,44.344,7.2351,0,0,0,0,0,0,4.0808,28.944,22.632,25.789,18.554,0,0,0,7.2351,0,0,11.316,37.109,44.34,0,0,0,0,0,0,0.28395,0.71605,0,0,0,0,1,0,0,0,0,1,0,0,0
0,0,0,0,0,82.735,13.252,4.0128,0,0,0,0,0,0,5.3065,28.755,45.203,15.028,5.7083,0,0,0,4.0128,0,0,4.0128,26.364,61.677,3.9329,0,0,0,0,0,0.13333,0.13333,0.63333,0.1,0,0,1,0,0,0,0,1,0,0,0
0,0,0,0,0,85.765,14.235,0,0,0,0,0,0,0,5.1646,11.307,53.387,24.976,5.1646,0,0,0,0,0,0,5.1646,14.235,71.687,8.9141,0,0,0,0,0,0,0,0.83333,0.16667,0,0,1,0,0,0,0,1,0,0,0
0,0,0,0,0,66.27,33.73,0,0,0,0,0,0,0,4.082,9.8522,48.896,13.152,24.018,0,0,0,0,0,0,4.082,33.73,44.443,17.746,0,0,0,0,0,0.014085,0.056338,0.30986,0.61972,0,0,1,0,0,0,0,1,0,0,0
0,0,1.814,0,0,78.447,3.2481,0,5.497,9.1801,1.814,0,3.6831,3.628,1.814,8.3606,69.706,3.628,5.497,3.6831,0,0,0,1.814,0,0,5.062,56.352,20.281,1.814,9.1801,5.497,0,0,0,0,0.24675,0.75325,0,0,1,0,0,0,0,1,0,0,0
0,0,10.477,0,3.3925,67.322,10.177,8.631,0,0,0,3.3925,0,0,5.2385,10.024,56.269,13.054,0,0,8.631,3.3925,10.477,0,3.3925,6.785,0,53.906,10.024,3.3925,0,0,12.023,0,0.74419,0.18605,0,0.069767,0,0,1,0,0,0,0,1,0,0,0
0,0,0,0,0,96.613,3.3874,0,0,0,0,0,0,0,0,6.7747,62.904,23.45,6.8713,0,0,0,0,0,0,11.725,17.06,47.347,23.869,0,0,0,0,0,0.2037,0.074074,0.72222,0,0,0,1,0,0,0,0,0.40741,0.59259,0,0
0,0,0,0,0,100,0,0,0,0,0,0,0,0,0,0,81.39,18.61,0,0,0,0,0,0,0,9.305,0,65.487,25.209,0,0,0,0,0,0,0.10169,0.89831,0,0,0,1,0,0,0,0,0.11864,0.88136,0,0
0,0,0,0,0,100,0,0,0,0,0,0,0,0,0,24.285,51.43,24.285,0,0,0,0,0,0,0,0,0,59.639,40.361,0,0,0,0,1,0,0,0,0,0,0,1,0,0,0,0,1,0,0,0
0,0,0,0,0,63.964,36.036,0,0,0,0,0,0,0,14.978,4.3168,48.986,14.978,16.742,0,0,0,0,0,0,0,36.036,42.906,21.058,0,0,0,0,0.48889,0.51111,0,0,0,0,0,1,0,0,0,0,1,0,0,0
0,0,0,0,0,100,0,0,0,0,0,0,0,0,0,5.5767,69.897,24.527,0,0,0,0,0,0,0,6.6867,17.84,40.316,35.157,0,0,0,0,0,0.083333,0.083333,0.83333,0,0,0,1,0,0,0,0,0.28333,0.71667,0,0
0,0,18.037,0,0,80.494,0,0,1.4688,0,0,1.4688,0,0,1.4688,12.482,70.835,5.5638,1.4688,1.4688,0,5.2439,0,4.4064,0,0,0,41.295,39.199,0,0,6.7127,8.3867,1,0,0,0,0,0,0,1,0,0,0,0,1,0,0,0
0,0,0,0,0,57.692,42.308,0,0,0,0,0,0,0,0,26.374,41.758,15.934,15.934,0,0,0,0,0,0,0,42.308,47.253,10.44,0,0,0,0,0.071429,0.71429,0.14286,0.035714,0.035714,0,0,1,0,0,0,0,1,0,0,0
0,0,0,0,0,80.584,0,0,0,9.7078,9.7078,0,0,0,0,0,68.351,12.234,9.7078,0,9.7078,0,0,0,0,0,0,58.643,21.942,9.7078,0,9.7078,0,0,0.7069,0.17241,0.017241,0.10345,0,0,1,0,0,0,0,1,0,0,0
0,0,7.6544,0,0,92.346,0,0,0,0,0,0,0,0,0,14.779,62.787,14.779,4.7632,0,0,2.8911,0,0,0,0,0,62.173,30.172,0,0,7.6544,0,1,0,0,0,0,0,0,1,0,0,0,0,1,0,0,0
0,0,2.8366,0,0,97.163,0,0,0,0,0,0,0,0,0,0,97.163,0,0,0,0,2.8366,0,0,0,0,0,88.859,8.304,0,0,2.8366,0,1,0,0,0,0,0,0,1,0,0,0,0,1,0,0,0
0,0,0,0,0,76.436,0,0,23.564,0,0,0,0,0,0,23.564,76.436,0,0,0,0,0,0,0,0,0,0,76.436,0,0,0,0,23.564,0.98387,0,0.016129,0,0,0,0,1,0,0,0,0,1,0,0,0
0,0,0,0,4.1609,78.471,0,0,17.368,0,0,0,0,0,0,21.529,78.471,0,0,0,0,0,0,0,0,0,0,78.471,0,0,4.1609,0,17.368,0,0,0.014085,0.19718,0.78873,0,0,1,0,0,0,0,1,0,0,0
0,0,0,0,0,91.723,0,0,8.2767,0,0,0,0,0,0,8.2767,91.723,0,0,0,0,0,0,0,0,0,0,91.723,0,0,0,0,8.2767,0,0,0,0.2623,0.7377,0,0,1,0,0,0,0,1,0,0,0
0,0,0,5.4273,0,94.573,0,0,0,0,0,0,0,0,0,0,100,0,0,0,0,0,0,0,0,0,0,94.573,0,0,5.4273,0,0,0,0,0,0.056604,0.9434,0,0,1,0,0,0,0,1,0,0,0
0,0,0,0,0,100,0,0,0,0,0,0,0,0,0,0,100,0,0,0,0,0,0,0,0,0,0,100,0,0,0,0,0,0,0,0.13235,0.14706,0.72059,0,0,1,0,0,0,0,1,0,0,0
4.5711,0,3.5675,3.5103,18.246,51.055,0,0,5.943,7.9989,5.1079,0,3.4626,8.649,12.429,3.4342,28.464,11.217,14.215,4.1725,6.5539,7.4023,1.0607,1.4461,1.0607,0,5.6318,42.01,6.9239,11.449,16.008,14.41,0,0,0.051282,0.11538,0.82051,0.012821,0,0,1,0,0,0,0,1,0,0,0
0,0,0,0,0,78.188,0,0,21.812,0,0,0,0,0,16.992,0,78.188,0,0,0,0,4.821,0,0,0,0,0,78.188,0,0,0,4.821,16.992,1,0,0,0,0,0,0,1,0,0,0,0,1,0,0,0
0,0,1.7492,0,16.756,47.179,0,0,5.688,18.747,9.8803,0,2.7565,13.547,10.426,2.7565,26.992,12.108,19.344,1.9694,8.1312,1.9694,0,1.7492,0,0,1.7492,33.427,12.003,14.606,23.243,13.222,0,0,0.12727,0.14545,0.70909,0.018182,0,0,1,0,0,0,0,1,0,0,0
1.3815,0,3.3864,3.8756,27.268,40.44,0,0,15.923,3.9316,3.7936,0,2.494,22.211,12.829,2.4577,26.719,3.3044,10.672,7.5153,2.9012,8.8969,2.494,0.89241,0,0,2.274,32.032,7.5153,15.148,18.464,21.18,0,0,1,0,0,0,0,0,1,0,0,0,0,1,0,0,0
1.1486,0,2.6401,1.1486,20.829,44.227,0,0,14.186,12.205,3.6147,0,4.8697,15.254,10.466,3.5258,32.174,3.9527,11.284,8.0711,4.1771,6.225,0,2.6401,0,0,2.1875,31.815,11.373,13.365,17.232,21.387,0,0,1,0,0,0,0,0,1,0,0,0,0,1,0,0,0
0,0,3.9594,0,28.949,40.097,0,0,7.4957,16.975,2.5237,0,5.9638,15.983,16.714,5.9638,19.374,8.4876,13.535,3.7478,6.4831,3.7478,0,3.9594,0,0,0,30.385,9.7117,12.235,26.29,17.419,0,0,0.91667,0,0.041667,0.041667,0,0,1,0,0,0,0,1,0,0,0
0,0,0,0,0,100,0,0,0,0,0,0,0,0,0,0,100,0,0,0,0,0,0,0,0,0,0,100,0,0,0,0,0,0,0,0,0.0375,0.9625,0,0,1,0,0,0,0,1,0,0,0
0,0,0,0,0,100,0,0,0,0,0,0,0,0,0,0,100,0,0,0,0,0,0,0,0,0,0,100,0,0,0,0,0,0,0,0.019608,0.33333,0.64706,0,0,1,0,0,0,0,1,0,0,0
0,0,0,0,0,100,0,0,0,0,0,0,0,0,0,0,100,0,0,0,0,0,0,0,0,0,0,100,0,0,0,0,0,0,0,0.030769,0.23077,0.73846,0,0,1,0,0,0,0,1,0,0,0
0,0,0,0,0,100,0,0,0,0,0,0,0,0,0,0,100,0,0,0,0,0,0,0,0,0,0,100,0,0,0,0,0,0,0,0,0.27941,0.72059,0,0,1,0,0,0,0,1,0,0,0
0,0,0,0,0,100,0,0,0,0,0,0,0,0,0,0,100,0,0,0,0,0,0,0,0,0,0,100,0,0,0,0,0,0,0,0,0.27869,0.72131,0,0,1,0,0,0,0,1,0,0,0
0,0,0,0,0,100,0,0,0,0,0,0,0,0,0,0,100,0,0,0,0,0,0,0,0,0,0,100,0,0,0,0,0,0,0,0,0.34,0.66,0,0,1,0,0,0,0,1,0,0,0
0,0,0,0,0,100,0,0,0,0,0,0,0,0,0,0,100,0,0,0,0,0,0,0,0,0,0,100,0,0,0,0,0,0,0,0.027778,0.27778,0.69444,0,0,1,0,0,0,0,1,0,0,0
0,0,0,0,0,100,0,0,0,0,0,0,0,0,0,0,100,0,0,0,0,0,0,0,0,0,0,100,0,0,0,0,0,0,0,0,0.080645,0.91935,0,0,1,0,0,0,0,1,0,0,0
0,0,0,0,9.2003,90.8,0,0,0,0,0,0,0,0,0,9.2003,72.399,9.2003,0,0,9.2003,0,0,0,0,0,0,81.599,9.2003,9.2003,0,0,0,0,1,0,0,0,0,0,1,0,0,0,0,1,0,0,0
0,0,0,3.3967,0,96.603,0,0,0,0,0,0,0,0,0,6.7935,83.929,9.2771,0,0,0,0,0,0,0,0,0,87.326,9.2771,0,0,3.3967,0,0,1,0,0,0,0,0,1,0,0,0,0,1,0,0,0
0,0,0,0,0,100,0,0,0,0,0,0,0,0,0,0,100,0,0,0,0,0,0,0,0,0,0,100,0,0,0,0,0,0,1,0,0,0,0,0,1,0,0,0,0,1,0,0,0
0,0,0,0,0,100,0,0,0,0,0,0,0,0,0,0,100,0,0,0,0,0,0,0,0,0,0,100,0,0,0,0,0,0,1,0,0,0,0,0,1,0,0,0,0,1,0,0,0
0,0,0,0,0,100,0,0,0,0,0,0,0,0,0,0,100,0,0,0,0,0,0,0,0,0,0,100,0,0,0,0,0,0,1,0,0,0,0,0,1,0,0,0,0,1,0,0,0
0,0,0,0,0,100,0,0,0,0,0,0,0,0,0,0,100,0,0,0,0,0,0,0,0,0,0,100,0,0,0,0,0,0,1,0,0,0,0,0,1,0,0,0,0,1,0,0,0
0,0,0,0,0,96.964,3.0361,0,0,0,0,3.0361,0,3.0361,0,0,93.928,0,0,0,0,0,3.0361,0,0,0,0,93.928,0,0,0,0,3.0361,0,1,0,0,0,0,0,1,0,0,0,0,1,0,0,0
0,0,0,0,0,100,0,0,0,0,0,0,0,0,0,0,100,0,0,0,0,0,0,0,0,0,0,100,0,0,0,0,0,0,1,0,0,0,0,0,1,0,0,0,0,1,0,0,0
0,0,0,0,0,100,0,0,0,0,0,0,0,0,0,0,100,0,0,0,0,0,0,0,0,0,0,100,0,0,0,0,0,0,1,0,0,0,0,0,1,0,0,0,0,1,0,0,0
0,0,0,0,0,93.909,6.0909,0,0,0,0,2.3349,0,2.3349,0,0,91.574,0,0,0,3.7559,0,2.3349,0,3.7559,0,0,91.574,0,0,0,0,2.3349,0,1,0,0,0,0,0,1,0,0,0,0,1,0,0,0
0,0,0,0,0,96.44,3.5596,0,0,0,0,0,0,0,0,0,96.44,0,0,0,3.5596,0,0,0,3.5596,0,0,96.44,0,0,0,0,0,0,1,0,0,0,0,0,1,0,0,0,0,1,0,0,0
0,0,0,0,0,52.528,47.472,0,0,0,0,2.8922,0,10.462,0,10.462,62.99,0,0,0,13.194,0,2.8922,0,13.194,0,26.708,46.744,0,0,0,0,10.462,0,1,0,0,0,0,0,1,0,0,0,0,1,0,0,0
0,0,0,0,0,65.69,34.31,0,0,0,0,3.4272,0,11.148,0,7.7207,69.983,0,0,0,7.7207,0,3.4272,0,7.7207,0,15.441,62.263,0,0,0,0,11.148,0,1,0,0,0,0,0,1,0,0,0,0,1,0,0,0
0,0,0,0,0,95.84,4.1596,0,0,0,0,0,0,0,0,0,95.84,0,0,0,4.1596,0,0,0,4.1596,0,0,95.84,0,0,0,0,0,0,1,0,0,0,0,0,1,0,0,0,0,1,0,0,0
0,0,0,0,0,100,0,0,0,0,0,0,0,0,0,0,93.647,0,6.3534,0,0,0,0,0,0,0,6.3534,93.647,0,0,0,0,0,0,1,0,0,0,0,0,1,0,0,0,0,1,0,0,0
0,0,0,0,0,100,0,0,0,0,0,0,0,0,0,0,83.12,16.88,0,0,0,0,0,0,0,8.4398,8.4398,83.12,0,0,0,0,0,0,1,0,0,0,0,0,1,0,0,0,0,1,0,0,0
0,0,0,0,0,100,0,0,0,0,0,0,0,0,0,0,100,0,0,0,0,0,0,0,0,0,0,100,0,0,0,0,0,0,1,0,0,0,0,0,1,0,0,0,0,1,0,0,0
0,3.615,0,0,3.615,79.666,7.2299,5.8743,0,0,0,3.615,0,0,0,3.615,79.666,3.615,0,0,0,9.4892,3.615,0,0,0,0,79.666,0,3.615,3.615,3.615,5.8743,0,1,0,0,0,0,0,1,0,0,0,0,1,0,0,0
6.2091,3.1318,9.26,0,3.1318,75.19,0,0,3.0773,0,0,12.392,0,0,0,0,75.136,0,6.2091,0,0,6.2635,6.2635,18.546,0,0,0,72.058,3.1318,0,0,0,0,0,1,0,0,0,0,0,1,0,0,0,0,1,0,0,0
5.4202,7.1097,18.179,0,1.9668,44.488,3.3788,4.8979,6.2081,3.4535,4.8979,12.581,0,3.4535,6.2081,1.6894,45.201,0,6.4107,2.7546,3.2085,18.493,9.0764,22.988,3.3788,4.8979,0,36.313,8.1748,3.4535,0,8.9626,2.7546,0.027027,0.97297,0,0,0,0,0,1,0,0,0,0,1,0,0,0
2.2283,4.6056,3.565,0,6.8026,31.832,20.363,20.88,3.4423,2.0309,4.2502,9.1536,0.81682,8.015,0,9.7729,39.893,8.4362,4.779,1.214,7.264,10.656,5.4224,21.79,9.0771,20.989,3.9533,25.451,2.4281,2.8493,2.4521,5.5886,0,0.098361,0.90164,0,0,0,0,0,1,0,0,0,0,1,0,0,0
5.4418,15.075,5.6772,0,4.2663,45.339,9.0034,9.5201,2.8483,0,2.8289,9.9435,0,1.6728,0,4.5017,52.924,1.6728,8.2708,0,1.6728,19.341,17.669,20.142,7.3306,7.8473,1.6728,41.073,2.5935,0,0,1.6728,0,0.3913,0.6087,0,0,0,0,0,1,0,0,0,0,1,0,0,0
0,0,0,0,0,96.844,0,3.1555,0,0,0,0,0,0,0,0,96.844,0,0,0,0,3.1555,0,0,0,0,0,96.844,0,0,0,0,3.1555,0,1,0,0,0,0,0,1,0,0,0,0,1,0,0,0
2.1307,0,0,0,2.1307,85.014,0,4.0775,0,6.6471,0,4.2614,2.1307,0,0,2.1307,85.269,0,2.1307,0,0,4.0775,4.2614,2.1307,0,0,0,80.753,2.1307,0,0,6.6471,4.0775,0,1,0,0,0,0,0,1,0,0,0,0,1,0,0,0
0,0,0,0,0,95.177,0,0,0,4.8229,0,0,0,0,0,0,100,0,0,0,0,0,0,0,0,0,0,95.177,0,0,0,4.8229,0,0,1,0,0,0,0,0,1,0,0,0,0,1,0,0,0
16.964,13.005,0,0,0,62.523,4.4932,0,0,3.0155,0,5.4964,0,3.0155,5.4964,0,67.016,0,9.9896,3.0155,0,5.9708,9.9896,9.9896,1.4777,15.486,3.0155,55.548,0,1.4777,0,3.0155,0,0,1,0,0,0,0,0,1,0,0,0,0,1,0,0,0
1.5851,2.8676,0,0,4.4527,74.048,9.3825,3.6473,1.2158,2.8009,0,7.2536,2.8009,0,0,8.1,69.662,2.8676,1.5851,1.2158,1.2158,5.2991,6.0378,2.8009,1.2158,2.4316,1.2158,68.446,1.5851,2.8676,4.0834,8.1,1.2158,0,1,0,0,0,0,0,1,0,0,0,0,1,0,0,0
0,0,0,0,0,100,0,0,0,0,0,0,0,0,0,7.0508,69.017,23.932,0,0,0,0,0,0,0,0,0,85.898,14.102,0,0,0,0,1,0,0,0,0,0,0,1,0,0,0,0,1,0,0,0
19.809,20.561,0,0,3.923,33.298,4.4968,0,6.5105,11.403,0,10.635,6.3992,3.152,3.6253,4.5464,33.866,0,14.215,21.033,0,2.5286,7.9975,17.413,7.1339,11.632,13.293,21.001,1.2335,2.3834,1.3448,10.058,6.5105,0.31373,0.52941,0.15686,0,0,0,0,1,0,0,0,0,1,0,0,0
5.1382,4.24,0,0,5.8088,34.475,16.375,12.007,7.7467,14.208,0,6.2883,5.1847,2.9169,0,15.468,34.27,2.53,3.9331,11.655,4.6889,13.065,7.0139,10.576,6.7767,11.852,4.1131,22.623,2.9169,7.3688,6.4772,12.749,7.5327,0.066667,0.93333,0,0,0,0,0,1,0,0,0,0,1,0,0,0
15.711,3.9014,0,0,0,54.559,0,9.013,3.9014,3.9014,9.013,3.9014,0,3.9014,3.9014,0,62.467,0,0,0,9.013,16.816,3.9014,12.914,11.809,9.013,0,50.658,3.9014,3.9014,0,3.9014,0,0,1,0,0,0,0,0,1,0,0,0,0,1,0,0,0
32.805,17.474,0,0,0,43.964,0,0,0,5.7568,0,0,5.7568,0,0,5.7568,52.98,0,9.0161,14.773,0,11.717,11.717,5.7568,18.032,14.773,0,38.207,0,11.514,0,0,0,0.15517,0.84483,0,0,0,0,0,1,0,0,0,0,1,0,0,0
15.168,30.217,3.1861,0,1.6156,44.989,1.6156,0,1.593,1.6156,0,3.2086,4.8242,1.593,0,31.833,20.142,17.543,16.788,2.4756,1.593,0,0,31.833,11.077,2.4756,3.2086,25.853,1.6156,19.136,1.6156,3.1861,0,0,1,0,0,0,0,0,1,0,0,0,0,1,0,0,0
4.4337,13.162,15.368,0,3.5628,52.672,6.3681,0,1.9977,2.436,0,1.9977,14.442,8.3658,0,16.725,38.939,10.732,4.3642,2.436,1.9977,0,0,19.53,7.0021,2.436,1.9977,38.87,5.0044,11.234,3.5628,10.364,0,0.32,0.54,0.14,0,0,0,0,1,0,0,0,0,1,0,0,0
9.0208,3.64,7.2801,0,5.3807,60.277,5.3807,0,3.64,5.3807,0,9.0208,14.401,3.64,0,9.0208,49.516,10.761,0,0,3.64,0,0,9.0208,3.64,0,9.0208,45.875,5.3807,14.401,5.3807,7.2801,0,0.071429,0.85714,0.071429,0,0,0,0,1,0,0,0,0,1,0,0,0
3.1125,3.1125,0,0,7.2481,42.03,17.191,17.834,4.7366,4.7366,0,5.8053,2.2153,10.067,0,9.6448,37.821,7.546,4.4969,3.5998,6.3509,12.453,6.2249,14.736,4.9665,18.863,3.8297,30.103,7.0182,2.5213,2.2153,5.9867,3.5351,0,1,0,0,0,0,0,1,0,0,0,0,1,0,0,0
0,0,0,0,0,100,0,0,0,0,0,0,0,0,0,0,100,0,0,0,0,0,0,0,0,0,0,100,0,0,0,0,0,0.25,0.75,0,0,0,0,0,1,0,0,0,0,1,0,0,0
0,0,10.963,0,0,78.074,10.963,0,0,0,0,0,0,10.963,0,0,78.074,10.963,0,0,0,0,0,10.963,0,0,0,78.074,0,0,0,10.963,0,0,1,0,0,0,0,0,1,0,0,0,0,1,0,0,0
0,0,21.546,7.1819,7.1819,64.09,0,0,0,0,0,0,0,7.1819,7.1819,16.028,48.062,7.1819,0,0,0,14.364,14.364,7.1819,0,0,7.1819,56.908,0,0,0,0,14.364,1,0,0,0,0,0,0,1,0,0,0,0,1,0,0,0
22.349,21.673,0,0,0,32.05,11.346,0,1.0073,11.574,0,1.0073,2.1367,10.182,2.5676,3.6971,41.213,0,14.921,14.333,0,9.942,8.7782,14.49,5.8681,14.612,16.325,26.182,0,1.1638,0,11.574,1.0073,0.044444,0.88889,0.066667,0,0,0,0,1,0,0,0,0,1,0,0,0
33.071,14.455,0,0,0,37.449,8.9033,0,1.4809,4.6402,0,3.242,1.4809,8.9033,7.505,5.744,34.864,0,19.822,15.279,0,3.1593,4.9204,15.559,7.2249,13.906,23.805,26.53,0,1.933,0,4.6402,1.4809,0,0.67797,0.32203,0,0,0,0,1,0,0,0,0,1,0,0,0
0,0,0,0,0,100,0,0,0,0,0,0,0,0,0,0,100,0,0,0,0,0,0,0,0,0,0,100,0,0,0,0,0,0.125,0.8125,0.0625,0,0,0,0,1,0,0,0,0,1,0,0,0
0,0,0,0,0,100,0,0,0,0,0,0,0,0,0,13.081,78.312,8.6072,0,0,0,0,0,0,0,0,31.455,63.253,5.2922,0,0,0,0,0,0.19643,0,0.5,0.30357,0,0,1,0,0,0,0,0.21429,0.78571,0,0
0,0,0,0,12.383,43.776,0,0,31.524,0,12.317,0,0,0,19.141,12.317,24.635,19.141,0,0,12.383,12.383,0,0,0,0,12.383,31.393,0,24.7,12.383,0,19.141,0.18919,0.81081,0,0,0,0,0,1,0,0,0,0,1,0,0,0
0,0,0,0,0,100,0,0,0,0,0,0,0,0,0,4.1156,95.884,0,0,0,0,0,0,0,0,0,13.741,86.259,0,0,0,0,0,0.75,0.25,0,0,0,0,0,1,0,0,0,0,1,0,0,0
0,0,0,0,0,100,0,0,0,0,0,0,0,0,0,0,100,0,0,0,0,0,0,0,0,0,0,100,0,0,0,0,0,0,1,0,0,0,0,0,1,0,0,0,0,1,0,0,0
0,0,0,0,0,100,0,0,0,0,0,0,0,0,0,0,100,0,0,0,0,0,0,0,0,0,0,100,0,0,0,0,0,0,0.92308,0.076923,0,0,0,0,1,0,0,0,0,1,0,0,0
0,0,0,0,0,53.697,46.303,0,0,0,0,1.7894,0,9.0258,0,22.805,59.144,0,0,0,7.2364,0,1.7894,0,7.2364,0,34.579,47.37,0,0,0,0,9.0258,0.36364,0.63636,0,0,0,0,0,1,0,0,0,0,1,0,0,0
0,0,0,0,0,69.249,30.751,0,0,0,0,13.801,0,4.2374,0,4.2374,73.487,0,0,0,4.2374,0,13.801,0,4.2374,0,45.359,32.365,0,0,0,0,4.2374,0.80952,0.19048,0,0,0,0,0,1,0,0,0,0,1,0,0,0
0,0,0,0,0,79.138,20.862,0,0,0,0,6.3076,0,0,0,14.555,79.138,0,0,0,0,0,6.3076,0,0,0,27.17,66.523,0,0,0,0,0,0.86,0.14,0,0,0,0,0,1,0,0,0,0,1,0,0,0
0,0,0,0,0,100,0,0,0,0,0,0,0,0,0,0,100,0,0,0,0,0,0,0,0,0,33.333,66.667,0,0,0,0,0,1,0,0,0,0,0,0,1,0,0,0,0,1,0,0,0
0,0,0,0,0,100,0,0,0,0,0,0,0,0,0,0,100,0,0,0,0,0,0,0,0,0,0,100,0,0,0,0,0,0.83673,0.16327,0,0,0,0,0,1,0,0,0,0,1,0,0,0
0,0,0,0,0,77.959,22.041,0,0,0,0,13.551,0,6.3982,0,4.725,71.561,0,0,0,3.7646,0,13.551,0,3.7646,0,19.031,57.254,0,0,0,0,6.3982,0.037736,0.75472,0.20755,0,0,0,0,1,0,0,0,0,1,0,0,0
0,0,0,0,0,100,0,0,0,0,0,0,0,0,0,0,100,0,0,0,0,0,0,0,0,0,0,100,0,0,0,0,0,0,0.041667,0.083333,0.041667,0.83333,0,0,1,0,0,0,0,1,0,0,0
0,0,0,0,0,100,0,0,0,0,0,0,0,0,0,0,100,0,0,0,0,0,0,0,0,0,0,100,0,0,0,0,0,0,0,0,0,1,0,0,1,0,0,0,0,1,0,0,0
0,0,0,0,0,100,0,0,0,0,0,0,0,0,0,0,100,0,0,0,0,0,0,0,0,0,0,100,0,0,0,0,0,0,0,0,0.019608,0.98039,0,0,1,0,0,0,0,1,0,0,0
0,0,0,0,0,100,0,0,0,0,0,0,0,0,0,0,100,0,0,0,0,0,0,0,0,0,0,100,0,0,0,0,0,0,0,0,0,1,0,0,1,0,0,0,0,1,0,0,0
6.017,3.5636,16.841,0,0,61.687,0,0,8.3277,3.5636,0,9.3122,0,5.8743,3.5636,7.2313,56.486,2.0454,4.4989,2.3107,0,8.6778,3.5636,16.53,0,0,0,42.11,19.577,3.5636,0,9.4703,5.1858,0.85714,0.14286,0,0,0,0,0,1,0,0,0,0,1,0,0,0
2.87,3.9113,25.363,0,0,50.606,0,0,12.063,5.1866,0,6.1949,0,5.8684,3.3249,0,56.801,0,6.1949,9.1933,0,12.423,3.9113,24.453,0,0,0,42.094,8.5115,5.1866,0,12.518,3.3249,1,0,0,0,0,0,0,1,0,0,0,0,1,0,0,0
0,0,0,0,0,100,0,0,0,0,0,0,0,0,0,0,100,0,0,0,0,0,0,0,0,0,0,100,0,0,0,0,0,0,0,0,0.018519,0.98148,0,0,1,0,0,0,0,1,0,0,0
0,0,0,0,0,100,0,0,0,0,0,0,0,0,0,0,100,0,0,0,0,0,0,0,0,0,0,100,0,0,0,0,0,0,0,0,0,1,0,0,1,0,0,0,0,1,0,0,0
18.83,28.844,0,0,0,36.208,5.8676,0,2.8049,7.445,0,5.085,6.0763,4.6401,2.2802,3.2715,42.076,0,12.051,17.425,0,7.0951,8.1478,18.127,7.3038,19.776,8.5434,25.526,0,2.3259,0,7.445,2.8049,0,0.79167,0.20833,0,0,0,0,1,0,0,0,0,1,0,0,0
0,0,0,0,0,100,0,0,0,0,0,0,0,0,0,0,100,0,0,0,0,0,0,0,0,0,0,100,0,0,0,0,0,0,0,0,0.019231,0.98077,0,0,1,0,0,0,0,1,0,0,0
30.423,11.864,0,0,3.0586,38.666,10.46,0,1.2465,4.2814,0,3.5637,1.6839,4.942,4.9053,6.6496,41.803,0,16.408,9.0306,0,11.013,10.305,13.808,9.1095,13.823,14.104,25.515,0.56554,7.2421,1.2465,3.0349,1.2465,0.34483,0.58621,0.068966,0,0,0,0,1,0,0,0,0,1,0,0,0
19.601,16.353,0,0,0,53.517,4.2307,0,3.1495,3.1495,0,3.1495,5.8168,2.6613,2.6613,5.3287,52.425,0,10.042,14.777,0,3.1389,1.5694,13.197,10.048,12.715,11.133,43.469,0,1.5694,0,3.1495,3.1495,0.014706,0.76471,0.22059,0,0,0,0,1,0,0,0,0,1,0,0,0
0,39.393,3.0307,0,0,57.577,0,0,0,0,0,9.8402,9.8561,0,0,0,57.577,0,3.0307,0,13.29,6.4061,3.0307,0,32.987,6.4061,0,57.577,0,0,0,0,0,0.72,0.26,0.02,0,0,0,0,1,0,0,0,0,1,0,0,0
0,45.266,2.819,0,0,51.915,0,0,0,0,0,17.503,0,0,0,0,51.915,0,2.819,0,24.944,2.819,2.819,18.296,24.151,2.819,0,51.915,0,0,0,0,0,0.75,0.18182,0.068182,0,0,0,0,1,0,0,0,0,0.97727,0.022727,0,0
0,31.649,7.9605,0,0,60.391,0,0,0,0,0,15.824,0,0,0,0,60.391,0,7.9605,0,10.864,4.96,7.9605,3.5704,23.118,4.96,0,60.391,0,0,0,0,0,0,0.18841,0.81159,0,0,0,0,1,0,0,0,0,0.78261,0.21739,0,0
0,0,4.6232,0,0,95.377,0,0,0,0,0,0,0,0,0,0,95.377,0,0,0,0,4.6232,0,0,0,0,0,90.754,4.6232,0,0,4.6232,0,0.87179,0.025641,0.10256,0,0,0,0,1,0,0,0,0,1,0,0,0
0,0,0,0,0,89.155,0,0,10.845,0,0,0,0,0,0,10.845,89.155,0,0,0,0,0,0,0,0,0,0,89.155,0,0,0,0,10.845,0.98333,0.016667,0,0,0,0,0,1,0,0,0,0,1,0,0,0
23.207,15.189,0,0,0,57.744,0,0,0,3.8596,0,0,3.8596,0,0,15.189,65.763,5.6646,5.6646,3.8596,0,0,0,15.189,19.348,3.8596,0,48.22,0,13.384,0,0,0,0.26829,0.70732,0.02439,0,0,0,0,1,0,0,0,0,1,0,0,0
24.958,14.429,7.0106,0,2.2092,32.545,2.2092,0,3.5053,13.133,0,5.7145,18.848,3.5053,0,16.639,30.9,4.4185,2.7732,13.697,3.5053,0,0,16.639,9.0516,13.697,5.7145,13.697,2.2092,29.772,2.2092,7.0106,0,0.61538,0.30769,0.076923,0,0,0,0,1,0,0,0,0,1,0,0,0
4.1253,0,5.9889,0,4.1253,72.463,4.1253,0,5.0465,4.1253,0,4.1253,20.228,0,0,9.1718,58.224,8.2506,0,0,0,0,0,4.1253,5.9889,0,4.1253,58.224,10.114,8.2506,4.1253,0,5.0465,0,0,0.015385,0.33846,0.64615,0,0,1,0,0,0,0,1,0,0,0
0,0,0,4.0122,4.6265,86.969,0,0,4.3927,0,0,0,0,0,0,9.0193,84.018,0,0,0,6.9632,0,0,0,6.9632,0,0,80.005,0,0,8.6387,0,4.3927,0,0,0,0.069444,0.93056,0,0,1,0,0,0,0,1,0,0,0
7.7819,2.6051,5.2103,0,10.527,60.917,5.1768,0,2.6051,5.1768,0,7.7819,12.959,2.6051,0,13.132,46.903,10.354,0,0,6.2653,0,0,7.7819,6.2653,0,7.7819,44.298,5.1768,12.959,10.527,5.2103,0,0,1,0,0,0,0,0,1,0,0,0,0,1,0,0,0
0,0,3.1786,6.2931,0,90.528,0,0,0,0,0,0,12.65,0,0,0,81.057,0,0,0,6.2931,0,0,6.2931,9.4717,0,0,68.47,9.4717,0,6.2931,0,0,0.014286,0.84286,0.12857,0.014286,0,0,0,1,0,0,0,0,1,0,0,0
0,46.176,2.9441,0,0,50.88,0,0,0,0,0,2.9441,22.496,0,0,0,50.88,0,2.9441,0,5.4674,15.268,2.9441,10.172,20.736,15.268,0,46.176,4.7044,0,0,0,0,0.4,0.6,0,0,0,0,0,1,0,0,0,0,1,0,0,0
0,17.851,0,0,0,66.788,0,0,15.361,0,0,0,8.9255,0,0,15.361,66.788,0,0,0,8.9255,0,0,8.9255,8.9255,0,0,66.788,0,0,0,0,15.361,0,0.88764,0.11236,0,0,0,0,1,0,0,0,0,1,0,0,0
0,0,0,8.1335,0,91.867,0,0,0,0,0,0,8.1335,0,0,0,83.733,0,0,0,8.1335,0,0,8.1335,8.1335,0,0,67.466,8.1335,0,8.1335,0,0,0,0,0.012658,0.11392,0.87342,0,0,1,0,0,0,0,1,0,0,0
0,0,0,6.4146,0,93.585,0,0,0,0,0,0,0,0,0,0,100,0,0,0,0,0,0,0,0,0,0,93.585,0,0,6.4146,0,0,0,0,0.011628,0.05814,0.93023,0,0,1,0,0,0,0,1,0,0,0
0,0,0,15.869,0,84.131,0,0,0,0,0,0,15.869,0,0,0,68.263,0,0,0,15.869,0,0,15.869,15.869,0,0,36.525,15.869,0,15.869,0,0,0,0.17544,0.14035,0.35088,0.33333,0,0,1,0,0,0,0,1,0,0,0
0,0,0,0,0,100,0,0,0,0,0,0,17.052,0,0,0,82.948,0,0,0,0,0,0,17.052,0,0,0,82.948,0,0,0,0,0,0,0,0.011494,0.14943,0.83908,0,0,1,0,0,0,0,1,0,0,0
0,0,0,0,0,100,0,0,0,0,0,0,0,0,0,0,100,0,0,0,0,0,0,0,0,0,0,100,0,0,0,0,0,0,0,0,0,1,0,0,1,0,0,0,0,1,0,0,0
4.3418,16.037,6.7366,0,1.9714,54.397,6.2228,0,5.9516,4.3418,0,1.9714,11.284,4.2514,0,23.96,22.399,20.979,6.8333,2.3703,5.9516,0,0,22.26,2.4852,2.3703,1.9714,26.862,16.36,15.517,1.9714,10.203,0,0,0.82143,0.17857,0,0,0,0,1,0,0,0,0,1,0,0,0
17.519,0,0,0,0,82.481,0,0,0,0,0,0,0,0,0,0,100,0,0,0,0,0,0,0,17.519,0,0,82.481,0,0,0,0,0,0,1,0,0,0,0,0,1,0,0,0,0,1,0,0,0
6.0402,0,3.0251,0,13.513,61.208,0,0,13.351,2.8631,0,0,0,0,3.0251,16.376,56.761,20.975,0,2.8631,0,0,3.0251,0,6.0402,0,0,47.695,13.513,13.513,0,16.214,0,0,0.96262,0.037383,0,0,0,0,1,0,0,0,0,1,0,0,0
5.8174,5.8174,15.189,0,7.3691,56.175,0,0,9.632,0,0,5.8174,5.8174,5.8174,3.5544,13.186,52.36,7.6293,0,0,5.8174,0,3.5544,5.8174,5.8174,0,5.8174,33.572,16.786,13.186,0,15.449,0,0,1,0,0,0,0,0,1,0,0,0,0,1,0,0,0
0,0,6.964,0,6.964,78.797,0,0,7.2753,0,0,0,0,0,6.964,14.239,64.246,7.2753,0,0,7.2753,0,6.964,0,0,0,0,57.282,21.515,6.964,0,7.2753,0,0.016393,0.98361,0,0,0,0,0,1,0,0,0,0,1,0,0,0
0,0,14.109,0,14.383,56.307,0,0,12.328,2.8731,0,0,0,0,16.982,14.377,53.172,12.602,0,0,2.867,0,14.109,0,0,0,0,41.936,14.371,14.383,0,15.201,0,0,1,0,0,0,0,0,1,0,0,0,0,1,0,0,0
0,0,3.2997,0,10.922,73.629,0,0,12.149,0,0,0,0,0,3.2997,14.152,59.547,19.771,0,0,3.2301,0,3.2997,0,0,0,0,48.056,25.573,10.922,0,12.149,0,0,0.96825,0.031746,0,0,0,0,1,0,0,0,0,1,0,0,0
0,35.62,9.3576,0,0,55.023,0,0,0,0,0,4.5067,13.303,0,0,0,55.023,0,9.3576,0,13.303,4.5067,9.3576,3.1435,27.969,4.5067,0,55.023,0,0,0,0,0,0,1,0,0,0,0,0,1,0,0,0,0,1,0,0,0
0,28.753,0,0,0,60.331,0,0,10.916,0,0,0,19.249,0,0,10.916,60.331,0,0,0,5.5989,3.905,0,9.7454,15.103,3.905,0,50.585,9.7454,0,0,0,10.916,0,0.8125,0.1875,0,0,0,0,1,0,0,0,0,1,0,0,0
0,26.016,2.9003,0,0,71.084,0,0,0,0,0,6.4092,6.5986,0,0,0,71.084,0,2.9003,0,3.5088,9.4989,2.9003,0,16.517,9.4989,0,71.084,0,0,0,0,0,0,0.98387,0.016129,0,0,0,0,1,0,0,0,0,1,0,0,0
0,0,6.7683,0,0,82.201,0,0,11.03,0,0,0,0,0,0,11.03,82.201,0,6.7683,0,0,0,6.7683,0,0,0,0,82.201,0,0,0,0,11.03,0,1,0,0,0,0,0,1,0,0,0,0,1,0,0,0
0,0,0,0,0,82.338,0,0,17.662,0,0,0,0,0,0,17.662,82.338,0,0,0,0,0,0,0,0,0,0,82.338,0,0,0,0,17.662,0,0.20482,0.024096,0.18072,0.59036,0,0,1,0,0,0,0,1,0,0,0
0,0,0,0,0,91.132,0,0,8.8679,0,0,0,0,0,0,8.8679,91.132,0,0,0,0,0,0,0,0,0,0,91.132,0,0,0,0,8.8679,0,0,0,0.2,0.8,0,0,1,0,0,0,0,1,0,0,0
0,0,0,0,0,80.507,0,0,19.493,0,0,9.357,0,0,0,10.136,80.507,0,0,0,0,0,0,0,0,0,0,80.507,0,0,9.357,0,10.136,0,0.22368,0.013158,0.32895,0.43421,0,0,1,0,0,0,0,1,0,0,0
0,0,0,0,0,100,0,0,0,0,0,0,0,0,0,0,100,0,0,0,0,0,0,0,0,0,0,100,0,0,0,0,0,0,0,0,0.10465,0.89535,0,0,1,0,0,0,0,1,0,0,0
0,0,0,0,0,100,0,0,0,0,0,0,0,0,0,0,100,0,0,0,0,0,0,0,0,0,0,100,0,0,0,0,0,0,0,0,0.25275,0.74725,0,0,1,0,0,0,0,1,0,0,0
0,0,0,0,0,100,0,0,0,0,0,0,0,0,0,0,100,0,0,0,0,0,0,0,0,0,0,100,0,0,0,0,0,0,0,0.015625,0.078125,0.90625,0,0,1,0,0,0,0,1,0,0,0
0,0,0,0,0,100,0,0,0,0,0,0,0,0,0,0,100,0,0,0,0,0,0,0,0,0,0,100,0,0,0,0,0,0,0,0,0.1954,0.8046,0,0,1,0,0,0,0,1,0,0,0
0,0,0,0,0,100,0,0,0,0,0,0,0,0,0,0,100,0,0,0,0,0,0,0,0,0,0,100,0,0,0,0,0,0,0,0.014286,0.085714,0.9,0,0,1,0,0,0,0,1,0,0,0
0,0,0,0,0,100,0,0,0,0,0,0,0,0,0,0,100,0,0,0,0,0,0,0,0,0,0,100,0,0,0,0,0,0,0,0,0.052632,0.94737,0,0,1,0,0,0,0,1,0,0,0
0,0,0,0,0,100,0,0,0,0,0,0,0,0,0,0,100,0,0,0,0,0,0,0,0,0,0,100,0,0,0,0,0,0,0,0.018868,0.13208,0.84906,0,0,1,0,0,0,0,1,0,0,0
0,0,0,0,0,100,0,0,0,0,0,0,0,0,0,0,100,0,0,0,0,0,0,0,0,0,0,100,0,0,0,0,0,0,0,0.027397,0.27397,0.69863,0,0,1,0,0,0,0,1,0,0,0
0,0,0,0,0,100,0,0,0,0,0,0,0,0,0,0,100,0,0,0,0,0,0,0,0,0,0,100,0,0,0,0,0,0,0,0,0.26984,0.73016,0,0,1,0,0,0,0,1,0,0,0
36.397,13.909,0,0,0,41.005,5.3954,0,0.92511,2.3681,0,7.7085,2.7302,4.6547,11.438,6.4598,38.534,0,17.759,9.2351,0,1.4813,7.524,15.834,8.1255,23.497,14.889,26.096,0,0.74065,0,2.3681,0.92511,0.68966,0.31034,0,0,0,0,0,1,0,0,0,0,1,0,0,0
0,0,0,0,0,100,0,0,0,0,0,0,0,0,0,0,100,0,0,0,0,0,0,0,0,0,0,100,0,0,0,0,0,0,0,0,0,1,0,0,1,0,0,0,0,1,0,0,0
3.2804,3.2804,0,0,0,93.439,0,0,0,0,0,0,0,0,0,0,93.439,0,3.2804,3.2804,0,0,0,3.2804,0,0,3.2804,90.159,0,3.2804,0,0,0,0.013889,0.625,0.36111,0,0,0,0,1,0,0,0,0,0.875,0.125,0,0
8.519,12.982,0,0,0,78.499,0,0,0,0,0,0,4.4634,0,0,4.4634,78.499,0,4.0556,8.519,0,0,0,8.519,4.4634,8.9268,4.0556,69.98,0,4.0556,0,0,0,0.016129,0.82258,0.16129,0,0,0,0,1,0,0,0,0,0.98387,0.016129,0,0
0,0,0,0,0,100,0,0,0,0,0,0,0,0,0,0,100,0,0,0,0,0,0,0,0,0,0,100,0,0,0,0,0,0,0.96825,0.031746,0,0,0,0,1,0,0,0,0,1,0,0,0
0,40.01,0,0,0,59.99,0,0,0,0,0,10.595,0,0,0,0,59.99,0,0,0,29.415,0,0,18.82,21.191,0,0,59.99,0,0,0,0,0,0,0.91525,0.084746,0,0,0,0,1,0,0,0,0,0.98305,0.016949,0,0
0,23.081,0,0,0,76.919,0,0,0,0,0,11.54,0,0,0,0,76.919,0,0,0,11.54,0,0,6.2511,16.829,0,0,76.919,0,0,0,0,0,0,0.28571,0.71429,0,0,0,0,1,0,0,0,0,0.72857,0.27143,0,0
0,0,0,0,0,87.945,0,0,6.0274,6.0274,0,0,0,0,0,6.0274,87.945,0,0,6.0274,0,0,0,0,0,0,0,87.945,0,0,0,12.055,0,0,0.93258,0.067416,0,0,0,0,1,0,0,0,0,1,0,0,0
0,0,3.594,0,19.262,48.865,0,0,17.033,11.246,0,0,6.7192,0,14.927,7.9298,44.529,15.86,3.3163,3.4029,3.3163,0,3.594,0,0,0,0,48.865,0,22.579,0,24.962,0,0,0.78125,0.21875,0,0,0,0,1,0,0,0,0,1,0,0,0
0,0,0,0,0,100,0,0,0,0,0,0,0,0,0,0,100,0,0,0,0,0,0,0,0,0,0,100,0,0,0,0,0,0,1,0,0,0,0,0,1,0,0,0,0,1,0,0,0
0,0,0,0,2.8742,56.889,0,0,23.719,13.09,3.4278,9.0072,6.302,0,2.8742,9.6621,47.594,0,5.868,15.265,3.4278,0,0,0,0,0,0,47.594,12.724,6.302,9.0072,24.374,0,0,0.77011,0.22989,0,0,0,0,1,0,0,0,0,1,0,0,0
0,0,0,0,20.312,47.5,0,0,19.335,12.852,0,6.1089,2.2923,0,8.0262,14.819,29.105,20.312,8.4012,8.6419,2.2923,0,0,0,0,0,0,37.131,10.369,22.605,6.1089,23.786,0,0.047619,0.95238,0,0,0,0,0,1,0,0,0,0,1,0,0,0
0,0,4.7045,0,29.907,44.03,0,0,13.103,8.2555,0,0,4.412,0,17.372,17.239,31.496,25.069,0,4.412,0,0,4.7045,0,0,0,0,35.047,8.9836,29.907,0,21.359,0,0,1,0,0,0,0,0,1,0,0,0,0,1,0,0,0
0,0,0,0,0,58.66,0,0,27.886,8.3089,5.1452,14.766,7.3663,0,0,6.0878,49.983,0,10.899,8.6778,2.2211,0,0,0,0,0,0,49.983,13.823,2.2211,14.766,19.208,0,0,1,0,0,0,0,0,1,0,0,0,0,1,0,0,0
0,0,4.8879,0,0,95.112,0,0,0,0,0,0,0,0,0,0,95.112,0,4.8879,0,0,0,4.8879,0,0,0,0,95.112,0,0,0,0,0,0,0.82143,0.17857,0,0,0,0,1,0,0,0,0,0.96429,0.035714,0,0
0,0,0,0,0,87.48,0,0,12.52,0,0,6.26,0,0,0,0,87.48,0,0,6.26,0,0,0,0,0,0,0,87.48,0,0,6.26,6.26,0,0,0.90741,0.092593,0,0,0,0,1,0,0,0,0,1,0,0,0
0,0,0,0,0,100,0,0,0,0,0,0,0,0,0,0,100,0,0,0,0,0,0,0,0,0,0,100,0,0,0,0,0,0,1,0,0,0,0,0,1,0,0,0,0,1,0,0,0
0,0,0,0,0,80.523,0,0,19.477,0,0,9.7386,0,0,0,0,80.523,0,0,9.7386,0,0,0,0,0,0,0,80.523,0,0,9.7386,9.7386,0,0,0.88679,0.11321,0,0,0,0,1,0,0,0,0,1,0,0,0
0,0,0,0,0,83.482,0,0,16.518,0,0,5.7867,0,0,0,0,83.482,0,0,10.731,0,0,0,0,0,0,0,83.482,0,0,5.7867,10.731,0,0,0.19178,0.068493,0.23288,0.50685,0,0,1,0,0,0,0,1,0,0,0
0,0,0,0,0,91.634,0,0,8.3659,0,0,5.3916,0,0,0,0,91.634,0,0,2.9743,0,0,0,0,0,0,0,91.634,0,0,5.3916,2.9743,0,0,0,0,0.065789,0.93421,0,0,1,0,0,0,0,1,0,0,0
0,0,0,0,0,81.527,0,0,18.473,0,0,11.599,0,0,0,0,81.527,0,0,6.8739,0,0,0,0,0,0,0,68.492,13.035,0,11.599,6.8739,0,0,0.14286,0.1746,0.19048,0.49206,0,0,1,0,0,0,0,1,0,0,0
0,0,0,0,0,96.985,0,0,3.0149,0,0,0,0,0,0,0,96.985,0,0,3.0149,0,0,0,0,0,0,0,86.098,10.887,0,0,3.0149,0,0,0,0,0.09375,0.90625,0,0,1,0,0,0,0,1,0,0,0
0,0,0,0,0,85.553,0,0,8.7354,5.712,0,2.6887,3.0233,0,0,2.6887,85.553,0,3.0233,0,3.0233,0,0,0,0,0,0,85.553,0,3.0233,2.6887,8.7354,0,0,0.94118,0.058824,0,0,0,0,1,0,0,0,0,1,0,0,0
0,0,0,0,0,59.827,0,0,10.779,17.088,12.306,2.9436,14.752,0,0,7.3208,49.562,0,5.3896,10.264,9.7668,0,0,0,0,0,0,49.562,22.571,9.7668,2.9436,15.156,0,0,0.81132,0.18868,0,0,0,0,1,0,0,0,0,0.98113,0.018868,0,0
0,0,0,0,0,62.665,0,0,6.5234,22.716,8.0962,6.5234,8.0962,0,0,14.62,54.568,0,0,8.0962,8.0962,0,0,0,0,0,0,54.568,16.192,8.0962,6.5234,14.62,0,0,0.91837,0.081633,0,0,0,0,1,0,0,0,0,0.93878,0.061224,0,0
0,0,0,0,0,96.7,0,0,3.3005,0,0,0,0,0,0,0,96.7,0,0,3.3005,0,0,0,0,0,0,0,69.515,27.185,0,0,3.3005,0,0,0,0.052632,0.14035,0.80702,0,0,1,0,0,0,0,1,0,0,0
0,0,0,0,0,100,0,0,0,0,0,0,0,0,0,0,100,0,0,0,0,0,0,0,0,0,0,100,0,0,0,0,0,0,0,0,0.33803,0.66197,0,0,1,0,0,0,0,1,0,0,0
0,0,0,0,0,100,0,0,0,0,0,0,0,0,0,0,100,0,0,0,0,0,0,0,0,0,0,100,0,0,0,0,0,0,0,0.043478,0.27536,0.68116,0,0,1,0,0,0,0,1,0,0,0
0,0,0,0,0,100,0,0,0,0,0,0,0,0,0,0,100,0,0,0,0,0,0,0,0,0,0,100,0,0,0,0,0,0,0,0.015152,0.30303,0.68182,0,0,1,0,0,0,0,1,0,0,0
0,0,0,0,0,100,0,0,0,0,0,0,0,0,0,0,100,0,0,0,0,0,0,0,0,0,0,100,0,0,0,0,0,0,0,0.066667,0.16667,0.76667,0,0,1,0,0,0,0,1,0,0,0
0,0,17.418,0,0,80.961,0,0,1.6212,0,0,1.6212,0,0,1.6212,9.312,71.589,5.4967,7.1179,1.6212,0,1.6212,0,4.8636,0,0,0,57.686,23.275,0,0,8.7391,5.4365,0.86792,0.13208,0,0,0,0,0,1,0,0,0,0,1,0,0,0
9.3073,4.0163,2.4281,0,7.2702,13.316,25.359,22.788,1.5996,11.488,2.4281,7.1142,1.9798,6.6807,9.3764,11.335,32.345,5.7249,4.1648,8.7299,4.0967,8.4531,6.1333,19.57,9.3331,30.317,3.098,6.8815,2.7354,8.9792,5.0162,7.336,0.60085,0,0.47059,0.52941,0,0,0,0,1,0,0,0,0,1,0,0,1
6.5989,10.149,6.5856,0,4.6902,5.2182,27.171,19.804,3.5635,9.6343,6.5856,8.2404,3.5635,11.817,6.0708,11.804,23.608,8.7817,6.5856,6.0708,1.6548,11.804,13.713,20.044,18.389,25.276,1.6548,3.5635,0,6.0708,6.5989,4.6902,0,0.030303,0.90909,0.060606,0,0,0,0,1,0,0,0,0,1,0,0,1
6.2637,1.2203,0,0,21.337,10.874,13.734,11.344,11.789,23.439,0,5.8364,3.9457,8.5911,13.878,21.805,16.727,3.3811,1.7143,13.768,2.892,7.4605,8.6627,5.8266,3.1719,13.714,1.9515,3.542,2.6548,27.835,9.7785,18.574,4.2887,0,0.33333,0.66667,0,0,0,0,1,0,0,0,0,1,0,0,1
0,0,0,0,0,100,0,0,0,0,0,0,0,0,0,0,100,0,0,0,0,0,0,0,0,0,0,100,0,0,0,0,0,0,0,0,0,1,0,0,1,0,0,0,0,1,0,0,0
7.8854,0,0,0,16.666,6.8464,10.214,11.487,7.8134,39.088,0,7.8134,5.646,3.4398,6.8795,19.105,18.872,4.4456,0,23.584,1.2004,9.0138,17.672,5.646,5.646,5.8405,1.2004,4.4456,0,22.384,15.699,13.654,7.8134,0.068966,0.7931,0.13793,0,0,0,0,1,0,0,0,0,1,0,0,1
0,0,0,8.5039,0,91.496,0,0,0,0,0,0,4.1903,4.3136,0,0,91.496,0,0,0,0,0,0,0,0,0,0,91.496,0,0,0,0,8.5039,0,0,0,0.17647,0.82353,0,0,1,0,0,0,0,1,0,0,0
0,0,0,0,0,100,0,0,0,0,0,0,0,0,0,0,100,0,0,0,0,0,0,0,0,0,0,100,0,0,0,0,0,0,0,0.11628,0.23256,0.65116,0,0,1,0,0,0,0,1,0,0,0
0,0,0,0,0,100,0,0,0,0,0,0,0,0,0,0,100,0,0,0,0,0,0,0,0,0,0,100,0,0,0,0,0,0,0,0.17778,0.33333,0.48889,0,0,1,0,0,0,0,1,0,0,0
0,0,0,0,0,100,0,0,0,0,0,0,0,0,0,0,100,0,0,0,0,0,0,0,0,0,0,100,0,0,0,0,0,0,0,0.076923,0.17308,0.75,0,0,1,0,0,0,0,1,0,0,0
0,0,0,0,0,100,0,0,0,0,0,0,0,0,0,0,100,0,0,0,0,0,0,0,0,0,0,100,0,0,0,0,0,0,0,0.09434,0.22642,0.67925,0,0,1,0,0,0,0,1,0,0,0
0,0,0,0,0,100,0,0,0,0,0,0,0,0,0,0,100,0,0,0,0,0,0,0,0,0,0,100,0,0,0,0,0,0,0,0.025641,0.48718,0.48718,0,0,1,0,0,0,0,1,0,0,0
0,0,0,0,0,93.85,0,0,6.1498,0,0,0,0,0,3.0749,0,93.85,0,0,0,0,3.0749,0,0,0,0,0,93.85,0,0,0,3.0749,3.0749,0,0,0.030303,0.24242,0.72727,0,0,1,0,0,0,0,1,0,0,0
0,0,0,0,0,100,0,0,0,0,0,0,0,0,0,0,100,0,0,0,0,0,0,0,0,0,0,100,0,0,0,0,0,0,0,0.15385,0.15385,0.69231,0,0,1,0,0,0,0,1,0,0,0
0,0,0,0,0,100,0,0,0,0,0,0,0,0,0,0,100,0,0,0,0,0,0,0,0,0,0,100,0,0,0,0,0,0,0,0,0.13699,0.86301,0,0,1,0,0,0,0,1,0,0,0
0,0,0,0,0,100,0,0,0,0,0,0,0,0,0,0,100,0,0,0,0,0,0,0,0,0,0,100,0,0,0,0,0,0,0,0,0.21212,0.78788,0,0,1,0,0,0,0,1,0,0,0
0,0,0,0,0,100,0,0,0,0,0,0,0,0,0,0,100,0,0,0,0,0,0,0,0,0,0,100,0,0,0,0,0,0,0,0.037037,0.35185,0.61111,0,0,1,0,0,0,0,1,0,0,0
0,0,0,0,0,100,0,0,0,0,0,0,0,0,0,0,100,0,0,0,0,0,0,0,0,0,0,100,0,0,0,0,0,0,0,0.13462,0.19231,0.67308,0,0,1,0,0,0,0,1,0,0,0
0,0,0,0,0,100,0,0,0,0,0,0,0,0,0,0,100,0,0,0,0,0,0,0,0,0,0,100,0,0,0,0,0,0,0,0.24,0.22,0.54,0,0,1,0,0,0,0,1,0,0,0
0,0,0,0,0,95.511,0,0,4.4891,0,0,0,0,0,0,0,95.511,0,0,4.4891,0,0,0,0,0,0,0,71.156,24.355,0,0,4.4891,0,0,0.64286,0.035714,0.28571,0.035714,0,0,1,0,0,0,0,1,0,0,0
0,0,0,0,0,100,0,0,0,0,0,0,0,0,0,0,100,0,0,0,0,0,0,0,0,0,0,100,0,0,0,0,0,0,0,0.042553,0.31915,0.6383,0,0,1,0,0,0,0,1,0,0,0
5.2451,4.802,0,0,7.6093,29.996,19.791,19.268,3.3632,9.926,0,11.203,6.0806,4.9856,0,16.53,27.424,8.5417,2.7587,4.7222,4.7349,13.019,11.483,12.556,7.2213,15.66,4.7349,18.908,2.7587,4.8379,6.9193,12.762,2.1586,0.36364,0.63636,0,0,0,0,0,1,0,0,0,0,1,0,0,0
2.6699,0,8.6037,0,0,78.935,0,0,3.2639,3.2639,3.2639,0,2.6699,6.5278,5.9338,10.986,51.788,13.491,3.2639,0,0,5.3398,2.6699,3.2639,2.6699,0,8.6037,63.368,6.9633,5.9338,3.2639,3.2639,0,0,0,0,0.3125,0.6875,0,0,1,0,0,0,0,1,0,0,0
8.6291,0,13.453,5.7425,19.592,43.215,3.6263,0,0,0,5.7425,0,2.8865,5.7425,20.362,0,35.325,2.8865,11.485,0,9.796,11.516,6.5128,4.0535,2.8865,3.6263,11.516,34.555,2.8865,14.372,4.0535,15.539,0,0,1,0,0,0,0,0,1,0,0,0,0,1,0,0,0
1.1855,0,6.7889,1.1855,30.253,39.55,0,0,2.178,13.012,5.8467,0,2.2759,7.6681,21.5,2.7944,27.123,6.4826,18.742,1.3162,10.912,1.1855,0,6.7889,0,0,2.0473,36.413,2.2759,9.8266,31.213,11.436,0,0,1,0,0,0,0,0,1,0,0,0,0,1,0,0,0
0,0,32.077,0,0,63.681,0,0,4.2422,0,0,4.2422,0,0,4.2422,11.128,45.666,11.128,12.123,4.2422,0,7.2273,0,12.727,0,0,0,30.95,32.731,0,0,19.351,4.2422,0.81579,0.18421,0,0,0,0,0,1,0,0,0,0,1,0,0,0
0,0,0,0,0,100,0,0,0,0,0,0,0,0,0,0,100,0,0,0,0,0,0,0,0,0,0,100,0,0,0,0,0,0,0,0,0.31111,0.68889,0,0,1,0,0,0,0,1,0,0,0
0,0,0,0,0,100,0,0,0,0,0,0,0,0,0,0,100,0,0,0,0,0,0,0,0,0,0,100,0,0,0,0,0,0,0,0,0.17742,0.82258,0,0,1,0,0,0,0,1,0,0,0
0,0,0,0,0,100,0,0,0,0,0,0,0,0,0,0,100,0,0,0,0,0,0,0,0,0,0,100,0,0,0,0,0,0,0,0.020833,0.22917,0.75,0,0,1,0,0,0,0,1,0,0,0
0,0,0,0,7.4603,58.871,0,0,9.374,0,24.295,0,0,0,9.374,16.834,49.497,16.834,0,0,7.4603,0,0,0,0,0,0,58.871,0,31.755,0,0,9.374,0,1,0,0,0,0,0,1,0,0,0,0,1,0,0,0
0,0,0,0,0,100,0,0,0,0,0,0,0,0,0,0,100,0,0,0,0,0,0,0,0,0,0,100,0,0,0,0,0,0,1,0,0,0,0,0,1,0,0,0,0,1,0,0,0
0,0,0,0,0,100,0,0,0,0,0,0,0,0,0,0,100,0,0,0,0,0,0,0,0,0,0,100,0,0,0,0,0,0,1,0,0,0,0,0,1,0,0,0,0,1,0,0,0
0,0,0,0,0,100,0,0,0,0,0,0,0,0,0,0,100,0,0,0,0,0,0,0,0,0,0,100,0,0,0,0,0,0,1,0,0,0,0,0,1,0,0,0,0,1,0,0,0
0,0,0,0,0,100,0,0,0,0,0,0,0,0,0,0,100,0,0,0,0,0,0,0,0,0,0,100,0,0,0,0,0,0,1,0,0,0,0,0,1,0,0,0,0,1,0,0,0
0,0,0,0,0,100,0,0,0,0,0,0,0,0,0,0,100,0,0,0,0,0,0,0,0,0,0,100,0,0,0,0,0,0,1,0,0,0,0,0,1,0,0,0,0,1,0,0,0
22.629,0,7.0803,0,0,63.211,0,0,7.0803,0,0,0,0,0,7.0803,0,77.834,0,7.5429,7.5429,0,0,7.0803,0,15.086,7.5429,0,63.211,0,0,0,7.0803,0,0,0.91209,0.087912,0,0,0,0,1,0,0,0,0,1,0,0,0
0,0,0,0,0,78.893,0,0,21.107,0,0,0,13.933,0,0,0,78.893,0,0,0,0,7.1737,0,0,0,0,0,78.893,0,0,0,13.933,7.1737,1,0,0,0,0,0,0,1,0,0,0,0,1,0,0,0
0,0,0,0,0,100,0,0,0,0,0,0,0,0,0,0,100,0,0,0,0,0,0,0,0,0,0,100,0,0,0,0,0,0,0,0.020833,0.20833,0.77083,0,0,1,0,0,0,0,1,0,0,0
0,0,0,0,0,100,0,0,0,0,0,0,0,0,0,0,100,0,0,0,0,0,0,0,0,0,0,100,0,0,0,0,0,0,0,0,0.067797,0.9322,0,0,1,0,0,0,0,1,0,0,0
0,0,0,0,0,81.247,0,0,18.753,0,0,0,0,0,15.727,0,81.247,0,0,0,0,3.0257,0,0,0,0,0,81.247,0,0,0,3.0257,15.727,0,0,0.083333,0.36111,0.55556,0,0,1,0,0,0,0,1,0,0,0
0,0,0,0,0,100,0,0,0,0,0,0,0,0,0,0,100,0,0,0,0,0,0,0,0,0,0,100,0,0,0,0,0,0,0,0.057143,0.17143,0.77143,0,0,1,0,0,0,0,1,0,0,0
0,0,0,0,0,100,0,0,0,0,0,0,0,0,0,0,100,0,0,0,0,0,0,0,0,0,0,100,0,0,0,0,0,0,0,0,0.29091,0.70909,0,0,1,0,0,0,0,1,0,0,0
0,0,0,0,0,100,0,0,0,0,0,0,0,0,0,0,100,0,0,0,0,0,0,0,0,0,0,100,0,0,0,0,0,0,0,0,0.18056,0.81944,0,0,1,0,0,0,0,1,0,0,0
0,33.822,0,8.0888,0,58.089,0,0,0,0,0,0,25,0,0,0,50,0,0,0,25,0,0,19.406,30.594,0,0,33.822,8.0888,0,8.0888,0,0,0.76316,0.18421,0.052632,0,0,0,0,1,0,0,0,0,1,0,0,0
0,6.238,0,5.5087,0,88.253,0,0,0,0,0,0,25.304,0,0,0,69.416,0,0,0,5.28,0,0,25.304,5.28,0,0,57.67,6.238,0,5.5087,0,0,0.30612,0.55102,0.14286,0,0,0,0,1,0,0,0,0,1,0,0,0
0,0,4.6298,0,0,95.37,0,0,0,0,0,0,9.2595,0,0,0,81.599,0,0,0,9.1411,0,0,0,13.771,0,0,68.17,18.059,0,0,0,0,0.037037,0.96296,0,0,0,0,0,1,0,0,0,0,1,0,0,0
0,0,0,0,0,100,0,0,0,0,0,0,0,0,0,0,100,0,0,0,0,0,0,0,0,0,0,100,0,0,0,0,0,0,0,0.21053,0.18421,0.60526,0,0,1,0,0,0,0,1,0,0,0
0,50,0,0,0,50,0,0,0,0,0,25,0,0,0,0,50,0,0,0,25,0,0,16.538,33.462,0,0,50,0,0,0,0,0,0.77143,0.22857,0,0,0,0,0,1,0,0,0,0,1,0,0,0
0,0,0,0,16.299,57.214,0,0,21.417,5.0707,0,0,6.8948,0,6.8948,14.475,47.81,11.96,0,11.966,0,0,0,0,0,0,0,47.81,9.404,16.299,0,26.487,0,0,0.97619,0.02381,0,0,0,0,1,0,0,0,0,1,0,0,0
0,0,0,0,5.1151,41.022,0,0,20.591,24.329,8.9438,2.5228,17.978,0,5.1151,11.467,32.078,0,3.9187,14.059,12.863,0,0,0,0,0,0,32.078,17.888,17.978,2.5228,29.534,0,0.05,0.875,0.075,0,0,0,0,1,0,0,0,0,1,0,0,0
0,0,0,0,0,100,0,0,0,0,0,0,0,0,0,0,100,0,0,0,0,0,0,0,0,0,0,100,0,0,0,0,0,0,0,0,0,1,0,0,1,0,0,0,0,1,0,0,0
0,0,0,0,0,100,0,0,0,0,0,0,0,0,0,0,100,0,0,0,0,0,0,0,0,0,0,100,0,0,0,0,0,0,0,0,0,1,0,0,1,0,0,0,0,1,0,0,0
0,0,0,0,0,100,0,0,0,0,0,0,0,0,0,3.5135,92.973,3.5135,0,0,0,0,0,0,0,0,0,88.012,11.988,0,0,0,0,0,0,0,0,1,0,0,1,0,0,0,0,1,0,0,0
0,0,0,0,0,100,0,0,0,0,0,0,0,0,0,0,100,0,0,0,0,0,0,0,0,0,0,100,0,0,0,0,0,0,1,0,0,0,0,0,1,0,0,0,0,1,0,0,0
0,0,0,22.619,14.933,51.734,0,0,0,0,10.714,0,14.933,7.686,0,10.714,51.734,0,0,0,0,14.933,0,0,0,0,0,51.734,0,10.714,0,14.933,22.619,0,0,0.016393,0.13115,0.85246,0,0,1,0,0,0,0,1,0,0,0
0,0,0,0,0,100,0,0,0,0,0,0,0,0,0,0,100,0,0,0,0,0,0,0,0,0,9.6902,90.31,0,0,0,0,0,1,0,0,0,0,0,0,1,0,0,0,0,1,0,0,0
0,0,0,0,0,100,0,0,0,0,0,0,0,0,0,0,100,0,0,0,0,0,0,0,0,0,0,100,0,0,0,0,0,1,0,0,0,0,0,0,1,0,0,0,0,1,0,0,0
0,3.8526,3.4381,0,0,41.748,0,0,32.949,12.651,5.3606,0,3.4381,26.446,5.3606,0,38.31,0,0,16.504,9.9418,0,0,0,7.2907,0,0,38.31,3.4381,5.3606,36.802,8.7986,0,0,1,0,0,0,0,0,1,0,0,0,0,1,0,0,0
17.953,0,0,11.717,0,70.33,0,0,0,0,0,0,0,11.717,6.2357,0,70.33,11.717,0,0,0,0,0,0,0,11.717,6.2357,70.33,0,0,0,0,11.717,0,0.2963,0,0.11111,0.59259,0,0,1,0,0,0,0,1,0,0,0
0,0,0,0,0,90.118,0,0,9.882,0,0,0,9.882,0,0,0,90.118,0,0,0,0,0,0,0,0,0,0,90.118,0,0,0,9.882,0,1,0,0,0,0,0,0,1,0,0,0,0,1,0,0,0
0,0,0,0,0,100,0,0,0,0,0,0,0,0,0,0,100,0,0,0,0,0,0,0,0,0,0,100,0,0,0,0,0,0,0,0,0,1,0,0,1,0,0,0,0,1,0,0,0
0,0,0,0,0,100,0,0,0,0,0,0,0,0,0,0,100,0,0,0,0,0,0,0,0,0,0,100,0,0,0,0,0,0,0,0,0,1,0,0,1,0,0,0,0,1,0,0,0
0,0,0,0,0,100,0,0,0,0,0,0,0,0,0,0,100,0,0,0,0,0,0,0,0,0,0,100,0,0,0,0,0,0,0,0,0,1,0,0,1,0,0,0,0,1,0,0,0
0,0,0,0,0,100,0,0,0,0,0,0,0,0,0,0,100,0,0,0,0,0,0,0,0,0,0,100,0,0,0,0,0,0,0,0,0,1,0,0,1,0,0,0,0,1,0,0,0
0,0,0,0,0,100,0,0,0,0,0,0,0,0,0,0,100,0,0,0,0,0,0,0,0,0,0,100,0,0,0,0,0,0,0,0,0,1,0,0,1,0,0,0,0,1,0,0,0
0,0,0,0,0,100,0,0,0,0,0,0,0,0,0,0,100,0,0,0,0,0,0,0,0,0,0,100,0,0,0,0,0,0,0,0,0,1,0,0,1,0,0,0,0,1,0,0,0
0,0,0,0,0,100,0,0,0,0,0,0,0,0,0,0,100,0,0,0,0,0,0,0,0,0,0,100,0,0,0,0,0,0,0,0,0,1,0,0,1,0,0,0,0,1,0,0,0
0,0,0,0,0,100,0,0,0,0,0,0,0,0,0,0,100,0,0,0,0,0,0,0,0,0,0,100,0,0,0,0,0,0,0,0,0,1,0,0,1,0,0,0,0,1,0,0,0
0,0,0,0,0,100,0,0,0,0,0,0,0,0,0,0,100,0,0,0,0,0,0,0,0,0,0,100,0,0,0,0,0,0,0,0,0,1,0,0,1,0,0,0,0,1,0,0,0
0,0,0,0,0,100,0,0,0,0,0,0,0,0,0,0,100,0,0,0,0,0,0,0,0,0,0,100,0,0,0,0,0,0,0,0,0.11475,0.88525,0,0,1,0,0,0,0,1,0,0,0
0,0,0,0,0,100,0,0,0,0,0,0,0,0,0,0,100,0,0,0,0,0,0,0,0,0,0,100,0,0,0,0,0,0,0,0,0,1,0,0,1,0,0,0,0,1,0,0,0
0,0,0,0,0,100,0,0,0,0,0,0,0,0,0,0,100,0,0,0,0,0,0,0,0,0,0,100,0,0,0,0,0,0,0,0,0,1,0,0,1,0,0,0,0,1,0,0,0
0,0,0,0,0,100,0,0,0,0,0,0,0,0,0,0,100,0,0,0,0,0,0,0,0,0,0,100,0,0,0,0,0,0,1,0,0,0,0,0,1,0,0,0,0,1,0,0,0
0,0,0,0,0,100,0,0,0,0,0,0,0,0,0,0,100,0,0,0,0,0,0,0,0,0,0,100,0,0,0,0,0,0,1,0,0,0,0,0,1,0,0,0,0,1,0,0,0
0,0,0,0,29.341,70.659,0,0,0,0,0,0,0,6.7178,7.9528,6.8503,63.808,0,0,14.671,0,0,0,0,0,0,13.701,56.958,0,14.671,14.671,0,0,0,1,0,0,0,0,0,1,0,0,0,0,1,0,0,0
0,0,0,0,0,100,0,0,0,0,0,0,0,0,0,13.075,77.923,9.002,0,0,0,0,0,0,0,0,33.18,62.747,4.0731,0,0,0,0,0,0.9697,0.030303,0,0,0,0,1,0,0,0,0,1,0,0,0
0,0,0,0,0,100,0,0,0,0,0,0,0,0,0,10.312,84.191,5.4975,0,0,0,0,0,0,0,0,20.624,64.05,15.326,0,0,0,0,0,0,0,0.9878,0.012195,0,0,1,0,0,0,0,0,1,0,0
0,0,0,0,33.234,66.766,0,0,0,0,0,0,0,0,11.224,5.2807,66.99,5.2807,5.2807,5.9434,0,0,0,0,0,0,5.2807,61.486,0,16.505,16.729,0,0,0,1,0,0,0,0,0,1,0,0,0,0,1,0,0,0
0,0,0,0,0,87.277,12.723,0,0,0,0,0,0,0,0,0,100,0,0,0,0,0,0,0,0,0,12.723,87.277,0,0,0,0,0,0,1,0,0,0,0,0,1,0,0,0,0,1,0,0,0
0,0,0,0,0,79.276,20.724,0,0,0,0,0,0,0,0,11.553,79.895,2.776,5.7764,0,0,0,0,0,0,0,26.5,56.395,17.105,0,0,0,0,0,1,0,0,0,0,0,1,0,0,0,0,1,0,0,0
0,0,0,0,0,100,0,0,0,0,0,0,0,0,0,0,100,0,0,0,0,0,0,0,0,0,0,100,0,0,0,0,0,0,1,0,0,0,0,0,1,0,0,0,0,1,0,0,0
0,0,0,0,0,100,0,0,0,0,0,0,0,0,0,0,100,0,0,0,0,0,0,0,0,0,0,100,0,0,0,0,0,0,1,0,0,0,0,0,1,0,0,0,0,1,0,0,0
0,0,0,0,0,100,0,0,0,0,0,0,0,0,0,0,100,0,0,0,0,0,0,0,0,0,0,100,0,0,0,0,0,0,0,0.028571,0.028571,0.94286,0,0,1,0,0,0,0,1,0,0,0
0,0,0,0,0,100,0,0,0,0,0,0,0,0,0,0,84.792,15.208,0,0,0,0,0,0,0,0,0,84.792,15.208,0,0,0,0,0,1,0,0,0,0,0,1,0,0,0,0,1,0,0,0
0,0,0,0,0,96.56,3.4397,0,0,0,0,3.4397,0,3.4397,0,0,93.121,0,0,0,0,0,3.4397,0,0,0,0,93.121,0,0,0,0,3.4397,0,1,0,0,0,0,0,1,0,0,0,0,1,0,0,0
0,0,0,0,0,100,0,0,0,0,0,0,0,0,0,0,100,0,0,0,0,0,0,0,0,0,0,100,0,0,0,0,0,0,0.71739,0.28261,0,0,0,0,1,0,0,0,0,0.91304,0.086957,0,0
0,0,0,0,0,100,0,0,0,0,0,0,0,0,0,0,100,0,0,0,0,0,0,0,0,0,0,100,0,0,0,0,0,0.030303,0.9697,0,0,0,0,0,1,0,0,0,0,1,0,0,0
0,0,0,0,0,76.504,0,0,7.5425,7.5425,8.4105,7.5425,8.4105,0,0,7.5425,76.504,0,0,0,0,0,0,0,0,0,0,76.504,8.4105,0,7.5425,7.5425,0,0,0.76316,0.23684,0,0,0,0,1,0,0,0,0,1,0,0,0
0.9165,0,29.1,0,1.4275,51.87,8.4839,8.2028,0,0,0,1.4275,0.9165,0,10.548,8.2028,60.898,3.2555,0,0,8.2028,6.5494,23.467,0,10.349,3.7675,1.833,39.49,10.547,0.9165,0,0,9.6303,0,1,0,0,0,0,0,1,0,0,0,0,1,0,0,0
0,0,0,0,0,84.368,12.651,2.9815,0,0,0,0,0,0,0,35.628,31.411,20.379,12.581,0,0,0,0,2.9815,0,12.651,30.392,53.976,0,0,0,0,0,0,0.2439,0.097561,0.65854,0,0,0,1,0,0,0,0,1,0,0,0
0,0,0,0,13.901,49.167,0,0,4.5732,30.829,1.5299,0,13.885,10.841,3.0598,9.3114,27.484,10.841,18.474,4.5732,1.5299,0,0,0,0,0,0,28.4,20.767,10.841,26.107,13.885,0,0,0.80851,0.10638,0,0.085106,0,0,1,0,0,0,0,1,0,0,0
2.4527,0,14.553,4.8138,12.316,48.458,0,0,7.0475,5.9218,4.4367,0,7.2666,16.298,14.187,0,32.632,9.8409,7.4069,2.048,3.3674,6.9535,7.2666,4.8338,2.4527,0,7.857,36.101,4.5007,8.9374,14.307,13.744,0,0,1,0,0,0,0,0,1,0,0,0,0,1,0,0,0
0,0,0,0,17.949,45.071,0,0,5.641,19.485,11.854,0,2.7628,4.9827,5.6482,4.3784,39.423,2.1045,23.205,4.2019,11.854,1.4391,0,0,0,0,0,31.12,13.952,17.672,21.866,15.391,0,0,0.91304,0,0.043478,0.043478,0,0,1,0,0,0,0,1,0,0,0
0,0,0,0,0,100,0,0,0,0,0,0,0,0,0,0,100,0,0,0,0,0,0,0,0,0,0,100,0,0,0,0,0,0,1,0,0,0,0,0,1,0,0,0,0,1,0,0,0
0,0,0,0,0,100,0,0,0,0,0,0,0,0,0,0,100,0,0,0,0,0,0,0,0,0,0,100,0,0,0,0,0,0,0,0.032258,0,0.96774,0,0,1,0,0,0,0,1,0,0,0
0,0,0,0,0,71.954,0,0,28.046,0,0,0,0,0,14.023,0,71.954,0,0,0,0,14.023,0,0,0,0,0,71.954,0,0,0,14.023,14.023,0.78571,0.17857,0,0,0.035714,0,0,1,0,0,0,0,1,0,0,0
0,0,0,0,0,100,0,0,0,0,0,0,0,0,0,0,100,0,0,0,0,0,0,0,0,0,0,100,0,0,0,0,0,0,0,0.08,0.36,0.56,0,0,1,0,0,0,0,1,0,0,0
0,0,0,0,0,89.804,0,0,10.196,0,0,4.5458,0,0,0,0,89.804,0,0,5.6502,0,0,0,0,0,0,0,89.804,0,0,4.5458,5.6502,0,0,0.72414,0.27586,0,0,0,0,1,0,0,0,0,0.98851,0.011494,0,0
