h1,h2,h3,h4,h5,h6,h7,h8,h9,h10,h11,h12,h13,h14,h15,h16,h17,h18,h19,h20,h21,h22,h23,h24,h25,h26,h27,h28,h29,h30,h31,h32,h33,h34,h35,h36,h37,h38,h39,h40,h41,h42,h43,h44,h45,h46,h47,h48,label
0,0,0,0,0,100,0,0,0,0,0,0,0,0,0,0,100,0,0,0,0,0,0,0,0,0,0,100,0,0,0,0,0,0,0,0,0,1,0,0,1,0,0,0,0,1,0,0,0
0,0,0,0,0,100,0,0,0,0,0,0,0,0,0,0,100,0,0,0,0,0,0,0,0,0,0,100,0,0,0,0,0,0,0,0,0,1,0,0,1,0,0,0,0,1,0,0,0
0,0,0,0,0,100,0,0,0,0,0,0,0,0,0,0,100,0,0,0,0,0,0,0,0,0,0,100,0,0,0,0,0,0,0,0,0,1,0,0,1,0,0,0,0,1,0,0,0
0,0,0,0,0,100,0,0,0,0,0,0,0,0,0,0,100,0,0,0,0,0,0,0,0,0,0,100,0,0,0,0,0,0,0,0,0.028169,0.97183,0,0,1,0,0,0,0,1,0,0,0
0,0,0,0,0,100,0,0,0,0,0,0,0,0,0,0,100,0,0,0,0,0,0,0,0,0,0,100,0,0,0,0,0,0,0,0,0,1,0,0,1,0,0,0,0,1,0,0,0
0,0,0,0,0,100,0,0,0,0,0,0,0,0,0,0,100,0,0,0,0,0,0,0,0,0,0,100,0,0,0,0,0,0,0,0,0,1,0,0,1,0,0,0,0,1,0,0,0
0,0,0,0,0,0,0,0,0,0,0,0,0,0,0,0,0,0,0,0,0,0,0,0,0,0,0,0,0,0,0,0,0,0,0,0,0,1,0,0,1,0,0,0,0,1,0,0,0
0,0,0,0,0,100,0,0,0,0,0,0,0,0,0,0,100,0,0,0,0,0,0,0,0,0,0,100,0,0,0,0,0,0,0,0,0,1,0,0,1,0,0,0,0,1,0,0,0
0,0,0,0,0,100,0,0,0,0,0,0,0,0,0,0,100,0,0,0,0,0,0,0,0,0,0,100,0,0,0,0,0,0.046154,0.27692,0.16923,0.10769,0.4,0,0,1,0,0,0,0,1,0,0,0
0,0,0,0,0,100,0,0,0,0,0,0,0,0,0,0,100,0,0,0,0,0,0,0,0,0,0,100,0,0,0,0,0,0,0,0,0,1,0,0,1,0,0,0,0,1,0,0,0
0,0,0,0,0,100,0,0,0,0,0,0,0,0,0,0,100,0,0,0,0,0,0,0,0,0,0,100,0,0,0,0,0,0,0,0,0,1,0,0,1,0,0,0,0,1,0,0,0
0,0,0,0,0,100,0,0,0,0,0,0,0,0,0,0,100,0,0,0,0,0,0,0,0,0,0,100,0,0,0,0,0,0,0,0,0.013699,0.9863,0,0,1,0,0,0,0,1,0,0,0
0,0,0,0,0,100,0,0,0,0,0,0,0,0,0,0,100,0,0,0,0,0,0,0,0,0,0,100,0,0,0,0,0,0,0,0,0,1,0,0,1,0,0,0,0,1,0,0,0
0,0,0,0,0,100,0,0,0,0,0,0,0,0,0,14.999,80.222,4.779,0,0,0,0,0,0,0,0,0,80.222,19.778,0,0,0,0,0,0,0.031746,0.015873,0.95238,0,0,1,0,0,0,0,1,0,0,0
0,0,0,0,0,100,0,0,0,0,0,0,0,0,0,29.303,41.395,29.303,0,0,0,0,0,0,0,0,0,41.395,58.605,0,0,0,0,0,0.04,0.14,0.14,0.68,0,0,1,0,0,0,0,1,0,0,0
0,0,0,0,0,100,0,0,0,0,0,0,0,0,0,0,100,0,0,0,0,0,0,0,0,0,0,100,0,0,0,0,0,0,0,0,0,1,0,0,1,0,0,0,0,1,0,0,0
0,0,0,0,0,100,0,0,0,0,0,0,0,0,0,0,100,0,0,0,0,0,0,0,0,0,0,100,0,0,0,0,0,0,0,0,0,1,0,0,1,0,0,0,0,1,0,0,0
0,0,0,0,0,100,0,0,0,0,0,0,0,0,0,0,100,0,0,0,0,0,0,0,0,0,0,100,0,0,0,0,0,0,0,0,0,1,0,0,1,0,0,0,0,1,0,0,0
0,0,0,0,0,100,0,0,0,0,0,0,0,0,0,0,100,0,0,0,0,0,0,0,0,0,0,100,0,0,0,0,0,0,0,0,0,1,0,0,1,0,0,0,0,1,0,0,0
0,0,0,0,0,100,0,0,0,0,0,0,0,0,0,0,100,0,0,0,0,0,0,0,0,0,0,100,0,0,0,0,0,0,0,0,0.08046,0.91954,0,0,1,0,0,0,0,1,0,0,0
0,0,0,0,0,100,0,0,0,0,0,0,0,0,0,0,100,0,0,0,0,0,0,0,0,0,0,100,0,0,0,0,0,0,0,0,0,1,0,0,1,0,0,0,0,1,0,0,0
0,0,0,0,0,100,0,0,0,0,0,0,0,0,0,0,100,0,0,0,0,0,0,0,0,0,0,100,0,0,0,0,0,0,0,0,0.064935,0.93506,0,0,1,0,0,0,0,1,0,0,0
0,0,0,0,0,100,0,0,0,0,0,0,0,0,0,0,100,0,0,0,0,0,0,0,0,0,0,100,0,0,0,0,0,0,0,0,0,1,0,0,1,0,0,0,0,1,0,0,0
0,0,0,0,0,100,0,0,0,0,0,0,0,0,0,0,100,0,0,0,0,0,0,0,0,0,0,100,0,0,0,0,0,0,0,0,0,1,0,0,1,0,0,0,0,1,0,0,0
0,0,0,0,0,100,0,0,0,0,0,0,0,0,0,0,100,0,0,0,0,0,0,0,0,0,0,100,0,0,0,0,0,0,0,0,0,1,0,0,1,0,0,0,0,1,0,0,0
0,0,0,0,0,100,0,0,0,0,0,0,0,0,0,0,100,0,0,0,0,0,0,0,0,0,0,100,0,0,0,0,0,0,0,0,0,1,0,0,1,0,0,0,0,1,0,0,0
0,0,0,0,0,0,0,0,0,0,0,0,0,0,0,0,0,0,0,0,0,0,0,0,0,0,0,0,0,0,0,0,0,0,0,0,0,1,0,0,1,0,0,0,0,1,0,0,0
0,0,0,0,0,100,0,0,0,0,0,0,0,0,0,0,100,0,0,0,0,0,0,0,0,0,0,100,0,0,0,0,0,0,0,0,0.044444,0.95556,0,0,1,0,0,0,0,1,0,0,0
0,0,0,0,0,100,0,0,0,0,0,0,0,0,0,0,100,0,0,0,0,0,0,0,0,0,0,100,0,0,0,0,0,0,0,0,0,1,0,0,1,0,0,0,0,1,0,0,0
0,0,0,0,0,100,0,0,0,0,0,0,0,0,0,0,100,0,0,0,0,0,0,0,0,0,0,100,0,0,0,0,0,0,0,0,0.061224,0.93878,0,0,1,0,0,0,0,1,0,0,0
0,0,0,0,0,100,0,0,0,0,0,0,0,0,0,0,100,0,0,0,0,0,0,0,0,0,0,100,0,0,0,0,0,0,0,0,0,1,0,0,1,0,0,0,0,1,0,0,0
0,0,0,0,0,100,0,0,0,0,0,0,0,0,0,0,100,0,0,0,0,0,0,0,0,0,0,100,0,0,0,0,0,0,0,0,0,1,0,0,1,0,0,0,0,1,0,0,0
0,0,0,0,10.092,89.908,0,0,0,0,0,0,0,0,0,24.546,59.417,16.037,0,0,0,0,0,0,0,0,0,54.114,45.886,0,0,0,0,0,0,0,0,1,0,0,1,0,0,0,0,1,0,0,0
0,0,0,0,0,100,0,0,0,0,0,0,0,0,0,0,100,0,0,0,0,0,0,0,0,0,0,100,0,0,0,0,0,0,0,0,0,1,0,0,1,0,0,0,0,1,0,0,0
0,0,0,0,8.2215,91.779,0,0,0,0,0,0,0,0,0,13.716,66.448,19.836,0,0,0,0,0,0,0,0,0,72.568,27.432,0,0,0,0,0,0,0,0,1,0,0,1,0,0,0,0,1,0,0,0
0,0,0,0,0,100,0,0,0,0,0,0,0,0,0,28.629,64.315,7.0563,0,0,0,0,0,0,0,0,0,64.315,35.685,0,0,0,0,0,0.95,0,0,0.05,0,0,1,0,0,0,0,1,0,0,0
0,0,0,0,8.2497,91.75,0,0,0,0,0,0,0,0,0,4.98,79.515,15.505,0,0,0,0,0,0,0,0,0,81.79,18.21,0,0,0,0,0,1,0,0,0,0,0,1,0,0,0,0,1,0,0,0
0,0,0,0,0,100,0,0,0,0,0,0,0,0,0,0,100,0,0,0,0,0,0,0,0,0,0,100,0,0,0,0,0,0,0,0,0,1,0,0,1,0,0,0,0,1,0,0,0
0,0,0,0,5.8843,94.116,0,0,0,0,0,0,0,0,0,0,93.229,6.7709,0,0,0,0,0,0,0,0,0,94.116,5.8843,0,0,0,0,0,0,0,0,1,0,0,1,0,0,0,0,1,0,0,0
0,0,0,0,0,100,0,0,0,0,0,0,0,0,0,0,100,0,0,0,0,0,0,0,0,0,0,100,0,0,0,0,0,0,0,0,0,1,0,0,1,0,0,0,0,1,0,0,0
0,0,0,0,0,100,0,0,0,0,0,0,0,0,0,0,100,0,0,0,0,0,0,0,0,0,0,100,0,0,0,0,0,0,0,0,0,1,0,0,1,0,0,0,0,1,0,0,0
0,0,0,0,15.035,84.965,0,0,0,0,0,0,0,0,0,9.4949,81.01,9.4949,0,0,0,0,0,0,0,0,0,75.47,24.53,0,0,0,0,0,0.375,0.15,0.025,0.45,0,0,1,0,0,0,0,1,0,0,0
0,0,0,0,0,100,0,0,0,0,0,0,0,0,0,0,92.62,7.3798,0,0,0,0,0,0,0,0,0,100,0,0,0,0,0,0,0.29268,0.02439,0.04878,0.63415,0,0,1,0,0,0,0,1,0,0,0
0,0,0,0,0,100,0,0,0,0,0,0,0,0,0,0,78.205,21.795,0,0,0,0,0,0,0,0,15.204,84.796,0,0,0,0,0,0,0,0,0.021277,0.97872,0,0,1,0,0,0,0,1,0,0,0
0,0,0,0,0,100,0,0,0,0,0,0,0,0,0,0,80.85,19.15,0,0,0,0,0,0,0,0,0,89.462,10.538,0,0,0,0,0,1,0,0,0,0,0,1,0,0,0,0,1,0,0,0
0,0,0,0,0,100,0,0,0,0,0,0,0,0,0,0,100,0,0,0,0,0,0,0,0,0,0,76.473,23.527,0,0,0,0,0,0.66667,0.037037,0.2963,0,0,0,1,0,0,0,0,1,0,0,0
0,0,0,0,0,88.315,0,0,11.685,0,0,0,0,0,0,0,83.103,16.897,0,0,0,0,0,0,0,0,11.685,66.205,10.426,0,0,0,11.685,0,0.81481,0,0,0.18519,0,0,1,0,0,0,0,1,0,0,0
0,0,0,0,0,100,0,0,0,0,0,0,0,0,0,10.577,58.77,30.653,0,0,0,0,0,0,0,0,0,62.768,37.232,0,0,0,0,0,1,0,0,0,0,0,1,0,0,0,0,1,0,0,0
0,6.0239,0,4.3669,5.406,74.586,9.6174,0,0,0,0,0,9.6174,0,6.0239,0,64.968,13.984,0,0,5.406,0,0,6.0239,5.406,0,0,74.586,0,0,4.3669,9.6174,0,0.41935,0.5,0.080645,0,0,0,0,1,0,0,0,0,1,0,0,0
0,0,0,0,0,100,0,0,0,0,0,0,0,0,0,15.167,79.73,5.1033,0,0,0,0,0,0,0,0,0,63.264,36.736,0,0,0,0,0,1,0,0,0,0,0,1,0,0,0,0,1,0,0,0
0,0,0,0,0,81.799,11.555,6.6459,0,0,0,0,0,0,11.555,21.752,23.11,43.583,0,0,0,0,6.6459,0,0,0,36.937,56.417,0,0,0,0,0,0.25,0.32143,0.42857,0,0,0,0,1,0,0,0,0,1,0,0,0
0,0,0,0,0,92.05,0,0,7.9501,0,0,0,0,0,0,5.8342,80.382,5.8342,7.9501,0,0,0,0,0,0,0,7.0254,63.483,21.542,0,0,7.9501,0,0,1,0,0,0,0,0,1,0,0,0,0,1,0,0,0
0,0,0,0,0,92.216,0,0,7.7844,0,0,0,0,0,0,13.936,64.343,13.936,7.7844,0,0,0,0,0,0,0,0,64.343,27.873,0,0,7.7844,0,0,1,0,0,0,0,0,1,0,0,0,0,1,0,0,0
0,0,5.9116,0,0,86.675,0,0,7.4132,0,0,0,0,0,0,11.125,75.55,0,13.325,0,0,0,5.9116,0,0,0,0,75.55,11.125,0,0,7.4132,0,0,1,0,0,0,0,0,1,0,0,0,0,1,0,0,0
0,0,11.281,0,0,67.193,0,0,21.526,0,0,13.505,0,0,0,2.901,64.292,10.766,5.797,0,2.7396,0,2.901,0,2.7396,5.6406,2.901,64.292,0,7.8646,0,2.8961,10.766,0,1,0,0,0,0,0,1,0,0,0,0,1,0,0,0
0,0,18.95,0,0,49.832,0,0,31.218,0,0,26.81,0,0,0,3.1566,36.801,17.439,5.9189,0,9.8741,0,5.9189,0,9.8741,3.1566,13.031,36.801,0,4.4081,19.245,0,7.5647,0.11765,0.88235,0,0,0,0,0,1,0,0,0,0,1,0,0,0
0,0,0,0,0,80.153,0,0,19.847,0,0,0,0,0,0,0,80.153,15.008,4.8383,0,0,0,0,0,0,0,26.882,53.271,0,0,0,4.8383,15.008,0.14286,0.60317,0.015873,0.031746,0.20635,0,0,1,0,0,0,0,1,0,0,0
0,0,0,0,0,74.437,0,0,25.563,0,0,0,0,0,0,0,74.437,18.344,7.2196,0,0,0,0,0,0,0,29.999,44.438,0,0,0,7.2196,18.344,0.84158,0,0,0,0.15842,0,0,1,0,0,0,0,1,0,0,0
0,0,0,0,0,77.263,0,0,22.737,0,0,0,0,0,0,0,70.337,12.517,17.146,0,0,0,0,0,0,0,5.5906,57.82,13.853,0,0,17.146,5.5906,0.14286,0.85714,0,0,0,0,0,1,0,0,0,0,1,0,0,0
0,0,0,0,0,71.339,0,0,28.661,0,0,0,0,0,0,0,71.339,7.3244,21.337,0,0,0,0,0,0,0,7.3244,64.014,0,0,0,21.337,7.3244,1,0,0,0,0,0,0,1,0,0,0,0,1,0,0,0
0,0,0,0,0,79.618,0,0,20.382,0,0,0,0,0,0,9.224,70.394,0,20.382,0,0,0,0,0,0,0,0,70.394,9.224,0,0,20.382,0,0.13333,0.86667,0,0,0,0,0,1,0,0,0,0,1,0,0,0
0,0,0,0,0,69.48,0,0,30.52,0,0,4.7495,0,0,0,0,69.48,0,25.771,0,0,0,0,0,0,0,4.7495,64.73,0,4.7495,0,25.771,0,0.93578,0.06422,0,0,0,0,0,1,0,0,0,0,1,0,0,0
0,0,2.6789,0,0,72.997,0,0,24.325,0,0,10.522,0,0,0,0,72.997,2.6736,13.808,0,0,0,2.6789,0,0,0,7.848,65.149,0,10.522,0,11.129,2.6736,0.14706,0.85294,0,0,0,0,0,1,0,0,0,0,1,0,0,0
0,0,6.6898,0,0,71.686,0,0,21.624,0,0,6.1239,0,0,0,3.3449,68.341,6.1239,16.066,0,0,0,3.3449,0,0,3.3449,8.3251,63.361,0,2.779,0,12.721,6.1239,0.94186,0.05814,0,0,0,0,0,1,0,0,0,0,1,0,0,0
0,0,26.957,0,0,59.309,0,0,13.734,0,0,12.784,0,0,0,7.9072,51.401,7.9072,17.067,0,2.9332,0,13.184,0,2.9332,10.84,9.851,49.458,0,1.9437,0,3.883,7.9072,0.19565,0.80435,0,0,0,0,0,1,0,0,0,0,1,0,0,0
0,0,7.0168,0,0,69.591,0,0,23.392,0,0,14.094,0,0,0,6.1411,57.309,15.167,4.8921,0,2.3976,0,2.2216,0,2.3976,2.3976,14.953,54.638,0,11.696,0,2.6705,9.0256,1,0,0,0,0,0,0,1,0,0,0,0,1,0,0,0
0,0,35.328,0,0,41.311,0,0,23.361,0,0,29.344,0,0,0,0,17.95,23.361,0,0,29.344,0,0,0,29.344,5.9835,23.361,17.95,0,0,23.361,0,0,0.22222,0.77778,0,0,0,0,0,1,0,0,0,0,1,0,0,0
0,0,13.238,0,0,62.237,0,0,24.526,0,0,31.144,0,0,0,5.9517,50.334,5.9517,0,0,6.6188,0,0,0,6.6188,6.6188,11.903,50.334,0,0,24.526,0,0,0.91549,0.084507,0,0,0,0,0,1,0,0,0,0,1,0,0,0
0,3.9152,7.8304,0,24.34,29.207,3.9152,5.1863,9.1015,5.659,10.845,3.9152,6.7447,0,23.255,2.8295,11.138,5.1863,17.117,23.069,2.8295,3.9152,0,5.1863,3.9152,7.8304,0,16.325,10.053,19.947,24.813,2.8295,9.1015,0.083333,0.91667,0,0,0,0,0,1,0,0,0,0,1,0,0,0
1.8275,14.875,14.292,0,8.5368,22.31,13.779,1.2153,15.317,5.5857,2.2609,9.7031,13.418,0,13.712,6.9416,8.6182,5.2838,7.0196,22.146,1.5172,11.641,5.896,6.3294,11.531,19.414,1.8275,13.902,1.4663,14.123,16.15,3.5575,5.8043,0.3,0.7,0,0,0,0,0,1,0,0,0,0,1,0,0,0
0,6.1702,0,0,21.602,33.235,0,7.7161,7.7161,6.1702,17.39,0,0,0,15.432,0,6.1702,17.39,15.432,23.561,6.1702,15.844,0,7.7161,0,0,0,13.886,29.023,27.773,13.886,0,7.7161,0,1,0,0,0,0,0,1,0,0,0,0,1,0,0,0
0,8.1281,12.337,0,15.346,35.779,7.2367,3.4024,3.8343,10.183,3.7528,7.2367,9.1131,0,16.77,7.4155,16.872,2.1366,3.5741,19.181,9.5727,8.1281,2.1366,8.9415,7.2367,8.9343,0,15.607,16.16,16.175,21.236,1.8764,1.6976,0,0.98765,0,0.012346,0,0,0,1,0,0,0,0,0.98765,0.012346,0,0
6.9213,0,6.9213,0,17.464,46.313,0,0,2.8459,9.7672,9.7672,6.9213,6.9213,9.7672,17.464,0,19.081,9.7672,6.9213,16.235,0,6.9213,0,0,6.9213,0,6.9213,16.235,30.078,9.7672,17.464,12.613,0,0,0.94565,0.021739,0.021739,0.01087,0,0,1,0,0,0,0,0.94565,0.043478,0.01087,0
3.4295,0,8.7362,2.7124,8.8094,44.43,1.518,1.518,13.549,4.6219,10.676,2.8742,11.285,2.5485,10.327,2.8742,22.558,15.437,2.0733,20.279,3.69,6.0537,0,8.7362,1.518,1.518,11.399,9.6611,31.497,5.9781,12.656,17.036,0,0,0.04,0.04,0.8,0.12,0,0,1,0,0,0,0,0.08,0.24,0.68,1
0,0,0,0,0,73.857,0,0,8.7145,8.7145,8.7145,0,0,8.7145,0,0,52.143,21.714,0,17.429,0,0,0,0,0,0,0,43.428,30.429,8.7145,0,17.429,0,0,1,0,0,0,0,0,1,0,0,0,0,1,0,0,0
5.7815,0,5.3458,0,10.278,53.925,0,0,7.8353,7.9545,8.8804,3.1728,11.729,3.1728,12.451,2.173,34.998,8.1591,5.7815,12.091,0,6.2717,0,2.173,3.1728,0,9.5563,25.003,28.246,5.7815,16.511,9.5563,0,0,1,0,0,0,0,0,1,0,0,0,0,1,0,0,0
0,0,0,0,0,83.348,0,0,16.652,0,0,0,0,0,0,0,83.348,16.652,0,0,0,0,0,0,0,0,16.652,66.695,0,0,0,0,16.652,0.6988,0.036145,0,0,0.26506,0,0,1,0,0,0,0,1,0,0,0
0,0,0,0,0,100,0,0,0,0,0,0,0,0,0,0,100,0,0,0,0,0,0,0,0,0,0,100,0,0,0,0,0,0.81609,0.011494,0,0,0.17241,0,0,1,0,0,0,0,1,0,0,0
0,0,0,0,0,100,0,0,0,0,0,0,0,0,0,0,100,0,0,0,0,0,0,0,0,0,0,100,0,0,0,0,0,0.8427,0.033708,0,0,0.1236,0,0,1,0,0,0,0,1,0,0,0
27.732,0,0,0,0,72.268,0,0,0,0,0,27.732,0,0,0,0,72.268,0,0,0,0,0,27.732,0,0,0,0,72.268,0,0,0,0,0,0.93651,0.015873,0,0,0.047619,0,0,1,0,0,0,0,1,0,0,0
0,0,0,0,0,100,0,0,0,0,0,0,0,0,0,0,100,0,0,0,0,0,0,0,0,0,25.688,74.312,0,0,0,0,0,1,0,0,0,0,0,0,1,0,0,0,0,1,0,0,0
0,0,0,0,0,100,0,0,0,0,0,0,0,0,0,0,100,0,0,0,0,0,0,0,0,0,0,100,0,0,0,0,0,0.96512,0.034884,0,0,0,0,0,1,0,0,0,0,1,0,0,0
0,0,0,0,0,100,0,0,0,0,0,0,0,0,0,0,100,0,0,0,0,0,0,0,0,0,16.935,83.065,0,0,0,0,0,0.88542,0.11458,0,0,0,0,0,1,0,0,0,0,1,0,0,0
0,0,0,0,0,100,0,0,0,0,0,0,0,0,0,0,100,0,0,0,0,0,0,0,0,0,0,100,0,0,0,0,0,0.95652,0.043478,0,0,0,0,0,1,0,0,0,0,1,0,0,0
0,0,0,0,0,100,0,0,0,0,0,0,0,0,0,0,100,0,0,0,0,0,0,0,0,0,0,100,0,0,0,0,0,1,0,0,0,0,0,0,1,0,0,0,0,1,0,0,0
37.109,0,0,0,0,62.891,0,0,0,0,0,37.109,0,0,0,0,62.891,0,0,0,0,0,0,0,0,0,0,62.891,37.109,0,0,0,0,1,0,0,0,0,0,0,1,0,0,0,0,1,0,0,0
0,0,0,0,0,100,0,0,0,0,0,0,0,0,0,0,100,0,0,0,0,0,0,0,0,0,0,100,0,0,0,0,0,0.80822,0.19178,0,0,0,0,0,1,0,0,0,0,1,0,0,0
0,0,0,83.191,8.4046,8.4046,0,0,0,0,0,0,0,0,0,74.786,16.809,0,0,0,8.4046,0,0,0,0,0,0,8.4046,0,8.4046,0,83.191,0,0,0.27273,0.060606,0.15152,0.51515,0,0,1,0,0,0,0,1,0,0,0
0,0,0,0,0,87.168,0,0,12.832,0,0,6.4158,0,0,0,0,87.168,0,6.4158,0,0,0,0,0,0,0,6.4158,80.753,0,6.4158,0,6.4158,0,1,0,0,0,0,0,0,1,0,0,0,0,1,0,0,0
0,0,0,0,0,100,0,0,0,0,0,0,0,0,0,0,100,0,0,0,0,0,0,0,0,0,0,100,0,0,0,0,0,0.78571,0.21429,0,0,0,0,0,1,0,0,0,0,1,0,0,0
0,0,0,0,0,100,0,0,0,0,0,0,0,0,0,16.167,67.666,16.167,0,0,0,0,0,0,0,0,49.5,50.5,0,0,0,0,0,0.80233,0.19767,0,0,0,0,0,1,0,0,0,0,1,0,0,0
0,0,26.204,0,0,56.05,0,0,17.746,0,0,17.746,0,0,0,8.4578,38.304,17.746,8.4578,0,9.2881,0,8.4578,0,9.2881,8.4578,17.746,38.304,0,0,9.2881,0,8.4578,0.86957,0.13043,0,0,0,0,0,1,0,0,0,0,1,0,0,0
7.3264,16.143,8.2042,0,2.8709,29.73,12.552,0,9.9461,6.0478,7.1798,7.1275,15.475,0,22.246,12.353,13.124,2.4594,2.8709,19.014,1.7942,3.5361,6.9671,6.0508,11.635,17.22,7.3264,15.583,1.7942,7.1245,16.245,8.977,1.0767,0.7619,0.11905,0.02381,0,0.095238,0,0,1,0,0,0,0,0.85714,0.047619,0.095238,0
1.9674,6.675,7.5247,0,10.222,25.674,9.6849,3.2605,11.972,10.132,12.886,4.2776,15.287,0,23.615,9.6014,6.7805,1.7232,10.222,17.677,6.6036,4.2128,1.9674,5.8283,6.245,12.425,1.9674,6.9664,10.644,15.289,25.605,9.63,3.433,0,0.71875,0.15625,0.09375,0.03125,0,0,1,0,0,0,0,0.78125,0.1875,0.03125,0
1.7319,6.6243,24.788,0,3.7416,57.629,2.7424,0,2.7424,0,0,0,9.2265,15.421,5.4849,0,35.435,2.7424,13.108,3.7416,4.4743,10.366,6.2062,11.958,6.6243,15.839,2.7424,31.693,0,6.484,6.484,5.4849,6.484,0.79487,0.20513,0,0,0,0,0,1,0,0,0,0,1,0,0,0
7.1451,5.8826,18.896,2.4597,6.9732,41.791,7.832,0,6.8493,2.1713,0,0,15.798,21.872,9.0968,0,14.199,5.0839,15.192,2.1713,12.892,3.6949,13.219,8.5644,8.3424,13.028,5.0839,13.519,0,9.715,12.191,11.253,5.0839,0.86111,0.13889,0,0,0,0,0,1,0,0,0,0,1,0,0,0
0,0,5.9601,7.1481,21.622,39.067,14.45,0,5.9844,4.2975,1.4708,0,18.838,2.9801,11.512,0,27.508,4.4508,11.662,2.8267,13.075,7.1481,10.248,12.916,7.1481,0,2.9801,27.388,1.4708,14.426,10.128,10.315,2.9801,0,1,0,0,0,0,0,1,0,0,0,0,1,0,0,0
0,0,10.282,3.8066,12.69,40.029,4.1117,0,14.837,12.364,1.8792,0,9.9079,6.1708,10.574,0,18.384,5.9909,12.051,8.6428,23.442,4.8362,7.2151,3.0674,3.8066,2.0591,4.1117,18.058,1.8792,18.44,14.69,21.531,5.1412,0,1,0,0,0,0,0,1,0,0,0,0,1,0,0,0
3.525,0,7.5208,0,8.5303,46.407,0,0,24.242,6.3871,3.3878,6.3616,14.542,3.3878,11.53,8.6725,30.481,7.3965,4.5216,11.423,0,1.685,0,10.513,1.685,0,12.539,26.609,10.784,3.3878,15.701,15.945,2.8366,0,0.4,0.2,0.4,0,0,0,1,0,0,0,0,0.4,0.4,0.2,0
5.4337,0,0,0,0,89.133,0,0,5.4337,0,0,5.4337,5.4337,0,0,0,89.133,0,0,0,0,0,0,5.4337,0,0,0,94.566,0,0,0,0,0,0,1,0,0,0,0,0,1,0,0,0,0,1,0,0,0
7.5075,0,2.4839,0,13.399,48.037,0,0,14.878,6.8475,6.8475,5.3425,10.743,2.1987,13.399,4.9678,35.47,3.8163,7.1327,16.93,0,0,0,7.8264,0,0,10.368,39.161,6.0149,6.8475,12.533,14.765,2.4839,0,1,0,0,0,0,0,1,0,0,0,0,1,0,0,0
7.9037,0,0,0,0,84.193,0,0,7.9037,0,0,7.9037,7.9037,0,0,0,84.193,0,0,0,0,0,0,7.9037,0,0,0,92.096,0,0,0,0,0,0,1,0,0,0,0,0,1,0,0,0,0,1,0,0,0
0,0,0,0,3.0354,87.858,0,0,6.0709,3.0354,0,0,0,0,3.0354,0,87.858,0,0,0,9.1063,0,0,0,0,0,0,87.858,0,0,6.0709,6.0709,0,0,1,0,0,0,0,0,1,0,0,0,0,1,0,0,0
0,0,0,0,3.2364,87.055,0,0,6.4727,3.2364,0,0,0,0,3.2364,0,87.055,0,0,0,9.7091,0,0,0,0,0,0,87.055,0,0,6.4727,6.4727,0,0,1,0,0,0,0,0,1,0,0,0,0,1,0,0,0
0,0,0,0,0,100,0,0,0,0,0,0,0,0,0,0,100,0,0,0,0,0,0,0,0,0,0,100,0,0,0,0,0,0,1,0,0,0,0,0,1,0,0,0,0,1,0,0,0
0,0,0,0,0,100,0,0,0,0,0,0,0,0,0,0,100,0,0,0,0,0,0,0,0,0,0,100,0,0,0,0,0,0,1,0,0,0,0,0,1,0,0,0,0,1,0,0,0
0,0,2.5154,5.4808,14.001,41.986,7.33,0,4.8949,6.0791,17.713,0,7.33,1.2577,6.6706,0,40.162,6.7306,7.9962,10.362,14.01,5.4808,5.5515,6.0723,5.4808,0,1.2577,34.582,5.4729,23.868,9.118,7.3396,1.2577,0,1,0,0,0,0,0,1,0,0,0,0,1,0,0,0
0,0,11.841,4.22,20.343,26.09,13.458,0,12.584,2.4619,9.0017,0,18.414,6.8221,8.0804,0,16.269,10.358,14.46,4.5639,15.911,5.1218,13.558,10.943,4.22,1.8036,5.0185,11.048,5.3395,15.48,11.709,14.961,5.9203,0.48485,0.51515,0,0,0,0,0,1,0,0,0,0,1,0,0,0
0,0,0,0,1.9844,83.29,0,0,1.9844,1.9844,10.757,0,3.9688,0,1.9844,0,92.062,1.9844,0,0,0,0,0,0,0,0,0,83.29,1.9844,10.757,0,3.9688,0,0,1,0,0,0,0,0,1,0,0,0,0,1,0,0,0
0,0,0,0,0,100,0,0,0,0,0,0,0,0,0,0,100,0,0,0,0,0,0,0,0,0,0,100,0,0,0,0,0,0,1,0,0,0,0,0,1,0,0,0,0,1,0,0,0
2.3975,10.476,3.0533,0,11.123,26.197,7.6147,1.3761,7.7331,15.832,14.197,3.0533,12.062,0,24.523,11.194,5.0635,3.0946,8.4954,18.696,8.3707,5.4472,4.116,4.4294,5.4508,8.9495,2.3975,8.1581,6.8445,21.212,27.552,9.5142,1.3761,1,0,0,0,0,0,0,1,0,0,0,0,1,0,0,0
1.3045,9.7712,11.51,0,3.3979,31.723,6.5172,0,21.108,4.752,9.9159,9.7712,14.129,0,21.292,9.6912,15.595,1.4342,3.3979,16.513,1.6589,6.5172,1.4342,8.0322,9.7712,14.854,1.3045,17.029,5.0031,6.491,16.143,18.199,1.7389,1,0,0,0,0,0,0,1,0,0,0,0,1,0,0,0
4.7562,2.2341,10.535,14.147,11.557,29.766,2.2341,3.9879,10.942,4.0432,5.7969,6.9904,9.9375,1.8091,13.791,9.3076,20.639,11.576,9.7848,6.222,1.7725,8.1694,2.2341,12.714,4.0432,2.2341,5.3542,6.222,17.765,14.966,16.877,13.602,3.9879,0,0,0,0.022222,0.97778,0,0,1,0,0,0,0,0,0.022222,0.97778,1
3.1581,0,11.284,28.66,0,45.614,2.8912,2.8912,5.5013,0,0,6.0493,18.036,0,5.2344,17.221,45.881,0,0,0,5.2344,2.3432,0,8.9405,2.8912,5.2344,0,22.344,23.271,3.1581,14.33,19.831,0,0,0,0,0,1,0,0,1,0,0,0,0,0,0,1,1
7.8185,0,16.414,16.212,3.4132,37.164,1.1719,1.1719,13.212,1.7113,1.7113,8.9903,18.501,3.838,6.5837,11.404,33.147,3.4132,1.7113,3.4038,5.2973,3.71,0,10.578,2.8831,5.2973,11.495,5.6993,21.681,7.8185,13.221,21.327,0,0,0,0,0.78481,0.21519,0,0,1,0,0,0,0,0,0,1,1
1.1509,0,20.423,12.94,8.5921,39.309,2.0986,2.0986,11.087,1.1509,1.1509,3.2495,6.3179,1.1509,12.609,8.5687,33.182,15.17,1.1509,1.7266,10.595,6.2792,0,17.353,3.2495,4.0174,16.033,7.3845,17.042,1.1509,15.925,17.844,0,0,0,0,0,1,0,0,1,0,0,0,0,0,0,1,1
0,0,0,0,0,81.089,0,0,0,0,18.911,0,0,0,0,9.8937,90.106,0,0,0,0,0,0,0,0,0,0,81.089,18.911,0,0,0,0,0,1,0,0,0,0,0,1,0,0,0,0,1,0,0,0
8.4767,0,0,0,0,83.047,0,0,8.4767,0,0,0,16.953,0,0,0,83.047,0,0,0,0,0,0,0,0,0,8.4767,83.047,0,0,8.4767,0,0,0,1,0,0,0,0,0,1,0,0,0,0,1,0,0,0
0,3.4834,3.4834,0,0,93.033,0,0,0,0,0,0,0,0,0,0,93.033,0,3.4834,0,0,3.4834,0,0,3.4834,3.4834,0,93.033,0,0,0,0,0,0,1,0,0,0,0,0,1,0,0,0,0,1,0,0,0
0,0,0,0,0,100,0,0,0,0,0,0,0,0,0,0,100,0,0,0,0,0,0,0,0,0,0,100,0,0,0,0,0,0,1,0,0,0,0,0,1,0,0,0,0,1,0,0,0
0,0,0,0,0,100,0,0,0,0,0,0,0,0,0,0,100,0,0,0,0,0,0,0,0,0,0,100,0,0,0,0,0,0,1,0,0,0,0,0,1,0,0,0,0,1,0,0,0
1.842,4.6991,10.225,0,0,83.234,0,0,0,0,0,0,0,5.5259,0,0,83.234,0,4.6991,0,1.842,4.6991,3.6839,1.842,4.6991,6.5411,0,83.234,0,0,0,0,0,0,1,0,0,0,0,0,1,0,0,0,0,1,0,0,0
3.2231,0,9.6693,0,0,78.751,0,0,0,0,8.3568,0,0,9.6693,0,4.663,78.751,3.6939,0,0,3.2231,0,6.4462,3.2231,0,3.2231,0,78.751,0,8.3568,0,0,0,0,1,0,0,0,0,0,1,0,0,0,0,1,0,0,0
0,0,0,0,0,80.962,0,0,0,0,19.038,0,0,0,0,10.685,89.315,0,0,0,0,0,0,0,0,0,0,80.962,19.038,0,0,0,0,0,1,0,0,0,0,0,1,0,0,0,0,1,0,0,0
0,0,0,10.353,10.353,65.09,0,0,0,0,14.205,10.353,0,0,10.353,8.5835,60.358,0,0,0,0,10.353,0,0,0,0,0,54.737,14.205,0,0,20.705,10.353,0,0,0.013333,0.13333,0.85333,0,0,1,0,0,0,0,1,0,0,0
0,0,0,10.777,4.5135,84.71,0,0,0,0,0,4.5135,0,0,10.777,0,80.196,0,0,0,0,4.5135,0,0,0,0,0,80.196,0,0,0,9.027,10.777,0,0,0,0.18919,0.81081,0,0,1,0,0,0,0,1,0,0,0
0,0,0,5.2563,0,94.744,0,0,0,0,0,0,0,0,5.2563,0,82.605,0,0,0,0,12.139,0,0,0,0,0,82.605,0,0,0,12.139,5.2563,0,0,0,0.068182,0.93182,0,0,1,0,0,0,0,1,0,0,0
0,0,0,4.8787,11.507,83.614,0,0,0,0,0,11.507,0,0,4.8787,0,73.264,0,0,0,0,10.351,0,0,0,0,0,73.264,0,0,0,21.858,4.8787,0,0,0,0.21818,0.78182,0,0,1,0,0,0,0,1,0,0,0
0,0,0,3.8167,0,96.183,0,0,0,0,0,0,0,0,3.8167,0,96.183,0,0,0,0,0,0,0,0,0,0,96.183,0,0,0,0,3.8167,0,0,0,0.17742,0.82258,0,0,1,0,0,0,0,1,0,0,0
0,0,0,0,0,100,0,0,0,0,0,0,0,0,0,0,100,0,0,0,0,0,0,0,0,0,0,100,0,0,0,0,0,0,0,0,0.22642,0.77358,0,0,1,0,0,0,0,1,0,0,0
0,0,0,0,0,100,0,0,0,0,0,0,0,0,0,0,100,0,0,0,0,0,0,0,0,0,0,100,0,0,0,0,0,0,0,0.016129,0.096774,0.8871,0,0,1,0,0,0,0,1,0,0,0
0,0,0,0,0,80.444,0,0,0,0,19.556,0,0,0,0,7.8677,84.017,8.1153,0,0,0,0,0,0,0,0,0,80.444,11.441,8.1153,0,0,0,0,0.98039,0,0.019608,0,0,0,1,0,0,0,0,1,0,0,0
0,0,0,16.456,3.5761,66.995,0,0,0,0,12.973,3.5761,0,0,3.5761,8.4121,67.979,0,12.88,0,0,3.5761,0,0,0,0,0,63.419,12.973,0,0,7.1523,16.456,0,0.050633,0.17722,0.12658,0.64557,0,0,1,0,0,0,0,1,0,0,0
0,0,0,0,0,69.699,0,0,0,0,30.301,0,0,0,0,16.124,78.376,5.5001,0,0,0,0,0,0,0,0,0,69.699,8.6777,21.624,0,0,0,0,1,0,0,0,0,0,1,0,0,0,0,1,0,0,0
0,0,0,5.0689,0,58.816,0,0,0,0,36.115,0,0,0,0,12.947,69.037,12.947,5.0689,0,0,0,0,0,0,0,0,58.816,10.221,25.894,0,0,5.0689,0,0.10843,0.31325,0.21687,0.36145,0,0,0.98795,0.012048,0,0,0.012048,0.98795,0,0,0
0,0,0,17.56,2.9505,79.49,0,0,0,0,0,2.9505,0,0,9.9721,0,76.539,0,7.5876,0,0,2.9505,0,0,0,0,0,76.539,0,0,0,5.9009,17.56,0,0,0.016393,0.27869,0.70492,0,0,1,0,0,0,0,1,0,0,0
0,0,0,4.6905,5.1262,90.183,0,0,0,0,0,5.1262,0,0,0,0,90.183,0,4.6905,0,0,0,0,0,0,0,0,90.183,0,0,0,5.1262,4.6905,0,0,0,0.21622,0.78378,0,0,1,0,0,0,0,1,0,0,0
0,0,0,6.5957,9.3628,84.042,0,0,0,0,0,9.3628,0,0,0,0,84.042,0,6.5957,0,0,0,0,0,0,0,0,84.042,0,0,0,9.3628,6.5957,0,0.015385,0,0.24615,0.73846,0,0,0.98462,0.015385,0,0.015385,0.015385,0.96923,0,0,0
0,0,0,7.9601,0,92.04,0,0,0,0,0,0,0,0,0,0,92.04,0,7.9601,0,0,0,0,0,0,0,0,92.04,0,0,0,0,7.9601,0,0,0,0.21348,0.78652,0,0,1,0,0,0,0,1,0,0,0
0,0,0,0,0,100,0,0,0,0,0,0,0,0,0,0,100,0,0,0,0,0,0,0,0,0,0,100,0,0,0,0,0,0,0,0.014925,0.19403,0.79104,0,0,1,0,0,0,0,1,0,0,0
0,0,0,0,0,100,0,0,0,0,0,0,0,0,0,0,100,0,0,0,0,0,0,0,0,0,0,100,0,0,0,0,0,0,0,0,0.25714,0.74286,0,0,1,0,0,0,0,1,0,0,0
0,0,0,0,0,100,0,0,0,0,0,0,0,0,0,0,100,0,0,0,0,0,0,0,0,0,0,100,0,0,0,0,0,0,0,0,0.19178,0.80822,0,0,1,0,0,0,0,1,0,0,0
0,0,0,0,0,100,0,0,0,0,0,0,0,0,0,0,100,0,0,0,0,0,0,0,0,0,0,100,0,0,0,0,0,0,0,0.040541,0.14865,0.81081,0,0,1,0,0,0,0,1,0,0,0
0,0,0,0,0,100,0,0,0,0,0,0,0,0,0,0,100,0,0,0,0,0,0,0,0,0,0,100,0,0,0,0,0,0,0,0,0.13208,0.86792,0,0,1,0,0,0,0,1,0,0,0
0,0,0,0,0,100,0,0,0,0,0,0,0,0,0,0,100,0,0,0,0,0,0,0,0,0,0,100,0,0,0,0,0,0,0,0.040816,0.42857,0.53061,0,0,1,0,0,0,0,1,0,0,0
0,0,0,0,0,100,0,0,0,0,0,0,0,0,0,0,100,0,0,0,0,0,0,0,0,0,0,100,0,0,0,0,0,0,0,0.036364,0.12727,0.83636,0,0,1,0,0,0,0,1,0,0,0
0,0,0,0,0,100,0,0,0,0,0,0,0,0,0,0,100,0,0,0,0,0,0,0,0,0,0,100,0,0,0,0,0,0,0,0,0.32143,0.67857,0,0,1,0,0,0,0,1,0,0,0
0,0,0,0,0,100,0,0,0,0,0,0,0,0,0,0,100,0,0,0,0,0,0,0,0,0,0,100,0,0,0,0,0,0,0,0.020408,0.12245,0.85714,0,0,1,0,0,0,0,1,0,0,0
10.386,17.376,3.1309,0,2.2336,27.082,20.48,0,14.014,3.0865,2.2114,2.003,22.402,0,21.563,9.6672,12.33,0.87506,2.2336,22.713,1.1057,5.1068,8.5615,0.87506,9.6894,21.608,10.386,13.205,4.2096,4.2144,21.914,4.2096,1.1279,0,1,0,0,0,0,0,1,0,0,0,0,1,0,0,0
3.6305,4.866,4.866,0,0,83.007,0,0,3.6305,0,0,0,7.2611,0,0,0,83.007,0,4.866,0,0,4.866,0,0,4.866,4.866,3.6305,83.007,0,0,3.6305,0,0,0.22,0.78,0,0,0,0,0,1,0,0,0,0,1,0,0,0
1.4307,0,6.3706,27.795,0,58.033,0,0,6.3706,0,0,1.4307,2.8614,2.0403,2.8996,20.97,52.391,0,2.0403,0,2.8996,12.467,0,3.471,0,2.8996,0,24.025,34.008,1.4307,13.897,18.228,2.0403,0,0,0,0.038462,0.96154,0,0,1,0,0,0,0,0,0.038462,0.96154,1
0,0,10.049,23.242,0,56.66,0,0,10.049,0,0,0,8.838,7.2658,2.783,11.621,56.66,0,7.2658,0,2.783,2.783,0,7.2658,0,2.783,0,37.774,18.887,0,11.621,14.404,7.2658,0.028571,0.057143,0,0.085714,0.82857,0,0,1,0,0,0,0,0.085714,0.085714,0.82857,1
10.417,9.1884,6.4441,0,1.3794,72.571,0,0,0,0,0,0,10.568,24.821,0,0,50.056,0,10.568,1.3794,1.2285,1.3794,2.4569,3.9872,9.1884,22.364,0,48.677,0,1.3794,10.568,0,1.3794,0.017544,0.98246,0,0,0,0,0,1,0,0,0,0,1,0,0,0
3.1755,4.7994,15.104,0,5.0871,64.328,3.053,0,4.4531,0,0,0,11.568,16.778,3.3059,0,38.904,3.053,12.939,3.687,4.4531,5.3109,4.4531,9.027,4.7994,15.349,3.053,33.817,0,6.74,9.9155,6.1061,6.74,0,1,0,0,0,0,0,1,0,0,0,0,1,0,0,0
0,0,10.45,9.9445,6.7266,5.4011,8.5162,26.194,22.068,10.699,0,1.1305,1.6776,2.046,6.7266,3.9729,58.733,11.817,9.4105,0,0,4.4856,5.0904,19.71,20.346,8.5162,0,5.4011,0,17.426,3.9729,15.23,4.3071,0,1,0,0,0,0,0,0,1,0,1,0,0,0,0,1
0.81358,0,9.8807,9.1396,18.404,34.887,8.7485,2.2522,4.2919,10.691,0.89119,0,13.688,8.2381,13.069,0,12.644,2.5338,12.297,10.435,17.567,9.5278,6.8227,15.969,8.0135,3.8422,1.6426,13.338,0.89119,20.983,12.929,11.286,4.283,0.98113,0.018868,0,0,0,0,0,1,0,0,0,0,1,0,0,0
0,0,10.63,18.948,3.9546,11.802,6.2439,31.676,12.644,4.1025,0,2.2549,4.0766,3.6484,3.9546,3.9891,44.344,6.9812,17.898,0,0,12.854,4.0766,32.15,13.997,6.2439,0,11.802,0,8.0572,5.0391,8.0312,10.604,0,1,0,0,0,0,0,0,0.63265,0.36735,1,0,0,0,0,1
0,0,4.8539,12.421,5.37,0,13.854,28.225,27.957,7.3193,0,0,0,0,5.37,12.173,52.493,6.5351,18.059,0,0,5.37,1.6811,18.956,26.028,13.854,0,0,0,12.689,12.689,8.7322,5.37,0,0.91111,0.066667,0,0.022222,0,0,0.022222,0.97778,0,0.97778,0,0.022222,0,0,1
0,0,12.018,10.074,8.6894,0,10.776,25.502,26.878,6.0624,0,2.4267,0,0,8.6894,5.9559,50.929,14.411,12.534,0,0,5.0536,2.3931,23.276,25.221,10.776,0,0,0,14.752,2.627,13.476,7.4803,0,0.66667,0.33333,0,0,0,0,0,1,0,1,0,0,0,0,1
7.1429,0,14.46,1.7218,15.38,33.83,0,0,11.25,8.6517,7.5649,6.0642,9.0906,5.2171,16.466,9.9651,20.096,7.0465,9.3775,10.914,3.6544,2.1077,0,13.621,2.1077,1.8264,18.513,13.096,8.5032,8.4258,15.319,15.493,3.0955,0,0,0,1,0,0,0,1,0,0,0,0,0,0,1,1
2.3002,0,17.625,16.83,2.5807,52.673,0,0,7.9914,0,0,2.3002,7.8604,6.637,2.5807,14.445,48.943,5.1614,3.1105,0,6.1072,2.8546,0,14.099,0,3.5265,15.741,17.748,19.184,2.3002,10.995,13.296,3.1105,0,0,0,0,1,0,0,1,0,0,0,0,0,0,1,1
5.5159,0,11.679,0,10.197,47.363,0,0,16.665,5.2353,3.3454,2.1706,14.418,5.9376,12.087,5.7411,33.155,3.5059,5.4317,13.703,3.8512,0,0,9.9981,0,3.8512,21.911,25.376,5.5923,3.3454,17.482,10.357,2.0864,0,0.21951,0,0.78049,0,0,0,1,0,0,0,0,0.21951,0.14634,0.63415,1
0,0,17.149,5.6733,7.2629,46.388,0,0,23.527,0,0,3.288,3.5322,6.6068,10.1,9.4127,39.568,6.1836,9.8949,3.5322,5.0454,2.8366,0,17.6,0,2.8366,11.238,23.941,11.21,0,8.5776,14.702,9.8949,0,0.044776,0,0.8209,0.13433,0,0,1,0,0,0,0,0.044776,0.044776,0.91045,1
0,0,5.5255,23.706,0,36.843,4.0572,25.812,4.0572,0,0,12.655,5.5255,0,0,0,49.015,5.5255,12.172,0,0,15.108,5.5255,31.82,8.1144,4.0572,0,36.843,0,0,0,5.5255,8.1144,1,0,0,0,0,0,0,1,0,0,0,0,1,0,0,0
0,0,0,0,0,100,0,0,0,0,0,0,0,0,0,0,100,0,0,0,0,0,0,0,0,0,0,100,0,0,0,0,0,0,0,0,0,1,0,0,1,0,0,0,0,1,0,0,0
0,0,0,0,0,100,0,0,0,0,0,0,0,0,0,0,100,0,0,0,0,0,0,0,0,0,0,66.667,33.333,0,0,0,0,1,0,0,0,0,0,0,1,0,0,0,0,1,0,0,0
0,0,0,0,0,100,0,0,0,0,0,0,0,0,0,0,100,0,0,0,0,0,0,0,0,0,0,49.005,50.995,0,0,0,0,1,0,0,0,0,0,0,1,0,0,0,0,1,0,0,0
0,0,0,0,0,70.253,0,0,0,0,29.747,0,0,0,0,8.7347,70.253,21.013,0,0,0,0,0,0,0,0,0,70.253,0,29.747,0,0,0,0,1,0,0,0,0,0,1,0,0,0,0,1,0,0,0
0,0,0,15.953,0,68.806,0,0,0,0,15.24,0,0,0,0,8.8209,68.806,6.4195,15.953,0,0,0,0,0,0,0,0,68.806,0,15.24,0,0,15.953,0,0.034483,0.017241,0.13793,0.81034,0,0,0.96552,0.034483,0,0.017241,0.017241,0.96552,0,0,0
0,0,7.6676,14.304,1.5445,16.317,7.9875,27.783,24.397,0,0,1.2696,2.9602,6.1875,4.5048,0,58.136,6.7179,15.93,0,1.4801,2.8141,6.7179,32.976,7.777,6.5074,1.4801,10.396,0,3.0247,3.0247,14.98,13.116,1,0,0,0,0,0,0,1,0,0,0,0,1,0,0,0
0,0,0,0,0,73.311,0,0,26.689,0,0,8.5501,12.079,0,0,0,73.311,0,0,0,0,6.0598,0,0,0,0,0,73.311,0,0,8.5501,6.0598,12.079,1,0,0,0,0,0,0,1,0,0,0,0,1,0,0,0
0,0,20.29,10.082,2.0656,60.53,0,0,7.0326,0,0,2.0656,2.1395,7.6614,4.967,22.931,44.706,0,2.0656,0,10.563,2.9014,0,11.793,0,10.563,25.05,24.342,11.138,0,5.0409,10.008,2.0656,0,0.022727,0.022727,0.068182,0.88636,0,0,1,0,0,0,0,0.022727,0.11364,0.86364,1
0,0,0,0,0,86.194,0,0,13.806,0,0,13.806,0,0,0,0,86.194,0,0,0,0,0,0,0,0,0,0,86.194,0,0,13.806,0,0,0,0,0,0.21519,0.78481,0,0,1,0,0,0,0,1,0,0,0
0,0,0,0,0,84.994,0,0,15.006,0,0,7.5029,0,0,0,0,84.994,0,0,0,0,7.5029,0,0,0,0,0,84.994,0,0,7.5029,7.5029,0,0,0,0,0.18868,0.81132,0,0,1,0,0,0,0,1,0,0,0
0,0,0,0,0,79.971,0,0,20.029,0,0,11.969,4.0301,0,0,0,79.971,0,0,0,0,4.0301,0,0,0,0,0,79.971,0,0,11.969,4.0301,4.0301,0,0,0,0.09589,0.90411,0,0,1,0,0,0,0,1,0,0,0
0,0,5.2851,5.1756,5.2851,0,13.005,36.458,21.676,13.115,0,3.4827,0,0,5.2851,7.8296,54.664,6.978,18.278,0,0,3.4827,1.6928,13.834,29.603,13.005,0,0,0,18.4,7.8296,8.6708,6.9654,0,0.84906,0.018868,0.075472,0.056604,0,0,0.11321,0.84906,0.037736,0.84906,0.075472,0.075472,0,0,1
0,0,0,0,0,100,0,0,0,0,0,0,0,0,0,0,100,0,0,0,0,0,0,0,0,0,0,100,0,0,0,0,0,0,0,0,0.071429,0.92857,0,0,1,0,0,0,0,1,0,0,0
0,0,0,0,0,100,0,0,0,0,0,0,0,0,0,0,100,0,0,0,0,0,0,0,0,0,0,100,0,0,0,0,0,0,0,0.10465,0.10465,0.7907,0,0,1,0,0,0,0,1,0,0,0
0,0,0,0,0,100,0,0,0,0,0,0,0,0,0,0,100,0,0,0,0,0,0,0,0,0,0,100,0,0,0,0,0,0,0,0,0.081081,0.91892,0,0,1,0,0,0,0,1,0,0,0
0,0,0,0,0,100,0,0,0,0,0,0,0,0,0,0,100,0,0,0,0,0,0,0,0,0,0,100,0,0,0,0,0,0,0,0.011765,0.094118,0.89412,0,0,1,0,0,0,0,1,0,0,0
0,0,0,3.0065,0,67.875,3.0065,15.032,11.08,0,0,3.0065,0,0,0,0,76.894,0,17.093,0,0,3.0065,0,9.0194,6.013,3.0065,0,67.875,0,0,0,0,14.086,1,0,0,0,0,0,0,1,0,0,0,0,1,0,0,0
0,0,0,0,0,68.067,0,0,31.933,0,0,6.2728,4.4306,10.526,0,0,68.067,0,0,0,0,10.703,0,0,0,0,0,68.067,0,0,6.2728,10.703,14.957,1,0,0,0,0,0,0,1,0,0,0,0,1,0,0,0
0,0,7.7258,12.52,1.1861,15.363,11.355,25.29,22.709,3.8502,0,1.878,1.4466,2.0758,1.1861,8.0536,61.651,8.9512,10.678,0,0,4.0793,4.7478,24.177,19.408,11.355,0,15.363,0,5.0363,5.0363,9.2351,5.6418,0.018868,0.98113,0,0,0,0,0,0,0.49057,0.50943,0.98113,0.018868,0,0,0,1
0,0,0,5.6714,0,94.329,0,0,0,0,0,5.6714,0,0,0,0,94.329,0,0,0,0,0,0,5.6714,0,0,0,83.801,10.527,0,0,0,0,1,0,0,0,0,0,0,1,0,0,0,0,1,0,0,0
0,0,0,0,0,83.576,0,0,16.424,0,0,0,8.7675,7.6569,0,0,83.576,0,0,0,0,0,0,0,0,0,0,83.576,0,0,0,0,16.424,1,0,0,0,0,0,0,1,0,0,0,0,1,0,0,0
0,0,0,0,0,81.026,0,0,18.974,0,0,5.7498,4.0338,3.4402,0,0,81.026,0,0,0,0,5.7498,0,0,0,0,0,81.026,0,0,5.7498,5.7498,7.4741,0,0,0,0.054795,0.94521,0,0,1,0,0,0,0,1,0,0,0
0,0,0,0,0,83.227,0,0,16.773,0,0,0,6.5522,3.6681,0,0,83.227,0,0,0,0,6.5522,0,0,0,0,0,83.227,0,0,0,6.5522,10.22,0,0,0,0.34783,0.65217,0,0,1,0,0,0,0,1,0,0,0
0,0,0,0,0,82.061,0,0,17.939,0,0,0,6.4553,8.1385,0,0,82.061,0,0,0,0,3.3451,0,0,0,0,0,82.061,0,0,0,3.3451,14.594,0,0,0,0.18033,0.81967,0,0,1,0,0,0,0,1,0,0,0
0,0,0,0,0,89.245,0,0,10.755,0,0,0,4.0165,6.739,0,0,89.245,0,0,0,0,0,0,0,0,0,0,89.245,0,0,0,0,10.755,0,0,0,0.2,0.8,0,0,1,0,0,0,0,1,0,0,0
0,0,0,0,0,100,0,0,0,0,0,0,0,0,0,0,100,0,0,0,0,0,0,0,0,0,0,100,0,0,0,0,0,0,0,0,0.13514,0.86486,0,0,1,0,0,0,0,1,0,0,0
0,0,0,0,0,100,0,0,0,0,0,0,0,0,0,0,100,0,0,0,0,0,0,0,0,0,0,100,0,0,0,0,0,0,0,0.009901,0.25743,0.73267,0,0,1,0,0,0,0,1,0,0,0
0,0,0,0,0,100,0,0,0,0,0,0,0,0,0,0,100,0,0,0,0,0,0,0,0,0,0,100,0,0,0,0,0,0,0,0,0.054795,0.94521,0,0,1,0,0,0,0,1,0,0,0
0,0,0,0,0,100,0,0,0,0,0,0,0,0,0,0,100,0,0,0,0,0,0,0,0,0,0,100,0,0,0,0,0,0,0,0,0.28431,0.71569,0,0,1,0,0,0,0,1,0,0,0
0,0,0,0,0,100,0,0,0,0,0,0,0,0,0,0,100,0,0,0,0,0,0,0,0,0,0,100,0,0,0,0,0,0,0,0.015385,0.27692,0.70769,0,0,1,0,0,0,0,1,0,0,0
0,0,0,0,0,100,0,0,0,0,0,0,0,0,0,0,100,0,0,0,0,0,0,0,0,0,0,100,0,0,0,0,0,0,0,0,0.093023,0.90698,0,0,1,0,0,0,0,1,0,0,0
0,0,0,0,0,100,0,0,0,0,0,0,0,0,0,0,100,0,0,0,0,0,0,0,0,0,0,100,0,0,0,0,0,0,0,0,0.30986,0.69014,0,0,1,0,0,0,0,1,0,0,0
0,0,0,0,0,100,0,0,0,0,0,0,0,0,0,0,100,0,0,0,0,0,0,0,0,0,0,100,0,0,0,0,0,0,0,0,0.081081,0.91892,0,0,1,0,0,0,0,1,0,0,0
0,0,0,0,0,100,0,0,0,0,0,0,0,0,0,0,100,0,0,0,0,0,0,0,0,0,0,100,0,0,0,0,0,0,0,0,0.07,0.93,0,0,1,0,0,0,0,1,0,0,0
0,0,0,0,0,100,0,0,0,0,0,0,0,0,0,0,100,0,0,0,0,0,0,0,0,0,0,100,0,0,0,0,0,0,0,0.12941,0.2,0.67059,0,0,1,0,0,0,0,1,0,0,0
0,0,0,0,0,100,0,0,0,0,0,0,0,0,0,0,100,0,0,0,0,0,0,0,0,0,0,100,0,0,0,0,0,0,0,0,0.044944,0.95506,0,0,1,0,0,0,0,1,0,0,0
0,0,0,0,0,100,0,0,0,0,0,0,0,0,0,0,100,0,0,0,0,0,0,0,0,0,0,100,0,0,0,0,0,0,0,0.021053,0.23158,0.74737,0,0,1,0,0,0,0,1,0,0,0
0,0,0,0,0,100,0,0,0,0,0,0,0,0,0,0,100,0,0,0,0,0,0,0,0,0,0,100,0,0,0,0,0,0,0,0,0,1,0,0,1,0,0,0,0,1,0,0,0
0,0,0,0,0,100,0,0,0,0,0,0,0,0,0,0,100,0,0,0,0,0,0,0,0,0,0,100,0,0,0,0,0,0,0,0,0,1,0,0,1,0,0,0,0,1,0,0,0
0,0,0,0,0,100,0,0,0,0,0,0,0,0,0,0,100,0,0,0,0,0,0,0,0,0,0,100,0,0,0,0,0,0,0,0,0,1,0,0,1,0,0,0,0,1,0,0,0
0,0,0,0,0,100,0,0,0,0,0,0,0,0,0,0,100,0,0,0,0,0,0,0,0,0,0,100,0,0,0,0,0,0,0,0,0,1,0,0,1,0,0,0,0,1,0,0,0
0,0,0,0,0,100,0,0,0,0,0,0,0,0,0,0,100,0,0,0,0,0,0,0,0,0,0,100,0,0,0,0,0,0,0,0,0,1,0,0,1,0,0,0,0,1,0,0,0
0,0,0,0,0,100,0,0,0,0,0,0,0,0,0,0,100,0,0,0,0,0,0,0,0,0,0,100,0,0,0,0,0,0,0,0,0,1,0,0,1,0,0,0,0,1,0,0,0
0,0,0,0,0,100,0,0,0,0,0,0,0,0,0,0,100,0,0,0,0,0,0,0,0,0,0,100,0,0,0,0,0,0,0,0,0,1,0,0,1,0,0,0,0,1,0,0,0
0,0,0,0,0,100,0,0,0,0,0,0,0,0,0,0,100,0,0,0,0,0,0,0,0,0,0,100,0,0,0,0,0,0,0,0,0,1,0,0,1,0,0,0,0,1,0,0,0
0,0,0,0,0,100,0,0,0,0,0,0,0,0,0,0,100,0,0,0,0,0,0,0,0,0,0,100,0,0,0,0,0,0,0,0,0,1,0,0,1,0,0,0,0,1,0,0,0
0,0,0,0,0,100,0,0,0,0,0,0,0,0,0,0,100,0,0,0,0,0,0,0,0,0,0,100,0,0,0,0,0,0,0,0,0,1,0,0,1,0,0,0,0,1,0,0,0
0,0,0,0,0,100,0,0,0,0,0,0,0,0,0,0,100,0,0,0,0,0,0,0,0,0,0,100,0,0,0,0,0,0,0,0,0,1,0,0,1,0,0,0,0,1,0,0,0
0,0,0,0,0,100,0,0,0,0,0,0,0,0,0,0,100,0,0,0,0,0,0,0,0,0,0,100,0,0,0,0,0,0,0,0,0,1,0,0,1,0,0,0,0,1,0,0,0
0,0,0,0,0,100,0,0,0,0,0,0,0,0,0,0,100,0,0,0,0,0,0,0,0,0,0,100,0,0,0,0,0,0,0,0,0.067961,0.93204,0,0,1,0,0,0,0,1,0,0,0
0,0,0,0,0,100,0,0,0,0,0,0,0,0,0,0,100,0,0,0,0,0,0,0,0,0,0,100,0,0,0,0,0,0,0,0,0,1,0,0,1,0,0,0,0,1,0,0,0
0,0,0,0,0,100,0,0,0,0,0,0,0,0,0,0,100,0,0,0,0,0,0,0,0,0,0,100,0,0,0,0,0,0,0,0,0.034483,0.96552,0,0,1,0,0,0,0,1,0,0,0
0,0,0,0,0,100,0,0,0,0,0,0,0,0,0,0,100,0,0,0,0,0,0,0,0,0,0,100,0,0,0,0,0,0,0,0,0,1,0,0,1,0,0,0,0,1,0,0,0
0,0,0,0,0,100,0,0,0,0,0,0,0,0,0,0,100,0,0,0,0,0,0,0,0,0,0,100,0,0,0,0,0,0,0,0,0,1,0,0,1,0,0,0,0,1,0,0,0
0,0,0,0,0,100,0,0,0,0,0,0,0,0,0,0,100,0,0,0,0,0,0,0,0,0,0,100,0,0,0,0,0,0,0,0,0,1,0,0,1,0,0,0,0,1,0,0,0
0,0,0,0,0,100,0,0,0,0,0,0,0,0,0,0,100,0,0,0,0,0,0,0,0,0,0,100,0,0,0,0,0,0,0,0,0,1,0,0,1,0,0,0,0,1,0,0,0
0,0,0,0,0,100,0,0,0,0,0,0,0,0,0,0,100,0,0,0,0,0,0,0,0,0,0,100,0,0,0,0,0,0,0,0,0,1,0,0,1,0,0,0,0,1,0,0,0
0,0,0,0,0,100,0,0,0,0,0,0,0,0,0,0,100,0,0,0,0,0,0,0,0,0,0,100,0,0,0,0,0,0,0,0,0.086957,0.91304,0,0,1,0,0,0,0,1,0,0,0
0,0,0,0,0,100,0,0,0,0,0,0,0,0,0,0,100,0,0,0,0,0,0,0,0,0,0,100,0,0,0,0,0,0,0,0,0,1,0,0,1,0,0,0,0,1,0,0,0
0,0,0,0,0,100,0,0,0,0,0,0,0,0,0,0,100,0,0,0,0,0,0,0,0,0,0,100,0,0,0,0,0,0,0,0,0.061728,0.93827,0,0,1,0,0,0,0,1,0,0,0
0,0,0,0,0,100,0,0,0,0,0,0,0,0,0,0,100,0,0,0,0,0,0,0,0,0,0,100,0,0,0,0,0,0,0,0,0,1,0,0,1,0,0,0,0,1,0,0,0
0,0,0,0,0,100,0,0,0,0,0,0,0,0,0,0,100,0,0,0,0,0,0,0,0,0,0,100,0,0,0,0,0,0,0,0,0,1,0,0,1,0,0,0,0,1,0,0,0
0,0,0,0,0,100,0,0,0,0,0,0,0,0,0,0,100,0,0,0,0,0,0,0,0,0,0,100,0,0,0,0,0,0,0,0,0,1,0,0,1,0,0,0,0,1,0,0,0
0,0,0,0,0,100,0,0,0,0,0,0,0,0,0,0,100,0,0,0,0,0,0,0,0,0,0,100,0,0,0,0,0,0,0,0,0,1,0,0,1,0,0,0,0,1,0,0,0
0,0,0,0,0,100,0,0,0,0,0,0,0,0,0,0,100,0,0,0,0,0,0,0,0,0,0,100,0,0,0,0,0,0,0,0,0,1,0,0,1,0,0,0,0,1,0,0,0
0,0,0,0,0,100,0,0,0,0,0,0,0,0,0,0,100,0,0,0,0,0,0,0,0,0,0,100,0,0,0,0,0,0,0,0,0,1,0,0,1,0,0,0,0,1,0,0,0
0,0,0,0,0,100,0,0,0,0,0,0,0,0,0,0,100,0,0,0,0,0,0,0,0,0,0,100,0,0,0,0,0,0,0,0,0,1,0,0,1,0,0,0,0,1,0,0,0
0,0,0,0,0,100,0,0,0,0,0,0,0,0,0,0,100,0,0,0,0,0,0,0,0,0,0,100,0,0,0,0,0,0,0,0,0,1,0,0,1,0,0,0,0,1,0,0,0
0,0,0,0,0,100,0,0,0,0,0,0,0,0,0,0,100,0,0,0,0,0,0,0,0,0,0,100,0,0,0,0,0,0,0,0,0,1,0,0,1,0,0,0,0,1,0,0,0
0,0,0,0,0,100,0,0,0,0,0,0,0,0,0,0,100,0,0,0,0,0,0,0,0,0,0,100,0,0,0,0,0,0,0,0,0,1,0,0,1,0,0,0,0,1,0,0,0
0,0,0,0,0,100,0,0,0,0,0,0,0,0,0,0,100,0,0,0,0,0,0,0,0,0,0,100,0,0,0,0,0,0,0,0,0,1,0,0,1,0,0,0,0,1,0,0,0
0,0,0,0,0,100,0,0,0,0,0,0,0,0,0,0,100,0,0,0,0,0,0,0,0,0,0,100,0,0,0,0,0,0,0,0,0.043011,0.95699,0,0,1,0,0,0,0,1,0,0,0
0,0,0,0,0,100,0,0,0,0,0,0,0,0,0,0,100,0,0,0,0,0,0,0,0,0,0,100,0,0,0,0,0,0,0,0,0,1,0,0,1,0,0,0,0,1,0,0,0
0,0,0,0,0,100,0,0,0,0,0,0,0,0,0,0,100,0,0,0,0,0,0,0,0,0,0,100,0,0,0,0,0,0,0,0,0.056818,0.94318,0,0,1,0,0,0,0,1,0,0,0
0,0,0,0,0,100,0,0,0,0,0,0,0,0,0,0,100,0,0,0,0,0,0,0,0,0,0,100,0,0,0,0,0,0,0.017241,0.034483,0.017241,0.93103,0,0,1,0,0,0,0,1,0,0,0
0,0,0,0,0,100,0,0,0,0,0,0,0,0,0,0,100,0,0,0,0,0,0,0,0,0,0,100,0,0,0,0,0,0,0,0,0,1,0,0,1,0,0,0,0,1,0,0,0
0,0,0,0,0,100,0,0,0,0,0,0,0,0,0,0,100,0,0,0,0,0,0,0,0,0,0,100,0,0,0,0,0,0,0,0,0,1,0,0,1,0,0,0,0,1,0,0,0
0,0,0,0,0,100,0,0,0,0,0,0,0,0,0,0,100,0,0,0,0,0,0,0,0,0,0,100,0,0,0,0,0,0,0,0,0,1,0,0,1,0,0,0,0,1,0,0,0
0,0,0,0,0,100,0,0,0,0,0,0,0,0,0,0,100,0,0,0,0,0,0,0,0,0,0,100,0,0,0,0,0,0,0,0,0,1,0,0,1,0,0,0,0,1,0,0,0
0,0,0,0,0,100,0,0,0,0,0,0,0,0,0,0,100,0,0,0,0,0,0,0,0,0,0,100,0,0,0,0,0,0,0,0,0,1,0,0,1,0,0,0,0,1,0,0,0
0,0,0,0,0,100,0,0,0,0,0,0,0,0,0,0,100,0,0,0,0,0,0,0,0,0,0,100,0,0,0,0,0,0,0.14815,0.037037,0.14815,0.66667,0,0,1,0,0,0,0,1,0,0,0
0,0,0,0,0,100,0,0,0,0,0,0,0,0,0,0,100,0,0,0,0,0,0,0,0,0,0,100,0,0,0,0,0,0,0,0,0,1,0,0,1,0,0,0,0,1,0,0,0
0,0,0,0,0,100,0,0,0,0,0,0,0,0,0,0,100,0,0,0,0,0,0,0,0,0,0,100,0,0,0,0,0,0,0,0,0,1,0,0,1,0,0,0,0,1,0,0,0
0,0,0,0,0,100,0,0,0,0,0,0,0,0,0,0,100,0,0,0,0,0,0,0,0,0,0,100,0,0,0,0,0,0,0,0,0,1,0,0,1,0,0,0,0,1,0,0,0
0,0,0,0,0,100,0,0,0,0,0,0,0,0,0,0,100,0,0,0,0,0,0,0,0,0,0,100,0,0,0,0,0,0,0,0,0,1,0,0,1,0,0,0,0,1,0,0,0
0,0,0,0,0,100,0,0,0,0,0,0,0,0,0,0,100,0,0,0,0,0,0,0,0,0,0,100,0,0,0,0,0,0,0,0,0,1,0,0,1,0,0,0,0,1,0,0,0
0,0,0,0,0,100,0,0,0,0,0,0,0,0,0,0,100,0,0,0,0,0,0,0,0,0,0,100,0,0,0,0,0,0,0,0,0,1,0,0,1,0,0,0,0,1,0,0,0
0,0,0,0,0,100,0,0,0,0,0,0,0,0,0,0,100,0,0,0,0,0,0,0,0,0,0,100,0,0,0,0,0,0,0,0,0,1,0,0,1,0,0,0,0,1,0,0,0
0,0,0,0,0,100,0,0,0,0,0,0,0,0,0,0,100,0,0,0,0,0,0,0,0,0,0,100,0,0,0,0,0,0,0,0,0,1,0,0,1,0,0,0,0,1,0,0,0
0,0,0,0,5.3651,83.905,0,5.3651,0,5.3651,0,5.3651,0,5.3651,0,0,83.905,5.3651,0,0,0,0,5.3651,0,5.3651,0,0,58.738,25.167,5.3651,0,0,0,0,1,0,0,0,0,0,1,0,0,0,0,1,0,0,0
0,0,0,0,0,88.553,0,0,3.8157,3.8157,3.8157,0,0,3.8157,0,0,72.721,15.832,0,7.6313,0,0,0,0,0,0,0,68.905,19.648,3.8157,0,7.6313,0,0,1,0,0,0,0,0,1,0,0,0,0,1,0,0,0
0,0,0,0,10.735,60.033,0,18.497,6.1923,4.5431,0,4.5431,6.1923,12.304,6.1923,13.953,30.557,12.304,6.1923,7.7612,0,0,4.5431,6.1923,18.497,0,0,30.557,29.476,4.5431,6.1923,0,0,0,1,0,0,0,0,0,1,0,0,0,0,1,0,0,0
0,0,4.7433,14.887,17.333,45.927,2.9303,8.2658,4.1006,1.813,0,1.813,2.2875,5.4402,4.1006,13.009,43.157,9.9287,7.7278,5.4402,7.0955,0,20.747,4.1006,4.1006,0,0,33.014,12.913,9.6055,15.519,0,0,0,1,0,0,0,0,0,1,0,0,0,0,1,0,0,0
0,0,1.6536,10.586,3.9468,43.626,17.165,23.022,0,0,0,0,4.1463,22.623,0,11.499,10.485,14.191,16.624,10.859,9.5716,0,2.4926,6.9782,25.116,3.9468,4.1463,1.6536,39.48,0,3.9468,12.239,0,0,0.36111,0.083333,0.25,0.30556,0.11111,0.055556,0.83333,0,0,0,0,0.83333,0.083333,0.083333,0
0,0,2.0976,11.52,19.249,21.715,43.321,2.0976,0,0,0,0,6.9927,26.537,4.9318,7.3247,4.1952,0,23.444,2.0976,24.476,0,0,7.3247,21.679,9.4223,11.888,2.0976,14.722,0,19.249,13.617,0,0,0.775,0,0.1125,0.1125,0,0,1,0,0,0,0,1,0,0,0
0,0,0,7.8076,20.632,44.882,6.44,15.975,4.2635,0,0,0,14.607,21.748,4.2635,4.2635,12.431,7.8076,15.668,4.9642,14.248,0,3.9038,4.2635,12.071,0,16.784,8.527,26.011,4.9642,15.668,7.8076,0,0,0.92727,0.054545,0.018182,0,0,0.054545,0.94545,0,0,0,0,0.94545,0.054545,0,0
0,0,7.6582,14.519,11.122,39.012,4.4962,15.383,3.1619,4.6482,0,4.6482,1.8494,13.339,3.1619,16.006,19.949,18.029,4.8177,10.004,8.1951,0,23.148,3.1619,13.533,0,1.8494,14.937,22.225,6.304,11.142,3.6988,0,0,0.90566,0.037736,0.056604,0,0,0.09434,0.90566,0,0,0,0,0.92453,0.075472,0,0
0,0,7.1805,7.0127,13.409,35.813,22.87,13.715,0,0,0,0,11.01,15.701,3.8175,10.185,18.059,2.8364,27.237,2.0881,9.0654,0,1.4182,7.372,21.206,2.0881,8.3293,7.1805,24.803,0,13.409,14.193,0,0,0.028571,0.085714,0.22857,0.65714,0.71429,0.25714,0.028571,0,0,0,0,0.028571,0.31429,0.65714,1
0,0,0,22.307,7.4816,70.211,0,0,0,0,0,0,0,0,0,29.789,62.729,0,0,0,7.4816,0,0,0,0,0,0,55.248,14.963,7.4816,0,22.307,0,0,0.59524,0.14286,0.02381,0.2381,0,0,1,0,0,0,0,1,0,0,0
0,0,0,17.955,10.151,71.894,0,0,0,0,0,0,0,0,0,7.8033,82.045,0,0,0,10.151,0,0,0,0,0,0,61.707,10.187,10.151,0,17.955,0,0,1,0,0,0,0,0,1,0,0,0,0,1,0,0,0
0,0,0,13.932,20.226,65.842,0,0,0,0,0,0,0,0,0,6.2942,73.48,0,0,0,20.226,0,0,0,0,0,0,49.873,15.969,20.226,0,13.932,0,0,1,0,0,0,0,0,1,0,0,0,0,1,0,0,0
0,0,0,0,63.163,18.419,18.419,0,0,0,0,0,0,0,40.791,0,0,0,18.419,22.372,18.419,0,0,0,18.419,0,0,0,40.791,0,40.791,0,0,0,0.87273,0.054545,0.018182,0.054545,0,0,1,0,0,0,0,1,0,0,0
0,0,0,0,100,0,0,0,0,0,0,0,0,0,50,0,0,0,0,50,0,0,0,0,0,0,0,0,50,0,50,0,0,0,0.875,0.0625,0,0.0625,0,0,1,0,0,0,0,1,0,0,0
0,0,0,0,100,0,0,0,0,0,0,0,0,0,82.686,0,0,0,0,17.314,0,0,0,0,0,0,0,0,17.314,0,82.686,0,0,0,1,0,0,0,0,0,1,0,0,0,0,1,0,0,0
0,0,0,5.6292,42.577,14.639,29.836,7.3194,0,0,0,0,0,18.578,18.474,5.6292,7.3194,0,20.268,18.474,11.258,0,0,12.949,18.578,5.6292,0,0,33.112,0,24.103,5.6292,0,0,0.99286,0.0071429,0,0,0,0.0071429,0.99286,0,0,0,0,0.99286,0.0071429,0,0
0,0,0,0,0,50,50,0,0,0,0,0,0,0,0,0,100,0,0,0,0,0,0,0,0,0,50,50,0,0,0,0,0,0,1,0,0,0,0,0,1,0,0,0,0,1,0,0,0
0,0,0,0,0,0,0,0,0,0,0,0,0,0,0,0,0,0,0,0,0,0,0,0,0,0,0,0,0,0,0,0,0,0,1,0,0,0,0,0,1,0,0,0,0,1,0,0,0
0,0,0,0,0,89.262,10.738,0,0,0,0,0,0,0,0,0,100,0,0,0,0,0,0,0,0,0,10.738,67.785,21.477,0,0,0,0,0,1,0,0,0,0,0,1,0,0,0,0,1,0,0,0
0,0,0,50,0,50,0,0,0,0,0,0,0,0,0,50,50,0,0,0,0,0,0,0,0,0,0,50,0,0,0,50,0,0,1,0,0,0,0,0,1,0,0,0,0,1,0,0,0
0,0,0,0,0,100,0,0,0,0,0,0,0,0,0,0,100,0,0,0,0,0,0,0,0,0,0,100,0,0,0,0,0,0,1,0,0,0,0,0,1,0,0,0,0,1,0,0,0
0,0,0,8.461,0,91.539,0,0,0,0,0,0,0,0,0,8.461,91.539,0,0,0,0,0,0,0,0,0,0,91.539,0,0,0,8.461,0,0,1,0,0,0,0,0,1,0,0,0,0,1,0,0,0
0,0,0,0,0,100,0,0,0,0,0,0,0,0,0,0,100,0,0,0,0,0,0,0,0,0,0,100,0,0,0,0,0,0,1,0,0,0,0,0,1,0,0,0,0,1,0,0,0
0,0,0,0,0,100,0,0,0,0,0,0,0,0,0,0,100,0,0,0,0,0,0,0,0,0,0,100,0,0,0,0,0,0,1,0,0,0,0,0,1,0,0,0,0,1,0,0,0
0,0,0,0,0,80,20,0,0,0,0,0,0,0,0,20,60,0,20,0,0,0,0,0,0,0,20,40,40,0,0,0,0,0,1,0,0,0,0,0,1,0,0,0,0,1,0,0,0
0,0,0,0,0,100,0,0,0,0,0,0,0,0,0,0,100,0,0,0,0,0,0,0,0,0,0,100,0,0,0,0,0,0,1,0,0,0,0,0,1,0,0,0,0,1,0,0,0
0,0,0,0,0,100,0,0,0,0,0,0,0,0,0,0,91.363,0,8.6374,0,0,0,0,0,0,0,8.6374,91.363,0,0,0,0,0,0,1,0,0,0,0,0,1,0,0,0,0,1,0,0,0
0,0,5.1418,0,0,84.575,0,0,5.1418,5.1418,0,0,5.1418,0,5.1418,5.1418,84.575,0,0,0,0,0,0,5.1418,0,0,0,84.575,0,0,10.284,0,0,0,1,0,0,0,0,0,1,0,0,0,0,1,0,0,0
0,0,0,0,0,100,0,0,0,0,0,0,0,0,0,0,100,0,0,0,0,0,0,0,0,12.461,0,87.539,0,0,0,0,0,0,1,0,0,0,0,0,1,0,0,0,0,1,0,0,0
0,0,0,0,3.9931,88.021,0,3.9931,0,3.9931,0,3.9931,0,3.9931,0,0,88.021,3.9931,0,0,0,0,3.9931,0,3.9931,0,0,76.155,11.865,3.9931,0,0,0,0,1,0,0,0,0,0,0.92063,0.079365,0,0.047619,0.079365,0.87302,0,0,0
0,0,0,0,0,100,0,0,0,0,0,0,0,0,0,18.333,81.667,0,0,0,0,0,0,0,0,9.1667,9.1667,81.667,0,0,0,0,0,0,1,0,0,0,0,0,1,0,0,0,0,1,0,0,0
0,0,0,0,0,100,0,0,0,0,0,0,0,0,0,0,100,0,0,0,0,0,0,0,0,0,0,100,0,0,0,0,0,0,1,0,0,0,0,0,1,0,0,0,0,1,0,0,0
0,0,0,0,0,100,0,0,0,0,0,0,0,0,0,0,100,0,0,0,0,0,0,0,0,0,0,100,0,0,0,0,0,0,1,0,0,0,0,0,1,0,0,0,0,1,0,0,0
0,0,0,0,0,100,0,0,0,0,0,0,0,0,0,0,100,0,0,0,0,0,0,0,0,12.909,0,87.091,0,0,0,0,0,0,0.96154,0.038462,0,0,0,0,1,0,0,0,0,1,0,0,0
0,0,0,0,0,100,0,0,0,0,0,0,0,0,0,0,100,0,0,0,0,0,0,0,0,0,0,100,0,0,0,0,0,0,1,0,0,0,0,0,1,0,0,0,0,1,0,0,0
0,0,0,0,0,100,0,0,0,0,0,0,0,0,0,0,100,0,0,0,0,0,0,0,0,0,0,84.432,15.568,0,0,0,0,0,0.018519,0,0.81481,0.16667,0,0,1,0,0,0,0,0.018519,0.98148,0,0
0,0,0,0,0,100,0,0,0,0,0,0,0,0,0,0,100,0,0,0,0,0,0,0,0,0,0,96.522,3.478,0,0,0,0,0,0,0,1,0,0,0,1,0,0,0,0,0,1,0,0
0,0,0,0,0,100,0,0,0,0,0,0,0,0,0,0,100,0,0,0,0,0,0,0,0,0,0,100,0,0,0,0,0,0,1,0,0,0,0,0,1,0,0,0,0,1,0,0,0
0,0,0,0,0,100,0,0,0,0,0,0,0,0,0,0,100,0,0,0,0,0,0,0,0,0,0,100,0,0,0,0,0,0,1,0,0,0,0,0,1,0,0,0,0,1,0,0,0
0,0,0,0,0,100,0,0,0,0,0,0,0,0,0,0,100,0,0,0,0,0,0,0,0,0,0,100,0,0,0,0,0,0,1,0,0,0,0,0,1,0,0,0,0,1,0,0,0
0,0,0,0,0,100,0,0,0,0,0,0,0,0,0,0,100,0,0,0,0,0,0,0,0,0,0,100,0,0,0,0,0,0,1,0,0,0,0,0,1,0,0,0,0,1,0,0,0
0,0,0,0,0,100,0,0,0,0,0,0,0,0,0,0,100,0,0,0,0,0,0,0,0,0,0,100,0,0,0,0,0,0,1,0,0,0,0,0,1,0,0,0,0,1,0,0,0
0,0,0,0,0,100,0,0,0,0,0,0,0,0,0,0,100,0,0,0,0,0,0,0,0,0,0,100,0,0,0,0,0,0,1,0,0,0,0,0,1,0,0,0,0,1,0,0,0
0,0,0,0,0,95.256,4.7441,0,0,0,0,0,0,0,0,0,100,0,0,0,0,0,0,0,0,0,4.7441,78.061,17.195,0,0,0,0,0,0,0.03125,0.625,0.34375,0,0,1,0,0,0,0,0.125,0.875,0,0
0,0,0,0,0,100,0,0,0,0,0,0,0,0,0,0,100,0,0,0,0,0,0,0,0,0,0,93.079,6.9214,0,0,0,0,0,0,0,1,0,0,0,1,0,0,0,0,0,1,0,0
0,0,0,0,0,85.967,14.033,0,0,0,0,0,0,0,0,3.9661,92.068,0,3.9661,0,0,0,0,0,0,0,14.033,59.777,26.189,0,0,0,0,0,0,0,0.77778,0.22222,0,0,1,0,0,0,0,0.095238,0.90476,0,0
0,0,0,0,0,95.966,4.0345,0,0,0,0,0,0,0,0,0,100,0,0,0,0,0,0,0,0,0,4.0345,70.675,25.29,0,0,0,0,0,0,0,1,0,0,0,1,0,0,0,0,0,1,0,0
0,0,0,0,0,100,0,0,0,0,0,0,0,0,0,0,100,0,0,0,0,0,0,0,0,0,0,100,0,0,0,0,0,0,1,0,0,0,0,0,1,0,0,0,0,1,0,0,0
0,0,0,0,0,100,0,0,0,0,0,0,0,0,0,0,100,0,0,0,0,0,0,0,0,0,0,100,0,0,0,0,0,0,1,0,0,0,0,0,1,0,0,0,0,1,0,0,0
0,0,0,0,0,79.046,20.954,0,0,0,0,0,0,0,0,4.8202,80.576,9.6403,4.9634,0,0,0,0,0,0,0,35.557,37.256,27.186,0,0,0,0,0,0,0.013333,0.72,0.26667,0,0,1,0,0,0,0,0.04,0.96,0,0
0,0,0,0,0,94.408,5.5925,0,0,0,0,0,0,0,0,7.4523,74.024,15.459,3.0642,0,0,0,0,0,0,3.3415,14.369,59.401,22.889,0,0,0,0,0,0,0,1,0,0,0,1,0,0,0,0,0,1,0,0
0,0,0,0,0,94.582,5.4184,0,0,0,0,0,0,0,0,9.8218,75.953,8.8069,5.4184,0,0,0,0,0,0,0,14.225,66.131,19.644,0,0,0,0,0,0.97647,0.011765,0.011765,0,0,0,1,0,0,0,0,1,0,0,0
0,0,0,0,0,100,0,0,0,0,0,0,0,0,0,8.4334,60.828,30.739,0,0,0,0,0,0,0,6.9359,16.867,59.33,16.867,0,0,0,0,0,1,0,0,0,0,0,1,0,0,0,0,1,0,0,0
0,0,6.6077,0,0,86.785,0,0,6.6077,0,0,0,0,6.6077,0,0,86.785,0,0,6.6077,0,0,0,6.6077,0,0,0,86.785,0,0,0,6.6077,0,0,1,0,0,0,0,0,1,0,0,0,0,1,0,0,0
0,0,30.154,0,0,58.23,0,0,11.616,0,0,6.1791,0,5.4374,6.1791,6.1791,52.051,6.1791,0,11.616,0,6.1791,0,23.975,0,0,0,52.051,6.1791,0,0,11.616,6.1791,0.055556,0.94444,0,0,0,0,0,1,0,0,0,0,1,0,0,0
8.8947,0,17.544,0,0,44.955,0,0,11.997,16.609,0,17.131,0,8.8947,11.997,3.1024,32.958,3.1024,0,3.1024,0,19.712,0,23.336,0,0,0,32.958,11.997,16.609,0,11.997,3.1024,0,1,0,0,0,0,0,1,0,0,0,0,1,0,0,0
0,0,0,0,0,100,0,0,0,0,0,0,0,0,0,0,100,0,0,0,0,0,0,0,0,0,0,100,0,0,0,0,0,0,1,0,0,0,0,0,1,0,0,0,0,1,0,0,0
0,0,0,0,0,100,0,0,0,0,0,0,0,0,0,0,100,0,0,0,0,0,0,0,0,0,0,100,0,0,0,0,0,0,1,0,0,0,0,0,1,0,0,0,0,1,0,0,0
0,0,0,0,0,100,0,0,0,0,0,0,0,0,0,0,100,0,0,0,0,0,0,0,0,0,0,100,0,0,0,0,0,0,1,0,0,0,0,0,1,0,0,0,0,1,0,0,0
13.86,0,8.9116,0,0,40.595,0,0,22.772,13.86,0,13.86,0,22.772,13.86,0,26.735,0,0,8.9116,0,13.86,0,22.772,0,0,0,26.735,13.86,13.86,0,22.772,0,0.095745,0.90426,0,0,0,0,0,1,0,0,0,0,1,0,0,0
0,0,7.897,20.345,17.735,23.798,10.664,7.3603,4.8408,7.3603,0,7.3603,0,2.5195,4.8408,12.738,36.246,18.024,15.215,0,3.0561,0,28.977,4.8408,14.968,0,0,16.19,7.6076,10.127,17.289,0,0,0,0.95652,0.043478,0,0,0,0,0,1,0,1,0,0,0,0,1
0,0,3.8534,20.325,8.4724,37.542,12.702,11.795,3.7676,1.5415,0,1.5415,10.837,15.896,3.7676,12.406,14.363,7.2572,13.096,15.519,5.3157,0,3.0829,5.1489,14.558,3.6933,7.418,6.7642,28.225,0,15.301,15.809,0,0,0,0,0.011111,0.98889,0.98889,0.011111,0,0,0,0,0,0,0.011111,0.98889,1
0,0,5.6732,21.401,16.785,30.476,9.7945,11.983,2.8316,1.0549,0,1.0549,3.9785,2.2017,2.8316,13.161,39.931,13.143,11.074,0,12.623,0,32.655,2.8316,10.301,0,1.1469,21.229,8.0997,9.8326,11.609,2.2937,0,0,0.81034,0.086207,0,0.10345,0.10345,0.051724,0.034483,0.75862,0.051724,0.7931,0.051724,0.051724,0,0.10345,1
0,0,12.454,21.456,7.1386,44.531,3.6472,10.773,0,0,0,0,16.65,10.122,0,0,36.843,5.9665,17.314,7.1386,5.9665,0,2.9833,0,14.318,1.8236,4.8069,18.981,16.039,0,13.666,27.382,0,0,0,0,0,1,1,0,0,0,0,0,0,0,0,1,1
0,0,7.3053,32.516,23.037,34.342,2.7997,0,0,0,0,0,12.34,3.6526,0,4.0066,37.142,2.7997,19.03,21.028,0,0,2.7997,0,2.7997,0,0,13.077,25.272,6.8063,15.14,34.105,0,0,0.019608,0.039216,0.078431,0.86275,0.86275,0.098039,0.019608,0.019608,0,0.019608,0.019608,0.019608,0.078431,0.86275,1
0,0,8.2783,16.711,22.619,25.698,16.968,9.7249,0,0,0,0,13.005,17.967,0,13.526,15.479,5.0007,16.757,7.0347,11.232,0,2.5004,4.4234,15.738,2.1996,6.1639,8.2783,13.088,0,21.997,25.611,0,0,0,0,0,1,1,0,0,0,0,0,0,0,0,1,1
0,0,3.7155,22.594,37.462,29.329,5.3078,1.5923,0,0,0,0,12.085,8.9421,0,11.596,28.071,0,26.673,12.632,0,0,0,0,6.5656,1.5923,1.5923,10.912,15.567,0,34.135,29.636,0,0,0,0,0,1,1,0,0,0,0,0,0,0,0,1,1
0,0,12.664,12.892,35.54,38.904,0,0,0,0,0,0,12.892,13.634,0,7.302,32.344,0,27.496,6.3319,0,0,0,0,6.5601,0,0,19.224,13.12,0,34.798,26.298,0,0,0,0.023256,0.10465,0.87209,0.84884,0.11628,0.034884,0,0,0,0,0.023256,0.15116,0.82558,1
0,0,8.2975,14.05,40.342,8.2975,25.481,3.5315,0,0,0,0,5.9145,22.579,0,12.06,11.829,0,32.494,5.9145,9.2088,0,0,4.6044,12.74,8.1359,3.5315,8.2975,0,0,32.887,29.804,0,0,0,0,0.042553,0.95745,0.95745,0.042553,0,0,0,0,0,0,0.053191,0.94681,1
0,0,22.655,11.55,20.423,32.234,10.874,2.2636,0,0,0,0,15.633,9.286,0,12.694,34.498,0,18.603,9.286,0,0,0,0,8.6107,2.2636,2.2636,27.445,4.7895,0,15.633,38.995,0,0,0,0,0.025,0.975,0.975,0.025,0,0,0,0,0,0,0.025,0.975,1
0,0,6.5801,29.721,20.73,19.012,1.9777,12.774,4.6024,4.6024,0,4.6024,2.1945,0,4.6024,25.633,37.764,6.5801,8.4735,0,10.15,0,31.482,4.6024,6.7968,0,0,6.1499,16.947,14.451,19.571,0,0,0,0.57812,0.35938,0,0.0625,0.0625,0,0.03125,0.90625,0,0.90625,0.015625,0.015625,0,0.0625,1
0,0,0,0,0,100,0,0,0,0,0,0,0,0,0,36.528,63.472,0,0,0,0,0,0,0,0,5.7506,31.682,62.568,0,0,0,0,0,0,0,0.15385,0.84615,0,0,0,1,0,0,0,0,0.23077,0.76923,0,0
0,0,0,0,0,100,0,0,0,0,0,0,0,0,0,0,100,0,0,0,0,0,0,0,0,0,0,75,25,0,0,0,0,1,0,0,0,0,0,0,1,0,0,0,0,1,0,0,0
0,0,0,0,0,100,0,0,0,0,0,0,0,0,0,5.464,94.536,0,0,0,0,0,0,0,0,0,0,54.097,45.903,0,0,0,0,1,0,0,0,0,0,0,1,0,0,0,0,1,0,0,0
0,0,0,0,0,100,0,0,0,0,0,0,0,0,0,15.13,58.55,26.321,0,0,0,0,0,0,0,0,0,84.87,15.13,0,0,0,0,1,0,0,0,0,0,0,1,0,0,0,0,1,0,0,0
0,0,0,0,0,100,0,0,0,0,0,0,0,0,0,16.08,67.84,16.08,0,0,0,0,0,0,0,0,0,77.503,22.497,0,0,0,0,1,0,0,0,0,0,0,1,0,0,0,0,1,0,0,0
0,0,0,11.574,57.559,23.151,7.7155,0,0,0,0,0,3.8588,0,0,42.128,27.007,7.7155,19.29,0,0,0,7.7155,0,11.574,0,0,3.8588,15.433,49.844,11.574,0,0,0,0.95312,0.015625,0.03125,0,0,0,0.046875,0.95312,0,0.9375,0.015625,0.015625,0.03125,0,1
0,0,0,0,0,100,0,0,0,0,0,0,0,0,0,50.429,49.571,0,0,0,0,0,0,0,0,20.343,20.343,59.313,0,0,0,0,0,0,0,0.069767,0.93023,0,0,0,1,0,0,0,0,0.093023,0.90698,0,0
0,0,0,0,66.667,33.333,0,0,0,0,0,0,0,0,0,33.333,33.333,0,33.333,0,0,0,0,0,0,0,0,0,66.667,33.333,0,0,0,0,0.81579,0.026316,0.15789,0,0,0,0.18421,0.81579,0,0.78947,0.052632,0,0.15789,0,1
0,0,0,10.001,0,67.565,0,0,22.434,0,0,17.436,7.5636,0,0,0,67.565,0,0,0,0,7.4352,0,10.001,0,0,0,67.565,0,0,7.4352,7.4352,7.5636,1,0,0,0,0,0,0,1,0,0,0,0,1,0,0,0
0,0,0,0,0,100,0,0,0,0,0,0,0,0,0,27.318,72.682,0,0,0,0,0,0,0,0,5.3243,21.994,72.682,0,0,0,0,0,0,0.088889,0,0.91111,0,0,0,1,0,0,0,0,0.088889,0.91111,0,0
0,0,0,0,0,84.342,0,15.658,0,0,0,0,0,0,0,17.351,49.64,33.009,0,0,0,0,0,15.658,0,0,0,66.991,17.351,0,0,0,0,1,0,0,0,0,0,0,1,0,0,0,0,1,0,0,0
0,0,0,0,0,57.554,27.338,15.108,0,0,0,0,0,0,0,0,100,0,0,0,0,0,0,15.108,0,27.338,0,57.554,0,0,0,0,0,0.67391,0.32609,0,0,0,0,0,1,0,0,0,0,1,0,0,0
0,0,0,0,0,100,0,0,0,0,0,0,0,0,0,6.3222,93.678,0,0,0,0,0,0,0,0,0,0,100,0,0,0,0,0,0,0.1,0,0.9,0,0,0,1,0,0,0,0,0.1,0.9,0,0
0,0,0,0,0,82.86,0,17.14,0,0,0,0,0,0,0,0,67.613,32.387,0,0,0,0,0,17.14,0,0,0,82.86,0,0,0,0,0,0.90323,0.096774,0,0,0,0,0,1,0,0,0,0,1,0,0,0
0,0,0,0,0,50,30.504,19.496,0,0,0,0,0,8.4627,0,0,72.042,19.496,0,0,0,0,0,19.496,0,30.504,0,50,0,0,0,0,0,0,0.32967,0.67033,0,0,0,0,1,0,0,0,0,1,0,0,0
0,0,0,0,0,68.684,31.316,0,0,0,0,0,0,0,0,0,100,0,0,0,0,0,0,0,0,31.316,0,68.684,0,0,0,0,0,0,0.67925,0.13208,0.15094,0.037736,0,0,1,0,0,0,0,1,0,0,0
0,0,0,0,0,100,0,0,0,0,0,0,0,0,0,0,100,0,0,0,0,0,0,0,0,0,0,66.667,33.333,0,0,0,0,0,0.78,0.2,0,0.02,0,0,1,0,0,0,0,1,0,0,0
0,0,0,0,0,69.551,30.449,0,0,0,0,0,0,0,0,0,100,0,0,0,0,0,0,0,0,30.449,0,56.517,13.034,0,0,0,0,0,0,0.036697,0.42202,0.54128,0,0,1,0,0,0,0,1,0,0,0
0,0,0,0,0,100,0,0,0,0,0,0,0,0,0,8.1178,75.647,16.236,0,0,0,0,0,0,0,0,0,47.681,52.319,0,0,0,0,0,0,0,0.075,0.925,0,0,1,0,0,0,0,1,0,0,0
0,0,0,0,0,100,0,0,0,0,0,0,0,0,0,0,100,0,0,0,0,0,0,0,0,0,0,92.675,7.3254,0,0,0,0,1,0,0,0,0,0,0,1,0,0,0,0,1,0,0,0
0,0,0,0,0,77.003,0,0,22.997,0,0,0,14.732,0,0,0,77.003,0,0,0,5.064,3.2013,0,0,0,0,0,77.003,0,0,0,8.2653,14.732,1,0,0,0,0,0,0,1,0,0,0,0,1,0,0,0
0,0,0,0,0,100,0,0,0,0,0,0,0,0,0,6.0883,93.912,0,0,0,0,0,0,0,0,0,0,93.912,6.0883,0,0,0,0,1,0,0,0,0,0,0,1,0,0,0,0,1,0,0,0
0,0,0,0,0,71.377,0,0,28.623,0,0,0,10.409,0,0,0,71.377,0,0,0,7.8046,10.409,0,0,0,0,0,71.377,0,0,0,18.214,10.409,0.96552,0.022989,0,0,0.011494,0,0,1,0,0,0,0,1,0,0,0
0,0,0,0,0,77.503,0,0,22.497,0,0,0,9.8385,2.8203,0,0,77.503,0,0,0,0,9.8385,0,0,0,0,0,77.503,0,0,0,9.8385,12.659,0,0,0,0.19672,0.80328,0,0,1,0,0,0,0,1,0,0,0
0,0,0,0,0,88.627,0,0,11.373,0,0,0,8.3642,0,0,0,88.627,0,0,0,0,3.0087,0,0,0,0,0,88.627,0,0,0,3.0087,8.3642,0,0,0,0.30769,0.69231,0,0,1,0,0,0,0,1,0,0,0
0,0,0,0,0,73.544,0,0,26.456,0,0,0,10.397,0,0,0,73.544,0,0,0,12.818,3.2414,0,0,0,0,0,73.544,0,0,0,16.059,10.397,0,0,0,0.23077,0.76923,0,0,1,0,0,0,0,1,0,0,0
0,0,0,0,0,81.982,0,0,18.018,0,0,0,4.2066,0,0,0,81.982,0,0,0,9.6048,4.2066,0,0,0,0,0,81.982,0,0,0,13.811,4.2066,0,0,0,0.27119,0.72881,0,0,1,0,0,0,0,1,0,0,0
0,0,0,0,0,100,0,0,0,0,0,0,0,0,0,0,100,0,0,0,0,0,0,0,0,0,0,100,0,0,0,0,0,0,0,0.014493,0.086957,0.89855,0,0,1,0,0,0,0,1,0,0,0
0,0,0,0,0,100,0,0,0,0,0,0,0,0,0,0,100,0,0,0,0,0,0,0,0,0,0,100,0,0,0,0,0,0,0,0,0.19753,0.80247,0,0,1,0,0,0,0,1,0,0,0
0,0,0,0,0,100,0,0,0,0,0,0,0,0,0,0,100,0,0,0,0,0,0,0,0,0,0,100,0,0,0,0,0,0,0,0,0.10169,0.89831,0,0,1,0,0,0,0,1,0,0,0
0,0,0,0,0,100,0,0,0,0,0,0,0,0,0,0,100,0,0,0,0,0,0,0,0,0,0,100,0,0,0,0,0,0,0,0.029412,0.088235,0.88235,0,0,1,0,0,0,0,1,0,0,0
0,0,0,0,0,100,0,0,0,0,0,0,0,0,0,13.189,55.314,31.497,0,0,0,0,0,0,0,0,0,86.811,13.189,0,0,0,0,0.98684,0.013158,0,0,0,0,0,1,0,0,0,0,1,0,0,0
0,0,9.6588,0,0,64.437,9.5557,16.349,0,0,0,9.5557,0,0,0,0,45.119,19.318,9.6588,0,0,16.349,35.563,0,0,0,9.6588,45.119,9.6588,0,0,0,0,0,0.73958,0.0625,0.052083,0.14583,0,0,1,0,0,0,0,1,0,0,0
0,0,0,0,0,60.091,33.333,6.5752,0,0,0,33.333,0,0,0,0,53.516,6.5752,0,0,0,6.5752,39.909,0,0,0,0,53.516,6.5752,0,0,0,0,0,0.5,0,0.5,0,0,0,1,0,0,0,0,1,0,0,0
0,0,16.364,0,0,60.545,8.0736,8.0736,0,0,6.9437,8.0736,0,6.9437,0,5.5548,28.863,26.127,16.364,0,0,8.0736,32.512,0,0,0,6.9437,33.029,20.572,6.9437,0,0,0,0,0.45,0.125,0.3875,0.0375,0,0,1,0,0,0,0,1,0,0,0
0,0,14.98,0,0,47.931,4.1382,32.951,0,0,0,4.1382,0,0,0,0,43.793,4.1382,14.98,0,0,32.951,52.069,0,0,0,0,43.793,4.1382,0,0,0,0,0,0.6,0,0.1,0.3,0,0,1,0,0,0,0,1,0,0,0
0,0,0,0,0,100,0,0,0,0,0,0,0,0,0,0,100,0,0,0,0,0,0,0,0,0,0,100,0,0,0,0,0,0,0,0.021978,0.27473,0.7033,0,0,1,0,0,0,0,1,0,0,0
0,0,0,0,0,100,0,0,0,0,0,0,0,0,0,0,100,0,0,0,0,0,0,0,0,0,0,100,0,0,0,0,0,0,0,0,0.18056,0.81944,0,0,1,0,0,0,0,1,0,0,0
0,0,0,0,0,100,0,0,0,0,0,0,0,0,0,0,100,0,0,0,0,0,0,0,0,0,0,100,0,0,0,0,0,0,0,0.016393,0.34426,0.63934,0,0,1,0,0,0,0,1,0,0,0
0,0,0,0,0,100,0,0,0,0,0,0,0,0,0,0,100,0,0,0,0,0,0,0,0,0,0,100,0,0,0,0,0,0,0,0.027778,0.29167,0.68056,0,0,1,0,0,0,0,1,0,0,0
0,0,0,0,0,100,0,0,0,0,0,0,0,0,0,0,100,0,0,0,0,0,0,0,0,0,0,100,0,0,0,0,0,0,0,0.013514,0.31081,0.67568,0,0,1,0,0,0,0,1,0,0,0
0,0,0,0,0,100,0,0,0,0,0,0,0,0,0,0,100,0,0,0,0,0,0,0,0,0,0,100,0,0,0,0,0,0,0,0,0.15854,0.84146,0,0,1,0,0,0,0,1,0,0,0
0,0,0,0,0,100,0,0,0,0,0,0,0,0,0,0,100,0,0,0,0,0,0,0,0,0,0,100,0,0,0,0,0,0,0,0,0.19737,0.80263,0,0,1,0,0,0,0,1,0,0,0
0,0,0,0,0,100,0,0,0,0,0,0,0,0,0,0,100,0,0,0,0,0,0,0,0,0,0,100,0,0,0,0,0,0,0,0.024691,0.19753,0.77778,0,0,1,0,0,0,0,1,0,0,0
5.0621,3.8098,17.079,5.6771,12.391,39.804,5.1518,1.6153,6.4455,2.9642,0,0,14.288,20.941,3.5276,0,16.084,3.757,14.251,5.5947,12.167,9.3886,9.9084,14.916,6.2564,16.295,2.1417,11.172,0,10.183,14.272,9.0023,5.8532,1,0,0,0,0,0,0,1,0,0,0,0,1,0,0,0
0,0,0,5.1153,2.9202,76.172,0,0,0,0,15.792,2.9202,0,0,5.1153,12.831,74.999,0,0,0,0,4.1345,0,0,0,0,0,72.038,15.792,0,0,7.0547,5.1153,0,0.17241,0.55172,0.22414,0.051724,0,0,1,0,0,0,0,1,0,0,0
0,0,0,0,0,100,0,0,0,0,0,0,0,0,0,0,100,0,0,0,0,0,0,0,0,0,0,94.966,5.0336,0,0,0,0,0,0,0.095238,0.90476,0,0,0,1,0,0,0,0,0.095238,0.90476,0,0
0,0,0,0,0,58.357,12.465,29.178,0,0,0,0,0,12.465,0,33.427,24.93,29.178,0,0,0,0,16.714,12.465,0,12.465,0,58.357,0,0,0,0,0,0.89831,0.10169,0,0,0,0,0,1,0,0,0,0,1,0,0,0
0,0,0,0,0,61.975,19.849,18.176,0,0,0,0,0,8.9939,13.616,8.9939,54.78,13.616,0,0,0,0,0,18.176,0,6.2324,13.616,61.975,0,0,0,0,0,0,0.25,0.75,0,0,0,0,1,0,0,0,0,1,0,0,0
0,0,0,0,0,100,0,0,0,0,0,0,0,0,0,0,100,0,0,0,0,0,0,0,0,0,0,91.044,8.9558,0,0,0,0,0,0,0.046154,0.95385,0,0,0,1,0,0,0,0,0.046154,0.95385,0,0
0,0,0,0,0,73.203,0,26.797,0,0,0,0,0,14.137,0,26.797,35.158,23.909,0,0,0,0,12.66,14.137,0,0,12.66,49.294,11.249,0,0,0,0,0.90566,0.09434,0,0,0,0,0,1,0,0,0,0,1,0,0,0
0,0,0,0,0,65.359,14.485,20.156,0,0,0,0,0,5.6888,4.3982,18.53,34.641,36.742,0,0,0,0,14.467,5.6888,0,10.087,31.054,38.704,0,0,0,0,0,0,0.29333,0.70667,0,0,0,0,1,0,0,0,0,1,0,0,0
0,0,0,0,0,79.566,13.426,7.0076,0,0,0,0,0,7.0076,6.4187,13.574,59.573,13.426,0,0,0,0,0,7.0076,0,7.0076,11.992,68.42,5.573,0,0,0,0,0,0.24658,0.13699,0.53425,0.082192,0,0,1,0,0,0,0,1,0,0,0
0,0,0,0,0,85.196,14.804,0,0,0,0,0,0,0,7.4021,10.661,53.213,28.724,0,0,0,0,0,0,0,7.4021,7.4021,67.598,17.598,0,0,0,0,0,0,0,0.74157,0.25843,0,0,1,0,0,0,0,1,0,0,0
0,0,0,0,0,88.817,11.183,0,0,0,0,0,0,0,5.5917,5.7295,48.236,40.443,0,0,0,0,0,0,0,5.5917,40.443,31.456,22.51,0,0,0,0,0,0,0.055556,0.33333,0.61111,0,0,1,0,0,0,0,1,0,0,0
0,0,4.4781,0,0,86.566,0,0,4.4781,0,4.4781,0,0,0,0,34.224,52.342,0,8.9561,4.4781,0,0,4.4781,0,0,0,5.1009,59.636,21.829,4.4781,0,4.4781,0,0,0,0,0.34444,0.65556,0,0,1,0,0,0,0,1,0,0,0
0,0,6.2517,20.934,13.459,22.778,1.9516,15.807,10.689,8.1305,0,8.1305,4.4371,1.8788,10.689,20.18,33.023,10.082,8.3402,0,3.2395,0,22.813,10.689,14.519,0,0,16.389,6.3887,7.0698,22.132,0,0,0,0.87879,0.090909,0,0.030303,0.030303,0.090909,0.75758,0.060606,0.060606,0.060606,0.12121,0.72727,0.060606,0.030303,0
0,0,0,0,0,95.828,4.1716,0,0,0,0,0,0,0,0,4.1716,64.605,23.561,7.6625,0,0,0,0,0,0,11.78,14.407,53.069,20.744,0,0,0,0,0,0.22222,0.074074,0.7037,0,0,0,1,0,0,0,0,0.44444,0.55556,0,0
0,0,0,0,0,100,0,0,0,0,0,0,0,0,0,0,81.987,18.013,0,0,0,0,0,0,0,9.0067,0,71.719,19.274,0,0,0,0,0,0,0.10526,0.89474,0,0,0,1,0,0,0,0,0.12281,0.87719,0,0
0,0,0,0,0,89.48,0,10.52,0,0,0,0,0,0,0,29.929,50.663,19.408,0,0,0,0,10.52,0,0,0,0,58.549,30.931,0,0,0,0,1,0,0,0,0,0,0,1,0,0,0,0,1,0,0,0
0,0,0,0,0,82.685,4.8,12.515,0,0,0,0,0,0,4.8,17.137,48.365,29.697,0,0,0,0,12.515,0,0,0,34.32,36.16,17.005,0,0,0,0,0.38095,0.59524,0.02381,0,0,0,0,1,0,0,0,0,1,0,0,0
0,0,0,0,0,100,0,0,0,0,0,0,0,0,0,5.603,70.849,23.548,0,0,0,0,0,0,0,6.171,17.377,54.74,21.712,0,0,0,0,0,0.084746,0.084746,0.83051,0,0,0,1,0,0,0,0,0.27119,0.72881,0,0
0,0,16.378,0,0,83.622,0,0,0,0,0,0,0,0,0,21.477,60.865,12.019,0,0,0,5.6392,0,0,0,0,0,41.947,41.676,0,0,5.6392,10.738,1,0,0,0,0,0,0,1,0,0,0,0,1,0,0,0
0,0,0,0,0,100,0,0,0,0,0,0,0,0,0,25,40.13,34.87,0,0,0,0,0,0,0,0,48.247,38.377,13.377,0,0,0,0,0.050847,0.69492,0.15254,0.033898,0.067797,0,0,1,0,0,0,0,1,0,0,0
0,0,9.1297,0,0,72.611,0,0,9.1297,0,9.1297,0,0,0,0,9.1297,63.481,0,18.259,9.1297,0,0,9.1297,0,0,0,0,59.023,13.588,9.1297,0,9.1297,0,0,0.74603,0.15873,0.015873,0.079365,0,0,1,0,0,0,0,1,0,0,0
0,0,3.4537,0,0,96.546,0,0,0,0,0,0,0,0,0,5.8012,74.793,15.952,0,0,0,3.4537,0,0,0,0,0,74.793,21.753,0,0,3.4537,0,1,0,0,0,0,0,0,1,0,0,0,0,1,0,0,0
0,0,0,0,0,100,0,0,0,0,0,0,0,0,0,0,100,0,0,0,0,0,0,0,0,0,0,89.767,10.233,0,0,0,0,1,0,0,0,0,0,0,1,0,0,0,0,1,0,0,0
0,0,0,0,0,70.931,0,0,29.069,0,0,0,0,0,0,29.069,70.931,0,0,0,0,0,0,0,0,0,0,70.931,0,0,0,0,29.069,0.98413,0,0.015873,0,0,0,0,1,0,0,0,0,1,0,0,0
0,0,0,0,4.3356,79.118,0,0,16.546,0,0,0,0,0,0,20.882,79.118,0,0,0,0,0,0,0,0,0,0,79.118,0,0,4.3356,0,16.546,0,0,0.015625,0.23438,0.75,0,0,1,0,0,0,0,1,0,0,0
0,0,0,0,0,91.252,0,0,8.7481,0,0,0,0,0,0,8.7481,91.252,0,0,0,0,0,0,0,0,0,0,91.252,0,0,0,0,8.7481,0,0,0,0.23529,0.76471,0,0,1,0,0,0,0,1,0,0,0
0,0,0,4.5948,0,95.405,0,0,0,0,0,0,0,0,0,0,95.405,4.5948,0,0,0,0,0,0,0,0,0,95.405,0,0,4.5948,0,0,0,0,0,0.072727,0.92727,0,0,1,0,0,0,0,1,0,0,0
0,0,0,0,0,100,0,0,0,0,0,0,0,0,0,0,100,0,0,0,0,0,0,0,0,0,0,100,0,0,0,0,0,0,0,0.125,0.11111,0.76389,0,0,1,0,0,0,0,1,0,0,0
0,0,6.8766,0,17.482,58.16,0,0,0,0,17.482,0,0,8.7408,0,9.3826,16.259,32.518,15.617,17.482,0,0,6.8766,0,0,0,6.8766,35.024,16.259,17.482,8.7408,8.7408,0,0,0.23864,0.11364,0.64773,0,0,0,1,0,0,0,0,1,0,0,0
3.1324,0,6.2727,0,9.3978,62.387,0,0,9.4058,6.2719,3.1324,3.1331,6.2719,0,12.537,9.4058,56.122,0,6.2655,6.2647,0,0,0,9.4058,0,0,6.2655,59.254,0,3.1324,12.544,6.2655,3.1331,0,1,0,0,0,0,0,1,0,0,0,0,1,0,0,0
10.768,0,3.0656,0,25.822,37.588,0,0,7.7021,0,15.054,10.768,0,7.5272,0,7.4632,30.125,0,21.361,22.756,0,0,3.0656,0,0,0,0,37.919,10.437,15.054,15.229,18.295,0,0,0.40506,0.13924,0.41772,0.037975,0,0,1,0,0,0,0,1,0,0,0
0,0,10.752,0,0,70.251,18.997,0,0,0,0,18.997,0,0,0,0,48.747,21.504,10.752,0,0,0,29.749,0,0,0,10.752,48.747,10.752,0,0,0,0,0,1,0,0,0,0,0,1,0,0,0,0,1,0,0,0
15.577,0,8.2682,0,15.577,34.173,0,0,17.106,0,9.2979,15.577,0,4.3997,0,4.8983,24.875,4.3997,28.744,17.106,0,0,8.2682,0,0,0,4.3997,40.951,4.3997,9.2979,12.207,20.476,0,0,1,0,0,0,0,0,1,0,0,0,0,1,0,0,0
35.54,0,2.2588,0,20.266,17.152,0,0,14.893,0,9.8899,35.54,0,3.8155,0,2.2588,14.893,0,20.968,22.524,0,0,25.164,0,0,0,0,29.787,0,9.8899,16.45,18.709,0,0,0.94444,0,0.027778,0.027778,0,0,1,0,0,0,0,1,0,0,0
0,0,0,0,0,100,0,0,0,0,0,0,0,0,0,0,100,0,0,0,0,0,0,0,0,0,0,100,0,0,0,0,0,0,0,0,0.035294,0.96471,0,0,1,0,0,0,0,1,0,0,0
0,0,0,0,0,100,0,0,0,0,0,0,0,0,0,0,100,0,0,0,0,0,0,0,0,0,0,100,0,0,0,0,0,0,0,0.014706,0.30882,0.67647,0,0,1,0,0,0,0,1,0,0,0
0,0,0,0,0,100,0,0,0,0,0,0,0,0,0,0,100,0,0,0,0,0,0,0,0,0,0,100,0,0,0,0,0,0,0,0.032258,0.27419,0.69355,0,0,1,0,0,0,0,1,0,0,0
0,0,0,0,0,100,0,0,0,0,0,0,0,0,0,0,100,0,0,0,0,0,0,0,0,0,0,100,0,0,0,0,0,0,0,0,0.28571,0.71429,0,0,1,0,0,0,0,1,0,0,0
0,0,0,0,0,100,0,0,0,0,0,0,0,0,0,0,100,0,0,0,0,0,0,0,0,0,0,100,0,0,0,0,0,0,0,0,0.28169,0.71831,0,0,1,0,0,0,0,1,0,0,0
0,0,0,0,0,100,0,0,0,0,0,0,0,0,0,0,100,0,0,0,0,0,0,0,0,0,0,100,0,0,0,0,0,0,0,0,0.24138,0.75862,0,0,1,0,0,0,0,1,0,0,0
0,0,0,0,0,100,0,0,0,0,0,0,0,0,0,0,100,0,0,0,0,0,0,0,0,0,0,100,0,0,0,0,0,0,0,0.026667,0.26667,0.70667,0,0,1,0,0,0,0,1,0,0,0
0,0,0,0,0,100,0,0,0,0,0,0,0,0,0,0,100,0,0,0,0,0,0,0,0,0,0,100,0,0,0,0,0,0,0,0,0.17808,0.82192,0,0,1,0,0,0,0,1,0,0,0
0,0,0,0,6.8115,93.189,0,0,0,0,0,0,0,0,0,6.8115,86.377,0,0,0,6.8115,0,0,0,0,0,0,71.696,21.493,6.8115,0,0,0,0,1,0,0,0,0,0,1,0,0,0,0,1,0,0,0
0,0,0,4.6918,4.3492,90.959,0,0,0,0,0,0,0,0,0,9.041,86.61,0,0,0,4.3492,0,0,0,0,0,0,74.111,16.848,4.3492,0,4.6918,0,0,1,0,0,0,0,0,1,0,0,0,0,1,0,0,0
0,0,0,0,0,100,0,0,0,0,0,0,0,0,0,0,100,0,0,0,0,0,0,0,0,0,0,81.562,18.438,0,0,0,0,0,1,0,0,0,0,0,1,0,0,0,0,1,0,0,0
0,0,0,0,0,100,0,0,0,0,0,0,0,0,0,0,100,0,0,0,0,0,0,0,0,0,0,92.769,7.2313,0,0,0,0,0,1,0,0,0,0,0,1,0,0,0,0,1,0,0,0
0,0,0,0,0,100,0,0,0,0,0,0,0,0,0,0,100,0,0,0,0,0,0,0,0,0,0,100,0,0,0,0,0,0,1,0,0,0,0,0,1,0,0,0,0,1,0,0,0
0,0,0,0,0,100,0,0,0,0,0,0,0,0,0,0,100,0,0,0,0,0,0,0,0,0,0,100,0,0,0,0,0,0,1,0,0,0,0,0,1,0,0,0,0,1,0,0,0
0,0,0,0,7.5027,84.995,7.5027,0,0,0,0,7.5027,7.5027,0,0,0,81.151,0,0,0,0,3.844,7.5027,0,0,0,0,81.151,0,0,0,3.844,7.5027,0,1,0,0,0,0,0,1,0,0,0,0,1,0,0,0
0,0,0,0,0,100,0,0,0,0,0,0,0,0,0,0,94.346,0,0,0,0,5.6536,0,0,0,0,0,94.346,0,0,0,5.6536,0,0,1,0,0,0,0,0,1,0,0,0,0,1,0,0,0
0,0,0,0,0,100,0,0,0,0,0,0,0,0,0,0,100,0,0,0,0,0,0,0,0,0,0,100,0,0,0,0,0,0,1,0,0,0,0,0,1,0,0,0,0,1,0,0,0
0,0,0,0,0,80.616,19.384,0,0,0,0,0,3.3889,0,0,3.3889,80.616,0,0,0,9.2169,3.3889,0,0,9.2169,0,6.7777,77.228,0,0,0,3.3889,3.3889,0,1,0,0,0,0,0,1,0,0,0,0,1,0,0,0
0,0,0,0,0,94.721,5.279,0,0,0,0,0,0,0,0,0,90.523,0,0,0,5.279,4.1977,0,0,5.279,0,0,90.523,0,0,0,4.1977,0,0,1,0,0,0,0,0,1,0,0,0,0,1,0,0,0
0,0,0,0,3.5979,48.734,47.668,0,0,0,0,3.5979,10.072,0,0,10.072,52.332,0,0,0,13.853,10.072,3.5979,0,13.853,0,27.34,35.064,0,0,0,10.072,10.072,0,1,0,0,0,0,0,1,0,0,0,0,1,0,0,0
0,0,0,0,5.5805,59.503,34.917,0,0,0,0,5.5805,12.915,0,0,7.334,54.838,0,0,0,7.334,11.999,5.5805,0,7.334,0,14.668,47.504,0,0,0,11.999,12.915,0,1,0,0,0,0,0,1,0,0,0,0,1,0,0,0
0,0,0,0,0,100,0,0,0,0,0,0,0,0,0,0,100,0,0,0,0,0,0,0,0,0,0,100,0,0,0,0,0,0,1,0,0,0,0,0,1,0,0,0,0,1,0,0,0
0,0,0,0,0,100,0,0,0,0,0,0,0,0,0,0,90.721,0,9.2785,0,0,0,0,0,0,0,9.2785,90.721,0,0,0,0,0,0,1,0,0,0,0,0,1,0,0,0,0,1,0,0,0
0,0,0,0,0,100,0,0,0,0,0,0,0,0,0,0,78.222,21.778,0,0,0,0,0,0,0,10.889,10.889,78.222,0,0,0,0,0,0,1,0,0,0,0,0,1,0,0,0,0,1,0,0,0
0,0,0,0,0,100,0,0,0,0,0,0,0,0,0,0,100,0,0,0,0,0,0,0,0,0,0,100,0,0,0,0,0,0,1,0,0,0,0,0,1,0,0,0,0,1,0,0,0
0,0,0,0,0,100,0,0,0,0,0,0,0,0,0,0,100,0,0,0,0,0,0,0,0,0,0,100,0,0,0,0,0,0,1,0,0,0,0,0,1,0,0,0,0,1,0,0,0
4.674,0,9.3982,0,0,81.254,0,0,4.674,0,0,14.072,0,0,0,0,81.254,4.674,0,0,0,0,0,18.746,0,0,0,81.254,0,0,0,0,0,0,1,0,0,0,0,0,1,0,0,0,0,1,0,0,0
6.0342,0,14.902,0,0,63.27,0,0,9.7597,6.0342,0,9.7597,0,6.0342,9.7597,3.7255,53.51,3.7255,0,3.7255,0,9.7597,0,17.211,0,0,0,53.51,9.7597,6.0342,0,9.7597,3.7255,0.012821,0.98718,0,0,0,0,0,1,0,0,0,0,1,0,0,0
0,0,0,0,0,100,0,0,0,0,0,0,0,0,0,0,100,0,0,0,0,0,0,0,0,0,0,100,0,0,0,0,0,0,1,0,0,0,0,0,1,0,0,0,0,1,0,0,0
5.1268,4.471,0,0,0,80.804,0,0,5.1268,4.471,0,5.1268,0,4.471,0,0,80.804,9.5978,0,0,0,0,0,10.254,0,4.471,0,80.804,0,0,4.471,0,0,0,1,0,0,0,0,0,1,0,0,0,0,1,0,0,0
0,0,0,0,0,100,0,0,0,0,0,0,0,0,0,0,100,0,0,0,0,0,0,0,0,0,0,100,0,0,0,0,0,0,1,0,0,0,0,0,1,0,0,0,0,1,0,0,0
0,0,0,0,0,95.708,0,0,0,4.2919,0,0,0,0,0,0,95.708,4.2919,0,0,0,0,0,0,0,0,0,95.708,0,0,0,4.2919,0,0,1,0,0,0,0,0,1,0,0,0,0,1,0,0,0
0,0,0,0,0,93.385,0,0,0,6.6147,0,0,0,0,0,0,93.385,6.6147,0,0,0,0,0,0,0,0,0,93.385,0,0,0,6.6147,0,0,1,0,0,0,0,0,1,0,0,0,0,1,0,0,0
6.1132,22.433,0,0,0,68.169,0,0,0,3.2854,0,0,0,8.2676,3.2854,0,64.883,12.684,2.1544,0,8.7252,0,9.3986,0,13.707,5.4398,0,62.056,0,6.1132,0,3.2854,0,0,1,0,0,0,0,0,1,0,0,0,0,1,0,0,0
0,18.408,0,0,0,78.644,0,0,0,2.9483,0,0,3.6018,5.7003,0,0,78.644,2.9483,2.752,0,6.3537,0,0,0,12.707,5.7003,0,75.042,0,0,6.5501,0,0,0,1,0,0,0,0,0,1,0,0,0,0,1,0,0,0
10.644,25.609,0,0,0,59.982,0,0,0,3.7651,0,0,11.437,5.7148,0,4.5513,57.707,9.48,0,0,11.111,0,0,7.9905,15.343,12.919,0,56.076,0,0,7.6715,0,0,0,1,0,0,0,0,0,1,0,0,0,0,1,0,0,0
6.788,37.8,0,0,0,51.712,0,0,0,3.7003,0,4.3025,2.1211,11.09,10.736,0,36.673,7.635,13.362,0,14.079,0,3.9347,0,34.674,5.9792,0,47.332,0,2.2581,2.1211,3.7003,0,0,0.84932,0.15068,0,0,0,0,1,0,0,0,0,1,0,0,0
3.9394,37.727,0,0,0,51.338,0,0,0,6.9954,0,3.9256,10.615,8.8545,0,0,47.412,6.9954,5.7985,0,16.399,0,0,0,28.873,12.794,0,48.602,0,0,9.7311,0,0,0,0.98305,0.016949,0,0,0,0,1,0,0,0,0,1,0,0,0
5.4764,10.46,0,0,0,78.587,0,0,5.4764,0,0,5.4764,0,0,0,0,89.047,5.4764,0,0,0,0,0,10.953,10.46,0,0,78.587,0,0,0,0,0,0,1,0,0,0,0,0,1,0,0,0,0,1,0,0,0
29.242,14.482,0,0,0,51.398,0,0,0,4.8779,0,0,4.8779,9.6042,4.8779,5.1558,46.242,4.4484,5.1558,15.189,4.4484,0,0,9.3263,5.1558,29.242,0,51.398,0,4.8779,0,0,0,0,1,0,0,0,0,0,1,0,0,0,0,1,0,0,0
6.8871,30.279,0,0,14.439,43.992,2.2014,0,0,2.2014,0,0,4.4029,26.771,12.238,4.4971,16.326,16.641,14.533,4.5914,0,0,0,26.677,5.8032,6.8871,0,27.352,2.2014,16.641,2.2014,12.238,0,0,1,0,0,0,0,0,1,0,0,0,0,1,0,0,0
3.1881,12.248,0,0,15.724,55.741,9.91,0,0,3.1881,0,0,10.204,16.076,7.7181,4.1788,39.666,14.44,4.53,3.1881,0,0,0,22.158,0,3.1881,0,44.196,7.0156,7.7181,4.1788,11.546,0,0.29167,0.5625,0.14583,0,0,0,0,1,0,0,0,0,1,0,0,0
0,0,0,0,9.2345,72.296,9.2345,0,0,9.2345,0,0,18.469,0,0,9.2345,53.827,18.469,0,0,0,0,0,9.2345,0,0,0,53.827,9.2345,18.469,9.2345,0,0,0.066667,0.86667,0.066667,0,0,0,0,1,0,0,0,0,1,0,0,0
6.5642,42.017,0,0,0,47.296,0,0,0,4.1226,0,0,3.2781,14.56,0,22.51,38.531,14.557,1.6417,3.2834,1.639,0,0,20.869,8.2305,19.482,0,47.296,0,0,4.1226,0,0,0,0.94828,0.051724,0,0,0,0,1,0,0,0,0,1,0,0,0
0,0,0,0,0,100,0,0,0,0,0,0,0,0,0,0,100,0,0,0,0,0,0,0,0,0,0,100,0,0,0,0,0,0,1,0,0,0,0,0,1,0,0,0,0,1,0,0,0
0,0,0,0,0,76.928,23.072,0,0,0,0,0,0,0,0,0,76.928,23.072,0,0,0,0,0,23.072,0,0,0,76.928,0,0,0,0,0,0,1,0,0,0,0,0,1,0,0,0,0,1,0,0,0
0,0,0,0,0,100,0,0,0,0,0,0,0,0,0,0,100,0,0,0,0,0,0,0,0,0,0,100,0,0,0,0,0,0,0.94444,0.055556,0,0,0,0,1,0,0,0,0,1,0,0,0
2.68,46.084,0,0,0,37.306,0,0,0,13.93,0,1.6082,0,3.9527,17.662,0,21.253,24.624,6.6326,0,24.268,0,10.694,0,24.495,13.575,0,35.698,0,1.6082,0,13.93,0,0.040816,0.87755,0.081633,0,0,0,0,1,0,0,0,0,1,0,0,0
10.036,37.928,0,0,0,47.605,0,0,0,4.4314,0,1.7893,0,11.825,19.314,0,26.502,11.457,16.672,0,12.441,0,7.0258,0,34.717,6.2207,0,45.011,0,2.5943,0,4.4314,0,0,0.76596,0.23404,0,0,0,0,1,0,0,0,0,1,0,0,0
0,0,0,0,26.251,73.749,0,0,0,0,0,0,0,0,0,0,47.499,26.251,0,0,0,26.251,0,0,0,0,0,47.499,26.251,26.251,0,0,0,0,0.77778,0.22222,0,0,0,0,1,0,0,0,0,0.94444,0.055556,0,0
0,0,0,0,50,50,0,0,0,0,0,0,0,0,0,0,0,50,0,0,0,50,0,0,0,0,0,0,50,50,0,0,0,0.041667,0.70833,0.25,0,0,0,0,1,0,0,0,0,1,0,0,0
0,0,0,0,36.623,63.377,0,0,0,0,0,0,0,0,0,0,31.689,31.689,0,0,0,36.623,0,0,0,0,0,31.689,31.689,36.623,0,0,0,0,1,0,0,0,0,0,1,0,0,0,0,1,0,0,0
2.2833,8.6224,4.0558,0,0,57.72,8.2266,0,15.036,0,4.0558,4.0558,9.6033,0,16.338,6.3391,47.721,0,0,12.282,0,3.66,2.2833,4.0558,6.3391,12.282,2.2833,47.721,3.66,0,9.6033,11.772,0,0.027027,0.86486,0.10811,0,0,0,0,1,0,0,0,0,0.91892,0.081081,0,0
0,0,0,0,0,100,0,0,0,0,0,0,0,0,0,0,100,0,0,0,0,0,0,0,0,0,0,100,0,0,0,0,0,0,1,0,0,0,0,0,1,0,0,0,0,1,0,0,0
0,0,0,0,0,100,0,0,0,0,0,0,0,0,0,0,84.589,15.411,0,0,0,0,0,0,0,0,0,84.589,15.411,0,0,0,0,0,0.92857,0.071429,0,0,0,0,1,0,0,0,0,1,0,0,0
0,0,0,0,2.5985,56.025,41.376,0,0,0,0,2.5985,8.1629,0,0,22.085,56.025,0,0,0,5.5644,5.5644,2.5985,0,5.5644,0,31.723,46.386,0,0,0,5.5644,8.1629,0.3913,0.6087,0,0,0,0,0,1,0,0,0,0,1,0,0,0
0,0,0,0,14.45,58.227,27.323,0,0,0,0,14.45,3.2184,0,0,3.2184,72.677,0,0,0,3.2184,3.2184,14.45,0,3.2184,0,44.039,31.856,0,0,0,3.2184,3.2184,0.8125,0.1875,0,0,0,0,0,1,0,0,0,0,1,0,0,0
0,0,0,0,5.685,74.746,19.569,0,0,0,0,5.685,0,0,0,13.884,80.431,0,0,0,0,0,5.685,0,0,0,25.254,69.061,0,0,0,0,0,0.86957,0.13043,0,0,0,0,0,1,0,0,0,0,1,0,0,0
0,0,0,0,0,100,0,0,0,0,0,0,0,0,0,0,100,0,0,0,0,0,0,0,0,0,33.333,66.667,0,0,0,0,0,1,0,0,0,0,0,0,1,0,0,0,0,1,0,0,0
0,0,0,0,0,100,0,0,0,0,0,0,0,0,0,0,78.261,21.739,0,0,0,0,0,0,0,0,0,100,0,0,0,0,0,0,0.12121,0.12121,0.12121,0.63636,0,0,1,0,0,0,0,1,0,0,0
0,0,0,0,15.397,60.489,24.114,0,0,0,0,15.397,8.7243,0,0,4.4128,65.57,0,0,0,4.3034,1.5916,15.397,0,4.3034,0,17.759,52.224,0,0,0,1.5916,8.7243,0.037736,0.75472,0.20755,0,0,0,0,1,0,0,0,0,1,0,0,0
8.0621,0,17.881,0,0,58.397,0,0,10.675,4.9854,0,12.975,0,7.5979,4.9854,14.904,43.056,5.9801,0,2.6125,0,7.8888,0,18.665,0,0,0,35.604,22.792,4.9854,0,10.501,7.4518,0.85714,0.14286,0,0,0,0,0,1,0,0,0,0,1,0,0,0
4.4301,0,24.386,0,0,46.681,0,0,15.521,8.9823,0,8.862,0,6.6586,4.4319,4.4319,42.249,8.862,0,11.091,0,13.414,0,28.815,0,0,0,42.249,4.4319,8.9823,0,11.091,4.4319,1,0,0,0,0,0,0,1,0,0,0,0,1,0,0,0
3.0259,51.716,0,0,0,41.21,0,0,0,4.0486,0,8.276,0,8.9767,9.2566,0,34.093,11.123,5.9507,0,22.324,0,7.0745,0,32.46,15.207,0,32.976,0,8.234,0,4.0486,0,0.2069,0.75862,0.034483,0,0,0,0,1,0,0,0,0,1,0,0,0
3.8645,39.591,0,0,0,53.339,0,0,0,3.2053,0,1.9246,9.5911,9.5863,0,5.0483,48.891,7.6617,1.9246,0,15.373,0,0,6.9805,24.956,11.519,0,43.748,0,0,12.796,0,0,0.51282,0.4359,0.051282,0,0,0,0,1,0,0,0,0,1,0,0,0
5.6589,41.685,0,0,0,50.995,0,0,0,1.661,0,1.6319,10.706,7.5659,9.6276,0,42.999,1.661,11.564,0,14.245,0,0,0,40.483,6.861,0,41.979,0,1.6319,9.0448,0,0,0.33333,0.66667,0,0,0,0,0,1,0,0,0,0,1,0,0,0
5.4636,34.71,0,0,0,54.362,0,0,0,5.4636,0,4.4125,13.994,4.4125,0,0,49.95,5.4636,4.4125,0,17.355,0,0,0,30.298,9.8761,0,51.296,0,0,8.5302,0,0,0,0.21,0.79,0,0,0,0,1,0,0,0,0,0.63,0.37,0,0
0,36.971,7.7509,0,0,55.278,0,0,0,0,0,0,10.555,11.806,0,4.055,47.168,4.055,0,0,0,22.361,0,22.361,3.5581,18.803,0,55.278,0,0,0,0,0,0.76471,0.17647,0.058824,0,0,0,0,1,0,0,0,0,0.98039,0.019608,0,0
0,23.224,25.139,0,0,51.638,0,0,0,0,0,0,6.1573,10.909,0,14.23,34.526,2.882,0,0,25.139,6.1573,0,17.066,25.139,6.1573,0,51.638,0,0,0,0,0,0.61905,0.33333,0.047619,0,0,0,0,1,0,0,0,0,0.97619,0.02381,0,0
0,31.601,3.5223,0,0,64.877,0,0,0,0,0,0,9.7725,7.789,0,4.2668,46.571,14.039,0,0,3.5223,14.039,0,17.561,3.5223,14.039,0,64.877,0,0,0,0,0,0,0.18571,0.81429,0,0,0,0,1,0,0,0,0,0.78571,0.21429,0,0
0,0,6.6757,0,0,93.324,0,0,0,0,0,0,0,0,0,0,86.649,6.6757,0,0,0,6.6757,0,0,0,0,0,79.138,14.187,0,0,6.6757,0,0.88679,0.056604,0.056604,0,0,0,0,1,0,0,0,0,1,0,0,0
0,0,0,0,0,89.624,0,0,10.376,0,0,0,0,0,0,10.376,89.624,0,0,0,0,0,0,0,0,0,0,89.624,0,0,0,0,10.376,0.96875,0.015625,0.015625,0,0,0,0,1,0,0,0,0,1,0,0,0
14.143,33.539,0,0,2.9927,40.534,0,0,4.9165,3.8738,0,0,3.8738,16.856,6.8666,6.554,37.528,8.9463,2.9927,13.707,2.6766,0,0,24.006,6.2559,17.42,0,37.541,0,6.8666,0,7.9092,0,0.2619,0.71429,0.02381,0,0,0,0,1,0,0,0,0,1,0,0,0
22.868,19.325,0,0,5.3413,28.664,3.1239,0,5.3322,15.346,0,0,20.687,9.3208,12.222,4.8952,18.428,6.2479,1.7712,26.429,0,0,0,20.678,1.7712,22.868,0,20.199,5.3413,18.47,3.1239,7.5495,0,0.60526,0.28947,0.10526,0,0,0,0,1,0,0,0,0,1,0,0,0
0,0,0,0,12.574,72.105,5.1151,0,5.0901,5.1151,0,0,17.69,7.4594,0,10.205,54.416,10.23,0,0,0,0,0,5.1151,0,0,0,54.416,12.574,10.23,5.1151,7.4594,5.0901,0,0,0.015873,0.31746,0.66667,0,0,1,0,0,0,0,1,0,0,0
0,0,0,3.3094,10.776,81.317,0,0,4.5974,0,0,0,0,0,0,9.3798,81.317,3.3094,0,0,5.9933,0,0,0,5.9933,0,0,81.317,0,0,8.0918,0,4.5974,0,0,0,0.083333,0.91667,0,0,1,0,0,0,0,1,0,0,0
0,6.863,0,0,22.27,55.893,7.487,0,0,7.487,0,0,14.974,6.863,3.4315,13.991,34.056,18.406,3.4315,0,4.8484,0,0,14.35,4.8484,0,0,37.487,7.487,18.406,13.991,3.4315,0,0,1,0,0,0,0,0,1,0,0,0,0,1,0,0,0
0,0,0,5.4981,10.421,78.582,5.4981,0,0,0,0,0,10.421,4.9234,0,0,79.157,0,0,0,5.4981,0,0,0,5.4981,0,0,73.659,4.9234,0,5.4981,10.421,0,0.02439,0.87805,0.085366,0.012195,0,0,0,1,0,0,0,0,1,0,0,0
0,31.663,16.224,0,0,52.113,0,0,0,0,0,0,2.7745,16.224,7.0578,0,49.338,2.7745,0,0,0,21.831,0,26.056,2.832,18.999,0,52.113,0,0,0,0,0,0.44681,0.55319,0,0,0,0,0,1,0,0,0,0,1,0,0,0
0,14.671,0,0,0,71.833,0,0,13.497,0,0,0,0,9.3686,7.3353,0,71.833,0,0,0,0,11.463,0,7.3353,7.3353,0,0,71.833,0,0,4.128,9.3686,0,0,0.87379,0.12621,0,0,0,0,1,0,0,0,0,1,0,0,0
0,0,0,5.6131,5.6131,78.663,10.111,0,0,0,0,0,10.111,0,0,0,79.778,4.4977,0,0,5.6131,0,0,0,5.6131,0,0,78.663,0,0,5.6131,10.111,0,0,0,0.035294,0.10588,0.85882,0,0,1,0,0,0,0,1,0,0,0
0,0,0,5.0307,0,94.969,0,0,0,0,0,0,0,0,0,0,94.969,5.0307,0,0,0,0,0,0,0,0,0,94.969,0,0,5.0307,0,0,0,0,0.011494,0.068966,0.91954,0,0,1,0,0,0,0,1,0,0,0
0,0,0,14.023,10.282,60.858,10.282,0,4.5555,0,0,0,10.282,4.5555,0,0,71.14,3.741,0,0,10.282,0,0,0,10.282,0,0,60.858,0,0,14.023,14.837,0,0,0.13636,0.12121,0.30303,0.43939,0,0,1,0,0,0,0,1,0,0,0
0,0,0,0,0,93.132,6.8681,0,0,0,0,0,6.8681,0,0,0,86.264,6.8681,0,0,0,0,0,0,0,0,0,93.132,0,0,0,6.8681,0,0,0,0.010417,0.25,0.73958,0,0,1,0,0,0,0,1,0,0,0
27.378,35.356,0,0,0,33.698,0,0,0,3.5678,0,0,4.0371,13.281,0,19.933,31.803,13.405,1.895,3.79,11.856,0,0,27.875,5.9321,28.927,0,33.698,0,0,3.5678,0,0,0.27027,0.72973,0,0,0,0,0,1,0,0,0,0,1,0,0,0
11.984,18.635,0,0,7.3204,52.202,0,0,9.8574,0,0,0,0,18.635,7.3204,13.852,13.852,17.178,11.315,17.847,0,0,0,14.641,3.9948,11.984,0,25.167,19.715,7.3204,0,17.178,0,0,0.82313,0.17687,0,0,0,0,1,0,0,0,0,1,0,0,0
0,60,0,0,0,40,0,0,0,0,0,0,0,20,0,40,20,20,0,0,0,0,0,40,0,20,0,40,0,0,0,0,0,0,1,0,0,0,0,0,1,0,0,0,0,1,0,0,0
0,0,0,0,20,60,0,0,20,0,0,0,0,0,20,0,0,60,20,0,0,0,0,0,0,0,0,40,20,20,0,0,20,0,0.96479,0.035211,0,0,0,0,1,0,0,0,0,1,0,0,0
11.251,11.251,0,0,8.0128,54.814,0,0,14.671,0,0,0,0,11.251,3.4203,4.5925,39.961,14.853,3.4203,22.502,0,0,0,11.251,0,11.251,0,36.543,18.271,8.0128,0,11.251,3.4203,0,1,0,0,0,0,0,1,0,0,0,0,1,0,0,0
0,0,0,0,7.0374,86.05,0,0,6.913,0,0,0,0,0,0,13.95,65.186,13.95,0,6.913,0,0,0,0,0,0,0,65.186,20.863,7.0374,0,6.913,0,0.016949,0.98305,0,0,0,0,0,1,0,0,0,0,1,0,0,0
0,0,0,0,18.519,52.663,0,0,25.687,3.1307,0,0,0,3.1307,8.0124,10.585,30.856,33.063,11.143,3.2091,0,0,0,0,0,0,0,30.856,21.807,10.507,8.0124,6.3398,22.478,0,1,0,0,0,0,0,1,0,0,0,0,1,0,0,0
0,0,0,0,12.327,76.705,0,0,10.968,0,0,0,0,0,12.327,4.0446,42.442,24.816,12.327,4.0446,0,0,0,0,0,0,0,47.092,29.613,6.9237,5.4029,4.0446,6.9237,0,0.97143,0.028571,0,0,0,0,1,0,0,0,0,1,0,0,0
0,26.05,14.707,0,0,59.243,0,0,0,0,0,0,2.9636,14.707,2.7076,0,56.279,2.9636,0,0,0,20.379,0,20.379,17.415,2.9636,0,59.243,0,0,0,0,0,0,1,0,0,0,0,0,1,0,0,0,0,1,0,0,0
0,20.188,7.8132,0,0,56.187,0,0,15.811,0,0,0,0,15.719,12.375,0,56.187,0,0,0,0,15.719,0,20.188,3.8027,4.0106,0,56.187,0,0,7.9057,7.9057,0,0,0.82353,0.17647,0,0,0,0,1,0,0,0,0,1,0,0,0
0,16.499,7.5725,0,0,75.928,0,0,0,0,0,0,4.4634,7.5725,0,0,75.928,0,0,0,0,12.036,0,12.036,0,12.036,0,75.928,0,0,0,0,0,0,0.95775,0.042254,0,0,0,0,1,0,0,0,0,1,0,0,0
0,0,0,0,0,83.59,0,0,16.41,0,0,0,0,8.205,0,0,83.59,0,0,0,0,8.205,0,0,0,0,0,83.59,0,0,8.205,8.205,0,0,0.98333,0.016667,0,0,0,0,1,0,0,0,0,1,0,0,0
0,0,0,0,0,69.315,4.0155,0,26.67,0,0,0,4.0155,10.786,0,0,65.299,4.0155,0,0,0,15.884,0,0,0,0,0,69.315,0,0,15.884,14.801,0,0,0.21176,0.023529,0.17647,0.58824,0,0,1,0,0,0,0,1,0,0,0
0,0,0,0,0,93.191,0,0,6.8088,0,0,0,0,6.8088,0,0,93.191,0,0,0,0,0,0,0,0,0,0,93.191,0,0,0,6.8088,0,0,0,0,0.20482,0.79518,0,0,1,0,0,0,0,1,0,0,0
0,0,0,0,0,82.858,0,0,17.142,0,0,0,0,11.563,0,0,82.858,0,0,0,0,5.5784,0,0,0,0,0,82.858,0,0,5.5784,11.563,0,0,0.22078,0.012987,0.32468,0.44156,0,0,1,0,0,0,0,1,0,0,0
0,0,0,0,0,91.534,0,0,8.4657,0,0,0,0,0,0,0,91.534,0,0,0,0,8.4657,0,0,0,0,0,91.534,0,0,8.4657,0,0,0,0,0,0.11494,0.88506,0,0,1,0,0,0,0,1,0,0,0
0,0,0,0,0,100,0,0,0,0,0,0,0,0,0,0,100,0,0,0,0,0,0,0,0,0,0,100,0,0,0,0,0,0,0,0,0.23711,0.76289,0,0,1,0,0,0,0,1,0,0,0
0,0,0,0,0,100,0,0,0,0,0,0,0,0,0,0,100,0,0,0,0,0,0,0,0,0,0,100,0,0,0,0,0,0,0,0.042105,0.11579,0.84211,0,0,1,0,0,0,0,1,0,0,0
0,0,0,0,0,100,0,0,0,0,0,0,0,0,0,0,100,0,0,0,0,0,0,0,0,0,0,100,0,0,0,0,0,0,0,0,0.086957,0.91304,0,0,1,0,0,0,0,1,0,0,0
0,0,0,0,0,100,0,0,0,0,0,0,0,0,0,0,100,0,0,0,0,0,0,0,0,0,0,100,0,0,0,0,0,0,0,0.11905,0.15476,0.72619,0,0,1,0,0,0,0,1,0,0,0
0,0,0,0,0,100,0,0,0,0,0,0,0,0,0,0,100,0,0,0,0,0,0,0,0,0,0,100,0,0,0,0,0,0,0,0,0.049383,0.95062,0,0,1,0,0,0,0,1,0,0,0
0,0,0,0,0,100,0,0,0,0,0,0,0,0,0,0,100,0,0,0,0,0,0,0,0,0,0,100,0,0,0,0,0,0,0,0.083333,0.17857,0.7381,0,0,1,0,0,0,0,1,0,0,0
0,0,0,0,0,100,0,0,0,0,0,0,0,0,0,0,100,0,0,0,0,0,0,0,0,0,0,100,0,0,0,0,0,0,0,0.028169,0.25352,0.71831,0,0,1,0,0,0,0,1,0,0,0
0,0,0,0,0,100,0,0,0,0,0,0,0,0,0,0,100,0,0,0,0,0,0,0,0,0,0,100,0,0,0,0,0,0,0,0.17105,0.15789,0.67105,0,0,1,0,0,0,0,1,0,0,0
14.216,28.813,0,0,0,55.239,0,0,0,1.7316,0,2.7348,0,15.157,9.8745,0,48.099,12.378,8.0805,0,3.6757,0,10.647,0,28.707,3.6757,0,41.857,0,13.381,0,1.7316,0,0.625,0.34375,0.03125,0,0,0,0,1,0,0,0,0,1,0,0,0
0,0,0,0,0,100,0,0,0,0,0,0,0,0,0,0,100,0,0,0,0,0,0,0,0,0,0,100,0,0,0,0,0,0,0,0,0,1,0,0,1,0,0,0,0,1,0,0,0
0,14.766,0,0,0,85.234,0,0,0,0,0,0,7.3832,0,0,0,85.234,0,0,0,7.3832,0,0,0,14.766,0,0,77.85,0,0,7.3832,0,0,0,0.51852,0.48148,0,0,0,0,1,0,0,0,0,0.85185,0.14815,0,0
0,21.097,0,0,0,78.903,0,0,0,0,0,7.0324,0,0,7.0324,0,78.903,0,0,0,7.0324,0,0,0,14.065,7.0324,0,71.87,0,7.0324,0,0,0,0.037037,0.88889,0.074074,0,0,0,0,1,0,0,0,0,0.98148,0.018519,0,0
0,0,0,0,0,100,0,0,0,0,0,0,0,0,0,0,100,0,0,0,0,0,0,0,0,0,0,100,0,0,0,0,0,0,0.97015,0.029851,0,0,0,0,1,0,0,0,0,1,0,0,0
0,27.586,13.944,0,0,58.47,0,0,0,0,0,0,2.7397,11.053,0,24.997,22.42,11.053,0,0,13.944,13.793,0,13.793,13.944,13.793,0,58.47,0,0,0,0,0,0,0.92857,0.071429,0,0,0,0,1,0,0,0,0,0.98214,0.017857,0,0
0,20.691,7.6745,0,0,71.635,0,0,0,0,0,0,6.5081,7.6745,0,0,71.635,0,0,0,7.6745,6.5081,0,14.183,7.6745,6.5081,0,71.635,0,0,0,0,0,0,0.33333,0.66667,0,0,0,0,1,0,0,0,0,0.75,0.25,0,0
0,0,0,0,0,100,0,0,0,0,0,0,0,0,0,0,100,0,0,0,0,0,0,0,0,0,0,100,0,0,0,0,0,0,0.87037,0.12963,0,0,0,0,1,0,0,0,0,0.97222,0.027778,0,0
0,0,0,0,23.563,40,0,0,21.809,14.627,0,0,10.905,9.0953,14.468,0,36.437,0,18.191,0,10.905,0,0,0,0,0,0,30.905,9.0953,14.468,14.627,25.373,5.532,0,0.7563,0.2437,0,0,0,0,1,0,0,0,0,1,0,0,0
0,0,0,0,0,100,0,0,0,0,0,0,0,0,0,0,100,0,0,0,0,0,0,0,0,0,0,100,0,0,0,0,0,0.012821,0.98718,0,0,0,0,0,1,0,0,0,0,1,0,0,0
0,0,0,0,3.5088,50.961,0,0,19.179,21.178,5.173,5.173,3.5088,16.082,3.5088,0,45.711,0,11.292,0,14.724,0,0,0,0,0,0,33.549,22.585,3.5088,5.173,29.065,6.1193,0,0.81905,0.18095,0,0,0,0,1,0,0,0,0,1,0,0,0
0,0,0,0,15.341,57.026,0,0,16.389,11.244,0,0,2.037,14.708,9.5409,0,44.022,0,24.249,0,5.4439,0,0,0,0,0,0,29.67,27.356,5.8002,11.578,14.651,10.945,0.02439,0.97561,0,0,0,0,0,1,0,0,0,0,1,0,0,0
0,0,0,0,27.684,51.406,0,0,14.241,6.6695,0,0,4.9688,6.6695,15.941,5.0735,26.754,17.982,17.642,0,4.9688,0,0,0,0,0,0,35.36,16.046,21.015,6.6695,16.607,4.3028,0,1,0,0,0,0,0,1,0,0,0,0,1,0,0,0
0,0,0,0,0,63.444,0,0,17.539,9.9644,9.0529,9.0529,4.0169,15.452,0,0,57.956,0,9.505,0,4.0169,0,0,0,0,0,0,44.434,28.063,0,4.0169,9.9644,13.522,0,1,0,0,0,0,0,1,0,0,0,0,1,0,0,0
0,0,0,0,0,100,0,0,0,0,0,0,0,0,0,0,100,0,0,0,0,0,0,0,0,0,0,100,0,0,0,0,0,0,0.85246,0.14754,0,0,0,0,1,0,0,0,0,0.96721,0.032787,0,0
0,0,0,0,0,100,0,0,0,0,0,0,0,0,0,0,100,0,0,0,0,0,0,0,0,0,0,100,0,0,0,0,0,0,0.91667,0.083333,0,0,0,0,1,0,0,0,0,1,0,0,0
0,0,0,0,0,100,0,0,0,0,0,0,0,0,0,0,100,0,0,0,0,0,0,0,0,0,0,100,0,0,0,0,0,0,1,0,0,0,0,0,1,0,0,0,0,1,0,0,0
0,0,0,0,0,100,0,0,0,0,0,0,0,0,0,0,100,0,0,0,0,0,0,0,0,0,0,100,0,0,0,0,0,0,0.88679,0.11321,0,0,0,0,1,0,0,0,0,1,0,0,0
0,0,0,0,0,91.997,0,0,8.0034,0,0,0,0,0,0,0,91.997,0,0,0,0,8.0034,0,0,0,0,0,91.997,0,0,8.0034,0,0,0,0.18987,0.075949,0.22785,0.50633,0,0,1,0,0,0,0,1,0,0,0
0,0,0,0,0,100,0,0,0,0,0,0,0,0,0,0,100,0,0,0,0,0,0,0,0,0,0,100,0,0,0,0,0,0,0,0,0.089744,0.91026,0,0,1,0,0,0,0,1,0,0,0
0,0,0,0,0,100,0,0,0,0,0,0,0,0,0,0,100,0,0,0,0,0,0,0,0,0,0,81.084,18.916,0,0,0,0,0,0.14035,0.17544,0.19298,0.49123,0,0,1,0,0,0,0,1,0,0,0
0,0,0,0,0,100,0,0,0,0,0,0,0,0,0,0,100,0,0,0,0,0,0,0,0,0,0,89.37,10.63,0,0,0,0,0,0,0,0.09375,0.90625,0,0,1,0,0,0,0,1,0,0,0
0,0,0,0,0,90.021,0,0,0,9.9786,0,0,0,9.9786,0,0,90.021,0,0,0,0,0,0,0,0,0,0,90.021,0,0,0,9.9786,0,0,0.92958,0.070423,0,0,0,0,1,0,0,0,0,1,0,0,0
0,0,0,0,0,51.388,0,0,7.9586,16.705,23.949,23.949,3.9793,6.3627,0,0,49.005,0,6.3627,0,10.342,0,0,0,0,0,0,45.025,30.311,0,10.342,10.342,3.9793,0,0.78571,0.21429,0,0,0,0,1,0,0,0,0,0.98571,0.014286,0,0
0,0,0,0,0,57.243,0,0,0,33.879,8.8786,8.8786,0,25,0,0,48.364,0,8.8786,0,8.8786,0,0,0,0,0,0,48.364,17.757,0,8.8786,25,0,0,0.91489,0.085106,0,0,0,0,1,0,0,0,0,0.93617,0.06383,0,0
0,0,0,0,0,100,0,0,0,0,0,0,0,0,0,0,100,0,0,0,0,0,0,0,0,0,0,73.421,26.579,0,0,0,0,0,0,0.052632,0.14035,0.80702,0,0,1,0,0,0,0,1,0,0,0
0,0,0,0,0,100,0,0,0,0,0,0,0,0,0,0,100,0,0,0,0,0,0,0,0,0,0,100,0,0,0,0,0,0,0,0,0.26923,0.73077,0,0,1,0,0,0,0,1,0,0,0
0,0,0,0,0,100,0,0,0,0,0,0,0,0,0,0,100,0,0,0,0,0,0,0,0,0,0,100,0,0,0,0,0,0,0,0.013514,0.32432,0.66216,0,0,1,0,0,0,0,1,0,0,0
0,0,0,0,0,100,0,0,0,0,0,0,0,0,0,0,100,0,0,0,0,0,0,0,0,0,0,100,0,0,0,0,0,0,0,0.015152,0.28788,0.69697,0,0,1,0,0,0,0,1,0,0,0
0,0,0,0,0,100,0,0,0,0,0,0,0,0,0,0,100,0,0,0,0,0,0,0,0,0,0,100,0,0,0,0,0,0,0,0.08,0.16,0.76,0,0,1,0,0,0,0,1,0,0,0
0,0,0,0,0,100,0,0,0,0,0,0,0,0,0,0,100,0,0,0,0,0,0,0,0,0,0,100,0,0,0,0,0,0,0,0,0.032258,0.96774,0,0,1,0,0,0,0,1,0,0,0
66.667,0,0,0,0,33.333,0,0,0,0,0,66.667,0,0,0,0,33.333,0,0,0,0,0,0,0,0,0,0,33.333,66.667,0,0,0,0,1,0,0,0,0,0,0,1,0,0,0,0,1,0,0,0
66.667,0,0,0,0,33.333,0,0,0,0,0,66.667,0,0,0,0,33.333,0,0,0,0,0,0,0,0,0,0,33.333,66.667,0,0,0,0,1,0,0,0,0,0,0,1,0,0,0,0,1,0,0,0
0,0,0,0,0,100,0,0,0,0,0,0,0,0,0,7.7698,92.23,0,0,0,0,0,0,0,0,0,0,100,0,0,0,0,0,0,0,0,1,0,0,0,1,0,0,0,0,0,1,0,0
0,0,0,0,0,100,0,0,0,0,0,0,0,0,0,0,100,0,0,0,0,0,0,0,0,0,0,100,0,0,0,0,0,0,0,0,0.03125,0.96875,0,0,1,0,0,0,0,1,0,0,0
0,0,0,0,0,100,0,0,0,0,0,0,0,0,0,0,100,0,0,0,0,0,0,0,0,0,0,100,0,0,0,0,0,0,0,0,0,1,0,0,1,0,0,0,0,1,0,0,0
0,0,0,0,0,100,0,0,0,0,0,0,0,0,0,0,100,0,0,0,0,0,0,0,0,0,0,100,0,0,0,0,0,0,0.055556,0.11111,0.055556,0.77778,0,0,1,0,0,0,0,1,0,0,0
0,0,0,0,0,100,0,0,0,0,0,0,0,0,0,0,100,0,0,0,0,0,0,0,0,0,0,100,0,0,0,0,0,0,0,0,0,1,0,0,1,0,0,0,0,1,0,0,0
0,0,0,0,0,100,0,0,0,0,0,0,0,0,0,0,100,0,0,0,0,0,0,0,0,0,0,100,0,0,0,0,0,0,0,0,0.027027,0.97297,0,0,1,0,0,0,0,1,0,0,0
0,0,0,0,0,100,0,0,0,0,0,0,0,0,0,0,100,0,0,0,0,0,0,0,0,0,0,100,0,0,0,0,0,0,1,0,0,0,0,0,1,0,0,0,0,1,0,0,0
0,0,7.5725,20.156,3.3053,12.391,8.0399,25.666,22.87,0,0,1.8647,6.1954,1.3771,1.9282,0,49.253,10.994,12.205,0,2.7542,13.43,12.371,28.683,8.5274,6.6628,1.3771,9.6367,0,3.3053,3.3053,19.097,7.0346,0.93333,0.066667,0,0,0,0,0,0.93333,0.022222,0.044444,0.044444,0.022222,0.93333,0,0,1
0,0,5.2391,0,0,85.825,0,0,0,0,8.9356,0,0,8.9356,0,9.9467,56.465,19.414,5.2391,0,0,0,5.2391,0,0,0,14.175,50.01,21.64,8.9356,0,0,0,0,0,0,0.34426,0.65574,0,0,1,0,0,0,0,1,0,0,0
25,0,16.67,0,25,25,0,0,8.33,0,0,25,0,0,0,0,25,0,41.67,8.33,0,0,16.67,0,0,0,0,50,0,0,8.33,25,0,0,0,0,0,1,0,0,1,0,0,0,0,1,0,0,0
16.534,0,12.571,0,27.655,16.468,0,0,3.8964,0,22.876,16.534,0,9.49,0,3.8964,12.571,0,34.632,22.876,0,0,20.43,0,0,0,0,25.142,0,22.876,9.49,22.061,0,0,0.95652,0,0.021739,0.021739,0,0,1,0,0,0,0,1,0,0,0
0,0,27.805,0,0,66.858,0,0,5.3367,0,0,5.3367,0,0,5.3367,14.259,37.219,20.717,0,5.3367,0,11.795,0,16.01,0,0,0,37.219,29.639,0,0,11.795,5.3367,0.83871,0.16129,0,0,0,0,0,1,0,0,0,0,1,0,0,0
0,0,19.216,0,0,78.08,0,0,2.7041,0,0,2.7041,0,0,2.7041,25.596,54.79,8.7974,0,2.7041,0,2.7041,0,8.1124,0,0,0,41.129,36.951,0,0,2.7041,11.103,0.84444,0.15556,0,0,0,0,0,1,0,0,0,0,1,0,0,0
0,0,0,0,0,100,0,0,0,0,0,0,0,0,0,0,100,0,0,0,0,0,0,0,0,0,0,100,0,0,0,0,0,0,0,0,0.3125,0.6875,0,0,1,0,0,0,0,1,0,0,0
0,0,0,0,0,100,0,0,0,0,0,0,0,0,0,0,100,0,0,0,0,0,0,0,0,0,0,100,0,0,0,0,0,0,0,0,0.19231,0.80769,0,0,1,0,0,0,0,1,0,0,0
0,0,0,0,0,100,0,0,0,0,0,0,0,0,0,0,100,0,0,0,0,0,0,0,0,0,0,100,0,0,0,0,0,0,0,0.021739,0.19565,0.78261,0,0,1,0,0,0,0,1,0,0,0
0,0,0,0,0,100,0,0,0,0,0,0,0,0,0,0,100,0,0,0,0,0,0,0,0,0,0,100,0,0,0,0,0,0,0,0.14815,0.33333,0.51852,0,0,1,0,0,0,0,1,0,0,0
0,0,0,0,0,100,0,0,0,0,0,0,0,0,0,0,100,0,0,0,0,0,0,0,0,0,0,100,0,0,0,0,0,0,0,0,0,1,0,0,1,0,0,0,0,1,0,0,0
0,0,0,5.4223,10.982,48.363,0,0,5.5601,16.405,13.268,0,11.12,0,10.982,0,39.804,5.5601,5.4223,10.845,10.845,5.4223,0,0,5.4223,0,0,37.518,5.5601,29.535,5.4223,16.542,0,0.16667,0.83333,0,0,0,0,0,1,0,0,0,0,1,0,0,0
0,0,0,0,6.021,62.415,0,0,6.021,6.021,19.522,0,12.042,0,6.021,0,62.415,12.771,0,6.7504,0,0,0,0,0,0,0,62.415,12.771,12.771,0,12.042,0,0,1,0,0,0,0,0,1,0,0,0,0,1,0,0,0
0,0,0,0,0,100,0,0,0,0,0,0,0,0,0,0,100,0,0,0,0,0,0,0,0,0,0,100,0,0,0,0,0,0,1,0,0,0,0,0,1,0,0,0,0,1,0,0,0
0,0,0,0,0,100,0,0,0,0,0,0,0,0,0,0,100,0,0,0,0,0,0,0,0,0,0,100,0,0,0,0,0,0,1,0,0,0,0,0,1,0,0,0,0,1,0,0,0
0,0,0,0,0,100,0,0,0,0,0,0,0,0,0,0,100,0,0,0,0,0,0,0,0,0,0,100,0,0,0,0,0,0,1,0,0,0,0,0,1,0,0,0,0,1,0,0,0
0,0,0,0,0,100,0,0,0,0,0,0,0,0,0,0,100,0,0,0,0,0,0,0,0,0,0,100,0,0,0,0,0,0,1,0,0,0,0,0,1,0,0,0,0,1,0,0,0
0,0,0,0,0,100,0,0,0,0,0,0,0,0,0,0,100,0,0,0,0,0,0,0,0,0,0,100,0,0,0,0,0,0,1,0,0,0,0,0,1,0,0,0,0,1,0,0,0
0,0,0,0,0,100,0,0,0,0,0,0,0,0,0,0,100,0,0,0,0,0,0,0,0,0,0,100,0,0,0,0,0,0,1,0,0,0,0,0,1,0,0,0,0,1,0,0,0
0,0,0,0,0,100,0,0,0,0,0,0,0,0,0,0,100,0,0,0,0,0,0,0,0,0,0,100,0,0,0,0,0,0,0,0.02381,0.28571,0.69048,0,0,1,0,0,0,0,1,0,0,0
0,0,0,0,0,100,0,0,0,0,0,0,0,0,0,0,100,0,0,0,0,0,0,0,0,0,0,100,0,0,0,0,0,0,0,0.23529,0.41176,0.35294,0,0,1,0,0,0,0,1,0,0,0
0,0,0,0,0,100,0,0,0,0,0,0,0,0,0,0,100,0,0,0,0,0,0,0,0,0,0,100,0,0,0,0,0,0,0,0.019231,0.21154,0.76923,0,0,1,0,0,0,0,1,0,0,0
0,0,0,0,0,100,0,0,0,0,0,0,0,0,0,0,100,0,0,0,0,0,0,0,0,0,0,100,0,0,0,0,0,0,0,0.13793,0.2069,0.65517,0,0,1,0,0,0,0,1,0,0,0
0,0,0,0,0,76.035,0,0,23.965,0,0,0,8.4317,7.1018,0,0,76.035,0,0,0,0,8.4317,0,0,0,0,0,76.035,0,0,0,8.4317,15.534,1,0,0,0,0,0,0,1,0,0,0,0,1,0,0,0
0,0,0,0,0,76.516,0,0,23.484,0,0,0,11.742,0,0,0,76.516,0,0,0,11.742,0,0,0,0,0,0,76.516,0,0,0,11.742,11.742,0.93333,0.066667,0,0,0,0,0,1,0,0,0,0,1,0,0,0
0,0,0,0,0,73.775,0,0,26.225,0,0,0,13.113,0,0,0,73.775,0,0,0,6.0842,7.0284,0,0,0,0,0,73.775,0,0,0,13.113,13.113,0,0,0.10714,0.46429,0.42857,0,0,1,0,0,0,0,1,0,0,0
0,0,0,0,0,100,0,0,0,0,0,0,0,0,0,0,100,0,0,0,0,0,0,0,0,0,0,100,0,0,0,0,0,0,0,0.23077,0.26923,0.5,0,0,1,0,0,0,0,1,0,0,0
0,0,0,0,0,100,0,0,0,0,0,0,0,0,0,0,100,0,0,0,0,0,0,0,0,0,0,100,0,0,0,0,0,0,0,0.12,0.16,0.72,0,0,1,0,0,0,0,1,0,0,0
0,0,0,0,0,100,0,0,0,0,0,0,0,0,0,0,100,0,0,0,0,0,0,0,0,0,0,100,0,0,0,0,0,0,0,0.027027,0.59459,0.37838,0,0,1,0,0,0,0,1,0,0,0
0,0,0,0,0,100,0,0,0,0,0,0,0,0,0,0,100,0,0,0,0,0,0,0,0,0,0,100,0,0,0,0,0,0,0,0,0.30189,0.69811,0,0,1,0,0,0,0,1,0,0,0
0,0,0,0,0,100,0,0,0,0,0,0,0,0,0,0,100,0,0,0,0,0,0,0,0,0,0,100,0,0,0,0,0,0,0,0,0.2069,0.7931,0,0,1,0,0,0,0,1,0,0,0
0,0,0,0,0,100,0,0,0,0,0,0,0,0,0,0,100,0,0,0,0,0,0,0,0,0,0,100,0,0,0,0,0,0,0,0,0.24074,0.75926,0,0,1,0,0,0,0,1,0,0,0
0,0,0,0,0,100,0,0,0,0,0,0,0,0,0,0,100,0,0,0,0,0,0,0,0,0,0,100,0,0,0,0,0,0,0,0.054054,0.37838,0.56757,0,0,1,0,0,0,0,1,0,0,0
0,32.555,6.0717,5.6867,5.6867,44.313,5.6867,0,0,0,0,0,5.6867,6.0717,13.242,0,50,0,0,0,5.6867,19.313,0,19.313,25,0,0,44.313,0,0,5.6867,5.6867,0,0.66667,0.27273,0.060606,0,0,0,0,1,0,0,0,0,1,0,0,0
0,0,0,0,9.7298,90.27,0,0,0,0,0,0,0,0,0,0,90.27,0,0,0,9.7298,0,0,0,9.7298,0,0,69.91,20.36,0,0,0,0,0.04878,0.95122,0,0,0,0,0,1,0,0,0,0,1,0,0,0
0,0,0,0,0,100,0,0,0,0,0,0,0,0,0,0,100,0,0,0,0,0,0,0,0,0,0,100,0,0,0,0,0,0,0,0,0.33962,0.66038,0,0,1,0,0,0,0,1,0,0,0
0,37.709,12.291,0,0,50,0,0,0,0,0,0,0,25,0,12.709,24.581,12.709,0,0,12.291,12.709,0,25,12.291,12.709,0,50,0,0,0,0,0,0.88462,0.11538,0,0,0,0,0,1,0,0,0,0,1,0,0,0
0,0,0,0,15.078,52.886,0,0,25.294,6.7417,0,0,6.7801,2.564,15.078,0,43.91,7.2848,10.861,0,13.522,0,0,0,0,0,0,39.461,13.425,9.2084,5.8692,27.044,4.9923,0,0.97674,0.023256,0,0,0,0,1,0,0,0,0,1,0,0,0
0,0,0,0,13.073,35.807,0,0,24.505,19.626,6.988,6.988,12.253,9.1449,10.916,0,30.156,0,11.302,0,19.241,0,0,0,0,0,0,26.662,16.133,10.916,12.638,30.157,3.4934,0.11538,0.76923,0.11538,0,0,0,0,1,0,0,0,0,1,0,0,0
0,0,0,0,0,100,0,0,0,0,0,0,0,0,0,0,100,0,0,0,0,0,0,0,0,0,0,100,0,0,0,0,0,0,0,0.066667,0.4,0.53333,0,0,1,0,0,0,0,1,0,0,0
