h1,h2,h3,h4,h5,h6,h7,h8,h9,h10,h11,h12,h13,h14,h15,h16,h17,h18,h19,h20,h21,h22,h23,h24,h25,h26,h27,h28,h29,h30,h31,h32,h33,h34,h35,h36,h37,h38,h39,h40,h41,h42,h43,h44,h45,h46,h47,h48,label
0,0,0,0,0,100,0,0,0,0,0,0,0,0,0,0,100,0,0,0,0,0,0,0,0,0,0,100,0,0,0,0,0,0,0,0,0,1,0,0,1,0,0,0,0,1,0,0,0
0,0,0,0,0,100,0,0,0,0,0,0,0,0,0,0,100,0,0,0,0,0,0,0,0,0,0,100,0,0,0,0,0,0,0,0,0,1,0,0,1,0,0,0,0,1,0,0,0
0,0,0,0,0,100,0,0,0,0,0,0,0,0,0,0,100,0,0,0,0,0,0,0,0,0,0,100,0,0,0,0,0,0,0,0,0,1,0,0,1,0,0,0,0,1,0,0,0
0,0,0,0,0,100,0,0,0,0,0,0,0,0,0,0,100,0,0,0,0,0,0,0,0,0,0,100,0,0,0,0,0,0.014286,0,0.057143,0.028571,0.9,0,0,1,0,0,0,0,1,0,0,0
0,0,0,0,0,100,0,0,0,0,0,0,0,0,0,0,100,0,0,0,0,0,0,0,0,0,0,100,0,0,0,0,0,0,0,0,0.022472,0.97753,0,0,1,0,0,0,0,1,0,0,0
0,0,0,0,0,100,0,0,0,0,0,0,0,0,0,0,100,0,0,0,0,0,0,0,0,0,0,100,0,0,0,0,0,0,0,0,0,1,0,0,1,0,0,0,0,1,0,0,0
0,0,0,0,0,100,0,0,0,0,0,0,0,0,0,0,100,0,0,0,0,0,0,0,0,0,0,100,0,0,0,0,0,0,0,0,0,1,0,0,1,0,0,0,0,1,0,0,0
0,0,0,0,0,100,0,0,0,0,0,0,0,0,0,0,100,0,0,0,0,0,0,0,0,0,0,100,0,0,0,0,0,0,0,0,0,1,0,0,1,0,0,0,0,1,0,0,0
0,0,0,0,0,100,0,0,0,0,0,0,0,0,0,0,100,0,0,0,0,0,0,0,0,0,0,100,0,0,0,0,0,0.028169,0.25352,0.098592,0.070423,0.5493,0,0,1,0,0,0,0,1,0,0,0
0,0,0,0,0,100,0,0,0,0,0,0,0,0,0,0,100,0,0,0,0,0,0,0,0,0,0,100,0,0,0,0,0,0,0,0,0,1,0,0,1,0,0,0,0,1,0,0,0
0,0,0,0,0,100,0,0,0,0,0,0,0,0,0,0,100,0,0,0,0,0,0,0,0,0,0,100,0,0,0,0,0,0,0,0,0,1,0,0,1,0,0,0,0,1,0,0,0
0,0,0,0,0,100,0,0,0,0,0,0,0,0,0,0,100,0,0,0,0,0,0,0,0,0,0,100,0,0,0,0,0,0,0,0,0,1,0,0,1,0,0,0,0,1,0,0,0
0,0,0,0,0,100,0,0,0,0,0,0,0,0,0,0,100,0,0,0,0,0,0,0,0,0,0,100,0,0,0,0,0,0,0,0,0,1,0,0,1,0,0,0,0,1,0,0,0
0,0,0,0,7.2757,92.724,0,0,0,0,0,0,0,0,0,10.119,82.606,7.2757,0,0,0,0,0,0,0,0,0,82.606,17.394,0,0,0,0,0,0,0.034483,0.051724,0.91379,0,0,1,0,0,0,0,1,0,0,0
0,0,0,0,32.139,67.861,0,0,0,0,0,0,0,0,0,25.42,42.441,32.139,0,0,0,0,0,0,0,0,0,42.441,57.559,0,0,0,0,0,0.045455,0.15909,0.11364,0.68182,0,0,1,0,0,0,0,1,0,0,0
0,0,0,0,0,100,0,0,0,0,0,0,0,0,0,0,100,0,0,0,0,0,0,0,0,0,0,100,0,0,0,0,0,0,0,0,0,1,0,0,1,0,0,0,0,1,0,0,0
0,0,0,0,0,100,0,0,0,0,0,0,0,0,0,0,100,0,0,0,0,0,0,0,0,0,0,100,0,0,0,0,0,0,0,0,0,1,0,0,1,0,0,0,0,1,0,0,0
0,0,0,0,0,100,0,0,0,0,0,0,0,0,0,0,100,0,0,0,0,0,0,0,0,0,0,100,0,0,0,0,0,0,0,0,0,1,0,0,1,0,0,0,0,1,0,0,0
0,0,0,0,0,100,0,0,0,0,0,0,0,0,0,0,100,0,0,0,0,0,0,0,0,0,0,100,0,0,0,0,0,0,0,0,0,1,0,0,1,0,0,0,0,1,0,0,0
0,0,0,0,0,100,0,0,0,0,0,0,0,0,0,0,100,0,0,0,0,0,0,0,0,0,0,100,0,0,0,0,0,0,0,0,0.084337,0.91566,0,0,1,0,0,0,0,1,0,0,0
0,0,0,0,0,100,0,0,0,0,0,0,0,0,0,0,100,0,0,0,0,0,0,0,0,0,0,100,0,0,0,0,0,0,0,0,0,1,0,0,1,0,0,0,0,1,0,0,0
0,0,0,0,0,100,0,0,0,0,0,0,0,0,0,0,100,0,0,0,0,0,0,0,0,0,0,100,0,0,0,0,0,0,0,0,0.068182,0.93182,0,0,1,0,0,0,0,1,0,0,0
0,0,0,0,0,100,0,0,0,0,0,0,0,0,0,0,100,0,0,0,0,0,0,0,0,0,0,100,0,0,0,0,0,0,0,0,0,1,0,0,1,0,0,0,0,1,0,0,0
0,0,0,0,0,100,0,0,0,0,0,0,0,0,0,0,100,0,0,0,0,0,0,0,0,0,0,100,0,0,0,0,0,0,0,0,0,1,0,0,1,0,0,0,0,1,0,0,0
0,0,0,0,0,100,0,0,0,0,0,0,0,0,0,0,100,0,0,0,0,0,0,0,0,0,0,100,0,0,0,0,0,0,0,0,0,1,0,0,1,0,0,0,0,1,0,0,0
0,0,0,0,0,100,0,0,0,0,0,0,0,0,0,0,100,0,0,0,0,0,0,0,0,0,0,100,0,0,0,0,0,0,0,0,0,1,0,0,1,0,0,0,0,1,0,0,0
0,0,0,0,0,100,0,0,0,0,0,0,0,0,0,0,100,0,0,0,0,0,0,0,0,0,0,100,0,0,0,0,0,0,0,0,0,1,0,0,1,0,0,0,0,1,0,0,0
0,0,0,0,0,100,0,0,0,0,0,0,0,0,0,0,100,0,0,0,0,0,0,0,0,0,0,100,0,0,0,0,0,0,0,0,0.041667,0.95833,0,0,1,0,0,0,0,1,0,0,0
0,0,0,0,0,100,0,0,0,0,0,0,0,0,0,0,100,0,0,0,0,0,0,0,0,0,0,100,0,0,0,0,0,0,0,0,0,1,0,0,1,0,0,0,0,1,0,0,0
0,0,0,0,0,100,0,0,0,0,0,0,0,0,0,0,100,0,0,0,0,0,0,0,0,0,0,100,0,0,0,0,0,0,0,0,0.06,0.94,0,0,1,0,0,0,0,1,0,0,0
0,0,0,0,0,100,0,0,0,0,0,0,0,0,0,0,100,0,0,0,0,0,0,0,0,0,0,100,0,0,0,0,0,0,0,0,0,1,0,0,1,0,0,0,0,1,0,0,0
0,0,0,0,0,100,0,0,0,0,0,0,0,0,0,0,100,0,0,0,0,0,0,0,0,0,0,100,0,0,0,0,0,0,0,0,0,1,0,0,1,0,0,0,0,1,0,0,0
0,0,0,0,17.573,82.427,0,0,0,0,0,0,0,0,0,21.355,67.096,11.549,0,0,0,0,0,0,0,0,0,61.072,38.928,0,0,0,0,0,0,0,0,1,0,0,1,0,0,0,0,1,0,0,0
0,0,0,0,0,100,0,0,0,0,0,0,0,0,0,0,100,0,0,0,0,0,0,0,0,0,0,100,0,0,0,0,0,0,0,0,0,1,0,0,1,0,0,0,0,1,0,0,0
0,0,0,0,20.503,79.497,0,0,0,0,0,0,0,0,0,0,73.464,26.536,0,0,0,0,0,0,0,0,0,79.497,20.503,0,0,0,0,0,0,0,0,1,0,0,1,0,0,0,0,1,0,0,0
0,0,0,0,7.3327,92.667,0,0,0,0,0,0,0,0,0,23.556,69.111,7.3327,0,0,0,0,0,0,0,0,0,69.111,30.889,0,0,0,0,0,0.92683,0,0,0.073171,0,0,1,0,0,0,0,1,0,0,0
0,0,0,0,11.873,88.127,0,0,0,0,0,0,0,0,0,0,86.873,13.127,0,0,0,0,0,0,0,0,0,88.127,11.873,0,0,0,0,0,1,0,0,0,0,0,1,0,0,0,0,1,0,0,0
0,0,0,0,0,100,0,0,0,0,0,0,0,0,0,0,100,0,0,0,0,0,0,0,0,0,0,100,0,0,0,0,0,0,0,0,0,1,0,0,1,0,0,0,0,1,0,0,0
0,0,0,0,5.6325,94.368,0,0,0,0,0,0,0,0,0,0,93.015,6.9853,0,0,0,0,0,0,0,0,0,94.368,5.6325,0,0,0,0,0,0,0,0,1,0,0,1,0,0,0,0,1,0,0,0
0,0,0,0,0,100,0,0,0,0,0,0,0,0,0,0,100,0,0,0,0,0,0,0,0,0,0,100,0,0,0,0,0,0,0,0,0,1,0,0,1,0,0,0,0,1,0,0,0
0,0,0,0,0,100,0,0,0,0,0,0,0,0,0,0,100,0,0,0,0,0,0,0,0,0,0,100,0,0,0,0,0,0,0,0,0,1,0,0,1,0,0,0,0,1,0,0,0
0,0,0,0,19.572,80.428,0,0,0,0,0,0,0,0,0,0,85.987,14.013,0,0,0,0,0,0,0,0,0,80.428,19.572,0,0,0,0,0,0.38462,0.15385,0.025641,0.4359,0,0,1,0,0,0,0,1,0,0,0
0,0,0,0,0,100,0,0,0,0,0,0,0,0,0,0,92.499,7.5008,0,0,0,0,0,0,0,0,0,100,0,0,0,0,0,0,0.29268,0.02439,0.04878,0.63415,0,0,1,0,0,0,0,1,0,0,0
0,0,0,0,0,100,0,0,0,0,0,0,0,0,0,0,100,0,0,0,0,0,0,0,0,0,0,100,0,0,0,0,0,0,0,0.017544,0.087719,0.89474,0,0,1,0,0,0,0,1,0,0,0
0,0,0,0,0,100,0,0,0,0,0,0,0,0,0,0,100,0,0,0,0,0,0,0,0,0,0,90.679,9.3214,0,0,0,0,0,0.96203,0.037975,0,0,0,0,1,0,0,0,0,1,0,0,0
0,0,13.874,0,0,86.126,0,0,0,0,0,0,0,0,0,12.725,46.801,26.599,13.874,0,0,0,0,0,0,0,0,55.487,30.64,0,0,13.874,0,1,0,0,0,0,0,0,1,0,0,0,0,1,0,0,0
0,0,0,0,0,81.872,0,0,18.128,0,0,0,0,0,0,0,94.712,5.2884,0,0,0,0,0,0,0,0,0,71.295,10.577,0,0,0,18.128,0,0.63492,0,0,0.36508,0,0,1,0,0,0,0,1,0,0,0
0,0,0,0,0,100,0,0,0,0,0,0,0,0,0,10.02,71.518,18.461,0,0,0,0,0,0,0,0,0,63.077,36.923,0,0,0,0,0,1,0,0,0,0,0,1,0,0,0,0,1,0,0,0
7.6407,5.7118,0,1.4249,16.549,22.131,10.328,4.8772,11.435,10.312,9.5897,9.5814,2.4473,2.3642,11.351,20.604,28.982,10.395,6.5186,2.4473,1.508,3.8003,6.02,5.06,13.261,8.2751,7.7783,10.532,0,27.929,4.3916,13.819,2.9329,0.16667,0.4,0.43333,0,0,0,0,1,0,0,0,0,1,0,0,1
0,0,0,0,0,100,0,0,0,0,0,0,0,0,0,15.358,79.314,5.3281,0,0,0,0,0,0,0,0,0,63.115,36.885,0,0,0,0,0,1,0,0,0,0,0,1,0,0,0,0,1,0,0,0
5.4167,3.9477,0,1.1983,9.6234,9.7322,23.233,16.347,5.4108,14.318,10.773,3.1722,0,5.146,6.6092,29.629,27.445,17.068,7.7583,0,0,3.1722,3.9477,4.6412,12.129,29.425,9.7322,0,0,25.758,7.7583,5.4108,1.1983,0.16667,0.83333,0,0,0,0,0,1,0,0,0,0,1,0,0,1
0,0,0,0,0,89.094,0,0,10.906,0,0,0,0,0,0,5.9522,88.096,5.9522,0,0,0,0,0,0,0,0,0,66.959,22.135,0,0,10.906,0,0,1,0,0,0,0,0,1,0,0,0,0,1,0,0,0
0,0,0,0,0,91.764,0,0,8.2364,0,0,0,0,0,0,13.594,72.812,13.594,0,0,0,0,0,0,0,0,0,64.576,27.188,0,0,0,8.2364,0,1,0,0,0,0,0,1,0,0,0,0,1,0,0,0
0,0,5.587,0,0,86.59,0,0,7.8227,0,0,0,0,0,0,10.984,83.429,0,5.587,0,0,0,5.587,0,0,0,5.587,70.02,10.984,0,0,7.8227,0,0,1,0,0,0,0,0,1,0,0,0,0,1,0,0,0
0,0,10.742,0,0,74.025,0,0,15.234,0,0,5.3708,0,0,0,2.5102,74.757,11.991,2.5102,0,2.8606,0,2.5102,0,2.8606,5.3708,14.502,59.523,0,0,0,15.234,0,0,1,0,0,0,0,0,1,0,0,0,0,1,0,0,0
0,0,17.417,0,0,55.057,0,0,27.526,0,0,2.6349,19.091,0,0,2.6349,42.94,17.917,5.2998,0,9.482,0,5.2998,0,9.482,2.6349,23.217,31.84,0,0,19.091,8.4353,0,0.11475,0.88525,0,0,0,0,0,1,0,0,0,0,1,0,0,0
0,0,0,0,0,81.866,0,0,18.134,0,0,0,0,0,0,0,100,0,0,0,0,0,0,0,0,0,0,81.866,0,0,0,0,18.134,0.11688,0.63636,0.012987,0.025974,0.20779,0,0,1,0,0,0,0,1,0,0,0
0,0,0,0,0,66.557,0,0,33.443,0,0,0,0,0,0,0,100,0,0,0,0,0,0,0,0,0,0,66.557,0,0,0,8.1399,25.303,0.83333,0,0,0,0.16667,0,0,1,0,0,0,0,1,0,0,0
0,0,0,0,0,79.134,0,0,20.866,0,0,0,0,0,0,0,91.831,8.1689,0,0,0,0,0,0,0,0,0,62.796,16.338,0,0,16.14,4.726,0.15625,0.84375,0,0,0,0,0,1,0,0,0,0,1,0,0,0
0,0,0,0,0,68.434,0,0,31.566,0,0,0,0,0,0,0,100,0,0,0,0,0,0,0,0,0,5.3014,63.132,0,0,0,19.015,12.551,1,0,0,0,0,0,0,1,0,0,0,0,1,0,0,0
0,0,0,0,0,81.414,0,0,18.586,0,0,0,0,0,0,9.3091,90.691,0,0,0,0,0,0,0,0,0,9.5542,62.551,9.3091,0,0,9.0313,9.5542,0.14286,0.85714,0,0,0,0,0,1,0,0,0,0,1,0,0,0
0,0,0,0,0,78.191,0,0,21.809,0,0,0,0,0,0,0,100,0,0,0,0,0,0,0,0,0,9.5031,68.688,0,0,0,10.913,10.895,0.9292,0.070796,0,0,0,0,0,1,0,0,0,0,1,0,0,0
0,0,2.9167,0,0,80.925,0,0,16.158,0,0,0,0,0,0,0,93.706,3.3771,2.9167,0,0,0,2.9167,0,0,0,15.752,65.173,0,0,0,12.836,3.3227,0.14493,0.85507,0,0,0,0,0,1,0,0,0,0,1,0,0,0
0,0,5.7282,0,0,77.412,0,0,16.86,0,0,2.8641,0,0,0,2.8641,88.544,2.8641,2.8641,0,0,0,2.8641,0,0,2.8641,13.389,64.023,0,0,0,12.615,4.2448,0.94737,0.052632,0,0,0,0,0,1,0,0,0,0,1,0,0,0
0,0,27.57,0,0,62.604,0,0,9.8261,0,0,11.183,0,0,0,7.7659,56.899,7.7659,12.969,0,3.4172,0,12.969,0,3.4172,11.183,20.735,41.869,0,0,0,9.8261,0,0.20455,0.79545,0,0,0,0,0,1,0,0,0,0,1,0,0,0
0,0,6.3809,0,0,80.151,0,0,13.469,0,0,2.2098,0,0,0,5.1801,72.203,16.236,1.9613,0,2.2098,0,1.9613,0,2.2098,2.2098,28.222,51.928,0,0,0,13.469,0,1,0,0,0,0,0,0,1,0,0,0,0,1,0,0,0
0,0,35.321,0,0,41.284,0,0,23.396,0,0,5.9627,23.396,0,0,0,17.888,23.396,0,0,29.358,0,0,0,29.358,5.9627,23.396,17.888,0,0,23.396,0,0,0.22222,0.77778,0,0,0,0,0,1,0,0,0,0,1,0,0,0
0,0,12.774,0,0,61.83,0,0,25.396,0,0,6.387,25.396,0,0,5.7574,50.315,5.7574,0,0,6.387,0,0,0,6.387,6.387,11.515,50.315,0,0,25.396,0,0,0.92424,0.075758,0,0,0,0,0,1,0,0,0,0,1,0,0,0
9.2747,0,0,0,31.739,27.133,0,0,13.768,7.5261,10.559,0,3.0333,0,31.739,7.4125,0,16.801,4.4928,14.939,12.308,9.2747,0,0,0,0,0,16.687,10.446,29.109,23.924,19.834,0,0.085714,0.91429,0,0,0,0,0,1,0,0,0,0,1,0,0,0
8.753,0,1.2412,0,21.326,28.307,0,0,10.776,24.395,5.2013,0,10.305,1.2412,21.502,2.1218,11.547,17.542,5.0253,11.792,10.17,8.753,0,0,1.2412,0,0,27.066,1.2412,27.352,23.26,19.84,0,0.25714,0.74286,0,0,0,0,0,1,0,0,0,0,1,0,0,0
7.8667,0,0,0,22.212,40.538,0,0,7.1725,15.039,7.1725,0,0,0,14.345,7.8667,16.336,7.1725,15.039,31.375,0,7.8667,0,0,0,0,0,7.8667,32.671,15.039,37.251,7.1725,0,0,1,0,0,0,0,0,1,0,0,0,0,1,0,0,0
9.572,0,0,0,28.308,33.828,0,0,4.8031,14.677,8.8116,0,7.1571,0,23.54,11.943,2.7513,11.96,4.7689,19.1,9.2089,9.572,0,0,0,0,0,22.248,11.579,25.938,23.869,16.366,0,0,1,0,0,0,0,0,1,0,0,0,0,1,0,0,0
0,0,0,0,15.631,84.369,0,0,0,0,0,0,0,0,15.631,15.631,53.106,0,0,15.631,0,0,0,0,0,0,0,42.184,42.184,0,15.631,0,0,0,1,0,0,0,0,0,1,0,0,0,0,1,0,0,0
0,0,0,0,0,100,0,0,0,0,0,0,0,0,0,0,72.439,0,0,27.561,0,0,0,0,0,0,0,44.878,55.122,0,0,0,0,0,1,0,0,0,0,0,1,0,0,0,0,1,0,0,0
0,0,0,0,0,100,0,0,0,0,0,0,0,0,0,0,100,0,0,0,0,0,0,0,0,0,0,66.667,33.333,0,0,0,0,0,1,0,0,0,0,0,1,0,0,0,0,1,0,0,0
0,0,0,0,0,100,0,0,0,0,0,0,0,0,0,0,100,0,0,0,0,0,0,0,0,0,0,48.386,51.614,0,0,0,0,0,1,0,0,0,0,0,1,0,0,0,0,1,0,0,0
0,0,0,0,0,82.882,0,0,17.118,0,0,0,0,0,0,0,100,0,0,0,0,0,0,0,0,0,0,82.882,0,0,0,0,17.118,0.68354,0.037975,0,0,0.27848,0,0,1,0,0,0,0,1,0,0,0
0,0,0,0,0,100,0,0,0,0,0,0,0,0,0,0,100,0,0,0,0,0,0,0,0,0,0,100,0,0,0,0,0,0.84043,0.010638,0,0,0.14894,0,0,1,0,0,0,0,1,0,0,0
0,0,0,0,0,100,0,0,0,0,0,0,0,0,0,0,100,0,0,0,0,0,0,0,0,0,0,100,0,0,0,0,0,0.84884,0.034884,0,0,0.11628,0,0,1,0,0,0,0,1,0,0,0
0,0,0,0,0,100,0,0,0,0,0,0,0,0,0,0,100,0,0,0,0,0,0,0,0,0,0,100,0,0,0,0,0,0.93103,0.017241,0,0,0.051724,0,0,1,0,0,0,0,1,0,0,0
0,0,0,0,0,100,0,0,0,0,0,0,0,0,0,0,100,0,0,0,0,0,0,0,0,0,25,75,0,0,0,0,0,1,0,0,0,0,0,0,1,0,0,0,0,1,0,0,0
0,0,0,0,0,100,0,0,0,0,0,0,0,0,0,0,100,0,0,0,0,0,0,0,0,0,0,100,0,0,0,0,0,0.96203,0.037975,0,0,0,0,0,1,0,0,0,0,1,0,0,0
0,0,0,0,0,94.125,0,0,5.8746,0,0,0,0,0,0,0,100,0,0,0,0,0,0,0,0,0,11.536,82.589,0,0,0,0,5.8746,0.89412,0.10588,0,0,0,0,0,1,0,0,0,0,1,0,0,0
0,0,0,0,0,100,0,0,0,0,0,0,0,0,0,0,100,0,0,0,0,0,0,0,0,0,4.006,95.994,0,0,0,0,0,0.95062,0.049383,0,0,0,0,0,1,0,0,0,0,1,0,0,0
0,0,0,0,0,100,0,0,0,0,0,0,0,0,0,0,100,0,0,0,0,0,0,0,0,0,0,100,0,0,0,0,0,1,0,0,0,0,0,0,1,0,0,0,0,1,0,0,0
0,0,0,0,0,100,0,0,0,0,0,0,0,0,0,0,100,0,0,0,0,0,0,0,0,0,0,100,0,0,0,0,0,1,0,0,0,0,0,0,1,0,0,0,0,1,0,0,0
0,0,0,0,0,100,0,0,0,0,0,0,0,0,0,0,100,0,0,0,0,0,0,0,0,0,0,100,0,0,0,0,0,0.84127,0.15873,0,0,0,0,0,1,0,0,0,0,1,0,0,0
2.3939,6.5433,0,1.4581,15.825,24.627,12.549,11.205,5.5708,14.436,5.3913,15.736,1.758,3.3297,3.908,15.457,29.694,15.886,6.2525,0,1.0359,6.9433,9.6327,5.2879,15.561,12.068,5.308,17.566,0,17.512,8.6102,4.8445,3.611,0.83544,0.16456,0,0,0,0,0,1,0,0,0,0,1,0,0,1
0,0,0,0,0,95.687,0,0,4.3131,0,0,0,0,0,0,0,100,0,0,0,0,0,0,0,0,0,14.704,80.983,0,0,0,4.3131,0,1,0,0,0,0,0,0,1,0,0,0,0,1,0,0,0
0,0,0,0,0,100,0,0,0,0,0,0,0,0,0,0,100,0,0,0,0,0,0,0,0,0,3.9949,96.005,0,0,0,0,0,0.85484,0.14516,0,0,0,0,0,1,0,0,0,0,1,0,0,0
0,0,5.8732,0,0,91.19,0,0,2.9366,0,0,2.9366,0,0,0,11.242,71.644,11.242,2.9366,0,0,0,2.9366,0,0,2.9366,26.738,64.452,0,0,0,2.9366,0,0.88158,0.11842,0,0,0,0,0,1,0,0,0,0,1,0,0,0
0,0,21.882,0,0,62.702,0,0,15.416,0,0,6.4666,8.949,0,0,6.4666,47.287,15.416,6.4666,0,8.949,0,6.4666,0,8.949,6.4666,30.471,32.232,0,0,8.949,6.4666,0,0.85246,0.14754,0,0,0,0,0,1,0,0,0,0,1,0,0,0
0,5.8527,3.3837,0,6.7129,29.898,0,0,23.47,21.108,9.5751,0,11.373,3.3837,15.48,2.469,24.824,23.606,0,5.0745,13.79,0,0,0,9.2365,0,0,28.26,1.6384,13.011,13.842,34.012,0,0.88462,0.11538,0,0,0,0,0,1,0,0,0,0,1,0,0,0
0,2.9027,5.068,0,0,42.934,0,0,24.547,24.547,0,0,2.1653,7.3438,10.002,10.104,40.769,2.1653,0,0,17.448,10.002,0,0,7.9708,0,0,40.769,2.1653,10.002,26.823,12.27,0,0.80645,0.19355,0,0,0,0,0,1,0,0,0,0,1,0,0,0
0,0,16.667,0,0,50,0,0,16.667,16.667,0,0,16.667,16.667,0,0,33.333,16.667,0,0,16.667,0,0,0,16.667,0,0,33.333,16.667,0,16.667,16.667,0,0,1,0,0,0,0,0,1,0,0,0,0,1,0,0,0
0,13.394,0,0,0,37.798,0,0,37.798,11.01,0,0,0,5.5049,18.899,13.394,37.798,0,0,0,18.899,5.5049,0,0,13.394,0,0,37.798,0,5.5049,29.909,13.394,0,0,1,0,0,0,0,0,1,0,0,0,0,1,0,0,0
0,2.4527,0,4.5127,0,43.109,0,0,33.303,16.623,0,0,0,7.2623,14.6,6.9285,40.359,0,0,0,23.716,7.1344,0,0,6.9654,0,0,40.359,0,12.147,30.85,6.9285,2.7496,0.81667,0.18333,0,0,0,0,0,1,0,0,0,0,1,0,0,0
0,0,22.524,9.0458,0,40.004,0,0,21.093,7.3336,0,0,0,12.393,15.767,5.3711,29.262,0,0,5.3711,20.481,11.354,11.781,5.3711,9.0458,0,0,29.262,5.3711,5.025,23.402,0,10.742,0.85714,0.14286,0,0,0,0,0,1,0,0,0,0,1,0,0,0
0,0,13.398,3.1343,0,40.484,0,0,22.231,20.753,0,0,0,11.115,21.379,7.1292,24.748,0,0,3.1343,19.722,12.772,3.1343,7.1292,3.1343,0,0,24.748,7.1292,11.115,31.868,0,11.741,0.028846,0.97115,0,0,0,0,0,1,0,0,0,0,1,0,0,0
0,0,14.135,9.0943,0,48.876,0,0,8.7652,14.932,4.1969,0,0,13.947,9.4233,8.9086,24.521,4.1969,0,10.079,14.462,14.462,4.7117,4.7117,9.0943,0,0,20.747,23.418,4.1969,14.133,9.5646,9.4233,0,1,0,0,0,0,0,1,0,0,0,0,1,0,0,0
0,0,0,0,0,100,0,0,0,0,0,0,0,0,0,0,100,0,0,0,0,0,0,0,0,0,0,50,50,0,0,0,0,0,1,0,0,0,0,0,1,0,0,0,0,1,0,0,0
0,0,0,0,0,100,0,0,0,0,0,0,0,0,0,0,100,0,0,0,0,0,0,0,0,0,0,100,0,0,0,0,0,0,1,0,0,0,0,0,1,0,0,0,0,1,0,0,0
0,0,0,0,0,100,0,0,0,0,0,0,0,0,0,0,100,0,0,0,0,0,0,0,0,0,0,66.667,33.333,0,0,0,0,0,1,0,0,0,0,0,1,0,0,0,0,1,0,0,0
0,0,0,0,0,100,0,0,0,0,0,0,0,0,0,0,100,0,0,0,0,0,0,0,0,0,0,100,0,0,0,0,0,0,1,0,0,0,0,0,1,0,0,0,0,1,0,0,0
0,0,0,0,0,100,0,0,0,0,0,0,0,0,0,0,100,0,0,0,0,0,0,0,0,0,0,75.178,24.822,0,0,0,0,0,1,0,0,0,0,0,1,0,0,0,0,1,0,0,0
0,0,10.304,0,0,79.392,0,0,0,10.304,0,0,0,0,10.304,10.304,69.088,0,0,0,0,10.304,0,10.304,0,0,0,69.088,10.304,0,10.304,0,0,0,1,0,0,0,0,0,1,0,0,0,0,1,0,0,0
0,0,0,0,0,100,0,0,0,0,0,0,0,0,0,0,100,0,0,0,0,0,0,0,0,0,0,100,0,0,0,0,0,0,1,0,0,0,0,0,1,0,0,0,0,1,0,0,0
0,0,0,0,0,100,0,0,0,0,0,0,0,0,0,0,100,0,0,0,0,0,0,0,0,0,0,100,0,0,0,0,0,0,1,0,0,0,0,0,1,0,0,0,0,1,0,0,0
0,0,3.4744,0,0,61.805,0,0,0,17.334,17.386,0,0,6.9298,3.4744,3.4744,27.085,17.386,0,6.9298,24.316,10.404,0,3.4744,0,0,0,27.085,34.72,17.386,10.404,6.9298,0,0,1,0,0,0,0,0,1,0,0,0,0,1,0,0,0
0,0,14.301,3.4138,0,48.616,0,0,0,10.391,23.277,0,0,6.3315,10.888,13.805,14.451,23.277,0,3.4138,20.36,7.4738,3.4138,7.4738,3.4138,0,0,20.783,24.42,23.277,4.06,6.3315,6.8276,0.64103,0.35897,0,0,0,0,0,1,0,0,0,0,1,0,0,0
0,0,0,0,0,73.099,0,0,0,13.45,13.45,0,0,13.45,0,13.45,59.649,13.45,0,0,0,0,0,0,0,0,0,73.099,0,13.45,0,13.45,0,0,1,0,0,0,0,0,1,0,0,0,0,1,0,0,0
0,0,0,0,0,100,0,0,0,0,0,0,0,0,0,0,100,0,0,0,0,0,0,0,0,0,0,100,0,0,0,0,0,0,1,0,0,0,0,0,1,0,0,0,0,1,0,0,0
5.9605,0,0,0,28.974,22.078,0,0,2.9081,24.987,15.093,0,11.105,0,23.013,5.9605,5.0129,14.013,8.8685,19.974,6.0922,5.9605,0,0,0,0,0,15.986,6.0922,26.066,31.75,20.105,0,1,0,0,0,0,0,0,1,0,0,0,0,1,0,0,0
4.3699,0,2.0849,0,18.113,23.603,0,0,7.907,24.074,19.849,0,15.063,2.0849,25.671,0,11.729,13.326,1.4521,6.8713,19.433,4.3699,0,0,2.0849,0,0,16.099,7.5041,28.589,19.419,26.304,0,1,0,0,0,0,0,0,1,0,0,0,0,1,0,0,0
8.9281,0,0,0,0,91.072,0,0,0,0,0,0,0,0,0,8.9281,91.072,0,0,0,0,0,0,0,0,0,8.9281,91.072,0,0,0,0,0,0,1,0,0,0,0,0,1,0,0,0,0,1,0,0,0
0,3.7835,3.8681,0,0,52.916,0,0,16.402,18.299,4.7317,0,8.5998,3.8681,13.482,3.7835,49.048,3.8681,0,0,12.383,4.967,0,0,7.6516,0,0,49.048,3.8681,9.6987,17.35,12.383,0,0.064516,0.93548,0,0,0,0,0,1,0,0,0,0,1,0,0,0
0,5.1687,5.1687,0,0,73.356,0,0,8.1533,8.1533,0,0,0,5.1687,8.1533,0,73.356,0,0,0,5.1687,8.1533,0,0,10.337,0,0,73.356,0,8.1533,8.1533,0,0,0,1,0,0,0,0,0,1,0,0,0,0,1,0,0,0
0,0,0,0,0,100,0,0,0,0,0,0,0,0,0,0,100,0,0,0,0,0,0,0,0,0,0,100,0,0,0,0,0,0,1,0,0,0,0,0,1,0,0,0,0,1,0,0,0
0,0,0,0,0,100,0,0,0,0,0,0,0,0,0,0,100,0,0,0,0,0,0,0,0,0,0,100,0,0,0,0,0,0,1,0,0,0,0,0,1,0,0,0,0,1,0,0,0
0,0,0,0,0,85.973,0,0,7.0134,7.0134,0,0,0,0,7.0134,0,85.973,0,0,0,7.0134,0,0,0,0,0,0,85.973,0,7.0134,7.0134,0,0,0,1,0,0,0,0,0,1,0,0,0,0,1,0,0,0
0,0,6.3877,0,0,87.225,0,0,6.3877,0,0,0,0,6.3877,0,0,87.225,0,0,0,6.3877,0,6.3877,0,0,0,0,87.225,0,0,6.3877,0,0,0,1,0,0,0,0,0,1,0,0,0,0,1,0,0,0
7.7015,0,0,7.7015,0,84.597,0,0,0,0,0,0,0,7.7015,0,7.7015,84.597,0,0,0,0,0,0,0,0,0,7.7015,84.597,0,0,0,0,7.7015,0,0.86957,0,0,0.13043,0,0,1,0,0,0,0,1,0,0,0
9.9439,0,0,17.752,0,72.305,0,0,0,0,0,0,0,17.752,0,9.9439,72.305,0,0,0,0,0,0,0,0,0,9.9439,72.305,0,0,0,0,17.752,0,0.047619,0.26667,0.20952,0.47619,0,0,1,0,0,0,0,1,0,0,0
0,0,0,6.1229,0,93.877,0,0,0,0,0,0,0,6.1229,0,0,93.877,0,0,0,0,0,0,0,0,0,0,93.877,0,0,0,0,6.1229,0,0,0,0.21212,0.78788,0,0,1,0,0,0,0,1,0,0,0
0,0,0,4.2708,0,95.729,0,0,0,0,0,0,0,4.2708,0,0,95.729,0,0,0,0,0,0,0,0,0,0,95.729,0,0,0,0,4.2708,0,0,0,0.065217,0.93478,0,0,1,0,0,0,0,1,0,0,0
4.2645,0,0,7.113,0,88.623,0,0,0,0,0,0,0,7.113,0,4.2645,88.623,0,0,0,0,0,0,0,0,0,4.2645,88.623,0,0,0,0,7.113,0,0,0,0.22222,0.77778,0,0,1,0,0,0,0,1,0,0,0
0,0,0,2.3707,0,97.629,0,0,0,0,0,0,0,2.3707,0,0,97.629,0,0,0,0,0,0,0,0,0,0,97.629,0,0,0,0,2.3707,0,0,0,0.17857,0.82143,0,0,1,0,0,0,0,1,0,0,0
0,0,0,0,0,100,0,0,0,0,0,0,0,0,0,0,100,0,0,0,0,0,0,0,0,0,0,100,0,0,0,0,0,0,0,0,0.19672,0.80328,0,0,1,0,0,0,0,1,0,0,0
0,0,0,0,0,100,0,0,0,0,0,0,0,0,0,0,100,0,0,0,0,0,0,0,0,0,0,100,0,0,0,0,0,0,0,0.015625,0.20312,0.78125,0,0,1,0,0,0,0,1,0,0,0
9.4175,0,0,0,0,90.582,0,0,0,0,0,0,0,0,0,9.4175,90.582,0,0,0,0,0,0,0,0,0,9.4175,90.582,0,0,0,0,0,0,0.98182,0,0.018182,0,0,0,1,0,0,0,0,1,0,0,0
11.364,0,0,17.08,0,71.557,0,0,0,0,0,0,0,17.08,0,11.364,71.557,0,0,0,0,0,0,0,0,0,11.364,71.557,0,0,0,0,17.08,0,0.10377,0.21698,0.11321,0.56604,0,0,1,0,0,0,0,1,0,0,0
0,0,0,0,0,100,0,0,0,0,0,0,0,0,0,0,100,0,0,0,0,0,0,0,0,0,0,100,0,0,0,0,0,0,1,0,0,0,0,0,1,0,0,0,0,1,0,0,0
0,0,0,15.624,0,84.376,0,0,0,0,0,0,0,15.624,0,0,84.376,0,0,0,0,0,0,0,0,0,0,84.376,0,0,0,0,15.624,0,0.072072,0.20721,0.17117,0.54955,0,0,1,0,0,0,0,1,0,0,0
0,0,0,7.8853,0,92.115,0,0,0,0,0,0,0,7.8853,0,0,92.115,0,0,0,0,0,0,0,0,0,0,92.115,0,0,0,0,7.8853,0,0,0.016129,0.29032,0.69355,0,0,1,0,0,0,0,1,0,0,0
0,0,0,3.84,0,96.16,0,0,0,0,0,0,0,3.84,0,0,96.16,0,0,0,0,0,0,0,0,0,0,96.16,0,0,0,0,3.84,0,0,0,0.25974,0.74026,0,0,1,0,0,0,0,1,0,0,0
0,0,0,7.0504,0,92.95,0,0,0,0,0,0,0,7.0504,0,0,82.165,10.785,0,0,0,0,0,0,0,0,0,92.95,0,0,0,0,7.0504,0,0,0,0.25974,0.74026,0,0,1,0,0,0,0,1,0,0,0
0,0,0,0,0,100,0,0,0,0,0,0,0,0,0,0,95.436,4.5636,0,0,0,0,0,0,0,0,0,95.436,4.5636,0,0,0,0,0,0,0,0.18605,0.81395,0,0,1,0,0,0,0,1,0,0,0
0,0,0,0,0,100,0,0,0,0,0,0,0,0,0,0,100,0,0,0,0,0,0,0,0,0,0,100,0,0,0,0,0,0,0,0.014286,0.15714,0.82857,0,0,1,0,0,0,0,1,0,0,0
0,0,0,0,0,100,0,0,0,0,0,0,0,0,0,0,100,0,0,0,0,0,0,0,0,0,0,100,0,0,0,0,0,0,0,0,0.24419,0.75581,0,0,1,0,0,0,0,1,0,0,0
0,0,0,0,0,100,0,0,0,0,0,0,0,0,0,0,100,0,0,0,0,0,0,0,0,0,0,100,0,0,0,0,0,0,0,0,0.18072,0.81928,0,0,1,0,0,0,0,1,0,0,0
0,0,0,0,0,100,0,0,0,0,0,0,0,0,0,0,100,0,0,0,0,0,0,0,0,0,0,100,0,0,0,0,0,0,0,0.035714,0.14286,0.82143,0,0,1,0,0,0,0,1,0,0,0
0,0,0,0,0,100,0,0,0,0,0,0,0,0,0,0,100,0,0,0,0,0,0,0,0,0,0,100,0,0,0,0,0,0,0,0,0.13115,0.86885,0,0,1,0,0,0,0,1,0,0,0
0,0,0,0,0,100,0,0,0,0,0,0,0,0,0,0,100,0,0,0,0,0,0,0,0,0,0,100,0,0,0,0,0,0,0,0.027397,0.32877,0.64384,0,0,1,0,0,0,0,1,0,0,0
0,0,0,0,0,100,0,0,0,0,0,0,0,0,0,0,100,0,0,0,0,0,0,0,0,0,0,100,0,0,0,0,0,0,0,0.018868,0.11321,0.86792,0,0,1,0,0,0,0,1,0,0,0
0,0,0,0,0,100,0,0,0,0,0,0,0,0,0,0,100,0,0,0,0,0,0,0,0,0,0,100,0,0,0,0,0,0,0,0,0.26506,0.73494,0,0,1,0,0,0,0,1,0,0,0
0,0,0,0,0,100,0,0,0,0,0,0,0,0,0,0,100,0,0,0,0,0,0,0,0,0,0,100,0,0,0,0,0,0,0,0.027397,0.21918,0.75342,0,0,1,0,0,0,0,1,0,0,0
0,2.9785,7.5106,0,13.329,42.642,0,0,4.5322,24.643,4.3648,0,15.679,7.5106,13.329,0,26.964,15.679,0,11.146,9.693,0,0,0,10.489,0,0,35.928,6.7146,13.329,15.679,17.861,0,0.12,0.88,0,0,0,0,0,1,0,0,0,0,1,0,0,0
0,11.111,3.6701,0,0,55.39,0,0,22.356,7.4734,0,0,0,6.0129,12.572,7.4412,55.39,0,0,0,16.242,2.3428,0,0,14.781,0,0,55.39,0,5.1305,17.257,7.4412,0,0.12963,0.87037,0,0,0,0,0,1,0,0,0,0,1,0,0,0
0,0,2.9266,0,0,53.539,0,0,24.757,18.778,0,0,0,12.37,12.386,0,50.487,0,0,0,15.422,9.3343,2.9266,0,0,0,0,50.487,0,12.386,31.148,0,3.0521,0.032258,0.96774,0,0,0,0,0,1,0,0,0,0,1,0,0,0
0,0,10.541,3.5136,0,55.523,0,0,19.201,11.222,0,0,0,7.9793,18.249,3.5136,40.516,0,0,3.5136,22.715,3.5136,3.5136,3.5136,3.5136,0,0,40.516,3.5136,11.222,19.201,0,15.007,0,1,0,0,0,0,0,1,0,0,0,0,1,0,0,0
0,0,14.9,2.4372,0,46.123,0,0,20.583,15.957,0,0,0,15.125,9.5595,11.631,30.165,0,0,3.199,21.345,8.9757,3.2688,3.3395,2.4372,0,0,30.165,9.7375,6.22,27.122,3.199,14.511,1,0,0,0,0,0,0,1,0,0,0,0,1,0,0,0
0,0,0,0,0,0,0,0,0,0,0,0,0,0,0,0,0,0,0,0,0,0,0,0,0,0,0,0,0,0,0,0,0,1,0,0,0,0,0,0,1,0,0,0,0,1,0,0,0
0,0,0,0,0,100,0,0,0,0,0,0,0,0,0,0,100,0,0,0,0,0,0,0,0,0,0,66.667,33.333,0,0,0,0,1,0,0,0,0,0,0,1,0,0,0,0,1,0,0,0
0,0,0,0,0,100,0,0,0,0,0,0,0,0,0,0,100,0,0,0,0,0,0,0,0,0,0,46.001,53.999,0,0,0,0,1,0,0,0,0,0,0,1,0,0,0,0,1,0,0,0
0,0,0,0,0,100,0,0,0,0,0,0,0,0,0,0,100,0,0,0,0,0,0,0,0,0,0,100,0,0,0,0,0,0,1,0,0,0,0,0,1,0,0,0,0,1,0,0,0
0,0,0,0,0,100,0,0,0,0,0,0,0,0,0,0,100,0,0,0,0,0,0,0,0,0,0,100,0,0,0,0,0,0,0.11957,0.17391,0.21739,0.48913,0,0,1,0,0,0,0,1,0,0,0
0,0,25.729,0,0,74.271,0,0,0,0,0,0,0,0,0,25.729,74.271,0,0,0,0,0,0,0,0,0,0,74.271,0,0,0,0,25.729,1,0,0,0,0,0,0,1,0,0,0,0,1,0,0,0
0,0,0,0,0,70.976,0,0,29.024,0,0,0,12.928,16.095,0,12.928,32.191,25.857,0,0,0,0,0,0,0,0,0,45.119,25.857,0,0,0,29.024,1,0,0,0,0,0,0,1,0,0,0,0,1,0,0,0
0,0,0,0,0,92.073,0,0,7.9268,0,0,0,7.9268,0,0,7.9268,61.919,22.227,0,0,0,0,0,0,0,0,0,69.846,22.227,0,0,0,7.9268,0,0,0.025641,0.28205,0.69231,0,0,1,0,0,0,0,1,0,0,0
0,0,0,0,0,94.553,0,0,5.4466,0,0,0,5.4466,0,0,11.197,65.931,17.425,0,0,0,0,0,0,0,0,0,77.91,16.644,0,0,0,5.4466,0,0,0,0.16049,0.83951,0,0,1,0,0,0,0,1,0,0,0
0,0,0,0,0,89.67,0,0,10.33,0,0,0,10.33,0,0,11.271,66.427,11.973,0,0,0,0,0,0,0,0,0,73.594,16.076,0,0,0,10.33,0,0,0,0.19608,0.80392,0,0,1,0,0,0,0,1,0,0,0
0,0,0,0,0,89.071,0,0,10.929,0,0,0,10.929,0,0,10.929,51.366,26.776,0,0,0,0,0,0,0,0,0,62.295,26.776,0,0,0,10.929,0,0,0,0.15385,0.84615,0,0,1,0,0,0,0,1,0,0,0
0,0,0,0,0,100,0,0,0,0,0,0,0,0,0,0,94.236,5.7639,0,0,0,0,0,0,0,0,0,94.236,5.7639,0,0,0,0,0,0,0,0.10959,0.89041,0,0,1,0,0,0,0,1,0,0,0
0,0,0,0,0,100,0,0,0,0,0,0,0,0,0,0,100,0,0,0,0,0,0,0,0,0,0,100,0,0,0,0,0,0,0,0.10112,0.11236,0.78652,0,0,1,0,0,0,0,1,0,0,0
0,0,0,0,0,100,0,0,0,0,0,0,0,0,0,12.384,87.616,0,0,0,0,0,0,0,0,0,0,87.616,12.384,0,0,0,0,0,0,0,0.04,0.96,0,0,1,0,0,0,0,1,0,0,0
0,0,0,0,0,100,0,0,0,0,0,0,0,0,0,0,100,0,0,0,0,0,0,0,0,0,0,100,0,0,0,0,0,0,0,0.011364,0.090909,0.89773,0,0,1,0,0,0,0,1,0,0,0
0,0,0,0,0,100,0,0,0,0,0,0,0,0,0,0,100,0,0,0,0,0,0,0,0,0,0,100,0,0,0,0,0,1,0,0,0,0,0,0,1,0,0,0,0,1,0,0,0
0,0,0,0,0,61.69,0,0,38.31,0,0,0,14.93,23.38,0,0,61.69,0,0,0,0,0,0,0,0,0,0,61.69,0,0,0,0,38.31,1,0,0,0,0,0,0,1,0,0,0,0,1,0,0,0
0,0,0,0,0,100,0,0,0,0,0,0,0,0,0,0,100,0,0,0,0,0,0,0,0,0,0,86.312,13.688,0,0,0,0,1,0,0,0,0,0,0,1,0,0,0,0,1,0,0,0
0,0,0,0,0,69.931,0,0,30.069,0,0,0,0,19.639,10.43,0,69.931,0,0,0,0,0,0,0,0,0,0,69.931,0,0,0,0,30.069,1,0,0,0,0,0,0,1,0,0,0,0,1,0,0,0
0,0,0,0,0,84.467,0,0,15.533,0,0,0,0,15.533,0,0,84.467,0,0,0,0,0,0,0,0,0,0,84.467,0,0,0,0,15.533,0,0,0,0.051282,0.94872,0,0,1,0,0,0,0,1,0,0,0
0,0,0,0,0,81.484,0,0,18.516,0,0,0,0,18.516,0,0,81.484,0,0,0,0,0,0,0,0,0,0,81.484,0,0,0,0,18.516,0,0,0,0.38095,0.61905,0,0,1,0,0,0,0,1,0,0,0
0,0,0,0,0,79.78,0,0,20.22,0,0,0,0,14.267,5.9526,0,79.78,0,0,0,0,0,0,0,0,0,0,79.78,0,0,0,0,20.22,0,0,0,0.16667,0.83333,0,0,1,0,0,0,0,1,0,0,0
0,0,0,0,0,88.56,0,0,11.44,0,0,0,0,11.44,0,0,88.56,0,0,0,0,0,0,0,0,0,0,88.56,0,0,0,0,11.44,0,0,0,0.21519,0.78481,0,0,1,0,0,0,0,1,0,0,0
0,0,0,0,0,100,0,0,0,0,0,0,0,0,0,0,100,0,0,0,0,0,0,0,0,0,0,100,0,0,0,0,0,0,0,0,0.125,0.875,0,0,1,0,0,0,0,1,0,0,0
0,0,0,0,0,100,0,0,0,0,0,0,0,0,0,0,100,0,0,0,0,0,0,0,0,0,0,100,0,0,0,0,0,0,0,0.0097087,0.27184,0.71845,0,0,1,0,0,0,0,1,0,0,0
0,0,0,0,0,100,0,0,0,0,0,0,0,0,0,0,100,0,0,0,0,0,0,0,0,0,0,100,0,0,0,0,0,0,0,0,0.052632,0.94737,0,0,1,0,0,0,0,1,0,0,0
0,0,0,0,0,100,0,0,0,0,0,0,0,0,0,0,100,0,0,0,0,0,0,0,0,0,0,100,0,0,0,0,0,0,0,0,0.22826,0.77174,0,0,1,0,0,0,0,1,0,0,0
0,0,0,0,0,100,0,0,0,0,0,0,0,0,0,0,100,0,0,0,0,0,0,0,0,0,0,100,0,0,0,0,0,0,0,0.011111,0.25556,0.73333,0,0,1,0,0,0,0,1,0,0,0
0,0,0,0,0,100,0,0,0,0,0,0,0,0,0,0,100,0,0,0,0,0,0,0,0,0,0,100,0,0,0,0,0,0,0,0.014925,0.22388,0.76119,0,0,1,0,0,0,0,1,0,0,0
0,0,0,0,0,100,0,0,0,0,0,0,0,0,0,0,100,0,0,0,0,0,0,0,0,0,0,100,0,0,0,0,0,0,0,0,0.24419,0.75581,0,0,1,0,0,0,0,1,0,0,0
0,0,0,0,0,100,0,0,0,0,0,0,0,0,0,0,100,0,0,0,0,0,0,0,0,0,0,100,0,0,0,0,0,0,0,0.014286,0.11429,0.87143,0,0,1,0,0,0,0,1,0,0,0
0,0,0,0,0,100,0,0,0,0,0,0,0,0,0,0,100,0,0,0,0,0,0,0,0,0,0,100,0,0,0,0,0,0,0,0,0.07767,0.92233,0,0,1,0,0,0,0,1,0,0,0
0,0,0,0,0,100,0,0,0,0,0,0,0,0,0,0,100,0,0,0,0,0,0,0,0,0,0,100,0,0,0,0,0,0,0,0.092105,0.18421,0.72368,0,0,1,0,0,0,0,1,0,0,0
0,0,0,0,0,100,0,0,0,0,0,0,0,0,0,0,100,0,0,0,0,0,0,0,0,0,0,100,0,0,0,0,0,0,0,0,0.12766,0.87234,0,0,1,0,0,0,0,1,0,0,0
0,0,0,0,0,100,0,0,0,0,0,0,0,0,0,0,100,0,0,0,0,0,0,0,0,0,0,100,0,0,0,0,0,0,0,0,0.18421,0.81579,0,0,1,0,0,0,0,1,0,0,0
0,0,0,0,0,100,0,0,0,0,0,0,0,0,0,0,100,0,0,0,0,0,0,0,0,0,0,100,0,0,0,0,0,0,0,0,0,1,0,0,1,0,0,0,0,1,0,0,0
0,0,0,0,0,100,0,0,0,0,0,0,0,0,0,0,100,0,0,0,0,0,0,0,0,0,0,100,0,0,0,0,0,0,0,0,0,1,0,0,1,0,0,0,0,1,0,0,0
0,0,0,0,0,100,0,0,0,0,0,0,0,0,0,0,100,0,0,0,0,0,0,0,0,0,0,100,0,0,0,0,0,0,0,0,0,1,0,0,1,0,0,0,0,1,0,0,0
0,0,0,0,0,100,0,0,0,0,0,0,0,0,0,0,100,0,0,0,0,0,0,0,0,0,0,100,0,0,0,0,0,0,0,0,0,1,0,0,1,0,0,0,0,1,0,0,0
0,0,0,0,0,100,0,0,0,0,0,0,0,0,0,0,100,0,0,0,0,0,0,0,0,0,0,100,0,0,0,0,0,0,0,0,0,1,0,0,1,0,0,0,0,1,0,0,0
0,0,0,0,0,100,0,0,0,0,0,0,0,0,0,0,100,0,0,0,0,0,0,0,0,0,0,100,0,0,0,0,0,0,0,0,0,1,0,0,1,0,0,0,0,1,0,0,0
0,0,0,0,0,100,0,0,0,0,0,0,0,0,0,0,100,0,0,0,0,0,0,0,0,0,0,100,0,0,0,0,0,0,0,0,0,1,0,0,1,0,0,0,0,1,0,0,0
0,0,0,0,0,100,0,0,0,0,0,0,0,0,0,0,100,0,0,0,0,0,0,0,0,0,0,100,0,0,0,0,0,0,0,0,0,1,0,0,1,0,0,0,0,1,0,0,0
0,0,0,0,0,100,0,0,0,0,0,0,0,0,0,0,100,0,0,0,0,0,0,0,0,0,0,100,0,0,0,0,0,0,0,0,0,1,0,0,1,0,0,0,0,1,0,0,0
0,0,0,0,0,100,0,0,0,0,0,0,0,0,0,0,100,0,0,0,0,0,0,0,0,0,0,100,0,0,0,0,0,0,0,0,0,1,0,0,1,0,0,0,0,1,0,0,0
0,0,0,0,0,100,0,0,0,0,0,0,0,0,0,0,100,0,0,0,0,0,0,0,0,0,0,100,0,0,0,0,0,0,0,0,0,1,0,0,1,0,0,0,0,1,0,0,0
0,0,0,0,0,100,0,0,0,0,0,0,0,0,0,0,100,0,0,0,0,0,0,0,0,0,0,100,0,0,0,0,0,0,0,0,0,1,0,0,1,0,0,0,0,1,0,0,0
0,0,0,0,0,100,0,0,0,0,0,0,0,0,0,0,100,0,0,0,0,0,0,0,0,0,0,100,0,0,0,0,0,0,0,0,0.06422,0.93578,0,0,1,0,0,0,0,1,0,0,0
0,0,0,0,0,100,0,0,0,0,0,0,0,0,0,0,100,0,0,0,0,0,0,0,0,0,0,100,0,0,0,0,0,0,0,0,0,1,0,0,1,0,0,0,0,1,0,0,0
0,0,0,0,0,100,0,0,0,0,0,0,0,0,0,0,100,0,0,0,0,0,0,0,0,0,0,100,0,0,0,0,0,0,0,0,0.035294,0.96471,0,0,1,0,0,0,0,1,0,0,0
0,0,0,0,0,100,0,0,0,0,0,0,0,0,0,0,100,0,0,0,0,0,0,0,0,0,0,100,0,0,0,0,0,0,0,0,0,1,0,0,1,0,0,0,0,1,0,0,0
0,0,0,0,0,100,0,0,0,0,0,0,0,0,0,0,100,0,0,0,0,0,0,0,0,0,0,100,0,0,0,0,0,0,0,0,0,1,0,0,1,0,0,0,0,1,0,0,0
0,0,0,0,0,100,0,0,0,0,0,0,0,0,0,0,100,0,0,0,0,0,0,0,0,0,0,100,0,0,0,0,0,0,0,0,0,1,0,0,1,0,0,0,0,1,0,0,0
0,0,0,0,0,100,0,0,0,0,0,0,0,0,0,0,100,0,0,0,0,0,0,0,0,0,0,100,0,0,0,0,0,0,0,0,0,1,0,0,1,0,0,0,0,1,0,0,0
0,0,0,0,0,100,0,0,0,0,0,0,0,0,0,0,100,0,0,0,0,0,0,0,0,0,0,100,0,0,0,0,0,0,0,0,0,1,0,0,1,0,0,0,0,1,0,0,0
0,0,0,0,0,100,0,0,0,0,0,0,0,0,0,0,100,0,0,0,0,0,0,0,0,0,0,100,0,0,0,0,0,0,0,0,0.085106,0.91489,0,0,1,0,0,0,0,1,0,0,0
0,0,0,0,0,100,0,0,0,0,0,0,0,0,0,0,100,0,0,0,0,0,0,0,0,0,0,100,0,0,0,0,0,0,0,0,0,1,0,0,1,0,0,0,0,1,0,0,0
0,0,0,0,0,100,0,0,0,0,0,0,0,0,0,0,100,0,0,0,0,0,0,0,0,0,0,100,0,0,0,0,0,0,0,0,0.052083,0.94792,0,0,1,0,0,0,0,1,0,0,0
0,0,0,0,0,100,0,0,0,0,0,0,0,0,0,0,100,0,0,0,0,0,0,0,0,0,0,100,0,0,0,0,0,0,0,0,0,1,0,0,1,0,0,0,0,1,0,0,0
0,0,0,0,0,100,0,0,0,0,0,0,0,0,0,0,100,0,0,0,0,0,0,0,0,0,0,100,0,0,0,0,0,0,0,0,0,1,0,0,1,0,0,0,0,1,0,0,0
0,0,0,0,0,100,0,0,0,0,0,0,0,0,0,0,100,0,0,0,0,0,0,0,0,0,0,100,0,0,0,0,0,0,0,0,0,1,0,0,1,0,0,0,0,1,0,0,0
0,0,0,0,0,100,0,0,0,0,0,0,0,0,0,0,100,0,0,0,0,0,0,0,0,0,0,100,0,0,0,0,0,0,0,0,0,1,0,0,1,0,0,0,0,1,0,0,0
0,0,0,0,0,100,0,0,0,0,0,0,0,0,0,0,100,0,0,0,0,0,0,0,0,0,0,100,0,0,0,0,0,0,0,0,0,1,0,0,1,0,0,0,0,1,0,0,0
0,0,0,0,0,100,0,0,0,0,0,0,0,0,0,0,100,0,0,0,0,0,0,0,0,0,0,100,0,0,0,0,0,0,0,0,0,1,0,0,1,0,0,0,0,1,0,0,0
0,0,0,0,0,100,0,0,0,0,0,0,0,0,0,0,100,0,0,0,0,0,0,0,0,0,0,100,0,0,0,0,0,0,0,0,0,1,0,0,1,0,0,0,0,1,0,0,0
0,0,0,0,0,100,0,0,0,0,0,0,0,0,0,0,100,0,0,0,0,0,0,0,0,0,0,100,0,0,0,0,0,0,0,0,0,1,0,0,1,0,0,0,0,1,0,0,0
0,0,0,0,0,100,0,0,0,0,0,0,0,0,0,0,100,0,0,0,0,0,0,0,0,0,0,100,0,0,0,0,0,0,0,0,0,1,0,0,1,0,0,0,0,1,0,0,0
0,0,0,0,0,100,0,0,0,0,0,0,0,0,0,0,100,0,0,0,0,0,0,0,0,0,0,100,0,0,0,0,0,0,0,0,0,1,0,0,1,0,0,0,0,1,0,0,0
0,0,0,0,0,100,0,0,0,0,0,0,0,0,0,0,100,0,0,0,0,0,0,0,0,0,0,100,0,0,0,0,0,0,0,0,0,1,0,0,1,0,0,0,0,1,0,0,0
0,0,0,0,0,100,0,0,0,0,0,0,0,0,0,0,100,0,0,0,0,0,0,0,0,0,0,100,0,0,0,0,0,0,0,0,0.021277,0.97872,0,0,1,0,0,0,0,1,0,0,0
0,0,0,0,0,100,0,0,0,0,0,0,0,0,0,0,100,0,0,0,0,0,0,0,0,0,0,100,0,0,0,0,0,0,0,0,0.037037,0.96296,0,0,1,0,0,0,0,1,0,0,0
0,0,0,0,0,100,0,0,0,0,0,0,0,0,0,0,100,0,0,0,0,0,0,0,0,0,0,100,0,0,0,0,0,0,0,0,0.056338,0.94366,0,0,1,0,0,0,0,1,0,0,0
0,0,0,0,0,100,0,0,0,0,0,0,0,0,0,0,100,0,0,0,0,0,0,0,0,0,0,100,0,0,0,0,0,0,0.016129,0.032258,0.032258,0.91935,0,0,1,0,0,0,0,1,0,0,0
0,0,0,0,0,100,0,0,0,0,0,0,0,0,0,0,100,0,0,0,0,0,0,0,0,0,0,100,0,0,0,0,0,0,0,0,0,1,0,0,1,0,0,0,0,1,0,0,0
0,0,0,0,0,100,0,0,0,0,0,0,0,0,0,0,100,0,0,0,0,0,0,0,0,0,0,100,0,0,0,0,0,0,0,0,0,1,0,0,1,0,0,0,0,1,0,0,0
0,0,0,0,0,100,0,0,0,0,0,0,0,0,0,0,100,0,0,0,0,0,0,0,0,0,0,100,0,0,0,0,0,0,0,0,0,1,0,0,1,0,0,0,0,1,0,0,0
0,0,0,0,0,100,0,0,0,0,0,0,0,0,0,0,100,0,0,0,0,0,0,0,0,0,0,100,0,0,0,0,0,0,0,0,0,1,0,0,1,0,0,0,0,1,0,0,0
0,0,0,0,0,100,0,0,0,0,0,0,0,0,0,0,100,0,0,0,0,0,0,0,0,0,0,100,0,0,0,0,0,0,0,0,0,1,0,0,1,0,0,0,0,1,0,0,0
0,0,0,0,0,100,0,0,0,0,0,0,0,0,0,0,100,0,0,0,0,0,0,0,0,0,0,100,0,0,0,0,0,0,0.15094,0.037736,0.13208,0.67925,0,0,1,0,0,0,0,1,0,0,0
0,0,0,0,0,100,0,0,0,0,0,0,0,0,0,0,100,0,0,0,0,0,0,0,0,0,0,100,0,0,0,0,0,0,0,0,0,1,0,0,1,0,0,0,0,1,0,0,0
0,0,0,0,0,100,0,0,0,0,0,0,0,0,0,0,100,0,0,0,0,0,0,0,0,0,0,100,0,0,0,0,0,0,0,0,0,1,0,0,1,0,0,0,0,1,0,0,0
0,0,0,0,0,100,0,0,0,0,0,0,0,0,0,0,100,0,0,0,0,0,0,0,0,0,0,100,0,0,0,0,0,0,0,0,0,1,0,0,1,0,0,0,0,1,0,0,0
0,0,0,0,0,100,0,0,0,0,0,0,0,0,0,0,100,0,0,0,0,0,0,0,0,0,0,100,0,0,0,0,0,0,0,0,0,1,0,0,1,0,0,0,0,1,0,0,0
0,0,0,0,0,100,0,0,0,0,0,0,0,0,0,0,100,0,0,0,0,0,0,0,0,0,0,100,0,0,0,0,0,0,0,0,0,1,0,0,1,0,0,0,0,1,0,0,0
0,0,0,0,0,100,0,0,0,0,0,0,0,0,0,0,100,0,0,0,0,0,0,0,0,0,0,100,0,0,0,0,0,0,0,0,0,1,0,0,1,0,0,0,0,1,0,0,0
0,0,0,0,0,100,0,0,0,0,0,0,0,0,0,0,100,0,0,0,0,0,0,0,0,0,0,100,0,0,0,0,0,0,0,0,0,1,0,0,1,0,0,0,0,1,0,0,0
0,0,0,0,0,100,0,0,0,0,0,0,0,0,0,0,100,0,0,0,0,0,0,0,0,0,0,100,0,0,0,0,0,0,0,0,0,1,0,0,1,0,0,0,0,1,0,0,0
0,0,0,0,0,100,0,0,0,0,0,0,0,0,0,0,100,0,0,0,0,0,0,0,0,0,0,66.667,33.333,0,0,0,0,0,1,0,0,0,0,0,1,0,0,0,0,1,0,0,0
0,0,0,0,0,100,0,0,0,0,0,0,0,0,0,0,100,0,0,0,0,0,0,0,0,0,0,50.081,49.919,0,0,0,0,0,1,0,0,0,0,0,1,0,0,0,0,1,0,0,0
0,0,0,0,100,0,0,0,0,0,0,0,0,23.522,52.955,0,0,0,0,23.522,0,0,0,0,0,0,0,0,0,23.522,76.478,0,0,0,1,0,0,0,0,0,1,0,0,0,0,1,0,0,0
0,0,0,0,100,0,0,0,0,0,0,0,0,0,50,0,0,0,0,50,0,0,0,0,0,0,0,0,0,50,50,0,0,0,1,0,0,0,0,0,1,0,0,0,0,1,0,0,0
0,0,0,0,72.075,11.901,0,5.9506,10.074,0,0,10.074,0,22.988,16.024,0,5.9506,11.901,0,33.062,0,0,0,16.024,0,0,0,11.901,0,22.988,49.086,0,0,0,0.5,0.083333,0.19444,0.22222,0,0,1,0,0,0,0,1,0,0,0
0,0,3.3581,10.074,47.562,20.164,0,3.3581,15.484,0,0,15.484,0,6.5805,12.126,6.7917,26.805,10.15,0,18.706,0,3.3581,0,22.2,0,0,6.7917,13.372,0,3.3581,54.278,0,0,0,0.44737,0.026316,0.23684,0.28947,0,0,1,0,0,0,0,1,0,0,0
0,0,0,0,79.25,20.75,0,0,0,0,0,0,0,20.75,18.875,0,20.75,0,0,39.625,0,0,0,0,0,0,0,20.75,0,18.875,60.375,0,0,0,1,0,0,0,0,0,1,0,0,0,0,1,0,0,0
0,0,0,0,0,100,0,0,0,0,0,0,0,0,0,8.2868,91.713,0,0,0,0,0,0,0,0,0,8.2868,91.713,0,0,0,0,0,0,1,0,0,0,0,0,1,0,0,0,0,1,0,0,0
0,0,5.3296,15.989,31.659,27.084,0,14.609,5.3296,0,0,5.3296,0,8.5252,9.2793,0,39.123,23.888,0,8.5252,0,5.3296,0,25.268,0,0,0,27.084,0,5.3296,42.319,0,0,0,0.92857,0.044643,0.026786,0,0,0,1,0,0,0,0,0.94643,0.053571,0,0
0,0,0,0,0,100,0,0,0,0,0,0,0,0,0,0,100,0,0,0,0,0,0,0,0,0,50,50,0,0,0,0,0,0,0.93617,0.031915,0.031915,0,0,0,1,0,0,0,0,0.93617,0.042553,0.021277,0
0,0,0,19.48,5.4445,75.075,0,0,0,0,0,0,5.4445,0,5.5138,25.041,28.002,0,10.958,8.5217,16.519,0,0,0,0,0,0,33.516,41.56,5.4445,0,19.48,0,0,0.54348,0.15217,0.065217,0.23913,0,0,1,0,0,0,0,1,0,0,0
0,0,0,25,10.311,64.689,0,0,0,0,0,0,10.311,0,0,14.689,39.689,0,0,25,10.311,0,0,0,0,0,0,39.689,25,10.311,0,25,0,0,1,0,0,0,0,0,1,0,0,0,0,1,0,0,0
0,0,0,6.9468,6.9468,86.106,0,0,0,0,0,0,6.9468,0,0,19.183,40.793,0,0,6.9468,26.13,0,0,0,0,0,0,40.793,45.314,6.9468,0,6.9468,0,0,1,0,0,0,0,0,1,0,0,0,0,1,0,0,0
0,0,15.554,0,31.104,31.099,0,6.6888,15.554,0,0,0,15.554,0,24.41,15.554,15.549,13.378,0,0,0,15.554,15.554,22.243,0,0,8.8607,22.238,0,0,31.104,0,0,0,0.94118,0.039216,0,0.019608,0,0,1,0,0,0,0,1,0,0,0
0,0,0,9.7295,55.113,35.158,0,0,0,0,0,0,0,0,56.993,7.8494,17.579,7.8494,9.7295,0,0,0,0,0,0,0,7.8494,27.308,0,0,55.113,9.7295,0,0,0.93182,0.068182,0,0,0,0,1,0,0,0,0,1,0,0,0
0,0,0,0,33.333,66.667,0,0,0,0,0,0,0,0,66.667,0,33.333,0,0,0,0,0,0,0,0,0,33.333,33.333,0,0,33.333,0,0,0,1,0,0,0,0,0,1,0,0,0,0,1,0,0,0
0,0,3.233,34.851,23.433,23.633,0,3.233,11.617,0,0,3.233,8.3841,0,0,11.816,58.284,15.049,0,0,0,3.233,8.3841,9.6989,0,0,11.816,11.816,0,11.617,38.283,8.3841,0,0,1,0,0,0,0,0,1,0,0,0,0,1,0,0,0
0,0,0,0,0,100,0,0,0,0,0,0,0,0,0,0,100,0,0,0,0,0,0,0,0,0,33.333,66.667,0,0,0,0,0,0,1,0,0,0,0,0,1,0,0,0,0,1,0,0,0
0,0,0,0,0,0,0,0,0,0,0,0,0,0,0,0,0,0,0,0,0,0,0,0,0,0,0,0,0,0,0,0,0,0,1,0,0,0,0,0,1,0,0,0,0,1,0,0,0
0,0,0,0,0,88.667,11.333,0,0,0,0,0,0,0,0,0,100,0,0,0,0,0,0,0,0,0,15.601,80.13,4.2684,0,0,0,0,0,1,0,0,0,0,0,1,0,0,0,0,1,0,0,0
0,0,0,25.004,5.077,69.919,0,0,0,0,0,0,5.077,0,19.927,0,44.914,0,19.927,5.077,5.077,0,0,0,0,0,0,64.842,5.077,5.077,0,25.004,0,0,1,0,0,0,0,0,1,0,0,0,0,1,0,0,0
0,0,0,0,0,100,0,0,0,0,0,0,0,0,0,0,100,0,0,0,0,0,0,0,0,0,0,100,0,0,0,0,0,0,1,0,0,0,0,0,1,0,0,0,0,1,0,0,0
0,0,0,19.035,9.8627,71.102,0,0,0,0,0,0,9.8627,0,0,9.1725,61.93,0,9.8627,9.1725,0,0,0,0,0,0,0,61.93,9.1725,9.8627,0,19.035,0,0,1,0,0,0,0,0,1,0,0,0,0,1,0,0,0
0,0,0,0,0,100,0,0,0,0,0,0,0,0,0,0,100,0,0,0,0,0,0,0,0,0,0,100,0,0,0,0,0,0,1,0,0,0,0,0,1,0,0,0,0,1,0,0,0
0,0,0,0,0,100,0,0,0,0,0,0,0,0,0,0,100,0,0,0,0,0,0,0,0,0,0,100,0,0,0,0,0,0,1,0,0,0,0,0,1,0,0,0,0,1,0,0,0
0,0,0,0,0,93.83,6.1705,0,0,0,0,0,0,0,0,6.1705,87.659,0,6.1705,0,0,0,0,0,0,0,19.882,67.777,12.341,0,0,0,0,0,1,0,0,0,0,0,1,0,0,0,0,1,0,0,0
0,0,0,0,0,100,0,0,0,0,0,0,0,0,0,0,100,0,0,0,0,0,0,0,0,0,0,100,0,0,0,0,0,0,1,0,0,0,0,0,1,0,0,0,0,1,0,0,0
0,0,0,0,0,91.642,8.3578,0,0,0,0,0,0,0,0,0,93.964,0,6.036,0,0,0,0,0,0,0,14.394,85.606,0,0,0,0,0,0,1,0,0,0,0,0,1,0,0,0,0,1,0,0,0
0,0,0,0,0,100,0,0,0,0,0,0,0,0,0,23.278,76.722,0,0,0,0,0,0,0,0,0,0,82.185,17.815,0,0,0,0,0,1,0,0,0,0,0,1,0,0,0,0,1,0,0,0
0,0,0,0,0,100,0,0,0,0,0,0,0,0,0,16.825,83.175,0,0,0,0,0,0,0,0,0,16.825,83.175,0,0,0,0,0,0,1,0,0,0,0,0,1,0,0,0,0,1,0,0,0
0,0,0,0,0,100,0,0,0,0,0,0,0,0,0,9.9105,90.089,0,0,0,0,0,0,0,0,0,9.9105,90.089,0,0,0,0,0,0,0.96591,0.034091,0,0,0,0,1,0,0,0,0,1,0,0,0
0,0,0,0,0,100,0,0,0,0,0,0,0,0,0,14.957,85.043,0,0,0,0,0,0,0,0,0,14.957,85.043,0,0,0,0,0,0,0.97917,0.020833,0,0,0,0,1,0,0,0,0,1,0,0,0
0,0,0,0,0,100,0,0,0,0,0,0,0,0,0,0,100,0,0,0,0,0,0,0,0,0,0,100,0,0,0,0,0,0,1,0,0,0,0,0,1,0,0,0,0,1,0,0,0
0,0,0,0,0,100,0,0,0,0,0,0,0,0,0,0,100,0,0,0,0,0,0,0,0,0,0,100,0,0,0,0,0,0,1,0,0,0,0,0,1,0,0,0,0,1,0,0,0
0,0,0,0,0,100,0,0,0,0,0,0,0,0,0,0,100,0,0,0,0,0,0,0,0,0,0,100,0,0,0,0,0,0,0.96842,0.031579,0,0,0,0,1,0,0,0,0,1,0,0,0
0,0,0,0,0,100,0,0,0,0,0,0,0,0,0,0,100,0,0,0,0,0,0,0,0,0,0,100,0,0,0,0,0,0,1,0,0,0,0,0,1,0,0,0,0,1,0,0,0
0,0,0,0,0,100,0,0,0,0,0,0,0,0,0,15.018,84.982,0,0,0,0,0,0,0,0,0,14.639,80.47,4.8908,0,0,0,0,0,0,0.025974,0.64935,0.32468,0,0,1,0,0,0,0,0.11688,0.88312,0,0
0,0,0,0,0,100,0,0,0,0,0,0,0,0,0,9.1453,90.855,0,0,0,0,0,0,0,0,0,9.1453,84.645,6.2099,0,0,0,0,0,0,0,1,0,0,0,1,0,0,0,0,0,1,0,0
0,0,0,0,0,100,0,0,0,0,0,0,0,0,0,4.3223,95.678,0,0,0,0,0,0,0,0,0,4.3223,91.997,3.6807,0,0,0,0,0,0,0,0.77922,0.22078,0,0,1,0,0,0,0,0.090909,0.90909,0,0
0,0,0,0,0,100,0,0,0,0,0,0,0,0,0,0,100,0,0,0,0,0,0,0,0,0,0,96.251,3.7492,0,0,0,0,0,0,0,1,0,0,0,1,0,0,0,0,0,1,0,0
0,0,0,0,0,100,0,0,0,0,0,0,0,0,0,0,100,0,0,0,0,0,0,0,0,0,0,100,0,0,0,0,0,0,1,0,0,0,0,0,1,0,0,0,0,1,0,0,0
0,0,0,0,0,100,0,0,0,0,0,0,0,0,0,0,100,0,0,0,0,0,0,0,0,0,0,100,0,0,0,0,0,0,1,0,0,0,0,0,1,0,0,0,0,1,0,0,0
0,0,0,0,0,100,0,0,0,0,0,0,0,0,0,0,100,0,0,0,0,0,0,0,0,0,0,100,0,0,0,0,0,0,1,0,0,0,0,0,1,0,0,0,0,1,0,0,0
0,0,0,0,0,100,0,0,0,0,0,0,0,0,0,0,100,0,0,0,0,0,0,0,0,0,0,100,0,0,0,0,0,0,1,0,0,0,0,0,1,0,0,0,0,1,0,0,0
0,0,0,0,0,100,0,0,0,0,0,0,0,0,0,0,100,0,0,0,0,0,0,0,0,0,0,100,0,0,0,0,0,0,1,0,0,0,0,0,1,0,0,0,0,1,0,0,0
0,0,0,0,0,100,0,0,0,0,0,0,0,0,0,0,100,0,0,0,0,0,0,0,0,0,0,100,0,0,0,0,0,0,1,0,0,0,0,0,1,0,0,0,0,1,0,0,0
0,0,0,0,0,100,0,0,0,0,0,0,0,0,0,0,100,0,0,0,0,0,0,0,0,0,5.4465,84.61,9.9438,0,0,0,0,0,0,0,0.73016,0.26984,0,0,1,0,0,0,0,0.063492,0.93651,0,0
0,0,0,0,0,100,0,0,0,0,0,0,0,0,0,0,100,0,0,0,0,0,0,0,0,0,0,93.477,6.5229,0,0,0,0,0,0,0,1,0,0,0,1,0,0,0,0,0,1,0,0
0,0,0,0,0,96.13,3.8703,0,0,0,0,0,0,0,0,3.8703,92.259,0,3.8703,0,0,0,0,0,0,0,9.5304,72.412,18.057,0,0,0,0,0,0,0,0.77778,0.22222,0,0,1,0,0,0,0,0.095238,0.90476,0,0
0,0,0,0,0,100,0,0,0,0,0,0,0,0,0,0,100,0,0,0,0,0,0,0,0,0,4.3836,84.76,10.856,0,0,0,0,0,0,0,1,0,0,0,1,0,0,0,0,0,1,0,0
0,0,0,0,0,100,0,0,0,0,0,0,0,0,0,0,100,0,0,0,0,0,0,0,0,0,0,100,0,0,0,0,0,0,1,0,0,0,0,0,1,0,0,0,0,1,0,0,0
0,0,0,0,0,100,0,0,0,0,0,0,0,0,0,0,100,0,0,0,0,0,0,0,0,0,0,100,0,0,0,0,0,0,1,0,0,0,0,0,1,0,0,0,0,1,0,0,0
0,0,0,0,0,93.679,6.3213,0,0,0,0,0,0,0,0,4.1015,82.568,8.203,5.1276,0,0,0,0,0,0,0,23.269,57.6,19.131,0,0,0,0,0,0,0.013889,0.70833,0.27778,0,0,1,0,0,0,0,0.055556,0.94444,0,0
0,0,0,0,0,96.798,3.2022,0,0,0,0,0,0,0,0,8.4678,71.672,16.658,3.2022,0,0,0,0,0,0,3.0635,16.056,58.815,22.066,0,0,0,0,0,0,0,1,0,0,0,1,0,0,0,0,0,1,0,0
0,0,0,0,0,94.094,5.9057,0,0,0,0,0,0,0,0,10.385,74.751,8.9581,5.9057,0,0,0,0,0,0,0,14.864,64.367,20.769,0,0,0,0,0,0.9878,0.012195,0,0,0,0,1,0,0,0,0,1,0,0,0
0,0,0,0,0,100,0,0,0,0,0,0,0,0,0,8.764,61.126,30.11,0,0,0,0,0,0,0,6.2909,17.528,58.653,17.528,0,0,0,0,0,1,0,0,0,0,0,1,0,0,0,0,1,0,0,0
0,0,6.6154,0,0,86.769,0,0,6.6154,0,0,0,0,0,6.6154,0,86.769,0,0,0,6.6154,0,0,6.6154,0,0,0,86.769,0,0,0,6.6154,0,0,1,0,0,0,0,0,1,0,0,0,0,1,0,0,0
0,0,30.299,0,0,57.99,0,0,11.711,0,0,0,6.196,0,11.711,0,51.794,0,12.392,0,11.711,6.196,0,24.103,0,0,0,51.794,6.196,0,0,17.907,0,0.047059,0.95294,0,0,0,0,0,1,0,0,0,0,1,0,0,0
0,0,23.53,0,0,43.848,0,0,10.064,15.208,7.3501,7.3501,8.0387,0,17.414,0,33.784,7.3501,5.4274,0,2.7137,17.922,7.3501,13.466,0,0,0,33.784,10.064,15.208,0,12.778,7.3501,0,1,0,0,0,0,0,1,0,0,0,0,1,0,0,0
0,0,0,0,0,100,0,0,0,0,0,0,0,0,0,0,100,0,0,0,0,0,0,0,0,0,0,100,0,0,0,0,0,0,1,0,0,0,0,0,1,0,0,0,0,1,0,0,0
0,0,0,0,0,100,0,0,0,0,0,0,0,0,0,0,100,0,0,0,0,0,0,0,0,0,0,100,0,0,0,0,0,0,1,0,0,0,0,0,1,0,0,0,0,1,0,0,0
0,0,0,0,0,100,0,0,0,0,0,0,0,0,0,0,100,0,0,0,0,0,0,0,0,0,0,100,0,0,0,0,0,0,1,0,0,0,0,0,1,0,0,0,0,1,0,0,0
0,0,20,0,0,39.306,0,0,20,10.347,10.347,10.347,0,0,30.347,0,28.959,10.347,0,0,9.6531,10.347,10.347,9.6531,0,0,0,28.959,10.347,10.347,0,20,10.347,0.094737,0.90526,0,0,0,0,0,1,0,0,0,0,1,0,0,0
0,0,2.8889,33.633,46.473,4.4902,0,2.2451,10.269,0,0,4.6561,5.6131,0,6.9011,2.8889,67.906,4.4902,0,4.6561,0,2.8889,5.6131,9.7901,0,0,0,4.4902,0,32.027,32.563,15.517,0,0,0,0,0.016949,0.98305,0,0,1,0,0,0,0,0,0,1,1
12.235,5.1347,0.94886,0,7.4662,18.595,26.992,24.885,0.94886,0,2.7945,8.0862,0,5.1347,0,12.64,48.811,8.0309,1.8977,0,4.7418,10.657,9.4312,17.53,8.3597,43.188,5.4635,16.028,0,0,0,0,0,0.038462,0.46154,0.5,0,0,0,0,1,0,0,0,0,1,0,0,1
0,0,4.0732,55.968,29.964,0,0,4.0732,5.9219,0,0,4.0732,1.8487,0,0,0,85.932,4.0732,0,0,0,4.0732,1.8487,12.22,0,0,0,0,0,29.964,51.892,4.0756,0,0,0,0,0,1,0,0,1,0,0,0,0,0,0,1,1
0,0,1.9956,47.319,46.694,0,0,1.9956,1.9956,0,0,1.9956,0,0,0,0,94.013,1.9956,0,0,0,1.9956,0,5.9869,0,0,0,0,0,46.694,24.418,22.901,0,0,0,0,0,1,0,0,1,0,0,0,0,0,0.085106,0.91489,1
0,0,9.5481,37.604,40.754,0,0,2.546,9.5481,0,0,2.546,7.0021,0,0,7.0021,71.356,2.546,0,0,0,9.5481,7.0021,14.64,0,0,0,0,0,33.752,35.253,9.3534,0,0,0.029412,0.014706,0.073529,0.88235,0,0,1,0,0,0,0,0.029412,0.029412,0.94118,1
0,0,0,51.425,44.884,0,0,0,3.6904,0,0,0,3.6904,0,0,0,96.31,0,0,0,0,0,3.6904,0,0,0,0,0,0,44.884,41.591,9.8339,0,0,0.092593,0.018519,0.037037,0.85185,0,0,1,0,0,0,0,0.092593,0.18519,0.72222,1
0,0,1.6637,59.107,31.404,0,0,1.6637,6.1615,0,0,1.6637,4.4978,0,0,0,90.511,1.6637,0,0,0,1.6637,4.4978,4.9911,0,0,0,0,0,31.404,37.965,21.142,0,0,0,0,0,1,0,0,1,0,0,0,0,0,0,1,1
15.157,8.3325,2.6574,0.6505,10.102,28.2,14.76,15.065,0.6505,0.6505,3.7737,15.559,0,6.2487,1.301,4.1197,44.825,5.5982,3.3079,0,1.1163,17.924,18.956,12.799,15.534,22.559,3.4496,24.75,0,0,0.6505,0.6505,0.6505,0.82692,0.17308,0,0,0,0,0,1,0,0,0,0,1,0,0,1
0,0,0,0,0,100,0,0,0,0,0,0,0,0,0,16.731,83.269,0,0,0,0,0,0,0,0,0,16.731,83.269,0,0,0,0,0,0,0,0.1,0.9,0,0,0,1,0,0,0,0,0.21667,0.78333,0,0
0,0,0,0,0,100,0,0,0,0,0,0,0,0,0,0,100,0,0,0,0,0,0,0,0,0,0,75,25,0,0,0,0,1,0,0,0,0,0,0,1,0,0,0,0,1,0,0,0
0,0,0,0,0,100,0,0,0,0,0,0,0,0,0,0,100,0,0,0,0,0,0,0,0,0,0,46.205,53.795,0,0,0,0,1,0,0,0,0,0,0,1,0,0,0,0,1,0,0,0
0,0,0,0,0,100,0,0,0,0,0,0,0,0,0,0,83.661,16.339,0,0,0,0,0,0,0,0,0,66.831,33.169,0,0,0,0,1,0,0,0,0,0,0,1,0,0,0,0,1,0,0,0
0,0,0,0,0,100,0,0,0,0,0,0,0,0,0,0,100,0,0,0,0,0,0,0,0,0,0,74.744,25.256,0,0,0,0,1,0,0,0,0,0,0,1,0,0,0,0,1,0,0,0
0,0,0,0,0,100,0,0,0,0,0,0,0,0,0,0,100,0,0,0,0,0,0,0,0,0,0,100,0,0,0,0,0,0,1,0,0,0,0,0,1,0,0,0,0,1,0,0,0
0,0,0,23.585,31.721,44.694,0,0,0,0,0,0,23.585,0,16.273,0,31.721,0,18.747,4.8373,4.8373,0,0,0,0,0,8.1363,31.721,4.8373,23.585,8.1363,23.585,0,0,0.28125,0.03125,0.09375,0.59375,0,0,1,0,0,0,0,1,0,0,0
0,0,0,0,0,100,0,0,0,0,0,0,0,0,0,9.7076,90.292,0,0,0,0,0,0,0,0,0,9.7076,90.292,0,0,0,0,0,0,0.02439,0.04878,0.92683,0,0,0,1,0,0,0,0,0.085366,0.91463,0,0
0,0,0,0,0,91.715,0,8.2854,0,0,0,0,0,0,8.2854,0,60.13,31.585,0,0,0,0,0,8.2854,0,0,0,60.13,31.585,0,0,0,0,1,0,0,0,0,0,0,1,0,0,0,0,1,0,0,0
0,0,0,0,0,68.423,19.186,12.391,0,0,0,0,0,0,12.391,17.661,69.948,0,0,0,0,0,0,12.391,0,19.186,0,68.423,0,0,0,0,0,0.68182,0.31818,0,0,0,0,0,1,0,0,0,0,1,0,0,0
0,0,0,0,0,100,0,0,0,0,0,0,0,0,0,0,100,0,0,0,0,0,0,0,0,0,0,92.684,7.3163,0,0,0,0,0,0.09589,0,0.90411,0,0,0,1,0,0,0,0,0.09589,0.90411,0,0
0,0,0,0,0,78.644,0,21.356,0,0,0,0,0,0,21.356,21.356,45.311,11.978,0,0,0,0,0,21.356,0,0,0,66.667,11.978,0,0,0,0,0.9,0.1,0,0,0,0,0,1,0,0,0,0,1,0,0,0
0,0,0,0,0,60.163,19.958,19.879,0,0,0,0,0,0,19.879,25.95,48.545,5.6254,0,0,0,0,0,19.879,0,19.958,0,60.163,0,0,0,0,0,0,0.34286,0.65714,0,0,0,0,1,0,0,0,0,1,0,0,0
0,0,0,0,0,68.867,31.133,0,0,0,0,0,0,0,0,17.355,82.645,0,0,0,0,0,0,0,0,31.133,0,68.867,0,0,0,0,0,0,0.64706,0.11765,0.15686,0.078431,0,0,1,0,0,0,0,1,0,0,0
0,0,0,0,10.307,80.003,9.6906,0,0,0,0,0,0,0,10.307,0,89.693,0,0,0,0,0,0,0,0,9.6906,0,80.003,0,0,10.307,0,0,0,0.70455,0.22727,0,0.068182,0,0,1,0,0,0,0,1,0,0,0
0,0,0,0,0,70.533,29.467,0,0,0,0,0,0,0,0,11.598,88.402,0,0,0,0,0,0,0,0,29.467,0,70.533,0,0,0,0,0,0,0,0.05102,0.4898,0.45918,0,0,1,0,0,0,0,1,0,0,0
0,0,7.0663,0,9.9607,82.973,0,0,0,0,0,0,0,0,9.9607,0,75.907,0,7.0663,0,7.0663,0,7.0663,0,0,0,7.0663,68.84,7.0663,0,9.9607,0,0,0,0,0,0.070922,0.92908,0,0,1,0,0,0,0,1,0,0,0
0,0,0,0,0,100,0,0,0,0,0,0,0,0,0,0,100,0,0,0,0,0,0,0,0,0,0,91.518,8.4823,0,0,0,0,1,0,0,0,0,0,0,1,0,0,0,0,1,0,0,0
0,0,0,0,0,66.667,0,0,33.333,0,0,0,0,9.4464,12.684,0,66.667,11.203,0,0,0,0,0,0,0,0,0,66.667,0,0,0,0,33.333,1,0,0,0,0,0,0,1,0,0,0,0,1,0,0,0
0,0,0,0,0,100,0,0,0,0,0,0,0,0,0,0,100,0,0,0,0,0,0,0,0,0,0,94.718,5.2815,0,0,0,0,1,0,0,0,0,0,0,1,0,0,0,0,1,0,0,0
0,0,0,0,0,71.25,0,0,28.75,0,0,0,0,0,8.5284,0,71.25,20.222,0,0,0,0,0,0,0,0,0,71.25,0,0,0,0,28.75,0.97849,0.010753,0,0,0.010753,0,0,1,0,0,0,0,1,0,0,0
0,0,0,0,0,84.428,0,0,15.572,0,0,0,0,5.2551,10.317,0,84.428,0,0,0,0,0,0,0,0,0,0,84.428,0,0,0,0,15.572,0,0,0,0.21429,0.78571,0,0,1,0,0,0,0,1,0,0,0
0,0,0,0,0,87.774,0,0,12.226,0,0,0,0,0,12.226,0,87.774,0,0,0,0,0,0,0,0,0,0,87.774,0,0,0,0,12.226,0,0,0,0.29412,0.70588,0,0,1,0,0,0,0,1,0,0,0
0,0,0,0,0,86.889,0,0,13.111,0,0,0,0,0,0,0,86.889,13.111,0,0,0,0,0,0,0,0,0,86.889,0,0,0,0,13.111,0,0,0.037736,0.33962,0.62264,0,0,1,0,0,0,0,1,0,0,0
0,0,0,0,0,80.055,0,0,19.945,0,0,0,0,0,0,0,80.055,19.945,0,0,0,0,0,0,0,0,0,80.055,0,0,0,0,19.945,0,0,0,0.18182,0.81818,0,0,1,0,0,0,0,1,0,0,0
0,0,0,0,0,100,0,0,0,0,0,0,0,0,0,0,100,0,0,0,0,0,0,0,0,0,0,100,0,0,0,0,0,0,0,0.012821,0.076923,0.91026,0,0,1,0,0,0,0,1,0,0,0
0,0,0,0,0,100,0,0,0,0,0,0,0,0,0,0,100,0,0,0,0,0,0,0,0,0,0,100,0,0,0,0,0,0,0,0,0.23171,0.76829,0,0,1,0,0,0,0,1,0,0,0
0,0,0,0,0,100,0,0,0,0,0,0,0,0,0,0,100,0,0,0,0,0,0,0,0,0,0,100,0,0,0,0,0,0,0,0.033898,0.11864,0.84746,0,0,1,0,0,0,0,1,0,0,0
0,0,0,0,0,100,0,0,0,0,0,0,0,0,0,0,100,0,0,0,0,0,0,0,0,0,0,100,0,0,0,0,0,0,0,0,0.15493,0.84507,0,0,1,0,0,0,0,1,0,0,0
0,0,0,0,0,100,0,0,0,0,0,0,0,0,0,0,88.619,11.381,0,0,0,0,0,0,0,0,0,79.272,20.728,0,0,0,0,0.98529,0.014706,0,0,0,0,0,1,0,0,0,0,1,0,0,0
0,0,10.174,0,9.5479,65.163,4.8951,10.22,0,0,0,4.8951,0,5.0382,9.5479,0,59.884,0,5.2792,5.1814,10.174,0,20.394,4.8951,0,0,5.2792,54.605,5.2792,0,9.5479,0,0,0,0.71622,0.013514,0.067568,0.2027,0,0,1,0,0,0,0,1,0,0,0
0,0,4.3336,0,3.0395,56.685,7.3731,28.568,0,0,0,7.3731,0,25.529,3.0395,0,53.646,0,3.0395,3.0395,4.3336,0,32.902,7.3731,0,0,0,53.646,3.0395,0,3.0395,0,0,0,0.5,0,0.5,0,0,0,1,0,0,0,0,1,0,0,0
0,0,7.3964,11.963,5.8397,49.885,13.236,11.679,0,0,0,13.236,0,17.803,5.8397,0,44.045,0,5.8397,5.8397,7.3964,0,31.039,13.236,0,0,11.963,32.082,5.8397,0,5.8397,0,0,0,0.39024,0.10976,0.45122,0.04878,0,0,1,0,0,0,0,1,0,0,0
0,0,9.7441,0,2.1929,55.054,11.937,21.072,0,0,0,11.937,0,2.1929,2.1929,0,52.861,0,2.1929,18.879,9.7441,0,30.816,11.937,0,0,0,52.861,2.1929,0,2.1929,0,0,0,0.55556,0,0.11111,0.33333,0,0,1,0,0,0,0,1,0,0,0
0,0,0,0,0,100,0,0,0,0,0,0,0,0,0,0,100,0,0,0,0,0,0,0,0,0,0,100,0,0,0,0,0,0,0,0.022222,0.25556,0.72222,0,0,1,0,0,0,0,1,0,0,0
0,0,0,0,0,100,0,0,0,0,0,0,0,0,0,0,100,0,0,0,0,0,0,0,0,0,0,100,0,0,0,0,0,0,0,0,0.25926,0.74074,0,0,1,0,0,0,0,1,0,0,0
0,0,0,0,0,100,0,0,0,0,0,0,0,0,0,0,100,0,0,0,0,0,0,0,0,0,0,100,0,0,0,0,0,0,0,0.02439,0.19512,0.78049,0,0,1,0,0,0,0,1,0,0,0
0,0,0,0,0,100,0,0,0,0,0,0,0,0,0,0,100,0,0,0,0,0,0,0,0,0,0,100,0,0,0,0,0,0,0,0.012195,0.31707,0.67073,0,0,1,0,0,0,0,1,0,0,0
0,0,0,0,0,100,0,0,0,0,0,0,0,0,0,0,100,0,0,0,0,0,0,0,0,0,0,100,0,0,0,0,0,0,0,0.014706,0.35294,0.63235,0,0,1,0,0,0,0,1,0,0,0
0,0,0,0,0,100,0,0,0,0,0,0,0,0,0,0,100,0,0,0,0,0,0,0,0,0,0,100,0,0,0,0,0,0,0,0.013514,0.12162,0.86486,0,0,1,0,0,0,0,1,0,0,0
0,0,0,0,0,100,0,0,0,0,0,0,0,0,0,0,100,0,0,0,0,0,0,0,0,0,0,100,0,0,0,0,0,0,0,0,0.19444,0.80556,0,0,1,0,0,0,0,1,0,0,0
0,0,0,0,0,100,0,0,0,0,0,0,0,0,0,0,100,0,0,0,0,0,0,0,0,0,0,100,0,0,0,0,0,0,0,0.03125,0.21875,0.75,0,0,1,0,0,0,0,1,0,0,0
0,0,4.7576,0,3.4829,60.126,3.4829,28.151,0,0,0,3.4829,0,19.412,3.4829,0,51.885,0,8.2405,8.7391,4.7576,0,32.908,3.4829,0,0,4.7576,47.128,8.2405,0,3.4829,0,0,0,1,0,0,0,0,0,1,0,0,0,0,1,0,0,0
0,0,0,0,0,66.257,21.681,12.062,0,0,0,0,0,0,12.062,21.681,66.257,0,0,0,0,0,0,12.062,0,21.681,0,66.257,0,0,0,0,0,0.028571,0.37143,0.6,0,0,0,0,1,0,0,0,0,1,0,0,0
0,0,0,0,0,100,0,0,0,0,0,0,0,0,0,0,100,0,0,0,0,0,0,0,0,0,0,95.776,4.2243,0,0,0,0,0,0,0.083333,0.91667,0,0,0,1,0,0,0,0,0.083333,0.91667,0,0
0,0,0,0,0,73.851,13.074,13.074,0,0,0,0,0,0,13.074,36.926,13.074,36.926,0,0,0,0,0,13.074,0,13.074,0,73.851,0,0,0,0,0,0.89831,0.10169,0,0,0,0,0,1,0,0,0,0,1,0,0,0
0,0,0,0,0,57.615,32.623,9.7622,0,0,0,0,0,0,26.989,16.961,38.824,17.226,0,0,0,0,0,9.7622,0,15.397,17.226,57.615,0,0,0,0,0,0,0.23377,0.76623,0,0,0,0,1,0,0,0,0,1,0,0,0
0,0,0,0,0,100,0,0,0,0,0,0,0,0,0,0,100,0,0,0,0,0,0,0,0,0,0,92.172,7.828,0,0,0,0,0,0,0.042254,0.95775,0,0,0,1,0,0,0,0,0.042254,0.95775,0,0
0,0,0,0,0,77.37,0,22.63,0,0,0,0,0,0,22.63,40.877,18.247,18.247,0,0,0,0,0,22.63,0,0,0,59.123,18.247,0,0,0,0,0.90566,0.09434,0,0,0,0,0,1,0,0,0,0,1,0,0,0
0,0,0,0,0,38.898,52.756,8.3467,0,0,0,0,0,0,15.825,23.073,15.825,45.277,0,0,0,0,0,8.3467,0,15.825,36.931,38.898,0,0,0,0,0,0,0.2875,0.7125,0,0,0,0,1,0,0,0,0,1,0,0,0
0,0,0,0,0,63.05,27.365,9.585,0,0,0,0,0,0,19.044,17.906,44.006,19.044,0,0,0,0,0,9.585,0,9.585,17.78,54.729,8.3208,0,0,0,0,0,0.27778,0.125,0.51389,0.083333,0,0,1,0,0,0,0,1,0,0,0
0,0,0,0,0,100,0,0,0,0,0,0,0,0,0,0,100,0,0,0,0,0,0,0,0,0,0,75,25,0,0,0,0,0,0,0,0.58871,0.41129,0,0,1,0,0,0,0,1,0,0,0
0,0,0,0,0,52.481,47.519,0,0,0,0,0,0,0,8.2329,6.7894,45.692,39.286,0,0,0,0,0,0,0,8.2329,39.286,30.01,22.471,0,0,0,0,0,0,0.055556,0.33333,0.61111,0,0,1,0,0,0,0,1,0,0,0
0,0,5.6047,0,0,83.811,4.98,0,5.6047,0,0,0,0,5.6047,0,28.75,65.646,0,0,0,0,0,5.6047,0,0,0,4.98,60.666,23.145,0,0,5.6047,0,0,0,0,0.31325,0.68675,0,0,1,0,0,0,0,1,0,0,0
0,0,0,0,10.198,59.206,10.198,20.397,0,0,0,10.198,0,10.198,10.198,0,49.008,0,10.198,10.198,0,0,20.397,10.198,0,0,0,49.008,10.198,0,10.198,0,0,0,0.77143,0.17143,0,0.057143,0,0,1,0,0,0,0,1,0,0,0
0,0,0,0,0,96.686,3.3143,0,0,0,0,0,0,0,0,3.3143,65.725,24.504,6.4569,0,0,0,0,0,0,12.252,13.747,57.659,16.342,0,0,0,0,0,0.19231,0.096154,0.71154,0,0,0,1,0,0,0,0,0.44231,0.55769,0,0
0,0,0,0,0,100,0,0,0,0,0,0,0,0,0,0,79.464,20.536,0,0,0,0,0,0,0,10.268,0,77.805,11.927,0,0,0,0,0,0,0.10526,0.89474,0,0,0,1,0,0,0,0,0.12281,0.87719,0,0
0,0,0,0,0,100,0,0,0,0,0,0,0,0,0,28.113,43.775,28.113,0,0,0,0,0,0,0,0,0,64.888,35.112,0,0,0,0,1,0,0,0,0,0,0,1,0,0,0,0,1,0,0,0
0,0,0,0,0,62.585,37.415,0,0,0,0,0,0,0,14.493,5.3389,48.093,32.076,0,0,0,0,0,0,0,0,37.415,39.663,22.922,0,0,0,0,0.48889,0.51111,0,0,0,0,0,1,0,0,0,0,1,0,0,0
0,0,0,0,0,100,0,0,0,0,0,0,0,0,0,5.5853,71.464,22.951,0,0,0,0,0,0,0,5.8903,17.061,59.517,17.532,0,0,0,0,0,0.081633,0.081633,0.83673,0,0,0,1,0,0,0,0,0.28571,0.71429,0,0
0,0,34.53,0,0,61.194,0,0,4.2759,0,0,0,4.2759,0,4.2759,10.259,36.399,18.973,8.5518,0,4.2759,12.989,0,12.828,0,0,0,27.686,33.508,0,0,17.265,8.7133,0.92063,0.079365,0,0,0,0,0,1,0,0,0,0,1,0,0,0
0,0,0,0,0,54.595,45.405,0,0,0,0,0,0,0,0,29.081,38.271,32.648,0,0,0,0,0,0,0,0,45.405,41.838,12.757,0,0,0,0,0.074074,0.7037,0.14815,0.037037,0.037037,0,0,1,0,0,0,0,1,0,0,0
0,0,8.6694,0,0,82.661,0,0,8.6694,0,0,0,0,8.6694,0,8.6694,82.661,0,0,0,0,0,8.6694,0,0,0,0,66.331,16.331,0,0,8.6694,0,0,0.7375,0.15,0.0125,0.1,0,0,1,0,0,0,0,1,0,0,0
0,0,7.6822,0,0,92.318,0,0,0,0,0,0,0,0,0,13.022,66.274,16.863,0,0,0,3.8411,0,0,0,0,0,69.676,22.642,0,0,3.8411,3.8411,1,0,0,0,0,0,0,1,0,0,0,0,1,0,0,0
0,0,0,0,0,100,0,0,0,0,0,0,0,0,0,0,100,0,0,0,0,0,0,0,0,0,0,94.808,5.1915,0,0,0,0,1,0,0,0,0,0,0,1,0,0,0,0,1,0,0,0
0,0,0,0,0,69.106,0,0,30.894,0,0,0,0,0,30.894,0,69.106,0,0,0,0,0,0,0,0,0,0,69.106,0,0,0,0,30.894,1,0,0,0,0,0,0,1,0,0,0,0,1,0,0,0
0,0,0,0,4.4905,80.911,0,0,14.598,0,0,0,0,0,19.089,0,80.911,0,0,0,0,0,0,0,0,0,0,80.911,0,0,4.4905,0,14.598,0,0,0.018519,0.27778,0.7037,0,0,1,0,0,0,0,1,0,0,0
0,0,0,0,0,89.631,0,0,10.369,0,0,0,0,0,10.369,0,89.631,0,0,0,0,0,0,0,0,0,0,89.631,0,0,0,0,10.369,0,0,0,0.21739,0.78261,0,0,1,0,0,0,0,1,0,0,0
0,0,0,0,0,100,0,0,0,0,0,0,0,0,0,0,92.208,7.7921,0,0,0,0,0,0,0,0,0,92.208,7.7921,0,0,0,0,0,0,0,0.069444,0.93056,0,0,1,0,0,0,0,1,0,0,0
0,0,0,0,0,100,0,0,0,0,0,0,0,0,0,0,100,0,0,0,0,0,0,0,0,0,0,100,0,0,0,0,0,0,0,0.10345,0.17241,0.72414,0,0,1,0,0,0,0,1,0,0,0
0,0,13.814,14.915,0,71.271,0,0,0,0,0,0,0,14.915,0,14.915,42.543,0,13.814,0,13.814,0,28.729,0,0,0,13.814,28.729,28.729,0,0,0,0,0,0.29524,0.095238,0.60952,0,0,0,1,0,0,0,0,1,0,0,0
0,0,0,0,0,81.714,0,0,18.286,0,0,0,0,0,0,0,81.714,18.286,0,0,0,0,0,0,0,0,0,81.714,0,0,0,0,18.286,0.90698,0.093023,0,0,0,0,0,1,0,0,0,0,1,0,0,0
0,0,4.2912,0,0,74.898,0,0,20.811,0,0,0,0,4.2912,0,26.521,69.188,0,0,0,0,0,4.2912,0,0,0,0,19.957,54.941,0,0,20.811,0,0,0.38554,0.13253,0.45783,0.024096,0,0,1,0,0,0,0,1,0,0,0
0,0,11.657,15.396,0,61.535,0,0,11.412,0,0,0,0,27.054,0,11.412,61.535,0,0,0,0,0,27.054,0,0,0,15.396,11.657,34.481,0,0,11.412,0,0,1,0,0,0,0,0,1,0,0,0,0,1,0,0,0
0,0,23.762,4.5745,0,56.673,0,0,14.99,0,0,0,0,28.337,0,19.565,52.099,0,0,0,0,0,28.337,0,0,0,0,43.327,13.346,0,0,14.99,0,0,0.96296,0.012346,0.012346,0.012346,0,0,1,0,0,0,0,1,0,0,0
0,0,5.8655,8.8674,0,62.756,0,0,22.511,0,0,0,0,14.733,0,31.378,53.889,0,0,0,0,0,14.733,0,0,0,0,20.598,42.158,0,0,22.511,0,0,0.91667,0,0.041667,0.041667,0,0,1,0,0,0,0,1,0,0,0
0,0,0,0,0,100,0,0,0,0,0,0,0,0,0,0,100,0,0,0,0,0,0,0,0,0,0,100,0,0,0,0,0,0,0,0,0.035714,0.96429,0,0,1,0,0,0,0,1,0,0,0
0,0,0,0,0,100,0,0,0,0,0,0,0,0,0,0,100,0,0,0,0,0,0,0,0,0,0,100,0,0,0,0,0,0,0,0.016667,0.3,0.68333,0,0,1,0,0,0,0,1,0,0,0
0,0,0,0,0,100,0,0,0,0,0,0,0,0,0,0,100,0,0,0,0,0,0,0,0,0,0,100,0,0,0,0,0,0,0,0.032258,0.27419,0.69355,0,0,1,0,0,0,0,1,0,0,0
0,0,0,0,0,100,0,0,0,0,0,0,0,0,0,0,100,0,0,0,0,0,0,0,0,0,0,100,0,0,0,0,0,0,0,0,0.28571,0.71429,0,0,1,0,0,0,0,1,0,0,0
0,0,0,0,0,100,0,0,0,0,0,0,0,0,0,0,100,0,0,0,0,0,0,0,0,0,0,100,0,0,0,0,0,0,0,0,0.27143,0.72857,0,0,1,0,0,0,0,1,0,0,0
0,0,0,0,0,100,0,0,0,0,0,0,0,0,0,0,100,0,0,0,0,0,0,0,0,0,0,100,0,0,0,0,0,0,0,0,0.26316,0.73684,0,0,1,0,0,0,0,1,0,0,0
0,0,0,0,0,100,0,0,0,0,0,0,0,0,0,0,100,0,0,0,0,0,0,0,0,0,0,100,0,0,0,0,0,0,0,0.010989,0.18681,0.8022,0,0,1,0,0,0,0,1,0,0,0
0,0,0,0,0,100,0,0,0,0,0,0,0,0,0,0,100,0,0,0,0,0,0,0,0,0,0,100,0,0,0,0,0,0,0,0.012048,0.24096,0.74699,0,0,1,0,0,0,0,1,0,0,0
0,0,0,0,0,100,0,0,0,0,0,0,0,0,0,0,100,0,0,0,0,0,0,0,0,0,0,100,0,0,0,0,0,0,1,0,0,0,0,0,1,0,0,0,0,1,0,0,0
0,0,0,5.515,0,94.485,0,0,0,0,0,0,0,0,0,5.515,88.97,0,0,5.515,0,0,0,0,0,0,0,88.97,5.515,0,0,5.515,0,0,1,0,0,0,0,0,1,0,0,0,0,1,0,0,0
0,0,0,0,0,100,0,0,0,0,0,0,0,0,0,0,100,0,0,0,0,0,0,0,0,0,0,100,0,0,0,0,0,0,1,0,0,0,0,0,1,0,0,0,0,1,0,0,0
0,0,0,0,0,100,0,0,0,0,0,0,0,0,0,0,100,0,0,0,0,0,0,0,0,0,0,100,0,0,0,0,0,0,1,0,0,0,0,0,1,0,0,0,0,1,0,0,0
0,0,0,0,0,100,0,0,0,0,0,0,0,0,0,0,100,0,0,0,0,0,0,0,0,0,0,100,0,0,0,0,0,0,1,0,0,0,0,0,1,0,0,0,0,1,0,0,0
0,0,0,0,0,100,0,0,0,0,0,0,0,0,0,0,100,0,0,0,0,0,0,0,0,0,0,100,0,0,0,0,0,0,1,0,0,0,0,0,1,0,0,0,0,1,0,0,0
0,0,0,0,6.3483,87.303,6.3483,0,0,0,0,6.3483,6.3483,0,0,0,84.114,0,0,0,0,3.1897,6.3483,0,0,0,0,84.114,0,0,0,3.1897,6.3483,0,1,0,0,0,0,0,1,0,0,0,0,1,0,0,0
0,0,0,0,0,100,0,0,0,0,0,0,0,0,0,0,93.573,0,0,0,0,6.427,0,0,0,0,0,93.573,0,0,0,6.427,0,0,1,0,0,0,0,0,1,0,0,0,0,1,0,0,0
0,0,0,0,0,100,0,0,0,0,0,0,0,0,0,0,100,0,0,0,0,0,0,0,0,0,0,100,0,0,0,0,0,0,1,0,0,0,0,0,1,0,0,0,0,1,0,0,0
0,0,0,0,2.9719,76.771,20.258,0,0,0,0,2.9719,6.0282,0,0,3.0564,76.771,0,0,0,8.1166,3.0564,2.9719,0,8.1166,0,6.1127,73.714,0,0,0,3.0564,6.0282,0,1,0,0,0,0,0,1,0,0,0,0,1,0,0,0
0,0,0,0,0,100,0,0,0,0,0,0,0,0,0,0,96.155,0,0,0,0,3.8453,0,0,0,0,0,96.155,0,0,0,3.8453,0,0,1,0,0,0,0,0,1,0,0,0,0,1,0,0,0
0,0,0,0,3.2331,55.689,41.078,0,0,0,0,3.2331,8.5223,0,0,11.755,53.883,0,0,0,12.278,10.328,3.2331,0,12.278,0,23.511,42.128,0,0,0,10.328,8.5223,0,1,0,0,0,0,0,1,0,0,0,0,1,0,0,0
0,0,0,0,4.5405,59.633,35.827,0,0,0,0,4.5405,12.362,0,0,7.8215,55.914,0,0,0,7.8215,11.54,4.5405,0,7.8215,0,15.643,48.093,0,0,0,11.54,12.362,0,1,0,0,0,0,0,1,0,0,0,0,1,0,0,0
0,0,0,0,0,96.154,3.8457,0,0,0,0,0,0,0,0,0,96.154,0,0,0,3.8457,0,0,0,3.8457,0,0,96.154,0,0,0,0,0,0,1,0,0,0,0,0,1,0,0,0,0,1,0,0,0
0,0,0,0,0,100,0,0,0,0,0,0,0,0,0,0,88.864,0,11.136,0,0,0,0,0,0,0,11.136,88.864,0,0,0,0,0,0,1,0,0,0,0,0,1,0,0,0,0,1,0,0,0
0,0,0,0,0,100,0,0,0,0,0,0,0,0,0,0,80.298,19.702,0,0,0,0,0,0,0,9.8509,9.8509,80.298,0,0,0,0,0,0,1,0,0,0,0,0,1,0,0,0,0,1,0,0,0
0,0,0,0,0,100,0,0,0,0,0,0,0,0,0,0,100,0,0,0,0,0,0,0,0,0,0,100,0,0,0,0,0,0,1,0,0,0,0,0,1,0,0,0,0,1,0,0,0
0,0,0,0,0,92.331,0,7.6689,0,0,0,0,0,0,7.6689,0,92.331,0,0,0,0,0,0,0,0,0,0,92.331,0,0,0,0,7.6689,0,1,0,0,0,0,0,1,0,0,0,0,1,0,0,0
8.0407,0,11.285,0,4.0203,71.029,0,0,2.8127,0,2.8127,6.8331,8.4719,0,0,0,71.029,0,5.6255,0,0,8.0407,10.853,18.118,0,0,0,71.029,0,0,0,0,0,0,1,0,0,0,0,0,1,0,0,0,0,1,0,0,0
5.7025,0,15.808,0,2.0092,46.44,1.6841,6.9221,6.9849,4.605,9.8431,8.2984,2.3798,0,11.59,0,44.508,4.605,6.4438,0,5.9339,16.241,10.308,16.071,3.3681,5.2381,0,39.456,6.9849,4.605,0,9.3647,4.605,0.028571,0.97143,0,0,0,0,0,1,0,0,0,0,1,0,0,0
3.1042,4.4842,3.4031,0,15.202,28.075,9.4434,29.39,1.373,0,5.5247,14.414,0,2.1483,0,0,51.035,7.4133,4.7761,0,7.3867,12.827,7.8873,19.458,20.336,18.978,6.3392,27.001,0,0,0,0,0,0.13235,0.86765,0,0,0,0,0,1,0,0,0,0,1,0,0,0
8.592,0,6.1865,0,6.7243,50.41,4.9231,13.758,3.2193,0,6.1865,10.955,0,0,0,0,65.18,1.9559,9.4058,0,1.9559,10.548,11.811,19.097,9.8462,6.879,1.9559,50.41,0,0,0,0,0,0.4,0.6,0,0,0,0,0,1,0,0,0,0,1,0,0,0
0,0,0,0,0,100,0,0,0,0,0,0,0,0,0,0,100,0,0,0,0,0,0,0,0,0,0,100,0,0,0,0,0,0,1,0,0,0,0,0,1,0,0,0,0,1,0,0,0
0,0,0,0,0,83.697,2.7367,5.0632,0,8.5029,0,5.4734,0,0,5.0632,5.7662,80.961,2.7367,0,0,0,0,2.7367,0,2.7367,0,0,80.961,0,0,0,8.5029,5.0632,0,1,0,0,0,0,0,1,0,0,0,0,1,0,0,0
0,0,0,0,0,94.919,0,0,0,5.0814,0,0,0,0,0,5.0814,94.919,0,0,0,0,0,0,0,0,0,0,94.919,0,0,0,5.0814,0,0,1,0,0,0,0,0,1,0,0,0,0,1,0,0,0
16.183,13.673,0,0,0,62.702,3.7211,0,0,3.7211,0,6.231,0,3.7211,6.231,3.7211,62.702,0,9.952,3.7211,0,3.7211,9.952,9.952,6.231,9.952,3.7211,56.471,0,0,0,3.7211,0,0,1,0,0,0,0,0,1,0,0,0,0,1,0,0,0
0,5.4766,0,2.3946,13.348,64.414,4.7892,4.7892,2.3946,2.3946,0,13.348,0,2.3946,4.7892,2.3946,66.808,0,2.3946,0,0,7.8711,5.4766,2.3946,18.137,2.3946,2.3946,62.019,0,0,2.3946,2.3946,2.3946,0,1,0,0,0,0,0,1,0,0,0,0,1,0,0,0
0,0,0,0,0,100,0,0,0,0,0,0,0,0,0,0,74.443,25.557,0,0,0,0,0,0,0,0,0,62.779,37.221,0,0,0,0,1,0,0,0,0,0,0,1,0,0,0,0,1,0,0,0
17.928,23.605,0,0,0.92789,31.028,6.4159,0,9.4061,10.689,0,11.974,9.2154,2.6754,3.0036,1.9646,30.808,15.564,6.637,9.3242,6.8694,1.9646,11.126,12.575,12.274,11.426,12.822,17.796,0,1.8858,4.4224,8.8329,6.8394,0.31429,0.45714,0.22857,0,0,0,0,1,0,0,0,0,1,0,0,0
7.5059,8.4521,0,2.6367,6.513,29.242,15.839,5.2733,12.269,12.269,0,8.3926,5.756,2.6367,5.2733,6.513,38.568,11.512,5.4498,1.8797,1.8797,12.139,8.5691,11.206,12.603,10.143,4.5163,19.099,0,6.6895,14.266,4.5163,8.3926,0.11828,0.88172,0,0,0,0,0,1,0,0,0,0,1,0,0,0
0,13.542,2.767,0,0,62.155,0,8.0008,2.767,0,10.768,2.767,0,0,0,0,75.697,0,5.534,0,8.0008,8.0008,2.767,13.535,13.542,8.0008,0,62.155,0,0,0,0,0,0,1,0,0,0,0,0,1,0,0,0,0,1,0,0,0
24.516,15.53,0,0,0,53.411,0,0,0,6.5439,0,0,6.5439,0,6.5439,0,53.411,0,17.972,15.53,0,0,0,6.5439,8.9859,24.516,0,53.411,0,6.5439,0,0,0,0.16667,0.83333,0,0,0,0,0,1,0,0,0,0,1,0,0,0
7.0792,28.041,0,18.529,2.4678,38.948,2.4678,0,0,2.4678,0,0,4.9356,18.529,11.732,0,21.455,11.732,18.812,12.804,0,0,9.2646,11.732,18.776,7.0792,0,24.748,2.4678,14.2,2.4678,9.2646,0,0,1,0,0,0,0,0,1,0,0,0,0,1,0,0,0
3.1571,11.316,0,21.418,4.1408,50.104,6.7067,0,0,3.1571,0,0,9.7102,14.712,11.377,0,35.392,4.0793,10.786,13.943,0,0,10.786,13.943,4.0793,3.1571,0,39.472,6.5531,7.2365,4.1408,10.632,0,0.33333,0.53333,0.13333,0,0,0,0,1,0,0,0,0,1,0,0,0
0,6.9814,0,6.9814,6.4167,66.787,6.4167,0,0,6.4167,0,0,12.833,6.9814,9.9074,0,46.972,9.9074,9.9074,3.4907,0,0,3.4907,9.9074,3.4907,0,0,50.463,6.4167,16.324,6.4167,3.4907,0,0.071429,0.85714,0.071429,0,0,0,0,1,0,0,0,0,1,0,0,0
6.7312,3.2808,0,2.9065,13.328,26.228,13.032,28.68,2.9065,2.9065,0,11.031,0,6.1873,9.6462,2.9065,42.59,7.219,2.9065,0,3.9383,13.576,8.3716,13.328,18.237,17.345,8.4852,21.681,0,0,2.9065,2.9065,6.7396,0.043011,0.95699,0,0,0,0,0,1,0,0,0,0,1,0,0,0
0,0,0,0,0,100,0,0,0,0,0,0,0,0,0,0,100,0,0,0,0,0,0,0,0,0,0,100,0,0,0,0,0,0.25,0.75,0,0,0,0,0,1,0,0,0,0,1,0,0,0
0,0,0,10.963,0,78.074,10.963,0,0,0,0,0,0,0,0,0,78.074,0,10.963,10.963,0,0,10.963,10.963,0,0,0,78.074,0,0,0,0,0,0,1,0,0,0,0,0,1,0,0,0,0,1,0,0,0
0,0,31.841,10.614,0,57.546,0,0,0,0,0,0,0,0,21.227,10.614,36.319,0,0,10.614,10.614,10.614,10.614,10.614,10.614,0,0,36.319,10.614,0,0,0,21.227,1,0,0,0,0,0,0,1,0,0,0,0,1,0,0,0
20.817,21.69,0,0,0,30.708,11.229,0,3.1549,12.401,0,0.95321,4.0906,10.134,2.2017,11.448,32.738,1.9064,13.43,12.023,0.95321,10.121,9.9801,13.117,6.1208,15.148,15.491,23.493,0,1.0946,2.2017,12.401,0.95321,0.052632,0.86842,0.078947,0,0,0,0,1,0,0,0,0,1,0,0,0
29.64,13.877,0,0,0,37.953,8.2629,0,6.1914,4.0758,0,3.106,6.1914,7.2527,6.2829,2.5685,38.964,3.0145,16.155,8.7599,3.1164,4.5891,6.6848,12.978,8.8004,12.379,19.737,26.534,0,2.6194,4.6841,4.0758,1.5072,0,0.72464,0.27536,0,0,0,0,1,0,0,0,0,1,0,0,0
0,0,0,0,0,100,0,0,0,0,0,0,0,0,0,0,100,0,0,0,0,0,0,0,0,0,0,100,0,0,0,0,0,0.125,0.8125,0.0625,0,0,0,0,1,0,0,0,0,1,0,0,0
0,0,0,0,0,100,0,0,0,0,0,0,0,0,0,0,100,0,0,0,0,0,0,0,0,0,0,88.466,11.534,0,0,0,0,0,0,0,0.74419,0.25581,0,0,1,0,0,0,0,0,1,0,0
0,0,0,0,0,50,0,0,0,37.904,12.096,0,0,25,0,12.096,12.096,12.096,0,12.904,12.904,12.904,0,0,0,0,0,24.192,25.808,12.096,12.904,25,0,0.17391,0.82609,0,0,0,0,0,1,0,0,0,0,1,0,0,0
0,0,0,0,0,100,0,0,0,0,0,0,0,0,0,0,100,0,0,0,0,0,0,0,0,0,16.199,83.801,0,0,0,0,0,0.5625,0.4375,0,0,0,0,0,1,0,0,0,0,1,0,0,0
0,0,0,0,0,100,0,0,0,0,0,0,0,0,0,0,100,0,0,0,0,0,0,0,0,0,0,100,0,0,0,0,0,0,1,0,0,0,0,0,1,0,0,0,0,1,0,0,0
0,0,0,0,0,100,0,0,0,0,0,0,0,0,0,0,100,0,0,0,0,0,0,0,0,0,0,100,0,0,0,0,0,0,0.92308,0.076923,0,0,0,0,1,0,0,0,0,1,0,0,0
0,0,0,0,2.1256,56.03,41.845,0,0,0,0,2.1256,7.9606,0,0,38.593,39.65,0,0,0,5.835,5.835,2.1256,0,5.835,0,31.736,46.508,0,0,0,5.835,7.9606,0.40909,0.59091,0,0,0,0,0,1,0,0,0,0,1,0,0,0
0,0,0,0,14.677,57.661,27.662,0,0,0,0,14.677,3.2461,0,0,17.924,57.661,0,0,0,3.2461,3.2461,14.677,0,3.2461,0,44.2,31.384,0,0,0,3.2461,3.2461,0.79592,0.20408,0,0,0,0,0,1,0,0,0,0,1,0,0,0
0,0,0,0,5.4997,75.094,19.406,0,0,0,0,5.4997,0,0,0,33.313,61.187,0,0,0,0,0,5.4997,0,0,0,24.906,69.594,0,0,0,0,0,0.87755,0.12245,0,0,0,0,0,1,0,0,0,0,1,0,0,0
0,0,0,0,0,100,0,0,0,0,0,0,0,0,0,0,100,0,0,0,0,0,0,0,0,0,33.333,66.667,0,0,0,0,0,1,0,0,0,0,0,0,1,0,0,0,0,1,0,0,0
0,0,0,0,0,100,0,0,0,0,0,0,0,0,0,0,100,0,0,0,0,0,0,0,0,0,0,100,0,0,0,0,0,0.73529,0.26471,0,0,0,0,0,1,0,0,0,0,1,0,0,0
0,0,0,0,13.214,64.474,22.312,0,0,0,0,13.214,6.4728,0,0,15.111,58.879,0,0,0,4.9132,1.4108,13.214,0,4.9132,0,17.667,56.323,0,0,0,1.4108,6.4728,0.037736,0.75472,0.20755,0,0,0,0,1,0,0,0,0,1,0,0,0
0,0,0,0,0,100,0,0,0,0,0,0,0,0,0,0,100,0,0,0,0,0,0,0,0,0,0,100,0,0,0,0,0,0,0.055556,0.11111,0.055556,0.77778,0,0,1,0,0,0,0,1,0,0,0
0,0,0,0,0,100,0,0,0,0,0,0,0,0,0,0,100,0,0,0,0,0,0,0,0,0,0,100,0,0,0,0,0,0,0,0,0,1,0,0,1,0,0,0,0,1,0,0,0
0,0,0,0,0,100,0,0,0,0,0,0,0,0,0,0,100,0,0,0,0,0,0,0,0,0,0,100,0,0,0,0,0,0,0,0,0.029412,0.97059,0,0,1,0,0,0,0,1,0,0,0
0,0,0,0,0,100,0,0,0,0,0,0,0,0,0,0,100,0,0,0,0,0,0,0,0,0,0,100,0,0,0,0,0,0,0,0,0,1,0,0,1,0,0,0,0,1,0,0,0
0,0,26.841,0,0,53.641,0,0,8.8736,4.1996,6.4446,6.4446,5.3547,0,10.828,0,42.35,14.051,11.581,0,2.429,6.9607,6.4446,12.274,0,0,0,39.589,14.051,4.1996,0,16.48,6.9607,0.82051,0.17949,0,0,0,0,0,1,0,0,0,0,1,0,0,0
0,0,28.257,0,0,48.612,0,0,12.953,6.4573,3.7207,3.7207,3.597,0,9.232,0,45.015,2.2566,14.636,0,9.232,12.311,3.7207,23.868,0,0,0,42.758,5.8536,6.4573,0,15.086,2.2566,1,0,0,0,0,0,0,1,0,0,0,0,1,0,0,0
0,0,0,0,0,100,0,0,0,0,0,0,0,0,0,0,100,0,0,0,0,0,0,0,0,0,0,100,0,0,0,0,0,0,0,0,0.03125,0.96875,0,0,1,0,0,0,0,1,0,0,0
0,0,0,0,0,100,0,0,0,0,0,0,0,0,0,0,100,0,0,0,0,0,0,0,0,0,0,100,0,0,0,0,0,0,0,0,0,1,0,0,1,0,0,0,0,1,0,0,0
17.775,26.578,0,0,0.59951,36.1,6.9566,0,3.7859,8.2047,0,5.4293,5.979,4.4188,2.2429,5.0183,40.831,6.3728,8.8138,9.7982,3.4002,7.6959,11.187,14.793,11.754,17.511,7.819,22.194,0,2.7516,1.7985,7.0057,3.1864,0,0.8,0.2,0,0,0,0,1,0,0,0,0,1,0,0,0
0,0,0,0,0,100,0,0,0,0,0,0,0,0,0,0,100,0,0,0,0,0,0,0,0,0,0,100,0,0,0,0,0,0,0,0,0.025,0.975,0,0,1,0,0,0,0,1,0,0,0
26.667,11.495,0,0,1.0251,39.681,12.113,0,4.8052,4.214,0,4.2506,4.7371,3.8233,3.7892,2.0933,45.711,3.1458,14.023,4.7802,1.2666,12.38,9.3666,13.25,11.942,17.058,10.6,21.329,0,7.4352,5.8303,2.1639,1.0251,0.34483,0.58621,0.068966,0,0,0,0,1,0,0,0,0,1,0,0,0
15.866,14.277,0,0,0,58.954,3.6344,0,4.5606,2.7084,0,2.7084,6.7453,1.8522,1.8522,0,62.92,5.4168,5.4866,6.7453,2.7084,3.5643,4.4906,8.5275,10.712,12.494,8.265,46.459,0,1.7822,1.8522,2.7084,2.7084,0.016949,0.76271,0.22034,0,0,0,0,1,0,0,0,0,1,0,0,0
0,27.651,0,0,0,72.349,0,0,0,0,0,0,17.048,0,0,0,72.349,0,0,0,0,10.603,0,0,17.048,10.603,0,72.349,0,0,0,0,0,0.74242,0.21212,0.045455,0,0,0,0,1,0,0,0,0,1,0,0,0
0,0,33.333,0,0,66.667,0,0,0,0,0,0,0,0,0,0,66.667,33.333,0,0,0,0,0,33.333,0,0,0,66.667,0,0,0,0,0,0.75806,0.24194,0,0,0,0,0,1,0,0,0,0,1,0,0,0
0,42.84,6.3729,0,0,50.787,0,0,0,0,0,0,21.42,0,0,0,50.787,6.3729,0,0,0,21.42,0,6.3729,21.42,21.42,0,50.787,0,0,0,0,0,0,0.17143,0.82857,0,0,0,0,1,0,0,0,0,0.77143,0.22857,0,0
0,0,12.313,0,0,87.687,0,0,0,0,0,0,0,0,0,0,87.687,6.1566,0,0,0,6.1566,0,0,0,0,0,78.07,9.6168,0,0,6.1566,6.1566,0.89362,0.042553,0.06383,0,0,0,0,1,0,0,0,0,1,0,0,0
0,0,0,0,0,90.985,0,0,9.0151,0,0,0,0,0,9.0151,0,90.985,0,0,0,0,0,0,0,0,0,0,90.985,0,0,0,0,9.0151,0.95652,0.014493,0.028986,0,0,0,0,1,0,0,0,0,1,0,0,0
12.683,31.546,0,6.439,0,36.648,0,0,7.3209,5.3624,0,0,5.3624,13.76,8.582,0,42.633,3.2195,17.861,8.582,0,0,3.2195,8.582,22.964,12.683,0,33.429,0,8.582,0,10.54,0,0.31818,0.65909,0.022727,0,0,0,0,1,0,0,0,0,1,0,0,0
19.291,16.981,0,5.6125,3.4655,29.948,6.5648,0,4.6026,13.534,0,0,19.513,7.1157,13.534,0,20.504,3.4655,20.389,15.478,0,0,3.0994,16.634,6.9122,19.291,0,20.504,5.9786,17,3.4655,7.1157,0,0.47826,0.36957,0.15217,0,0,0,0,1,0,0,0,0,1,0,0,0
0,0,0,7.1604,5.1232,72.28,5.1232,0,5.1904,5.1232,0,0,17.407,7.1604,10.314,0,54.873,5.1232,5.1232,0,0,0,0,5.1232,0,0,0,54.873,12.284,10.246,5.1232,7.1604,5.1904,0,0,0.015873,0.31746,0.66667,0,0,1,0,0,0,0,1,0,0,0
0,0,0,0,5.2546,90.215,0,0,4.5307,0,0,0,0,0,9.7853,0,79.095,4.2022,6.918,0,0,0,0,0,0,0,6.918,79.095,4.2022,0,5.2546,0,4.5307,0,0,0.013514,0.094595,0.89189,0,0,1,0,0,0,0,1,0,0,0
0,6.4279,0,6.4279,13.407,59.499,7.1194,0,0,7.1194,0,0,14.239,6.4279,16.621,0,32.176,10.333,16.99,3.214,0,0,3.214,10.333,3.214,0,6.6565,35.389,7.1194,17.453,13.407,3.214,0,0,1,0,0,0,0,0,1,0,0,0,0,1,0,0,0
0,0,0,8.3171,0,91.683,0,0,0,0,0,0,8.3171,8.3171,0,0,52.718,15.324,15.324,0,0,0,0,0,0,0,15.324,52.718,23.641,0,0,8.3171,0,0.021277,0.91489,0.06383,0,0,0,0,1,0,0,0,0,1,0,0,0
0,0,33.333,0,0,66.667,0,0,0,0,0,0,0,0,33.333,0,66.667,0,0,0,0,0,33.333,0,0,0,0,66.667,0,0,0,0,0,0.52525,0.45455,0.020202,0,0,0,0,1,0,0,0,0,1,0,0,0
0,0,17.665,0,0,66.667,0,0,15.668,0,0,0,0,0,17.665,0,66.667,0,0,15.668,0,0,17.665,0,0,0,0,66.667,0,0,0,15.668,0,0,0.83333,0.16667,0,0,0,0,1,0,0,0,0,1,0,0,0
0,0,0,0,0,100,0,0,0,0,0,0,0,0,0,0,71.432,14.284,14.284,0,0,0,0,0,0,0,14.284,71.432,14.284,0,0,0,0,0,0,0.011905,0.11905,0.86905,0,0,1,0,0,0,0,1,0,0,0
0,0,0,0,0,100,0,0,0,0,0,0,0,0,0,0,93.401,6.5986,0,0,0,0,0,0,0,0,0,93.401,6.5986,0,0,0,0,0,0,0.011236,0.078652,0.91011,0,0,1,0,0,0,0,1,0,0,0
0,0,0,0,0,100,0,0,0,0,0,0,0,0,0,0,71.35,14.05,14.6,0,0,0,0,0,0,0,14.6,71.35,14.05,0,0,0,0,0.10309,0.26804,0.12371,0.19588,0.30928,0,0,1,0,0,0,0,1,0,0,0
0,0,0,0,0,100,0,0,0,0,0,0,0,0,0,0,100,0,0,0,0,0,0,0,0,0,0,100,0,0,0,0,0,0,0,0.010417,0.25,0.73958,0,0,1,0,0,0,0,1,0,0,0
0,0,0,0,0,100,0,0,0,0,0,0,0,0,0,0,100,0,0,0,0,0,0,0,0,0,0,100,0,0,0,0,0,0,0,0,0,1,0,0,1,0,0,0,0,1,0,0,0
12.848,17.684,0,11.26,0,44.7,0,0,13.508,0,0,0,0,11.26,5.6299,13.508,19.932,5.6299,31.986,12.054,0,0,5.6299,5.6299,12.054,12.848,0,12.054,27.017,5.6299,0,19.138,0,0,0.84076,0.15924,0,0,0,0,1,0,0,0,0,1,0,0,0
0,0,0,0,0,0,0,0,0,0,0,0,0,0,0,0,0,0,0,0,0,0,0,0,0,0,0,0,0,0,0,0,0,0,0.97638,0.023622,0,0,0,0,1,0,0,0,0,1,0,0,0
0,0,0,0,33.333,33.333,0,0,0,33.333,0,0,0,0,33.333,0,0,66.667,0,0,0,0,0,0,0,0,0,0,33.333,33.333,0,33.333,0,0,0.96183,0.038168,0,0,0,0,1,0,0,0,0,1,0,0,0
14.123,14.123,0,0,5.9277,51.704,0,0,14.123,0,0,0,0,14.123,0,5.9277,45.776,5.9277,28.245,0,0,0,0,0,14.123,14.123,0,28.816,22.888,5.9277,0,14.123,0,0,1,0,0,0,0,0,1,0,0,0,0,1,0,0,0
0,0,0,0,11.173,70.391,0,0,18.436,0,0,0,0,0,0,29.609,40.782,11.173,18.436,0,0,0,0,0,0,0,0,22.345,48.045,11.173,0,18.436,0,0.024096,0.9759,0,0,0,0,0,1,0,0,0,0,1,0,0,0
0,0,0,0,8.3207,48.192,0,0,7.7433,35.744,0,0,0,7.7433,7.7433,8.3207,24.385,51.808,0,0,0,0,0,0,0,0,0,32.128,16.064,8.3207,0,43.487,0,0,1,0,0,0,0,0,1,0,0,0,0,1,0,0,0
0,0,0,0,11.45,64.648,0,0,12.451,11.45,0,0,0,6.0315,17.482,6.4198,34.715,28.932,6.4198,0,0,0,0,0,0,0,0,23.195,41.453,11.45,0,23.902,0,0,0.9726,0.027397,0,0,0,0,1,0,0,0,0,1,0,0,0
0,35.127,8.4866,0,0,56.386,0,0,0,0,0,0,17.564,0,8.4866,0,56.386,0,0,0,0,17.564,8.4866,0,17.564,17.564,0,56.386,0,0,0,0,0,0,1,0,0,0,0,0,1,0,0,0,0,1,0,0,0
0,5.2805,39.141,0,0,33.07,0,0,22.509,0,0,0,0,0,39.141,0,33.07,0,0,22.509,0,5.2805,39.141,0,0,5.2805,0,33.07,0,0,0,22.509,0,0,0.82353,0.17647,0,0,0,0,1,0,0,0,0,1,0,0,0
0,14.918,0,0,0,85.082,0,0,0,0,0,0,5.5317,0,0,0,85.082,0,0,0,0,9.3866,0,0,5.5317,9.3866,0,85.082,0,0,0,0,0,0,0.91549,0.084507,0,0,0,0,1,0,0,0,0,0.97183,0.028169,0,0
0,0,0,0,0,100,0,0,0,0,0,0,0,0,0,0,100,0,0,0,0,0,0,0,0,0,0,100,0,0,0,0,0,0,0.98333,0.016667,0,0,0,0,1,0,0,0,0,1,0,0,0
0,0,0,0,0,74.655,0,0,25.345,0,0,0,0,0,0,0,74.655,0,0,25.345,0,0,0,0,0,0,0,74.655,0,0,0,25.345,0,0,0.20732,0.02439,0.20732,0.56098,0,0,1,0,0,0,0,1,0,0,0
0,0,0,0,0,90.569,0,0,9.4311,0,0,0,0,0,0,0,90.569,0,0,9.4311,0,0,0,0,0,0,0,90.569,0,0,0,9.4311,0,0,0,0,0.19318,0.80682,0,0,1,0,0,0,0,1,0,0,0
0,0,0,0,0,89.738,0,0,10.262,0,0,0,0,0,0,0,89.738,0,0,10.262,0,0,0,0,0,0,0,89.738,0,0,0,10.262,0,0,0.20988,0.012346,0.30864,0.46914,0,0,1,0,0,0,0,1,0,0,0
0,0,0,0,0,100,0,0,0,0,0,0,0,0,0,0,100,0,0,0,0,0,0,0,0,0,0,100,0,0,0,0,0,0,0,0,0.11628,0.88372,0,0,1,0,0,0,0,1,0,0,0
0,0,0,0,0,100,0,0,0,0,0,0,0,0,0,0,100,0,0,0,0,0,0,0,0,0,0,100,0,0,0,0,0,0,0,0,0.23469,0.76531,0,0,1,0,0,0,0,1,0,0,0
0,0,0,0,0,100,0,0,0,0,0,0,0,0,0,0,100,0,0,0,0,0,0,0,0,0,0,100,0,0,0,0,0,0,0,0.044944,0.1236,0.83146,0,0,1,0,0,0,0,1,0,0,0
0,0,0,0,0,100,0,0,0,0,0,0,0,0,0,0,100,0,0,0,0,0,0,0,0,0,0,100,0,0,0,0,0,0,0,0,0.095745,0.90426,0,0,1,0,0,0,0,1,0,0,0
0,0,0,0,0,100,0,0,0,0,0,0,0,0,0,0,100,0,0,0,0,0,0,0,0,0,0,100,0,0,0,0,0,0,0,0.090909,0.125,0.78409,0,0,1,0,0,0,0,1,0,0,0
0,0,0,0,0,100,0,0,0,0,0,0,0,0,0,0,100,0,0,0,0,0,0,0,0,0,0,100,0,0,0,0,0,0,0,0,0.049383,0.95062,0,0,1,0,0,0,0,1,0,0,0
0,0,0,0,0,100,0,0,0,0,0,0,0,0,0,0,100,0,0,0,0,0,0,0,0,0,0,100,0,0,0,0,0,0,0,0.057143,0.12857,0.81429,0,0,1,0,0,0,0,1,0,0,0
0,0,0,0,0,100,0,0,0,0,0,0,0,0,0,0,100,0,0,0,0,0,0,0,0,0,0,100,0,0,0,0,0,0,0,0.02439,0.2561,0.71951,0,0,1,0,0,0,0,1,0,0,0
0,0,0,0,0,100,0,0,0,0,0,0,0,0,0,0,100,0,0,0,0,0,0,0,0,0,0,100,0,0,0,0,0,0,0,0,0.24324,0.75676,0,0,1,0,0,0,0,1,0,0,0
33.54,13.216,0,0,0,41.058,4.6398,0,4.7773,2.7683,0,8.004,6.1266,3.8935,11.014,1.8845,43.153,1.7676,15.654,6.1266,0.88379,1.4926,8.7503,13.993,15.342,16.089,12.564,24.969,0,0.74628,3.8935,2.7683,0.88379,0.68966,0.31034,0,0,0,0,0,1,0,0,0,0,1,0,0,0
0,0,0,0,0,100,0,0,0,0,0,0,0,0,0,0,100,0,0,0,0,0,0,0,0,0,0,100,0,0,0,0,0,0,0,0,0,1,0,0,1,0,0,0,0,1,0,0,0
5.8758,5.8758,0,0,0,88.248,0,0,0,0,0,0,0,0,0,0,88.248,0,5.8758,0,5.8758,0,0,5.8758,0,0,5.8758,82.373,0,5.8758,0,0,0,0.013333,0.53333,0.45333,0,0,0,0,1,0,0,0,0,0.84,0.16,0,0
7.7203,12.108,0,0,0,80.172,0,0,0,0,0,0,4.3876,0,0,0,84.559,0,3.3327,4.3876,3.3327,0,0,7.7203,8.7752,8.7752,3.3327,68.064,0,3.3327,0,0,0,0.018868,0.90566,0.075472,0,0,0,0,1,0,0,0,0,0.98113,0.018868,0,0
0,0,0,0,0,100,0,0,0,0,0,0,0,0,0,0,100,0,0,0,0,0,0,0,0,0,0,100,0,0,0,0,0,0,0.96875,0.03125,0,0,0,0,1,0,0,0,0,1,0,0,0
0,4.4297,64.373,0,0,31.197,0,0,0,0,0,0,4.4297,0,0,0,31.197,64.373,0,0,0,0,0,64.373,4.4297,0,0,31.197,0,0,0,0,0,0,0.93103,0.068966,0,0,0,0,1,0,0,0,0,0.98276,0.017241,0,0
0,8.1706,10.307,0,0,81.523,0,0,0,0,0,0,8.1706,0,0,0,81.523,10.307,0,0,0,0,0,10.307,8.1706,0,0,81.523,0,0,0,0,0,0,0.32394,0.67606,0,0,0,0,1,0,0,0,0,0.74648,0.25352,0,0
0,0,0,0,0,100,0,0,0,0,0,0,0,0,0,0,100,0,0,0,0,0,0,0,0,0,0,100,0,0,0,0,0,0,0.88991,0.11009,0,0,0,0,1,0,0,0,0,0.99083,0.0091743,0,0
0,0,0,0,0,56.825,0,0,43.175,0,0,0,18.175,6.825,6.825,0,24.043,25.957,0,9.5661,8.6089,0,0,0,0,0,0,50,6.825,0,0,43.175,0,0,0.75806,0.24194,0,0,0,0,1,0,0,0,0,1,0,0,0
0,0,0,0,0,100,0,0,0,0,0,0,0,0,0,0,100,0,0,0,0,0,0,0,0,0,0,100,0,0,0,0,0,0.015385,0.98462,0,0,0,0,0,1,0,0,0,0,1,0,0,0
0,0,0,0,0,47.503,0,0,52.497,0,0,0,21.579,7.856,0,0,26.977,20.527,0,13.177,9.8844,0,0,0,0,0,0,47.503,0,0,0,52.497,0,0,0.83186,0.16814,0,0,0,0,1,0,0,0,0,1,0,0,0
0,0,0,0,0,50.781,0,0,49.219,0,0,0,12.105,16.73,8.4501,0,26.823,15.508,0,8.2796,12.105,0,0,0,0,0,0,42.331,8.4501,0,0,49.219,0,0.030769,0.95385,0.015385,0,0,0,0,1,0,0,0,0,1,0,0,0
0,0,0,0,15.095,47.813,0,0,27.454,9.6388,0,0,8.0792,5.6479,9.6388,5.4558,16.56,40.892,0,13.727,0,0,0,0,0,0,0,32.718,15.095,15.095,0,37.093,0,0,1,0,0,0,0,0,1,0,0,0,0,1,0,0,0
0,0,0,0,0,58.073,0,0,41.927,0,0,0,25,0,0,0,43.534,14.54,0,7.2699,9.6568,0,0,0,0,0,0,58.073,0,0,0,41.927,0,0.035714,0.92857,0.035714,0,0,0,0,1,0,0,0,0,1,0,0,0
0,0,0,0,0,100,0,0,0,0,0,0,0,0,0,0,100,0,0,0,0,0,0,0,0,0,0,100,0,0,0,0,0,0,0.8871,0.1129,0,0,0,0,1,0,0,0,0,0.98387,0.016129,0,0
0,0,0,0,0,100,0,0,0,0,0,0,0,0,0,0,100,0,0,0,0,0,0,0,0,0,0,100,0,0,0,0,0,0,0.92593,0.074074,0,0,0,0,1,0,0,0,0,1,0,0,0
0,0,0,0,0,100,0,0,0,0,0,0,0,0,0,0,100,0,0,0,0,0,0,0,0,0,0,100,0,0,0,0,0,0,1,0,0,0,0,0,1,0,0,0,0,1,0,0,0
0,0,0,0,0,100,0,0,0,0,0,0,0,0,0,0,100,0,0,0,0,0,0,0,0,0,0,100,0,0,0,0,0,0,0.87234,0.12766,0,0,0,0,1,0,0,0,0,1,0,0,0
0,0,0,0,0,100,0,0,0,0,0,0,0,0,0,0,92.109,7.8907,0,0,0,0,0,0,0,0,0,100,0,0,0,0,0,0,0.19753,0.098765,0.22222,0.48148,0,0,1,0,0,0,0,1,0,0,0
0,0,0,0,0,100,0,0,0,0,0,0,0,0,0,0,96.546,3.4541,0,0,0,0,0,0,0,0,0,100,0,0,0,0,0,0,0,0,0.077922,0.92208,0,0,1,0,0,0,0,1,0,0,0
0,0,0,0,0,100,0,0,0,0,0,0,0,0,0,0,87.373,12.627,0,0,0,0,0,0,0,0,0,79.704,20.296,0,0,0,0,0,0.10714,0.16071,0.16071,0.57143,0,0,1,0,0,0,0,1,0,0,0
0,0,0,0,0,100,0,0,0,0,0,0,0,0,0,0,95.677,4.3226,0,0,0,0,0,0,0,0,0,89.681,10.319,0,0,0,0,0,0,0,0.09375,0.90625,0,0,1,0,0,0,0,1,0,0,0
0,0,0,0,0,91.408,0,0,8.5921,0,0,0,8.5921,0,0,0,91.408,0,0,0,0,0,0,0,0,0,0,91.408,0,0,0,8.5921,0,0,0.92308,0.076923,0,0,0,0,1,0,0,0,0,1,0,0,0
0,0,0,0,0,74.608,0,0,25.392,0,0,0,12.696,0,0,0,67.44,7.1677,0,0,12.696,0,0,0,0,0,0,74.608,0,0,0,25.392,0,0,0.7973,0.2027,0,0,0,0,1,0,0,0,0,0.98649,0.013514,0,0
0,0,0,0,0,75,0,0,25,0,0,0,25,0,0,0,75,0,0,0,0,0,0,0,0,0,0,75,0,0,0,25,0,0,0.93333,0.066667,0,0,0,0,1,0,0,0,0,0.93333,0.066667,0,0
0,0,0,0,0,100,0,0,0,0,0,0,0,0,0,0,70.326,29.674,0,0,0,0,0,0,0,0,0,75.207,24.793,0,0,0,0,0,0,0.043478,0.17391,0.78261,0,0,1,0,0,0,0,1,0,0,0
0,0,0,0,0,100,0,0,0,0,0,0,0,0,0,0,100,0,0,0,0,0,0,0,0,0,0,100,0,0,0,0,0,0,0,0,0.29114,0.70886,0,0,1,0,0,0,0,1,0,0,0
0,0,0,0,0,100,0,0,0,0,0,0,0,0,0,0,100,0,0,0,0,0,0,0,0,0,0,100,0,0,0,0,0,0,0,0.028986,0.31884,0.65217,0,0,1,0,0,0,0,1,0,0,0
0,0,0,0,0,100,0,0,0,0,0,0,0,0,0,0,100,0,0,0,0,0,0,0,0,0,0,100,0,0,0,0,0,0,0,0.015625,0.29688,0.6875,0,0,1,0,0,0,0,1,0,0,0
0,0,0,0,0,100,0,0,0,0,0,0,0,0,0,0,100,0,0,0,0,0,0,0,0,0,0,100,0,0,0,0,0,0,0,0.074074,0.2037,0.72222,0,0,1,0,0,0,0,1,0,0,0
0,0,24.902,0,0,65.656,0,0,4.7769,2.3325,2.3325,2.3325,2.4444,0,7.1094,0,48.087,15.125,17.681,0,2.4444,4.7769,2.3325,7.3333,0,0,0,45.171,20.485,2.3325,0,20.014,2.3325,0.82609,0.17391,0,0,0,0,0,1,0,0,0,0,1,0,0,0
11.335,3.0182,2.6859,2.3896,12.296,8.3994,23.872,25.98,0.67,5.2417,4.1119,10.071,0,2.3896,1.34,17.114,41.93,6.0436,8.2211,0,3.1915,9.6991,5.8376,20.147,17.788,34.909,5.2875,6.3033,0,6.2913,2.096,0.67,0.67,0,0.40426,0.59574,0,0,0,0,1,0,0,0,0,1,0,0,1
12.507,11.199,5.6304,2.554,5.9222,5.5023,17.139,27.822,0,4.9137,6.8102,11.637,0,11.199,0,7.4677,31.768,12.689,11.918,0,1.6841,11.637,14.275,17.183,20.131,32.576,7.1864,0,0,7.4677,1.1798,0,0,0.035714,0.89286,0.071429,0,0,0,0,1,0,0,0,0,1,0,0,1
8.3805,8.4203,0,7.9649,19.946,3.7494,15.105,8.8607,10.978,11.485,5.1103,5.5096,1.7602,10.768,9.8059,28.286,18.455,6.3236,13.582,0,0,5.5096,4.5634,11.087,8.445,24.636,3.7494,0,0,28.325,7.6284,7.4581,4.108,0,0.41176,0.58824,0,0,0,0,1,0,0,0,0,1,0,0,1
3.3501,3.3501,0,4.6931,10.791,6.0893,19.628,7.4324,13.539,26.381,4.7462,7.4409,6.0978,4.6931,2.6861,23.634,13.53,21.688,12.789,0,0,7.4409,6.0978,10.791,8.7754,12.789,6.0893,0,0,22.29,24.383,1.3431,7.4409,0.066667,0.66667,0.26667,0,0,0,0,1,0,0,0,0,1,0,0,1
0,0,0,9.6877,0,90.312,0,0,0,0,0,0,0,9.6877,0,0,90.312,0,0,0,0,0,0,0,0,0,0,90.312,0,0,0,0,9.6877,0,0,0,0.15556,0.84444,0,0,1,0,0,0,0,1,0,0,0
0,0,0,0,0,100,0,0,0,0,0,0,0,0,0,0,100,0,0,0,0,0,0,0,0,0,0,100,0,0,0,0,0,0,0,0.15152,0.30303,0.54545,0,0,1,0,0,0,0,1,0,0,0
0,0,0,0,0,100,0,0,0,0,0,0,0,0,0,0,100,0,0,0,0,0,0,0,0,0,0,100,0,0,0,0,0,0,0,0.2,0.4,0.4,0,0,1,0,0,0,0,1,0,0,0
0,0,0,0,0,100,0,0,0,0,0,0,0,0,0,0,100,0,0,0,0,0,0,0,0,0,0,100,0,0,0,0,0,0,0,0.14286,0.17143,0.68571,0,0,1,0,0,0,0,1,0,0,0
0,0,0,0,0,100,0,0,0,0,0,0,0,0,0,0,100,0,0,0,0,0,0,0,0,0,0,100,0,0,0,0,0,0,0,0.10909,0.27273,0.61818,0,0,1,0,0,0,0,1,0,0,0
0,0,0,0,0,100,0,0,0,0,0,0,0,0,0,0,100,0,0,0,0,0,0,0,0,0,0,100,0,0,0,0,0,0,0,0.027778,0.58333,0.38889,0,0,1,0,0,0,0,1,0,0,0
0,0,0,0,0,100,0,0,0,0,0,0,0,0,0,0,100,0,0,0,0,0,0,0,0,0,0,100,0,0,0,0,0,0,0,0.058824,0.44118,0.5,0,0,1,0,0,0,0,1,0,0,0
0,0,0,0,0,100,0,0,0,0,0,0,0,0,0,0,100,0,0,0,0,0,0,0,0,0,0,100,0,0,0,0,0,0,0,0.24138,0.17241,0.58621,0,0,1,0,0,0,0,1,0,0,0
0,0,0,0,0,100,0,0,0,0,0,0,0,0,0,0,100,0,0,0,0,0,0,0,0,0,0,100,0,0,0,0,0,0,0,0,0.21154,0.78846,0,0,1,0,0,0,0,1,0,0,0
0,0,0,0,0,100,0,0,0,0,0,0,0,0,0,0,100,0,0,0,0,0,0,0,0,0,0,100,0,0,0,0,0,0,0,0,0.24074,0.75926,0,0,1,0,0,0,0,1,0,0,0
0,0,0,0,0,100,0,0,0,0,0,0,0,0,0,0,100,0,0,0,0,0,0,0,0,0,0,100,0,0,0,0,0,0,0,0.057143,0.34286,0.6,0,0,1,0,0,0,0,1,0,0,0
0,0,0,0,0,100,0,0,0,0,0,0,0,0,0,0,100,0,0,0,0,0,0,0,0,0,0,100,0,0,0,0,0,0,0,0.16129,0.22581,0.6129,0,0,1,0,0,0,0,1,0,0,0
0,0,0,0,0,100,0,0,0,0,0,0,0,0,0,0,100,0,0,0,0,0,0,0,0,0,0,100,0,0,0,0,0,0,0,0.32432,0.27027,0.40541,0,0,1,0,0,0,0,1,0,0,0
0,0,0,0,0,100,0,0,0,0,0,0,0,0,0,0,92.984,7.0155,0,0,0,0,0,0,0,0,0,78.359,21.641,0,0,0,0,0,0.59375,0.03125,0.28125,0.09375,0,0,1,0,0,0,0,1,0,0,0
0,0,0,0,0,100,0,0,0,0,0,0,0,0,0,0,100,0,0,0,0,0,0,0,0,0,0,100,0,0,0,0,0,0,0,0.064516,0.32258,0.6129,0,0,1,0,0,0,0,1,0,0,0
